Current Evaluation = 180(180)
Front Size = 10
12 16 2 1 2 7 5 31 3 0 2 7 0 2 7 0 2 7 0 2 7 0 2 7 0 2 7 5 30 3 0 2 7 0 2 7 1 2 7 13 6 3 1 2 7 1 2 7 1 2 7 0 2 7 17 18 2 17 9 2 0 20.2646257877349854
12 16 2 0 2 4 0 2 11 1 2 7 0 2 7 0 2 7 0 2 7 1 2 7 1 2 3 0 2 4 5 30 3 5 30 3 1 2 3 0 2 3 0 2 11 0 2 7 1 2 11 16 31 2 0 2 7 17 9 2 0 20.9464489221572876
12 16 2 1 2 7 16 9 11 1 2 3 5 31 3 0 2 7 16 6 2 12 16 2 0 2 7 0 2 7 0 2 3 0 2 7 1 2 3 0 2 3 0 2 3 0 2 7 1 2 6 0 2 7 5 30 3 0 2 7 0 21.3288018107414246
0 2 10 0 2 7 0 2 10 0 2 7 16 18 11 1 2 7 1 2 7 1 2 10 17 18 2 0 2 10 12 16 2 0 2 10 0 2 11 5 30 3 5 31 3 12 16 2 0 2 4 0 2 7 12 16 2 0 2 7 0 21.4805428385734558
1 2 1 0 2 12 0 2 7 0 2 7 8 9 2 16 19 11 1 2 3 0 2 7 0 2 7 17 18 2 5 30 3 0 2 3 12 16 2 1 2 7 5 30 3 1 2 11 0 2 3 0 2 3 0 2 3 0 2 8 0 21.8742018938064575
12 16 2 0 2 11 0 2 11 0 2 3 16 19 11 5 30 3 0 2 11 0 2 11 5 30 3 5 30 3 0 2 8 0 2 3 16 6 2 0 2 11 12 16 2 0 2 3 0 2 8 0 2 8 6 2 3 8 18 2 0 22.4956011772155762
8 9 2 0 2 8 12 16 2 0 2 7 0 2 8 5 31 3 16 6 2 0 2 8 0 2 7 0 2 11 0 2 8 12 16 2 6 2 8 16 19 11 5 30 3 5 30 3 0 2 8 0 2 8 0 2 8 0 2 7 0 22.5684802532196045
0 2 11 5 30 3 5 30 3 12 16 2 5 30 3 1 2 7 0 2 7 0 2 7 0 2 11 0 2 7 0 2 7 12 16 2 17 9 2 0 2 11 0 2 7 0 2 7 16 19 11 13 6 3 0 2 11 0 2 7 0 21.3454548120498657
0 2 11 0 2 11 0 2 8 5 30 3 0 2 8 0 2 12 6 2 8 0 2 8 5 30 3 6 2 11 16 19 11 16 19 11 5 30 3 13 6 3 0 2 11 0 2 11 6 2 8 0 2 11 0 2 11 5 30 3 0.00561849600859666131 22.3731364011764526
12 16 2 0 2 7 0 2 4 0 2 7 0 2 7 0 2 7 1 2 11 1 2 7 0 2 7 12 16 2 12 16 2 5 31 3 16 18 11 0 2 3 1 2 7 1 2 7 0 2 7 0 2 7 5 30 3 16 31 2 0 21.1011016964912415

Current Evaluation = 360(360)
Front Size = 10
0 2 7 1 2 7 5 31 3 1 2 7 17 18 2 12 16 2 5 30 3 17 9 2 0 2 7 0 2 7 0 2 7 13 6 3 1 2 7 0 2 7 0 2 7 0 2 7 1 2 7 1 2 7 0 2 7 0 2 7 0 20.2646257877349854
0 2 7 1 2 11 0 2 7 0 2 7 0 2 7 0 2 7 5 30 3 5 30 3 0 2 7 1 2 11 17 18 2 0 2 7 0 2 11 17 18 2 0 2 4 1 2 11 1 2 7 8 9 2 1 2 4 1 2 3 0 20.8198407888412476
12 16 2 0 2 7 12 16 2 5 30 3 0 2 7 5 30 3 12 16 2 0 2 7 0 2 7 13 6 3 15 2 11 16 6 2 0 2 7 16 31 2 12 16 2 0 2 7 12 16 2 1 2 11 0 2 4 0 2 7 0 20.8549114465713501
12 16 2 0 2 11 5 30 3 16 6 2 0 2 7 0 2 3 0 2 7 0 2 4 1 2 11 0 2 11 5 30 3 1 2 11 1 2 3 1 2 3 0 2 11 0 2 7 0 2 3 0 2 7 17 9 2 8 18 2 0 21.3245519399642944
0 2 10 0 2 7 0 2 10 0 2 7 16 18 11 1 2 7 1 2 7 1 2 10 17 18 2 0 2 10 12 16 2 0 2 10 0 2 11 5 30 3 5 31 3 12 16 2 0 2 4 0 2 7 12 16 2 0 2 7 0 21.4805428385734558
12 16 2 0 2 8 5 31 3 16 6 2 0 2 11 12 16 2 5 30 3 0 2 7 8 9 2 0 2 11 0 2 8 0 2 7 0 2 11 1 2 8 0 2 8 0 2 11 5 30 3 0 2 8 0 2 7 16 6 2 0 22.0625371932983398
12 16 2 0 2 3 5 30 3 16 6 2 12 16 2 0 2 11 0 2 11 16 19 11 6 2 7 5 31 3 13 6 3 1 2 7 0 2 8 0 2 3 0 2 7 12 16 2 0 2 8 0 2 8 6 2 3 0 2 4 0.00173691520452179502 21.5539800524711609
0 2 11 0 2 11 0 2 8 5 30 3 0 2 8 0 2 12 6 2 8 0 2 8 5 30 3 6 2 11 16 19 11 16 19 11 5 30 3 13 6 3 0 2 11 0 2 11 6 2 8 0 2 11 0 2 11 5 30 3 0.00561849600859666131 22.3731364011764526
1 2 7 0 2 7 0 2 7 17 9 2 0 2 7 0 2 7 0 2 4 13 6 3 1 2 7 1 2 3 5 31 3 5 30 3 12 16 2 12 16 2 16 6 2 0 2 4 0 2 7 6 2 7 0 2 3 12 16 2 0 20.5632757544517517
5 30 3 5 30 3 0 2 11 0 2 7 16 19 11 8 18 2 0 2 3 0 2 3 0 2 11 0 2 8 0 2 11 12 16 2 0 2 7 0 2 3 0 2 11 16 6 2 6 2 3 8 9 2 0 2 8 5 30 3 0.00399918920266355889 22.1472561359405518

Current Evaluation = 540(540)
Front Size = 10
1 2 7 0 2 7 0 2 7 17 9 2 0 2 7 0 2 7 13 6 3 1 2 7 5 31 3 5 30 3 12 16 2 0 2 7 0 2 7 1 2 7 0 2 7 1 2 7 1 2 7 0 2 7 17 18 2 0 2 7 0 20.2646257877349854
1 2 7 0 2 7 0 2 7 17 9 2 0 2 7 0 2 7 0 2 4 13 6 3 1 2 7 1 2 3 5 31 3 5 30 3 12 16 2 12 16 2 16 6 2 0 2 4 0 2 7 6 2 7 0 2 3 12 16 2 0 20.5632757544517517
0 2 7 1 2 11 0 2 7 0 2 7 0 2 7 0 2 7 5 30 3 5 30 3 0 2 7 1 2 11 17 18 2 0 2 7 0 2 11 17 18 2 0 2 4 1 2 11 1 2 7 8 9 2 1 2 4 1 2 3 0 20.8198407888412476
12 16 2 0 2 7 12 16 2 5 30 3 0 2 7 5 30 3 12 16 2 0 2 7 0 2 7 13 6 3 15 2 11 16 6 2 0 2 7 16 31 2 12 16 2 0 2 7 12 16 2 1 2 11 0 2 4 0 2 7 0 20.8549114465713501
6 2 4 5 31 3 0 2 7 0 2 7 0 2 3 0 2 7 0 2 7 0 2 7 0 2 3 1 2 7 12 16 2 0 2 3 16 6 2 12 16 2 0 2 3 1 2 7 0 2 7 1 2 7 16 6 2 5 31 3 0 20.8941568732261658
12 16 2 0 2 11 5 30 3 16 6 2 0 2 7 0 2 3 0 2 7 0 2 4 1 2 11 0 2 11 5 30 3 1 2 11 1 2 3 1 2 3 0 2 11 0 2 7 0 2 3 0 2 7 17 9 2 8 18 2 0 21.3245519399642944
0 2 10 0 2 7 0 2 10 0 2 7 16 18 11 1 2 7 1 2 7 1 2 10 17 18 2 0 2 10 12 16 2 0 2 10 0 2 11 5 30 3 5 31 3 12 16 2 0 2 4 0 2 7 12 16 2 0 2 7 0 21.4805428385734558
0 2 7 0 2 7 0 2 7 0 2 3 0 2 7 0 2 11 1 2 7 12 16 2 0 2 7 12 16 2 5 30 3 5 31 3 0 2 7 6 2 3 16 19 11 0 2 7 16 19 11 0 2 11 0 2 11 5 30 3 0 21.9761247634887695
12 16 2 0 2 8 5 31 3 16 6 2 0 2 11 12 16 2 5 30 3 0 2 7 8 9 2 0 2 11 0 2 8 0 2 7 0 2 11 1 2 8 0 2 8 0 2 11 5 30 3 0 2 8 0 2 7 16 6 2 0 22.0625371932983398
0 2 3 5 30 3 5 30 3 0 2 3 0 2 3 0 2 3 0 2 7 0 2 7 16 19 11 0 2 3 16 19 11 0 2 7 12 16 2 0 2 3 0 2 11 0 2 3 1 2 11 1 2 7 0 2 7 5 30 3 0 22.1521546840667725

Current Evaluation = 720(720)
Front Size = 10
1 2 7 0 2 7 0 2 7 0 2 7 0 2 7 0 2 7 1 2 7 12 16 2 5 30 3 1 2 7 5 31 3 0 2 7 13 6 3 1 2 7 0 2 7 17 18 2 1 2 7 0 2 7 17 18 2 0 2 7 0 20.2646257877349854
12 16 2 0 2 7 12 16 2 1 2 7 0 2 7 0 2 3 16 31 2 0 2 4 17 9 2 0 2 7 5 30 3 12 16 2 13 6 3 1 2 7 5 30 3 1 2 7 0 2 7 1 2 4 0 2 7 0 2 7 0 20.4516056776046753
0 2 7 1 2 11 0 2 7 0 2 7 0 2 7 0 2 7 5 30 3 5 30 3 0 2 7 1 2 11 17 18 2 0 2 7 0 2 11 17 18 2 0 2 4 1 2 11 1 2 7 8 9 2 1 2 4 1 2 3 0 20.8198407888412476
6 2 4 5 31 3 0 2 7 0 2 7 0 2 3 0 2 7 0 2 7 0 2 7 0 2 3 1 2 7 12 16 2 0 2 3 16 6 2 12 16 2 0 2 3 1 2 7 0 2 7 1 2 7 16 6 2 5 31 3 0 20.8941568732261658
0 2 10 0 2 7 0 2 10 0 2 7 16 18 11 1 2 7 1 2 7 1 2 10 17 18 2 0 2 10 12 16 2 0 2 10 0 2 11 5 30 3 5 31 3 12 16 2 0 2 4 0 2 7 12 16 2 0 2 7 0 21.4805428385734558
12 16 2 0 2 8 5 31 3 16 6 2 0 2 11 12 16 2 5 30 3 0 2 7 8 9 2 0 2 11 0 2 8 0 2 7 0 2 11 1 2 8 0 2 8 0 2 11 5 30 3 0 2 8 0 2 7 16 6 2 0 22.0625371932983398
0 2 3 5 30 3 5 30 3 0 2 3 0 2 3 0 2 3 0 2 7 0 2 7 16 19 11 0 2 3 16 19 11 0 2 7 12 16 2 0 2 3 0 2 11 0 2 3 1 2 11 1 2 7 0 2 7 5 30 3 0 22.1521546840667725
1 2 7 5 30 3 0 2 7 0 2 7 1 2 4 1 2 7 5 30 3 1 2 7 0 2 3 0 2 11 0 2 3 1 2 7 17 18 2 0 2 11 17 18 2 8 18 2 0 2 7 0 2 4 12 16 2 0 2 7 0 20.9389909505844116
5 30 3 1 2 11 1 2 7 0 2 7 0 2 7 0 2 7 0 2 11 0 2 7 12 16 2 1 2 11 8 9 2 6 2 7 0 2 3 1 2 3 0 2 3 17 18 2 0 2 4 13 6 3 0 2 3 16 30 2 0.0188507205902993698 20.4428820013999939
12 16 2 0 2 7 5 30 3 0 2 7 0 2 7 0 2 7 13 6 3 0 2 7 0 2 7 0 2 7 12 16 2 17 18 2 12 16 2 17 18 2 16 6 2 16 31 2 12 16 2 1 2 7 1 2 11 0 2 4 0.463841319914109762 20.1605675220489502

Current Evaluation = 900(900)
Front Size = 10
5 30 3 0 2 7 0 2 7 1 2 7 0 2 7 0 2 7 0 2 7 0 2 7 0 2 7 17 18 2 5 31 3 1 2 7 13 6 3 17 18 2 12 16 2 1 2 7 1 2 7 0 2 7 0 2 7 1 2 7 0 20.2646257877349854
0 2 4 12 16 2 5 30 3 1 2 7 0 2 7 17 9 2 1 2 7 13 6 3 0 2 7 0 2 7 0 2 7 5 30 3 1 2 7 1 2 4 0 2 7 12 16 2 12 16 2 0 2 3 0 2 7 16 31 2 0 20.4516056776046753
5 30 3 0 2 7 0 2 7 1 2 4 0 2 7 0 2 7 0 2 7 0 2 4 1 2 7 17 18 2 0 2 7 17 9 2 1 2 4 0 2 7 0 2 7 5 31 3 0 2 7 1 2 3 1 2 11 6 2 1 0 20.7193598747253418
0 2 4 12 16 2 5 30 3 0 2 7 17 9 2 13 6 3 0 2 7 5 30 3 1 2 4 12 16 2 0 2 3 0 2 4 0 2 11 6 2 7 0 2 11 0 2 3 1 2 3 1 2 11 17 9 2 1 2 11 0 20.9268378615379333
0 2 7 0 2 7 5 31 3 6 2 7 0 2 8 5 30 3 1 2 7 0 2 7 5 31 3 16 6 2 0 2 8 17 9 2 0 2 7 6 2 3 1 2 3 1 2 7 0 2 7 0 2 7 0 2 7 0 2 7 0 21.0271360278129578
0 2 10 0 2 7 0 2 10 0 2 7 16 18 11 1 2 7 1 2 7 1 2 10 17 18 2 0 2 10 12 16 2 0 2 10 0 2 11 5 30 3 5 31 3 12 16 2 0 2 4 0 2 7 12 16 2 0 2 7 0 21.4805428385734558
12 16 2 0 2 8 5 31 3 16 6 2 0 2 11 12 16 2 5 30 3 0 2 7 8 9 2 0 2 11 0 2 8 0 2 7 0 2 11 1 2 8 0 2 8 0 2 11 5 30 3 0 2 8 0 2 7 16 6 2 0 22.0625371932983398
0 2 3 5 30 3 5 30 3 0 2 3 0 2 3 0 2 3 0 2 7 0 2 7 16 19 11 0 2 3 16 19 11 0 2 7 12 16 2 0 2 3 0 2 11 0 2 3 1 2 11 1 2 7 0 2 7 5 30 3 0 22.1521546840667725
12 16 2 5 31 3 5 30 3 0 2 7 0 2 7 5 30 3 0 2 7 17 9 2 1 2 7 1 2 11 12 16 2 8 9 2 0 2 7 0 2 7 6 2 7 1 2 8 0 2 8 0 2 11 0 2 12 17 18 2 0.00657690439622474199 21.685955822467804
1 2 7 5 30 3 0 2 7 0 2 7 1 2 4 5 30 3 0 2 11 17 18 2 17 18 2 0 2 7 0 2 4 0 2 7 1 2 11 0 2 7 1 2 3 0 2 7 0 2 7 1 2 11 1 2 11 8 9 2 0 20.8198407888412476

Current Evaluation = 1080(1080)
Front Size = 10
1 2 7 0 2 7 5 30 3 0 2 7 17 9 2 13 6 3 0 2 7 5 31 3 1 2 7 12 16 2 0 2 7 0 2 7 0 2 7 1 2 7 0 2 7 0 2 7 1 2 7 1 2 7 17 9 2 0 2 7 0 20.2646257877349854
5 30 3 1 2 3 0 2 7 12 16 2 1 2 7 0 2 7 1 2 4 0 2 7 0 2 4 12 16 2 0 2 7 0 2 7 5 30 3 1 2 7 12 16 2 0 2 7 0 2 7 16 31 2 17 18 2 13 6 3 0 20.4516056776046753
0 2 7 0 2 7 5 30 3 0 2 4 5 31 3 0 2 7 0 2 7 0 2 4 1 2 7 1 2 7 12 16 2 0 2 7 0 2 11 17 9 2 1 2 11 1 2 7 0 2 7 12 16 2 16 6 2 8 9 2 0 20.8538287878036499
5 31 3 0 2 7 0 2 7 12 16 2 0 2 7 6 2 3 5 31 3 1 2 7 0 2 7 0 2 7 0 2 7 12 16 2 1 2 7 1 2 7 0 2 10 0 2 7 0 2 3 16 6 2 16 6 2 0 2 3 0 20.8681567907333374
5 30 3 0 2 7 0 2 7 6 2 7 12 16 2 0 2 7 0 2 7 0 2 4 5 31 3 6 2 7 0 2 7 0 2 7 8 18 2 0 2 7 12 16 2 0 2 7 16 15 2 1 2 7 17 18 2 1 2 11 0 20.8695547580718994
1 2 11 1 2 7 5 30 3 0 2 7 12 16 2 0 2 3 0 2 7 0 2 7 0 2 7 0 2 7 12 16 2 1 2 3 0 2 3 12 16 2 16 30 2 16 30 2 5 31 3 13 6 3 12 16 2 0 2 3 0 20.8703877925872803
0 2 4 12 16 2 5 30 3 0 2 7 17 9 2 13 6 3 0 2 7 5 30 3 1 2 4 12 16 2 0 2 3 0 2 4 0 2 11 6 2 7 0 2 11 0 2 3 1 2 3 1 2 11 17 9 2 1 2 11 0 20.9268378615379333
0 2 3 0 2 3 5 30 3 0 2 3 0 2 7 0 2 7 1 2 3 1 2 7 0 2 3 1 2 7 1 2 3 5 31 3 16 30 2 0 2 3 1 2 7 16 6 2 0 2 7 0 2 3 12 16 2 0 2 7 0 20.9838579893112183
0 2 7 0 2 11 5 31 3 0 2 7 0 2 3 5 30 3 1 2 7 0 2 7 5 30 3 16 30 2 0 2 7 17 9 2 0 2 7 1 2 11 0 2 7 1 2 11 0 2 7 1 2 7 0 2 7 0 2 11 0 20.999445915222168
0 2 7 0 2 7 5 31 3 6 2 7 0 2 8 5 30 3 1 2 7 0 2 7 5 31 3 16 6 2 0 2 8 17 9 2 0 2 7 6 2 3 1 2 3 1 2 7 0 2 7 0 2 7 0 2 7 0 2 7 0 21.0271360278129578

Current Evaluation = 1260(1260)
Front Size = 10
12 16 2 5 30 3 0 2 7 17 9 2 13 6 3 0 2 7 0 2 7 0 2 7 1 2 7 1 2 7 0 2 7 0 2 7 1 2 7 0 2 7 1 2 7 0 2 7 0 2 7 1 2 7 17 18 2 5 31 3 0 20.2646257877349854
12 16 2 5 30 3 0 2 3 13 6 3 1 2 7 1 2 7 0 2 7 0 2 7 1 2 7 0 2 7 0 2 7 1 2 4 17 18 2 5 30 3 16 31 2 0 2 7 12 16 2 0 2 7 0 2 4 12 16 2 0 20.4516056776046753
0 2 7 0 2 7 15 2 11 0 2 7 0 2 7 0 2 4 0 2 7 5 31 3 12 16 2 0 2 7 5 31 3 1 2 7 1 2 7 16 6 2 12 16 2 0 2 7 16 30 2 0 2 7 12 16 2 1 2 7 0 20.7810817956924438
5 30 3 0 2 7 17 9 2 1 2 7 0 2 7 0 2 7 1 2 7 12 16 2 0 2 11 0 2 11 1 2 7 0 2 7 17 9 2 13 6 3 8 18 2 0 2 7 12 16 2 0 2 11 5 30 3 1 2 11 0 20.8343498706817627
0 2 7 0 2 7 0 2 7 12 16 2 0 2 7 0 2 7 1 2 7 0 2 7 12 16 2 0 2 7 1 2 7 0 2 7 16 15 2 8 18 2 8 9 2 5 30 3 5 30 3 17 9 2 0 2 4 1 2 7 0 20.8408946990966797
1 2 11 1 2 7 5 30 3 0 2 7 12 16 2 0 2 3 0 2 7 0 2 7 0 2 7 0 2 7 12 16 2 1 2 3 0 2 3 12 16 2 16 30 2 16 30 2 5 31 3 13 6 3 12 16 2 0 2 3 0 20.8703877925872803
0 2 4 12 16 2 5 30 3 0 2 7 17 9 2 13 6 3 0 2 7 5 30 3 1 2 4 12 16 2 0 2 3 0 2 4 0 2 11 6 2 7 0 2 11 0 2 3 1 2 3 1 2 11 17 9 2 1 2 11 0 20.9268378615379333
0 2 3 0 2 3 5 30 3 0 2 3 0 2 7 0 2 7 1 2 3 1 2 7 0 2 3 1 2 7 1 2 3 5 31 3 16 30 2 0 2 3 1 2 7 16 6 2 0 2 7 0 2 3 12 16 2 0 2 7 0 20.9838579893112183
5 30 3 0 2 7 0 2 7 6 2 7 12 16 2 0 2 7 0 2 7 0 2 4 5 31 3 6 2 7 0 2 7 0 2 7 8 18 2 0 2 7 12 16 2 0 2 7 16 15 2 1 2 7 17 18 2 1 2 11 0 20.8695547580718994
0 2 7 12 16 2 13 6 3 5 31 3 1 2 7 0 2 4 0 2 4 0 2 7 5 30 3 0 2 7 12 16 2 1 2 7 17 18 2 12 16 2 1 2 7 16 30 2 0 2 7 0 2 7 0 2 3 1 2 7 0 20.4516057968139648

Current Evaluation = 1440(1440)
Front Size = 10
1 2 7 5 30 3 13 6 3 0 2 7 1 2 7 0 2 7 5 31 3 1 2 7 0 2 7 0 2 7 12 16 2 1 2 7 0 2 7 0 2 7 1 2 7 0 2 7 0 2 7 17 9 2 0 2 7 17 18 2 0 20.2646257877349854
0 2 7 1 2 7 0 2 7 0 2 7 17 9 2 0 2 7 12 16 2 1 2 7 0 2 3 0 2 4 1 2 7 0 2 7 16 31 2 5 30 3 0 2 4 12 16 2 5 30 3 12 16 2 13 6 3 1 2 7 0 20.4516056776046753
0 2 7 13 6 3 17 18 2 12 16 2 1 2 7 0 2 3 5 30 3 0 2 7 1 2 4 0 2 7 16 30 2 5 31 3 0 2 7 0 2 7 12 16 2 0 2 7 1 2 7 12 16 2 1 2 4 0 2 7 0 20.4516057968139648
1 2 7 0 2 7 0 2 7 12 16 2 12 16 2 1 2 4 0 2 7 0 2 7 0 2 7 5 31 3 6 2 7 0 2 7 0 2 7 5 31 3 0 2 4 1 2 7 0 2 7 17 9 2 1 2 7 16 24 2 0 20.6492308974266052
1 2 7 0 2 7 0 2 3 12 16 2 1 2 11 1 2 3 0 2 7 5 31 3 0 2 7 12 16 2 0 2 7 13 6 3 0 2 7 12 16 2 0 2 3 16 30 2 16 30 2 5 30 3 12 16 2 0 2 3 0 20.8703877925872803
0 2 4 12 16 2 5 30 3 0 2 7 17 9 2 13 6 3 0 2 7 5 30 3 1 2 4 12 16 2 0 2 3 0 2 4 0 2 11 6 2 7 0 2 11 0 2 3 1 2 3 1 2 11 17 9 2 1 2 11 0 20.9268378615379333
0 2 3 0 2 3 5 30 3 0 2 3 0 2 7 0 2 7 1 2 3 1 2 7 0 2 3 1 2 7 1 2 3 5 31 3 16 30 2 0 2 3 1 2 7 16 6 2 0 2 7 0 2 3 12 16 2 0 2 7 0 20.9838579893112183
1 2 7 5 30 3 0 2 7 1 2 7 0 2 7 1 2 7 0 2 7 0 2 7 12 16 2 0 2 4 0 2 7 0 2 7 0 2 7 17 9 2 17 9 2 5 30 3 1 2 3 0 2 7 8 1 2 12 16 2 0 20.735844612121582
0 2 7 0 2 3 0 2 7 1 2 7 5 31 3 0 2 3 12 16 2 1 2 7 5 30 3 0 2 7 1 2 4 0 2 7 0 2 7 0 2 3 0 2 7 0 2 7 16 31 2 16 6 2 12 16 2 1 2 7 0 20.7824867963790894
12 16 2 5 30 3 1 2 11 17 9 2 13 6 3 0 2 4 0 2 7 0 2 7 1 2 11 17 9 2 0 2 7 15 2 11 1 2 7 0 2 4 0 2 7 5 30 3 12 16 2 1 2 7 0 2 7 0 2 7 0 20.6221415996551514

Current Evaluation = 1620(1620)
Front Size = 10
1 2 7 0 2 7 0 2 7 12 16 2 1 2 7 0 2 7 0 2 7 5 31 3 0 2 7 0 2 7 1 2 7 0 2 7 17 9 2 1 2 7 17 18 2 5 30 3 1 2 7 0 2 7 0 2 7 13 6 3 0 20.2646257877349854
12 16 2 13 6 3 12 16 2 13 6 3 5 30 3 1 2 11 0 2 7 0 2 7 1 2 11 12 16 2 0 2 7 0 2 4 0 2 7 0 2 7 17 9 2 1 2 7 0 2 7 12 16 2 17 9 2 1 2 7 0 20.3046585321426392
1 2 4 17 18 2 0 2 7 5 31 3 0 2 7 1 2 7 1 2 7 0 2 4 0 2 7 0 2 7 17 18 2 12 16 2 0 2 7 12 16 2 0 2 7 1 2 7 0 2 7 5 30 3 6 2 7 13 6 3 0 20.3487167954444885
0 2 7 1 2 7 0 2 7 0 2 7 17 9 2 0 2 7 12 16 2 1 2 7 0 2 3 0 2 4 1 2 7 0 2 7 16 31 2 5 30 3 0 2 4 12 16 2 5 30 3 12 16 2 13 6 3 1 2 7 0 20.4516056776046753
1 2 7 0 2 7 0 2 7 12 16 2 0 2 7 0 2 7 0 2 7 5 31 3 0 2 7 0 2 4 1 2 7 0 2 7 17 9 2 1 2 7 6 2 7 0 2 4 0 2 7 5 31 3 1 2 7 16 6 2 0 20.4595978856086731
12 16 2 5 30 3 0 2 6 12 16 2 0 2 11 5 30 3 0 2 7 0 2 4 1 2 7 0 2 7 0 2 7 0 2 4 0 2 7 13 6 3 0 2 7 1 2 10 17 9 2 1 2 11 17 18 2 1 2 7 0 20.7158967256546021
12 16 2 5 30 3 0 2 7 0 2 11 17 9 2 12 16 2 0 2 7 5 30 3 17 9 2 0 2 7 1 2 7 1 2 7 1 2 1 0 2 7 0 2 7 0 2 7 0 2 7 13 6 3 8 18 2 1 2 7 0 20.7305498123168945
0 2 4 12 16 2 5 30 3 0 2 7 17 9 2 13 6 3 0 2 7 5 30 3 1 2 4 12 16 2 0 2 3 0 2 4 0 2 11 6 2 7 0 2 11 0 2 3 1 2 3 1 2 11 17 9 2 1 2 11 0 20.9268378615379333
0 2 3 0 2 3 5 30 3 0 2 3 0 2 7 0 2 7 1 2 3 1 2 7 0 2 3 1 2 7 1 2 3 5 31 3 16 30 2 0 2 3 1 2 7 16 6 2 0 2 7 0 2 3 12 16 2 0 2 7 0 20.9838579893112183
0 2 7 13 6 3 12 16 2 1 2 7 0 2 3 5 30 3 0 2 7 0 2 7 0 2 7 0 2 7 1 2 7 17 9 2 1 2 4 16 30 2 5 31 3 0 2 3 0 2 7 0 2 3 1 2 4 0 2 7 0.0016541442087280049 20.3560099601745605

Current Evaluation = 1800(1800)
Front Size = 10
12 16 2 5 31 3 0 2 7 13 6 3 0 2 7 1 2 7 5 30 3 1 2 7 0 2 7 0 2 7 0 2 7 0 2 7 17 18 2 17 9 2 0 2 7 0 2 7 0 2 7 1 2 7 1 2 7 1 2 7 0 20.2646257877349854
12 16 2 13 6 3 12 16 2 13 6 3 5 30 3 1 2 11 0 2 7 0 2 7 1 2 11 12 16 2 0 2 7 0 2 4 0 2 7 0 2 7 17 9 2 1 2 7 0 2 7 12 16 2 17 9 2 1 2 7 0 20.3046585321426392
12 16 2 5 30 3 12 16 2 0 2 7 0 2 3 1 2 7 13 6 3 12 16 2 0 2 7 5 31 3 16 30 2 1 2 4 0 2 7 0 2 7 0 2 7 17 18 2 0 2 7 0 2 4 1 2 7 1 2 7 0 20.4516057968139648
0 2 4 12 16 2 13 6 3 12 16 2 0 2 3 0 2 7 0 2 4 12 16 2 1 2 11 5 31 3 0 2 3 1 2 7 1 2 4 1 2 7 16 6 2 17 9 2 0 2 4 12 16 2 0 2 4 12 16 2 0 20.7315356731414795
0 2 4 12 16 2 5 31 3 13 6 3 12 16 2 0 2 7 0 2 7 0 2 7 12 16 2 0 2 7 5 30 3 15 2 11 12 16 2 0 2 7 16 30 2 1 2 11 0 2 7 0 2 7 16 6 2 12 16 2 0 20.8549115657806396
5 31 3 12 16 2 0 2 7 1 2 3 0 2 7 12 16 2 0 2 3 13 6 3 0 2 3 5 30 3 0 2 7 0 2 7 12 16 2 1 2 11 12 16 2 0 2 3 16 30 2 0 2 7 1 2 7 16 30 2 0 20.8703877925872803
5 30 3 0 2 7 1 2 7 5 31 3 16 31 2 16 6 2 0 2 7 12 16 2 0 2 8 0 2 7 0 2 7 12 16 2 1 2 4 0 2 7 12 16 2 0 2 7 8 9 2 0 2 7 0 2 7 1 2 7 0 20.9082897901535034
0 2 4 12 16 2 5 30 3 0 2 7 17 9 2 13 6 3 0 2 7 5 30 3 1 2 4 12 16 2 0 2 3 0 2 4 0 2 11 6 2 7 0 2 11 0 2 3 1 2 3 1 2 11 17 9 2 1 2 11 0 20.9268378615379333
0 2 3 0 2 3 5 30 3 0 2 3 0 2 7 0 2 7 1 2 3 1 2 7 0 2 3 1 2 7 1 2 3 5 31 3 16 30 2 0 2 3 1 2 7 16 6 2 0 2 7 0 2 3 12 16 2 0 2 7 0 20.9838579893112183
0 2 4 12 16 2 5 30 3 0 2 7 13 6 3 0 2 7 5 30 3 12 16 2 1 2 3 1 2 11 0 2 7 1 2 4 0 2 3 0 2 7 0 2 11 12 16 2 1 2 7 0 2 7 17 9 2 0 2 7 3.07129492557827092e-05 20.9922477006912231

Current Evaluation = 1980(1980)
Front Size = 10
0 2 7 12 16 2 5 30 3 1 2 7 13 6 3 0 2 7 0 2 7 0 2 7 0 2 7 1 2 7 0 2 7 1 2 7 17 9 2 0 2 7 5 31 3 0 2 7 17 9 2 0 2 7 1 2 7 1 2 7 0 20.2646257877349854
12 16 2 13 6 3 12 16 2 1 2 7 12 16 2 1 2 11 0 2 4 0 2 7 17 9 2 12 16 2 17 9 2 0 2 7 13 6 3 1 2 11 0 2 7 0 2 7 0 2 7 1 2 7 5 30 3 0 2 7 0 20.3046585321426392
0 2 7 12 16 2 5 30 3 6 2 7 0 2 7 13 6 3 0 2 7 5 31 3 0 2 7 0 2 7 0 2 7 1 2 7 1 2 4 1 2 4 0 2 7 12 16 2 0 2 7 1 2 7 17 9 2 17 18 2 0 20.3487167954444885
1 2 7 5 30 3 13 6 3 12 16 2 12 16 2 12 16 2 0 2 7 0 2 7 0 2 7 0 2 7 0 2 7 1 2 7 0 2 7 0 2 4 0 2 3 1 2 4 16 31 2 17 18 2 1 2 7 5 30 3 0 20.4516056776046753
1 2 7 1 2 7 5 31 3 13 6 3 12 16 2 0 2 7 12 16 2 12 16 2 0 2 4 0 2 7 0 2 11 0 2 7 6 2 7 16 30 2 0 2 7 17 18 2 0 2 7 1 2 3 5 30 3 0 2 7 0 20.547498881816864
0 2 7 5 30 3 13 6 3 12 16 2 0 2 7 12 16 2 1 2 3 1 2 7 16 6 2 17 9 2 8 18 2 0 2 7 0 2 4 0 2 7 1 2 11 0 2 7 0 2 7 12 16 2 5 30 3 0 2 7 0 20.6301085948944092
12 16 2 8 18 2 13 6 3 0 2 7 0 2 4 0 2 4 5 30 3 0 2 1 17 9 2 1 2 7 12 16 2 12 16 2 0 2 7 17 9 2 1 2 7 0 2 4 1 2 7 0 2 4 1 2 7 12 16 2 0 20.6559027433395386
0 2 4 12 16 2 13 6 3 12 16 2 0 2 3 0 2 7 0 2 4 12 16 2 1 2 11 5 31 3 0 2 3 1 2 7 1 2 4 1 2 7 16 6 2 17 9 2 0 2 4 12 16 2 0 2 4 12 16 2 0 20.7315356731414795
0 2 4 12 16 2 5 31 3 13 6 3 12 16 2 0 2 7 0 2 7 0 2 7 12 16 2 0 2 7 5 30 3 15 2 11 12 16 2 0 2 7 16 30 2 1 2 11 0 2 7 0 2 7 16 6 2 12 16 2 0 20.8549115657806396
5 31 3 12 16 2 0 2 7 1 2 3 0 2 7 12 16 2 0 2 3 13 6 3 0 2 3 5 30 3 0 2 7 0 2 7 12 16 2 1 2 11 12 16 2 0 2 3 16 30 2 0 2 7 1 2 7 16 30 2 0 20.8703877925872803

Current Evaluation = 2160(2160)
Front Size = 10
0 2 7 13 6 3 0 2 7 1 2 7 1 2 7 0 2 7 5 31 3 0 2 7 17 9 2 0 2 7 1 2 7 1 2 7 0 2 7 0 2 7 17 9 2 0 2 7 1 2 7 5 30 3 0 2 7 12 16 2 0 20.2646257877349854
12 16 2 13 6 3 12 16 2 1 2 7 12 16 2 1 2 11 0 2 4 0 2 7 17 9 2 12 16 2 17 9 2 0 2 7 13 6 3 1 2 11 0 2 7 0 2 7 0 2 7 1 2 7 5 30 3 0 2 7 0 20.3046585321426392
13 6 3 0 2 7 0 2 7 12 16 2 1 2 7 1 2 7 17 9 2 12 16 2 1 2 7 0 2 4 1 2 4 0 2 7 0 2 7 0 2 7 0 2 7 17 18 2 0 2 7 5 31 3 5 30 3 6 2 7 0 20.3487167954444885
1 2 7 13 6 3 0 2 7 0 2 7 12 16 2 0 2 7 0 2 7 5 30 3 0 2 7 12 16 2 17 9 2 1 2 4 12 16 2 1 2 7 0 2 4 0 2 7 0 2 3 5 30 3 16 31 2 1 2 7 0 20.4516056776046753
1 2 7 0 2 7 12 16 2 0 2 7 0 2 7 5 31 3 5 31 3 0 2 7 0 2 7 1 2 7 1 2 7 0 2 7 0 2 7 6 2 7 16 6 2 0 2 7 17 9 2 1 2 4 0 2 4 0 2 7 0 20.4595978856086731
1 2 7 0 2 7 13 6 3 12 16 2 0 2 7 12 16 2 0 2 7 5 31 3 5 31 3 0 2 7 0 2 7 1 2 7 1 2 7 12 16 2 0 2 7 0 2 7 6 2 7 17 18 2 16 6 2 0 2 7 0 20.5035547614097595
0 2 7 5 30 3 13 6 3 12 16 2 0 2 7 12 16 2 1 2 3 1 2 7 16 6 2 17 9 2 8 18 2 0 2 7 0 2 4 0 2 7 1 2 11 0 2 7 0 2 7 12 16 2 5 30 3 0 2 7 0 20.6301085948944092
12 16 2 8 18 2 13 6 3 0 2 7 0 2 4 0 2 4 5 30 3 0 2 1 17 9 2 1 2 7 12 16 2 12 16 2 0 2 7 17 9 2 1 2 7 0 2 4 1 2 7 0 2 4 1 2 7 12 16 2 0 20.6559027433395386
12 16 2 13 6 3 0 2 7 5 30 3 17 9 2 1 2 7 0 2 7 17 9 2 1 2 7 1 2 7 1 2 7 8 18 2 0 2 7 1 2 7 0 2 7 12 16 2 12 16 2 0 2 4 0 2 4 0 2 7 0.000119840345409004206 20.2825527191162109
0 2 7 0 2 7 13 6 3 12 16 2 0 2 4 12 16 2 1 2 7 0 2 7 5 30 3 1 2 7 0 2 7 0 2 7 5 31 3 17 9 2 0 2 7 12 16 2 1 2 4 0 2 7 16 30 2 1 2 3 0 20.4516057968139648

Current Evaluation = 2340(2340)
Front Size = 10
0 2 7 0 2 7 1 2 7 0 2 7 0 2 7 0 2 7 0 2 7 1 2 7 0 2 7 17 9 2 5 30 3 17 9 2 5 31 3 1 2 7 0 2 7 13 6 3 1 2 7 0 2 7 1 2 7 12 16 2 0 20.2646257877349854
12 16 2 13 6 3 12 16 2 1 2 7 12 16 2 1 2 11 0 2 4 0 2 7 17 9 2 12 16 2 17 9 2 0 2 7 13 6 3 1 2 11 0 2 7 0 2 7 0 2 7 1 2 7 5 30 3 0 2 7 0 20.3046585321426392
1 2 4 13 6 3 12 16 2 6 2 7 12 16 2 0 2 7 0 2 7 0 2 7 0 2 7 1 2 7 5 30 3 0 2 7 17 18 2 0 2 7 0 2 4 0 2 7 1 2 7 1 2 7 5 31 3 17 9 2 0 20.3487167954444885
12 16 2 1 2 4 0 2 7 0 2 7 1 2 7 12 16 2 1 2 4 0 2 3 12 16 2 13 6 3 5 30 3 0 2 7 0 2 7 0 2 7 0 2 7 5 30 3 0 2 7 1 2 7 16 31 2 17 18 2 0 20.4516056776046753
12 16 2 1 2 4 0 2 7 0 2 7 1 2 7 12 16 2 1 2 4 0 2 7 1 2 3 12 16 2 13 6 3 5 30 3 0 2 7 0 2 7 0 2 7 0 2 7 0 2 7 5 31 3 16 30 2 17 9 2 0 20.4516057968139648
0 2 7 0 2 7 13 6 3 12 16 2 0 2 7 12 16 2 1 2 3 5 30 3 5 31 3 0 2 7 1 2 7 0 2 7 1 2 7 12 16 2 1 2 7 0 2 4 0 2 4 17 18 2 16 30 2 0 2 7 0 20.4516057968139648
1 2 7 0 2 7 12 16 2 0 2 7 0 2 7 5 31 3 5 31 3 0 2 7 0 2 7 1 2 7 1 2 7 0 2 7 0 2 7 6 2 7 16 6 2 0 2 7 17 9 2 1 2 4 0 2 4 0 2 7 0 20.4595978856086731
1 2 7 0 2 7 13 6 3 12 16 2 0 2 7 12 16 2 0 2 7 5 31 3 5 31 3 0 2 7 0 2 7 1 2 7 1 2 7 12 16 2 0 2 7 0 2 7 6 2 7 17 18 2 16 6 2 0 2 7 0 20.5035547614097595
12 16 2 0 2 7 0 2 7 0 2 4 0 2 7 1 2 7 6 2 3 12 16 2 1 2 11 0 2 7 0 2 7 1 2 7 5 31 3 12 16 2 13 6 3 5 30 3 0 2 7 16 30 2 17 9 2 0 2 7 0 20.5474987030029297
0 2 7 12 16 2 1 2 7 0 2 3 5 31 3 1 2 7 0 2 7 0 2 3 17 9 2 0 2 7 5 30 3 13 6 3 16 6 2 0 2 4 12 16 2 1 2 7 6 2 7 0 2 4 12 16 2 0 2 7 0 20.5632757544517517

Current Evaluation = 2520(2520)
Front Size = 10
1 2 7 0 2 7 0 2 7 0 2 7 13 6 3 5 30 3 1 2 7 0 2 7 0 2 7 0 2 7 0 2 7 1 2 7 1 2 7 17 9 2 5 31 3 17 9 2 12 16 2 0 2 7 1 2 7 0 2 7 0 20.2646257877349854
12 16 2 13 6 3 12 16 2 1 2 7 12 16 2 1 2 11 0 2 4 0 2 7 17 9 2 12 16 2 17 9 2 0 2 7 13 6 3 1 2 11 0 2 7 0 2 7 0 2 7 1 2 7 5 30 3 0 2 7 0 20.3046585321426392
12 16 2 0 2 7 6 2 7 17 18 2 12 16 2 1 2 7 13 6 3 5 30 3 1 2 7 0 2 4 0 2 7 0 2 7 1 2 7 0 2 7 0 2 4 0 2 7 5 31 3 0 2 7 1 2 7 17 18 2 0 20.3487167954444885
12 16 2 1 2 7 13 6 3 5 30 3 17 9 2 0 2 7 0 2 7 1 2 4 6 2 7 1 2 7 0 2 7 0 2 7 0 2 7 0 2 7 0 2 4 12 16 2 1 2 7 5 31 3 0 2 7 17 9 2 0 20.3487167954444885
12 16 2 1 2 4 0 2 7 0 2 7 1 2 7 12 16 2 1 2 4 0 2 3 12 16 2 13 6 3 5 30 3 0 2 7 0 2 7 0 2 7 0 2 7 5 30 3 0 2 7 1 2 7 16 31 2 17 18 2 0 20.4516056776046753
12 16 2 0 2 4 0 2 3 1 2 7 12 16 2 12 16 2 13 6 3 5 30 3 17 9 2 0 2 7 1 2 7 1 2 7 0 2 7 1 2 7 0 2 7 0 2 7 5 30 3 0 2 4 16 31 2 0 2 7 0 20.4516056776046753
12 16 2 13 6 3 12 16 2 0 2 7 12 16 2 0 2 7 17 18 2 1 2 7 0 2 7 0 2 4 0 2 7 5 30 3 1 2 7 1 2 3 5 30 3 0 2 7 16 31 2 0 2 7 0 2 4 1 2 7 0 20.4516056776046753
12 16 2 1 2 4 0 2 7 0 2 7 1 2 7 12 16 2 1 2 4 0 2 7 1 2 3 12 16 2 13 6 3 5 30 3 0 2 7 0 2 7 0 2 7 0 2 7 0 2 7 5 31 3 16 30 2 17 9 2 0 20.4516057968139648
1 2 7 0 2 7 12 16 2 0 2 7 0 2 7 5 31 3 5 31 3 0 2 7 0 2 7 1 2 7 1 2 7 0 2 7 0 2 7 6 2 7 16 6 2 0 2 7 17 9 2 1 2 4 0 2 4 0 2 7 0 20.4595978856086731
1 2 7 0 2 7 13 6 3 12 16 2 0 2 7 12 16 2 0 2 7 5 31 3 5 31 3 0 2 7 0 2 7 1 2 7 1 2 7 12 16 2 0 2 7 0 2 7 6 2 7 17 18 2 16 6 2 0 2 7 0 20.5035547614097595

Current Evaluation = 2700(2700)
Front Size = 10
12 16 2 13 6 3 1 2 7 1 2 7 0 2 7 0 2 7 0 2 7 0 2 7 0 2 7 1 2 7 5 30 3 0 2 7 5 31 3 0 2 7 1 2 7 0 2 7 17 18 2 17 9 2 0 2 7 1 2 7 0 20.2646257877349854
12 16 2 0 2 4 12 16 2 13 6 3 5 30 3 0 2 7 0 2 7 0 2 7 0 2 7 0 2 7 17 18 2 0 2 7 1 2 7 1 2 7 12 16 2 1 2 11 12 16 2 1 2 11 17 9 2 13 6 3 0 20.3046585321426392
12 16 2 1 2 7 13 6 3 12 16 2 0 2 4 1 2 7 0 2 7 0 2 7 0 2 7 5 31 3 0 2 7 6 2 7 0 2 7 5 30 3 1 2 7 1 2 7 0 2 4 17 18 2 17 18 2 0 2 7 0 20.3487167954444885
12 16 2 1 2 7 1 2 4 13 6 3 12 16 2 0 2 4 0 2 7 0 2 7 0 2 7 0 2 7 5 31 3 17 9 2 17 9 2 0 2 7 6 2 7 0 2 7 0 2 7 5 30 3 1 2 7 1 2 7 0 20.3487167954444885
12 16 2 13 6 3 1 2 7 1 2 7 0 2 7 17 9 2 0 2 7 0 2 4 0 2 7 0 2 7 1 2 7 5 30 3 0 2 7 5 31 3 0 2 7 1 2 7 12 16 2 0 2 7 6 2 4 17 18 2 0 20.3487167954444885
12 16 2 1 2 4 0 2 7 0 2 7 1 2 7 12 16 2 1 2 4 0 2 3 12 16 2 13 6 3 5 30 3 0 2 7 0 2 7 0 2 7 0 2 7 5 30 3 0 2 7 1 2 7 16 31 2 17 18 2 0 20.4516056776046753
12 16 2 0 2 4 0 2 3 1 2 7 12 16 2 12 16 2 13 6 3 5 30 3 17 9 2 0 2 7 1 2 7 1 2 7 0 2 7 1 2 7 0 2 7 0 2 7 5 30 3 0 2 4 16 31 2 0 2 7 0 20.4516056776046753
12 16 2 0 2 4 1 2 7 12 16 2 12 16 2 13 6 3 5 30 3 0 2 7 1 2 7 1 2 7 0 2 7 0 2 7 0 2 7 5 30 3 0 2 4 16 31 2 0 2 7 0 2 7 17 18 2 1 2 3 0 20.4516056776046753
12 16 2 1 2 4 0 2 7 0 2 7 1 2 7 12 16 2 1 2 4 0 2 7 1 2 3 12 16 2 13 6 3 5 30 3 0 2 7 0 2 7 0 2 7 0 2 7 0 2 7 5 31 3 16 30 2 17 9 2 0 20.4516057968139648
12 16 2 0 2 7 12 16 2 12 16 2 13 6 3 5 30 3 0 2 7 1 2 7 0 2 7 0 2 7 0 2 7 1 2 7 17 18 2 5 30 3 0 2 4 13 6 3 0 2 11 0 2 7 1 2 4 16 31 2 0.00141532145078494234 20.1595667600631714

Current Evaluation = 2880(2880)
Front Size = 10
12 16 2 13 6 3 5 30 3 0 2 7 0 2 7 0 2 7 0 2 7 0 2 7 17 18 2 0 2 7 1 2 7 1 2 7 17 9 2 5 31 3 1 2 7 0 2 7 0 2 7 1 2 7 1 2 7 0 2 7 0 20.2646257877349854
12 16 2 0 2 7 12 16 2 13 6 3 5 30 3 1 2 11 0 2 7 0 2 7 0 2 7 1 2 7 17 18 2 0 2 7 17 9 2 0 2 7 0 2 7 12 16 2 12 16 2 13 6 3 1 2 4 1 2 11 0 20.3046585321426392
0 2 7 0 2 7 13 6 3 1 2 7 1 2 11 0 2 7 0 2 7 12 16 2 17 18 2 1 2 11 5 30 3 17 9 2 0 2 4 12 16 2 13 6 3 0 2 7 12 16 2 1 2 7 0 2 7 12 16 2 0 20.3046585321426392
12 16 2 0 2 7 12 16 2 13 6 3 5 30 3 1 2 7 0 2 7 1 2 7 17 18 2 0 2 7 17 9 2 0 2 4 0 2 7 12 16 2 12 16 2 13 6 3 0 2 7 1 2 7 0 2 11 1 2 11 0 20.3046586513519287
12 16 2 0 2 7 12 16 2 13 6 3 5 30 3 1 2 7 0 2 11 17 18 2 0 2 7 17 9 2 0 2 7 12 16 2 12 16 2 13 6 3 0 2 4 1 2 7 1 2 7 1 2 7 0 2 7 0 2 11 0 20.3046587705612183
0 2 7 13 6 3 5 31 3 0 2 7 1 2 7 0 2 7 0 2 7 0 2 7 6 2 7 0 2 7 0 2 7 12 16 2 1 2 4 1 2 7 5 30 3 17 9 2 12 16 2 0 2 4 17 9 2 1 2 7 0 20.3487167954444885
0 2 7 0 2 4 13 6 3 5 30 3 0 2 7 1 2 7 0 2 7 17 18 2 6 2 7 0 2 7 1 2 7 12 16 2 0 2 4 0 2 7 0 2 7 12 16 2 1 2 7 5 31 3 1 2 7 17 18 2 0 20.3487167954444885
12 16 2 13 6 3 5 30 3 0 2 7 0 2 7 0 2 7 0 2 7 0 2 7 17 18 2 0 2 7 1 2 7 1 2 7 17 9 2 5 31 3 1 2 7 1 2 7 0 2 7 0 2 4 12 16 2 6 2 4 0 20.3487167954444885
0 2 7 0 2 7 17 9 2 13 6 3 5 30 3 1 2 4 1 2 7 1 2 7 1 2 4 0 2 7 0 2 7 0 2 7 17 9 2 0 2 7 0 2 7 0 2 7 12 16 2 6 2 7 12 16 2 5 31 3 0 20.3487167954444885
0 2 7 0 2 4 13 6 3 0 2 7 1 2 7 0 2 7 0 2 7 12 16 2 17 18 2 1 2 7 5 30 3 17 9 2 1 2 7 12 16 2 5 31 3 0 2 11 6 2 7 0 2 7 0 2 7 1 2 4 0 20.4483168721199036

Current Evaluation = 3060(3060)
Front Size = 10
12 16 2 13 6 3 5 30 3 0 2 7 0 2 7 0 2 7 0 2 7 0 2 7 17 18 2 0 2 7 1 2 7 1 2 7 17 9 2 5 31 3 1 2 7 1 2 7 0 2 7 0 2 7 1 2 7 0 2 7 0 20.2646257877349854
1 2 7 0 2 7 13 6 3 12 16 2 5 30 3 17 9 2 0 2 7 12 16 2 13 6 3 12 16 2 1 2 11 12 16 2 0 2 7 0 2 7 0 2 7 17 9 2 1 2 7 0 2 7 1 2 11 0 2 4 0 20.3046585321426392
1 2 7 0 2 7 13 6 3 12 16 2 5 30 3 17 9 2 0 2 7 12 16 2 13 6 3 12 16 2 1 2 11 12 16 2 0 2 7 0 2 7 0 2 7 17 9 2 0 2 7 1 2 11 0 2 7 1 2 4 0 20.3046585321426392
0 2 7 0 2 7 13 6 3 1 2 7 0 2 7 1 2 11 12 16 2 17 18 2 5 30 3 17 9 2 0 2 7 12 16 2 13 6 3 12 16 2 0 2 7 12 16 2 0 2 4 1 2 7 1 2 7 0 2 11 0 20.3046586513519287
1 2 7 0 2 7 13 6 3 12 16 2 5 30 3 17 9 2 0 2 7 12 16 2 13 6 3 12 16 2 1 2 11 12 16 2 0 2 7 0 2 7 0 2 7 17 9 2 1 2 7 0 2 7 1 2 4 0 2 11 0 20.3046586513519287
0 2 7 13 6 3 1 2 7 0 2 4 0 2 7 0 2 11 0 2 11 0 2 7 12 16 2 5 30 3 17 9 2 12 16 2 1 2 7 1 2 7 12 16 2 1 2 7 0 2 7 13 6 3 17 9 2 12 16 2 0 20.3046587705612183
0 2 7 13 6 3 0 2 7 1 2 7 0 2 7 0 2 7 0 2 7 0 2 7 0 2 7 12 16 2 1 2 4 5 30 3 17 9 2 12 16 2 5 31 3 1 2 7 6 2 7 0 2 4 17 9 2 1 2 7 0 20.3487167954444885
0 2 7 0 2 4 13 6 3 5 30 3 0 2 7 1 2 7 0 2 7 17 18 2 6 2 7 0 2 7 1 2 7 12 16 2 0 2 4 0 2 7 0 2 7 12 16 2 1 2 7 5 31 3 1 2 7 17 18 2 0 20.3487167954444885
12 16 2 13 6 3 5 30 3 0 2 7 0 2 7 0 2 7 0 2 7 0 2 7 17 18 2 0 2 7 1 2 7 1 2 7 17 9 2 5 31 3 1 2 7 1 2 7 0 2 7 0 2 4 12 16 2 6 2 4 0 20.3487167954444885
0 2 7 0 2 7 17 9 2 13 6 3 5 30 3 1 2 4 1 2 7 1 2 7 1 2 4 0 2 7 0 2 7 0 2 7 17 9 2 0 2 7 0 2 7 0 2 7 12 16 2 6 2 7 12 16 2 5 31 3 0 20.3487167954444885

Current Evaluation = 3240(3240)
Front Size = 10
0 2 7 13 6 3 1 2 7 0 2 7 0 2 7 12 16 2 5 30 3 17 9 2 0 2 7 0 2 7 1 2 7 0 2 7 5 31 3 1 2 7 1 2 7 0 2 7 0 2 7 0 2 7 1 2 7 17 9 2 0 20.2646257877349854
0 2 7 13 6 3 1 2 7 0 2 7 0 2 7 12 16 2 5 30 3 17 9 2 0 2 7 0 2 7 1 2 7 0 2 7 5 31 3 1 2 7 1 2 7 0 2 7 0 2 7 0 2 7 1 2 7 17 18 2 0 20.2646257877349854
1 2 7 0 2 7 13 6 3 1 2 11 0 2 4 12 16 2 17 18 2 5 30 3 0 2 7 12 16 2 0 2 7 0 2 7 1 2 7 0 2 7 17 18 2 1 2 11 13 6 3 12 16 2 12 16 2 0 2 7 0 20.3046585321426392
1 2 11 0 2 7 13 6 3 12 16 2 5 30 3 17 9 2 0 2 7 12 16 2 13 6 3 12 16 2 1 2 7 12 16 2 0 2 7 0 2 7 0 2 7 17 9 2 0 2 7 1 2 11 0 2 7 1 2 4 0 20.3046585321426392
0 2 7 13 6 3 1 2 11 0 2 7 0 2 7 0 2 7 12 16 2 5 30 3 12 16 2 1 2 7 12 16 2 1 2 7 13 6 3 12 16 2 0 2 4 1 2 11 17 9 2 0 2 7 0 2 7 17 9 2 0 20.3046585321426392
1 2 11 0 2 7 13 6 3 12 16 2 5 30 3 17 9 2 0 2 7 12 16 2 13 6 3 12 16 2 1 2 7 12 16 2 0 2 7 0 2 7 0 2 7 0 2 7 1 2 11 0 2 4 17 18 2 1 2 7 0 20.3046585321426392
0 2 7 0 2 7 13 6 3 1 2 7 0 2 7 1 2 11 12 16 2 17 18 2 5 30 3 17 9 2 0 2 7 12 16 2 13 6 3 12 16 2 0 2 7 12 16 2 0 2 4 1 2 7 1 2 7 0 2 11 0 20.3046586513519287
1 2 7 0 2 7 13 6 3 12 16 2 5 30 3 17 9 2 0 2 7 12 16 2 13 6 3 12 16 2 1 2 11 12 16 2 0 2 7 0 2 7 0 2 7 17 9 2 0 2 7 1 2 4 0 2 11 1 2 7 0 20.3046586513519287
0 2 7 13 6 3 0 2 7 0 2 4 0 2 11 0 2 7 12 16 2 5 30 3 12 16 2 1 2 7 12 16 2 0 2 7 13 6 3 12 16 2 0 2 7 17 18 2 17 18 2 1 2 7 1 2 7 1 2 11 0 20.3046586513519287
1 2 11 0 2 7 13 6 3 12 16 2 5 30 3 17 9 2 0 2 7 12 16 2 13 6 3 12 16 2 1 2 7 12 16 2 0 2 7 0 2 7 0 2 7 17 9 2 1 2 7 0 2 11 0 2 4 1 2 7 0 20.3046586513519287

Current Evaluation = 3420(3420)
Front Size = 10
0 2 7 13 6 3 1 2 7 0 2 7 0 2 7 12 16 2 5 30 3 17 9 2 0 2 7 0 2 7 1 2 7 0 2 7 5 31 3 1 2 7 1 2 7 0 2 7 0 2 7 0 2 7 1 2 7 17 9 2 0 20.2646257877349854
0 2 7 13 6 3 1 2 7 0 2 7 0 2 7 12 16 2 5 30 3 17 9 2 0 2 7 0 2 7 1 2 7 0 2 7 5 31 3 1 2 7 1 2 7 0 2 7 0 2 7 0 2 7 1 2 7 17 18 2 0 20.2646257877349854
1 2 7 0 2 7 13 6 3 1 2 11 12 16 2 17 18 2 5 30 3 0 2 7 12 16 2 0 2 7 0 2 7 0 2 7 1 2 11 13 6 3 12 16 2 12 16 2 0 2 7 0 2 4 1 2 7 17 18 2 0 20.3046585321426392
0 2 7 13 6 3 0 2 7 0 2 7 12 16 2 5 30 3 12 16 2 1 2 7 12 16 2 0 2 7 13 6 3 12 16 2 0 2 7 1 2 11 1 2 11 0 2 7 17 9 2 17 9 2 1 2 4 0 2 7 0 20.3046585321426392
1 2 7 1 2 7 13 6 3 12 16 2 5 30 3 17 9 2 0 2 7 12 16 2 13 6 3 12 16 2 12 16 2 0 2 7 0 2 7 0 2 4 0 2 7 1 2 11 1 2 11 17 9 2 0 2 7 0 2 7 0 20.3046585321426392
1 2 7 0 2 7 13 6 3 1 2 11 12 16 2 17 18 2 5 30 3 0 2 7 12 16 2 0 2 7 0 2 7 0 2 7 1 2 11 13 6 3 12 16 2 12 16 2 0 2 7 1 2 4 0 2 7 17 18 2 0 20.3046585321426392
1 2 7 0 2 7 13 6 3 1 2 11 12 16 2 17 18 2 5 30 3 0 2 7 12 16 2 0 2 7 0 2 7 0 2 7 1 2 11 13 6 3 12 16 2 12 16 2 0 2 7 17 9 2 0 2 4 1 2 7 0 20.3046585321426392
1 2 7 0 2 7 13 6 3 1 2 11 12 16 2 17 18 2 5 30 3 0 2 7 12 16 2 0 2 7 0 2 7 0 2 7 1 2 11 13 6 3 12 16 2 12 16 2 0 2 7 1 2 4 0 2 7 17 9 2 0 20.3046585321426392
0 2 11 1 2 4 13 6 3 12 16 2 5 30 3 17 9 2 0 2 7 12 16 2 13 6 3 12 16 2 1 2 7 12 16 2 0 2 7 0 2 7 0 2 7 17 9 2 0 2 7 1 2 11 0 2 7 1 2 7 0 20.3046586513519287
1 2 7 0 2 7 13 6 3 1 2 4 12 16 2 17 18 2 5 30 3 1 2 7 12 16 2 0 2 7 1 2 11 0 2 11 13 6 3 12 16 2 12 16 2 17 18 2 0 2 7 0 2 7 0 2 7 0 2 7 0 20.3046586513519287

Current Evaluation = 3600(3600)
Front Size = 10
1 2 7 0 2 7 13 6 3 12 16 2 5 30 3 0 2 7 0 2 7 0 2 7 0 2 7 0 2 7 17 18 2 1 2 7 1 2 7 1 2 7 5 31 3 0 2 7 1 2 7 17 18 2 0 2 7 0 2 7 0 20.2646257877349854
0 2 7 13 6 3 1 2 7 0 2 7 0 2 7 12 16 2 5 30 3 0 2 7 0 2 7 1 2 7 0 2 7 5 31 3 1 2 7 1 2 7 0 2 7 0 2 7 0 2 7 1 2 7 17 9 2 17 18 2 0 20.2646257877349854
1 2 7 0 2 7 13 6 3 1 2 7 5 30 3 0 2 7 0 2 7 0 2 7 0 2 7 0 2 7 17 9 2 0 2 7 1 2 7 17 9 2 1 2 7 0 2 7 1 2 7 12 16 2 5 31 3 0 2 7 0 20.2646257877349854
1 2 7 0 2 7 13 6 3 1 2 11 12 16 2 5 30 3 0 2 7 12 16 2 0 2 7 0 2 7 0 2 7 1 2 11 13 6 3 12 16 2 12 16 2 0 2 7 1 2 4 0 2 7 17 9 2 17 9 2 0 20.3046585321426392
1 2 7 0 2 7 13 6 3 1 2 11 12 16 2 17 18 2 5 30 3 0 2 7 12 16 2 0 2 7 0 2 4 0 2 7 1 2 11 13 6 3 12 16 2 12 16 2 1 2 7 17 18 2 0 2 7 0 2 7 0 20.3046585321426392
1 2 7 0 2 7 13 6 3 1 2 11 12 16 2 5 30 3 0 2 7 12 16 2 0 2 7 0 2 7 0 2 7 1 2 11 13 6 3 12 16 2 12 16 2 0 2 7 17 9 2 0 2 4 1 2 7 17 9 2 0 20.3046585321426392
1 2 7 0 2 7 13 6 3 1 2 11 12 16 2 5 30 3 0 2 7 12 16 2 0 2 7 0 2 7 0 2 7 1 2 11 13 6 3 12 16 2 12 16 2 0 2 7 1 2 4 0 2 7 17 18 2 17 18 2 0 20.3046585321426392
1 2 7 0 2 7 13 6 3 1 2 11 12 16 2 5 30 3 0 2 7 12 16 2 0 2 7 0 2 7 0 2 7 1 2 11 13 6 3 12 16 2 12 16 2 0 2 7 17 9 2 0 2 4 1 2 7 17 18 2 0 20.3046585321426392
1 2 7 0 2 7 13 6 3 1 2 11 12 16 2 17 18 2 5 30 3 0 2 7 12 16 2 0 2 7 0 2 7 0 2 7 1 2 11 13 6 3 12 16 2 12 16 2 0 2 7 1 2 4 0 2 7 17 9 2 0 20.3046585321426392
0 2 11 1 2 4 13 6 3 12 16 2 5 30 3 17 9 2 0 2 7 12 16 2 13 6 3 12 16 2 1 2 7 12 16 2 0 2 7 0 2 7 0 2 7 17 9 2 0 2 7 1 2 11 0 2 7 1 2 7 0 20.3046586513519287

MonoObjective Genetic Algorithm
Number of Evaluations = 0
Mutation Probability = 0
Crossover Probability = 1
Population Size = 10
Survival Selection Type = 19

Time =  3605.13047003746033

Current Evaluation = 3390
Front Size = 10
1 2 7 0 2 7 13 6 3 12 16 2 5 30 3 0 2 7 0 2 7 0 2 7 0 2 7 0 2 7 17 18 2 1 2 7 1 2 7 1 2 7 5 31 3 0 2 7 1 2 7 17 18 2 0 2 7 0 2 7 0 20.2646257877349854
0 2 7 13 6 3 1 2 7 0 2 7 0 2 7 12 16 2 5 30 3 0 2 7 0 2 7 1 2 7 0 2 7 5 31 3 1 2 7 1 2 7 0 2 7 0 2 7 0 2 7 1 2 7 17 9 2 17 18 2 0 20.2646257877349854
1 2 7 0 2 7 13 6 3 1 2 7 5 30 3 0 2 7 0 2 7 0 2 7 0 2 7 0 2 7 17 9 2 0 2 7 1 2 7 17 9 2 1 2 7 0 2 7 1 2 7 12 16 2 5 31 3 0 2 7 0 20.2646257877349854
1 2 7 0 2 7 13 6 3 1 2 11 12 16 2 5 30 3 0 2 7 12 16 2 0 2 7 0 2 7 0 2 7 1 2 11 13 6 3 12 16 2 12 16 2 0 2 7 1 2 4 0 2 7 17 9 2 17 9 2 0 20.3046585321426392
1 2 7 0 2 7 13 6 3 1 2 11 12 16 2 17 18 2 5 30 3 0 2 7 12 16 2 0 2 7 0 2 4 0 2 7 1 2 11 13 6 3 12 16 2 12 16 2 1 2 7 17 18 2 0 2 7 0 2 7 0 20.3046585321426392
1 2 7 0 2 7 13 6 3 1 2 11 12 16 2 5 30 3 0 2 7 12 16 2 0 2 7 0 2 7 0 2 7 1 2 11 13 6 3 12 16 2 12 16 2 0 2 7 17 9 2 0 2 4 1 2 7 17 9 2 0 20.3046585321426392
1 2 7 0 2 7 13 6 3 1 2 11 12 16 2 5 30 3 0 2 7 12 16 2 0 2 7 0 2 7 0 2 7 1 2 11 13 6 3 12 16 2 12 16 2 0 2 7 1 2 4 0 2 7 17 18 2 17 18 2 0 20.3046585321426392
1 2 7 0 2 7 13 6 3 1 2 11 12 16 2 5 30 3 0 2 7 12 16 2 0 2 7 0 2 7 0 2 7 1 2 11 13 6 3 12 16 2 12 16 2 0 2 7 17 9 2 0 2 4 1 2 7 17 18 2 0 20.3046585321426392
1 2 7 0 2 7 13 6 3 1 2 11 12 16 2 17 18 2 5 30 3 0 2 7 12 16 2 0 2 7 0 2 7 0 2 7 1 2 11 13 6 3 12 16 2 12 16 2 0 2 7 1 2 4 0 2 7 17 9 2 0 20.3046585321426392
0 2 11 1 2 4 13 6 3 12 16 2 5 30 3 17 9 2 0 2 7 12 16 2 13 6 3 12 16 2 1 2 7 12 16 2 0 2 7 0 2 7 0 2 7 17 9 2 0 2 7 1 2 11 0 2 7 1 2 7 0 20.3046586513519287

