Current Evaluation = 180(180)
Front Size = 10
5 30 3 0 2 7 17 9 2 0 2 7 12 16 2 1 2 7 0 2 7 1 2 7 0 2 7 0 2 7 13 6 3 1 2 7 0 2 7 1 2 7 0 2 7 17 9 2 5 31 3 1 2 7 0 2 7 0 2 7 0 20.2646257877349854
1 2 7 0 2 4 1 2 11 12 16 2 12 16 2 8 18 2 0 2 3 0 2 7 5 30 3 0 2 7 13 6 3 17 18 2 1 2 7 0 2 7 0 2 7 0 2 7 5 30 3 0 2 7 12 16 2 16 6 2 0 20.6301085948944092
1 2 11 5 30 3 0 2 3 1 2 4 0 2 3 0 2 11 1 2 3 12 16 2 5 30 3 0 2 3 17 18 2 8 18 2 0 2 7 0 2 3 0 2 7 0 2 11 1 2 7 1 2 4 0 2 3 16 6 2 0 21.2347999811172485
1 2 3 5 30 3 0 2 3 0 2 7 1 2 4 0 2 3 16 6 2 0 2 7 0 2 11 0 2 7 12 16 2 1 2 3 0 2 7 1 2 3 0 2 7 0 2 7 5 31 3 0 2 3 12 16 2 16 18 11 0 21.3884019255638123
0 2 11 5 30 3 0 2 3 0 2 7 5 30 3 0 2 11 5 30 3 8 18 2 0 2 8 0 2 7 12 16 2 0 2 3 0 2 11 0 2 8 0 2 11 0 2 11 16 19 11 0 2 11 12 16 2 16 6 2 0 22.3352601528167725
1 2 1 5 30 3 12 16 2 0 2 3 1 2 12 0 2 12 16 19 12 8 9 2 5 30 3 0 2 3 12 16 2 8 9 2 0 2 11 0 2 12 0 2 3 0 2 3 16 9 12 0 2 3 12 16 2 12 16 2 8.66519100630811764e-05 22.6779789924621582
5 30 3 16 19 11 5 30 3 0 2 3 16 19 11 0 2 3 0 2 7 5 30 3 0 2 3 0 2 12 0 2 7 1 2 3 0 2 7 0 2 3 9 2 7 1 2 8 0 2 7 0 2 3 1 2 3 0 2 7 0.00021846958558839605 22.1765177249908447
0 2 7 5 30 3 8 18 2 1 2 3 1 2 7 0 2 12 6 2 3 8 9 3 5 30 3 0 2 7 16 15 2 0 2 2 1 2 4 1 2 7 0 2 7 0 18 3 0 2 7 1 2 7 1 9 2 12 16 2 95409.0468644118519 20.7955228090286255
1 2 1 1 2 7 12 2 2 0 2 7 1 2 12 0 2 11 16 19 12 1 9 2 5 30 3 1 2 3 12 16 2 8 9 2 0 2 7 0 2 11 0 2 11 0 2 7 1 9 12 0 2 3 12 16 2 12 16 3 138167.833203853632 21.7548419833183289
1 2 7 5 30 7 5 31 3 0 2 7 0 2 4 1 2 3 1 2 7 17 2 7 13 6 7 1 2 7 1 30 2 17 18 2 0 2 7 0 2 7 0 2 3 0 16 7 0 2 7 1 2 7 5 30 3 12 16 3 245378.075884271821 20.1784288883209229

Current Evaluation = 360(360)
Front Size = 10
5 30 3 0 2 7 17 9 2 0 2 7 12 16 2 1 2 7 0 2 7 1 2 7 0 2 7 0 2 7 13 6 3 1 2 7 0 2 7 1 2 7 0 2 7 17 9 2 5 31 3 1 2 7 0 2 7 0 2 7 0 20.2646257877349854
1 2 7 0 2 4 1 2 11 12 16 2 12 16 2 8 18 2 0 2 3 0 2 7 5 30 3 0 2 7 13 6 3 17 18 2 1 2 7 0 2 7 0 2 7 0 2 7 5 30 3 0 2 7 12 16 2 16 6 2 0 20.6301085948944092
0 2 7 5 31 3 0 2 7 0 2 7 5 30 3 1 2 8 16 6 2 5 31 3 6 2 3 0 2 7 0 2 7 1 2 8 6 2 7 0 2 7 0 2 7 1 2 3 0 2 7 0 2 7 17 18 2 0 2 7 0 21.0271357893943787
1 2 11 5 30 3 0 2 7 0 2 11 0 2 3 1 2 4 6 2 7 0 2 10 1 2 4 17 9 2 12 16 2 5 31 3 0 2 10 0 2 7 0 2 7 0 2 10 0 2 7 1 2 7 12 16 2 17 18 2 0 21.1721078753471375
1 2 11 5 30 3 0 2 3 1 2 4 0 2 3 0 2 11 1 2 3 12 16 2 5 30 3 0 2 3 17 18 2 8 18 2 0 2 7 0 2 3 0 2 7 0 2 11 1 2 7 1 2 4 0 2 3 16 6 2 0 21.2347999811172485
0 2 3 5 30 3 0 2 3 1 2 3 16 15 2 1 2 7 0 2 7 0 2 7 0 2 3 0 2 3 0 2 3 1 2 7 1 2 7 0 2 3 0 2 4 17 9 2 5 30 3 0 2 7 9 2 7 0 2 3 0 21.3429539203643799
1 2 3 5 30 3 0 2 3 0 2 7 1 2 4 0 2 3 16 6 2 0 2 7 0 2 11 0 2 7 12 16 2 1 2 3 0 2 7 1 2 3 0 2 7 0 2 7 5 31 3 0 2 3 12 16 2 16 18 11 0 21.3884019255638123
0 2 7 5 30 3 0 2 11 0 2 7 5 30 3 0 2 7 16 18 11 5 30 3 0 2 11 0 2 11 0 2 11 1 2 7 0 2 11 0 2 11 0 2 7 1 2 11 12 16 2 0 2 7 17 18 2 15 2 11 0 21.7737080454826355
16 19 11 5 31 3 17 9 2 0 2 11 6 2 7 0 2 7 0 2 11 0 2 7 6 2 11 0 2 7 12 16 2 5 30 3 5 31 3 6 2 11 0 2 7 12 16 2 0 2 7 0 2 7 0 2 11 0 2 7 0 21.7955790162086487
5 30 3 5 30 3 8 9 2 0 2 8 0 2 8 0 2 11 0 2 8 5 31 3 0 2 8 0 2 7 16 6 2 12 16 2 6 2 8 0 2 7 0 2 7 0 2 8 12 16 2 0 2 8 0 2 8 16 19 11 0 22.5684802532196045

Current Evaluation = 540(540)
Front Size = 10
5 30 3 0 2 7 17 9 2 0 2 7 12 16 2 1 2 7 0 2 7 1 2 7 0 2 7 0 2 7 13 6 3 1 2 7 0 2 7 1 2 7 0 2 7 17 9 2 5 31 3 1 2 7 0 2 7 0 2 7 0 20.2646257877349854
1 2 7 0 2 4 1 2 11 12 16 2 12 16 2 8 18 2 0 2 3 0 2 7 5 30 3 0 2 7 13 6 3 17 18 2 1 2 7 0 2 7 0 2 7 0 2 7 5 30 3 0 2 7 12 16 2 16 6 2 0 20.6301085948944092
5 31 3 1 2 7 17 18 2 1 2 7 0 2 7 0 2 7 0 2 7 1 2 7 5 31 3 6 2 7 12 16 2 1 2 7 0 2 7 0 2 7 0 2 1 12 16 2 0 2 7 0 2 4 0 2 4 16 30 2 0 20.7670189738273621
0 2 3 5 30 3 0 2 7 0 2 3 0 2 7 0 2 7 1 2 3 12 16 2 5 31 3 0 2 7 17 18 2 6 2 3 1 2 3 0 2 7 0 2 7 0 2 7 1 2 4 1 2 7 0 2 4 16 24 2 0 20.9011539220809937
0 2 7 5 31 3 0 2 7 0 2 7 5 30 3 1 2 8 16 6 2 5 31 3 6 2 3 0 2 7 0 2 7 1 2 8 6 2 7 0 2 7 0 2 7 1 2 3 0 2 7 0 2 7 17 18 2 0 2 7 0 21.0271357893943787
1 2 11 5 30 3 0 2 7 0 2 11 0 2 3 1 2 4 6 2 7 0 2 10 1 2 4 17 9 2 12 16 2 5 31 3 0 2 10 0 2 7 0 2 7 0 2 10 0 2 7 1 2 7 12 16 2 17 18 2 0 21.1721078753471375
1 2 11 5 30 3 0 2 3 1 2 4 0 2 3 0 2 11 1 2 3 12 16 2 5 30 3 0 2 3 17 18 2 8 18 2 0 2 7 0 2 3 0 2 7 0 2 11 1 2 7 1 2 4 0 2 3 16 6 2 0 21.2347999811172485
0 2 3 5 30 3 0 2 3 1 2 3 16 15 2 1 2 7 0 2 7 0 2 7 0 2 3 0 2 3 0 2 3 1 2 7 1 2 7 0 2 3 0 2 4 17 9 2 5 30 3 0 2 7 9 2 7 0 2 3 0 21.3429539203643799
0 2 7 5 30 3 0 2 11 0 2 7 5 30 3 0 2 7 16 18 11 5 30 3 0 2 11 0 2 11 0 2 11 1 2 7 0 2 11 0 2 11 0 2 7 1 2 11 12 16 2 0 2 7 17 18 2 15 2 11 0 21.7737080454826355
16 19 11 5 31 3 17 9 2 0 2 11 6 2 7 0 2 7 0 2 11 0 2 7 6 2 11 0 2 7 12 16 2 5 30 3 5 31 3 6 2 11 0 2 7 12 16 2 0 2 7 0 2 7 0 2 11 0 2 7 0 21.7955790162086487

Current Evaluation = 720(720)
Front Size = 10
1 2 7 5 30 3 13 6 3 12 16 2 0 2 7 1 2 7 1 2 7 0 2 7 0 2 7 0 2 7 5 31 3 0 2 7 17 18 2 0 2 7 0 2 7 0 2 7 0 2 7 1 2 7 1 2 7 17 9 2 0 20.2646257877349854
0 2 4 5 30 3 12 16 2 0 2 7 0 2 7 1 2 7 0 2 7 13 6 3 1 2 7 0 2 3 17 9 2 16 6 2 12 16 2 0 2 4 1 2 3 12 16 2 5 31 3 0 2 7 0 2 7 6 2 7 0 20.5632757544517517
1 2 7 5 30 3 1 2 11 0 2 11 0 2 7 0 2 3 17 18 2 8 9 2 0 2 4 1 2 7 0 2 4 1 2 7 0 2 7 0 2 7 1 2 7 17 18 2 5 30 3 1 2 11 0 2 11 0 2 7 0 20.8198409080505371
1 2 7 5 31 3 0 2 3 0 2 7 12 16 2 0 2 7 0 2 3 16 6 2 5 30 3 1 2 7 0 2 3 1 2 7 0 2 3 0 2 7 0 2 3 1 2 3 0 2 7 0 2 3 1 2 3 16 30 2 0 20.9838579893112183
0 2 7 5 31 3 0 2 7 0 2 7 5 30 3 1 2 8 16 6 2 5 31 3 6 2 3 0 2 7 0 2 7 1 2 8 6 2 7 0 2 7 0 2 7 1 2 3 0 2 7 0 2 7 17 18 2 0 2 7 0 21.0271357893943787
1 2 11 5 30 3 0 2 3 1 2 4 0 2 3 0 2 11 1 2 3 12 16 2 5 30 3 0 2 3 17 18 2 8 18 2 0 2 7 0 2 3 0 2 7 0 2 11 1 2 7 1 2 4 0 2 3 16 6 2 0 21.2347999811172485
0 2 7 5 30 3 0 2 11 0 2 7 5 30 3 0 2 7 16 18 11 5 30 3 0 2 11 0 2 11 0 2 11 1 2 7 0 2 11 0 2 11 0 2 7 1 2 11 12 16 2 0 2 7 17 18 2 15 2 11 0 21.7737080454826355
1 2 7 5 30 3 0 2 7 0 2 7 0 2 8 5 30 3 0 2 7 16 19 11 5 30 3 0 2 8 0 2 8 16 19 11 0 2 7 6 2 8 0 2 3 0 2 7 1 2 3 0 2 7 8 18 2 0 2 8 0.000555852482441046114 22.0351510047912598
1 2 11 5 30 3 0 2 3 0 2 7 0 16 2 0 2 11 1 2 3 12 6 2 5 30 3 0 2 7 17 2 2 8 18 2 0 2 7 0 2 3 0 2 7 1 2 3 0 2 7 0 2 3 1 2 3 16 6 2 70826.4258383838605 21.0741349458694458
0 2 3 5 30 3 0 2 7 0 2 3 5 30 3 1 2 8 16 6 3 12 31 2 5 31 3 0 2 7 17 2 2 6 2 3 1 2 7 0 2 7 0 2 7 1 2 7 1 2 7 0 2 7 17 2 2 16 2 7 180739.661954532028 20.9096308946609497

Current Evaluation = 900(900)
Front Size = 10
1 2 7 5 30 3 13 6 3 12 16 2 0 2 7 1 2 7 1 2 7 0 2 7 0 2 7 0 2 7 5 31 3 0 2 7 17 18 2 0 2 7 0 2 7 0 2 7 0 2 7 1 2 7 1 2 7 17 9 2 0 20.2646257877349854
0 2 4 5 30 3 12 16 2 0 2 7 0 2 7 1 2 7 0 2 7 13 6 3 1 2 7 0 2 3 17 9 2 16 6 2 12 16 2 0 2 4 1 2 3 12 16 2 5 31 3 0 2 7 0 2 7 6 2 7 0 20.5632757544517517
1 2 7 5 30 3 0 2 4 1 2 7 0 2 4 0 2 7 0 2 7 12 16 2 5 30 3 0 2 7 17 18 2 0 2 3 1 2 7 1 2 3 0 2 7 0 2 10 0 2 3 1 2 11 0 2 7 16 31 2 0 20.8012487888336182
1 2 7 1 2 7 15 2 11 0 2 7 0 2 4 0 2 4 1 2 3 1 2 7 5 30 3 0 2 11 17 9 2 0 2 7 1 2 7 0 2 10 0 2 7 0 2 11 5 30 3 0 2 7 0 2 11 17 9 2 0 20.871785044670105
0 2 7 5 31 3 0 2 7 1 2 7 12 16 2 1 2 7 0 2 3 16 6 2 5 31 3 12 16 2 6 2 3 0 2 7 0 2 3 0 2 3 0 2 7 0 2 7 1 2 7 0 2 4 0 2 7 16 6 2 0 20.894156813621521
1 2 7 5 31 3 0 2 3 0 2 7 12 16 2 0 2 7 0 2 3 16 6 2 5 30 3 1 2 7 0 2 3 1 2 7 0 2 3 0 2 7 0 2 3 1 2 3 0 2 7 0 2 3 1 2 3 16 30 2 0 20.9838579893112183
0 2 7 5 31 3 0 2 7 0 2 7 5 30 3 1 2 8 16 6 2 5 31 3 6 2 3 0 2 7 0 2 7 1 2 8 6 2 7 0 2 7 0 2 7 1 2 3 0 2 7 0 2 7 17 18 2 0 2 7 0 21.0271357893943787
0 2 3 5 30 3 12 16 2 1 2 7 0 2 7 1 2 7 0 2 7 12 16 2 1 2 4 0 2 7 12 16 2 16 9 11 5 31 3 0 2 7 0 2 11 0 2 7 0 2 7 0 2 7 1 2 7 16 31 2 0 21.101101815700531
1 2 11 5 30 3 0 2 3 1 2 4 0 2 3 0 2 11 1 2 3 12 16 2 5 30 3 0 2 3 17 18 2 8 18 2 0 2 7 0 2 3 0 2 7 0 2 11 1 2 7 1 2 4 0 2 3 16 6 2 0 21.2347999811172485
6 2 7 5 30 3 17 9 2 1 2 11 0 2 11 5 30 3 1 2 7 16 19 11 5 31 3 0 2 3 12 16 2 0 2 7 0 2 7 0 2 7 0 2 7 0 2 3 0 2 7 6 2 7 0 2 11 0 2 7 0 21.5014568567276001

Current Evaluation = 1080(1080)
Front Size = 10
1 2 7 5 30 3 13 6 3 12 16 2 0 2 7 1 2 7 1 2 7 0 2 7 0 2 7 0 2 7 5 31 3 0 2 7 17 18 2 0 2 7 0 2 7 0 2 7 0 2 7 1 2 7 1 2 7 17 9 2 0 20.2646257877349854
0 2 4 5 30 3 12 16 2 0 2 7 0 2 7 1 2 7 0 2 7 13 6 3 1 2 7 0 2 3 17 9 2 16 6 2 12 16 2 0 2 4 1 2 3 12 16 2 5 31 3 0 2 7 0 2 7 6 2 7 0 20.5632757544517517
1 2 3 5 31 3 0 2 7 0 2 7 12 16 2 0 2 7 0 2 7 16 6 2 5 31 3 12 16 2 0 2 7 0 2 7 1 2 7 0 2 7 0 2 7 1 2 7 0 2 7 0 2 7 1 2 3 16 30 2 0 20.7024868726730347
1 2 7 5 30 3 0 2 4 1 2 7 0 2 4 0 2 7 0 2 7 12 16 2 5 30 3 0 2 7 17 18 2 0 2 3 1 2 7 1 2 3 0 2 7 0 2 10 0 2 3 1 2 11 0 2 7 16 31 2 0 20.8012487888336182
0 2 7 5 31 3 0 2 4 12 16 2 0 2 4 0 2 11 1 2 7 0 2 7 17 18 2 1 2 7 6 2 11 6 2 7 0 2 7 0 2 7 5 31 3 0 2 7 0 2 7 1 2 11 1 2 7 17 9 2 0 20.867929995059967
0 2 3 5 31 3 0 2 7 0 2 7 12 16 2 0 2 3 0 2 10 16 6 2 5 31 3 12 16 2 1 2 7 0 2 3 1 2 7 0 2 7 0 2 7 6 2 7 0 2 7 0 2 7 1 2 7 16 6 2 0 20.8681568503379822
1 2 7 1 2 7 15 2 11 0 2 7 0 2 4 0 2 4 1 2 3 1 2 7 5 30 3 0 2 11 17 9 2 0 2 7 1 2 7 0 2 10 0 2 7 0 2 11 5 30 3 0 2 7 0 2 11 17 9 2 0 20.871785044670105
1 2 7 5 31 3 0 2 3 0 2 7 12 16 2 0 2 7 0 2 3 16 6 2 5 30 3 1 2 7 0 2 3 1 2 7 0 2 3 0 2 7 0 2 3 1 2 3 0 2 7 0 2 3 1 2 3 16 30 2 0 20.9838579893112183
0 2 3 5 30 3 12 16 2 1 2 7 0 2 7 1 2 7 0 2 7 12 16 2 1 2 4 0 2 7 12 16 2 16 9 11 5 31 3 0 2 7 0 2 11 0 2 7 0 2 7 0 2 7 1 2 7 16 31 2 0 21.101101815700531
1 2 11 5 30 3 0 2 3 1 2 4 0 2 3 0 2 11 1 2 3 12 16 2 5 30 3 0 2 3 17 18 2 8 18 2 0 2 7 0 2 3 0 2 7 0 2 11 1 2 7 1 2 4 0 2 3 16 6 2 0 21.2347999811172485

Current Evaluation = 1260(1260)
Front Size = 10
1 2 7 5 30 3 13 6 3 12 16 2 0 2 7 1 2 7 1 2 7 0 2 7 0 2 7 0 2 7 5 31 3 0 2 7 17 18 2 0 2 7 0 2 7 0 2 7 0 2 7 1 2 7 1 2 7 17 9 2 0 20.2646257877349854
0 2 4 5 30 3 12 16 2 0 2 7 0 2 7 1 2 7 0 2 7 13 6 3 1 2 7 0 2 3 17 9 2 16 6 2 12 16 2 0 2 4 1 2 3 12 16 2 5 31 3 0 2 7 0 2 7 6 2 7 0 20.5632757544517517
0 2 7 1 2 7 0 2 10 1 2 7 0 2 7 1 2 7 0 2 3 5 30 3 17 9 2 1 2 7 0 2 4 0 2 10 1 2 7 0 2 7 5 31 3 0 2 7 0 2 4 1 2 7 0 2 7 17 9 2 0 20.5764669179916382
0 2 7 5 30 3 1 2 7 0 2 3 1 2 7 0 2 7 0 2 3 16 30 2 17 9 2 1 2 11 5 31 3 0 2 7 1 2 7 0 2 7 1 2 7 1 2 7 0 2 3 0 2 3 0 2 7 0 2 7 0 20.6688989400863647
1 2 3 5 31 3 0 2 7 0 2 7 12 16 2 0 2 7 0 2 7 16 6 2 5 31 3 12 16 2 0 2 7 0 2 7 1 2 7 0 2 7 0 2 7 1 2 7 0 2 7 0 2 7 1 2 3 16 30 2 0 20.7024868726730347
1 2 7 5 30 3 0 2 4 1 2 7 0 2 4 0 2 7 0 2 7 12 16 2 5 30 3 0 2 7 17 18 2 0 2 3 1 2 7 1 2 3 0 2 7 0 2 10 0 2 3 1 2 11 0 2 7 16 31 2 0 20.8012487888336182
0 2 7 5 31 3 0 2 4 12 16 2 0 2 4 0 2 11 1 2 7 0 2 7 17 18 2 1 2 7 6 2 11 6 2 7 0 2 7 0 2 7 5 31 3 0 2 7 0 2 7 1 2 11 1 2 7 17 9 2 0 20.867929995059967
0 2 3 5 31 3 0 2 7 0 2 7 12 16 2 0 2 3 0 2 10 16 6 2 5 31 3 12 16 2 1 2 7 0 2 3 1 2 7 0 2 7 0 2 7 6 2 7 0 2 7 0 2 7 1 2 7 16 6 2 0 20.8681568503379822
0 2 3 5 31 3 0 2 4 12 16 2 0 2 7 1 2 3 0 2 7 1 2 7 16 9 11 0 2 7 0 2 7 1 2 7 5 30 3 1 2 4 0 2 3 0 2 7 0 2 7 0 2 7 1 2 7 17 9 2 0 20.9542428851127625
1 2 7 5 31 3 0 2 3 0 2 7 12 16 2 0 2 7 0 2 3 16 6 2 5 30 3 1 2 7 0 2 3 1 2 7 0 2 3 0 2 7 0 2 3 1 2 3 0 2 7 0 2 3 1 2 3 16 30 2 0 20.9838579893112183

Current Evaluation = 1440(1440)
Front Size = 10
1 2 7 5 30 3 13 6 3 12 16 2 0 2 7 1 2 7 1 2 7 0 2 7 0 2 7 0 2 7 5 31 3 0 2 7 17 18 2 0 2 7 0 2 7 0 2 7 0 2 7 1 2 7 1 2 7 17 9 2 0 20.2646257877349854
0 2 3 5 30 3 12 16 2 0 2 7 0 2 4 1 2 7 0 2 7 13 6 3 0 2 7 0 2 7 17 9 2 16 31 2 12 16 2 1 2 7 0 2 7 12 16 2 5 30 3 0 2 7 1 2 7 1 2 4 0 20.4516056776046753
1 2 7 5 31 3 0 2 7 0 2 7 12 16 2 0 2 4 6 2 7 17 18 2 5 31 3 12 16 2 1 2 4 0 2 7 1 2 7 0 2 7 0 2 7 0 2 7 0 2 7 0 2 7 1 2 7 16 24 2 0 20.6492308974266052
0 2 7 5 30 3 1 2 7 0 2 3 1 2 7 0 2 7 0 2 3 16 30 2 17 9 2 1 2 11 5 31 3 0 2 7 1 2 7 0 2 7 1 2 7 1 2 7 0 2 3 0 2 3 0 2 7 0 2 7 0 20.6688989400863647
1 2 3 5 31 3 0 2 7 0 2 7 12 16 2 0 2 7 0 2 7 16 6 2 5 31 3 12 16 2 0 2 7 0 2 7 1 2 7 0 2 7 0 2 7 1 2 7 0 2 7 0 2 7 1 2 3 16 30 2 0 20.7024868726730347
1 2 7 5 30 3 0 2 4 1 2 7 0 2 4 0 2 7 0 2 7 12 16 2 5 30 3 0 2 7 17 18 2 0 2 3 1 2 7 1 2 3 0 2 7 0 2 10 0 2 3 1 2 11 0 2 7 16 31 2 0 20.8012487888336182
0 2 3 5 31 3 0 2 7 0 2 7 12 16 2 0 2 3 0 2 10 16 6 2 5 31 3 12 16 2 1 2 7 0 2 3 1 2 7 0 2 7 0 2 7 6 2 7 0 2 7 0 2 7 1 2 7 16 6 2 0 20.8681568503379822
1 2 7 5 31 3 0 2 3 0 2 7 12 16 2 0 2 7 0 2 3 16 6 2 5 30 3 1 2 7 0 2 3 1 2 7 0 2 3 0 2 7 0 2 3 1 2 3 0 2 7 0 2 3 1 2 3 16 30 2 0 20.9838579893112183
0 2 11 5 30 3 1 2 7 0 2 11 0 2 7 0 2 3 1 2 7 15 2 11 5 30 3 0 2 11 5 30 3 0 2 11 17 9 2 1 2 7 0 2 3 1 2 3 0 2 7 0 2 3 0 2 7 16 6 2 0 21.3147890567779541
1 2 3 5 31 3 13 6 3 0 2 2 12 2 7 1 2 7 0 2 7 0 2 2 0 2 7 0 16 2 5 31 7 0 2 7 1 18 2 0 2 7 0 2 7 0 2 7 0 2 7 0 2 7 1 2 3 16 30 2 85906.8805625316745 20.4427711963653564

Current Evaluation = 1620(1620)
Front Size = 10
0 2 7 5 30 3 0 2 7 12 16 2 17 9 2 0 2 7 0 2 7 17 18 2 0 2 7 1 2 7 1 2 7 1 2 7 5 31 3 1 2 7 13 6 3 0 2 7 1 2 7 0 2 7 0 2 7 0 2 7 0 20.2646257877349854
0 2 3 5 30 3 12 16 2 0 2 7 0 2 4 1 2 7 0 2 7 13 6 3 0 2 7 0 2 7 17 9 2 16 31 2 12 16 2 1 2 7 0 2 7 12 16 2 5 30 3 0 2 7 1 2 7 1 2 4 0 20.4516056776046753
0 2 10 5 30 3 0 2 7 0 2 7 17 18 2 0 2 7 0 2 4 0 2 7 1 2 7 1 2 7 5 31 3 0 2 10 1 2 7 0 2 4 1 2 3 1 2 7 1 2 7 0 2 7 0 2 7 17 18 2 0 20.5764669179916382
0 2 7 5 30 3 0 2 4 0 2 7 12 16 2 1 2 7 0 2 7 1 2 7 0 2 7 0 2 3 5 31 3 15 2 11 16 6 2 0 2 7 0 2 7 1 2 7 0 2 4 1 2 7 0 2 7 17 18 2 0 20.6338227987289429
1 2 7 5 31 3 0 2 7 0 2 7 12 16 2 0 2 4 6 2 7 17 18 2 5 31 3 12 16 2 1 2 4 0 2 7 1 2 7 0 2 7 0 2 7 0 2 7 0 2 7 0 2 7 1 2 7 16 24 2 0 20.6492308974266052
1 2 7 5 30 3 0 2 7 1 2 7 0 2 7 0 2 7 0 2 3 0 2 7 5 30 3 0 2 7 17 18 2 1 2 3 1 2 7 1 2 3 0 2 7 0 2 7 0 2 3 1 2 11 0 2 7 16 31 2 0 20.6688988208770752
0 2 7 5 30 3 1 2 7 0 2 3 1 2 7 0 2 7 0 2 3 16 30 2 17 9 2 1 2 11 5 31 3 0 2 7 1 2 7 0 2 7 1 2 7 1 2 7 0 2 3 0 2 3 0 2 7 0 2 7 0 20.6688989400863647
1 2 3 5 31 3 0 2 7 0 2 7 12 16 2 0 2 7 0 2 7 16 6 2 5 31 3 12 16 2 0 2 7 0 2 7 1 2 7 0 2 7 0 2 7 1 2 7 0 2 7 0 2 7 1 2 3 16 30 2 0 20.7024868726730347
1 2 7 5 30 3 0 2 7 1 2 4 0 2 12 0 2 7 0 2 7 12 16 2 5 31 3 0 2 7 17 9 2 0 2 7 1 2 7 1 2 3 0 2 3 0 2 7 8 18 2 1 2 7 0 2 7 16 6 2 0 20.769278883934021
0 2 3 5 31 3 0 2 7 0 2 7 12 16 2 0 2 3 0 2 10 16 6 2 5 31 3 12 16 2 1 2 7 0 2 3 1 2 7 0 2 7 0 2 7 6 2 7 0 2 7 0 2 7 1 2 7 16 6 2 0 20.8681568503379822

Current Evaluation = 1800(1800)
Front Size = 10
0 2 7 5 30 3 0 2 7 12 16 2 17 9 2 0 2 7 0 2 7 17 18 2 0 2 7 1 2 7 1 2 7 1 2 7 5 31 3 1 2 7 13 6 3 0 2 7 1 2 7 0 2 7 0 2 7 0 2 7 0 20.2646257877349854
0 2 3 5 30 3 12 16 2 0 2 7 0 2 4 1 2 7 0 2 7 13 6 3 0 2 7 0 2 7 17 9 2 16 31 2 12 16 2 1 2 7 0 2 7 12 16 2 5 30 3 0 2 7 1 2 7 1 2 4 0 20.4516056776046753
12 16 2 5 31 3 0 2 4 1 2 7 0 2 7 0 2 7 1 2 7 1 2 7 5 31 3 6 2 7 17 18 2 0 2 7 0 2 7 1 2 4 0 2 7 0 2 7 0 2 7 0 2 7 0 2 7 16 6 2 0 20.4595978856086731
1 2 7 5 31 3 0 2 7 5 30 3 0 2 7 0 2 7 0 2 3 17 18 2 0 2 7 0 2 7 1 2 7 0 2 7 1 2 7 1 2 3 0 2 7 0 2 4 1 2 4 1 2 7 0 2 7 17 18 2 0 20.5684669017791748
1 2 7 5 31 3 5 30 3 0 2 4 0 2 7 0 2 4 1 2 7 17 18 2 0 2 3 1 2 7 0 2 7 0 2 7 1 2 7 0 2 7 0 2 10 0 2 7 1 2 7 0 2 10 1 2 7 17 18 2 0 20.5764669179916382
1 2 7 5 30 3 0 2 7 1 2 11 0 2 7 0 2 3 1 2 3 0 2 7 5 30 3 0 2 7 17 18 2 0 2 3 1 2 7 1 2 3 0 2 7 0 2 7 0 2 7 1 2 7 0 2 7 16 31 2 0 20.6688988208770752
0 2 7 5 30 3 1 2 7 0 2 3 1 2 7 0 2 7 0 2 3 16 30 2 17 9 2 1 2 11 5 31 3 0 2 7 1 2 7 0 2 7 1 2 7 1 2 7 0 2 3 0 2 3 0 2 7 0 2 7 0 20.6688989400863647
1 2 3 5 31 3 0 2 7 0 2 7 12 16 2 0 2 7 0 2 7 16 6 2 5 31 3 12 16 2 0 2 7 0 2 7 1 2 7 0 2 7 0 2 7 1 2 7 0 2 7 0 2 7 1 2 3 16 30 2 0 20.7024868726730347
1 2 7 5 30 3 0 2 7 1 2 4 0 2 12 0 2 7 0 2 7 12 16 2 5 31 3 0 2 7 17 9 2 0 2 7 1 2 7 1 2 3 0 2 3 0 2 7 8 18 2 1 2 7 0 2 7 16 6 2 0 20.769278883934021
0 2 3 5 31 3 0 2 7 0 2 7 12 16 2 0 2 3 0 2 10 16 6 2 5 31 3 12 16 2 1 2 7 0 2 3 1 2 7 0 2 7 0 2 7 6 2 7 0 2 7 0 2 7 1 2 7 16 6 2 0 20.8681568503379822

Current Evaluation = 1980(1980)
Front Size = 10
1 2 7 5 31 3 1 2 7 0 2 7 12 16 2 1 2 7 0 2 7 1 2 7 5 30 3 1 2 7 17 18 2 0 2 7 0 2 7 13 6 3 0 2 7 0 2 7 0 2 7 0 2 7 0 2 7 17 18 2 0 20.2646257877349854
0 2 3 5 30 3 12 16 2 0 2 7 0 2 4 1 2 7 0 2 7 13 6 3 0 2 7 0 2 7 17 9 2 16 31 2 12 16 2 1 2 7 0 2 7 12 16 2 5 30 3 0 2 7 1 2 7 1 2 4 0 20.4516056776046753
0 2 7 5 31 3 0 2 7 0 2 7 12 16 2 0 2 4 1 2 7 0 2 4 5 31 3 6 2 7 17 9 2 0 2 7 0 2 7 0 2 7 1 2 7 1 2 7 0 2 7 0 2 7 1 2 7 16 6 2 0 20.4595978856086731
1 2 7 5 31 3 5 30 3 0 2 4 0 2 7 0 2 4 1 2 7 17 18 2 0 2 3 1 2 7 0 2 7 0 2 7 1 2 7 0 2 7 0 2 10 0 2 7 1 2 7 0 2 10 1 2 7 17 18 2 0 20.5764669179916382
15 2 11 5 30 3 0 2 7 1 2 7 0 2 7 0 2 7 12 16 2 0 2 4 5 31 3 0 2 7 17 18 2 0 2 7 0 2 7 1 2 7 0 2 7 0 2 7 0 2 3 1 2 7 1 2 4 16 6 2 0 20.6338227987289429
1 2 11 5 31 3 0 2 7 0 2 7 0 2 7 1 2 11 0 2 7 0 2 7 5 30 3 1 2 7 17 18 2 1 2 7 0 2 7 17 9 2 0 2 7 0 2 4 1 2 7 0 2 7 1 2 7 8 18 2 0 20.6409198045730591
0 2 7 5 30 3 0 2 3 1 2 11 0 2 7 0 2 3 1 2 7 1 2 7 5 30 3 0 2 7 17 18 2 0 2 7 1 2 7 1 2 7 0 2 3 0 2 7 0 2 7 1 2 7 0 2 3 16 31 2 0 20.6688988208770752
1 2 3 5 31 3 0 2 7 0 2 7 12 16 2 0 2 7 0 2 7 16 6 2 5 31 3 12 16 2 0 2 7 0 2 7 1 2 7 0 2 7 0 2 7 1 2 7 0 2 7 0 2 7 1 2 3 16 30 2 0 20.7024868726730347
1 2 7 5 30 3 0 2 7 0 2 7 16 15 2 0 2 7 8 9 2 5 30 3 0 2 7 1 2 7 0 2 4 12 16 2 0 2 7 8 9 2 0 2 7 17 18 2 1 2 7 0 2 7 0 2 7 12 16 2 0 20.8408946990966797
0 2 3 5 31 3 0 2 7 0 2 7 12 16 2 0 2 3 0 2 10 16 6 2 5 31 3 12 16 2 1 2 7 0 2 3 1 2 7 0 2 7 0 2 7 6 2 7 0 2 7 0 2 7 1 2 7 16 6 2 0 20.8681568503379822

Current Evaluation = 2160(2160)
Front Size = 10
1 2 7 5 31 3 1 2 7 0 2 7 12 16 2 1 2 7 0 2 7 1 2 7 5 30 3 1 2 7 17 18 2 0 2 7 0 2 7 13 6 3 0 2 7 0 2 7 0 2 7 0 2 7 0 2 7 17 18 2 0 20.2646257877349854
0 2 3 5 30 3 12 16 2 0 2 7 0 2 4 1 2 7 0 2 7 13 6 3 0 2 7 0 2 7 17 9 2 16 31 2 12 16 2 1 2 7 0 2 7 12 16 2 5 30 3 0 2 7 1 2 7 1 2 4 0 20.4516056776046753
0 2 7 5 31 3 5 31 3 0 2 7 0 2 7 0 2 7 6 2 7 1 2 7 0 2 4 0 2 7 1 2 4 0 2 7 1 2 7 0 2 7 0 2 7 0 2 7 16 6 2 12 16 2 1 2 7 17 9 2 0 20.4595978856086731
1 2 7 5 31 3 17 9 2 0 2 7 0 2 7 0 2 7 1 2 7 1 2 7 5 31 3 0 2 7 1 2 7 1 2 7 0 2 7 0 2 7 0 2 7 1 2 7 0 2 7 0 2 4 0 2 4 17 18 2 0 20.4687459468841553
0 2 7 5 30 3 1 2 7 0 2 7 12 16 2 0 2 7 0 2 4 1 2 7 5 31 3 0 2 4 17 18 2 0 2 7 1 2 7 1 2 7 0 2 3 0 2 7 0 2 7 0 2 7 1 2 7 16 31 2 0 20.5479278564453125
1 2 7 5 31 3 5 30 3 0 2 4 0 2 7 0 2 4 1 2 7 17 18 2 0 2 3 1 2 7 0 2 7 0 2 7 1 2 7 0 2 7 0 2 10 0 2 7 1 2 7 0 2 10 1 2 7 17 18 2 0 20.5764669179916382
15 2 11 5 30 3 0 2 7 1 2 7 0 2 7 0 2 7 12 16 2 0 2 4 5 31 3 0 2 7 17 18 2 0 2 7 0 2 7 1 2 7 0 2 7 0 2 7 0 2 3 1 2 7 1 2 4 16 6 2 0 20.6338227987289429
1 2 11 5 31 3 0 2 7 0 2 7 0 2 7 1 2 11 0 2 7 0 2 7 5 30 3 1 2 7 17 18 2 1 2 7 0 2 7 17 9 2 0 2 7 0 2 4 1 2 7 0 2 7 1 2 7 8 18 2 0 20.6409198045730591
0 2 7 5 30 3 0 2 3 1 2 11 0 2 7 0 2 3 1 2 7 1 2 7 5 30 3 0 2 7 17 18 2 0 2 7 1 2 7 1 2 7 0 2 3 0 2 7 0 2 7 1 2 7 0 2 3 16 31 2 0 20.6688988208770752
1 2 3 5 31 3 0 2 7 0 2 7 12 16 2 0 2 7 0 2 7 16 6 2 5 31 3 12 16 2 0 2 7 0 2 7 1 2 7 0 2 7 0 2 7 1 2 7 0 2 7 0 2 7 1 2 3 16 30 2 0 20.7024868726730347

Current Evaluation = 2340(2340)
Front Size = 10
1 2 7 5 31 3 1 2 7 0 2 7 12 16 2 1 2 7 0 2 7 1 2 7 5 30 3 1 2 7 17 18 2 0 2 7 0 2 7 13 6 3 0 2 7 0 2 7 0 2 7 0 2 7 0 2 7 17 18 2 0 20.2646257877349854
0 2 3 5 30 3 12 16 2 0 2 7 0 2 4 1 2 7 0 2 7 13 6 3 0 2 7 0 2 7 17 9 2 16 31 2 12 16 2 1 2 7 0 2 7 12 16 2 5 30 3 0 2 7 1 2 7 1 2 4 0 20.4516056776046753
0 2 7 5 31 3 5 31 3 0 2 7 0 2 7 0 2 7 6 2 7 1 2 7 0 2 4 0 2 7 1 2 4 0 2 7 1 2 7 0 2 7 0 2 7 0 2 7 16 6 2 12 16 2 1 2 7 17 9 2 0 20.4595978856086731
1 2 7 5 31 3 17 9 2 0 2 7 0 2 7 0 2 7 1 2 7 1 2 7 5 31 3 0 2 7 1 2 7 1 2 7 0 2 7 0 2 7 0 2 7 1 2 7 0 2 7 0 2 4 0 2 4 17 18 2 0 20.4687459468841553
0 2 7 5 30 3 0 2 7 0 2 7 12 16 2 0 2 7 12 16 2 0 2 4 0 2 11 1 2 7 0 2 7 5 31 3 0 2 7 6 2 3 13 6 3 1 2 7 17 18 2 1 2 7 12 16 2 16 30 2 0 20.5474988222122192
0 2 7 5 30 3 1 2 7 0 2 7 12 16 2 0 2 7 0 2 4 1 2 7 5 31 3 0 2 4 17 18 2 0 2 7 1 2 7 1 2 7 0 2 3 0 2 7 0 2 7 0 2 7 1 2 7 16 31 2 0 20.5479278564453125
0 2 7 5 30 3 0 2 7 1 2 4 0 2 7 17 18 2 0 2 7 0 2 10 5 31 3 1 2 10 0 2 7 1 2 3 1 2 4 1 2 7 0 2 7 0 2 7 1 2 7 0 2 7 0 2 7 17 18 2 0 20.5764669179916382
1 2 7 5 31 3 0 2 7 1 2 4 5 30 3 0 2 7 17 9 2 0 2 7 0 2 4 1 2 7 0 2 3 0 2 10 0 2 7 1 2 10 0 2 7 1 2 7 0 2 7 0 2 7 1 2 7 17 18 2 0 20.5764669179916382
1 2 7 5 31 3 5 30 3 0 2 4 0 2 7 0 2 4 1 2 7 17 18 2 0 2 3 1 2 7 0 2 7 0 2 7 1 2 7 0 2 7 0 2 10 0 2 7 1 2 7 0 2 10 1 2 7 17 18 2 0 20.5764669179916382
1 2 3 5 31 3 0 2 7 0 2 7 12 16 2 0 2 4 16 6 2 0 2 7 5 30 3 0 2 7 17 18 2 0 2 7 1 2 7 0 2 7 0 2 7 0 2 7 0 2 7 1 2 7 1 2 4 15 2 11 0 20.6338227987289429

Current Evaluation = 2520(2520)
Front Size = 10
0 2 7 5 31 3 1 2 7 0 2 7 12 16 2 1 2 7 0 2 7 1 2 7 5 30 3 1 2 7 17 18 2 0 2 7 0 2 7 13 6 3 1 2 7 0 2 7 0 2 7 0 2 7 0 2 7 17 9 2 0 20.2646257877349854
0 2 3 5 30 3 12 16 2 0 2 7 0 2 4 1 2 7 0 2 7 13 6 3 0 2 7 0 2 7 17 9 2 16 31 2 12 16 2 1 2 7 0 2 7 12 16 2 5 30 3 0 2 7 1 2 7 1 2 4 0 20.4516056776046753
0 2 7 5 31 3 5 31 3 0 2 7 0 2 7 0 2 7 6 2 7 1 2 7 0 2 4 0 2 7 1 2 4 0 2 7 1 2 7 0 2 7 0 2 7 0 2 7 16 6 2 12 16 2 1 2 7 17 9 2 0 20.4595978856086731
0 2 7 5 31 3 6 2 7 0 2 7 12 16 2 1 2 7 0 2 7 1 2 7 5 31 3 0 2 4 17 18 2 1 2 7 0 2 7 0 2 7 0 2 7 0 2 7 1 2 7 0 2 4 0 2 7 16 6 2 0 20.4595978856086731
0 2 7 5 30 3 1 2 7 0 2 7 12 16 2 0 2 7 0 2 7 1 2 4 5 31 3 0 2 7 17 18 2 0 2 7 1 2 7 1 2 7 0 2 7 0 2 7 0 2 7 0 2 7 1 2 7 16 31 2 0 20.4679278135299683
1 2 7 5 31 3 17 9 2 0 2 7 0 2 7 0 2 7 1 2 7 1 2 7 5 31 3 0 2 7 1 2 7 1 2 7 0 2 7 0 2 7 0 2 7 1 2 7 0 2 7 0 2 4 0 2 4 17 18 2 0 20.4687459468841553
0 2 7 5 30 3 0 2 7 0 2 7 12 16 2 0 2 7 12 16 2 0 2 4 0 2 11 1 2 7 0 2 7 5 31 3 0 2 7 6 2 3 13 6 3 1 2 7 17 18 2 1 2 7 12 16 2 16 30 2 0 20.5474988222122192
0 2 7 5 30 3 1 2 7 0 2 7 12 16 2 0 2 7 0 2 4 1 2 7 5 31 3 0 2 4 17 18 2 0 2 7 1 2 7 1 2 7 0 2 3 0 2 7 0 2 7 0 2 7 1 2 7 16 31 2 0 20.5479278564453125
0 2 7 5 30 3 0 2 7 1 2 4 0 2 7 17 18 2 0 2 7 0 2 10 5 31 3 1 2 10 0 2 7 1 2 3 1 2 4 1 2 7 0 2 7 0 2 7 1 2 7 0 2 7 0 2 7 17 18 2 0 20.5764669179916382
1 2 7 5 31 3 5 30 3 0 2 4 0 2 7 0 2 4 1 2 7 17 18 2 0 2 3 1 2 7 0 2 7 0 2 7 1 2 7 0 2 7 0 2 10 0 2 7 1 2 7 0 2 10 1 2 7 17 18 2 0 20.5764669179916382

Current Evaluation = 2700(2700)
Front Size = 10
1 2 7 5 31 3 1 2 7 13 6 3 12 16 2 1 2 7 0 2 7 1 2 7 5 30 3 0 2 7 17 18 2 0 2 7 0 2 7 1 2 7 0 2 7 0 2 7 0 2 7 0 2 7 0 2 7 17 9 2 0 20.2646257877349854
0 2 3 5 30 3 12 16 2 0 2 7 0 2 4 1 2 7 0 2 7 13 6 3 0 2 7 0 2 7 17 9 2 16 31 2 12 16 2 1 2 7 0 2 7 12 16 2 5 30 3 0 2 7 1 2 7 1 2 4 0 20.4516056776046753
0 2 4 5 31 3 1 2 7 0 2 7 12 16 2 0 2 7 12 16 2 0 2 7 0 2 7 1 2 4 0 2 7 5 30 3 0 2 7 1 2 3 13 6 3 0 2 7 17 18 2 1 2 7 12 16 2 16 30 2 0 20.4516057968139648
0 2 7 5 31 3 0 2 7 1 2 7 12 16 2 1 2 7 0 2 4 1 2 7 5 31 3 0 2 7 17 18 2 0 2 4 0 2 7 0 2 7 6 2 7 0 2 7 0 2 7 1 2 7 0 2 7 16 6 2 0 20.4595978856086731
0 2 7 5 30 3 1 2 7 0 2 7 12 16 2 0 2 7 0 2 7 1 2 4 5 31 3 0 2 7 17 18 2 0 2 7 1 2 7 1 2 7 0 2 7 0 2 7 0 2 7 0 2 7 1 2 7 16 31 2 0 20.4679278135299683
1 2 7 5 31 3 17 9 2 0 2 7 0 2 7 0 2 7 1 2 7 1 2 7 5 31 3 0 2 7 1 2 7 1 2 7 0 2 7 0 2 7 0 2 7 1 2 7 0 2 7 0 2 4 0 2 4 17 18 2 0 20.4687459468841553
0 2 7 5 31 3 1 2 7 0 2 7 12 16 2 0 2 7 12 16 2 0 2 7 0 2 7 1 2 7 0 2 7 5 30 3 0 2 3 1 2 7 13 6 3 0 2 7 17 18 2 6 2 7 12 16 2 16 24 2 0 20.5451107621192932
6 2 7 5 30 3 0 2 7 0 2 7 12 16 2 0 2 4 12 16 2 0 2 11 0 2 7 0 2 7 0 2 7 5 30 3 1 2 3 0 2 7 13 6 3 1 2 7 17 18 2 1 2 7 12 16 2 16 31 2 0 20.5474987626075745
0 2 7 5 30 3 1 2 7 0 2 7 12 16 2 0 2 7 0 2 4 1 2 7 5 31 3 0 2 4 17 18 2 0 2 7 1 2 7 1 2 7 0 2 3 0 2 7 0 2 7 0 2 7 1 2 7 16 31 2 0 20.5479278564453125
0 2 7 5 30 3 0 2 7 1 2 4 0 2 7 17 18 2 0 2 7 0 2 10 5 31 3 1 2 10 0 2 7 1 2 3 1 2 4 1 2 7 0 2 7 0 2 7 1 2 7 0 2 7 0 2 7 17 18 2 0 20.5764669179916382

Current Evaluation = 2880(2880)
Front Size = 10
0 2 7 5 30 3 0 2 7 13 6 3 1 2 7 0 2 7 0 2 7 1 2 7 5 31 3 0 2 7 17 18 2 1 2 7 0 2 7 1 2 7 0 2 7 0 2 7 0 2 7 1 2 7 12 16 2 17 9 2 0 20.2646257877349854
0 2 7 5 30 3 0 2 7 13 6 3 12 16 2 0 2 7 0 2 4 1 2 7 5 31 3 0 2 7 17 18 2 1 2 7 0 2 7 1 2 4 6 2 7 0 2 7 0 2 7 1 2 7 12 16 2 17 9 2 0 20.3487167954444885
0 2 7 5 30 3 12 16 2 1 2 7 12 16 2 13 6 3 1 2 7 0 2 7 5 31 3 1 2 7 0 2 7 1 2 7 0 2 4 17 18 2 0 2 4 0 2 7 0 2 7 0 2 7 6 2 7 17 9 2 0 20.3487167954444885
1 2 7 5 30 3 0 2 7 1 2 7 12 16 2 0 2 7 12 16 2 0 2 7 0 2 7 1 2 3 0 2 4 5 30 3 0 2 7 1 2 7 13 6 3 0 2 4 17 18 2 0 2 7 12 16 2 16 31 2 0 20.4516056776046753
0 2 3 5 30 3 12 16 2 0 2 7 0 2 4 1 2 7 0 2 7 13 6 3 0 2 7 0 2 7 17 9 2 16 31 2 12 16 2 1 2 7 0 2 7 12 16 2 5 30 3 0 2 7 1 2 7 1 2 4 0 20.4516056776046753
1 2 7 5 31 3 1 2 7 0 2 7 12 16 2 0 2 7 12 16 2 1 2 4 0 2 7 1 2 7 0 2 3 5 30 3 0 2 7 0 2 7 13 6 3 0 2 4 17 18 2 0 2 7 12 16 2 16 30 2 0 20.4516057968139648
1 2 7 5 30 3 0 2 7 1 2 7 12 16 2 0 2 7 12 16 2 0 2 4 1 2 7 0 2 7 1 2 7 5 31 3 0 2 3 0 2 7 13 6 3 0 2 7 17 18 2 0 2 4 12 16 2 16 30 2 0 20.4516057968139648
0 2 7 5 31 3 0 2 7 0 2 7 12 16 2 1 2 3 12 16 2 1 2 7 0 2 7 1 2 4 0 2 4 5 30 3 0 2 7 1 2 7 13 6 3 0 2 7 17 18 2 0 2 7 12 16 2 16 30 2 0 20.4516057968139648
0 2 7 5 31 3 0 2 7 6 2 7 12 16 2 1 2 7 0 2 7 0 2 7 5 31 3 1 2 7 0 2 7 0 2 4 0 2 7 0 2 7 1 2 7 0 2 4 17 18 2 1 2 7 0 2 7 16 6 2 0 20.4595978856086731
0 2 7 5 30 3 1 2 7 0 2 7 12 16 2 0 2 7 0 2 7 1 2 4 5 31 3 0 2 7 17 18 2 0 2 7 1 2 7 1 2 7 0 2 7 0 2 7 0 2 7 0 2 7 1 2 7 16 31 2 0 20.4679278135299683

Current Evaluation = 3060(3060)
Front Size = 10
0 2 7 5 30 3 12 16 2 1 2 7 0 2 7 13 6 3 1 2 7 0 2 7 5 31 3 1 2 7 0 2 7 1 2 7 0 2 7 17 18 2 0 2 7 0 2 7 0 2 7 0 2 7 1 2 7 17 9 2 0 20.2646257877349854
0 2 7 13 6 3 0 2 4 6 2 7 0 2 7 0 2 7 12 16 2 1 2 7 17 9 2 0 2 7 0 2 7 5 31 3 1 2 7 0 2 7 1 2 7 1 2 4 17 9 2 0 2 7 12 16 2 5 30 3 0 20.3487167954444885
1 2 7 6 2 7 0 2 7 13 6 3 1 2 7 0 2 4 12 16 2 0 2 7 5 31 3 0 2 4 0 2 7 5 30 3 1 2 7 0 2 7 17 9 2 0 2 7 17 18 2 0 2 7 12 16 2 1 2 7 0 20.3487167954444885
1 2 7 5 30 3 0 2 7 1 2 7 12 16 2 0 2 7 12 16 2 0 2 7 0 2 7 1 2 3 0 2 4 5 30 3 0 2 7 1 2 7 13 6 3 0 2 4 17 18 2 0 2 7 12 16 2 16 31 2 0 20.4516056776046753
0 2 3 5 30 3 12 16 2 0 2 7 0 2 4 1 2 7 0 2 7 13 6 3 0 2 7 0 2 7 17 9 2 16 31 2 12 16 2 1 2 7 0 2 7 12 16 2 5 30 3 0 2 7 1 2 7 1 2 4 0 20.4516056776046753
0 2 7 5 31 3 0 2 7 1 2 7 12 16 2 1 2 4 12 16 2 0 2 7 0 2 7 1 2 3 0 2 4 5 30 3 0 2 7 1 2 7 13 6 3 0 2 7 17 18 2 0 2 7 12 16 2 16 30 2 0 20.4516057968139648
1 2 7 5 30 3 0 2 7 1 2 7 12 16 2 0 2 7 12 16 2 0 2 4 1 2 7 0 2 7 1 2 7 5 31 3 0 2 3 0 2 7 13 6 3 0 2 7 17 18 2 0 2 4 12 16 2 16 30 2 0 20.4516057968139648
1 2 7 5 30 3 0 2 7 0 2 3 12 16 2 0 2 7 12 16 2 1 2 4 1 2 7 1 2 7 0 2 7 5 31 3 0 2 7 0 2 7 13 6 3 0 2 4 17 18 2 0 2 7 12 16 2 16 30 2 0 20.4516057968139648
0 2 7 5 31 3 0 2 7 6 2 7 12 16 2 1 2 7 0 2 7 0 2 7 5 31 3 1 2 7 0 2 7 0 2 4 0 2 7 0 2 7 1 2 7 0 2 4 17 18 2 1 2 7 0 2 7 16 6 2 0 20.4595978856086731
0 2 7 5 30 3 1 2 7 0 2 7 12 16 2 0 2 7 0 2 7 1 2 4 5 31 3 0 2 7 17 18 2 0 2 7 1 2 7 1 2 7 0 2 7 0 2 7 0 2 7 0 2 7 1 2 7 16 31 2 0 20.4679278135299683

Current Evaluation = 3240(3240)
Front Size = 10
1 2 7 0 2 7 0 2 7 13 6 3 1 2 7 0 2 7 12 16 2 0 2 7 5 31 3 0 2 7 0 2 7 5 30 3 1 2 7 1 2 7 17 9 2 0 2 7 17 18 2 0 2 7 0 2 7 1 2 7 0 20.2646257877349854
0 2 7 13 6 3 0 2 7 1 2 7 0 2 7 0 2 7 0 2 7 1 2 7 17 9 2 0 2 7 0 2 7 5 31 3 1 2 7 0 2 7 1 2 7 1 2 7 17 9 2 0 2 7 12 16 2 5 30 3 0 20.2646257877349854
1 2 7 6 2 7 0 2 7 13 6 3 1 2 7 0 2 4 12 16 2 0 2 7 5 31 3 0 2 4 0 2 7 5 30 3 1 2 7 0 2 7 17 9 2 0 2 7 17 18 2 0 2 7 12 16 2 1 2 7 0 20.3487167954444885
0 2 7 0 2 7 1 2 4 13 6 3 1 2 4 6 2 7 12 16 2 0 2 7 17 9 2 0 2 7 0 2 7 5 31 3 1 2 7 0 2 7 17 9 2 0 2 7 1 2 7 0 2 7 12 16 2 5 30 3 0 20.3487167954444885
0 2 7 13 6 3 0 2 4 6 2 7 0 2 7 0 2 7 12 16 2 1 2 7 17 9 2 0 2 7 0 2 7 5 31 3 1 2 4 0 2 7 1 2 7 1 2 7 17 9 2 0 2 7 12 16 2 5 30 3 0 20.3487167954444885
0 2 7 13 6 3 0 2 4 6 2 7 0 2 4 0 2 7 12 16 2 1 2 7 17 9 2 0 2 7 0 2 7 5 31 3 1 2 7 0 2 7 1 2 7 1 2 7 17 9 2 0 2 7 12 16 2 5 30 3 0 20.3487167954444885
0 2 7 5 30 3 0 2 4 0 2 7 12 16 2 1 2 4 12 16 2 0 2 7 0 2 7 0 2 7 0 2 7 5 30 3 0 2 7 1 2 3 13 6 3 1 2 7 17 18 2 1 2 7 12 16 2 16 31 2 0 20.4516056776046753
0 2 3 5 30 3 12 16 2 0 2 7 0 2 4 1 2 7 0 2 7 13 6 3 0 2 7 0 2 7 17 9 2 16 31 2 12 16 2 1 2 7 0 2 7 12 16 2 5 30 3 0 2 7 1 2 7 1 2 4 0 20.4516056776046753
1 2 7 5 30 3 0 2 7 1 2 7 12 16 2 0 2 7 12 16 2 0 2 7 0 2 7 1 2 3 0 2 4 5 30 3 0 2 7 1 2 7 13 6 3 0 2 4 17 18 2 0 2 7 12 16 2 16 31 2 0 20.4516056776046753
1 2 7 5 30 3 0 2 7 0 2 3 12 16 2 0 2 7 12 16 2 1 2 4 1 2 7 1 2 7 0 2 7 5 31 3 0 2 7 0 2 7 13 6 3 0 2 4 17 18 2 0 2 7 12 16 2 16 30 2 0 20.4516057968139648

Current Evaluation = 3420(3420)
Front Size = 10
0 2 7 13 6 3 0 2 7 0 2 7 0 2 7 0 2 7 12 16 2 1 2 7 17 9 2 0 2 7 0 2 7 5 31 3 1 2 7 0 2 7 1 2 7 0 2 7 17 18 2 1 2 7 1 2 7 5 30 3 0 20.2646257877349854
0 2 7 13 6 3 0 2 7 0 2 7 0 2 7 0 2 7 12 16 2 1 2 7 17 9 2 0 2 7 0 2 7 5 31 3 1 2 7 0 2 7 1 2 7 1 2 7 17 9 2 0 2 7 1 2 7 5 30 3 0 20.2646257877349854
13 6 3 0 2 7 0 2 7 0 2 7 0 2 7 0 2 7 12 16 2 0 2 7 17 18 2 1 2 7 1 2 7 5 30 3 1 2 7 0 2 7 1 2 7 0 2 7 17 18 2 0 2 7 1 2 7 5 31 3 0 20.2646257877349854
0 2 7 13 6 3 6 2 7 0 2 7 1 2 7 0 2 7 12 16 2 1 2 7 17 9 2 1 2 4 1 2 7 5 30 3 0 2 4 0 2 7 0 2 7 5 31 3 17 18 2 0 2 7 12 16 2 0 2 7 0 20.3487167954444885
0 2 7 0 2 7 1 2 4 13 6 3 1 2 4 6 2 7 12 16 2 0 2 7 17 9 2 0 2 7 0 2 7 5 31 3 1 2 7 0 2 7 17 9 2 0 2 7 1 2 7 0 2 7 12 16 2 5 30 3 0 20.3487167954444885
0 2 7 13 6 3 0 2 4 6 2 7 0 2 4 0 2 7 12 16 2 1 2 7 17 9 2 0 2 7 0 2 7 5 31 3 1 2 7 0 2 7 1 2 7 1 2 7 17 9 2 0 2 7 12 16 2 5 30 3 0 20.3487167954444885
1 2 7 0 2 7 1 2 7 13 6 3 1 2 7 5 30 3 12 16 2 6 2 4 17 9 2 0 2 7 0 2 7 5 31 3 0 2 7 0 2 7 0 2 7 1 2 4 17 18 2 0 2 7 12 16 2 0 2 7 0 20.3487167954444885
1 2 7 6 2 7 0 2 7 13 6 3 1 2 7 0 2 4 12 16 2 0 2 7 5 31 3 0 2 4 0 2 7 5 30 3 1 2 7 0 2 7 17 9 2 0 2 7 17 18 2 0 2 7 12 16 2 1 2 7 0 20.3487167954444885
0 2 7 0 2 7 1 2 7 13 6 3 1 2 4 1 2 7 12 16 2 0 2 7 17 9 2 0 2 7 0 2 7 5 30 3 5 31 3 6 2 7 17 9 2 0 2 7 0 2 4 0 2 7 12 16 2 1 2 7 0 20.3487167954444885
0 2 3 5 30 3 12 16 2 0 2 7 0 2 4 1 2 7 0 2 7 13 6 3 0 2 7 0 2 7 17 9 2 16 31 2 12 16 2 1 2 7 0 2 7 12 16 2 5 30 3 0 2 7 1 2 7 1 2 4 0 20.4516056776046753

Current Evaluation = 3600(3600)
Front Size = 10
0 2 7 1 2 7 1 2 7 13 6 3 0 2 7 0 2 7 12 16 2 0 2 7 5 31 3 1 2 7 1 2 7 5 30 3 0 2 7 0 2 7 17 18 2 0 2 7 17 9 2 0 2 7 1 2 7 0 2 7 0 20.2646257877349854
13 6 3 0 2 7 0 2 7 0 2 7 0 2 7 0 2 7 12 16 2 0 2 7 17 18 2 1 2 7 1 2 7 5 30 3 1 2 7 0 2 7 1 2 7 0 2 7 17 18 2 0 2 7 1 2 7 5 31 3 0 20.2646257877349854
1 2 7 1 2 7 0 2 7 13 6 3 1 2 7 0 2 7 5 31 3 0 2 7 0 2 7 0 2 7 0 2 7 5 30 3 1 2 7 0 2 7 17 9 2 0 2 7 17 9 2 1 2 7 12 16 2 0 2 7 0 20.2646257877349854
0 2 7 1 2 7 0 2 7 13 6 3 0 2 7 1 2 7 12 16 2 0 2 4 0 2 4 1 2 7 6 2 7 5 30 3 0 2 7 1 2 7 17 9 2 0 2 7 17 9 2 0 2 7 12 16 2 5 31 3 0 20.3487167954444885
0 2 7 0 2 7 1 2 4 13 6 3 1 2 4 6 2 7 12 16 2 0 2 7 17 9 2 0 2 7 0 2 7 5 31 3 1 2 7 0 2 7 17 9 2 0 2 7 1 2 7 0 2 7 12 16 2 5 30 3 0 20.3487167954444885
1 2 7 0 2 7 1 2 7 13 6 3 1 2 7 5 30 3 12 16 2 6 2 4 17 9 2 0 2 7 0 2 7 5 31 3 0 2 7 0 2 7 0 2 7 1 2 4 17 18 2 0 2 7 12 16 2 0 2 7 0 20.3487167954444885
0 2 7 13 6 3 6 2 7 0 2 7 1 2 7 0 2 7 12 16 2 1 2 7 17 9 2 1 2 4 1 2 7 5 30 3 0 2 4 0 2 7 0 2 7 5 31 3 17 18 2 0 2 7 12 16 2 0 2 7 0 20.3487167954444885
0 2 7 13 6 3 1 2 7 0 2 7 1 2 4 0 2 7 12 16 2 5 31 3 17 9 2 6 2 7 0 2 7 5 30 3 0 2 7 1 2 7 0 2 7 0 2 7 17 9 2 1 2 7 12 16 2 0 2 4 0 20.3487167954444885
1 2 7 5 30 3 0 2 7 13 6 3 0 2 7 0 2 7 0 2 7 0 2 7 17 9 2 1 2 4 1 2 7 0 2 7 6 2 7 0 2 7 12 16 2 5 31 3 17 18 2 12 16 2 0 2 7 1 2 4 0 20.3487167954444885
1 2 7 6 2 7 0 2 7 13 6 3 1 2 7 0 2 4 12 16 2 0 2 7 5 31 3 0 2 4 0 2 7 5 30 3 1 2 7 0 2 7 17 9 2 0 2 7 17 18 2 0 2 7 12 16 2 1 2 7 0 20.3487167954444885

MonoObjective Genetic Algorithm
Number of Evaluations = 0
Mutation Probability = 0
Crossover Probability = 1
Population Size = 10
Survival Selection Type = 19

Time =  3607.09570217132568

Current Evaluation = 3380
Front Size = 10
0 2 7 1 2 7 1 2 7 13 6 3 0 2 7 0 2 7 12 16 2 0 2 7 5 31 3 1 2 7 1 2 7 5 30 3 0 2 7 0 2 7 17 18 2 0 2 7 17 9 2 0 2 7 1 2 7 0 2 7 0 20.2646257877349854
13 6 3 0 2 7 0 2 7 0 2 7 0 2 7 0 2 7 12 16 2 0 2 7 17 18 2 1 2 7 1 2 7 5 30 3 1 2 7 0 2 7 1 2 7 0 2 7 17 18 2 0 2 7 1 2 7 5 31 3 0 20.2646257877349854
1 2 7 1 2 7 0 2 7 13 6 3 1 2 7 0 2 7 5 31 3 0 2 7 0 2 7 0 2 7 0 2 7 5 30 3 1 2 7 0 2 7 17 9 2 0 2 7 17 9 2 1 2 7 12 16 2 0 2 7 0 20.2646257877349854
0 2 7 1 2 7 0 2 7 13 6 3 0 2 7 1 2 7 12 16 2 0 2 4 0 2 4 1 2 7 6 2 7 5 30 3 0 2 7 1 2 7 17 9 2 0 2 7 17 9 2 0 2 7 12 16 2 5 31 3 0 20.3487167954444885
0 2 7 0 2 7 1 2 4 13 6 3 1 2 4 6 2 7 12 16 2 0 2 7 17 9 2 0 2 7 0 2 7 5 31 3 1 2 7 0 2 7 17 9 2 0 2 7 1 2 7 0 2 7 12 16 2 5 30 3 0 20.3487167954444885
1 2 7 0 2 7 1 2 7 13 6 3 1 2 7 5 30 3 12 16 2 6 2 4 17 9 2 0 2 7 0 2 7 5 31 3 0 2 7 0 2 7 0 2 7 1 2 4 17 18 2 0 2 7 12 16 2 0 2 7 0 20.3487167954444885
0 2 7 13 6 3 6 2 7 0 2 7 1 2 7 0 2 7 12 16 2 1 2 7 17 9 2 1 2 4 1 2 7 5 30 3 0 2 4 0 2 7 0 2 7 5 31 3 17 18 2 0 2 7 12 16 2 0 2 7 0 20.3487167954444885
0 2 7 13 6 3 1 2 7 0 2 7 1 2 4 0 2 7 12 16 2 5 31 3 17 9 2 6 2 7 0 2 7 5 30 3 0 2 7 1 2 7 0 2 7 0 2 7 17 9 2 1 2 7 12 16 2 0 2 4 0 20.3487167954444885
1 2 7 5 30 3 0 2 7 13 6 3 0 2 7 0 2 7 0 2 7 0 2 7 17 9 2 1 2 4 1 2 7 0 2 7 6 2 7 0 2 7 12 16 2 5 31 3 17 18 2 12 16 2 0 2 7 1 2 4 0 20.3487167954444885
1 2 7 6 2 7 0 2 7 13 6 3 1 2 7 0 2 4 12 16 2 0 2 7 5 31 3 0 2 4 0 2 7 5 30 3 1 2 7 0 2 7 17 9 2 0 2 7 17 18 2 0 2 7 12 16 2 1 2 7 0 20.3487167954444885

