Current Evaluation = 180(180)
Front Size = 10
1 2 7 0 2 7 0 2 7 12 16 2 1 2 7 5 31 3 0 2 7 1 2 7 5 30 3 17 9 2 1 2 7 0 2 7 0 2 7 0 2 7 1 2 7 17 18 2 0 2 7 13 6 3 0 2 7 0 2 7 0 20.2646257877349854
0 2 4 6 2 11 0 2 7 1 2 11 12 16 2 0 2 7 13 6 3 12 16 2 0 2 7 12 16 2 16 31 2 5 30 3 17 9 2 0 2 7 0 2 7 1 2 4 0 2 7 0 2 7 5 30 3 12 16 2 0 20.7454485893249512
0 2 7 5 30 3 1 2 7 0 2 7 1 2 7 1 2 10 0 2 3 0 2 7 1 2 7 17 9 2 5 30 3 12 16 2 0 2 3 0 2 4 0 2 7 0 2 3 16 31 2 0 2 4 0 2 11 1 2 7 0 20.8012489080429077
0 2 3 0 2 3 0 2 3 1 2 11 12 16 2 1 2 7 13 6 3 12 16 2 0 2 3 12 16 2 16 30 2 5 30 3 16 30 2 0 2 7 0 2 7 1 2 7 0 2 7 0 2 7 5 31 3 12 16 2 0 20.8703877925872803
12 16 2 0 2 7 1 2 11 0 2 7 5 31 3 0 2 7 0 2 8 0 2 7 0 2 7 0 2 7 5 30 3 1 2 3 0 2 7 0 2 3 0 2 3 16 6 2 16 19 11 0 2 7 5 30 3 0 2 3 0 21.6411837339401245
12 16 2 5 30 3 5 30 3 5 31 3 0 2 7 0 2 3 0 2 7 0 2 11 17 18 2 6 2 7 0 2 7 0 2 11 1 2 3 6 2 11 0 2 11 0 2 8 1 2 7 0 2 11 16 18 11 0 2 11 0 21.8598242998123169
1 2 11 12 16 2 1 2 7 0 2 12 0 2 3 0 2 3 5 30 3 0 2 3 12 16 2 0 2 3 8 18 2 5 30 3 1 2 12 0 2 3 12 16 2 16 9 11 0 2 3 16 19 11 0 2 11 0 2 3 0 22.3711758255958557
0 2 3 16 19 11 0 2 8 5 30 3 0 2 8 5 30 3 5 30 3 8 18 2 12 16 2 0 2 3 0 2 11 0 2 11 0 2 11 12 16 2 0 2 11 6 2 11 16 6 2 0 2 3 0 2 8 0 2 3 0 22.4956011772155762
5 30 3 12 16 2 0 2 8 16 19 12 5 30 3 0 2 8 0 2 8 0 2 8 0 2 8 0 2 3 8 9 2 1 2 3 0 2 3 16 19 12 0 2 8 0 2 8 0 2 3 0 2 8 5 30 3 0 2 3 1.06285905638954129e-05 23.1371604204177856
0 2 3 8 18 2 0 2 12 0 2 3 12 16 2 5 30 3 12 16 2 13 6 3 0 2 3 1 2 3 17 9 2 0 2 12 16 18 12 1 2 8 0 2 1 0 2 3 1 2 3 1 2 12 12 16 2 12 16 2 4.77168052944425478e-05 21.9099289178848267

Current Evaluation = 360(360)
Front Size = 10
0 2 7 0 2 7 12 16 2 5 31 3 0 2 7 0 2 7 0 2 7 0 2 7 0 2 7 5 30 3 0 2 7 1 2 7 17 9 2 13 6 3 1 2 7 1 2 7 17 18 2 1 2 7 1 2 7 0 2 7 0 20.2646257877349854
0 2 7 0 2 7 12 16 2 5 30 3 5 30 3 0 2 7 0 2 7 1 2 11 8 9 2 17 18 2 0 2 7 13 6 3 12 16 2 1 2 7 1 2 7 0 2 4 0 2 7 0 2 3 12 16 2 16 6 2 0 20.6301085948944092
1 2 3 0 2 7 0 2 4 5 30 3 0 2 7 12 16 2 1 2 7 16 30 2 1 2 7 1 2 7 0 2 10 0 2 4 0 2 7 0 2 7 17 9 2 0 2 7 1 2 3 0 2 3 5 31 3 0 2 11 0 20.8012490272521973
0 2 7 5 30 3 1 2 3 8 18 2 12 16 2 1 2 10 0 2 3 0 2 3 12 16 2 0 2 7 0 2 7 16 24 2 5 30 3 0 2 10 0 2 3 1 2 10 0 2 7 0 2 4 17 18 2 1 2 7 0 21.1781848669052124
0 2 11 0 2 7 12 16 2 5 30 3 0 2 3 5 30 3 0 2 7 0 2 7 1 2 11 1 2 4 1 2 4 0 2 11 1 2 11 0 2 3 12 16 2 16 9 11 0 2 7 17 18 2 8 18 2 0 2 7 0 21.4239668250083923
12 16 2 0 2 7 1 2 11 0 2 7 5 31 3 0 2 7 0 2 8 0 2 7 0 2 7 0 2 7 5 30 3 1 2 3 0 2 7 0 2 3 0 2 3 16 6 2 16 19 11 0 2 7 5 30 3 0 2 3 0 21.6411837339401245
5 30 3 12 16 2 5 30 3 1 2 11 0 2 3 0 2 3 0 2 7 16 9 11 1 2 3 0 2 3 0 2 3 0 2 3 1 2 11 12 16 2 0 2 7 16 18 11 0 2 7 0 2 3 1 2 3 0 2 3 0 21.9789397716522217
0 2 3 16 19 11 0 2 8 5 30 3 0 2 8 5 30 3 5 30 3 8 18 2 12 16 2 0 2 3 0 2 11 0 2 11 0 2 11 12 16 2 0 2 11 6 2 11 16 6 2 0 2 3 0 2 8 0 2 3 0 22.4956011772155762
5 30 3 12 16 2 0 2 8 16 19 12 5 30 3 0 2 8 0 2 8 0 2 8 0 2 8 0 2 3 8 9 2 1 2 3 0 2 3 16 19 12 0 2 8 0 2 8 0 2 3 0 2 8 5 30 3 0 2 3 1.06285905638954129e-05 23.1371604204177856
0 2 7 0 2 7 12 16 2 5 31 3 0 2 11 5 30 3 0 2 7 16 19 11 0 2 7 0 2 3 0 2 11 1 2 7 0 2 7 6 2 7 17 9 2 1 2 7 0 2 11 0 2 7 5 30 3 6 2 3 0 21.5014569163322449

Current Evaluation = 540(540)
Front Size = 10
0 2 7 5 30 3 0 2 7 12 16 2 1 2 7 1 2 7 1 2 7 0 2 7 0 2 7 0 2 7 5 31 3 13 6 3 0 2 7 0 2 7 17 18 2 1 2 7 17 9 2 1 2 7 0 2 7 0 2 7 0 20.2646257877349854
0 2 3 5 30 3 12 16 2 0 2 7 12 16 2 0 2 7 0 2 7 5 30 3 0 2 7 1 2 7 17 18 2 1 2 7 0 2 4 13 6 3 0 2 7 8 18 2 12 16 2 16 6 2 1 2 11 0 2 7 0 20.6301085948944092
1 2 3 0 2 7 0 2 4 5 30 3 0 2 7 12 16 2 1 2 7 16 30 2 1 2 7 1 2 7 0 2 10 0 2 4 0 2 7 0 2 7 17 9 2 0 2 7 1 2 3 0 2 3 5 31 3 0 2 11 0 20.8012490272521973
5 30 3 12 16 2 0 2 7 0 2 3 1 2 7 5 31 3 0 2 3 16 18 11 1 2 7 0 2 3 0 2 7 0 2 3 0 2 3 12 16 2 0 2 3 16 6 2 0 2 7 1 2 7 1 2 10 0 2 7 0 21.3628018498420715
12 16 2 0 2 3 0 2 3 0 2 11 0 2 7 0 2 7 5 31 3 0 2 11 0 2 7 0 2 3 5 30 3 6 2 11 0 2 7 5 30 3 6 2 3 0 2 11 6 2 7 16 15 2 17 18 2 6 2 7 0 21.5305330753326416
12 16 2 0 2 7 1 2 11 0 2 7 5 31 3 0 2 7 0 2 8 0 2 7 0 2 7 0 2 7 5 30 3 1 2 3 0 2 7 0 2 3 0 2 3 16 6 2 16 19 11 0 2 7 5 30 3 0 2 3 0 21.6411837339401245
6 2 8 5 30 3 12 16 2 1 2 11 5 30 3 0 2 8 0 2 7 5 31 3 0 2 8 0 2 11 8 18 2 16 6 2 0 2 11 1 2 8 0 2 7 17 9 2 0 2 7 0 2 11 0 2 7 0 2 11 0 21.8991191387176514
5 31 3 12 16 2 5 30 3 0 2 11 0 2 3 5 31 3 0 2 7 0 2 7 0 2 7 0 2 7 0 2 7 17 9 2 0 2 11 6 2 7 1 2 12 0 2 11 6 2 8 16 19 12 0 2 7 0 2 12 0 21.9658882021903992
0 2 3 16 19 11 0 2 8 5 30 3 0 2 8 5 30 3 5 30 3 8 18 2 12 16 2 0 2 3 0 2 11 0 2 11 0 2 11 12 16 2 0 2 11 6 2 11 16 6 2 0 2 3 0 2 8 0 2 3 0 22.4956011772155762
5 30 3 12 16 2 5 31 3 16 19 12 1 2 8 1 2 7 0 2 7 0 2 3 0 2 3 0 2 3 0 2 8 0 2 8 0 2 3 16 19 12 0 2 3 0 2 3 0 2 8 0 2 3 5 30 3 0 2 7 0 22.6968340873718262

Current Evaluation = 720(720)
Front Size = 10
0 2 7 0 2 7 12 16 2 0 2 7 0 2 7 17 9 2 0 2 7 0 2 7 0 2 7 0 2 7 0 2 7 17 18 2 1 2 7 13 6 3 5 30 3 5 31 3 1 2 7 1 2 7 1 2 7 1 2 7 0 20.2646257877349854
5 30 3 12 16 2 0 2 7 0 2 7 0 2 7 5 30 3 0 2 3 8 18 2 16 6 2 1 2 11 0 2 7 12 16 2 1 2 7 17 18 2 1 2 4 0 2 7 13 6 3 0 2 7 12 16 2 0 2 7 0 20.6301085948944092
1 2 3 0 2 7 0 2 4 5 30 3 0 2 7 12 16 2 1 2 7 16 30 2 1 2 7 1 2 7 0 2 10 0 2 4 0 2 7 0 2 7 17 9 2 0 2 7 1 2 3 0 2 3 5 31 3 0 2 11 0 20.8012490272521973
0 2 4 5 31 3 12 16 2 0 2 7 1 2 7 17 9 2 0 2 7 1 2 4 0 2 11 0 2 7 0 2 7 1 2 11 1 2 11 0 2 7 5 30 3 0 2 7 0 2 7 1 2 7 8 9 2 17 9 2 0 20.938869833946228
6 2 3 5 30 3 0 2 7 12 16 2 0 2 3 0 2 7 0 2 3 5 30 3 0 2 7 0 2 4 8 9 2 1 2 7 0 2 7 1 2 3 16 15 2 0 2 7 1 2 7 1 2 3 17 18 2 0 2 3 0 21.0750328302383423
5 30 3 12 16 2 0 2 3 0 2 7 0 2 7 5 31 3 0 2 7 17 18 2 16 24 2 0 2 7 0 2 7 0 2 11 0 2 10 0 2 11 0 2 7 1 2 11 0 2 11 1 2 7 6 2 7 5 30 3 0 21.3253009915351868
0 2 7 5 30 3 0 2 7 12 16 2 0 2 7 0 2 11 0 2 7 5 30 3 0 2 7 17 9 2 0 2 7 0 2 11 0 2 7 0 2 11 13 6 3 1 2 11 16 19 11 12 16 2 5 30 3 0 2 7 0 21.3454546928405762
5 30 3 12 16 2 0 2 7 0 2 3 1 2 7 5 31 3 0 2 3 16 18 11 1 2 7 0 2 3 0 2 7 0 2 3 0 2 3 12 16 2 0 2 3 16 6 2 0 2 7 1 2 7 1 2 10 0 2 7 0 21.3628018498420715
6 2 8 5 30 3 12 16 2 1 2 11 5 30 3 0 2 8 0 2 7 5 31 3 0 2 8 0 2 11 8 18 2 16 6 2 0 2 11 1 2 8 0 2 7 17 9 2 0 2 7 0 2 11 0 2 7 0 2 11 0 21.8991191387176514
0 2 3 16 19 11 0 2 8 5 30 3 0 2 8 5 30 3 5 30 3 8 18 2 12 16 2 0 2 3 0 2 11 0 2 11 0 2 11 12 16 2 0 2 11 6 2 11 16 6 2 0 2 3 0 2 8 0 2 3 0 22.4956011772155762

Current Evaluation = 900(900)
Front Size = 10
1 2 7 5 30 3 1 2 7 12 16 2 1 2 7 0 2 7 0 2 7 1 2 7 0 2 7 0 2 7 0 2 7 1 2 7 5 31 3 17 18 2 0 2 7 0 2 7 13 6 3 0 2 7 17 18 2 0 2 7 0 20.2646257877349854
5 30 3 12 16 2 0 2 4 1 2 7 0 2 7 5 30 3 1 2 7 1 2 7 16 31 2 0 2 7 0 2 3 12 16 2 0 2 7 17 18 2 1 2 7 0 2 7 13 6 3 0 2 4 12 16 2 0 2 7 0 20.4516056776046753
0 2 7 5 30 3 1 2 3 12 16 2 0 2 7 1 2 3 17 18 2 0 2 7 1 2 7 0 2 7 0 2 3 12 16 2 0 2 7 16 6 2 13 6 3 0 2 3 1 2 7 5 31 3 0 2 3 0 2 7 0 20.7791848182678223
0 2 7 0 2 7 5 31 3 0 2 7 12 16 2 0 2 7 0 2 7 1 2 7 1 2 7 0 2 7 0 2 7 1 2 4 0 2 7 12 16 2 16 6 2 0 2 7 8 9 2 16 6 2 5 31 3 12 16 2 0 20.7894667387008667
1 2 3 0 2 7 0 2 4 5 30 3 0 2 7 12 16 2 1 2 7 16 30 2 1 2 7 1 2 7 0 2 10 0 2 4 0 2 7 0 2 7 17 9 2 0 2 7 1 2 3 0 2 3 5 31 3 0 2 11 0 20.8012490272521973
0 2 7 0 2 11 0 2 3 5 30 3 17 18 2 0 2 11 1 2 7 0 2 7 1 2 4 17 9 2 1 2 11 0 2 11 1 2 7 1 2 4 0 2 7 0 2 7 0 2 7 5 30 3 1 2 7 8 18 2 0 20.8198410272598267
6 2 7 5 31 3 0 2 7 0 2 7 0 2 7 17 9 2 1 2 11 5 31 3 0 2 7 12 16 2 0 2 7 0 2 7 17 18 2 0 2 7 6 2 4 0 2 7 1 2 4 0 2 7 1 2 11 1 2 11 0 20.8679298162460327
0 2 7 5 30 3 6 2 11 0 2 11 0 2 11 0 2 7 17 9 2 0 2 7 1 2 11 0 2 7 1 2 11 0 2 11 13 6 3 5 30 3 0 2 7 12 16 2 17 9 2 0 2 11 0 2 7 5 30 3 0 21.1695868968963623
6 2 8 5 30 3 12 16 2 1 2 11 5 30 3 0 2 8 0 2 7 5 31 3 0 2 8 0 2 11 8 18 2 16 6 2 0 2 11 1 2 8 0 2 7 17 9 2 0 2 7 0 2 11 0 2 7 0 2 11 0 21.8991191387176514
0 2 3 16 19 11 0 2 8 5 30 3 0 2 8 5 30 3 5 30 3 8 18 2 12 16 2 0 2 3 0 2 11 0 2 11 0 2 11 12 16 2 0 2 11 6 2 11 16 6 2 0 2 3 0 2 8 0 2 3 0 22.4956011772155762

Current Evaluation = 1080(1080)
Front Size = 10
0 2 7 1 2 7 5 30 3 1 2 7 12 16 2 0 2 7 0 2 7 0 2 7 17 18 2 0 2 7 1 2 7 1 2 7 0 2 7 1 2 7 17 18 2 0 2 7 13 6 3 5 31 3 0 2 7 0 2 7 0 20.2646257877349854
5 30 3 12 16 2 0 2 4 1 2 7 0 2 7 5 30 3 1 2 7 1 2 7 16 31 2 0 2 7 0 2 3 12 16 2 0 2 7 17 18 2 1 2 7 0 2 7 13 6 3 0 2 4 12 16 2 0 2 7 0 20.4516056776046753
0 2 3 0 2 4 5 30 3 1 2 4 0 2 10 1 2 10 0 2 7 0 2 7 1 2 7 0 2 7 0 2 7 17 18 2 0 2 7 0 2 7 1 2 7 1 2 7 1 2 7 17 9 2 5 31 3 0 2 7 0 20.5764669179916382
0 2 11 0 2 7 5 30 3 0 2 7 12 16 2 0 2 4 0 2 7 1 2 11 0 2 10 0 2 7 1 2 7 17 18 2 1 2 7 17 9 2 5 30 3 13 6 3 1 2 4 0 2 7 0 2 6 12 16 2 0 20.7158967256546021
1 2 7 0 2 7 0 2 7 0 2 7 0 2 7 5 31 3 12 16 2 0 2 7 1 2 4 1 2 10 0 2 7 0 2 7 12 16 2 0 2 7 8 18 2 17 9 2 5 30 3 0 2 7 1 2 7 16 6 2 0 20.7286287546157837
0 2 7 0 2 7 5 31 3 0 2 7 12 16 2 1 2 7 1 2 7 6 2 7 1 2 4 0 2 7 0 2 7 0 2 4 5 31 3 0 2 7 17 18 2 12 16 2 16 32 2 1 2 7 0 2 7 12 16 2 0 20.8102988600730896
0 2 11 0 2 7 5 30 3 1 2 7 0 2 4 1 2 7 0 2 7 17 18 2 1 2 11 1 2 7 5 30 3 0 2 7 0 2 7 0 2 3 17 18 2 1 2 7 0 2 11 8 9 2 1 2 11 0 2 4 0 20.8198409080505371
0 2 7 0 2 11 0 2 3 5 30 3 17 18 2 0 2 11 1 2 7 0 2 7 1 2 4 17 9 2 1 2 11 0 2 11 1 2 7 1 2 4 0 2 7 0 2 7 0 2 7 5 30 3 1 2 7 8 18 2 0 20.8198410272598267
6 2 7 5 31 3 0 2 7 0 2 7 0 2 7 17 9 2 1 2 11 5 31 3 0 2 7 12 16 2 0 2 7 0 2 7 17 18 2 0 2 7 6 2 4 0 2 7 1 2 4 0 2 7 1 2 11 1 2 11 0 20.8679298162460327
1 2 7 0 2 7 5 30 3 0 2 11 0 2 7 16 31 2 0 2 7 0 2 7 1 2 3 0 2 7 0 2 3 5 30 3 1 2 8 17 18 2 0 2 7 1 2 11 0 2 3 0 2 7 6 2 11 5 30 3 0 21.1597868204116821

Current Evaluation = 1260(1260)
Front Size = 10
0 2 7 5 30 3 0 2 7 0 2 7 0 2 7 0 2 7 1 2 7 1 2 7 17 18 2 1 2 7 13 6 3 0 2 7 0 2 7 12 16 2 0 2 7 5 31 3 0 2 7 17 9 2 1 2 7 1 2 7 0 20.2646257877349854
1 2 4 0 2 7 0 2 4 5 30 3 0 2 7 1 2 7 17 18 2 1 2 7 13 6 3 1 2 7 12 16 2 0 2 7 12 16 2 0 2 3 12 16 2 0 2 7 16 31 2 5 30 3 0 2 7 0 2 7 0 20.4516056776046753
0 2 7 0 2 7 5 31 3 0 2 7 0 2 10 1 2 7 1 2 7 1 2 7 17 9 2 1 2 7 17 9 2 5 30 3 0 2 7 1 2 3 1 2 7 0 2 4 0 2 7 0 2 4 0 2 7 0 2 10 0 20.5764669179916382
0 2 1 1 2 7 1 2 4 17 9 2 1 2 7 1 2 7 0 2 7 1 2 4 0 2 7 0 2 7 0 2 7 5 30 3 17 9 2 0 2 7 0 2 4 5 31 3 0 2 7 0 2 7 0 2 7 0 2 11 0 20.7136189937591553
0 2 11 0 2 7 5 30 3 1 2 7 0 2 4 1 2 7 0 2 7 17 18 2 1 2 11 1 2 7 5 30 3 0 2 7 0 2 7 0 2 3 17 18 2 1 2 7 0 2 11 8 9 2 1 2 11 0 2 4 0 20.8198409080505371
0 2 7 0 2 11 0 2 3 5 30 3 17 18 2 0 2 11 1 2 7 0 2 7 1 2 4 17 9 2 1 2 11 0 2 11 1 2 7 1 2 4 0 2 7 0 2 7 0 2 7 5 30 3 1 2 7 8 18 2 0 20.8198410272598267
1 2 7 0 2 7 0 2 3 8 9 2 12 16 2 0 2 4 0 2 7 17 18 2 0 2 7 1 2 3 0 2 7 16 6 2 0 2 7 5 31 3 1 2 7 5 30 3 1 2 3 0 2 7 1 2 3 0 2 7 0 20.8562788963317871
6 2 7 5 31 3 0 2 7 0 2 7 0 2 7 17 9 2 1 2 11 5 31 3 0 2 7 12 16 2 0 2 7 0 2 7 17 18 2 0 2 7 6 2 4 0 2 7 1 2 4 0 2 7 1 2 11 1 2 11 0 20.8679298162460327
1 2 7 0 2 7 5 30 3 0 2 11 0 2 7 16 31 2 0 2 7 0 2 7 1 2 3 0 2 7 0 2 3 5 30 3 1 2 8 17 18 2 0 2 7 1 2 11 0 2 3 0 2 7 6 2 11 5 30 3 0 21.1597868204116821
5 31 3 0 2 7 0 2 7 0 2 7 17 9 2 0 2 7 0 2 7 0 2 7 1 2 7 0 2 4 1 2 3 12 16 2 17 18 2 0 2 7 1 2 7 0 2 7 1 2 4 0 2 10 0 2 10 1 2 11 0.013727983488467323 20.7037738561630249

Current Evaluation = 1440(1440)
Front Size = 10
0 2 7 5 30 3 0 2 7 0 2 7 0 2 7 0 2 7 1 2 7 1 2 7 17 18 2 1 2 7 13 6 3 0 2 7 0 2 7 12 16 2 0 2 7 5 31 3 0 2 7 17 9 2 1 2 7 1 2 7 0 20.2646257877349854
1 2 4 0 2 7 0 2 4 5 30 3 0 2 7 1 2 7 17 18 2 1 2 7 13 6 3 1 2 7 12 16 2 0 2 7 12 16 2 0 2 3 12 16 2 0 2 7 16 31 2 5 30 3 0 2 7 0 2 7 0 20.4516056776046753
0 2 3 0 2 7 0 2 7 5 30 3 17 18 2 0 2 7 1 2 7 1 2 7 0 2 7 1 2 7 1 2 7 0 2 7 5 31 3 0 2 3 1 2 7 0 2 4 1 2 7 17 18 2 0 2 4 0 2 7 0 20.5684669017791748
0 2 7 0 2 7 5 31 3 0 2 7 1 2 7 17 9 2 5 30 3 1 2 7 0 2 7 1 2 4 0 2 7 0 2 7 1 2 10 1 2 7 0 2 10 0 2 4 17 9 2 0 2 7 0 2 7 1 2 3 0 20.5764669179916382
0 2 7 5 30 3 0 2 7 0 2 7 0 2 7 0 2 7 1 2 4 17 18 2 6 2 11 1 2 4 17 9 2 1 2 7 1 2 4 0 2 7 0 2 3 0 2 7 0 2 1 5 31 3 0 2 7 1 2 7 0 20.7193599939346313
0 2 7 0 2 4 0 2 7 5 30 3 17 18 2 0 2 11 1 2 11 0 2 7 1 2 7 17 9 2 1 2 11 0 2 11 1 2 7 1 2 4 0 2 7 0 2 7 0 2 7 5 30 3 1 2 3 8 18 2 0 20.8198409080505371
6 2 7 5 31 3 0 2 7 0 2 7 0 2 7 17 9 2 1 2 11 5 31 3 0 2 7 12 16 2 0 2 7 0 2 7 17 18 2 0 2 7 6 2 4 0 2 7 1 2 4 0 2 7 1 2 11 1 2 11 0 20.8679298162460327
1 2 7 0 2 7 5 30 3 0 2 11 0 2 7 16 31 2 0 2 7 0 2 7 1 2 3 0 2 7 0 2 3 5 30 3 1 2 8 17 18 2 0 2 7 1 2 11 0 2 3 0 2 7 6 2 11 5 30 3 0 21.1597868204116821
0 2 7 1 2 4 12 16 2 0 2 7 5 31 3 1 2 7 0 2 7 0 2 7 0 2 4 15 2 11 1 2 3 0 2 7 0 2 7 0 2 7 0 2 7 17 18 2 16 6 2 1 2 7 0 2 7 5 30 3 0 20.6338227987289429
0 2 7 0 2 11 0 2 3 5 31 3 1 2 7 0 2 7 17 9 2 1 2 7 0 2 7 0 2 7 0 2 7 1 2 7 0 2 7 0 2 3 16 30 2 1 2 7 1 2 7 1 2 3 5 30 3 0 2 3 0 20.6688990592956543

Current Evaluation = 1620(1620)
Front Size = 10
0 2 7 0 2 7 5 31 3 0 2 7 1 2 7 5 30 3 1 2 7 0 2 7 0 2 7 0 2 7 1 2 7 1 2 7 1 2 7 17 9 2 0 2 7 0 2 7 13 6 3 12 16 2 17 18 2 0 2 7 0 20.2646257877349854
1 2 4 0 2 7 0 2 4 5 30 3 0 2 7 1 2 7 17 18 2 1 2 7 13 6 3 1 2 7 12 16 2 0 2 7 12 16 2 0 2 3 12 16 2 0 2 7 16 31 2 5 30 3 0 2 7 0 2 7 0 20.4516056776046753
0 2 7 0 2 4 0 2 7 1 2 7 17 18 2 1 2 7 0 2 7 1 2 7 0 2 7 0 2 7 0 2 7 0 2 7 0 2 7 16 6 2 5 31 3 0 2 4 1 2 7 12 16 2 5 31 3 6 2 7 0 20.4595978856086731
0 2 3 0 2 7 0 2 7 5 30 3 17 18 2 0 2 7 1 2 7 1 2 7 0 2 7 1 2 7 1 2 7 0 2 7 5 31 3 0 2 3 1 2 7 0 2 4 1 2 7 17 18 2 0 2 4 0 2 7 0 20.5684669017791748
0 2 7 5 30 3 0 2 7 0 2 7 0 2 7 0 2 7 1 2 4 17 18 2 17 9 2 1 2 7 0 2 7 0 2 3 0 2 7 5 31 3 1 2 7 1 2 10 1 2 7 1 2 4 0 2 10 0 2 7 0 20.5764669179916382
0 2 7 0 2 4 0 2 7 5 30 3 17 18 2 0 2 11 1 2 11 0 2 7 1 2 7 17 9 2 1 2 11 0 2 11 1 2 7 1 2 4 0 2 7 0 2 7 0 2 7 5 30 3 1 2 3 8 18 2 0 20.8198409080505371
6 2 7 5 31 3 0 2 7 0 2 7 0 2 7 17 9 2 1 2 11 5 31 3 0 2 7 12 16 2 0 2 7 0 2 7 17 18 2 0 2 7 6 2 4 0 2 7 1 2 4 0 2 7 1 2 11 1 2 11 0 20.8679298162460327
1 2 7 0 2 7 5 30 3 0 2 11 0 2 7 16 31 2 0 2 7 0 2 7 1 2 3 0 2 7 0 2 3 5 30 3 1 2 8 17 18 2 0 2 7 1 2 11 0 2 3 0 2 7 6 2 11 5 30 3 0 21.1597868204116821
5 31 3 0 2 7 0 2 7 0 2 7 0 2 7 0 2 7 0 2 7 17 18 2 6 2 7 0 2 4 5 30 3 5 31 3 12 16 2 0 2 7 0 2 3 17 18 2 1 2 7 1 2 7 1 2 11 1 2 11 0.0114031511456867529 21.1732317805290222
0 2 4 5 30 3 0 2 7 0 2 7 0 2 7 0 2 7 1 2 7 17 18 2 17 9 2 8 18 2 0 2 7 0 2 7 1 2 11 5 31 3 1 2 11 1 2 7 1 2 7 0 2 7 1 2 7 0 2 7 0 20.6409198045730591

Current Evaluation = 1800(1800)
Front Size = 10
0 2 7 1 2 7 13 6 3 5 30 3 5 31 3 0 2 7 0 2 7 1 2 7 1 2 7 0 2 7 0 2 7 17 18 2 17 9 2 0 2 7 0 2 7 1 2 7 12 16 2 0 2 7 1 2 7 0 2 7 0 20.2646257877349854
0 2 7 5 30 3 1 2 7 5 31 3 17 18 2 0 2 7 0 2 4 17 18 2 0 2 7 0 2 7 0 2 7 0 2 7 1 2 4 12 16 2 1 2 7 12 16 2 6 2 7 1 2 7 13 6 3 0 2 7 0 20.3487167954444885
0 2 7 0 2 4 17 18 2 1 2 7 0 2 7 0 2 7 0 2 4 0 2 7 1 2 7 5 31 3 1 2 7 1 2 7 0 2 7 0 2 7 16 6 2 12 16 2 5 31 3 0 2 7 6 2 7 0 2 7 0 20.4595978856086731
0 2 3 0 2 7 0 2 7 5 30 3 17 18 2 0 2 7 1 2 7 1 2 7 0 2 7 1 2 7 1 2 7 0 2 7 5 31 3 0 2 3 1 2 7 0 2 4 1 2 7 17 18 2 0 2 4 0 2 7 0 20.5684669017791748
0 2 4 5 31 3 5 30 3 17 9 2 0 2 10 0 2 7 0 2 7 1 2 7 17 9 2 0 2 3 0 2 7 0 2 7 0 2 7 0 2 7 1 2 4 1 2 10 0 2 7 1 2 7 1 2 7 1 2 7 0 20.5764669179916382
0 2 7 5 31 3 5 30 3 17 18 2 1 2 7 0 2 7 1 2 11 1 2 7 17 9 2 0 2 4 0 2 7 1 2 4 1 2 10 0 2 7 0 2 4 0 2 7 1 2 11 0 2 7 0 2 7 0 2 7 0 20.6016668081283569
0 2 7 0 2 4 0 2 11 5 31 3 5 30 3 17 18 2 1 2 7 0 2 7 1 2 7 1 2 7 0 2 4 17 9 2 0 2 7 0 2 4 1 2 7 0 2 10 0 2 11 1 2 7 0 2 7 1 2 7 0 20.601667046546936
1 2 7 0 2 7 5 31 3 0 2 7 0 2 7 1 2 7 1 2 3 0 2 7 0 2 7 1 2 7 1 2 11 16 30 2 0 2 3 0 2 7 0 2 7 1 2 3 17 9 2 0 2 3 0 2 7 5 30 3 0 20.6688989400863647
0 2 7 0 2 4 0 2 7 5 30 3 17 18 2 0 2 11 1 2 11 0 2 7 1 2 7 17 9 2 1 2 11 0 2 11 1 2 7 1 2 4 0 2 7 0 2 7 0 2 7 5 30 3 1 2 3 8 18 2 0 20.8198409080505371
6 2 7 5 31 3 0 2 7 0 2 7 0 2 7 17 9 2 1 2 11 5 31 3 0 2 7 12 16 2 0 2 7 0 2 7 17 18 2 0 2 7 6 2 4 0 2 7 1 2 4 0 2 7 1 2 11 1 2 11 0 20.8679298162460327

Current Evaluation = 1980(1980)
Front Size = 10
0 2 7 5 30 3 1 2 7 5 31 3 0 2 7 0 2 7 0 2 7 0 2 7 0 2 7 1 2 7 1 2 7 17 18 2 1 2 7 1 2 7 0 2 7 17 9 2 12 16 2 0 2 7 0 2 7 13 6 3 0 20.2646257877349854
0 2 7 5 30 3 1 2 7 5 31 3 0 2 7 0 2 4 0 2 7 0 2 7 0 2 7 6 2 4 1 2 7 1 2 7 0 2 7 17 9 2 0 2 7 1 2 7 17 9 2 12 16 2 12 16 2 13 6 3 0 20.3487167954444885
0 2 7 1 2 7 0 2 7 0 2 7 1 2 4 6 2 7 1 2 7 0 2 7 0 2 7 0 2 7 0 2 7 17 18 2 0 2 7 0 2 7 12 16 2 0 2 7 16 6 2 5 31 3 5 31 3 1 2 4 0 20.4595978856086731
0 2 7 5 30 3 1 2 7 5 31 3 0 2 7 0 2 7 0 2 7 0 2 7 0 2 7 1 2 7 1 2 7 17 18 2 1 2 7 1 2 7 0 2 7 0 2 4 1 2 7 0 2 10 0 2 6 17 18 2 0 20.5624668598175049
0 2 4 5 31 3 5 30 3 17 9 2 0 2 10 0 2 7 0 2 7 1 2 7 17 9 2 0 2 3 0 2 7 0 2 7 0 2 7 0 2 7 1 2 4 1 2 10 0 2 7 1 2 7 1 2 7 1 2 7 0 20.5764669179916382
0 2 7 5 31 3 17 18 2 1 2 7 0 2 7 1 2 7 0 2 4 0 2 7 0 2 7 0 2 4 0 2 7 0 2 7 0 2 7 1 2 7 6 2 7 17 18 2 5 31 3 1 2 7 1 2 7 12 16 2 0 20.5928369164466858
0 2 7 5 31 3 5 30 3 17 18 2 1 2 7 0 2 7 1 2 11 1 2 7 17 9 2 0 2 4 0 2 7 1 2 4 1 2 10 0 2 7 0 2 4 0 2 7 1 2 11 0 2 7 0 2 7 0 2 7 0 20.6016668081283569
0 2 7 0 2 4 0 2 11 5 31 3 5 30 3 17 18 2 1 2 7 0 2 7 1 2 7 1 2 7 0 2 4 17 9 2 0 2 7 0 2 4 1 2 7 0 2 10 0 2 11 1 2 7 0 2 7 1 2 7 0 20.601667046546936
1 2 7 0 2 7 5 31 3 0 2 7 0 2 7 1 2 7 1 2 3 0 2 7 0 2 7 1 2 7 1 2 11 16 30 2 0 2 3 0 2 7 0 2 7 1 2 3 17 9 2 0 2 3 0 2 7 5 30 3 0 20.6688989400863647
0 2 7 1 2 7 0 2 7 0 2 7 1 2 4 1 2 7 0 2 7 0 2 7 0 2 7 0 2 7 17 18 2 0 2 7 5 31 3 6 2 7 0 2 7 0 2 10 17 9 2 1 2 7 5 31 3 1 2 7 0.000166098671479530664 20.5190389752388

Current Evaluation = 2160(2160)
Front Size = 10
5 31 3 5 30 3 0 2 7 0 2 7 0 2 7 0 2 7 0 2 7 0 2 7 0 2 7 1 2 7 1 2 7 17 9 2 17 18 2 0 2 7 0 2 7 1 2 7 1 2 7 13 6 3 1 2 7 12 16 2 0 20.2646257877349854
0 2 7 1 2 7 0 2 7 0 2 7 1 2 4 6 2 7 1 2 7 0 2 7 0 2 7 0 2 7 0 2 7 17 18 2 0 2 7 0 2 7 12 16 2 0 2 7 16 6 2 5 31 3 5 31 3 1 2 4 0 20.4595978856086731
0 2 7 0 2 7 0 2 7 0 2 7 1 2 7 0 2 4 12 16 2 5 31 3 5 31 3 0 2 7 1 2 7 6 2 7 0 2 7 1 2 7 0 2 4 1 2 7 17 9 2 16 6 2 0 2 7 0 2 7 0 20.4595978856086731
0 2 7 5 31 3 1 2 7 5 31 3 0 2 7 0 2 7 1 2 7 0 2 7 0 2 4 0 2 7 1 2 7 17 18 2 0 2 7 1 2 7 1 2 7 0 2 7 1 2 7 0 2 4 0 2 7 17 18 2 0 20.4687459468841553
0 2 4 5 31 3 5 30 3 0 2 10 0 2 7 0 2 7 1 2 7 0 2 7 0 2 7 0 2 7 0 2 7 0 2 7 1 2 7 1 2 7 1 2 7 17 9 2 17 18 2 1 2 7 0 2 6 1 2 7 0 20.5624668598175049
5 31 3 5 30 3 0 2 7 0 2 7 0 2 7 0 2 7 0 2 7 0 2 7 0 2 7 1 2 7 1 2 7 17 9 2 17 18 2 0 2 7 0 2 7 1 2 7 1 2 4 1 2 6 1 2 10 0 2 7 0 20.5624668598175049
0 2 7 5 30 3 0 2 7 5 31 3 0 2 4 1 2 3 0 2 7 1 2 7 0 2 10 17 18 2 0 2 7 0 2 7 1 2 7 0 2 7 0 2 7 0 2 7 1 2 4 1 2 10 1 2 7 17 18 2 0 20.5764669179916382
1 2 7 5 31 3 0 2 7 0 2 7 1 2 7 0 2 7 0 2 7 1 2 7 0 2 7 5 30 3 17 18 2 1 2 4 0 2 7 0 2 3 0 2 10 0 2 10 17 18 2 0 2 4 1 2 7 1 2 7 0 20.5764669179916382
0 2 4 5 31 3 5 30 3 17 9 2 0 2 10 0 2 7 0 2 7 1 2 7 17 9 2 0 2 3 0 2 7 0 2 7 0 2 7 0 2 7 1 2 4 1 2 10 0 2 7 1 2 7 1 2 7 1 2 7 0 20.5764669179916382
0 2 7 5 31 3 5 30 3 17 18 2 1 2 7 0 2 7 1 2 11 1 2 7 17 9 2 0 2 4 0 2 7 1 2 4 1 2 10 0 2 7 0 2 4 0 2 7 1 2 11 0 2 7 0 2 7 0 2 7 0 20.6016668081283569

Current Evaluation = 2340(2340)
Front Size = 10
1 2 7 5 30 3 1 2 7 0 2 7 1 2 7 0 2 7 0 2 7 0 2 7 0 2 7 17 18 2 1 2 7 0 2 7 12 16 2 5 31 3 1 2 7 0 2 7 0 2 7 17 9 2 13 6 3 0 2 7 0 20.2646257877349854
0 2 7 1 2 7 0 2 7 0 2 7 1 2 4 6 2 7 1 2 7 0 2 7 0 2 7 0 2 7 0 2 7 17 18 2 0 2 7 0 2 7 12 16 2 0 2 7 16 6 2 5 31 3 5 31 3 1 2 4 0 20.4595978856086731
0 2 7 1 2 7 0 2 7 0 2 7 6 2 7 1 2 7 0 2 7 0 2 7 0 2 7 0 2 7 12 16 2 16 6 2 5 31 3 5 31 3 0 2 7 0 2 4 1 2 7 0 2 4 17 9 2 1 2 7 0 20.4595978856086731
5 31 3 0 2 7 0 2 7 0 2 7 0 2 7 0 2 7 0 2 7 1 2 7 1 2 7 1 2 7 1 2 7 1 2 7 0 2 7 17 18 2 0 2 7 1 2 7 5 31 3 0 2 4 17 18 2 0 2 4 0 20.4687459468841553
5 31 3 5 30 3 0 2 7 0 2 7 0 2 7 0 2 7 0 2 7 0 2 7 0 2 7 1 2 7 1 2 7 17 9 2 17 18 2 1 2 7 1 2 7 1 2 7 0 2 4 0 2 10 0 2 6 1 2 7 0 20.5624668598175049
5 31 3 5 30 3 0 2 7 0 2 7 0 2 7 0 2 7 0 2 7 0 2 7 0 2 7 1 2 7 1 2 7 17 9 2 17 18 2 0 2 7 0 2 7 1 2 7 1 2 4 1 2 6 1 2 10 0 2 7 0 20.5624668598175049
0 2 7 5 31 3 5 30 3 17 9 2 0 2 3 0 2 7 0 2 7 1 2 7 17 9 2 1 2 7 0 2 3 0 2 7 0 2 7 0 2 4 0 2 4 1 2 7 0 2 7 1 2 7 1 2 7 1 2 7 0 20.5684669017791748
0 2 7 5 30 3 0 2 7 5 31 3 0 2 4 1 2 3 0 2 7 1 2 7 0 2 10 17 18 2 0 2 7 0 2 7 1 2 7 0 2 7 0 2 7 0 2 7 1 2 4 1 2 10 1 2 7 17 18 2 0 20.5764669179916382
0 2 4 5 31 3 5 30 3 17 9 2 0 2 10 0 2 7 0 2 7 1 2 7 17 9 2 0 2 3 0 2 7 0 2 7 0 2 7 0 2 7 1 2 4 1 2 10 0 2 7 1 2 7 1 2 7 1 2 7 0 20.5764669179916382
0 2 4 5 30 3 0 2 7 5 31 3 1 2 7 1 2 10 0 2 7 17 18 2 0 2 10 0 2 7 0 2 7 1 2 7 1 2 7 17 18 2 0 2 7 0 2 7 0 2 4 0 2 3 1 2 7 1 2 7 0 20.5764669179916382

Current Evaluation = 2520(2520)
Front Size = 10
0 2 7 1 2 7 1 2 7 0 2 7 0 2 7 5 30 3 0 2 7 1 2 7 17 18 2 0 2 7 12 16 2 1 2 7 1 2 7 0 2 7 0 2 7 5 31 3 0 2 7 17 9 2 13 6 3 0 2 7 0 20.2646257877349854
0 2 7 1 2 7 0 2 7 0 2 7 1 2 7 0 2 7 0 2 7 0 2 7 5 31 3 0 2 7 1 2 4 17 9 2 0 2 7 0 2 7 1 2 4 12 16 2 6 2 7 16 6 2 5 31 3 0 2 7 0 20.4595978856086731
0 2 7 1 2 7 0 2 7 0 2 7 0 2 7 6 2 7 5 31 3 0 2 7 1 2 7 17 18 2 0 2 4 0 2 7 12 16 2 5 31 3 1 2 7 0 2 7 0 2 4 16 6 2 1 2 7 0 2 7 0 20.4595978856086731
5 31 3 0 2 7 0 2 7 0 2 7 0 2 7 0 2 7 0 2 7 1 2 7 1 2 7 1 2 7 1 2 7 1 2 7 0 2 7 17 18 2 0 2 7 5 31 3 0 2 4 1 2 7 17 18 2 0 2 4 0 20.4687459468841553
5 31 3 0 2 7 0 2 7 0 2 7 0 2 7 0 2 7 0 2 7 1 2 7 1 2 7 1 2 7 1 2 7 1 2 7 0 2 7 17 18 2 0 2 7 5 31 3 0 2 4 1 2 4 17 9 2 0 2 7 0 20.4687459468841553
5 31 3 5 30 3 0 2 7 0 2 7 0 2 7 0 2 7 0 2 7 0 2 7 0 2 7 1 2 7 1 2 7 17 9 2 17 18 2 0 2 7 0 2 7 1 2 7 1 2 4 1 2 6 1 2 10 0 2 7 0 20.5624668598175049
5 31 3 5 30 3 0 2 7 0 2 7 0 2 7 0 2 7 0 2 7 0 2 7 0 2 7 1 2 7 1 2 7 17 9 2 17 18 2 1 2 7 1 2 7 1 2 7 0 2 4 0 2 10 0 2 6 1 2 7 0 20.5624668598175049
0 2 7 5 31 3 5 30 3 0 2 7 0 2 7 1 2 7 1 2 7 0 2 7 0 2 4 1 2 7 0 2 7 1 2 7 0 2 7 17 18 2 1 2 7 17 18 2 0 2 7 0 2 10 0 2 7 1 2 6 0 20.5624668598175049
0 2 7 5 31 3 5 30 3 17 9 2 0 2 3 0 2 7 0 2 7 1 2 7 17 9 2 1 2 7 0 2 3 0 2 7 0 2 7 0 2 4 0 2 4 1 2 7 0 2 7 1 2 7 1 2 7 1 2 7 0 20.5684669017791748
0 2 7 5 31 3 5 30 3 0 2 7 0 2 7 1 2 7 1 2 7 0 2 7 0 2 3 0 2 4 1 2 7 0 2 7 1 2 3 1 2 7 0 2 7 17 18 2 1 2 7 17 18 2 0 2 4 0 2 7 0 20.5684669017791748

Current Evaluation = 2700(2700)
Front Size = 10
5 31 3 0 2 7 0 2 7 0 2 7 0 2 7 0 2 7 0 2 7 1 2 7 1 2 7 1 2 7 0 2 7 17 18 2 0 2 7 0 2 7 5 30 3 17 9 2 1 2 7 12 16 2 1 2 7 13 6 3 0 20.2646257877349854
5 31 3 0 2 7 0 2 7 0 2 7 0 2 7 0 2 7 0 2 7 1 2 7 1 2 7 1 2 4 17 9 2 0 2 7 0 2 7 12 16 2 5 31 3 16 6 2 0 2 7 1 2 4 6 2 7 0 2 7 0 20.4595978856086731
5 31 3 0 2 7 0 2 7 0 2 7 0 2 7 0 2 7 0 2 7 1 2 7 1 2 7 1 2 7 1 2 7 0 2 7 17 18 2 0 2 7 5 31 3 0 2 4 0 2 4 6 2 7 16 6 2 12 16 2 0 20.4595978856086731
5 31 3 0 2 7 0 2 7 0 2 7 0 2 7 0 2 7 0 2 7 0 2 7 1 2 7 1 2 4 0 2 7 5 31 3 0 2 7 16 6 2 12 16 2 1 2 7 1 2 7 17 18 2 6 2 4 0 2 7 0 20.4595978856086731
5 31 3 0 2 7 0 2 7 0 2 7 0 2 7 0 2 7 0 2 7 1 2 7 1 2 7 1 2 7 1 2 7 0 2 7 17 18 2 0 2 7 5 31 3 0 2 4 0 2 7 17 18 2 1 2 4 1 2 7 0 20.4687459468841553
5 31 3 1 2 7 0 2 7 12 16 2 0 2 7 0 2 3 1 2 11 0 2 7 16 30 2 6 2 7 0 2 4 17 18 2 5 30 3 0 2 7 1 2 7 12 16 2 0 2 7 0 2 7 12 16 2 13 6 3 0 20.5474987626075745
5 31 3 5 30 3 0 2 7 0 2 7 0 2 7 0 2 7 0 2 7 0 2 7 0 2 7 1 2 7 1 2 7 17 9 2 17 18 2 1 2 7 0 2 7 0 2 7 1 2 6 1 2 4 1 2 10 0 2 7 0 20.5624668598175049
5 31 3 5 30 3 0 2 7 0 2 7 0 2 7 0 2 7 0 2 7 0 2 7 0 2 7 1 2 7 1 2 7 17 9 2 17 18 2 1 2 7 1 2 7 1 2 7 0 2 4 0 2 10 0 2 6 1 2 7 0 20.5624668598175049
0 2 7 5 31 3 0 2 7 0 2 7 1 2 7 1 2 7 0 2 7 0 2 4 1 2 7 0 2 7 1 2 7 0 2 7 17 18 2 1 2 7 17 18 2 0 2 7 0 2 7 5 30 3 0 2 10 1 2 6 0 20.5624668598175049
0 2 7 5 31 3 5 30 3 17 9 2 0 2 3 0 2 7 0 2 7 1 2 7 17 9 2 1 2 7 0 2 3 0 2 7 0 2 7 0 2 4 0 2 4 1 2 7 0 2 7 1 2 7 1 2 7 1 2 7 0 20.5684669017791748

Current Evaluation = 2880(2880)
Front Size = 10
1 2 7 0 2 7 1 2 7 1 2 7 0 2 7 0 2 7 0 2 7 12 16 2 0 2 7 0 2 7 17 18 2 1 2 7 1 2 7 0 2 7 0 2 7 5 31 3 17 9 2 13 6 3 5 30 3 0 2 7 0 20.2646257877349854
5 31 3 0 2 7 1 2 7 1 2 7 0 2 7 0 2 7 12 16 2 0 2 4 6 2 7 17 18 2 0 2 7 13 6 3 5 30 3 0 2 7 0 2 7 17 18 2 12 16 2 1 2 7 1 2 7 0 2 4 0 20.3487167954444885
5 31 3 0 2 7 1 2 7 1 2 7 0 2 7 0 2 7 12 16 2 0 2 7 0 2 7 17 18 2 0 2 7 13 6 3 5 30 3 0 2 7 0 2 7 17 18 2 1 2 4 6 2 7 1 2 4 12 16 2 0 20.3487167954444885
5 30 3 1 2 7 0 2 7 0 2 7 0 2 7 1 2 7 0 2 7 12 16 2 1 2 4 0 2 7 17 18 2 0 2 7 13 6 3 1 2 7 17 9 2 0 2 4 0 2 7 5 31 3 12 16 2 6 2 7 0 20.3487167954444885
5 31 3 0 2 7 1 2 7 0 2 7 1 2 7 0 2 7 0 2 7 6 2 4 12 16 2 0 2 7 1 2 7 17 18 2 17 9 2 0 2 7 13 6 3 1 2 7 5 30 3 12 16 2 0 2 4 0 2 7 0 20.3487167954444885
5 30 3 1 2 7 0 2 7 12 16 2 0 2 4 0 2 3 1 2 7 1 2 7 16 31 2 0 2 4 0 2 7 17 18 2 5 30 3 0 2 7 0 2 7 12 16 2 0 2 7 1 2 7 12 16 2 13 6 3 0 20.4516056776046753
5 31 3 0 2 7 0 2 7 0 2 7 0 2 7 0 2 7 0 2 7 0 2 7 1 2 7 0 2 7 0 2 7 12 16 2 1 2 7 1 2 7 17 18 2 1 2 4 5 31 3 16 6 2 6 2 4 0 2 7 0 20.4595978856086731
5 31 3 0 2 7 0 2 7 0 2 7 0 2 7 0 2 7 0 2 7 1 2 7 1 2 7 1 2 7 1 2 7 0 2 7 17 18 2 0 2 7 5 31 3 0 2 4 0 2 4 6 2 7 16 6 2 12 16 2 0 20.4595978856086731
5 31 3 0 2 7 0 2 7 0 2 7 0 2 7 0 2 7 0 2 7 1 2 7 1 2 7 0 2 7 0 2 7 5 31 3 6 2 7 16 6 2 12 16 2 1 2 4 1 2 7 0 2 7 0 2 4 17 9 2 0 20.4595978856086731
5 31 3 0 2 7 0 2 7 0 2 7 0 2 7 0 2 7 0 2 7 1 2 7 1 2 7 1 2 4 17 9 2 0 2 7 0 2 7 12 16 2 5 31 3 16 6 2 0 2 7 1 2 4 6 2 7 0 2 7 0 20.4595978856086731

Current Evaluation = 3060(3060)
Front Size = 10
5 31 3 0 2 7 0 2 7 1 2 7 0 2 7 0 2 7 0 2 7 0 2 7 1 2 7 17 18 2 13 6 3 5 30 3 17 18 2 12 16 2 1 2 7 1 2 7 0 2 7 0 2 7 0 2 7 1 2 7 0 20.2646257877349854
5 30 3 0 2 7 0 2 4 12 16 2 1 2 7 0 2 4 0 2 7 1 2 7 17 18 2 0 2 7 0 2 7 12 16 2 17 9 2 1 2 7 13 6 3 5 31 3 0 2 7 6 2 7 0 2 7 1 2 7 0 20.3487167954444885
5 31 3 0 2 7 1 2 7 1 2 7 0 2 7 0 2 7 12 16 2 0 2 7 0 2 7 17 18 2 0 2 7 13 6 3 5 30 3 0 2 7 0 2 7 17 18 2 1 2 4 6 2 7 1 2 4 12 16 2 0 20.3487167954444885
5 30 3 1 2 7 1 2 7 0 2 7 12 16 2 0 2 7 0 2 7 0 2 7 0 2 4 12 16 2 5 31 3 13 6 3 0 2 7 17 18 2 0 2 7 0 2 7 1 2 7 17 18 2 6 2 4 1 2 7 0 20.3487167954444885
5 31 3 0 2 7 1 2 7 0 2 7 12 16 2 1 2 4 17 18 2 0 2 7 13 6 3 5 30 3 1 2 7 6 2 7 0 2 7 0 2 7 1 2 7 17 9 2 0 2 4 0 2 7 12 16 2 0 2 7 0 20.3487167954444885
5 31 3 0 2 7 1 2 7 1 2 7 0 2 7 0 2 7 12 16 2 0 2 7 0 2 7 17 18 2 0 2 7 13 6 3 5 30 3 0 2 7 0 2 7 17 18 2 1 2 4 12 16 2 6 2 4 1 2 7 0 20.3487167954444885
0 2 7 1 2 4 1 2 7 12 16 2 17 18 2 0 2 3 13 6 3 5 30 3 1 2 7 0 2 7 0 2 7 0 2 7 0 2 4 12 16 2 1 2 7 16 31 2 0 2 7 12 16 2 0 2 7 5 30 3 0 20.4516056776046753
0 2 4 1 2 7 0 2 7 0 2 7 0 2 7 12 16 2 0 2 4 0 2 3 17 18 2 13 6 3 5 30 3 12 16 2 1 2 7 12 16 2 1 2 7 0 2 7 1 2 7 16 31 2 5 30 3 0 2 7 0 20.4516056776046753
5 30 3 1 2 3 1 2 7 1 2 7 0 2 7 12 16 2 0 2 7 0 2 7 0 2 7 0 2 4 12 16 2 5 31 3 13 6 3 1 2 4 0 2 7 16 30 2 17 18 2 0 2 7 0 2 7 12 16 2 0 20.4516057968139648
5 30 3 1 2 4 0 2 7 0 2 7 12 16 2 0 2 4 0 2 7 1 2 7 0 2 7 12 16 2 5 31 3 13 6 3 0 2 7 17 18 2 0 2 7 0 2 3 1 2 7 16 30 2 1 2 7 12 16 2 0 20.4516057968139648

Current Evaluation = 3240(3240)
Front Size = 10
5 31 3 0 2 7 1 2 7 1 2 7 0 2 7 0 2 7 12 16 2 0 2 7 0 2 7 17 18 2 0 2 7 13 6 3 5 30 3 0 2 7 1 2 7 1 2 7 0 2 7 0 2 7 1 2 7 17 9 2 0 20.2646257877349854
5 30 3 0 2 7 1 2 7 0 2 7 0 2 7 0 2 7 0 2 7 0 2 7 0 2 7 12 16 2 5 31 3 13 6 3 0 2 7 17 18 2 17 18 2 1 2 7 1 2 7 1 2 7 0 2 7 1 2 7 0 20.2646257877349854
5 31 3 0 2 7 1 2 7 1 2 7 0 2 7 0 2 7 12 16 2 0 2 7 0 2 7 17 18 2 0 2 7 13 6 3 5 30 3 0 2 7 0 2 7 17 18 2 1 2 4 12 16 2 6 2 7 1 2 4 0 20.3487167954444885
5 31 3 0 2 7 0 2 7 1 2 7 0 2 4 0 2 7 0 2 7 0 2 7 17 18 2 13 6 3 5 30 3 1 2 7 17 18 2 1 2 7 1 2 7 12 16 2 0 2 4 12 16 2 0 2 7 6 2 7 0 20.3487167954444885
5 31 3 0 2 4 0 2 7 1 2 7 0 2 7 0 2 7 0 2 7 17 18 2 13 6 3 5 30 3 1 2 7 12 16 2 1 2 7 1 2 4 0 2 7 17 9 2 12 16 2 6 2 7 0 2 7 0 2 7 0 20.3487167954444885
5 30 3 1 2 7 1 2 7 0 2 7 12 16 2 0 2 7 0 2 7 0 2 7 0 2 7 12 16 2 5 31 3 13 6 3 0 2 7 17 18 2 1 2 7 17 18 2 1 2 7 0 2 4 0 2 7 6 2 4 0 20.3487167954444885
5 31 3 0 2 7 1 2 7 1 2 7 0 2 7 0 2 7 12 16 2 0 2 7 0 2 7 17 18 2 0 2 7 13 6 3 5 30 3 0 2 7 0 2 7 17 18 2 1 2 4 12 16 2 6 2 4 1 2 7 0 20.3487167954444885
5 31 3 0 2 7 0 2 7 1 2 7 0 2 7 0 2 7 0 2 7 17 18 2 13 6 3 5 30 3 1 2 7 17 18 2 12 16 2 12 16 2 0 2 7 6 2 7 1 2 4 0 2 4 1 2 7 0 2 7 0 20.3487167954444885
0 2 4 1 2 7 0 2 7 0 2 7 0 2 7 12 16 2 0 2 4 0 2 3 17 18 2 13 6 3 5 30 3 12 16 2 1 2 7 12 16 2 1 2 7 0 2 7 1 2 7 16 31 2 5 30 3 0 2 7 0 20.4516056776046753
0 2 7 1 2 4 1 2 7 12 16 2 17 18 2 0 2 3 13 6 3 5 30 3 1 2 7 0 2 7 0 2 7 0 2 7 0 2 4 12 16 2 1 2 7 16 31 2 0 2 7 12 16 2 0 2 7 5 30 3 0 20.4516056776046753

Current Evaluation = 3420(3420)
Front Size = 10
5 31 3 0 2 7 1 2 7 0 2 7 0 2 7 12 16 2 0 2 7 0 2 7 17 9 2 0 2 7 13 6 3 5 30 3 1 2 7 0 2 7 0 2 7 1 2 7 1 2 7 0 2 7 1 2 7 17 9 2 0 20.2646257877349854
5 31 3 0 2 7 1 2 7 0 2 7 0 2 7 12 16 2 0 2 7 0 2 7 17 9 2 0 2 7 13 6 3 5 30 3 1 2 7 0 2 7 0 2 7 1 2 7 1 2 7 0 2 7 1 2 7 17 18 2 0 20.2646257877349854
5 30 3 0 2 7 0 2 7 0 2 7 1 2 7 12 16 2 1 2 7 0 2 7 17 18 2 0 2 7 13 6 3 5 31 3 0 2 7 17 18 2 0 2 7 1 2 7 0 2 7 1 2 7 1 2 7 0 2 7 0 20.2646257877349854
5 31 3 0 2 7 1 2 7 0 2 7 0 2 7 12 16 2 0 2 7 0 2 7 17 9 2 0 2 7 13 6 3 5 30 3 1 2 7 0 2 7 0 2 7 17 18 2 1 2 4 12 16 2 6 2 7 1 2 4 0 20.3487167954444885
5 31 3 0 2 4 1 2 7 0 2 7 0 2 7 12 16 2 0 2 7 1 2 7 0 2 7 13 6 3 5 30 3 1 2 7 1 2 7 6 2 7 17 18 2 17 9 2 12 16 2 0 2 7 0 2 7 0 2 4 0 20.3487167954444885
5 30 3 1 2 7 1 2 7 0 2 7 12 16 2 0 2 7 0 2 7 0 2 7 0 2 7 12 16 2 5 31 3 13 6 3 0 2 7 17 18 2 17 18 2 6 2 7 0 2 7 1 2 7 1 2 4 0 2 4 0 20.3487167954444885
5 31 3 0 2 7 1 2 7 1 2 7 0 2 7 0 2 7 12 16 2 0 2 7 0 2 7 0 2 7 13 6 3 5 30 3 6 2 4 1 2 4 0 2 7 1 2 7 17 9 2 12 16 2 0 2 7 17 9 2 0 20.3487167954444885
5 31 3 0 2 7 1 2 7 1 2 7 0 2 7 0 2 7 12 16 2 0 2 7 0 2 7 17 18 2 0 2 7 13 6 3 5 30 3 0 2 7 17 18 2 12 16 2 6 2 4 1 2 7 0 2 7 1 2 4 0 20.3487167954444885
5 30 3 1 2 7 1 2 7 0 2 7 12 16 2 0 2 7 0 2 7 0 2 7 0 2 7 12 16 2 5 31 3 13 6 3 0 2 7 17 18 2 1 2 7 17 18 2 1 2 7 0 2 4 0 2 7 6 2 4 0 20.3487167954444885
5 31 3 0 2 7 1 2 7 0 2 7 0 2 7 12 16 2 0 2 7 0 2 7 17 18 2 0 2 7 13 6 3 5 30 3 0 2 7 17 18 2 6 2 7 12 16 2 1 2 4 0 2 7 1 2 4 1 2 7 0 20.3487167954444885

Current Evaluation = 3600(3600)
Front Size = 10
5 31 3 0 2 7 1 2 7 1 2 7 1 2 7 0 2 7 0 2 7 0 2 7 0 2 7 0 2 7 13 6 3 5 30 3 0 2 7 17 9 2 1 2 7 0 2 7 1 2 7 0 2 7 12 16 2 17 18 2 0 20.2646257877349854
5 31 3 0 2 7 1 2 7 1 2 7 0 2 7 0 2 7 12 16 2 0 2 7 0 2 7 0 2 7 13 6 3 5 30 3 0 2 7 1 2 7 1 2 7 17 18 2 17 18 2 0 2 7 0 2 7 1 2 7 0 20.2646257877349854
5 31 3 0 2 7 1 2 7 0 2 7 0 2 7 0 2 7 12 16 2 0 2 7 0 2 7 0 2 7 13 6 3 5 30 3 0 2 7 1 2 7 17 9 2 1 2 7 0 2 7 17 9 2 1 2 7 1 2 7 0 20.2646257877349854
5 31 3 1 2 7 1 2 7 0 2 7 0 2 4 12 16 2 0 2 7 1 2 4 0 2 7 13 6 3 5 30 3 0 2 7 1 2 7 0 2 7 0 2 7 12 16 2 0 2 7 17 18 2 6 2 7 17 9 2 0 20.3487167954444885
5 31 3 0 2 4 6 2 7 1 2 7 0 2 7 0 2 7 12 16 2 0 2 7 1 2 7 0 2 7 13 6 3 5 30 3 1 2 7 17 9 2 1 2 7 0 2 4 0 2 7 0 2 7 17 9 2 12 16 2 0 20.3487167954444885
5 30 3 1 2 7 1 2 7 0 2 7 12 16 2 0 2 7 0 2 7 0 2 7 0 2 7 12 16 2 5 31 3 13 6 3 0 2 7 17 18 2 1 2 7 17 18 2 1 2 7 0 2 4 0 2 7 6 2 4 0 20.3487167954444885
5 30 3 1 2 4 0 2 7 0 2 7 0 2 7 0 2 7 12 16 2 1 2 7 0 2 7 0 2 7 13 6 3 5 31 3 12 16 2 0 2 7 1 2 7 1 2 4 17 18 2 6 2 7 17 18 2 0 2 7 0 20.3487167954444885
5 30 3 1 2 7 0 2 7 0 2 7 0 2 7 0 2 7 12 16 2 1 2 7 0 2 7 0 2 7 13 6 3 5 31 3 12 16 2 0 2 7 1 2 7 17 9 2 1 2 4 6 2 4 17 18 2 0 2 7 0 20.3487167954444885
5 31 3 0 2 7 1 2 7 1 2 7 0 2 7 0 2 7 12 16 2 0 2 7 0 2 7 0 2 7 13 6 3 5 30 3 0 2 4 6 2 7 0 2 7 17 9 2 17 9 2 12 16 2 1 2 4 1 2 7 0 20.3487167954444885
5 31 3 0 2 7 1 2 7 1 2 7 6 2 7 0 2 7 12 16 2 0 2 7 0 2 7 0 2 7 13 6 3 5 30 3 0 2 7 1 2 7 17 18 2 17 18 2 1 2 4 12 16 2 0 2 7 0 2 4 0 20.3487167954444885

MonoObjective Genetic Algorithm
Number of Evaluations = 0
Mutation Probability = 0
Crossover Probability = 1
Population Size = 10
Survival Selection Type = 19

Time =  3602.39322400093079

Current Evaluation = 3370
Front Size = 10
5 31 3 0 2 7 1 2 7 1 2 7 1 2 7 0 2 7 0 2 7 0 2 7 0 2 7 0 2 7 13 6 3 5 30 3 0 2 7 17 9 2 1 2 7 0 2 7 1 2 7 0 2 7 12 16 2 17 18 2 0 20.2646257877349854
5 31 3 0 2 7 1 2 7 1 2 7 0 2 7 0 2 7 12 16 2 0 2 7 0 2 7 0 2 7 13 6 3 5 30 3 0 2 7 1 2 7 1 2 7 17 18 2 17 18 2 0 2 7 0 2 7 1 2 7 0 20.2646257877349854
5 31 3 0 2 7 1 2 7 0 2 7 0 2 7 0 2 7 12 16 2 0 2 7 0 2 7 0 2 7 13 6 3 5 30 3 0 2 7 1 2 7 17 9 2 1 2 7 0 2 7 17 9 2 1 2 7 1 2 7 0 20.2646257877349854
5 31 3 1 2 7 1 2 7 0 2 7 0 2 4 12 16 2 0 2 7 1 2 4 0 2 7 13 6 3 5 30 3 0 2 7 1 2 7 0 2 7 0 2 7 12 16 2 0 2 7 17 18 2 6 2 7 17 9 2 0 20.3487167954444885
5 31 3 0 2 4 6 2 7 1 2 7 0 2 7 0 2 7 12 16 2 0 2 7 1 2 7 0 2 7 13 6 3 5 30 3 1 2 7 17 9 2 1 2 7 0 2 4 0 2 7 0 2 7 17 9 2 12 16 2 0 20.3487167954444885
5 30 3 1 2 7 1 2 7 0 2 7 12 16 2 0 2 7 0 2 7 0 2 7 0 2 7 12 16 2 5 31 3 13 6 3 0 2 7 17 18 2 1 2 7 17 18 2 1 2 7 0 2 4 0 2 7 6 2 4 0 20.3487167954444885
5 30 3 1 2 4 0 2 7 0 2 7 0 2 7 0 2 7 12 16 2 1 2 7 0 2 7 0 2 7 13 6 3 5 31 3 12 16 2 0 2 7 1 2 7 1 2 4 17 18 2 6 2 7 17 18 2 0 2 7 0 20.3487167954444885
5 30 3 1 2 7 0 2 7 0 2 7 0 2 7 0 2 7 12 16 2 1 2 7 0 2 7 0 2 7 13 6 3 5 31 3 12 16 2 0 2 7 1 2 7 17 9 2 1 2 4 6 2 4 17 18 2 0 2 7 0 20.3487167954444885
5 31 3 0 2 7 1 2 7 1 2 7 0 2 7 0 2 7 12 16 2 0 2 7 0 2 7 0 2 7 13 6 3 5 30 3 0 2 4 6 2 7 0 2 7 17 9 2 17 9 2 12 16 2 1 2 4 1 2 7 0 20.3487167954444885
5 31 3 0 2 7 1 2 7 1 2 7 6 2 7 0 2 7 12 16 2 0 2 7 0 2 7 0 2 7 13 6 3 5 30 3 0 2 7 1 2 7 17 18 2 17 18 2 1 2 4 12 16 2 0 2 7 0 2 4 0 20.3487167954444885

