Current Evaluation = 900(900)
Front Size = 10
0 2 7 0 2 7 0 2 7 0 2 7 1 2 7 0 2 7 17 18 2 0 2 7 13 6 3 5 30 3 1 2 7 12 16 2 0 2 7 13 6 3 0 2 7 17 9 2 1 2 7 12 16 2 0 2 7 0 2 7 1 2 7 1 2 7 5 30 3 1 2 7 17 9 2 1 2 7 17 9 2 0 2 7 16 6 2 8 9 2 0 2 7 0 2 7 1 2 7 0 2 7 5 30 3 5 31 3 1 2 4 5 31 3 0 2 7 1 2 3 0 2 7 0 2 7 0 2 7 0 2 7 0 2 7 1 2 7 0 2 7 0 2 7 5 30 3 0 2 7 12 16 2 5 30 3 0 2 7 0 2 7 16 19 11 16 19 11 0 2 7 1 2 7 0 2 7 6 2 7 0 61.5148561596870422
1 2 4 0 2 7 1 2 7 1 2 3 1 2 7 0 2 7 17 18 2 0 2 7 0 2 7 5 30 3 0 2 7 12 16 2 0 2 7 16 6 2 0 2 7 5 31 3 13 6 3 12 16 2 0 2 7 0 2 7 0 2 4 0 2 7 5 31 3 0 2 7 17 9 2 0 2 7 8 9 2 0 2 7 16 6 2 8 9 2 1 2 7 16 19 11 1 2 7 0 2 7 5 30 3 5 30 3 0 2 7 5 30 3 0 2 3 1 2 7 0 2 7 0 2 7 0 2 7 0 2 7 1 2 7 1 2 7 0 2 7 1 2 7 0 2 7 0 2 7 12 16 2 5 30 3 1 2 7 0 2 7 17 18 2 16 19 11 0 2 7 0 2 7 1 2 7 0 2 7 0 61.9007681608200073
5 31 3 0 2 7 1 2 7 5 30 3 1 2 7 1 2 7 5 30 3 0 2 7 0 2 4 5 30 3 0 2 7 12 16 2 1 2 7 0 2 7 12 16 2 0 2 4 8 1 2 12 16 2 0 2 7 1 2 4 0 2 7 0 2 7 0 2 7 0 2 3 17 9 2 1 2 4 17 9 2 0 2 7 16 30 2 17 9 2 0 2 3 16 9 11 0 2 7 1 2 3 5 30 3 0 2 7 0 2 4 5 31 3 0 2 3 6 2 7 1 2 7 0 2 3 6 2 3 0 2 7 1 2 7 0 2 7 0 2 7 0 2 3 0 2 7 1 2 7 12 16 2 0 2 7 0 2 3 0 2 3 17 9 2 0 2 7 1 2 7 1 2 7 0 2 7 1 2 4 0 62.3997704982757568
1 2 4 0 2 7 1 2 7 12 16 2 1 2 7 0 2 7 17 18 2 0 2 7 0 2 7 5 30 3 0 2 7 12 16 2 0 2 7 16 6 2 0 2 7 5 31 3 13 6 3 12 16 2 0 2 7 0 2 7 0 2 4 0 2 7 5 31 3 0 2 4 17 9 2 0 2 7 8 9 2 0 2 7 16 6 2 8 9 2 1 2 7 16 19 11 1 2 7 0 2 7 5 30 3 5 30 3 0 2 7 5 30 3 0 2 10 1 2 7 0 2 7 0 2 7 0 2 7 0 2 7 1 2 7 1 2 7 0 2 3 1 2 7 0 2 7 0 2 7 12 16 2 5 30 3 1 2 7 0 2 7 17 18 2 16 19 11 0 2 4 0 2 7 1 2 7 0 2 7 0 62.0331181287765503
1 2 4 0 2 7 1 2 7 12 16 2 1 2 7 0 2 7 17 18 2 0 2 7 0 2 7 5 30 3 0 2 7 12 16 2 0 2 7 16 6 2 0 2 7 5 31 3 13 6 3 12 16 2 0 2 7 0 2 7 0 2 4 0 2 7 5 31 3 0 2 4 17 9 2 0 2 7 8 9 2 0 2 7 16 6 2 8 9 2 1 2 7 16 19 11 1 2 7 0 2 7 5 30 3 5 30 3 0 2 7 5 30 3 0 2 10 1 2 7 0 2 7 0 2 7 0 2 7 0 2 7 1 2 7 1 2 7 0 2 3 1 2 7 0 2 7 0 2 7 12 16 2 5 30 3 1 2 7 0 2 7 17 18 2 16 19 11 0 2 4 0 2 7 1 2 7 0 2 7 0 62.0331181287765503
1 2 7 0 2 7 0 2 7 13 6 3 0 2 7 0 2 7 17 18 2 0 2 7 1 2 7 5 30 3 1 2 7 12 16 2 0 2 7 16 30 2 0 2 7 5 31 3 1 2 7 12 16 2 0 2 7 0 2 7 0 2 7 0 2 7 5 30 3 0 2 4 17 9 2 1 2 7 8 9 2 0 2 7 16 6 2 17 9 2 0 2 7 16 19 11 0 2 7 0 2 7 5 30 3 5 30 3 0 2 7 5 30 3 0 2 7 1 2 7 0 2 7 0 2 7 0 2 7 0 2 7 1 2 7 0 2 7 0 2 7 0 2 7 8 9 2 0 2 7 12 16 2 5 30 3 0 2 7 0 2 7 5 31 3 16 19 11 1 2 7 1 2 7 1 2 7 1 2 7 0 61.9465861320495605
1 2 7 0 2 7 0 2 7 13 6 3 0 2 7 0 2 7 17 18 2 0 2 7 1 2 7 5 30 3 1 2 7 12 16 2 0 2 7 16 30 2 0 2 7 5 31 3 1 2 7 12 16 2 0 2 7 0 2 7 0 2 7 0 2 7 5 30 3 0 2 4 17 9 2 1 2 7 8 9 2 0 2 7 16 6 2 17 9 2 0 2 7 16 19 11 0 2 7 0 2 7 5 30 3 5 30 3 0 2 7 5 30 3 0 2 7 1 2 7 0 2 7 0 2 7 0 2 7 0 2 7 1 2 7 0 2 7 0 2 7 0 2 7 8 9 2 0 2 7 12 16 2 5 30 3 0 2 7 0 2 7 5 31 3 16 19 11 1 2 7 1 2 7 1 2 7 1 2 7 0 61.9465861320495605
1 2 7 0 2 7 1 2 7 5 31 3 0 2 7 0 2 7 12 16 2 0 2 7 1 2 7 5 30 3 6 2 7 12 16 2 0 2 7 6 3 2 0 2 7 5 31 3 12 16 2 12 16 2 1 2 7 0 2 7 0 2 7 0 2 7 5 30 3 0 2 7 17 9 2 6 2 7 8 9 2 15 2 11 16 6 2 17 18 2 0 2 7 16 19 11 0 2 4 0 2 7 5 31 3 0 2 7 0 2 7 5 30 3 0 2 7 6 2 4 0 2 7 0 2 7 0 2 7 0 2 7 6 2 7 0 2 7 0 2 7 1 2 7 17 18 2 6 2 7 12 16 2 16 6 2 1 2 7 0 2 7 5 31 3 0 2 7 1 2 3 0 2 7 6 2 7 0 2 7 0 62.2979803085327148
1 2 7 0 2 7 0 2 4 13 6 3 6 2 10 0 2 7 17 18 2 0 2 7 1 2 7 5 30 3 1 2 7 12 16 2 0 2 3 16 30 2 0 2 11 5 31 3 1 2 7 12 16 2 0 2 7 0 2 7 0 2 7 0 2 3 5 30 3 0 2 7 17 9 2 0 2 7 8 9 2 0 2 7 16 6 2 17 9 2 0 2 7 16 19 11 0 2 7 0 2 7 5 30 3 5 30 3 0 2 10 5 30 3 0 2 7 1 2 7 0 2 7 0 2 7 0 2 3 0 2 7 1 2 7 0 2 7 0 2 7 0 2 7 1 2 3 0 2 7 12 16 2 5 30 3 0 2 7 0 2 7 5 31 3 16 19 11 0 2 7 1 2 7 1 2 7 1 2 4 0 62.4572262763977051
1 2 4 0 2 7 1 2 7 12 16 2 1 2 7 0 2 7 17 18 2 0 2 7 0 2 7 5 30 3 0 2 7 12 16 2 0 2 7 16 6 2 0 2 7 5 31 3 13 6 3 12 16 2 0 2 7 0 2 7 0 2 4 0 2 7 5 31 3 0 2 4 17 9 2 0 2 7 8 9 2 0 2 7 16 6 2 8 9 2 1 2 7 16 19 11 1 2 7 0 2 7 5 30 3 5 30 3 0 2 7 5 30 3 0 2 10 1 2 7 0 2 7 0 2 7 0 2 7 0 2 7 1 2 7 1 2 7 0 2 3 1 2 7 0 2 7 0 2 7 12 16 2 5 30 3 1 2 7 0 2 7 17 18 2 16 19 11 0 2 4 0 2 7 1 2 7 0 2 7 0 62.0331181287765503

Current Evaluation = 1800(1800)
Front Size = 10
0 2 7 0 2 7 5 31 3 1 2 7 0 2 7 1 2 4 17 9 2 1 2 7 1 2 11 5 30 3 0 2 7 12 16 2 0 2 7 17 18 2 1 2 7 1 2 7 0 2 7 12 16 2 1 2 7 1 2 7 1 2 4 0 2 4 0 2 7 1 2 7 17 9 2 1 2 7 17 18 2 0 2 4 16 6 2 6 2 7 1 2 7 16 18 11 0 2 4 0 2 7 5 31 3 0 2 7 0 2 7 5 31 3 1 2 7 1 2 7 0 2 7 0 2 7 0 2 7 0 2 7 1 2 7 0 2 7 0 2 7 5 31 3 0 2 7 0 2 4 0 2 7 13 6 3 0 2 7 1 2 7 17 9 2 0 2 7 0 2 7 1 2 7 0 2 7 0 2 7 0 60.7854166030883789
0 2 7 0 2 7 0 2 7 0 2 7 1 2 7 0 2 7 17 18 2 0 2 7 13 6 3 5 30 3 1 2 7 12 16 2 0 2 7 13 6 3 0 2 7 17 9 2 1 2 7 12 16 2 0 2 7 0 2 7 1 2 7 1 2 7 5 30 3 1 2 7 17 9 2 1 2 7 17 9 2 0 2 7 16 6 2 8 9 2 0 2 7 0 2 7 1 2 7 0 2 7 5 30 3 5 31 3 1 2 4 5 31 3 0 2 7 1 2 3 0 2 7 0 2 7 0 2 7 0 2 7 0 2 7 1 2 7 0 2 7 0 2 7 5 30 3 0 2 7 12 16 2 5 30 3 0 2 7 0 2 7 16 19 11 16 19 11 0 2 7 1 2 7 0 2 7 6 2 7 0 61.5148561596870422
0 2 7 0 2 4 5 31 3 1 2 7 0 2 3 0 2 7 17 9 2 1 2 7 1 2 3 5 30 3 1 2 4 12 16 2 0 2 4 17 18 2 1 2 7 1 2 7 0 2 7 12 16 2 1 2 7 1 2 7 1 2 4 0 2 3 0 2 3 1 2 4 17 9 2 1 2 3 17 18 2 1 2 4 16 6 2 0 2 7 1 2 7 16 18 11 0 2 3 0 2 7 5 31 3 0 2 7 1 2 3 5 30 3 1 2 7 1 2 7 0 2 4 0 2 7 0 2 7 0 2 3 1 2 3 0 2 7 0 2 4 0 2 7 0 2 4 0 2 4 0 2 4 13 6 3 0 2 7 1 2 7 17 9 2 0 2 3 0 2 3 1 2 7 0 2 3 0 2 7 0 61.3477708697319031
0 2 4 12 16 2 5 30 3 0 2 7 0 2 7 0 2 4 17 18 2 0 2 4 0 2 7 5 31 3 1 2 7 12 16 2 1 2 7 12 16 2 0 2 7 0 2 4 13 6 3 12 16 2 0 2 4 0 2 7 0 2 7 0 2 7 5 31 3 0 2 7 17 18 2 0 2 7 8 9 2 1 2 7 16 18 11 0 2 7 1 2 4 16 19 11 0 2 7 1 2 7 5 30 3 5 31 3 1 2 7 16 6 2 0 2 7 0 2 7 0 2 4 1 2 7 0 2 7 0 2 7 1 2 7 1 2 7 0 2 7 1 2 7 0 2 7 0 2 7 12 16 2 17 9 2 0 2 7 0 2 4 17 9 2 1 2 4 1 2 7 1 2 7 1 2 4 0 2 7 0 61.4701583981513977
0 2 7 0 2 7 1 2 7 6 2 7 1 2 7 0 2 7 17 18 2 0 2 7 0 2 7 5 30 3 0 2 7 12 16 2 1 2 7 16 6 2 0 2 3 5 31 3 13 6 3 12 16 2 0 2 7 1 2 7 1 2 3 0 2 7 5 31 3 0 2 7 17 9 2 0 2 7 8 9 2 0 2 7 16 30 2 8 9 2 1 2 7 16 15 2 0 2 7 0 2 7 5 30 3 5 30 3 0 2 7 5 30 3 0 2 7 0 2 7 0 2 7 0 2 7 0 2 7 0 2 7 1 2 3 1 2 7 0 2 7 1 2 7 0 2 7 0 2 7 12 16 2 5 30 3 1 2 7 0 2 7 17 18 2 16 19 11 0 2 4 0 2 7 1 2 7 0 2 7 0 61.7385743260383606
1 2 11 0 2 7 1 2 7 1 2 7 1 2 7 0 2 7 17 18 2 0 2 1 0 2 7 5 30 3 0 2 7 12 16 2 0 2 7 16 6 2 0 2 7 5 31 3 13 6 3 12 16 2 0 2 7 0 2 7 1 2 4 0 2 11 5 31 3 0 2 7 17 9 2 0 2 7 8 9 2 0 2 7 16 30 2 17 9 2 1 2 7 8 9 2 1 2 7 0 2 11 5 30 3 5 30 3 0 2 7 5 30 3 0 2 4 0 2 7 0 2 7 0 2 7 0 2 7 6 2 7 1 2 7 1 2 7 0 2 7 1 2 7 0 2 7 0 2 7 12 16 2 5 30 3 1 2 7 0 2 7 17 18 2 16 19 11 0 2 7 0 2 7 1 2 7 0 2 4 0 61.8828734755516052
0 2 7 0 2 3 5 31 3 0 2 3 0 2 3 1 2 7 17 9 2 1 2 7 1 2 7 5 30 3 1 2 7 12 16 2 0 2 7 16 9 11 1 2 7 1 2 7 0 2 7 12 16 2 1 2 7 1 2 7 1 2 7 0 2 7 0 2 7 1 2 7 17 9 2 1 2 3 17 18 2 1 2 7 16 15 2 1 2 7 1 2 7 16 18 8 0 2 7 1 2 7 5 31 3 0 2 7 0 2 7 5 31 3 1 2 7 1 2 7 0 2 7 0 2 3 0 2 7 0 2 7 0 2 7 0 2 7 0 2 7 0 2 3 0 2 7 0 2 7 0 2 7 13 6 3 0 2 3 1 2 7 17 9 2 0 2 7 0 2 3 1 2 7 0 2 7 0 2 7 0 61.5328156352043152
0 2 7 0 2 7 5 31 3 0 2 7 0 2 4 0 2 7 17 9 2 1 2 7 1 2 3 5 30 3 1 2 7 12 16 2 0 2 7 16 9 11 1 2 3 1 2 7 0 2 7 12 16 2 1 2 7 1 2 3 1 2 7 0 2 7 0 2 7 1 2 7 17 9 2 1 2 7 17 18 2 1 2 7 16 15 2 0 2 3 1 2 7 16 18 11 0 2 7 1 2 4 5 31 3 0 2 7 1 2 3 5 30 3 1 2 7 1 2 3 0 2 3 0 2 7 0 2 7 0 2 7 1 2 3 0 2 7 0 2 3 0 2 7 0 2 3 0 2 7 0 2 7 13 6 3 0 2 7 1 2 3 17 9 2 0 2 3 0 2 3 1 2 7 0 2 7 0 2 7 0 61.8379367589950562
0 2 7 1 2 4 5 30 3 0 2 7 0 2 7 1 2 7 17 18 2 0 2 7 1 2 7 5 31 3 0 2 7 12 16 2 0 2 4 16 6 2 0 2 7 5 31 3 1 2 7 12 16 2 1 2 7 0 2 7 1 2 7 0 2 7 5 30 3 0 2 7 8 9 2 0 2 11 17 9 2 0 2 7 16 6 2 5 31 3 1 2 7 17 18 2 1 2 7 0 2 7 5 30 3 8 9 2 1 2 7 5 31 3 0 2 7 1 2 4 1 2 7 0 2 7 0 2 7 0 2 7 0 2 7 0 2 7 0 2 7 6 2 7 0 2 7 0 2 7 0 2 7 16 6 2 0 2 7 0 2 7 17 9 2 1 2 7 0 2 4 1 2 7 0 2 11 0 2 7 0 61.5821996331214905
1 2 7 0 2 7 1 2 7 1 2 7 1 2 7 0 2 7 17 18 2 0 2 3 0 2 7 5 30 3 0 2 7 12 16 2 0 2 7 16 6 2 0 2 7 5 31 3 13 6 3 12 16 2 0 2 7 0 2 7 1 2 4 0 2 7 5 31 3 0 2 7 17 9 2 0 2 7 8 9 2 0 2 7 16 30 2 8 9 2 1 2 7 16 19 11 1 2 7 0 2 7 5 30 3 5 30 3 0 2 7 5 30 3 0 2 7 0 2 7 0 2 7 0 2 7 0 2 11 0 2 7 1 2 7 1 2 7 0 2 7 1 2 7 0 2 7 0 2 7 12 16 2 5 30 3 1 2 7 0 2 7 17 18 2 16 19 11 0 2 7 0 2 7 1 2 7 0 2 7 0 61.8849912881851196

Current Evaluation = 2700(2700)
Front Size = 10
1 2 7 0 2 7 5 30 3 0 2 7 0 2 7 0 2 7 17 9 2 0 2 7 1 2 7 5 31 3 1 2 4 12 16 2 1 2 7 17 18 2 1 2 7 0 2 7 0 2 7 0 2 7 1 2 7 17 18 2 0 2 7 1 2 7 1 2 7 0 2 7 17 9 2 1 2 7 17 18 2 1 2 7 16 30 2 1 2 7 0 2 7 0 2 7 0 2 7 0 2 7 5 30 3 0 2 7 1 2 7 5 31 3 1 2 4 0 2 7 0 2 7 0 2 4 1 2 7 0 2 7 1 2 7 0 2 7 0 2 7 5 31 3 13 6 3 0 2 7 0 2 7 13 6 3 1 2 7 1 2 7 17 9 2 0 2 7 1 2 7 1 2 7 0 2 7 0 2 7 0 59.9859006404876709
0 2 7 1 2 7 5 30 3 0 2 4 0 2 7 1 2 7 17 9 2 0 2 7 0 2 4 17 9 2 1 2 4 12 16 2 1 2 7 0 2 4 1 2 7 0 2 4 13 6 3 12 16 2 8 9 2 12 16 2 0 2 7 0 2 7 0 2 7 0 2 7 17 9 2 0 2 7 0 2 7 0 2 4 16 6 2 1 2 7 1 2 4 12 16 2 1 2 7 1 2 7 5 31 3 5 31 3 1 2 7 16 6 2 1 2 7 0 2 7 1 2 4 0 2 3 5 31 3 1 2 4 1 2 7 0 2 7 1 2 4 0 2 4 1 2 7 0 2 7 0 2 4 0 2 7 17 9 2 1 2 7 17 9 2 0 2 11 0 2 7 0 2 7 0 2 4 0 2 3 0 60.7263857126235962
1 2 7 0 2 7 5 30 3 0 2 7 0 2 7 0 2 7 17 9 2 0 2 7 1 2 7 5 31 3 1 2 4 12 16 2 1 2 7 17 18 2 1 2 7 0 2 7 0 2 7 0 2 7 1 2 7 17 18 2 0 2 7 1 2 7 1 2 7 0 2 7 17 9 2 1 2 7 17 18 2 1 2 7 16 30 2 1 2 7 0 2 7 0 2 7 0 2 7 0 2 7 5 30 3 0 2 7 1 2 7 5 31 3 1 2 4 0 2 7 0 2 7 0 2 4 1 2 7 0 2 7 1 2 7 0 2 7 0 2 7 5 31 3 13 6 3 0 2 7 0 2 7 13 6 3 1 2 7 1 2 7 17 9 2 0 2 7 1 2 7 1 2 7 0 2 7 0 2 7 0 59.9859006404876709
1 2 7 0 2 7 5 30 3 0 2 7 0 2 7 0 2 7 17 9 2 0 2 7 1 2 7 5 31 3 1 2 4 12 16 2 1 2 7 17 18 2 1 2 7 0 2 7 0 2 7 0 2 7 1 2 7 17 18 2 0 2 7 1 2 7 1 2 7 0 2 7 17 9 2 1 2 7 17 18 2 1 2 7 16 30 2 1 2 7 0 2 7 0 2 7 0 2 7 0 2 7 5 30 3 0 2 7 1 2 7 5 31 3 1 2 4 0 2 7 0 2 7 0 2 4 1 2 7 0 2 7 1 2 7 0 2 7 0 2 7 5 31 3 13 6 3 0 2 7 0 2 7 13 6 3 1 2 7 1 2 7 17 9 2 0 2 7 1 2 7 1 2 7 0 2 7 0 2 7 0 59.9859006404876709
1 2 7 0 2 7 5 30 3 0 2 7 0 2 7 0 2 7 17 9 2 0 2 7 1 2 7 5 31 3 1 2 4 12 16 2 1 2 7 17 18 2 1 2 7 0 2 7 0 2 7 0 2 7 1 2 7 17 18 2 0 2 7 1 2 7 1 2 7 0 2 7 17 9 2 1 2 7 17 18 2 1 2 7 16 30 2 1 2 7 0 2 7 0 2 7 0 2 7 0 2 7 5 30 3 0 2 7 1 2 7 5 31 3 1 2 4 0 2 7 0 2 7 0 2 4 1 2 7 0 2 7 1 2 7 0 2 7 0 2 7 5 31 3 13 6 3 0 2 7 0 2 7 13 6 3 1 2 7 1 2 7 17 9 2 0 2 7 1 2 7 1 2 7 0 2 7 0 2 7 0 59.9859006404876709
17 18 2 1 2 7 5 31 3 0 2 4 0 2 7 0 2 4 17 9 2 0 2 7 1 2 7 5 30 3 1 2 7 12 16 2 1 2 7 17 18 2 1 2 7 0 2 7 0 2 7 12 16 2 1 2 4 1 2 7 0 2 7 1 2 7 1 2 7 0 2 7 17 9 2 1 2 7 17 18 2 0 2 7 16 30 2 1 2 7 0 2 7 0 2 7 0 2 7 0 2 7 5 30 3 0 2 4 1 2 7 5 31 3 1 2 7 0 2 7 0 2 4 0 2 7 1 2 7 0 2 7 1 2 7 0 2 7 0 2 7 5 31 3 13 6 3 0 2 4 0 2 7 13 6 3 0 2 7 1 2 7 17 9 2 0 2 7 1 2 7 1 2 7 0 2 4 0 2 7 0 60.1242506504058838
1 2 7 0 2 7 5 30 3 0 2 7 0 2 7 0 2 7 17 9 2 0 2 7 1 2 7 5 31 3 1 2 4 12 16 2 1 2 7 17 18 2 1 2 7 0 2 7 0 2 7 0 2 7 1 2 7 17 18 2 0 2 7 1 2 7 1 2 7 0 2 7 17 9 2 1 2 7 17 18 2 1 2 7 16 30 2 1 2 7 0 2 7 0 2 7 0 2 7 0 2 7 5 30 3 0 2 7 1 2 7 5 31 3 1 2 4 0 2 7 0 2 7 0 2 4 1 2 7 0 2 7 1 2 7 0 2 7 0 2 7 5 31 3 13 6 3 0 2 7 0 2 7 13 6 3 1 2 7 1 2 7 17 9 2 0 2 7 1 2 7 1 2 7 0 2 7 0 2 7 0 59.9859006404876709
1 2 7 0 2 4 5 30 3 1 2 7 0 2 7 0 2 4 17 9 2 1 2 7 0 2 7 5 31 3 1 2 7 12 16 2 1 2 7 17 18 2 6 2 4 1 2 7 0 2 7 12 16 2 1 2 7 1 2 7 0 2 7 0 2 7 0 2 4 1 2 7 17 9 2 0 2 7 17 9 2 0 2 7 16 6 2 1 2 7 0 2 7 0 2 7 1 2 7 0 2 7 5 30 3 0 2 7 1 2 11 5 31 3 0 2 7 0 2 7 17 18 2 0 2 7 1 2 11 0 2 7 6 2 4 0 2 7 0 2 7 5 31 3 13 6 3 0 2 7 0 2 7 13 6 3 5 30 3 1 2 4 17 9 2 0 2 7 1 2 7 0 2 7 0 2 7 0 2 4 0 60.572608470916748
0 2 7 0 2 7 5 30 3 1 2 7 0 2 7 1 2 7 17 9 2 1 2 7 1 2 7 5 31 3 1 2 7 12 16 2 1 2 7 17 18 2 0 2 7 1 2 7 0 2 7 12 16 2 0 2 4 1 2 4 0 2 4 0 2 7 0 2 7 1 2 7 17 9 2 0 2 7 17 9 2 0 2 4 16 30 2 0 2 7 0 2 3 1 2 7 1 2 7 0 2 7 5 30 3 0 2 7 1 2 7 5 30 3 0 2 7 0 2 7 17 18 2 1 2 4 6 2 4 0 2 4 0 2 7 0 2 11 0 2 7 5 31 3 13 6 3 0 2 7 1 2 4 13 6 3 5 30 3 0 2 7 17 9 2 0 2 7 1 2 3 1 2 7 0 2 4 0 2 3 0 60.6210597157478333
0 2 7 0 2 11 5 31 3 1 2 7 0 2 7 0 2 7 17 9 2 1 2 7 1 2 7 5 30 3 1 2 7 12 16 2 0 2 7 17 18 2 1 2 7 0 2 7 6 2 7 5 31 3 1 2 7 1 2 7 1 2 7 0 2 7 1 2 7 1 2 7 17 9 2 1 2 7 17 18 2 1 2 7 16 6 2 1 2 7 1 2 7 16 18 11 0 2 7 0 2 7 5 31 3 0 2 7 0 2 7 5 31 3 1 2 7 0 2 7 0 2 7 0 2 4 0 2 7 0 2 7 1 2 7 0 2 7 0 2 7 0 2 4 0 2 7 0 2 7 0 2 7 13 6 3 0 2 4 1 2 7 17 9 2 0 2 7 0 2 7 1 2 7 0 2 7 0 2 7 0 60.6270667314529419

Current Evaluation = 3600(3600)
Front Size = 10
1 2 7 0 2 7 5 30 3 0 2 7 0 2 7 0 2 7 17 9 2 0 2 7 1 2 7 5 31 3 1 2 4 12 16 2 1 2 7 17 18 2 1 2 7 0 2 7 0 2 7 0 2 7 1 2 7 17 18 2 0 2 7 1 2 7 1 2 7 0 2 7 17 9 2 1 2 7 17 18 2 1 2 7 16 31 2 1 2 7 0 2 7 0 2 7 0 2 7 0 2 7 5 30 3 0 2 7 1 2 7 5 30 3 1 2 7 0 2 7 0 2 7 0 2 4 1 2 7 0 2 7 1 2 7 0 2 7 0 2 7 5 31 3 13 6 3 0 2 7 0 2 7 13 6 3 1 2 7 1 2 7 17 9 2 0 2 7 1 2 4 1 2 7 0 2 7 0 2 7 0 59.9859005212783813
1 2 7 0 2 7 5 30 3 0 2 7 0 2 7 0 2 7 17 9 2 0 2 7 1 2 7 5 30 3 1 2 7 12 16 2 1 2 4 17 18 2 1 2 7 0 2 7 0 2 7 0 2 7 1 2 7 17 18 2 0 2 7 1 2 7 1 2 4 0 2 7 17 9 2 1 2 7 17 18 2 1 2 7 16 31 2 1 2 7 0 2 7 0 2 7 0 2 7 0 2 7 5 30 3 0 2 7 1 2 7 5 31 3 1 2 7 0 2 7 0 2 7 0 2 4 1 2 7 0 2 7 1 2 7 0 2 7 0 2 7 5 31 3 13 6 3 0 2 7 0 2 7 13 6 3 1 2 7 1 2 7 17 9 2 0 2 7 1 2 7 1 2 7 0 2 7 0 2 7 0 59.9859005212783813
1 2 7 0 2 7 5 30 3 0 2 7 0 2 7 0 2 7 17 9 2 0 2 7 1 2 7 5 30 3 1 2 7 12 16 2 1 2 7 17 18 2 1 2 7 0 2 7 0 2 7 0 2 7 1 2 7 17 18 2 0 2 7 1 2 7 1 2 7 0 2 7 17 9 2 1 2 7 17 18 2 1 2 7 16 31 2 1 2 7 0 2 7 0 2 7 0 2 7 0 2 7 5 30 3 0 2 7 1 2 7 5 31 3 1 2 7 0 2 7 0 2 7 0 2 4 1 2 7 0 2 7 1 2 7 0 2 7 0 2 7 5 31 3 13 6 3 0 2 7 0 2 7 13 6 3 1 2 7 1 2 7 17 9 2 0 2 4 1 2 4 1 2 7 0 2 7 0 2 7 0 59.9859005212783813
1 2 7 0 2 7 5 30 3 0 2 7 0 2 7 0 2 7 17 9 2 0 2 7 1 2 7 5 30 3 1 2 4 12 16 2 1 2 4 17 18 2 1 2 7 0 2 7 0 2 7 0 2 7 1 2 7 17 18 2 0 2 7 1 2 7 1 2 4 0 2 7 17 9 2 1 2 7 17 18 2 1 2 7 16 31 2 1 2 7 0 2 7 0 2 7 0 2 7 0 2 7 5 30 3 0 2 7 1 2 7 5 31 3 1 2 7 0 2 7 0 2 7 0 2 7 1 2 7 0 2 7 1 2 7 0 2 7 0 2 7 5 31 3 13 6 3 0 2 7 0 2 7 13 6 3 1 2 7 1 2 7 17 9 2 0 2 7 1 2 7 1 2 7 0 2 7 0 2 7 0 59.9859005212783813
1 2 7 0 2 7 5 30 3 0 2 7 0 2 7 0 2 7 17 9 2 0 2 7 1 2 7 5 31 3 1 2 7 12 16 2 1 2 4 17 18 2 1 2 7 0 2 7 0 2 7 0 2 7 1 2 7 17 18 2 0 2 7 1 2 7 1 2 4 0 2 7 17 9 2 1 2 7 17 18 2 1 2 7 16 31 2 1 2 7 0 2 7 0 2 7 0 2 7 0 2 7 5 30 3 0 2 7 1 2 7 5 31 3 1 2 7 0 2 7 0 2 7 0 2 7 1 2 7 0 2 7 1 2 7 0 2 7 0 2 7 5 30 3 13 6 3 0 2 7 0 2 7 13 6 3 1 2 7 1 2 4 17 9 2 0 2 7 1 2 7 1 2 7 0 2 7 0 2 7 0 59.9859005212783813
1 2 7 0 2 7 5 30 3 0 2 7 0 2 7 0 2 7 17 9 2 0 2 7 1 2 7 5 30 3 1 2 7 12 16 2 1 2 4 17 18 2 1 2 7 0 2 7 0 2 7 0 2 7 1 2 7 17 18 2 0 2 7 1 2 7 1 2 7 0 2 7 17 9 2 1 2 7 17 18 2 1 2 7 16 31 2 1 2 7 0 2 7 0 2 7 0 2 7 0 2 7 5 30 3 0 2 4 1 2 7 5 31 3 1 2 7 0 2 7 0 2 7 0 2 4 1 2 7 0 2 7 1 2 7 0 2 7 0 2 7 5 31 3 13 6 3 0 2 7 0 2 7 13 6 3 1 2 7 1 2 7 17 9 2 0 2 7 1 2 7 1 2 7 0 2 7 0 2 7 0 59.9859005212783813
1 2 7 0 2 7 5 30 3 0 2 7 0 2 7 0 2 7 17 9 2 0 2 7 1 2 7 5 30 3 1 2 7 12 16 2 1 2 4 17 18 2 1 2 7 0 2 7 0 2 7 0 2 7 1 2 7 17 18 2 0 2 7 1 2 7 1 2 4 0 2 7 17 9 2 1 2 7 17 18 2 1 2 7 16 31 2 1 2 7 0 2 7 0 2 7 0 2 7 0 2 7 5 30 3 0 2 7 1 2 7 5 31 3 1 2 7 0 2 7 0 2 7 0 2 4 1 2 7 0 2 7 1 2 7 0 2 7 0 2 7 5 31 3 13 6 3 0 2 7 0 2 7 13 6 3 1 2 7 1 2 7 17 9 2 0 2 7 1 2 7 1 2 7 0 2 7 0 2 7 0 59.9859005212783813
1 2 7 0 2 7 5 30 3 0 2 7 0 2 7 0 2 7 17 9 2 0 2 7 1 2 7 5 30 3 1 2 7 12 16 2 1 2 4 17 18 2 1 2 7 0 2 7 0 2 7 0 2 7 1 2 7 17 18 2 0 2 7 1 2 7 1 2 4 0 2 7 17 9 2 1 2 7 17 18 2 1 2 7 16 31 2 1 2 7 0 2 7 0 2 7 0 2 7 0 2 7 5 30 3 0 2 7 1 2 7 5 31 3 1 2 7 0 2 7 0 2 7 0 2 4 1 2 7 0 2 7 1 2 7 0 2 7 0 2 7 5 31 3 13 6 3 0 2 7 0 2 7 13 6 3 1 2 7 1 2 7 17 9 2 0 2 7 1 2 7 1 2 7 0 2 7 0 2 7 0 59.9859005212783813
1 2 7 0 2 7 5 30 3 0 2 7 0 2 4 0 2 7 17 9 2 0 2 7 1 2 7 5 31 3 1 2 7 12 16 2 1 2 7 17 18 2 1 2 7 0 2 7 0 2 7 0 2 7 1 2 7 17 18 2 0 2 7 1 2 7 1 2 7 0 2 7 17 9 2 1 2 7 17 18 2 1 2 7 16 31 2 1 2 7 0 2 7 0 2 7 0 2 7 0 2 7 5 30 3 0 2 7 1 2 7 5 30 3 1 2 7 0 2 7 0 2 7 0 2 4 1 2 7 0 2 7 1 2 7 0 2 7 0 2 7 5 31 3 13 6 3 0 2 7 0 2 7 13 6 3 1 2 7 1 2 4 17 9 2 0 2 7 1 2 7 1 2 7 0 2 7 0 2 7 0 59.9859005212783813
1 2 7 0 2 7 5 30 3 0 2 7 0 2 7 0 2 7 17 9 2 0 2 7 1 2 7 5 30 3 1 2 4 12 16 2 1 2 7 17 18 2 1 2 7 0 2 7 0 2 7 0 2 7 1 2 7 17 18 2 0 2 7 1 2 7 1 2 7 0 2 7 17 9 2 1 2 7 17 18 2 1 2 7 16 31 2 1 2 7 0 2 7 0 2 7 0 2 7 0 2 7 5 30 3 0 2 7 1 2 7 5 31 3 1 2 4 0 2 7 0 2 7 0 2 4 1 2 7 0 2 7 1 2 7 0 2 7 0 2 7 5 31 3 13 6 3 0 2 7 0 2 7 13 6 3 1 2 7 1 2 7 17 9 2 0 2 7 1 2 7 1 2 7 0 2 7 0 2 7 0 59.9859005212783813

Current Evaluation = 4500(4500)
Front Size = 10
1 2 7 0 2 7 5 30 3 0 2 7 0 2 7 0 2 7 17 9 2 0 2 7 1 2 7 5 30 3 1 2 4 12 16 2 1 2 7 17 18 2 1 2 7 0 2 7 0 2 7 0 2 7 1 2 7 17 18 2 0 2 7 1 2 7 1 2 7 0 2 7 17 9 2 1 2 7 17 18 2 1 2 7 16 31 2 1 2 7 0 2 7 0 2 7 0 2 7 0 2 7 5 30 3 0 2 7 1 2 7 5 31 3 1 2 4 0 2 7 0 2 7 0 2 4 1 2 7 0 2 7 1 2 7 0 2 7 0 2 7 5 31 3 13 6 3 0 2 7 0 2 7 13 6 3 1 2 7 1 2 7 17 9 2 0 2 7 1 2 7 1 2 7 0 2 7 0 2 7 0 59.9859005212783813
1 2 7 0 2 7 5 30 3 0 2 7 0 2 7 0 2 7 17 9 2 0 2 7 1 2 7 5 30 3 1 2 7 12 16 2 1 2 4 17 18 2 1 2 7 0 2 7 0 2 7 0 2 7 1 2 7 17 18 2 0 2 7 1 2 7 1 2 4 0 2 7 17 9 2 1 2 7 17 18 2 1 2 7 16 31 2 1 2 7 0 2 7 0 2 7 0 2 7 0 2 7 5 30 3 0 2 7 1 2 7 5 31 3 1 2 7 0 2 7 0 2 7 0 2 4 1 2 7 0 2 7 1 2 7 0 2 7 0 2 7 5 31 3 13 6 3 0 2 7 0 2 7 13 6 3 1 2 7 1 2 7 17 9 2 0 2 7 1 2 7 1 2 7 0 2 7 0 2 7 0 59.9859005212783813
1 2 7 0 2 7 5 30 3 0 2 7 0 2 7 0 2 7 17 9 2 0 2 7 1 2 7 5 30 3 1 2 7 12 16 2 1 2 7 17 18 2 1 2 7 0 2 7 0 2 7 0 2 7 1 2 7 17 18 2 0 2 7 1 2 7 1 2 7 0 2 7 17 9 2 1 2 7 17 18 2 1 2 7 16 31 2 1 2 7 0 2 7 0 2 7 0 2 7 0 2 7 5 30 3 0 2 7 1 2 7 5 31 3 1 2 7 0 2 7 0 2 7 0 2 4 1 2 7 0 2 7 1 2 7 0 2 7 0 2 7 5 31 3 13 6 3 0 2 7 0 2 7 13 6 3 1 2 7 1 2 7 17 9 2 0 2 4 1 2 4 1 2 7 0 2 7 0 2 7 0 59.9859005212783813
1 2 7 0 2 7 5 30 3 0 2 7 0 2 7 0 2 7 17 9 2 0 2 7 1 2 7 5 30 3 1 2 4 12 16 2 1 2 4 17 18 2 1 2 7 0 2 7 0 2 7 0 2 7 1 2 7 17 18 2 0 2 7 1 2 7 1 2 4 0 2 7 17 9 2 1 2 7 17 18 2 1 2 7 16 31 2 1 2 7 0 2 7 0 2 7 0 2 7 0 2 7 5 30 3 0 2 7 1 2 7 5 31 3 1 2 7 0 2 7 0 2 7 0 2 7 1 2 7 0 2 7 1 2 7 0 2 7 0 2 7 5 31 3 13 6 3 0 2 7 0 2 7 13 6 3 1 2 7 1 2 7 17 9 2 0 2 7 1 2 7 1 2 7 0 2 7 0 2 7 0 59.9859005212783813
1 2 7 0 2 7 5 30 3 0 2 7 0 2 7 0 2 7 17 9 2 0 2 7 1 2 7 5 31 3 1 2 7 12 16 2 1 2 4 17 18 2 1 2 7 0 2 7 0 2 7 0 2 7 1 2 7 17 18 2 0 2 7 1 2 7 1 2 4 0 2 7 17 9 2 1 2 7 17 18 2 1 2 7 16 31 2 1 2 7 0 2 7 0 2 7 0 2 7 0 2 7 5 30 3 0 2 7 1 2 7 5 31 3 1 2 7 0 2 7 0 2 7 0 2 7 1 2 7 0 2 7 1 2 7 0 2 7 0 2 7 5 30 3 13 6 3 0 2 7 0 2 7 13 6 3 1 2 7 1 2 4 17 9 2 0 2 7 1 2 7 1 2 7 0 2 7 0 2 7 0 59.9859005212783813
1 2 7 0 2 7 5 30 3 0 2 7 0 2 7 0 2 7 17 9 2 0 2 7 1 2 7 5 30 3 1 2 7 12 16 2 1 2 4 17 18 2 1 2 7 0 2 7 0 2 7 0 2 7 1 2 7 17 18 2 0 2 7 1 2 7 1 2 7 0 2 7 17 9 2 1 2 7 17 18 2 1 2 7 16 31 2 1 2 7 0 2 7 0 2 7 0 2 7 0 2 7 5 30 3 0 2 4 1 2 7 5 31 3 1 2 7 0 2 7 0 2 7 0 2 4 1 2 7 0 2 7 1 2 7 0 2 7 0 2 7 5 31 3 13 6 3 0 2 7 0 2 7 13 6 3 1 2 7 1 2 7 17 9 2 0 2 7 1 2 7 1 2 7 0 2 7 0 2 7 0 59.9859005212783813
1 2 7 0 2 7 5 30 3 0 2 7 0 2 7 0 2 7 17 9 2 0 2 7 1 2 7 5 30 3 1 2 7 12 16 2 1 2 4 17 18 2 1 2 7 0 2 7 0 2 7 0 2 7 1 2 7 17 18 2 0 2 7 1 2 7 1 2 4 0 2 7 17 9 2 1 2 7 17 18 2 1 2 7 16 31 2 1 2 7 0 2 7 0 2 7 0 2 7 0 2 7 5 30 3 0 2 7 1 2 7 5 31 3 1 2 7 0 2 7 0 2 7 0 2 4 1 2 7 0 2 7 1 2 7 0 2 7 0 2 7 5 31 3 13 6 3 0 2 7 0 2 7 13 6 3 1 2 7 1 2 7 17 9 2 0 2 7 1 2 7 1 2 7 0 2 7 0 2 7 0 59.9859005212783813
1 2 7 0 2 7 5 30 3 0 2 7 0 2 7 0 2 7 17 9 2 0 2 7 1 2 7 5 30 3 1 2 7 12 16 2 1 2 4 17 18 2 1 2 7 0 2 7 0 2 7 0 2 7 1 2 7 17 18 2 0 2 7 1 2 7 1 2 4 0 2 7 17 9 2 1 2 7 17 18 2 1 2 7 16 31 2 1 2 7 0 2 7 0 2 7 0 2 7 0 2 7 5 30 3 0 2 7 1 2 7 5 31 3 1 2 7 0 2 7 0 2 7 0 2 4 1 2 7 0 2 7 1 2 7 0 2 7 0 2 7 5 31 3 13 6 3 0 2 7 0 2 7 13 6 3 1 2 7 1 2 7 17 9 2 0 2 7 1 2 7 1 2 7 0 2 7 0 2 7 0 59.9859005212783813
1 2 7 0 2 7 5 30 3 0 2 7 0 2 4 0 2 7 17 9 2 0 2 7 1 2 7 5 31 3 1 2 7 12 16 2 1 2 7 17 18 2 1 2 7 0 2 7 0 2 7 0 2 7 1 2 7 17 18 2 0 2 7 1 2 7 1 2 7 0 2 7 17 9 2 1 2 7 17 18 2 1 2 7 16 31 2 1 2 7 0 2 7 0 2 7 0 2 7 0 2 7 5 30 3 0 2 7 1 2 7 5 30 3 1 2 7 0 2 7 0 2 7 0 2 4 1 2 7 0 2 7 1 2 7 0 2 7 0 2 7 5 31 3 13 6 3 0 2 7 0 2 7 13 6 3 1 2 7 1 2 4 17 9 2 0 2 7 1 2 7 1 2 7 0 2 7 0 2 7 0 59.9859005212783813
1 2 7 0 2 7 5 30 3 0 2 7 0 2 7 0 2 7 17 9 2 0 2 7 1 2 7 5 30 3 1 2 4 12 16 2 1 2 7 17 18 2 1 2 7 0 2 7 0 2 7 0 2 7 1 2 7 17 18 2 0 2 7 1 2 7 1 2 7 0 2 7 17 9 2 1 2 7 17 18 2 1 2 7 16 31 2 1 2 7 0 2 7 0 2 7 0 2 7 0 2 7 5 30 3 0 2 7 1 2 7 5 31 3 1 2 4 0 2 7 0 2 7 0 2 4 1 2 7 0 2 7 1 2 7 0 2 7 0 2 7 5 31 3 13 6 3 0 2 7 0 2 7 13 6 3 1 2 7 1 2 7 17 9 2 0 2 7 1 2 7 1 2 7 0 2 7 0 2 7 0 59.9859005212783813

Current Evaluation = 5400(5400)
Front Size = 10
1 2 7 0 2 7 5 31 3 0 2 7 0 2 7 0 2 7 17 9 2 0 2 7 1 2 7 0 2 4 1 2 4 12 16 2 1 2 7 17 18 2 1 2 7 0 2 4 0 2 7 0 2 7 1 2 3 17 18 2 0 2 7 1 2 7 1 2 7 0 2 7 17 9 2 1 2 7 17 18 2 1 2 7 16 6 2 1 2 7 0 2 7 0 2 7 0 2 7 0 2 7 5 31 3 1 2 7 1 2 7 5 31 3 1 2 7 0 2 7 0 2 7 0 2 3 1 2 7 0 2 7 1 2 7 0 2 7 0 2 7 5 30 3 13 6 3 0 2 7 0 2 7 13 6 3 1 2 7 1 2 7 17 9 2 0 2 7 1 2 7 1 2 7 0 2 7 0 2 7 0 59.9600826501846313
1 2 7 0 2 7 5 31 3 0 2 7 0 2 7 0 2 7 17 9 2 0 2 7 1 2 7 0 2 4 1 2 4 12 16 2 1 2 7 17 18 2 1 2 7 0 2 4 0 2 7 0 2 7 1 2 3 17 18 2 0 2 7 1 2 7 1 2 7 0 2 7 17 9 2 1 2 7 17 18 2 1 2 7 16 6 2 1 2 7 0 2 7 0 2 7 0 2 7 0 2 7 5 31 3 1 2 7 1 2 7 5 31 3 1 2 7 0 2 7 0 2 7 0 2 3 1 2 7 0 2 7 1 2 7 0 2 7 0 2 7 5 30 3 13 6 3 0 2 7 0 2 7 13 6 3 1 2 7 1 2 7 17 9 2 0 2 7 1 2 7 1 2 7 0 2 7 0 2 7 0 59.9600826501846313
1 2 7 0 2 7 5 31 3 0 2 7 0 2 7 0 2 7 17 9 2 0 2 7 1 2 7 0 2 4 1 2 4 12 16 2 1 2 7 17 18 2 1 2 7 0 2 4 0 2 7 0 2 7 1 2 3 17 18 2 0 2 7 1 2 7 1 2 7 0 2 7 17 9 2 1 2 7 17 18 2 1 2 7 16 6 2 1 2 7 0 2 7 0 2 7 0 2 7 0 2 7 5 31 3 1 2 7 1 2 7 5 31 3 1 2 7 0 2 7 0 2 7 0 2 3 1 2 7 0 2 7 1 2 7 0 2 7 0 2 7 5 30 3 13 6 3 0 2 7 0 2 7 13 6 3 1 2 7 1 2 7 17 9 2 0 2 7 1 2 7 1 2 7 0 2 7 0 2 7 0 59.9600826501846313
1 2 7 0 2 7 5 31 3 0 2 7 0 2 7 0 2 7 17 9 2 0 2 7 1 2 7 0 2 4 1 2 4 12 16 2 1 2 7 17 18 2 1 2 7 0 2 4 0 2 7 0 2 7 1 2 3 17 18 2 0 2 7 1 2 7 1 2 7 0 2 7 17 9 2 1 2 7 17 18 2 1 2 7 16 6 2 1 2 7 0 2 7 0 2 7 0 2 7 0 2 7 5 31 3 1 2 7 1 2 7 5 31 3 1 2 7 0 2 7 0 2 7 0 2 3 1 2 7 0 2 7 1 2 7 0 2 7 0 2 7 5 30 3 13 6 3 0 2 7 0 2 7 13 6 3 1 2 7 1 2 7 17 9 2 0 2 7 1 2 7 1 2 7 0 2 7 0 2 7 0 59.9600826501846313
1 2 7 0 2 7 5 31 3 0 2 7 0 2 7 0 2 7 17 9 2 0 2 7 1 2 7 0 2 4 1 2 4 12 16 2 1 2 7 17 18 2 1 2 7 0 2 4 0 2 7 0 2 7 1 2 3 17 18 2 0 2 7 1 2 7 1 2 7 0 2 7 17 9 2 1 2 7 17 18 2 1 2 7 16 6 2 1 2 7 0 2 7 0 2 7 0 2 7 0 2 7 5 31 3 1 2 7 1 2 7 5 31 3 1 2 7 0 2 7 0 2 7 0 2 3 1 2 7 0 2 7 1 2 7 0 2 7 0 2 7 5 30 3 13 6 3 0 2 7 0 2 7 13 6 3 1 2 7 1 2 7 17 9 2 0 2 7 1 2 7 1 2 7 0 2 7 0 2 7 0 59.9600826501846313
1 2 7 0 2 7 5 31 3 0 2 7 0 2 7 0 2 7 17 9 2 0 2 7 1 2 7 0 2 4 1 2 4 12 16 2 1 2 7 17 18 2 1 2 7 0 2 4 0 2 7 0 2 7 1 2 3 17 18 2 0 2 7 1 2 7 1 2 7 0 2 7 17 9 2 1 2 7 17 18 2 1 2 7 16 6 2 1 2 7 0 2 7 0 2 7 0 2 7 0 2 7 5 31 3 1 2 7 1 2 7 5 31 3 1 2 7 0 2 7 0 2 7 0 2 3 1 2 7 0 2 7 1 2 7 0 2 7 0 2 7 5 30 3 13 6 3 0 2 7 0 2 7 13 6 3 1 2 7 1 2 7 17 9 2 0 2 7 1 2 7 1 2 7 0 2 7 0 2 7 0 59.9600826501846313
1 2 7 0 2 7 5 31 3 0 2 7 0 2 7 0 2 7 17 9 2 0 2 7 1 2 7 0 2 4 1 2 4 12 16 2 1 2 7 17 18 2 1 2 7 0 2 4 0 2 7 0 2 7 1 2 3 17 18 2 0 2 7 1 2 7 1 2 7 0 2 7 17 9 2 1 2 7 17 18 2 1 2 7 16 6 2 1 2 7 0 2 7 0 2 7 0 2 7 0 2 7 5 31 3 1 2 7 1 2 7 5 31 3 1 2 7 0 2 7 0 2 7 0 2 3 1 2 7 0 2 7 1 2 7 0 2 7 0 2 7 5 30 3 13 6 3 0 2 7 0 2 7 13 6 3 1 2 7 1 2 7 17 9 2 0 2 7 1 2 7 1 2 7 0 2 7 0 2 7 0 59.9600826501846313
1 2 7 0 2 7 5 31 3 0 2 7 0 2 7 0 2 7 17 9 2 0 2 7 1 2 7 0 2 4 1 2 4 12 16 2 1 2 7 17 18 2 1 2 7 0 2 4 0 2 7 0 2 7 1 2 3 17 18 2 0 2 7 1 2 7 1 2 7 0 2 7 17 9 2 1 2 7 17 18 2 1 2 7 16 6 2 1 2 7 0 2 7 0 2 7 0 2 7 0 2 7 5 31 3 1 2 7 1 2 7 5 31 3 1 2 7 0 2 7 0 2 7 0 2 3 1 2 7 0 2 7 1 2 7 0 2 7 0 2 7 5 30 3 13 6 3 0 2 7 0 2 7 13 6 3 1 2 7 1 2 7 17 9 2 0 2 7 1 2 7 1 2 7 0 2 7 0 2 7 0 59.9600826501846313
1 2 7 0 2 7 5 31 3 0 2 7 0 2 7 0 2 7 17 9 2 0 2 7 1 2 7 0 2 4 1 2 4 12 16 2 1 2 7 17 18 2 1 2 7 0 2 4 0 2 7 0 2 7 1 2 3 17 18 2 0 2 7 1 2 7 1 2 7 0 2 7 17 9 2 1 2 7 17 18 2 1 2 7 16 6 2 1 2 7 0 2 7 0 2 7 0 2 7 0 2 7 5 31 3 1 2 7 1 2 7 5 31 3 1 2 7 0 2 7 0 2 7 0 2 3 1 2 7 0 2 7 1 2 7 0 2 7 0 2 7 5 30 3 13 6 3 0 2 7 0 2 7 13 6 3 1 2 7 1 2 7 17 9 2 0 2 7 1 2 7 1 2 7 0 2 7 0 2 7 0 59.9600826501846313
1 2 7 0 2 7 5 31 3 0 2 7 0 2 7 0 2 7 17 9 2 0 2 7 1 2 7 0 2 4 1 2 4 12 16 2 1 2 7 17 18 2 1 2 7 0 2 4 0 2 7 0 2 7 1 2 3 17 18 2 0 2 7 1 2 7 1 2 7 0 2 7 17 9 2 1 2 7 17 18 2 1 2 7 16 6 2 1 2 7 0 2 7 0 2 7 0 2 7 0 2 7 5 31 3 1 2 7 1 2 7 5 31 3 1 2 7 0 2 7 0 2 7 0 2 3 1 2 7 0 2 7 1 2 7 0 2 7 0 2 7 5 30 3 13 6 3 0 2 7 0 2 7 13 6 3 1 2 7 1 2 7 17 9 2 0 2 7 1 2 7 1 2 7 0 2 7 0 2 7 0 59.9600826501846313

Current Evaluation = 6300(6300)
Front Size = 10
1 2 7 0 2 7 5 31 3 0 2 7 0 2 7 0 2 7 17 9 2 0 2 7 1 2 7 0 2 4 1 2 4 12 16 2 1 2 7 17 18 2 1 2 7 0 2 4 0 2 7 0 2 7 1 2 3 17 18 2 0 2 7 1 2 7 1 2 7 0 2 7 17 9 2 1 2 7 17 18 2 1 2 7 16 6 2 1 2 7 0 2 7 0 2 7 0 2 7 0 2 7 5 31 3 1 2 7 1 2 7 5 31 3 1 2 7 0 2 7 0 2 7 0 2 3 1 2 7 0 2 7 1 2 7 0 2 7 0 2 7 5 30 3 13 6 3 0 2 7 0 2 7 13 6 3 1 2 7 1 2 7 17 9 2 0 2 7 1 2 7 1 2 7 0 2 7 0 2 7 0 59.9600826501846313
1 2 7 0 2 7 5 31 3 0 2 7 0 2 7 0 2 7 17 9 2 0 2 7 1 2 7 0 2 4 1 2 4 12 16 2 1 2 7 17 18 2 1 2 7 0 2 4 0 2 7 0 2 7 1 2 3 17 18 2 0 2 7 1 2 7 1 2 7 0 2 7 17 9 2 1 2 7 17 18 2 1 2 7 16 6 2 1 2 7 0 2 7 0 2 7 0 2 7 0 2 7 5 31 3 1 2 7 1 2 7 5 31 3 1 2 7 0 2 7 0 2 7 0 2 3 1 2 7 0 2 7 1 2 7 0 2 7 0 2 7 5 30 3 13 6 3 0 2 7 0 2 7 13 6 3 1 2 7 1 2 7 17 9 2 0 2 7 1 2 7 1 2 7 0 2 7 0 2 7 0 59.9600826501846313
1 2 7 0 2 7 5 31 3 0 2 7 0 2 7 0 2 7 17 9 2 0 2 7 1 2 7 0 2 4 1 2 4 12 16 2 1 2 7 17 18 2 1 2 7 0 2 4 0 2 7 0 2 7 1 2 3 17 18 2 0 2 7 1 2 7 1 2 7 0 2 7 17 9 2 1 2 7 17 18 2 1 2 7 16 6 2 1 2 7 0 2 7 0 2 7 0 2 7 0 2 7 5 31 3 1 2 7 1 2 7 5 31 3 1 2 7 0 2 7 0 2 7 0 2 3 1 2 7 0 2 7 1 2 7 0 2 7 0 2 7 5 30 3 13 6 3 0 2 7 0 2 7 13 6 3 1 2 7 1 2 7 17 9 2 0 2 7 1 2 7 1 2 7 0 2 7 0 2 7 0 59.9600826501846313
1 2 7 0 2 7 5 31 3 0 2 7 0 2 7 0 2 7 17 9 2 0 2 7 1 2 7 0 2 4 1 2 4 12 16 2 1 2 7 17 18 2 1 2 7 0 2 4 0 2 7 0 2 7 1 2 3 17 18 2 0 2 7 1 2 7 1 2 7 0 2 7 17 9 2 1 2 7 17 18 2 1 2 7 16 6 2 1 2 7 0 2 7 0 2 7 0 2 7 0 2 7 5 31 3 1 2 7 1 2 7 5 31 3 1 2 7 0 2 7 0 2 7 0 2 3 1 2 7 0 2 7 1 2 7 0 2 7 0 2 7 5 30 3 13 6 3 0 2 7 0 2 7 13 6 3 1 2 7 1 2 7 17 9 2 0 2 7 1 2 7 1 2 7 0 2 7 0 2 7 0 59.9600826501846313
1 2 7 0 2 7 5 31 3 0 2 7 0 2 7 0 2 7 17 9 2 0 2 7 1 2 7 0 2 4 1 2 4 12 16 2 1 2 7 17 18 2 1 2 7 0 2 4 0 2 7 0 2 7 1 2 3 17 18 2 0 2 7 1 2 7 1 2 7 0 2 7 17 9 2 1 2 7 17 18 2 1 2 7 16 6 2 1 2 7 0 2 7 0 2 7 0 2 7 0 2 7 5 31 3 1 2 7 1 2 7 5 31 3 1 2 7 0 2 7 0 2 7 0 2 3 1 2 7 0 2 7 1 2 7 0 2 7 0 2 7 5 30 3 13 6 3 0 2 7 0 2 7 13 6 3 1 2 7 1 2 7 17 9 2 0 2 7 1 2 7 1 2 7 0 2 7 0 2 7 0 59.9600826501846313
1 2 7 0 2 7 5 31 3 0 2 7 0 2 7 0 2 7 17 9 2 0 2 7 1 2 7 0 2 4 1 2 4 12 16 2 1 2 7 17 18 2 1 2 7 0 2 4 0 2 7 0 2 7 1 2 3 17 18 2 0 2 7 1 2 7 1 2 7 0 2 7 17 9 2 1 2 7 17 18 2 1 2 7 16 6 2 1 2 7 0 2 7 0 2 7 0 2 7 0 2 7 5 31 3 1 2 7 1 2 7 5 31 3 1 2 7 0 2 7 0 2 7 0 2 3 1 2 7 0 2 7 1 2 7 0 2 7 0 2 7 5 30 3 13 6 3 0 2 7 0 2 7 13 6 3 1 2 7 1 2 7 17 9 2 0 2 7 1 2 7 1 2 7 0 2 7 0 2 7 0 59.9600826501846313
1 2 7 0 2 7 5 31 3 0 2 7 0 2 7 0 2 7 17 9 2 0 2 7 1 2 7 0 2 4 1 2 4 12 16 2 1 2 7 17 18 2 1 2 7 0 2 4 0 2 7 0 2 7 1 2 3 17 18 2 0 2 7 1 2 7 1 2 7 0 2 7 17 9 2 1 2 7 17 18 2 1 2 7 16 6 2 1 2 7 0 2 7 0 2 7 0 2 7 0 2 7 5 31 3 1 2 7 1 2 7 5 31 3 1 2 7 0 2 7 0 2 7 0 2 3 1 2 7 0 2 7 1 2 7 0 2 7 0 2 7 5 30 3 13 6 3 0 2 7 0 2 7 13 6 3 1 2 7 1 2 7 17 9 2 0 2 7 1 2 7 1 2 7 0 2 7 0 2 7 0 59.9600826501846313
1 2 7 0 2 7 5 31 3 0 2 7 0 2 7 0 2 7 17 9 2 0 2 7 1 2 7 0 2 4 1 2 4 12 16 2 1 2 7 17 18 2 1 2 7 0 2 4 0 2 7 0 2 7 1 2 3 17 18 2 0 2 7 1 2 7 1 2 7 0 2 7 17 9 2 1 2 7 17 18 2 1 2 7 16 6 2 1 2 7 0 2 7 0 2 7 0 2 7 0 2 7 5 31 3 1 2 7 1 2 7 5 31 3 1 2 7 0 2 7 0 2 7 0 2 3 1 2 7 0 2 7 1 2 7 0 2 7 0 2 7 5 30 3 13 6 3 0 2 7 0 2 7 13 6 3 1 2 7 1 2 7 17 9 2 0 2 7 1 2 7 1 2 7 0 2 7 0 2 7 0 59.9600826501846313
1 2 7 0 2 7 5 31 3 0 2 7 0 2 7 0 2 7 17 9 2 0 2 7 1 2 7 0 2 4 1 2 4 12 16 2 1 2 7 17 18 2 1 2 7 0 2 4 0 2 7 0 2 7 1 2 3 17 18 2 0 2 7 1 2 7 1 2 7 0 2 7 17 9 2 1 2 7 17 18 2 1 2 7 16 6 2 1 2 7 0 2 7 0 2 7 0 2 7 0 2 7 5 31 3 1 2 7 1 2 7 5 31 3 1 2 7 0 2 7 0 2 7 0 2 3 1 2 7 0 2 7 1 2 7 0 2 7 0 2 7 5 30 3 13 6 3 0 2 7 0 2 7 13 6 3 1 2 7 1 2 7 17 9 2 0 2 7 1 2 7 1 2 7 0 2 7 0 2 7 0 59.9600826501846313
1 2 7 0 2 7 5 31 3 0 2 7 0 2 7 0 2 7 17 9 2 0 2 7 1 2 7 0 2 4 1 2 4 12 16 2 1 2 7 17 18 2 1 2 7 0 2 4 0 2 7 0 2 7 1 2 3 17 18 2 0 2 7 1 2 7 1 2 7 0 2 7 17 9 2 1 2 7 17 18 2 1 2 7 16 6 2 1 2 7 0 2 7 0 2 7 0 2 7 0 2 7 5 31 3 1 2 7 1 2 7 5 31 3 1 2 7 0 2 7 0 2 7 0 2 3 1 2 7 0 2 7 1 2 7 0 2 7 0 2 7 5 30 3 13 6 3 0 2 7 0 2 7 13 6 3 1 2 7 1 2 7 17 9 2 0 2 7 1 2 7 1 2 7 0 2 7 0 2 7 0 59.9600826501846313

Current Evaluation = 7200(7200)
Front Size = 10
1 2 7 0 2 7 5 31 3 0 2 7 0 2 7 0 2 7 17 9 2 0 2 7 1 2 7 0 2 7 1 2 7 12 16 2 1 2 7 17 18 2 1 2 3 0 2 7 0 2 7 0 2 7 1 2 7 17 18 2 0 2 7 0 2 7 1 2 7 0 2 7 17 9 2 1 2 7 17 18 2 1 2 7 16 24 2 1 2 7 0 2 7 0 2 7 0 2 7 0 2 7 5 31 3 1 2 7 1 2 7 5 31 3 1 2 7 0 2 4 0 2 7 0 2 7 1 2 7 0 2 7 1 2 7 0 2 7 0 2 7 5 30 3 13 6 3 0 2 7 0 2 7 13 6 3 1 2 7 1 2 7 17 9 2 0 2 7 1 2 7 1 2 7 1 2 7 0 2 7 0 59.9419176578521729
1 2 7 0 2 7 5 31 3 0 2 7 0 2 7 0 2 7 17 9 2 0 2 7 1 2 7 0 2 7 1 2 7 12 16 2 1 2 7 17 18 2 1 2 3 0 2 7 0 2 7 0 2 7 1 2 7 17 18 2 0 2 7 0 2 7 1 2 7 0 2 7 17 9 2 1 2 7 17 18 2 1 2 7 16 24 2 1 2 7 0 2 7 0 2 7 0 2 7 0 2 7 5 31 3 1 2 7 1 2 7 5 31 3 1 2 7 0 2 4 0 2 7 0 2 7 1 2 7 0 2 7 1 2 7 0 2 7 0 2 7 5 30 3 13 6 3 0 2 7 0 2 7 13 6 3 1 2 7 1 2 7 17 9 2 0 2 7 1 2 7 1 2 7 1 2 7 0 2 7 0 59.9419176578521729
1 2 7 0 2 7 5 31 3 0 2 7 0 2 7 0 2 7 17 9 2 0 2 7 1 2 7 0 2 7 1 2 7 12 16 2 1 2 7 17 18 2 1 2 3 0 2 7 0 2 7 0 2 7 1 2 7 17 18 2 0 2 7 0 2 7 1 2 7 0 2 7 17 9 2 1 2 7 17 18 2 1 2 7 16 24 2 1 2 7 0 2 7 0 2 7 0 2 7 0 2 7 5 31 3 1 2 7 1 2 7 5 31 3 1 2 7 0 2 4 0 2 7 0 2 7 1 2 7 0 2 7 1 2 7 0 2 7 0 2 7 5 30 3 13 6 3 0 2 7 0 2 7 13 6 3 1 2 7 1 2 7 17 9 2 0 2 7 1 2 7 1 2 7 1 2 7 0 2 7 0 59.9419176578521729
1 2 7 0 2 7 5 31 3 0 2 7 0 2 7 0 2 7 17 9 2 0 2 7 1 2 7 0 2 7 1 2 7 12 16 2 1 2 7 17 18 2 1 2 3 0 2 7 0 2 7 0 2 7 1 2 7 17 18 2 0 2 7 0 2 7 1 2 7 0 2 7 17 9 2 1 2 7 17 18 2 1 2 7 16 24 2 1 2 7 0 2 7 0 2 7 0 2 7 0 2 7 5 31 3 1 2 7 1 2 7 5 31 3 1 2 7 0 2 4 0 2 7 0 2 7 1 2 7 0 2 7 1 2 7 0 2 7 0 2 7 5 30 3 13 6 3 0 2 7 0 2 7 13 6 3 1 2 7 1 2 7 17 9 2 0 2 7 1 2 7 1 2 7 1 2 7 0 2 7 0 59.9419176578521729
1 2 7 0 2 7 5 31 3 0 2 7 0 2 7 0 2 7 17 9 2 0 2 7 1 2 7 0 2 7 1 2 7 12 16 2 1 2 7 17 18 2 1 2 3 0 2 7 0 2 7 0 2 7 1 2 7 17 18 2 0 2 7 0 2 7 1 2 7 0 2 7 17 9 2 1 2 7 17 18 2 1 2 7 16 24 2 1 2 7 0 2 7 0 2 7 0 2 7 0 2 7 5 31 3 1 2 7 1 2 7 5 31 3 1 2 7 0 2 4 0 2 7 0 2 7 1 2 7 0 2 7 1 2 7 0 2 7 0 2 7 5 30 3 13 6 3 0 2 7 0 2 7 13 6 3 1 2 7 1 2 7 17 9 2 0 2 7 1 2 7 1 2 7 1 2 7 0 2 7 0 59.9419176578521729
1 2 7 0 2 7 5 31 3 0 2 7 0 2 7 0 2 7 17 9 2 0 2 7 1 2 7 0 2 7 1 2 7 12 16 2 1 2 7 17 18 2 1 2 3 0 2 7 0 2 7 0 2 7 1 2 7 17 18 2 0 2 7 0 2 7 1 2 7 0 2 7 17 9 2 1 2 7 17 18 2 1 2 7 16 24 2 1 2 7 0 2 7 0 2 7 0 2 7 0 2 7 5 31 3 1 2 7 1 2 7 5 31 3 1 2 7 0 2 4 0 2 7 0 2 7 1 2 7 0 2 7 1 2 7 0 2 7 0 2 7 5 30 3 13 6 3 0 2 7 0 2 7 13 6 3 1 2 7 1 2 7 17 9 2 0 2 7 1 2 7 1 2 7 1 2 7 0 2 7 0 59.9419176578521729
1 2 7 0 2 7 5 31 3 0 2 7 0 2 7 0 2 7 17 9 2 0 2 7 1 2 7 0 2 7 1 2 7 12 16 2 1 2 7 17 18 2 1 2 3 0 2 7 0 2 7 0 2 7 1 2 7 17 18 2 0 2 7 0 2 7 1 2 7 0 2 7 17 9 2 1 2 7 17 18 2 1 2 7 16 24 2 1 2 7 0 2 7 0 2 7 0 2 7 0 2 7 5 31 3 1 2 7 1 2 7 5 31 3 1 2 7 0 2 4 0 2 7 0 2 7 1 2 7 0 2 7 1 2 7 0 2 7 0 2 7 5 30 3 13 6 3 0 2 7 0 2 7 13 6 3 1 2 7 1 2 7 17 9 2 0 2 7 1 2 7 1 2 7 1 2 7 0 2 7 0 59.9419176578521729
1 2 7 0 2 7 5 31 3 0 2 7 0 2 7 0 2 7 17 9 2 0 2 7 1 2 7 0 2 7 1 2 7 12 16 2 1 2 7 17 18 2 1 2 3 0 2 7 0 2 7 0 2 7 1 2 7 17 18 2 0 2 7 0 2 7 1 2 7 0 2 7 17 9 2 1 2 7 17 18 2 1 2 7 16 24 2 1 2 7 0 2 7 0 2 7 0 2 7 0 2 7 5 31 3 1 2 7 1 2 7 5 31 3 1 2 7 0 2 4 0 2 7 0 2 7 1 2 7 0 2 7 1 2 7 0 2 7 0 2 7 5 30 3 13 6 3 0 2 7 0 2 7 13 6 3 1 2 7 1 2 7 17 9 2 0 2 7 1 2 7 1 2 7 1 2 7 0 2 7 0 59.9419176578521729
1 2 7 0 2 7 5 31 3 0 2 7 0 2 7 0 2 7 17 9 2 0 2 7 1 2 7 0 2 7 1 2 7 12 16 2 1 2 7 17 18 2 1 2 3 0 2 7 0 2 7 0 2 7 1 2 7 17 18 2 0 2 7 0 2 7 1 2 7 0 2 7 17 9 2 1 2 7 17 18 2 1 2 7 16 24 2 1 2 7 0 2 7 0 2 7 0 2 7 0 2 7 5 31 3 1 2 7 1 2 7 5 31 3 1 2 7 0 2 4 0 2 7 0 2 7 1 2 7 0 2 7 1 2 7 0 2 7 0 2 7 5 30 3 13 6 3 0 2 7 0 2 7 13 6 3 1 2 7 1 2 7 17 9 2 0 2 7 1 2 7 1 2 7 1 2 7 0 2 7 0 59.9419176578521729
1 2 7 0 2 7 5 31 3 0 2 7 0 2 7 0 2 7 17 9 2 0 2 7 1 2 7 0 2 7 1 2 7 12 16 2 1 2 7 17 18 2 1 2 3 0 2 7 0 2 7 0 2 7 1 2 7 17 18 2 0 2 7 0 2 7 1 2 7 0 2 7 17 9 2 1 2 7 17 18 2 1 2 7 16 24 2 1 2 7 0 2 7 0 2 7 0 2 7 0 2 7 5 31 3 1 2 7 1 2 7 5 31 3 1 2 7 0 2 4 0 2 7 0 2 7 1 2 7 0 2 7 1 2 7 0 2 7 0 2 7 5 30 3 13 6 3 0 2 7 0 2 7 13 6 3 1 2 7 1 2 7 17 9 2 0 2 7 1 2 7 1 2 7 1 2 7 0 2 7 0 59.9419176578521729

Current Evaluation = 8100(8100)
Front Size = 10
1 2 7 0 2 7 5 31 3 0 2 7 0 2 7 0 2 7 17 9 2 0 2 7 1 2 7 0 2 7 1 2 7 12 16 2 1 2 7 17 18 2 1 2 3 0 2 7 0 2 7 0 2 7 1 2 7 17 18 2 0 2 7 0 2 7 1 2 7 0 2 7 17 9 2 1 2 7 17 18 2 1 2 7 16 24 2 1 2 7 0 2 7 0 2 7 0 2 7 0 2 7 5 31 3 1 2 7 1 2 7 5 31 3 1 2 7 0 2 4 0 2 7 0 2 7 1 2 7 0 2 7 1 2 7 0 2 7 0 2 7 5 30 3 13 6 3 0 2 7 0 2 7 13 6 3 1 2 7 1 2 7 17 9 2 0 2 7 1 2 7 1 2 7 1 2 7 0 2 7 0 59.9419176578521729
1 2 7 0 2 7 5 31 3 0 2 7 0 2 7 0 2 7 17 9 2 0 2 7 1 2 7 0 2 7 1 2 7 12 16 2 1 2 7 17 18 2 1 2 3 0 2 7 0 2 7 0 2 7 1 2 7 17 18 2 0 2 7 0 2 7 1 2 7 0 2 7 17 9 2 1 2 7 17 18 2 1 2 7 16 24 2 1 2 7 0 2 7 0 2 7 0 2 7 0 2 7 5 31 3 1 2 7 1 2 7 5 31 3 1 2 7 0 2 4 0 2 7 0 2 7 1 2 7 0 2 7 1 2 7 0 2 7 0 2 7 5 30 3 13 6 3 0 2 7 0 2 7 13 6 3 1 2 7 1 2 7 17 9 2 0 2 7 1 2 7 1 2 7 1 2 7 0 2 7 0 59.9419176578521729
1 2 7 0 2 7 5 31 3 0 2 7 0 2 7 0 2 7 17 9 2 0 2 7 1 2 7 0 2 7 1 2 7 12 16 2 1 2 7 17 18 2 1 2 3 0 2 7 0 2 7 0 2 7 1 2 7 17 18 2 0 2 7 0 2 7 1 2 7 0 2 7 17 9 2 1 2 7 17 18 2 1 2 7 16 24 2 1 2 7 0 2 7 0 2 7 0 2 7 0 2 7 5 31 3 1 2 7 1 2 7 5 31 3 1 2 7 0 2 4 0 2 7 0 2 7 1 2 7 0 2 7 1 2 7 0 2 7 0 2 7 5 30 3 13 6 3 0 2 7 0 2 7 13 6 3 1 2 7 1 2 7 17 9 2 0 2 7 1 2 7 1 2 7 1 2 7 0 2 7 0 59.9419176578521729
1 2 7 0 2 7 5 31 3 0 2 7 0 2 7 0 2 7 17 9 2 0 2 7 1 2 7 0 2 7 1 2 7 12 16 2 1 2 7 17 18 2 1 2 3 0 2 7 0 2 7 0 2 7 1 2 7 17 18 2 0 2 7 0 2 7 1 2 7 0 2 7 17 9 2 1 2 7 17 18 2 1 2 7 16 24 2 1 2 7 0 2 7 0 2 7 0 2 7 0 2 7 5 31 3 1 2 7 1 2 7 5 31 3 1 2 7 0 2 4 0 2 7 0 2 7 1 2 7 0 2 7 1 2 7 0 2 7 0 2 7 5 30 3 13 6 3 0 2 7 0 2 7 13 6 3 1 2 7 1 2 7 17 9 2 0 2 7 1 2 7 1 2 7 1 2 7 0 2 7 0 59.9419176578521729
1 2 7 0 2 7 5 31 3 0 2 7 0 2 7 0 2 7 17 9 2 0 2 7 1 2 7 0 2 7 1 2 7 12 16 2 1 2 7 17 18 2 1 2 3 0 2 7 0 2 7 0 2 7 1 2 7 17 18 2 0 2 7 0 2 7 1 2 7 0 2 7 17 9 2 1 2 7 17 18 2 1 2 7 16 24 2 1 2 7 0 2 7 0 2 7 0 2 7 0 2 7 5 31 3 1 2 7 1 2 7 5 31 3 1 2 7 0 2 4 0 2 7 0 2 7 1 2 7 0 2 7 1 2 7 0 2 7 0 2 7 5 30 3 13 6 3 0 2 7 0 2 7 13 6 3 1 2 7 1 2 7 17 9 2 0 2 7 1 2 7 1 2 7 1 2 7 0 2 7 0 59.9419176578521729
1 2 7 0 2 7 5 31 3 0 2 7 0 2 7 0 2 7 17 9 2 0 2 7 1 2 7 0 2 7 1 2 7 12 16 2 1 2 7 17 18 2 1 2 3 0 2 7 0 2 7 0 2 7 1 2 7 17 18 2 0 2 7 0 2 7 1 2 7 0 2 7 17 9 2 1 2 7 17 18 2 1 2 7 16 24 2 1 2 7 0 2 7 0 2 7 0 2 7 0 2 7 5 31 3 1 2 7 1 2 7 5 31 3 1 2 7 0 2 4 0 2 7 0 2 7 1 2 7 0 2 7 1 2 7 0 2 7 0 2 7 5 30 3 13 6 3 0 2 7 0 2 7 13 6 3 1 2 7 1 2 7 17 9 2 0 2 7 1 2 7 1 2 7 1 2 7 0 2 7 0 59.9419176578521729
1 2 7 0 2 7 5 31 3 0 2 7 0 2 7 0 2 7 17 9 2 0 2 7 1 2 7 0 2 7 1 2 7 12 16 2 1 2 7 17 18 2 1 2 3 0 2 7 0 2 7 0 2 7 1 2 7 17 18 2 0 2 7 0 2 7 1 2 7 0 2 7 17 9 2 1 2 7 17 18 2 1 2 7 16 24 2 1 2 7 0 2 7 0 2 7 0 2 7 0 2 7 5 31 3 1 2 7 1 2 7 5 31 3 1 2 7 0 2 4 0 2 7 0 2 7 1 2 7 0 2 7 1 2 7 0 2 7 0 2 7 5 30 3 13 6 3 0 2 7 0 2 7 13 6 3 1 2 7 1 2 7 17 9 2 0 2 7 1 2 7 1 2 7 1 2 7 0 2 7 0 59.9419176578521729
1 2 7 0 2 7 5 31 3 0 2 7 0 2 7 0 2 7 17 9 2 0 2 7 1 2 7 0 2 7 1 2 7 12 16 2 1 2 7 17 18 2 1 2 3 0 2 7 0 2 7 0 2 7 1 2 7 17 18 2 0 2 7 0 2 7 1 2 7 0 2 7 17 9 2 1 2 7 17 18 2 1 2 7 16 24 2 1 2 7 0 2 7 0 2 7 0 2 7 0 2 7 5 31 3 1 2 7 1 2 7 5 31 3 1 2 7 0 2 4 0 2 7 0 2 7 1 2 7 0 2 7 1 2 7 0 2 7 0 2 7 5 30 3 13 6 3 0 2 7 0 2 7 13 6 3 1 2 7 1 2 7 17 9 2 0 2 7 1 2 7 1 2 7 1 2 7 0 2 7 0 59.9419176578521729
1 2 7 0 2 7 5 31 3 0 2 7 0 2 7 0 2 7 17 9 2 0 2 7 1 2 7 0 2 7 1 2 7 12 16 2 1 2 7 17 18 2 1 2 3 0 2 7 0 2 7 0 2 7 1 2 7 17 18 2 0 2 7 0 2 7 1 2 7 0 2 7 17 9 2 1 2 7 17 18 2 1 2 7 16 24 2 1 2 7 0 2 7 0 2 7 0 2 7 0 2 7 5 31 3 1 2 7 1 2 7 5 31 3 1 2 7 0 2 4 0 2 7 0 2 7 1 2 7 0 2 7 1 2 7 0 2 7 0 2 7 5 30 3 13 6 3 0 2 7 0 2 7 13 6 3 1 2 7 1 2 7 17 9 2 0 2 7 1 2 7 1 2 7 1 2 7 0 2 7 0 59.9419176578521729
1 2 7 0 2 7 5 31 3 0 2 7 0 2 7 0 2 7 17 9 2 0 2 7 1 2 7 0 2 7 1 2 7 12 16 2 1 2 7 17 18 2 1 2 3 0 2 7 0 2 7 0 2 7 1 2 7 17 18 2 0 2 7 0 2 7 1 2 7 0 2 7 17 9 2 1 2 7 17 18 2 1 2 7 16 24 2 1 2 7 0 2 7 0 2 7 0 2 7 0 2 7 5 31 3 1 2 7 1 2 7 5 31 3 1 2 7 0 2 4 0 2 7 0 2 7 1 2 7 0 2 7 1 2 7 0 2 7 0 2 7 5 30 3 13 6 3 0 2 7 0 2 7 13 6 3 1 2 7 1 2 7 17 9 2 0 2 7 1 2 7 1 2 7 1 2 7 0 2 7 0 59.9419176578521729

Current Evaluation = 9000(9000)
Front Size = 10
1 2 7 0 2 7 5 31 3 0 2 7 0 2 7 0 2 7 17 9 2 0 2 7 1 2 7 0 2 7 1 2 7 12 16 2 1 2 7 17 18 2 1 2 3 0 2 7 0 2 7 0 2 7 1 2 7 17 18 2 0 2 7 0 2 7 1 2 7 0 2 7 17 9 2 1 2 7 17 18 2 1 2 7 16 24 2 1 2 7 0 2 7 0 2 7 0 2 7 0 2 7 5 31 3 1 2 7 1 2 7 5 31 3 1 2 7 0 2 4 0 2 7 0 2 7 1 2 7 0 2 7 1 2 7 0 2 7 0 2 7 5 30 3 13 6 3 0 2 7 0 2 7 13 6 3 1 2 7 1 2 7 17 9 2 0 2 7 1 2 7 1 2 7 1 2 7 0 2 7 0 59.9419176578521729
1 2 7 0 2 7 5 31 3 0 2 7 0 2 7 0 2 7 17 9 2 0 2 7 1 2 7 0 2 7 1 2 7 12 16 2 1 2 7 17 18 2 1 2 3 0 2 7 0 2 7 0 2 7 1 2 7 17 18 2 0 2 7 0 2 7 1 2 7 0 2 7 17 9 2 1 2 7 17 18 2 1 2 7 16 24 2 1 2 7 0 2 7 0 2 7 0 2 7 0 2 7 5 31 3 1 2 7 1 2 7 5 31 3 1 2 7 0 2 4 0 2 7 0 2 7 1 2 7 0 2 7 1 2 7 0 2 7 0 2 7 5 30 3 13 6 3 0 2 7 0 2 7 13 6 3 1 2 7 1 2 7 17 9 2 0 2 7 1 2 7 1 2 7 1 2 7 0 2 7 0 59.9419176578521729
1 2 7 0 2 7 5 31 3 0 2 7 0 2 7 0 2 7 17 9 2 0 2 7 1 2 7 0 2 7 1 2 7 12 16 2 1 2 7 17 18 2 1 2 3 0 2 7 0 2 7 0 2 7 1 2 7 17 18 2 0 2 7 0 2 7 1 2 7 0 2 7 17 9 2 1 2 7 17 18 2 1 2 7 16 24 2 1 2 7 0 2 7 0 2 7 0 2 7 0 2 7 5 31 3 1 2 7 1 2 7 5 31 3 1 2 7 0 2 4 0 2 7 0 2 7 1 2 7 0 2 7 1 2 7 0 2 7 0 2 7 5 30 3 13 6 3 0 2 7 0 2 7 13 6 3 1 2 7 1 2 7 17 9 2 0 2 7 1 2 7 1 2 7 1 2 7 0 2 7 0 59.9419176578521729
1 2 7 0 2 7 5 31 3 0 2 7 0 2 7 0 2 7 17 9 2 0 2 7 1 2 7 0 2 7 1 2 7 12 16 2 1 2 7 17 18 2 1 2 3 0 2 7 0 2 7 0 2 7 1 2 7 17 18 2 0 2 7 0 2 7 1 2 7 0 2 7 17 9 2 1 2 7 17 18 2 1 2 7 16 24 2 1 2 7 0 2 7 0 2 7 0 2 7 0 2 7 5 31 3 1 2 7 1 2 7 5 31 3 1 2 7 0 2 4 0 2 7 0 2 7 1 2 7 0 2 7 1 2 7 0 2 7 0 2 7 5 30 3 13 6 3 0 2 7 0 2 7 13 6 3 1 2 7 1 2 7 17 9 2 0 2 7 1 2 7 1 2 7 1 2 7 0 2 7 0 59.9419176578521729
1 2 7 0 2 7 5 31 3 0 2 7 0 2 7 0 2 7 17 9 2 0 2 7 1 2 7 0 2 7 1 2 7 12 16 2 1 2 7 17 18 2 1 2 3 0 2 7 0 2 7 0 2 7 1 2 7 17 18 2 0 2 7 0 2 7 1 2 7 0 2 7 17 9 2 1 2 7 17 18 2 1 2 7 16 24 2 1 2 7 0 2 7 0 2 7 0 2 7 0 2 7 5 31 3 1 2 7 1 2 7 5 31 3 1 2 7 0 2 4 0 2 7 0 2 7 1 2 7 0 2 7 1 2 7 0 2 7 0 2 7 5 30 3 13 6 3 0 2 7 0 2 7 13 6 3 1 2 7 1 2 7 17 9 2 0 2 7 1 2 7 1 2 7 1 2 7 0 2 7 0 59.9419176578521729
1 2 7 0 2 7 5 31 3 0 2 7 0 2 7 0 2 7 17 9 2 0 2 7 1 2 7 0 2 7 1 2 7 12 16 2 1 2 7 17 18 2 1 2 3 0 2 7 0 2 7 0 2 7 1 2 7 17 18 2 0 2 7 0 2 7 1 2 7 0 2 7 17 9 2 1 2 7 17 18 2 1 2 7 16 24 2 1 2 7 0 2 7 0 2 7 0 2 7 0 2 7 5 31 3 1 2 7 1 2 7 5 31 3 1 2 7 0 2 4 0 2 7 0 2 7 1 2 7 0 2 7 1 2 7 0 2 7 0 2 7 5 30 3 13 6 3 0 2 7 0 2 7 13 6 3 1 2 7 1 2 7 17 9 2 0 2 7 1 2 7 1 2 7 1 2 7 0 2 7 0 59.9419176578521729
1 2 7 0 2 7 5 31 3 0 2 7 0 2 7 0 2 7 17 9 2 0 2 7 1 2 7 0 2 7 1 2 7 12 16 2 1 2 7 17 18 2 1 2 3 0 2 7 0 2 7 0 2 7 1 2 7 17 18 2 0 2 7 0 2 7 1 2 7 0 2 7 17 9 2 1 2 7 17 18 2 1 2 7 16 24 2 1 2 7 0 2 7 0 2 7 0 2 7 0 2 7 5 31 3 1 2 7 1 2 7 5 31 3 1 2 7 0 2 4 0 2 7 0 2 7 1 2 7 0 2 7 1 2 7 0 2 7 0 2 7 5 30 3 13 6 3 0 2 7 0 2 7 13 6 3 1 2 7 1 2 7 17 9 2 0 2 7 1 2 7 1 2 7 1 2 7 0 2 7 0 59.9419176578521729
1 2 7 0 2 7 5 31 3 0 2 7 0 2 7 0 2 7 17 9 2 0 2 7 1 2 7 0 2 7 1 2 7 12 16 2 1 2 7 17 18 2 1 2 3 0 2 7 0 2 7 0 2 7 1 2 7 17 18 2 0 2 7 0 2 7 1 2 7 0 2 7 17 9 2 1 2 7 17 18 2 1 2 7 16 24 2 1 2 7 0 2 7 0 2 7 0 2 7 0 2 7 5 31 3 1 2 7 1 2 7 5 31 3 1 2 7 0 2 4 0 2 7 0 2 7 1 2 7 0 2 7 1 2 7 0 2 7 0 2 7 5 30 3 13 6 3 0 2 7 0 2 7 13 6 3 1 2 7 1 2 7 17 9 2 0 2 7 1 2 7 1 2 7 1 2 7 0 2 7 0 59.9419176578521729
1 2 7 0 2 7 5 31 3 0 2 7 0 2 7 0 2 7 17 9 2 0 2 7 1 2 7 0 2 7 1 2 7 12 16 2 1 2 7 17 18 2 1 2 3 0 2 7 0 2 7 0 2 7 1 2 7 17 18 2 0 2 7 0 2 7 1 2 7 0 2 7 17 9 2 1 2 7 17 18 2 1 2 7 16 24 2 1 2 7 0 2 7 0 2 7 0 2 7 0 2 7 5 31 3 1 2 7 1 2 7 5 31 3 1 2 7 0 2 4 0 2 7 0 2 7 1 2 7 0 2 7 1 2 7 0 2 7 0 2 7 5 30 3 13 6 3 0 2 7 0 2 7 13 6 3 1 2 7 1 2 7 17 9 2 0 2 7 1 2 7 1 2 7 1 2 7 0 2 7 0 59.9419176578521729
1 2 7 0 2 7 5 31 3 0 2 7 0 2 7 0 2 7 17 9 2 0 2 7 1 2 7 0 2 7 1 2 7 12 16 2 1 2 7 17 18 2 1 2 3 0 2 7 0 2 7 0 2 7 1 2 7 17 18 2 0 2 7 0 2 7 1 2 7 0 2 7 17 9 2 1 2 7 17 18 2 1 2 7 16 24 2 1 2 7 0 2 7 0 2 7 0 2 7 0 2 7 5 31 3 1 2 7 1 2 7 5 31 3 1 2 7 0 2 4 0 2 7 0 2 7 1 2 7 0 2 7 1 2 7 0 2 7 0 2 7 5 30 3 13 6 3 0 2 7 0 2 7 13 6 3 1 2 7 1 2 7 17 9 2 0 2 7 1 2 7 1 2 7 1 2 7 0 2 7 0 59.9419176578521729

Current Evaluation = 9900(9900)
Front Size = 10
1 2 7 0 2 7 5 31 3 0 2 7 0 2 7 0 2 7 17 9 2 0 2 7 1 2 7 0 2 7 1 2 7 12 16 2 1 2 7 17 18 2 1 2 3 0 2 7 0 2 7 0 2 7 1 2 7 17 18 2 0 2 7 0 2 7 1 2 7 0 2 7 17 9 2 1 2 7 17 18 2 1 2 7 16 24 2 1 2 7 0 2 7 0 2 7 0 2 7 0 2 7 5 31 3 1 2 7 1 2 7 5 31 3 1 2 7 0 2 4 0 2 7 0 2 7 1 2 7 0 2 7 1 2 7 0 2 7 0 2 7 5 30 3 13 6 3 0 2 7 0 2 7 13 6 3 1 2 7 1 2 7 17 9 2 0 2 7 1 2 7 1 2 7 1 2 7 0 2 7 0 59.9419176578521729
1 2 7 0 2 7 5 31 3 0 2 7 0 2 7 0 2 7 17 9 2 0 2 7 1 2 7 0 2 7 1 2 7 12 16 2 1 2 7 17 18 2 1 2 3 0 2 7 0 2 7 0 2 7 1 2 7 17 18 2 0 2 7 0 2 7 1 2 7 0 2 7 17 9 2 1 2 7 17 18 2 1 2 7 16 24 2 1 2 7 0 2 7 0 2 7 0 2 7 0 2 7 5 31 3 1 2 7 1 2 7 5 31 3 1 2 7 0 2 4 0 2 7 0 2 7 1 2 7 0 2 7 1 2 7 0 2 7 0 2 7 5 30 3 13 6 3 0 2 7 0 2 7 13 6 3 1 2 7 1 2 7 17 9 2 0 2 7 1 2 7 1 2 7 1 2 7 0 2 7 0 59.9419176578521729
1 2 7 0 2 7 5 31 3 0 2 7 0 2 7 0 2 7 17 9 2 0 2 7 1 2 7 0 2 7 1 2 7 12 16 2 1 2 7 17 18 2 1 2 3 0 2 7 0 2 7 0 2 7 1 2 7 17 18 2 0 2 7 0 2 7 1 2 7 0 2 7 17 9 2 1 2 7 17 18 2 1 2 7 16 24 2 1 2 7 0 2 7 0 2 7 0 2 7 0 2 7 5 31 3 1 2 7 1 2 7 5 31 3 1 2 7 0 2 4 0 2 7 0 2 7 1 2 7 0 2 7 1 2 7 0 2 7 0 2 7 5 30 3 13 6 3 0 2 7 0 2 7 13 6 3 1 2 7 1 2 7 17 9 2 0 2 7 1 2 7 1 2 7 1 2 7 0 2 7 0 59.9419176578521729
1 2 7 0 2 7 5 31 3 0 2 7 0 2 7 0 2 7 17 9 2 0 2 7 1 2 7 0 2 7 1 2 7 12 16 2 1 2 7 17 18 2 1 2 3 0 2 7 0 2 7 0 2 7 1 2 7 17 18 2 0 2 7 0 2 7 1 2 7 0 2 7 17 9 2 1 2 7 17 18 2 1 2 7 16 24 2 1 2 7 0 2 7 0 2 7 0 2 7 0 2 7 5 31 3 1 2 7 1 2 7 5 31 3 1 2 7 0 2 4 0 2 7 0 2 7 1 2 7 0 2 7 1 2 7 0 2 7 0 2 7 5 30 3 13 6 3 0 2 7 0 2 7 13 6 3 1 2 7 1 2 7 17 9 2 0 2 7 1 2 7 1 2 7 1 2 7 0 2 7 0 59.9419176578521729
1 2 7 0 2 7 5 31 3 0 2 7 0 2 7 0 2 7 17 9 2 0 2 7 1 2 7 0 2 7 1 2 7 12 16 2 1 2 7 17 18 2 1 2 3 0 2 7 0 2 7 0 2 7 1 2 7 17 18 2 0 2 7 0 2 7 1 2 7 0 2 7 17 9 2 1 2 7 17 18 2 1 2 7 16 24 2 1 2 7 0 2 7 0 2 7 0 2 7 0 2 7 5 31 3 1 2 7 1 2 7 5 31 3 1 2 7 0 2 4 0 2 7 0 2 7 1 2 7 0 2 7 1 2 7 0 2 7 0 2 7 5 30 3 13 6 3 0 2 7 0 2 7 13 6 3 1 2 7 1 2 7 17 9 2 0 2 7 1 2 7 1 2 7 1 2 7 0 2 7 0 59.9419176578521729
1 2 7 0 2 7 5 31 3 0 2 7 0 2 7 0 2 7 17 9 2 0 2 7 1 2 7 0 2 7 1 2 7 12 16 2 1 2 7 17 18 2 1 2 3 0 2 7 0 2 7 0 2 7 1 2 7 17 18 2 0 2 7 0 2 7 1 2 7 0 2 7 17 9 2 1 2 7 17 18 2 1 2 7 16 24 2 1 2 7 0 2 7 0 2 7 0 2 7 0 2 7 5 31 3 1 2 7 1 2 7 5 31 3 1 2 7 0 2 4 0 2 7 0 2 7 1 2 7 0 2 7 1 2 7 0 2 7 0 2 7 5 30 3 13 6 3 0 2 7 0 2 7 13 6 3 1 2 7 1 2 7 17 9 2 0 2 7 1 2 7 1 2 7 1 2 7 0 2 7 0 59.9419176578521729
1 2 7 0 2 7 5 31 3 0 2 7 0 2 7 0 2 7 17 9 2 0 2 7 1 2 7 0 2 7 1 2 7 12 16 2 1 2 7 17 18 2 1 2 3 0 2 7 0 2 7 0 2 7 1 2 7 17 18 2 0 2 7 0 2 7 1 2 7 0 2 7 17 9 2 1 2 7 17 18 2 1 2 7 16 24 2 1 2 7 0 2 7 0 2 7 0 2 7 0 2 7 5 31 3 1 2 7 1 2 7 5 31 3 1 2 7 0 2 4 0 2 7 0 2 7 1 2 7 0 2 7 1 2 7 0 2 7 0 2 7 5 30 3 13 6 3 0 2 7 0 2 7 13 6 3 1 2 7 1 2 7 17 9 2 0 2 7 1 2 7 1 2 7 1 2 7 0 2 7 0 59.9419176578521729
1 2 7 0 2 7 5 31 3 0 2 7 0 2 7 0 2 7 17 9 2 0 2 7 1 2 7 0 2 7 1 2 7 12 16 2 1 2 7 17 18 2 1 2 3 0 2 7 0 2 7 0 2 7 1 2 7 17 18 2 0 2 7 0 2 7 1 2 7 0 2 7 17 9 2 1 2 7 17 18 2 1 2 7 16 24 2 1 2 7 0 2 7 0 2 7 0 2 7 0 2 7 5 31 3 1 2 7 1 2 7 5 31 3 1 2 7 0 2 4 0 2 7 0 2 7 1 2 7 0 2 7 1 2 7 0 2 7 0 2 7 5 30 3 13 6 3 0 2 7 0 2 7 13 6 3 1 2 7 1 2 7 17 9 2 0 2 7 1 2 7 1 2 7 1 2 7 0 2 7 0 59.9419176578521729
1 2 7 0 2 7 5 31 3 0 2 7 0 2 7 0 2 7 17 9 2 0 2 7 1 2 7 0 2 7 1 2 7 12 16 2 1 2 7 17 18 2 1 2 3 0 2 7 0 2 7 0 2 7 1 2 7 17 18 2 0 2 7 0 2 7 1 2 7 0 2 7 17 9 2 1 2 7 17 18 2 1 2 7 16 24 2 1 2 7 0 2 7 0 2 7 0 2 7 0 2 7 5 31 3 1 2 7 1 2 7 5 31 3 1 2 7 0 2 4 0 2 7 0 2 7 1 2 7 0 2 7 1 2 7 0 2 7 0 2 7 5 30 3 13 6 3 0 2 7 0 2 7 13 6 3 1 2 7 1 2 7 17 9 2 0 2 7 1 2 7 1 2 7 1 2 7 0 2 7 0 59.9419176578521729
1 2 7 0 2 7 5 31 3 0 2 7 0 2 7 0 2 7 17 9 2 0 2 7 1 2 7 0 2 7 1 2 7 12 16 2 1 2 7 17 18 2 1 2 3 0 2 7 0 2 7 0 2 7 1 2 7 17 18 2 0 2 7 0 2 7 1 2 7 0 2 7 17 9 2 1 2 7 17 18 2 1 2 7 16 24 2 1 2 7 0 2 7 0 2 7 0 2 7 0 2 7 5 31 3 1 2 7 1 2 7 5 31 3 1 2 7 0 2 4 0 2 7 0 2 7 1 2 7 0 2 7 1 2 7 0 2 7 0 2 7 5 30 3 13 6 3 0 2 7 0 2 7 13 6 3 1 2 7 1 2 7 17 9 2 0 2 7 1 2 7 1 2 7 1 2 7 0 2 7 0 59.9419176578521729

Current Evaluation = 10800(10800)
Front Size = 10
1 2 7 0 2 7 5 31 3 0 2 7 0 2 7 0 2 7 17 9 2 0 2 7 1 2 7 0 2 7 1 2 7 12 16 2 1 2 7 17 18 2 1 2 3 0 2 7 0 2 7 0 2 7 1 2 7 17 18 2 0 2 7 0 2 7 1 2 7 0 2 7 17 9 2 1 2 7 17 18 2 1 2 7 16 24 2 1 2 7 0 2 7 0 2 7 0 2 7 0 2 7 5 31 3 1 2 7 1 2 7 5 31 3 1 2 7 0 2 4 0 2 7 0 2 7 1 2 7 0 2 7 1 2 7 0 2 7 0 2 7 5 30 3 13 6 3 0 2 7 0 2 7 13 6 3 1 2 7 1 2 7 17 9 2 0 2 7 1 2 7 1 2 7 1 2 7 0 2 7 0 59.9419176578521729
1 2 7 0 2 7 5 31 3 0 2 7 0 2 7 0 2 7 17 9 2 0 2 7 1 2 7 0 2 7 1 2 7 12 16 2 1 2 7 17 18 2 1 2 3 0 2 7 0 2 7 0 2 7 1 2 7 17 18 2 0 2 7 0 2 7 1 2 7 0 2 7 17 9 2 1 2 7 17 18 2 1 2 7 16 24 2 1 2 7 0 2 7 0 2 7 0 2 7 0 2 7 5 31 3 1 2 7 1 2 7 5 31 3 1 2 7 0 2 4 0 2 7 0 2 7 1 2 7 0 2 7 1 2 7 0 2 7 0 2 7 5 30 3 13 6 3 0 2 7 0 2 7 13 6 3 1 2 7 1 2 7 17 9 2 0 2 7 1 2 7 1 2 7 1 2 7 0 2 7 0 59.9419176578521729
1 2 7 0 2 7 5 31 3 0 2 7 0 2 7 0 2 7 17 9 2 0 2 7 1 2 7 0 2 7 1 2 7 12 16 2 1 2 7 17 18 2 1 2 3 0 2 7 0 2 7 0 2 7 1 2 7 17 18 2 0 2 7 0 2 7 1 2 7 0 2 7 17 9 2 1 2 7 17 18 2 1 2 7 16 24 2 1 2 7 0 2 7 0 2 7 0 2 7 0 2 7 5 31 3 1 2 7 1 2 7 5 31 3 1 2 7 0 2 4 0 2 7 0 2 7 1 2 7 0 2 7 1 2 7 0 2 7 0 2 7 5 30 3 13 6 3 0 2 7 0 2 7 13 6 3 1 2 7 1 2 7 17 9 2 0 2 7 1 2 7 1 2 7 1 2 7 0 2 7 0 59.9419176578521729
1 2 7 0 2 7 5 31 3 0 2 7 0 2 7 0 2 7 17 9 2 0 2 7 1 2 7 0 2 7 1 2 7 12 16 2 1 2 7 17 18 2 1 2 3 0 2 7 0 2 7 0 2 7 1 2 7 17 18 2 0 2 7 0 2 7 1 2 7 0 2 7 17 9 2 1 2 7 17 18 2 1 2 7 16 24 2 1 2 7 0 2 7 0 2 7 0 2 7 0 2 7 5 31 3 1 2 7 1 2 7 5 31 3 1 2 7 0 2 4 0 2 7 0 2 7 1 2 7 0 2 7 1 2 7 0 2 7 0 2 7 5 30 3 13 6 3 0 2 7 0 2 7 13 6 3 1 2 7 1 2 7 17 9 2 0 2 7 1 2 7 1 2 7 1 2 7 0 2 7 0 59.9419176578521729
1 2 7 0 2 7 5 31 3 0 2 7 0 2 7 0 2 7 17 9 2 0 2 7 1 2 7 0 2 7 1 2 7 12 16 2 1 2 7 17 18 2 1 2 3 0 2 7 0 2 7 0 2 7 1 2 7 17 18 2 0 2 7 0 2 7 1 2 7 0 2 7 17 9 2 1 2 7 17 18 2 1 2 7 16 24 2 1 2 7 0 2 7 0 2 7 0 2 7 0 2 7 5 31 3 1 2 7 1 2 7 5 31 3 1 2 7 0 2 4 0 2 7 0 2 7 1 2 7 0 2 7 1 2 7 0 2 7 0 2 7 5 30 3 13 6 3 0 2 7 0 2 7 13 6 3 1 2 7 1 2 7 17 9 2 0 2 7 1 2 7 1 2 7 1 2 7 0 2 7 0 59.9419176578521729
1 2 7 0 2 7 5 31 3 0 2 7 0 2 7 0 2 7 17 9 2 0 2 7 1 2 7 0 2 7 1 2 7 12 16 2 1 2 7 17 18 2 1 2 3 0 2 7 0 2 7 0 2 7 1 2 7 17 18 2 0 2 7 0 2 7 1 2 7 0 2 7 17 9 2 1 2 7 17 18 2 1 2 7 16 24 2 1 2 7 0 2 7 0 2 7 0 2 7 0 2 7 5 31 3 1 2 7 1 2 7 5 31 3 1 2 7 0 2 4 0 2 7 0 2 7 1 2 7 0 2 7 1 2 7 0 2 7 0 2 7 5 30 3 13 6 3 0 2 7 0 2 7 13 6 3 1 2 7 1 2 7 17 9 2 0 2 7 1 2 7 1 2 7 1 2 7 0 2 7 0 59.9419176578521729
1 2 7 0 2 7 5 31 3 0 2 7 0 2 7 0 2 7 17 9 2 0 2 7 1 2 7 0 2 7 1 2 7 12 16 2 1 2 7 17 18 2 1 2 3 0 2 7 0 2 7 0 2 7 1 2 7 17 18 2 0 2 7 0 2 7 1 2 7 0 2 7 17 9 2 1 2 7 17 18 2 1 2 7 16 24 2 1 2 7 0 2 7 0 2 7 0 2 7 0 2 7 5 31 3 1 2 7 1 2 7 5 31 3 1 2 7 0 2 4 0 2 7 0 2 7 1 2 7 0 2 7 1 2 7 0 2 7 0 2 7 5 30 3 13 6 3 0 2 7 0 2 7 13 6 3 1 2 7 1 2 7 17 9 2 0 2 7 1 2 7 1 2 7 1 2 7 0 2 7 0 59.9419176578521729
1 2 7 0 2 7 5 31 3 0 2 7 0 2 7 0 2 7 17 9 2 0 2 7 1 2 7 0 2 7 1 2 7 12 16 2 1 2 7 17 18 2 1 2 3 0 2 7 0 2 7 0 2 7 1 2 7 17 18 2 0 2 7 0 2 7 1 2 7 0 2 7 17 9 2 1 2 7 17 18 2 1 2 7 16 24 2 1 2 7 0 2 7 0 2 7 0 2 7 0 2 7 5 31 3 1 2 7 1 2 7 5 31 3 1 2 7 0 2 4 0 2 7 0 2 7 1 2 7 0 2 7 1 2 7 0 2 7 0 2 7 5 30 3 13 6 3 0 2 7 0 2 7 13 6 3 1 2 7 1 2 7 17 9 2 0 2 7 1 2 7 1 2 7 1 2 7 0 2 7 0 59.9419176578521729
1 2 7 0 2 7 5 31 3 0 2 7 0 2 7 0 2 7 17 9 2 0 2 7 1 2 7 0 2 7 1 2 7 12 16 2 1 2 7 17 18 2 1 2 3 0 2 7 0 2 7 0 2 7 1 2 7 17 18 2 0 2 7 0 2 7 1 2 7 0 2 7 17 9 2 1 2 7 17 18 2 1 2 7 16 24 2 1 2 7 0 2 7 0 2 7 0 2 7 0 2 7 5 31 3 1 2 7 1 2 7 5 31 3 1 2 7 0 2 4 0 2 7 0 2 7 1 2 7 0 2 7 1 2 7 0 2 7 0 2 7 5 30 3 13 6 3 0 2 7 0 2 7 13 6 3 1 2 7 1 2 7 17 9 2 0 2 7 1 2 7 1 2 7 1 2 7 0 2 7 0 59.9419176578521729
1 2 7 0 2 7 5 31 3 0 2 7 0 2 7 0 2 7 17 9 2 0 2 7 1 2 7 0 2 7 1 2 7 12 16 2 1 2 7 17 18 2 1 2 3 0 2 7 0 2 7 0 2 7 1 2 7 17 18 2 0 2 7 0 2 7 1 2 7 0 2 7 17 9 2 1 2 7 17 18 2 1 2 7 16 24 2 1 2 7 0 2 7 0 2 7 0 2 7 0 2 7 5 31 3 1 2 7 1 2 7 5 31 3 1 2 7 0 2 4 0 2 7 0 2 7 1 2 7 0 2 7 1 2 7 0 2 7 0 2 7 5 30 3 13 6 3 0 2 7 0 2 7 13 6 3 1 2 7 1 2 7 17 9 2 0 2 7 1 2 7 1 2 7 1 2 7 0 2 7 0 59.9419176578521729

Current Evaluation = 11700(11700)
Front Size = 10
1 2 7 0 2 7 5 31 3 0 2 7 0 2 7 0 2 7 17 9 2 0 2 7 1 2 7 0 2 7 1 2 7 12 16 2 1 2 7 17 18 2 1 2 3 0 2 7 0 2 7 0 2 7 1 2 7 17 18 2 0 2 7 0 2 7 1 2 7 0 2 7 17 9 2 1 2 7 17 18 2 1 2 7 16 24 2 1 2 7 0 2 7 0 2 7 0 2 7 0 2 7 5 31 3 1 2 7 1 2 7 5 31 3 1 2 7 0 2 4 0 2 7 0 2 7 1 2 7 0 2 7 1 2 7 0 2 7 0 2 7 5 30 3 13 6 3 0 2 7 0 2 7 13 6 3 1 2 7 1 2 7 17 9 2 0 2 7 1 2 7 1 2 7 1 2 7 0 2 7 0 59.9419176578521729
1 2 7 0 2 7 5 31 3 0 2 7 0 2 7 0 2 7 17 9 2 0 2 7 1 2 7 0 2 7 1 2 7 12 16 2 1 2 7 17 18 2 1 2 3 0 2 7 0 2 7 0 2 7 1 2 7 17 18 2 0 2 7 0 2 7 1 2 7 0 2 7 17 9 2 1 2 7 17 18 2 1 2 7 16 24 2 1 2 7 0 2 7 0 2 7 0 2 7 0 2 7 5 31 3 1 2 7 1 2 7 5 31 3 1 2 7 0 2 4 0 2 7 0 2 7 1 2 7 0 2 7 1 2 7 0 2 7 0 2 7 5 30 3 13 6 3 0 2 7 0 2 7 13 6 3 1 2 7 1 2 7 17 9 2 0 2 7 1 2 7 1 2 7 1 2 7 0 2 7 0 59.9419176578521729
1 2 7 0 2 7 5 31 3 0 2 7 0 2 7 0 2 7 17 9 2 0 2 7 1 2 7 0 2 7 1 2 7 12 16 2 1 2 7 17 18 2 1 2 3 0 2 7 0 2 7 0 2 7 1 2 7 17 18 2 0 2 7 0 2 7 1 2 7 0 2 7 17 9 2 1 2 7 17 18 2 1 2 7 16 24 2 1 2 7 0 2 7 0 2 7 0 2 7 0 2 7 5 31 3 1 2 7 1 2 7 5 31 3 1 2 7 0 2 4 0 2 7 0 2 7 1 2 7 0 2 7 1 2 7 0 2 7 0 2 7 5 30 3 13 6 3 0 2 7 0 2 7 13 6 3 1 2 7 1 2 7 17 9 2 0 2 7 1 2 7 1 2 7 1 2 7 0 2 7 0 59.9419176578521729
1 2 7 0 2 7 5 31 3 0 2 7 0 2 7 0 2 7 17 9 2 0 2 7 1 2 7 0 2 7 1 2 7 12 16 2 1 2 7 17 18 2 1 2 3 0 2 7 0 2 7 0 2 7 1 2 7 17 18 2 0 2 7 0 2 7 1 2 7 0 2 7 17 9 2 1 2 7 17 18 2 1 2 7 16 24 2 1 2 7 0 2 7 0 2 7 0 2 7 0 2 7 5 31 3 1 2 7 1 2 7 5 31 3 1 2 7 0 2 4 0 2 7 0 2 7 1 2 7 0 2 7 1 2 7 0 2 7 0 2 7 5 30 3 13 6 3 0 2 7 0 2 7 13 6 3 1 2 7 1 2 7 17 9 2 0 2 7 1 2 7 1 2 7 1 2 7 0 2 7 0 59.9419176578521729
1 2 7 0 2 7 5 31 3 0 2 7 0 2 7 0 2 7 17 9 2 0 2 7 1 2 7 0 2 7 1 2 7 12 16 2 1 2 7 17 18 2 1 2 3 0 2 7 0 2 7 0 2 7 1 2 7 17 18 2 0 2 7 0 2 7 1 2 7 0 2 7 17 9 2 1 2 7 17 18 2 1 2 7 16 24 2 1 2 7 0 2 7 0 2 7 0 2 7 0 2 7 5 31 3 1 2 7 1 2 7 5 31 3 1 2 7 0 2 4 0 2 7 0 2 7 1 2 7 0 2 7 1 2 7 0 2 7 0 2 7 5 30 3 13 6 3 0 2 7 0 2 7 13 6 3 1 2 7 1 2 7 17 9 2 0 2 7 1 2 7 1 2 7 1 2 7 0 2 7 0 59.9419176578521729
1 2 7 0 2 7 5 31 3 0 2 7 0 2 7 0 2 7 17 9 2 0 2 7 1 2 7 0 2 7 1 2 7 12 16 2 1 2 7 17 18 2 1 2 3 0 2 7 0 2 7 0 2 7 1 2 7 17 18 2 0 2 7 0 2 7 1 2 7 0 2 7 17 9 2 1 2 7 17 18 2 1 2 7 16 24 2 1 2 7 0 2 7 0 2 7 0 2 7 0 2 7 5 31 3 1 2 7 1 2 7 5 31 3 1 2 7 0 2 4 0 2 7 0 2 7 1 2 7 0 2 7 1 2 7 0 2 7 0 2 7 5 30 3 13 6 3 0 2 7 0 2 7 13 6 3 1 2 7 1 2 7 17 9 2 0 2 7 1 2 7 1 2 7 1 2 7 0 2 7 0 59.9419176578521729
1 2 7 0 2 7 5 31 3 0 2 7 0 2 7 0 2 7 17 9 2 0 2 7 1 2 7 0 2 7 1 2 7 12 16 2 1 2 7 17 18 2 1 2 3 0 2 7 0 2 7 0 2 7 1 2 7 17 18 2 0 2 7 0 2 7 1 2 7 0 2 7 17 9 2 1 2 7 17 18 2 1 2 7 16 24 2 1 2 7 0 2 7 0 2 7 0 2 7 0 2 7 5 31 3 1 2 7 1 2 7 5 31 3 1 2 7 0 2 4 0 2 7 0 2 7 1 2 7 0 2 7 1 2 7 0 2 7 0 2 7 5 30 3 13 6 3 0 2 7 0 2 7 13 6 3 1 2 7 1 2 7 17 9 2 0 2 7 1 2 7 1 2 7 1 2 7 0 2 7 0 59.9419176578521729
1 2 7 0 2 7 5 31 3 0 2 7 0 2 7 0 2 7 17 9 2 0 2 7 1 2 7 0 2 7 1 2 7 12 16 2 1 2 7 17 18 2 1 2 3 0 2 7 0 2 7 0 2 7 1 2 7 17 18 2 0 2 7 0 2 7 1 2 7 0 2 7 17 9 2 1 2 7 17 18 2 1 2 7 16 24 2 1 2 7 0 2 7 0 2 7 0 2 7 0 2 7 5 31 3 1 2 7 1 2 7 5 31 3 1 2 7 0 2 4 0 2 7 0 2 7 1 2 7 0 2 7 1 2 7 0 2 7 0 2 7 5 30 3 13 6 3 0 2 7 0 2 7 13 6 3 1 2 7 1 2 7 17 9 2 0 2 7 1 2 7 1 2 7 1 2 7 0 2 7 0 59.9419176578521729
1 2 7 0 2 7 5 31 3 0 2 7 0 2 7 0 2 7 17 9 2 0 2 7 1 2 7 0 2 7 1 2 7 12 16 2 1 2 7 17 18 2 1 2 3 0 2 7 0 2 7 0 2 7 1 2 7 17 18 2 0 2 7 0 2 7 1 2 7 0 2 7 17 9 2 1 2 7 17 18 2 1 2 7 16 24 2 1 2 7 0 2 7 0 2 7 0 2 7 0 2 7 5 31 3 1 2 7 1 2 7 5 31 3 1 2 7 0 2 4 0 2 7 0 2 7 1 2 7 0 2 7 1 2 7 0 2 7 0 2 7 5 30 3 13 6 3 0 2 7 0 2 7 13 6 3 1 2 7 1 2 7 17 9 2 0 2 7 1 2 7 1 2 7 1 2 7 0 2 7 0 59.9419176578521729
1 2 7 0 2 7 5 31 3 0 2 7 0 2 7 0 2 7 17 9 2 0 2 7 1 2 7 0 2 7 1 2 7 12 16 2 1 2 7 17 18 2 1 2 3 0 2 7 0 2 7 0 2 7 1 2 7 17 18 2 0 2 7 0 2 7 1 2 7 0 2 7 17 9 2 1 2 7 17 18 2 1 2 7 16 24 2 1 2 7 0 2 7 0 2 7 0 2 7 0 2 7 5 31 3 1 2 7 1 2 7 5 31 3 1 2 7 0 2 4 0 2 7 0 2 7 1 2 7 0 2 7 1 2 7 0 2 7 0 2 7 5 30 3 13 6 3 0 2 7 0 2 7 13 6 3 1 2 7 1 2 7 17 9 2 0 2 7 1 2 7 1 2 7 1 2 7 0 2 7 0 59.9419176578521729

Current Evaluation = 12600(12600)
Front Size = 10
1 2 7 0 2 7 5 31 3 0 2 7 0 2 7 0 2 7 17 9 2 0 2 7 1 2 7 0 2 7 1 2 7 12 16 2 1 2 7 17 18 2 1 2 3 0 2 7 0 2 7 0 2 7 1 2 7 17 18 2 0 2 7 0 2 7 1 2 7 0 2 7 17 9 2 1 2 7 17 18 2 1 2 7 16 24 2 1 2 7 0 2 7 0 2 7 0 2 7 0 2 7 5 31 3 1 2 7 1 2 7 5 31 3 1 2 7 0 2 4 0 2 7 0 2 7 1 2 7 0 2 7 1 2 7 0 2 7 0 2 7 5 30 3 13 6 3 0 2 7 0 2 7 13 6 3 1 2 7 1 2 7 17 9 2 0 2 7 1 2 7 1 2 7 1 2 7 0 2 7 0 59.9419176578521729
1 2 7 0 2 7 5 31 3 0 2 7 0 2 7 0 2 7 17 9 2 0 2 7 1 2 7 0 2 7 1 2 7 12 16 2 1 2 7 17 18 2 1 2 3 0 2 7 0 2 7 0 2 7 1 2 7 17 18 2 0 2 7 0 2 7 1 2 7 0 2 7 17 9 2 1 2 7 17 18 2 1 2 7 16 24 2 1 2 7 0 2 7 0 2 7 0 2 7 0 2 7 5 31 3 1 2 7 1 2 7 5 31 3 1 2 7 0 2 4 0 2 7 0 2 7 1 2 7 0 2 7 1 2 7 0 2 7 0 2 7 5 30 3 13 6 3 0 2 7 0 2 7 13 6 3 1 2 7 1 2 7 17 9 2 0 2 7 1 2 7 1 2 7 1 2 7 0 2 7 0 59.9419176578521729
1 2 7 0 2 7 5 31 3 0 2 7 0 2 7 0 2 7 17 9 2 0 2 7 1 2 7 0 2 7 1 2 7 12 16 2 1 2 7 17 18 2 1 2 3 0 2 7 0 2 7 0 2 7 1 2 7 17 18 2 0 2 7 0 2 7 1 2 7 0 2 7 17 9 2 1 2 7 17 18 2 1 2 7 16 24 2 1 2 7 0 2 7 0 2 7 0 2 7 0 2 7 5 31 3 1 2 7 1 2 7 5 31 3 1 2 7 0 2 4 0 2 7 0 2 7 1 2 7 0 2 7 1 2 7 0 2 7 0 2 7 5 30 3 13 6 3 0 2 7 0 2 7 13 6 3 1 2 7 1 2 7 17 9 2 0 2 7 1 2 7 1 2 7 1 2 7 0 2 7 0 59.9419176578521729
1 2 7 0 2 7 5 31 3 0 2 7 0 2 7 0 2 7 17 9 2 0 2 7 1 2 7 0 2 7 1 2 7 12 16 2 1 2 7 17 18 2 1 2 3 0 2 7 0 2 7 0 2 7 1 2 7 17 18 2 0 2 7 0 2 7 1 2 7 0 2 7 17 9 2 1 2 7 17 18 2 1 2 7 16 24 2 1 2 7 0 2 7 0 2 7 0 2 7 0 2 7 5 31 3 1 2 7 1 2 7 5 31 3 1 2 7 0 2 4 0 2 7 0 2 7 1 2 7 0 2 7 1 2 7 0 2 7 0 2 7 5 30 3 13 6 3 0 2 7 0 2 7 13 6 3 1 2 7 1 2 7 17 9 2 0 2 7 1 2 7 1 2 7 1 2 7 0 2 7 0 59.9419176578521729
1 2 7 0 2 7 5 31 3 0 2 7 0 2 7 0 2 7 17 9 2 0 2 7 1 2 7 0 2 7 1 2 7 12 16 2 1 2 7 17 18 2 1 2 3 0 2 7 0 2 7 0 2 7 1 2 7 17 18 2 0 2 7 0 2 7 1 2 7 0 2 7 17 9 2 1 2 7 17 18 2 1 2 7 16 24 2 1 2 7 0 2 7 0 2 7 0 2 7 0 2 7 5 31 3 1 2 7 1 2 7 5 31 3 1 2 7 0 2 4 0 2 7 0 2 7 1 2 7 0 2 7 1 2 7 0 2 7 0 2 7 5 30 3 13 6 3 0 2 7 0 2 7 13 6 3 1 2 7 1 2 7 17 9 2 0 2 7 1 2 7 1 2 7 1 2 7 0 2 7 0 59.9419176578521729
1 2 7 0 2 7 5 31 3 0 2 7 0 2 7 0 2 7 17 9 2 0 2 7 1 2 7 0 2 7 1 2 7 12 16 2 1 2 7 17 18 2 1 2 3 0 2 7 0 2 7 0 2 7 1 2 7 17 18 2 0 2 7 0 2 7 1 2 7 0 2 7 17 9 2 1 2 7 17 18 2 1 2 7 16 24 2 1 2 7 0 2 7 0 2 7 0 2 7 0 2 7 5 31 3 1 2 7 1 2 7 5 31 3 1 2 7 0 2 4 0 2 7 0 2 7 1 2 7 0 2 7 1 2 7 0 2 7 0 2 7 5 30 3 13 6 3 0 2 7 0 2 7 13 6 3 1 2 7 1 2 7 17 9 2 0 2 7 1 2 7 1 2 7 1 2 7 0 2 7 0 59.9419176578521729
1 2 7 0 2 7 5 31 3 0 2 7 0 2 7 0 2 7 17 9 2 0 2 7 1 2 7 0 2 7 1 2 7 12 16 2 1 2 7 17 18 2 1 2 3 0 2 7 0 2 7 0 2 7 1 2 7 17 18 2 0 2 7 0 2 7 1 2 7 0 2 7 17 9 2 1 2 7 17 18 2 1 2 7 16 24 2 1 2 7 0 2 7 0 2 7 0 2 7 0 2 7 5 31 3 1 2 7 1 2 7 5 31 3 1 2 7 0 2 4 0 2 7 0 2 7 1 2 7 0 2 7 1 2 7 0 2 7 0 2 7 5 30 3 13 6 3 0 2 7 0 2 7 13 6 3 1 2 7 1 2 7 17 9 2 0 2 7 1 2 7 1 2 7 1 2 7 0 2 7 0 59.9419176578521729
1 2 7 0 2 7 5 31 3 0 2 7 0 2 7 0 2 7 17 9 2 0 2 7 1 2 7 0 2 7 1 2 7 12 16 2 1 2 7 17 18 2 1 2 3 0 2 7 0 2 7 0 2 7 1 2 7 17 18 2 0 2 7 0 2 7 1 2 7 0 2 7 17 9 2 1 2 7 17 18 2 1 2 7 16 24 2 1 2 7 0 2 7 0 2 7 0 2 7 0 2 7 5 31 3 1 2 7 1 2 7 5 31 3 1 2 7 0 2 4 0 2 7 0 2 7 1 2 7 0 2 7 1 2 7 0 2 7 0 2 7 5 30 3 13 6 3 0 2 7 0 2 7 13 6 3 1 2 7 1 2 7 17 9 2 0 2 7 1 2 7 1 2 7 1 2 7 0 2 7 0 59.9419176578521729
1 2 7 0 2 7 5 31 3 0 2 7 0 2 7 0 2 7 17 9 2 0 2 7 1 2 7 0 2 7 1 2 7 12 16 2 1 2 7 17 18 2 1 2 3 0 2 7 0 2 7 0 2 7 1 2 7 17 18 2 0 2 7 0 2 7 1 2 7 0 2 7 17 9 2 1 2 7 17 18 2 1 2 7 16 24 2 1 2 7 0 2 7 0 2 7 0 2 7 0 2 7 5 31 3 1 2 7 1 2 7 5 31 3 1 2 7 0 2 4 0 2 7 0 2 7 1 2 7 0 2 7 1 2 7 0 2 7 0 2 7 5 30 3 13 6 3 0 2 7 0 2 7 13 6 3 1 2 7 1 2 7 17 9 2 0 2 7 1 2 7 1 2 7 1 2 7 0 2 7 0 59.9419176578521729
1 2 7 0 2 7 5 31 3 0 2 7 0 2 7 0 2 7 17 9 2 0 2 7 1 2 7 0 2 7 1 2 7 12 16 2 1 2 7 17 18 2 1 2 3 0 2 7 0 2 7 0 2 7 1 2 7 17 18 2 0 2 7 0 2 7 1 2 7 0 2 7 17 9 2 1 2 7 17 18 2 1 2 7 16 24 2 1 2 7 0 2 7 0 2 7 0 2 7 0 2 7 5 31 3 1 2 7 1 2 7 5 31 3 1 2 7 0 2 4 0 2 7 0 2 7 1 2 7 0 2 7 1 2 7 0 2 7 0 2 7 5 30 3 13 6 3 0 2 7 0 2 7 13 6 3 1 2 7 1 2 7 17 9 2 0 2 7 1 2 7 1 2 7 1 2 7 0 2 7 0 59.9419176578521729

Current Evaluation = 13500(13500)
Front Size = 10
1 2 7 0 2 7 5 31 3 0 2 7 0 2 7 0 2 7 17 9 2 0 2 7 1 2 7 0 2 7 1 2 7 12 16 2 1 2 7 17 18 2 1 2 3 0 2 7 0 2 7 0 2 7 1 2 7 17 18 2 0 2 7 0 2 7 1 2 7 0 2 7 17 9 2 1 2 7 17 18 2 1 2 7 16 24 2 1 2 7 0 2 7 0 2 7 0 2 7 0 2 7 5 31 3 1 2 7 1 2 7 5 31 3 1 2 7 0 2 4 0 2 7 0 2 7 1 2 7 0 2 7 1 2 7 0 2 7 0 2 7 5 30 3 13 6 3 0 2 7 0 2 7 13 6 3 1 2 7 1 2 7 17 9 2 0 2 7 1 2 7 1 2 7 1 2 7 0 2 7 0 59.9419176578521729
1 2 7 0 2 7 5 31 3 0 2 7 0 2 7 0 2 7 17 9 2 0 2 7 1 2 7 0 2 7 1 2 7 12 16 2 1 2 7 17 18 2 1 2 3 0 2 7 0 2 7 0 2 7 1 2 7 17 18 2 0 2 7 0 2 7 1 2 7 0 2 7 17 9 2 1 2 7 17 18 2 1 2 7 16 24 2 1 2 7 0 2 7 0 2 7 0 2 7 0 2 7 5 31 3 1 2 7 1 2 7 5 31 3 1 2 7 0 2 4 0 2 7 0 2 7 1 2 7 0 2 7 1 2 7 0 2 7 0 2 7 5 30 3 13 6 3 0 2 7 0 2 7 13 6 3 1 2 7 1 2 7 17 9 2 0 2 7 1 2 7 1 2 7 1 2 7 0 2 7 0 59.9419176578521729
1 2 7 0 2 7 5 31 3 0 2 7 0 2 7 0 2 7 17 9 2 0 2 7 1 2 7 0 2 7 1 2 7 12 16 2 1 2 7 17 18 2 1 2 3 0 2 7 0 2 7 0 2 7 1 2 7 17 18 2 0 2 7 0 2 7 1 2 7 0 2 7 17 9 2 1 2 7 17 18 2 1 2 7 16 24 2 1 2 7 0 2 7 0 2 7 0 2 7 0 2 7 5 31 3 1 2 7 1 2 7 5 31 3 1 2 7 0 2 4 0 2 7 0 2 7 1 2 7 0 2 7 1 2 7 0 2 7 0 2 7 5 30 3 13 6 3 0 2 7 0 2 7 13 6 3 1 2 7 1 2 7 17 9 2 0 2 7 1 2 7 1 2 7 1 2 7 0 2 7 0 59.9419176578521729
1 2 7 0 2 7 5 31 3 0 2 7 0 2 7 0 2 7 17 9 2 0 2 7 1 2 7 0 2 7 1 2 7 12 16 2 1 2 7 17 18 2 1 2 3 0 2 7 0 2 7 0 2 7 1 2 7 17 18 2 0 2 7 0 2 7 1 2 7 0 2 7 17 9 2 1 2 7 17 18 2 1 2 7 16 24 2 1 2 7 0 2 7 0 2 7 0 2 7 0 2 7 5 31 3 1 2 7 1 2 7 5 31 3 1 2 7 0 2 4 0 2 7 0 2 7 1 2 7 0 2 7 1 2 7 0 2 7 0 2 7 5 30 3 13 6 3 0 2 7 0 2 7 13 6 3 1 2 7 1 2 7 17 9 2 0 2 7 1 2 7 1 2 7 1 2 7 0 2 7 0 59.9419176578521729
1 2 7 0 2 7 5 31 3 0 2 7 0 2 7 0 2 7 17 9 2 0 2 7 1 2 7 0 2 7 1 2 7 12 16 2 1 2 7 17 18 2 1 2 3 0 2 7 0 2 7 0 2 7 1 2 7 17 18 2 0 2 7 0 2 7 1 2 7 0 2 7 17 9 2 1 2 7 17 18 2 1 2 7 16 24 2 1 2 7 0 2 7 0 2 7 0 2 7 0 2 7 5 31 3 1 2 7 1 2 7 5 31 3 1 2 7 0 2 4 0 2 7 0 2 7 1 2 7 0 2 7 1 2 7 0 2 7 0 2 7 5 30 3 13 6 3 0 2 7 0 2 7 13 6 3 1 2 7 1 2 7 17 9 2 0 2 7 1 2 7 1 2 7 1 2 7 0 2 7 0 59.9419176578521729
1 2 7 0 2 7 5 31 3 0 2 7 0 2 7 0 2 7 17 9 2 0 2 7 1 2 7 0 2 7 1 2 7 12 16 2 1 2 7 17 18 2 1 2 3 0 2 7 0 2 7 0 2 7 1 2 7 17 18 2 0 2 7 0 2 7 1 2 7 0 2 7 17 9 2 1 2 7 17 18 2 1 2 7 16 24 2 1 2 7 0 2 7 0 2 7 0 2 7 0 2 7 5 31 3 1 2 7 1 2 7 5 31 3 1 2 7 0 2 4 0 2 7 0 2 7 1 2 7 0 2 7 1 2 7 0 2 7 0 2 7 5 30 3 13 6 3 0 2 7 0 2 7 13 6 3 1 2 7 1 2 7 17 9 2 0 2 7 1 2 7 1 2 7 1 2 7 0 2 7 0 59.9419176578521729
1 2 7 0 2 7 5 31 3 0 2 7 0 2 7 0 2 7 17 9 2 0 2 7 1 2 7 0 2 7 1 2 7 12 16 2 1 2 7 17 18 2 1 2 3 0 2 7 0 2 7 0 2 7 1 2 7 17 18 2 0 2 7 0 2 7 1 2 7 0 2 7 17 9 2 1 2 7 17 18 2 1 2 7 16 24 2 1 2 7 0 2 7 0 2 7 0 2 7 0 2 7 5 31 3 1 2 7 1 2 7 5 31 3 1 2 7 0 2 4 0 2 7 0 2 7 1 2 7 0 2 7 1 2 7 0 2 7 0 2 7 5 30 3 13 6 3 0 2 7 0 2 7 13 6 3 1 2 7 1 2 7 17 9 2 0 2 7 1 2 7 1 2 7 1 2 7 0 2 7 0 59.9419176578521729
1 2 7 0 2 7 5 31 3 0 2 7 0 2 7 0 2 7 17 9 2 0 2 7 1 2 7 0 2 7 1 2 7 12 16 2 1 2 7 17 18 2 1 2 3 0 2 7 0 2 7 0 2 7 1 2 7 17 18 2 0 2 7 0 2 7 1 2 7 0 2 7 17 9 2 1 2 7 17 18 2 1 2 7 16 24 2 1 2 7 0 2 7 0 2 7 0 2 7 0 2 7 5 31 3 1 2 7 1 2 7 5 31 3 1 2 7 0 2 4 0 2 7 0 2 7 1 2 7 0 2 7 1 2 7 0 2 7 0 2 7 5 30 3 13 6 3 0 2 7 0 2 7 13 6 3 1 2 7 1 2 7 17 9 2 0 2 7 1 2 7 1 2 7 1 2 7 0 2 7 0 59.9419176578521729
1 2 7 0 2 7 5 31 3 0 2 7 0 2 7 0 2 7 17 9 2 0 2 7 1 2 7 0 2 7 1 2 7 12 16 2 1 2 7 17 18 2 1 2 3 0 2 7 0 2 7 0 2 7 1 2 7 17 18 2 0 2 7 0 2 7 1 2 7 0 2 7 17 9 2 1 2 7 17 18 2 1 2 7 16 24 2 1 2 7 0 2 7 0 2 7 0 2 7 0 2 7 5 31 3 1 2 7 1 2 7 5 31 3 1 2 7 0 2 4 0 2 7 0 2 7 1 2 7 0 2 7 1 2 7 0 2 7 0 2 7 5 30 3 13 6 3 0 2 7 0 2 7 13 6 3 1 2 7 1 2 7 17 9 2 0 2 7 1 2 7 1 2 7 1 2 7 0 2 7 0 59.9419176578521729
1 2 7 0 2 7 5 31 3 0 2 7 0 2 7 0 2 7 17 9 2 0 2 7 1 2 7 0 2 7 1 2 7 12 16 2 1 2 7 17 18 2 1 2 3 0 2 7 0 2 7 0 2 7 1 2 7 17 18 2 0 2 7 0 2 7 1 2 7 0 2 7 17 9 2 1 2 7 17 18 2 1 2 7 16 24 2 1 2 7 0 2 7 0 2 7 0 2 7 0 2 7 5 31 3 1 2 7 1 2 7 5 31 3 1 2 7 0 2 4 0 2 7 0 2 7 1 2 7 0 2 7 1 2 7 0 2 7 0 2 7 5 30 3 13 6 3 0 2 7 0 2 7 13 6 3 1 2 7 1 2 7 17 9 2 0 2 7 1 2 7 1 2 7 1 2 7 0 2 7 0 59.9419176578521729

Current Evaluation = 14400(14400)
Front Size = 10
1 2 7 0 2 7 5 31 3 0 2 7 0 2 7 0 2 7 17 9 2 0 2 7 1 2 7 0 2 7 1 2 7 12 16 2 1 2 7 17 18 2 1 2 3 0 2 7 0 2 7 0 2 7 1 2 7 17 18 2 0 2 7 0 2 7 1 2 7 0 2 7 17 9 2 1 2 7 17 18 2 1 2 7 16 24 2 1 2 7 0 2 7 0 2 7 0 2 7 0 2 7 5 31 3 1 2 7 1 2 7 5 31 3 1 2 7 0 2 4 0 2 7 0 2 7 1 2 7 0 2 7 1 2 7 0 2 7 0 2 7 5 30 3 13 6 3 0 2 7 0 2 7 13 6 3 1 2 7 1 2 7 17 9 2 0 2 7 1 2 7 1 2 7 1 2 7 0 2 7 0 59.9419176578521729
1 2 7 0 2 7 5 31 3 0 2 7 0 2 7 0 2 7 17 9 2 0 2 7 1 2 7 0 2 7 1 2 7 12 16 2 1 2 7 17 18 2 1 2 3 0 2 7 0 2 7 0 2 7 1 2 7 17 18 2 0 2 7 0 2 7 1 2 7 0 2 7 17 9 2 1 2 7 17 18 2 1 2 7 16 24 2 1 2 7 0 2 7 0 2 7 0 2 7 0 2 7 5 31 3 1 2 7 1 2 7 5 31 3 1 2 7 0 2 4 0 2 7 0 2 7 1 2 7 0 2 7 1 2 7 0 2 7 0 2 7 5 30 3 13 6 3 0 2 7 0 2 7 13 6 3 1 2 7 1 2 7 17 9 2 0 2 7 1 2 7 1 2 7 1 2 7 0 2 7 0 59.9419176578521729
1 2 7 0 2 7 5 31 3 0 2 7 0 2 7 0 2 7 17 9 2 0 2 7 1 2 7 0 2 7 1 2 7 12 16 2 1 2 7 17 18 2 1 2 3 0 2 7 0 2 7 0 2 7 1 2 7 17 18 2 0 2 7 0 2 7 1 2 7 0 2 7 17 9 2 1 2 7 17 18 2 1 2 7 16 24 2 1 2 7 0 2 7 0 2 7 0 2 7 0 2 7 5 31 3 1 2 7 1 2 7 5 31 3 1 2 7 0 2 4 0 2 7 0 2 7 1 2 7 0 2 7 1 2 7 0 2 7 0 2 7 5 30 3 13 6 3 0 2 7 0 2 7 13 6 3 1 2 7 1 2 7 17 9 2 0 2 7 1 2 7 1 2 7 1 2 7 0 2 7 0 59.9419176578521729
1 2 7 0 2 7 5 31 3 0 2 7 0 2 7 0 2 7 17 9 2 0 2 7 1 2 7 0 2 7 1 2 7 12 16 2 1 2 7 17 18 2 1 2 3 0 2 7 0 2 7 0 2 7 1 2 7 17 18 2 0 2 7 0 2 7 1 2 7 0 2 7 17 9 2 1 2 7 17 18 2 1 2 7 16 24 2 1 2 7 0 2 7 0 2 7 0 2 7 0 2 7 5 31 3 1 2 7 1 2 7 5 31 3 1 2 7 0 2 4 0 2 7 0 2 7 1 2 7 0 2 7 1 2 7 0 2 7 0 2 7 5 30 3 13 6 3 0 2 7 0 2 7 13 6 3 1 2 7 1 2 7 17 9 2 0 2 7 1 2 7 1 2 7 1 2 7 0 2 7 0 59.9419176578521729
1 2 7 0 2 7 5 31 3 0 2 7 0 2 7 0 2 7 17 9 2 0 2 7 1 2 7 0 2 7 1 2 7 12 16 2 1 2 7 17 18 2 1 2 3 0 2 7 0 2 7 0 2 7 1 2 7 17 18 2 0 2 7 0 2 7 1 2 7 0 2 7 17 9 2 1 2 7 17 18 2 1 2 7 16 24 2 1 2 7 0 2 7 0 2 7 0 2 7 0 2 7 5 31 3 1 2 7 1 2 7 5 31 3 1 2 7 0 2 4 0 2 7 0 2 7 1 2 7 0 2 7 1 2 7 0 2 7 0 2 7 5 30 3 13 6 3 0 2 7 0 2 7 13 6 3 1 2 7 1 2 7 17 9 2 0 2 7 1 2 7 1 2 7 1 2 7 0 2 7 0 59.9419176578521729
1 2 7 0 2 7 5 31 3 0 2 7 0 2 7 0 2 7 17 9 2 0 2 7 1 2 7 0 2 7 1 2 7 12 16 2 1 2 7 17 18 2 1 2 3 0 2 7 0 2 7 0 2 7 1 2 7 17 18 2 0 2 7 0 2 7 1 2 7 0 2 7 17 9 2 1 2 7 17 18 2 1 2 7 16 24 2 1 2 7 0 2 7 0 2 7 0 2 7 0 2 7 5 31 3 1 2 7 1 2 7 5 31 3 1 2 7 0 2 4 0 2 7 0 2 7 1 2 7 0 2 7 1 2 7 0 2 7 0 2 7 5 30 3 13 6 3 0 2 7 0 2 7 13 6 3 1 2 7 1 2 7 17 9 2 0 2 7 1 2 7 1 2 7 1 2 7 0 2 7 0 59.9419176578521729
1 2 7 0 2 7 5 31 3 0 2 7 0 2 7 0 2 7 17 9 2 0 2 7 1 2 7 0 2 7 1 2 7 12 16 2 1 2 7 17 18 2 1 2 3 0 2 7 0 2 7 0 2 7 1 2 7 17 18 2 0 2 7 0 2 7 1 2 7 0 2 7 17 9 2 1 2 7 17 18 2 1 2 7 16 24 2 1 2 7 0 2 7 0 2 7 0 2 7 0 2 7 5 31 3 1 2 7 1 2 7 5 31 3 1 2 7 0 2 4 0 2 7 0 2 7 1 2 7 0 2 7 1 2 7 0 2 7 0 2 7 5 30 3 13 6 3 0 2 7 0 2 7 13 6 3 1 2 7 1 2 7 17 9 2 0 2 7 1 2 7 1 2 7 1 2 7 0 2 7 0 59.9419176578521729
1 2 7 0 2 7 5 31 3 0 2 7 0 2 7 0 2 7 17 9 2 0 2 7 1 2 7 0 2 7 1 2 7 12 16 2 1 2 7 17 18 2 1 2 3 0 2 7 0 2 7 0 2 7 1 2 7 17 18 2 0 2 7 0 2 7 1 2 7 0 2 7 17 9 2 1 2 7 17 18 2 1 2 7 16 24 2 1 2 7 0 2 7 0 2 7 0 2 7 0 2 7 5 31 3 1 2 7 1 2 7 5 31 3 1 2 7 0 2 4 0 2 7 0 2 7 1 2 7 0 2 7 1 2 7 0 2 7 0 2 7 5 30 3 13 6 3 0 2 7 0 2 7 13 6 3 1 2 7 1 2 7 17 9 2 0 2 7 1 2 7 1 2 7 1 2 7 0 2 7 0 59.9419176578521729
1 2 7 0 2 7 5 31 3 0 2 7 0 2 7 0 2 7 17 9 2 0 2 7 1 2 7 0 2 7 1 2 7 12 16 2 1 2 7 17 18 2 1 2 3 0 2 7 0 2 7 0 2 7 1 2 7 17 18 2 0 2 7 0 2 7 1 2 7 0 2 7 17 9 2 1 2 7 17 18 2 1 2 7 16 24 2 1 2 7 0 2 7 0 2 7 0 2 7 0 2 7 5 31 3 1 2 7 1 2 7 5 31 3 1 2 7 0 2 4 0 2 7 0 2 7 1 2 7 0 2 7 1 2 7 0 2 7 0 2 7 5 30 3 13 6 3 0 2 7 0 2 7 13 6 3 1 2 7 1 2 7 17 9 2 0 2 7 1 2 7 1 2 7 1 2 7 0 2 7 0 59.9419176578521729
1 2 7 0 2 7 5 31 3 0 2 7 0 2 7 0 2 7 17 9 2 0 2 7 1 2 7 0 2 7 1 2 7 12 16 2 1 2 7 17 18 2 1 2 3 0 2 7 0 2 7 0 2 7 1 2 7 17 18 2 0 2 7 0 2 7 1 2 7 0 2 7 17 9 2 1 2 7 17 18 2 1 2 7 16 24 2 1 2 7 0 2 7 0 2 7 0 2 7 0 2 7 5 31 3 1 2 7 1 2 7 5 31 3 1 2 7 0 2 4 0 2 7 0 2 7 1 2 7 0 2 7 1 2 7 0 2 7 0 2 7 5 30 3 13 6 3 0 2 7 0 2 7 13 6 3 1 2 7 1 2 7 17 9 2 0 2 7 1 2 7 1 2 7 1 2 7 0 2 7 0 59.9419176578521729

Current Evaluation = 15300(15300)
Front Size = 10
1 2 7 0 2 7 5 31 3 0 2 7 0 2 7 0 2 7 17 9 2 0 2 7 1 2 7 0 2 7 1 2 7 12 16 2 1 2 7 17 18 2 1 2 3 0 2 7 0 2 7 0 2 7 1 2 7 17 18 2 0 2 7 0 2 7 1 2 7 0 2 7 17 9 2 1 2 7 17 18 2 1 2 7 16 24 2 1 2 7 0 2 7 0 2 7 0 2 7 0 2 7 5 31 3 1 2 7 1 2 7 5 31 3 1 2 7 0 2 4 0 2 7 0 2 7 1 2 7 0 2 7 1 2 7 0 2 7 0 2 7 5 30 3 13 6 3 0 2 7 0 2 7 13 6 3 1 2 7 1 2 7 17 9 2 0 2 7 1 2 7 1 2 7 1 2 7 0 2 7 0 59.9419176578521729
1 2 7 0 2 7 5 31 3 0 2 7 0 2 7 0 2 7 17 9 2 0 2 7 1 2 7 0 2 7 1 2 7 12 16 2 1 2 7 17 18 2 1 2 3 0 2 7 0 2 7 0 2 7 1 2 7 17 18 2 0 2 7 0 2 7 1 2 7 0 2 7 17 9 2 1 2 7 17 18 2 1 2 7 16 24 2 1 2 7 0 2 7 0 2 7 0 2 7 0 2 7 5 31 3 1 2 7 1 2 7 5 31 3 1 2 7 0 2 4 0 2 7 0 2 7 1 2 7 0 2 7 1 2 7 0 2 7 0 2 7 5 30 3 13 6 3 0 2 7 0 2 7 13 6 3 1 2 7 1 2 7 17 9 2 0 2 7 1 2 7 1 2 7 1 2 7 0 2 7 0 59.9419176578521729
1 2 7 0 2 7 5 31 3 0 2 7 0 2 7 0 2 7 17 9 2 0 2 7 1 2 7 0 2 7 1 2 7 12 16 2 1 2 7 17 18 2 1 2 3 0 2 7 0 2 7 0 2 7 1 2 7 17 18 2 0 2 7 0 2 7 1 2 7 0 2 7 17 9 2 1 2 7 17 18 2 1 2 7 16 24 2 1 2 7 0 2 7 0 2 7 0 2 7 0 2 7 5 31 3 1 2 7 1 2 7 5 31 3 1 2 7 0 2 4 0 2 7 0 2 7 1 2 7 0 2 7 1 2 7 0 2 7 0 2 7 5 30 3 13 6 3 0 2 7 0 2 7 13 6 3 1 2 7 1 2 7 17 9 2 0 2 7 1 2 7 1 2 7 1 2 7 0 2 7 0 59.9419176578521729
1 2 7 0 2 7 5 31 3 0 2 7 0 2 7 0 2 7 17 9 2 0 2 7 1 2 7 0 2 7 1 2 7 12 16 2 1 2 7 17 18 2 1 2 3 0 2 7 0 2 7 0 2 7 1 2 7 17 18 2 0 2 7 0 2 7 1 2 7 0 2 7 17 9 2 1 2 7 17 18 2 1 2 7 16 24 2 1 2 7 0 2 7 0 2 7 0 2 7 0 2 7 5 31 3 1 2 7 1 2 7 5 31 3 1 2 7 0 2 4 0 2 7 0 2 7 1 2 7 0 2 7 1 2 7 0 2 7 0 2 7 5 30 3 13 6 3 0 2 7 0 2 7 13 6 3 1 2 7 1 2 7 17 9 2 0 2 7 1 2 7 1 2 7 1 2 7 0 2 7 0 59.9419176578521729
1 2 7 0 2 7 5 31 3 0 2 7 0 2 7 0 2 7 17 9 2 0 2 7 1 2 7 0 2 7 1 2 7 12 16 2 1 2 7 17 18 2 1 2 3 0 2 7 0 2 7 0 2 7 1 2 7 17 18 2 0 2 7 0 2 7 1 2 7 0 2 7 17 9 2 1 2 7 17 18 2 1 2 7 16 24 2 1 2 7 0 2 7 0 2 7 0 2 7 0 2 7 5 31 3 1 2 7 1 2 7 5 31 3 1 2 7 0 2 4 0 2 7 0 2 7 1 2 7 0 2 7 1 2 7 0 2 7 0 2 7 5 30 3 13 6 3 0 2 7 0 2 7 13 6 3 1 2 7 1 2 7 17 9 2 0 2 7 1 2 7 1 2 7 1 2 7 0 2 7 0 59.9419176578521729
1 2 7 0 2 7 5 31 3 0 2 7 0 2 7 0 2 7 17 9 2 0 2 7 1 2 7 0 2 7 1 2 7 12 16 2 1 2 7 17 18 2 1 2 3 0 2 7 0 2 7 0 2 7 1 2 7 17 18 2 0 2 7 0 2 7 1 2 7 0 2 7 17 9 2 1 2 7 17 18 2 1 2 7 16 24 2 1 2 7 0 2 7 0 2 7 0 2 7 0 2 7 5 31 3 1 2 7 1 2 7 5 31 3 1 2 7 0 2 4 0 2 7 0 2 7 1 2 7 0 2 7 1 2 7 0 2 7 0 2 7 5 30 3 13 6 3 0 2 7 0 2 7 13 6 3 1 2 7 1 2 7 17 9 2 0 2 7 1 2 7 1 2 7 1 2 7 0 2 7 0 59.9419176578521729
1 2 7 0 2 7 5 31 3 0 2 7 0 2 7 0 2 7 17 9 2 0 2 7 1 2 7 0 2 7 1 2 7 12 16 2 1 2 7 17 18 2 1 2 3 0 2 7 0 2 7 0 2 7 1 2 7 17 18 2 0 2 7 0 2 7 1 2 7 0 2 7 17 9 2 1 2 7 17 18 2 1 2 7 16 24 2 1 2 7 0 2 7 0 2 7 0 2 7 0 2 7 5 31 3 1 2 7 1 2 7 5 31 3 1 2 7 0 2 4 0 2 7 0 2 7 1 2 7 0 2 7 1 2 7 0 2 7 0 2 7 5 30 3 13 6 3 0 2 7 0 2 7 13 6 3 1 2 7 1 2 7 17 9 2 0 2 7 1 2 7 1 2 7 1 2 7 0 2 7 0 59.9419176578521729
1 2 7 0 2 7 5 31 3 0 2 7 0 2 7 0 2 7 17 9 2 0 2 7 1 2 7 0 2 7 1 2 7 12 16 2 1 2 7 17 18 2 1 2 3 0 2 7 0 2 7 0 2 7 1 2 7 17 18 2 0 2 7 0 2 7 1 2 7 0 2 7 17 9 2 1 2 7 17 18 2 1 2 7 16 24 2 1 2 7 0 2 7 0 2 7 0 2 7 0 2 7 5 31 3 1 2 7 1 2 7 5 31 3 1 2 7 0 2 4 0 2 7 0 2 7 1 2 7 0 2 7 1 2 7 0 2 7 0 2 7 5 30 3 13 6 3 0 2 7 0 2 7 13 6 3 1 2 7 1 2 7 17 9 2 0 2 7 1 2 7 1 2 7 1 2 7 0 2 7 0 59.9419176578521729
1 2 7 0 2 7 5 31 3 0 2 7 0 2 7 0 2 7 17 9 2 0 2 7 1 2 7 0 2 7 1 2 7 12 16 2 1 2 7 17 18 2 1 2 3 0 2 7 0 2 7 0 2 7 1 2 7 17 18 2 0 2 7 0 2 7 1 2 7 0 2 7 17 9 2 1 2 7 17 18 2 1 2 7 16 24 2 1 2 7 0 2 7 0 2 7 0 2 7 0 2 7 5 31 3 1 2 7 1 2 7 5 31 3 1 2 7 0 2 4 0 2 7 0 2 7 1 2 7 0 2 7 1 2 7 0 2 7 0 2 7 5 30 3 13 6 3 0 2 7 0 2 7 13 6 3 1 2 7 1 2 7 17 9 2 0 2 7 1 2 7 1 2 7 1 2 7 0 2 7 0 59.9419176578521729
1 2 7 0 2 7 5 31 3 0 2 7 0 2 7 0 2 7 17 9 2 0 2 7 1 2 7 0 2 7 1 2 7 12 16 2 1 2 7 17 18 2 1 2 3 0 2 7 0 2 7 0 2 7 1 2 7 17 18 2 0 2 7 0 2 7 1 2 7 0 2 7 17 9 2 1 2 7 17 18 2 1 2 7 16 24 2 1 2 7 0 2 7 0 2 7 0 2 7 0 2 7 5 31 3 1 2 7 1 2 7 5 31 3 1 2 7 0 2 4 0 2 7 0 2 7 1 2 7 0 2 7 1 2 7 0 2 7 0 2 7 5 30 3 13 6 3 0 2 7 0 2 7 13 6 3 1 2 7 1 2 7 17 9 2 0 2 7 1 2 7 1 2 7 1 2 7 0 2 7 0 59.9419176578521729

Current Evaluation = 16200(16200)
Front Size = 10
1 2 7 0 2 7 5 31 3 0 2 7 0 2 7 0 2 7 17 9 2 0 2 7 1 2 7 0 2 7 1 2 7 12 16 2 1 2 7 17 18 2 1 2 3 0 2 7 0 2 7 0 2 7 1 2 7 17 18 2 0 2 7 0 2 7 1 2 7 0 2 7 17 9 2 1 2 7 17 18 2 1 2 7 16 24 2 1 2 7 0 2 7 0 2 7 0 2 7 0 2 7 5 31 3 1 2 7 1 2 7 5 31 3 1 2 7 0 2 4 0 2 7 0 2 7 1 2 7 0 2 7 1 2 7 0 2 7 0 2 7 5 30 3 13 6 3 0 2 7 0 2 7 13 6 3 1 2 7 1 2 7 17 9 2 0 2 7 1 2 7 1 2 7 1 2 7 0 2 7 0 59.9419176578521729
1 2 7 0 2 7 5 31 3 0 2 7 0 2 7 0 2 7 17 9 2 0 2 7 1 2 7 0 2 7 1 2 7 12 16 2 1 2 7 17 18 2 1 2 3 0 2 7 0 2 7 0 2 7 1 2 7 17 18 2 0 2 7 0 2 7 1 2 7 0 2 7 17 9 2 1 2 7 17 18 2 1 2 7 16 24 2 1 2 7 0 2 7 0 2 7 0 2 7 0 2 7 5 31 3 1 2 7 1 2 7 5 31 3 1 2 7 0 2 4 0 2 7 0 2 7 1 2 7 0 2 7 1 2 7 0 2 7 0 2 7 5 30 3 13 6 3 0 2 7 0 2 7 13 6 3 1 2 7 1 2 7 17 9 2 0 2 7 1 2 7 1 2 7 1 2 7 0 2 7 0 59.9419176578521729
1 2 7 0 2 7 5 31 3 0 2 7 0 2 7 0 2 7 17 9 2 0 2 7 1 2 7 0 2 7 1 2 7 12 16 2 1 2 7 17 18 2 1 2 3 0 2 7 0 2 7 0 2 7 1 2 7 17 18 2 0 2 7 0 2 7 1 2 7 0 2 7 17 9 2 1 2 7 17 18 2 1 2 7 16 24 2 1 2 7 0 2 7 0 2 7 0 2 7 0 2 7 5 31 3 1 2 7 1 2 7 5 31 3 1 2 7 0 2 4 0 2 7 0 2 7 1 2 7 0 2 7 1 2 7 0 2 7 0 2 7 5 30 3 13 6 3 0 2 7 0 2 7 13 6 3 1 2 7 1 2 7 17 9 2 0 2 7 1 2 7 1 2 7 1 2 7 0 2 7 0 59.9419176578521729
1 2 7 0 2 7 5 31 3 0 2 7 0 2 7 0 2 7 17 9 2 0 2 7 1 2 7 0 2 7 1 2 7 12 16 2 1 2 7 17 18 2 1 2 3 0 2 7 0 2 7 0 2 7 1 2 7 17 18 2 0 2 7 0 2 7 1 2 7 0 2 7 17 9 2 1 2 7 17 18 2 1 2 7 16 24 2 1 2 7 0 2 7 0 2 7 0 2 7 0 2 7 5 31 3 1 2 7 1 2 7 5 31 3 1 2 7 0 2 4 0 2 7 0 2 7 1 2 7 0 2 7 1 2 7 0 2 7 0 2 7 5 30 3 13 6 3 0 2 7 0 2 7 13 6 3 1 2 7 1 2 7 17 9 2 0 2 7 1 2 7 1 2 7 1 2 7 0 2 7 0 59.9419176578521729
1 2 7 0 2 7 5 31 3 0 2 7 0 2 7 0 2 7 17 9 2 0 2 7 1 2 7 0 2 7 1 2 7 12 16 2 1 2 7 17 18 2 1 2 3 0 2 7 0 2 7 0 2 7 1 2 7 17 18 2 0 2 7 0 2 7 1 2 7 0 2 7 17 9 2 1 2 7 17 18 2 1 2 7 16 24 2 1 2 7 0 2 7 0 2 7 0 2 7 0 2 7 5 31 3 1 2 7 1 2 7 5 31 3 1 2 7 0 2 4 0 2 7 0 2 7 1 2 7 0 2 7 1 2 7 0 2 7 0 2 7 5 30 3 13 6 3 0 2 7 0 2 7 13 6 3 1 2 7 1 2 7 17 9 2 0 2 7 1 2 7 1 2 7 1 2 7 0 2 7 0 59.9419176578521729
1 2 7 0 2 7 5 31 3 0 2 7 0 2 7 0 2 7 17 9 2 0 2 7 1 2 7 0 2 7 1 2 7 12 16 2 1 2 7 17 18 2 1 2 3 0 2 7 0 2 7 0 2 7 1 2 7 17 18 2 0 2 7 0 2 7 1 2 7 0 2 7 17 9 2 1 2 7 17 18 2 1 2 7 16 24 2 1 2 7 0 2 7 0 2 7 0 2 7 0 2 7 5 31 3 1 2 7 1 2 7 5 31 3 1 2 7 0 2 4 0 2 7 0 2 7 1 2 7 0 2 7 1 2 7 0 2 7 0 2 7 5 30 3 13 6 3 0 2 7 0 2 7 13 6 3 1 2 7 1 2 7 17 9 2 0 2 7 1 2 7 1 2 7 1 2 7 0 2 7 0 59.9419176578521729
1 2 7 0 2 7 5 31 3 0 2 7 0 2 7 0 2 7 17 9 2 0 2 7 1 2 7 0 2 7 1 2 7 12 16 2 1 2 7 17 18 2 1 2 3 0 2 7 0 2 7 0 2 7 1 2 7 17 18 2 0 2 7 0 2 7 1 2 7 0 2 7 17 9 2 1 2 7 17 18 2 1 2 7 16 24 2 1 2 7 0 2 7 0 2 7 0 2 7 0 2 7 5 31 3 1 2 7 1 2 7 5 31 3 1 2 7 0 2 4 0 2 7 0 2 7 1 2 7 0 2 7 1 2 7 0 2 7 0 2 7 5 30 3 13 6 3 0 2 7 0 2 7 13 6 3 1 2 7 1 2 7 17 9 2 0 2 7 1 2 7 1 2 7 1 2 7 0 2 7 0 59.9419176578521729
1 2 7 0 2 7 5 31 3 0 2 7 0 2 7 0 2 7 17 9 2 0 2 7 1 2 7 0 2 7 1 2 7 12 16 2 1 2 7 17 18 2 1 2 3 0 2 7 0 2 7 0 2 7 1 2 7 17 18 2 0 2 7 0 2 7 1 2 7 0 2 7 17 9 2 1 2 7 17 18 2 1 2 7 16 24 2 1 2 7 0 2 7 0 2 7 0 2 7 0 2 7 5 31 3 1 2 7 1 2 7 5 31 3 1 2 7 0 2 4 0 2 7 0 2 7 1 2 7 0 2 7 1 2 7 0 2 7 0 2 7 5 30 3 13 6 3 0 2 7 0 2 7 13 6 3 1 2 7 1 2 7 17 9 2 0 2 7 1 2 7 1 2 7 1 2 7 0 2 7 0 59.9419176578521729
1 2 7 0 2 7 5 31 3 0 2 7 0 2 7 0 2 7 17 9 2 0 2 7 1 2 7 0 2 7 1 2 7 12 16 2 1 2 7 17 18 2 1 2 3 0 2 7 0 2 7 0 2 7 1 2 7 17 18 2 0 2 7 0 2 7 1 2 7 0 2 7 17 9 2 1 2 7 17 18 2 1 2 7 16 24 2 1 2 7 0 2 7 0 2 7 0 2 7 0 2 7 5 31 3 1 2 7 1 2 7 5 31 3 1 2 7 0 2 4 0 2 7 0 2 7 1 2 7 0 2 7 1 2 7 0 2 7 0 2 7 5 30 3 13 6 3 0 2 7 0 2 7 13 6 3 1 2 7 1 2 7 17 9 2 0 2 7 1 2 7 1 2 7 1 2 7 0 2 7 0 59.9419176578521729
1 2 7 0 2 7 5 31 3 0 2 7 0 2 7 0 2 7 17 9 2 0 2 7 1 2 7 0 2 7 1 2 7 12 16 2 1 2 7 17 18 2 1 2 3 0 2 7 0 2 7 0 2 7 1 2 7 17 18 2 0 2 7 0 2 7 1 2 7 0 2 7 17 9 2 1 2 7 17 18 2 1 2 7 16 24 2 1 2 7 0 2 7 0 2 7 0 2 7 0 2 7 5 31 3 1 2 7 1 2 7 5 31 3 1 2 7 0 2 4 0 2 7 0 2 7 1 2 7 0 2 7 1 2 7 0 2 7 0 2 7 5 30 3 13 6 3 0 2 7 0 2 7 13 6 3 1 2 7 1 2 7 17 9 2 0 2 7 1 2 7 1 2 7 1 2 7 0 2 7 0 59.9419176578521729

Current Evaluation = 17100(17100)
Front Size = 10
1 2 7 0 2 7 5 31 3 0 2 7 0 2 7 0 2 7 17 9 2 0 2 7 1 2 7 0 2 7 1 2 7 12 16 2 1 2 7 17 18 2 1 2 3 0 2 7 0 2 7 0 2 7 1 2 7 17 18 2 0 2 7 0 2 7 1 2 7 0 2 7 17 9 2 1 2 7 17 18 2 1 2 7 16 24 2 1 2 7 0 2 7 0 2 7 0 2 7 0 2 7 5 31 3 1 2 7 1 2 7 5 31 3 1 2 7 0 2 4 0 2 7 0 2 7 1 2 7 0 2 7 1 2 7 0 2 7 0 2 7 5 30 3 13 6 3 0 2 7 0 2 7 13 6 3 1 2 7 1 2 7 17 9 2 0 2 7 1 2 7 1 2 7 1 2 7 0 2 7 0 59.9419176578521729
1 2 7 0 2 7 5 31 3 0 2 7 0 2 7 0 2 7 17 9 2 0 2 7 1 2 7 0 2 7 1 2 7 12 16 2 1 2 7 17 18 2 1 2 3 0 2 7 0 2 7 0 2 7 1 2 7 17 18 2 0 2 7 0 2 7 1 2 7 0 2 7 17 9 2 1 2 7 17 18 2 1 2 7 16 24 2 1 2 7 0 2 7 0 2 7 0 2 7 0 2 7 5 31 3 1 2 7 1 2 7 5 31 3 1 2 7 0 2 4 0 2 7 0 2 7 1 2 7 0 2 7 1 2 7 0 2 7 0 2 7 5 30 3 13 6 3 0 2 7 0 2 7 13 6 3 1 2 7 1 2 7 17 9 2 0 2 7 1 2 7 1 2 7 1 2 7 0 2 7 0 59.9419176578521729
1 2 7 0 2 7 5 31 3 0 2 7 0 2 7 0 2 7 17 9 2 0 2 7 1 2 7 0 2 7 1 2 7 12 16 2 1 2 7 17 18 2 1 2 3 0 2 7 0 2 7 0 2 7 1 2 7 17 18 2 0 2 7 0 2 7 1 2 7 0 2 7 17 9 2 1 2 7 17 18 2 1 2 7 16 24 2 1 2 7 0 2 7 0 2 7 0 2 7 0 2 7 5 31 3 1 2 7 1 2 7 5 31 3 1 2 7 0 2 4 0 2 7 0 2 7 1 2 7 0 2 7 1 2 7 0 2 7 0 2 7 5 30 3 13 6 3 0 2 7 0 2 7 13 6 3 1 2 7 1 2 7 17 9 2 0 2 7 1 2 7 1 2 7 1 2 7 0 2 7 0 59.9419176578521729
1 2 7 0 2 7 5 31 3 0 2 7 0 2 7 0 2 7 17 9 2 0 2 7 1 2 7 0 2 7 1 2 7 12 16 2 1 2 7 17 18 2 1 2 3 0 2 7 0 2 7 0 2 7 1 2 7 17 18 2 0 2 7 0 2 7 1 2 7 0 2 7 17 9 2 1 2 7 17 18 2 1 2 7 16 24 2 1 2 7 0 2 7 0 2 7 0 2 7 0 2 7 5 31 3 1 2 7 1 2 7 5 31 3 1 2 7 0 2 4 0 2 7 0 2 7 1 2 7 0 2 7 1 2 7 0 2 7 0 2 7 5 30 3 13 6 3 0 2 7 0 2 7 13 6 3 1 2 7 1 2 7 17 9 2 0 2 7 1 2 7 1 2 7 1 2 7 0 2 7 0 59.9419176578521729
1 2 7 0 2 7 5 31 3 0 2 7 0 2 7 0 2 7 17 9 2 0 2 7 1 2 7 0 2 7 1 2 7 12 16 2 1 2 7 17 18 2 1 2 3 0 2 7 0 2 7 0 2 7 1 2 7 17 18 2 0 2 7 0 2 7 1 2 7 0 2 7 17 9 2 1 2 7 17 18 2 1 2 7 16 24 2 1 2 7 0 2 7 0 2 7 0 2 7 0 2 7 5 31 3 1 2 7 1 2 7 5 31 3 1 2 7 0 2 4 0 2 7 0 2 7 1 2 7 0 2 7 1 2 7 0 2 7 0 2 7 5 30 3 13 6 3 0 2 7 0 2 7 13 6 3 1 2 7 1 2 7 17 9 2 0 2 7 1 2 7 1 2 7 1 2 7 0 2 7 0 59.9419176578521729
1 2 7 0 2 7 5 31 3 0 2 7 0 2 7 0 2 7 17 9 2 0 2 7 1 2 7 0 2 7 1 2 7 12 16 2 1 2 7 17 18 2 1 2 3 0 2 7 0 2 7 0 2 7 1 2 7 17 18 2 0 2 7 0 2 7 1 2 7 0 2 7 17 9 2 1 2 7 17 18 2 1 2 7 16 24 2 1 2 7 0 2 7 0 2 7 0 2 7 0 2 7 5 31 3 1 2 7 1 2 7 5 31 3 1 2 7 0 2 4 0 2 7 0 2 7 1 2 7 0 2 7 1 2 7 0 2 7 0 2 7 5 30 3 13 6 3 0 2 7 0 2 7 13 6 3 1 2 7 1 2 7 17 9 2 0 2 7 1 2 7 1 2 7 1 2 7 0 2 7 0 59.9419176578521729
1 2 7 0 2 7 5 31 3 0 2 7 0 2 7 0 2 7 17 9 2 0 2 7 1 2 7 0 2 7 1 2 7 12 16 2 1 2 7 17 18 2 1 2 3 0 2 7 0 2 7 0 2 7 1 2 7 17 18 2 0 2 7 0 2 7 1 2 7 0 2 7 17 9 2 1 2 7 17 18 2 1 2 7 16 24 2 1 2 7 0 2 7 0 2 7 0 2 7 0 2 7 5 31 3 1 2 7 1 2 7 5 31 3 1 2 7 0 2 4 0 2 7 0 2 7 1 2 7 0 2 7 1 2 7 0 2 7 0 2 7 5 30 3 13 6 3 0 2 7 0 2 7 13 6 3 1 2 7 1 2 7 17 9 2 0 2 7 1 2 7 1 2 7 1 2 7 0 2 7 0 59.9419176578521729
1 2 7 0 2 7 5 31 3 0 2 7 0 2 7 0 2 7 17 9 2 0 2 7 1 2 7 0 2 7 1 2 7 12 16 2 1 2 7 17 18 2 1 2 3 0 2 7 0 2 7 0 2 7 1 2 7 17 18 2 0 2 7 0 2 7 1 2 7 0 2 7 17 9 2 1 2 7 17 18 2 1 2 7 16 24 2 1 2 7 0 2 7 0 2 7 0 2 7 0 2 7 5 31 3 1 2 7 1 2 7 5 31 3 1 2 7 0 2 4 0 2 7 0 2 7 1 2 7 0 2 7 1 2 7 0 2 7 0 2 7 5 30 3 13 6 3 0 2 7 0 2 7 13 6 3 1 2 7 1 2 7 17 9 2 0 2 7 1 2 7 1 2 7 1 2 7 0 2 7 0 59.9419176578521729
1 2 7 0 2 7 5 31 3 0 2 7 0 2 7 0 2 7 17 9 2 0 2 7 1 2 7 0 2 7 1 2 7 12 16 2 1 2 7 17 18 2 1 2 3 0 2 7 0 2 7 0 2 7 1 2 7 17 18 2 0 2 7 0 2 7 1 2 7 0 2 7 17 9 2 1 2 7 17 18 2 1 2 7 16 24 2 1 2 7 0 2 7 0 2 7 0 2 7 0 2 7 5 31 3 1 2 7 1 2 7 5 31 3 1 2 7 0 2 4 0 2 7 0 2 7 1 2 7 0 2 7 1 2 7 0 2 7 0 2 7 5 30 3 13 6 3 0 2 7 0 2 7 13 6 3 1 2 7 1 2 7 17 9 2 0 2 7 1 2 7 1 2 7 1 2 7 0 2 7 0 59.9419176578521729
1 2 7 0 2 7 5 31 3 0 2 7 0 2 7 0 2 7 17 9 2 0 2 7 1 2 7 0 2 7 1 2 7 12 16 2 1 2 7 17 18 2 1 2 3 0 2 7 0 2 7 0 2 7 1 2 7 17 18 2 0 2 7 0 2 7 1 2 7 0 2 7 17 9 2 1 2 7 17 18 2 1 2 7 16 24 2 1 2 7 0 2 7 0 2 7 0 2 7 0 2 7 5 31 3 1 2 7 1 2 7 5 31 3 1 2 7 0 2 4 0 2 7 0 2 7 1 2 7 0 2 7 1 2 7 0 2 7 0 2 7 5 30 3 13 6 3 0 2 7 0 2 7 13 6 3 1 2 7 1 2 7 17 9 2 0 2 7 1 2 7 1 2 7 1 2 7 0 2 7 0 59.9419176578521729

Current Evaluation = 18000(18000)
Front Size = 10
1 2 7 0 2 7 5 31 3 0 2 7 0 2 7 0 2 7 17 9 2 0 2 7 1 2 7 0 2 7 1 2 7 12 16 2 1 2 7 17 18 2 1 2 3 0 2 7 0 2 7 0 2 7 1 2 7 17 18 2 0 2 7 0 2 7 1 2 7 0 2 7 17 9 2 1 2 7 17 18 2 1 2 7 16 24 2 1 2 7 0 2 7 0 2 7 0 2 7 0 2 7 5 31 3 1 2 7 1 2 7 5 31 3 1 2 7 0 2 4 0 2 7 0 2 7 1 2 7 0 2 7 1 2 7 0 2 7 0 2 7 5 30 3 13 6 3 0 2 7 0 2 7 13 6 3 1 2 7 1 2 7 17 9 2 0 2 7 1 2 7 1 2 7 1 2 7 0 2 7 0 59.9419176578521729
1 2 7 0 2 7 5 31 3 0 2 7 0 2 7 0 2 7 17 9 2 0 2 7 1 2 7 0 2 7 1 2 7 12 16 2 1 2 7 17 18 2 1 2 3 0 2 7 0 2 7 0 2 7 1 2 7 17 18 2 0 2 7 0 2 7 1 2 7 0 2 7 17 9 2 1 2 7 17 18 2 1 2 7 16 24 2 1 2 7 0 2 7 0 2 7 0 2 7 0 2 7 5 31 3 1 2 7 1 2 7 5 31 3 1 2 7 0 2 4 0 2 7 0 2 7 1 2 7 0 2 7 1 2 7 0 2 7 0 2 7 5 30 3 13 6 3 0 2 7 0 2 7 13 6 3 1 2 7 1 2 7 17 9 2 0 2 7 1 2 7 1 2 7 1 2 7 0 2 7 0 59.9419176578521729
1 2 7 0 2 7 5 31 3 0 2 7 0 2 7 0 2 7 17 9 2 0 2 7 1 2 7 0 2 7 1 2 7 12 16 2 1 2 7 17 18 2 1 2 3 0 2 7 0 2 7 0 2 7 1 2 7 17 18 2 0 2 7 0 2 7 1 2 7 0 2 7 17 9 2 1 2 7 17 18 2 1 2 7 16 24 2 1 2 7 0 2 7 0 2 7 0 2 7 0 2 7 5 31 3 1 2 7 1 2 7 5 31 3 1 2 7 0 2 4 0 2 7 0 2 7 1 2 7 0 2 7 1 2 7 0 2 7 0 2 7 5 30 3 13 6 3 0 2 7 0 2 7 13 6 3 1 2 7 1 2 7 17 9 2 0 2 7 1 2 7 1 2 7 1 2 7 0 2 7 0 59.9419176578521729
1 2 7 0 2 7 5 31 3 0 2 7 0 2 7 0 2 7 17 9 2 0 2 7 1 2 7 0 2 7 1 2 7 12 16 2 1 2 7 17 18 2 1 2 3 0 2 7 0 2 7 0 2 7 1 2 7 17 18 2 0 2 7 0 2 7 1 2 7 0 2 7 17 9 2 1 2 7 17 18 2 1 2 7 16 24 2 1 2 7 0 2 7 0 2 7 0 2 7 0 2 7 5 31 3 1 2 7 1 2 7 5 31 3 1 2 7 0 2 4 0 2 7 0 2 7 1 2 7 0 2 7 1 2 7 0 2 7 0 2 7 5 30 3 13 6 3 0 2 7 0 2 7 13 6 3 1 2 7 1 2 7 17 9 2 0 2 7 1 2 7 1 2 7 1 2 7 0 2 7 0 59.9419176578521729
1 2 7 0 2 7 5 31 3 0 2 7 0 2 7 0 2 7 17 9 2 0 2 7 1 2 7 0 2 7 1 2 7 12 16 2 1 2 7 17 18 2 1 2 3 0 2 7 0 2 7 0 2 7 1 2 7 17 18 2 0 2 7 0 2 7 1 2 7 0 2 7 17 9 2 1 2 7 17 18 2 1 2 7 16 24 2 1 2 7 0 2 7 0 2 7 0 2 7 0 2 7 5 31 3 1 2 7 1 2 7 5 31 3 1 2 7 0 2 4 0 2 7 0 2 7 1 2 7 0 2 7 1 2 7 0 2 7 0 2 7 5 30 3 13 6 3 0 2 7 0 2 7 13 6 3 1 2 7 1 2 7 17 9 2 0 2 7 1 2 7 1 2 7 1 2 7 0 2 7 0 59.9419176578521729
1 2 7 0 2 7 5 31 3 0 2 7 0 2 7 0 2 7 17 9 2 0 2 7 1 2 7 0 2 7 1 2 7 12 16 2 1 2 7 17 18 2 1 2 3 0 2 7 0 2 7 0 2 7 1 2 7 17 18 2 0 2 7 0 2 7 1 2 7 0 2 7 17 9 2 1 2 7 17 18 2 1 2 7 16 24 2 1 2 7 0 2 7 0 2 7 0 2 7 0 2 7 5 31 3 1 2 7 1 2 7 5 31 3 1 2 7 0 2 4 0 2 7 0 2 7 1 2 7 0 2 7 1 2 7 0 2 7 0 2 7 5 30 3 13 6 3 0 2 7 0 2 7 13 6 3 1 2 7 1 2 7 17 9 2 0 2 7 1 2 7 1 2 7 1 2 7 0 2 7 0 59.9419176578521729
1 2 7 0 2 7 5 31 3 0 2 7 0 2 7 0 2 7 17 9 2 0 2 7 1 2 7 0 2 7 1 2 7 12 16 2 1 2 7 17 18 2 1 2 3 0 2 7 0 2 7 0 2 7 1 2 7 17 18 2 0 2 7 0 2 7 1 2 7 0 2 7 17 9 2 1 2 7 17 18 2 1 2 7 16 24 2 1 2 7 0 2 7 0 2 7 0 2 7 0 2 7 5 31 3 1 2 7 1 2 7 5 31 3 1 2 7 0 2 4 0 2 7 0 2 7 1 2 7 0 2 7 1 2 7 0 2 7 0 2 7 5 30 3 13 6 3 0 2 7 0 2 7 13 6 3 1 2 7 1 2 7 17 9 2 0 2 7 1 2 7 1 2 7 1 2 7 0 2 7 0 59.9419176578521729
1 2 7 0 2 7 5 31 3 0 2 7 0 2 7 0 2 7 17 9 2 0 2 7 1 2 7 0 2 7 1 2 7 12 16 2 1 2 7 17 18 2 1 2 3 0 2 7 0 2 7 0 2 7 1 2 7 17 18 2 0 2 7 0 2 7 1 2 7 0 2 7 17 9 2 1 2 7 17 18 2 1 2 7 16 24 2 1 2 7 0 2 7 0 2 7 0 2 7 0 2 7 5 31 3 1 2 7 1 2 7 5 31 3 1 2 7 0 2 4 0 2 7 0 2 7 1 2 7 0 2 7 1 2 7 0 2 7 0 2 7 5 30 3 13 6 3 0 2 7 0 2 7 13 6 3 1 2 7 1 2 7 17 9 2 0 2 7 1 2 7 1 2 7 1 2 7 0 2 7 0 59.9419176578521729
1 2 7 0 2 7 5 31 3 0 2 7 0 2 7 0 2 7 17 9 2 0 2 7 1 2 7 0 2 7 1 2 7 12 16 2 1 2 7 17 18 2 1 2 3 0 2 7 0 2 7 0 2 7 1 2 7 17 18 2 0 2 7 0 2 7 1 2 7 0 2 7 17 9 2 1 2 7 17 18 2 1 2 7 16 24 2 1 2 7 0 2 7 0 2 7 0 2 7 0 2 7 5 31 3 1 2 7 1 2 7 5 31 3 1 2 7 0 2 4 0 2 7 0 2 7 1 2 7 0 2 7 1 2 7 0 2 7 0 2 7 5 30 3 13 6 3 0 2 7 0 2 7 13 6 3 1 2 7 1 2 7 17 9 2 0 2 7 1 2 7 1 2 7 1 2 7 0 2 7 0 59.9419176578521729
1 2 7 0 2 7 5 31 3 0 2 7 0 2 7 0 2 7 17 9 2 0 2 7 1 2 7 0 2 7 1 2 7 12 16 2 1 2 7 17 18 2 1 2 3 0 2 7 0 2 7 0 2 7 1 2 7 17 18 2 0 2 7 0 2 7 1 2 7 0 2 7 17 9 2 1 2 7 17 18 2 1 2 7 16 24 2 1 2 7 0 2 7 0 2 7 0 2 7 0 2 7 5 31 3 1 2 7 1 2 7 5 31 3 1 2 7 0 2 4 0 2 7 0 2 7 1 2 7 0 2 7 1 2 7 0 2 7 0 2 7 5 30 3 13 6 3 0 2 7 0 2 7 13 6 3 1 2 7 1 2 7 17 9 2 0 2 7 1 2 7 1 2 7 1 2 7 0 2 7 0 59.9419176578521729

MonoObjective Genetic Algorithm
Number of Evaluations = 0
Mutation Probability = 0
Crossover Probability = 1
Population Size = 10
Survival Selection Type = 18

Time =  18005.8830151557922

Current Evaluation = 2130
Front Size = 10
1 2 7 0 2 7 5 31 3 0 2 7 0 2 7 0 2 7 17 9 2 0 2 7 1 2 7 0 2 7 1 2 7 12 16 2 1 2 7 17 18 2 1 2 3 0 2 7 0 2 7 0 2 7 1 2 7 17 18 2 0 2 7 0 2 7 1 2 7 0 2 7 17 9 2 1 2 7 17 18 2 1 2 7 16 24 2 1 2 7 0 2 7 0 2 7 0 2 7 0 2 7 5 31 3 1 2 7 1 2 7 5 31 3 1 2 7 0 2 4 0 2 7 0 2 7 1 2 7 0 2 7 1 2 7 0 2 7 0 2 7 5 30 3 13 6 3 0 2 7 0 2 7 13 6 3 1 2 7 1 2 7 17 9 2 0 2 7 1 2 7 1 2 7 1 2 7 0 2 7 0 59.9419176578521729
1 2 7 0 2 7 5 31 3 0 2 7 0 2 7 0 2 7 17 9 2 0 2 7 1 2 7 0 2 7 1 2 7 12 16 2 1 2 7 17 18 2 1 2 3 0 2 7 0 2 7 0 2 7 1 2 7 17 18 2 0 2 7 0 2 7 1 2 7 0 2 7 17 9 2 1 2 7 17 18 2 1 2 7 16 24 2 1 2 7 0 2 7 0 2 7 0 2 7 0 2 7 5 31 3 1 2 7 1 2 7 5 31 3 1 2 7 0 2 4 0 2 7 0 2 7 1 2 7 0 2 7 1 2 7 0 2 7 0 2 7 5 30 3 13 6 3 0 2 7 0 2 7 13 6 3 1 2 7 1 2 7 17 9 2 0 2 7 1 2 7 1 2 7 1 2 7 0 2 7 0 59.9419176578521729
1 2 7 0 2 7 5 31 3 0 2 7 0 2 7 0 2 7 17 9 2 0 2 7 1 2 7 0 2 7 1 2 7 12 16 2 1 2 7 17 18 2 1 2 3 0 2 7 0 2 7 0 2 7 1 2 7 17 18 2 0 2 7 0 2 7 1 2 7 0 2 7 17 9 2 1 2 7 17 18 2 1 2 7 16 24 2 1 2 7 0 2 7 0 2 7 0 2 7 0 2 7 5 31 3 1 2 7 1 2 7 5 31 3 1 2 7 0 2 4 0 2 7 0 2 7 1 2 7 0 2 7 1 2 7 0 2 7 0 2 7 5 30 3 13 6 3 0 2 7 0 2 7 13 6 3 1 2 7 1 2 7 17 9 2 0 2 7 1 2 7 1 2 7 1 2 7 0 2 7 0 59.9419176578521729
1 2 7 0 2 7 5 31 3 0 2 7 0 2 7 0 2 7 17 9 2 0 2 7 1 2 7 0 2 7 1 2 7 12 16 2 1 2 7 17 18 2 1 2 3 0 2 7 0 2 7 0 2 7 1 2 7 17 18 2 0 2 7 0 2 7 1 2 7 0 2 7 17 9 2 1 2 7 17 18 2 1 2 7 16 24 2 1 2 7 0 2 7 0 2 7 0 2 7 0 2 7 5 31 3 1 2 7 1 2 7 5 31 3 1 2 7 0 2 4 0 2 7 0 2 7 1 2 7 0 2 7 1 2 7 0 2 7 0 2 7 5 30 3 13 6 3 0 2 7 0 2 7 13 6 3 1 2 7 1 2 7 17 9 2 0 2 7 1 2 7 1 2 7 1 2 7 0 2 7 0 59.9419176578521729
1 2 7 0 2 7 5 31 3 0 2 7 0 2 7 0 2 7 17 9 2 0 2 7 1 2 7 0 2 7 1 2 7 12 16 2 1 2 7 17 18 2 1 2 3 0 2 7 0 2 7 0 2 7 1 2 7 17 18 2 0 2 7 0 2 7 1 2 7 0 2 7 17 9 2 1 2 7 17 18 2 1 2 7 16 24 2 1 2 7 0 2 7 0 2 7 0 2 7 0 2 7 5 31 3 1 2 7 1 2 7 5 31 3 1 2 7 0 2 4 0 2 7 0 2 7 1 2 7 0 2 7 1 2 7 0 2 7 0 2 7 5 30 3 13 6 3 0 2 7 0 2 7 13 6 3 1 2 7 1 2 7 17 9 2 0 2 7 1 2 7 1 2 7 1 2 7 0 2 7 0 59.9419176578521729
1 2 7 0 2 7 5 31 3 0 2 7 0 2 7 0 2 7 17 9 2 0 2 7 1 2 7 0 2 7 1 2 7 12 16 2 1 2 7 17 18 2 1 2 3 0 2 7 0 2 7 0 2 7 1 2 7 17 18 2 0 2 7 0 2 7 1 2 7 0 2 7 17 9 2 1 2 7 17 18 2 1 2 7 16 24 2 1 2 7 0 2 7 0 2 7 0 2 7 0 2 7 5 31 3 1 2 7 1 2 7 5 31 3 1 2 7 0 2 4 0 2 7 0 2 7 1 2 7 0 2 7 1 2 7 0 2 7 0 2 7 5 30 3 13 6 3 0 2 7 0 2 7 13 6 3 1 2 7 1 2 7 17 9 2 0 2 7 1 2 7 1 2 7 1 2 7 0 2 7 0 59.9419176578521729
1 2 7 0 2 7 5 31 3 0 2 7 0 2 7 0 2 7 17 9 2 0 2 7 1 2 7 0 2 7 1 2 7 12 16 2 1 2 7 17 18 2 1 2 3 0 2 7 0 2 7 0 2 7 1 2 7 17 18 2 0 2 7 0 2 7 1 2 7 0 2 7 17 9 2 1 2 7 17 18 2 1 2 7 16 24 2 1 2 7 0 2 7 0 2 7 0 2 7 0 2 7 5 31 3 1 2 7 1 2 7 5 31 3 1 2 7 0 2 4 0 2 7 0 2 7 1 2 7 0 2 7 1 2 7 0 2 7 0 2 7 5 30 3 13 6 3 0 2 7 0 2 7 13 6 3 1 2 7 1 2 7 17 9 2 0 2 7 1 2 7 1 2 7 1 2 7 0 2 7 0 59.9419176578521729
1 2 7 0 2 7 5 31 3 0 2 7 0 2 7 0 2 7 17 9 2 0 2 7 1 2 7 0 2 7 1 2 7 12 16 2 1 2 7 17 18 2 1 2 3 0 2 7 0 2 7 0 2 7 1 2 7 17 18 2 0 2 7 0 2 7 1 2 7 0 2 7 17 9 2 1 2 7 17 18 2 1 2 7 16 24 2 1 2 7 0 2 7 0 2 7 0 2 7 0 2 7 5 31 3 1 2 7 1 2 7 5 31 3 1 2 7 0 2 4 0 2 7 0 2 7 1 2 7 0 2 7 1 2 7 0 2 7 0 2 7 5 30 3 13 6 3 0 2 7 0 2 7 13 6 3 1 2 7 1 2 7 17 9 2 0 2 7 1 2 7 1 2 7 1 2 7 0 2 7 0 59.9419176578521729
1 2 7 0 2 7 5 31 3 0 2 7 0 2 7 0 2 7 17 9 2 0 2 7 1 2 7 0 2 7 1 2 7 12 16 2 1 2 7 17 18 2 1 2 3 0 2 7 0 2 7 0 2 7 1 2 7 17 18 2 0 2 7 0 2 7 1 2 7 0 2 7 17 9 2 1 2 7 17 18 2 1 2 7 16 24 2 1 2 7 0 2 7 0 2 7 0 2 7 0 2 7 5 31 3 1 2 7 1 2 7 5 31 3 1 2 7 0 2 4 0 2 7 0 2 7 1 2 7 0 2 7 1 2 7 0 2 7 0 2 7 5 30 3 13 6 3 0 2 7 0 2 7 13 6 3 1 2 7 1 2 7 17 9 2 0 2 7 1 2 7 1 2 7 1 2 7 0 2 7 0 59.9419176578521729
1 2 7 0 2 7 5 31 3 0 2 7 0 2 7 0 2 7 17 9 2 0 2 7 1 2 7 0 2 7 1 2 7 12 16 2 1 2 7 17 18 2 1 2 3 0 2 7 0 2 7 0 2 7 1 2 7 17 18 2 0 2 7 0 2 7 1 2 7 0 2 7 17 9 2 1 2 7 17 18 2 1 2 7 16 24 2 1 2 7 0 2 7 0 2 7 0 2 7 0 2 7 5 31 3 1 2 7 1 2 7 5 31 3 1 2 7 0 2 4 0 2 7 0 2 7 1 2 7 0 2 7 1 2 7 0 2 7 0 2 7 5 30 3 13 6 3 0 2 7 0 2 7 13 6 3 1 2 7 1 2 7 17 9 2 0 2 7 1 2 7 1 2 7 1 2 7 0 2 7 0 59.9419176578521729

