Current Evaluation = 900(900)
Front Size = 10
13 6 3 0 2 7 0 2 7 1 2 7 1 2 7 16 19 11 1 2 7 0 2 7 0 2 7 12 16 2 12 16 2 12 16 2 0 2 4 5 30 3 0 2 3 1 2 7 17 18 2 5 30 3 1 2 7 5 30 3 0 2 7 0 2 7 0 2 7 0 2 7 0 2 7 8 9 2 1 2 7 0 2 7 0 2 7 0 2 7 0 2 4 1 2 7 1 2 7 0 2 3 0 2 4 17 9 2 5 31 3 5 31 3 5 31 3 0 2 7 0 2 7 1 2 7 1 2 7 17 9 2 0 2 3 1 2 7 0 2 3 16 6 2 16 30 2 0 2 7 0 2 7 0 2 7 1 2 7 1 2 7 0 2 7 1 2 7 0 2 7 0 2 7 0 2 7 16 6 2 0 61.3948204517364502
17 9 2 13 6 3 0 2 11 1 2 7 17 9 2 16 19 11 1 2 7 1 2 7 0 2 11 0 2 11 12 16 2 12 16 2 17 18 2 0 2 7 0 2 4 12 16 2 0 2 7 0 2 7 6 2 7 0 2 7 0 2 7 0 2 7 0 2 7 5 31 3 1 2 7 1 2 7 5 30 3 0 2 7 0 2 7 0 2 7 17 18 2 5 30 3 0 2 11 0 2 7 13 6 3 6 2 7 5 30 3 5 30 3 0 2 7 0 2 7 1 2 7 1 2 7 0 2 7 8 18 2 1 2 7 0 2 7 5 31 3 5 30 3 16 6 2 0 2 7 6 2 7 0 2 7 12 16 2 0 2 7 0 2 7 0 2 4 0 2 7 5 30 3 0 2 7 16 19 11 0 62.2253873944282532
17 9 2 0 2 7 0 2 7 0 2 3 1 2 3 12 16 2 0 2 7 5 31 3 1 2 3 0 2 7 12 16 2 12 16 2 16 6 2 16 19 11 0 2 7 5 30 3 5 30 3 0 2 7 0 2 7 0 2 3 0 2 3 16 6 2 1 2 7 0 2 7 0 2 3 1 2 7 5 30 3 0 2 7 0 2 7 1 2 7 16 19 11 5 30 3 0 2 7 0 2 7 1 2 3 1 2 7 8 9 2 0 2 3 1 2 3 0 2 7 6 2 3 0 2 3 0 2 3 0 2 7 0 2 3 0 2 3 8 9 2 5 30 3 16 6 2 0 2 7 0 2 4 1 2 3 0 2 7 0 2 3 1 2 3 1 2 7 1 2 3 0 2 3 0 2 7 0 2 7 0 63.4965404272079468
0 2 3 1 2 4 1 2 7 16 6 2 12 16 2 8 18 2 1 2 3 1 2 7 0 2 7 0 2 7 1 2 11 12 16 2 1 2 4 0 2 3 0 2 11 0 2 7 12 16 2 5 30 3 0 2 7 5 31 3 0 2 3 1 2 3 0 2 7 1 2 7 0 2 3 1 2 7 0 2 7 0 2 7 0 2 3 0 2 7 0 2 3 1 2 7 0 2 3 0 2 7 17 18 2 16 6 2 16 15 2 5 30 3 12 16 2 1 2 7 0 2 3 0 2 7 8 9 2 0 2 3 0 2 7 0 2 4 0 2 3 0 2 7 16 30 2 5 30 3 0 2 7 0 2 4 6 2 7 0 2 7 16 9 11 1 2 3 0 2 7 5 31 3 1 2 7 17 18 2 0 62.566949725151062
8 18 2 1 2 7 0 2 3 16 30 2 0 2 7 16 19 11 0 2 7 0 2 7 0 2 3 12 16 2 12 16 2 12 16 2 16 30 2 5 30 3 0 2 7 0 2 7 1 2 7 5 30 3 1 2 7 5 30 3 0 2 7 5 30 3 0 2 7 0 2 3 0 2 3 12 16 2 0 2 7 0 2 3 1 2 3 8 9 2 12 16 2 5 31 3 0 2 7 0 2 7 0 2 7 0 2 3 5 30 3 5 31 3 1 2 3 0 2 7 0 2 3 0 2 7 1 2 7 16 6 2 1 2 3 0 2 7 1 2 7 0 2 3 16 30 2 0 2 7 0 2 7 0 2 7 1 2 7 16 19 11 0 2 7 0 2 3 0 2 7 0 2 4 1 2 7 16 19 11 0 63.3680053949356079
16 6 2 0 2 7 0 2 7 8 18 2 17 18 2 5 30 3 0 2 7 0 2 3 0 2 11 16 19 11 12 16 2 12 16 2 0 2 7 16 6 2 0 2 7 12 16 2 16 18 11 0 2 7 0 2 3 1 2 3 0 2 3 0 2 3 0 2 11 5 30 3 0 2 4 0 2 7 5 30 3 0 2 3 0 2 7 0 2 7 12 16 2 1 2 3 0 2 3 1 2 7 8 18 2 0 2 7 5 30 3 5 30 3 1 2 7 0 2 7 1 2 7 0 2 7 0 2 3 1 2 3 1 2 7 16 31 2 15 2 11 5 30 3 0 2 7 0 2 7 0 2 3 0 2 7 0 2 7 1 2 7 1 2 7 1 2 11 0 2 7 5 30 3 0 2 7 16 19 11 0 63.5788852572441101
17 18 2 0 2 4 1 2 7 16 6 2 12 16 2 17 18 2 0 2 4 0 2 4 0 2 4 1 2 7 12 16 2 12 16 2 1 2 7 5 31 3 1 2 7 0 2 4 0 2 7 12 16 2 0 2 4 5 31 3 8 9 2 1 2 7 0 2 7 16 9 11 1 2 7 0 2 7 0 2 3 0 2 7 1 2 4 0 2 7 1 2 7 0 2 7 0 2 7 6 2 3 1 2 7 17 18 2 5 31 3 5 31 3 12 16 2 0 2 7 0 2 7 1 2 4 0 2 7 1 2 7 0 2 11 0 2 7 1 2 7 1 2 7 16 6 2 0 2 7 0 2 7 0 2 4 0 2 7 0 2 7 16 9 11 0 2 7 0 2 11 5 30 3 0 2 7 1 2 4 0 61.9391456842422485
8 9 2 1 2 7 0 2 7 0 2 7 17 18 2 16 18 11 0 2 7 0 2 7 1 2 3 0 2 7 12 16 2 12 16 2 17 9 2 1 2 7 0 2 7 0 2 7 0 2 7 1 2 3 1 2 7 0 2 7 0 2 7 0 2 4 1 2 7 16 19 11 1 2 7 0 2 3 5 31 3 1 2 7 1 2 7 5 30 3 0 2 3 5 31 3 1 2 7 0 2 7 16 18 11 0 2 3 5 30 3 0 2 3 1 2 3 0 2 7 0 2 3 1 2 3 0 2 7 0 2 7 0 2 7 0 2 7 0 2 7 5 30 3 16 30 2 0 2 4 1 2 3 0 2 7 12 16 2 0 2 7 0 2 3 0 2 11 0 2 4 5 30 3 1 2 7 16 19 11 0 63.1608256101608276
5 30 3 0 2 7 0 2 7 16 19 11 12 16 2 17 18 2 1 2 4 1 2 7 0 2 4 0 2 7 16 6 2 12 16 2 0 2 7 0 2 7 0 2 7 0 2 7 0 2 7 12 16 2 0 2 7 0 2 7 0 2 7 0 2 7 6 2 7 5 30 3 0 2 4 0 2 7 0 2 7 1 2 7 0 2 7 0 2 7 1 2 4 0 2 7 0 2 4 1 2 7 0 2 7 16 6 2 17 18 2 5 31 3 12 16 2 8 9 2 1 2 7 0 2 7 1 2 7 12 16 2 1 2 7 1 2 4 0 2 7 0 2 7 16 31 2 5 31 3 5 31 3 1 2 7 0 2 7 0 2 7 16 19 11 0 2 7 1 2 7 5 30 3 0 2 7 8 9 2 0 62.0255952477455139
5 31 3 0 2 7 0 2 7 8 18 2 0 2 7 8 9 2 0 2 7 0 2 7 0 2 7 0 2 7 12 16 2 0 2 7 16 6 2 16 19 11 1 2 11 1 2 7 0 2 7 12 16 2 0 2 7 17 18 2 8 9 2 0 2 7 0 2 7 16 30 2 0 2 7 1 2 7 0 2 3 1 2 7 0 2 7 16 30 2 12 16 2 5 30 3 5 30 3 1 2 7 5 30 3 0 2 3 5 30 3 5 31 3 0 2 4 1 2 7 1 2 7 0 2 4 0 2 7 12 16 2 1 2 7 0 2 7 0 2 7 1 2 7 16 6 2 12 16 2 1 2 11 0 2 11 5 31 3 0 2 7 0 2 7 0 2 8 0 2 7 0 2 7 0 2 7 16 6 2 0 62.4620053768157959

Current Evaluation = 1800(1800)
Front Size = 10
13 6 3 0 2 4 0 2 7 5 31 3 1 2 7 0 2 7 0 2 7 0 2 7 0 2 7 12 16 2 12 16 2 12 16 2 1 2 7 5 30 3 0 2 7 0 2 7 17 18 2 5 31 3 1 2 4 1 2 7 1 2 7 0 2 4 0 2 7 0 2 7 0 2 7 17 9 2 1 2 7 1 2 7 0 2 7 0 2 7 0 2 7 1 2 7 0 2 7 1 2 7 0 2 7 17 9 2 5 31 3 5 31 3 5 31 3 0 2 7 0 2 7 1 2 7 0 2 7 17 9 2 0 2 7 1 2 4 0 2 7 16 6 2 16 30 2 0 2 7 0 2 7 0 2 7 1 2 7 6 2 7 0 2 4 1 2 7 1 2 7 0 2 7 1 2 4 16 30 2 0 60.7198787331581116
13 6 3 0 2 7 13 6 3 5 31 3 1 2 7 0 2 7 0 2 7 0 2 7 0 2 7 12 16 2 12 16 2 12 16 2 1 2 7 5 30 3 0 2 7 0 2 7 17 18 2 5 30 3 1 2 7 1 2 7 1 2 7 0 2 7 0 2 7 0 2 7 0 2 7 17 9 2 0 2 7 1 2 7 1 2 7 0 2 3 0 2 7 6 2 7 0 2 7 0 2 7 0 2 11 17 9 2 5 31 3 5 31 3 5 31 3 0 2 7 0 2 7 1 2 7 0 2 7 17 9 2 0 2 7 1 2 7 0 2 3 16 6 2 16 6 2 0 2 7 1 2 3 0 2 7 6 2 7 1 2 7 0 2 7 1 2 7 1 2 4 0 2 7 0 2 7 16 6 2 0 60.8746075630187988
13 6 3 0 2 7 0 2 7 5 31 3 1 2 7 16 19 11 0 2 7 0 2 7 0 2 7 12 16 2 12 16 2 12 16 2 1 2 7 5 30 3 0 2 7 0 2 7 8 18 2 5 30 3 1 2 7 1 2 7 0 2 7 0 2 7 0 2 7 0 2 7 0 2 7 17 9 2 0 2 7 1 2 7 1 2 7 0 2 7 0 2 7 1 2 7 0 2 7 0 2 7 0 2 7 17 9 2 5 31 3 5 31 3 5 31 3 0 2 7 0 2 3 1 2 7 1 2 7 17 9 2 0 2 7 6 2 7 0 2 7 16 6 2 16 6 2 0 2 7 0 2 7 0 2 7 1 2 7 1 2 7 0 2 7 1 2 7 1 2 4 0 2 7 0 2 7 16 6 2 0 61.2467693686485291
13 6 3 1 2 7 0 2 7 1 2 7 0 2 7 16 9 11 0 2 7 1 2 7 0 2 7 0 2 3 16 6 2 12 16 2 0 2 7 5 30 3 0 2 7 5 31 3 1 2 7 17 9 2 0 2 7 0 2 3 1 2 4 0 2 7 1 2 7 1 2 7 1 2 7 0 2 7 0 2 7 1 2 3 0 2 7 1 2 7 0 2 7 0 2 7 0 2 11 0 2 7 1 2 7 5 31 3 17 9 2 0 2 7 17 9 2 0 2 7 0 2 7 1 2 7 0 2 7 12 16 2 0 2 7 0 2 7 1 2 7 16 6 2 8 18 2 5 30 3 0 2 7 0 2 7 0 2 7 1 2 7 1 2 7 1 2 7 0 2 7 5 31 3 1 2 11 17 9 2 0 61.128458559513092
13 6 3 0 2 7 0 2 7 5 31 3 1 2 7 16 19 11 0 2 7 0 2 4 0 2 7 12 16 2 12 16 2 12 16 2 0 2 7 5 30 3 0 2 7 1 2 7 17 18 2 5 30 3 1 2 7 5 30 3 0 2 7 0 2 7 0 2 7 0 2 7 0 2 7 8 9 2 1 2 7 0 2 7 0 2 7 0 2 7 0 2 4 1 2 7 6 2 7 0 2 7 0 2 7 17 9 2 5 31 3 5 31 3 5 31 3 0 2 7 0 2 7 1 2 7 6 2 7 17 9 2 0 2 7 1 2 7 0 2 7 16 6 2 16 6 2 0 2 7 0 2 7 0 2 7 1 2 7 1 2 7 0 2 7 1 2 7 1 2 7 0 2 7 0 2 7 16 6 2 0 61.3642573356628418
13 6 3 0 2 7 0 2 7 5 31 3 1 2 7 16 19 11 0 2 7 0 2 7 0 2 7 12 16 2 12 16 2 12 16 2 0 2 7 5 30 3 0 2 7 6 2 7 17 18 2 5 30 3 6 2 7 5 30 3 0 2 7 0 2 7 0 2 7 0 2 7 0 2 4 8 9 2 1 2 7 0 2 7 0 2 7 0 2 7 0 2 4 1 2 7 1 2 7 0 2 7 0 2 7 17 9 2 5 31 3 5 31 3 5 31 3 0 2 7 0 2 7 1 2 7 1 2 7 17 9 2 0 2 7 1 2 7 0 2 7 16 6 2 16 6 2 0 2 7 0 2 7 0 2 7 1 2 7 1 2 7 0 2 7 1 2 7 1 2 7 0 2 7 0 2 7 16 6 2 0 61.3642573356628418
13 6 3 0 2 7 0 2 7 5 31 3 1 2 7 16 19 11 0 2 7 0 2 4 0 2 7 12 16 2 12 16 2 12 16 2 0 2 7 5 30 3 0 2 7 1 2 7 17 18 2 5 30 3 1 2 7 5 30 3 0 2 7 0 2 7 0 2 7 0 2 7 0 2 7 8 9 2 1 2 7 0 2 7 0 2 7 0 2 7 0 2 4 1 2 7 6 2 7 0 2 7 0 2 7 17 9 2 5 31 3 5 31 3 5 31 3 0 2 7 0 2 7 1 2 7 6 2 7 17 9 2 0 2 7 1 2 7 0 2 7 16 6 2 16 6 2 0 2 7 0 2 7 0 2 7 1 2 7 1 2 7 0 2 7 1 2 7 1 2 7 0 2 7 0 2 7 16 6 2 0 61.3642573356628418
13 6 3 0 2 7 0 2 7 5 31 3 1 2 7 16 19 11 0 2 7 0 2 4 0 2 7 12 16 2 12 16 2 12 16 2 0 2 7 5 30 3 0 2 7 1 2 7 17 18 2 5 30 3 1 2 7 5 30 3 0 2 7 0 2 7 0 2 7 0 2 7 0 2 7 8 9 2 1 2 7 0 2 7 0 2 7 0 2 7 0 2 4 1 2 7 6 2 7 0 2 7 0 2 7 17 9 2 5 31 3 5 31 3 5 31 3 0 2 7 0 2 7 1 2 7 6 2 7 17 9 2 0 2 7 1 2 7 0 2 7 16 6 2 16 6 2 0 2 7 0 2 7 0 2 7 1 2 7 1 2 7 0 2 7 1 2 7 1 2 7 0 2 7 0 2 7 16 6 2 0 61.3642573356628418
13 6 3 0 2 7 0 2 7 5 31 3 1 2 7 16 19 11 0 2 7 0 2 4 0 2 7 12 16 2 12 16 2 12 16 2 0 2 7 5 30 3 0 2 7 1 2 7 17 18 2 5 30 3 1 2 7 5 30 3 0 2 7 0 2 7 0 2 7 0 2 7 0 2 7 8 9 2 1 2 7 0 2 7 0 2 7 0 2 7 0 2 4 1 2 7 6 2 7 0 2 7 0 2 7 17 9 2 5 31 3 5 31 3 5 31 3 0 2 7 0 2 7 1 2 7 6 2 7 17 9 2 0 2 7 1 2 7 0 2 7 16 6 2 16 6 2 0 2 7 0 2 7 0 2 7 1 2 7 1 2 7 0 2 7 1 2 7 1 2 7 0 2 7 0 2 7 16 6 2 0 61.3642573356628418
13 6 3 0 2 7 0 2 7 5 31 3 1 2 7 16 19 11 0 2 7 0 2 7 0 2 7 12 16 2 12 16 2 12 16 2 1 2 7 5 30 3 0 2 7 6 2 7 8 18 2 5 30 3 1 2 7 1 2 7 0 2 7 0 2 7 0 2 7 0 2 7 0 2 7 17 9 2 0 2 7 1 2 7 0 2 7 0 2 7 0 2 7 0 2 7 1 2 7 0 2 7 0 2 7 17 9 2 5 31 3 5 31 3 5 31 3 0 2 7 0 2 7 1 2 7 1 2 7 17 9 2 0 2 3 1 2 7 0 2 7 16 6 2 16 6 2 0 2 7 0 2 7 0 2 7 1 2 7 1 2 7 0 2 7 1 2 7 1 2 4 0 2 7 0 2 7 16 6 2 0 61.2467693686485291

Current Evaluation = 2700(2700)
Front Size = 10
13 6 3 0 2 7 13 6 3 5 31 3 0 2 7 0 2 7 0 2 7 0 2 7 0 2 7 12 16 2 12 16 2 12 16 2 0 2 7 5 31 3 0 2 7 0 2 7 17 18 2 5 30 3 0 2 7 1 2 7 1 2 7 0 2 7 0 2 7 0 2 7 0 2 7 17 9 2 1 2 7 1 2 7 1 2 7 0 2 7 0 2 7 1 2 7 0 2 7 0 2 7 1 2 7 17 9 2 5 31 3 5 31 3 1 2 11 0 2 7 0 2 7 1 2 7 0 2 7 17 9 2 0 2 7 1 2 7 1 2 7 16 6 2 16 6 2 0 2 7 0 2 7 0 2 7 1 2 7 0 2 7 0 2 7 1 2 7 1 2 7 0 2 7 1 2 7 16 6 2 0 60.451378345489502
13 6 3 0 2 7 13 6 3 5 31 3 0 2 7 0 2 7 0 2 7 0 2 7 1 2 7 12 16 2 12 16 2 12 16 2 1 2 7 5 30 3 0 2 7 0 2 7 17 18 2 5 30 3 0 2 7 1 2 7 1 2 7 0 2 7 0 2 7 6 2 7 0 2 7 17 9 2 1 2 7 1 2 7 0 2 7 0 2 7 0 2 7 1 2 7 0 2 7 0 2 7 1 2 7 17 9 2 5 31 3 5 30 3 5 31 3 0 2 7 0 2 7 0 2 7 0 2 7 17 9 2 0 2 4 0 2 7 1 2 7 16 31 2 16 6 2 0 2 7 0 2 7 0 2 7 1 2 7 0 2 7 0 2 7 1 2 7 1 2 7 1 2 7 1 2 7 16 6 2 0 60.4633373618125916
13 6 3 0 2 7 13 6 3 5 31 3 1 2 7 0 2 7 0 2 7 0 2 7 0 2 7 12 16 2 12 16 2 12 16 2 1 2 7 5 30 3 0 2 7 0 2 7 17 18 2 5 30 3 1 2 7 1 2 7 1 2 7 0 2 7 0 2 7 0 2 7 0 2 7 17 9 2 1 2 7 1 2 7 1 2 7 0 2 7 0 2 7 0 2 4 0 2 7 0 2 7 0 2 7 17 9 2 5 31 3 5 31 3 5 31 3 0 2 7 0 2 7 1 2 7 0 2 7 17 9 2 0 2 7 1 2 7 0 2 7 16 6 2 16 6 2 0 2 7 1 2 7 0 2 7 6 2 7 1 2 7 0 2 7 1 2 7 1 2 7 0 2 7 0 2 7 16 30 2 0 60.4633374810218811
13 6 3 1 2 7 13 6 3 5 31 3 0 2 7 0 2 7 0 2 7 0 2 7 0 2 7 12 16 2 12 16 2 12 16 2 1 2 7 5 31 3 0 2 7 0 2 7 17 18 2 5 30 3 0 2 7 1 2 7 1 2 7 0 2 7 0 2 7 0 2 7 0 2 7 17 9 2 1 2 7 6 2 7 1 2 7 0 2 4 0 2 7 1 2 7 0 2 7 0 2 7 1 2 7 17 9 2 5 31 3 5 30 3 5 31 3 0 2 7 0 2 7 1 2 7 0 2 7 17 9 2 0 2 7 1 2 7 0 2 7 16 6 2 16 6 2 0 2 7 0 2 7 0 2 7 1 2 7 1 2 7 0 2 7 1 2 7 1 2 7 0 2 7 0 2 7 16 30 2 0 60.4633374810218811
13 6 3 0 2 7 13 6 3 5 31 3 1 2 7 0 2 7 0 2 7 0 2 7 0 2 7 12 16 2 12 16 2 12 16 2 1 2 7 5 30 3 0 2 7 0 2 7 17 18 2 5 30 3 1 2 7 1 2 7 1 2 7 0 2 7 0 2 7 0 2 7 0 2 7 17 9 2 1 2 7 1 2 7 1 2 7 0 2 7 0 2 7 0 2 4 0 2 7 0 2 7 0 2 7 17 9 2 5 31 3 5 31 3 5 31 3 0 2 7 0 2 7 1 2 7 0 2 7 17 9 2 0 2 7 1 2 7 0 2 7 16 6 2 16 6 2 0 2 7 1 2 7 0 2 7 6 2 7 1 2 7 0 2 7 1 2 7 1 2 7 0 2 7 0 2 7 16 30 2 0 60.4633374810218811
13 6 3 0 2 7 13 6 3 5 30 3 0 2 7 0 2 7 6 2 7 0 2 7 0 2 7 12 16 2 12 16 2 12 16 2 1 2 7 5 31 3 0 2 7 0 2 7 17 18 2 5 30 3 0 2 7 1 2 7 1 2 7 0 2 7 0 2 7 0 2 7 0 2 7 17 9 2 1 2 7 1 2 7 1 2 7 0 2 7 0 2 7 1 2 4 0 2 7 0 2 7 1 2 7 17 9 2 5 31 3 5 31 3 5 31 3 0 2 7 0 2 7 1 2 7 0 2 7 17 9 2 0 2 7 1 2 7 1 2 7 16 6 2 16 6 2 0 2 7 0 2 7 0 2 7 1 2 7 0 2 7 0 2 7 1 2 7 1 2 7 0 2 7 0 2 7 16 30 2 0 60.4633374810218811
13 6 3 0 2 7 13 6 3 5 31 3 1 2 7 0 2 7 0 2 7 0 2 7 0 2 7 12 16 2 12 16 2 12 16 2 1 2 7 5 30 3 0 2 7 0 2 7 17 18 2 5 31 3 0 2 7 1 2 7 1 2 7 0 2 7 0 2 7 0 2 7 0 2 7 17 9 2 1 2 7 1 2 7 6 2 7 0 2 7 0 2 4 1 2 7 0 2 7 0 2 7 1 2 7 17 9 2 5 31 3 5 31 3 5 30 3 0 2 7 0 2 7 1 2 7 0 2 7 17 9 2 0 2 7 1 2 7 1 2 7 16 6 2 16 6 2 0 2 7 0 2 7 0 2 7 0 2 7 1 2 7 0 2 7 1 2 7 1 2 7 0 2 7 0 2 7 16 30 2 0 60.4633374810218811
13 6 3 0 2 7 13 6 3 5 31 3 1 2 7 0 2 7 0 2 7 0 2 7 0 2 7 12 16 2 12 16 2 12 16 2 1 2 7 5 30 3 0 2 7 0 2 7 17 18 2 5 31 3 0 2 7 1 2 7 1 2 7 0 2 7 0 2 7 0 2 7 0 2 7 17 9 2 1 2 4 1 2 7 1 2 7 0 2 7 0 2 7 1 2 7 0 2 7 0 2 7 0 2 7 17 9 2 5 31 3 5 31 3 5 30 3 0 2 7 0 2 7 1 2 7 0 2 7 17 9 2 0 2 7 1 2 7 0 2 7 16 6 2 16 6 2 0 2 7 1 2 7 0 2 7 6 2 7 1 2 7 0 2 7 1 2 7 1 2 7 0 2 7 0 2 7 16 30 2 0 60.4633374810218811
13 6 3 1 2 7 13 6 3 5 31 3 0 2 7 0 2 7 6 2 7 0 2 7 0 2 7 12 16 2 12 16 2 12 16 2 0 2 7 5 31 3 0 2 7 0 2 7 17 18 2 5 30 3 0 2 7 1 2 7 1 2 7 0 2 7 0 2 7 0 2 7 0 2 7 17 9 2 1 2 7 1 2 7 1 2 7 0 2 7 0 2 7 1 2 7 0 2 7 0 2 7 0 2 7 17 9 2 5 31 3 5 31 3 5 30 3 0 2 7 0 2 7 1 2 7 0 2 7 17 9 2 0 2 4 1 2 7 0 2 7 16 6 2 16 6 2 0 2 7 1 2 7 0 2 7 1 2 7 0 2 7 0 2 7 1 2 7 1 2 7 0 2 7 1 2 7 16 30 2 0 60.4633374810218811
13 6 3 0 2 7 13 6 3 5 31 3 1 2 7 0 2 7 0 2 7 0 2 7 0 2 7 12 16 2 12 16 2 12 16 2 1 2 7 5 30 3 0 2 7 0 2 7 17 18 2 5 30 3 0 2 7 1 2 7 0 2 7 0 2 7 0 2 7 1 2 7 0 2 7 17 9 2 1 2 7 1 2 7 6 2 7 0 2 7 0 2 7 1 2 7 0 2 7 0 2 7 1 2 7 17 9 2 5 31 3 5 31 3 5 31 3 0 2 7 0 2 7 0 2 4 0 2 7 17 9 2 0 2 7 1 2 7 1 2 7 16 6 2 16 6 2 0 2 7 0 2 7 0 2 7 1 2 7 0 2 7 0 2 7 1 2 7 1 2 7 1 2 7 0 2 7 16 30 2 0 60.4633374810218811

Current Evaluation = 3600(3600)
Front Size = 10
13 6 3 0 2 7 13 6 3 5 31 3 0 2 7 0 2 7 0 2 7 0 2 4 0 2 7 12 16 2 12 16 2 12 16 2 0 2 7 5 31 3 0 2 7 0 2 7 17 18 2 5 30 3 0 2 7 1 2 7 1 2 7 0 2 7 0 2 7 12 16 2 0 2 7 17 9 2 1 2 7 0 2 7 1 2 7 0 2 7 0 2 7 1 2 7 0 2 7 0 2 7 1 2 7 17 9 2 5 30 3 5 31 3 1 2 7 0 2 7 0 2 7 1 2 4 0 2 7 17 9 2 0 2 7 1 2 7 1 2 7 16 31 2 16 30 2 0 2 7 0 2 7 0 2 7 1 2 7 0 2 7 1 2 7 1 2 7 1 2 7 1 2 7 1 2 7 16 6 2 0 60.3182704448699951
13 6 3 0 2 7 13 6 3 5 31 3 0 2 4 0 2 7 0 2 7 0 2 7 0 2 7 12 16 2 12 16 2 12 16 2 0 2 7 5 31 3 0 2 7 0 2 7 17 18 2 5 30 3 0 2 7 1 2 7 1 2 7 0 2 7 0 2 7 12 16 2 0 2 7 17 9 2 1 2 7 0 2 7 1 2 7 0 2 7 0 2 7 1 2 7 0 2 7 0 2 7 1 2 7 17 9 2 5 31 3 5 30 3 1 2 7 0 2 4 0 2 7 1 2 7 0 2 7 17 9 2 0 2 7 1 2 7 0 2 7 16 31 2 16 30 2 0 2 7 1 2 7 0 2 7 1 2 7 0 2 7 1 2 7 1 2 7 1 2 7 1 2 7 1 2 7 16 6 2 0 60.3182704448699951
13 6 3 0 2 7 13 6 3 5 31 3 0 2 7 0 2 7 0 2 4 0 2 7 0 2 7 12 16 2 12 16 2 12 16 2 0 2 7 5 31 3 0 2 7 0 2 7 17 18 2 5 30 3 0 2 7 1 2 7 1 2 7 0 2 7 0 2 7 12 16 2 0 2 7 17 9 2 1 2 7 0 2 7 1 2 7 0 2 7 0 2 7 1 2 7 0 2 7 0 2 7 1 2 7 17 9 2 5 31 3 5 30 3 1 2 7 0 2 4 0 2 7 1 2 7 0 2 7 17 9 2 0 2 7 0 2 7 1 2 7 16 31 2 16 30 2 0 2 7 1 2 7 0 2 7 1 2 7 0 2 7 1 2 7 1 2 7 1 2 7 1 2 7 1 2 7 16 6 2 0 60.3182704448699951
13 6 3 0 2 7 13 6 3 5 31 3 0 2 7 0 2 7 0 2 4 0 2 7 0 2 7 12 16 2 12 16 2 12 16 2 0 2 7 5 31 3 0 2 7 0 2 7 17 18 2 5 30 3 0 2 7 1 2 7 1 2 7 0 2 7 0 2 7 12 16 2 0 2 7 17 9 2 1 2 7 1 2 7 1 2 7 0 2 7 0 2 7 1 2 7 0 2 7 0 2 7 1 2 7 17 9 2 5 31 3 5 30 3 1 2 7 0 2 4 0 2 7 1 2 7 0 2 7 17 9 2 0 2 7 0 2 7 1 2 7 16 31 2 16 30 2 0 2 7 1 2 7 0 2 7 1 2 7 0 2 7 0 2 7 1 2 7 1 2 7 1 2 7 1 2 7 16 6 2 0 60.3182704448699951
13 6 3 0 2 7 13 6 3 5 31 3 0 2 7 0 2 7 0 2 7 0 2 4 0 2 7 12 16 2 12 16 2 12 16 2 0 2 7 5 31 3 0 2 7 0 2 7 17 18 2 5 30 3 0 2 7 1 2 7 1 2 7 0 2 7 0 2 7 12 16 2 0 2 7 17 9 2 1 2 7 0 2 7 1 2 7 0 2 7 0 2 7 1 2 7 0 2 7 0 2 7 1 2 7 17 9 2 5 30 3 5 31 3 1 2 7 0 2 7 0 2 7 1 2 4 0 2 7 17 9 2 0 2 7 1 2 7 1 2 7 16 31 2 16 30 2 0 2 7 0 2 7 0 2 7 1 2 7 0 2 7 1 2 7 1 2 7 1 2 7 1 2 7 1 2 7 16 6 2 0 60.3182704448699951
13 6 3 0 2 7 13 6 3 5 31 3 0 2 7 0 2 7 0 2 7 0 2 4 0 2 7 12 16 2 12 16 2 12 16 2 0 2 7 5 31 3 0 2 7 0 2 7 17 18 2 5 30 3 0 2 7 1 2 7 1 2 7 0 2 7 0 2 7 12 16 2 0 2 7 17 9 2 1 2 7 0 2 7 1 2 7 0 2 7 0 2 7 1 2 7 0 2 7 0 2 7 1 2 7 17 9 2 5 30 3 5 31 3 1 2 7 0 2 7 0 2 7 1 2 4 0 2 7 17 9 2 0 2 7 1 2 7 1 2 7 16 31 2 16 30 2 0 2 7 0 2 7 0 2 7 1 2 7 0 2 7 1 2 7 1 2 7 1 2 7 1 2 7 1 2 7 16 6 2 0 60.3182704448699951
13 6 3 0 2 7 13 6 3 5 31 3 0 2 7 0 2 7 0 2 7 0 2 7 0 2 7 12 16 2 12 16 2 12 16 2 0 2 7 5 31 3 0 2 7 0 2 7 17 18 2 5 30 3 0 2 7 1 2 7 1 2 7 0 2 7 0 2 7 12 16 2 0 2 7 17 9 2 1 2 7 0 2 7 1 2 7 0 2 7 0 2 7 1 2 7 0 2 4 0 2 7 1 2 7 17 9 2 5 31 3 5 30 3 1 2 7 0 2 4 0 2 7 1 2 7 0 2 7 17 9 2 0 2 7 1 2 7 1 2 7 16 31 2 16 30 2 0 2 7 0 2 7 0 2 7 1 2 7 0 2 7 1 2 7 1 2 7 1 2 7 1 2 7 1 2 7 16 6 2 0 60.3182704448699951
13 6 3 0 2 7 13 6 3 5 31 3 0 2 7 0 2 7 0 2 7 0 2 4 0 2 7 12 16 2 12 16 2 12 16 2 0 2 7 5 31 3 0 2 7 0 2 7 17 18 2 5 30 3 0 2 7 1 2 7 1 2 7 0 2 7 0 2 7 12 16 2 0 2 7 17 9 2 1 2 7 0 2 7 1 2 7 0 2 7 0 2 7 1 2 7 0 2 7 0 2 7 1 2 7 17 9 2 5 30 3 5 31 3 1 2 7 0 2 7 0 2 7 1 2 4 0 2 7 17 9 2 0 2 7 1 2 7 1 2 7 16 31 2 16 30 2 0 2 7 0 2 7 0 2 7 1 2 7 0 2 7 1 2 7 1 2 7 1 2 7 1 2 7 1 2 7 16 6 2 0 60.3182704448699951
13 6 3 0 2 7 13 6 3 5 31 3 0 2 4 0 2 7 0 2 7 0 2 7 0 2 7 12 16 2 12 16 2 12 16 2 0 2 7 5 31 3 0 2 7 0 2 7 17 18 2 5 30 3 0 2 7 1 2 7 1 2 7 0 2 7 0 2 7 12 16 2 0 2 7 17 9 2 1 2 7 0 2 7 1 2 7 0 2 7 0 2 7 1 2 7 0 2 7 0 2 7 1 2 7 17 9 2 5 31 3 5 30 3 1 2 7 0 2 4 0 2 7 1 2 7 0 2 7 17 9 2 0 2 7 1 2 7 0 2 7 16 31 2 16 30 2 0 2 7 1 2 7 0 2 7 1 2 7 0 2 7 1 2 7 1 2 7 1 2 7 1 2 7 1 2 7 16 6 2 0 60.3182704448699951
13 6 3 0 2 7 13 6 3 5 31 3 0 2 4 0 2 7 0 2 7 0 2 7 0 2 7 12 16 2 12 16 2 12 16 2 0 2 7 5 31 3 0 2 7 0 2 7 17 18 2 5 30 3 0 2 7 1 2 7 1 2 7 0 2 7 0 2 7 12 16 2 0 2 7 17 9 2 1 2 7 0 2 7 1 2 7 0 2 7 0 2 7 1 2 7 0 2 7 0 2 7 1 2 7 17 9 2 5 30 3 5 31 3 1 2 7 0 2 7 0 2 7 1 2 4 0 2 7 17 9 2 0 2 7 1 2 7 0 2 7 16 31 2 16 30 2 0 2 7 1 2 7 0 2 7 1 2 7 0 2 7 1 2 7 1 2 7 1 2 7 1 2 7 1 2 7 16 6 2 0 60.3182704448699951

Current Evaluation = 4500(4500)
Front Size = 10
13 6 3 0 2 7 13 6 3 5 31 3 0 2 7 0 2 7 0 2 7 0 2 4 0 2 4 12 16 2 12 16 2 12 16 2 0 2 7 5 31 3 0 2 7 0 2 7 17 18 2 5 30 3 0 2 7 1 2 7 1 2 7 0 2 7 0 2 7 12 16 2 0 2 7 17 9 2 1 2 7 0 2 7 1 2 7 0 2 7 0 2 7 1 2 7 0 2 7 0 2 7 1 2 7 17 9 2 5 30 3 5 30 3 1 2 7 0 2 7 0 2 7 1 2 7 0 2 7 17 9 2 0 2 7 1 2 7 0 2 7 16 31 2 16 6 2 0 2 7 1 2 7 0 2 7 1 2 7 0 2 7 1 2 7 1 2 7 1 2 7 1 2 7 1 2 7 16 31 2 0 60.3182703256607056
13 6 3 0 2 7 13 6 3 5 31 3 0 2 4 0 2 7 0 2 7 0 2 7 0 2 7 12 16 2 12 16 2 12 16 2 0 2 7 5 31 3 0 2 7 0 2 7 17 18 2 5 30 3 0 2 7 1 2 7 1 2 7 0 2 7 0 2 7 12 16 2 0 2 7 17 9 2 1 2 7 0 2 7 1 2 7 0 2 7 0 2 7 1 2 7 0 2 7 0 2 7 1 2 7 17 9 2 5 30 3 5 30 3 1 2 7 0 2 7 0 2 7 1 2 7 0 2 7 17 9 2 0 2 7 1 2 7 0 2 4 16 31 2 16 6 2 0 2 7 1 2 7 0 2 7 1 2 7 0 2 7 1 2 7 1 2 7 1 2 7 1 2 7 1 2 7 16 31 2 0 60.3182703256607056
13 6 3 0 2 7 13 6 3 5 31 3 0 2 4 0 2 7 0 2 7 0 2 7 0 2 7 12 16 2 12 16 2 12 16 2 0 2 7 5 31 3 0 2 7 0 2 7 17 18 2 5 30 3 0 2 7 1 2 7 1 2 7 0 2 7 0 2 7 12 16 2 0 2 7 17 9 2 1 2 7 0 2 7 0 2 7 0 2 7 0 2 7 1 2 7 0 2 7 0 2 7 1 2 4 17 9 2 5 30 3 5 30 3 1 2 7 0 2 7 0 2 7 1 2 7 0 2 7 17 9 2 0 2 7 1 2 7 1 2 7 16 31 2 16 6 2 0 2 7 1 2 7 0 2 7 1 2 7 0 2 7 1 2 7 1 2 7 1 2 7 1 2 7 1 2 7 16 31 2 0 60.3182703256607056
13 6 3 0 2 7 13 6 3 5 31 3 0 2 7 0 2 7 0 2 4 0 2 7 0 2 7 12 16 2 12 16 2 12 16 2 0 2 7 5 31 3 0 2 7 0 2 7 17 18 2 5 30 3 0 2 7 1 2 7 1 2 7 0 2 7 0 2 7 12 16 2 0 2 7 17 9 2 1 2 7 1 2 7 1 2 7 0 2 7 0 2 7 1 2 7 0 2 7 0 2 7 1 2 7 17 9 2 5 31 3 5 30 3 1 2 7 0 2 4 0 2 7 1 2 7 0 2 7 17 9 2 0 2 7 0 2 7 1 2 7 16 31 2 16 30 2 0 2 7 1 2 7 0 2 7 1 2 7 0 2 7 0 2 7 1 2 7 1 2 7 1 2 7 1 2 7 16 6 2 0 60.3182704448699951
13 6 3 0 2 7 13 6 3 5 31 3 0 2 7 0 2 7 0 2 7 0 2 4 0 2 7 12 16 2 12 16 2 12 16 2 0 2 7 5 31 3 0 2 7 0 2 7 17 18 2 5 30 3 0 2 7 1 2 7 1 2 7 0 2 7 0 2 7 12 16 2 0 2 7 17 9 2 1 2 7 0 2 7 1 2 7 0 2 7 0 2 7 1 2 7 0 2 7 0 2 7 1 2 7 17 9 2 5 30 3 5 31 3 1 2 7 0 2 7 0 2 7 1 2 4 0 2 7 17 9 2 0 2 7 1 2 7 1 2 7 16 31 2 16 30 2 0 2 7 0 2 7 0 2 7 1 2 7 0 2 7 1 2 7 1 2 7 1 2 7 1 2 7 1 2 7 16 6 2 0 60.3182704448699951
13 6 3 0 2 7 13 6 3 5 31 3 0 2 7 0 2 7 0 2 7 0 2 4 0 2 7 12 16 2 12 16 2 12 16 2 0 2 7 5 31 3 0 2 7 0 2 7 17 18 2 5 30 3 0 2 7 1 2 7 1 2 7 0 2 7 0 2 7 12 16 2 0 2 7 17 9 2 1 2 7 0 2 7 1 2 7 0 2 7 0 2 7 1 2 7 0 2 7 0 2 7 1 2 7 17 9 2 5 30 3 5 31 3 1 2 7 0 2 7 0 2 7 1 2 4 0 2 7 17 9 2 0 2 7 1 2 7 1 2 7 16 31 2 16 30 2 0 2 7 0 2 7 0 2 7 1 2 7 0 2 7 1 2 7 1 2 7 1 2 7 1 2 7 1 2 7 16 6 2 0 60.3182704448699951
13 6 3 0 2 7 13 6 3 5 31 3 0 2 7 0 2 7 0 2 7 0 2 7 0 2 7 12 16 2 12 16 2 12 16 2 0 2 7 5 31 3 0 2 7 0 2 7 17 18 2 5 30 3 0 2 7 1 2 7 1 2 7 0 2 7 0 2 7 12 16 2 0 2 7 17 9 2 1 2 7 0 2 7 1 2 7 0 2 7 0 2 7 1 2 7 0 2 4 0 2 7 1 2 7 17 9 2 5 31 3 5 30 3 1 2 7 0 2 4 0 2 7 1 2 7 0 2 7 17 9 2 0 2 7 1 2 7 1 2 7 16 31 2 16 30 2 0 2 7 0 2 7 0 2 7 1 2 7 0 2 7 1 2 7 1 2 7 1 2 7 1 2 7 1 2 7 16 6 2 0 60.3182704448699951
13 6 3 0 2 7 13 6 3 5 31 3 0 2 7 0 2 7 0 2 7 0 2 4 0 2 7 12 16 2 12 16 2 12 16 2 0 2 7 5 31 3 0 2 7 0 2 7 17 18 2 5 30 3 0 2 7 1 2 7 1 2 7 0 2 7 0 2 7 12 16 2 0 2 7 17 9 2 1 2 7 0 2 7 1 2 7 0 2 7 0 2 7 1 2 7 0 2 7 0 2 7 1 2 7 17 9 2 5 30 3 5 31 3 1 2 7 0 2 7 0 2 7 1 2 4 0 2 7 17 9 2 0 2 7 1 2 7 1 2 7 16 31 2 16 30 2 0 2 7 0 2 7 0 2 7 1 2 7 0 2 7 1 2 7 1 2 7 1 2 7 1 2 7 1 2 7 16 6 2 0 60.3182704448699951
13 6 3 0 2 7 13 6 3 5 31 3 0 2 4 0 2 7 0 2 7 0 2 7 0 2 7 12 16 2 12 16 2 12 16 2 0 2 7 5 31 3 0 2 7 0 2 7 17 18 2 5 30 3 0 2 7 1 2 7 1 2 7 0 2 7 0 2 7 12 16 2 0 2 7 17 9 2 1 2 7 0 2 7 1 2 7 0 2 7 0 2 7 1 2 7 0 2 7 0 2 7 1 2 7 17 9 2 5 31 3 5 30 3 1 2 7 0 2 4 0 2 7 1 2 7 0 2 7 17 9 2 0 2 7 1 2 7 0 2 7 16 31 2 16 30 2 0 2 7 1 2 7 0 2 7 1 2 7 0 2 7 1 2 7 1 2 7 1 2 7 1 2 7 1 2 7 16 6 2 0 60.3182704448699951
13 6 3 0 2 7 13 6 3 5 31 3 0 2 4 0 2 7 0 2 7 0 2 7 0 2 7 12 16 2 12 16 2 12 16 2 0 2 7 5 31 3 0 2 7 0 2 7 17 18 2 5 30 3 0 2 4 1 2 7 1 2 7 0 2 7 0 2 7 12 16 2 0 2 7 17 9 2 1 2 7 0 2 7 1 2 7 0 2 7 0 2 7 1 2 7 0 2 7 0 2 7 1 2 7 17 9 2 5 30 3 5 31 3 1 2 7 0 2 7 0 2 7 1 2 7 0 2 7 17 9 2 0 2 7 1 2 7 1 2 7 16 31 2 16 30 2 0 2 7 0 2 7 0 2 7 1 2 7 0 2 7 1 2 7 1 2 7 1 2 7 1 2 7 1 2 7 16 6 2 0 60.3182704448699951

Current Evaluation = 5400(5400)
Front Size = 10
13 6 3 0 2 4 13 6 3 5 31 3 0 2 7 0 2 7 0 2 7 0 2 7 0 2 7 12 16 2 12 16 2 12 16 2 0 2 7 5 31 3 0 2 7 0 2 7 17 18 2 5 30 3 0 2 7 1 2 7 1 2 7 0 2 7 0 2 7 12 16 2 0 2 7 17 9 2 1 2 7 0 2 7 1 2 7 0 2 7 0 2 7 1 2 7 0 2 7 0 2 7 1 2 7 17 9 2 5 30 3 5 30 3 1 2 7 0 2 7 0 2 7 1 2 7 0 2 7 17 9 2 0 2 7 1 2 7 0 2 4 16 31 2 16 6 2 0 2 7 1 2 7 0 2 7 1 2 7 0 2 7 1 2 7 1 2 7 1 2 7 1 2 7 1 2 7 16 31 2 0 60.3182703256607056
13 6 3 0 2 7 13 6 3 5 31 3 0 2 4 0 2 7 0 2 7 0 2 7 0 2 7 12 16 2 12 16 2 12 16 2 0 2 7 5 31 3 0 2 7 0 2 7 17 18 2 5 30 3 0 2 7 1 2 7 1 2 7 0 2 7 0 2 7 12 16 2 0 2 7 17 9 2 1 2 7 0 2 7 1 2 7 0 2 7 0 2 7 1 2 7 0 2 7 0 2 7 1 2 7 17 9 2 5 30 3 5 30 3 1 2 7 0 2 7 0 2 7 1 2 7 0 2 7 17 9 2 0 2 7 1 2 7 0 2 4 16 31 2 16 6 2 0 2 7 1 2 7 0 2 7 1 2 7 0 2 7 1 2 7 1 2 7 1 2 7 1 2 7 1 2 7 16 31 2 0 60.3182703256607056
13 6 3 0 2 7 13 6 3 5 31 3 0 2 4 0 2 7 0 2 7 0 2 7 0 2 7 12 16 2 12 16 2 12 16 2 0 2 7 5 31 3 0 2 7 0 2 7 17 18 2 5 30 3 0 2 7 1 2 7 1 2 7 0 2 7 0 2 7 12 16 2 0 2 7 17 9 2 1 2 7 0 2 7 0 2 7 0 2 7 0 2 7 1 2 7 0 2 7 0 2 7 1 2 4 17 9 2 5 30 3 5 30 3 1 2 7 0 2 7 0 2 7 1 2 7 0 2 7 17 9 2 0 2 7 1 2 7 1 2 7 16 31 2 16 6 2 0 2 7 1 2 7 0 2 7 1 2 7 0 2 7 1 2 7 1 2 7 1 2 7 1 2 7 1 2 7 16 31 2 0 60.3182703256607056
13 6 3 0 2 7 13 6 3 5 31 3 0 2 7 0 2 7 0 2 7 0 2 4 0 2 7 12 16 2 12 16 2 12 16 2 0 2 7 5 31 3 0 2 7 0 2 7 17 18 2 5 30 3 0 2 7 1 2 7 1 2 7 0 2 7 0 2 7 12 16 2 0 2 7 17 9 2 1 2 7 0 2 7 1 2 7 0 2 7 0 2 7 1 2 7 0 2 7 0 2 7 1 2 7 17 9 2 5 30 3 5 30 3 1 2 7 0 2 7 0 2 7 1 2 7 0 2 7 17 9 2 0 2 7 1 2 7 0 2 4 16 31 2 16 6 2 0 2 7 1 2 7 0 2 7 1 2 7 0 2 7 1 2 7 1 2 7 1 2 7 1 2 7 1 2 7 16 31 2 0 60.3182703256607056
13 6 3 0 2 7 13 6 3 5 31 3 0 2 4 0 2 7 0 2 7 0 2 7 0 2 4 12 16 2 12 16 2 12 16 2 0 2 7 5 31 3 0 2 7 0 2 7 17 18 2 5 30 3 0 2 7 1 2 7 1 2 7 0 2 7 0 2 7 12 16 2 0 2 7 17 9 2 1 2 7 0 2 7 1 2 7 0 2 7 0 2 7 1 2 7 0 2 7 0 2 7 1 2 7 17 9 2 5 30 3 5 30 3 1 2 7 0 2 7 0 2 7 1 2 7 0 2 7 17 9 2 0 2 7 1 2 7 0 2 7 16 31 2 16 6 2 0 2 7 1 2 7 0 2 7 1 2 7 0 2 7 1 2 7 1 2 7 1 2 7 1 2 7 1 2 7 16 31 2 0 60.3182703256607056
13 6 3 0 2 7 13 6 3 5 31 3 0 2 4 0 2 7 0 2 7 0 2 7 0 2 4 12 16 2 12 16 2 12 16 2 0 2 7 5 31 3 0 2 7 0 2 7 17 18 2 5 30 3 0 2 7 1 2 7 1 2 7 0 2 7 0 2 7 12 16 2 0 2 7 17 9 2 1 2 7 0 2 7 1 2 7 0 2 7 0 2 7 1 2 7 0 2 7 0 2 7 1 2 7 17 9 2 5 30 3 5 30 3 1 2 7 0 2 7 0 2 7 1 2 7 0 2 7 17 9 2 0 2 7 1 2 7 0 2 7 16 31 2 16 6 2 0 2 7 1 2 7 0 2 7 1 2 7 0 2 7 1 2 7 1 2 7 1 2 7 1 2 7 1 2 7 16 31 2 0 60.3182703256607056
13 6 3 0 2 4 13 6 3 5 31 3 0 2 7 0 2 7 0 2 7 0 2 7 0 2 7 12 16 2 12 16 2 12 16 2 0 2 7 5 31 3 0 2 7 0 2 7 17 18 2 5 30 3 0 2 7 1 2 7 1 2 7 0 2 7 0 2 7 12 16 2 0 2 7 17 9 2 1 2 7 0 2 7 1 2 7 0 2 7 0 2 7 1 2 7 0 2 7 0 2 7 1 2 7 17 9 2 5 30 3 5 30 3 1 2 7 0 2 7 0 2 7 1 2 7 0 2 7 17 9 2 0 2 7 1 2 7 0 2 4 16 31 2 16 6 2 0 2 7 1 2 7 0 2 7 1 2 7 0 2 7 1 2 7 1 2 7 1 2 7 1 2 7 1 2 7 16 31 2 0 60.3182703256607056
13 6 3 0 2 7 13 6 3 5 31 3 0 2 4 0 2 7 0 2 7 0 2 7 0 2 7 12 16 2 12 16 2 12 16 2 0 2 7 5 31 3 0 2 7 0 2 7 17 18 2 5 30 3 0 2 7 1 2 7 1 2 7 0 2 7 0 2 7 12 16 2 0 2 7 17 9 2 1 2 7 0 2 7 1 2 7 0 2 7 0 2 7 1 2 7 0 2 7 0 2 7 1 2 7 17 9 2 5 30 3 5 30 3 1 2 7 0 2 7 0 2 7 1 2 7 0 2 7 17 9 2 0 2 7 1 2 7 0 2 4 16 31 2 16 6 2 0 2 7 1 2 7 0 2 7 1 2 7 0 2 7 1 2 7 1 2 7 1 2 7 1 2 7 1 2 7 16 31 2 0 60.3182703256607056
13 6 3 0 2 7 13 6 3 5 31 3 0 2 4 0 2 7 0 2 7 0 2 7 0 2 7 12 16 2 12 16 2 12 16 2 0 2 7 5 31 3 0 2 7 0 2 7 17 18 2 5 30 3 0 2 7 1 2 7 1 2 7 0 2 7 0 2 7 12 16 2 0 2 7 17 9 2 1 2 7 0 2 7 0 2 7 0 2 7 0 2 7 1 2 7 0 2 7 0 2 7 1 2 4 17 9 2 5 30 3 5 30 3 1 2 7 0 2 7 0 2 7 1 2 7 0 2 7 17 9 2 0 2 7 1 2 7 1 2 7 16 31 2 16 6 2 0 2 7 1 2 7 0 2 7 1 2 7 0 2 7 1 2 7 1 2 7 1 2 7 1 2 7 1 2 7 16 31 2 0 60.3182703256607056
13 6 3 0 2 7 13 6 3 5 31 3 0 2 4 0 2 7 0 2 7 0 2 7 0 2 7 12 16 2 12 16 2 12 16 2 0 2 7 5 31 3 0 2 7 0 2 7 17 18 2 5 30 3 0 2 7 1 2 7 1 2 7 0 2 7 0 2 7 12 16 2 0 2 7 17 9 2 1 2 7 0 2 7 0 2 7 0 2 7 0 2 7 1 2 7 0 2 7 0 2 7 1 2 4 17 9 2 5 30 3 5 30 3 1 2 7 0 2 7 0 2 7 1 2 7 0 2 7 17 9 2 0 2 7 1 2 7 1 2 7 16 31 2 16 31 2 0 2 7 1 2 7 0 2 7 1 2 7 0 2 7 1 2 7 1 2 7 1 2 7 1 2 7 1 2 7 16 6 2 0 60.3182703256607056

Current Evaluation = 6300(6300)
Front Size = 10
13 6 3 0 2 7 13 6 3 5 31 3 0 2 4 0 2 7 0 2 7 0 2 7 0 2 7 12 16 2 12 16 2 12 16 2 0 2 7 5 31 3 0 2 7 0 2 7 17 18 2 5 30 3 0 2 7 1 2 7 1 2 7 0 2 7 0 2 7 12 16 2 0 2 7 17 9 2 1 2 7 0 2 7 1 2 7 0 2 7 0 2 7 1 2 7 0 2 7 0 2 7 1 2 7 17 9 2 5 30 3 5 30 3 1 2 7 0 2 7 0 2 7 1 2 7 0 2 7 17 9 2 0 2 7 1 2 7 0 2 4 16 31 2 16 6 2 0 2 7 1 2 7 0 2 7 1 2 7 0 2 7 1 2 7 1 2 7 1 2 7 1 2 7 1 2 7 16 31 2 0 60.3182703256607056
13 6 3 0 2 7 13 6 3 5 31 3 0 2 4 0 2 7 0 2 7 0 2 7 0 2 7 12 16 2 12 16 2 12 16 2 0 2 7 5 31 3 0 2 7 0 2 7 17 18 2 5 30 3 0 2 7 1 2 7 1 2 7 0 2 7 0 2 7 12 16 2 0 2 7 17 9 2 1 2 7 0 2 7 1 2 7 0 2 7 0 2 7 1 2 7 0 2 7 0 2 7 1 2 7 17 9 2 5 30 3 5 30 3 1 2 7 0 2 7 0 2 7 1 2 7 0 2 7 17 9 2 0 2 7 1 2 7 0 2 4 16 31 2 16 6 2 0 2 7 1 2 7 0 2 7 1 2 7 0 2 7 1 2 7 1 2 7 1 2 7 1 2 7 1 2 7 16 31 2 0 60.3182703256607056
13 6 3 0 2 7 13 6 3 5 31 3 0 2 4 0 2 7 0 2 7 0 2 7 0 2 7 12 16 2 12 16 2 12 16 2 0 2 7 5 31 3 0 2 7 0 2 7 17 18 2 5 30 3 0 2 7 1 2 7 1 2 7 0 2 7 0 2 7 12 16 2 0 2 7 17 9 2 1 2 7 0 2 7 0 2 7 0 2 7 0 2 7 1 2 7 0 2 7 0 2 7 1 2 4 17 9 2 5 30 3 5 30 3 1 2 7 0 2 7 0 2 7 1 2 7 0 2 7 17 9 2 0 2 7 1 2 7 1 2 7 16 31 2 16 6 2 0 2 7 1 2 7 0 2 7 1 2 7 0 2 7 1 2 7 1 2 7 1 2 7 1 2 7 1 2 7 16 31 2 0 60.3182703256607056
13 6 3 0 2 7 13 6 3 5 31 3 0 2 7 0 2 7 0 2 7 0 2 4 0 2 7 12 16 2 12 16 2 12 16 2 0 2 7 5 31 3 0 2 7 0 2 7 17 18 2 5 30 3 0 2 7 1 2 7 1 2 7 0 2 7 0 2 7 12 16 2 0 2 7 17 9 2 1 2 7 0 2 7 1 2 7 0 2 7 0 2 7 1 2 7 0 2 7 0 2 7 1 2 7 17 9 2 5 30 3 5 30 3 1 2 7 0 2 7 0 2 7 1 2 7 0 2 7 17 9 2 0 2 7 1 2 7 0 2 4 16 31 2 16 6 2 0 2 7 1 2 7 0 2 7 1 2 7 0 2 7 1 2 7 1 2 7 1 2 7 1 2 7 1 2 7 16 31 2 0 60.3182703256607056
13 6 3 0 2 7 13 6 3 5 31 3 0 2 4 0 2 7 0 2 7 0 2 7 0 2 4 12 16 2 12 16 2 12 16 2 0 2 7 5 31 3 0 2 7 0 2 7 17 18 2 5 30 3 0 2 7 1 2 7 1 2 7 0 2 7 0 2 7 12 16 2 0 2 7 17 9 2 1 2 7 0 2 7 1 2 7 0 2 7 0 2 7 1 2 7 0 2 7 0 2 7 1 2 7 17 9 2 5 30 3 5 30 3 1 2 7 0 2 7 0 2 7 1 2 7 0 2 7 17 9 2 0 2 7 1 2 7 0 2 7 16 31 2 16 6 2 0 2 7 1 2 7 0 2 7 1 2 7 0 2 7 1 2 7 1 2 7 1 2 7 1 2 7 1 2 7 16 31 2 0 60.3182703256607056
13 6 3 0 2 7 13 6 3 5 31 3 0 2 4 0 2 7 0 2 7 0 2 7 0 2 4 12 16 2 12 16 2 12 16 2 0 2 7 5 31 3 0 2 7 0 2 7 17 18 2 5 30 3 0 2 7 1 2 7 1 2 7 0 2 7 0 2 7 12 16 2 0 2 7 17 9 2 1 2 7 0 2 7 1 2 7 0 2 7 0 2 7 1 2 7 0 2 7 0 2 7 1 2 7 17 9 2 5 30 3 5 30 3 1 2 7 0 2 7 0 2 7 1 2 7 0 2 7 17 9 2 0 2 7 1 2 7 0 2 7 16 31 2 16 6 2 0 2 7 1 2 7 0 2 7 1 2 7 0 2 7 1 2 7 1 2 7 1 2 7 1 2 7 1 2 7 16 31 2 0 60.3182703256607056
13 6 3 0 2 4 13 6 3 5 31 3 0 2 7 0 2 7 0 2 7 0 2 7 0 2 7 12 16 2 12 16 2 12 16 2 0 2 7 5 31 3 0 2 7 0 2 7 17 18 2 5 30 3 0 2 7 1 2 7 1 2 7 0 2 7 0 2 7 12 16 2 0 2 7 17 9 2 1 2 7 0 2 7 1 2 7 0 2 7 0 2 7 1 2 7 0 2 7 0 2 7 1 2 7 17 9 2 5 30 3 5 30 3 1 2 7 0 2 7 0 2 7 1 2 7 0 2 7 17 9 2 0 2 7 1 2 7 0 2 4 16 31 2 16 6 2 0 2 7 1 2 7 0 2 7 1 2 7 0 2 7 1 2 7 1 2 7 1 2 7 1 2 7 1 2 7 16 31 2 0 60.3182703256607056
13 6 3 0 2 7 13 6 3 5 31 3 0 2 4 0 2 7 0 2 7 0 2 7 0 2 7 12 16 2 12 16 2 12 16 2 0 2 7 5 31 3 0 2 7 0 2 7 17 18 2 5 30 3 0 2 7 1 2 7 1 2 7 0 2 7 0 2 7 12 16 2 0 2 7 17 9 2 1 2 7 0 2 7 1 2 7 0 2 7 0 2 7 1 2 7 0 2 7 0 2 7 1 2 7 17 9 2 5 30 3 5 30 3 1 2 7 0 2 7 0 2 7 1 2 7 0 2 7 17 9 2 0 2 7 1 2 7 0 2 4 16 31 2 16 6 2 0 2 7 1 2 7 0 2 7 1 2 7 0 2 7 1 2 7 1 2 7 1 2 7 1 2 7 1 2 7 16 31 2 0 60.3182703256607056
13 6 3 0 2 7 13 6 3 5 31 3 0 2 4 0 2 7 0 2 7 0 2 7 0 2 7 12 16 2 12 16 2 12 16 2 0 2 7 5 31 3 0 2 7 0 2 7 17 18 2 5 30 3 0 2 7 1 2 7 1 2 7 0 2 7 0 2 7 12 16 2 0 2 7 17 9 2 1 2 7 0 2 7 0 2 7 0 2 7 0 2 7 1 2 7 0 2 7 0 2 7 1 2 4 17 9 2 5 30 3 5 30 3 1 2 7 0 2 7 0 2 7 1 2 7 0 2 7 17 9 2 0 2 7 1 2 7 1 2 7 16 31 2 16 6 2 0 2 7 1 2 7 0 2 7 1 2 7 0 2 7 1 2 7 1 2 7 1 2 7 1 2 7 1 2 7 16 31 2 0 60.3182703256607056
13 6 3 0 2 7 13 6 3 5 31 3 0 2 4 0 2 7 0 2 7 0 2 7 0 2 7 12 16 2 12 16 2 12 16 2 0 2 7 5 31 3 0 2 7 0 2 7 17 18 2 5 30 3 0 2 7 1 2 7 1 2 7 0 2 7 0 2 7 12 16 2 0 2 7 17 9 2 1 2 7 0 2 7 0 2 7 0 2 7 0 2 7 1 2 7 0 2 7 0 2 7 1 2 4 17 9 2 5 30 3 5 30 3 1 2 7 0 2 7 0 2 7 1 2 7 0 2 7 17 9 2 0 2 7 1 2 7 1 2 7 16 31 2 16 31 2 0 2 7 1 2 7 0 2 7 1 2 7 0 2 7 1 2 7 1 2 7 1 2 7 1 2 7 1 2 7 16 6 2 0 60.3182703256607056

Current Evaluation = 7200(7200)
Front Size = 10
13 6 3 0 2 7 13 6 3 5 31 3 0 2 4 0 2 7 0 2 7 0 2 7 0 2 4 12 16 2 12 16 2 12 16 2 0 2 7 5 31 3 0 2 7 0 2 7 17 18 2 5 30 3 0 2 7 1 2 7 1 2 7 0 2 7 0 2 7 12 16 2 0 2 7 17 9 2 1 2 7 0 2 7 1 2 7 0 2 7 0 2 7 1 2 7 0 2 7 0 2 7 1 2 7 17 9 2 5 30 3 5 30 3 1 2 7 0 2 7 0 2 7 1 2 7 0 2 7 17 9 2 0 2 7 1 2 7 0 2 7 16 31 2 16 6 2 0 2 7 1 2 7 0 2 7 1 2 7 0 2 7 1 2 7 1 2 7 1 2 7 1 2 7 1 2 7 16 31 2 0 60.3182703256607056
13 6 3 0 2 7 13 6 3 5 31 3 0 2 4 0 2 7 0 2 7 0 2 7 0 2 7 12 16 2 12 16 2 12 16 2 0 2 7 5 31 3 0 2 7 0 2 7 17 18 2 5 30 3 0 2 7 1 2 7 1 2 7 0 2 7 0 2 7 12 16 2 0 2 7 17 9 2 1 2 7 0 2 7 1 2 7 0 2 7 0 2 7 1 2 7 0 2 7 0 2 7 1 2 7 17 9 2 5 30 3 5 30 3 1 2 7 0 2 7 0 2 7 1 2 7 0 2 7 17 9 2 0 2 7 1 2 7 0 2 4 16 31 2 16 6 2 0 2 7 1 2 7 0 2 7 1 2 7 0 2 7 1 2 7 1 2 7 1 2 7 1 2 7 1 2 7 16 31 2 0 60.3182703256607056
13 6 3 0 2 7 13 6 3 5 31 3 0 2 4 0 2 7 0 2 7 0 2 7 0 2 7 12 16 2 12 16 2 12 16 2 0 2 7 5 31 3 0 2 7 0 2 7 17 18 2 5 30 3 0 2 7 1 2 7 1 2 7 0 2 7 0 2 7 12 16 2 0 2 7 17 9 2 1 2 7 0 2 7 0 2 7 0 2 7 0 2 7 1 2 7 0 2 7 0 2 7 1 2 4 17 9 2 5 30 3 5 30 3 1 2 7 0 2 7 0 2 7 1 2 7 0 2 7 17 9 2 0 2 7 1 2 7 1 2 7 16 31 2 16 6 2 0 2 7 1 2 7 0 2 7 1 2 7 0 2 7 1 2 7 1 2 7 1 2 7 1 2 7 1 2 7 16 31 2 0 60.3182703256607056
13 6 3 0 2 7 13 6 3 5 31 3 0 2 7 0 2 7 0 2 7 0 2 4 0 2 7 12 16 2 12 16 2 12 16 2 0 2 7 5 31 3 0 2 7 0 2 7 17 18 2 5 30 3 0 2 7 1 2 7 1 2 7 0 2 7 0 2 7 12 16 2 0 2 7 17 9 2 1 2 7 0 2 7 1 2 7 0 2 7 0 2 7 1 2 7 0 2 7 0 2 7 1 2 7 17 9 2 5 30 3 5 30 3 1 2 7 0 2 7 0 2 7 1 2 7 0 2 7 17 9 2 0 2 7 1 2 7 0 2 4 16 31 2 16 6 2 0 2 7 1 2 7 0 2 7 1 2 7 0 2 7 1 2 7 1 2 7 1 2 7 1 2 7 1 2 7 16 31 2 0 60.3182703256607056
13 6 3 0 2 7 13 6 3 5 31 3 0 2 4 0 2 7 0 2 7 0 2 7 0 2 4 12 16 2 12 16 2 12 16 2 0 2 7 5 31 3 0 2 7 0 2 7 17 18 2 5 30 3 0 2 7 1 2 7 1 2 7 0 2 7 0 2 7 12 16 2 0 2 7 17 9 2 1 2 7 0 2 7 1 2 7 0 2 7 0 2 7 1 2 7 0 2 7 0 2 7 1 2 7 17 9 2 5 30 3 5 30 3 1 2 7 0 2 7 0 2 7 1 2 7 0 2 7 17 9 2 0 2 7 1 2 7 0 2 7 16 31 2 16 6 2 0 2 7 1 2 7 0 2 7 1 2 7 0 2 7 1 2 7 1 2 7 1 2 7 1 2 7 1 2 7 16 31 2 0 60.3182703256607056
13 6 3 0 2 7 13 6 3 5 31 3 0 2 4 0 2 7 0 2 7 0 2 7 0 2 4 12 16 2 12 16 2 12 16 2 0 2 7 5 31 3 0 2 7 0 2 7 17 18 2 5 30 3 0 2 7 1 2 7 1 2 7 0 2 7 0 2 7 12 16 2 0 2 7 17 9 2 1 2 7 0 2 7 1 2 7 0 2 7 0 2 7 1 2 7 0 2 7 0 2 7 1 2 7 17 9 2 5 30 3 5 30 3 1 2 7 0 2 7 0 2 7 1 2 7 0 2 7 17 9 2 0 2 7 1 2 7 0 2 7 16 31 2 16 6 2 0 2 7 1 2 7 0 2 7 1 2 7 0 2 7 1 2 7 1 2 7 1 2 7 1 2 7 1 2 7 16 31 2 0 60.3182703256607056
13 6 3 0 2 4 13 6 3 5 31 3 0 2 7 0 2 7 0 2 7 0 2 7 0 2 7 12 16 2 12 16 2 12 16 2 0 2 7 5 31 3 0 2 7 0 2 7 17 18 2 5 30 3 0 2 7 1 2 7 1 2 7 0 2 7 0 2 7 12 16 2 0 2 7 17 9 2 1 2 7 0 2 7 1 2 7 0 2 7 0 2 7 1 2 7 0 2 7 0 2 7 1 2 7 17 9 2 5 30 3 5 30 3 1 2 7 0 2 7 0 2 7 1 2 7 0 2 7 17 9 2 0 2 7 1 2 7 0 2 4 16 31 2 16 6 2 0 2 7 1 2 7 0 2 7 1 2 7 0 2 7 1 2 7 1 2 7 1 2 7 1 2 7 1 2 7 16 31 2 0 60.3182703256607056
13 6 3 0 2 7 13 6 3 5 31 3 0 2 4 0 2 7 0 2 7 0 2 7 0 2 7 12 16 2 12 16 2 12 16 2 0 2 7 5 31 3 0 2 7 0 2 7 17 18 2 5 30 3 0 2 7 1 2 7 1 2 7 0 2 7 0 2 7 12 16 2 0 2 7 17 9 2 1 2 7 0 2 7 1 2 7 0 2 7 0 2 7 1 2 7 0 2 7 0 2 7 1 2 7 17 9 2 5 30 3 5 30 3 1 2 7 0 2 7 0 2 7 1 2 7 0 2 7 17 9 2 0 2 7 1 2 7 0 2 4 16 31 2 16 6 2 0 2 7 1 2 7 0 2 7 1 2 7 0 2 7 1 2 7 1 2 7 1 2 7 1 2 7 1 2 7 16 31 2 0 60.3182703256607056
13 6 3 0 2 7 13 6 3 5 31 3 0 2 4 0 2 7 0 2 7 0 2 7 0 2 7 12 16 2 12 16 2 12 16 2 0 2 7 5 31 3 0 2 7 0 2 7 17 18 2 5 30 3 0 2 7 1 2 7 1 2 7 0 2 7 0 2 7 12 16 2 0 2 7 17 9 2 1 2 7 0 2 7 0 2 7 0 2 7 0 2 7 1 2 7 0 2 7 0 2 7 1 2 4 17 9 2 5 30 3 5 30 3 1 2 7 0 2 7 0 2 7 1 2 7 0 2 7 17 9 2 0 2 7 1 2 7 1 2 7 16 31 2 16 6 2 0 2 7 1 2 7 0 2 7 1 2 7 0 2 7 1 2 7 1 2 7 1 2 7 1 2 7 1 2 7 16 31 2 0 60.3182703256607056
13 6 3 0 2 7 13 6 3 5 31 3 0 2 4 0 2 7 0 2 7 0 2 7 0 2 7 12 16 2 12 16 2 12 16 2 0 2 7 5 31 3 0 2 7 0 2 7 17 18 2 5 30 3 0 2 7 1 2 7 1 2 7 0 2 7 0 2 7 12 16 2 0 2 7 17 9 2 1 2 7 0 2 7 0 2 7 0 2 7 0 2 7 1 2 7 0 2 7 0 2 7 1 2 4 17 9 2 5 30 3 5 30 3 1 2 7 0 2 7 0 2 7 1 2 7 0 2 7 17 9 2 0 2 7 1 2 7 1 2 7 16 31 2 16 31 2 0 2 7 1 2 7 0 2 7 1 2 7 0 2 7 1 2 7 1 2 7 1 2 7 1 2 7 1 2 7 16 6 2 0 60.3182703256607056

Current Evaluation = 8100(8100)
Front Size = 10
13 6 3 0 2 7 13 6 3 5 31 3 0 2 7 0 2 7 0 2 7 0 2 4 0 2 7 12 16 2 12 16 2 12 16 2 0 2 7 5 31 3 0 2 7 0 2 7 17 18 2 5 30 3 0 2 7 1 2 7 1 2 7 0 2 7 0 2 7 12 16 2 0 2 7 17 9 2 1 2 7 0 2 7 1 2 7 0 2 7 0 2 7 1 2 7 0 2 7 0 2 7 1 2 7 17 9 2 5 30 3 5 30 3 1 2 7 0 2 7 0 2 7 1 2 7 0 2 7 17 9 2 0 2 7 1 2 7 0 2 4 16 31 2 16 6 2 0 2 7 1 2 7 0 2 7 1 2 7 0 2 7 1 2 7 1 2 7 1 2 7 1 2 7 1 2 7 16 31 2 0 60.3182703256607056
13 6 3 0 2 7 13 6 3 5 31 3 0 2 4 0 2 7 0 2 7 0 2 7 0 2 7 12 16 2 12 16 2 12 16 2 0 2 7 5 31 3 0 2 7 0 2 7 17 18 2 5 30 3 0 2 7 1 2 7 1 2 7 0 2 7 0 2 7 12 16 2 0 2 7 17 9 2 1 2 7 0 2 7 1 2 7 0 2 7 0 2 7 1 2 7 0 2 7 0 2 7 1 2 7 17 9 2 5 30 3 5 30 3 1 2 7 0 2 7 0 2 7 1 2 7 0 2 7 17 9 2 0 2 7 1 2 7 0 2 4 16 31 2 16 6 2 0 2 7 1 2 7 0 2 7 1 2 7 0 2 7 1 2 7 1 2 7 1 2 7 1 2 7 1 2 7 16 31 2 0 60.3182703256607056
13 6 3 0 2 7 13 6 3 5 31 3 0 2 4 0 2 7 0 2 7 0 2 7 0 2 7 12 16 2 12 16 2 12 16 2 0 2 7 5 31 3 0 2 7 0 2 7 17 18 2 5 30 3 0 2 7 1 2 7 1 2 7 0 2 7 0 2 7 12 16 2 0 2 7 17 9 2 1 2 7 0 2 7 0 2 7 0 2 7 0 2 7 1 2 7 0 2 7 0 2 7 1 2 4 17 9 2 5 30 3 5 30 3 1 2 7 0 2 7 0 2 7 1 2 7 0 2 7 17 9 2 0 2 7 1 2 7 1 2 7 16 31 2 16 6 2 0 2 7 1 2 7 0 2 7 1 2 7 0 2 7 1 2 7 1 2 7 1 2 7 1 2 7 1 2 7 16 31 2 0 60.3182703256607056
13 6 3 0 2 7 13 6 3 5 31 3 0 2 7 0 2 7 0 2 7 0 2 4 0 2 7 12 16 2 12 16 2 12 16 2 0 2 7 5 31 3 0 2 7 0 2 7 17 18 2 5 30 3 0 2 7 1 2 7 1 2 7 0 2 7 0 2 7 12 16 2 0 2 7 17 9 2 1 2 7 0 2 7 1 2 7 0 2 7 0 2 7 1 2 7 0 2 7 0 2 7 1 2 7 17 9 2 5 30 3 5 30 3 1 2 7 0 2 7 0 2 7 1 2 7 0 2 7 17 9 2 0 2 7 1 2 7 0 2 4 16 31 2 16 6 2 0 2 7 1 2 7 0 2 7 1 2 7 0 2 7 1 2 7 1 2 7 1 2 7 1 2 7 1 2 7 16 31 2 0 60.3182703256607056
13 6 3 0 2 7 13 6 3 5 31 3 0 2 4 0 2 7 0 2 7 0 2 7 0 2 4 12 16 2 12 16 2 12 16 2 0 2 7 5 31 3 0 2 7 0 2 7 17 18 2 5 30 3 0 2 7 1 2 7 1 2 7 0 2 7 0 2 7 12 16 2 0 2 7 17 9 2 1 2 7 0 2 7 1 2 7 0 2 7 0 2 7 1 2 7 0 2 7 0 2 7 1 2 7 17 9 2 5 30 3 5 30 3 1 2 7 0 2 7 0 2 7 1 2 7 0 2 7 17 9 2 0 2 7 1 2 7 0 2 7 16 31 2 16 6 2 0 2 7 1 2 7 0 2 7 1 2 7 0 2 7 1 2 7 1 2 7 1 2 7 1 2 7 1 2 7 16 31 2 0 60.3182703256607056
13 6 3 0 2 7 13 6 3 5 31 3 0 2 4 0 2 7 0 2 7 0 2 7 0 2 4 12 16 2 12 16 2 12 16 2 0 2 7 5 31 3 0 2 7 0 2 7 17 18 2 5 30 3 0 2 7 1 2 7 1 2 7 0 2 7 0 2 7 12 16 2 0 2 7 17 9 2 1 2 7 0 2 7 1 2 7 0 2 7 0 2 7 1 2 7 0 2 7 0 2 7 1 2 7 17 9 2 5 30 3 5 30 3 1 2 7 0 2 7 0 2 7 1 2 7 0 2 7 17 9 2 0 2 7 1 2 7 0 2 7 16 31 2 16 6 2 0 2 7 1 2 7 0 2 7 1 2 7 0 2 7 1 2 7 1 2 7 1 2 7 1 2 7 1 2 7 16 31 2 0 60.3182703256607056
13 6 3 0 2 4 13 6 3 5 31 3 0 2 7 0 2 7 0 2 7 0 2 7 0 2 7 12 16 2 12 16 2 12 16 2 0 2 7 5 31 3 0 2 7 0 2 7 17 18 2 5 30 3 0 2 7 1 2 7 1 2 7 0 2 7 0 2 7 12 16 2 0 2 7 17 9 2 1 2 7 0 2 7 1 2 7 0 2 7 0 2 7 1 2 7 0 2 7 0 2 7 1 2 7 17 9 2 5 30 3 5 30 3 1 2 7 0 2 7 0 2 7 1 2 7 0 2 7 17 9 2 0 2 7 1 2 7 0 2 4 16 31 2 16 6 2 0 2 7 1 2 7 0 2 7 1 2 7 0 2 7 1 2 7 1 2 7 1 2 7 1 2 7 1 2 7 16 31 2 0 60.3182703256607056
13 6 3 0 2 7 13 6 3 5 31 3 0 2 4 0 2 7 0 2 7 0 2 7 0 2 7 12 16 2 12 16 2 12 16 2 0 2 7 5 31 3 0 2 7 0 2 7 17 18 2 5 30 3 0 2 7 1 2 7 1 2 7 0 2 7 0 2 7 12 16 2 0 2 7 17 9 2 1 2 7 0 2 7 1 2 7 0 2 7 0 2 7 1 2 7 0 2 7 0 2 7 1 2 7 17 9 2 5 30 3 5 30 3 1 2 7 0 2 7 0 2 7 1 2 7 0 2 7 17 9 2 0 2 7 1 2 7 0 2 4 16 31 2 16 6 2 0 2 7 1 2 7 0 2 7 1 2 7 0 2 7 1 2 7 1 2 7 1 2 7 1 2 7 1 2 7 16 31 2 0 60.3182703256607056
13 6 3 0 2 7 13 6 3 5 31 3 0 2 4 0 2 7 0 2 7 0 2 7 0 2 7 12 16 2 12 16 2 12 16 2 0 2 7 5 31 3 0 2 7 0 2 7 17 18 2 5 30 3 0 2 7 1 2 7 1 2 7 0 2 7 0 2 7 12 16 2 0 2 7 17 9 2 1 2 7 0 2 7 0 2 7 0 2 7 0 2 7 1 2 7 0 2 7 0 2 7 1 2 4 17 9 2 5 30 3 5 30 3 1 2 7 0 2 7 0 2 7 1 2 7 0 2 7 17 9 2 0 2 7 1 2 7 1 2 7 16 31 2 16 6 2 0 2 7 1 2 7 0 2 7 1 2 7 0 2 7 1 2 7 1 2 7 1 2 7 1 2 7 1 2 7 16 31 2 0 60.3182703256607056
13 6 3 0 2 7 13 6 3 5 31 3 0 2 4 0 2 7 0 2 7 0 2 7 0 2 7 12 16 2 12 16 2 12 16 2 0 2 7 5 31 3 0 2 7 0 2 7 17 18 2 5 30 3 0 2 7 1 2 7 1 2 7 0 2 7 0 2 7 12 16 2 0 2 7 17 9 2 1 2 7 0 2 7 0 2 7 0 2 7 0 2 7 1 2 7 0 2 7 0 2 7 1 2 4 17 9 2 5 30 3 5 30 3 1 2 7 0 2 7 0 2 7 1 2 7 0 2 7 17 9 2 0 2 7 1 2 7 1 2 7 16 31 2 16 31 2 0 2 7 1 2 7 0 2 7 1 2 7 0 2 7 1 2 7 1 2 7 1 2 7 1 2 7 1 2 7 16 6 2 0 60.3182703256607056

Current Evaluation = 9000(9000)
Front Size = 10
13 6 3 0 2 7 13 6 3 5 31 3 0 2 7 0 2 7 0 2 7 0 2 7 0 2 7 12 16 2 12 16 2 12 16 2 0 2 7 5 31 3 0 2 7 0 2 4 17 18 2 5 30 3 0 2 7 1 2 7 1 2 7 0 2 7 0 2 7 12 16 2 0 2 7 17 9 2 1 2 7 0 2 7 1 2 7 0 2 7 0 2 7 1 2 7 0 2 7 0 2 7 1 2 7 17 9 2 5 30 3 5 30 3 1 2 7 0 2 7 0 2 7 1 2 7 0 2 7 17 9 2 0 2 7 1 2 7 0 2 4 16 31 2 16 6 2 0 2 7 1 2 7 0 2 7 1 2 7 0 2 7 1 2 7 1 2 7 1 2 7 1 2 7 1 2 7 16 31 2 0 60.3182703256607056
13 6 3 0 2 7 13 6 3 5 31 3 0 2 4 0 2 7 0 2 7 0 2 7 0 2 7 12 16 2 12 16 2 12 16 2 0 2 7 5 31 3 0 2 7 0 2 7 17 18 2 5 30 3 0 2 7 1 2 7 1 2 7 0 2 7 0 2 7 12 16 2 0 2 7 17 9 2 1 2 7 0 2 7 1 2 7 0 2 7 0 2 7 1 2 7 0 2 7 0 2 7 1 2 7 17 9 2 5 30 3 5 30 3 1 2 7 0 2 7 0 2 7 1 2 7 0 2 7 17 9 2 0 2 7 1 2 7 0 2 4 16 31 2 16 6 2 0 2 7 1 2 7 0 2 7 1 2 7 0 2 7 1 2 7 1 2 7 1 2 7 1 2 7 1 2 7 16 31 2 0 60.3182703256607056
13 6 3 0 2 7 13 6 3 5 31 3 0 2 4 0 2 7 0 2 7 0 2 7 0 2 7 12 16 2 12 16 2 12 16 2 0 2 7 5 31 3 0 2 7 0 2 7 17 18 2 5 30 3 0 2 7 1 2 7 1 2 7 0 2 7 0 2 7 12 16 2 0 2 7 17 9 2 1 2 7 0 2 7 0 2 7 0 2 7 0 2 7 1 2 7 0 2 7 0 2 7 1 2 4 17 9 2 5 30 3 5 30 3 1 2 7 0 2 7 0 2 7 1 2 7 0 2 7 17 9 2 0 2 7 1 2 7 1 2 7 16 31 2 16 6 2 0 2 7 1 2 7 0 2 7 1 2 7 0 2 7 1 2 7 1 2 7 1 2 7 1 2 7 1 2 7 16 31 2 0 60.3182703256607056
13 6 3 0 2 7 13 6 3 5 31 3 0 2 7 0 2 7 0 2 7 0 2 4 0 2 7 12 16 2 12 16 2 12 16 2 0 2 7 5 31 3 0 2 7 0 2 7 17 18 2 5 30 3 0 2 7 1 2 7 1 2 7 0 2 7 0 2 7 12 16 2 0 2 7 17 9 2 1 2 7 0 2 7 1 2 7 0 2 7 0 2 7 1 2 7 0 2 7 0 2 7 1 2 7 17 9 2 5 30 3 5 30 3 1 2 7 0 2 7 0 2 7 1 2 7 0 2 7 17 9 2 0 2 7 1 2 7 0 2 4 16 31 2 16 6 2 0 2 7 1 2 7 0 2 7 1 2 7 0 2 7 1 2 7 1 2 7 1 2 7 1 2 7 1 2 7 16 31 2 0 60.3182703256607056
13 6 3 0 2 7 13 6 3 5 31 3 0 2 4 0 2 7 0 2 7 0 2 7 0 2 4 12 16 2 12 16 2 12 16 2 0 2 7 5 31 3 0 2 7 0 2 7 17 18 2 5 30 3 0 2 7 1 2 7 1 2 7 0 2 7 0 2 7 12 16 2 0 2 7 17 9 2 1 2 7 0 2 7 1 2 7 0 2 7 0 2 7 1 2 7 0 2 7 0 2 7 1 2 7 17 9 2 5 30 3 5 30 3 1 2 7 0 2 7 0 2 7 1 2 7 0 2 7 17 9 2 0 2 7 1 2 7 0 2 7 16 31 2 16 6 2 0 2 7 1 2 7 0 2 7 1 2 7 0 2 7 1 2 7 1 2 7 1 2 7 1 2 7 1 2 7 16 31 2 0 60.3182703256607056
13 6 3 0 2 7 13 6 3 5 31 3 0 2 4 0 2 7 0 2 7 0 2 7 0 2 4 12 16 2 12 16 2 12 16 2 0 2 7 5 31 3 0 2 7 0 2 7 17 18 2 5 30 3 0 2 7 1 2 7 1 2 7 0 2 7 0 2 7 12 16 2 0 2 7 17 9 2 1 2 7 0 2 7 1 2 7 0 2 7 0 2 7 1 2 7 0 2 7 0 2 7 1 2 7 17 9 2 5 30 3 5 30 3 1 2 7 0 2 7 0 2 7 1 2 7 0 2 7 17 9 2 0 2 7 1 2 7 0 2 7 16 31 2 16 6 2 0 2 7 1 2 7 0 2 7 1 2 7 0 2 7 1 2 7 1 2 7 1 2 7 1 2 7 1 2 7 16 31 2 0 60.3182703256607056
13 6 3 0 2 4 13 6 3 5 31 3 0 2 7 0 2 7 0 2 7 0 2 7 0 2 7 12 16 2 12 16 2 12 16 2 0 2 7 5 31 3 0 2 7 0 2 7 17 18 2 5 30 3 0 2 7 1 2 7 1 2 7 0 2 7 0 2 7 12 16 2 0 2 7 17 9 2 1 2 7 0 2 7 1 2 7 0 2 7 0 2 7 1 2 7 0 2 7 0 2 7 1 2 7 17 9 2 5 30 3 5 30 3 1 2 7 0 2 7 0 2 7 1 2 7 0 2 7 17 9 2 0 2 7 1 2 7 0 2 4 16 31 2 16 6 2 0 2 7 1 2 7 0 2 7 1 2 7 0 2 7 1 2 7 1 2 7 1 2 7 1 2 7 1 2 7 16 31 2 0 60.3182703256607056
13 6 3 0 2 7 13 6 3 5 31 3 0 2 4 0 2 7 0 2 7 0 2 7 0 2 7 12 16 2 12 16 2 12 16 2 0 2 7 5 31 3 0 2 7 0 2 7 17 18 2 5 30 3 0 2 7 1 2 7 1 2 7 0 2 7 0 2 7 12 16 2 0 2 7 17 9 2 1 2 7 0 2 7 1 2 7 0 2 7 0 2 7 1 2 7 0 2 7 0 2 7 1 2 7 17 9 2 5 30 3 5 30 3 1 2 7 0 2 7 0 2 7 1 2 7 0 2 7 17 9 2 0 2 7 1 2 7 0 2 4 16 31 2 16 6 2 0 2 7 1 2 7 0 2 7 1 2 7 0 2 7 1 2 7 1 2 7 1 2 7 1 2 7 1 2 7 16 31 2 0 60.3182703256607056
13 6 3 0 2 7 13 6 3 5 31 3 0 2 4 0 2 7 0 2 7 0 2 7 0 2 7 12 16 2 12 16 2 12 16 2 0 2 7 5 31 3 0 2 7 0 2 7 17 18 2 5 30 3 0 2 7 1 2 7 1 2 7 0 2 7 0 2 7 12 16 2 0 2 7 17 9 2 1 2 7 0 2 7 0 2 7 0 2 7 0 2 7 1 2 7 0 2 7 0 2 7 1 2 4 17 9 2 5 30 3 5 30 3 1 2 7 0 2 7 0 2 7 1 2 7 0 2 7 17 9 2 0 2 7 1 2 7 1 2 7 16 31 2 16 6 2 0 2 7 1 2 7 0 2 7 1 2 7 0 2 7 1 2 7 1 2 7 1 2 7 1 2 7 1 2 7 16 31 2 0 60.3182703256607056
13 6 3 0 2 7 13 6 3 5 31 3 0 2 4 0 2 7 0 2 7 0 2 7 0 2 7 12 16 2 12 16 2 12 16 2 0 2 7 5 31 3 0 2 7 0 2 7 17 18 2 5 30 3 0 2 7 1 2 7 1 2 7 0 2 7 0 2 7 12 16 2 0 2 7 17 9 2 1 2 7 0 2 7 0 2 7 0 2 7 0 2 7 1 2 7 0 2 7 0 2 7 1 2 4 17 9 2 5 30 3 5 30 3 1 2 7 0 2 7 0 2 7 1 2 7 0 2 7 17 9 2 0 2 7 1 2 7 1 2 7 16 31 2 16 31 2 0 2 7 1 2 7 0 2 7 1 2 7 0 2 7 1 2 7 1 2 7 1 2 7 1 2 7 1 2 7 16 6 2 0 60.3182703256607056

Current Evaluation = 9900(9900)
Front Size = 10
13 6 3 0 2 7 13 6 3 5 31 3 0 2 4 0 2 7 0 2 7 0 2 7 0 2 7 12 16 2 12 16 2 12 16 2 0 2 7 5 31 3 0 2 7 0 2 7 17 18 2 5 30 3 0 2 7 1 2 7 1 2 7 0 2 7 0 2 7 12 16 2 0 2 7 17 9 2 1 2 7 0 2 7 0 2 7 0 2 7 0 2 7 1 2 7 0 2 7 0 2 7 1 2 4 17 9 2 5 30 3 5 30 3 1 2 7 0 2 7 0 2 7 1 2 7 0 2 7 17 9 2 0 2 7 1 2 7 1 2 7 16 31 2 16 31 2 0 2 7 1 2 7 0 2 7 1 2 7 0 2 7 1 2 7 1 2 7 1 2 7 1 2 7 1 2 7 16 6 2 0 60.3182703256607056
13 6 3 0 2 7 13 6 3 5 31 3 0 2 4 0 2 7 0 2 7 0 2 7 0 2 7 12 16 2 12 16 2 12 16 2 0 2 7 5 31 3 0 2 7 0 2 7 17 18 2 5 30 3 0 2 7 1 2 7 1 2 7 0 2 7 0 2 7 12 16 2 0 2 7 17 9 2 1 2 7 0 2 7 1 2 7 0 2 7 0 2 7 1 2 7 0 2 7 0 2 7 1 2 7 17 9 2 5 30 3 5 30 3 1 2 7 0 2 7 0 2 7 1 2 7 0 2 7 17 9 2 0 2 7 1 2 7 0 2 4 16 31 2 16 6 2 0 2 7 1 2 7 0 2 7 1 2 7 0 2 7 1 2 7 1 2 7 1 2 7 1 2 7 1 2 7 16 31 2 0 60.3182703256607056
13 6 3 0 2 7 13 6 3 5 31 3 0 2 4 0 2 7 0 2 7 0 2 7 0 2 7 12 16 2 12 16 2 12 16 2 0 2 7 5 31 3 0 2 7 0 2 7 17 18 2 5 30 3 0 2 7 1 2 7 1 2 7 0 2 7 0 2 7 12 16 2 0 2 7 17 9 2 1 2 7 0 2 7 0 2 7 0 2 7 0 2 7 1 2 7 0 2 7 0 2 7 1 2 4 17 9 2 5 30 3 5 30 3 1 2 7 0 2 7 0 2 7 1 2 7 0 2 7 17 9 2 0 2 7 1 2 7 1 2 7 16 31 2 16 6 2 0 2 7 1 2 7 0 2 7 1 2 7 0 2 7 1 2 7 1 2 7 1 2 7 1 2 7 1 2 7 16 31 2 0 60.3182703256607056
13 6 3 0 2 7 13 6 3 5 31 3 0 2 7 0 2 7 0 2 7 0 2 4 0 2 7 12 16 2 12 16 2 12 16 2 0 2 7 5 31 3 0 2 7 0 2 7 17 18 2 5 30 3 0 2 7 1 2 7 1 2 7 0 2 7 0 2 7 12 16 2 0 2 7 17 9 2 1 2 7 0 2 7 1 2 7 0 2 7 0 2 7 1 2 7 0 2 7 0 2 7 1 2 7 17 9 2 5 30 3 5 30 3 1 2 7 0 2 7 0 2 7 1 2 7 0 2 7 17 9 2 0 2 7 1 2 7 0 2 4 16 31 2 16 6 2 0 2 7 1 2 7 0 2 7 1 2 7 0 2 7 1 2 7 1 2 7 1 2 7 1 2 7 1 2 7 16 31 2 0 60.3182703256607056
13 6 3 0 2 7 13 6 3 5 31 3 0 2 4 0 2 7 0 2 7 0 2 7 0 2 4 12 16 2 12 16 2 12 16 2 0 2 7 5 31 3 0 2 7 0 2 7 17 18 2 5 30 3 0 2 7 1 2 7 1 2 7 0 2 7 0 2 7 12 16 2 0 2 7 17 9 2 1 2 7 0 2 7 1 2 7 0 2 7 0 2 7 1 2 7 0 2 7 0 2 7 1 2 7 17 9 2 5 30 3 5 30 3 1 2 7 0 2 7 0 2 7 1 2 7 0 2 7 17 9 2 0 2 7 1 2 7 0 2 7 16 31 2 16 6 2 0 2 7 1 2 7 0 2 7 1 2 7 0 2 7 1 2 7 1 2 7 1 2 7 1 2 7 1 2 7 16 31 2 0 60.3182703256607056
13 6 3 0 2 7 13 6 3 5 31 3 0 2 4 0 2 7 0 2 7 0 2 7 0 2 4 12 16 2 12 16 2 12 16 2 0 2 7 5 31 3 0 2 7 0 2 7 17 18 2 5 30 3 0 2 7 1 2 7 1 2 7 0 2 7 0 2 7 12 16 2 0 2 7 17 9 2 1 2 7 0 2 7 1 2 7 0 2 7 0 2 7 1 2 7 0 2 7 0 2 7 1 2 7 17 9 2 5 30 3 5 30 3 1 2 7 0 2 7 0 2 7 1 2 7 0 2 7 17 9 2 0 2 7 1 2 7 0 2 7 16 31 2 16 6 2 0 2 7 1 2 7 0 2 7 1 2 7 0 2 7 1 2 7 1 2 7 1 2 7 1 2 7 1 2 7 16 31 2 0 60.3182703256607056
13 6 3 0 2 4 13 6 3 5 31 3 0 2 7 0 2 7 0 2 7 0 2 7 0 2 7 12 16 2 12 16 2 12 16 2 0 2 7 5 31 3 0 2 7 0 2 7 17 18 2 5 30 3 0 2 7 1 2 7 1 2 7 0 2 7 0 2 7 12 16 2 0 2 7 17 9 2 1 2 7 0 2 7 1 2 7 0 2 7 0 2 7 1 2 7 0 2 7 0 2 7 1 2 7 17 9 2 5 30 3 5 30 3 1 2 7 0 2 7 0 2 7 1 2 7 0 2 7 17 9 2 0 2 7 1 2 7 0 2 4 16 31 2 16 6 2 0 2 7 1 2 7 0 2 7 1 2 7 0 2 7 1 2 7 1 2 7 1 2 7 1 2 7 1 2 7 16 31 2 0 60.3182703256607056
13 6 3 0 2 7 13 6 3 5 31 3 0 2 4 0 2 7 0 2 7 0 2 7 0 2 7 12 16 2 12 16 2 12 16 2 0 2 7 5 31 3 0 2 7 0 2 7 17 18 2 5 30 3 0 2 7 1 2 7 1 2 7 0 2 7 0 2 7 12 16 2 0 2 7 17 9 2 1 2 7 0 2 7 1 2 7 0 2 7 0 2 7 1 2 7 0 2 7 0 2 7 1 2 7 17 9 2 5 30 3 5 30 3 1 2 7 0 2 7 0 2 7 1 2 7 0 2 7 17 9 2 0 2 7 1 2 7 0 2 4 16 31 2 16 6 2 0 2 7 1 2 7 0 2 7 1 2 7 0 2 7 1 2 7 1 2 7 1 2 7 1 2 7 1 2 7 16 31 2 0 60.3182703256607056
13 6 3 0 2 7 13 6 3 5 31 3 0 2 4 0 2 7 0 2 7 0 2 7 0 2 7 12 16 2 12 16 2 12 16 2 0 2 7 5 31 3 0 2 7 0 2 7 17 18 2 5 30 3 0 2 7 1 2 7 1 2 7 0 2 7 0 2 7 12 16 2 0 2 7 17 9 2 1 2 7 0 2 7 0 2 7 0 2 7 0 2 7 1 2 7 0 2 7 0 2 7 1 2 4 17 9 2 5 30 3 5 30 3 1 2 7 0 2 7 0 2 7 1 2 7 0 2 7 17 9 2 0 2 7 1 2 7 1 2 7 16 31 2 16 6 2 0 2 7 1 2 7 0 2 7 1 2 7 0 2 7 1 2 7 1 2 7 1 2 7 1 2 7 1 2 7 16 31 2 0 60.3182703256607056
13 6 3 0 2 7 13 6 3 5 31 3 0 2 4 0 2 7 0 2 7 0 2 7 0 2 7 12 16 2 12 16 2 12 16 2 0 2 7 5 31 3 0 2 7 0 2 7 17 18 2 5 30 3 0 2 7 1 2 7 1 2 7 0 2 7 0 2 7 12 16 2 0 2 7 17 9 2 1 2 7 0 2 7 0 2 7 0 2 7 0 2 7 1 2 7 0 2 7 0 2 7 1 2 4 17 9 2 5 30 3 5 30 3 1 2 7 0 2 7 0 2 7 1 2 7 0 2 7 17 9 2 0 2 7 1 2 7 1 2 7 16 31 2 16 31 2 0 2 7 1 2 7 0 2 7 1 2 7 0 2 7 1 2 7 1 2 7 1 2 7 1 2 7 1 2 7 16 6 2 0 60.3182703256607056

Current Evaluation = 10800(10800)
Front Size = 10
13 6 3 0 2 7 13 6 3 5 31 3 0 2 4 0 2 7 0 2 7 0 2 7 0 2 7 12 16 2 12 16 2 12 16 2 0 2 7 5 31 3 0 2 7 0 2 7 17 18 2 5 30 3 0 2 7 1 2 7 1 2 7 0 2 7 0 2 7 12 16 2 0 2 7 17 9 2 1 2 7 0 2 7 1 2 7 0 2 7 0 2 7 1 2 7 0 2 7 0 2 7 1 2 7 17 9 2 5 30 3 5 30 3 1 2 7 0 2 7 0 2 7 1 2 7 0 2 7 17 9 2 0 2 7 1 2 7 0 2 4 16 31 2 16 6 2 0 2 7 1 2 7 0 2 7 1 2 7 0 2 7 1 2 7 1 2 7 1 2 7 1 2 7 1 2 7 16 31 2 0 60.3182703256607056
13 6 3 0 2 7 13 6 3 5 31 3 0 2 4 0 2 7 0 2 7 0 2 7 0 2 7 12 16 2 12 16 2 12 16 2 0 2 7 5 31 3 0 2 7 0 2 7 17 18 2 5 30 3 0 2 7 1 2 7 1 2 7 0 2 7 0 2 7 12 16 2 0 2 7 17 9 2 1 2 7 0 2 7 1 2 7 0 2 7 0 2 7 1 2 7 0 2 7 0 2 7 1 2 7 17 9 2 5 30 3 5 30 3 1 2 7 0 2 7 0 2 7 1 2 7 0 2 7 17 9 2 0 2 7 1 2 7 0 2 4 16 31 2 16 6 2 0 2 7 1 2 7 0 2 7 1 2 7 0 2 7 1 2 7 1 2 7 1 2 7 1 2 7 1 2 7 16 31 2 0 60.3182703256607056
13 6 3 0 2 7 13 6 3 5 31 3 0 2 4 0 2 7 0 2 7 0 2 7 0 2 7 12 16 2 12 16 2 12 16 2 0 2 7 5 31 3 0 2 7 0 2 7 17 18 2 5 30 3 0 2 7 1 2 7 1 2 7 0 2 7 0 2 7 12 16 2 0 2 7 17 9 2 1 2 7 0 2 7 0 2 7 0 2 7 0 2 7 1 2 7 0 2 7 0 2 7 1 2 4 17 9 2 5 30 3 5 30 3 1 2 7 0 2 7 0 2 7 1 2 7 0 2 7 17 9 2 0 2 7 1 2 7 1 2 7 16 31 2 16 6 2 0 2 7 1 2 7 0 2 7 1 2 7 0 2 7 1 2 7 1 2 7 1 2 7 1 2 7 1 2 7 16 31 2 0 60.3182703256607056
13 6 3 0 2 7 13 6 3 5 31 3 0 2 7 0 2 7 0 2 7 0 2 4 0 2 7 12 16 2 12 16 2 12 16 2 0 2 7 5 31 3 0 2 7 0 2 7 17 18 2 5 30 3 0 2 7 1 2 7 1 2 7 0 2 7 0 2 7 12 16 2 0 2 7 17 9 2 1 2 7 0 2 7 1 2 7 0 2 7 0 2 7 1 2 7 0 2 7 0 2 7 1 2 7 17 9 2 5 30 3 5 30 3 1 2 7 0 2 7 0 2 7 1 2 7 0 2 7 17 9 2 0 2 7 1 2 7 0 2 4 16 31 2 16 6 2 0 2 7 1 2 7 0 2 7 1 2 7 0 2 7 1 2 7 1 2 7 1 2 7 1 2 7 1 2 7 16 31 2 0 60.3182703256607056
13 6 3 0 2 7 13 6 3 5 31 3 0 2 4 0 2 7 0 2 7 0 2 7 0 2 4 12 16 2 12 16 2 12 16 2 0 2 7 5 31 3 0 2 7 0 2 7 17 18 2 5 30 3 0 2 7 1 2 7 1 2 7 0 2 7 0 2 7 12 16 2 0 2 7 17 9 2 1 2 7 0 2 7 1 2 7 0 2 7 0 2 7 1 2 7 0 2 7 0 2 7 1 2 7 17 9 2 5 30 3 5 30 3 1 2 7 0 2 7 0 2 7 1 2 7 0 2 7 17 9 2 0 2 7 1 2 7 0 2 7 16 31 2 16 6 2 0 2 7 1 2 7 0 2 7 1 2 7 0 2 7 1 2 7 1 2 7 1 2 7 1 2 7 1 2 7 16 31 2 0 60.3182703256607056
13 6 3 0 2 7 13 6 3 5 31 3 0 2 4 0 2 7 0 2 7 0 2 7 0 2 4 12 16 2 12 16 2 12 16 2 0 2 7 5 31 3 0 2 7 0 2 7 17 18 2 5 30 3 0 2 7 1 2 7 1 2 7 0 2 7 0 2 7 12 16 2 0 2 7 17 9 2 1 2 7 0 2 7 1 2 7 0 2 7 0 2 7 1 2 7 0 2 7 0 2 7 1 2 7 17 9 2 5 30 3 5 30 3 1 2 7 0 2 7 0 2 7 1 2 7 0 2 7 17 9 2 0 2 7 1 2 7 0 2 7 16 31 2 16 6 2 0 2 7 1 2 7 0 2 7 1 2 7 0 2 7 1 2 7 1 2 7 1 2 7 1 2 7 1 2 7 16 31 2 0 60.3182703256607056
13 6 3 0 2 4 13 6 3 5 31 3 0 2 7 0 2 7 0 2 7 0 2 7 0 2 7 12 16 2 12 16 2 12 16 2 0 2 7 5 31 3 0 2 7 0 2 7 17 18 2 5 30 3 0 2 7 1 2 7 1 2 7 0 2 7 0 2 7 12 16 2 0 2 7 17 9 2 1 2 7 0 2 7 1 2 7 0 2 7 0 2 7 1 2 7 0 2 7 0 2 7 1 2 7 17 9 2 5 30 3 5 30 3 1 2 7 0 2 7 0 2 7 1 2 7 0 2 7 17 9 2 0 2 7 1 2 7 0 2 4 16 31 2 16 6 2 0 2 7 1 2 7 0 2 7 1 2 7 0 2 7 1 2 7 1 2 7 1 2 7 1 2 7 1 2 7 16 31 2 0 60.3182703256607056
13 6 3 0 2 7 13 6 3 5 31 3 0 2 4 0 2 7 0 2 7 0 2 7 0 2 7 12 16 2 12 16 2 12 16 2 0 2 7 5 31 3 0 2 7 0 2 7 17 18 2 5 30 3 0 2 7 1 2 7 1 2 7 0 2 7 0 2 7 12 16 2 0 2 7 17 9 2 1 2 7 0 2 7 1 2 7 0 2 7 0 2 7 1 2 7 0 2 7 0 2 7 1 2 7 17 9 2 5 30 3 5 30 3 1 2 7 0 2 7 0 2 7 1 2 7 0 2 7 17 9 2 0 2 7 1 2 7 0 2 4 16 31 2 16 6 2 0 2 7 1 2 7 0 2 7 1 2 7 0 2 7 1 2 7 1 2 7 1 2 7 1 2 7 1 2 7 16 31 2 0 60.3182703256607056
13 6 3 0 2 7 13 6 3 5 31 3 0 2 4 0 2 7 0 2 7 0 2 7 0 2 7 12 16 2 12 16 2 12 16 2 0 2 7 5 31 3 0 2 7 0 2 7 17 18 2 5 30 3 0 2 7 1 2 7 1 2 7 0 2 7 0 2 7 12 16 2 0 2 7 17 9 2 1 2 7 0 2 7 0 2 7 0 2 7 0 2 7 1 2 7 0 2 7 0 2 7 1 2 4 17 9 2 5 30 3 5 30 3 1 2 7 0 2 7 0 2 7 1 2 7 0 2 7 17 9 2 0 2 7 1 2 7 1 2 7 16 31 2 16 6 2 0 2 7 1 2 7 0 2 7 1 2 7 0 2 7 1 2 7 1 2 7 1 2 7 1 2 7 1 2 7 16 31 2 0 60.3182703256607056
13 6 3 0 2 7 13 6 3 5 31 3 0 2 4 0 2 7 0 2 7 0 2 7 0 2 7 12 16 2 12 16 2 12 16 2 0 2 7 5 31 3 0 2 7 0 2 7 17 18 2 5 30 3 0 2 7 1 2 7 1 2 7 0 2 7 0 2 7 12 16 2 0 2 7 17 9 2 1 2 7 0 2 7 0 2 7 0 2 7 0 2 7 1 2 7 0 2 7 0 2 7 1 2 4 17 9 2 5 30 3 5 30 3 1 2 7 0 2 7 0 2 7 1 2 7 0 2 7 17 9 2 0 2 7 1 2 7 1 2 7 16 31 2 16 31 2 0 2 7 1 2 7 0 2 7 1 2 7 0 2 7 1 2 7 1 2 7 1 2 7 1 2 7 1 2 7 16 6 2 0 60.3182703256607056

Current Evaluation = 11700(11700)
Front Size = 10
13 6 3 0 2 7 13 6 3 5 31 3 0 2 4 0 2 7 0 2 7 0 2 4 0 2 7 12 16 2 12 16 2 12 16 2 0 2 7 5 31 3 0 2 7 0 2 7 17 18 2 5 30 3 0 2 7 1 2 7 1 2 7 0 2 7 0 2 7 12 16 2 0 2 7 17 9 2 1 2 7 0 2 7 0 2 7 0 2 7 0 2 7 1 2 7 0 2 7 0 2 7 1 2 7 17 9 2 5 30 3 5 30 3 1 2 7 0 2 7 0 2 7 1 2 7 0 2 7 17 9 2 0 2 7 1 2 7 1 2 7 16 31 2 16 6 2 0 2 7 1 2 7 0 2 7 1 2 7 0 2 7 1 2 7 1 2 7 1 2 7 1 2 7 1 2 7 16 31 2 0 60.3182703256607056
13 6 3 0 2 7 13 6 3 5 31 3 0 2 4 0 2 7 0 2 7 0 2 7 0 2 7 12 16 2 12 16 2 12 16 2 0 2 7 5 31 3 0 2 7 0 2 7 17 18 2 5 30 3 0 2 7 1 2 7 1 2 7 0 2 7 0 2 7 12 16 2 0 2 7 17 9 2 1 2 7 0 2 7 1 2 7 0 2 7 0 2 7 1 2 7 0 2 7 0 2 7 1 2 7 17 9 2 5 30 3 5 30 3 1 2 7 0 2 7 0 2 7 1 2 7 0 2 7 17 9 2 0 2 7 1 2 7 0 2 4 16 31 2 16 6 2 0 2 7 1 2 7 0 2 7 1 2 7 0 2 7 1 2 7 1 2 7 1 2 7 1 2 7 1 2 7 16 31 2 0 60.3182703256607056
13 6 3 0 2 7 13 6 3 5 31 3 0 2 4 0 2 7 0 2 7 0 2 7 0 2 7 12 16 2 12 16 2 12 16 2 0 2 7 5 31 3 0 2 7 0 2 7 17 18 2 5 30 3 0 2 7 1 2 7 1 2 7 0 2 7 0 2 7 12 16 2 0 2 7 17 9 2 1 2 7 0 2 7 0 2 7 0 2 7 0 2 7 1 2 7 0 2 7 0 2 7 1 2 4 17 9 2 5 30 3 5 30 3 1 2 7 0 2 7 0 2 7 1 2 7 0 2 7 17 9 2 0 2 7 1 2 7 1 2 7 16 31 2 16 6 2 0 2 7 1 2 7 0 2 7 1 2 7 0 2 7 1 2 7 1 2 7 1 2 7 1 2 7 1 2 7 16 31 2 0 60.3182703256607056
13 6 3 0 2 7 13 6 3 5 31 3 0 2 7 0 2 7 0 2 7 0 2 4 0 2 7 12 16 2 12 16 2 12 16 2 0 2 7 5 31 3 0 2 7 0 2 7 17 18 2 5 30 3 0 2 7 1 2 7 1 2 7 0 2 7 0 2 7 12 16 2 0 2 7 17 9 2 1 2 7 0 2 7 1 2 7 0 2 7 0 2 7 1 2 7 0 2 7 0 2 7 1 2 7 17 9 2 5 30 3 5 30 3 1 2 7 0 2 7 0 2 7 1 2 7 0 2 7 17 9 2 0 2 7 1 2 7 0 2 4 16 31 2 16 6 2 0 2 7 1 2 7 0 2 7 1 2 7 0 2 7 1 2 7 1 2 7 1 2 7 1 2 7 1 2 7 16 31 2 0 60.3182703256607056
13 6 3 0 2 7 13 6 3 5 31 3 0 2 4 0 2 7 0 2 7 0 2 7 0 2 4 12 16 2 12 16 2 12 16 2 0 2 7 5 31 3 0 2 7 0 2 7 17 18 2 5 30 3 0 2 7 1 2 7 1 2 7 0 2 7 0 2 7 12 16 2 0 2 7 17 9 2 1 2 7 0 2 7 1 2 7 0 2 7 0 2 7 1 2 7 0 2 7 0 2 7 1 2 7 17 9 2 5 30 3 5 30 3 1 2 7 0 2 7 0 2 7 1 2 7 0 2 7 17 9 2 0 2 7 1 2 7 0 2 7 16 31 2 16 6 2 0 2 7 1 2 7 0 2 7 1 2 7 0 2 7 1 2 7 1 2 7 1 2 7 1 2 7 1 2 7 16 31 2 0 60.3182703256607056
13 6 3 0 2 7 13 6 3 5 31 3 0 2 4 0 2 7 0 2 7 0 2 7 0 2 4 12 16 2 12 16 2 12 16 2 0 2 7 5 31 3 0 2 7 0 2 7 17 18 2 5 30 3 0 2 7 1 2 7 1 2 7 0 2 7 0 2 7 12 16 2 0 2 7 17 9 2 1 2 7 0 2 7 1 2 7 0 2 7 0 2 7 1 2 7 0 2 7 0 2 7 1 2 7 17 9 2 5 30 3 5 30 3 1 2 7 0 2 7 0 2 7 1 2 7 0 2 7 17 9 2 0 2 7 1 2 7 0 2 7 16 31 2 16 6 2 0 2 7 1 2 7 0 2 7 1 2 7 0 2 7 1 2 7 1 2 7 1 2 7 1 2 7 1 2 7 16 31 2 0 60.3182703256607056
13 6 3 0 2 4 13 6 3 5 31 3 0 2 7 0 2 7 0 2 7 0 2 7 0 2 7 12 16 2 12 16 2 12 16 2 0 2 7 5 31 3 0 2 7 0 2 7 17 18 2 5 30 3 0 2 7 1 2 7 1 2 7 0 2 7 0 2 7 12 16 2 0 2 7 17 9 2 1 2 7 0 2 7 1 2 7 0 2 7 0 2 7 1 2 7 0 2 7 0 2 7 1 2 7 17 9 2 5 30 3 5 30 3 1 2 7 0 2 7 0 2 7 1 2 7 0 2 7 17 9 2 0 2 7 1 2 7 0 2 4 16 31 2 16 6 2 0 2 7 1 2 7 0 2 7 1 2 7 0 2 7 1 2 7 1 2 7 1 2 7 1 2 7 1 2 7 16 31 2 0 60.3182703256607056
13 6 3 0 2 7 13 6 3 5 31 3 0 2 4 0 2 7 0 2 7 0 2 7 0 2 7 12 16 2 12 16 2 12 16 2 0 2 7 5 31 3 0 2 7 0 2 7 17 18 2 5 30 3 0 2 7 1 2 7 1 2 7 0 2 7 0 2 7 12 16 2 0 2 7 17 9 2 1 2 7 0 2 7 1 2 7 0 2 7 0 2 7 1 2 7 0 2 7 0 2 7 1 2 7 17 9 2 5 30 3 5 30 3 1 2 7 0 2 7 0 2 7 1 2 7 0 2 7 17 9 2 0 2 7 1 2 7 0 2 4 16 31 2 16 6 2 0 2 7 1 2 7 0 2 7 1 2 7 0 2 7 1 2 7 1 2 7 1 2 7 1 2 7 1 2 7 16 31 2 0 60.3182703256607056
13 6 3 0 2 7 13 6 3 5 31 3 0 2 4 0 2 7 0 2 7 0 2 7 0 2 7 12 16 2 12 16 2 12 16 2 0 2 7 5 31 3 0 2 7 0 2 7 17 18 2 5 30 3 0 2 7 1 2 7 1 2 7 0 2 7 0 2 7 12 16 2 0 2 7 17 9 2 1 2 7 0 2 7 0 2 7 0 2 7 0 2 7 1 2 7 0 2 7 0 2 7 1 2 4 17 9 2 5 30 3 5 30 3 1 2 7 0 2 7 0 2 7 1 2 7 0 2 7 17 9 2 0 2 7 1 2 7 1 2 7 16 31 2 16 6 2 0 2 7 1 2 7 0 2 7 1 2 7 0 2 7 1 2 7 1 2 7 1 2 7 1 2 7 1 2 7 16 31 2 0 60.3182703256607056
13 6 3 0 2 7 13 6 3 5 31 3 0 2 4 0 2 7 0 2 7 0 2 7 0 2 7 12 16 2 12 16 2 12 16 2 0 2 7 5 31 3 0 2 7 0 2 7 17 18 2 5 30 3 0 2 7 1 2 7 1 2 7 0 2 7 0 2 7 12 16 2 0 2 7 17 9 2 1 2 7 0 2 7 0 2 7 0 2 7 0 2 7 1 2 7 0 2 7 0 2 7 1 2 4 17 9 2 5 30 3 5 30 3 1 2 7 0 2 7 0 2 7 1 2 7 0 2 7 17 9 2 0 2 7 1 2 7 1 2 7 16 31 2 16 31 2 0 2 7 1 2 7 0 2 7 1 2 7 0 2 7 1 2 7 1 2 7 1 2 7 1 2 7 1 2 7 16 6 2 0 60.3182703256607056

Current Evaluation = 12600(12600)
Front Size = 10
13 6 3 0 2 7 13 6 3 5 31 3 0 2 4 0 2 7 0 2 7 0 2 7 0 2 4 12 16 2 12 16 2 12 16 2 0 2 7 5 31 3 0 2 7 0 2 7 17 18 2 5 30 3 0 2 7 1 2 7 1 2 7 0 2 7 0 2 7 12 16 2 0 2 7 17 9 2 1 2 7 0 2 7 1 2 7 0 2 7 0 2 7 1 2 7 0 2 7 0 2 7 1 2 7 17 9 2 5 30 3 5 30 3 1 2 7 0 2 7 0 2 7 1 2 7 0 2 7 17 9 2 0 2 7 1 2 7 0 2 7 16 31 2 16 6 2 0 2 7 1 2 7 0 2 7 1 2 7 0 2 7 1 2 7 1 2 7 1 2 7 1 2 7 1 2 7 16 31 2 0 60.3182703256607056
13 6 3 0 2 7 13 6 3 5 31 3 0 2 4 0 2 7 0 2 7 0 2 7 0 2 7 12 16 2 12 16 2 12 16 2 0 2 7 5 31 3 0 2 7 0 2 7 17 18 2 5 30 3 0 2 7 1 2 7 1 2 7 0 2 7 0 2 7 12 16 2 0 2 7 17 9 2 1 2 7 0 2 7 1 2 7 0 2 7 0 2 7 1 2 7 0 2 7 0 2 7 1 2 7 17 9 2 5 30 3 5 30 3 1 2 7 0 2 7 0 2 7 1 2 7 0 2 7 17 9 2 0 2 7 1 2 7 0 2 4 16 31 2 16 6 2 0 2 7 1 2 7 0 2 7 1 2 7 0 2 7 1 2 7 1 2 7 1 2 7 1 2 7 1 2 7 16 31 2 0 60.3182703256607056
13 6 3 0 2 7 13 6 3 5 31 3 0 2 4 0 2 7 0 2 7 0 2 7 0 2 7 12 16 2 12 16 2 12 16 2 0 2 7 5 31 3 0 2 7 0 2 7 17 18 2 5 30 3 0 2 7 1 2 7 1 2 7 0 2 7 0 2 7 12 16 2 0 2 7 17 9 2 1 2 7 0 2 7 0 2 7 0 2 7 0 2 7 1 2 7 0 2 7 0 2 7 1 2 4 17 9 2 5 30 3 5 30 3 1 2 7 0 2 7 0 2 7 1 2 7 0 2 7 17 9 2 0 2 7 1 2 7 1 2 7 16 31 2 16 6 2 0 2 7 1 2 7 0 2 7 1 2 7 0 2 7 1 2 7 1 2 7 1 2 7 1 2 7 1 2 7 16 31 2 0 60.3182703256607056
13 6 3 0 2 7 13 6 3 5 31 3 0 2 7 0 2 7 0 2 7 0 2 4 0 2 7 12 16 2 12 16 2 12 16 2 0 2 7 5 31 3 0 2 7 0 2 7 17 18 2 5 30 3 0 2 7 1 2 7 1 2 7 0 2 7 0 2 7 12 16 2 0 2 7 17 9 2 1 2 7 0 2 7 1 2 7 0 2 7 0 2 7 1 2 7 0 2 7 0 2 7 1 2 7 17 9 2 5 30 3 5 30 3 1 2 7 0 2 7 0 2 7 1 2 7 0 2 7 17 9 2 0 2 7 1 2 7 0 2 4 16 31 2 16 6 2 0 2 7 1 2 7 0 2 7 1 2 7 0 2 7 1 2 7 1 2 7 1 2 7 1 2 7 1 2 7 16 31 2 0 60.3182703256607056
13 6 3 0 2 7 13 6 3 5 31 3 0 2 4 0 2 7 0 2 7 0 2 7 0 2 4 12 16 2 12 16 2 12 16 2 0 2 7 5 31 3 0 2 7 0 2 7 17 18 2 5 30 3 0 2 7 1 2 7 1 2 7 0 2 7 0 2 7 12 16 2 0 2 7 17 9 2 1 2 7 0 2 7 1 2 7 0 2 7 0 2 7 1 2 7 0 2 7 0 2 7 1 2 7 17 9 2 5 30 3 5 30 3 1 2 7 0 2 7 0 2 7 1 2 7 0 2 7 17 9 2 0 2 7 1 2 7 0 2 7 16 31 2 16 6 2 0 2 7 1 2 7 0 2 7 1 2 7 0 2 7 1 2 7 1 2 7 1 2 7 1 2 7 1 2 7 16 31 2 0 60.3182703256607056
13 6 3 0 2 7 13 6 3 5 31 3 0 2 4 0 2 7 0 2 7 0 2 7 0 2 4 12 16 2 12 16 2 12 16 2 0 2 7 5 31 3 0 2 7 0 2 7 17 18 2 5 30 3 0 2 7 1 2 7 1 2 7 0 2 7 0 2 7 12 16 2 0 2 7 17 9 2 1 2 7 0 2 7 1 2 7 0 2 7 0 2 7 1 2 7 0 2 7 0 2 7 1 2 7 17 9 2 5 30 3 5 30 3 1 2 7 0 2 7 0 2 7 1 2 7 0 2 7 17 9 2 0 2 7 1 2 7 0 2 7 16 31 2 16 6 2 0 2 7 1 2 7 0 2 7 1 2 7 0 2 7 1 2 7 1 2 7 1 2 7 1 2 7 1 2 7 16 31 2 0 60.3182703256607056
13 6 3 0 2 4 13 6 3 5 31 3 0 2 7 0 2 7 0 2 7 0 2 7 0 2 7 12 16 2 12 16 2 12 16 2 0 2 7 5 31 3 0 2 7 0 2 7 17 18 2 5 30 3 0 2 7 1 2 7 1 2 7 0 2 7 0 2 7 12 16 2 0 2 7 17 9 2 1 2 7 0 2 7 1 2 7 0 2 7 0 2 7 1 2 7 0 2 7 0 2 7 1 2 7 17 9 2 5 30 3 5 30 3 1 2 7 0 2 7 0 2 7 1 2 7 0 2 7 17 9 2 0 2 7 1 2 7 0 2 4 16 31 2 16 6 2 0 2 7 1 2 7 0 2 7 1 2 7 0 2 7 1 2 7 1 2 7 1 2 7 1 2 7 1 2 7 16 31 2 0 60.3182703256607056
13 6 3 0 2 7 13 6 3 5 31 3 0 2 4 0 2 7 0 2 7 0 2 7 0 2 7 12 16 2 12 16 2 12 16 2 0 2 7 5 31 3 0 2 7 0 2 7 17 18 2 5 30 3 0 2 7 1 2 7 1 2 7 0 2 7 0 2 7 12 16 2 0 2 7 17 9 2 1 2 7 0 2 7 1 2 7 0 2 7 0 2 7 1 2 7 0 2 7 0 2 7 1 2 7 17 9 2 5 30 3 5 30 3 1 2 7 0 2 7 0 2 7 1 2 7 0 2 7 17 9 2 0 2 7 1 2 7 0 2 4 16 31 2 16 6 2 0 2 7 1 2 7 0 2 7 1 2 7 0 2 7 1 2 7 1 2 7 1 2 7 1 2 7 1 2 7 16 31 2 0 60.3182703256607056
13 6 3 0 2 7 13 6 3 5 31 3 0 2 4 0 2 7 0 2 7 0 2 7 0 2 7 12 16 2 12 16 2 12 16 2 0 2 7 5 31 3 0 2 7 0 2 7 17 18 2 5 30 3 0 2 7 1 2 7 1 2 7 0 2 7 0 2 7 12 16 2 0 2 7 17 9 2 1 2 7 0 2 7 0 2 7 0 2 7 0 2 7 1 2 7 0 2 7 0 2 7 1 2 4 17 9 2 5 30 3 5 30 3 1 2 7 0 2 7 0 2 7 1 2 7 0 2 7 17 9 2 0 2 7 1 2 7 1 2 7 16 31 2 16 6 2 0 2 7 1 2 7 0 2 7 1 2 7 0 2 7 1 2 7 1 2 7 1 2 7 1 2 7 1 2 7 16 31 2 0 60.3182703256607056
13 6 3 0 2 7 13 6 3 5 31 3 0 2 4 0 2 7 0 2 7 0 2 7 0 2 7 12 16 2 12 16 2 12 16 2 0 2 7 5 31 3 0 2 7 0 2 7 17 18 2 5 30 3 0 2 7 1 2 7 1 2 7 0 2 7 0 2 7 12 16 2 0 2 7 17 9 2 1 2 7 0 2 7 0 2 7 0 2 7 0 2 7 1 2 7 0 2 7 0 2 7 1 2 4 17 9 2 5 30 3 5 30 3 1 2 7 0 2 7 0 2 7 1 2 7 0 2 7 17 9 2 0 2 7 1 2 7 1 2 7 16 31 2 16 31 2 0 2 7 1 2 7 0 2 7 1 2 7 0 2 7 1 2 7 1 2 7 1 2 7 1 2 7 1 2 7 16 6 2 0 60.3182703256607056

Current Evaluation = 13500(13500)
Front Size = 10
13 6 3 0 2 7 13 6 3 5 31 3 0 2 4 0 2 7 0 2 7 0 2 7 0 2 4 12 16 2 12 16 2 12 16 2 0 2 7 5 31 3 0 2 7 0 2 7 17 18 2 5 30 3 0 2 7 1 2 7 1 2 7 0 2 7 0 2 7 12 16 2 0 2 7 17 9 2 1 2 7 0 2 7 1 2 7 0 2 7 0 2 7 1 2 7 0 2 7 0 2 7 1 2 7 17 9 2 5 30 3 5 30 3 1 2 7 0 2 7 0 2 7 1 2 7 0 2 7 17 9 2 0 2 7 1 2 7 0 2 7 16 31 2 16 6 2 0 2 7 1 2 7 0 2 7 1 2 7 0 2 7 1 2 7 1 2 7 1 2 7 1 2 7 1 2 7 16 31 2 0 60.3182703256607056
13 6 3 0 2 7 13 6 3 5 31 3 0 2 4 0 2 7 0 2 7 0 2 7 0 2 7 12 16 2 12 16 2 12 16 2 0 2 7 5 31 3 0 2 7 0 2 7 17 18 2 5 30 3 0 2 7 1 2 7 1 2 7 0 2 7 0 2 7 12 16 2 0 2 7 17 9 2 1 2 7 0 2 7 1 2 7 0 2 7 0 2 7 1 2 7 0 2 7 0 2 7 1 2 7 17 9 2 5 30 3 5 30 3 1 2 7 0 2 7 0 2 7 1 2 7 0 2 7 17 9 2 0 2 7 1 2 7 0 2 4 16 31 2 16 6 2 0 2 7 1 2 7 0 2 7 1 2 7 0 2 7 1 2 7 1 2 7 1 2 7 1 2 7 1 2 7 16 31 2 0 60.3182703256607056
13 6 3 0 2 7 13 6 3 5 31 3 0 2 4 0 2 7 0 2 7 0 2 7 0 2 7 12 16 2 12 16 2 12 16 2 0 2 7 5 31 3 0 2 7 0 2 7 17 18 2 5 30 3 0 2 7 1 2 7 1 2 7 0 2 7 0 2 7 12 16 2 0 2 7 17 9 2 1 2 7 0 2 7 0 2 7 0 2 7 0 2 7 1 2 7 0 2 7 0 2 7 1 2 4 17 9 2 5 30 3 5 30 3 1 2 7 0 2 7 0 2 7 1 2 7 0 2 7 17 9 2 0 2 7 1 2 7 1 2 7 16 31 2 16 6 2 0 2 7 1 2 7 0 2 7 1 2 7 0 2 7 1 2 7 1 2 7 1 2 7 1 2 7 1 2 7 16 31 2 0 60.3182703256607056
13 6 3 0 2 7 13 6 3 5 31 3 0 2 7 0 2 7 0 2 7 0 2 4 0 2 7 12 16 2 12 16 2 12 16 2 0 2 7 5 31 3 0 2 7 0 2 7 17 18 2 5 30 3 0 2 7 1 2 7 1 2 7 0 2 7 0 2 7 12 16 2 0 2 7 17 9 2 1 2 7 0 2 7 1 2 7 0 2 7 0 2 7 1 2 7 0 2 7 0 2 7 1 2 7 17 9 2 5 30 3 5 30 3 1 2 7 0 2 7 0 2 7 1 2 7 0 2 7 17 9 2 0 2 7 1 2 7 0 2 4 16 31 2 16 6 2 0 2 7 1 2 7 0 2 7 1 2 7 0 2 7 1 2 7 1 2 7 1 2 7 1 2 7 1 2 7 16 31 2 0 60.3182703256607056
13 6 3 0 2 7 13 6 3 5 31 3 0 2 4 0 2 7 0 2 7 0 2 7 0 2 4 12 16 2 12 16 2 12 16 2 0 2 7 5 31 3 0 2 7 0 2 7 17 18 2 5 30 3 0 2 7 1 2 7 1 2 7 0 2 7 0 2 7 12 16 2 0 2 7 17 9 2 1 2 7 0 2 7 1 2 7 0 2 7 0 2 7 1 2 7 0 2 7 0 2 7 1 2 7 17 9 2 5 30 3 5 30 3 1 2 7 0 2 7 0 2 7 1 2 7 0 2 7 17 9 2 0 2 7 1 2 7 0 2 7 16 31 2 16 6 2 0 2 7 1 2 7 0 2 7 1 2 7 0 2 7 1 2 7 1 2 7 1 2 7 1 2 7 1 2 7 16 31 2 0 60.3182703256607056
13 6 3 0 2 7 13 6 3 5 31 3 0 2 4 0 2 7 0 2 7 0 2 7 0 2 4 12 16 2 12 16 2 12 16 2 0 2 7 5 31 3 0 2 7 0 2 7 17 18 2 5 30 3 0 2 7 1 2 7 1 2 7 0 2 7 0 2 7 12 16 2 0 2 7 17 9 2 1 2 7 0 2 7 1 2 7 0 2 7 0 2 7 1 2 7 0 2 7 0 2 7 1 2 7 17 9 2 5 30 3 5 30 3 1 2 7 0 2 7 0 2 7 1 2 7 0 2 7 17 9 2 0 2 7 1 2 7 0 2 7 16 31 2 16 6 2 0 2 7 1 2 7 0 2 7 1 2 7 0 2 7 1 2 7 1 2 7 1 2 7 1 2 7 1 2 7 16 31 2 0 60.3182703256607056
13 6 3 0 2 4 13 6 3 5 31 3 0 2 7 0 2 7 0 2 7 0 2 7 0 2 7 12 16 2 12 16 2 12 16 2 0 2 7 5 31 3 0 2 7 0 2 7 17 18 2 5 30 3 0 2 7 1 2 7 1 2 7 0 2 7 0 2 7 12 16 2 0 2 7 17 9 2 1 2 7 0 2 7 1 2 7 0 2 7 0 2 7 1 2 7 0 2 7 0 2 7 1 2 7 17 9 2 5 30 3 5 30 3 1 2 7 0 2 7 0 2 7 1 2 7 0 2 7 17 9 2 0 2 7 1 2 7 0 2 4 16 31 2 16 6 2 0 2 7 1 2 7 0 2 7 1 2 7 0 2 7 1 2 7 1 2 7 1 2 7 1 2 7 1 2 7 16 31 2 0 60.3182703256607056
13 6 3 0 2 7 13 6 3 5 31 3 0 2 4 0 2 7 0 2 7 0 2 7 0 2 7 12 16 2 12 16 2 12 16 2 0 2 7 5 31 3 0 2 7 0 2 7 17 18 2 5 30 3 0 2 7 1 2 7 1 2 7 0 2 7 0 2 7 12 16 2 0 2 7 17 9 2 1 2 7 0 2 7 1 2 7 0 2 7 0 2 7 1 2 7 0 2 7 0 2 7 1 2 7 17 9 2 5 30 3 5 30 3 1 2 7 0 2 7 0 2 7 1 2 7 0 2 7 17 9 2 0 2 7 1 2 7 0 2 4 16 31 2 16 6 2 0 2 7 1 2 7 0 2 7 1 2 7 0 2 7 1 2 7 1 2 7 1 2 7 1 2 7 1 2 7 16 31 2 0 60.3182703256607056
13 6 3 0 2 7 13 6 3 5 31 3 0 2 4 0 2 7 0 2 7 0 2 7 0 2 7 12 16 2 12 16 2 12 16 2 0 2 7 5 31 3 0 2 7 0 2 7 17 18 2 5 30 3 0 2 7 1 2 7 1 2 7 0 2 7 0 2 7 12 16 2 0 2 7 17 9 2 1 2 7 0 2 7 0 2 7 0 2 7 0 2 7 1 2 7 0 2 7 0 2 7 1 2 4 17 9 2 5 30 3 5 30 3 1 2 7 0 2 7 0 2 7 1 2 7 0 2 7 17 9 2 0 2 7 1 2 7 1 2 7 16 31 2 16 6 2 0 2 7 1 2 7 0 2 7 1 2 7 0 2 7 1 2 7 1 2 7 1 2 7 1 2 7 1 2 7 16 31 2 0 60.3182703256607056
13 6 3 0 2 7 13 6 3 5 31 3 0 2 4 0 2 7 0 2 7 0 2 7 0 2 7 12 16 2 12 16 2 12 16 2 0 2 7 5 31 3 0 2 7 0 2 7 17 18 2 5 30 3 0 2 7 1 2 7 1 2 7 0 2 7 0 2 7 12 16 2 0 2 7 17 9 2 1 2 7 0 2 7 0 2 7 0 2 7 0 2 7 1 2 7 0 2 7 0 2 7 1 2 4 17 9 2 5 30 3 5 30 3 1 2 7 0 2 7 0 2 7 1 2 7 0 2 7 17 9 2 0 2 7 1 2 7 1 2 7 16 31 2 16 31 2 0 2 7 1 2 7 0 2 7 1 2 7 0 2 7 1 2 7 1 2 7 1 2 7 1 2 7 1 2 7 16 6 2 0 60.3182703256607056

Current Evaluation = 14400(14400)
Front Size = 10
13 6 3 0 2 7 13 6 3 5 31 3 0 2 7 0 2 4 0 2 7 0 2 7 0 2 7 12 16 2 12 16 2 12 16 2 0 2 7 5 31 3 0 2 7 0 2 4 17 18 2 5 31 3 0 2 7 1 2 7 1 2 7 0 2 7 0 2 7 12 16 2 0 2 7 17 9 2 1 2 7 0 2 4 1 2 7 0 2 7 0 2 7 1 2 7 0 2 7 1 2 7 1 2 7 17 9 2 1 2 4 5 30 3 0 2 7 1 2 7 0 2 7 1 2 7 0 2 7 17 9 2 6 2 7 0 2 4 0 2 7 16 31 2 16 6 2 0 2 7 1 2 7 0 2 7 1 2 7 0 2 7 1 2 7 1 2 7 1 2 7 1 2 7 1 2 7 17 9 2 0 60.1419845223426819
13 6 3 0 2 7 13 6 3 5 31 3 0 2 7 0 2 7 0 2 7 0 2 7 0 2 7 12 16 2 12 16 2 12 16 2 0 2 7 5 31 3 0 2 7 0 2 7 17 18 2 5 31 3 0 2 7 1 2 7 1 2 7 0 2 7 0 2 3 12 16 2 0 2 7 17 9 2 1 2 7 0 2 7 1 2 7 0 2 7 0 2 3 1 2 7 0 2 7 1 2 7 1 2 7 17 9 2 1 2 4 5 30 3 1 2 7 0 2 7 0 2 7 1 2 7 0 2 7 17 9 2 0 2 7 0 2 7 0 2 7 16 31 2 16 6 2 0 2 7 1 2 7 0 2 7 1 2 7 0 2 7 1 2 7 1 2 7 1 2 7 1 2 7 1 2 7 16 6 2 0 60.3124524354934692
13 6 3 0 2 7 13 6 3 5 31 3 0 2 7 0 2 7 0 2 7 0 2 7 0 2 7 12 16 2 12 16 2 12 16 2 0 2 7 5 31 3 0 2 7 0 2 7 17 18 2 5 31 3 0 2 7 1 2 7 1 2 7 0 2 7 0 2 3 12 16 2 0 2 7 17 9 2 1 2 7 0 2 7 1 2 7 0 2 7 0 2 3 1 2 7 0 2 7 1 2 7 1 2 7 17 9 2 1 2 4 5 30 3 1 2 7 0 2 7 0 2 7 1 2 7 0 2 7 17 9 2 0 2 7 0 2 7 0 2 7 16 31 2 16 6 2 0 2 7 1 2 7 0 2 7 1 2 7 0 2 7 1 2 7 1 2 7 1 2 7 1 2 7 1 2 7 16 6 2 0 60.3124524354934692
13 6 3 0 2 7 13 6 3 5 31 3 0 2 7 0 2 7 0 2 7 0 2 7 0 2 7 12 16 2 12 16 2 12 16 2 0 2 7 5 31 3 0 2 7 0 2 7 17 18 2 5 31 3 0 2 7 1 2 7 1 2 7 0 2 7 0 2 3 12 16 2 0 2 7 17 9 2 1 2 7 0 2 7 1 2 7 0 2 7 0 2 3 1 2 7 0 2 7 1 2 7 1 2 7 17 9 2 1 2 4 5 30 3 1 2 7 0 2 7 0 2 7 1 2 7 0 2 7 17 9 2 0 2 7 0 2 7 0 2 7 16 31 2 16 6 2 0 2 7 1 2 7 0 2 7 1 2 7 0 2 7 1 2 7 1 2 7 1 2 7 1 2 7 1 2 7 16 6 2 0 60.3124524354934692
13 6 3 0 2 7 13 6 3 5 31 3 0 2 7 0 2 7 0 2 7 0 2 7 0 2 7 12 16 2 12 16 2 12 16 2 0 2 7 5 31 3 0 2 7 0 2 7 17 18 2 5 31 3 0 2 7 1 2 7 1 2 7 0 2 7 0 2 3 12 16 2 0 2 7 17 9 2 1 2 7 0 2 7 1 2 7 0 2 7 0 2 3 1 2 7 0 2 7 1 2 7 1 2 7 17 9 2 1 2 4 5 30 3 1 2 7 0 2 7 0 2 7 1 2 7 0 2 7 17 9 2 0 2 7 0 2 7 0 2 7 16 31 2 16 6 2 0 2 7 1 2 7 0 2 7 1 2 7 0 2 7 1 2 7 1 2 7 1 2 7 1 2 7 1 2 7 16 6 2 0 60.3124524354934692
13 6 3 0 2 7 13 6 3 5 31 3 0 2 7 0 2 7 0 2 7 0 2 7 0 2 7 12 16 2 12 16 2 12 16 2 0 2 7 5 31 3 0 2 7 0 2 7 17 18 2 5 31 3 0 2 7 1 2 7 1 2 7 0 2 7 0 2 3 12 16 2 0 2 7 17 9 2 1 2 7 0 2 7 1 2 7 0 2 7 0 2 3 1 2 7 0 2 7 1 2 7 1 2 7 17 9 2 1 2 4 5 30 3 1 2 7 0 2 7 0 2 7 1 2 7 0 2 7 17 9 2 0 2 7 0 2 7 0 2 7 16 31 2 16 6 2 0 2 7 1 2 7 0 2 7 1 2 7 0 2 7 1 2 7 1 2 7 1 2 7 1 2 7 1 2 7 16 6 2 0 60.3124524354934692
13 6 3 0 2 7 13 6 3 5 31 3 0 2 7 0 2 7 0 2 7 0 2 7 0 2 7 12 16 2 12 16 2 12 16 2 0 2 7 5 31 3 0 2 7 0 2 7 17 18 2 5 31 3 0 2 7 1 2 7 1 2 7 0 2 7 0 2 3 12 16 2 0 2 7 17 9 2 1 2 7 0 2 7 1 2 7 0 2 7 0 2 3 1 2 7 0 2 7 1 2 7 1 2 7 17 9 2 1 2 4 5 30 3 1 2 7 0 2 7 0 2 7 1 2 7 0 2 7 17 9 2 0 2 7 0 2 7 0 2 7 16 31 2 16 6 2 0 2 7 1 2 7 0 2 7 1 2 7 0 2 7 1 2 7 1 2 7 1 2 7 1 2 7 1 2 7 16 6 2 0 60.3124524354934692
13 6 3 0 2 7 13 6 3 5 31 3 0 2 7 0 2 7 0 2 7 0 2 7 0 2 7 12 16 2 12 16 2 12 16 2 0 2 7 5 31 3 0 2 7 0 2 7 17 18 2 5 31 3 0 2 7 1 2 7 1 2 7 0 2 7 0 2 3 12 16 2 0 2 7 17 9 2 1 2 7 0 2 7 1 2 7 0 2 7 0 2 3 1 2 7 0 2 7 1 2 7 1 2 7 17 9 2 1 2 4 5 30 3 1 2 7 0 2 7 0 2 7 1 2 7 0 2 7 17 9 2 0 2 7 0 2 7 0 2 7 16 31 2 16 6 2 0 2 7 1 2 7 0 2 7 1 2 7 0 2 7 1 2 7 1 2 7 1 2 7 1 2 7 1 2 7 16 6 2 0 60.3124524354934692
13 6 3 0 2 7 13 6 3 5 31 3 0 2 7 0 2 7 0 2 7 0 2 7 0 2 7 12 16 2 12 16 2 12 16 2 0 2 7 5 31 3 0 2 7 0 2 7 17 18 2 5 31 3 0 2 7 1 2 7 1 2 7 0 2 7 0 2 3 12 16 2 0 2 7 17 9 2 1 2 7 0 2 7 1 2 7 0 2 7 0 2 3 1 2 7 0 2 7 1 2 7 1 2 7 17 9 2 1 2 4 5 30 3 1 2 7 0 2 7 0 2 7 1 2 7 0 2 7 17 9 2 0 2 7 0 2 7 0 2 7 16 31 2 16 6 2 0 2 7 1 2 7 0 2 7 1 2 7 0 2 7 1 2 7 1 2 7 1 2 7 1 2 7 1 2 7 16 6 2 0 60.3124524354934692
13 6 3 0 2 7 13 6 3 5 31 3 0 2 7 0 2 7 0 2 7 0 2 7 0 2 7 12 16 2 12 16 2 12 16 2 0 2 7 5 31 3 0 2 7 0 2 7 17 18 2 5 31 3 0 2 7 1 2 7 1 2 7 0 2 7 0 2 3 12 16 2 0 2 7 17 9 2 1 2 7 0 2 7 1 2 7 0 2 7 0 2 3 1 2 7 0 2 7 1 2 7 1 2 7 17 9 2 1 2 4 5 30 3 1 2 7 0 2 7 0 2 7 1 2 7 0 2 7 17 9 2 0 2 7 0 2 7 0 2 7 16 31 2 16 6 2 0 2 7 1 2 7 0 2 7 1 2 7 0 2 7 1 2 7 1 2 7 1 2 7 1 2 7 1 2 7 16 6 2 0 60.3124524354934692

Current Evaluation = 15300(15300)
Front Size = 10
13 6 3 6 2 4 13 6 3 5 31 3 0 2 7 0 2 7 0 2 7 0 2 7 0 2 7 12 16 2 12 16 2 12 16 2 1 2 4 5 31 3 1 2 7 0 2 7 17 18 2 5 31 3 0 2 7 1 2 7 1 2 7 0 2 7 0 2 7 12 16 2 0 2 7 17 9 2 1 2 7 0 2 7 1 2 7 1 2 7 0 2 7 0 2 7 0 2 7 0 2 7 1 2 7 17 9 2 1 2 7 5 30 3 0 2 7 0 2 7 0 2 4 0 2 7 1 2 7 17 9 2 1 2 7 0 2 7 0 2 7 16 31 2 16 6 2 0 2 7 1 2 7 0 2 7 1 2 7 0 2 7 1 2 4 0 2 7 1 2 7 1 2 7 1 2 4 17 18 2 0 60.1419845223426819
13 6 3 0 2 7 13 6 3 5 31 3 0 2 7 0 2 4 0 2 7 0 2 7 0 2 7 12 16 2 12 16 2 12 16 2 0 2 7 5 31 3 0 2 7 0 2 4 17 18 2 5 31 3 0 2 7 1 2 7 1 2 7 0 2 7 0 2 7 12 16 2 0 2 7 17 9 2 1 2 7 0 2 4 1 2 7 0 2 7 0 2 7 1 2 7 0 2 7 1 2 7 1 2 7 17 9 2 1 2 4 5 30 3 0 2 7 1 2 7 0 2 7 1 2 7 0 2 7 17 9 2 6 2 7 0 2 4 0 2 7 16 31 2 16 6 2 0 2 7 1 2 7 0 2 7 1 2 7 0 2 7 1 2 7 1 2 7 1 2 7 1 2 7 1 2 7 17 9 2 0 60.1419845223426819
13 6 3 0 2 7 13 6 3 5 31 3 0 2 7 0 2 4 0 2 4 0 2 4 0 2 7 12 16 2 12 16 2 12 16 2 0 2 7 5 31 3 0 2 7 0 2 7 17 18 2 5 31 3 0 2 7 1 2 7 1 2 7 0 2 7 0 2 7 12 16 2 0 2 7 17 9 2 1 2 4 0 2 7 1 2 7 0 2 7 0 2 7 1 2 7 0 2 7 1 2 7 1 2 7 17 9 2 1 2 4 5 30 3 1 2 7 0 2 7 0 2 7 6 2 7 1 2 7 17 9 2 0 2 7 0 2 7 0 2 7 16 31 2 16 6 2 0 2 7 1 2 7 0 2 7 1 2 7 0 2 7 1 2 7 1 2 7 1 2 7 1 2 7 1 2 7 17 9 2 0 60.1419845223426819
13 6 3 0 2 7 13 6 3 5 31 3 0 2 7 0 2 7 0 2 7 0 2 7 0 2 7 12 16 2 12 16 2 12 16 2 0 2 4 5 31 3 0 2 7 0 2 7 17 18 2 5 31 3 0 2 7 1 2 7 1 2 7 0 2 4 0 2 7 12 16 2 0 2 7 17 9 2 1 2 7 0 2 7 1 2 4 0 2 7 0 2 7 1 2 7 0 2 7 1 2 7 1 2 7 17 9 2 6 2 4 5 30 3 1 2 7 0 2 4 0 2 7 1 2 7 0 2 7 17 9 2 0 2 7 0 2 7 1 2 7 16 31 2 16 6 2 0 2 7 1 2 7 0 2 7 1 2 7 0 2 7 1 2 7 1 2 7 1 2 7 1 2 7 1 2 7 17 18 2 0 60.1419845223426819
13 6 3 0 2 7 13 6 3 5 31 3 0 2 7 0 2 7 0 2 7 0 2 7 0 2 7 12 16 2 12 16 2 12 16 2 0 2 7 5 31 3 0 2 7 0 2 7 17 18 2 5 31 3 0 2 7 1 2 4 1 2 7 1 2 7 0 2 7 12 16 2 0 2 7 17 9 2 6 2 7 0 2 7 1 2 7 0 2 7 0 2 7 1 2 7 0 2 7 1 2 4 1 2 7 17 9 2 1 2 7 5 30 3 1 2 7 0 2 7 0 2 7 1 2 7 0 2 4 17 9 2 0 2 7 0 2 7 0 2 4 16 31 2 16 6 2 0 2 7 1 2 7 0 2 7 1 2 7 0 2 7 1 2 7 1 2 7 1 2 7 1 2 4 1 2 7 17 18 2 0 60.1419845223426819
13 6 3 0 2 7 13 6 3 5 31 3 0 2 7 0 2 7 0 2 7 0 2 7 0 2 7 12 16 2 12 16 2 12 16 2 0 2 7 5 31 3 0 2 7 0 2 4 17 18 2 5 31 3 0 2 7 1 2 7 1 2 7 1 2 7 0 2 7 12 16 2 0 2 7 17 9 2 1 2 7 0 2 4 1 2 7 0 2 7 0 2 7 1 2 7 0 2 7 1 2 4 1 2 7 17 9 2 1 2 4 5 30 3 1 2 7 0 2 4 0 2 7 1 2 7 0 2 7 17 9 2 0 2 7 0 2 7 0 2 7 16 31 2 16 6 2 0 2 7 1 2 7 0 2 7 1 2 7 0 2 7 1 2 7 1 2 7 6 2 7 1 2 7 1 2 7 17 18 2 0 60.1419845223426819
13 6 3 0 2 7 13 6 3 5 31 3 0 2 7 0 2 4 0 2 7 0 2 7 0 2 7 12 16 2 12 16 2 12 16 2 0 2 7 5 31 3 0 2 7 0 2 7 17 18 2 5 31 3 0 2 7 1 2 7 1 2 7 0 2 4 0 2 7 12 16 2 0 2 7 17 9 2 1 2 7 0 2 4 1 2 7 0 2 7 0 2 7 1 2 7 0 2 7 0 2 7 1 2 7 17 9 2 1 2 4 5 30 3 1 2 7 0 2 7 0 2 7 1 2 7 0 2 7 17 9 2 6 2 7 0 2 4 1 2 7 16 31 2 16 6 2 0 2 7 1 2 7 0 2 7 1 2 7 0 2 7 1 2 7 1 2 7 1 2 7 1 2 7 1 2 7 17 18 2 0 60.1419845223426819
13 6 3 0 2 7 13 6 3 5 31 3 0 2 7 0 2 4 0 2 7 0 2 7 1 2 7 12 16 2 12 16 2 12 16 2 0 2 7 5 31 3 0 2 7 0 2 4 17 18 2 5 31 3 0 2 4 1 2 7 1 2 7 0 2 7 0 2 7 12 16 2 0 2 7 17 9 2 1 2 4 0 2 7 1 2 7 0 2 7 6 2 7 1 2 7 0 2 4 1 2 7 1 2 7 17 9 2 1 2 7 5 30 3 0 2 7 0 2 7 0 2 7 0 2 7 1 2 7 17 9 2 0 2 7 0 2 7 0 2 7 16 31 2 16 6 2 0 2 7 1 2 7 0 2 7 1 2 7 0 2 7 1 2 7 1 2 7 1 2 7 1 2 7 1 2 7 17 9 2 0 60.1419845223426819
13 6 3 0 2 7 13 6 3 5 31 3 0 2 4 0 2 7 0 2 7 0 2 7 0 2 7 12 16 2 12 16 2 12 16 2 1 2 7 5 31 3 0 2 7 0 2 4 17 18 2 5 31 3 0 2 4 1 2 7 1 2 7 0 2 7 0 2 7 12 16 2 0 2 7 17 9 2 1 2 7 0 2 4 1 2 7 0 2 7 0 2 7 1 2 7 0 2 7 1 2 7 1 2 7 17 9 2 1 2 4 5 30 3 0 2 7 1 2 7 0 2 7 1 2 7 0 2 7 17 9 2 0 2 7 0 2 7 0 2 7 16 31 2 16 6 2 0 2 7 1 2 7 0 2 7 6 2 7 0 2 7 1 2 7 1 2 7 1 2 7 1 2 7 1 2 7 17 9 2 0 60.1419845223426819
13 6 3 0 2 7 13 6 3 5 31 3 0 2 7 0 2 7 0 2 7 0 2 7 0 2 7 12 16 2 12 16 2 12 16 2 0 2 4 5 31 3 0 2 7 0 2 7 17 18 2 5 31 3 0 2 4 1 2 7 1 2 7 0 2 7 0 2 4 12 16 2 0 2 7 17 9 2 1 2 7 0 2 7 1 2 4 0 2 7 0 2 7 1 2 7 0 2 7 1 2 7 1 2 7 17 9 2 6 2 7 5 30 3 0 2 7 1 2 4 0 2 7 1 2 7 0 2 7 17 9 2 0 2 7 1 2 7 0 2 7 16 31 2 16 6 2 0 2 7 1 2 7 0 2 7 1 2 7 0 2 7 1 2 7 1 2 7 1 2 7 1 2 7 1 2 7 17 9 2 0 60.1419845223426819

Current Evaluation = 16200(16200)
Front Size = 10
13 6 3 0 2 7 13 6 3 5 31 3 0 2 7 0 2 4 0 2 7 0 2 7 0 2 7 12 16 2 12 16 2 12 16 2 0 2 7 5 31 3 0 2 7 0 2 7 17 18 2 5 31 3 0 2 7 1 2 7 1 2 7 0 2 4 0 2 7 12 16 2 0 2 7 17 9 2 1 2 7 0 2 7 1 2 7 0 2 7 0 2 7 1 2 7 0 2 7 0 2 7 1 2 7 17 9 2 1 2 4 5 30 3 1 2 7 0 2 7 0 2 7 1 2 7 6 2 7 17 9 2 0 2 4 0 2 4 1 2 7 16 31 2 16 6 2 0 2 7 1 2 7 0 2 7 1 2 7 0 2 7 1 2 7 1 2 7 1 2 7 1 2 7 1 2 7 17 9 2 0 60.1419845223426819
13 6 3 0 2 7 13 6 3 5 31 3 0 2 7 0 2 4 0 2 7 0 2 7 0 2 7 12 16 2 12 16 2 12 16 2 0 2 7 5 31 3 0 2 7 0 2 4 17 18 2 5 31 3 0 2 7 1 2 7 1 2 7 0 2 7 0 2 7 12 16 2 0 2 7 17 9 2 1 2 7 0 2 4 1 2 7 0 2 7 0 2 7 1 2 7 0 2 7 1 2 7 1 2 7 17 9 2 1 2 4 5 30 3 0 2 7 1 2 7 0 2 7 1 2 7 0 2 7 17 9 2 6 2 7 0 2 4 0 2 7 16 31 2 16 6 2 0 2 7 1 2 7 0 2 7 1 2 7 0 2 7 1 2 7 1 2 7 1 2 7 1 2 7 1 2 7 17 9 2 0 60.1419845223426819
13 6 3 0 2 7 13 6 3 5 31 3 0 2 7 0 2 4 0 2 4 0 2 4 0 2 7 12 16 2 12 16 2 12 16 2 0 2 7 5 31 3 0 2 7 0 2 7 17 18 2 5 31 3 0 2 7 1 2 7 1 2 7 0 2 7 0 2 7 12 16 2 0 2 7 17 9 2 1 2 4 0 2 7 1 2 7 0 2 7 0 2 7 1 2 7 0 2 7 1 2 7 1 2 7 17 9 2 1 2 4 5 30 3 1 2 7 0 2 7 0 2 7 6 2 7 1 2 7 17 9 2 0 2 7 0 2 7 0 2 7 16 31 2 16 6 2 0 2 7 1 2 7 0 2 7 1 2 7 0 2 7 1 2 7 1 2 7 1 2 7 1 2 7 1 2 7 17 9 2 0 60.1419845223426819
13 6 3 0 2 7 13 6 3 5 31 3 0 2 7 0 2 7 0 2 7 0 2 7 0 2 7 12 16 2 12 16 2 12 16 2 0 2 4 5 31 3 0 2 7 0 2 7 17 18 2 5 31 3 0 2 7 1 2 7 1 2 7 0 2 4 0 2 7 12 16 2 0 2 7 17 9 2 1 2 7 0 2 7 1 2 4 0 2 7 0 2 7 1 2 7 0 2 7 1 2 7 1 2 7 17 9 2 6 2 4 5 30 3 1 2 7 0 2 4 0 2 7 1 2 7 0 2 7 17 9 2 0 2 7 0 2 7 1 2 7 16 31 2 16 6 2 0 2 7 1 2 7 0 2 7 1 2 7 0 2 7 1 2 7 1 2 7 1 2 7 1 2 7 1 2 7 17 18 2 0 60.1419845223426819
13 6 3 0 2 7 13 6 3 5 31 3 0 2 7 0 2 7 0 2 7 0 2 7 0 2 7 12 16 2 12 16 2 12 16 2 0 2 7 5 31 3 0 2 7 0 2 7 17 18 2 5 31 3 0 2 7 1 2 4 1 2 7 1 2 7 0 2 7 12 16 2 0 2 7 17 9 2 6 2 7 0 2 7 1 2 7 0 2 7 0 2 7 1 2 7 0 2 7 1 2 4 1 2 7 17 9 2 1 2 7 5 30 3 1 2 7 0 2 7 0 2 7 1 2 7 0 2 4 17 9 2 0 2 7 0 2 7 0 2 4 16 31 2 16 6 2 0 2 7 1 2 7 0 2 7 1 2 7 0 2 7 1 2 7 1 2 7 1 2 7 1 2 4 1 2 7 17 18 2 0 60.1419845223426819
13 6 3 0 2 7 13 6 3 5 31 3 0 2 7 0 2 7 0 2 7 0 2 7 0 2 7 12 16 2 12 16 2 12 16 2 0 2 7 5 31 3 0 2 7 0 2 4 17 18 2 5 31 3 0 2 7 1 2 7 1 2 7 1 2 7 0 2 7 12 16 2 0 2 7 17 9 2 1 2 7 0 2 4 1 2 7 0 2 7 0 2 7 1 2 7 0 2 7 1 2 4 1 2 7 17 9 2 1 2 4 5 30 3 1 2 7 0 2 4 0 2 7 1 2 7 0 2 7 17 9 2 0 2 7 0 2 7 0 2 7 16 31 2 16 6 2 0 2 7 1 2 7 0 2 7 1 2 7 0 2 7 1 2 7 1 2 7 6 2 7 1 2 7 1 2 7 17 18 2 0 60.1419845223426819
13 6 3 0 2 7 13 6 3 5 31 3 0 2 7 0 2 4 0 2 7 0 2 7 0 2 7 12 16 2 12 16 2 12 16 2 0 2 7 5 31 3 0 2 7 0 2 7 17 18 2 5 31 3 0 2 7 1 2 7 1 2 7 0 2 4 0 2 7 12 16 2 0 2 7 17 9 2 1 2 7 0 2 4 1 2 7 0 2 7 0 2 7 1 2 7 0 2 7 0 2 7 1 2 7 17 9 2 1 2 4 5 30 3 1 2 7 0 2 7 0 2 7 1 2 7 0 2 7 17 9 2 6 2 7 0 2 4 1 2 7 16 31 2 16 6 2 0 2 7 1 2 7 0 2 7 1 2 7 0 2 7 1 2 7 1 2 7 1 2 7 1 2 7 1 2 7 17 18 2 0 60.1419845223426819
13 6 3 0 2 7 13 6 3 5 31 3 0 2 7 0 2 4 0 2 7 0 2 7 1 2 7 12 16 2 12 16 2 12 16 2 0 2 7 5 31 3 0 2 7 0 2 4 17 18 2 5 31 3 0 2 4 1 2 7 1 2 7 0 2 7 0 2 7 12 16 2 0 2 7 17 9 2 1 2 4 0 2 7 1 2 7 0 2 7 6 2 7 1 2 7 0 2 4 1 2 7 1 2 7 17 9 2 1 2 7 5 30 3 0 2 7 0 2 7 0 2 7 0 2 7 1 2 7 17 9 2 0 2 7 0 2 7 0 2 7 16 31 2 16 6 2 0 2 7 1 2 7 0 2 7 1 2 7 0 2 7 1 2 7 1 2 7 1 2 7 1 2 7 1 2 7 17 9 2 0 60.1419845223426819
13 6 3 0 2 7 13 6 3 5 31 3 0 2 4 0 2 7 0 2 7 0 2 7 0 2 7 12 16 2 12 16 2 12 16 2 1 2 7 5 31 3 0 2 7 0 2 4 17 18 2 5 31 3 0 2 4 1 2 7 1 2 7 0 2 7 0 2 7 12 16 2 0 2 7 17 9 2 1 2 7 0 2 4 1 2 7 0 2 7 0 2 7 1 2 7 0 2 7 1 2 7 1 2 7 17 9 2 1 2 4 5 30 3 0 2 7 1 2 7 0 2 7 1 2 7 0 2 7 17 9 2 0 2 7 0 2 7 0 2 7 16 31 2 16 6 2 0 2 7 1 2 7 0 2 7 6 2 7 0 2 7 1 2 7 1 2 7 1 2 7 1 2 7 1 2 7 17 9 2 0 60.1419845223426819
13 6 3 0 2 7 13 6 3 5 31 3 0 2 7 0 2 7 0 2 7 0 2 7 0 2 7 12 16 2 12 16 2 12 16 2 0 2 4 5 31 3 0 2 7 0 2 7 17 18 2 5 31 3 0 2 4 1 2 7 1 2 7 0 2 7 0 2 4 12 16 2 0 2 7 17 9 2 1 2 7 0 2 7 1 2 4 0 2 7 0 2 7 1 2 7 0 2 7 1 2 7 1 2 7 17 9 2 6 2 7 5 30 3 0 2 7 1 2 4 0 2 7 1 2 7 0 2 7 17 9 2 0 2 7 1 2 7 0 2 7 16 31 2 16 6 2 0 2 7 1 2 7 0 2 7 1 2 7 0 2 7 1 2 7 1 2 7 1 2 7 1 2 7 1 2 7 17 9 2 0 60.1419845223426819

Current Evaluation = 17100(17100)
Front Size = 10
13 6 3 0 2 7 13 6 3 5 31 3 0 2 7 0 2 4 0 2 7 0 2 7 0 2 7 12 16 2 12 16 2 12 16 2 0 2 7 5 31 3 0 2 7 0 2 4 17 18 2 5 31 3 0 2 7 1 2 7 1 2 7 0 2 7 0 2 7 12 16 2 0 2 7 17 9 2 1 2 7 0 2 4 1 2 7 0 2 7 0 2 7 1 2 7 0 2 7 1 2 7 1 2 7 17 9 2 1 2 4 5 30 3 0 2 7 1 2 7 0 2 7 1 2 7 0 2 7 17 9 2 6 2 7 0 2 4 0 2 7 16 31 2 16 6 2 0 2 7 1 2 7 0 2 7 1 2 7 0 2 7 1 2 7 1 2 7 1 2 7 1 2 7 1 2 7 17 9 2 0 60.1419845223426819
13 6 3 0 2 7 13 6 3 5 31 3 0 2 7 0 2 4 0 2 7 0 2 7 0 2 7 12 16 2 12 16 2 12 16 2 0 2 7 5 31 3 0 2 7 0 2 4 17 18 2 5 31 3 0 2 7 1 2 7 1 2 7 0 2 7 0 2 7 12 16 2 0 2 7 17 9 2 1 2 7 0 2 4 1 2 7 0 2 7 0 2 7 1 2 7 0 2 7 1 2 7 1 2 7 17 9 2 1 2 4 5 30 3 0 2 7 1 2 7 0 2 7 1 2 7 0 2 7 17 9 2 6 2 7 0 2 4 0 2 7 16 31 2 16 6 2 0 2 7 1 2 7 0 2 7 1 2 7 0 2 7 1 2 7 1 2 7 1 2 7 1 2 7 1 2 7 17 9 2 0 60.1419845223426819
13 6 3 0 2 7 13 6 3 5 31 3 0 2 7 0 2 4 0 2 4 0 2 4 0 2 7 12 16 2 12 16 2 12 16 2 0 2 7 5 31 3 0 2 7 0 2 7 17 18 2 5 31 3 0 2 7 1 2 7 1 2 7 0 2 7 0 2 7 12 16 2 0 2 7 17 9 2 1 2 4 0 2 7 1 2 7 0 2 7 0 2 7 1 2 7 0 2 7 1 2 7 1 2 7 17 9 2 1 2 4 5 30 3 1 2 7 0 2 7 0 2 7 6 2 7 1 2 7 17 9 2 0 2 7 0 2 7 0 2 7 16 31 2 16 6 2 0 2 7 1 2 7 0 2 7 1 2 7 0 2 7 1 2 7 1 2 7 1 2 7 1 2 7 1 2 7 17 9 2 0 60.1419845223426819
13 6 3 0 2 7 13 6 3 5 31 3 0 2 7 0 2 7 0 2 7 0 2 7 0 2 7 12 16 2 12 16 2 12 16 2 0 2 4 5 31 3 0 2 7 0 2 7 17 18 2 5 31 3 0 2 7 1 2 7 1 2 7 0 2 4 0 2 7 12 16 2 0 2 7 17 9 2 1 2 7 0 2 7 1 2 4 0 2 7 0 2 7 1 2 7 0 2 7 1 2 7 1 2 7 17 9 2 6 2 4 5 30 3 1 2 7 0 2 4 0 2 7 1 2 7 0 2 7 17 9 2 0 2 7 0 2 7 1 2 7 16 31 2 16 6 2 0 2 7 1 2 7 0 2 7 1 2 7 0 2 7 1 2 7 1 2 7 1 2 7 1 2 7 1 2 7 17 18 2 0 60.1419845223426819
13 6 3 0 2 7 13 6 3 5 31 3 0 2 7 0 2 7 0 2 7 0 2 7 0 2 7 12 16 2 12 16 2 12 16 2 0 2 7 5 31 3 0 2 7 0 2 7 17 18 2 5 31 3 0 2 7 1 2 4 1 2 7 1 2 7 0 2 7 12 16 2 0 2 7 17 9 2 6 2 7 0 2 7 1 2 7 0 2 7 0 2 7 1 2 7 0 2 7 1 2 4 1 2 7 17 9 2 1 2 7 5 30 3 1 2 7 0 2 7 0 2 7 1 2 7 0 2 4 17 9 2 0 2 7 0 2 7 0 2 4 16 31 2 16 6 2 0 2 7 1 2 7 0 2 7 1 2 7 0 2 7 1 2 7 1 2 7 1 2 7 1 2 4 1 2 7 17 18 2 0 60.1419845223426819
13 6 3 0 2 7 13 6 3 5 31 3 0 2 7 0 2 7 0 2 7 0 2 7 0 2 7 12 16 2 12 16 2 12 16 2 0 2 7 5 31 3 0 2 7 0 2 4 17 18 2 5 31 3 0 2 7 1 2 7 1 2 7 1 2 7 0 2 7 12 16 2 0 2 7 17 9 2 1 2 7 0 2 4 1 2 7 0 2 7 0 2 7 1 2 7 0 2 7 1 2 4 1 2 7 17 9 2 1 2 4 5 30 3 1 2 7 0 2 4 0 2 7 1 2 7 0 2 7 17 9 2 0 2 7 0 2 7 0 2 7 16 31 2 16 6 2 0 2 7 1 2 7 0 2 7 1 2 7 0 2 7 1 2 7 1 2 7 6 2 7 1 2 7 1 2 7 17 18 2 0 60.1419845223426819
13 6 3 0 2 7 13 6 3 5 31 3 0 2 7 0 2 4 0 2 7 0 2 7 0 2 7 12 16 2 12 16 2 12 16 2 0 2 7 5 31 3 0 2 7 0 2 7 17 18 2 5 31 3 0 2 7 1 2 7 1 2 7 0 2 4 0 2 7 12 16 2 0 2 7 17 9 2 1 2 7 0 2 4 1 2 7 0 2 7 0 2 7 1 2 7 0 2 7 0 2 7 1 2 7 17 9 2 1 2 4 5 30 3 1 2 7 0 2 7 0 2 7 1 2 7 0 2 7 17 9 2 6 2 7 0 2 4 1 2 7 16 31 2 16 6 2 0 2 7 1 2 7 0 2 7 1 2 7 0 2 7 1 2 7 1 2 7 1 2 7 1 2 7 1 2 7 17 18 2 0 60.1419845223426819
13 6 3 0 2 7 13 6 3 5 31 3 0 2 7 0 2 4 0 2 7 0 2 7 1 2 7 12 16 2 12 16 2 12 16 2 0 2 7 5 31 3 0 2 7 0 2 4 17 18 2 5 31 3 0 2 4 1 2 7 1 2 7 0 2 7 0 2 7 12 16 2 0 2 7 17 9 2 1 2 4 0 2 7 1 2 7 0 2 7 6 2 7 1 2 7 0 2 4 1 2 7 1 2 7 17 9 2 1 2 7 5 30 3 0 2 7 0 2 7 0 2 7 0 2 7 1 2 7 17 9 2 0 2 7 0 2 7 0 2 7 16 31 2 16 6 2 0 2 7 1 2 7 0 2 7 1 2 7 0 2 7 1 2 7 1 2 7 1 2 7 1 2 7 1 2 7 17 9 2 0 60.1419845223426819
13 6 3 0 2 7 13 6 3 5 31 3 0 2 4 0 2 7 0 2 7 0 2 7 0 2 7 12 16 2 12 16 2 12 16 2 1 2 7 5 31 3 0 2 7 0 2 4 17 18 2 5 31 3 0 2 4 1 2 7 1 2 7 0 2 7 0 2 7 12 16 2 0 2 7 17 9 2 1 2 7 0 2 4 1 2 7 0 2 7 0 2 7 1 2 7 0 2 7 1 2 7 1 2 7 17 9 2 1 2 4 5 30 3 0 2 7 1 2 7 0 2 7 1 2 7 0 2 7 17 9 2 0 2 7 0 2 7 0 2 7 16 31 2 16 6 2 0 2 7 1 2 7 0 2 7 6 2 7 0 2 7 1 2 7 1 2 7 1 2 7 1 2 7 1 2 7 17 9 2 0 60.1419845223426819
13 6 3 0 2 7 13 6 3 5 31 3 0 2 7 0 2 7 0 2 7 0 2 7 0 2 7 12 16 2 12 16 2 12 16 2 0 2 4 5 31 3 0 2 7 0 2 7 17 18 2 5 31 3 0 2 4 1 2 7 1 2 7 0 2 7 0 2 4 12 16 2 0 2 7 17 9 2 1 2 7 0 2 7 1 2 4 0 2 7 0 2 7 1 2 7 0 2 7 1 2 7 1 2 7 17 9 2 6 2 7 5 30 3 0 2 7 1 2 4 0 2 7 1 2 7 0 2 7 17 9 2 0 2 7 1 2 7 0 2 7 16 31 2 16 6 2 0 2 7 1 2 7 0 2 7 1 2 7 0 2 7 1 2 7 1 2 7 1 2 7 1 2 7 1 2 7 17 9 2 0 60.1419845223426819

Current Evaluation = 18000(18000)
Front Size = 10
13 6 3 0 2 7 13 6 3 5 31 3 0 2 7 0 2 4 0 2 7 0 2 7 1 2 7 12 16 2 12 16 2 12 16 2 0 2 7 5 31 3 0 2 7 0 2 4 17 18 2 5 31 3 0 2 4 1 2 7 1 2 7 0 2 7 0 2 7 12 16 2 0 2 7 17 9 2 1 2 4 0 2 7 1 2 7 0 2 7 6 2 7 1 2 7 0 2 4 1 2 7 1 2 7 17 9 2 1 2 7 5 30 3 0 2 7 0 2 7 0 2 7 0 2 7 1 2 7 17 9 2 0 2 7 0 2 7 0 2 7 16 31 2 16 6 2 0 2 7 1 2 7 0 2 7 1 2 7 0 2 7 1 2 7 1 2 7 1 2 7 1 2 7 1 2 7 17 9 2 0 60.1419845223426819
13 6 3 0 2 7 13 6 3 5 31 3 0 2 7 0 2 4 0 2 7 0 2 7 0 2 7 12 16 2 12 16 2 12 16 2 0 2 7 5 31 3 0 2 7 0 2 4 17 18 2 5 31 3 0 2 7 1 2 7 1 2 7 0 2 7 0 2 7 12 16 2 0 2 7 17 9 2 1 2 7 0 2 4 1 2 7 0 2 7 0 2 7 1 2 7 0 2 7 1 2 7 1 2 7 17 9 2 1 2 4 5 30 3 0 2 7 1 2 7 0 2 7 1 2 7 0 2 7 17 9 2 6 2 7 0 2 4 0 2 7 16 31 2 16 6 2 0 2 7 1 2 7 0 2 7 1 2 7 0 2 7 1 2 7 1 2 7 1 2 7 1 2 7 1 2 7 17 9 2 0 60.1419845223426819
13 6 3 0 2 7 13 6 3 5 31 3 0 2 7 0 2 4 0 2 4 0 2 4 0 2 7 12 16 2 12 16 2 12 16 2 0 2 7 5 31 3 0 2 7 0 2 7 17 18 2 5 31 3 0 2 7 1 2 7 1 2 7 0 2 7 0 2 7 12 16 2 0 2 7 17 9 2 1 2 4 0 2 7 1 2 7 0 2 7 0 2 7 1 2 7 0 2 7 1 2 7 1 2 7 17 9 2 1 2 4 5 30 3 1 2 7 0 2 7 0 2 7 6 2 7 1 2 7 17 9 2 0 2 7 0 2 7 0 2 7 16 31 2 16 6 2 0 2 7 1 2 7 0 2 7 1 2 7 0 2 7 1 2 7 1 2 7 1 2 7 1 2 7 1 2 7 17 9 2 0 60.1419845223426819
13 6 3 0 2 7 13 6 3 5 31 3 0 2 7 0 2 7 0 2 7 0 2 7 0 2 7 12 16 2 12 16 2 12 16 2 0 2 4 5 31 3 0 2 7 0 2 7 17 18 2 5 31 3 0 2 7 1 2 7 1 2 7 0 2 4 0 2 7 12 16 2 0 2 7 17 9 2 1 2 7 0 2 7 1 2 4 0 2 7 0 2 7 1 2 7 0 2 7 1 2 7 1 2 7 17 9 2 6 2 4 5 30 3 1 2 7 0 2 4 0 2 7 1 2 7 0 2 7 17 9 2 0 2 7 0 2 7 1 2 7 16 31 2 16 6 2 0 2 7 1 2 7 0 2 7 1 2 7 0 2 7 1 2 7 1 2 7 1 2 7 1 2 7 1 2 7 17 18 2 0 60.1419845223426819
13 6 3 0 2 7 13 6 3 5 31 3 0 2 7 0 2 7 0 2 7 0 2 7 0 2 7 12 16 2 12 16 2 12 16 2 0 2 7 5 31 3 0 2 7 0 2 7 17 18 2 5 31 3 0 2 7 1 2 4 1 2 7 1 2 7 0 2 7 12 16 2 0 2 7 17 9 2 6 2 7 0 2 7 1 2 7 0 2 7 0 2 7 1 2 7 0 2 7 1 2 4 1 2 7 17 9 2 1 2 7 5 30 3 1 2 7 0 2 7 0 2 7 1 2 7 0 2 4 17 9 2 0 2 7 0 2 7 0 2 4 16 31 2 16 6 2 0 2 7 1 2 7 0 2 7 1 2 7 0 2 7 1 2 7 1 2 7 1 2 7 1 2 4 1 2 7 17 18 2 0 60.1419845223426819
13 6 3 0 2 7 13 6 3 5 31 3 0 2 7 0 2 7 0 2 7 0 2 7 0 2 7 12 16 2 12 16 2 12 16 2 0 2 7 5 31 3 0 2 7 0 2 4 17 18 2 5 31 3 0 2 7 1 2 7 1 2 7 1 2 7 0 2 7 12 16 2 0 2 7 17 9 2 1 2 7 0 2 4 1 2 7 0 2 7 0 2 7 1 2 7 0 2 7 1 2 4 1 2 7 17 9 2 1 2 4 5 30 3 1 2 7 0 2 4 0 2 7 1 2 7 0 2 7 17 9 2 0 2 7 0 2 7 0 2 7 16 31 2 16 6 2 0 2 7 1 2 7 0 2 7 1 2 7 0 2 7 1 2 7 1 2 7 6 2 7 1 2 7 1 2 7 17 18 2 0 60.1419845223426819
13 6 3 0 2 7 13 6 3 5 31 3 0 2 7 0 2 4 0 2 7 0 2 7 0 2 7 12 16 2 12 16 2 12 16 2 0 2 7 5 31 3 0 2 7 0 2 7 17 18 2 5 31 3 0 2 7 1 2 7 1 2 7 0 2 4 0 2 7 12 16 2 0 2 7 17 9 2 1 2 7 0 2 4 1 2 7 0 2 7 0 2 7 1 2 7 0 2 7 0 2 7 1 2 7 17 9 2 1 2 4 5 30 3 1 2 7 0 2 7 0 2 7 1 2 7 0 2 7 17 9 2 6 2 7 0 2 4 1 2 7 16 31 2 16 6 2 0 2 7 1 2 7 0 2 7 1 2 7 0 2 7 1 2 7 1 2 7 1 2 7 1 2 7 1 2 7 17 18 2 0 60.1419845223426819
13 6 3 0 2 7 13 6 3 5 31 3 0 2 7 0 2 4 0 2 7 0 2 7 1 2 7 12 16 2 12 16 2 12 16 2 0 2 7 5 31 3 0 2 7 0 2 4 17 18 2 5 31 3 0 2 4 1 2 7 1 2 7 0 2 7 0 2 7 12 16 2 0 2 7 17 9 2 1 2 4 0 2 7 1 2 7 0 2 7 6 2 7 1 2 7 0 2 4 1 2 7 1 2 7 17 9 2 1 2 7 5 30 3 0 2 7 0 2 7 0 2 7 0 2 7 1 2 7 17 9 2 0 2 7 0 2 7 0 2 7 16 31 2 16 6 2 0 2 7 1 2 7 0 2 7 1 2 7 0 2 7 1 2 7 1 2 7 1 2 7 1 2 7 1 2 7 17 9 2 0 60.1419845223426819
13 6 3 0 2 7 13 6 3 5 31 3 0 2 4 0 2 7 0 2 7 0 2 7 0 2 7 12 16 2 12 16 2 12 16 2 1 2 7 5 31 3 0 2 7 0 2 4 17 18 2 5 31 3 0 2 4 1 2 7 1 2 7 0 2 7 0 2 7 12 16 2 0 2 7 17 9 2 1 2 7 0 2 4 1 2 7 0 2 7 0 2 7 1 2 7 0 2 7 1 2 7 1 2 7 17 9 2 1 2 4 5 30 3 0 2 7 1 2 7 0 2 7 1 2 7 0 2 7 17 9 2 0 2 7 0 2 7 0 2 7 16 31 2 16 6 2 0 2 7 1 2 7 0 2 7 6 2 7 0 2 7 1 2 7 1 2 7 1 2 7 1 2 7 1 2 7 17 9 2 0 60.1419845223426819
13 6 3 0 2 7 13 6 3 5 31 3 0 2 7 0 2 7 0 2 7 0 2 7 0 2 7 12 16 2 12 16 2 12 16 2 0 2 4 5 31 3 0 2 7 0 2 7 17 18 2 5 31 3 0 2 4 1 2 7 1 2 7 0 2 7 0 2 4 12 16 2 0 2 7 17 9 2 1 2 7 0 2 7 1 2 4 0 2 7 0 2 7 1 2 7 0 2 7 1 2 7 1 2 7 17 9 2 6 2 7 5 30 3 0 2 7 1 2 4 0 2 7 1 2 7 0 2 7 17 9 2 0 2 7 1 2 7 0 2 7 16 31 2 16 6 2 0 2 7 1 2 7 0 2 7 1 2 7 0 2 7 1 2 7 1 2 7 1 2 7 1 2 7 1 2 7 17 9 2 0 60.1419845223426819

MonoObjective Genetic Algorithm
Number of Evaluations = 0
Mutation Probability = 0
Crossover Probability = 1
Population Size = 10
Survival Selection Type = 18

Time =  18075.1281559467316

Current Evaluation = 2140
Front Size = 10
13 6 3 0 2 7 13 6 3 5 31 3 0 2 7 0 2 4 0 2 7 0 2 7 1 2 7 12 16 2 12 16 2 12 16 2 0 2 7 5 31 3 0 2 7 0 2 4 17 18 2 5 31 3 0 2 4 1 2 7 1 2 7 0 2 7 0 2 7 12 16 2 0 2 7 17 9 2 1 2 4 0 2 7 1 2 7 0 2 7 6 2 7 1 2 7 0 2 4 1 2 7 1 2 7 17 9 2 1 2 7 5 30 3 0 2 7 0 2 7 0 2 7 0 2 7 1 2 7 17 9 2 0 2 7 0 2 7 0 2 7 16 31 2 16 6 2 0 2 7 1 2 7 0 2 7 1 2 7 0 2 7 1 2 7 1 2 7 1 2 7 1 2 7 1 2 7 17 9 2 0 60.1419845223426819
13 6 3 0 2 7 13 6 3 5 31 3 0 2 7 0 2 4 0 2 7 0 2 7 0 2 7 12 16 2 12 16 2 12 16 2 0 2 7 5 31 3 0 2 7 0 2 4 17 18 2 5 31 3 0 2 7 1 2 7 1 2 7 0 2 7 0 2 7 12 16 2 0 2 7 17 9 2 1 2 7 0 2 4 1 2 7 0 2 7 0 2 7 1 2 7 0 2 7 1 2 7 1 2 7 17 9 2 1 2 4 5 30 3 0 2 7 1 2 7 0 2 7 1 2 7 0 2 7 17 9 2 6 2 7 0 2 4 0 2 7 16 31 2 16 6 2 0 2 7 1 2 7 0 2 7 1 2 7 0 2 7 1 2 7 1 2 7 1 2 7 1 2 7 1 2 7 17 9 2 0 60.1419845223426819
13 6 3 0 2 7 13 6 3 5 31 3 0 2 7 0 2 4 0 2 4 0 2 4 0 2 7 12 16 2 12 16 2 12 16 2 0 2 7 5 31 3 0 2 7 0 2 7 17 18 2 5 31 3 0 2 7 1 2 7 1 2 7 0 2 7 0 2 7 12 16 2 0 2 7 17 9 2 1 2 4 0 2 7 1 2 7 0 2 7 0 2 7 1 2 7 0 2 7 1 2 7 1 2 7 17 9 2 1 2 4 5 30 3 1 2 7 0 2 7 0 2 7 6 2 7 1 2 7 17 9 2 0 2 7 0 2 7 0 2 7 16 31 2 16 6 2 0 2 7 1 2 7 0 2 7 1 2 7 0 2 7 1 2 7 1 2 7 1 2 7 1 2 7 1 2 7 17 9 2 0 60.1419845223426819
13 6 3 0 2 7 13 6 3 5 31 3 0 2 7 0 2 7 0 2 7 0 2 7 0 2 7 12 16 2 12 16 2 12 16 2 0 2 4 5 31 3 0 2 7 0 2 7 17 18 2 5 31 3 0 2 7 1 2 7 1 2 7 0 2 4 0 2 7 12 16 2 0 2 7 17 9 2 1 2 7 0 2 7 1 2 4 0 2 7 0 2 7 1 2 7 0 2 7 1 2 7 1 2 7 17 9 2 6 2 4 5 30 3 1 2 7 0 2 4 0 2 7 1 2 7 0 2 7 17 9 2 0 2 7 0 2 7 1 2 7 16 31 2 16 6 2 0 2 7 1 2 7 0 2 7 1 2 7 0 2 7 1 2 7 1 2 7 1 2 7 1 2 7 1 2 7 17 18 2 0 60.1419845223426819
13 6 3 0 2 7 13 6 3 5 31 3 0 2 7 0 2 7 0 2 7 0 2 7 0 2 7 12 16 2 12 16 2 12 16 2 0 2 7 5 31 3 0 2 7 0 2 7 17 18 2 5 31 3 0 2 7 1 2 4 1 2 7 1 2 7 0 2 7 12 16 2 0 2 7 17 9 2 6 2 7 0 2 7 1 2 7 0 2 7 0 2 7 1 2 7 0 2 7 1 2 4 1 2 7 17 9 2 1 2 7 5 30 3 1 2 7 0 2 7 0 2 7 1 2 7 0 2 4 17 9 2 0 2 7 0 2 7 0 2 4 16 31 2 16 6 2 0 2 7 1 2 7 0 2 7 1 2 7 0 2 7 1 2 7 1 2 7 1 2 7 1 2 4 1 2 7 17 18 2 0 60.1419845223426819
13 6 3 0 2 7 13 6 3 5 31 3 0 2 7 0 2 7 0 2 7 0 2 7 0 2 7 12 16 2 12 16 2 12 16 2 0 2 7 5 31 3 0 2 7 0 2 4 17 18 2 5 31 3 0 2 7 1 2 7 1 2 7 1 2 7 0 2 7 12 16 2 0 2 7 17 9 2 1 2 7 0 2 4 1 2 7 0 2 7 0 2 7 1 2 7 0 2 7 1 2 4 1 2 7 17 9 2 1 2 4 5 30 3 1 2 7 0 2 4 0 2 7 1 2 7 0 2 7 17 9 2 0 2 7 0 2 7 0 2 7 16 31 2 16 6 2 0 2 7 1 2 7 0 2 7 1 2 7 0 2 7 1 2 7 1 2 7 6 2 7 1 2 7 1 2 7 17 18 2 0 60.1419845223426819
13 6 3 0 2 7 13 6 3 5 31 3 0 2 7 0 2 4 0 2 7 0 2 7 0 2 7 12 16 2 12 16 2 12 16 2 0 2 7 5 31 3 0 2 7 0 2 7 17 18 2 5 31 3 0 2 7 1 2 7 1 2 7 0 2 4 0 2 7 12 16 2 0 2 7 17 9 2 1 2 7 0 2 4 1 2 7 0 2 7 0 2 7 1 2 7 0 2 7 0 2 7 1 2 7 17 9 2 1 2 4 5 30 3 1 2 7 0 2 7 0 2 7 1 2 7 0 2 7 17 9 2 6 2 7 0 2 4 1 2 7 16 31 2 16 6 2 0 2 7 1 2 7 0 2 7 1 2 7 0 2 7 1 2 7 1 2 7 1 2 7 1 2 7 1 2 7 17 18 2 0 60.1419845223426819
13 6 3 0 2 7 13 6 3 5 31 3 0 2 7 0 2 4 0 2 7 0 2 7 1 2 7 12 16 2 12 16 2 12 16 2 0 2 7 5 31 3 0 2 7 0 2 4 17 18 2 5 31 3 0 2 4 1 2 7 1 2 7 0 2 7 0 2 7 12 16 2 0 2 7 17 9 2 1 2 4 0 2 7 1 2 7 0 2 7 6 2 7 1 2 7 0 2 4 1 2 7 1 2 7 17 9 2 1 2 7 5 30 3 0 2 7 0 2 7 0 2 7 0 2 7 1 2 7 17 9 2 0 2 7 0 2 7 0 2 7 16 31 2 16 6 2 0 2 7 1 2 7 0 2 7 1 2 7 0 2 7 1 2 7 1 2 7 1 2 7 1 2 7 1 2 7 17 9 2 0 60.1419845223426819
13 6 3 0 2 7 13 6 3 5 31 3 0 2 4 0 2 7 0 2 7 0 2 7 0 2 7 12 16 2 12 16 2 12 16 2 1 2 7 5 31 3 0 2 7 0 2 4 17 18 2 5 31 3 0 2 4 1 2 7 1 2 7 0 2 7 0 2 7 12 16 2 0 2 7 17 9 2 1 2 7 0 2 4 1 2 7 0 2 7 0 2 7 1 2 7 0 2 7 1 2 7 1 2 7 17 9 2 1 2 4 5 30 3 0 2 7 1 2 7 0 2 7 1 2 7 0 2 7 17 9 2 0 2 7 0 2 7 0 2 7 16 31 2 16 6 2 0 2 7 1 2 7 0 2 7 6 2 7 0 2 7 1 2 7 1 2 7 1 2 7 1 2 7 1 2 7 17 9 2 0 60.1419845223426819
13 6 3 0 2 7 13 6 3 5 31 3 0 2 7 0 2 7 0 2 7 0 2 7 0 2 7 12 16 2 12 16 2 12 16 2 0 2 4 5 31 3 0 2 7 0 2 7 17 18 2 5 31 3 0 2 4 1 2 7 1 2 7 0 2 7 0 2 4 12 16 2 0 2 7 17 9 2 1 2 7 0 2 7 1 2 4 0 2 7 0 2 7 1 2 7 0 2 7 1 2 7 1 2 7 17 9 2 6 2 7 5 30 3 0 2 7 1 2 4 0 2 7 1 2 7 0 2 7 17 9 2 0 2 7 1 2 7 0 2 7 16 31 2 16 6 2 0 2 7 1 2 7 0 2 7 1 2 7 0 2 7 1 2 7 1 2 7 1 2 7 1 2 7 1 2 7 17 9 2 0 60.1419845223426819

