Current Evaluation = 180(180)
Front Size = 10
5 30 3 17 9 2 1 2 7 0 2 7 0 2 7 0 2 7 12 16 2 0 2 7 0 2 7 0 2 7 5 31 3 13 6 3 1 2 7 1 2 7 1 2 7 0 2 7 0 2 7 0 2 7 1 2 7 17 9 2 0 20.2646257877349854
0 2 7 1 2 7 1 2 7 17 18 2 0 2 7 1 2 7 17 18 2 5 30 3 1 2 7 13 6 3 0 2 7 1 2 7 5 31 3 0 2 7 0 2 7 0 2 7 0 2 7 0 2 7 12 16 2 0 2 7 0 20.2646257877349854
5 30 3 0 2 7 1 2 7 1 2 7 12 16 2 1 2 7 0 2 7 0 2 7 0 2 7 0 2 7 1 2 7 17 18 2 5 31 3 0 2 7 1 2 7 13 6 3 0 2 7 0 2 7 0 2 7 17 9 2 0 20.2646257877349854
1 2 11 0 2 7 17 18 2 13 6 3 12 16 2 12 16 2 5 30 3 12 16 2 0 2 7 0 2 7 0 2 7 0 2 7 1 2 7 13 6 3 12 16 2 17 9 2 0 2 7 0 2 4 1 2 7 1 2 11 0 20.3046585321426392
1 2 11 0 2 7 17 18 2 13 6 3 12 16 2 12 16 2 5 30 3 12 16 2 0 2 7 0 2 7 0 2 7 0 2 7 1 2 4 13 6 3 12 16 2 17 9 2 1 2 11 0 2 7 0 2 7 1 2 7 0 20.3046585321426392
12 16 2 1 2 7 0 2 7 1 2 11 0 2 7 0 2 7 0 2 4 0 2 7 12 16 2 12 16 2 5 30 3 0 2 11 1 2 7 13 6 3 17 9 2 17 18 2 13 6 3 12 16 2 0 2 7 1 2 7 0 20.3046586513519287
5 30 3 0 2 7 1 2 7 1 2 7 12 16 2 1 2 7 0 2 7 0 2 7 6 2 7 0 2 7 17 18 2 5 31 3 0 2 7 13 6 3 0 2 7 0 2 4 17 18 2 1 2 4 0 2 7 12 16 2 0 20.3487167954444885
0 2 7 12 16 2 0 2 7 5 30 3 12 16 2 0 2 7 0 2 7 0 2 7 6 2 7 1 2 7 6 2 7 13 6 3 17 18 2 16 15 2 0 2 3 5 31 3 0 2 7 0 2 7 12 16 2 0 2 7 0 20.6928607225418091
0 2 7 1 2 7 1 2 7 17 18 2 6 2 7 5 30 3 13 6 3 0 2 7 5 31 3 0 2 7 0 2 7 0 2 7 12 16 2 12 16 2 1 2 7 1 2 7 17 9 2 0 2 7 0 2 4 0 2 4 0 20.3487167954444885
1 2 7 16 31 2 0 2 7 1 2 7 17 18 2 0 2 3 0 2 7 12 16 2 12 16 2 0 2 4 5 30 3 1 2 7 5 30 3 13 6 3 1 2 4 12 16 2 0 2 7 0 2 7 0 2 7 0 2 7 0 20.4516056776046753

Current Evaluation = 360(360)
Front Size = 10
1 2 7 17 18 2 13 6 3 12 16 2 5 31 3 0 2 7 1 2 7 0 2 7 0 2 7 0 2 7 0 2 7 1 2 7 1 2 7 1 2 7 0 2 7 0 2 7 5 30 3 0 2 7 0 2 7 17 18 2 0 20.2646257877349854
1 2 7 1 2 7 1 2 7 0 2 7 0 2 7 5 30 3 0 2 7 5 31 3 17 9 2 17 18 2 0 2 7 0 2 7 0 2 7 0 2 7 13 6 3 0 2 7 1 2 7 0 2 7 12 16 2 1 2 7 0 20.2646257877349854
1 2 11 0 2 7 17 18 2 13 6 3 12 16 2 12 16 2 5 30 3 12 16 2 0 2 7 0 2 7 1 2 7 1 2 11 13 6 3 12 16 2 17 9 2 0 2 7 0 2 4 0 2 7 0 2 7 1 2 7 0 20.3046585321426392
1 2 7 13 6 3 0 2 7 5 30 3 0 2 7 0 2 7 0 2 7 1 2 7 0 2 7 0 2 7 0 2 7 1 2 7 5 31 3 1 2 7 0 2 7 0 2 7 12 16 2 1 2 7 17 9 2 17 9 2 0 20.2646257877349854
1 2 11 0 2 7 17 18 2 13 6 3 12 16 2 12 16 2 5 30 3 12 16 2 0 2 7 0 2 7 0 2 7 0 2 7 1 2 4 13 6 3 12 16 2 17 9 2 1 2 11 0 2 7 0 2 7 1 2 7 0 20.3046585321426392
0 2 3 0 2 11 0 2 12 0 2 7 17 18 2 12 16 2 12 16 2 0 2 7 5 30 3 0 2 7 13 6 3 12 16 2 0 2 4 1 2 7 1 2 7 13 6 3 1 2 4 1 2 7 12 16 2 17 9 2 0 20.3980587720870972
1 2 7 0 2 4 17 18 2 13 6 3 12 16 2 12 16 2 5 30 3 12 16 2 0 2 7 0 2 7 0 2 7 0 2 7 13 6 3 12 16 2 17 9 2 1 2 7 1 2 7 1 2 11 0 2 11 0 2 7 0 20.3046586513519287
0 2 7 13 6 3 12 16 2 5 30 3 0 2 4 0 2 7 0 2 7 1 2 4 17 9 2 0 2 7 0 2 7 1 2 7 5 31 3 6 2 7 1 2 7 0 2 7 0 2 7 1 2 7 12 16 2 17 9 2 0 20.3487167954444885
12 16 2 1 2 7 1 2 7 1 2 4 6 2 7 0 2 7 12 16 2 0 2 7 5 30 3 0 2 7 5 31 3 17 9 2 17 18 2 0 2 7 0 2 7 1 2 4 0 2 7 0 2 7 13 6 3 0 2 7 0 20.3487167954444885
0 2 7 1 2 7 1 2 7 17 18 2 6 2 7 5 30 3 13 6 3 0 2 7 5 31 3 0 2 7 0 2 7 0 2 7 12 16 2 12 16 2 1 2 7 1 2 7 17 9 2 0 2 7 0 2 4 0 2 4 0 20.3487167954444885

Current Evaluation = 540(540)
Front Size = 10
1 2 7 17 18 2 13 6 3 12 16 2 5 31 3 0 2 7 1 2 7 0 2 7 0 2 7 0 2 7 0 2 7 1 2 7 1 2 7 1 2 7 0 2 7 0 2 7 5 30 3 0 2 7 0 2 7 17 18 2 0 20.2646257877349854
1 2 7 13 6 3 12 16 2 5 31 3 0 2 7 1 2 7 0 2 7 0 2 7 0 2 7 0 2 7 1 2 7 1 2 7 1 2 7 0 2 7 0 2 7 5 30 3 0 2 7 0 2 7 17 18 2 17 9 2 0 20.2646257877349854
0 2 7 13 6 3 12 16 2 1 2 7 5 30 3 0 2 7 5 31 3 0 2 7 1 2 7 0 2 7 17 9 2 0 2 7 0 2 7 0 2 7 0 2 7 1 2 7 1 2 7 0 2 7 17 9 2 1 2 7 0 20.2646257877349854
0 2 7 0 2 4 17 18 2 13 6 3 12 16 2 12 16 2 5 30 3 12 16 2 1 2 11 0 2 7 1 2 7 13 6 3 12 16 2 17 9 2 0 2 7 1 2 7 1 2 11 0 2 7 0 2 7 0 2 7 0 20.3046585321426392
1 2 7 16 6 2 1 2 7 5 30 3 1 2 7 0 2 7 1 2 3 17 9 2 0 2 3 0 2 7 0 2 7 0 2 12 12 16 2 1 2 4 5 31 3 0 2 7 0 2 7 0 2 7 8 9 2 0 2 7 0 20.769278883934021
1 2 11 0 2 7 17 18 2 13 6 3 12 16 2 12 16 2 5 30 3 12 16 2 0 2 7 0 2 7 0 2 7 0 2 7 1 2 4 13 6 3 12 16 2 17 9 2 1 2 11 0 2 7 0 2 7 1 2 7 0 20.3046585321426392
1 2 7 0 2 7 17 18 2 13 6 3 12 16 2 12 16 2 5 30 3 12 16 2 0 2 7 0 2 7 1 2 7 13 6 3 12 16 2 17 9 2 0 2 7 0 2 4 0 2 7 1 2 7 1 2 11 0 2 11 0 20.3046586513519287
12 16 2 1 2 7 1 2 7 0 2 7 0 2 7 5 30 3 0 2 7 5 31 3 17 9 2 0 2 7 0 2 7 6 2 7 0 2 7 13 6 3 0 2 7 1 2 4 0 2 7 12 16 2 17 9 2 1 2 4 0 20.3487167954444885
1 2 3 0 2 7 1 2 7 5 30 3 0 2 7 0 2 7 13 6 3 12 16 2 5 31 3 0 2 7 1 2 4 1 2 7 0 2 4 17 9 2 0 2 7 0 2 7 16 30 2 12 16 2 0 2 7 12 16 2 0 20.4516057968139648
0 2 7 1 2 7 1 2 7 6 2 7 5 30 3 13 6 3 0 2 4 5 31 3 0 2 7 1 2 7 0 2 7 12 16 2 12 16 2 17 9 2 0 2 7 17 18 2 0 2 7 1 2 7 0 2 4 0 2 7 0 20.3487167954444885

Current Evaluation = 720(720)
Front Size = 10
12 16 2 0 2 7 1 2 7 0 2 7 0 2 7 5 30 3 0 2 7 0 2 7 0 2 7 13 6 3 1 2 7 5 31 3 0 2 7 0 2 7 0 2 7 1 2 7 1 2 7 1 2 7 17 18 2 17 18 2 0 20.2646257877349854
1 2 3 0 2 7 1 2 7 5 30 3 0 2 7 0 2 7 13 6 3 12 16 2 5 31 3 0 2 7 1 2 4 1 2 7 0 2 4 17 9 2 0 2 7 0 2 7 16 30 2 12 16 2 0 2 7 12 16 2 0 20.4516057968139648
0 2 7 13 6 3 12 16 2 12 16 2 1 2 11 5 30 3 1 2 7 17 9 2 0 2 7 0 2 7 0 2 7 1 2 11 0 2 7 12 16 2 0 2 7 12 16 2 13 6 3 0 2 4 17 9 2 1 2 7 0 20.3046585321426392
0 2 7 17 18 2 13 6 3 12 16 2 12 16 2 5 30 3 12 16 2 1 2 11 0 2 7 1 2 4 13 6 3 12 16 2 17 9 2 0 2 7 0 2 7 0 2 7 1 2 7 0 2 7 1 2 11 0 2 7 0 20.3046585321426392
0 2 7 13 6 3 12 16 2 5 30 3 1 2 4 17 9 2 0 2 7 0 2 7 0 2 7 1 2 11 0 2 7 17 9 2 1 2 7 12 16 2 0 2 7 1 2 11 12 16 2 12 16 2 13 6 3 0 2 7 0 20.3046585321426392
0 2 7 1 2 7 1 2 7 5 30 3 13 6 3 5 31 3 0 2 7 1 2 7 0 2 7 12 16 2 17 9 2 0 2 7 1 2 7 0 2 7 0 2 7 1 2 7 0 2 7 0 2 7 0 2 7 17 18 2 0 20.2646257877349854
0 2 7 13 6 3 12 16 2 5 30 3 1 2 7 17 9 2 0 2 7 0 2 7 0 2 7 0 2 7 0 2 7 17 9 2 1 2 7 5 31 3 1 2 7 1 2 7 0 2 7 0 2 7 1 2 7 0 2 7 0 20.2646257877349854
1 2 7 0 2 7 17 18 2 13 6 3 12 16 2 12 16 2 5 30 3 12 16 2 0 2 7 0 2 7 1 2 7 13 6 3 12 16 2 17 9 2 0 2 7 0 2 4 0 2 7 1 2 7 1 2 11 0 2 11 0 20.3046586513519287
12 16 2 1 2 7 1 2 7 0 2 7 0 2 7 5 30 3 0 2 7 5 31 3 17 9 2 0 2 7 0 2 7 6 2 7 0 2 7 13 6 3 0 2 7 1 2 4 0 2 7 12 16 2 17 9 2 1 2 4 0 20.3487167954444885
0 2 7 1 2 7 1 2 7 5 30 3 13 6 3 0 2 7 0 2 4 12 16 2 17 9 2 0 2 4 0 2 7 0 2 7 12 16 2 0 2 7 17 9 2 5 31 3 1 2 7 1 2 7 6 2 7 0 2 7 0 20.3487167954444885

Current Evaluation = 900(900)
Front Size = 10
0 2 7 13 6 3 1 2 7 5 31 3 0 2 7 0 2 7 0 2 7 1 2 7 1 2 7 0 2 7 0 2 7 12 16 2 1 2 7 5 30 3 17 9 2 0 2 7 0 2 7 1 2 7 0 2 7 17 9 2 0 20.2646257877349854
1 2 7 17 18 2 13 6 3 1 2 7 5 30 3 0 2 7 0 2 7 1 2 7 5 31 3 0 2 7 0 2 7 0 2 7 0 2 7 12 16 2 1 2 7 0 2 7 0 2 7 17 9 2 0 2 7 1 2 7 0 20.2646257877349854
0 2 7 13 6 3 0 2 7 5 30 3 1 2 7 0 2 7 0 2 7 0 2 7 0 2 7 0 2 7 1 2 7 5 31 3 1 2 7 1 2 7 0 2 7 12 16 2 0 2 7 1 2 7 17 18 2 17 18 2 0 20.2646257877349854
0 2 7 17 18 2 13 6 3 12 16 2 12 16 2 5 30 3 12 16 2 1 2 11 0 2 7 13 6 3 12 16 2 17 9 2 0 2 7 0 2 7 0 2 7 1 2 7 0 2 4 1 2 7 1 2 11 0 2 7 0 20.3046585321426392
0 2 7 13 6 3 12 16 2 0 2 7 0 2 7 1 2 7 17 18 2 0 2 4 1 2 7 0 2 7 0 2 7 12 16 2 5 30 3 1 2 11 1 2 11 12 16 2 12 16 2 13 6 3 0 2 7 17 18 2 0 20.3046585321426392
17 9 2 13 6 3 12 16 2 5 30 3 0 2 7 0 2 7 0 2 7 1 2 7 0 2 7 0 2 7 1 2 7 0 2 4 0 2 11 12 16 2 12 16 2 13 6 3 12 16 2 17 18 2 1 2 7 1 2 11 0 20.3046586513519287
17 9 2 13 6 3 12 16 2 5 30 3 1 2 11 0 2 7 0 2 7 0 2 11 0 2 7 0 2 7 12 16 2 12 16 2 13 6 3 12 16 2 1 2 7 1 2 4 0 2 7 1 2 7 0 2 7 17 9 2 0 20.3046586513519287
17 9 2 13 6 3 12 16 2 5 30 3 1 2 11 0 2 7 1 2 4 0 2 7 1 2 11 0 2 7 0 2 7 0 2 7 12 16 2 12 16 2 13 6 3 12 16 2 0 2 7 0 2 7 17 9 2 1 2 7 0 20.3046585321426392
0 2 7 13 6 3 1 2 7 0 2 7 0 2 7 0 2 7 1 2 7 0 2 7 0 2 7 12 16 2 5 30 3 17 9 2 17 18 2 5 31 3 1 2 7 0 2 4 12 16 2 12 16 2 12 16 2 0 2 7 0.000247848173361922693 20.8291236162185669
0 2 7 13 6 3 1 2 7 5 31 3 0 2 7 0 2 7 0 2 4 1 2 7 1 2 7 0 2 7 0 2 7 12 16 2 1 2 7 5 30 3 17 9 2 6 2 7 0 2 7 0 2 4 17 9 2 12 16 2 0 20.3487167954444885

Current Evaluation = 1080(1080)
Front Size = 10
0 2 7 13 6 3 12 16 2 5 30 3 0 2 7 17 9 2 0 2 7 0 2 7 0 2 7 1 2 7 0 2 7 0 2 7 0 2 7 5 31 3 1 2 7 0 2 7 1 2 7 1 2 7 1 2 7 17 9 2 0 20.2646257877349854
0 2 7 13 6 3 12 16 2 12 16 2 5 30 3 12 16 2 1 2 7 0 2 4 13 6 3 12 16 2 17 9 2 0 2 7 0 2 7 1 2 11 0 2 7 0 2 7 0 2 7 1 2 11 1 2 7 17 9 2 0 20.3046585321426392
0 2 7 13 6 3 12 16 2 5 30 3 0 2 7 0 2 7 0 2 7 1 2 7 1 2 7 17 18 2 0 2 7 1 2 7 0 2 7 1 2 7 0 2 7 5 31 3 17 9 2 0 2 7 1 2 7 0 2 7 0 20.2646257877349854
0 2 7 13 6 3 12 16 2 12 16 2 5 30 3 12 16 2 1 2 7 0 2 4 13 6 3 12 16 2 17 9 2 0 2 7 0 2 7 1 2 11 0 2 7 0 2 7 0 2 7 1 2 11 1 2 7 17 18 2 0 20.3046585321426392
0 2 7 13 6 3 12 16 2 5 30 3 0 2 7 1 2 7 1 2 7 0 2 7 0 2 7 17 18 2 5 31 3 1 2 7 1 2 7 0 2 7 1 2 7 0 2 7 0 2 7 0 2 7 17 18 2 0 2 7 0 20.2646257877349854
0 2 7 13 6 3 12 16 2 12 16 2 5 30 3 12 16 2 1 2 11 0 2 7 13 6 3 12 16 2 17 9 2 0 2 7 0 2 7 0 2 7 1 2 7 1 2 11 0 2 7 0 2 7 1 2 4 17 9 2 0 20.3046585321426392
0 2 7 13 6 3 12 16 2 12 16 2 5 30 3 12 16 2 1 2 7 13 6 3 12 16 2 17 9 2 0 2 7 0 2 7 1 2 11 0 2 7 0 2 7 0 2 7 1 2 7 0 2 11 1 2 4 17 9 2 0 20.3046586513519287
0 2 7 13 6 3 12 16 2 12 16 2 5 30 3 12 16 2 1 2 11 0 2 7 13 6 3 12 16 2 17 9 2 0 2 7 0 2 7 0 2 7 1 2 7 17 18 2 1 2 7 1 2 7 0 2 11 0 2 4 0 20.3046586513519287
0 2 7 13 6 3 6 2 3 0 2 7 0 2 7 0 2 7 0 2 7 0 2 7 0 2 7 12 16 2 5 30 3 17 9 2 0 2 11 12 16 2 12 16 2 16 30 2 5 31 3 1 2 7 1 2 4 1 2 7 0 20.5474988222122192
0 2 7 13 6 3 1 2 7 5 31 3 0 2 7 0 2 7 0 2 4 1 2 7 1 2 7 0 2 7 0 2 7 12 16 2 1 2 7 5 30 3 17 9 2 6 2 7 0 2 7 0 2 4 17 9 2 12 16 2 0 20.3487167954444885

Current Evaluation = 1260(1260)
Front Size = 10
0 2 7 13 6 3 12 16 2 5 30 3 0 2 7 1 2 7 1 2 7 0 2 7 0 2 7 5 31 3 1 2 7 1 2 7 0 2 7 1 2 7 0 2 7 0 2 7 0 2 7 0 2 7 17 18 2 17 18 2 0 20.2646257877349854
0 2 7 12 16 2 1 2 7 5 30 3 0 2 7 1 2 7 0 2 4 0 2 7 6 2 7 1 2 7 17 9 2 17 9 2 1 2 7 0 2 7 5 31 3 0 2 7 0 2 7 13 6 3 0 2 4 12 16 2 0 20.3487167954444885
0 2 7 13 6 3 12 16 2 12 16 2 5 30 3 12 16 2 1 2 7 0 2 7 13 6 3 12 16 2 17 9 2 0 2 7 0 2 7 1 2 11 17 9 2 0 2 7 0 2 4 1 2 7 1 2 11 0 2 7 0 20.3046585321426392
0 2 7 13 6 3 12 16 2 5 30 3 1 2 7 0 2 7 0 2 7 1 2 7 0 2 7 1 2 7 0 2 7 17 9 2 0 2 7 5 31 3 0 2 7 1 2 7 0 2 7 0 2 7 1 2 7 17 9 2 0 20.2646257877349854
0 2 7 13 6 3 12 16 2 5 30 3 1 2 7 0 2 7 0 2 7 1 2 7 0 2 7 1 2 7 0 2 7 17 9 2 0 2 7 5 31 3 0 2 7 1 2 7 0 2 7 0 2 7 1 2 7 17 18 2 0 20.2646257877349854
0 2 7 13 6 3 12 16 2 12 16 2 5 30 3 12 16 2 1 2 11 0 2 7 13 6 3 12 16 2 17 9 2 0 2 7 0 2 7 0 2 7 1 2 7 1 2 11 0 2 7 0 2 7 1 2 4 17 9 2 0 20.3046585321426392
0 2 7 13 6 3 12 16 2 12 16 2 5 30 3 12 16 2 0 2 7 0 2 7 13 6 3 12 16 2 17 9 2 0 2 7 0 2 7 0 2 7 1 2 11 1 2 7 0 2 11 1 2 7 1 2 4 17 18 2 0 20.3046586513519287
0 2 7 13 6 3 12 16 2 12 16 2 5 30 3 12 16 2 1 2 7 0 2 7 13 6 3 12 16 2 17 9 2 0 2 7 0 2 7 0 2 4 1 2 11 1 2 7 0 2 11 17 9 2 1 2 7 0 2 7 0 20.3046586513519287
0 2 7 13 6 3 12 16 2 5 30 3 1 2 7 0 2 7 0 2 7 0 2 7 0 2 7 17 9 2 0 2 7 0 2 7 17 9 2 1 2 7 12 16 2 1 2 11 1 2 4 1 2 11 0 2 7 1 2 7 0.000234263498850514109 20.2301496267318726
0 2 7 13 6 3 12 16 2 5 30 3 1 2 7 0 2 7 0 2 7 1 2 7 0 2 7 0 2 7 17 9 2 0 2 7 5 31 3 0 2 7 1 2 4 6 2 3 12 16 2 12 16 2 0 2 11 16 30 2 0 20.5474988222122192

Current Evaluation = 1440(1440)
Front Size = 10
0 2 7 13 6 3 12 16 2 5 30 3 0 2 7 1 2 7 1 2 7 0 2 7 0 2 7 5 31 3 1 2 7 0 2 7 0 2 7 0 2 7 17 18 2 1 2 7 1 2 7 0 2 7 0 2 7 17 18 2 0 20.2646257877349854
0 2 7 13 6 3 12 16 2 5 30 3 1 2 7 0 2 7 0 2 7 1 2 7 0 2 7 0 2 7 17 9 2 0 2 7 5 31 3 0 2 7 1 2 4 6 2 3 12 16 2 12 16 2 0 2 11 16 30 2 0 20.5474988222122192
1 2 7 13 6 3 0 2 7 5 30 3 0 2 7 0 2 7 1 2 7 0 2 7 1 2 7 5 31 3 0 2 7 0 2 7 0 2 7 1 2 7 0 2 7 1 2 7 12 16 2 17 9 2 0 2 7 17 18 2 0 20.2646257877349854
0 2 7 13 6 3 12 16 2 12 16 2 5 30 3 12 16 2 1 2 11 0 2 7 13 6 3 12 16 2 17 9 2 0 2 7 0 2 7 0 2 7 1 2 11 0 2 7 0 2 4 17 18 2 1 2 7 1 2 7 0 20.3046585321426392
0 2 7 13 6 3 12 16 2 5 30 3 0 2 7 1 2 7 1 2 7 0 2 7 0 2 7 5 31 3 1 2 7 1 2 7 0 2 7 1 2 7 0 2 7 0 2 7 0 2 7 0 2 7 17 9 2 17 9 2 0 20.2646257877349854
0 2 7 13 6 3 12 16 2 12 16 2 5 30 3 12 16 2 1 2 11 0 2 7 13 6 3 12 16 2 17 9 2 0 2 7 0 2 7 0 2 7 1 2 7 1 2 11 0 2 7 0 2 7 1 2 4 17 9 2 0 20.3046585321426392
0 2 7 12 16 2 1 2 7 5 30 3 0 2 11 1 2 7 0 2 4 0 2 7 17 9 2 0 2 7 0 2 7 0 2 7 13 6 3 12 16 2 1 2 11 17 9 2 12 16 2 12 16 2 1 2 7 13 6 3 0 20.3046586513519287
0 2 7 13 6 3 12 16 2 12 16 2 5 30 3 12 16 2 0 2 7 0 2 7 13 6 3 12 16 2 17 9 2 0 2 7 0 2 7 0 2 7 1 2 11 1 2 7 1 2 4 0 2 11 1 2 7 17 18 2 0 20.3046586513519287
0 2 7 13 6 3 12 16 2 5 30 3 0 2 7 1 2 7 1 2 7 0 2 7 0 2 7 5 31 3 0 2 7 0 2 7 0 2 7 6 2 7 1 2 4 12 16 2 1 2 7 0 2 4 17 18 2 17 9 2 0 20.3487167954444885
0 2 7 13 6 3 12 16 2 5 30 3 0 2 7 1 2 7 1 2 7 0 2 7 0 2 7 5 31 3 1 2 7 1 2 7 0 2 7 0 2 7 17 9 2 17 9 2 6 2 7 0 2 4 0 2 4 12 16 2 0 20.3487167954444885

Current Evaluation = 1620(1620)
Front Size = 10
0 2 7 13 6 3 1 2 7 5 30 3 0 2 7 0 2 7 0 2 7 0 2 7 1 2 7 1 2 7 0 2 7 17 18 2 0 2 7 0 2 7 1 2 7 12 16 2 1 2 7 0 2 7 5 31 3 17 18 2 0 20.2646257877349854
0 2 7 13 6 3 12 16 2 12 16 2 5 30 3 12 16 2 0 2 4 0 2 7 13 6 3 12 16 2 17 9 2 0 2 7 0 2 7 0 2 7 1 2 7 1 2 11 1 2 7 0 2 7 17 18 2 1 2 11 0 20.3046585321426392
0 2 7 13 6 3 12 16 2 12 16 2 5 30 3 12 16 2 0 2 7 0 2 7 13 6 3 12 16 2 17 9 2 0 2 7 0 2 7 0 2 7 1 2 11 1 2 7 1 2 4 17 18 2 0 2 7 1 2 11 0 20.3046585321426392
0 2 7 13 6 3 12 16 2 12 16 2 5 30 3 12 16 2 0 2 7 1 2 7 13 6 3 12 16 2 17 9 2 0 2 7 0 2 7 0 2 7 1 2 7 1 2 11 0 2 4 0 2 7 17 9 2 1 2 11 0 20.3046585321426392
0 2 7 13 6 3 12 16 2 5 30 3 1 2 7 0 2 7 0 2 7 1 2 7 0 2 7 0 2 7 17 9 2 0 2 7 5 31 3 0 2 7 1 2 4 6 2 3 12 16 2 12 16 2 0 2 11 16 30 2 0 20.5474988222122192
0 2 7 13 6 3 0 2 7 5 30 3 1 2 7 0 2 7 0 2 7 1 2 7 0 2 7 0 2 7 17 9 2 1 2 7 0 2 7 12 16 2 0 2 7 1 2 7 1 2 7 5 31 3 0 2 7 17 18 2 0 20.2646257877349854
0 2 7 13 6 3 0 2 7 5 30 3 1 2 7 0 2 7 0 2 7 1 2 7 0 2 7 0 2 7 17 9 2 1 2 7 0 2 7 12 16 2 0 2 7 1 2 7 1 2 7 5 31 3 0 2 7 17 9 2 0 20.2646257877349854
0 2 7 13 6 3 12 16 2 12 16 2 5 30 3 12 16 2 0 2 7 0 2 7 13 6 3 12 16 2 17 9 2 0 2 7 0 2 7 0 2 7 1 2 11 1 2 7 1 2 4 17 18 2 0 2 11 1 2 7 0 20.3046586513519287
0 2 7 13 6 3 12 16 2 5 30 3 1 2 7 0 2 7 0 2 7 1 2 7 0 2 7 0 2 7 17 9 2 12 16 2 12 16 2 0 2 11 1 2 7 13 6 3 17 9 2 1 2 11 0 2 4 12 16 2 0 20.3046586513519287
0 2 7 13 6 3 12 16 2 5 30 3 0 2 7 1 2 7 1 2 7 0 2 7 0 2 7 5 31 3 1 2 7 1 2 7 0 2 7 0 2 7 17 9 2 17 9 2 6 2 7 0 2 4 0 2 4 12 16 2 0 20.3487167954444885

Current Evaluation = 1800(1800)
Front Size = 10
0 2 7 13 6 3 12 16 2 5 30 3 0 2 7 0 2 7 0 2 7 1 2 7 1 2 7 5 31 3 17 18 2 0 2 7 1 2 7 0 2 7 0 2 7 1 2 7 0 2 7 1 2 7 0 2 7 17 18 2 0 20.2646257877349854
0 2 7 13 6 3 12 16 2 5 30 3 0 2 7 0 2 7 0 2 7 1 2 7 1 2 7 5 31 3 17 18 2 0 2 7 1 2 7 0 2 7 0 2 7 1 2 7 0 2 7 1 2 7 0 2 7 17 9 2 0 20.2646257877349854
0 2 7 13 6 3 0 2 7 5 30 3 0 2 7 1 2 7 17 9 2 0 2 7 1 2 7 5 31 3 1 2 7 0 2 7 1 2 7 12 16 2 17 9 2 0 2 7 1 2 7 0 2 7 0 2 7 0 2 7 0 20.2646257877349854
0 2 7 13 6 3 12 16 2 12 16 2 5 30 3 12 16 2 0 2 7 0 2 7 13 6 3 12 16 2 17 9 2 0 2 7 0 2 7 0 2 7 1 2 11 1 2 7 1 2 11 17 9 2 0 2 7 1 2 4 0 20.3046585321426392
0 2 7 13 6 3 12 16 2 5 30 3 0 2 7 0 2 7 17 9 2 0 2 7 0 2 7 0 2 7 1 2 7 0 2 7 12 16 2 12 16 2 13 6 3 12 16 2 1 2 11 1 2 4 17 18 2 1 2 11 0 20.3046585321426392
0 2 7 13 6 3 12 16 2 12 16 2 5 30 3 12 16 2 0 2 7 0 2 4 13 6 3 12 16 2 17 9 2 0 2 7 0 2 7 1 2 7 0 2 7 17 9 2 1 2 11 1 2 11 0 2 7 1 2 7 0 20.3046585321426392
0 2 7 13 6 3 12 16 2 12 16 2 5 30 3 12 16 2 0 2 7 0 2 7 13 6 3 12 16 2 17 9 2 0 2 7 0 2 7 0 2 7 1 2 11 1 2 7 1 2 4 17 18 2 0 2 11 1 2 7 0 20.3046586513519287
0 2 7 13 6 3 12 16 2 5 30 3 1 2 7 0 2 7 0 2 7 1 2 7 0 2 7 0 2 7 17 9 2 12 16 2 12 16 2 0 2 11 1 2 7 13 6 3 17 9 2 1 2 11 0 2 4 12 16 2 0 20.3046586513519287
1 2 7 13 6 3 1 2 7 5 30 3 1 2 7 0 2 7 6 2 4 0 2 7 0 2 7 0 2 7 17 9 2 1 2 4 0 2 7 17 9 2 0 2 7 12 16 2 5 31 3 0 2 7 0 2 7 12 16 2 0 20.3487167954444885
0 2 7 13 6 3 12 16 2 5 30 3 0 2 7 1 2 7 1 2 7 0 2 7 0 2 7 5 31 3 1 2 7 1 2 7 0 2 7 0 2 7 17 9 2 17 9 2 6 2 7 0 2 4 0 2 4 12 16 2 0 20.3487167954444885

Current Evaluation = 1980(1980)
Front Size = 10
0 2 7 13 6 3 5 30 3 5 31 3 0 2 7 1 2 7 1 2 7 1 2 7 0 2 7 0 2 7 1 2 7 0 2 7 0 2 7 0 2 7 12 16 2 0 2 7 1 2 7 0 2 7 17 18 2 17 18 2 0 20.2646257877349854
0 2 7 13 6 3 1 2 7 5 31 3 1 2 7 0 2 7 0 2 7 0 2 7 0 2 7 0 2 7 17 18 2 17 9 2 0 2 7 1 2 7 5 30 3 1 2 7 0 2 7 12 16 2 1 2 7 0 2 7 0 20.2646257877349854
0 2 7 13 6 3 12 16 2 12 16 2 5 30 3 12 16 2 0 2 7 13 6 3 12 16 2 17 9 2 0 2 7 0 2 7 0 2 7 0 2 7 1 2 4 1 2 11 1 2 7 17 18 2 0 2 7 1 2 11 0 20.3046585321426392
0 2 7 13 6 3 12 16 2 5 30 3 1 2 7 0 2 7 0 2 7 1 2 7 0 2 7 0 2 7 17 9 2 12 16 2 12 16 2 13 6 3 1 2 11 12 16 2 17 9 2 0 2 4 0 2 7 1 2 11 0 20.3046585321426392
1 2 7 13 6 3 1 2 7 5 30 3 1 2 7 0 2 7 6 2 4 0 2 7 0 2 7 0 2 7 17 9 2 1 2 4 0 2 7 17 9 2 0 2 7 12 16 2 5 31 3 0 2 7 0 2 7 12 16 2 0 20.3487167954444885
0 2 7 13 6 3 5 30 3 5 31 3 0 2 7 1 2 7 1 2 7 1 2 7 0 2 7 0 2 7 1 2 7 0 2 7 0 2 7 0 2 7 12 16 2 0 2 7 1 2 7 0 2 7 17 9 2 17 9 2 0 20.2646257877349854
0 2 7 13 6 3 12 16 2 12 16 2 5 30 3 12 16 2 0 2 7 13 6 3 12 16 2 17 9 2 0 2 7 0 2 7 1 2 7 0 2 7 17 9 2 1 2 11 1 2 11 0 2 7 1 2 4 0 2 7 0 20.3046585321426392
0 2 7 13 6 3 12 16 2 12 16 2 5 30 3 12 16 2 0 2 7 13 6 3 12 16 2 17 9 2 0 2 7 0 2 7 1 2 7 0 2 7 1 2 11 0 2 7 1 2 7 17 18 2 1 2 4 0 2 11 0 20.3046586513519287
0 2 7 13 6 3 12 16 2 12 16 2 5 30 3 12 16 2 0 2 7 13 6 3 12 16 2 17 9 2 0 2 7 0 2 7 1 2 7 0 2 7 1 2 11 1 2 7 0 2 4 17 9 2 0 2 11 1 2 7 0 20.3046586513519287
0 2 7 13 6 3 5 31 3 5 30 3 0 2 7 0 2 7 1 2 7 0 2 7 0 2 7 1 2 7 0 2 7 0 2 7 1 2 7 12 16 2 1 2 7 0 2 4 12 16 2 17 9 2 17 18 2 6 2 4 0 20.3487167954444885

Current Evaluation = 2160(2160)
Front Size = 10
0 2 7 13 6 3 0 2 7 5 31 3 1 2 7 1 2 7 1 2 7 5 30 3 1 2 7 0 2 7 0 2 7 17 9 2 0 2 7 0 2 7 12 16 2 0 2 7 17 9 2 0 2 7 1 2 7 0 2 7 0 20.2646257877349854
0 2 7 13 6 3 12 16 2 5 30 3 1 2 7 0 2 7 0 2 7 0 2 7 0 2 7 0 2 7 1 2 7 17 18 2 12 16 2 12 16 2 13 6 3 12 16 2 0 2 7 5 31 3 0 2 7 1 2 7 0.000684211368745377547 20.5894856452941895
0 2 7 13 6 3 0 2 7 5 30 3 0 2 7 0 2 7 0 2 7 1 2 7 0 2 7 0 2 7 1 2 7 0 2 7 1 2 7 5 31 3 1 2 7 17 18 2 0 2 7 1 2 7 12 16 2 17 9 2 0 20.2646257877349854
1 2 7 13 6 3 12 16 2 5 30 3 0 2 7 0 2 7 0 2 7 0 2 7 0 2 7 0 2 7 1 2 7 17 18 2 1 2 7 17 18 2 5 31 3 0 2 7 0 2 7 1 2 7 0 2 7 1 2 7 0 20.2646257877349854
0 2 7 13 6 3 12 16 2 12 16 2 5 30 3 12 16 2 1 2 7 13 6 3 12 16 2 17 9 2 0 2 7 0 2 7 0 2 7 0 2 7 1 2 11 0 2 7 1 2 7 0 2 4 17 18 2 1 2 11 0 20.3046585321426392
0 2 7 13 6 3 12 16 2 12 16 2 5 30 3 12 16 2 1 2 7 13 6 3 12 16 2 17 9 2 0 2 7 0 2 7 0 2 7 0 2 7 1 2 11 0 2 7 1 2 11 17 9 2 0 2 7 1 2 4 0 20.3046585321426392
0 2 7 13 6 3 12 16 2 12 16 2 5 30 3 12 16 2 0 2 7 13 6 3 12 16 2 17 9 2 0 2 7 0 2 7 0 2 7 1 2 11 1 2 7 17 9 2 0 2 11 0 2 4 1 2 7 1 2 7 0 20.3046586513519287
0 2 7 13 6 3 12 16 2 12 16 2 5 30 3 12 16 2 1 2 7 13 6 3 12 16 2 17 9 2 0 2 7 0 2 7 0 2 7 0 2 7 1 2 11 0 2 7 1 2 7 17 18 2 1 2 4 0 2 11 0 20.3046586513519287
0 2 7 13 6 3 12 16 2 12 16 2 5 30 3 0 2 7 17 18 2 5 31 3 1 2 7 0 2 7 6 2 4 0 2 7 17 18 2 1 2 7 1 2 7 1 2 7 0 2 7 0 2 7 0 2 4 0 2 7 0 20.3487167954444885
1 2 7 13 6 3 1 2 7 5 30 3 1 2 7 0 2 7 6 2 4 0 2 7 0 2 7 0 2 7 17 9 2 1 2 4 0 2 7 17 9 2 0 2 7 12 16 2 5 31 3 0 2 7 0 2 7 12 16 2 0 20.3487167954444885

Current Evaluation = 2340(2340)
Front Size = 10
1 2 7 13 6 3 12 16 2 5 30 3 0 2 7 0 2 7 0 2 7 0 2 7 0 2 7 0 2 7 1 2 7 1 2 7 5 31 3 0 2 7 0 2 7 1 2 7 0 2 7 1 2 7 17 9 2 17 9 2 0 20.2646257877349854
1 2 7 13 6 3 12 16 2 5 30 3 0 2 7 0 2 7 0 2 7 0 2 7 0 2 7 0 2 7 1 2 7 1 2 7 5 31 3 0 2 7 0 2 7 1 2 7 0 2 7 1 2 7 17 9 2 17 18 2 0 20.2646257877349854
1 2 7 13 6 3 12 16 2 5 30 3 0 2 7 0 2 7 0 2 7 0 2 7 0 2 7 0 2 7 1 2 7 17 18 2 1 2 7 5 31 3 0 2 7 0 2 7 1 2 7 0 2 7 1 2 7 17 18 2 0 20.2646257877349854
0 2 7 13 6 3 12 16 2 12 16 2 5 30 3 12 16 2 13 6 3 12 16 2 17 9 2 0 2 7 1 2 11 1 2 7 0 2 7 0 2 7 17 9 2 0 2 7 0 2 7 1 2 11 0 2 7 1 2 4 0 20.3046585321426392
1 2 7 13 6 3 12 16 2 5 30 3 0 2 7 17 18 2 5 31 3 1 2 4 0 2 7 0 2 7 1 2 7 0 2 7 1 2 7 0 2 7 0 2 7 0 2 7 12 16 2 0 2 4 17 18 2 6 2 7 0 20.3487167954444885
1 2 7 13 6 3 12 16 2 5 30 3 1 2 7 0 2 7 0 2 7 0 2 7 0 2 7 0 2 7 1 2 11 17 9 2 17 9 2 1 2 11 12 16 2 0 2 4 12 16 2 13 6 3 12 16 2 0 2 7 0 20.3046585321426392
1 2 11 13 6 3 12 16 2 5 30 3 1 2 7 1 2 4 0 2 7 0 2 7 12 16 2 12 16 2 13 6 3 12 16 2 0 2 7 17 18 2 0 2 11 0 2 7 0 2 7 0 2 7 1 2 7 17 18 2 0 20.3046586513519287
0 2 7 13 6 3 12 16 2 5 30 3 0 2 7 1 2 7 0 2 7 0 2 7 0 2 7 0 2 7 0 2 7 1 2 7 12 16 2 1 2 7 12 16 2 17 9 2 1 2 11 1 2 7 0 2 7 1 2 4 0.000619587321780012035 20.3809006214141846
1 2 11 13 6 3 12 16 2 5 30 3 0 2 4 1 2 7 1 2 7 0 2 7 0 2 7 12 16 2 12 16 2 13 6 3 12 16 2 0 2 7 17 18 2 0 2 11 0 2 7 1 2 7 17 18 2 0 2 7 0 20.3046586513519287
0 2 7 13 6 3 12 16 2 5 30 3 1 2 7 0 2 4 0 2 7 0 2 7 0 2 4 0 2 7 1 2 7 0 2 7 5 31 3 0 2 7 1 2 7 17 9 2 12 16 2 17 9 2 1 2 7 6 2 7 0 20.3487167954444885

Current Evaluation = 2520(2520)
Front Size = 10
1 2 7 13 6 3 12 16 2 5 30 3 0 2 7 0 2 7 0 2 7 0 2 7 0 2 7 0 2 7 0 2 7 1 2 7 1 2 7 5 31 3 0 2 7 1 2 7 0 2 7 1 2 7 17 9 2 17 9 2 0 20.2646257877349854
1 2 11 13 6 3 12 16 2 5 30 3 0 2 7 0 2 7 0 2 7 1 2 7 0 2 7 0 2 7 12 16 2 0 2 4 13 6 3 12 16 2 1 2 7 17 9 2 12 16 2 17 9 2 0 2 7 1 2 11 0 20.3046585321426392
13 6 3 0 2 7 5 30 3 1 2 7 1 2 7 0 2 7 0 2 7 0 2 7 17 18 2 0 2 7 1 2 7 0 2 7 1 2 7 17 9 2 0 2 7 5 31 3 0 2 7 12 16 2 0 2 7 1 2 7 0 20.2646257877349854
0 2 7 13 6 3 0 2 7 12 16 2 5 31 3 0 2 7 0 2 7 1 2 7 0 2 7 0 2 7 5 30 3 17 18 2 17 18 2 0 2 7 1 2 7 0 2 7 0 2 7 1 2 7 1 2 7 1 2 7 0 20.2646257877349854
0 2 7 13 6 3 12 16 2 5 30 3 0 2 7 0 2 7 0 2 7 1 2 11 0 2 7 12 16 2 0 2 7 13 6 3 12 16 2 1 2 11 1 2 7 17 9 2 12 16 2 0 2 7 1 2 4 17 9 2 0 20.3046585321426392
0 2 7 13 6 3 12 16 2 12 16 2 5 30 3 12 16 2 13 6 3 12 16 2 1 2 11 0 2 7 0 2 7 0 2 7 0 2 7 0 2 7 1 2 7 0 2 4 17 18 2 17 9 2 1 2 7 1 2 11 0 20.3046585321426392
1 2 7 13 6 3 12 16 2 5 30 3 0 2 7 0 2 7 0 2 7 0 2 7 0 2 7 0 2 11 1 2 4 12 16 2 0 2 7 13 6 3 12 16 2 1 2 11 1 2 7 17 9 2 12 16 2 17 9 2 0 20.3046586513519287
1 2 11 13 6 3 12 16 2 5 30 3 0 2 4 1 2 7 1 2 7 0 2 7 0 2 7 12 16 2 12 16 2 13 6 3 12 16 2 0 2 7 17 18 2 0 2 11 0 2 7 1 2 7 17 18 2 0 2 7 0 20.3046586513519287
1 2 7 13 6 3 12 16 2 5 30 3 0 2 7 17 18 2 5 31 3 1 2 4 0 2 7 0 2 7 1 2 7 0 2 7 1 2 7 0 2 7 0 2 7 0 2 7 12 16 2 0 2 4 17 18 2 6 2 7 0 20.3487167954444885
0 2 7 13 6 3 12 16 2 5 30 3 1 2 7 0 2 4 0 2 7 0 2 7 0 2 4 0 2 7 1 2 7 0 2 7 5 31 3 0 2 7 1 2 7 17 9 2 12 16 2 17 9 2 1 2 7 6 2 7 0 20.3487167954444885

Current Evaluation = 2700(2700)
Front Size = 10
13 6 3 12 16 2 5 30 3 1 2 7 0 2 7 0 2 7 0 2 7 1 2 7 0 2 7 17 18 2 0 2 7 0 2 7 17 18 2 5 31 3 0 2 7 0 2 7 1 2 7 1 2 7 1 2 7 0 2 7 0 20.2646257877349854
0 2 7 13 6 3 12 16 2 5 30 3 0 2 7 0 2 7 0 2 7 1 2 11 12 16 2 12 16 2 13 6 3 12 16 2 0 2 7 0 2 7 17 9 2 1 2 7 1 2 7 1 2 11 17 9 2 0 2 4 0 20.3046585321426392
13 6 3 12 16 2 1 2 7 0 2 7 0 2 7 1 2 11 0 2 7 1 2 7 12 16 2 17 18 2 0 2 4 0 2 7 0 2 7 12 16 2 13 6 3 12 16 2 5 30 3 0 2 7 1 2 11 17 9 2 0 20.3046585321426392
0 2 7 13 6 3 1 2 7 5 30 3 0 2 7 0 2 7 1 2 7 0 2 7 0 2 7 0 2 7 1 2 7 0 2 7 12 16 2 0 2 7 5 31 3 1 2 7 1 2 7 17 18 2 0 2 7 17 9 2 0 20.2646257877349854
0 2 7 13 6 3 0 2 7 0 2 7 0 2 7 0 2 7 1 2 7 0 2 7 0 2 7 5 30 3 0 2 7 17 9 2 17 9 2 5 31 3 1 2 7 0 2 7 12 16 2 1 2 7 1 2 7 1 2 7 0 20.2646257877349854
0 2 7 13 6 3 12 16 2 5 30 3 0 2 7 0 2 7 0 2 7 1 2 11 0 2 7 12 16 2 0 2 7 13 6 3 12 16 2 1 2 11 1 2 7 17 9 2 12 16 2 17 9 2 0 2 7 1 2 4 0 20.3046585321426392
0 2 7 13 6 3 12 16 2 5 30 3 0 2 7 0 2 7 0 2 7 1 2 11 12 16 2 12 16 2 13 6 3 12 16 2 0 2 7 0 2 7 17 9 2 1 2 7 1 2 7 1 2 4 0 2 11 17 18 2 0 20.3046586513519287
13 6 3 12 16 2 1 2 7 0 2 7 0 2 7 1 2 11 0 2 7 1 2 7 12 16 2 17 18 2 0 2 4 0 2 7 0 2 7 12 16 2 13 6 3 12 16 2 5 30 3 1 2 7 0 2 11 17 18 2 0 20.3046586513519287
13 6 3 0 2 7 5 30 3 1 2 7 1 2 7 0 2 7 0 2 7 0 2 7 0 2 4 1 2 7 0 2 7 1 2 7 5 31 3 12 16 2 17 9 2 17 9 2 0 2 4 0 2 7 6 2 7 12 16 2 0 20.3487167954444885
1 2 7 13 6 3 12 16 2 5 30 3 0 2 7 17 18 2 5 31 3 1 2 4 0 2 7 0 2 7 1 2 7 0 2 7 1 2 7 0 2 7 0 2 7 0 2 7 12 16 2 0 2 4 17 18 2 6 2 7 0 20.3487167954444885

Current Evaluation = 2880(2880)
Front Size = 10
1 2 7 13 6 3 12 16 2 5 30 3 0 2 7 5 31 3 0 2 7 0 2 7 1 2 7 0 2 7 1 2 7 0 2 7 0 2 7 0 2 7 1 2 7 0 2 7 0 2 7 1 2 7 17 9 2 17 9 2 0 20.2646257877349854
1 2 7 13 6 3 12 16 2 5 30 3 0 2 7 5 31 3 0 2 7 0 2 7 1 2 7 0 2 7 1 2 7 0 2 7 0 2 7 0 2 7 1 2 7 0 2 7 0 2 7 1 2 7 17 9 2 17 18 2 0 20.2646257877349854
0 2 7 13 6 3 0 2 7 5 30 3 0 2 7 0 2 7 1 2 7 0 2 7 0 2 7 1 2 7 5 31 3 1 2 7 12 16 2 1 2 7 17 18 2 0 2 7 0 2 7 17 18 2 0 2 7 1 2 7 0 20.2646257877349854
13 6 3 12 16 2 5 30 3 1 2 7 0 2 7 0 2 7 0 2 7 0 2 7 0 2 7 0 2 7 17 9 2 12 16 2 12 16 2 1 2 11 1 2 11 12 16 2 13 6 3 1 2 4 0 2 7 17 9 2 0 20.3046585321426392
13 6 3 12 16 2 5 30 3 1 2 7 0 2 7 0 2 7 0 2 7 0 2 7 0 2 7 0 2 7 17 9 2 12 16 2 12 16 2 1 2 11 1 2 11 12 16 2 13 6 3 1 2 4 0 2 7 17 18 2 0 20.3046585321426392
13 6 3 12 16 2 5 30 3 1 2 7 0 2 7 0 2 7 0 2 7 1 2 7 0 2 7 0 2 7 0 2 7 17 9 2 12 16 2 12 16 2 0 2 4 17 9 2 1 2 11 1 2 11 12 16 2 13 6 3 0 20.3046585321426392
0 2 11 16 19 11 12 16 2 5 30 3 12 16 2 0 2 7 0 2 7 0 2 11 1 2 11 0 2 4 0 2 7 0 2 7 0 2 1 12 16 2 0 2 7 8 9 2 5 30 3 8 9 2 1 2 7 17 9 2 0 21.7761547565460205
1 2 7 13 6 3 12 16 2 5 30 3 0 2 7 17 18 2 5 31 3 1 2 4 0 2 7 0 2 7 1 2 7 0 2 7 1 2 7 0 2 7 0 2 7 0 2 7 12 16 2 0 2 4 17 18 2 6 2 7 0 20.3487167954444885
13 6 3 0 2 7 5 30 3 1 2 7 1 2 7 0 2 7 0 2 7 0 2 7 0 2 4 1 2 7 0 2 7 1 2 7 5 31 3 12 16 2 17 9 2 17 9 2 0 2 4 0 2 7 6 2 7 12 16 2 0 20.3487167954444885
13 6 3 12 16 2 1 2 7 0 2 7 0 2 7 1 2 11 0 2 7 1 2 7 12 16 2 17 18 2 0 2 4 0 2 7 0 2 7 12 16 2 13 6 3 12 16 2 5 30 3 1 2 7 0 2 11 17 18 2 0 20.3046586513519287

Current Evaluation = 3060(3060)
Front Size = 10
1 2 7 13 6 3 12 16 2 5 30 3 0 2 7 5 31 3 0 2 7 0 2 7 1 2 7 0 2 7 1 2 7 0 2 7 0 2 7 1 2 7 0 2 7 0 2 7 0 2 7 1 2 7 17 18 2 17 18 2 0 20.2646257877349854
1 2 7 13 6 3 12 16 2 5 30 3 0 2 7 5 31 3 0 2 7 0 2 7 1 2 7 0 2 7 1 2 7 0 2 7 17 9 2 0 2 7 1 2 7 0 2 7 0 2 7 0 2 7 1 2 7 17 18 2 0 20.2646257877349854
1 2 7 13 6 3 1 2 7 5 30 3 0 2 7 0 2 7 0 2 7 1 2 7 1 2 7 1 2 7 0 2 7 17 9 2 5 31 3 0 2 7 12 16 2 17 9 2 0 2 7 0 2 7 0 2 7 0 2 7 0 20.2646257877349854
13 6 3 12 16 2 5 31 3 1 2 7 0 2 7 0 2 11 0 2 7 0 2 3 0 2 4 0 2 7 16 30 2 0 2 7 5 30 3 12 16 2 6 2 7 1 2 7 12 16 2 1 2 7 0 2 7 17 9 2 0 20.547498881816864
13 6 3 12 16 2 5 30 3 1 2 7 0 2 7 0 2 7 0 2 7 0 2 7 0 2 7 12 16 2 12 16 2 1 2 11 1 2 11 12 16 2 13 6 3 0 2 7 0 2 4 1 2 7 17 18 2 17 9 2 0 20.3046585321426392
13 6 3 12 16 2 5 30 3 1 2 7 0 2 7 0 2 7 0 2 7 0 2 7 0 2 7 17 9 2 12 16 2 12 16 2 1 2 11 1 2 11 12 16 2 13 6 3 0 2 7 0 2 4 17 9 2 1 2 7 0 20.3046585321426392
13 6 3 12 16 2 5 30 3 1 2 7 0 2 7 0 2 7 0 2 7 0 2 7 0 2 7 0 2 7 17 9 2 12 16 2 12 16 2 1 2 11 1 2 11 12 16 2 13 6 3 1 2 4 0 2 7 17 9 2 0 20.3046585321426392
1 2 7 13 6 3 1 2 7 5 30 3 0 2 7 0 2 7 0 2 7 1 2 7 0 2 7 17 9 2 5 31 3 0 2 7 12 16 2 17 9 2 0 2 7 0 2 7 1 2 7 0 2 4 1 2 4 6 2 7 8.15046341929365263e-05 20.1303668618202209
0 2 7 13 6 3 12 16 2 5 30 3 0 2 7 0 2 7 0 2 11 1 2 7 0 2 7 1 2 7 0 2 7 17 18 2 17 18 2 13 6 3 1 2 11 12 16 2 12 16 2 12 16 2 0 2 4 1 2 7 0 20.3046586513519287
13 6 3 12 16 2 5 30 3 1 2 7 0 2 7 0 2 7 0 2 7 0 2 7 0 2 7 0 2 7 1 2 7 17 18 2 5 31 3 12 16 2 1 2 11 1 2 11 0 2 7 13 6 3 1 2 7 17 18 2 0.000602767688736779018 20.2494326829910278

Current Evaluation = 3240(3240)
Front Size = 10
1 2 7 13 6 3 1 2 7 5 30 3 0 2 7 0 2 7 0 2 7 1 2 7 1 2 7 1 2 7 0 2 7 5 31 3 0 2 7 12 16 2 0 2 7 0 2 7 0 2 7 0 2 7 17 9 2 17 9 2 0 20.2646257877349854
1 2 7 13 6 3 1 2 7 5 30 3 0 2 7 0 2 7 0 2 7 1 2 7 1 2 7 1 2 7 0 2 7 5 31 3 0 2 7 12 16 2 0 2 7 0 2 7 0 2 7 0 2 7 17 18 2 17 9 2 0 20.2646257877349854
0 2 7 16 6 2 12 16 2 5 31 3 0 2 4 0 2 7 1 2 3 0 2 7 0 2 7 0 2 7 8 18 2 16 30 2 0 2 3 1 2 7 0 2 10 12 16 2 1 2 7 5 30 3 0 2 11 12 16 2 0 21.0074108839035034
1 2 7 13 6 3 1 2 7 5 30 3 0 2 7 0 2 7 0 2 7 1 2 7 1 2 7 1 2 7 0 2 7 5 31 3 0 2 7 12 16 2 0 2 7 0 2 7 0 2 7 0 2 7 17 18 2 17 18 2 0 20.2646257877349854
12 16 2 1 2 7 0 2 7 0 2 4 1 2 11 5 30 3 0 2 7 17 9 2 13 6 3 0 2 7 0 2 7 12 16 2 0 2 7 13 6 3 1 2 7 0 2 7 1 2 11 12 16 2 12 16 2 17 9 2 0 20.3046585321426392
0 2 7 13 6 3 12 16 2 5 30 3 0 2 7 0 2 7 1 2 11 0 2 7 1 2 7 0 2 4 13 6 3 1 2 11 12 16 2 12 16 2 12 16 2 0 2 7 0 2 7 17 9 2 1 2 7 17 18 2 0 20.3046585321426392
17 18 2 12 16 2 0 2 7 6 2 4 0 2 7 1 2 7 0 2 7 5 30 3 0 2 7 0 2 7 13 6 3 5 31 3 0 2 4 0 2 7 0 2 7 12 16 2 1 2 7 1 2 7 1 2 7 17 9 2 0 20.3487167954444885
13 6 3 12 16 2 5 30 3 1 2 7 0 2 7 0 2 7 0 2 7 0 2 7 0 2 7 0 2 7 17 9 2 12 16 2 12 16 2 1 2 11 1 2 11 12 16 2 13 6 3 1 2 4 0 2 7 17 9 2 0 20.3046585321426392
13 6 3 12 16 2 0 2 7 0 2 4 0 2 7 0 2 4 0 2 7 0 2 7 1 2 7 5 31 3 12 16 2 12 16 2 1 2 7 1 2 7 0 2 7 5 30 3 1 2 7 16 30 2 0 2 3 17 9 2 0 20.4516057968139648
13 6 3 12 16 2 5 31 3 1 2 7 6 2 7 0 2 7 0 2 7 0 2 7 1 2 11 0 2 7 12 16 2 0 2 4 0 2 7 0 2 7 1 2 7 12 16 2 5 30 3 17 18 2 16 30 2 0 2 3 0 20.5474987626075745

Current Evaluation = 3420(3420)
Front Size = 10
0 2 7 13 6 3 5 31 3 5 30 3 0 2 7 0 2 7 0 2 7 1 2 7 0 2 7 12 16 2 0 2 7 17 9 2 1 2 7 0 2 7 1 2 7 1 2 7 1 2 7 0 2 7 0 2 7 17 9 2 0 20.2646257877349854
0 2 4 13 6 3 1 2 7 1 2 11 0 2 7 13 6 3 0 2 7 12 16 2 1 2 11 0 2 7 0 2 7 17 18 2 12 16 2 0 2 7 5 30 3 12 16 2 17 9 2 12 16 2 1 2 7 0 2 7 0 20.3046585321426392
12 16 2 1 2 7 0 2 7 1 2 11 5 30 3 0 2 7 17 9 2 13 6 3 0 2 7 0 2 7 12 16 2 1 2 7 13 6 3 0 2 7 1 2 11 12 16 2 12 16 2 17 9 2 0 2 7 0 2 4 0 20.3046585321426392
0 2 7 13 6 3 5 31 3 5 30 3 0 2 7 0 2 7 0 2 7 1 2 7 0 2 7 12 16 2 0 2 7 1 2 7 0 2 7 1 2 7 1 2 7 1 2 7 0 2 7 0 2 7 17 9 2 17 18 2 0 20.2646257877349854
1 2 7 13 6 3 1 2 7 5 30 3 0 2 7 1 2 7 0 2 7 0 2 7 0 2 7 1 2 7 0 2 7 0 2 7 1 2 7 12 16 2 5 31 3 0 2 7 0 2 7 0 2 7 17 18 2 17 18 2 0 20.2646257877349854
0 2 7 13 6 3 12 16 2 5 30 3 1 2 7 0 2 7 1 2 11 0 2 7 0 2 7 0 2 7 1 2 11 1 2 7 0 2 7 13 6 3 0 2 4 12 16 2 12 16 2 12 16 2 17 18 2 17 18 2 0 20.3046585321426392
12 16 2 1 2 7 0 2 7 1 2 11 5 30 3 0 2 7 17 9 2 13 6 3 0 2 7 0 2 7 12 16 2 0 2 7 13 6 3 0 2 7 1 2 11 12 16 2 12 16 2 17 9 2 0 2 7 1 2 4 0 20.3046585321426392
0 2 7 13 6 3 5 31 3 5 30 3 0 2 4 0 2 7 6 2 7 1 2 7 0 2 7 12 16 2 0 2 7 17 9 2 1 2 7 0 2 7 1 2 4 1 2 7 17 18 2 12 16 2 0 2 7 0 2 7 0 20.3487167954444885
0 2 7 13 6 3 5 30 3 1 2 7 0 2 7 0 2 7 1 2 7 12 16 2 0 2 4 0 2 7 0 2 7 17 18 2 12 16 2 0 2 7 17 18 2 0 2 7 1 2 7 6 2 4 5 31 3 1 2 7 0 20.3487167954444885
12 16 2 1 2 7 0 2 7 5 30 3 0 2 7 13 6 3 0 2 7 0 2 7 0 2 7 0 2 7 0 2 7 1 2 11 17 9 2 1 2 7 13 6 3 1 2 11 0 2 7 12 16 2 1 2 7 17 18 2 0.000604442850344493452 19.9585106372833252

Current Evaluation = 3600(3600)
Front Size = 10
0 2 7 13 6 3 1 2 7 5 30 3 0 2 7 0 2 7 0 2 7 0 2 7 0 2 7 0 2 7 0 2 7 1 2 7 1 2 7 5 31 3 1 2 7 12 16 2 1 2 7 17 9 2 17 9 2 0 2 7 0 20.2646257877349854
0 2 7 13 6 3 5 31 3 0 2 7 1 2 7 0 2 7 12 16 2 5 30 3 1 2 7 0 2 7 1 2 7 0 2 7 17 9 2 1 2 7 0 2 7 0 2 7 1 2 7 17 18 2 0 2 7 0 2 7 0 20.2646257877349854
0 2 7 0 2 7 5 30 3 0 2 7 0 2 7 1 2 7 1 2 7 1 2 7 0 2 7 12 16 2 13 6 3 17 18 2 1 2 7 1 2 7 5 31 3 0 2 7 0 2 7 0 2 7 0 2 7 17 18 2 0 20.2646257877349854
0 2 7 13 6 3 12 16 2 5 30 3 1 2 7 0 2 7 1 2 11 0 2 7 0 2 7 0 2 7 1 2 11 0 2 7 13 6 3 12 16 2 12 16 2 12 16 2 1 2 7 0 2 4 17 18 2 17 18 2 0 20.3046585321426392
0 2 7 13 6 3 12 16 2 5 30 3 1 2 7 0 2 7 1 2 11 0 2 7 0 2 7 0 2 7 1 2 11 0 2 7 13 6 3 12 16 2 12 16 2 12 16 2 1 2 7 0 2 4 17 18 2 17 9 2 0 20.3046585321426392
0 2 7 13 6 3 12 16 2 5 30 3 1 2 7 0 2 7 1 2 11 0 2 7 0 2 7 0 2 7 1 2 11 0 2 7 13 6 3 12 16 2 12 16 2 12 16 2 17 9 2 0 2 7 17 9 2 1 2 4 0 20.3046585321426392
0 2 7 13 6 3 5 30 3 1 2 7 0 2 7 0 2 7 1 2 7 12 16 2 0 2 4 0 2 7 0 2 7 17 18 2 12 16 2 0 2 7 17 18 2 0 2 7 1 2 7 6 2 4 5 31 3 1 2 7 0 20.3487167954444885
0 2 11 13 6 3 12 16 2 5 31 3 1 2 3 1 2 7 0 2 7 0 2 7 1 2 7 0 2 7 0 2 7 12 16 2 0 2 7 1 2 7 17 18 2 12 16 2 13 6 3 0 2 7 12 16 2 17 18 2 0 20.4253377914428711
0 2 7 13 6 3 5 31 3 0 2 7 1 2 7 0 2 4 12 16 2 5 30 3 1 2 7 0 2 7 1 2 7 0 2 7 17 9 2 1 2 7 0 2 7 0 2 7 0 2 4 6 2 7 17 9 2 12 16 2 0 20.3487167954444885
0 2 7 13 6 3 12 16 2 5 30 3 1 2 7 0 2 7 0 2 7 0 2 7 0 2 7 0 2 7 17 9 2 0 2 7 1 2 7 5 31 3 1 2 7 12 16 2 12 16 2 12 16 2 1 2 7 1 2 4 0.000137085696632230423 20.7905726432800293

MonoObjective Genetic Algorithm
Number of Evaluations = 0
Mutation Probability = 0
Crossover Probability = 1
Population Size = 10
Survival Selection Type = 15

Time =  3601.14111804962158

Current Evaluation = 3450
Front Size = 10
0 2 7 13 6 3 1 2 7 5 30 3 0 2 7 0 2 7 0 2 7 0 2 7 0 2 7 0 2 7 0 2 7 1 2 7 1 2 7 5 31 3 1 2 7 12 16 2 1 2 7 17 9 2 17 9 2 0 2 7 0 20.2646257877349854
0 2 7 13 6 3 5 31 3 0 2 7 1 2 7 0 2 7 12 16 2 5 30 3 1 2 7 0 2 7 1 2 7 0 2 7 17 9 2 1 2 7 0 2 7 0 2 7 1 2 7 17 18 2 0 2 7 0 2 7 0 20.2646257877349854
0 2 7 0 2 7 5 30 3 0 2 7 0 2 7 1 2 7 1 2 7 1 2 7 0 2 7 12 16 2 13 6 3 17 18 2 1 2 7 1 2 7 5 31 3 0 2 7 0 2 7 0 2 7 0 2 7 17 18 2 0 20.2646257877349854
0 2 7 13 6 3 12 16 2 5 30 3 1 2 7 0 2 7 1 2 11 0 2 7 0 2 7 0 2 7 1 2 11 0 2 7 13 6 3 12 16 2 12 16 2 12 16 2 1 2 7 0 2 4 17 18 2 17 18 2 0 20.3046585321426392
0 2 7 13 6 3 12 16 2 5 30 3 1 2 7 0 2 7 1 2 11 0 2 7 0 2 7 0 2 7 1 2 11 0 2 7 13 6 3 12 16 2 12 16 2 12 16 2 1 2 7 0 2 4 17 18 2 17 9 2 0 20.3046585321426392
0 2 7 13 6 3 12 16 2 5 30 3 1 2 7 0 2 7 1 2 11 0 2 7 0 2 7 0 2 7 1 2 11 0 2 7 13 6 3 12 16 2 12 16 2 12 16 2 17 9 2 0 2 7 17 9 2 1 2 4 0 20.3046585321426392
0 2 7 13 6 3 5 30 3 1 2 7 0 2 7 0 2 7 1 2 7 12 16 2 0 2 4 0 2 7 0 2 7 17 18 2 12 16 2 0 2 7 17 18 2 0 2 7 1 2 7 6 2 4 5 31 3 1 2 7 0 20.3487167954444885
0 2 11 13 6 3 12 16 2 5 31 3 1 2 3 1 2 7 0 2 7 0 2 7 1 2 7 0 2 7 0 2 7 12 16 2 0 2 7 1 2 7 17 18 2 12 16 2 13 6 3 0 2 7 12 16 2 17 18 2 0 20.4253377914428711
0 2 7 13 6 3 5 31 3 0 2 7 1 2 7 0 2 4 12 16 2 5 30 3 1 2 7 0 2 7 1 2 7 0 2 7 17 9 2 1 2 7 0 2 7 0 2 7 0 2 4 6 2 7 17 9 2 12 16 2 0 20.3487167954444885
0 2 7 13 6 3 12 16 2 5 30 3 1 2 7 0 2 7 0 2 7 0 2 7 0 2 7 0 2 7 17 9 2 0 2 7 1 2 7 5 31 3 1 2 7 12 16 2 12 16 2 12 16 2 1 2 7 1 2 4 0.000137085696632230423 20.7905726432800293

