Current Evaluation = 900(900)
Front Size = 10
0 2 7 13 6 3 0 2 7 0 2 7 0 2 7 5 30 3 0 2 7 5 30 3 17 9 2 0 2 7 5 30 3 0 2 7 17 1 2 0 2 7 0 2 7 0 2 7 1 2 7 12 16 2 5 30 3 1 2 7 0 2 7 16 9 11 6 2 7 5 30 3 0 2 7 0 2 7 0 2 7 16 6 2 17 18 2 1 2 7 12 16 2 0 2 7 0 2 7 5 30 3 0 2 7 0 2 7 0 2 7 12 16 2 16 30 2 0 2 7 1 2 7 17 18 2 1 2 7 0 2 7 1 2 3 1 2 4 5 31 3 0 2 7 0 2 3 0 2 7 8 9 2 0 2 3 0 2 7 1 2 7 1 2 7 5 31 3 1 2 7 1 2 7 0 2 7 0 2 3 0 61.8000863790512085
0 2 7 0 2 7 16 19 11 0 2 7 0 2 7 5 30 3 0 2 7 5 30 3 8 9 2 0 2 7 5 30 3 0 2 3 17 1 2 0 2 7 0 2 7 1 2 7 1 2 7 12 16 2 5 30 3 1 2 7 0 2 7 16 19 11 1 2 7 5 30 3 0 2 7 0 2 7 0 2 7 16 30 2 17 18 2 0 2 7 12 16 2 0 2 7 0 2 7 5 30 3 0 2 7 0 2 7 0 2 7 12 16 2 16 31 2 0 2 7 1 2 7 17 18 2 1 2 7 0 2 7 1 2 7 0 2 7 5 31 3 0 2 7 0 2 7 0 2 7 8 9 2 0 2 3 0 2 7 1 2 7 6 2 7 5 30 3 1 2 7 1 2 7 0 2 7 0 2 3 0 62.4273971915245056
0 2 7 0 2 7 16 18 11 0 2 7 0 2 7 5 30 3 0 2 7 5 30 3 8 9 2 0 2 7 5 30 3 0 2 7 17 1 2 0 2 7 0 2 3 1 2 7 1 2 7 12 16 2 5 30 3 1 2 7 0 2 7 16 19 11 1 2 3 5 30 3 0 2 7 0 2 7 0 2 7 16 6 2 17 18 2 0 2 7 12 16 2 0 2 7 0 2 7 5 30 3 0 2 7 0 2 7 0 2 7 12 16 2 16 31 2 0 2 7 1 2 7 17 18 2 1 2 7 0 2 7 1 2 11 0 2 7 5 31 3 0 2 7 0 2 7 0 2 7 8 9 2 0 2 3 0 2 7 1 2 7 1 2 7 5 30 3 1 2 7 1 2 7 0 2 7 0 2 7 0 62.4914481043815613
0 2 7 1 2 7 17 18 2 1 2 7 1 2 3 5 30 3 1 2 7 0 2 7 0 2 7 1 2 3 5 30 3 17 18 2 0 2 7 0 2 3 1 2 7 0 2 7 12 16 2 0 2 7 1 2 7 8 1 2 1 2 3 0 2 7 16 19 11 1 2 7 1 2 3 5 31 3 5 30 3 5 30 3 1 2 7 0 2 7 0 2 7 0 2 7 0 2 3 1 2 7 0 2 7 12 16 2 0 2 3 17 18 2 12 16 2 16 30 2 0 2 7 1 2 3 0 2 7 0 2 7 0 2 7 0 2 7 0 2 7 0 2 7 0 2 3 0 2 7 1 2 7 0 2 7 0 2 7 17 9 2 0 2 7 16 9 8 0 2 3 0 2 7 5 30 3 13 6 3 0 62.2415742874145508
0 2 11 8 9 2 16 19 11 1 2 7 12 16 2 5 30 3 0 2 11 1 2 7 0 2 7 1 2 7 16 31 2 17 18 2 1 2 3 0 2 7 0 2 7 0 2 4 12 16 2 0 2 7 16 6 2 5 31 3 0 2 7 0 2 7 16 19 11 0 2 7 12 16 2 5 30 3 5 30 3 17 18 2 0 2 7 1 2 11 5 31 3 12 16 2 0 2 4 1 2 7 0 2 7 6 2 4 0 2 7 5 30 3 0 2 7 0 2 7 1 2 4 0 2 7 0 2 3 0 2 7 0 2 7 0 2 7 0 2 7 6 2 7 0 2 3 6 2 4 0 2 7 0 2 7 1 2 7 16 6 2 0 2 7 0 2 7 0 2 7 0 2 7 5 31 3 1 2 7 0 62.5865734219551086
1 2 7 1 2 3 16 9 11 0 2 3 16 6 2 5 31 3 0 2 7 0 2 3 0 2 7 0 2 7 0 2 3 17 18 2 0 2 7 1 2 7 0 2 7 0 2 7 12 16 2 0 2 4 1 2 7 0 2 7 0 2 3 0 2 7 16 9 11 1 2 7 1 2 3 5 31 3 5 30 3 16 6 2 17 9 2 0 2 7 5 31 3 1 2 7 0 2 3 0 2 7 0 2 3 0 2 3 0 2 3 12 16 2 0 2 7 0 2 4 0 2 7 1 2 7 0 2 3 0 2 7 0 2 3 0 2 3 1 2 3 12 16 2 1 2 7 0 2 7 1 2 7 0 2 1 0 2 7 16 6 2 1 2 7 5 30 3 1 2 3 12 2 7 1 2 7 1 2 3 0 62.9157837629318237
0 2 7 5 30 3 0 2 3 0 2 7 0 2 7 5 30 3 16 6 2 5 31 3 8 18 2 0 2 7 16 19 11 0 2 7 16 6 2 1 2 7 0 2 3 0 2 3 12 16 2 0 2 7 0 2 7 0 2 3 1 2 7 0 2 3 0 2 7 6 2 7 16 6 2 5 30 3 0 2 3 16 6 2 0 2 7 0 2 3 0 2 3 16 19 11 0 2 7 0 2 4 12 16 2 0 2 3 0 2 3 0 2 3 0 2 7 0 2 3 0 2 7 1 2 7 0 2 7 0 2 7 1 2 7 5 30 3 0 2 3 12 16 2 1 2 7 5 31 3 5 30 3 1 2 4 5 31 3 16 6 2 0 2 7 0 2 7 0 2 3 1 2 3 0 2 7 0 2 7 0 63.4477563500404358
0 2 3 0 2 3 16 9 8 16 9 11 0 2 3 5 30 3 16 6 2 1 2 3 12 16 2 0 2 7 0 2 7 1 2 3 16 15 2 0 2 3 1 2 3 1 2 3 12 16 2 1 2 7 1 2 3 0 2 3 0 2 3 1 2 7 0 2 3 1 2 3 16 6 2 5 30 3 0 2 3 16 6 2 0 2 7 1 2 7 12 16 2 0 2 3 8 9 2 0 2 3 1 2 3 16 9 11 0 2 3 0 2 3 0 2 7 1 2 3 1 2 3 1 2 3 0 2 7 0 2 7 0 2 3 1 2 3 5 31 3 12 16 2 0 2 7 0 2 7 0 2 7 0 2 7 5 30 3 0 2 3 0 2 3 5 30 3 0 2 3 0 2 7 0 2 3 0 2 3 0 64.1427537202835083
0 2 3 0 2 8 16 19 11 16 19 11 5 30 3 5 30 3 16 6 2 0 2 11 16 6 2 6 2 11 12 16 2 0 2 8 0 2 7 5 31 3 0 2 11 5 30 3 0 2 8 0 2 7 0 2 8 0 2 7 17 9 2 5 31 3 1 2 8 0 2 7 0 2 3 5 30 3 1 2 8 0 2 11 0 2 11 1 2 8 0 2 11 0 2 8 5 31 3 0 2 7 0 2 7 5 30 3 0 2 7 0 2 7 5 30 3 0 2 7 0 2 8 0 2 8 0 2 8 0 2 3 0 2 7 0 2 8 16 6 2 16 6 2 0 2 3 0 2 11 0 2 3 0 2 8 0 2 7 0 2 8 5 30 3 15 2 11 0 2 8 0 2 7 0 2 7 0 2 7 0 66.0966383218765259
1 2 7 12 16 2 8 18 2 0 2 11 0 2 11 8 18 2 0 2 3 0 2 7 0 2 3 0 2 11 5 30 3 8 18 2 0 2 7 17 9 2 5 30 3 0 2 11 1 2 3 5 30 3 16 6 2 5 30 3 0 2 8 1 2 11 0 2 7 0 2 7 0 2 7 5 30 3 0 2 11 1 2 8 0 2 8 0 2 7 5 30 3 12 16 2 1 2 3 16 19 11 0 2 3 0 2 11 5 30 3 5 30 3 0 2 3 0 2 7 0 2 7 0 2 8 5 30 3 0 2 11 0 2 3 16 19 11 1 2 7 6 2 7 0 2 11 0 2 7 16 19 11 0 2 7 0 2 7 0 2 7 0 2 7 0 2 3 0 2 11 17 9 2 16 6 2 6 2 11 0 65.0983958840370178

Current Evaluation = 1800(1800)
Front Size = 10
0 2 3 13 6 3 0 2 7 0 2 7 0 2 7 0 2 7 0 2 7 5 30 3 17 9 2 0 2 7 5 30 3 0 2 7 17 18 2 0 2 4 13 6 3 0 2 3 1 2 7 12 16 2 5 30 3 1 2 7 0 2 7 16 20 12 1 2 3 5 30 3 0 2 7 0 2 7 0 2 7 16 6 2 17 18 2 1 2 4 12 16 2 0 2 7 0 2 7 5 30 3 0 2 7 0 2 7 0 2 3 12 16 2 16 6 2 1 2 7 1 2 7 17 18 2 1 2 7 0 2 7 1 2 7 1 2 3 5 31 3 0 2 7 0 2 3 0 2 7 8 9 2 0 2 7 0 2 7 1 2 7 1 2 7 5 31 3 1 2 7 1 2 7 0 2 7 0 2 7 0 61.3798893690109253
0 2 7 13 6 3 0 2 7 0 2 3 0 2 7 0 2 7 0 2 7 5 30 3 17 9 2 0 2 7 5 30 3 0 2 7 17 1 2 0 2 7 0 2 7 0 2 7 1 2 7 12 16 2 5 30 3 1 2 7 0 2 7 16 9 11 1 2 3 5 30 3 0 2 7 0 2 7 0 2 7 16 6 2 17 18 2 1 2 7 12 16 2 0 2 7 0 2 7 5 30 3 0 2 7 0 2 7 0 2 7 12 16 2 16 30 2 1 2 7 1 2 7 17 18 2 1 2 7 0 2 7 1 2 7 1 2 3 5 31 3 0 2 7 0 2 3 0 2 7 8 9 2 0 2 7 0 2 7 1 2 7 1 2 7 5 31 3 1 2 7 1 2 7 0 2 7 0 2 3 0 61.6825984120368958
0 2 7 0 2 7 1 2 7 1 2 4 12 16 2 16 19 11 0 2 7 0 2 7 0 2 7 1 2 7 16 31 2 17 18 2 0 2 7 1 2 7 1 2 7 0 2 3 5 31 3 0 2 4 16 31 2 5 31 3 0 2 7 0 2 7 16 6 2 0 2 7 12 16 2 5 30 3 5 30 3 17 18 2 0 2 4 6 2 7 5 31 3 12 16 2 1 2 7 0 2 7 0 2 7 0 2 7 0 2 4 5 30 3 6 2 7 0 2 3 1 2 7 1 2 7 0 2 7 0 2 3 0 2 7 0 2 7 0 2 7 0 2 7 0 2 7 0 2 3 0 2 7 0 2 7 1 2 7 16 30 2 1 2 7 0 2 7 1 2 4 0 2 7 5 30 3 1 2 7 0 61.7330005168914795
1 2 7 1 2 3 17 18 2 1 2 7 1 2 7 5 30 3 0 2 7 0 2 7 0 2 7 0 2 7 16 6 2 17 18 2 0 2 4 5 30 3 0 2 7 0 2 7 16 31 2 0 2 7 0 2 7 12 16 2 0 2 7 0 2 7 16 19 11 1 2 3 8 18 2 5 31 3 5 30 3 5 30 3 1 2 7 0 2 7 0 2 7 0 2 7 0 2 7 0 2 7 1 2 1 12 16 2 12 16 2 17 18 2 5 30 3 8 9 2 0 2 7 0 2 7 0 2 7 1 2 7 0 2 7 0 2 7 1 2 7 1 2 7 0 2 7 0 2 7 1 2 7 0 2 7 0 2 7 16 6 2 0 2 7 0 2 3 0 2 7 1 2 7 5 30 3 13 6 3 0 61.814541220664978
0 2 7 0 2 4 16 19 11 6 2 7 12 16 2 5 31 3 0 2 7 0 2 7 0 2 7 1 2 7 16 31 2 17 18 2 1 2 7 0 2 7 1 2 7 0 2 7 5 31 3 0 2 7 16 6 2 5 31 3 0 2 7 1 2 7 16 30 2 0 2 7 12 16 2 5 30 3 5 30 3 17 18 2 0 2 7 1 2 7 1 2 7 12 16 2 0 2 7 1 2 7 0 2 7 0 2 7 0 2 7 5 30 3 1 2 7 0 2 7 1 2 7 6 2 7 0 2 7 1 2 7 0 2 7 0 2 7 0 2 7 0 2 7 0 2 7 1 2 7 0 2 7 0 2 7 0 2 7 16 31 2 0 2 7 0 2 7 0 2 4 0 2 7 5 31 3 1 2 7 0 61.4932794570922852
0 2 7 0 2 7 17 18 2 1 2 7 1 2 7 5 30 3 1 2 7 0 2 11 0 2 7 0 2 7 16 6 2 5 31 3 1 2 7 1 2 7 0 2 7 0 2 7 5 31 3 0 2 4 17 9 2 12 16 2 0 2 4 1 2 7 16 19 11 17 9 2 8 18 2 5 30 3 5 30 3 17 9 2 0 2 7 1 2 7 0 2 7 0 2 7 0 2 7 0 2 7 1 2 7 12 16 2 0 2 4 5 30 3 0 2 7 1 2 7 0 2 7 0 2 3 0 2 4 1 2 7 13 6 3 0 2 7 1 2 7 1 2 3 0 2 7 0 2 11 0 2 7 0 2 7 0 2 7 16 6 2 1 2 7 0 2 7 0 2 7 0 2 7 5 30 3 8 9 2 0 61.6795594692230225
1 2 7 0 2 7 17 9 2 0 2 7 12 16 2 5 30 3 0 2 7 0 2 7 0 2 7 0 2 7 5 31 3 8 18 2 1 2 7 1 2 7 0 2 7 1 2 7 12 16 2 0 2 7 17 9 2 17 18 2 0 2 7 5 31 3 16 19 11 0 2 7 1 2 7 5 30 3 5 30 3 5 30 3 0 2 4 1 2 7 6 2 7 1 2 7 0 2 4 1 2 11 1 2 7 0 2 7 0 2 4 16 24 2 0 2 7 17 9 2 0 2 7 0 2 7 0 2 7 1 2 3 0 2 7 1 2 7 0 2 7 0 2 7 0 2 11 1 2 11 0 2 4 0 2 4 0 2 7 8 18 2 0 2 7 16 19 11 0 2 7 0 2 7 5 30 3 0 2 7 0 62.4053283333778381
1 2 11 0 2 7 8 18 2 0 2 7 0 2 7 5 30 3 0 2 7 1 2 11 17 9 2 0 2 4 5 31 3 1 2 7 17 18 2 6 2 11 1 2 7 1 2 7 0 2 11 0 2 7 8 18 2 1 2 7 1 2 7 5 30 3 0 2 7 5 30 3 0 2 11 0 2 7 0 2 7 12 16 2 16 31 2 0 2 7 12 16 2 0 2 4 1 2 11 0 2 7 0 2 7 0 2 7 1 2 7 0 2 4 0 2 7 5 30 3 1 2 7 17 18 2 1 2 7 0 2 7 0 2 7 0 2 7 5 30 3 0 2 7 0 2 11 1 2 7 0 2 7 1 2 4 0 2 11 17 18 2 0 2 7 5 30 3 0 2 7 1 2 7 16 18 11 0 2 7 0 62.4508735537528992
0 2 7 0 2 7 1 2 7 6 2 3 12 16 2 5 31 3 0 2 3 1 2 7 0 2 11 1 2 7 5 30 3 0 2 3 0 2 7 0 2 11 0 2 7 1 2 11 16 19 11 0 2 7 16 18 11 17 18 2 0 2 3 6 2 3 16 19 11 1 2 7 1 2 7 5 31 3 5 30 3 5 30 3 0 2 3 0 2 7 0 2 7 0 2 7 0 2 4 0 2 3 0 2 3 0 2 3 0 2 4 17 18 2 1 2 7 17 9 2 1 2 7 0 2 4 0 2 7 1 2 7 1 2 7 0 2 7 0 2 7 0 2 7 0 2 4 0 2 7 0 2 7 0 2 7 1 2 3 1 2 7 0 2 7 16 9 11 1 2 3 0 2 3 5 30 3 5 30 3 0 63.4030215740203857
0 2 3 0 2 7 16 19 11 1 2 3 12 16 2 16 19 11 0 2 3 0 2 7 0 2 7 1 2 3 16 6 2 6 2 7 1 2 7 0 2 3 0 2 3 0 2 7 5 30 3 0 2 7 16 30 2 1 2 7 5 30 3 1 2 7 16 19 11 1 2 3 12 16 2 5 30 3 5 30 3 5 31 3 0 2 7 0 2 7 16 18 8 0 2 7 0 2 7 0 2 3 0 2 7 0 2 7 0 2 7 8 18 2 0 2 3 5 30 3 0 2 7 6 2 3 0 2 3 0 2 3 0 2 7 0 2 3 0 2 3 0 2 7 1 2 3 1 2 3 5 30 3 0 2 3 0 2 3 0 2 7 0 2 7 16 19 11 12 16 2 0 2 3 5 30 3 0 2 3 0 64.6445272564888

Current Evaluation = 2700(2700)
Front Size = 10
1 2 4 13 6 3 1 2 7 0 2 7 0 2 7 0 2 7 0 2 7 12 16 2 17 9 2 0 2 7 5 30 3 1 2 7 8 18 2 0 2 7 13 6 3 0 2 7 1 2 7 12 16 2 5 30 3 0 2 3 0 2 7 16 6 2 0 2 7 5 31 3 0 2 7 0 2 7 0 2 7 16 6 2 17 18 2 0 2 7 12 16 2 0 2 7 0 2 7 5 30 3 0 2 7 0 2 7 1 2 7 12 16 2 16 6 2 0 2 7 0 2 7 17 18 2 1 2 7 0 2 7 1 2 7 1 2 7 5 31 3 0 2 7 1 2 7 1 2 7 6 2 7 1 2 7 0 2 7 1 2 7 0 2 7 5 31 3 17 9 2 1 2 7 0 2 4 0 2 4 0 60.7300383448600769
0 2 7 13 6 3 1 2 7 1 2 7 1 2 7 0 2 7 0 2 7 5 30 3 17 9 2 0 2 7 1 2 7 1 2 7 12 16 2 5 31 3 13 6 3 0 2 7 0 2 7 12 16 2 5 30 3 0 2 7 1 2 7 17 9 2 0 2 7 5 31 3 0 2 7 1 2 7 0 2 7 16 30 2 16 6 2 0 2 7 12 16 2 0 2 7 1 2 7 5 30 3 0 2 4 0 2 4 1 2 7 12 16 2 16 6 2 0 2 7 0 2 7 17 18 2 8 18 2 0 2 7 1 2 7 0 2 7 5 31 3 1 2 7 0 2 7 0 2 4 17 9 2 0 2 7 0 2 7 6 2 7 0 2 7 5 30 3 0 2 7 1 2 7 0 2 7 0 2 4 0 60.8358563780784607
0 2 7 13 6 3 0 2 7 0 2 7 0 2 7 0 2 7 0 2 7 5 30 3 17 9 2 0 2 7 5 30 3 1 2 7 17 18 2 1 2 7 13 6 3 0 2 7 6 2 7 12 16 2 5 30 3 0 2 7 0 2 7 8 18 2 0 2 7 5 30 3 0 2 7 0 2 4 0 2 7 16 15 2 17 18 2 1 2 7 12 16 2 0 2 4 0 2 7 5 30 3 0 2 7 0 2 4 0 2 7 12 16 2 16 30 2 1 2 7 0 2 7 17 18 2 1 2 7 0 2 4 0 2 7 6 2 7 5 31 3 0 2 7 0 2 7 0 2 7 17 9 2 0 2 7 1 2 7 1 2 7 1 2 7 5 31 3 1 2 7 1 2 7 1 2 7 1 2 4 0 60.8200514316558838
0 2 7 13 6 3 0 2 11 1 2 4 1 2 7 0 2 7 0 2 7 5 30 3 17 9 2 0 2 4 1 2 7 1 2 7 17 18 2 5 30 3 13 6 3 0 2 7 0 2 7 0 2 7 5 30 3 1 2 7 0 2 4 17 9 2 0 2 11 5 31 3 0 2 7 12 16 2 0 2 7 16 6 2 17 18 2 0 2 7 12 16 2 0 2 7 1 2 7 5 30 3 0 2 7 0 2 11 1 2 7 12 16 2 16 6 2 1 2 7 0 2 7 8 18 2 8 18 2 0 2 7 1 2 7 0 2 7 5 30 3 0 2 7 0 2 4 0 2 4 17 9 2 1 2 7 0 2 7 0 2 7 1 2 7 5 30 3 0 2 7 1 2 7 1 2 7 0 2 7 0 61.0824284553527832
0 2 7 13 6 3 1 2 11 5 30 3 0 2 7 1 2 7 1 2 4 5 31 3 17 9 2 1 2 7 0 2 7 1 2 7 12 16 2 5 30 3 13 6 3 0 2 7 1 2 7 17 18 2 5 30 3 0 2 7 0 2 10 8 9 2 0 2 7 5 31 3 0 2 7 1 2 7 6 2 7 16 6 2 17 18 2 0 2 7 0 2 7 0 2 7 1 2 7 5 30 3 1 2 7 0 2 7 0 2 7 12 16 2 16 6 2 0 2 7 0 2 7 17 18 2 0 2 7 0 2 7 1 2 7 0 2 7 5 30 3 0 2 7 0 2 7 0 2 7 17 9 2 0 2 7 1 2 7 0 2 7 0 2 7 5 30 3 1 2 4 0 2 7 0 2 7 0 2 7 0 61.0633922219276428
0 2 7 13 6 3 0 2 7 0 2 7 1 2 7 0 2 7 0 2 7 5 30 3 17 9 2 0 2 7 5 30 3 0 2 7 17 18 2 5 31 3 13 6 3 0 2 7 0 2 7 0 2 7 5 30 3 1 2 7 0 2 11 1 2 7 0 2 7 5 30 3 0 2 7 0 2 7 16 19 11 16 30 2 17 18 2 0 2 7 12 16 2 0 2 7 0 2 7 5 30 3 0 2 7 0 2 7 1 2 7 12 16 2 16 6 2 1 2 7 0 2 7 17 18 2 0 2 7 0 2 7 1 2 7 1 2 7 5 30 3 0 2 7 0 2 7 0 2 7 8 9 2 1 2 7 0 2 7 1 2 7 1 2 7 5 31 3 0 2 7 1 2 7 1 2 7 0 2 7 0 61.2703332901000977
0 2 3 13 6 3 0 2 7 0 2 7 0 2 7 0 2 7 0 2 7 5 30 3 17 9 2 0 2 7 5 30 3 0 2 7 17 18 2 0 2 4 13 6 3 0 2 3 1 2 7 12 16 2 5 30 3 1 2 7 0 2 7 16 20 12 1 2 3 5 30 3 0 2 7 0 2 7 0 2 7 16 6 2 17 18 2 1 2 4 12 16 2 0 2 7 0 2 7 5 30 3 0 2 7 0 2 7 0 2 3 12 16 2 16 6 2 1 2 7 1 2 7 17 18 2 1 2 7 0 2 7 1 2 7 1 2 3 5 31 3 0 2 7 0 2 3 0 2 7 8 9 2 0 2 7 0 2 7 1 2 7 1 2 7 5 31 3 1 2 7 1 2 7 0 2 7 0 2 7 0 61.3798893690109253
1 2 7 5 30 3 0 2 3 0 2 3 6 2 7 0 2 3 6 2 7 0 2 3 17 18 2 0 2 7 5 31 3 0 2 3 0 2 3 0 2 7 16 30 2 0 2 7 0 2 3 0 2 7 16 30 2 0 2 7 6 2 7 16 19 11 1 2 7 5 30 3 1 2 7 0 2 7 16 19 11 16 6 2 12 16 2 1 2 4 1 2 7 0 2 3 0 2 7 1 2 7 0 2 3 1 2 7 0 2 7 12 16 2 1 2 7 12 16 2 0 2 3 0 2 7 1 2 3 1 2 3 0 2 7 0 2 7 5 31 3 0 2 3 0 2 7 0 2 3 0 2 3 5 30 3 0 2 7 8 9 2 0 2 3 5 30 3 1 2 7 0 2 3 0 2 3 5 30 3 0 63.4454897046089172
0 2 4 0 2 7 16 19 11 1 2 7 12 16 2 5 31 3 0 2 7 0 2 7 0 2 7 6 2 7 16 6 2 17 18 2 1 2 7 0 2 7 1 2 7 0 2 7 5 31 3 0 2 7 16 30 2 5 31 3 0 2 7 1 2 7 16 30 2 0 2 7 12 16 2 5 30 3 5 31 3 17 18 2 0 2 7 1 2 7 0 2 7 12 16 2 0 2 7 0 2 7 0 2 7 6 2 7 0 2 7 5 31 3 6 2 7 0 2 7 1 2 7 1 2 7 0 2 7 1 2 7 0 2 7 0 2 7 0 2 7 0 2 7 0 2 7 1 2 7 0 2 7 0 2 7 1 2 4 16 6 2 0 2 7 0 2 7 0 2 7 0 2 4 5 31 3 1 2 7 0 61.4849496483802795
1 2 3 5 30 3 5 31 3 1 2 7 0 2 4 0 2 3 1 2 7 12 16 2 1 2 7 0 2 3 5 30 3 0 2 3 17 9 2 0 2 7 13 6 3 0 2 7 16 19 11 12 16 2 0 2 7 1 2 7 0 2 7 16 6 2 0 2 7 5 30 3 0 2 7 0 2 7 0 2 7 16 30 2 8 18 2 0 2 7 12 16 2 0 2 3 0 2 7 5 30 3 0 2 3 0 2 7 1 2 3 16 30 2 16 6 2 0 2 7 0 2 10 16 6 2 0 2 3 0 2 7 0 2 7 0 2 7 12 16 2 0 2 3 0 2 3 1 2 3 5 30 3 1 2 7 5 31 3 1 2 7 0 2 7 5 30 3 0 2 7 0 2 7 1 2 3 0 2 3 0 62.656874418258667

Current Evaluation = 3600(3600)
Front Size = 10
1 2 7 13 6 3 1 2 7 1 2 7 0 2 7 0 2 7 0 2 7 12 16 2 17 9 2 0 2 7 5 30 3 1 2 7 15 2 11 0 2 7 13 6 3 0 2 7 1 2 7 1 2 7 5 31 3 0 2 7 0 2 7 16 6 2 0 2 7 5 31 3 0 2 7 0 2 7 0 2 7 16 6 2 17 18 2 0 2 7 12 16 2 0 2 7 0 2 7 5 30 3 0 2 7 0 2 7 1 2 7 12 16 2 16 30 2 0 2 7 0 2 7 17 18 2 1 2 7 0 2 7 1 2 7 0 2 7 5 30 3 0 2 7 1 2 7 1 2 7 0 2 7 1 2 7 0 2 7 1 2 7 0 2 7 5 31 3 17 9 2 1 2 7 0 2 4 0 2 7 0 60.537562370300293
1 2 7 13 6 3 1 2 7 0 2 7 0 2 7 6 2 7 0 2 7 12 16 2 17 9 2 0 2 7 5 30 3 1 2 4 17 18 2 0 2 3 13 6 3 0 2 4 1 2 7 12 16 2 5 30 3 0 2 7 0 2 7 16 30 2 0 2 7 5 31 3 0 2 4 0 2 7 0 2 7 0 2 4 17 18 2 0 2 4 12 16 2 0 2 3 0 2 7 5 30 3 0 2 7 0 2 7 1 2 7 1 2 7 16 6 2 0 2 7 0 2 7 17 18 2 1 2 7 0 2 4 1 2 4 1 2 7 5 31 3 0 2 7 1 2 7 1 2 7 1 2 7 1 2 7 0 2 7 1 2 7 0 2 7 5 31 3 17 9 2 1 2 7 0 2 7 0 2 7 0 60.5762975811958313
1 2 7 13 6 3 1 2 7 0 2 7 0 2 7 0 2 4 0 2 7 12 16 2 17 9 2 0 2 3 5 30 3 1 2 7 17 18 2 0 2 7 13 6 3 0 2 7 1 2 7 12 16 2 5 30 3 0 2 4 0 2 7 16 6 2 0 2 4 5 31 3 1 2 4 0 2 7 0 2 7 0 2 7 17 18 2 0 2 4 12 16 2 0 2 3 0 2 7 5 30 3 0 2 4 0 2 7 1 2 7 0 2 3 16 6 2 0 2 7 0 2 7 17 18 2 1 2 7 6 2 4 6 2 7 1 2 7 5 31 3 0 2 7 1 2 7 1 2 7 1 2 7 1 2 7 0 2 7 1 2 7 0 2 7 5 31 3 17 9 2 1 2 7 0 2 7 0 2 7 0 60.6879675388336182
0 2 7 13 6 3 1 2 7 0 2 7 0 2 4 1 2 4 0 2 7 12 16 2 17 9 2 1 2 4 5 31 3 0 2 7 17 18 2 0 2 3 13 6 3 1 2 7 0 2 7 12 16 2 5 31 3 0 2 7 1 2 7 16 6 2 0 2 3 5 30 3 0 2 4 17 9 2 0 2 7 0 2 7 17 18 2 0 2 4 12 16 2 1 2 7 0 2 7 5 30 3 6 2 7 0 2 7 1 2 7 0 2 4 16 6 2 0 2 7 0 2 3 17 18 2 1 2 7 0 2 7 1 2 7 0 2 7 5 31 3 1 2 7 1 2 7 1 2 7 0 2 7 1 2 7 0 2 7 0 2 7 1 2 7 0 2 7 1 2 7 1 2 7 0 2 3 0 2 7 0 60.5704795718193054
1 2 7 13 6 3 1 2 7 0 2 7 0 2 7 0 2 4 0 2 7 12 16 2 17 9 2 0 2 7 5 30 3 1 2 7 17 18 2 0 2 7 13 6 3 0 2 7 1 2 7 12 16 2 5 30 3 0 2 4 0 2 7 16 30 2 0 2 4 5 31 3 0 2 10 0 2 7 0 2 7 0 2 7 17 18 2 0 2 4 12 16 2 0 2 7 0 2 7 5 30 3 0 2 7 0 2 7 1 2 7 12 16 2 16 6 2 0 2 7 0 2 7 17 18 2 1 2 7 1 2 11 1 2 4 1 2 7 5 31 3 0 2 7 1 2 7 1 2 7 6 2 4 1 2 7 0 2 7 1 2 7 0 2 4 5 31 3 17 9 2 1 2 7 0 2 7 0 2 4 0 60.7282474637031555
1 2 4 13 6 3 1 2 7 0 2 7 0 2 7 0 2 7 0 2 7 12 16 2 17 9 2 0 2 7 5 30 3 1 2 7 8 18 2 0 2 7 13 6 3 0 2 7 1 2 7 12 16 2 5 30 3 0 2 3 0 2 7 16 6 2 0 2 7 5 31 3 0 2 7 0 2 7 0 2 7 16 6 2 17 18 2 0 2 7 12 16 2 0 2 7 0 2 7 5 30 3 0 2 7 0 2 7 1 2 7 12 16 2 16 6 2 0 2 7 0 2 7 17 18 2 1 2 7 0 2 7 1 2 7 1 2 7 5 31 3 0 2 7 1 2 7 1 2 7 6 2 7 1 2 7 0 2 7 1 2 7 0 2 7 5 31 3 17 9 2 1 2 7 0 2 4 0 2 4 0 60.7300383448600769
0 2 7 13 6 3 0 2 7 0 2 7 0 2 7 0 2 7 0 2 7 5 30 3 17 9 2 0 2 7 5 30 3 1 2 7 17 18 2 1 2 7 13 6 3 0 2 7 6 2 7 12 16 2 5 30 3 0 2 7 0 2 7 8 18 2 0 2 7 5 30 3 0 2 7 0 2 4 0 2 7 16 15 2 17 18 2 1 2 7 12 16 2 0 2 4 0 2 7 5 30 3 0 2 7 0 2 4 0 2 7 12 16 2 16 30 2 1 2 7 0 2 7 17 18 2 1 2 7 0 2 4 0 2 7 6 2 7 5 31 3 0 2 7 0 2 7 0 2 7 17 9 2 0 2 7 1 2 7 1 2 7 1 2 7 5 31 3 1 2 7 1 2 7 1 2 7 1 2 4 0 60.8200514316558838
1 2 7 8 9 2 0 2 7 13 6 3 1 2 7 0 2 7 0 2 7 1 2 7 17 9 2 0 2 7 1 2 7 0 2 7 5 31 3 5 30 3 13 6 3 0 2 7 0 2 7 12 16 2 5 30 3 0 2 7 0 2 7 17 18 2 13 6 3 5 30 3 0 2 7 0 2 7 0 2 7 16 6 2 17 18 2 0 2 7 12 16 2 1 2 7 1 2 11 5 30 3 1 2 7 0 2 7 0 2 7 12 16 2 16 15 2 0 2 7 0 2 7 17 18 2 1 2 7 0 2 7 1 2 11 1 2 7 5 30 3 0 2 7 0 2 7 0 2 7 0 2 7 0 2 7 0 2 7 0 2 7 1 2 7 0 2 7 17 9 2 5 30 3 0 2 7 0 2 7 0 60.9512280225753784
0 2 4 0 2 7 16 19 11 1 2 7 12 16 2 5 31 3 0 2 7 0 2 7 0 2 7 6 2 7 16 6 2 17 18 2 1 2 7 0 2 7 1 2 7 0 2 7 5 31 3 0 2 7 16 30 2 5 31 3 0 2 7 1 2 7 16 30 2 0 2 7 12 16 2 5 30 3 5 31 3 17 18 2 0 2 7 1 2 7 0 2 7 12 16 2 0 2 7 0 2 7 0 2 7 6 2 7 0 2 7 5 31 3 6 2 7 0 2 7 1 2 7 1 2 7 0 2 7 1 2 7 0 2 7 0 2 7 0 2 7 0 2 7 0 2 7 1 2 7 0 2 7 0 2 7 1 2 4 16 6 2 0 2 7 0 2 7 0 2 7 0 2 4 5 31 3 1 2 7 0 61.4849496483802795
1 2 3 5 30 3 5 31 3 1 2 7 0 2 4 0 2 3 1 2 7 12 16 2 1 2 7 0 2 3 5 30 3 0 2 3 17 9 2 0 2 7 13 6 3 0 2 7 16 19 11 12 16 2 0 2 7 1 2 7 0 2 7 16 6 2 0 2 7 5 30 3 0 2 7 0 2 7 0 2 7 16 30 2 8 18 2 0 2 7 12 16 2 0 2 3 0 2 7 5 30 3 0 2 3 0 2 7 1 2 3 16 30 2 16 6 2 0 2 7 0 2 10 16 6 2 0 2 3 0 2 7 0 2 7 0 2 7 12 16 2 0 2 3 0 2 3 1 2 3 5 30 3 1 2 7 5 31 3 1 2 7 0 2 7 5 30 3 0 2 7 0 2 7 1 2 3 0 2 3 0 62.656874418258667

Current Evaluation = 4500(4500)
Front Size = 10
0 2 7 13 6 3 1 2 7 0 2 7 0 2 7 0 2 7 0 2 7 12 16 2 17 9 2 1 2 7 5 31 3 0 2 4 17 18 2 0 2 7 13 6 3 6 2 7 1 2 7 12 16 2 5 31 3 0 2 7 1 2 7 16 6 2 0 2 7 5 31 3 0 2 7 17 9 2 0 2 7 1 2 7 17 18 2 0 2 7 12 16 2 1 2 4 0 2 7 12 16 2 0 2 7 0 2 7 0 2 7 0 2 7 16 30 2 0 2 7 0 2 7 17 18 2 1 2 7 0 2 7 1 2 4 0 2 4 5 31 3 0 2 7 1 2 4 1 2 7 1 2 7 1 2 7 0 2 7 1 2 7 1 2 7 1 2 7 1 2 7 1 2 7 0 2 7 0 2 7 0 60.1419846415519714
0 2 7 8 9 2 0 2 7 13 2 3 1 2 7 0 2 7 0 2 7 12 2 7 17 9 2 0 2 7 1 2 3 0 2 7 5 18 3 5 2 3 13 6 3 6 2 7 0 2 7 12 16 2 5 30 3 0 2 7 0 2 7 17 6 2 0 6 3 5 30 3 0 2 7 0 9 7 0 2 7 1 2 7 17 18 2 0 2 7 12 16 2 1 2 4 0 2 7 5 30 3 0 2 7 0 2 7 0 2 7 12 16 7 16 30 2 0 2 7 0 2 7 17 18 2 1 2 7 0 2 7 1 2 4 0 2 7 5 31 3 0 2 7 0 2 7 1 2 7 0 2 7 0 2 7 0 2 7 0 2 7 1 2 7 1 2 7 17 2 7 1 2 7 0 2 7 0 2 7 1210378.32646819064 61.5546166896820068
1 2 7 13 6 3 1 2 7 1 2 7 0 2 7 0 2 7 0 2 7 12 16 2 17 9 2 0 2 7 5 30 3 1 2 7 15 2 11 0 2 7 13 6 3 0 2 7 1 2 7 1 2 7 5 31 3 0 2 7 0 2 7 16 6 2 0 2 7 5 31 3 0 2 7 0 2 7 0 2 7 16 6 2 17 18 2 0 2 7 12 16 2 0 2 7 0 2 7 5 30 3 0 2 7 0 2 7 1 2 7 12 16 2 16 30 2 0 2 7 0 2 7 17 18 2 1 2 7 0 2 7 1 2 7 0 2 7 5 30 3 0 2 7 1 2 7 1 2 7 0 2 7 1 2 7 0 2 7 1 2 7 0 2 7 5 31 3 17 9 2 1 2 7 0 2 4 0 2 7 0 60.537562370300293
0 2 7 13 6 3 1 2 7 0 2 7 0 2 7 0 2 7 0 2 7 12 16 2 17 9 2 0 2 7 5 30 3 1 2 7 8 18 2 0 2 7 13 6 3 0 2 7 1 2 7 12 16 2 5 31 3 0 2 7 0 2 7 16 6 2 0 2 7 5 31 3 1 2 7 0 2 7 0 2 7 0 2 7 17 18 2 0 2 7 12 16 2 0 2 7 0 2 7 5 30 3 0 2 7 16 6 2 1 2 7 0 2 7 16 6 2 0 2 7 0 2 7 17 18 2 1 2 4 0 2 7 1 2 7 1 2 7 5 31 3 0 2 7 1 2 7 1 2 7 1 2 7 1 2 7 0 2 7 1 2 7 0 2 7 5 30 3 17 9 2 1 2 7 0 2 7 0 2 7 0 60.5459473133087158
0 2 7 13 6 3 1 2 7 0 2 7 0 2 7 6 2 7 0 2 7 12 16 2 17 9 2 0 2 4 5 31 3 0 2 7 17 18 2 0 2 7 13 6 3 1 2 7 0 2 7 12 16 2 5 31 3 0 2 7 1 2 4 16 6 2 0 2 4 5 31 3 0 2 7 17 9 2 0 2 7 0 2 7 17 18 2 0 2 7 12 16 2 0 2 7 0 2 4 12 16 2 1 2 7 0 2 7 1 2 7 0 2 4 16 30 2 0 2 7 0 2 7 17 18 2 1 2 7 0 2 7 1 2 7 0 2 7 5 31 3 1 2 7 1 2 7 1 2 7 1 2 7 1 2 7 0 2 7 1 2 7 1 2 7 1 2 7 1 2 7 1 2 7 0 2 7 0 2 7 0 60.1419846415519714
0 2 7 13 6 3 1 2 7 0 2 7 0 2 4 1 2 4 0 2 7 12 16 2 17 9 2 1 2 4 5 31 3 0 2 7 17 18 2 0 2 3 13 6 3 1 2 7 0 2 7 12 16 2 5 31 3 0 2 7 1 2 7 16 6 2 0 2 3 5 30 3 0 2 4 17 9 2 0 2 7 0 2 7 17 18 2 0 2 4 12 16 2 1 2 7 0 2 7 5 30 3 6 2 7 0 2 7 1 2 7 0 2 4 16 6 2 0 2 7 0 2 3 17 18 2 1 2 7 0 2 7 1 2 7 0 2 7 5 31 3 1 2 7 1 2 7 1 2 7 0 2 7 1 2 7 0 2 7 0 2 7 1 2 7 0 2 7 1 2 7 1 2 7 0 2 3 0 2 7 0 60.5704795718193054
0 2 7 13 6 3 1 2 7 0 2 4 0 2 7 0 2 7 0 2 7 12 16 2 17 9 2 1 2 7 5 31 3 0 2 7 17 18 2 0 2 7 13 6 3 1 2 3 1 2 7 12 16 2 5 31 3 0 2 7 1 2 3 16 6 2 0 2 7 5 30 3 0 2 7 17 9 2 1 2 7 0 2 7 17 18 2 0 2 7 12 16 2 6 2 7 0 2 7 5 30 3 0 2 4 0 2 7 0 2 7 0 2 4 16 6 2 0 2 7 0 2 7 17 18 2 1 2 7 0 2 7 1 2 3 0 2 4 5 31 3 1 2 7 1 2 4 1 2 4 0 2 7 1 2 7 1 2 7 0 2 7 1 2 7 0 2 7 1 2 3 1 2 7 0 2 7 0 2 7 0 60.5704795718193054
1 2 7 13 6 3 1 2 7 0 2 7 0 2 7 0 2 11 0 2 3 12 16 2 17 9 2 0 2 7 5 30 3 1 2 4 17 18 2 0 2 7 13 6 3 0 2 7 1 2 4 12 16 2 5 30 3 0 2 7 0 2 7 16 30 2 0 2 7 5 31 3 1 2 7 0 2 7 0 2 7 0 2 7 17 18 2 0 2 4 12 16 2 0 2 7 0 2 7 1 2 7 0 2 3 0 2 7 1 2 4 12 16 2 16 6 2 0 2 7 0 2 7 17 18 2 1 2 7 1 2 7 1 2 4 1 2 7 5 31 3 0 2 7 1 2 7 1 2 7 1 2 4 0 2 11 0 2 7 0 2 7 0 2 4 5 31 3 17 9 2 1 2 7 6 2 7 0 2 4 0 60.7126527428627014
0 2 7 13 6 3 0 2 7 0 2 7 0 2 7 0 2 7 0 2 7 5 30 3 17 9 2 0 2 7 5 30 3 1 2 7 17 18 2 1 2 7 13 6 3 0 2 7 6 2 7 12 16 2 5 30 3 0 2 7 0 2 7 8 18 2 0 2 7 5 30 3 0 2 7 0 2 4 0 2 7 16 15 2 17 18 2 1 2 7 12 16 2 0 2 4 0 2 7 5 30 3 0 2 7 0 2 4 0 2 7 12 16 2 16 30 2 1 2 7 0 2 7 17 18 2 1 2 7 0 2 4 0 2 7 6 2 7 5 31 3 0 2 7 0 2 7 0 2 7 17 9 2 0 2 7 1 2 7 1 2 7 1 2 7 5 31 3 1 2 7 1 2 7 1 2 7 1 2 4 0 60.8200514316558838
1 2 7 8 9 2 0 2 7 13 6 3 1 2 7 0 2 7 0 2 7 1 2 7 17 9 2 0 2 7 1 2 7 0 2 7 5 31 3 5 30 3 13 6 3 0 2 7 0 2 7 12 16 2 5 30 3 0 2 7 0 2 7 17 18 2 13 6 3 5 30 3 0 2 7 0 2 7 0 2 7 16 6 2 17 18 2 0 2 7 12 16 2 1 2 7 1 2 11 5 30 3 1 2 7 0 2 7 0 2 7 12 16 2 16 15 2 0 2 7 0 2 7 17 18 2 1 2 7 0 2 7 1 2 11 1 2 7 5 30 3 0 2 7 0 2 7 0 2 7 0 2 7 0 2 7 0 2 7 0 2 7 1 2 7 0 2 7 17 9 2 5 30 3 0 2 7 0 2 7 0 60.9512280225753784

Current Evaluation = 5400(5400)
Front Size = 10
0 2 7 13 6 3 0 2 7 0 2 7 0 2 7 0 2 7 0 2 7 12 16 2 17 9 2 13 6 3 5 31 3 0 2 7 17 18 2 1 2 7 13 6 3 1 2 7 0 2 7 12 16 2 5 30 3 0 2 7 1 2 7 16 6 2 0 2 7 5 31 3 0 2 7 17 9 2 0 2 7 1 2 7 17 18 2 0 2 7 12 16 2 0 2 7 0 2 7 12 16 2 0 2 7 0 2 7 0 2 7 0 2 7 16 6 2 0 2 7 0 2 7 17 18 2 1 2 7 0 2 7 1 2 7 0 2 7 5 31 3 1 2 7 1 2 7 1 2 7 1 2 7 1 2 7 0 2 7 1 2 7 1 2 3 1 2 7 1 2 7 1 2 7 0 2 7 1 2 7 0 60.0091503858566284
0 2 7 13 6 3 0 2 7 0 2 7 0 2 7 6 2 7 0 2 7 12 16 2 17 9 2 1 2 7 5 31 3 0 2 7 17 18 2 0 2 4 13 6 3 1 2 7 0 2 7 12 16 2 5 30 3 0 2 7 1 2 7 16 6 2 1 2 7 5 31 3 0 2 7 17 9 2 0 2 7 0 2 7 17 18 2 0 2 7 12 16 2 0 2 7 0 2 4 12 16 2 1 2 7 0 2 7 0 2 7 0 2 7 16 31 2 0 2 7 0 2 7 17 18 2 1 2 7 0 2 7 1 2 7 0 2 4 5 31 3 1 2 7 1 2 7 1 2 7 1 2 7 1 2 7 0 2 7 1 2 7 1 2 4 1 2 7 1 2 7 1 2 7 0 2 7 0 2 4 0 60.1419845223426819
0 2 7 13 6 3 1 2 7 0 2 7 0 2 7 6 2 4 0 2 4 12 16 2 17 9 2 1 2 7 5 30 3 0 2 7 17 18 2 0 2 7 13 6 3 1 2 7 0 2 7 12 16 2 5 31 3 1 2 4 0 2 7 16 6 2 0 2 7 5 31 3 0 2 4 17 9 2 0 2 7 0 2 7 17 18 2 0 2 7 12 16 2 0 2 7 0 2 7 12 16 2 1 2 7 0 2 7 0 2 7 0 2 7 16 31 2 0 2 7 0 2 7 17 18 2 1 2 7 0 2 7 1 2 7 0 2 7 5 31 3 1 2 7 1 2 7 1 2 7 1 2 7 1 2 7 0 2 7 1 2 7 1 2 7 1 2 7 1 2 7 1 2 4 0 2 7 0 2 7 0 60.1419845223426819
0 2 7 13 6 3 1 2 7 0 2 7 0 2 4 0 2 7 1 2 7 12 16 2 17 9 2 0 2 7 5 30 3 0 2 7 17 18 2 0 2 7 13 6 3 0 2 7 8 9 2 12 16 2 5 31 3 0 2 7 0 2 7 16 6 2 6 2 7 5 31 3 1 2 7 0 2 7 0 2 7 1 2 7 17 18 2 0 2 7 12 16 2 1 2 7 0 2 7 12 16 2 0 2 7 0 2 7 1 2 7 0 2 7 16 15 2 1 2 7 0 2 7 17 18 2 1 2 7 0 2 7 1 2 7 0 2 7 5 31 3 0 2 7 1 2 7 1 2 7 6 2 7 1 2 7 0 2 7 0 2 7 0 2 7 1 2 7 17 9 2 1 2 7 1 2 7 0 2 4 0 60.379920482635498
0 2 7 13 6 3 1 2 7 0 2 7 0 2 7 6 2 4 0 2 4 12 16 2 17 9 2 1 2 7 5 31 3 0 2 4 17 18 2 0 2 7 13 6 3 1 2 7 0 2 7 12 16 2 5 31 3 1 2 7 1 2 7 16 6 2 0 2 7 5 31 3 0 2 4 17 9 2 0 2 7 1 2 7 17 18 2 0 2 7 12 16 2 0 2 7 0 2 4 12 16 2 0 2 7 0 2 7 0 2 7 0 2 7 16 30 2 0 2 7 0 2 7 17 18 2 1 2 7 0 2 7 1 2 7 0 2 7 5 31 3 0 2 7 1 2 7 1 2 7 1 2 7 1 2 7 0 2 7 1 2 7 1 2 7 1 2 7 1 2 7 1 2 7 0 2 7 0 2 7 0 60.1419846415519714
1 2 7 13 6 3 1 2 7 1 2 7 0 2 7 0 2 7 0 2 7 12 16 2 17 9 2 0 2 7 5 30 3 1 2 7 15 2 11 0 2 7 13 6 3 0 2 7 1 2 7 1 2 7 5 31 3 0 2 7 0 2 7 16 6 2 0 2 7 5 31 3 0 2 7 0 2 7 0 2 7 16 6 2 17 18 2 0 2 7 12 16 2 0 2 7 0 2 7 5 30 3 0 2 7 0 2 7 1 2 7 12 16 2 16 30 2 0 2 7 0 2 7 17 18 2 1 2 7 0 2 7 1 2 7 0 2 7 5 30 3 0 2 7 1 2 7 1 2 7 0 2 7 1 2 7 0 2 7 1 2 7 0 2 7 5 31 3 17 9 2 1 2 7 0 2 4 0 2 7 0 60.537562370300293
0 2 7 5 30 3 0 2 7 0 2 3 0 2 3 0 2 7 0 2 7 12 16 2 6 2 7 0 2 3 5 30 3 0 2 11 1 2 7 0 2 7 0 2 7 1 2 7 0 2 7 16 9 11 5 30 3 1 2 7 1 2 3 16 6 2 1 2 7 5 31 3 0 2 3 8 9 2 0 2 7 16 19 11 17 18 2 1 2 3 12 16 2 0 2 7 1 2 7 16 19 11 0 2 3 0 2 3 0 2 7 17 18 2 16 30 2 1 2 7 0 2 7 1 2 7 1 2 3 0 2 3 1 2 7 0 2 7 5 30 3 0 2 7 0 2 3 0 2 7 0 2 7 5 31 3 1 2 7 0 2 3 0 2 3 1 2 7 1 2 3 0 2 4 0 2 7 0 2 7 0 62.9875516891479492
0 2 7 13 6 3 0 2 7 0 2 7 0 2 7 1 2 7 6 2 7 12 16 2 17 9 2 1 2 7 1 2 7 0 2 7 17 9 2 0 2 7 13 6 3 1 2 7 0 2 7 12 16 2 5 30 3 0 2 7 0 2 7 16 15 2 0 2 7 5 31 3 1 2 7 17 9 2 0 2 7 0 2 7 8 18 2 0 2 4 12 16 2 0 2 7 0 2 7 12 16 2 0 2 7 0 2 7 1 2 7 0 2 7 16 6 2 1 2 7 1 2 7 17 18 2 0 2 7 1 2 7 1 2 7 1 2 7 5 31 3 0 2 7 0 2 7 17 9 2 0 2 7 1 2 7 0 2 7 0 2 7 6 2 7 1 2 4 1 2 7 5 31 3 1 2 7 0 2 7 0 60.379920482635498
0 2 4 13 6 3 0 2 7 0 2 3 0 2 7 0 2 7 0 2 7 12 16 2 17 9 2 0 2 7 5 31 3 1 2 4 1 2 4 1 2 7 13 6 3 0 2 4 1 2 3 12 16 2 5 30 3 1 2 7 0 2 7 16 6 2 0 2 7 5 31 3 0 2 7 17 9 2 1 2 7 1 2 7 17 18 2 0 2 7 12 16 2 0 2 7 1 2 7 17 18 2 1 2 7 0 2 7 0 2 7 0 2 7 16 30 2 1 2 7 0 2 7 17 18 2 1 2 7 0 2 7 0 2 7 0 2 7 5 31 3 0 2 7 1 2 7 1 2 7 0 2 7 0 2 7 0 2 7 1 2 7 0 2 7 1 2 3 1 2 7 1 2 7 1 2 3 0 2 11 0 60.437214732170105
0 2 7 13 6 3 0 2 7 0 2 7 0 2 7 1 2 7 6 2 7 12 16 2 17 9 2 0 2 7 1 2 3 1 2 7 8 9 2 0 2 7 13 6 3 0 2 7 0 2 7 12 16 2 5 31 3 0 2 7 0 2 7 16 15 2 0 2 7 5 31 3 1 2 7 0 9 2 0 2 7 0 2 7 17 18 2 0 2 7 12 16 2 0 2 7 0 2 7 5 30 3 0 2 7 0 2 7 1 2 7 0 2 7 16 6 2 1 2 7 1 2 7 17 18 2 1 2 7 1 2 7 1 2 7 1 2 7 5 31 3 0 2 7 1 2 7 1 2 7 1 2 7 1 2 7 0 2 7 0 2 7 0 2 7 5 2 4 1 9 2 1 31 3 0 2 7 0 2 7 310829.274179445754 60.6531075835227966

Current Evaluation = 6300(6300)
Front Size = 10
0 2 4 13 6 3 0 2 7 1 2 7 0 2 7 0 2 7 0 2 7 12 16 2 17 9 2 13 6 3 5 31 3 1 2 7 17 18 2 1 2 7 13 6 3 1 2 7 0 2 7 12 16 2 1 2 7 0 2 7 0 2 7 16 6 2 0 2 7 5 31 3 0 2 7 17 9 2 0 2 7 1 2 7 17 18 2 1 2 4 12 16 2 1 2 7 0 2 7 12 16 2 1 2 7 0 2 7 0 2 7 0 2 7 17 18 2 0 2 7 0 2 4 17 18 2 0 2 7 0 2 7 1 2 7 0 2 7 5 31 3 1 2 7 0 2 7 1 2 7 1 2 7 1 2 7 0 2 7 1 2 7 1 2 7 1 2 7 0 2 7 1 2 7 0 2 7 1 2 7 0 59.7211945056915283
0 2 7 13 6 3 0 2 7 0 2 4 0 2 7 0 2 7 0 2 7 12 16 2 17 9 2 13 6 3 5 31 3 6 2 7 17 18 2 1 2 7 13 6 3 1 2 7 0 2 7 12 16 2 1 2 7 0 2 7 1 2 7 16 6 2 0 2 7 5 30 3 0 2 7 17 9 2 0 2 7 1 2 7 17 18 2 0 2 7 12 16 2 0 2 7 0 2 7 12 16 2 5 31 3 0 2 4 0 2 7 0 2 7 17 18 2 0 2 7 0 2 7 17 18 2 0 2 7 0 2 7 1 2 4 0 2 7 5 31 3 1 2 7 0 2 7 1 2 7 1 2 7 1 2 7 0 2 7 1 2 7 1 2 7 1 2 7 1 2 4 1 2 7 1 2 7 1 2 7 0 59.938682496547699
0 2 7 13 6 3 0 2 7 0 2 7 0 2 7 0 2 7 0 2 7 12 16 2 17 9 2 13 6 3 5 31 3 0 2 7 17 18 2 1 2 7 13 6 3 1 2 7 0 2 7 12 16 2 5 30 3 0 2 7 1 2 7 16 6 2 0 2 7 5 31 3 0 2 7 17 9 2 0 2 7 1 2 7 17 18 2 0 2 7 12 16 2 0 2 7 0 2 7 12 16 2 0 2 7 0 2 7 0 2 7 0 2 7 16 6 2 0 2 7 0 2 7 17 18 2 1 2 7 0 2 7 1 2 7 0 2 7 5 31 3 1 2 7 1 2 7 1 2 7 1 2 7 1 2 7 0 2 7 1 2 7 1 2 3 1 2 7 1 2 7 1 2 7 0 2 7 1 2 7 0 60.0091503858566284
0 2 7 13 6 3 1 2 7 0 2 7 0 2 7 0 2 4 0 2 7 12 16 2 17 9 2 13 6 3 5 31 3 1 2 7 17 18 2 0 2 7 13 6 3 1 2 7 0 2 7 12 16 2 5 30 3 0 2 7 1 2 7 16 6 2 1 2 7 5 31 3 0 2 7 17 9 2 0 2 7 1 2 7 17 18 2 0 2 7 12 16 2 0 2 7 0 2 7 12 16 2 1 2 7 0 2 7 0 2 7 0 2 7 16 31 2 0 2 7 0 2 7 17 18 2 1 2 7 1 2 7 1 2 7 0 2 7 5 30 3 0 2 7 1 2 7 1 2 7 5 30 3 1 2 7 0 2 7 0 2 7 0 2 7 1 2 7 1 2 7 1 2 7 0 2 7 0 2 7 0 60.1149682998657227
0 2 7 13 6 3 0 2 7 0 2 7 0 2 7 6 2 7 1 2 7 12 16 2 17 9 2 0 2 7 5 31 3 0 2 7 17 18 2 0 2 7 13 6 3 1 2 7 0 2 7 12 16 2 5 30 3 1 2 4 0 2 7 16 6 2 1 2 7 5 31 3 0 2 7 17 9 2 0 2 7 0 2 7 17 18 2 0 2 7 12 16 2 0 2 7 0 2 7 12 16 2 1 2 7 0 2 7 0 2 7 0 2 7 16 31 2 0 2 7 0 2 7 17 18 2 1 2 7 0 2 4 1 2 4 0 2 7 5 31 3 1 2 7 1 2 4 1 2 7 1 2 7 1 2 7 0 2 7 1 2 7 1 2 7 1 2 7 1 2 4 1 2 7 0 2 7 0 2 7 0 60.1419845223426819
0 2 7 13 6 3 0 2 7 0 2 7 0 2 7 1 2 7 6 2 7 12 16 2 17 9 2 1 2 7 1 2 7 0 2 7 17 9 2 0 2 7 13 6 3 1 2 7 0 2 7 12 16 2 5 30 3 0 2 7 0 2 7 16 15 2 0 2 7 5 31 3 1 2 7 17 9 2 0 2 7 0 2 7 8 18 2 0 2 4 12 16 2 0 2 7 0 2 7 12 16 2 0 2 7 0 2 7 1 2 7 0 2 7 16 6 2 1 2 7 1 2 7 17 18 2 0 2 7 1 2 7 1 2 7 1 2 7 5 31 3 0 2 7 0 2 7 17 9 2 0 2 7 1 2 7 0 2 7 0 2 7 6 2 7 1 2 4 1 2 7 5 31 3 1 2 7 0 2 7 0 60.379920482635498
0 2 7 13 6 3 1 2 7 0 2 7 0 2 7 6 2 4 0 2 7 12 16 2 17 9 2 1 2 7 5 31 3 0 2 4 17 18 2 0 2 7 13 6 3 1 2 7 0 2 7 12 16 2 5 31 3 1 2 7 1 2 7 16 6 2 0 2 7 5 31 3 0 2 7 17 9 2 0 2 7 1 2 7 17 18 2 0 2 7 12 16 2 0 2 7 0 2 4 12 16 2 0 2 7 0 2 7 0 2 7 0 2 7 16 30 2 0 2 4 0 2 4 17 18 2 1 2 7 0 2 7 1 2 7 0 2 7 5 31 3 1 2 7 1 2 7 1 2 7 1 2 7 1 2 7 0 2 7 1 2 7 1 2 7 0 2 7 1 2 7 1 2 7 0 2 7 0 2 7 0 60.1419846415519714
0 2 7 13 6 3 0 2 3 0 2 7 0 2 11 1 2 7 6 2 3 12 16 2 17 9 2 1 2 7 1 2 7 1 2 7 17 18 2 0 2 7 13 6 3 1 2 7 0 2 7 12 16 2 5 30 3 0 2 4 0 2 7 16 30 2 0 2 7 5 30 3 1 2 7 17 9 2 0 2 7 0 2 7 17 18 2 0 2 7 12 16 2 0 2 7 0 2 7 12 16 2 0 2 7 0 2 7 1 2 7 0 2 7 16 6 2 13 6 7 0 2 7 17 18 2 1 2 7 1 2 7 1 2 7 1 2 7 5 31 3 0 2 7 0 2 7 17 9 7 1 2 7 1 2 7 0 2 7 0 2 7 1 2 7 0 2 7 1 2 7 1 31 3 1 2 7 0 2 7 162246.316655406175 59.2075043916702271
0 2 7 13 6 3 1 2 7 0 2 7 1 2 7 1 2 3 0 2 7 12 16 2 17 9 2 1 2 7 5 31 3 0 2 7 17 9 2 0 2 7 13 6 3 1 2 7 0 2 7 12 16 2 5 30 3 1 2 7 0 2 7 16 15 2 0 2 7 5 31 3 0 2 7 17 9 2 0 2 7 0 2 7 8 18 2 0 2 4 12 16 2 0 2 7 0 2 11 12 16 2 0 2 7 0 2 7 1 2 7 0 2 7 16 6 2 1 2 3 1 2 7 17 18 2 0 2 7 0 2 7 1 2 3 0 2 7 5 31 3 1 2 7 0 2 7 1 2 2 0 2 7 1 2 7 0 2 7 0 2 7 6 2 7 1 2 4 1 2 7 5 2 3 0 2 7 0 2 7 225199.510056447267 61.6251106858253479
0 2 7 13 6 3 1 2 3 0 2 7 1 2 11 1 2 3 0 2 3 12 16 2 17 9 2 1 2 7 5 31 3 1 2 7 17 18 2 0 2 7 13 6 3 1 2 7 0 2 7 12 16 2 5 30 3 1 2 4 0 2 7 16 30 2 0 2 7 5 30 3 0 2 7 17 9 2 0 2 7 0 2 7 17 18 2 0 2 7 12 16 2 0 2 7 0 2 11 12 16 2 0 2 7 0 2 7 1 2 7 0 2 7 16 6 2 13 6 3 0 2 7 17 18 2 1 2 7 0 2 7 1 2 3 0 2 7 5 31 3 1 2 7 0 2 7 1 2 7 1 2 7 1 2 7 0 2 7 0 2 7 1 2 7 0 2 7 1 2 7 1 2 3 0 2 7 0 2 7 0 60.4526945352554321

Current Evaluation = 7200(7200)
Front Size = 10
0 2 7 13 6 3 1 2 7 1 2 7 0 2 7 0 2 7 0 2 7 12 16 2 17 9 2 13 6 3 5 31 3 1 2 7 17 18 2 1 2 7 13 6 3 1 2 7 0 2 7 12 16 2 1 2 7 0 2 7 0 2 7 16 6 2 0 2 7 1 2 7 0 2 7 17 9 2 0 2 7 0 2 4 17 18 2 0 2 7 12 16 2 1 2 7 0 2 7 12 16 2 0 2 7 0 2 7 0 2 7 0 2 4 17 18 2 1 2 7 0 2 7 17 18 2 1 2 7 0 2 4 1 2 7 0 2 7 5 31 3 1 2 7 1 2 7 1 2 7 1 2 7 0 2 7 0 2 7 5 31 3 0 2 7 1 2 7 1 2 7 1 2 7 0 2 7 1 2 7 0 59.7211945056915283
1 2 7 13 6 3 0 2 7 1 2 7 0 2 7 0 2 7 0 2 7 12 16 2 17 9 2 13 6 3 5 31 3 0 2 7 17 18 2 1 2 7 13 6 3 1 2 7 0 2 7 12 16 2 1 2 7 0 2 7 1 2 7 16 6 2 0 2 4 5 31 3 0 2 7 17 9 2 0 2 7 1 2 7 17 18 2 0 2 4 12 16 2 1 2 7 0 2 7 12 16 2 0 2 7 0 2 7 0 2 7 0 2 7 17 18 2 0 2 7 0 2 7 17 18 2 1 2 7 0 2 7 1 2 7 0 2 7 5 31 3 1 2 7 0 2 7 1 2 7 1 2 7 1 2 7 0 2 7 1 2 4 0 2 7 1 2 7 1 2 7 1 2 7 0 2 7 1 2 7 0 59.7211945056915283
0 2 7 13 6 3 0 2 7 1 2 7 0 2 7 0 2 7 0 2 4 12 16 2 17 9 2 13 6 3 5 31 3 1 2 7 17 18 2 0 2 7 13 6 3 1 2 7 0 2 7 12 16 2 1 2 7 0 2 7 0 2 7 16 6 2 0 2 7 5 30 3 0 2 7 17 9 2 0 2 7 0 2 4 17 18 2 0 2 7 12 16 2 1 2 7 0 2 7 12 16 2 0 2 7 0 2 7 0 2 7 0 2 4 17 18 2 1 2 7 0 2 7 17 18 2 1 2 7 0 2 7 1 2 7 0 2 7 5 31 3 1 2 7 1 2 7 1 2 7 1 2 7 6 2 7 0 2 7 5 31 3 0 2 7 1 2 7 1 2 7 1 2 7 1 2 7 1 2 4 0 59.938682496547699
0 2 7 13 6 3 0 2 7 0 2 7 0 2 7 0 2 7 0 2 7 12 16 2 17 9 2 13 6 3 5 31 3 1 2 7 17 18 2 1 2 7 1 2 7 1 2 4 0 2 7 12 16 2 1 2 7 0 2 7 1 2 7 16 6 2 0 2 7 5 31 3 1 2 7 17 9 2 0 2 7 0 2 7 17 18 2 0 2 7 12 16 2 0 2 7 1 2 7 12 16 2 0 2 7 0 2 7 0 2 7 0 2 7 17 18 2 0 2 4 1 2 7 17 18 2 1 2 7 13 6 3 1 2 7 0 2 7 5 31 3 1 2 7 0 2 7 1 2 4 1 2 7 1 2 7 0 2 7 0 2 7 0 2 7 1 2 7 1 2 7 0 2 7 1 2 7 1 2 7 0 59.7211945056915283
0 2 7 13 6 3 0 2 7 0 2 4 0 2 7 1 2 7 0 2 7 12 16 2 17 9 2 13 6 3 5 31 3 0 2 7 17 18 2 1 2 7 13 6 3 1 2 7 0 2 7 12 16 2 1 2 7 0 2 7 1 2 7 16 6 2 0 2 7 5 30 3 5 31 3 17 9 2 0 2 4 1 2 7 17 18 2 0 2 7 12 16 2 1 2 7 0 2 7 12 16 2 0 2 7 0 2 7 1 2 7 0 2 7 17 18 2 0 2 7 0 2 7 17 18 2 6 2 7 0 2 7 1 2 7 1 2 4 5 31 3 0 2 7 0 2 7 0 2 7 1 2 7 1 2 7 0 2 7 1 2 7 1 2 7 1 2 4 0 2 7 1 2 7 0 2 7 1 2 7 0 59.938682496547699
0 2 7 13 6 3 0 2 4 0 2 7 0 2 7 1 2 7 0 2 7 12 16 2 17 9 2 13 6 3 5 31 3 1 2 7 17 18 2 1 2 7 13 6 3 1 2 7 1 2 7 12 16 2 1 2 7 0 2 7 1 2 7 16 6 2 0 2 7 5 30 3 1 2 7 17 9 2 0 2 7 0 2 7 17 18 2 0 2 7 12 16 2 0 2 7 0 2 7 12 16 2 1 2 7 0 2 7 1 2 7 0 2 7 17 18 2 0 2 7 0 2 7 17 18 2 1 2 7 0 2 7 6 2 7 0 2 7 5 31 3 1 2 7 0 2 7 0 2 4 5 31 3 1 2 7 0 2 7 0 2 7 1 2 7 1 2 7 0 2 4 1 2 7 0 2 4 1 2 7 0 59.938682496547699
0 2 7 13 6 3 1 2 3 0 2 7 1 2 11 1 2 3 0 2 3 12 16 2 17 9 2 1 2 7 5 31 3 1 2 7 17 18 2 0 2 7 13 6 3 1 2 7 0 2 7 12 16 2 5 30 3 1 2 4 0 2 7 16 30 2 0 2 7 5 30 3 0 2 7 17 9 2 0 2 7 0 2 7 17 18 2 0 2 7 12 16 2 0 2 7 0 2 11 12 16 2 0 2 7 0 2 7 1 2 7 0 2 7 16 6 2 13 6 3 0 2 7 17 18 2 1 2 7 0 2 7 1 2 3 0 2 7 5 31 3 1 2 7 0 2 7 1 2 7 1 2 7 1 2 7 0 2 7 0 2 7 1 2 7 0 2 7 1 2 7 1 2 3 0 2 7 0 2 7 0 60.4526945352554321
0 2 7 13 6 3 0 2 7 0 2 7 0 2 7 0 2 7 0 2 7 12 16 2 17 9 2 13 6 3 5 31 3 0 2 7 17 18 2 1 2 7 13 6 3 1 2 7 0 2 7 12 16 2 5 30 3 0 2 7 1 2 7 16 6 2 0 2 7 5 31 3 0 2 7 17 9 2 0 2 7 1 2 7 17 18 2 0 2 7 12 16 2 0 2 7 0 2 7 12 16 2 0 2 7 0 2 7 0 2 7 0 2 7 16 6 2 0 2 7 0 2 7 17 18 2 1 2 7 0 2 7 1 2 7 0 2 7 5 31 3 1 2 7 1 2 7 1 2 7 1 2 7 1 2 7 0 2 7 1 2 7 1 2 3 1 2 7 1 2 7 1 2 7 0 2 7 1 2 7 0 60.0091503858566284
1 2 7 13 6 3 0 2 7 0 2 7 0 2 7 0 2 7 0 2 7 12 16 2 17 9 2 13 6 3 5 31 3 1 2 7 17 18 2 1 2 4 13 6 3 1 2 7 1 2 7 12 16 2 1 2 7 0 2 7 1 2 7 16 6 2 0 2 4 5 30 3 0 2 3 17 9 2 0 2 7 0 2 7 17 18 2 0 2 4 12 16 2 0 2 3 0 2 4 12 16 2 1 2 7 0 2 7 1 2 3 0 2 7 17 18 2 0 2 7 0 2 7 17 18 2 1 2 7 0 2 3 1 2 7 0 2 7 5 31 3 1 2 7 0 2 7 1 2 7 1 2 7 1 2 7 0 2 7 0 2 4 0 2 7 1 2 7 1 2 7 1 2 7 0 2 7 1 2 7 0 59.9809155464172363
0 2 7 13 6 3 0 2 7 0 2 7 0 2 7 1 2 7 6 2 7 12 16 2 17 9 2 1 2 7 1 2 7 0 2 7 17 9 2 0 2 7 13 6 3 1 2 7 0 2 7 12 16 2 5 30 3 0 2 7 0 2 7 16 15 2 0 2 7 5 31 3 1 2 7 17 9 2 0 2 7 0 2 7 8 18 2 0 2 4 12 16 2 0 2 7 0 2 7 12 16 2 0 2 7 0 2 7 1 2 7 0 2 7 16 6 2 1 2 7 1 2 7 17 18 2 0 2 7 1 2 7 1 2 7 1 2 7 5 31 3 0 2 7 0 2 7 17 9 2 0 2 7 1 2 7 0 2 7 0 2 7 6 2 7 1 2 4 1 2 7 5 31 3 1 2 7 0 2 7 0 60.379920482635498

Current Evaluation = 8100(8100)
Front Size = 10
5 31 3 13 6 3 1 2 7 0 2 7 0 2 7 0 2 7 0 2 7 12 16 2 17 9 2 13 6 3 5 31 3 0 2 7 17 18 2 0 2 7 13 6 3 1 2 7 1 2 4 12 16 2 1 2 7 1 2 7 1 2 7 16 6 2 0 2 7 0 2 7 5 31 3 17 9 2 1 2 7 0 2 7 17 18 2 0 2 7 12 16 2 1 2 7 0 2 7 12 16 2 0 2 7 0 2 7 0 2 7 1 2 7 17 18 2 0 2 7 0 2 7 17 18 2 0 2 7 0 2 7 1 2 4 1 2 7 0 2 7 0 2 7 0 2 7 1 2 7 1 2 7 1 2 7 0 2 7 1 2 7 1 2 7 1 2 7 0 2 7 1 2 7 0 2 7 1 2 4 0 59.7211945056915283
1 2 4 13 6 3 0 2 7 0 2 7 0 2 7 1 2 7 1 2 7 12 16 2 17 9 2 13 6 3 5 31 3 0 2 7 17 18 2 0 2 7 13 6 3 1 2 7 0 2 7 12 16 2 1 2 7 0 2 7 0 2 7 16 6 2 0 2 7 5 31 3 0 2 7 17 9 2 0 2 7 1 2 7 17 18 2 0 2 7 12 16 2 0 2 7 0 2 7 12 16 2 1 2 7 0 2 7 1 2 7 0 2 7 17 18 2 1 2 7 1 2 7 17 18 2 1 2 7 0 2 7 1 2 7 0 2 7 5 31 3 1 2 7 0 2 4 0 2 7 1 2 7 0 2 7 0 2 4 1 2 7 0 2 7 1 2 7 1 2 7 1 2 7 0 2 7 1 2 7 0 59.7211945056915283
1 2 4 13 6 3 0 2 7 1 2 7 0 2 7 1 2 7 1 2 7 12 16 2 17 9 2 13 6 3 5 31 3 0 2 7 17 18 2 0 2 7 13 6 3 1 2 7 0 2 7 12 16 2 1 2 7 0 2 7 0 2 7 16 6 2 0 2 7 0 2 7 0 2 7 17 9 2 0 2 7 5 31 3 17 18 2 0 2 7 12 16 2 0 2 7 0 2 7 12 16 2 1 2 7 0 2 7 1 2 7 0 2 7 17 18 2 1 2 7 1 2 7 17 18 2 1 2 7 0 2 7 0 2 7 0 2 7 5 31 3 1 2 7 1 2 7 0 2 7 0 2 4 1 2 7 0 2 7 1 2 7 1 2 7 1 2 7 0 2 7 1 2 7 0 2 7 1 2 4 0 59.7211945056915283
1 2 4 13 6 3 1 2 7 5 31 3 0 2 7 0 2 7 0 2 7 12 16 2 17 9 2 13 6 3 5 31 3 1 2 7 17 18 2 1 2 7 13 6 3 1 2 7 0 2 4 12 16 2 1 2 7 0 2 7 1 2 7 16 6 2 0 2 7 5 30 3 0 2 7 17 9 2 0 2 7 0 2 4 17 18 2 0 2 7 12 16 2 0 2 7 0 2 7 12 16 2 1 2 7 0 2 7 1 2 7 0 2 7 17 18 2 0 2 7 0 2 7 17 18 2 6 2 7 0 2 4 1 2 7 1 2 7 5 31 3 1 2 7 0 2 7 1 2 7 1 2 7 0 2 7 0 2 7 0 2 7 0 2 7 0 2 7 1 2 7 1 2 7 0 2 7 1 2 7 0 59.938682496547699
0 2 7 13 6 3 1 2 7 1 2 7 0 2 7 0 2 7 0 2 7 12 16 2 17 9 2 13 6 3 5 31 3 1 2 7 17 18 2 1 2 7 13 6 3 1 2 7 0 2 7 12 16 2 1 2 7 0 2 7 0 2 7 16 6 2 0 2 7 1 2 7 0 2 7 17 9 2 0 2 7 0 2 4 17 18 2 0 2 7 12 16 2 1 2 7 0 2 7 12 16 2 0 2 7 0 2 7 0 2 7 0 2 4 17 18 2 1 2 7 0 2 7 17 18 2 1 2 7 0 2 4 1 2 7 0 2 7 5 31 3 1 2 7 1 2 7 1 2 7 1 2 7 0 2 7 0 2 7 5 31 3 0 2 7 1 2 7 1 2 7 1 2 7 0 2 7 1 2 7 0 59.7211945056915283
0 2 7 13 6 3 1 2 7 1 2 7 5 31 3 0 2 7 1 2 4 12 16 2 17 9 2 13 6 3 5 31 3 0 2 7 17 18 2 1 2 7 13 6 3 1 2 7 1 2 7 12 16 2 1 2 7 1 2 7 0 2 7 16 6 2 0 2 7 0 2 7 5 31 3 17 9 2 1 2 7 0 2 7 1 2 7 0 2 7 12 16 2 0 2 7 0 2 7 12 16 2 0 2 7 0 2 7 0 2 7 0 2 7 17 18 2 1 2 7 1 2 4 17 18 2 0 2 7 0 2 7 1 2 7 0 2 7 5 30 3 6 2 7 1 2 7 0 2 4 0 2 7 1 2 7 0 2 7 17 18 2 1 2 7 0 2 7 0 2 7 0 2 4 0 2 7 1 2 7 0 59.938682496547699
0 2 7 13 6 3 0 2 4 0 2 7 0 2 7 1 2 7 0 2 7 12 16 2 17 9 2 13 6 3 5 31 3 1 2 7 17 18 2 1 2 7 13 6 3 1 2 7 1 2 7 12 16 2 1 2 7 0 2 7 1 2 7 16 6 2 0 2 7 5 30 3 1 2 7 17 9 2 0 2 7 0 2 7 17 18 2 0 2 7 12 16 2 0 2 7 0 2 7 12 16 2 1 2 7 0 2 7 1 2 7 0 2 7 17 18 2 0 2 7 0 2 7 17 18 2 1 2 7 0 2 7 6 2 7 0 2 7 5 31 3 1 2 7 0 2 7 0 2 4 5 31 3 1 2 7 0 2 7 0 2 7 1 2 7 1 2 7 0 2 4 1 2 7 0 2 4 1 2 7 0 59.938682496547699
0 2 7 13 6 3 0 2 7 0 2 7 0 2 4 0 2 7 0 2 7 12 16 2 17 9 2 13 6 3 5 31 3 1 2 7 17 18 2 1 2 7 13 6 3 1 2 4 0 2 7 12 16 2 1 2 7 0 2 7 1 2 4 16 6 2 0 2 3 5 30 3 0 2 3 17 9 2 0 2 7 1 2 7 17 18 2 0 2 7 12 16 2 0 2 7 1 2 4 12 16 2 1 2 7 0 2 7 1 2 7 0 2 7 17 18 2 0 2 7 0 2 7 17 18 2 1 2 7 0 2 7 1 2 3 1 2 7 5 31 3 1 2 7 0 2 7 1 2 7 0 2 4 1 2 7 0 2 7 0 2 7 0 2 7 1 2 7 1 2 7 1 2 3 0 2 7 1 2 7 0 59.9809155464172363
0 2 7 13 6 3 0 2 7 0 2 7 1 2 4 0 2 7 0 2 7 12 16 2 17 9 2 13 6 3 5 31 3 5 31 3 17 18 2 0 2 7 13 6 3 1 2 4 1 2 7 12 16 2 1 2 7 0 2 7 1 2 7 16 6 2 1 2 7 0 2 3 5 30 3 17 9 2 0 2 7 0 2 7 17 18 2 0 2 7 12 16 2 0 2 7 0 2 7 12 16 2 1 2 7 0 2 4 0 2 7 1 2 7 17 18 2 1 2 7 0 2 7 17 18 2 1 2 7 0 2 7 1 2 7 0 2 7 0 2 7 1 2 4 0 2 7 1 2 7 1 2 7 1 2 4 0 2 7 0 2 3 1 2 3 1 2 7 1 2 7 0 2 7 0 2 3 1 2 7 0 59.9809155464172363
0 2 7 13 6 3 0 2 7 0 2 7 0 2 4 0 2 7 0 2 7 12 16 2 17 9 2 13 6 3 5 31 3 1 2 7 17 18 2 1 2 4 13 6 3 1 2 4 0 2 7 12 16 2 1 2 7 0 2 7 1 2 7 16 6 2 0 2 7 5 30 3 0 2 3 17 9 2 0 2 7 0 2 7 17 18 2 0 2 7 12 16 2 0 2 7 1 2 4 12 16 2 1 2 7 0 2 7 1 2 7 0 2 7 17 18 2 0 2 7 0 2 7 17 18 2 1 2 7 0 2 3 1 2 3 1 2 7 5 31 3 1 2 7 0 2 7 1 2 4 1 2 7 1 2 3 0 2 7 0 2 7 0 2 7 1 2 7 1 2 7 1 2 7 0 2 7 1 2 7 0 59.9809155464172363

Current Evaluation = 9000(9000)
Front Size = 10
5 31 3 13 6 3 1 2 7 0 2 7 0 2 7 0 2 7 0 2 7 12 16 2 17 9 2 13 6 3 5 31 3 0 2 7 17 18 2 0 2 7 13 6 3 1 2 7 1 2 4 12 16 2 1 2 7 1 2 7 1 2 7 16 6 2 0 2 7 0 2 7 5 31 3 17 9 2 1 2 7 0 2 7 17 18 2 0 2 7 12 16 2 1 2 7 0 2 7 12 16 2 0 2 7 0 2 7 0 2 7 1 2 7 17 18 2 0 2 7 0 2 7 17 18 2 0 2 7 0 2 7 1 2 4 1 2 7 0 2 7 0 2 7 0 2 7 1 2 7 1 2 7 1 2 7 0 2 7 1 2 7 1 2 7 1 2 7 0 2 7 1 2 7 0 2 7 1 2 4 0 59.7211945056915283
1 2 4 13 6 3 0 2 7 0 2 7 0 2 7 1 2 7 1 2 7 12 16 2 17 9 2 13 6 3 5 31 3 0 2 7 17 18 2 0 2 7 13 6 3 1 2 7 0 2 7 12 16 2 1 2 7 0 2 7 0 2 7 16 6 2 0 2 7 5 31 3 0 2 7 17 9 2 0 2 7 1 2 7 17 18 2 0 2 7 12 16 2 0 2 7 0 2 7 12 16 2 1 2 7 0 2 7 1 2 7 0 2 7 17 18 2 1 2 7 1 2 7 17 18 2 1 2 7 0 2 7 1 2 7 0 2 7 5 31 3 1 2 7 0 2 4 0 2 7 1 2 7 0 2 7 0 2 4 1 2 7 0 2 7 1 2 7 1 2 7 1 2 7 0 2 7 1 2 7 0 59.7211945056915283
1 2 7 13 6 3 1 2 7 0 2 7 0 2 7 0 2 7 1 2 7 12 16 2 17 9 2 13 6 3 5 31 3 1 2 7 17 18 2 1 2 7 13 6 3 1 2 7 0 2 7 12 16 2 1 2 7 1 2 7 1 2 7 16 6 2 0 2 7 5 31 3 1 2 7 17 9 2 1 2 4 5 31 3 17 18 2 1 2 7 12 16 2 0 2 7 0 2 7 12 16 2 0 2 4 1 2 7 0 2 7 1 2 7 17 18 2 1 2 7 0 2 7 17 18 2 0 2 7 0 2 7 1 2 7 0 2 7 0 2 7 0 2 7 0 2 7 0 2 7 1 2 7 1 2 4 0 2 7 0 2 7 0 2 7 0 2 7 0 2 7 1 2 7 0 2 7 0 2 7 0 59.7211945056915283
1 2 4 13 6 3 1 2 7 5 31 3 0 2 7 0 2 7 0 2 7 12 16 2 17 9 2 13 6 3 5 31 3 1 2 7 17 18 2 1 2 7 13 6 3 1 2 7 0 2 4 12 16 2 1 2 7 0 2 7 1 2 7 16 6 2 0 2 7 5 30 3 0 2 7 17 9 2 0 2 7 0 2 4 17 18 2 0 2 7 12 16 2 0 2 7 0 2 7 12 16 2 1 2 7 0 2 7 1 2 7 0 2 7 17 18 2 0 2 7 0 2 7 17 18 2 6 2 7 0 2 4 1 2 7 1 2 7 5 31 3 1 2 7 0 2 7 1 2 7 1 2 7 0 2 7 0 2 7 0 2 7 0 2 7 0 2 7 1 2 7 1 2 7 0 2 7 1 2 7 0 59.938682496547699
0 2 7 13 6 3 1 2 7 1 2 7 0 2 7 0 2 7 0 2 7 12 16 2 17 9 2 13 6 3 5 31 3 1 2 7 17 18 2 1 2 7 13 6 3 1 2 7 0 2 7 12 16 2 1 2 7 0 2 7 0 2 7 16 6 2 0 2 7 1 2 7 0 2 7 17 9 2 0 2 7 0 2 4 17 18 2 0 2 7 12 16 2 1 2 7 0 2 7 12 16 2 0 2 7 0 2 7 0 2 7 0 2 4 17 18 2 1 2 7 0 2 7 17 18 2 1 2 7 0 2 4 1 2 7 0 2 7 5 31 3 1 2 7 1 2 7 1 2 7 1 2 7 0 2 7 0 2 7 5 31 3 0 2 7 1 2 7 1 2 7 1 2 7 0 2 7 1 2 7 0 59.7211945056915283
0 2 7 13 6 3 1 2 7 1 2 7 5 31 3 0 2 7 1 2 4 12 16 2 17 9 2 13 6 3 5 31 3 0 2 7 17 18 2 1 2 7 13 6 3 1 2 7 1 2 7 12 16 2 1 2 7 1 2 7 0 2 7 16 6 2 0 2 7 0 2 7 5 31 3 17 9 2 1 2 7 0 2 7 1 2 7 0 2 7 12 16 2 0 2 7 0 2 7 12 16 2 0 2 7 0 2 7 0 2 7 0 2 7 17 18 2 1 2 7 1 2 4 17 18 2 0 2 7 0 2 7 1 2 7 0 2 7 5 30 3 6 2 7 1 2 7 0 2 4 0 2 7 1 2 7 0 2 7 17 18 2 1 2 7 0 2 7 0 2 7 0 2 4 0 2 7 1 2 7 0 59.938682496547699
0 2 7 13 6 3 0 2 4 0 2 7 0 2 7 1 2 7 0 2 7 12 16 2 17 9 2 13 6 3 5 31 3 1 2 7 17 18 2 1 2 7 13 6 3 1 2 7 1 2 7 12 16 2 1 2 7 0 2 7 1 2 7 16 6 2 0 2 7 5 30 3 1 2 7 17 9 2 0 2 7 0 2 7 17 18 2 0 2 7 12 16 2 0 2 7 0 2 7 12 16 2 1 2 7 0 2 7 1 2 7 0 2 7 17 18 2 0 2 7 0 2 7 17 18 2 1 2 7 0 2 7 6 2 7 0 2 7 5 31 3 1 2 7 0 2 7 0 2 4 5 31 3 1 2 7 0 2 7 0 2 7 1 2 7 1 2 7 0 2 4 1 2 7 0 2 4 1 2 7 0 59.938682496547699
1 2 4 13 6 3 0 2 7 5 30 3 0 2 7 0 2 7 0 2 7 12 16 2 17 9 2 13 6 3 5 31 3 1 2 4 17 9 2 0 2 7 13 6 3 1 2 7 0 2 7 12 16 2 1 2 7 0 2 7 1 2 7 16 6 2 1 2 7 5 31 3 1 2 7 17 9 2 0 2 7 0 2 7 17 18 2 0 2 7 12 16 2 6 2 7 0 2 7 12 16 2 0 2 7 0 2 7 1 2 7 0 2 7 17 18 2 1 2 7 0 2 7 17 18 2 5 31 3 1 2 4 0 2 7 1 2 4 0 2 7 0 2 7 1 2 7 0 2 7 0 2 7 1 2 7 0 2 7 1 2 7 0 2 7 1 2 7 1 2 7 0 2 7 0 2 7 1 2 7 0 59.938682496547699
5 30 3 13 6 3 1 2 4 0 2 7 5 31 3 1 2 7 1 2 7 12 16 2 17 9 2 1 2 7 5 30 3 1 2 7 17 18 2 0 2 7 13 6 3 1 2 7 0 2 7 12 16 2 0 2 3 1 2 4 0 2 7 16 15 2 1 2 7 5 30 3 1 2 7 8 9 2 0 2 7 1 2 7 17 18 2 1 2 7 12 16 2 0 2 7 0 2 7 12 16 2 0 2 7 1 2 7 0 2 7 0 2 7 17 18 2 8 9 2 0 2 7 17 18 2 16 19 11 0 2 7 1 2 7 0 2 7 0 2 7 0 2 7 0 2 7 1 2 7 0 2 3 0 2 7 1 2 3 0 2 7 0 2 4 0 2 7 0 2 7 0 2 7 0 2 7 1 2 7 0 60.9964313507080078
0 2 7 13 6 3 0 2 7 0 2 7 1 2 4 0 2 7 0 2 7 12 16 2 17 9 2 13 6 3 5 31 3 5 31 3 17 18 2 0 2 7 13 6 3 1 2 4 1 2 7 12 16 2 1 2 7 0 2 7 1 2 7 16 6 2 1 2 7 0 2 3 5 30 3 17 9 2 0 2 7 0 2 7 17 18 2 0 2 7 12 16 2 0 2 7 0 2 7 12 16 2 1 2 7 0 2 4 0 2 7 1 2 7 17 18 2 1 2 7 0 2 7 17 18 2 1 2 7 0 2 7 1 2 7 0 2 7 0 2 7 1 2 4 0 2 7 1 2 7 1 2 7 1 2 4 0 2 7 0 2 3 1 2 3 1 2 7 1 2 7 0 2 7 0 2 3 1 2 7 0 59.9809155464172363

Current Evaluation = 9900(9900)
Front Size = 10
5 31 3 13 6 3 1 2 7 0 2 7 0 2 7 0 2 7 0 2 7 12 16 2 17 9 2 13 6 3 5 31 3 0 2 7 17 18 2 0 2 7 13 6 3 1 2 7 1 2 4 12 16 2 1 2 7 1 2 7 1 2 7 16 6 2 0 2 7 0 2 7 5 31 3 17 9 2 1 2 7 0 2 7 17 18 2 0 2 7 12 16 2 1 2 7 0 2 7 12 16 2 0 2 7 0 2 7 0 2 7 1 2 7 17 18 2 0 2 7 0 2 7 17 18 2 0 2 7 0 2 7 1 2 4 1 2 7 0 2 7 0 2 7 0 2 7 1 2 7 1 2 7 1 2 7 0 2 7 1 2 7 1 2 7 1 2 7 0 2 7 1 2 7 0 2 7 1 2 4 0 59.7211945056915283
1 2 7 13 6 3 0 2 7 1 2 7 5 31 3 0 2 7 0 2 7 12 16 2 17 9 2 13 6 3 5 31 3 1 2 7 17 18 2 0 2 7 13 6 3 1 2 7 0 2 7 12 16 2 1 2 7 1 2 7 1 2 7 16 6 2 0 2 7 5 31 3 1 2 7 17 9 2 1 2 7 1 2 4 17 18 2 0 2 7 12 16 2 0 2 7 0 2 7 12 16 2 0 2 7 0 2 7 0 2 7 1 2 7 17 18 2 0 2 7 0 2 7 17 18 2 1 2 7 0 2 7 1 2 7 0 2 4 1 2 7 0 2 7 1 2 7 0 2 4 1 2 7 1 2 7 0 2 7 1 2 7 0 2 7 0 2 7 0 2 7 1 2 7 0 2 7 0 2 7 0 59.7211945056915283
5 31 3 13 6 3 1 2 7 1 2 7 0 2 7 0 2 7 0 2 7 12 16 2 17 9 2 13 6 3 5 31 3 1 2 7 17 18 2 1 2 7 13 6 3 1 2 7 1 2 7 12 16 2 1 2 7 1 2 7 1 2 7 16 6 2 0 2 7 0 2 7 5 31 3 17 9 2 0 2 7 1 2 7 17 18 2 0 2 7 12 16 2 1 2 7 0 2 7 12 16 2 0 2 4 0 2 7 0 2 7 1 2 7 17 18 2 0 2 7 1 2 7 17 18 2 0 2 7 1 2 4 0 2 7 1 2 4 0 2 7 0 2 7 0 2 7 1 2 7 0 2 7 1 2 7 0 2 7 1 2 7 0 2 7 0 2 7 0 2 7 0 2 7 0 2 7 1 2 7 0 59.7211945056915283
0 2 7 13 6 3 1 2 7 1 2 7 5 31 3 0 2 7 0 2 7 12 16 2 17 9 2 13 6 3 5 31 3 0 2 7 17 18 2 1 2 7 13 6 3 1 2 7 0 2 4 12 16 2 1 2 7 1 2 7 1 2 7 16 6 2 0 2 4 0 2 7 5 31 3 17 9 2 0 2 7 0 2 7 17 18 2 1 2 7 12 16 2 0 2 7 0 2 7 12 16 2 1 2 7 0 2 7 0 2 7 1 2 7 17 18 2 0 2 7 1 2 7 17 18 2 0 2 7 1 2 7 0 2 7 0 2 7 1 2 7 0 2 7 1 2 7 1 2 7 0 2 7 1 2 7 1 2 7 1 2 7 0 2 7 1 2 7 0 2 7 0 2 4 0 2 7 0 2 7 0 59.7211945056915283
0 2 7 13 6 3 1 2 7 1 2 7 5 31 3 0 2 7 1 2 4 12 16 2 17 9 2 13 6 3 5 31 3 0 2 7 17 18 2 1 2 7 13 6 3 1 2 7 1 2 7 12 16 2 1 2 7 1 2 7 0 2 7 16 6 2 0 2 7 0 2 7 5 31 3 17 9 2 1 2 7 0 2 7 1 2 7 0 2 7 12 16 2 0 2 7 0 2 7 12 16 2 0 2 7 0 2 7 0 2 7 0 2 7 17 18 2 1 2 7 1 2 4 17 18 2 0 2 7 0 2 7 1 2 7 0 2 7 5 30 3 6 2 7 1 2 7 0 2 4 0 2 7 1 2 7 0 2 7 17 18 2 1 2 7 0 2 7 0 2 7 0 2 4 0 2 7 1 2 7 0 59.938682496547699
0 2 7 13 6 3 0 2 7 1 2 7 1 2 7 0 2 7 0 2 4 12 16 2 17 9 2 13 6 3 5 31 3 0 2 7 17 18 2 1 2 7 13 6 3 1 2 7 1 2 7 12 16 2 1 2 7 1 2 7 1 2 7 16 6 2 0 2 7 5 31 3 5 31 3 17 9 2 1 2 7 0 2 7 1 2 7 0 2 7 12 16 2 0 2 7 0 2 7 12 16 2 1 2 7 0 2 7 0 2 7 0 2 7 17 18 2 1 2 7 0 2 7 17 18 2 1 2 7 0 2 7 1 2 7 0 2 7 5 30 3 1 2 7 0 2 7 0 2 4 0 2 7 6 2 4 0 2 7 17 9 2 0 2 7 0 2 7 0 2 7 0 2 7 1 2 7 1 2 4 0 59.938682496547699
0 2 7 13 6 3 1 2 7 0 2 7 1 2 7 0 2 7 1 2 7 12 16 2 17 9 2 13 6 3 5 30 3 1 2 7 17 9 2 1 2 4 13 6 3 0 2 7 1 2 7 12 16 2 0 2 7 1 2 7 0 2 4 16 6 2 0 2 7 5 31 3 0 2 7 17 9 2 1 2 7 1 2 7 5 31 3 0 2 7 12 16 2 1 2 7 0 2 7 12 16 2 0 2 7 1 2 7 0 2 7 0 2 7 0 2 7 1 2 7 0 2 4 17 18 2 17 18 2 0 2 7 5 31 3 6 2 7 0 2 7 1 2 7 0 2 7 1 2 7 17 9 2 1 2 7 0 2 7 0 2 7 1 2 7 0 2 7 0 2 4 0 2 7 0 2 7 1 2 7 0 59.938682496547699
0 2 7 13 6 3 0 2 4 0 2 7 0 2 7 1 2 7 0 2 7 12 16 2 17 9 2 13 6 3 5 31 3 1 2 7 17 18 2 1 2 7 13 6 3 1 2 7 1 2 7 12 16 2 1 2 7 0 2 7 1 2 7 16 6 2 0 2 7 5 30 3 1 2 7 17 9 2 0 2 7 0 2 7 17 18 2 0 2 7 12 16 2 0 2 7 0 2 7 12 16 2 1 2 7 0 2 7 1 2 7 0 2 7 17 18 2 0 2 7 0 2 7 17 18 2 1 2 7 0 2 7 6 2 7 0 2 7 5 31 3 1 2 7 0 2 7 0 2 4 5 31 3 1 2 7 0 2 7 0 2 7 1 2 7 1 2 7 0 2 4 1 2 7 0 2 4 1 2 7 0 59.938682496547699
1 2 4 13 6 3 0 2 7 5 30 3 0 2 7 0 2 7 0 2 7 12 16 2 17 9 2 13 6 3 5 31 3 1 2 4 17 9 2 0 2 7 13 6 3 1 2 7 0 2 7 12 16 2 1 2 7 0 2 7 1 2 7 16 6 2 1 2 7 5 31 3 1 2 7 17 9 2 0 2 7 0 2 7 17 18 2 0 2 7 12 16 2 6 2 7 0 2 7 12 16 2 0 2 7 0 2 7 1 2 7 0 2 7 17 18 2 1 2 7 0 2 7 17 18 2 5 31 3 1 2 4 0 2 7 1 2 4 0 2 7 0 2 7 1 2 7 0 2 7 0 2 7 1 2 7 0 2 7 1 2 7 0 2 7 1 2 7 1 2 7 0 2 7 0 2 7 1 2 7 0 59.938682496547699
0 2 7 13 6 3 0 2 7 0 2 7 1 2 4 0 2 7 0 2 7 12 16 2 17 9 2 13 6 3 5 31 3 5 31 3 17 18 2 0 2 7 13 6 3 1 2 4 1 2 7 12 16 2 1 2 7 0 2 7 1 2 7 16 6 2 1 2 7 0 2 3 5 30 3 17 9 2 0 2 7 0 2 7 17 18 2 0 2 7 12 16 2 0 2 7 0 2 7 12 16 2 1 2 7 0 2 4 0 2 7 1 2 7 17 18 2 1 2 7 0 2 7 17 18 2 1 2 7 0 2 7 1 2 7 0 2 7 0 2 7 1 2 4 0 2 7 1 2 7 1 2 7 1 2 4 0 2 7 0 2 3 1 2 3 1 2 7 1 2 7 0 2 7 0 2 3 1 2 7 0 59.9809155464172363

Current Evaluation = 10800(10800)
Front Size = 10
5 31 3 13 6 3 1 2 7 0 2 7 0 2 7 0 2 7 0 2 7 12 16 2 17 9 2 13 6 3 5 31 3 0 2 7 17 18 2 0 2 7 13 6 3 1 2 7 1 2 4 12 16 2 1 2 7 1 2 7 1 2 7 16 6 2 0 2 7 0 2 7 5 31 3 17 9 2 1 2 7 0 2 7 17 18 2 0 2 7 12 16 2 1 2 7 0 2 7 12 16 2 0 2 7 0 2 7 0 2 7 1 2 7 17 18 2 0 2 7 0 2 7 17 18 2 0 2 7 0 2 7 1 2 4 1 2 7 0 2 7 0 2 7 0 2 7 1 2 7 1 2 7 1 2 7 0 2 7 1 2 7 1 2 7 1 2 7 0 2 7 1 2 7 0 2 7 1 2 4 0 59.7211945056915283
5 31 3 13 6 3 1 2 7 0 2 7 0 2 7 0 2 7 0 2 7 12 16 2 17 9 2 13 6 3 5 31 3 0 2 7 17 18 2 1 2 7 13 6 3 1 2 7 1 2 7 12 16 2 0 2 7 1 2 7 1 2 7 16 6 2 0 2 7 0 2 7 5 31 3 17 9 2 1 2 7 1 2 7 17 18 2 0 2 7 12 16 2 1 2 7 0 2 7 12 16 2 0 2 7 0 2 7 0 2 7 1 2 7 17 18 2 0 2 7 0 2 7 17 18 2 0 2 7 0 2 4 1 2 4 1 2 7 0 2 7 0 2 7 0 2 7 1 2 7 1 2 7 1 2 7 0 2 7 1 2 7 1 2 7 1 2 7 0 2 7 0 2 7 0 2 7 1 2 4 0 59.7211945056915283
5 31 3 13 6 3 1 2 7 0 2 7 0 2 7 0 2 7 0 2 7 12 16 2 17 9 2 13 6 3 5 31 3 1 2 7 17 18 2 1 2 7 13 6 3 1 2 7 1 2 7 12 16 2 1 2 7 1 2 7 1 2 7 16 6 2 0 2 7 0 2 7 5 31 3 17 9 2 1 2 7 0 2 7 17 18 2 0 2 7 12 16 2 1 2 7 0 2 7 12 16 2 0 2 7 0 2 7 0 2 7 1 2 7 17 18 2 0 2 7 0 2 7 17 18 2 0 2 7 0 2 7 0 2 4 1 2 7 0 2 7 0 2 7 0 2 4 1 2 7 1 2 7 1 2 7 0 2 7 1 2 7 1 2 4 1 2 7 0 2 7 0 2 7 0 2 7 1 2 7 0 59.7211945056915283
5 31 3 13 6 3 1 2 7 0 2 7 0 2 7 0 2 7 0 2 7 12 16 2 17 9 2 13 6 3 5 31 3 0 2 7 17 18 2 1 2 7 13 6 3 1 2 7 1 2 7 12 16 2 1 2 7 1 2 7 1 2 7 16 6 2 0 2 7 0 2 7 5 31 3 17 9 2 1 2 7 0 2 7 17 18 2 0 2 7 12 16 2 1 2 7 0 2 7 12 16 2 0 2 7 0 2 7 0 2 7 1 2 7 17 18 2 0 2 7 0 2 7 17 18 2 0 2 4 0 2 7 0 2 4 1 2 7 0 2 7 0 2 4 0 2 7 1 2 7 1 2 7 1 2 7 0 2 7 1 2 7 1 2 7 1 2 7 0 2 7 1 2 7 0 2 7 1 2 7 0 59.7211945056915283
0 2 7 13 6 3 1 2 7 1 2 7 5 31 3 0 2 7 1 2 4 12 16 2 17 9 2 13 6 3 5 31 3 0 2 7 17 18 2 1 2 7 13 6 3 1 2 7 1 2 7 12 16 2 1 2 7 1 2 7 0 2 7 16 6 2 0 2 7 0 2 7 5 31 3 17 9 2 1 2 7 0 2 7 1 2 7 0 2 7 12 16 2 0 2 7 0 2 7 12 16 2 0 2 7 0 2 7 0 2 7 0 2 7 17 18 2 1 2 7 1 2 4 17 18 2 0 2 7 0 2 7 1 2 7 0 2 7 5 30 3 6 2 7 1 2 7 0 2 4 0 2 7 1 2 7 0 2 7 17 18 2 1 2 7 0 2 7 0 2 7 0 2 4 0 2 7 1 2 7 0 59.938682496547699
0 2 7 13 6 3 0 2 7 1 2 7 1 2 7 0 2 7 0 2 4 12 16 2 17 9 2 13 6 3 5 31 3 0 2 7 17 18 2 1 2 7 13 6 3 1 2 7 1 2 7 12 16 2 1 2 7 1 2 7 1 2 7 16 6 2 0 2 7 5 31 3 5 31 3 17 9 2 1 2 7 0 2 7 1 2 7 0 2 7 12 16 2 0 2 7 0 2 7 12 16 2 1 2 7 0 2 7 0 2 7 0 2 7 17 18 2 1 2 7 0 2 7 17 18 2 1 2 7 0 2 7 1 2 7 0 2 7 5 30 3 1 2 7 0 2 7 0 2 4 0 2 7 6 2 4 0 2 7 17 9 2 0 2 7 0 2 7 0 2 7 0 2 7 1 2 7 1 2 4 0 59.938682496547699
0 2 7 13 6 3 0 2 4 0 2 7 0 2 7 1 2 7 0 2 7 12 16 2 17 9 2 13 6 3 5 31 3 1 2 7 17 18 2 1 2 7 13 6 3 1 2 7 1 2 7 12 16 2 1 2 7 0 2 7 1 2 7 16 6 2 0 2 7 5 30 3 1 2 7 17 9 2 0 2 7 0 2 7 17 18 2 0 2 7 12 16 2 0 2 7 0 2 7 12 16 2 1 2 7 0 2 7 1 2 7 0 2 7 17 18 2 0 2 7 0 2 7 17 18 2 1 2 7 0 2 7 6 2 7 0 2 7 5 31 3 1 2 7 0 2 7 0 2 4 5 31 3 1 2 7 0 2 7 0 2 7 1 2 7 1 2 7 0 2 4 1 2 7 0 2 4 1 2 7 0 59.938682496547699
0 2 7 13 6 3 1 2 7 0 2 7 1 2 7 0 2 7 1 2 7 12 16 2 17 9 2 13 6 3 5 30 3 1 2 7 17 9 2 1 2 4 13 6 3 0 2 7 1 2 7 12 16 2 0 2 7 1 2 7 0 2 4 16 6 2 0 2 7 5 31 3 0 2 7 17 9 2 1 2 7 1 2 7 5 31 3 0 2 7 12 16 2 1 2 7 0 2 7 12 16 2 0 2 7 1 2 7 0 2 7 0 2 7 0 2 7 1 2 7 0 2 4 17 18 2 17 18 2 0 2 7 5 31 3 6 2 7 0 2 7 1 2 7 0 2 7 1 2 7 17 9 2 1 2 7 0 2 7 0 2 7 1 2 7 0 2 7 0 2 4 0 2 7 0 2 7 1 2 7 0 59.938682496547699
1 2 4 13 6 3 0 2 7 5 30 3 0 2 7 0 2 7 0 2 7 12 16 2 17 9 2 13 6 3 5 31 3 1 2 4 17 9 2 0 2 7 13 6 3 1 2 7 0 2 7 12 16 2 1 2 7 0 2 7 1 2 7 16 6 2 1 2 7 5 31 3 1 2 7 17 9 2 0 2 7 0 2 7 17 18 2 0 2 7 12 16 2 6 2 7 0 2 7 12 16 2 0 2 7 0 2 7 1 2 7 0 2 7 17 18 2 1 2 7 0 2 7 17 18 2 5 31 3 1 2 4 0 2 7 1 2 4 0 2 7 0 2 7 1 2 7 0 2 7 0 2 7 1 2 7 0 2 7 1 2 7 0 2 7 1 2 7 1 2 7 0 2 7 0 2 7 1 2 7 0 59.938682496547699
0 2 7 13 6 3 0 2 7 0 2 7 1 2 4 0 2 7 0 2 7 12 16 2 17 9 2 13 6 3 5 31 3 5 31 3 17 18 2 0 2 7 13 6 3 1 2 4 1 2 7 12 16 2 1 2 7 0 2 7 1 2 7 16 6 2 1 2 7 0 2 3 5 30 3 17 9 2 0 2 7 0 2 7 17 18 2 0 2 7 12 16 2 0 2 7 0 2 7 12 16 2 1 2 7 0 2 4 0 2 7 1 2 7 17 18 2 1 2 7 0 2 7 17 18 2 1 2 7 0 2 7 1 2 7 0 2 7 0 2 7 1 2 4 0 2 7 1 2 7 1 2 7 1 2 4 0 2 7 0 2 3 1 2 3 1 2 7 1 2 7 0 2 7 0 2 3 1 2 7 0 59.9809155464172363

Current Evaluation = 11700(11700)
Front Size = 10
5 31 3 13 6 3 1 2 7 0 2 7 0 2 7 0 2 7 0 2 7 12 16 2 17 9 2 13 6 3 5 31 3 0 2 7 17 18 2 0 2 7 13 6 3 1 2 7 1 2 4 12 16 2 1 2 7 1 2 7 1 2 7 16 6 2 0 2 7 0 2 7 5 31 3 17 9 2 1 2 7 0 2 7 17 18 2 0 2 7 12 16 2 1 2 7 0 2 7 12 16 2 0 2 7 0 2 7 0 2 7 1 2 7 17 18 2 0 2 7 0 2 7 17 18 2 0 2 7 0 2 7 1 2 4 1 2 7 0 2 7 0 2 7 0 2 7 1 2 7 1 2 7 1 2 7 0 2 7 1 2 7 1 2 7 1 2 7 0 2 7 1 2 7 0 2 7 1 2 4 0 59.7211945056915283
5 31 3 13 6 3 1 2 7 0 2 7 0 2 7 0 2 7 0 2 7 12 16 2 17 9 2 13 6 3 5 31 3 0 2 7 17 18 2 1 2 7 13 6 3 1 2 7 1 2 7 12 16 2 1 2 4 0 2 7 1 2 4 16 6 2 0 2 7 0 2 7 5 31 3 17 9 2 1 2 7 0 2 7 17 18 2 0 2 7 12 16 2 1 2 7 0 2 7 12 16 2 0 2 7 0 2 7 0 2 7 1 2 7 17 18 2 0 2 7 0 2 7 17 18 2 0 2 7 0 2 4 0 2 7 1 2 7 0 2 7 0 2 7 0 2 7 1 2 7 1 2 7 1 2 7 1 2 7 1 2 7 1 2 7 1 2 7 0 2 7 1 2 7 0 2 7 1 2 7 0 59.7211945056915283
5 31 3 13 6 3 1 2 7 0 2 7 0 2 7 0 2 7 0 2 7 12 16 2 17 9 2 13 6 3 5 31 3 0 2 7 17 18 2 1 2 7 13 6 3 1 2 7 1 2 7 12 16 2 1 2 4 1 2 7 1 2 7 16 6 2 0 2 7 0 2 7 5 31 3 17 9 2 1 2 7 0 2 7 17 18 2 0 2 7 12 16 2 1 2 7 0 2 7 12 16 2 0 2 7 0 2 7 0 2 7 1 2 7 17 18 2 0 2 7 0 2 7 17 18 2 0 2 7 0 2 7 0 2 4 1 2 7 0 2 7 0 2 4 0 2 7 1 2 7 1 2 7 1 2 7 0 2 7 1 2 7 1 2 7 1 2 7 0 2 7 1 2 7 0 2 7 1 2 7 0 59.7211945056915283
5 31 3 13 6 3 1 2 7 0 2 7 0 2 7 0 2 7 0 2 7 12 16 2 17 9 2 13 6 3 5 31 3 0 2 7 17 18 2 1 2 7 13 6 3 1 2 7 1 2 7 12 16 2 1 2 7 1 2 7 1 2 7 16 6 2 0 2 7 0 2 7 5 31 3 17 9 2 1 2 7 0 2 7 17 18 2 0 2 7 12 16 2 1 2 7 0 2 7 12 16 2 0 2 7 0 2 7 0 2 7 1 2 7 17 18 2 0 2 7 0 2 7 17 18 2 0 2 4 0 2 7 0 2 4 1 2 7 0 2 7 0 2 4 0 2 7 1 2 7 1 2 7 1 2 7 0 2 7 1 2 7 1 2 7 1 2 7 0 2 7 1 2 7 0 2 7 1 2 7 0 59.7211945056915283
0 2 7 13 6 3 0 2 7 1 2 7 1 2 7 0 2 7 0 2 4 12 16 2 17 9 2 13 6 3 5 31 3 0 2 7 17 18 2 1 2 7 13 6 3 1 2 7 1 2 7 12 16 2 1 2 7 1 2 7 1 2 7 16 6 2 0 2 7 5 31 3 5 31 3 17 9 2 1 2 7 0 2 7 1 2 7 0 2 7 12 16 2 0 2 7 0 2 7 12 16 2 1 2 7 0 2 7 0 2 7 0 2 7 17 18 2 1 2 7 0 2 7 17 18 2 1 2 7 0 2 7 1 2 7 0 2 7 5 30 3 1 2 7 0 2 7 0 2 4 0 2 7 6 2 4 0 2 7 17 9 2 0 2 7 0 2 7 0 2 7 0 2 7 1 2 7 1 2 4 0 59.938682496547699
0 2 7 13 6 3 1 2 7 1 2 7 5 31 3 0 2 7 1 2 4 12 16 2 17 9 2 13 6 3 5 31 3 0 2 7 17 18 2 1 2 7 13 6 3 1 2 7 1 2 7 12 16 2 1 2 7 1 2 7 0 2 7 16 6 2 0 2 7 0 2 7 5 31 3 17 9 2 1 2 7 0 2 7 1 2 7 0 2 7 12 16 2 0 2 7 0 2 7 12 16 2 0 2 7 0 2 7 0 2 7 0 2 7 17 18 2 1 2 7 1 2 4 17 18 2 0 2 7 0 2 7 1 2 7 0 2 7 5 30 3 6 2 7 1 2 7 0 2 4 0 2 7 1 2 7 0 2 7 17 18 2 1 2 7 0 2 7 0 2 7 0 2 4 0 2 7 1 2 7 0 59.938682496547699
0 2 7 13 6 3 0 2 4 0 2 7 0 2 7 1 2 7 0 2 7 12 16 2 17 9 2 13 6 3 5 31 3 1 2 7 17 18 2 1 2 7 13 6 3 1 2 7 1 2 7 12 16 2 1 2 7 0 2 7 1 2 7 16 6 2 0 2 7 5 30 3 1 2 7 17 9 2 0 2 7 0 2 7 17 18 2 0 2 7 12 16 2 0 2 7 0 2 7 12 16 2 1 2 7 0 2 7 1 2 7 0 2 7 17 18 2 0 2 7 0 2 7 17 18 2 1 2 7 0 2 7 6 2 7 0 2 7 5 31 3 1 2 7 0 2 7 0 2 4 5 31 3 1 2 7 0 2 7 0 2 7 1 2 7 1 2 7 0 2 4 1 2 7 0 2 4 1 2 7 0 59.938682496547699
0 2 7 13 6 3 1 2 7 0 2 7 1 2 7 0 2 7 1 2 7 12 16 2 17 9 2 13 6 3 5 30 3 1 2 7 17 9 2 1 2 4 13 6 3 0 2 7 1 2 7 12 16 2 0 2 7 1 2 7 0 2 4 16 6 2 0 2 7 5 31 3 0 2 7 17 9 2 1 2 7 1 2 7 5 31 3 0 2 7 12 16 2 1 2 7 0 2 7 12 16 2 0 2 7 1 2 7 0 2 7 0 2 7 0 2 7 1 2 7 0 2 4 17 18 2 17 18 2 0 2 7 5 31 3 6 2 7 0 2 7 1 2 7 0 2 7 1 2 7 17 9 2 1 2 7 0 2 7 0 2 7 1 2 7 0 2 7 0 2 4 0 2 7 0 2 7 1 2 7 0 59.938682496547699
1 2 4 13 6 3 0 2 7 5 30 3 0 2 7 0 2 7 0 2 7 12 16 2 17 9 2 13 6 3 5 31 3 1 2 4 17 9 2 0 2 7 13 6 3 1 2 7 0 2 7 12 16 2 1 2 7 0 2 7 1 2 7 16 6 2 1 2 7 5 31 3 1 2 7 17 9 2 0 2 7 0 2 7 17 18 2 0 2 7 12 16 2 6 2 7 0 2 7 12 16 2 0 2 7 0 2 7 1 2 7 0 2 7 17 18 2 1 2 7 0 2 7 17 18 2 5 31 3 1 2 4 0 2 7 1 2 4 0 2 7 0 2 7 1 2 7 0 2 7 0 2 7 1 2 7 0 2 7 1 2 7 0 2 7 1 2 7 1 2 7 0 2 7 0 2 7 1 2 7 0 59.938682496547699
0 2 7 13 6 3 1 2 7 0 2 7 1 2 7 0 2 7 0 2 4 12 16 2 17 9 2 13 6 3 5 31 3 0 2 7 17 18 2 1 2 7 13 6 3 1 2 7 1 2 7 12 16 2 1 2 7 1 2 7 1 2 7 16 6 2 0 2 7 0 31 3 5 31 3 17 9 2 1 2 7 0 2 7 17 2 7 0 2 7 12 16 2 1 2 7 0 2 7 12 16 2 1 2 7 0 2 7 0 2 7 1 2 7 17 18 2 1 2 7 0 2 7 17 18 2 0 2 4 0 2 7 0 2 4 0 2 7 0 30 3 1 2 7 0 2 7 1 2 7 1 2 7 6 2 7 0 2 7 1 2 7 0 2 7 0 2 7 0 2 7 0 2 7 1 2 7 1 2 7 493429.137413614022 58.9121496081352234

Current Evaluation = 12600(12600)
Front Size = 10
5 31 3 13 6 3 1 2 7 0 2 7 0 2 7 0 2 7 0 2 7 12 16 2 17 9 2 13 6 3 5 31 3 0 2 7 17 18 2 0 2 7 13 6 3 1 2 7 1 2 4 12 16 2 1 2 7 1 2 7 1 2 7 16 6 2 0 2 7 0 2 7 5 31 3 17 9 2 1 2 7 0 2 7 17 18 2 0 2 7 12 16 2 1 2 7 0 2 7 12 16 2 0 2 7 0 2 7 0 2 7 1 2 7 17 18 2 0 2 7 0 2 7 17 18 2 0 2 7 0 2 7 1 2 4 1 2 7 0 2 7 0 2 7 0 2 7 1 2 7 1 2 7 1 2 7 0 2 7 1 2 7 1 2 7 1 2 7 0 2 7 1 2 7 0 2 7 1 2 4 0 59.7211945056915283
5 31 3 13 6 3 1 2 7 0 2 7 0 2 7 0 2 7 0 2 4 12 16 2 17 9 2 13 6 3 5 31 3 0 2 7 17 18 2 1 2 7 13 6 3 1 2 7 1 2 4 12 16 2 1 2 7 0 2 7 1 2 7 16 6 2 0 2 7 0 2 7 5 31 3 17 9 2 1 2 7 0 2 7 17 18 2 0 2 7 12 16 2 1 2 7 0 2 4 12 16 2 0 2 7 0 2 7 0 2 7 1 2 7 17 18 2 0 2 7 0 2 7 17 18 2 0 2 7 0 2 7 1 2 7 1 2 7 0 2 7 0 2 7 0 2 7 1 2 7 0 2 7 1 2 7 1 2 7 1 2 7 1 2 7 1 2 7 0 2 7 1 2 7 0 2 7 1 2 7 0 59.7211945056915283
5 31 3 13 6 3 1 2 7 0 2 7 0 2 7 0 2 7 0 2 7 12 16 2 17 9 2 13 6 3 5 31 3 0 2 7 17 18 2 0 2 7 13 6 3 1 2 7 1 2 4 12 16 2 1 2 7 0 2 7 1 2 7 16 6 2 0 2 7 0 2 7 5 31 3 17 9 2 1 2 7 0 2 7 17 18 2 0 2 7 12 16 2 1 2 4 0 2 4 12 16 2 0 2 7 0 2 7 0 2 7 1 2 7 17 18 2 0 2 7 0 2 7 17 18 2 0 2 7 0 2 7 1 2 7 1 2 7 0 2 7 0 2 7 0 2 7 1 2 7 1 2 7 1 2 7 1 2 7 1 2 7 1 2 7 1 2 7 0 2 7 1 2 7 0 2 7 1 2 7 0 59.7211945056915283
5 31 3 13 6 3 1 2 7 0 2 7 0 2 7 0 2 7 0 2 7 12 16 2 17 9 2 13 6 3 5 31 3 0 2 7 17 18 2 1 2 7 13 6 3 1 2 7 1 2 7 12 16 2 1 2 7 1 2 7 1 2 7 16 6 2 0 2 7 0 2 7 5 31 3 17 9 2 1 2 7 0 2 7 17 18 2 0 2 7 12 16 2 1 2 7 0 2 7 12 16 2 0 2 7 0 2 7 0 2 7 1 2 7 17 18 2 0 2 7 0 2 7 17 18 2 0 2 4 0 2 7 0 2 4 1 2 7 0 2 7 0 2 4 0 2 7 1 2 7 1 2 7 1 2 7 0 2 7 1 2 7 1 2 7 1 2 7 0 2 7 1 2 7 0 2 7 1 2 7 0 59.7211945056915283
0 2 7 13 6 3 0 2 7 1 2 7 1 2 7 0 2 7 0 2 4 12 16 2 17 9 2 13 6 3 5 31 3 0 2 7 17 18 2 1 2 7 13 6 3 1 2 7 1 2 7 12 16 2 1 2 7 1 2 7 1 2 7 16 6 2 0 2 7 5 31 3 5 31 3 17 9 2 1 2 7 0 2 7 1 2 7 0 2 7 12 16 2 0 2 7 0 2 7 12 16 2 1 2 7 0 2 7 0 2 7 0 2 7 17 18 2 1 2 7 0 2 7 17 18 2 1 2 7 0 2 7 1 2 7 0 2 7 5 30 3 1 2 7 0 2 7 0 2 4 0 2 7 6 2 4 0 2 7 17 9 2 0 2 7 0 2 7 0 2 7 0 2 7 1 2 7 1 2 4 0 59.938682496547699
5 30 3 13 6 3 0 2 7 5 31 3 0 2 7 0 2 7 1 2 4 12 16 2 17 9 2 13 6 3 5 31 3 0 2 7 17 9 2 0 2 7 13 6 3 1 2 7 0 2 7 12 16 2 1 2 7 0 2 7 1 2 4 16 6 2 1 2 7 0 2 7 5 31 3 17 9 2 0 2 7 0 2 7 17 18 2 0 2 7 12 16 2 1 2 7 0 2 7 12 16 2 0 2 7 1 2 7 0 2 7 6 2 7 17 18 2 1 2 7 0 2 7 17 18 2 0 2 7 1 2 7 0 2 7 1 2 7 0 2 7 0 2 4 0 2 7 1 2 7 1 2 7 0 2 7 1 2 7 1 2 7 1 2 7 1 2 7 1 2 4 0 2 7 0 2 7 0 2 7 0 59.938682496547699
0 2 7 13 6 3 0 2 4 0 2 7 0 2 7 1 2 7 0 2 7 12 16 2 17 9 2 13 6 3 5 31 3 1 2 7 17 18 2 1 2 7 13 6 3 1 2 7 1 2 7 12 16 2 1 2 7 0 2 7 1 2 7 16 6 2 0 2 7 5 30 3 1 2 7 17 9 2 0 2 7 0 2 7 17 18 2 0 2 7 12 16 2 0 2 7 0 2 7 12 16 2 1 2 7 0 2 7 1 2 7 0 2 7 17 18 2 0 2 7 0 2 7 17 18 2 1 2 7 0 2 7 6 2 7 0 2 7 5 31 3 1 2 7 0 2 7 0 2 4 5 31 3 1 2 7 0 2 7 0 2 7 1 2 7 1 2 7 0 2 4 1 2 7 0 2 4 1 2 7 0 59.938682496547699
1 2 4 13 6 3 0 2 7 5 30 3 0 2 7 0 2 7 0 2 7 12 16 2 17 9 2 13 6 3 5 31 3 1 2 4 17 9 2 0 2 7 13 6 3 1 2 7 0 2 7 12 16 2 1 2 7 0 2 7 1 2 7 16 6 2 1 2 7 5 31 3 1 2 7 17 9 2 0 2 7 0 2 7 17 18 2 0 2 7 12 16 2 6 2 7 0 2 7 12 16 2 0 2 7 0 2 7 1 2 7 0 2 7 17 18 2 1 2 7 0 2 7 17 18 2 5 31 3 1 2 4 0 2 7 1 2 4 0 2 7 0 2 7 1 2 7 0 2 7 0 2 7 1 2 7 0 2 7 1 2 7 0 2 7 1 2 7 1 2 7 0 2 7 0 2 7 1 2 7 0 59.938682496547699
0 2 7 13 6 3 1 2 7 0 2 7 1 2 7 0 2 7 1 2 7 12 16 2 17 9 2 13 6 3 5 30 3 1 2 7 17 9 2 1 2 4 13 6 3 0 2 7 1 2 7 12 16 2 0 2 7 1 2 7 0 2 4 16 6 2 0 2 7 5 31 3 0 2 7 17 9 2 1 2 7 1 2 7 5 31 3 0 2 7 12 16 2 1 2 7 0 2 7 12 16 2 0 2 7 1 2 7 0 2 7 0 2 7 0 2 7 1 2 7 0 2 4 17 18 2 17 18 2 0 2 7 5 31 3 6 2 7 0 2 7 1 2 7 0 2 7 1 2 7 17 9 2 1 2 7 0 2 7 0 2 7 1 2 7 0 2 7 0 2 4 0 2 7 0 2 7 1 2 7 0 59.938682496547699
1 2 7 13 6 3 0 2 7 0 2 7 0 2 7 0 2 7 0 2 7 12 16 2 17 9 2 13 6 3 5 31 3 1 2 4 17 9 2 1 2 4 13 6 3 1 2 7 1 2 7 12 16 2 0 2 7 0 2 7 0 2 4 16 6 2 0 2 7 5 31 3 0 2 7 17 9 2 1 2 7 1 2 7 17 18 2 0 2 7 12 16 2 6 2 7 0 2 7 12 16 2 0 2 7 0 2 7 1 2 7 0 2 7 17 18 7 1 2 7 0 2 7 17 18 2 17 31 3 0 2 7 5 31 7 6 2 7 0 2 7 1 2 7 1 2 7 1 2 7 17 2 7 1 2 7 0 2 7 0 2 7 0 2 7 0 2 7 0 2 7 0 2 7 0 2 7 1 2 7 189171.639471109986 59.470672607421875

Current Evaluation = 13500(13500)
Front Size = 10
5 31 3 13 6 3 1 2 7 0 2 7 0 2 7 0 2 7 0 2 7 12 16 2 17 9 2 13 6 3 5 31 3 0 2 7 17 18 2 0 2 7 13 6 3 1 2 7 1 2 4 12 16 2 1 2 7 1 2 7 1 2 7 16 6 2 0 2 7 0 2 7 5 31 3 17 9 2 1 2 7 0 2 7 17 18 2 0 2 7 12 16 2 1 2 7 0 2 7 12 16 2 0 2 7 0 2 7 0 2 7 1 2 7 17 18 2 0 2 7 0 2 7 17 18 2 0 2 7 0 2 7 1 2 4 1 2 7 0 2 7 0 2 7 0 2 7 1 2 7 1 2 7 1 2 7 0 2 7 1 2 7 1 2 7 1 2 7 0 2 7 1 2 7 0 2 7 1 2 4 0 59.7211945056915283
5 31 3 13 6 3 1 2 7 0 2 7 0 2 7 0 2 7 0 2 7 12 16 2 17 9 2 13 6 3 5 31 3 0 2 7 17 18 2 1 2 7 13 6 3 1 2 7 1 2 7 12 16 2 1 2 7 0 2 7 1 2 7 16 6 2 0 2 7 0 2 7 5 31 3 17 9 2 1 2 7 0 2 7 17 18 2 1 2 7 12 16 2 1 2 7 0 2 7 12 16 2 0 2 7 0 2 7 0 2 7 1 2 7 17 18 2 0 2 7 0 2 7 17 18 2 0 2 4 0 2 7 0 2 7 1 2 7 0 2 7 0 2 4 0 2 7 1 2 4 1 2 7 1 2 7 0 2 7 1 2 7 1 2 7 1 2 7 0 2 7 1 2 7 0 2 7 1 2 7 0 59.7211945056915283
5 31 3 13 6 3 1 2 7 0 2 7 0 2 7 0 2 7 0 2 7 12 16 2 17 9 2 13 6 3 5 31 3 0 2 7 17 18 2 0 2 7 13 6 3 1 2 7 1 2 4 12 16 2 1 2 7 1 2 7 1 2 7 16 6 2 0 2 7 0 2 7 5 31 3 17 9 2 1 2 7 0 2 7 17 18 2 0 2 7 12 16 2 1 2 7 0 2 4 12 16 2 0 2 7 0 2 7 0 2 7 1 2 7 17 18 2 0 2 7 0 2 7 17 18 2 0 2 7 0 2 7 1 2 4 1 2 7 0 2 7 0 2 7 0 2 7 1 2 7 1 2 7 1 2 7 0 2 7 1 2 7 1 2 7 1 2 7 0 2 7 1 2 7 0 2 7 1 2 7 0 59.7211945056915283
0 2 7 13 6 3 0 2 7 1 2 7 1 2 7 0 2 7 0 2 4 12 16 2 17 9 2 13 6 3 5 31 3 0 2 7 17 18 2 1 2 7 13 6 3 1 2 7 1 2 7 12 16 2 1 2 7 1 2 7 1 2 7 16 6 2 0 2 7 5 31 3 5 31 3 17 9 2 1 2 7 0 2 7 1 2 7 0 2 7 12 16 2 0 2 7 0 2 7 12 16 2 1 2 7 0 2 7 0 2 7 0 2 7 17 18 2 1 2 7 0 2 7 17 18 2 1 2 7 0 2 7 1 2 7 0 2 7 5 30 3 1 2 7 0 2 7 0 2 4 0 2 7 6 2 4 0 2 7 17 9 2 0 2 7 0 2 7 0 2 7 0 2 7 1 2 7 1 2 4 0 59.938682496547699
5 31 3 13 6 3 1 2 7 0 2 7 0 2 7 0 2 7 0 2 7 12 16 2 17 9 2 13 6 3 5 31 3 0 2 7 17 18 2 1 2 7 13 6 3 1 2 7 1 2 7 12 16 2 1 2 7 1 2 7 1 2 7 16 6 2 0 2 7 0 2 7 5 31 3 17 9 2 1 2 7 0 2 7 17 18 2 0 2 7 12 16 2 1 2 7 0 2 7 12 16 2 0 2 7 0 2 7 0 2 7 1 2 7 17 18 2 0 2 7 0 2 7 17 18 2 0 2 4 0 2 7 0 2 4 1 2 7 0 2 7 0 2 4 0 2 7 1 2 7 1 2 7 1 2 7 0 2 7 1 2 7 1 2 7 1 2 7 0 2 7 1 2 7 0 2 7 1 2 7 0 59.7211945056915283
17 18 2 13 6 3 1 2 4 0 2 7 0 2 7 0 2 7 1 2 7 12 16 2 17 9 2 13 6 3 5 30 3 5 31 3 17 18 2 0 2 7 5 31 3 1 2 7 0 2 4 12 16 2 1 2 7 0 2 7 0 2 7 16 6 2 0 2 7 0 2 7 0 2 7 17 9 2 1 2 7 6 2 7 0 2 7 13 6 3 12 16 2 1 2 7 1 2 7 12 16 2 0 2 7 0 2 4 1 2 7 0 2 7 0 2 7 0 2 7 1 2 7 17 18 2 17 9 2 1 2 7 1 2 7 0 2 7 0 2 7 5 31 3 1 2 7 1 2 7 1 2 7 0 2 7 0 2 7 0 2 7 0 2 7 0 2 7 0 2 7 1 2 7 1 2 7 1 2 4 0 59.938682496547699
0 2 7 13 6 3 1 2 7 0 2 7 1 2 7 0 2 7 1 2 7 12 16 2 17 9 2 13 6 3 5 30 3 1 2 7 17 9 2 1 2 4 13 6 3 0 2 7 1 2 7 12 16 2 0 2 7 1 2 7 0 2 4 16 6 2 0 2 7 5 31 3 0 2 7 17 9 2 1 2 7 1 2 7 5 31 3 0 2 7 12 16 2 1 2 7 0 2 7 12 16 2 0 2 7 1 2 7 0 2 7 0 2 7 0 2 7 1 2 7 0 2 4 17 18 2 17 18 2 0 2 7 5 31 3 6 2 7 0 2 7 1 2 7 0 2 7 1 2 7 17 9 2 1 2 7 0 2 7 0 2 7 1 2 7 0 2 7 0 2 4 0 2 7 0 2 7 1 2 7 0 59.938682496547699
0 2 7 13 6 3 0 2 4 0 2 7 0 2 7 1 2 7 0 2 7 12 16 2 17 9 2 13 6 3 5 31 3 1 2 7 17 18 2 1 2 7 13 6 3 1 2 7 1 2 7 12 16 2 1 2 7 0 2 7 1 2 7 16 6 2 0 2 7 5 30 3 1 2 7 17 9 2 0 2 7 0 2 7 17 18 2 0 2 7 12 16 2 0 2 7 0 2 7 12 16 2 1 2 7 0 2 7 1 2 7 0 2 7 17 18 2 0 2 7 0 2 7 17 18 2 1 2 7 0 2 7 6 2 7 0 2 7 5 31 3 1 2 7 0 2 7 0 2 4 5 31 3 1 2 7 0 2 7 0 2 7 1 2 7 1 2 7 0 2 4 1 2 7 0 2 4 1 2 7 0 59.938682496547699
1 2 4 13 6 3 0 2 7 5 30 3 0 2 7 0 2 7 0 2 7 12 16 2 17 9 2 13 6 3 5 31 3 1 2 4 17 9 2 0 2 7 13 6 3 1 2 7 0 2 7 12 16 2 1 2 7 0 2 7 1 2 7 16 6 2 1 2 7 5 31 3 1 2 7 17 9 2 0 2 7 0 2 7 17 18 2 0 2 7 12 16 2 6 2 7 0 2 7 12 16 2 0 2 7 0 2 7 1 2 7 0 2 7 17 18 2 1 2 7 0 2 7 17 18 2 5 31 3 1 2 4 0 2 7 1 2 4 0 2 7 0 2 7 1 2 7 0 2 7 0 2 7 1 2 7 0 2 7 1 2 7 0 2 7 1 2 7 1 2 7 0 2 7 0 2 7 1 2 7 0 59.938682496547699
5 30 3 1 2 4 1 2 7 1 2 7 6 2 7 0 2 7 0 2 7 12 16 2 17 9 2 13 6 3 5 31 3 1 2 7 17 18 2 0 2 7 1 2 7 0 2 7 0 2 7 12 16 2 0 2 7 0 2 4 1 2 4 16 24 2 0 2 7 0 2 4 0 2 7 5 31 3 1 2 7 0 2 7 17 9 2 0 2 4 12 16 2 0 2 7 1 2 7 12 16 2 0 2 4 1 2 7 5 31 3 5 31 3 17 18 2 1 2 4 1 2 7 17 18 2 1 2 4 0 2 7 1 2 7 1 2 7 0 2 7 0 2 4 0 2 7 0 2 7 0 2 7 0 2 7 0 2 7 0 2 7 16 9 11 1 2 7 0 2 4 0 2 4 0 2 7 6 2 7 0 60.9700927138328552

Current Evaluation = 14400(14400)
Front Size = 10
5 31 3 13 6 3 1 2 7 0 2 7 0 2 7 0 2 7 0 2 7 12 16 2 17 9 2 13 6 3 5 31 3 0 2 7 17 18 2 1 2 7 13 6 3 1 2 7 1 2 7 12 16 2 1 2 7 1 2 7 0 2 7 16 6 2 0 2 7 0 2 7 5 31 3 17 9 2 1 2 7 0 2 7 17 18 2 0 2 7 12 16 2 1 2 7 0 2 7 12 16 2 0 2 7 0 2 7 0 2 7 1 2 7 17 18 2 0 2 7 0 2 7 17 18 2 0 2 7 0 2 7 1 2 4 1 2 7 0 2 7 0 2 7 0 2 7 1 2 7 1 2 7 1 2 4 0 2 7 1 2 7 1 2 7 1 2 7 0 2 7 1 2 7 0 2 7 1 2 4 0 59.7211945056915283
5 31 3 13 6 3 1 2 7 0 2 7 0 2 7 0 2 7 0 2 7 12 16 2 17 9 2 13 6 3 5 31 3 0 2 7 17 18 2 1 2 7 13 6 3 0 2 7 1 2 4 12 16 2 1 2 7 1 2 7 0 2 7 16 6 2 0 2 7 0 2 7 5 31 3 17 9 2 1 2 7 0 2 7 17 18 2 1 2 7 12 16 2 1 2 7 0 2 7 12 16 2 0 2 7 0 2 7 0 2 7 1 2 7 17 18 2 0 2 7 0 2 7 17 18 2 0 2 7 0 2 4 0 2 7 1 2 7 0 2 7 0 2 7 1 2 7 1 2 7 1 2 7 1 2 7 0 2 7 1 2 7 1 2 7 1 2 7 0 2 7 1 2 7 0 2 7 1 2 4 0 59.7211945056915283
5 31 3 13 6 3 1 2 7 0 2 7 1 2 7 0 2 7 0 2 7 12 16 2 17 9 2 13 6 3 5 31 3 0 2 7 17 18 2 1 2 7 13 6 3 1 2 7 1 2 7 12 16 2 1 2 7 1 2 7 1 2 7 16 6 2 0 2 7 0 2 7 5 31 3 17 9 2 1 2 7 0 2 7 17 18 2 0 2 7 12 16 2 1 2 7 0 2 7 12 16 2 0 2 4 0 2 7 0 2 7 1 2 7 17 18 2 0 2 7 0 2 7 17 18 2 0 2 7 0 2 7 0 2 7 1 2 7 0 2 7 0 2 7 0 2 7 1 2 4 1 2 7 1 2 7 0 2 4 1 2 7 0 2 7 1 2 7 0 2 7 1 2 7 0 2 7 1 2 7 0 59.7211945056915283
5 31 3 13 6 3 1 2 7 0 2 7 0 2 7 0 2 7 0 2 7 12 16 2 17 9 2 13 6 3 5 31 3 0 2 7 17 18 2 1 2 7 13 6 3 1 2 7 1 2 7 12 16 2 1 2 7 1 2 7 1 2 7 16 6 2 0 2 7 0 2 7 5 31 3 17 9 2 1 2 7 0 2 7 17 18 2 0 2 7 12 16 2 1 2 7 0 2 7 12 16 2 0 2 7 0 2 7 0 2 7 1 2 7 17 18 2 0 2 7 0 2 7 17 18 2 0 2 4 0 2 7 0 2 4 1 2 7 0 2 7 0 2 4 0 2 7 1 2 7 1 2 7 1 2 7 0 2 7 1 2 7 1 2 7 1 2 7 0 2 7 1 2 7 0 2 7 1 2 7 0 59.7211945056915283
0 2 7 13 6 3 0 2 4 0 2 7 0 2 7 1 2 7 0 2 7 12 16 2 17 9 2 13 6 3 5 31 3 1 2 7 17 18 2 1 2 7 13 6 3 1 2 7 1 2 7 12 16 2 1 2 7 0 2 7 1 2 7 16 6 2 0 2 7 5 30 3 1 2 7 17 9 2 0 2 7 0 2 7 17 18 2 0 2 7 12 16 2 0 2 7 0 2 7 12 16 2 1 2 7 0 2 7 1 2 7 0 2 7 17 18 2 0 2 7 0 2 7 17 18 2 1 2 7 0 2 7 6 2 7 0 2 7 5 31 3 1 2 7 0 2 7 0 2 4 5 31 3 1 2 7 0 2 7 0 2 7 1 2 7 1 2 7 0 2 4 1 2 7 0 2 4 1 2 7 0 59.938682496547699
17 18 2 13 6 3 1 2 4 0 2 7 0 2 7 0 2 7 1 2 7 12 16 2 17 9 2 13 6 3 5 30 3 5 31 3 17 18 2 0 2 7 5 31 3 1 2 7 0 2 4 12 16 2 1 2 7 0 2 7 0 2 7 16 6 2 0 2 7 0 2 7 0 2 7 17 9 2 1 2 7 6 2 7 0 2 7 13 6 3 12 16 2 1 2 7 1 2 7 12 16 2 0 2 7 0 2 4 1 2 7 0 2 7 0 2 7 0 2 7 1 2 7 17 18 2 17 9 2 1 2 7 1 2 7 0 2 7 0 2 7 5 31 3 1 2 7 1 2 7 1 2 7 0 2 7 0 2 7 0 2 7 0 2 7 0 2 7 0 2 7 1 2 7 1 2 7 1 2 4 0 59.938682496547699
0 2 7 13 6 3 1 2 7 0 2 7 1 2 7 0 2 7 1 2 7 12 16 2 17 9 2 13 6 3 5 30 3 1 2 7 17 9 2 1 2 4 13 6 3 0 2 7 1 2 7 12 16 2 0 2 7 1 2 7 0 2 4 16 6 2 0 2 7 5 31 3 0 2 7 17 9 2 1 2 7 1 2 7 5 31 3 0 2 7 12 16 2 1 2 7 0 2 7 12 16 2 0 2 7 1 2 7 0 2 7 0 2 7 0 2 7 1 2 7 0 2 4 17 18 2 17 18 2 0 2 7 5 31 3 6 2 7 0 2 7 1 2 7 0 2 7 1 2 7 17 9 2 1 2 7 0 2 7 0 2 7 1 2 7 0 2 7 0 2 4 0 2 7 0 2 7 1 2 7 0 59.938682496547699
1 2 4 13 6 3 0 2 7 5 30 3 0 2 7 0 2 7 0 2 7 12 16 2 17 9 2 13 6 3 5 31 3 1 2 4 17 9 2 0 2 7 13 6 3 1 2 7 0 2 7 12 16 2 1 2 7 0 2 7 1 2 7 16 6 2 1 2 7 5 31 3 1 2 7 17 9 2 0 2 7 0 2 7 17 18 2 0 2 7 12 16 2 6 2 7 0 2 7 12 16 2 0 2 7 0 2 7 1 2 7 0 2 7 17 18 2 1 2 7 0 2 7 17 18 2 5 31 3 1 2 4 0 2 7 1 2 4 0 2 7 0 2 7 1 2 7 0 2 7 0 2 7 1 2 7 0 2 7 1 2 7 0 2 7 1 2 7 1 2 7 0 2 7 0 2 7 1 2 7 0 59.938682496547699
17 31 2 13 6 3 1 2 4 0 2 7 0 2 7 0 2 7 1 2 7 12 16 2 17 9 2 13 6 3 5 30 3 5 31 3 17 18 2 1 2 7 5 31 3 1 2 7 1 2 4 12 16 2 1 2 7 0 2 7 0 2 7 16 6 2 0 2 7 0 2 7 0 2 3 17 9 2 1 2 7 6 2 7 17 2 2 0 6 3 12 16 2 1 2 7 0 2 7 12 16 2 0 2 7 0 2 7 1 2 7 1 2 7 17 2 7 0 2 7 1 2 7 17 18 2 0 9 2 0 2 7 1 2 4 1 2 7 0 2 7 5 2 3 1 2 7 1 2 7 1 2 7 1 2 4 0 2 7 1 2 7 1 2 7 0 2 7 0 2 7 1 2 7 1 2 7 1 2 4 567659.383138941252 59.9280427098274231
5 30 3 1 2 4 1 2 7 1 2 7 6 2 7 0 2 7 0 2 7 12 16 2 17 9 2 13 6 3 5 31 3 1 2 7 17 18 2 0 2 7 1 2 7 0 2 7 0 2 7 12 16 2 0 2 7 0 2 4 1 2 4 16 24 2 0 2 7 0 2 4 0 2 7 5 31 3 1 2 7 0 2 7 17 9 2 0 2 4 12 16 2 0 2 7 1 2 7 12 16 2 0 2 4 1 2 7 5 31 3 5 31 3 17 18 2 1 2 4 1 2 7 17 18 2 1 2 4 0 2 7 1 2 7 1 2 7 0 2 7 0 2 4 0 2 7 0 2 7 0 2 7 0 2 7 0 2 7 0 2 7 16 9 11 1 2 7 0 2 4 0 2 4 0 2 7 6 2 7 0 60.9700927138328552

Current Evaluation = 15300(15300)
Front Size = 10
5 31 3 13 6 3 1 2 7 0 2 7 1 2 7 0 2 7 0 2 7 12 16 2 17 9 2 13 6 3 5 31 3 0 2 7 17 18 2 1 2 7 13 6 3 1 2 7 1 2 7 12 16 2 1 2 7 1 2 7 0 2 7 16 6 2 0 2 7 0 2 7 5 31 3 17 9 2 1 2 7 0 2 7 17 18 2 0 2 7 12 16 2 1 2 4 0 2 7 12 16 2 0 2 7 0 2 7 0 2 7 1 2 7 17 18 2 0 2 7 0 2 7 17 18 2 0 2 7 0 2 7 0 2 7 1 2 4 0 2 7 1 2 4 0 2 7 1 2 7 1 2 7 0 2 7 0 2 7 1 2 7 1 2 7 1 2 7 0 2 7 1 2 7 0 2 7 1 2 7 0 59.7211945056915283
5 31 3 13 6 3 1 2 7 0 2 7 1 2 7 0 2 7 0 2 7 12 16 2 17 9 2 13 6 3 5 31 3 0 2 7 17 18 2 1 2 7 13 6 3 1 2 7 1 2 7 12 16 2 1 2 7 1 2 7 0 2 7 16 6 2 0 2 7 1 2 7 5 31 3 17 9 2 1 2 7 0 2 7 17 18 2 0 2 7 12 16 2 1 2 4 0 2 7 12 16 2 0 2 7 0 2 7 0 2 4 1 2 7 17 18 2 0 2 7 0 2 7 17 18 2 0 2 7 0 2 7 0 2 7 1 2 7 0 2 7 0 2 7 0 2 7 1 2 7 1 2 7 0 2 7 0 2 7 1 2 7 1 2 7 1 2 7 0 2 7 1 2 7 0 2 7 1 2 4 0 59.7211945056915283
5 31 3 13 6 3 1 2 7 0 2 7 1 2 7 0 2 7 0 2 7 12 16 2 17 9 2 13 6 3 5 31 3 0 2 7 17 18 2 1 2 7 13 6 3 1 2 7 1 2 7 12 16 2 1 2 7 1 2 7 0 2 7 16 6 2 0 2 4 1 2 7 5 31 3 17 9 2 1 2 7 0 2 7 17 18 2 0 2 7 12 16 2 1 2 7 0 2 7 12 16 2 0 2 7 0 2 7 0 2 7 1 2 7 17 18 2 0 2 7 0 2 7 17 18 2 0 2 7 0 2 7 0 2 7 1 2 7 0 2 4 0 2 7 0 2 7 1 2 7 1 2 7 1 2 7 0 2 7 0 2 7 1 2 7 1 2 7 0 2 7 1 2 7 0 2 7 1 2 4 0 59.7211945056915283
5 31 3 13 6 3 1 2 7 0 2 7 1 2 7 0 2 7 0 2 7 12 16 2 17 9 2 13 6 3 5 31 3 0 2 7 17 18 2 1 2 7 13 6 3 1 2 7 1 2 7 12 16 2 1 2 7 1 2 7 0 2 7 16 6 2 0 2 7 0 2 7 5 31 3 17 9 2 1 2 7 0 2 7 17 18 2 0 2 7 12 16 2 1 2 7 0 2 7 12 16 2 0 2 7 0 2 7 0 2 7 1 2 7 17 18 2 0 2 7 0 2 7 17 18 2 0 2 4 0 2 7 0 2 7 1 2 7 0 2 7 0 2 4 0 2 7 1 2 7 1 2 7 1 2 7 0 2 4 1 2 7 1 2 7 1 2 7 0 2 7 1 2 7 0 2 7 1 2 7 0 59.7211945056915283
0 2 7 13 6 3 0 2 4 0 2 7 0 2 7 1 2 7 0 2 7 12 16 2 17 9 2 13 6 3 5 31 3 1 2 7 17 18 2 1 2 7 13 6 3 1 2 7 1 2 7 12 16 2 1 2 7 0 2 7 1 2 7 16 6 2 0 2 7 5 30 3 1 2 7 17 9 2 0 2 7 0 2 7 17 18 2 0 2 7 12 16 2 0 2 7 0 2 7 12 16 2 1 2 7 0 2 7 1 2 7 0 2 7 17 18 2 0 2 7 0 2 7 17 18 2 1 2 7 0 2 7 6 2 7 0 2 7 5 31 3 1 2 7 0 2 7 0 2 4 5 31 3 1 2 7 0 2 7 0 2 7 1 2 7 1 2 7 0 2 4 1 2 7 0 2 4 1 2 7 0 59.938682496547699
17 18 2 13 6 3 1 2 4 0 2 7 0 2 7 0 2 7 1 2 7 12 16 2 17 9 2 13 6 3 5 30 3 5 31 3 17 18 2 0 2 7 5 31 3 1 2 7 0 2 4 12 16 2 1 2 7 0 2 7 0 2 7 16 6 2 0 2 7 0 2 7 0 2 7 17 9 2 1 2 7 6 2 7 0 2 7 13 6 3 12 16 2 1 2 7 1 2 7 12 16 2 0 2 7 0 2 4 1 2 7 0 2 7 0 2 7 0 2 7 1 2 7 17 18 2 17 9 2 1 2 7 1 2 7 0 2 7 0 2 7 5 31 3 1 2 7 1 2 7 1 2 7 0 2 7 0 2 7 0 2 7 0 2 7 0 2 7 0 2 7 1 2 7 1 2 7 1 2 4 0 59.938682496547699
0 2 7 13 6 3 1 2 7 0 2 7 1 2 7 0 2 7 1 2 7 12 16 2 17 9 2 13 6 3 5 30 3 1 2 7 17 9 2 1 2 4 13 6 3 0 2 7 1 2 7 12 16 2 0 2 7 1 2 7 0 2 4 16 6 2 0 2 7 5 31 3 0 2 7 17 9 2 1 2 7 1 2 7 5 31 3 0 2 7 12 16 2 1 2 7 0 2 7 12 16 2 0 2 7 1 2 7 0 2 7 0 2 7 0 2 7 1 2 7 0 2 4 17 18 2 17 18 2 0 2 7 5 31 3 6 2 7 0 2 7 1 2 7 0 2 7 1 2 7 17 9 2 1 2 7 0 2 7 0 2 7 1 2 7 0 2 7 0 2 4 0 2 7 0 2 7 1 2 7 0 59.938682496547699
1 2 4 13 6 3 0 2 7 5 30 3 0 2 7 0 2 7 0 2 7 12 16 2 17 9 2 13 6 3 5 31 3 1 2 4 17 9 2 0 2 7 13 6 3 1 2 7 0 2 7 12 16 2 1 2 7 0 2 7 1 2 7 16 6 2 1 2 7 5 31 3 1 2 7 17 9 2 0 2 7 0 2 7 17 18 2 0 2 7 12 16 2 6 2 7 0 2 7 12 16 2 0 2 7 0 2 7 1 2 7 0 2 7 17 18 2 1 2 7 0 2 7 17 18 2 5 31 3 1 2 4 0 2 7 1 2 4 0 2 7 0 2 7 1 2 7 0 2 7 0 2 7 1 2 7 0 2 7 1 2 7 0 2 7 1 2 7 1 2 7 0 2 7 0 2 7 1 2 7 0 59.938682496547699
5 30 3 1 2 4 1 2 7 1 2 7 6 2 7 0 2 7 0 2 7 12 16 2 17 9 2 13 6 3 5 31 3 1 2 7 17 18 2 0 2 7 1 2 7 0 2 7 0 2 7 12 16 2 0 2 7 0 2 4 1 2 4 16 24 2 0 2 7 0 2 4 0 2 7 5 31 3 1 2 7 0 2 7 17 9 2 0 2 4 12 16 2 0 2 7 1 2 7 12 16 2 0 2 4 1 2 7 5 31 3 5 31 3 17 18 2 1 2 4 1 2 7 17 18 2 1 2 4 0 2 7 1 2 7 1 2 7 0 2 7 0 2 4 0 2 7 0 2 7 0 2 7 0 2 7 0 2 7 0 2 7 16 9 11 1 2 7 0 2 4 0 2 4 0 2 7 6 2 7 0 60.9700927138328552
5 30 3 13 6 3 1 2 4 1 2 7 0 2 7 1 2 7 0 2 7 12 16 2 17 9 2 13 6 3 5 30 3 0 2 7 17 18 2 0 2 7 0 2 7 1 2 7 1 2 7 12 16 2 1 2 7 0 2 4 1 2 7 16 6 2 0 2 7 0 2 7 5 31 3 17 9 2 0 2 7 0 2 4 17 18 2 1 2 4 12 16 2 0 2 7 0 2 7 12 16 2 0 2 7 0 2 7 1 2 7 1 2 7 8 9 2 0 2 7 1 2 7 17 18 2 0 2 7 0 2 4 0 2 7 1 2 7 1 2 7 0 2 7 0 2 7 16 19 11 1 2 3 5 31 3 0 2 4 0 2 3 1 2 7 0 2 7 0 2 7 1 2 7 0 2 7 1 2 3 0 60.7701654434204102

Current Evaluation = 16200(16200)
Front Size = 10
5 31 3 13 6 3 1 2 7 0 2 7 1 2 7 0 2 7 0 2 7 12 16 2 17 9 2 13 6 3 5 31 3 0 2 7 17 18 2 1 2 7 13 6 3 1 2 7 1 2 7 12 16 2 1 2 7 1 2 7 0 2 7 16 6 2 0 2 7 0 2 7 5 31 3 17 9 2 1 2 7 0 2 7 17 18 2 0 2 7 12 16 2 1 2 4 0 2 7 12 16 2 0 2 7 0 2 7 0 2 7 1 2 7 17 18 2 0 2 7 0 2 7 17 18 2 0 2 7 0 2 7 0 2 7 1 2 4 0 2 7 1 2 4 0 2 7 1 2 7 1 2 7 0 2 7 0 2 7 1 2 7 1 2 7 1 2 7 0 2 7 1 2 7 0 2 7 1 2 7 0 59.7211945056915283
5 31 3 13 6 3 1 2 7 0 2 7 1 2 7 0 2 7 0 2 7 12 16 2 17 9 2 13 6 3 0 2 7 0 2 7 17 18 2 1 2 7 13 6 3 0 2 7 1 2 7 12 16 2 1 2 7 1 2 7 0 2 7 16 6 2 0 2 7 0 2 7 5 31 3 17 9 2 1 2 7 1 2 7 17 18 2 0 2 7 12 16 2 1 2 7 0 2 7 12 16 2 1 2 7 0 2 7 0 2 7 0 2 7 17 18 2 0 2 7 0 2 7 17 18 2 0 2 7 0 2 7 0 2 4 1 2 7 0 2 7 0 2 7 1 2 7 1 2 7 1 2 7 1 2 7 5 31 3 1 2 4 1 2 7 1 2 7 0 2 7 1 2 4 0 2 7 0 2 7 0 59.7211945056915283
5 31 3 13 6 3 1 2 7 0 2 7 1 2 7 0 2 7 0 2 4 12 16 2 17 9 2 13 6 3 1 2 7 0 2 7 17 18 2 1 2 7 13 6 3 1 2 7 1 2 7 12 16 2 1 2 7 1 2 7 0 2 7 16 6 2 0 2 7 1 2 7 5 31 3 17 9 2 0 2 7 0 2 7 17 18 2 0 2 7 12 16 2 1 2 7 0 2 7 12 16 2 0 2 7 0 2 7 0 2 7 1 2 7 17 18 2 0 2 7 0 2 7 17 18 2 0 2 7 0 2 7 0 2 4 1 2 7 0 2 7 0 2 7 0 2 7 1 2 7 1 2 7 1 2 7 5 31 3 1 2 7 1 2 7 1 2 7 0 2 7 1 2 4 0 2 7 0 2 7 0 59.7211945056915283
0 2 4 13 6 3 0 2 7 1 2 4 1 2 7 1 2 7 1 2 7 12 16 2 17 9 2 13 6 3 5 31 3 0 2 7 17 18 2 0 2 7 13 6 3 0 2 7 1 2 7 12 16 2 0 2 7 0 2 7 0 2 7 16 6 2 0 2 7 17 18 2 5 31 3 1 2 7 1 2 7 0 2 7 17 18 2 0 2 7 12 16 2 0 2 7 0 2 7 12 16 2 1 2 7 0 2 7 1 2 7 0 2 7 17 18 2 0 2 7 1 2 7 17 18 2 1 2 7 0 2 7 1 2 7 1 2 7 0 2 7 1 2 7 1 2 7 1 2 7 0 2 7 0 2 7 5 31 3 1 2 7 0 2 7 1 2 4 0 2 7 1 2 7 0 2 7 0 2 7 0 59.7211945056915283
5 31 3 13 6 3 1 2 7 0 2 7 1 2 7 0 2 7 0 2 7 12 16 2 17 9 2 13 6 3 5 31 3 0 2 7 17 18 2 1 2 7 13 6 3 1 2 7 1 2 7 12 16 2 1 2 7 1 2 7 0 2 7 16 6 2 0 2 7 0 2 7 5 31 3 17 9 2 1 2 7 0 2 7 17 18 2 0 2 7 12 16 2 1 2 7 0 2 7 12 16 2 0 2 7 0 2 7 0 2 7 1 2 7 17 18 2 0 2 7 0 2 7 17 18 2 0 2 4 0 2 7 0 2 7 1 2 7 0 2 7 0 2 4 0 2 7 1 2 7 1 2 7 1 2 7 0 2 4 1 2 7 1 2 7 1 2 7 0 2 7 1 2 7 0 2 7 1 2 7 0 59.7211945056915283
0 2 7 13 6 3 0 2 4 0 2 7 0 2 7 1 2 7 0 2 7 12 16 2 17 9 2 13 6 3 5 31 3 1 2 7 17 18 2 1 2 7 13 6 3 1 2 7 1 2 7 12 16 2 1 2 7 0 2 7 1 2 7 16 6 2 0 2 7 5 30 3 1 2 7 17 9 2 0 2 7 0 2 7 17 18 2 0 2 7 12 16 2 0 2 7 0 2 7 12 16 2 1 2 7 0 2 7 1 2 7 0 2 7 17 18 2 0 2 7 0 2 7 17 18 2 1 2 7 0 2 7 6 2 7 0 2 7 5 31 3 1 2 7 0 2 7 0 2 4 5 31 3 1 2 7 0 2 7 0 2 7 1 2 7 1 2 7 0 2 4 1 2 7 0 2 4 1 2 7 0 59.938682496547699
17 18 2 13 6 3 1 2 4 0 2 7 0 2 7 0 2 7 1 2 7 12 16 2 17 9 2 13 6 3 5 30 3 5 31 3 17 18 2 0 2 7 5 31 3 1 2 7 0 2 4 12 16 2 1 2 7 0 2 7 0 2 7 16 6 2 0 2 7 0 2 7 0 2 7 17 9 2 1 2 7 6 2 7 0 2 7 13 6 3 12 16 2 1 2 7 1 2 7 12 16 2 0 2 7 0 2 4 1 2 7 0 2 7 0 2 7 0 2 7 1 2 7 17 18 2 17 9 2 1 2 7 1 2 7 0 2 7 0 2 7 5 31 3 1 2 7 1 2 7 1 2 7 0 2 7 0 2 7 0 2 7 0 2 7 0 2 7 0 2 7 1 2 7 1 2 7 1 2 4 0 59.938682496547699
0 2 7 13 6 3 1 2 7 0 2 7 1 2 7 0 2 7 1 2 7 12 16 2 17 9 2 13 6 3 5 30 3 1 2 7 17 9 2 1 2 4 13 6 3 0 2 7 1 2 7 12 16 2 0 2 7 1 2 7 0 2 4 16 6 2 0 2 7 5 31 3 0 2 7 17 9 2 1 2 7 1 2 7 5 31 3 0 2 7 12 16 2 1 2 7 0 2 7 12 16 2 0 2 7 1 2 7 0 2 7 0 2 7 0 2 7 1 2 7 0 2 4 17 18 2 17 18 2 0 2 7 5 31 3 6 2 7 0 2 7 1 2 7 0 2 7 1 2 7 17 9 2 1 2 7 0 2 7 0 2 7 1 2 7 0 2 7 0 2 4 0 2 7 0 2 7 1 2 7 0 59.938682496547699
1 2 4 13 6 3 0 2 7 5 30 3 0 2 7 0 2 7 0 2 7 12 16 2 17 9 2 13 6 3 5 31 3 1 2 4 17 9 2 0 2 7 13 6 3 1 2 7 0 2 7 12 16 2 1 2 7 0 2 7 1 2 7 16 6 2 1 2 7 5 31 3 1 2 7 17 9 2 0 2 7 0 2 7 17 18 2 0 2 7 12 16 2 6 2 7 0 2 7 12 16 2 0 2 7 0 2 7 1 2 7 0 2 7 17 18 2 1 2 7 0 2 7 17 18 2 5 31 3 1 2 4 0 2 7 1 2 4 0 2 7 0 2 7 1 2 7 0 2 7 0 2 7 1 2 7 0 2 7 1 2 7 0 2 7 1 2 7 1 2 7 0 2 7 0 2 7 1 2 7 0 59.938682496547699
5 31 3 13 6 3 1 2 4 0 2 7 0 2 7 0 2 4 0 2 7 12 16 2 17 9 2 13 6 3 5 31 3 1 2 7 17 18 2 0 2 7 1 2 7 1 2 7 1 2 4 12 16 2 1 2 4 0 2 7 1 2 4 16 6 2 0 2 7 0 2 4 5 30 3 17 9 2 1 2 7 0 2 4 17 18 2 5 31 3 12 16 2 6 2 7 0 2 7 12 16 2 0 2 7 0 2 7 6 2 4 1 2 7 17 18 2 0 2 7 0 2 4 17 18 2 0 2 7 0 2 4 0 2 7 1 2 7 0 2 11 0 2 7 0 2 7 1 2 7 1 2 7 5 30 3 0 2 7 0 2 7 1 2 7 0 2 7 0 2 4 1 2 4 0 2 7 1 2 7 0 60.4779616594314575

Current Evaluation = 17100(17100)
Front Size = 10
5 31 3 13 6 3 1 2 7 0 2 7 1 2 7 0 2 7 0 2 7 12 16 2 17 9 2 13 6 3 5 31 3 0 2 7 17 18 2 1 2 7 13 6 3 1 2 7 1 2 7 12 16 2 1 2 7 1 2 7 0 2 7 16 6 2 0 2 7 0 2 7 5 31 3 17 9 2 1 2 7 0 2 7 17 18 2 0 2 7 12 16 2 1 2 4 0 2 7 12 16 2 0 2 7 0 2 7 0 2 7 1 2 7 17 18 2 0 2 7 0 2 7 17 18 2 0 2 7 0 2 7 0 2 7 1 2 4 0 2 7 1 2 4 0 2 7 1 2 7 1 2 7 0 2 7 0 2 7 1 2 7 1 2 7 1 2 7 0 2 7 1 2 7 0 2 7 1 2 7 0 59.7211945056915283
5 31 3 13 6 3 1 2 4 0 2 7 0 2 7 0 2 7 0 2 7 12 16 2 17 9 2 13 6 3 5 31 3 0 2 7 17 18 2 1 2 7 13 6 3 1 2 7 1 2 7 12 16 2 1 2 7 1 2 7 0 2 7 16 6 2 0 2 7 1 2 7 5 31 3 17 9 2 1 2 7 0 2 7 17 18 2 0 2 7 12 16 2 1 2 7 0 2 7 12 16 2 0 2 7 0 2 7 0 2 7 1 2 7 17 18 2 0 2 7 0 2 7 17 18 2 0 2 7 0 2 7 0 2 7 1 2 7 0 2 7 0 2 4 0 2 7 1 2 7 1 2 4 1 2 7 0 2 7 1 2 7 1 2 7 1 2 7 0 2 7 1 2 7 0 2 7 1 2 7 0 59.7211945056915283
5 31 3 13 6 3 1 2 7 0 2 7 0 2 7 1 2 7 0 2 7 12 16 2 17 9 2 13 6 3 5 31 3 0 2 7 17 18 2 1 2 7 13 6 3 1 2 7 1 2 7 12 16 2 1 2 7 0 2 7 0 2 7 16 6 2 0 2 7 1 2 7 5 31 3 17 9 2 1 2 7 0 2 7 17 18 2 0 2 7 12 16 2 1 2 7 0 2 7 12 16 2 0 2 7 0 2 7 0 2 7 1 2 7 17 18 2 1 2 7 0 2 7 17 18 2 0 2 7 0 2 4 0 2 7 1 2 7 0 2 7 1 2 7 0 2 7 0 2 7 0 2 7 1 2 4 0 2 4 1 2 7 1 2 7 1 2 7 0 2 7 1 2 7 0 2 7 1 2 7 0 59.7211945056915283
0 2 4 13 6 3 0 2 7 1 2 4 1 2 7 1 2 7 1 2 7 12 16 2 17 9 2 13 6 3 5 31 3 0 2 7 17 18 2 0 2 7 13 6 3 0 2 7 1 2 7 12 16 2 0 2 7 0 2 7 0 2 7 16 6 2 0 2 7 17 18 2 5 31 3 1 2 7 1 2 7 0 2 7 17 18 2 0 2 7 12 16 2 0 2 7 0 2 7 12 16 2 1 2 7 0 2 7 1 2 7 0 2 7 17 18 2 0 2 7 1 2 7 17 18 2 1 2 7 0 2 7 1 2 7 1 2 7 0 2 7 1 2 7 1 2 7 1 2 7 0 2 7 0 2 7 5 31 3 1 2 7 0 2 7 1 2 4 0 2 7 1 2 7 0 2 7 0 2 7 0 59.7211945056915283
5 31 3 13 6 3 1 2 7 0 2 7 0 2 7 1 2 7 0 2 7 12 16 2 17 9 2 13 6 3 5 31 3 0 2 7 17 18 2 1 2 7 13 6 3 1 2 7 1 2 7 12 16 2 1 2 7 1 2 7 0 2 7 16 6 2 0 2 7 1 2 7 5 31 3 17 9 2 1 2 7 0 2 7 17 18 2 0 2 7 12 16 2 1 2 7 0 2 7 12 16 2 0 2 7 0 2 7 0 2 7 1 2 7 17 18 2 0 2 7 0 2 7 17 18 2 0 2 7 0 2 7 0 2 7 1 2 7 0 2 7 1 2 7 0 2 7 0 2 4 1 2 7 0 2 4 0 2 4 1 2 7 1 2 7 1 2 7 0 2 7 1 2 7 0 2 7 1 2 7 0 59.7211945056915283
0 2 7 13 6 3 0 2 4 0 2 7 0 2 7 1 2 7 0 2 7 12 16 2 17 9 2 13 6 3 5 31 3 1 2 7 17 18 2 1 2 7 13 6 3 1 2 7 1 2 7 12 16 2 1 2 7 0 2 7 1 2 7 16 6 2 0 2 7 5 30 3 1 2 7 17 9 2 0 2 7 0 2 7 17 18 2 0 2 7 12 16 2 0 2 7 0 2 7 12 16 2 1 2 7 0 2 7 1 2 7 0 2 7 17 18 2 0 2 7 0 2 7 17 18 2 1 2 7 0 2 7 6 2 7 0 2 7 5 31 3 1 2 7 0 2 7 0 2 4 5 31 3 1 2 7 0 2 7 0 2 7 1 2 7 1 2 7 0 2 4 1 2 7 0 2 4 1 2 7 0 59.938682496547699
17 18 2 13 6 3 1 2 4 0 2 7 0 2 7 0 2 7 1 2 7 12 16 2 17 9 2 13 6 3 5 30 3 5 31 3 17 18 2 0 2 7 5 31 3 1 2 7 0 2 4 12 16 2 1 2 7 0 2 7 0 2 7 16 6 2 0 2 7 0 2 7 0 2 7 17 9 2 1 2 7 6 2 7 0 2 7 13 6 3 12 16 2 1 2 7 1 2 7 12 16 2 0 2 7 0 2 4 1 2 7 0 2 7 0 2 7 0 2 7 1 2 7 17 18 2 17 9 2 1 2 7 1 2 7 0 2 7 0 2 7 5 31 3 1 2 7 1 2 7 1 2 7 0 2 7 0 2 7 0 2 7 0 2 7 0 2 7 0 2 7 1 2 7 1 2 7 1 2 4 0 59.938682496547699
0 2 7 13 6 3 1 2 7 0 2 7 1 2 7 0 2 7 1 2 7 12 16 2 17 9 2 13 6 3 5 30 3 1 2 7 17 9 2 1 2 4 13 6 3 0 2 7 1 2 7 12 16 2 0 2 7 1 2 7 0 2 4 16 6 2 0 2 7 5 31 3 0 2 7 17 9 2 1 2 7 1 2 7 5 31 3 0 2 7 12 16 2 1 2 7 0 2 7 12 16 2 0 2 7 1 2 7 0 2 7 0 2 7 0 2 7 1 2 7 0 2 4 17 18 2 17 18 2 0 2 7 5 31 3 6 2 7 0 2 7 1 2 7 0 2 7 1 2 7 17 9 2 1 2 7 0 2 7 0 2 7 1 2 7 0 2 7 0 2 4 0 2 7 0 2 7 1 2 7 0 59.938682496547699
1 2 4 13 6 3 0 2 7 5 30 3 0 2 7 0 2 7 0 2 7 12 16 2 17 9 2 13 6 3 5 31 3 1 2 4 17 9 2 0 2 7 13 6 3 1 2 7 0 2 7 12 16 2 1 2 7 0 2 7 1 2 7 16 6 2 1 2 7 5 31 3 1 2 7 17 9 2 0 2 7 0 2 7 17 18 2 0 2 7 12 16 2 6 2 7 0 2 7 12 16 2 0 2 7 0 2 7 1 2 7 0 2 7 17 18 2 1 2 7 0 2 7 17 18 2 5 31 3 1 2 4 0 2 7 1 2 4 0 2 7 0 2 7 1 2 7 0 2 7 0 2 7 1 2 7 0 2 7 1 2 7 0 2 7 1 2 7 1 2 7 0 2 7 0 2 7 1 2 7 0 59.938682496547699
5 31 3 13 6 3 1 2 4 0 2 7 0 2 7 0 2 4 0 2 7 12 16 2 17 9 2 13 6 3 5 31 3 1 2 7 17 18 2 0 2 7 1 2 7 1 2 7 1 2 4 12 16 2 1 2 4 0 2 7 1 2 4 16 6 2 0 2 7 0 2 4 5 30 3 17 9 2 1 2 7 0 2 4 17 18 2 5 31 3 12 16 2 6 2 7 0 2 7 12 16 2 0 2 7 0 2 7 6 2 4 1 2 7 17 18 2 0 2 7 0 2 4 17 18 2 0 2 7 0 2 4 0 2 7 1 2 7 0 2 11 0 2 7 0 2 7 1 2 7 1 2 7 5 30 3 0 2 7 0 2 7 1 2 7 0 2 7 0 2 4 1 2 4 0 2 7 1 2 7 0 60.4779616594314575

Current Evaluation = 18000(18000)
Front Size = 10
5 31 3 13 6 3 1 2 7 0 2 7 1 2 7 0 2 7 0 2 7 12 16 2 17 9 2 13 6 3 5 31 3 0 2 7 17 18 2 1 2 7 13 6 3 1 2 7 1 2 7 12 16 2 1 2 7 1 2 7 0 2 7 16 6 2 0 2 7 0 2 7 5 31 3 17 9 2 1 2 7 0 2 7 17 18 2 0 2 7 12 16 2 1 2 4 0 2 7 12 16 2 0 2 7 0 2 7 0 2 7 1 2 7 17 18 2 0 2 7 0 2 7 17 18 2 0 2 7 0 2 7 0 2 7 1 2 4 0 2 7 1 2 4 0 2 7 1 2 7 1 2 7 0 2 7 0 2 7 1 2 7 1 2 7 1 2 7 0 2 7 1 2 7 0 2 7 1 2 7 0 59.7211945056915283
5 31 3 13 6 3 1 2 7 0 2 7 0 2 7 1 2 7 0 2 7 12 16 2 17 9 2 13 6 3 5 31 3 0 2 4 17 18 2 1 2 7 13 6 3 1 2 7 1 2 7 12 16 2 1 2 7 1 2 7 0 2 7 16 6 2 0 2 7 0 2 7 5 31 3 17 9 2 1 2 7 0 2 7 17 18 2 0 2 7 12 16 2 1 2 7 0 2 7 12 16 2 0 2 7 0 2 7 0 2 7 1 2 7 17 18 2 0 2 7 0 2 7 17 18 2 0 2 7 0 2 7 0 2 7 1 2 7 0 2 7 1 2 7 0 2 7 1 2 4 1 2 4 0 2 7 0 2 7 1 2 7 1 2 7 1 2 7 0 2 7 1 2 7 0 2 7 1 2 7 0 59.7211945056915283
5 31 3 13 6 3 0 2 7 0 2 7 1 2 7 1 2 7 0 2 7 12 16 2 17 9 2 13 6 3 5 31 3 0 2 7 17 18 2 1 2 7 13 6 3 1 2 7 1 2 7 12 16 2 1 2 7 1 2 7 0 2 7 16 6 2 0 2 7 0 2 7 5 31 3 17 9 2 1 2 7 0 2 7 17 18 2 0 2 4 12 16 2 1 2 7 0 2 7 12 16 2 0 2 7 0 2 4 0 2 7 1 2 7 17 18 2 0 2 7 0 2 7 17 18 2 0 2 7 0 2 7 0 2 7 1 2 4 0 2 7 1 2 7 0 2 7 1 2 7 1 2 7 0 2 7 0 2 7 1 2 7 1 2 7 1 2 7 0 2 7 1 2 7 0 2 7 1 2 7 0 59.7211945056915283
0 2 4 13 6 3 0 2 7 1 2 4 1 2 7 1 2 7 1 2 7 12 16 2 17 9 2 13 6 3 5 31 3 0 2 7 17 18 2 0 2 7 13 6 3 0 2 7 1 2 7 12 16 2 0 2 7 0 2 7 0 2 7 16 6 2 0 2 7 17 18 2 5 31 3 1 2 7 1 2 7 0 2 7 17 18 2 0 2 7 12 16 2 0 2 7 0 2 7 12 16 2 1 2 7 0 2 7 1 2 7 0 2 7 17 18 2 0 2 7 1 2 7 17 18 2 1 2 7 0 2 7 1 2 7 1 2 7 0 2 7 1 2 7 1 2 7 1 2 7 0 2 7 0 2 7 5 31 3 1 2 7 0 2 7 1 2 4 0 2 7 1 2 7 0 2 7 0 2 7 0 59.7211945056915283
5 31 3 13 6 3 1 2 7 0 2 7 1 2 7 1 2 7 0 2 7 12 16 2 17 9 2 13 6 3 5 31 3 0 2 7 17 18 2 1 2 7 13 6 3 1 2 7 1 2 7 12 16 2 1 2 7 1 2 7 0 2 7 16 6 2 0 2 7 0 2 7 5 31 3 17 9 2 1 2 7 0 2 7 17 18 2 0 2 4 12 16 2 1 2 7 0 2 7 12 16 2 0 2 7 0 2 7 0 2 7 1 2 7 17 18 2 0 2 7 0 2 4 17 18 2 0 2 7 0 2 7 0 2 7 1 2 7 0 2 7 1 2 7 0 2 7 1 2 7 1 2 7 0 2 7 0 2 4 1 2 7 0 2 7 1 2 7 0 2 7 1 2 7 0 2 7 1 2 7 0 59.7211945056915283
0 2 7 13 6 3 0 2 4 0 2 7 0 2 7 1 2 7 0 2 7 12 16 2 17 9 2 13 6 3 5 31 3 1 2 7 17 18 2 1 2 7 13 6 3 1 2 7 1 2 7 12 16 2 1 2 7 0 2 7 1 2 7 16 6 2 0 2 7 5 30 3 1 2 7 17 9 2 0 2 7 0 2 7 17 18 2 0 2 7 12 16 2 0 2 7 0 2 7 12 16 2 1 2 7 0 2 7 1 2 7 0 2 7 17 18 2 0 2 7 0 2 7 17 18 2 1 2 7 0 2 7 6 2 7 0 2 7 5 31 3 1 2 7 0 2 7 0 2 4 5 31 3 1 2 7 0 2 7 0 2 7 1 2 7 1 2 7 0 2 4 1 2 7 0 2 4 1 2 7 0 59.938682496547699
17 18 2 13 6 3 1 2 4 0 2 7 0 2 7 0 2 7 1 2 7 12 16 2 17 9 2 13 6 3 5 30 3 5 31 3 17 18 2 0 2 7 5 31 3 1 2 7 0 2 4 12 16 2 1 2 7 0 2 7 0 2 7 16 6 2 0 2 7 0 2 7 0 2 7 17 9 2 1 2 7 6 2 7 0 2 7 13 6 3 12 16 2 1 2 7 1 2 7 12 16 2 0 2 7 0 2 4 1 2 7 0 2 7 0 2 7 0 2 7 1 2 7 17 18 2 17 9 2 1 2 7 1 2 7 0 2 7 0 2 7 5 31 3 1 2 7 1 2 7 1 2 7 0 2 7 0 2 7 0 2 7 0 2 7 0 2 7 0 2 7 1 2 7 1 2 7 1 2 4 0 59.938682496547699
0 2 7 13 6 3 1 2 7 0 2 7 1 2 7 0 2 7 1 2 7 12 16 2 17 9 2 13 6 3 5 30 3 1 2 7 17 9 2 1 2 4 13 6 3 0 2 7 1 2 7 12 16 2 0 2 7 1 2 7 0 2 4 16 6 2 0 2 7 5 31 3 0 2 7 17 9 2 1 2 7 1 2 7 5 31 3 0 2 7 12 16 2 1 2 7 0 2 7 12 16 2 0 2 7 1 2 7 0 2 7 0 2 7 0 2 7 1 2 7 0 2 4 17 18 2 17 18 2 0 2 7 5 31 3 6 2 7 0 2 7 1 2 7 0 2 7 1 2 7 17 9 2 1 2 7 0 2 7 0 2 7 1 2 7 0 2 7 0 2 4 0 2 7 0 2 7 1 2 7 0 59.938682496547699
1 2 4 13 6 3 0 2 7 5 30 3 0 2 7 0 2 7 0 2 7 12 16 2 17 9 2 13 6 3 5 31 3 1 2 4 17 9 2 0 2 7 13 6 3 1 2 7 0 2 7 12 16 2 1 2 7 0 2 7 1 2 7 16 6 2 1 2 7 5 31 3 1 2 7 17 9 2 0 2 7 0 2 7 17 18 2 0 2 7 12 16 2 6 2 7 0 2 7 12 16 2 0 2 7 0 2 7 1 2 7 0 2 7 17 18 2 1 2 7 0 2 7 17 18 2 5 31 3 1 2 4 0 2 7 1 2 4 0 2 7 0 2 7 1 2 7 0 2 7 0 2 7 1 2 7 0 2 7 1 2 7 0 2 7 1 2 7 1 2 7 0 2 7 0 2 7 1 2 7 0 59.938682496547699
5 31 3 13 6 3 1 2 4 0 2 7 0 2 7 0 2 4 0 2 7 12 16 2 17 9 2 13 6 3 5 31 3 1 2 7 17 18 2 0 2 7 1 2 7 1 2 7 1 2 4 12 16 2 1 2 4 0 2 7 1 2 4 16 6 2 0 2 7 0 2 4 5 30 3 17 9 2 1 2 7 0 2 4 17 18 2 5 31 3 12 16 2 6 2 7 0 2 7 12 16 2 0 2 7 0 2 7 6 2 4 1 2 7 17 18 2 0 2 7 0 2 4 17 18 2 0 2 7 0 2 4 0 2 7 1 2 7 0 2 11 0 2 7 0 2 7 1 2 7 1 2 7 5 30 3 0 2 7 0 2 7 1 2 7 0 2 7 0 2 4 1 2 4 0 2 7 1 2 7 0 60.4779616594314575

MonoObjective Genetic Algorithm
Number of Evaluations = 0
Mutation Probability = 0
Crossover Probability = 1
Population Size = 10
Survival Selection Type = 15

Time =  18017.4185020923615

Current Evaluation = 2090
Front Size = 10
5 31 3 13 6 3 1 2 7 0 2 7 1 2 7 0 2 7 0 2 7 12 16 2 17 9 2 13 6 3 5 31 3 0 2 7 17 18 2 1 2 7 13 6 3 1 2 7 1 2 7 12 16 2 1 2 7 1 2 7 0 2 7 16 6 2 0 2 7 0 2 7 5 31 3 17 9 2 1 2 7 0 2 7 17 18 2 0 2 7 12 16 2 1 2 4 0 2 7 12 16 2 0 2 7 0 2 7 0 2 7 1 2 7 17 18 2 0 2 7 0 2 7 17 18 2 0 2 7 0 2 7 0 2 7 1 2 4 0 2 7 1 2 4 0 2 7 1 2 7 1 2 7 0 2 7 0 2 7 1 2 7 1 2 7 1 2 7 0 2 7 1 2 7 0 2 7 1 2 7 0 59.7211945056915283
5 31 3 13 6 3 1 2 7 0 2 7 0 2 7 1 2 7 0 2 7 12 16 2 17 9 2 13 6 3 5 31 3 0 2 4 17 18 2 1 2 7 13 6 3 1 2 7 1 2 7 12 16 2 1 2 7 1 2 7 0 2 7 16 6 2 0 2 7 0 2 7 5 31 3 17 9 2 1 2 7 0 2 7 17 18 2 0 2 7 12 16 2 1 2 7 0 2 7 12 16 2 0 2 7 0 2 7 0 2 7 1 2 7 17 18 2 0 2 7 0 2 7 17 18 2 0 2 7 0 2 7 0 2 7 1 2 7 0 2 7 1 2 7 0 2 7 1 2 4 1 2 4 0 2 7 0 2 7 1 2 7 1 2 7 1 2 7 0 2 7 1 2 7 0 2 7 1 2 7 0 59.7211945056915283
5 31 3 13 6 3 0 2 7 0 2 7 1 2 7 1 2 7 0 2 7 12 16 2 17 9 2 13 6 3 5 31 3 0 2 7 17 18 2 1 2 7 13 6 3 1 2 7 1 2 7 12 16 2 1 2 7 1 2 7 0 2 7 16 6 2 0 2 7 0 2 7 5 31 3 17 9 2 1 2 7 0 2 7 17 18 2 0 2 4 12 16 2 1 2 7 0 2 7 12 16 2 0 2 7 0 2 4 0 2 7 1 2 7 17 18 2 0 2 7 0 2 7 17 18 2 0 2 7 0 2 7 0 2 7 1 2 4 0 2 7 1 2 7 0 2 7 1 2 7 1 2 7 0 2 7 0 2 7 1 2 7 1 2 7 1 2 7 0 2 7 1 2 7 0 2 7 1 2 7 0 59.7211945056915283
0 2 4 13 6 3 0 2 7 1 2 4 1 2 7 1 2 7 1 2 7 12 16 2 17 9 2 13 6 3 5 31 3 0 2 7 17 18 2 0 2 7 13 6 3 0 2 7 1 2 7 12 16 2 0 2 7 0 2 7 0 2 7 16 6 2 0 2 7 17 18 2 5 31 3 1 2 7 1 2 7 0 2 7 17 18 2 0 2 7 12 16 2 0 2 7 0 2 7 12 16 2 1 2 7 0 2 7 1 2 7 0 2 7 17 18 2 0 2 7 1 2 7 17 18 2 1 2 7 0 2 7 1 2 7 1 2 7 0 2 7 1 2 7 1 2 7 1 2 7 0 2 7 0 2 7 5 31 3 1 2 7 0 2 7 1 2 4 0 2 7 1 2 7 0 2 7 0 2 7 0 59.7211945056915283
5 31 3 13 6 3 1 2 7 0 2 7 1 2 7 1 2 7 0 2 7 12 16 2 17 9 2 13 6 3 5 31 3 0 2 7 17 18 2 1 2 7 13 6 3 1 2 7 1 2 7 12 16 2 1 2 7 1 2 7 0 2 7 16 6 2 0 2 7 0 2 7 5 31 3 17 9 2 1 2 7 0 2 7 17 18 2 0 2 4 12 16 2 1 2 7 0 2 7 12 16 2 0 2 7 0 2 7 0 2 7 1 2 7 17 18 2 0 2 7 0 2 4 17 18 2 0 2 7 0 2 7 0 2 7 1 2 7 0 2 7 1 2 7 0 2 7 1 2 7 1 2 7 0 2 7 0 2 4 1 2 7 0 2 7 1 2 7 0 2 7 1 2 7 0 2 7 1 2 7 0 59.7211945056915283
0 2 7 13 6 3 0 2 4 0 2 7 0 2 7 1 2 7 0 2 7 12 16 2 17 9 2 13 6 3 5 31 3 1 2 7 17 18 2 1 2 7 13 6 3 1 2 7 1 2 7 12 16 2 1 2 7 0 2 7 1 2 7 16 6 2 0 2 7 5 30 3 1 2 7 17 9 2 0 2 7 0 2 7 17 18 2 0 2 7 12 16 2 0 2 7 0 2 7 12 16 2 1 2 7 0 2 7 1 2 7 0 2 7 17 18 2 0 2 7 0 2 7 17 18 2 1 2 7 0 2 7 6 2 7 0 2 7 5 31 3 1 2 7 0 2 7 0 2 4 5 31 3 1 2 7 0 2 7 0 2 7 1 2 7 1 2 7 0 2 4 1 2 7 0 2 4 1 2 7 0 59.938682496547699
17 18 2 13 6 3 1 2 4 0 2 7 0 2 7 0 2 7 1 2 7 12 16 2 17 9 2 13 6 3 5 30 3 5 31 3 17 18 2 0 2 7 5 31 3 1 2 7 0 2 4 12 16 2 1 2 7 0 2 7 0 2 7 16 6 2 0 2 7 0 2 7 0 2 7 17 9 2 1 2 7 6 2 7 0 2 7 13 6 3 12 16 2 1 2 7 1 2 7 12 16 2 0 2 7 0 2 4 1 2 7 0 2 7 0 2 7 0 2 7 1 2 7 17 18 2 17 9 2 1 2 7 1 2 7 0 2 7 0 2 7 5 31 3 1 2 7 1 2 7 1 2 7 0 2 7 0 2 7 0 2 7 0 2 7 0 2 7 0 2 7 1 2 7 1 2 7 1 2 4 0 59.938682496547699
0 2 7 13 6 3 1 2 7 0 2 7 1 2 7 0 2 7 1 2 7 12 16 2 17 9 2 13 6 3 5 30 3 1 2 7 17 9 2 1 2 4 13 6 3 0 2 7 1 2 7 12 16 2 0 2 7 1 2 7 0 2 4 16 6 2 0 2 7 5 31 3 0 2 7 17 9 2 1 2 7 1 2 7 5 31 3 0 2 7 12 16 2 1 2 7 0 2 7 12 16 2 0 2 7 1 2 7 0 2 7 0 2 7 0 2 7 1 2 7 0 2 4 17 18 2 17 18 2 0 2 7 5 31 3 6 2 7 0 2 7 1 2 7 0 2 7 1 2 7 17 9 2 1 2 7 0 2 7 0 2 7 1 2 7 0 2 7 0 2 4 0 2 7 0 2 7 1 2 7 0 59.938682496547699
1 2 4 13 6 3 0 2 7 5 30 3 0 2 7 0 2 7 0 2 7 12 16 2 17 9 2 13 6 3 5 31 3 1 2 4 17 9 2 0 2 7 13 6 3 1 2 7 0 2 7 12 16 2 1 2 7 0 2 7 1 2 7 16 6 2 1 2 7 5 31 3 1 2 7 17 9 2 0 2 7 0 2 7 17 18 2 0 2 7 12 16 2 6 2 7 0 2 7 12 16 2 0 2 7 0 2 7 1 2 7 0 2 7 17 18 2 1 2 7 0 2 7 17 18 2 5 31 3 1 2 4 0 2 7 1 2 4 0 2 7 0 2 7 1 2 7 0 2 7 0 2 7 1 2 7 0 2 7 1 2 7 0 2 7 1 2 7 1 2 7 0 2 7 0 2 7 1 2 7 0 59.938682496547699
5 31 3 13 6 3 1 2 4 0 2 7 0 2 7 0 2 4 0 2 7 12 16 2 17 9 2 13 6 3 5 31 3 1 2 7 17 18 2 0 2 7 1 2 7 1 2 7 1 2 4 12 16 2 1 2 4 0 2 7 1 2 4 16 6 2 0 2 7 0 2 4 5 30 3 17 9 2 1 2 7 0 2 4 17 18 2 5 31 3 12 16 2 6 2 7 0 2 7 12 16 2 0 2 7 0 2 7 6 2 4 1 2 7 17 18 2 0 2 7 0 2 4 17 18 2 0 2 7 0 2 4 0 2 7 1 2 7 0 2 11 0 2 7 0 2 7 1 2 7 1 2 7 5 30 3 0 2 7 0 2 7 1 2 7 0 2 7 0 2 4 1 2 4 0 2 7 1 2 7 0 60.4779616594314575

