Current Evaluation = 180(180)
Front Size = 10
0 2 7 5 30 3 1 2 7 13 6 3 0 2 7 12 16 2 5 31 3 0 2 7 0 2 7 17 18 2 0 2 7 0 2 7 0 2 7 0 2 7 17 9 2 1 2 7 1 2 7 1 2 7 1 2 7 0 2 7 0 20.2646257877349854
0 2 7 5 30 3 1 2 7 13 6 3 0 2 7 12 16 2 0 2 4 0 2 7 5 31 3 0 2 7 0 2 7 17 18 2 0 2 7 17 9 2 1 2 7 0 2 7 1 2 7 12 16 2 6 2 4 1 2 7 0 20.3487167954444885
0 2 7 5 30 3 1 2 7 13 6 3 1 2 7 12 16 2 0 2 7 12 16 2 0 2 7 0 2 4 0 2 7 5 31 3 6 2 7 0 2 7 17 18 2 1 2 7 17 9 2 0 2 7 0 2 7 1 2 4 0 20.3487167954444885
0 2 7 5 30 3 0 2 7 13 6 3 0 2 7 12 16 2 6 2 4 1 2 7 0 2 7 0 2 7 5 31 3 1 2 4 0 2 7 17 18 2 17 9 2 0 2 7 1 2 7 12 16 2 0 2 7 1 2 7 0 20.3487167954444885
0 2 7 5 30 3 1 2 7 13 6 3 0 2 7 12 16 2 0 2 7 0 2 7 5 31 3 0 2 7 0 2 4 17 18 2 0 2 7 17 9 2 1 2 7 1 2 7 12 16 2 1 2 7 0 2 4 6 2 7 0 20.3487167954444885
0 2 7 5 30 3 1 2 4 13 6 3 0 2 7 12 16 2 5 31 3 0 2 7 0 2 7 17 18 2 0 2 7 0 2 7 12 16 2 1 2 4 0 2 7 0 2 7 17 9 2 1 2 7 1 2 7 6 2 7 0 20.3487167954444885
0 2 7 5 30 3 1 2 7 13 6 3 0 2 7 0 2 3 0 2 4 0 2 7 5 31 3 1 2 7 17 18 2 0 2 7 0 2 7 12 16 2 1 2 7 12 16 2 1 2 4 16 30 2 12 16 2 0 2 7 0 20.4516057968139648
5 31 3 0 2 7 0 2 4 12 16 2 0 2 7 0 2 7 0 2 7 5 31 3 1 2 7 1 2 7 1 2 7 1 2 7 17 9 2 0 2 7 0 2 7 0 2 4 16 6 2 0 2 7 6 2 7 0 2 7 0 20.4595978856086731
0 2 7 0 2 4 5 31 3 5 30 3 0 2 4 0 2 7 1 2 7 12 16 2 0 2 7 0 2 7 17 18 2 1 2 3 12 16 2 13 6 3 16 30 2 12 16 2 0 2 7 1 2 7 0 2 7 1 2 7 0 20.4516057968139648
0 2 7 0 2 7 5 30 3 5 31 3 0 2 7 0 2 7 0 2 7 12 16 2 1 2 7 0 2 7 1 2 3 17 18 2 12 16 2 13 6 3 16 30 2 12 16 2 0 2 7 1 2 4 0 2 7 1 2 4 0 20.4516057968139648

Current Evaluation = 360(360)
Front Size = 10
0 2 7 5 30 3 1 2 7 13 6 3 0 2 7 0 2 7 0 2 7 5 31 3 1 2 7 17 18 2 0 2 7 0 2 7 1 2 7 12 16 2 0 2 7 1 2 7 0 2 7 1 2 7 0 2 7 17 9 2 0 20.2646257877349854
0 2 7 5 30 3 1 2 7 13 6 3 0 2 7 0 2 7 0 2 7 5 31 3 1 2 7 17 18 2 0 2 7 0 2 7 1 2 7 12 16 2 0 2 7 1 2 7 0 2 7 1 2 7 0 2 7 17 18 2 0 20.2646257877349854
0 2 7 5 30 3 13 6 3 0 2 7 0 2 7 1 2 4 5 31 3 1 2 7 17 18 2 0 2 7 6 2 7 12 16 2 1 2 7 0 2 7 0 2 7 0 2 4 12 16 2 1 2 7 0 2 7 17 9 2 0 20.3487167954444885
6 2 7 5 30 3 1 2 7 13 6 3 0 2 7 0 2 7 0 2 7 5 31 3 1 2 7 17 18 2 0 2 7 0 2 7 12 16 2 1 2 7 12 16 2 0 2 7 1 2 4 0 2 4 0 2 7 17 18 2 0 20.3487167954444885
5 31 3 0 2 7 0 2 4 12 16 2 0 2 7 0 2 7 0 2 7 5 31 3 1 2 7 1 2 7 1 2 7 1 2 7 17 9 2 0 2 7 0 2 7 0 2 4 16 6 2 0 2 7 6 2 7 0 2 7 0 20.4595978856086731
5 30 3 1 2 7 13 6 3 0 2 7 0 2 7 0 2 7 5 31 3 1 2 7 17 18 2 0 2 7 0 2 7 12 16 2 12 16 2 0 2 7 0 2 7 1 2 4 6 2 4 1 2 7 0 2 7 17 9 2 0 20.3487167954444885
0 2 7 5 30 3 1 2 4 13 6 3 0 2 7 0 2 7 0 2 7 5 31 3 1 2 7 17 18 2 0 2 7 1 2 7 12 16 2 17 9 2 12 16 2 0 2 7 0 2 7 6 2 7 1 2 4 0 2 7 0 20.3487167954444885
5 30 3 1 2 7 13 6 3 0 2 7 0 2 7 0 2 7 5 31 3 1 2 7 17 18 2 0 2 7 0 2 7 12 16 2 1 2 7 12 16 2 0 2 7 0 2 7 0 2 4 17 18 2 6 2 4 1 2 7 0 20.3487167954444885
5 30 3 0 2 7 13 6 3 1 2 7 0 2 7 5 31 3 1 2 7 17 18 2 0 2 7 12 16 2 1 2 7 0 2 7 0 2 4 6 2 7 1 2 7 17 9 2 0 2 7 0 2 4 0 2 7 12 16 2 0 20.3487167954444885
1 2 7 5 30 3 1 2 7 13 6 3 0 2 7 0 2 7 0 2 7 5 30 3 1 2 4 17 18 2 0 2 7 0 2 7 12 16 2 0 2 3 12 16 2 0 2 7 0 2 4 1 2 7 16 31 2 12 16 2 0 20.4516056776046753

Current Evaluation = 540(540)
Front Size = 10
5 31 3 13 6 3 1 2 7 5 30 3 17 18 2 1 2 7 0 2 7 1 2 7 0 2 7 0 2 7 0 2 7 0 2 7 0 2 7 0 2 7 0 2 7 1 2 7 0 2 7 12 16 2 1 2 7 17 9 2 0 20.2646257877349854
5 30 3 13 6 3 0 2 7 5 31 3 17 18 2 0 2 7 0 2 7 12 16 2 0 2 7 12 16 2 0 2 7 1 2 7 1 2 7 17 18 2 1 2 7 6 2 4 0 2 7 0 2 4 0 2 7 1 2 7 0 20.3487167954444885
5 30 3 13 6 3 0 2 7 0 2 4 0 2 4 5 31 3 17 18 2 0 2 7 0 2 7 12 16 2 0 2 7 12 16 2 0 2 7 1 2 7 1 2 7 0 2 7 6 2 7 1 2 7 1 2 7 17 18 2 0 20.3487167954444885
5 30 3 13 6 3 5 31 3 17 18 2 0 2 7 0 2 7 12 16 2 0 2 7 0 2 7 0 2 4 1 2 7 0 2 7 12 16 2 0 2 7 0 2 7 1 2 7 1 2 7 1 2 7 6 2 4 17 9 2 0 20.3487167954444885
5 30 3 13 6 3 0 2 4 5 31 3 17 18 2 0 2 7 0 2 7 12 16 2 0 2 7 0 2 7 1 2 7 1 2 7 1 2 7 0 2 7 0 2 7 1 2 4 12 16 2 17 18 2 6 2 7 0 2 7 0 20.3487167954444885
5 30 3 13 6 3 0 2 7 0 2 4 0 2 4 5 31 3 17 18 2 0 2 7 0 2 7 12 16 2 0 2 7 12 16 2 0 2 7 1 2 7 1 2 7 0 2 7 6 2 7 1 2 7 1 2 7 17 9 2 0 20.3487167954444885
5 31 3 0 2 7 0 2 4 12 16 2 0 2 7 0 2 7 0 2 7 5 31 3 1 2 7 1 2 7 1 2 7 1 2 7 17 9 2 0 2 7 0 2 7 0 2 4 16 6 2 0 2 7 6 2 7 0 2 7 0 20.4595978856086731
5 31 3 13 6 3 1 2 7 5 30 3 17 18 2 1 2 7 0 2 7 1 2 7 0 2 7 0 2 7 0 2 7 0 2 7 0 2 7 0 2 7 0 2 7 1 2 7 0 2 7 12 16 2 1 2 7 17 18 2 0 20.2646257877349854
5 30 3 1 2 4 13 6 3 0 2 7 0 2 7 0 2 7 5 31 3 6 2 7 17 18 2 0 2 7 0 2 7 12 16 2 0 2 7 12 16 2 0 2 7 1 2 7 0 2 7 1 2 7 17 18 2 1 2 4 0 20.3487167954444885
1 2 7 5 30 3 1 2 7 13 6 3 0 2 7 0 2 7 0 2 7 1 2 4 17 18 2 0 2 7 0 2 7 12 16 2 12 16 2 0 2 7 5 30 3 0 2 3 0 2 4 1 2 7 16 31 2 12 16 2 0 20.4516056776046753

Current Evaluation = 720(720)
Front Size = 10
5 30 3 13 6 3 0 2 7 17 18 2 1 2 7 0 2 7 0 2 7 0 2 7 12 16 2 1 2 7 1 2 7 0 2 7 0 2 7 1 2 7 5 31 3 17 18 2 1 2 7 0 2 7 0 2 7 0 2 7 0 20.2646257877349854
5 30 3 13 6 3 1 2 7 5 31 3 17 18 2 1 2 7 0 2 4 12 16 2 0 2 7 0 2 7 0 2 7 0 2 7 0 2 7 0 2 7 17 9 2 0 2 7 1 2 7 6 2 7 12 16 2 1 2 4 0 20.3487167954444885
5 30 3 13 6 3 6 2 7 5 31 3 17 18 2 1 2 7 0 2 7 12 16 2 0 2 7 1 2 7 0 2 4 0 2 7 0 2 7 0 2 7 0 2 7 1 2 4 12 16 2 17 18 2 0 2 7 1 2 7 0 20.3487167954444885
5 30 3 13 6 3 1 2 7 5 31 3 17 18 2 1 2 7 0 2 7 12 16 2 0 2 7 1 2 4 0 2 7 0 2 7 0 2 7 0 2 7 0 2 7 17 9 2 6 2 7 12 16 2 1 2 4 0 2 7 0 20.3487167954444885
5 30 3 13 6 3 0 2 7 0 2 7 0 2 7 5 31 3 17 18 2 0 2 7 0 2 7 12 16 2 0 2 7 0 2 7 1 2 7 0 2 7 1 2 7 17 18 2 1 2 4 6 2 7 12 16 2 1 2 4 0 20.3487167954444885
5 30 3 13 6 3 5 31 3 17 18 2 0 2 7 0 2 7 6 2 7 0 2 7 0 2 4 0 2 7 1 2 7 12 16 2 0 2 7 1 2 7 1 2 7 1 2 7 0 2 7 0 2 4 17 9 2 12 16 2 0 20.3487167954444885
5 31 3 0 2 7 0 2 4 12 16 2 0 2 7 0 2 7 0 2 7 5 31 3 1 2 7 1 2 7 1 2 7 1 2 7 17 9 2 0 2 7 0 2 7 0 2 4 16 6 2 0 2 7 6 2 7 0 2 7 0 20.4595978856086731
5 30 3 13 6 3 5 31 3 17 18 2 0 2 7 0 2 7 0 2 7 0 2 7 0 2 7 0 2 7 1 2 7 12 16 2 1 2 7 0 2 7 1 2 7 17 9 2 1 2 7 0 2 7 1 2 7 0 2 7 0 20.2646257877349854
5 30 3 13 6 3 1 2 7 17 18 2 1 2 7 0 2 7 12 16 2 0 2 7 12 16 2 1 2 7 0 2 7 0 2 7 0 2 7 0 2 7 0 2 4 1 2 4 5 30 3 12 16 2 16 31 2 0 2 3 0 20.4516056776046753
5 30 3 13 6 3 1 2 7 17 18 2 1 2 7 0 2 4 12 16 2 0 2 7 1 2 7 0 2 7 0 2 4 0 2 7 0 2 7 12 16 2 0 2 7 1 2 7 5 30 3 12 16 2 16 31 2 0 2 3 0 20.4516056776046753

Current Evaluation = 900(900)
Front Size = 10
5 30 3 13 6 3 0 2 7 0 2 7 5 31 3 17 18 2 0 2 7 0 2 7 12 16 2 0 2 7 0 2 7 1 2 7 0 2 7 1 2 7 1 2 7 1 2 7 17 9 2 0 2 7 0 2 7 1 2 7 0 20.2646257877349854
5 30 3 13 6 3 0 2 7 1 2 7 1 2 7 5 31 3 17 18 2 0 2 7 0 2 7 12 16 2 0 2 7 0 2 7 0 2 7 1 2 7 0 2 7 0 2 7 1 2 7 17 18 2 1 2 7 0 2 7 0 20.2646257877349854
5 31 3 0 2 7 0 2 4 12 16 2 0 2 7 0 2 7 0 2 7 5 31 3 1 2 7 1 2 7 1 2 7 1 2 7 17 9 2 0 2 7 0 2 7 0 2 4 16 6 2 0 2 7 6 2 7 0 2 7 0 20.4595978856086731
5 30 3 13 6 3 5 31 3 17 18 2 0 2 7 1 2 7 0 2 7 0 2 7 1 2 4 0 2 7 0 2 7 1 2 7 0 2 7 0 2 4 12 16 2 12 16 2 6 2 7 1 2 7 0 2 7 17 9 2 0 20.3487167954444885
5 31 3 13 6 3 0 2 4 1 2 7 5 30 3 17 18 2 1 2 7 0 2 4 12 16 2 0 2 7 6 2 7 1 2 7 0 2 7 0 2 7 17 9 2 0 2 7 12 16 2 1 2 7 0 2 7 0 2 7 0 20.3487167954444885
5 30 3 13 6 3 1 2 7 17 18 2 1 2 7 0 2 7 12 16 2 0 2 7 0 2 7 0 2 7 0 2 4 0 2 7 12 16 2 0 2 4 6 2 7 5 31 3 0 2 7 17 18 2 1 2 7 1 2 7 0 20.3487167954444885
5 30 3 13 6 3 0 2 7 0 2 7 0 2 7 5 31 3 17 18 2 0 2 7 0 2 7 12 16 2 0 2 7 0 2 7 6 2 7 1 2 7 12 16 2 0 2 4 1 2 7 17 18 2 1 2 4 1 2 7 0 20.3487167954444885
5 30 3 13 6 3 0 2 7 0 2 7 5 31 3 17 18 2 0 2 7 0 2 7 12 16 2 0 2 7 0 2 7 1 2 7 0 2 7 1 2 7 1 2 7 1 2 7 17 9 2 0 2 4 6 2 4 12 16 2 0 20.3487167954444885
5 30 3 13 6 3 0 2 7 0 2 7 5 31 3 17 18 2 0 2 7 0 2 7 12 16 2 0 2 7 0 2 7 1 2 7 0 2 7 1 2 4 17 9 2 0 2 7 6 2 7 12 16 2 1 2 4 1 2 7 0 20.3487167954444885
5 30 3 13 6 3 1 2 7 17 18 2 1 2 7 0 2 4 12 16 2 0 2 7 1 2 7 0 2 7 0 2 4 0 2 7 0 2 7 12 16 2 0 2 7 1 2 7 5 30 3 12 16 2 16 31 2 0 2 3 0 20.4516056776046753

Current Evaluation = 1080(1080)
Front Size = 10
5 30 3 13 6 3 0 2 7 1 2 7 5 31 3 17 18 2 0 2 7 0 2 7 1 2 7 1 2 7 0 2 7 0 2 7 1 2 7 0 2 7 12 16 2 0 2 7 0 2 7 17 9 2 1 2 7 0 2 7 0 20.2646257877349854
5 30 3 13 6 3 0 2 7 5 31 3 17 18 2 0 2 7 0 2 7 1 2 7 0 2 7 0 2 7 1 2 7 17 18 2 0 2 7 1 2 7 1 2 7 0 2 7 0 2 7 1 2 7 0 2 7 12 16 2 0 20.2646257877349854
5 31 3 0 2 7 0 2 4 12 16 2 0 2 7 0 2 7 0 2 7 5 31 3 1 2 7 1 2 7 1 2 7 1 2 7 17 9 2 0 2 7 0 2 7 0 2 4 16 6 2 0 2 7 6 2 7 0 2 7 0 20.4595978856086731
5 30 3 13 6 3 0 2 4 0 2 7 5 31 3 17 18 2 0 2 7 0 2 7 12 16 2 0 2 7 0 2 7 1 2 7 0 2 7 1 2 7 1 2 7 17 18 2 12 16 2 0 2 7 6 2 7 1 2 4 0 20.3487167954444885
5 30 3 13 6 3 0 2 7 1 2 7 5 31 3 17 18 2 0 2 7 0 2 7 12 16 2 0 2 4 0 2 7 0 2 7 1 2 7 1 2 7 12 16 2 0 2 7 0 2 7 1 2 7 6 2 4 17 18 2 0 20.3487167954444885
5 30 3 13 6 3 0 2 7 0 2 7 5 31 3 17 18 2 0 2 7 0 2 7 12 16 2 0 2 7 0 2 7 1 2 7 17 9 2 1 2 7 0 2 7 12 16 2 0 2 4 1 2 7 6 2 4 1 2 7 0 20.3487167954444885
5 30 3 13 6 3 0 2 7 1 2 7 5 31 3 17 18 2 0 2 7 0 2 7 12 16 2 0 2 4 0 2 7 0 2 7 1 2 7 1 2 7 12 16 2 0 2 7 0 2 7 6 2 7 17 9 2 1 2 4 0 20.3487167954444885
5 30 3 13 6 3 0 2 7 0 2 7 5 31 3 17 18 2 0 2 7 0 2 7 12 16 2 1 2 7 0 2 7 1 2 7 0 2 7 1 2 7 1 2 7 17 18 2 6 2 7 0 2 4 12 16 2 0 2 4 0 20.3487167954444885
5 30 3 13 6 3 0 2 7 0 2 7 5 31 3 17 18 2 0 2 7 0 2 7 12 16 2 0 2 7 0 2 7 1 2 7 0 2 7 0 2 7 1 2 4 6 2 7 12 16 2 17 18 2 1 2 4 1 2 7 0 20.3487167954444885
5 30 3 13 6 3 1 2 7 17 18 2 1 2 7 0 2 4 12 16 2 0 2 7 1 2 7 0 2 7 0 2 4 0 2 7 0 2 7 12 16 2 0 2 7 1 2 7 5 30 3 12 16 2 16 31 2 0 2 3 0 20.4516056776046753

Current Evaluation = 1260(1260)
Front Size = 10
5 30 3 13 6 3 0 2 7 0 2 7 5 31 3 17 18 2 0 2 7 0 2 7 12 16 2 0 2 7 1 2 7 1 2 7 0 2 7 0 2 7 17 9 2 1 2 7 0 2 7 1 2 7 1 2 7 0 2 7 0 20.2646257877349854
5 30 3 13 6 3 0 2 7 0 2 7 5 31 3 17 18 2 0 2 7 0 2 7 12 16 2 0 2 7 0 2 7 1 2 7 6 2 7 12 16 2 1 2 7 0 2 7 0 2 4 1 2 4 17 18 2 1 2 7 0 20.3487167954444885
5 30 3 13 6 3 0 2 7 0 2 7 5 31 3 17 18 2 0 2 7 0 2 7 12 16 2 0 2 7 1 2 7 1 2 7 1 2 4 0 2 7 0 2 7 17 9 2 6 2 7 12 16 2 0 2 4 1 2 7 0 20.3487167954444885
5 31 3 13 6 3 0 2 4 1 2 7 5 30 3 17 18 2 0 2 4 6 2 7 12 16 2 0 2 7 1 2 7 0 2 7 0 2 7 0 2 7 0 2 7 17 9 2 1 2 7 0 2 7 1 2 7 12 16 2 0 20.3487167954444885
5 30 3 13 6 3 0 2 7 0 2 7 5 31 3 17 18 2 0 2 7 0 2 7 12 16 2 0 2 7 0 2 7 1 2 7 6 2 7 12 16 2 1 2 7 0 2 4 17 18 2 1 2 7 0 2 4 1 2 7 0 20.3487167954444885
5 31 3 0 2 7 0 2 4 12 16 2 0 2 7 0 2 7 0 2 7 5 31 3 1 2 7 1 2 7 1 2 7 1 2 7 17 9 2 0 2 7 0 2 7 0 2 4 16 6 2 0 2 7 6 2 7 0 2 7 0 20.4595978856086731
5 30 3 13 6 3 0 2 7 1 2 7 5 31 3 17 18 2 0 2 7 0 2 7 12 16 2 0 2 7 0 2 7 1 2 7 0 2 7 1 2 7 1 2 7 0 2 7 0 2 7 1 2 7 17 18 2 0 2 7 0 20.2646257877349854
5 30 3 13 6 3 0 2 7 0 2 7 5 31 3 17 18 2 0 2 7 0 2 7 0 2 7 0 2 7 1 2 4 1 2 7 1 2 7 0 2 7 12 16 2 17 18 2 12 16 2 6 2 7 1 2 4 0 2 7 0 20.3487167954444885
5 30 3 13 6 3 1 2 7 17 18 2 1 2 7 0 2 4 12 16 2 0 2 7 1 2 7 0 2 7 0 2 4 0 2 7 0 2 7 12 16 2 0 2 7 1 2 7 5 30 3 12 16 2 16 31 2 0 2 3 0 20.4516056776046753
13 6 3 0 2 3 0 2 7 5 30 3 17 18 2 0 2 7 12 16 2 0 2 7 0 2 7 1 2 7 0 2 7 1 2 4 0 2 7 0 2 7 1 2 4 12 16 2 12 16 2 1 2 7 16 31 2 5 30 3 0 20.4516056776046753

Current Evaluation = 1440(1440)
Front Size = 10
5 30 3 13 6 3 0 2 7 0 2 7 17 18 2 0 2 7 0 2 7 12 16 2 0 2 7 1 2 7 1 2 7 0 2 7 5 31 3 1 2 7 0 2 7 1 2 7 0 2 7 0 2 7 1 2 7 17 9 2 0 20.2646257877349854
5 30 3 13 6 3 5 31 3 17 18 2 1 2 7 0 2 7 0 2 7 0 2 7 0 2 7 0 2 7 0 2 7 12 16 2 1 2 7 17 18 2 0 2 7 6 2 4 1 2 4 0 2 7 1 2 7 12 16 2 0 20.3487167954444885
5 30 3 13 6 3 0 2 7 0 2 7 17 18 2 0 2 7 0 2 7 12 16 2 0 2 7 1 2 7 1 2 7 0 2 7 6 2 4 12 16 2 5 31 3 1 2 7 0 2 7 0 2 7 1 2 4 17 9 2 0 20.3487167954444885
5 31 3 13 6 3 0 2 7 1 2 7 5 30 3 17 18 2 6 2 7 12 16 2 0 2 7 0 2 4 0 2 7 0 2 7 0 2 7 1 2 7 0 2 7 12 16 2 1 2 7 17 9 2 0 2 7 1 2 4 0 20.3487167954444885
5 30 3 13 6 3 5 31 3 17 18 2 1 2 7 0 2 7 0 2 7 0 2 7 0 2 7 0 2 7 0 2 7 12 16 2 1 2 7 17 18 2 0 2 7 1 2 4 1 2 7 12 16 2 6 2 7 0 2 4 0 20.3487167954444885
5 30 3 13 6 3 5 31 3 17 18 2 1 2 7 0 2 7 0 2 7 0 2 7 0 2 7 0 2 7 0 2 7 12 16 2 1 2 4 17 18 2 0 2 7 1 2 4 1 2 7 12 16 2 6 2 7 0 2 7 0 20.3487167954444885
13 6 3 0 2 3 0 2 7 5 30 3 17 18 2 0 2 7 12 16 2 0 2 7 0 2 7 1 2 7 0 2 7 1 2 4 0 2 7 0 2 7 1 2 4 12 16 2 12 16 2 1 2 7 16 31 2 5 30 3 0 20.4516056776046753
5 30 3 13 6 3 5 31 3 17 18 2 0 2 4 0 2 7 0 2 7 1 2 7 0 2 7 1 2 7 0 2 7 12 16 2 1 2 7 17 18 2 0 2 7 6 2 7 0 2 7 1 2 7 0 2 4 12 16 2 0 20.3487167954444885
5 31 3 6 2 7 1 2 7 13 6 3 5 30 3 17 18 2 12 16 2 0 2 7 0 2 7 1 2 7 1 2 7 0 2 7 0 2 7 12 16 2 17 9 2 0 2 7 0 2 4 0 2 7 1 2 7 0 2 4 0 20.3487167954444885
5 30 3 13 6 3 0 2 7 0 2 7 17 18 2 0 2 7 0 2 7 12 16 2 0 2 7 1 2 7 1 2 7 0 2 7 5 31 3 1 2 7 0 2 7 0 2 7 17 18 2 0 2 7 1 2 7 1 2 7 0 20.2646257877349854

Current Evaluation = 1620(1620)
Front Size = 10
5 30 3 13 6 3 5 31 3 17 18 2 1 2 7 0 2 7 0 2 7 0 2 7 0 2 7 0 2 7 12 16 2 1 2 7 0 2 7 1 2 7 0 2 7 0 2 7 17 9 2 0 2 7 1 2 7 1 2 7 0 20.2646257877349854
5 31 3 13 6 3 1 2 7 0 2 7 17 18 2 0 2 7 1 2 7 0 2 7 1 2 7 1 2 7 0 2 7 12 16 2 5 30 3 0 2 7 1 2 7 0 2 7 17 18 2 0 2 7 0 2 7 0 2 7 0 20.2646257877349854
5 30 3 13 6 3 5 31 3 17 18 2 1 2 7 1 2 7 1 2 7 0 2 7 0 2 7 0 2 7 0 2 7 1 2 4 0 2 7 6 2 7 0 2 7 12 16 2 17 18 2 0 2 4 0 2 7 12 16 2 0 20.3487167954444885
5 30 3 13 6 3 5 31 3 17 18 2 1 2 7 0 2 7 0 2 7 0 2 7 0 2 7 0 2 7 12 16 2 1 2 7 0 2 7 1 2 7 0 2 4 17 9 2 0 2 7 12 16 2 6 2 7 1 2 4 0 20.3487167954444885
5 30 3 13 6 3 0 2 7 0 2 7 17 18 2 0 2 7 0 2 7 12 16 2 0 2 7 1 2 7 1 2 7 0 2 7 12 16 2 5 31 3 1 2 7 0 2 7 1 2 4 17 18 2 6 2 4 0 2 7 0 20.3487167954444885
5 30 3 13 6 3 0 2 7 0 2 7 17 18 2 0 2 7 0 2 7 12 16 2 0 2 7 1 2 7 1 2 7 0 2 7 12 16 2 5 31 3 1 2 7 17 9 2 6 2 4 0 2 7 0 2 7 1 2 4 0 20.3487167954444885
13 6 3 0 2 3 0 2 7 5 30 3 17 18 2 0 2 7 12 16 2 0 2 7 0 2 7 1 2 7 0 2 7 1 2 4 0 2 7 0 2 7 1 2 4 12 16 2 12 16 2 1 2 7 16 31 2 5 30 3 0 20.4516056776046753
5 30 3 13 6 3 5 31 3 17 18 2 1 2 7 0 2 7 0 2 7 0 2 7 0 2 7 0 2 7 12 16 2 1 2 7 0 2 7 1 2 7 1 2 7 6 2 4 0 2 4 0 2 7 12 16 2 17 18 2 0 20.3487167954444885
5 30 3 13 6 3 5 31 3 17 18 2 1 2 7 0 2 7 0 2 7 0 2 7 0 2 7 0 2 7 0 2 7 12 16 2 1 2 4 0 2 7 1 2 7 12 16 2 6 2 7 0 2 7 1 2 4 17 9 2 0 20.3487167954444885
5 30 3 13 6 3 0 2 7 0 2 7 17 18 2 0 2 7 0 2 7 12 16 2 0 2 7 1 2 7 1 2 7 0 2 7 12 16 2 5 31 3 1 2 7 17 9 2 1 2 7 6 2 7 0 2 4 0 2 4 0 20.3487167954444885

Current Evaluation = 1800(1800)
Front Size = 10
5 31 3 13 6 3 5 30 3 17 9 2 0 2 7 0 2 7 1 2 7 0 2 7 1 2 7 0 2 7 1 2 7 12 16 2 0 2 7 0 2 7 0 2 7 0 2 7 1 2 7 0 2 7 17 9 2 1 2 7 0 20.2646257877349854
5 30 3 13 6 3 0 2 7 0 2 7 17 18 2 0 2 7 0 2 7 12 16 2 0 2 7 1 2 7 1 2 7 0 2 7 5 31 3 0 2 7 0 2 7 17 9 2 0 2 7 1 2 7 1 2 7 1 2 7 0 20.2646257877349854
13 6 3 5 30 3 17 18 2 0 2 7 0 2 7 1 2 7 1 2 7 0 2 7 0 2 7 0 2 7 0 2 7 0 2 7 12 16 2 5 31 3 1 2 7 0 2 7 1 2 7 1 2 7 0 2 7 17 18 2 0 20.2646257877349854
5 30 3 13 6 3 5 31 3 17 18 2 1 2 7 0 2 7 0 2 7 1 2 7 0 2 7 12 16 2 1 2 7 0 2 7 17 9 2 0 2 7 12 16 2 0 2 7 0 2 7 6 2 7 0 2 4 1 2 4 0 20.3487167954444885
5 30 3 13 6 3 1 2 7 0 2 7 17 18 2 0 2 7 0 2 7 12 16 2 0 2 7 1 2 7 1 2 7 0 2 7 12 16 2 5 31 3 1 2 4 17 18 2 0 2 7 0 2 7 0 2 4 6 2 7 0 20.3487167954444885
5 30 3 13 6 3 0 2 7 0 2 7 17 18 2 0 2 7 0 2 7 12 16 2 0 2 7 1 2 7 1 2 7 0 2 7 12 16 2 5 31 3 1 2 7 0 2 7 1 2 4 17 9 2 6 2 4 0 2 7 0 20.3487167954444885
5 31 3 13 6 3 5 30 3 0 2 7 1 2 7 0 2 7 1 2 7 0 2 7 0 2 7 0 2 4 0 2 7 0 2 7 6 2 4 12 16 2 17 18 2 0 2 7 1 2 7 1 2 7 12 16 2 17 18 2 0 20.3487167954444885
5 31 3 13 6 3 5 30 3 17 9 2 0 2 4 0 2 7 1 2 7 0 2 7 1 2 7 0 2 4 0 2 7 6 2 7 12 16 2 0 2 7 0 2 7 0 2 7 12 16 2 1 2 7 17 9 2 1 2 7 0 20.3487167954444885
13 6 3 0 2 3 0 2 7 5 30 3 17 18 2 0 2 7 12 16 2 0 2 7 0 2 7 1 2 7 0 2 7 1 2 4 0 2 7 0 2 7 1 2 4 12 16 2 12 16 2 1 2 7 16 31 2 5 30 3 0 20.4516056776046753
13 6 3 5 30 3 17 18 2 1 2 7 0 2 7 0 2 7 1 2 7 0 2 7 0 2 7 0 2 7 0 2 7 0 2 7 12 16 2 5 30 3 16 31 2 0 2 7 12 16 2 0 2 3 0 2 7 12 16 2 0.00088831193467033985 20.6327096223831177

Current Evaluation = 1980(1980)
Front Size = 10
5 31 3 13 6 3 5 30 3 0 2 7 1 2 7 0 2 7 1 2 7 0 2 7 0 2 7 0 2 7 1 2 7 0 2 7 17 18 2 0 2 7 1 2 7 1 2 7 0 2 7 0 2 7 12 16 2 17 18 2 0 20.2646257877349854
5 30 3 13 6 3 5 31 3 1 2 7 0 2 7 0 2 7 1 2 7 0 2 7 12 16 2 0 2 7 0 2 7 0 2 7 1 2 7 1 2 7 0 2 7 17 9 2 0 2 7 1 2 7 0 2 7 17 9 2 0 20.2646257877349854
13 6 3 0 2 7 5 30 3 0 2 7 12 16 2 0 2 3 1 2 7 0 2 7 1 2 7 0 2 7 1 2 4 0 2 7 1 2 7 0 2 7 12 16 2 17 9 2 12 16 2 0 2 4 16 31 2 5 30 3 0 20.4516056776046753
5 30 3 13 6 3 0 2 7 0 2 7 0 2 7 12 16 2 0 2 7 0 2 7 5 31 3 1 2 7 0 2 7 17 18 2 1 2 7 0 2 7 0 2 7 1 2 7 0 2 7 1 2 7 17 9 2 1 2 7 0 20.2646257877349854
5 31 3 13 6 3 0 2 7 0 2 4 0 2 7 12 16 2 0 2 7 1 2 7 5 30 3 1 2 7 1 2 7 17 9 2 12 16 2 1 2 7 6 2 4 0 2 7 0 2 7 0 2 7 17 18 2 0 2 7 0 20.3487167954444885
5 31 3 13 6 3 0 2 7 0 2 7 1 2 7 1 2 7 0 2 7 5 30 3 1 2 7 0 2 7 17 9 2 12 16 2 0 2 4 17 18 2 0 2 7 0 2 7 12 16 2 1 2 4 6 2 7 0 2 7 0 20.3487167954444885
5 30 3 13 6 3 5 31 3 1 2 7 0 2 7 0 2 7 6 2 4 1 2 7 12 16 2 1 2 7 0 2 7 0 2 7 0 2 7 0 2 7 17 9 2 1 2 7 0 2 7 12 16 2 0 2 4 17 9 2 0 20.3487167954444885
5 31 3 13 6 3 0 2 4 0 2 7 0 2 7 12 16 2 1 2 7 1 2 7 5 30 3 6 2 7 0 2 7 17 9 2 12 16 2 0 2 7 0 2 7 0 2 7 0 2 7 1 2 4 1 2 7 17 9 2 0 20.3487167954444885
5 30 3 13 6 3 5 31 3 0 2 7 0 2 7 1 2 7 0 2 7 12 16 2 0 2 7 0 2 7 0 2 7 17 9 2 1 2 4 0 2 7 1 2 7 0 2 7 17 18 2 6 2 4 12 16 2 1 2 7 0 20.3487167954444885
5 31 3 13 6 3 5 30 3 0 2 4 1 2 7 0 2 7 1 2 7 0 2 7 0 2 7 0 2 7 6 2 7 12 16 2 17 18 2 0 2 7 1 2 7 1 2 7 0 2 4 0 2 7 12 16 2 17 18 2 0 20.3487167954444885

Current Evaluation = 2160(2160)
Front Size = 10
5 31 3 13 6 3 0 2 7 0 2 7 12 16 2 1 2 7 1 2 7 5 30 3 0 2 7 0 2 7 0 2 7 0 2 7 0 2 7 1 2 7 0 2 7 1 2 7 0 2 7 1 2 7 17 18 2 17 18 2 0 20.2646257877349854
5 30 3 13 6 3 5 31 3 0 2 7 0 2 7 1 2 7 0 2 7 0 2 7 0 2 7 0 2 7 0 2 7 17 9 2 1 2 7 0 2 7 0 2 7 1 2 7 12 16 2 1 2 7 17 18 2 1 2 7 0 20.2646257877349854
5 30 3 13 6 3 5 31 3 0 2 7 0 2 7 1 2 7 0 2 7 12 16 2 0 2 7 0 2 7 0 2 7 17 9 2 0 2 4 1 2 7 0 2 7 17 18 2 1 2 7 1 2 7 6 2 4 12 16 2 0 20.3487167954444885
5 30 3 13 6 3 5 31 3 1 2 7 0 2 7 1 2 7 0 2 7 12 16 2 0 2 7 0 2 7 0 2 7 17 9 2 0 2 7 1 2 7 1 2 7 0 2 7 1 2 7 0 2 7 0 2 7 17 9 2 0 20.2646257877349854
5 31 3 13 6 3 0 2 7 0 2 7 12 16 2 1 2 7 1 2 7 5 30 3 0 2 7 17 9 2 12 16 2 0 2 7 0 2 7 0 2 7 0 2 7 1 2 7 6 2 4 1 2 7 0 2 4 17 9 2 0 20.3487167954444885
5 31 3 13 6 3 0 2 7 0 2 7 12 16 2 1 2 7 1 2 7 5 30 3 0 2 7 0 2 7 0 2 7 0 2 7 1 2 7 17 18 2 6 2 7 17 18 2 12 16 2 0 2 4 1 2 7 0 2 4 0 20.3487167954444885
5 31 3 13 6 3 0 2 7 0 2 7 12 16 2 1 2 7 1 2 7 5 30 3 0 2 7 0 2 7 0 2 7 0 2 7 1 2 7 1 2 7 17 18 2 17 18 2 0 2 7 0 2 4 0 2 4 6 2 7 0.000405363495860230428 20.2009188532829285
13 6 3 0 2 7 5 30 3 0 2 7 12 16 2 0 2 3 1 2 7 0 2 7 1 2 7 0 2 7 1 2 4 0 2 7 1 2 7 0 2 7 12 16 2 17 9 2 12 16 2 0 2 4 16 31 2 5 30 3 0 20.4516056776046753
5 30 3 13 6 3 0 2 7 0 2 7 12 16 2 0 2 7 0 2 7 5 31 3 0 2 7 0 2 7 6 2 7 0 2 4 1 2 7 1 2 7 1 2 7 17 9 2 0 2 7 12 16 2 1 2 4 17 18 2 0 20.3487167954444885
5 31 3 13 6 3 0 2 7 0 2 7 12 16 2 1 2 7 1 2 7 5 30 3 0 2 7 17 9 2 12 16 2 0 2 7 0 2 7 0 2 7 0 2 7 1 2 4 1 2 7 0 2 7 6 2 4 17 9 2 0 20.3487167954444885

Current Evaluation = 2340(2340)
Front Size = 10
5 31 3 13 6 3 0 2 7 0 2 7 12 16 2 1 2 7 1 2 7 5 30 3 0 2 7 0 2 7 0 2 7 0 2 7 1 2 7 0 2 7 0 2 7 0 2 7 1 2 7 1 2 7 17 9 2 17 9 2 0 20.2646257877349854
5 31 3 13 6 3 0 2 7 0 2 7 12 16 2 1 2 7 5 30 3 0 2 7 0 2 7 0 2 7 0 2 7 1 2 7 17 18 2 0 2 7 17 9 2 1 2 7 1 2 7 0 2 7 1 2 7 0 2 7 0 20.2646257877349854
5 31 3 13 6 3 0 2 7 0 2 7 12 16 2 1 2 7 5 30 3 0 2 7 0 2 7 0 2 4 0 2 7 1 2 7 12 16 2 1 2 7 0 2 7 6 2 7 0 2 4 1 2 7 17 9 2 17 18 2 0 20.3487167954444885
5 31 3 13 6 3 0 2 7 0 2 7 12 16 2 1 2 7 5 30 3 0 2 7 0 2 7 0 2 4 0 2 7 1 2 7 12 16 2 1 2 7 0 2 4 1 2 7 17 18 2 0 2 7 6 2 7 17 18 2 0 20.3487167954444885
5 31 3 13 6 3 0 2 7 0 2 7 12 16 2 1 2 7 6 2 7 5 30 3 0 2 7 0 2 7 0 2 7 0 2 7 1 2 7 17 18 2 12 16 2 0 2 7 1 2 4 17 9 2 1 2 7 0 2 4 0 20.3487167954444885
5 31 3 13 6 3 0 2 7 0 2 7 12 16 2 1 2 7 1 2 7 5 30 3 0 2 7 0 2 7 0 2 7 0 2 7 1 2 7 0 2 7 0 2 7 17 9 2 12 16 2 1 2 4 6 2 4 17 9 2 0 20.3487167954444885
5 31 3 13 6 3 0 2 7 0 2 7 12 16 2 1 2 7 5 30 3 0 2 7 0 2 7 0 2 7 1 2 7 1 2 7 1 2 7 17 18 2 0 2 7 0 2 7 0 2 7 0 2 7 1 2 7 17 18 2 0 20.2646257877349854
5 31 3 13 6 3 0 2 7 0 2 7 12 16 2 1 2 7 5 30 3 0 2 7 0 2 7 0 2 7 0 2 7 1 2 7 17 18 2 12 16 2 0 2 7 1 2 7 0 2 4 1 2 7 17 18 2 6 2 4 0 20.3487167954444885
5 31 3 13 6 3 0 2 7 0 2 7 12 16 2 1 2 7 5 30 3 0 2 7 0 2 7 0 2 7 0 2 7 1 2 7 12 16 2 0 2 7 1 2 4 17 9 2 1 2 7 6 2 7 0 2 4 17 9 2 0 20.3487167954444885
5 31 3 13 6 3 0 2 7 0 2 7 12 16 2 1 2 7 5 30 3 0 2 7 0 2 7 0 2 7 0 2 7 1 2 7 17 18 2 0 2 7 17 9 2 1 2 7 6 2 7 1 2 7 1 2 4 0 2 7 4.25279041874110142e-05 20.1503668427467346

Current Evaluation = 2520(2520)
Front Size = 10
5 31 3 13 6 3 0 2 7 0 2 7 12 16 2 1 2 7 1 2 7 5 30 3 0 2 7 0 2 7 0 2 7 0 2 7 1 2 7 0 2 7 0 2 7 17 9 2 17 9 2 0 2 7 1 2 7 1 2 7 0 20.2646257877349854
5 30 3 13 6 3 1 2 7 0 2 7 12 16 2 1 2 7 0 2 1 5 30 3 0 2 7 0 2 7 1 2 7 0 2 7 0 2 7 12 16 2 8 9 2 1 2 7 17 9 2 0 2 11 17 18 2 0 2 7 0 20.7305498123168945
5 31 3 13 6 3 0 2 7 0 2 7 12 16 2 0 2 7 5 30 3 0 2 7 0 2 7 0 2 7 0 2 7 1 2 7 17 18 2 0 2 7 1 2 7 1 2 7 1 2 7 17 9 2 1 2 7 0 2 7 0 20.2646257877349854
5 31 3 13 6 3 0 2 7 0 2 7 12 16 2 1 2 7 5 30 3 0 2 7 0 2 7 0 2 7 0 2 7 17 18 2 1 2 7 1 2 7 0 2 7 0 2 7 1 2 7 17 18 2 0 2 7 1 2 7 0 20.2646257877349854
5 31 3 13 6 3 0 2 7 0 2 7 12 16 2 0 2 7 5 30 3 0 2 7 0 2 7 0 2 4 1 2 7 1 2 7 1 2 7 17 18 2 0 2 7 12 16 2 0 2 4 1 2 7 6 2 7 17 18 2 0 20.3487167954444885
5 31 3 13 6 3 0 2 4 0 2 7 12 16 2 1 2 7 5 30 3 0 2 7 0 2 7 0 2 7 0 2 7 1 2 7 17 18 2 0 2 7 1 2 7 12 16 2 1 2 7 17 9 2 6 2 7 0 2 4 0 20.3487167954444885
5 31 3 13 6 3 0 2 7 0 2 7 12 16 2 0 2 4 5 30 3 0 2 7 0 2 7 0 2 7 0 2 7 1 2 7 6 2 7 1 2 7 1 2 4 17 9 2 17 18 2 1 2 7 12 16 2 0 2 7 0 20.3487167954444885
5 31 3 13 6 3 0 2 7 0 2 7 12 16 2 1 2 7 5 30 3 0 2 7 0 2 7 0 2 7 0 2 7 1 2 4 12 16 2 0 2 7 17 9 2 0 2 7 1 2 7 17 9 2 6 2 4 1 2 7 0 20.3487167954444885
5 31 3 13 6 3 0 2 7 0 2 7 12 16 2 1 2 7 6 2 7 5 30 3 0 2 7 0 2 7 0 2 7 0 2 7 1 2 4 12 16 2 0 2 7 1 2 4 17 9 2 0 2 7 1 2 7 17 9 2 0 20.3487167954444885
5 31 3 13 6 3 0 2 7 0 2 7 12 16 2 1 2 7 5 30 3 0 2 7 0 2 7 0 2 7 0 2 7 6 2 4 17 18 2 17 18 2 1 2 7 1 2 7 0 2 4 0 2 7 1 2 7 12 16 2 0 20.3487167954444885

Current Evaluation = 2700(2700)
Front Size = 10
5 31 3 13 6 3 0 2 7 0 2 7 12 16 2 1 2 7 1 2 7 5 30 3 0 2 7 0 2 7 0 2 7 0 2 7 0 2 7 0 2 7 17 9 2 1 2 7 1 2 7 1 2 7 0 2 7 17 9 2 0 20.2646257877349854
5 31 3 13 6 3 1 2 7 0 2 7 0 2 7 1 2 7 5 30 3 0 2 7 0 2 7 0 2 7 0 2 7 1 2 7 1 2 7 1 2 7 0 2 7 12 16 2 0 2 7 0 2 7 17 18 2 17 9 2 0 20.2646257877349854
5 31 3 13 6 3 0 2 7 0 2 7 12 16 2 1 2 7 1 2 7 5 30 3 0 2 7 0 2 7 0 2 7 0 2 4 1 2 7 12 16 2 0 2 7 17 9 2 17 9 2 6 2 7 0 2 4 1 2 7 0 20.3487167954444885
5 31 3 13 6 3 0 2 7 0 2 7 12 16 2 1 2 7 1 2 7 5 30 3 0 2 7 0 2 7 0 2 7 0 2 7 1 2 7 0 2 7 1 2 7 6 2 4 12 16 2 17 9 2 0 2 4 17 18 2 0 20.3487167954444885
5 31 3 13 6 3 0 2 7 0 2 7 12 16 2 1 2 7 1 2 7 5 30 3 0 2 7 0 2 7 0 2 7 0 2 7 1 2 7 0 2 7 1 2 7 6 2 4 12 16 2 17 9 2 0 2 4 17 9 2 0 20.3487167954444885
5 31 3 17 9 2 0 2 7 12 16 2 13 6 3 5 30 3 0 2 7 0 2 7 0 2 7 6 2 7 1 2 7 1 2 7 12 16 2 0 2 7 0 2 7 0 2 4 1 2 4 0 2 7 1 2 7 17 18 2 0 20.3487167954444885
5 31 3 13 6 3 0 2 7 0 2 7 12 16 2 1 2 7 5 30 3 0 2 7 0 2 4 0 2 7 0 2 7 12 16 2 17 9 2 1 2 4 0 2 7 1 2 7 1 2 7 0 2 7 17 9 2 6 2 7 0 20.3487167954444885
5 31 3 13 6 3 1 2 7 0 2 7 0 2 7 1 2 7 5 30 3 0 2 7 0 2 7 0 2 7 0 2 7 1 2 7 1 2 7 1 2 7 0 2 7 17 18 2 12 16 2 0 2 7 0 2 7 17 18 2 0 20.2646257877349854
5 31 3 13 6 3 0 2 7 0 2 7 12 16 2 1 2 7 6 2 7 5 30 3 0 2 7 0 2 7 1 2 4 0 2 7 12 16 2 17 9 2 0 2 7 17 18 2 1 2 4 1 2 7 0 2 7 0 2 7 0 20.3487167954444885
5 31 3 13 6 3 0 2 7 0 2 7 12 16 2 1 2 4 1 2 7 5 30 3 0 2 7 0 2 7 0 2 7 0 2 7 12 16 2 17 9 2 1 2 7 1 2 4 0 2 7 0 2 7 17 9 2 6 2 7 0 20.3487167954444885

Current Evaluation = 2880(2880)
Front Size = 10
5 31 3 13 6 3 0 2 7 0 2 7 1 2 7 1 2 7 5 30 3 0 2 7 0 2 7 0 2 7 17 9 2 1 2 7 12 16 2 0 2 7 1 2 7 0 2 7 0 2 7 1 2 7 0 2 7 17 9 2 0 20.2646257877349854
5 31 3 13 6 3 0 2 7 0 2 7 12 16 2 0 2 7 1 2 7 5 30 3 0 2 7 1 2 7 0 2 7 0 2 7 0 2 7 17 9 2 17 18 2 0 2 7 1 2 7 1 2 7 0 2 7 1 2 7 0 20.2646257877349854
5 31 3 13 6 3 0 2 7 0 2 7 0 2 7 1 2 7 5 30 3 0 2 7 0 2 7 1 2 7 12 16 2 1 2 7 1 2 7 17 18 2 0 2 7 0 2 7 12 16 2 0 2 4 17 9 2 6 2 4 0 20.3487167954444885
0 2 7 1 2 7 17 18 2 0 2 7 13 6 3 1 2 7 5 30 3 0 2 7 0 2 7 0 2 7 5 31 3 12 16 2 6 2 4 1 2 7 0 2 7 0 2 7 12 16 2 17 18 2 1 2 4 0 2 7 0 20.3487167954444885
5 31 3 13 6 3 0 2 7 0 2 7 0 2 7 1 2 7 5 30 3 0 2 7 0 2 7 0 2 7 1 2 7 12 16 2 1 2 7 1 2 7 17 18 2 0 2 7 1 2 7 0 2 7 0 2 7 17 18 2 0 20.2646257877349854
5 31 3 13 6 3 0 2 7 0 2 7 12 16 2 1 2 7 1 2 7 5 30 3 0 2 7 0 2 7 0 2 7 0 2 7 0 2 7 17 9 2 12 16 2 17 18 2 1 2 4 6 2 7 1 2 4 0 2 7 0 20.3487167954444885
0 2 7 1 2 4 17 18 2 0 2 7 13 6 3 1 2 7 5 30 3 0 2 7 0 2 7 0 2 7 5 31 3 12 16 2 6 2 7 1 2 7 0 2 4 0 2 7 12 16 2 17 9 2 1 2 7 0 2 7 0 20.3487167954444885
5 31 3 13 6 3 0 2 7 0 2 7 0 2 4 1 2 7 5 30 3 0 2 7 0 2 7 1 2 7 12 16 2 1 2 7 1 2 7 17 9 2 12 16 2 0 2 7 0 2 7 0 2 7 6 2 4 17 9 2 0 20.3487167954444885
5 31 3 13 6 3 0 2 7 0 2 7 0 2 4 1 2 7 5 30 3 0 2 4 0 2 7 1 2 7 12 16 2 1 2 7 1 2 7 17 18 2 0 2 7 0 2 7 12 16 2 0 2 7 6 2 7 17 18 2 0 20.3487167954444885
5 31 3 13 6 3 0 2 7 0 2 7 12 16 2 1 2 7 1 2 7 5 30 3 0 2 7 0 2 7 0 2 7 0 2 7 0 2 7 17 9 2 17 18 2 0 2 7 12 16 2 1 2 4 0 2 7 1 2 4 0 20.4429757595062256

Current Evaluation = 3060(3060)
Front Size = 10
0 2 7 1 2 7 0 2 7 13 6 3 1 2 7 5 30 3 0 2 7 0 2 7 0 2 7 5 31 3 12 16 2 1 2 7 0 2 7 0 2 7 1 2 7 0 2 7 1 2 7 0 2 7 17 9 2 17 9 2 0 20.2646257877349854
0 2 7 17 18 2 0 2 7 13 6 3 0 2 7 5 30 3 0 2 7 0 2 7 5 31 3 12 16 2 1 2 7 0 2 7 0 2 7 1 2 7 0 2 7 0 2 7 1 2 7 17 9 2 1 2 7 1 2 7 0 20.2646257877349854
5 31 3 13 6 3 0 2 7 0 2 7 0 2 4 1 2 7 5 30 3 0 2 7 0 2 7 1 2 7 12 16 2 1 2 7 1 2 7 17 9 2 12 16 2 0 2 7 0 2 7 0 2 7 6 2 4 17 9 2 0 20.3487167954444885
0 2 7 17 18 2 0 2 7 13 6 3 1 2 7 5 30 3 0 2 7 0 2 7 5 31 3 12 16 2 1 2 7 1 2 7 1 2 7 1 2 7 0 2 7 0 2 7 0 2 7 0 2 7 0 2 7 17 18 2 0 20.2646257877349854
0 2 7 17 18 2 0 2 7 13 6 3 1 2 7 5 30 3 0 2 7 0 2 7 5 31 3 12 16 2 1 2 7 1 2 7 0 2 7 0 2 7 12 16 2 0 2 7 1 2 7 0 2 4 17 9 2 6 2 4 0 20.3487167954444885
0 2 7 17 18 2 0 2 7 13 6 3 1 2 7 5 30 3 0 2 4 0 2 7 0 2 7 5 31 3 12 16 2 1 2 7 1 2 7 0 2 7 1 2 7 0 2 4 17 9 2 6 2 7 0 2 7 12 16 2 0 20.3487167954444885
5 31 3 13 6 3 0 2 7 0 2 7 1 2 7 5 30 3 0 2 7 0 2 7 1 2 7 12 16 2 1 2 4 12 16 2 0 2 7 0 2 7 0 2 7 6 2 4 0 2 7 1 2 7 17 9 2 17 9 2 0 20.3487167954444885
0 2 7 1 2 7 0 2 7 13 6 3 1 2 7 5 30 3 0 2 7 0 2 7 0 2 7 5 31 3 12 16 2 1 2 7 0 2 7 0 2 7 17 9 2 12 16 2 6 2 7 0 2 4 0 2 7 17 9 2 0.000395460561806327789 20.4392687678337097
5 31 3 13 6 3 0 2 7 0 2 7 1 2 7 5 30 3 0 2 7 0 2 7 1 2 7 12 16 2 1 2 7 12 16 2 0 2 7 0 2 7 0 2 7 6 2 7 0 2 4 17 18 2 1 2 4 17 18 2 0 20.3487167954444885
0 2 7 1 2 7 0 2 7 13 6 3 1 2 7 5 30 3 1 2 7 0 2 7 0 2 7 5 31 3 12 16 2 0 2 7 0 2 7 17 18 2 17 18 2 12 16 2 0 2 7 0 2 7 1 2 4 6 2 4 0 20.3487167954444885

Current Evaluation = 3240(3240)
Front Size = 10
1 2 7 0 2 7 0 2 7 13 6 3 0 2 7 5 30 3 1 2 7 0 2 7 5 31 3 12 16 2 0 2 7 0 2 7 1 2 7 0 2 7 1 2 7 0 2 7 17 9 2 17 9 2 1 2 7 0 2 7 0 20.2646257877349854
1 2 7 0 2 7 0 2 7 13 6 3 0 2 7 5 30 3 1 2 7 0 2 7 5 31 3 12 16 2 0 2 7 0 2 7 1 2 7 0 2 7 1 2 7 0 2 7 17 9 2 1 2 7 0 2 7 17 18 2 0 20.2646257877349854
0 2 7 0 2 7 13 6 3 5 30 3 0 2 7 0 2 7 5 31 3 12 16 2 1 2 7 1 2 7 0 2 7 0 2 7 0 2 7 0 2 7 17 18 2 1 2 4 17 18 2 1 2 4 6 2 7 12 16 2 0 20.3487167954444885
1 2 7 0 2 7 0 2 7 13 6 3 0 2 7 5 30 3 1 2 7 0 2 7 5 31 3 12 16 2 0 2 7 0 2 7 17 18 2 0 2 4 12 16 2 17 18 2 6 2 7 1 2 4 1 2 7 0 2 7 0 20.3487167954444885
1 2 7 0 2 7 0 2 7 13 6 3 0 2 7 5 30 3 1 2 7 0 2 7 5 31 3 12 16 2 0 2 7 0 2 7 17 18 2 1 2 7 0 2 7 17 18 2 0 2 7 1 2 7 0 2 7 1 2 7 0 20.2646257877349854
1 2 7 0 2 7 13 6 3 0 2 7 5 30 3 1 2 7 0 2 7 0 2 7 5 31 3 12 16 2 1 2 4 6 2 7 12 16 2 17 18 2 17 9 2 0 2 7 0 2 7 1 2 7 0 2 4 0 2 7 0 20.3487167954444885
0 2 7 0 2 7 13 6 3 1 2 4 5 30 3 0 2 7 0 2 7 5 31 3 12 16 2 1 2 7 1 2 7 0 2 7 0 2 7 0 2 7 0 2 7 17 9 2 1 2 4 6 2 7 12 16 2 17 18 2 0 20.3487167954444885
0 2 7 1 2 7 0 2 7 13 6 3 1 2 7 5 30 3 1 2 7 0 2 7 0 2 7 5 31 3 12 16 2 0 2 7 0 2 7 17 18 2 0 2 7 0 2 7 17 18 2 12 16 2 1 2 4 6 2 4 0 20.3487167954444885
1 2 7 0 2 7 0 2 7 13 6 3 0 2 7 5 30 3 1 2 7 0 2 7 0 2 4 5 31 3 12 16 2 0 2 7 0 2 7 1 2 7 17 18 2 0 2 7 1 2 7 12 16 2 6 2 4 17 18 2 0 20.3487167954444885
0 2 7 0 2 7 13 6 3 1 2 7 5 30 3 0 2 4 0 2 7 17 9 2 12 16 2 0 2 7 0 2 4 1 2 7 0 2 7 1 2 7 12 16 2 5 31 3 1 2 7 0 2 7 6 2 7 17 9 2 0 20.3487167954444885

Current Evaluation = 3420(3420)
Front Size = 10
1 2 7 0 2 7 0 2 7 13 6 3 0 2 7 5 30 3 1 2 7 0 2 7 5 31 3 12 16 2 0 2 7 0 2 7 17 18 2 0 2 7 0 2 7 0 2 7 1 2 7 1 2 7 1 2 7 17 18 2 0 20.2646257877349854
0 2 7 0 2 7 13 6 3 1 2 7 5 30 3 1 2 7 5 31 3 12 16 2 0 2 7 17 18 2 0 2 7 0 2 7 0 2 7 1 2 7 1 2 7 0 2 7 0 2 7 0 2 7 1 2 7 17 9 2 0 20.2646257877349854
1 2 7 0 2 7 0 2 7 13 6 3 0 2 7 5 30 3 1 2 7 0 2 7 5 31 3 12 16 2 0 2 7 0 2 7 0 2 7 0 2 7 0 2 7 1 2 7 1 2 7 1 2 7 17 9 2 17 9 2 0 20.2646257877349854
1 2 7 0 2 7 0 2 7 13 6 3 0 2 7 5 30 3 1 2 7 0 2 7 5 31 3 12 16 2 0 2 7 0 2 7 1 2 7 17 18 2 0 2 4 1 2 7 17 18 2 0 2 7 12 16 2 6 2 4 0 20.3487167954444885
6 2 7 0 2 7 0 2 7 13 6 3 0 2 7 5 30 3 1 2 7 0 2 7 5 31 3 0 2 7 0 2 7 1 2 7 1 2 7 17 9 2 12 16 2 0 2 4 17 9 2 12 16 2 0 2 4 1 2 7 0 20.3487167954444885
1 2 7 0 2 7 0 2 7 13 6 3 0 2 7 5 30 3 1 2 7 0 2 7 5 31 3 12 16 2 0 2 7 0 2 7 1 2 7 0 2 4 1 2 7 0 2 7 12 16 2 6 2 4 17 18 2 17 9 2 0 20.3487167954444885
0 2 4 0 2 7 13 6 3 1 2 7 5 30 3 1 2 7 5 31 3 12 16 2 0 2 7 17 18 2 0 2 7 0 2 7 0 2 7 1 2 7 6 2 7 0 2 7 12 16 2 17 18 2 1 2 7 0 2 4 0 20.3487167954444885
0 2 7 0 2 7 13 6 3 1 2 7 5 30 3 1 2 7 5 31 3 12 16 2 0 2 7 17 18 2 0 2 7 0 2 7 0 2 7 1 2 7 6 2 7 0 2 7 12 16 2 17 18 2 1 2 4 0 2 4 0 20.3487167954444885
1 2 7 0 2 7 0 2 7 13 6 3 0 2 7 5 30 3 1 2 7 0 2 7 5 31 3 12 16 2 0 2 7 0 2 7 0 2 7 0 2 7 17 18 2 12 16 2 1 2 7 1 2 4 17 9 2 17 9 2 0.0632594093984266415 20.3604227304458618
1 2 7 0 2 7 0 2 7 13 6 3 0 2 7 5 30 3 1 2 7 0 2 7 5 31 3 12 16 2 0 2 7 0 2 7 17 18 2 0 2 7 17 18 2 0 2 7 6 2 7 12 16 2 1 2 4 1 2 4 0 20.3487167954444885

Current Evaluation = 3600(3600)
Front Size = 10
0 2 7 0 2 7 13 6 3 1 2 7 5 30 3 1 2 7 5 31 3 0 2 7 1 2 7 0 2 7 0 2 7 0 2 7 1 2 7 1 2 7 17 9 2 17 9 2 0 2 7 0 2 7 12 16 2 0 2 7 0 20.2646257877349854
0 2 7 0 2 7 13 6 3 1 2 7 5 30 3 1 2 7 5 31 3 0 2 7 0 2 7 0 2 7 0 2 7 1 2 7 12 16 2 17 9 2 6 2 7 12 16 2 0 2 4 0 2 4 17 18 2 1 2 7 0 20.3487167954444885
0 2 7 0 2 7 13 6 3 0 2 7 5 30 3 1 2 7 0 2 7 5 31 3 0 2 7 0 2 7 1 2 7 1 2 7 12 16 2 1 2 7 1 2 7 17 9 2 17 18 2 0 2 7 0 2 7 0 2 7 0 20.2646257877349854
0 2 7 13 6 3 1 2 7 5 30 3 1 2 7 5 31 3 12 16 2 0 2 7 0 2 7 0 2 7 0 2 7 0 2 7 12 16 2 1 2 7 0 2 4 17 18 2 0 2 7 6 2 4 17 9 2 1 2 7 0 20.3487167954444885
0 2 7 13 6 3 0 2 4 5 30 3 6 2 7 5 31 3 12 16 2 0 2 7 0 2 7 1 2 7 0 2 7 1 2 7 0 2 7 12 16 2 17 9 2 0 2 7 0 2 7 17 18 2 1 2 7 1 2 4 0 20.3487167954444885
0 2 7 13 6 3 1 2 7 5 30 3 1 2 7 5 31 3 12 16 2 0 2 7 0 2 7 0 2 7 0 2 7 0 2 7 12 16 2 1 2 7 0 2 4 17 18 2 0 2 7 1 2 4 17 18 2 6 2 7 0 20.3487167954444885
1 2 7 0 2 4 0 2 7 13 6 3 0 2 7 5 31 3 0 2 7 0 2 7 5 30 3 0 2 4 0 2 7 1 2 7 12 16 2 12 16 2 1 2 7 1 2 7 17 18 2 6 2 7 0 2 7 17 18 2 0 20.3487167954444885
1 2 4 0 2 7 0 2 7 13 6 3 0 2 7 5 30 3 1 2 4 0 2 7 5 31 3 12 16 2 0 2 7 0 2 7 17 18 2 0 2 7 17 18 2 12 16 2 6 2 7 0 2 7 1 2 7 1 2 7 0 20.3487167954444885
0 2 7 13 6 3 5 30 3 5 31 3 12 16 2 0 2 7 0 2 7 1 2 7 1 2 7 0 2 7 1 2 7 17 18 2 0 2 7 1 2 7 1 2 7 0 2 7 0 2 7 0 2 7 17 18 2 0 2 7 0 20.2646257877349854
6 2 7 0 2 7 0 2 7 13 6 3 0 2 7 5 30 3 1 2 7 0 2 7 5 31 3 0 2 7 0 2 7 1 2 7 1 2 7 17 9 2 12 16 2 0 2 4 17 9 2 12 16 2 0 2 4 1 2 7 0 20.3487167954444885

MonoObjective Genetic Algorithm
Number of Evaluations = 0
Mutation Probability = 0
Crossover Probability = 1
Population Size = 10
Survival Selection Type = 15

Time =  3610.1121928691864

Current Evaluation = 3450
Front Size = 10
0 2 7 0 2 7 13 6 3 1 2 7 5 30 3 1 2 7 5 31 3 0 2 7 1 2 7 0 2 7 0 2 7 0 2 7 1 2 7 1 2 7 17 9 2 17 9 2 0 2 7 0 2 7 12 16 2 0 2 7 0 20.2646257877349854
0 2 7 0 2 7 13 6 3 1 2 7 5 30 3 1 2 7 5 31 3 0 2 7 0 2 7 0 2 7 0 2 7 1 2 7 12 16 2 17 9 2 6 2 7 12 16 2 0 2 4 0 2 4 17 18 2 1 2 7 0 20.3487167954444885
0 2 7 0 2 7 13 6 3 0 2 7 5 30 3 1 2 7 0 2 7 5 31 3 0 2 7 0 2 7 1 2 7 1 2 7 12 16 2 1 2 7 1 2 7 17 9 2 17 18 2 0 2 7 0 2 7 0 2 7 0 20.2646257877349854
0 2 7 13 6 3 1 2 7 5 30 3 1 2 7 5 31 3 12 16 2 0 2 7 0 2 7 0 2 7 0 2 7 0 2 7 12 16 2 1 2 7 0 2 4 17 18 2 0 2 7 6 2 4 17 9 2 1 2 7 0 20.3487167954444885
0 2 7 13 6 3 0 2 4 5 30 3 6 2 7 5 31 3 12 16 2 0 2 7 0 2 7 1 2 7 0 2 7 1 2 7 0 2 7 12 16 2 17 9 2 0 2 7 0 2 7 17 18 2 1 2 7 1 2 4 0 20.3487167954444885
0 2 7 13 6 3 1 2 7 5 30 3 1 2 7 5 31 3 12 16 2 0 2 7 0 2 7 0 2 7 0 2 7 0 2 7 12 16 2 1 2 7 0 2 4 17 18 2 0 2 7 1 2 4 17 18 2 6 2 7 0 20.3487167954444885
1 2 7 0 2 4 0 2 7 13 6 3 0 2 7 5 31 3 0 2 7 0 2 7 5 30 3 0 2 4 0 2 7 1 2 7 12 16 2 12 16 2 1 2 7 1 2 7 17 18 2 6 2 7 0 2 7 17 18 2 0 20.3487167954444885
1 2 4 0 2 7 0 2 7 13 6 3 0 2 7 5 30 3 1 2 4 0 2 7 5 31 3 12 16 2 0 2 7 0 2 7 17 18 2 0 2 7 17 18 2 12 16 2 6 2 7 0 2 7 1 2 7 1 2 7 0 20.3487167954444885
0 2 7 13 6 3 5 30 3 5 31 3 12 16 2 0 2 7 0 2 7 1 2 7 1 2 7 0 2 7 1 2 7 17 18 2 0 2 7 1 2 7 1 2 7 0 2 7 0 2 7 0 2 7 17 18 2 0 2 7 0 20.2646257877349854
6 2 7 0 2 7 0 2 7 13 6 3 0 2 7 5 30 3 1 2 7 0 2 7 5 31 3 0 2 7 0 2 7 1 2 7 1 2 7 17 9 2 12 16 2 0 2 4 17 9 2 12 16 2 0 2 4 1 2 7 0 20.3487167954444885

