Current Evaluation = 900(900)
Front Size = 10
17 18 2 0 2 11 0 2 7 5 30 3 1 2 4 5 30 3 17 9 2 12 16 2 5 30 3 1 2 7 1 2 7 13 6 3 0 2 7 0 2 7 1 2 7 0 2 7 0 2 7 1 2 7 1 2 7 0 2 4 0 2 7 12 16 2 1 2 7 0 2 7 13 6 3 1 2 7 0 2 7 1 2 7 0 2 4 0 2 7 1 2 7 12 16 2 0 2 7 0 2 7 13 6 3 0 2 7 0 2 7 0 2 4 5 31 3 17 9 2 1 2 7 6 2 7 17 18 2 0 2 7 0 2 7 5 31 3 1 2 7 5 30 3 1 2 7 16 6 2 0 2 7 1 2 4 17 9 2 0 2 7 0 2 7 0 2 7 17 9 2 0 2 7 1 2 7 0 2 7 0 60.2925954461097717
12 16 2 0 2 7 12 16 2 5 31 3 17 9 2 12 16 2 1 2 4 0 2 4 1 2 7 6 2 7 0 2 7 1 2 7 0 2 4 0 2 4 0 2 4 0 2 10 0 2 7 1 2 4 17 9 2 0 2 7 1 2 7 1 2 4 0 2 7 0 2 7 0 2 7 0 2 4 1 2 4 1 2 7 0 2 7 17 9 2 0 2 7 0 2 7 5 30 3 1 2 7 13 6 3 17 18 2 1 2 7 0 2 4 5 30 3 1 2 7 0 2 7 1 2 7 13 6 3 17 9 2 5 31 3 6 2 7 17 18 2 1 2 4 16 6 2 12 16 2 5 31 3 0 2 7 0 2 7 0 2 7 0 2 7 0 2 7 0 2 7 1 2 7 1 2 7 0 2 7 0 60.4523615837097168
17 18 2 0 2 7 6 2 7 5 30 3 0 2 7 5 30 3 17 9 2 12 16 2 5 31 3 0 2 7 12 16 2 13 6 3 0 2 7 0 2 4 0 2 7 0 2 7 0 2 7 1 2 7 0 2 7 1 2 7 0 2 7 12 16 2 1 2 7 0 2 7 13 6 3 1 2 4 1 2 7 1 2 7 0 2 7 1 2 7 0 2 7 12 16 2 0 2 4 0 2 7 16 6 2 0 2 7 0 2 4 0 2 4 5 31 3 17 9 2 1 2 4 1 2 7 17 18 2 0 2 4 1 2 4 5 30 3 5 30 3 1 2 7 13 6 3 1 2 7 0 2 7 0 2 7 0 2 7 1 2 7 17 9 2 0 2 7 17 18 2 1 2 7 0 2 7 0 2 7 0 60.3513453602790833
12 16 2 0 2 4 12 16 2 5 31 3 17 9 2 12 16 2 1 2 4 0 2 4 1 2 4 6 2 7 0 2 7 1 2 4 0 2 4 0 2 7 1 2 4 17 9 2 0 2 7 1 2 7 0 2 7 0 2 7 0 2 7 1 2 7 0 2 7 0 2 7 0 2 7 5 30 3 1 2 7 13 6 3 17 18 2 1 2 7 5 30 3 1 2 7 0 2 7 1 2 7 5 31 3 16 6 2 12 16 2 5 31 3 0 2 7 0 2 7 0 2 7 0 2 7 0 2 7 0 2 7 1 2 7 0 2 7 0 2 4 0 2 4 0 2 7 1 2 4 0 2 4 1 2 10 17 9 2 0 2 7 13 6 3 17 9 2 6 2 7 17 18 2 1 2 7 1 2 7 0 60.4523615837097168
17 18 2 1 2 7 1 2 4 5 30 3 1 2 7 5 30 3 17 9 2 0 2 7 5 31 3 17 18 2 12 16 2 13 6 3 0 2 7 1 2 7 0 2 4 0 2 7 0 2 4 1 2 4 1 2 7 1 2 4 1 2 7 12 16 2 0 2 4 5 31 3 0 2 7 13 6 3 1 2 7 5 30 3 0 2 7 1 2 3 0 2 7 0 2 7 0 2 7 12 16 2 0 2 7 1 2 7 16 6 2 0 2 7 1 2 7 0 2 7 0 2 7 5 30 3 1 2 7 17 9 2 0 2 7 0 2 7 0 2 7 0 2 7 16 6 2 0 2 7 8 18 2 0 2 7 0 2 4 0 2 3 1 2 7 1 2 7 0 2 7 0 2 7 0 2 7 17 9 2 0 60.658907413482666
0 2 7 0 2 7 0 2 7 12 16 2 0 2 4 12 16 2 12 16 2 1 2 11 1 2 7 0 2 7 0 2 4 6 2 7 0 2 7 0 2 4 1 2 7 12 16 2 5 31 3 0 2 7 5 30 3 1 2 7 0 2 7 1 2 7 0 2 7 17 18 2 0 2 7 0 2 4 0 2 7 5 31 3 1 2 4 0 2 7 0 2 7 0 2 7 13 6 3 0 2 7 0 2 7 13 6 3 17 18 2 12 16 2 0 2 4 17 9 2 1 2 7 5 30 3 17 18 2 1 2 7 1 2 4 0 2 4 17 9 2 0 2 4 0 2 7 5 31 3 1 2 7 1 2 7 16 6 2 0 2 7 8 9 2 1 2 7 1 2 7 0 2 7 16 6 2 1 2 7 0 60.7000324130058289
17 18 2 0 2 7 0 2 4 5 30 3 0 2 7 5 30 3 17 9 2 12 16 2 5 31 3 0 2 7 12 16 2 13 6 3 0 2 7 1 2 7 0 2 7 0 2 7 0 2 7 1 2 7 1 2 7 0 2 7 0 2 7 12 16 2 1 2 7 5 30 3 0 2 7 13 6 3 1 2 7 5 30 3 0 2 7 1 2 7 0 2 7 0 2 7 1 2 7 12 16 2 0 2 7 0 2 7 16 6 2 0 2 7 0 2 7 0 2 7 13 6 3 5 31 3 16 6 2 17 9 2 0 2 7 0 2 7 1 2 7 1 2 7 17 18 2 6 2 7 1 2 7 8 9 2 1 2 7 5 31 3 0 2 7 0 2 7 17 18 2 0 2 7 1 2 7 0 2 7 0 60.7728332877159119
17 18 2 0 2 7 0 2 7 5 30 3 0 2 7 5 30 3 17 9 2 12 16 2 5 31 3 17 1 2 12 16 2 13 6 3 0 2 4 1 2 7 1 2 7 0 2 7 1 2 3 0 2 7 1 2 7 1 2 4 1 2 7 0 2 7 12 16 2 0 2 7 5 31 3 0 2 7 13 6 3 5 30 3 0 2 7 0 2 7 0 2 7 0 2 7 1 2 7 0 2 3 1 2 7 0 2 7 0 2 7 16 30 2 0 2 3 1 2 7 0 2 7 1 2 7 0 2 7 17 9 2 1 2 7 1 2 3 1 2 7 6 2 7 0 2 7 17 18 2 0 2 7 1 2 7 0 2 7 1 2 7 0 2 7 0 2 7 0 2 7 1 2 7 0 2 3 17 18 2 0 60.6763185858726501
12 16 2 0 2 7 12 16 2 5 31 3 0 2 7 0 2 7 12 16 2 5 30 3 0 2 4 1 2 7 16 6 2 1 2 7 0 2 7 1 2 3 0 2 7 0 2 7 1 2 7 0 2 7 1 2 4 0 2 3 0 2 7 1 2 7 0 2 7 1 2 7 0 2 7 17 9 2 0 2 7 1 2 7 0 2 3 0 2 7 1 2 7 0 2 3 1 2 7 0 2 7 0 2 4 1 2 3 0 2 7 17 9 2 1 2 7 16 31 2 0 2 7 1 2 7 16 31 2 1 2 7 5 30 3 16 6 2 0 2 7 0 2 7 13 6 3 1 2 7 17 18 2 0 2 7 0 2 7 5 31 3 1 2 7 5 30 3 6 2 3 0 2 7 0 2 3 0 2 3 0 61.0146135091781616
12 16 2 1 2 7 12 16 2 5 31 3 0 2 7 0 2 7 12 16 2 5 30 3 0 2 7 1 2 7 16 6 2 1 2 7 0 2 11 12 16 2 0 2 7 0 2 7 1 2 4 0 2 7 5 31 3 0 2 7 0 2 7 1 2 4 0 2 7 1 2 7 0 2 7 17 9 2 0 2 7 0 2 7 0 2 7 1 2 4 0 2 7 0 2 7 1 2 3 0 2 7 0 2 7 1 2 7 1 2 7 17 9 2 6 2 7 16 19 11 0 2 7 6 2 7 16 31 2 6 2 7 5 30 3 16 6 2 0 2 7 0 2 7 13 6 3 1 2 7 17 18 2 0 2 7 0 2 7 5 31 3 1 2 7 5 31 3 0 2 7 0 2 7 0 2 7 0 2 7 0 61.347850501537323

Current Evaluation = 1800(1800)
Front Size = 10
17 18 2 0 2 7 5 31 3 17 9 2 12 16 2 1 2 4 1 2 7 13 6 3 0 2 7 0 2 7 1 2 7 0 2 7 13 6 3 1 2 7 12 16 2 1 2 7 0 2 7 13 6 3 0 2 7 0 2 7 1 2 7 0 2 7 0 2 7 0 2 7 12 16 2 1 2 7 1 2 7 0 2 7 5 31 3 17 9 2 0 2 7 17 18 2 1 2 7 0 2 7 1 2 7 17 9 2 1 2 4 0 2 7 0 2 7 0 2 4 1 2 7 0 2 7 1 2 7 1 2 7 0 2 7 0 2 7 1 2 7 16 6 2 1 2 7 12 16 2 1 2 7 17 9 2 0 2 7 0 2 7 1 2 7 0 2 7 0 2 7 5 31 3 1 2 7 0 2 7 0 59.7211945056915283
17 18 2 0 2 7 5 31 3 1 2 4 5 30 3 17 9 2 12 16 2 1 2 7 1 2 7 13 6 3 0 2 4 0 2 7 1 2 7 1 2 7 1 2 7 1 2 7 6 2 7 0 2 7 12 16 2 1 2 7 0 2 7 13 6 3 1 2 7 0 2 7 1 2 7 0 2 7 13 6 3 1 2 7 12 16 2 0 2 7 0 2 7 0 2 7 0 2 7 0 2 4 5 31 3 17 9 2 1 2 7 0 2 7 17 18 2 0 2 7 0 2 7 5 31 3 16 6 2 0 2 7 1 2 7 17 9 2 0 2 4 0 2 7 17 9 2 0 2 7 0 2 7 12 16 2 0 2 7 1 2 7 0 2 7 1 2 7 0 2 7 1 2 7 1 2 7 0 2 7 0 59.938682496547699
17 18 2 1 2 7 5 30 3 0 2 7 17 9 2 12 16 2 0 2 7 1 2 7 13 6 3 0 2 4 1 2 7 13 6 3 0 2 7 1 2 7 1 2 7 0 2 7 12 16 2 0 2 7 0 2 7 13 6 3 6 2 7 1 2 7 1 2 7 0 2 7 0 2 7 12 16 2 0 2 7 0 2 7 0 2 7 0 2 7 5 31 3 12 16 2 17 9 2 0 2 7 17 18 2 1 2 4 0 2 7 5 31 3 16 6 2 0 2 7 17 9 2 1 2 7 17 9 2 0 2 7 0 2 4 1 2 7 0 2 7 1 2 7 1 2 7 1 2 7 5 31 3 0 2 7 0 2 7 1 2 7 0 2 7 1 2 7 1 2 7 0 2 7 0 2 7 1 2 4 0 59.938682496547699
17 18 2 1 2 7 5 30 3 0 2 7 17 9 2 12 16 2 0 2 7 1 2 7 13 6 3 0 2 4 0 2 7 13 6 3 1 2 7 0 2 7 1 2 7 0 2 7 12 16 2 0 2 7 0 2 7 13 6 3 0 2 7 1 2 7 1 2 7 0 2 4 0 2 7 12 16 2 0 2 7 0 2 7 0 2 7 0 2 7 0 2 7 12 16 2 17 9 2 0 2 7 17 18 2 6 2 4 0 2 7 5 31 3 16 6 2 1 2 7 17 9 2 1 2 7 17 9 2 0 2 7 1 2 4 1 2 7 5 31 3 1 2 7 1 2 7 1 2 7 5 31 3 0 2 7 0 2 7 1 2 7 0 2 7 1 2 7 1 2 7 0 2 7 0 2 7 1 2 7 0 59.938682496547699
17 18 2 0 2 7 5 31 3 0 2 4 5 30 3 17 9 2 12 16 2 1 2 7 1 2 7 13 6 3 0 2 4 0 2 7 1 2 7 1 2 7 1 2 7 1 2 7 0 2 7 12 16 2 1 2 7 0 2 7 13 6 3 1 2 7 0 2 7 1 2 7 0 2 7 13 6 3 1 2 7 12 16 2 0 2 7 0 2 7 0 2 7 0 2 7 0 2 4 5 31 3 17 9 2 1 2 7 0 2 4 17 18 2 0 2 7 0 2 7 16 6 2 0 2 7 1 2 7 17 9 2 0 2 7 17 9 2 0 2 7 0 2 7 12 16 2 0 2 7 1 2 7 0 2 7 1 2 7 1 2 7 1 2 7 6 2 7 5 31 3 0 2 7 1 2 7 0 2 7 0 59.938682496547699
17 18 2 1 2 7 5 30 3 0 2 3 17 9 2 12 16 2 0 2 7 1 2 7 13 6 3 0 2 4 1 2 7 13 6 3 1 2 7 1 2 7 1 2 7 0 2 7 12 16 2 0 2 3 0 2 7 13 6 3 0 2 7 1 2 7 1 2 7 0 2 4 0 2 7 12 16 2 0 2 7 0 2 7 0 2 7 0 2 7 0 2 7 12 16 2 17 9 2 0 2 7 17 18 2 1 2 4 0 2 7 5 31 3 16 6 2 0 2 7 17 9 2 1 2 7 17 9 2 0 2 7 1 2 4 1 2 7 0 2 7 1 2 7 1 2 3 1 2 7 5 31 3 0 2 7 0 2 7 1 2 7 0 2 7 1 2 7 1 2 7 0 2 7 0 2 3 1 2 4 0 59.9809155464172363
17 18 2 1 2 7 5 30 3 17 9 2 12 16 2 1 2 4 1 2 7 13 6 3 0 2 7 0 2 7 1 2 7 0 2 4 13 6 3 1 2 7 12 16 2 0 2 7 0 2 7 13 6 3 0 2 7 0 2 7 1 2 7 0 2 7 0 2 3 0 2 7 12 16 2 1 2 7 0 2 7 0 2 4 5 30 3 17 9 2 1 2 7 17 18 2 1 2 7 0 2 7 1 2 4 17 9 2 0 2 7 0 2 7 0 2 7 0 2 7 1 2 4 0 2 7 1 2 7 1 2 4 0 2 7 0 2 7 1 2 3 16 30 2 1 2 7 12 16 2 1 2 7 17 9 2 5 31 3 0 2 7 1 2 7 0 2 7 0 2 7 5 31 3 1 2 7 0 2 7 0 59.9867335557937622
17 18 2 0 2 7 5 30 3 17 9 2 12 16 2 1 2 7 1 2 7 13 6 3 0 2 7 0 2 7 1 2 7 1 2 7 0 2 4 1 2 7 12 16 2 0 2 7 0 2 7 13 6 3 1 2 7 0 2 7 1 2 7 0 2 7 0 2 7 0 2 7 12 16 2 1 2 7 1 2 7 0 2 4 5 31 3 17 9 2 1 2 7 17 18 2 0 2 7 0 2 4 1 2 7 17 9 2 0 2 4 0 2 7 1 2 7 0 2 7 1 2 7 0 2 3 1 2 7 0 2 7 0 2 7 0 2 7 1 2 7 16 30 2 1 2 4 12 16 2 1 2 7 17 9 2 5 31 3 0 2 7 13 6 3 0 2 3 0 2 4 5 30 3 0 2 7 1 2 7 0 59.9867335557937622
17 18 2 0 2 7 5 31 3 5 31 3 17 9 2 12 16 2 0 2 4 1 2 7 13 6 3 0 2 7 1 2 7 1 2 7 1 2 7 1 2 7 1 2 7 0 2 7 12 16 2 0 2 7 0 2 7 13 6 3 0 2 7 1 2 7 1 2 7 0 2 7 0 2 7 12 16 2 0 2 7 0 2 7 0 2 7 0 2 4 0 2 7 12 16 2 17 9 2 0 2 7 17 18 2 1 2 7 0 2 7 5 30 3 16 30 2 0 2 7 17 9 2 1 2 7 17 9 2 0 2 4 1 2 4 1 2 4 0 2 4 1 2 4 0 2 4 1 2 7 5 31 3 0 2 7 0 2 4 1 2 7 1 2 7 1 2 4 0 2 4 0 2 7 0 2 4 1 2 7 0 60.1292036771774292
17 18 2 0 2 7 5 30 3 5 30 3 17 9 2 12 16 2 1 2 7 1 2 7 13 6 3 0 2 4 0 2 7 1 2 7 1 2 7 1 2 7 1 2 7 16 31 2 12 16 2 0 2 7 0 2 7 13 6 3 1 2 7 0 2 7 1 2 7 0 2 7 0 2 7 1 2 7 12 16 2 0 2 7 0 2 7 0 2 7 5 31 3 17 9 2 1 2 7 17 18 2 0 2 4 0 2 4 0 2 7 1 2 7 17 9 2 0 2 7 0 2 7 0 2 4 1 2 7 0 2 7 1 2 7 0 2 7 5 30 3 1 2 7 1 2 7 0 2 7 17 18 2 0 2 7 5 30 3 0 2 7 13 6 3 0 2 7 5 30 3 1 2 4 0 2 7 0 2 7 0 60.1813253164291382

Current Evaluation = 2700(2700)
Front Size = 10
17 18 2 0 2 7 5 31 3 17 9 2 12 16 2 1 2 7 1 2 7 13 6 3 0 2 7 0 2 7 1 2 7 5 31 3 1 2 7 12 16 2 1 2 7 0 2 7 13 6 3 0 2 7 0 2 4 0 2 7 13 6 3 1 2 7 12 16 2 0 2 7 1 2 7 0 2 7 0 2 7 1 2 7 5 31 3 17 9 2 0 2 4 17 18 2 1 2 7 0 2 7 16 6 2 0 2 7 17 9 2 17 9 2 0 2 7 12 16 2 0 2 7 1 2 7 1 2 7 0 2 7 0 2 7 0 2 7 1 2 7 0 2 4 1 2 7 1 2 7 1 2 7 0 2 7 1 2 7 0 2 7 1 2 7 0 2 7 0 2 7 1 2 7 0 2 7 1 2 7 0 59.7211945056915283
17 18 2 0 2 7 5 31 3 1 2 7 17 9 2 12 16 2 1 2 7 1 2 7 13 6 3 0 2 4 0 2 7 1 2 7 5 31 3 1 2 7 12 16 2 1 2 7 0 2 7 13 6 3 0 2 7 0 2 7 1 2 7 0 2 7 13 6 3 1 2 7 12 16 2 0 2 7 1 2 7 0 2 7 0 2 7 0 2 4 5 31 3 17 9 2 0 2 7 17 18 2 0 2 7 0 2 7 16 6 2 0 2 7 17 9 2 0 2 7 17 9 2 0 2 7 0 2 7 12 16 2 0 2 7 1 2 7 1 2 4 0 2 7 0 2 7 0 2 7 1 2 7 1 2 7 1 2 7 1 2 7 1 2 7 0 2 7 1 2 7 1 2 7 0 2 7 1 2 7 0 59.7211945056915283
17 18 2 0 2 7 5 31 3 1 2 7 5 30 3 17 9 2 12 16 2 1 2 7 1 2 7 13 6 3 0 2 7 0 2 7 1 2 7 5 31 3 1 2 7 1 2 4 0 2 7 12 16 2 1 2 7 0 2 7 13 6 3 0 2 4 0 2 7 1 2 7 0 2 7 13 6 3 1 2 7 12 16 2 0 2 7 1 2 7 0 2 7 0 2 7 1 2 7 5 31 3 17 9 2 1 2 7 0 2 7 17 18 2 0 2 7 0 2 7 16 6 2 0 2 7 17 9 2 0 2 7 17 9 2 0 2 7 0 2 7 12 16 2 0 2 7 1 2 7 1 2 7 1 2 7 0 2 4 0 2 7 0 2 7 0 2 7 1 2 7 0 2 7 6 2 4 1 2 7 0 59.938682496547699
17 18 2 0 2 7 5 31 3 1 2 7 5 30 3 17 9 2 12 16 2 1 2 7 1 2 7 13 6 3 0 2 7 0 2 7 1 2 7 5 31 3 6 2 4 1 2 7 12 16 2 1 2 4 0 2 7 13 6 3 0 2 7 0 2 7 1 2 7 0 2 7 13 6 3 1 2 7 12 16 2 0 2 7 1 2 7 0 2 7 0 2 7 0 2 7 5 31 3 17 9 2 0 2 7 17 18 2 0 2 7 0 2 7 16 6 2 0 2 7 17 9 2 0 2 7 17 9 2 0 2 7 0 2 7 12 16 2 0 2 7 1 2 7 1 2 7 0 2 7 0 2 7 0 2 7 1 2 7 1 2 7 1 2 7 1 2 7 1 2 7 1 2 4 0 2 4 0 2 7 0 59.938682496547699
17 18 2 0 2 7 5 31 3 17 9 2 12 16 2 1 2 7 13 6 3 0 2 7 0 2 7 1 2 7 0 2 7 13 6 3 1 2 7 12 16 2 1 2 7 0 2 7 13 6 3 0 2 7 0 2 7 1 2 7 0 2 7 0 2 7 1 2 7 12 16 2 0 2 4 1 2 4 0 2 7 5 31 3 17 9 2 0 2 7 17 18 2 1 2 7 0 2 7 1 2 7 17 9 2 0 2 7 0 2 7 0 2 7 1 2 7 1 2 7 1 2 7 1 2 7 0 2 7 0 2 7 1 2 4 16 6 2 1 2 7 12 16 2 1 2 7 17 9 2 0 2 7 0 2 7 1 2 7 5 31 3 1 2 7 0 2 7 1 2 7 0 2 7 0 2 7 0 2 7 0 59.7211945056915283
17 18 2 0 2 7 5 30 3 5 31 3 17 9 2 12 16 2 1 2 7 1 2 7 13 6 3 0 2 7 0 2 4 1 2 7 5 31 3 1 2 7 12 16 2 1 2 7 0 2 7 13 6 3 0 2 7 0 2 7 0 2 4 0 2 7 13 6 3 1 2 4 12 16 2 0 2 7 1 2 7 0 2 7 0 2 7 1 2 7 5 31 3 17 9 2 0 2 7 17 18 2 1 2 7 0 2 7 16 6 2 0 2 7 17 9 2 0 2 4 17 9 2 6 2 7 0 2 7 12 16 2 0 2 7 1 2 7 1 2 7 0 2 7 0 2 7 0 2 7 1 2 7 0 2 7 1 2 7 1 2 7 1 2 7 0 2 7 1 2 7 0 2 7 1 2 7 0 2 7 0 59.938682496547699
17 18 2 0 2 7 5 31 3 1 2 7 5 30 3 17 9 2 12 16 2 1 2 7 1 2 7 13 6 3 0 2 7 0 2 7 1 2 7 5 31 3 6 2 4 1 2 7 12 16 2 1 2 4 0 2 7 13 6 3 0 2 7 0 2 7 1 2 7 0 2 7 13 6 3 1 2 7 12 16 2 0 2 7 1 2 7 0 2 7 0 2 7 0 2 7 5 31 3 17 9 2 1 2 4 0 2 7 17 18 2 0 2 7 0 2 7 16 6 2 0 2 7 17 9 2 0 2 7 17 9 2 0 2 7 0 2 7 12 16 2 0 2 7 1 2 7 1 2 4 1 2 7 0 2 7 0 2 7 0 2 7 1 2 7 1 2 7 1 2 7 0 2 7 1 2 7 0 2 7 0 59.938682496547699
17 18 2 0 2 7 5 30 3 17 9 2 12 16 2 1 2 7 1 2 7 13 6 3 0 2 7 0 2 7 1 2 7 1 2 7 0 2 4 1 2 7 12 16 2 0 2 7 0 2 7 13 6 3 1 2 7 0 2 7 1 2 7 0 2 7 0 2 7 0 2 7 12 16 2 1 2 7 1 2 7 0 2 4 5 31 3 17 9 2 1 2 7 17 18 2 0 2 7 0 2 4 1 2 7 17 9 2 0 2 4 0 2 7 1 2 7 0 2 7 1 2 7 0 2 3 1 2 7 0 2 7 0 2 7 0 2 7 1 2 7 16 30 2 1 2 4 12 16 2 1 2 7 17 9 2 5 31 3 0 2 7 13 6 3 0 2 3 0 2 4 5 30 3 0 2 7 1 2 7 0 59.9867335557937622
17 18 2 0 2 7 5 31 3 1 2 4 5 30 3 17 9 2 12 16 2 1 2 4 1 2 7 13 6 3 0 2 7 0 2 7 1 2 7 5 31 3 1 2 7 12 16 2 1 2 7 0 2 7 13 6 3 0 2 7 6 2 7 1 2 7 0 2 7 13 6 3 1 2 4 12 16 2 0 2 7 1 2 7 0 2 7 0 2 7 0 2 7 5 31 3 17 9 2 0 2 7 17 18 2 0 2 7 0 2 4 16 6 2 0 2 7 17 9 2 0 2 7 17 18 2 0 2 7 0 2 7 12 16 2 0 2 7 1 2 7 1 2 7 0 2 7 0 2 7 1 2 7 1 2 7 1 2 7 1 2 7 0 2 7 1 2 7 0 2 7 1 2 7 0 2 7 0 2 7 0 59.938682496547699
17 18 2 0 2 7 5 31 3 17 9 2 12 16 2 1 2 4 13 6 3 0 2 7 0 2 7 1 2 7 1 2 7 13 6 3 1 2 7 12 16 2 1 2 7 0 2 7 13 6 3 0 2 3 0 2 4 1 2 7 0 2 7 0 2 7 1 2 7 12 16 2 0 2 7 1 2 4 0 2 7 5 31 3 17 9 2 0 2 7 17 18 2 1 2 7 0 2 3 1 2 7 17 9 2 0 2 7 0 2 7 0 2 7 1 2 7 1 2 7 1 2 4 1 2 7 0 2 7 0 2 7 1 2 7 12 16 2 1 2 7 17 9 2 1 2 7 1 2 7 1 2 7 0 2 7 16 6 2 0 2 7 0 2 7 0 2 4 0 2 7 0 2 3 5 30 3 0 2 3 0 59.9809155464172363

Current Evaluation = 3600(3600)
Front Size = 10
17 18 2 0 2 4 5 31 3 17 9 2 12 16 2 1 2 7 13 6 3 0 2 7 0 2 7 1 2 7 1 2 7 13 6 3 1 2 7 12 16 2 0 2 7 0 2 7 13 6 3 0 2 4 0 2 4 1 2 7 0 2 7 0 2 7 1 2 7 12 16 2 0 2 7 1 2 7 0 2 7 17 9 2 0 2 7 17 18 2 1 2 7 0 2 7 1 2 7 17 9 2 5 31 3 0 2 7 0 2 7 1 2 7 1 2 7 1 2 7 1 2 7 0 2 7 1 2 7 16 6 2 1 2 7 12 16 2 1 2 7 17 9 2 0 2 7 0 2 7 1 2 7 5 31 3 1 2 7 0 2 7 0 2 7 0 2 7 1 2 7 0 2 7 0 2 7 0 2 7 0 59.7211945056915283
17 18 2 0 2 7 5 31 3 1 2 7 17 9 2 12 16 2 1 2 7 0 2 7 13 6 3 0 2 7 0 2 7 1 2 7 5 31 3 1 2 7 12 16 2 1 2 7 0 2 7 13 6 3 0 2 7 0 2 7 1 2 7 0 2 7 13 6 3 0 2 7 12 16 2 0 2 7 1 2 7 0 2 7 0 2 7 5 31 3 17 9 2 0 2 7 0 2 7 0 2 7 16 6 2 0 2 4 17 9 2 0 2 7 0 2 7 0 2 7 12 16 2 0 2 7 1 2 7 0 2 7 0 2 7 1 2 7 1 2 7 0 2 7 1 2 7 1 2 7 0 2 7 1 2 7 1 2 7 17 9 2 1 2 4 1 2 7 1 2 4 1 2 7 1 2 7 17 18 2 0 59.7211945056915283
17 18 2 0 2 7 5 31 3 17 9 2 12 16 2 1 2 4 13 6 3 0 2 7 0 2 7 1 2 7 1 2 7 13 6 3 1 2 7 12 16 2 1 2 7 0 2 7 13 6 3 0 2 3 0 2 4 1 2 7 0 2 7 0 2 7 1 2 7 12 16 2 0 2 7 1 2 4 0 2 7 5 31 3 17 9 2 0 2 7 17 18 2 1 2 7 0 2 3 1 2 7 17 9 2 0 2 7 0 2 7 0 2 7 1 2 7 1 2 7 1 2 4 1 2 7 0 2 7 0 2 7 1 2 7 12 16 2 1 2 7 17 9 2 1 2 7 1 2 7 1 2 7 0 2 7 16 6 2 0 2 7 0 2 7 0 2 4 0 2 7 0 2 3 5 30 3 0 2 3 0 59.9809155464172363
17 18 2 0 2 7 5 31 3 17 9 2 12 16 2 13 6 3 0 2 7 0 2 7 1 2 7 1 2 7 13 6 3 1 2 7 12 16 2 1 2 7 0 2 7 13 6 3 0 2 4 1 2 7 0 2 7 0 2 7 1 2 7 12 16 2 0 2 4 1 2 7 5 31 3 17 9 2 0 2 7 17 18 2 1 2 7 1 2 7 17 9 2 0 2 7 0 2 7 0 2 7 1 2 7 1 2 7 1 2 7 0 2 7 0 2 7 0 2 7 12 16 2 1 2 7 17 9 2 1 2 7 1 2 7 1 2 7 0 2 7 16 6 2 0 2 7 0 2 7 0 2 7 0 2 7 5 31 3 0 2 7 0 2 7 0 2 7 1 2 7 1 2 7 1 2 4 0 2 7 0 59.7211945056915283
17 18 2 0 2 7 5 31 3 1 2 7 17 9 2 12 16 2 1 2 7 0 2 7 13 6 3 0 2 7 0 2 7 1 2 7 5 31 3 1 2 7 12 16 2 1 2 7 0 2 7 13 6 3 0 2 7 0 2 7 1 2 7 0 2 7 13 6 3 0 2 7 12 16 2 0 2 7 1 2 7 0 2 7 0 2 7 5 31 3 17 9 2 0 2 7 0 2 7 0 2 7 16 6 2 0 2 4 17 9 2 0 2 7 0 2 7 0 2 7 12 16 2 0 2 7 1 2 7 0 2 7 0 2 7 1 2 7 1 2 7 0 2 7 1 2 7 1 2 7 0 2 7 1 2 7 1 2 7 17 9 2 1 2 4 1 2 7 1 2 4 1 2 7 1 2 7 17 9 2 0 59.7211945056915283
17 18 2 0 2 7 5 31 3 1 2 7 17 9 2 12 16 2 1 2 7 0 2 7 13 6 3 0 2 7 0 2 7 1 2 7 5 31 3 1 2 7 12 16 2 1 2 7 0 2 7 13 6 3 0 2 7 0 2 7 1 2 7 0 2 7 13 6 3 1 2 7 12 16 2 0 2 7 1 2 4 0 2 7 0 2 7 5 31 3 17 9 2 0 2 7 17 18 2 0 2 7 0 2 7 16 6 2 0 2 7 17 9 2 0 2 7 17 9 2 0 2 7 0 2 7 12 16 2 0 2 7 1 2 7 0 2 7 1 2 7 0 2 7 1 2 7 1 2 7 1 2 7 1 2 7 1 2 7 0 2 7 1 2 7 1 2 4 1 2 7 1 2 4 0 2 7 0 2 7 0 59.7211945056915283
17 18 2 0 2 7 5 31 3 17 9 2 12 16 2 1 2 4 13 6 3 0 2 7 0 2 7 1 2 7 1 2 7 13 6 3 1 2 7 12 16 2 1 2 7 0 2 7 13 6 3 0 2 4 1 2 7 0 2 7 0 2 7 1 2 7 12 16 2 0 2 7 0 2 7 5 31 3 17 9 2 0 2 7 17 18 2 1 2 7 1 2 7 17 9 2 0 2 7 0 2 7 0 2 7 1 2 7 1 2 7 1 2 7 0 2 7 0 2 7 1 2 7 12 16 2 1 2 7 17 9 2 1 2 7 1 2 7 1 2 7 0 2 7 16 6 2 0 2 7 0 2 7 0 2 4 0 2 7 5 30 3 6 2 4 5 31 3 0 2 7 0 2 7 0 2 7 0 2 7 0 59.938682496547699
17 18 2 5 31 3 5 30 3 1 2 4 17 9 2 12 16 2 1 2 4 13 6 3 1 2 7 0 2 7 1 2 7 5 31 3 1 2 7 12 16 2 1 2 7 0 2 7 13 6 3 0 2 7 1 2 7 0 2 7 13 6 3 12 16 2 1 2 7 1 2 7 0 2 7 0 2 7 0 2 7 5 31 3 17 9 2 0 2 7 17 18 2 0 2 7 0 2 7 16 6 2 0 2 7 17 9 2 0 2 7 0 2 4 0 2 7 12 16 2 0 2 7 1 2 7 1 2 7 0 2 7 0 2 7 0 2 7 6 2 7 1 2 7 1 2 7 0 2 7 0 2 7 0 2 7 1 2 7 0 2 7 1 2 7 1 2 7 0 2 7 0 2 4 1 2 7 17 9 2 0 59.938682496547699
17 18 2 0 2 7 5 31 3 1 2 4 17 9 2 12 16 2 1 2 4 1 2 7 13 6 3 0 2 7 0 2 7 1 2 7 5 31 3 1 2 7 12 16 2 1 2 7 0 2 7 13 6 3 0 2 7 1 2 7 0 2 7 13 6 3 12 16 2 0 2 7 1 2 7 0 2 7 0 2 7 0 2 7 5 31 3 17 9 2 0 2 7 17 18 2 0 2 7 0 2 4 16 6 2 0 2 7 17 9 2 0 2 7 0 2 7 0 2 7 12 16 2 0 2 7 1 2 7 1 2 7 0 2 7 0 2 7 1 2 7 1 2 7 1 2 7 1 2 7 0 2 7 1 2 7 0 2 7 1 2 7 0 2 7 0 2 7 5 30 3 6 2 7 1 2 4 17 18 2 0 59.938682496547699
17 18 2 0 2 7 5 31 3 1 2 7 17 9 2 12 16 2 0 2 7 0 2 7 13 6 3 0 2 7 0 2 7 1 2 7 5 30 3 1 2 7 12 16 2 1 2 4 0 2 7 13 6 3 0 2 7 1 2 7 1 2 7 5 31 3 13 6 3 0 2 7 12 16 2 0 2 7 1 2 7 0 2 7 0 2 7 5 31 3 17 9 2 0 2 7 0 2 7 0 2 7 16 6 2 0 2 7 17 9 2 0 2 7 0 2 7 0 2 7 12 16 2 0 2 7 1 2 7 0 2 7 0 2 7 0 2 7 1 2 7 0 2 7 1 2 7 1 2 7 1 2 4 1 2 7 17 9 2 1 2 4 1 2 7 1 2 7 6 2 4 0 2 7 1 2 7 17 18 2 0 59.938682496547699

Current Evaluation = 4500(4500)
Front Size = 10
17 18 2 0 2 7 5 31 3 17 9 2 12 16 2 13 6 3 0 2 7 0 2 7 1 2 7 1 2 7 13 6 3 1 2 7 12 16 2 1 2 7 0 2 7 13 6 3 1 2 7 0 2 7 0 2 7 1 2 7 12 16 2 0 2 7 1 2 7 5 31 3 17 9 2 0 2 7 1 2 7 1 2 7 17 9 2 0 2 7 1 2 7 0 2 7 1 2 7 1 2 7 1 2 7 0 2 7 0 2 7 1 2 7 12 16 2 1 2 7 17 9 2 1 2 7 0 2 7 16 6 2 0 2 7 0 2 7 0 2 7 0 2 7 0 2 7 0 2 7 5 31 3 0 2 4 0 2 7 0 2 7 1 2 7 1 2 7 0 2 4 0 2 4 1 2 7 17 18 2 0 59.7211945056915283
17 18 2 5 31 3 17 9 2 12 16 2 1 2 7 13 6 3 0 2 7 0 2 7 1 2 7 1 2 7 13 6 3 1 2 7 12 16 2 0 2 7 0 2 7 13 6 3 1 2 7 0 2 7 0 2 7 1 2 7 12 16 2 0 2 7 1 2 7 0 2 7 17 9 2 0 2 7 1 2 7 0 2 7 1 2 7 17 9 2 5 31 3 0 2 7 0 2 4 1 2 7 1 2 7 1 2 7 1 2 7 0 2 7 1 2 7 16 6 2 1 2 7 12 16 2 1 2 7 17 9 2 0 2 7 0 2 7 5 31 3 0 2 7 0 2 7 0 2 7 0 2 7 0 2 7 0 2 7 0 2 7 1 2 4 0 2 7 1 2 7 17 18 2 0 2 7 1 2 4 0 59.7211945056915283
17 18 2 0 2 7 5 31 3 1 2 7 17 9 2 12 16 2 1 2 7 0 2 7 13 6 3 0 2 7 0 2 7 1 2 7 5 31 3 1 2 7 12 16 2 1 2 7 0 2 7 13 6 3 0 2 7 0 2 7 1 2 7 0 2 7 13 6 3 1 2 7 12 16 2 0 2 7 1 2 4 0 2 7 0 2 7 5 31 3 17 9 2 0 2 7 0 2 7 0 2 7 16 6 2 0 2 7 17 9 2 0 2 7 17 9 2 0 2 7 0 2 7 12 16 2 0 2 7 1 2 7 0 2 7 1 2 7 0 2 7 1 2 7 1 2 7 1 2 7 1 2 7 1 2 7 0 2 7 1 2 7 1 2 4 1 2 7 0 2 7 17 9 2 1 2 7 0 2 4 0 59.7211945056915283
17 18 2 0 2 7 5 31 3 1 2 7 17 9 2 12 16 2 1 2 7 0 2 7 13 6 3 0 2 7 0 2 7 1 2 7 5 31 3 1 2 7 12 16 2 1 2 7 0 2 7 13 6 3 0 2 7 0 2 7 1 2 7 0 2 7 13 6 3 0 2 7 12 16 2 0 2 7 1 2 7 0 2 7 0 2 7 5 31 3 17 9 2 0 2 7 0 2 7 0 2 7 16 6 2 17 9 2 0 2 7 0 2 7 0 2 7 12 16 2 0 2 7 1 2 7 0 2 7 0 2 7 1 2 7 1 2 7 0 2 7 1 2 7 1 2 7 0 2 7 1 2 7 1 2 7 17 9 2 1 2 4 1 2 4 1 2 7 1 2 7 17 9 2 1 2 4 0 2 7 0 59.7211945056915283
17 18 2 0 2 7 5 31 3 17 9 2 12 16 2 13 6 3 0 2 7 0 2 7 1 2 7 1 2 7 13 6 3 1 2 7 12 16 2 1 2 7 0 2 7 13 6 3 1 2 7 0 2 7 0 2 7 1 2 7 12 16 2 0 2 7 1 2 7 0 2 7 5 31 3 17 9 2 0 2 7 1 2 7 1 2 7 17 9 2 0 2 7 0 2 7 0 2 7 1 2 7 1 2 7 1 2 7 0 2 7 0 2 7 1 2 7 12 16 2 1 2 7 17 9 2 1 2 7 1 2 7 1 2 7 0 2 7 16 6 2 0 2 7 0 2 7 0 2 7 0 2 7 0 2 7 0 2 4 0 2 7 5 31 3 17 18 2 0 2 7 1 2 4 0 2 4 1 2 7 0 59.7211945056915283
17 18 2 0 2 7 5 31 3 1 2 7 17 9 2 12 16 2 1 2 7 0 2 7 13 6 3 0 2 4 0 2 7 1 2 7 5 31 3 1 2 7 12 16 2 1 2 7 0 2 7 13 6 3 0 2 7 0 2 7 1 2 7 0 2 7 13 6 3 0 2 7 12 16 2 0 2 7 1 2 7 0 2 7 0 2 7 5 31 3 17 9 2 0 2 7 0 2 7 0 2 7 16 6 2 17 9 2 0 2 7 1 2 7 0 2 7 12 16 2 0 2 7 1 2 7 0 2 7 0 2 7 1 2 7 1 2 7 0 2 7 1 2 7 1 2 7 1 2 7 1 2 4 17 9 2 1 2 7 1 2 7 17 9 2 0 2 7 1 2 7 0 2 4 0 2 7 1 2 7 0 59.7211945056915283
17 18 2 0 2 7 5 31 3 1 2 7 17 9 2 12 16 2 1 2 7 0 2 7 13 6 3 0 2 7 0 2 7 1 2 7 5 31 3 1 2 7 12 16 2 1 2 7 0 2 7 13 6 3 0 2 7 0 2 7 1 2 7 0 2 7 13 6 3 1 2 7 12 16 2 0 2 7 1 2 4 0 2 7 0 2 7 5 31 3 17 9 2 0 2 7 17 18 2 0 2 7 0 2 7 16 6 2 0 2 7 17 9 2 0 2 7 17 9 2 0 2 7 0 2 7 12 16 2 0 2 7 1 2 7 0 2 7 1 2 7 0 2 7 1 2 7 1 2 7 1 2 7 1 2 7 1 2 7 0 2 7 1 2 7 1 2 4 1 2 7 1 2 4 0 2 7 0 2 7 0 59.7211945056915283
17 18 2 0 2 7 5 31 3 17 9 2 12 16 2 13 6 3 0 2 4 0 2 7 1 2 7 1 2 7 13 6 3 1 2 7 12 16 2 1 2 7 0 2 7 13 6 3 1 2 7 0 2 7 0 2 7 1 2 7 12 16 2 0 2 7 1 2 7 5 31 3 17 9 2 1 2 7 1 2 7 1 2 7 17 9 2 0 2 7 1 2 7 0 2 7 1 2 7 1 2 7 1 2 7 0 2 7 0 2 7 1 2 7 12 16 2 1 2 7 17 9 2 1 2 7 0 2 7 16 6 2 0 2 7 0 2 7 0 2 7 0 2 7 0 2 7 0 2 7 5 31 3 17 9 2 0 2 7 0 2 7 0 2 4 1 2 7 0 2 7 1 2 7 0 2 4 0 2 7 0 59.7211945056915283
17 18 2 0 2 7 5 31 3 1 2 7 17 9 2 12 16 2 1 2 7 0 2 7 13 6 3 0 2 7 0 2 7 1 2 7 5 31 3 1 2 7 12 16 2 1 2 7 0 2 7 13 6 3 0 2 7 0 2 7 1 2 7 0 2 7 13 6 3 0 2 7 12 16 2 0 2 7 1 2 7 0 2 7 0 2 7 5 31 3 17 9 2 0 2 7 0 2 7 0 2 7 16 6 2 17 9 2 0 2 7 0 2 7 0 2 7 12 16 2 0 2 7 1 2 7 0 2 7 0 2 7 1 2 7 1 2 7 0 2 7 1 2 7 1 2 7 1 2 7 1 2 7 17 9 2 1 2 4 1 2 4 5 30 3 0 2 4 6 2 4 1 2 7 0 2 7 17 9 2 0 59.938682496547699
17 18 2 0 2 7 5 31 3 1 2 7 17 9 2 12 16 2 1 2 4 0 2 7 13 6 3 0 2 7 0 2 7 1 2 7 5 31 3 1 2 7 12 16 2 1 2 7 0 2 7 13 6 3 0 2 7 0 2 7 1 2 7 0 2 7 13 6 3 0 2 7 12 16 2 0 2 7 1 2 7 0 2 7 0 2 7 5 31 3 17 9 2 0 2 7 0 2 7 0 2 4 16 6 2 17 9 2 0 2 7 0 2 7 0 2 7 12 16 2 0 2 7 1 2 7 0 2 7 0 2 7 1 2 7 1 2 7 0 2 7 1 2 7 1 2 7 1 2 7 1 2 7 17 9 2 6 2 4 17 9 2 0 2 4 5 30 3 0 2 7 1 2 7 1 2 7 1 2 7 0 59.938682496547699

Current Evaluation = 5400(5400)
Front Size = 10
17 18 2 0 2 7 5 31 3 17 9 2 12 16 2 13 6 3 0 2 7 0 2 7 1 2 7 1 2 7 13 6 3 1 2 7 12 16 2 1 2 7 0 2 7 13 6 3 1 2 7 0 2 7 0 2 7 1 2 7 12 16 2 0 2 7 1 2 7 5 31 3 17 9 2 0 2 7 1 2 7 1 2 7 17 9 2 0 2 7 1 2 7 0 2 7 1 2 7 1 2 7 1 2 7 0 2 7 0 2 7 1 2 7 12 16 2 1 2 7 17 9 2 1 2 7 0 2 7 16 6 2 0 2 7 0 2 7 0 2 7 0 2 7 0 2 7 0 2 7 5 31 3 0 2 4 0 2 7 0 2 7 1 2 7 1 2 7 0 2 4 0 2 4 1 2 7 17 18 2 0 59.7211945056915283
17 18 2 0 2 7 5 31 3 1 2 7 17 9 2 12 16 2 1 2 7 0 2 7 13 6 3 0 2 7 0 2 7 1 2 7 5 31 3 1 2 7 12 16 2 1 2 7 0 2 7 13 6 3 0 2 7 0 2 7 1 2 7 0 2 7 13 6 3 1 2 7 12 16 2 0 2 7 1 2 4 0 2 7 0 2 7 5 31 3 17 9 2 0 2 7 0 2 7 0 2 7 16 6 2 0 2 7 17 9 2 0 2 7 17 9 2 0 2 7 0 2 7 12 16 2 0 2 7 1 2 7 0 2 7 1 2 7 0 2 7 1 2 7 1 2 7 1 2 7 1 2 7 1 2 7 0 2 7 1 2 7 1 2 4 1 2 7 0 2 7 17 9 2 1 2 7 0 2 4 0 59.7211945056915283
17 18 2 5 31 3 17 9 2 12 16 2 1 2 7 13 6 3 0 2 7 0 2 7 1 2 7 1 2 7 13 6 3 1 2 7 12 16 2 0 2 7 0 2 7 13 6 3 1 2 7 0 2 7 0 2 7 1 2 7 12 16 2 0 2 7 1 2 7 0 2 7 17 9 2 0 2 7 1 2 7 0 2 7 1 2 7 17 9 2 5 31 3 0 2 7 1 2 7 1 2 7 1 2 7 1 2 7 0 2 7 1 2 7 16 6 2 1 2 7 12 16 2 1 2 7 17 9 2 0 2 7 0 2 7 5 31 3 0 2 7 0 2 7 0 2 7 0 2 7 0 2 7 0 2 7 0 2 7 1 2 4 0 2 7 0 2 7 1 2 4 17 18 2 0 2 4 1 2 7 0 59.7211945056915283
17 18 2 0 2 7 5 31 3 17 9 2 12 16 2 13 6 3 0 2 7 0 2 7 1 2 7 1 2 7 13 6 3 1 2 7 12 16 2 1 2 7 0 2 7 13 6 3 1 2 7 0 2 7 0 2 4 1 2 7 12 16 2 0 2 7 1 2 7 5 31 3 17 9 2 0 2 7 0 2 7 1 2 4 17 9 2 0 2 7 1 2 7 0 2 7 1 2 7 1 2 7 1 2 7 0 2 7 0 2 7 1 2 7 12 16 2 1 2 7 17 9 2 1 2 7 0 2 7 16 6 2 0 2 7 0 2 7 0 2 7 0 2 7 0 2 4 0 2 7 5 31 3 0 2 7 0 2 7 0 2 7 1 2 7 0 2 7 1 2 4 17 18 2 5 30 3 6 2 7 0 59.938682496547699
17 18 2 0 2 7 5 31 3 17 9 2 12 16 2 13 6 3 0 2 4 0 2 7 1 2 7 1 2 7 13 6 3 1 2 7 12 16 2 1 2 4 0 2 7 13 6 3 1 2 7 0 2 7 0 2 7 1 2 7 12 16 2 0 2 7 1 2 7 5 31 3 17 9 2 1 2 7 1 2 7 1 2 7 17 9 2 0 2 7 1 2 7 0 2 7 1 2 7 1 2 7 1 2 7 0 2 7 0 2 7 1 2 7 12 16 2 1 2 7 17 9 2 1 2 7 0 2 7 16 6 2 0 2 7 0 2 7 0 2 7 0 2 7 0 2 7 0 2 7 5 31 3 0 2 7 0 2 7 0 2 7 0 2 7 17 9 2 0 2 4 1 2 7 1 2 7 0 2 7 0 59.7211945056915283
17 18 2 0 2 7 5 31 3 17 9 2 12 16 2 13 6 3 0 2 7 0 2 7 1 2 7 1 2 7 13 6 3 1 2 7 12 16 2 1 2 7 0 2 7 13 6 3 1 2 7 0 2 7 0 2 4 1 2 7 12 16 2 0 2 7 1 2 7 5 31 3 17 9 2 0 2 7 0 2 7 1 2 7 17 9 2 0 2 7 1 2 7 0 2 7 1 2 7 1 2 7 1 2 7 0 2 7 0 2 7 1 2 7 12 16 2 1 2 7 17 9 2 1 2 7 0 2 7 16 6 2 0 2 7 0 2 7 0 2 7 0 2 7 0 2 4 0 2 7 5 31 3 0 2 7 0 2 7 0 2 7 1 2 7 1 2 7 1 2 7 0 2 7 1 2 4 17 18 2 0 59.7211945056915283
17 18 2 0 2 7 5 31 3 1 2 7 17 9 2 12 16 2 1 2 7 0 2 7 13 6 3 0 2 7 0 2 7 1 2 7 5 31 3 1 2 7 12 16 2 1 2 7 0 2 7 13 6 3 0 2 7 0 2 7 1 2 7 0 2 7 13 6 3 0 2 7 12 16 2 0 2 7 1 2 7 0 2 7 0 2 7 5 31 3 17 9 2 0 2 7 0 2 7 0 2 7 16 6 2 17 9 2 0 2 7 0 2 7 0 2 7 12 16 2 0 2 7 1 2 7 0 2 7 0 2 7 1 2 7 1 2 7 0 2 7 1 2 7 1 2 7 0 2 7 1 2 7 1 2 7 17 9 2 1 2 4 1 2 4 1 2 7 1 2 7 1 2 4 0 2 7 17 9 2 0 59.7211945056915283
17 18 2 0 2 7 5 31 3 1 2 7 17 9 2 12 16 2 1 2 7 0 2 7 13 6 3 0 2 7 0 2 7 1 2 7 5 31 3 1 2 7 12 16 2 1 2 7 0 2 7 13 6 3 0 2 7 0 2 7 1 2 7 0 2 7 13 6 3 0 2 7 12 16 2 0 2 7 1 2 7 0 2 7 0 2 7 5 31 3 17 9 2 0 2 7 0 2 7 0 2 7 16 6 2 17 9 2 0 2 7 0 2 7 0 2 7 12 16 2 0 2 7 1 2 7 0 2 7 0 2 7 1 2 7 1 2 7 0 2 7 1 2 7 1 2 7 0 2 7 1 2 7 1 2 7 17 9 2 1 2 4 1 2 4 1 2 7 1 2 7 1 2 4 0 2 7 17 18 2 0 59.7211945056915283
17 18 2 0 2 7 5 31 3 17 9 2 12 16 2 13 6 3 0 2 7 0 2 7 1 2 7 1 2 7 13 6 3 1 2 7 12 16 2 1 2 7 0 2 7 13 6 3 1 2 7 0 2 7 0 2 4 1 2 7 12 16 2 0 2 7 1 2 7 5 31 3 17 9 2 0 2 7 0 2 7 1 2 7 17 9 2 0 2 7 1 2 7 0 2 7 1 2 7 1 2 7 1 2 7 0 2 7 0 2 7 1 2 7 12 16 2 1 2 7 17 9 2 1 2 7 0 2 7 16 6 2 0 2 7 0 2 7 0 2 7 0 2 7 0 2 4 0 2 7 5 31 3 0 2 7 0 2 7 0 2 7 1 2 7 1 2 7 1 2 7 1 2 7 0 2 4 17 9 2 0 59.7211945056915283
17 18 2 0 2 7 5 31 3 17 9 2 12 16 2 13 6 3 0 2 4 0 2 7 1 2 7 1 2 7 13 6 3 1 2 7 12 16 2 1 2 7 0 2 7 13 6 3 1 2 7 0 2 7 0 2 7 1 2 7 12 16 2 0 2 7 1 2 7 5 31 3 17 9 2 1 2 7 1 2 7 1 2 7 17 9 2 0 2 7 1 2 7 0 2 7 1 2 7 1 2 7 1 2 7 0 2 7 0 2 7 1 2 7 12 16 2 1 2 7 17 9 2 0 2 7 16 6 2 0 2 7 0 2 7 0 2 7 0 2 7 0 2 7 0 2 7 5 31 3 0 2 7 0 2 7 0 2 4 0 2 7 0 2 7 17 9 2 1 2 4 6 2 4 0 2 7 5 30 3 0 59.938682496547699

Current Evaluation = 6300(6300)
Front Size = 10
17 18 2 0 2 7 5 31 3 1 2 7 17 9 2 12 16 2 1 2 7 0 2 7 13 6 3 0 2 7 0 2 7 1 2 7 5 31 3 1 2 7 12 16 2 1 2 7 0 2 7 13 6 3 0 2 7 0 2 7 1 2 7 0 2 7 13 6 3 1 2 7 12 16 2 0 2 7 0 2 7 0 2 7 5 31 3 17 9 2 0 2 7 0 2 7 0 2 7 16 6 2 0 2 7 17 9 2 0 2 7 17 9 2 0 2 7 0 2 7 12 16 2 0 2 7 1 2 7 0 2 7 1 2 7 0 2 7 1 2 7 1 2 7 1 2 7 1 2 7 1 2 4 1 2 7 1 2 7 0 2 7 1 2 4 0 2 7 17 9 2 1 2 7 0 2 7 1 2 4 0 59.7211945056915283
17 18 2 0 2 7 5 31 3 17 9 2 12 16 2 13 6 3 0 2 7 0 2 7 1 2 7 1 2 7 13 6 3 1 2 7 12 16 2 1 2 7 0 2 7 13 6 3 1 2 7 0 2 7 0 2 7 1 2 7 12 16 2 0 2 7 1 2 7 5 31 3 17 9 2 0 2 7 1 2 7 1 2 7 17 9 2 0 2 7 1 2 7 1 2 4 1 2 7 1 2 7 1 2 7 0 2 7 0 2 7 1 2 7 12 16 2 1 2 7 17 9 2 1 2 7 0 2 7 16 6 2 0 2 7 0 2 7 0 2 7 0 2 7 0 2 7 0 2 7 5 31 3 0 2 7 0 2 7 0 2 4 1 2 7 0 2 7 0 2 7 17 18 2 0 2 4 1 2 7 0 59.7211945056915283
17 18 2 0 2 7 5 31 3 17 9 2 12 16 2 13 6 3 0 2 7 0 2 7 1 2 7 1 2 7 13 6 3 1 2 7 12 16 2 1 2 7 0 2 7 13 6 3 1 2 7 0 2 7 0 2 7 1 2 7 12 16 2 0 2 7 1 2 7 5 31 3 17 9 2 0 2 7 1 2 7 1 2 7 17 9 2 0 2 7 1 2 7 0 2 7 1 2 7 1 2 7 1 2 7 0 2 7 0 2 7 1 2 7 12 16 2 1 2 7 17 9 2 0 2 7 16 6 2 0 2 7 0 2 7 0 2 7 0 2 7 0 2 7 0 2 7 5 31 3 0 2 4 0 2 7 0 2 7 0 2 7 1 2 7 1 2 7 1 2 4 0 2 4 1 2 7 17 9 2 0 59.7211945056915283
17 18 2 0 2 7 5 31 3 17 9 2 12 16 2 13 6 3 0 2 7 0 2 7 1 2 7 1 2 7 13 6 3 1 2 7 12 16 2 1 2 7 0 2 7 13 6 3 1 2 7 0 2 7 0 2 7 1 2 7 12 16 2 0 2 7 1 2 7 5 31 3 17 9 2 0 2 7 1 2 7 1 2 7 17 9 2 0 2 7 1 2 7 1 2 4 1 2 7 1 2 7 1 2 7 0 2 7 0 2 7 1 2 7 12 16 2 1 2 7 17 9 2 1 2 7 0 2 7 16 6 2 0 2 7 0 2 7 0 2 7 0 2 7 0 2 7 0 2 7 5 31 3 0 2 7 0 2 7 0 2 4 1 2 7 0 2 7 0 2 7 17 18 2 0 2 7 1 2 4 0 59.7211945056915283
17 18 2 0 2 7 5 31 3 17 9 2 12 16 2 13 6 3 0 2 7 0 2 7 1 2 7 1 2 7 13 6 3 1 2 7 12 16 2 1 2 7 0 2 7 13 6 3 1 2 7 0 2 7 0 2 7 1 2 7 12 16 2 1 2 7 5 31 3 17 9 2 0 2 7 1 2 7 1 2 7 17 9 2 0 2 7 1 2 7 0 2 7 1 2 7 1 2 7 1 2 7 0 2 7 0 2 7 1 2 7 12 16 2 1 2 7 17 9 2 1 2 7 0 2 7 16 6 2 0 2 7 0 2 7 0 2 7 0 2 7 0 2 7 5 31 3 0 2 7 0 2 7 0 2 7 17 9 2 0 2 7 1 2 4 0 2 4 0 2 7 0 2 7 1 2 7 1 2 4 0 59.7211945056915283
17 18 2 0 2 7 5 31 3 17 9 2 12 16 2 13 6 3 0 2 7 0 2 7 1 2 7 1 2 7 13 6 3 1 2 7 12 16 2 1 2 7 0 2 7 13 6 3 1 2 7 0 2 7 0 2 7 1 2 7 12 16 2 0 2 4 1 2 7 5 31 3 17 9 2 0 2 7 1 2 7 1 2 7 17 9 2 0 2 7 1 2 7 0 2 7 1 2 7 1 2 7 1 2 7 0 2 7 0 2 7 1 2 7 12 16 2 1 2 7 17 9 2 1 2 7 0 2 7 16 6 2 0 2 7 0 2 7 0 2 7 0 2 7 0 2 7 0 2 4 5 31 3 0 2 4 0 2 7 0 2 7 0 2 7 1 2 7 17 9 2 0 2 7 1 2 7 1 2 7 0 59.7211945056915283
17 18 2 0 2 7 5 31 3 17 9 2 12 16 2 13 6 3 0 2 7 0 2 7 1 2 7 1 2 7 13 6 3 1 2 7 12 16 2 1 2 7 0 2 7 13 6 3 1 2 7 0 2 7 0 2 7 1 2 7 12 16 2 0 2 7 1 2 7 5 31 3 17 9 2 0 2 7 1 2 7 1 2 7 17 9 2 0 2 7 1 2 7 0 2 7 1 2 7 1 2 7 1 2 7 0 2 7 0 2 7 1 2 7 12 16 2 1 2 7 17 9 2 1 2 7 0 2 7 16 6 2 0 2 7 0 2 7 0 2 7 0 2 7 0 2 7 0 2 7 5 31 3 0 2 4 0 2 7 0 2 7 1 2 7 1 2 7 0 2 4 0 2 4 1 2 7 17 18 2 0 59.7211945056915283
17 18 2 0 2 7 5 31 3 1 2 7 17 9 2 12 16 2 1 2 4 0 2 7 13 6 3 0 2 7 0 2 7 1 2 7 5 31 3 1 2 7 12 16 2 1 2 7 0 2 7 13 6 3 0 2 7 0 2 7 1 2 7 0 2 7 13 6 3 0 2 7 12 16 2 0 2 7 1 2 7 0 2 7 0 2 7 5 31 3 17 9 2 0 2 7 0 2 7 0 2 7 16 6 2 17 9 2 0 2 7 0 2 7 0 2 7 12 16 2 0 2 7 1 2 7 0 2 7 0 2 7 1 2 7 1 2 7 0 2 7 1 2 7 1 2 7 1 2 7 1 2 7 17 9 2 1 2 4 1 2 7 1 2 7 1 2 4 0 2 7 1 2 7 0 2 7 17 18 2 0 59.7211945056915283
17 18 2 0 2 7 5 31 3 17 9 2 12 16 2 13 6 3 0 2 7 0 2 7 1 2 7 1 2 7 13 6 3 1 2 7 12 16 2 1 2 7 0 2 7 13 6 3 1 2 7 0 2 7 0 2 4 1 2 7 12 16 2 0 2 7 1 2 7 5 31 3 17 9 2 0 2 7 0 2 7 1 2 4 17 9 2 0 2 7 1 2 7 0 2 7 1 2 7 1 2 7 1 2 7 0 2 7 0 2 7 1 2 7 12 16 2 1 2 7 17 9 2 1 2 7 0 2 7 16 6 2 0 2 7 0 2 7 0 2 7 0 2 7 0 2 4 0 2 7 5 31 3 0 2 7 0 2 7 0 2 7 1 2 7 0 2 7 1 2 4 17 18 2 5 30 3 6 2 7 0 59.938682496547699
17 18 2 0 2 7 5 31 3 17 9 2 12 16 2 13 6 3 0 2 4 0 2 7 1 2 7 1 2 7 13 6 3 1 2 7 12 16 2 1 2 7 0 2 7 13 6 3 1 2 7 0 2 7 0 2 7 1 2 7 12 16 2 0 2 7 1 2 7 5 31 3 17 9 2 1 2 7 1 2 7 1 2 7 17 9 2 0 2 7 1 2 7 0 2 7 1 2 7 1 2 7 1 2 7 0 2 7 0 2 7 1 2 7 12 16 2 1 2 7 17 9 2 0 2 7 16 6 2 0 2 7 0 2 7 0 2 7 0 2 7 0 2 7 0 2 7 5 31 3 0 2 7 0 2 7 0 2 4 0 2 7 0 2 7 17 9 2 1 2 4 6 2 4 0 2 7 5 30 3 0 59.938682496547699

Current Evaluation = 7200(7200)
Front Size = 10
17 18 2 0 2 7 5 31 3 17 9 2 12 16 2 13 6 3 0 2 7 0 2 7 1 2 7 1 2 7 13 6 3 1 2 7 12 16 2 1 2 7 0 2 7 13 6 3 1 2 7 0 2 7 0 2 7 1 2 7 12 16 2 0 2 4 1 2 7 5 31 3 17 9 2 0 2 7 1 2 7 1 2 7 17 9 2 0 2 7 1 2 7 0 2 7 1 2 7 1 2 7 1 2 7 0 2 7 0 2 7 1 2 7 12 16 2 1 2 7 17 9 2 1 2 7 0 2 7 16 6 2 0 2 7 0 2 7 0 2 7 0 2 7 0 2 7 0 2 4 5 31 3 0 2 7 0 2 7 0 2 7 1 2 7 0 2 7 1 2 7 0 2 4 1 2 7 17 9 2 0 59.7211945056915283
17 18 2 0 2 7 5 31 3 17 9 2 12 16 2 13 6 3 0 2 7 0 2 7 1 2 7 1 2 7 13 6 3 1 2 7 12 16 2 1 2 7 0 2 7 13 6 3 1 2 4 0 2 7 0 2 7 1 2 7 12 16 2 1 2 7 5 31 3 17 9 2 0 2 7 1 2 7 1 2 7 17 9 2 0 2 7 1 2 7 0 2 7 1 2 7 1 2 7 1 2 7 0 2 7 0 2 7 1 2 7 12 16 2 1 2 7 17 9 2 1 2 7 0 2 7 16 6 2 0 2 7 0 2 7 0 2 7 0 2 7 0 2 7 5 31 3 0 2 7 0 2 7 0 2 7 0 2 7 17 18 2 0 2 7 0 2 4 1 2 4 1 2 7 0 2 7 1 2 7 0 59.7211945056915283
17 18 2 0 2 7 5 31 3 17 9 2 12 16 2 13 6 3 0 2 7 0 2 7 1 2 7 1 2 7 13 6 3 1 2 7 12 16 2 1 2 7 0 2 7 13 6 3 1 2 7 0 2 7 0 2 7 1 2 7 12 16 2 0 2 4 1 2 7 5 31 3 17 9 2 0 2 7 1 2 7 1 2 7 17 9 2 0 2 7 1 2 7 0 2 7 1 2 7 1 2 7 1 2 7 0 2 7 0 2 7 1 2 7 12 16 2 1 2 7 1 2 7 0 2 7 16 6 2 0 2 7 0 2 7 0 2 7 0 2 7 0 2 4 5 31 3 0 2 7 0 2 7 0 2 7 1 2 7 0 2 7 17 9 2 0 2 4 1 2 7 0 2 7 1 2 7 17 18 2 0 59.7211945056915283
17 18 2 0 2 7 5 31 3 1 2 7 17 9 2 12 16 2 1 2 7 0 2 7 13 6 3 0 2 7 0 2 7 1 2 7 5 31 3 1 2 7 12 16 2 1 2 7 0 2 7 13 6 3 0 2 7 0 2 7 1 2 7 0 2 7 13 6 3 1 2 7 12 16 2 0 2 7 0 2 7 0 2 7 5 31 3 17 9 2 0 2 7 0 2 7 0 2 7 16 6 2 0 2 7 17 9 2 0 2 7 17 9 2 0 2 7 0 2 7 12 16 2 0 2 7 1 2 7 0 2 7 1 2 7 0 2 7 1 2 7 1 2 7 1 2 7 1 2 7 1 2 4 1 2 7 1 2 7 0 2 7 1 2 7 1 2 7 0 2 4 0 2 7 1 2 4 17 9 2 0 59.7211945056915283
17 18 2 0 2 7 5 31 3 17 9 2 12 16 2 13 6 3 0 2 7 0 2 7 1 2 7 1 2 7 13 6 3 1 2 7 12 16 2 1 2 7 0 2 7 13 6 3 0 2 4 0 2 7 0 2 7 1 2 7 12 16 2 0 2 7 1 2 7 5 31 3 17 18 2 0 2 7 1 2 7 17 9 2 0 2 7 1 2 7 1 2 7 1 2 7 1 2 7 1 2 7 0 2 4 0 2 7 0 2 7 12 16 2 1 2 7 17 9 2 1 2 7 0 2 4 16 6 2 0 2 7 0 2 7 0 2 7 0 2 7 0 2 7 1 2 7 5 31 3 0 2 7 0 2 7 1 2 7 1 2 7 1 2 7 0 2 7 0 2 7 0 2 7 1 2 7 17 18 2 0 59.7211945056915283
17 18 2 0 2 7 5 31 3 1 2 7 17 9 2 12 16 2 1 2 7 0 2 7 13 6 3 0 2 7 0 2 7 1 2 7 5 31 3 1 2 7 12 16 2 1 2 7 0 2 7 13 6 3 0 2 7 0 2 7 1 2 7 0 2 7 13 6 3 1 2 7 12 16 2 0 2 7 0 2 7 0 2 7 5 31 3 17 9 2 0 2 7 0 2 7 0 2 7 16 6 2 0 2 7 17 9 2 0 2 7 17 9 2 0 2 7 0 2 7 12 16 2 0 2 7 1 2 7 0 2 7 1 2 7 0 2 7 1 2 7 1 2 7 1 2 7 1 2 7 1 2 4 1 2 7 1 2 7 0 2 7 1 2 4 0 2 7 1 2 7 0 2 7 1 2 4 17 9 2 0 59.7211945056915283
17 18 2 0 2 7 5 31 3 1 2 7 17 9 2 12 16 2 1 2 7 0 2 7 13 6 3 0 2 7 0 2 7 1 2 7 5 31 3 1 2 7 12 16 2 1 2 7 0 2 7 13 6 3 0 2 7 0 2 7 1 2 7 0 2 7 13 6 3 1 2 7 12 16 2 0 2 7 0 2 7 0 2 7 5 31 3 17 9 2 0 2 7 0 2 7 0 2 7 16 6 2 0 2 7 17 9 2 0 2 7 17 9 2 0 2 7 0 2 7 12 16 2 0 2 7 1 2 7 0 2 7 1 2 7 0 2 7 1 2 7 1 2 7 1 2 7 1 2 7 1 2 4 1 2 7 1 2 7 0 2 7 1 2 4 0 2 7 1 2 7 0 2 7 1 2 4 17 18 2 0 59.7211945056915283
17 18 2 0 2 7 5 31 3 17 9 2 12 16 2 13 6 3 0 2 7 0 2 7 1 2 7 1 2 7 13 6 3 1 2 7 12 16 2 1 2 7 0 2 7 13 6 3 1 2 7 0 2 7 0 2 7 1 2 7 12 16 2 0 2 4 1 2 7 5 31 3 17 9 2 0 2 7 1 2 7 1 2 7 17 9 2 0 2 7 1 2 7 0 2 7 1 2 7 1 2 7 1 2 7 0 2 7 0 2 7 1 2 7 12 16 2 1 2 7 1 2 7 0 2 7 16 6 2 0 2 7 0 2 7 0 2 7 0 2 7 0 2 7 5 31 3 0 2 7 0 2 7 0 2 7 1 2 7 0 2 7 1 2 7 1 2 4 0 2 7 0 2 4 17 18 2 17 9 2 0 59.7211945056915283
17 18 2 0 2 4 5 31 3 0 2 7 17 9 2 12 16 2 1 2 7 0 2 7 13 6 3 0 2 7 0 2 7 1 2 7 5 31 3 1 2 7 12 16 2 1 2 7 0 2 7 13 6 3 0 2 7 0 2 7 1 2 7 0 2 7 13 6 3 1 2 7 12 16 2 0 2 7 0 2 7 0 2 7 5 31 3 17 9 2 0 2 7 0 2 7 0 2 7 16 6 2 0 2 7 17 9 2 0 2 7 17 9 2 0 2 7 0 2 7 12 16 2 0 2 7 1 2 7 0 2 7 1 2 7 0 2 7 1 2 7 1 2 7 1 2 7 1 2 7 1 2 4 1 2 7 1 2 7 0 2 7 1 2 7 17 9 2 1 2 7 0 2 4 1 2 7 1 2 7 0 59.7211945056915283
17 18 2 0 2 7 5 31 3 17 9 2 12 16 2 13 6 3 0 2 7 0 2 7 1 2 7 1 2 7 13 6 3 1 2 7 12 16 2 1 2 7 0 2 7 13 6 3 0 2 4 0 2 7 0 2 7 1 2 7 12 16 2 0 2 7 1 2 7 5 31 3 17 18 2 0 2 7 1 2 4 1 2 7 17 9 2 0 2 7 1 2 7 1 2 7 1 2 7 1 2 7 1 2 7 0 2 7 0 2 7 0 2 7 12 16 2 1 2 7 17 9 2 1 2 7 0 2 7 16 6 2 0 2 7 0 2 7 0 2 7 0 2 7 0 2 7 0 2 7 5 31 3 0 2 7 0 2 7 0 2 7 1 2 7 1 2 7 0 2 7 1 2 7 1 2 4 17 18 2 0 59.7211945056915283

Current Evaluation = 8100(8100)
Front Size = 10
17 18 2 0 2 7 5 31 3 17 9 2 12 16 2 13 6 3 0 2 7 0 2 7 1 2 7 1 2 7 13 6 3 1 2 7 12 16 2 1 2 7 0 2 7 13 6 3 1 2 7 0 2 7 0 2 7 1 2 7 12 16 2 0 2 4 1 2 7 5 31 3 17 9 2 0 2 7 1 2 7 1 2 7 17 9 2 0 2 7 1 2 7 0 2 7 1 2 7 1 2 7 1 2 7 0 2 7 0 2 7 1 2 7 12 16 2 1 2 7 1 2 7 0 2 7 16 6 2 0 2 7 0 2 7 0 2 7 0 2 7 0 2 4 5 31 3 0 2 7 0 2 7 0 2 7 1 2 7 0 2 7 17 9 2 0 2 4 1 2 7 0 2 7 1 2 7 17 18 2 0 59.7211945056915283
17 18 2 0 2 7 5 31 3 17 9 2 12 16 2 13 6 3 0 2 7 0 2 7 1 2 7 1 2 7 13 6 3 1 2 7 12 16 2 1 2 7 0 2 7 13 6 3 1 2 7 0 2 7 0 2 7 1 2 7 12 16 2 0 2 4 1 2 7 5 31 3 17 9 2 0 2 7 1 2 7 1 2 7 17 9 2 0 2 7 1 2 7 0 2 7 1 2 7 1 2 7 1 2 4 0 2 7 0 2 7 1 2 7 12 16 2 1 2 7 1 2 7 0 2 7 16 6 2 0 2 7 0 2 7 0 2 7 0 2 7 5 31 3 0 2 7 0 2 7 0 2 7 1 2 7 0 2 7 17 9 2 0 2 7 17 18 2 1 2 4 0 2 7 0 2 7 1 2 7 0 59.7211945056915283
17 18 2 5 31 3 0 2 7 17 9 2 12 16 2 1 2 7 0 2 7 13 6 3 0 2 7 0 2 7 0 2 7 5 31 3 1 2 7 12 16 2 1 2 7 0 2 7 13 6 3 0 2 7 0 2 7 1 2 7 0 2 7 13 6 3 1 2 7 12 16 2 0 2 7 0 2 7 0 2 7 5 31 3 17 9 2 0 2 7 0 2 7 0 2 7 16 6 2 0 2 7 17 9 2 0 2 7 0 2 7 0 2 4 12 16 2 0 2 7 1 2 7 0 2 7 1 2 7 0 2 7 1 2 7 1 2 7 1 2 7 1 2 7 1 2 7 1 2 7 1 2 7 1 2 7 0 2 7 1 2 7 1 2 7 1 2 4 0 2 4 17 9 2 17 18 2 1 2 7 0 59.7211945056915283
17 18 2 0 2 7 5 31 3 17 9 2 12 16 2 13 6 3 0 2 7 0 2 7 1 2 7 1 2 7 13 6 3 1 2 7 12 16 2 1 2 7 0 2 7 13 6 3 0 2 7 0 2 7 1 2 7 12 16 2 0 2 7 1 2 7 5 31 3 0 2 7 1 2 4 1 2 7 17 9 2 0 2 7 1 2 7 1 2 7 1 2 7 1 2 7 1 2 7 0 2 7 0 2 7 0 2 7 12 16 2 1 2 7 17 9 2 1 2 7 0 2 7 16 6 2 0 2 7 0 2 7 0 2 7 0 2 7 0 2 7 0 2 7 5 31 3 0 2 7 0 2 7 0 2 7 1 2 7 1 2 7 0 2 7 1 2 4 17 9 2 1 2 4 17 18 2 0 2 7 0 59.7211945056915283
17 18 2 0 2 7 5 31 3 17 9 2 12 16 2 13 6 3 0 2 7 0 2 7 1 2 7 1 2 7 13 6 3 1 2 7 12 16 2 1 2 7 0 2 7 13 6 3 0 2 4 0 2 7 0 2 7 1 2 7 12 16 2 0 2 7 1 2 7 5 31 3 17 18 2 0 2 7 1 2 4 1 2 7 17 9 2 0 2 7 1 2 7 1 2 7 1 2 7 1 2 7 1 2 7 0 2 7 0 2 7 0 2 7 12 16 2 1 2 7 17 9 2 1 2 7 0 2 7 16 6 2 0 2 7 0 2 7 0 2 7 0 2 7 0 2 7 0 2 7 5 31 3 0 2 7 0 2 7 0 2 7 1 2 7 1 2 7 0 2 7 1 2 7 1 2 4 17 18 2 0 59.7211945056915283
17 18 2 5 31 3 0 2 7 17 9 2 12 16 2 1 2 7 0 2 7 13 6 3 0 2 7 0 2 7 0 2 7 5 31 3 1 2 7 12 16 2 1 2 7 0 2 7 13 6 3 0 2 7 0 2 7 1 2 7 0 2 7 13 6 3 1 2 7 12 16 2 0 2 7 0 2 7 0 2 7 5 31 3 17 9 2 0 2 7 0 2 7 0 2 7 16 6 2 0 2 7 17 9 2 0 2 7 17 9 2 0 2 7 0 2 4 12 16 2 0 2 7 1 2 7 0 2 7 1 2 7 0 2 7 1 2 7 1 2 7 1 2 7 1 2 7 1 2 7 1 2 7 1 2 7 17 9 2 1 2 7 0 2 7 1 2 7 0 2 7 1 2 7 1 2 4 1 2 4 0 59.7211945056915283
17 18 2 0 2 7 5 31 3 17 9 2 12 16 2 13 6 3 0 2 7 0 2 7 1 2 7 1 2 7 13 6 3 1 2 7 12 16 2 1 2 7 0 2 7 13 6 3 0 2 4 0 2 7 0 2 7 1 2 7 12 16 2 0 2 7 1 2 7 5 31 3 17 18 2 0 2 7 1 2 7 17 9 2 0 2 7 1 2 7 1 2 7 1 2 7 1 2 7 1 2 4 0 2 4 0 2 7 0 2 7 12 16 2 1 2 7 17 9 2 1 2 7 16 6 2 0 2 7 0 2 7 0 2 7 0 2 7 0 2 7 1 2 7 5 31 3 0 2 7 0 2 7 1 2 7 1 2 7 1 2 7 0 2 7 0 2 7 0 2 7 17 18 2 0 2 7 1 2 7 0 59.7211945056915283
17 18 2 0 2 7 5 31 3 17 9 2 12 16 2 13 6 3 0 2 7 0 2 7 1 2 7 1 2 7 13 6 3 1 2 7 12 16 2 1 2 7 0 2 7 13 6 3 0 2 4 0 2 7 0 2 7 1 2 7 12 16 2 0 2 7 1 2 7 5 31 3 0 2 7 1 2 7 17 9 2 0 2 7 1 2 7 1 2 7 1 2 7 1 2 7 1 2 7 0 2 4 0 2 7 0 2 7 12 16 2 1 2 7 17 9 2 1 2 7 16 6 2 0 2 7 0 2 7 0 2 7 0 2 7 0 2 7 1 2 7 5 31 3 0 2 7 0 2 7 1 2 7 1 2 7 1 2 7 0 2 7 0 2 7 0 2 7 17 9 2 17 9 2 0 2 7 1 2 4 0 59.7211945056915283
17 18 2 0 2 7 5 31 3 17 9 2 12 16 2 13 6 3 0 2 7 0 2 7 1 2 4 1 2 7 13 6 3 1 2 7 12 16 2 1 2 7 0 2 7 13 6 3 0 2 7 0 2 7 1 2 7 12 16 2 0 2 7 1 2 4 5 31 3 0 2 7 1 2 7 17 9 2 0 2 7 1 2 7 1 2 7 1 2 7 1 2 7 1 2 7 0 2 7 0 2 7 0 2 7 12 16 2 1 2 7 17 9 2 1 2 7 0 2 7 16 6 2 0 2 7 0 2 7 0 2 7 0 2 7 0 2 7 0 2 7 5 31 3 0 2 7 0 2 7 1 2 7 1 2 7 17 18 2 0 2 7 17 18 2 0 2 7 1 2 4 1 2 7 1 2 7 0 2 7 0 59.7211945056915283
17 18 2 0 2 7 5 31 3 17 9 2 12 16 2 13 6 3 0 2 7 0 2 7 1 2 7 1 2 7 13 6 3 1 2 7 12 16 2 1 2 7 0 2 7 13 6 3 0 2 4 0 2 7 0 2 7 1 2 7 12 16 2 0 2 7 1 2 7 5 31 3 17 18 2 0 2 7 1 2 7 17 9 2 0 2 7 1 2 7 1 2 7 1 2 7 1 2 7 1 2 7 0 2 4 0 2 7 0 2 7 12 16 2 1 2 7 17 9 2 1 2 7 0 2 4 16 6 2 0 2 7 0 2 7 0 2 7 0 2 7 0 2 7 1 2 7 5 31 3 0 2 7 0 2 7 1 2 7 1 2 7 1 2 7 0 2 7 0 2 7 0 2 7 1 2 7 17 18 2 0 59.7211945056915283

Current Evaluation = 9000(9000)
Front Size = 10
17 18 2 0 2 7 5 31 3 17 9 2 12 16 2 13 6 3 0 2 7 0 2 7 1 2 7 1 2 7 13 6 3 1 2 7 12 16 2 1 2 7 0 2 7 13 6 3 1 2 7 0 2 7 0 2 7 1 2 7 12 16 2 1 2 7 5 31 3 17 9 2 0 2 7 1 2 7 1 2 7 17 9 2 0 2 7 1 2 7 0 2 7 1 2 7 1 2 7 1 2 7 0 2 7 0 2 7 1 2 7 12 16 2 1 2 7 1 2 7 0 2 7 16 6 2 0 2 4 0 2 7 0 2 7 0 2 7 5 31 3 0 2 7 0 2 7 0 2 7 0 2 7 0 2 7 17 18 2 0 2 4 0 2 4 1 2 7 17 9 2 0 2 7 1 2 7 1 2 7 0 59.7211945056915283
17 18 2 0 2 7 5 31 3 17 9 2 12 16 2 13 6 3 0 2 7 1 2 7 1 2 7 1 2 7 13 6 3 1 2 7 12 16 2 0 2 7 0 2 7 1 2 7 1 2 7 1 2 7 0 2 7 12 16 2 1 2 7 5 31 3 17 9 2 1 2 7 0 2 7 1 2 7 17 9 2 0 2 7 0 2 7 1 2 7 1 2 7 0 2 7 0 2 4 0 2 7 1 2 7 12 16 2 1 2 4 0 2 7 16 6 2 0 2 7 0 2 7 0 2 7 1 2 7 5 31 3 0 2 7 0 2 7 0 2 7 0 2 7 0 2 7 13 6 3 0 2 7 0 2 7 1 2 7 0 2 7 17 9 2 17 18 2 1 2 4 1 2 7 1 2 7 0 2 7 0 59.7211945056915283
17 18 2 0 2 7 5 31 3 17 9 2 12 16 2 13 6 3 0 2 7 1 2 7 1 2 7 1 2 7 13 6 3 1 2 7 12 16 2 0 2 7 0 2 7 1 2 7 1 2 7 1 2 7 0 2 7 12 16 2 1 2 7 5 31 3 17 9 2 1 2 7 0 2 7 1 2 7 17 9 2 0 2 7 0 2 7 1 2 7 1 2 7 0 2 7 0 2 4 0 2 7 1 2 7 12 16 2 1 2 4 0 2 7 16 6 2 0 2 7 0 2 7 0 2 7 1 2 7 5 31 3 0 2 7 0 2 7 0 2 7 0 2 7 0 2 7 13 6 3 0 2 7 0 2 7 1 2 7 0 2 7 17 9 2 1 2 4 1 2 7 1 2 7 0 2 7 17 9 2 0 59.7211945056915283
17 18 2 0 2 7 5 31 3 17 9 2 12 16 2 13 6 3 0 2 7 1 2 7 1 2 7 1 2 7 13 6 3 1 2 7 12 16 2 0 2 7 0 2 7 1 2 7 1 2 7 1 2 7 0 2 7 0 2 4 12 16 2 1 2 7 5 31 3 17 9 2 1 2 7 1 2 7 1 2 7 17 9 2 0 2 7 0 2 7 1 2 7 1 2 7 0 2 7 0 2 7 0 2 7 1 2 7 12 16 2 0 2 4 1 2 7 0 2 7 16 6 2 0 2 7 0 2 7 0 2 7 1 2 4 5 31 3 0 2 7 0 2 7 0 2 7 0 2 7 0 2 7 13 6 3 0 2 7 0 2 7 1 2 7 1 2 7 0 2 7 17 9 2 1 2 7 17 18 2 0 59.7211945056915283
17 18 2 0 2 7 5 31 3 17 9 2 12 16 2 13 6 3 0 2 7 0 2 7 1 2 7 1 2 7 13 6 3 1 2 7 12 16 2 1 2 7 0 2 7 13 6 3 1 2 7 0 2 7 0 2 7 1 2 7 12 16 2 1 2 7 5 31 3 17 9 2 0 2 7 1 2 7 1 2 7 17 9 2 0 2 7 1 2 7 0 2 7 1 2 7 1 2 7 1 2 7 0 2 7 0 2 7 1 2 7 12 16 2 1 2 7 1 2 7 0 2 7 16 6 2 0 2 7 0 2 7 0 2 7 0 2 7 5 31 3 0 2 7 0 2 7 0 2 7 0 2 4 17 9 2 0 2 7 0 2 4 1 2 4 1 2 7 0 2 7 0 2 7 1 2 7 17 9 2 0 59.7211945056915283
17 18 2 0 2 7 5 31 3 17 9 2 12 16 2 13 6 3 0 2 7 0 2 7 1 2 4 1 2 7 13 6 3 1 2 7 12 16 2 1 2 7 0 2 7 13 6 3 0 2 7 0 2 7 1 2 7 12 16 2 0 2 7 1 2 4 5 31 3 0 2 7 1 2 7 17 9 2 0 2 7 1 2 7 1 2 7 1 2 7 1 2 7 1 2 7 0 2 7 0 2 7 0 2 7 12 16 2 1 2 7 17 9 2 1 2 7 0 2 7 16 6 2 0 2 7 0 2 7 0 2 7 0 2 7 0 2 7 0 2 7 5 31 3 0 2 7 0 2 7 1 2 7 1 2 7 17 18 2 0 2 7 17 18 2 0 2 7 1 2 7 1 2 7 1 2 4 0 2 7 0 59.7211945056915283
17 18 2 0 2 7 5 31 3 17 9 2 12 16 2 13 6 3 0 2 7 0 2 7 1 2 4 1 2 7 13 6 3 1 2 7 12 16 2 1 2 7 0 2 7 13 6 3 0 2 7 0 2 7 1 2 7 12 16 2 0 2 7 5 31 3 0 2 7 1 2 7 17 9 2 0 2 7 1 2 7 1 2 7 1 2 7 1 2 7 1 2 7 0 2 7 0 2 7 0 2 7 12 16 2 1 2 7 17 9 2 1 2 7 0 2 7 16 6 2 0 2 7 0 2 7 0 2 7 0 2 7 0 2 7 0 2 7 5 31 3 0 2 7 0 2 7 1 2 7 1 2 7 0 2 7 1 2 7 1 2 7 1 2 4 0 2 7 0 2 4 1 2 7 17 18 2 17 18 2 0 59.7211945056915283
17 18 2 0 2 7 5 31 3 17 9 2 12 16 2 13 6 3 0 2 7 0 2 7 1 2 7 1 2 7 13 6 3 1 2 7 12 16 2 0 2 7 13 6 3 1 2 7 0 2 7 0 2 7 1 2 7 12 16 2 1 2 7 5 31 3 17 9 2 0 2 7 1 2 7 1 2 7 17 9 2 0 2 7 1 2 7 1 2 7 1 2 7 1 2 7 0 2 7 0 2 7 12 16 2 1 2 7 1 2 7 0 2 7 16 6 2 0 2 7 0 2 7 0 2 7 0 2 7 5 31 3 0 2 7 0 2 7 1 2 7 1 2 7 0 2 7 0 2 4 17 18 2 0 2 7 0 2 7 1 2 4 0 2 7 0 2 7 1 2 7 1 2 7 17 18 2 0 2 4 0 59.7211945056915283
17 18 2 0 2 7 5 31 3 17 9 2 12 16 2 13 6 3 0 2 7 1 2 7 1 2 7 1 2 7 13 6 3 1 2 7 12 16 2 1 2 7 0 2 7 13 6 3 1 2 7 0 2 7 0 2 7 1 2 7 12 16 2 1 2 7 5 31 3 17 9 2 0 2 4 1 2 7 1 2 7 17 9 2 0 2 4 1 2 7 0 2 7 1 2 7 1 2 7 1 2 7 0 2 7 0 2 7 1 2 7 12 16 2 1 2 7 1 2 7 0 2 7 16 6 2 0 2 7 0 2 7 0 2 7 0 2 7 5 31 3 0 2 7 0 2 7 0 2 7 0 2 7 0 2 7 17 18 2 0 2 4 1 2 7 0 2 7 1 2 7 17 18 2 0 2 7 0 2 7 0 59.7211945056915283
17 18 2 0 2 7 5 31 3 17 9 2 12 16 2 13 6 3 0 2 7 0 2 7 1 2 7 1 2 7 13 6 3 1 2 7 12 16 2 1 2 7 0 2 7 13 6 3 0 2 7 0 2 7 1 2 7 12 16 2 0 2 7 1 2 7 5 31 3 0 2 7 1 2 4 1 2 7 17 9 2 0 2 7 1 2 7 1 2 7 1 2 7 1 2 7 1 2 7 0 2 7 0 2 7 0 2 7 12 16 2 1 2 7 17 9 2 1 2 7 0 2 7 16 6 2 0 2 7 0 2 7 0 2 7 0 2 7 0 2 7 0 2 7 5 31 3 0 2 7 0 2 7 0 2 7 1 2 7 1 2 7 0 2 7 1 2 4 17 9 2 1 2 4 17 18 2 0 2 7 0 59.7211945056915283

Current Evaluation = 9900(9900)
Front Size = 10
17 18 2 0 2 7 5 31 3 17 9 2 12 16 2 13 6 3 0 2 7 1 2 7 1 2 7 1 2 7 13 6 3 1 2 7 12 16 2 1 2 7 0 2 7 13 6 3 1 2 7 0 2 7 0 2 7 1 2 7 12 16 2 1 2 7 5 31 3 17 9 2 0 2 4 1 2 7 1 2 7 17 9 2 0 2 4 1 2 7 0 2 7 1 2 7 1 2 7 1 2 7 0 2 7 0 2 7 1 2 7 12 16 2 1 2 7 1 2 7 0 2 7 16 6 2 0 2 7 0 2 7 0 2 7 0 2 7 5 31 3 0 2 7 0 2 7 0 2 7 0 2 4 0 2 7 17 18 2 1 2 7 0 2 7 0 2 7 0 2 7 0 2 7 1 2 7 17 18 2 0 59.7211945056915283
17 18 2 0 2 7 5 31 3 17 9 2 12 16 2 13 6 3 0 2 7 0 2 7 1 2 7 1 2 7 13 6 3 1 2 7 12 16 2 0 2 7 13 6 3 1 2 7 0 2 7 0 2 7 1 2 7 12 16 2 1 2 7 5 31 3 17 9 2 0 2 7 1 2 7 1 2 7 17 9 2 0 2 7 1 2 7 1 2 7 1 2 7 1 2 7 0 2 7 0 2 7 12 16 2 1 2 7 1 2 7 0 2 7 16 6 2 0 2 7 0 2 7 0 2 7 1 2 7 5 31 3 0 2 7 0 2 7 1 2 7 0 2 7 17 18 2 0 2 7 0 2 7 1 2 4 0 2 7 0 2 7 0 2 7 0 2 7 1 2 4 17 9 2 1 2 7 0 2 4 0 59.7211945056915283
17 18 2 0 2 7 5 31 3 17 9 2 12 16 2 13 6 3 0 2 7 0 2 7 1 2 7 1 2 7 13 6 3 1 2 7 12 16 2 1 2 7 0 2 7 13 6 3 1 2 7 0 2 7 0 2 7 1 2 7 12 16 2 1 2 7 5 31 3 17 9 2 0 2 7 1 2 7 1 2 7 17 9 2 0 2 7 1 2 7 0 2 7 1 2 7 1 2 7 1 2 7 0 2 7 0 2 7 1 2 7 12 16 2 1 2 7 1 2 7 0 2 7 16 6 2 0 2 4 0 2 7 0 2 7 0 2 7 5 31 3 0 2 7 0 2 7 0 2 7 0 2 7 0 2 7 17 18 2 0 2 4 0 2 4 1 2 7 17 9 2 0 2 7 1 2 7 1 2 7 0 59.7211945056915283
17 18 2 0 2 7 5 31 3 17 9 2 12 16 2 13 6 3 0 2 7 0 2 7 0 2 7 1 2 7 13 6 3 1 2 7 12 16 2 0 2 7 13 6 3 1 2 7 0 2 7 0 2 7 1 2 7 12 16 2 1 2 7 5 31 3 17 9 2 0 2 7 1 2 7 1 2 4 17 9 2 0 2 7 1 2 7 1 2 7 1 2 7 1 2 7 0 2 7 0 2 7 12 16 2 1 2 7 1 2 7 0 2 7 16 6 2 0 2 7 0 2 7 0 2 7 0 2 7 5 31 3 0 2 7 0 2 7 1 2 7 1 2 7 0 2 7 0 2 4 0 2 7 0 2 7 1 2 7 0 2 7 0 2 7 1 2 7 17 9 2 1 2 7 1 2 4 17 9 2 0 59.7211945056915283
17 18 2 0 2 7 5 31 3 17 9 2 12 16 2 13 6 3 0 2 7 0 2 7 1 2 7 1 2 7 13 6 3 1 2 7 12 16 2 1 2 7 0 2 7 13 6 3 0 2 7 0 2 7 1 2 7 12 16 2 0 2 7 1 2 7 5 31 3 0 2 7 1 2 4 1 2 7 17 9 2 0 2 7 1 2 7 1 2 7 1 2 7 1 2 7 1 2 7 0 2 7 0 2 7 0 2 7 12 16 2 1 2 7 17 9 2 1 2 7 0 2 7 16 6 2 0 2 7 0 2 7 0 2 7 0 2 7 0 2 7 0 2 7 5 31 3 0 2 4 0 2 7 0 2 7 1 2 7 1 2 7 17 9 2 17 18 2 0 2 4 1 2 7 1 2 7 0 2 7 0 59.7211945056915283
17 18 2 0 2 7 5 31 3 17 9 2 12 16 2 13 6 3 0 2 7 0 2 7 1 2 7 1 2 7 13 6 3 1 2 7 12 16 2 0 2 7 13 6 3 1 2 7 0 2 7 0 2 7 1 2 7 12 16 2 1 2 7 5 31 3 17 9 2 0 2 7 1 2 7 1 2 7 17 9 2 0 2 4 1 2 7 1 2 7 1 2 7 1 2 7 0 2 7 0 2 7 12 16 2 1 2 7 1 2 7 16 6 2 0 2 7 0 2 7 0 2 7 1 2 7 5 31 3 0 2 7 0 2 7 1 2 7 0 2 7 0 2 7 17 18 2 0 2 7 0 2 7 0 2 7 0 2 7 0 2 7 1 2 4 1 2 7 0 2 7 0 2 7 17 18 2 1 2 4 0 59.7211945056915283
17 18 2 0 2 7 5 31 3 17 9 2 12 16 2 13 6 3 0 2 7 0 2 7 1 2 7 1 2 7 13 6 3 1 2 7 12 16 2 0 2 7 13 6 3 1 2 7 0 2 7 0 2 7 1 2 7 12 16 2 1 2 7 5 31 3 17 9 2 0 2 7 1 2 7 1 2 7 17 9 2 0 2 7 1 2 7 1 2 7 1 2 7 1 2 7 0 2 7 0 2 7 12 16 2 1 2 7 1 2 7 0 2 7 16 6 2 0 2 7 0 2 7 0 2 7 0 2 7 5 31 3 0 2 7 0 2 7 1 2 7 1 2 7 0 2 7 0 2 4 0 2 7 0 2 7 1 2 4 0 2 7 0 2 7 1 2 7 17 9 2 1 2 7 0 2 4 17 9 2 0 59.7211945056915283
17 18 2 0 2 7 5 31 3 17 9 2 12 16 2 13 6 3 0 2 7 0 2 7 1 2 4 1 2 7 13 6 3 1 2 7 12 16 2 1 2 7 0 2 7 13 6 3 0 2 7 0 2 7 1 2 7 12 16 2 0 2 7 5 31 3 0 2 7 1 2 7 17 9 2 0 2 7 1 2 7 1 2 7 1 2 7 1 2 7 1 2 7 0 2 7 0 2 7 0 2 7 12 16 2 1 2 7 17 9 2 1 2 7 0 2 7 16 6 2 0 2 7 0 2 7 0 2 7 0 2 7 0 2 7 0 2 7 5 31 3 0 2 7 0 2 7 1 2 7 1 2 7 0 2 7 1 2 7 1 2 7 1 2 4 0 2 7 17 18 2 1 2 4 0 2 7 17 9 2 0 59.7211945056915283
17 18 2 0 2 7 5 31 3 17 9 2 12 16 2 13 6 3 0 2 7 0 2 7 1 2 7 1 2 7 13 6 3 1 2 7 12 16 2 0 2 7 13 6 3 1 2 7 0 2 7 0 2 7 1 2 7 12 16 2 1 2 7 5 31 3 17 9 2 0 2 7 1 2 7 1 2 7 17 9 2 0 2 7 1 2 7 1 2 7 1 2 7 1 2 7 0 2 7 0 2 7 12 16 2 1 2 7 1 2 7 0 2 7 16 6 2 0 2 7 0 2 7 0 2 7 0 2 7 5 31 3 0 2 7 0 2 7 1 2 7 1 2 7 0 2 7 0 2 4 17 18 2 0 2 7 0 2 7 1 2 4 0 2 7 0 2 7 1 2 7 1 2 7 0 2 4 17 18 2 0 59.7211945056915283
17 18 2 0 2 7 5 31 3 17 9 2 12 16 2 13 6 3 0 2 7 0 2 7 1 2 4 1 2 7 13 6 3 1 2 7 12 16 2 1 2 7 0 2 7 13 6 3 0 2 7 0 2 7 1 2 7 12 16 2 0 2 7 5 31 3 0 2 7 1 2 7 17 9 2 0 2 7 1 2 7 1 2 7 1 2 7 1 2 7 1 2 7 0 2 7 0 2 7 0 2 7 12 16 2 1 2 7 17 9 2 1 2 7 0 2 7 16 6 2 0 2 7 0 2 7 0 2 7 0 2 7 0 2 7 0 2 7 5 31 3 0 2 7 0 2 7 1 2 7 1 2 7 0 2 7 1 2 7 1 2 7 1 2 4 0 2 7 17 18 2 1 2 4 0 2 7 17 18 2 0 59.7211945056915283

Current Evaluation = 10800(10800)
Front Size = 10
17 18 2 0 2 7 5 31 3 17 9 2 12 16 2 13 6 3 0 2 7 1 2 7 1 2 7 1 2 7 13 6 3 1 2 7 12 16 2 1 2 7 0 2 7 13 6 3 1 2 7 0 2 7 0 2 7 1 2 7 12 16 2 5 31 3 17 9 2 1 2 7 1 2 7 17 9 2 1 2 7 1 2 7 1 2 7 1 2 7 1 2 7 0 2 7 0 2 7 1 2 7 12 16 2 1 2 7 0 2 7 16 6 2 0 2 7 0 2 7 0 2 7 0 2 7 5 31 3 1 2 7 0 2 4 0 2 7 0 2 7 17 18 2 0 2 7 0 2 7 0 2 7 0 2 4 0 2 7 0 2 7 0 2 7 1 2 7 17 18 2 0 2 7 1 2 7 0 2 4 0 59.7211945056915283
17 18 2 0 2 7 5 31 3 17 9 2 12 16 2 13 6 3 0 2 7 1 2 7 1 2 7 1 2 7 13 6 3 1 2 7 12 16 2 0 2 7 13 6 3 1 2 7 0 2 7 0 2 7 1 2 7 12 16 2 1 2 4 5 31 3 17 9 2 1 2 7 17 9 2 1 2 7 0 2 7 1 2 7 1 2 7 1 2 7 0 2 7 0 2 7 1 2 7 12 16 2 0 2 7 0 2 7 16 6 2 0 2 7 0 2 7 0 2 7 0 2 7 5 31 3 1 2 7 0 2 7 0 2 7 0 2 7 0 2 7 0 2 7 0 2 7 0 2 7 0 2 4 17 9 2 1 2 7 1 2 7 17 18 2 1 2 7 0 2 4 1 2 7 0 2 7 1 2 7 0 59.7211945056915283
17 18 2 0 2 7 5 31 3 17 9 2 12 16 2 13 6 3 0 2 7 1 2 7 1 2 7 1 2 7 13 6 3 1 2 7 12 16 2 0 2 7 13 6 3 1 2 7 0 2 7 0 2 7 1 2 7 12 16 2 1 2 7 5 31 3 17 9 2 1 2 7 17 9 2 1 2 7 0 2 7 1 2 7 1 2 7 1 2 7 0 2 7 0 2 7 1 2 7 12 16 2 0 2 7 0 2 7 16 6 2 0 2 7 0 2 7 0 2 7 0 2 7 5 31 3 1 2 7 0 2 7 0 2 7 0 2 7 0 2 7 0 2 7 0 2 7 0 2 7 0 2 7 17 9 2 1 2 7 1 2 7 17 18 2 1 2 7 1 2 4 0 2 7 0 2 4 1 2 4 0 59.7211945056915283
17 18 2 0 2 4 5 31 3 17 9 2 12 16 2 13 6 3 0 2 7 1 2 7 1 2 7 1 2 7 13 6 3 1 2 7 12 16 2 1 2 7 0 2 7 13 6 3 1 2 7 0 2 7 0 2 7 1 2 7 12 16 2 1 2 7 5 31 3 17 9 2 1 2 7 1 2 7 17 9 2 1 2 7 0 2 7 1 2 7 1 2 7 1 2 7 0 2 7 0 2 7 0 2 7 12 16 2 1 2 7 0 2 7 16 6 2 0 2 7 0 2 7 0 2 7 0 2 7 5 31 3 0 2 7 0 2 7 0 2 7 0 2 7 0 2 7 0 2 7 0 2 7 17 9 2 1 2 7 1 2 7 0 2 7 0 2 7 17 9 2 0 2 4 1 2 4 1 2 7 0 59.7211945056915283
17 18 2 0 2 7 5 31 3 17 9 2 12 16 2 13 6 3 0 2 7 1 2 7 1 2 7 1 2 7 13 6 3 1 2 7 12 16 2 0 2 7 13 6 3 1 2 7 0 2 7 0 2 7 1 2 7 12 16 2 1 2 7 5 31 3 17 9 2 1 2 7 1 2 7 17 9 2 1 2 7 0 2 7 1 2 7 1 2 7 1 2 7 0 2 7 0 2 7 1 2 7 12 16 2 0 2 7 0 2 7 16 6 2 0 2 7 0 2 7 0 2 7 0 2 7 5 31 3 1 2 7 0 2 7 0 2 7 0 2 7 0 2 7 0 2 7 0 2 7 0 2 7 0 2 4 17 9 2 1 2 7 1 2 7 1 2 4 0 2 7 0 2 7 1 2 4 17 9 2 0 59.7211945056915283
17 18 2 0 2 7 5 31 3 17 9 2 12 16 2 13 6 3 0 2 7 1 2 7 1 2 7 1 2 7 13 6 3 1 2 7 12 16 2 1 2 7 0 2 7 13 6 3 1 2 7 0 2 7 0 2 7 1 2 7 12 16 2 5 31 3 17 9 2 1 2 7 1 2 7 17 9 2 1 2 7 1 2 7 1 2 7 1 2 7 1 2 7 0 2 7 0 2 7 1 2 7 12 16 2 1 2 7 0 2 7 16 6 2 0 2 7 0 2 7 0 2 7 0 2 7 5 31 3 0 2 7 0 2 7 17 18 2 0 2 7 0 2 7 0 2 7 0 2 7 0 2 7 0 2 7 0 2 7 0 2 7 0 2 7 1 2 4 1 2 7 1 2 4 0 2 4 17 18 2 0 59.7211945056915283
17 18 2 0 2 7 5 31 3 17 9 2 12 16 2 13 6 3 0 2 7 1 2 7 1 2 7 1 2 7 13 6 3 1 2 7 12 16 2 1 2 7 0 2 7 13 6 3 1 2 7 0 2 7 0 2 7 1 2 7 12 16 2 5 31 3 17 9 2 1 2 7 1 2 7 17 9 2 1 2 7 0 2 7 1 2 7 1 2 7 1 2 7 0 2 7 0 2 7 1 2 7 12 16 2 1 2 7 0 2 7 16 6 2 0 2 7 0 2 7 0 2 7 0 2 7 5 31 3 1 2 7 0 2 7 0 2 7 0 2 7 17 18 2 0 2 7 0 2 7 0 2 7 0 2 7 17 18 2 0 2 4 0 2 7 1 2 7 1 2 7 1 2 4 0 2 7 0 2 4 0 59.7211945056915283
17 18 2 0 2 4 5 31 3 17 9 2 12 16 2 13 6 3 0 2 7 1 2 7 1 2 7 1 2 7 13 6 3 1 2 7 12 16 2 1 2 7 0 2 7 13 6 3 1 2 7 0 2 7 0 2 7 1 2 7 12 16 2 1 2 7 5 31 3 17 9 2 1 2 7 1 2 7 17 9 2 1 2 7 0 2 7 1 2 7 1 2 7 1 2 7 0 2 7 0 2 7 0 2 7 12 16 2 1 2 7 0 2 7 16 6 2 0 2 7 0 2 7 0 2 7 0 2 7 5 31 3 0 2 4 0 2 7 0 2 7 17 18 2 0 2 7 0 2 7 0 2 7 0 2 7 0 2 7 17 9 2 0 2 4 1 2 7 1 2 7 0 2 7 1 2 7 1 2 7 0 59.7211945056915283
17 18 2 0 2 7 5 31 3 17 9 2 12 16 2 13 6 3 0 2 7 0 2 7 1 2 4 1 2 7 13 6 3 1 2 7 12 16 2 1 2 7 0 2 7 13 6 3 0 2 7 0 2 7 1 2 7 12 16 2 0 2 7 5 31 3 0 2 7 1 2 7 17 9 2 0 2 7 1 2 7 1 2 7 1 2 7 1 2 7 1 2 7 0 2 7 0 2 7 0 2 7 12 16 2 1 2 7 17 9 2 1 2 7 0 2 7 16 6 2 0 2 7 0 2 7 0 2 7 0 2 7 0 2 7 0 2 7 5 31 3 0 2 7 0 2 7 1 2 7 1 2 7 0 2 7 1 2 7 1 2 7 1 2 4 0 2 7 17 18 2 1 2 4 0 2 7 17 9 2 0 59.7211945056915283
17 18 2 0 2 7 5 31 3 17 9 2 12 16 2 13 6 3 0 2 7 0 2 7 1 2 4 1 2 7 13 6 3 1 2 7 12 16 2 1 2 7 0 2 7 13 6 3 0 2 7 0 2 7 1 2 7 12 16 2 0 2 7 5 31 3 0 2 7 1 2 7 17 9 2 0 2 7 1 2 7 1 2 7 1 2 7 1 2 7 1 2 7 0 2 7 0 2 7 0 2 7 12 16 2 1 2 7 17 9 2 1 2 7 0 2 7 16 6 2 0 2 7 0 2 7 0 2 7 0 2 7 0 2 7 0 2 7 5 31 3 0 2 7 0 2 7 1 2 7 1 2 7 0 2 7 1 2 7 1 2 7 1 2 4 0 2 7 17 18 2 1 2 4 0 2 7 17 18 2 0 59.7211945056915283

Current Evaluation = 11700(11700)
Front Size = 10
17 18 2 0 2 4 5 31 3 17 9 2 12 16 2 13 6 3 0 2 7 1 2 7 1 2 7 1 2 7 13 6 3 1 2 7 12 16 2 1 2 7 0 2 7 13 6 3 1 2 7 0 2 7 0 2 7 1 2 7 12 16 2 1 2 7 5 31 3 17 9 2 1 2 7 1 2 7 17 9 2 1 2 7 0 2 7 1 2 7 1 2 7 1 2 7 0 2 7 0 2 7 0 2 7 12 16 2 1 2 7 0 2 7 16 6 2 0 2 7 0 2 7 0 2 7 0 2 7 5 31 3 0 2 7 0 2 7 17 18 2 0 2 4 0 2 7 0 2 4 0 2 7 0 2 7 17 9 2 1 2 7 1 2 7 0 2 7 0 2 7 0 2 7 1 2 7 1 2 7 0 59.7211945056915283
17 18 2 0 2 7 5 31 3 17 9 2 12 16 2 13 6 3 0 2 7 1 2 7 1 2 7 1 2 7 13 6 3 1 2 7 12 16 2 0 2 7 13 6 3 1 2 7 0 2 7 0 2 7 1 2 7 12 16 2 1 2 7 5 31 3 17 9 2 1 2 4 17 9 2 1 2 7 0 2 7 1 2 7 1 2 7 1 2 7 0 2 7 0 2 7 1 2 7 12 16 2 0 2 7 0 2 7 16 6 2 0 2 7 0 2 7 0 2 7 0 2 7 5 31 3 1 2 7 0 2 7 0 2 7 0 2 7 0 2 7 0 2 7 0 2 7 0 2 7 0 2 7 1 2 7 1 2 7 17 18 2 1 2 7 1 2 7 0 2 4 17 18 2 0 2 7 1 2 4 0 59.7211945056915283
17 18 2 0 2 7 5 31 3 17 9 2 12 16 2 13 6 3 0 2 7 1 2 7 1 2 7 1 2 7 13 6 3 1 2 7 12 16 2 0 2 7 13 6 3 1 2 7 0 2 4 0 2 7 1 2 7 12 16 2 0 2 7 5 31 3 17 9 2 1 2 7 17 9 2 1 2 7 0 2 7 1 2 7 1 2 7 1 2 7 0 2 7 0 2 7 1 2 7 12 16 2 0 2 7 0 2 7 16 6 2 0 2 7 0 2 7 0 2 7 0 2 7 5 31 3 1 2 7 0 2 7 0 2 7 0 2 7 0 2 7 0 2 7 0 2 7 0 2 7 0 2 7 1 2 7 1 2 7 17 18 2 1 2 4 1 2 7 1 2 7 17 9 2 0 2 4 1 2 7 0 59.7211945056915283
17 18 2 0 2 7 5 31 3 17 9 2 12 16 2 13 6 3 0 2 7 1 2 7 1 2 7 1 2 7 13 6 3 1 2 7 12 16 2 0 2 7 13 6 3 1 2 7 0 2 7 1 2 7 12 16 2 0 2 7 5 31 3 17 9 2 1 2 7 17 9 2 1 2 7 0 2 7 1 2 7 1 2 7 1 2 7 1 2 7 0 2 7 1 2 4 12 16 2 0 2 7 0 2 7 16 6 2 0 2 7 0 2 7 0 2 7 0 2 7 5 31 3 1 2 7 0 2 7 0 2 7 0 2 7 0 2 7 0 2 7 0 2 7 0 2 7 0 2 7 1 2 7 1 2 7 17 18 2 1 2 4 1 2 7 0 2 4 0 2 7 0 2 7 1 2 7 17 9 2 0 59.7211945056915283
17 18 2 0 2 7 5 31 3 17 9 2 12 16 2 13 6 3 0 2 7 0 2 7 1 2 7 1 2 4 13 6 3 1 2 4 12 16 2 0 2 7 13 6 3 1 2 7 0 2 7 0 2 7 1 2 7 12 16 2 1 2 7 5 31 3 17 9 2 1 2 7 17 9 2 1 2 4 0 2 7 1 2 7 1 2 7 1 2 7 0 2 7 0 2 7 1 2 7 12 16 2 0 2 7 0 2 7 16 6 2 0 2 7 0 2 7 0 2 7 0 2 7 5 31 3 1 2 7 0 2 7 0 2 7 0 2 7 0 2 7 0 2 7 0 2 7 0 2 7 1 2 7 1 2 7 17 18 2 1 2 7 0 2 7 1 2 7 0 2 7 1 2 7 1 2 7 17 18 2 0 59.7211945056915283
17 18 2 0 2 7 5 31 3 17 9 2 12 16 2 13 6 3 0 2 7 1 2 7 1 2 7 1 2 7 13 6 3 1 2 7 12 16 2 1 2 7 0 2 7 13 6 3 1 2 7 0 2 7 0 2 7 1 2 7 12 16 2 5 31 3 17 9 2 1 2 7 1 2 7 17 9 2 1 2 7 1 2 7 1 2 7 1 2 7 1 2 7 0 2 7 0 2 7 1 2 7 12 16 2 1 2 7 0 2 7 16 6 2 0 2 7 0 2 7 0 2 7 0 2 7 5 31 3 1 2 7 0 2 4 0 2 7 0 2 7 17 18 2 0 2 7 0 2 7 0 2 7 0 2 4 0 2 7 0 2 7 0 2 7 1 2 7 17 18 2 0 2 7 1 2 7 0 2 4 0 59.7211945056915283
17 18 2 0 2 7 5 31 3 17 9 2 12 16 2 13 6 3 0 2 7 1 2 7 1 2 7 1 2 7 13 6 3 1 2 7 12 16 2 0 2 7 13 6 3 1 2 7 0 2 4 0 2 7 1 2 7 12 16 2 0 2 7 5 31 3 17 9 2 1 2 7 17 9 2 1 2 7 0 2 7 1 2 7 1 2 7 1 2 7 0 2 7 0 2 7 1 2 7 12 16 2 0 2 7 0 2 7 16 6 2 0 2 7 0 2 7 0 2 7 0 2 7 5 31 3 1 2 7 0 2 7 0 2 7 0 2 7 0 2 7 0 2 7 0 2 7 0 2 7 0 2 7 1 2 7 1 2 7 17 18 2 1 2 4 17 18 2 1 2 7 0 2 4 1 2 7 1 2 7 0 59.7211945056915283
17 18 2 0 2 4 5 31 3 17 9 2 12 16 2 13 6 3 0 2 7 1 2 7 1 2 7 1 2 7 13 6 3 1 2 7 12 16 2 1 2 7 0 2 7 13 6 3 1 2 7 0 2 7 0 2 7 1 2 7 12 16 2 1 2 7 5 31 3 17 9 2 1 2 7 1 2 7 17 9 2 1 2 7 0 2 7 1 2 7 1 2 7 1 2 7 0 2 7 0 2 7 0 2 7 12 16 2 1 2 7 0 2 7 16 6 2 0 2 7 0 2 7 0 2 7 0 2 7 5 31 3 0 2 7 0 2 7 0 2 7 0 2 7 0 2 7 0 2 7 0 2 7 17 9 2 1 2 7 1 2 7 0 2 7 0 2 7 17 9 2 0 2 4 1 2 4 1 2 7 0 59.7211945056915283
17 18 2 0 2 7 5 31 3 17 9 2 12 16 2 13 6 3 0 2 7 1 2 7 1 2 7 1 2 7 13 6 3 1 2 7 12 16 2 0 2 7 13 6 3 1 2 7 0 2 7 0 2 7 1 2 7 12 16 2 1 2 7 5 31 3 17 9 2 1 2 7 1 2 7 17 9 2 1 2 7 0 2 7 1 2 7 1 2 7 1 2 7 0 2 7 0 2 7 1 2 7 12 16 2 0 2 7 0 2 7 16 6 2 0 2 7 0 2 7 0 2 7 0 2 7 5 31 3 1 2 7 0 2 7 0 2 7 0 2 7 0 2 7 0 2 7 0 2 7 0 2 7 17 9 2 1 2 7 0 2 7 0 2 7 1 2 4 1 2 4 17 18 2 1 2 4 0 2 7 0 59.7211945056915283
17 18 2 0 2 7 5 31 3 17 9 2 12 16 2 13 6 3 0 2 7 1 2 7 1 2 7 1 2 7 13 6 3 1 2 7 12 16 2 0 2 7 13 6 3 1 2 7 0 2 7 0 2 7 1 2 7 12 16 2 1 2 7 5 31 3 17 9 2 1 2 7 1 2 7 17 9 2 1 2 7 0 2 7 1 2 7 1 2 7 1 2 7 0 2 7 0 2 7 1 2 7 12 16 2 0 2 7 0 2 7 16 6 2 0 2 7 0 2 7 0 2 7 0 2 7 5 31 3 1 2 7 0 2 7 0 2 7 0 2 7 0 2 7 0 2 7 0 2 7 0 2 7 17 9 2 1 2 7 0 2 7 0 2 7 1 2 4 1 2 4 1 2 7 0 2 4 17 9 2 0 59.7211945056915283

Current Evaluation = 12600(12600)
Front Size = 10
17 18 2 0 2 7 5 31 3 17 9 2 12 16 2 13 6 3 0 2 7 1 2 7 1 2 7 1 2 7 13 6 3 1 2 7 12 16 2 0 2 7 13 6 3 1 2 7 0 2 7 1 2 7 12 16 2 0 2 7 5 31 3 17 9 2 1 2 7 17 9 2 1 2 7 0 2 7 1 2 7 1 2 7 1 2 7 1 2 7 0 2 7 12 16 2 0 2 7 0 2 4 16 6 2 0 2 7 0 2 7 0 2 7 0 2 7 5 31 3 1 2 7 0 2 7 0 2 7 0 2 7 0 2 7 1 2 7 0 2 7 0 2 7 0 2 7 1 2 7 1 2 7 17 18 2 1 2 7 0 2 4 1 2 7 0 2 7 1 2 7 17 18 2 0 2 4 0 2 7 0 59.7211945056915283
17 18 2 0 2 7 5 31 3 17 9 2 12 16 2 13 6 3 0 2 7 1 2 7 1 2 7 1 2 7 13 6 3 1 2 7 12 16 2 0 2 7 13 6 3 1 2 7 0 2 7 0 2 7 1 2 7 12 16 2 1 2 7 5 31 3 17 9 2 1 2 7 1 2 7 17 9 2 1 2 7 0 2 7 1 2 7 1 2 7 1 2 7 0 2 7 0 2 7 1 2 7 12 16 2 0 2 7 0 2 7 16 6 2 0 2 7 0 2 7 0 2 7 0 2 7 5 31 3 1 2 7 0 2 7 0 2 7 0 2 7 0 2 7 0 2 7 0 2 7 0 2 7 17 9 2 1 2 7 0 2 7 0 2 7 1 2 4 1 2 4 17 18 2 1 2 4 0 2 7 0 59.7211945056915283
17 18 2 5 31 3 17 9 2 12 16 2 13 6 3 0 2 7 1 2 7 1 2 7 1 2 7 13 6 3 1 2 7 12 16 2 1 2 7 0 2 7 13 6 3 1 2 7 0 2 7 0 2 7 1 2 7 12 16 2 1 2 7 5 31 3 17 9 2 1 2 7 1 2 7 17 9 2 1 2 7 0 2 7 1 2 7 1 2 7 1 2 7 0 2 7 0 2 7 0 2 7 12 16 2 1 2 7 0 2 7 16 6 2 0 2 7 0 2 7 0 2 7 0 2 7 5 31 3 0 2 7 0 2 7 0 2 7 0 2 7 0 2 7 0 2 7 1 2 7 0 2 7 0 2 7 1 2 4 0 2 7 0 2 7 1 2 4 17 9 2 0 2 4 17 18 2 1 2 7 0 59.7211945056915283
17 18 2 0 2 7 5 31 3 17 9 2 12 16 2 13 6 3 0 2 7 1 2 7 1 2 7 1 2 4 13 6 3 1 2 7 12 16 2 0 2 7 13 6 3 1 2 7 0 2 7 1 2 7 12 16 2 0 2 7 5 31 3 17 9 2 1 2 7 17 9 2 1 2 7 0 2 7 1 2 7 1 2 7 1 2 7 1 2 7 0 2 7 12 16 2 0 2 7 0 2 7 16 6 2 0 2 7 0 2 7 0 2 7 0 2 4 5 31 3 1 2 7 0 2 7 0 2 7 0 2 7 0 2 7 0 2 7 0 2 7 0 2 7 1 2 7 1 2 7 1 2 7 1 2 7 0 2 7 17 18 2 0 2 7 0 2 7 0 2 4 1 2 7 1 2 7 17 9 2 0 59.7211945056915283
17 18 2 5 31 3 17 9 2 12 16 2 13 6 3 0 2 7 1 2 7 1 2 7 1 2 7 13 6 3 1 2 7 12 16 2 1 2 7 0 2 7 13 6 3 1 2 7 0 2 7 0 2 7 1 2 7 12 16 2 1 2 7 5 31 3 17 9 2 1 2 7 1 2 7 17 9 2 1 2 7 0 2 4 1 2 7 1 2 4 1 2 7 0 2 7 1 2 7 0 2 7 12 16 2 1 2 7 0 2 7 16 6 2 0 2 7 0 2 4 0 2 7 0 2 7 5 31 3 0 2 7 0 2 7 0 2 7 0 2 7 0 2 7 0 2 7 1 2 7 0 2 7 0 2 7 17 18 2 0 2 7 0 2 7 0 2 7 17 18 2 0 2 7 1 2 7 1 2 7 0 59.7211945056915283
17 18 2 0 2 7 5 31 3 17 9 2 12 16 2 13 6 3 0 2 7 1 2 7 1 2 7 1 2 7 13 6 3 1 2 7 12 16 2 0 2 7 13 6 3 1 2 7 0 2 7 1 2 7 12 16 2 0 2 7 5 31 3 17 9 2 1 2 7 17 9 2 1 2 7 0 2 7 1 2 7 1 2 7 1 2 7 1 2 7 0 2 7 12 16 2 0 2 7 0 2 7 16 6 2 0 2 7 0 2 7 0 2 7 0 2 7 5 31 3 1 2 7 0 2 7 0 2 7 0 2 7 0 2 7 0 2 7 0 2 7 0 2 7 0 2 7 1 2 7 1 2 7 17 18 2 1 2 7 0 2 4 1 2 7 17 9 2 0 2 4 0 2 4 1 2 7 1 2 7 0 59.7211945056915283
17 18 2 0 2 7 5 31 3 17 9 2 12 16 2 13 6 3 0 2 7 1 2 7 1 2 7 1 2 4 13 6 3 1 2 7 12 16 2 0 2 7 13 6 3 1 2 7 0 2 7 1 2 7 12 16 2 0 2 7 5 31 3 17 9 2 1 2 7 17 9 2 1 2 7 0 2 7 1 2 7 1 2 7 1 2 7 1 2 7 0 2 7 12 16 2 0 2 7 0 2 7 16 6 2 0 2 7 0 2 7 0 2 7 0 2 7 5 31 3 1 2 7 0 2 7 0 2 7 0 2 7 0 2 7 0 2 7 0 2 7 0 2 7 1 2 7 1 2 7 1 2 7 1 2 7 0 2 7 17 18 2 0 2 7 0 2 4 0 2 7 17 18 2 1 2 4 1 2 7 0 59.7211945056915283
17 18 2 5 31 3 17 9 2 12 16 2 13 6 3 0 2 7 1 2 7 1 2 7 1 2 7 13 6 3 1 2 7 12 16 2 1 2 7 0 2 7 13 6 3 1 2 7 0 2 7 0 2 7 1 2 7 12 16 2 1 2 7 5 31 3 17 9 2 1 2 7 1 2 7 17 9 2 1 2 7 0 2 7 1 2 7 1 2 7 1 2 7 0 2 7 0 2 7 0 2 7 12 16 2 1 2 7 0 2 7 16 6 2 0 2 7 0 2 7 0 2 7 0 2 7 5 31 3 0 2 7 0 2 7 0 2 7 0 2 7 0 2 7 0 2 7 1 2 7 0 2 7 0 2 7 1 2 4 0 2 7 0 2 7 1 2 4 17 9 2 0 2 7 1 2 4 17 9 2 0 59.7211945056915283
17 18 2 0 2 7 5 31 3 17 9 2 12 16 2 13 6 3 0 2 7 1 2 7 1 2 7 1 2 4 13 6 3 1 2 4 12 16 2 0 2 7 13 6 3 1 2 7 0 2 7 1 2 7 12 16 2 0 2 7 5 31 3 17 9 2 1 2 7 17 9 2 1 2 7 0 2 7 1 2 7 1 2 7 1 2 7 1 2 7 0 2 7 12 16 2 0 2 7 0 2 7 16 6 2 0 2 7 0 2 7 0 2 7 0 2 7 5 31 3 1 2 7 0 2 7 0 2 7 0 2 7 0 2 7 0 2 7 0 2 7 0 2 7 0 2 7 1 2 7 1 2 7 17 18 2 1 2 7 1 2 7 1 2 7 0 2 7 0 2 7 0 2 7 17 18 2 1 2 4 0 59.7211945056915283
17 18 2 5 31 3 17 9 2 12 16 2 13 6 3 0 2 7 1 2 7 1 2 7 1 2 7 13 6 3 1 2 7 12 16 2 1 2 7 0 2 7 13 6 3 1 2 7 0 2 7 0 2 7 1 2 7 12 16 2 1 2 7 5 31 3 17 9 2 1 2 7 1 2 7 17 9 2 1 2 7 0 2 7 1 2 7 1 2 7 1 2 7 0 2 7 0 2 7 0 2 7 12 16 2 1 2 7 0 2 7 16 6 2 0 2 7 0 2 7 0 2 7 0 2 7 5 31 3 0 2 4 0 2 7 0 2 7 0 2 7 0 2 7 0 2 7 0 2 7 1 2 7 0 2 7 0 2 7 1 2 4 0 2 7 1 2 7 0 2 7 1 2 4 17 9 2 17 9 2 0 59.7211945056915283

Current Evaluation = 13500(13500)
Front Size = 10
17 18 2 0 2 7 5 31 3 17 9 2 12 16 2 13 6 3 0 2 7 1 2 7 1 2 7 1 2 7 13 6 3 1 2 7 12 16 2 0 2 7 13 6 3 1 2 7 0 2 7 1 2 7 12 16 2 0 2 7 5 31 3 17 9 2 1 2 7 17 9 2 1 2 7 0 2 7 1 2 7 1 2 7 1 2 7 1 2 7 0 2 7 12 16 2 0 2 7 0 2 7 16 6 2 0 2 7 0 2 7 0 2 7 0 2 7 5 31 3 1 2 7 0 2 7 0 2 7 0 2 7 0 2 7 0 2 7 0 2 7 0 2 7 0 2 7 1 2 7 1 2 7 17 18 2 1 2 7 0 2 4 1 2 7 0 2 4 0 2 4 1 2 7 1 2 7 17 9 2 0 59.7211945056915283
17 18 2 0 2 7 5 31 3 17 9 2 12 16 2 13 6 3 0 2 7 1 2 7 1 2 7 1 2 4 13 6 3 1 2 7 12 16 2 0 2 7 13 6 3 1 2 7 0 2 7 1 2 7 12 16 2 0 2 7 5 31 3 17 9 2 1 2 7 17 9 2 1 2 7 0 2 7 1 2 7 1 2 7 1 2 7 1 2 7 0 2 7 12 16 2 0 2 7 0 2 7 16 6 2 0 2 7 0 2 7 0 2 7 5 31 3 1 2 7 0 2 7 0 2 7 0 2 7 0 2 7 0 2 7 0 2 7 0 2 7 1 2 7 1 2 7 1 2 7 1 2 7 0 2 7 0 2 7 0 2 7 1 2 4 0 2 7 0 2 4 1 2 7 17 18 2 17 9 2 0 59.7211945056915283
17 18 2 0 2 7 5 31 3 17 9 2 12 16 2 13 6 3 0 2 7 1 2 7 1 2 7 1 2 7 13 6 3 1 2 7 12 16 2 0 2 7 13 6 3 1 2 7 0 2 7 0 2 7 12 16 2 0 2 7 5 31 3 17 9 2 1 2 7 17 9 2 1 2 7 0 2 7 1 2 7 1 2 4 1 2 7 0 2 7 0 2 7 12 16 2 0 2 7 0 2 7 16 6 2 0 2 7 0 2 7 0 2 7 0 2 7 5 31 3 1 2 7 0 2 7 0 2 7 0 2 7 0 2 7 0 2 7 0 2 7 0 2 7 0 2 7 1 2 7 0 2 7 17 18 2 1 2 4 17 9 2 1 2 7 1 2 7 1 2 4 1 2 7 1 2 7 1 2 7 0 59.7211945056915283
17 18 2 0 2 7 5 31 3 17 9 2 12 16 2 13 6 3 0 2 7 1 2 7 1 2 7 1 2 4 13 6 3 1 2 7 12 16 2 0 2 7 13 6 3 1 2 7 0 2 7 1 2 7 12 16 2 0 2 7 5 31 3 17 9 2 1 2 7 17 9 2 1 2 7 0 2 7 1 2 7 1 2 7 1 2 7 1 2 7 0 2 7 12 16 2 0 2 7 0 2 7 16 6 2 0 2 7 0 2 7 0 2 7 5 31 3 1 2 7 0 2 7 0 2 7 0 2 7 0 2 7 0 2 7 0 2 7 0 2 7 1 2 7 1 2 7 1 2 7 1 2 7 0 2 7 0 2 7 0 2 7 1 2 4 0 2 7 0 2 4 1 2 7 17 18 2 17 18 2 0 59.7211945056915283
17 18 2 0 2 7 5 31 3 17 9 2 12 16 2 13 6 3 0 2 7 1 2 7 1 2 7 1 2 7 13 6 3 1 2 7 12 16 2 0 2 7 13 6 3 1 2 7 0 2 7 1 2 7 12 16 2 0 2 7 5 31 3 17 9 2 1 2 7 17 9 2 1 2 7 0 2 7 1 2 7 1 2 7 1 2 7 1 2 7 0 2 7 12 16 2 0 2 7 0 2 4 16 6 2 0 2 7 0 2 7 0 2 7 0 2 7 5 31 3 1 2 7 0 2 7 0 2 7 0 2 7 0 2 7 1 2 7 0 2 7 0 2 7 0 2 7 1 2 7 1 2 7 17 18 2 1 2 7 0 2 4 1 2 7 0 2 7 1 2 7 17 18 2 0 2 4 0 2 7 0 59.7211945056915283
17 18 2 5 31 3 17 9 2 12 16 2 13 6 3 0 2 7 1 2 7 1 2 7 1 2 7 13 6 3 1 2 7 12 16 2 1 2 7 0 2 7 13 6 3 1 2 7 0 2 7 0 2 7 1 2 7 12 16 2 1 2 7 5 31 3 17 9 2 1 2 7 1 2 7 17 9 2 1 2 7 0 2 7 1 2 7 1 2 7 1 2 7 0 2 7 0 2 7 0 2 7 12 16 2 1 2 7 0 2 7 16 6 2 0 2 7 0 2 7 0 2 7 0 2 7 5 31 3 0 2 7 0 2 7 0 2 7 0 2 7 0 2 7 0 2 7 1 2 7 0 2 7 0 2 7 1 2 4 0 2 7 0 2 7 1 2 4 17 9 2 0 2 7 1 2 4 17 9 2 0 59.7211945056915283
17 18 2 0 2 7 5 31 3 17 9 2 12 16 2 13 6 3 0 2 7 1 2 7 1 2 7 1 2 4 13 6 3 1 2 7 12 16 2 0 2 7 13 6 3 1 2 7 0 2 7 1 2 7 12 16 2 0 2 7 5 31 3 17 9 2 1 2 7 17 9 2 1 2 7 0 2 7 1 2 7 1 2 7 1 2 7 1 2 7 0 2 7 12 16 2 0 2 7 0 2 7 16 6 2 0 2 7 0 2 7 0 2 7 5 31 3 1 2 7 0 2 7 0 2 7 0 2 7 0 2 7 0 2 7 0 2 7 0 2 7 1 2 7 1 2 7 1 2 7 1 2 7 0 2 7 0 2 7 0 2 7 1 2 4 0 2 7 17 18 2 17 18 2 0 2 7 1 2 4 0 59.7211945056915283
17 18 2 0 2 7 5 31 3 17 9 2 12 16 2 13 6 3 0 2 7 1 2 7 1 2 7 1 2 4 13 6 3 1 2 7 12 16 2 0 2 7 13 6 3 1 2 7 0 2 7 1 2 7 12 16 2 0 2 7 5 31 3 17 9 2 1 2 7 17 9 2 1 2 7 0 2 7 1 2 7 1 2 7 1 2 7 1 2 7 0 2 7 12 16 2 0 2 7 0 2 7 16 6 2 0 2 7 0 2 7 0 2 7 5 31 3 1 2 7 0 2 7 0 2 7 0 2 7 0 2 7 0 2 7 0 2 7 0 2 7 1 2 7 1 2 7 1 2 7 1 2 7 0 2 7 0 2 7 0 2 7 1 2 4 0 2 7 0 2 4 1 2 7 17 9 2 17 9 2 0 59.7211945056915283
17 18 2 0 2 7 5 31 3 17 9 2 12 16 2 13 6 3 0 2 7 1 2 7 1 2 7 1 2 7 13 6 3 1 2 7 12 16 2 0 2 7 13 6 3 1 2 7 0 2 7 0 2 7 12 16 2 0 2 7 5 31 3 17 9 2 1 2 7 17 9 2 1 2 7 0 2 7 1 2 7 1 2 7 0 2 7 0 2 7 12 16 2 0 2 7 0 2 7 16 6 2 0 2 7 0 2 7 0 2 7 0 2 7 5 31 3 1 2 7 0 2 7 0 2 7 0 2 7 0 2 7 0 2 7 0 2 7 1 2 7 17 18 2 17 9 2 1 2 7 1 2 7 1 2 7 1 2 7 1 2 7 1 2 4 1 2 7 0 2 4 0 2 7 1 2 7 0 2 4 0 59.7211945056915283
17 18 2 0 2 7 5 31 3 17 9 2 12 16 2 13 6 3 0 2 7 1 2 7 1 2 7 1 2 4 13 6 3 12 16 2 0 2 7 13 6 3 1 2 7 0 2 7 1 2 7 12 16 2 0 2 7 5 31 3 17 9 2 1 2 7 17 9 2 1 2 7 0 2 7 1 2 7 1 2 7 1 2 7 1 2 7 0 2 7 12 16 2 0 2 7 0 2 7 16 6 2 0 2 7 0 2 7 0 2 7 0 2 7 5 31 3 1 2 7 0 2 7 0 2 7 0 2 7 0 2 7 0 2 7 0 2 7 0 2 7 0 2 7 1 2 7 1 2 7 17 18 2 1 2 7 1 2 7 1 2 7 0 2 7 17 18 2 0 2 4 1 2 7 0 2 4 1 2 7 0 59.7211945056915283

Current Evaluation = 14400(14400)
Front Size = 10
17 18 2 0 2 7 5 31 3 17 9 2 12 16 2 13 6 3 0 2 7 1 2 7 1 2 7 1 2 7 13 6 3 1 2 7 12 16 2 0 2 7 13 6 3 1 2 7 0 2 7 1 2 7 12 16 2 0 2 4 5 31 3 17 9 2 1 2 7 17 9 2 1 2 7 1 2 7 1 2 7 1 2 7 1 2 7 1 2 7 0 2 7 12 16 2 0 2 7 16 6 2 0 2 7 0 2 7 0 2 7 0 2 7 5 31 3 1 2 7 0 2 7 0 2 7 0 2 7 0 2 7 1 2 7 0 2 7 0 2 7 1 2 7 1 2 7 17 18 2 0 2 7 0 2 7 0 2 7 0 2 4 1 2 7 17 18 2 1 2 7 0 2 7 0 2 4 0 2 7 0 59.7211945056915283
17 18 2 0 2 7 5 31 3 17 9 2 12 16 2 13 6 3 0 2 7 1 2 7 1 2 7 1 2 7 13 6 3 1 2 7 12 16 2 0 2 7 13 6 3 1 2 7 0 2 7 1 2 7 12 16 2 0 2 7 5 31 3 17 9 2 1 2 7 17 9 2 1 2 7 0 2 7 1 2 7 1 2 7 1 2 7 1 2 7 0 2 7 12 16 2 0 2 7 16 6 2 0 2 7 0 2 7 0 2 7 0 2 7 5 31 3 1 2 7 0 2 7 0 2 7 0 2 7 0 2 7 1 2 7 1 2 7 1 2 7 0 2 7 0 2 7 0 2 7 0 2 7 17 9 2 0 2 7 0 2 7 0 2 4 0 2 7 1 2 4 1 2 7 17 18 2 1 2 4 0 59.7211945056915283
17 18 2 0 2 7 5 31 3 17 9 2 12 16 2 13 6 3 0 2 7 1 2 7 1 2 7 1 2 7 13 6 3 1 2 7 12 16 2 0 2 7 13 6 3 1 2 7 0 2 7 0 2 7 12 16 2 0 2 7 5 31 3 17 9 2 1 2 7 17 9 2 1 2 7 0 2 7 1 2 7 1 2 7 0 2 7 0 2 7 12 16 2 0 2 7 0 2 7 16 6 2 0 2 7 0 2 7 0 2 7 0 2 7 5 31 3 1 2 7 0 2 7 0 2 7 0 2 7 0 2 7 0 2 7 0 2 7 1 2 7 17 18 2 1 2 7 1 2 7 1 2 7 1 2 7 1 2 7 1 2 7 0 2 4 1 2 7 0 2 4 1 2 7 17 9 2 0 2 4 0 59.7211945056915283
17 18 2 0 2 7 5 31 3 17 9 2 12 16 2 13 6 3 0 2 7 1 2 7 1 2 7 1 2 7 13 6 3 1 2 7 12 16 2 0 2 7 13 6 3 1 2 7 0 2 7 1 2 4 12 16 2 0 2 7 5 31 3 17 9 2 1 2 7 17 9 2 1 2 7 0 2 7 1 2 7 1 2 7 1 2 7 1 2 7 0 2 7 12 16 2 0 2 7 0 2 7 16 6 2 0 2 7 0 2 7 0 2 7 0 2 7 5 31 3 1 2 7 0 2 7 0 2 7 0 2 7 0 2 7 0 2 7 0 2 7 0 2 7 0 2 7 1 2 7 1 2 7 1 2 7 0 2 7 1 2 7 17 9 2 0 2 4 1 2 7 0 2 7 1 2 4 17 9 2 0 59.7211945056915283
17 18 2 0 2 7 5 31 3 17 9 2 12 16 2 13 6 3 0 2 7 1 2 7 1 2 7 1 2 7 13 6 3 1 2 7 12 16 2 0 2 7 13 6 3 1 2 7 0 2 7 1 2 7 12 16 2 0 2 7 5 31 3 17 9 2 1 2 7 17 9 2 1 2 7 0 2 7 1 2 7 1 2 7 1 2 7 1 2 7 0 2 7 12 16 2 0 2 7 16 6 2 0 2 7 0 2 7 0 2 7 0 2 7 5 31 3 1 2 7 0 2 7 0 2 7 0 2 7 0 2 7 1 2 7 0 2 7 0 2 7 1 2 7 1 2 7 17 18 2 0 2 7 0 2 7 17 18 2 0 2 7 1 2 4 0 2 4 1 2 7 0 2 7 1 2 4 0 2 7 0 59.7211945056915283
17 18 2 0 2 7 5 31 3 17 9 2 12 16 2 13 6 3 0 2 7 1 2 7 1 2 7 1 2 7 13 6 3 1 2 7 12 16 2 0 2 7 13 6 3 1 2 7 0 2 7 1 2 7 12 16 2 0 2 7 5 31 3 17 9 2 1 2 7 17 9 2 1 2 7 0 2 7 1 2 7 1 2 7 1 2 7 1 2 7 0 2 7 12 16 2 0 2 7 16 6 2 0 2 7 0 2 7 0 2 7 0 2 7 5 31 3 1 2 7 0 2 7 0 2 7 0 2 7 0 2 7 1 2 7 0 2 4 0 2 4 1 2 7 1 2 7 0 2 4 0 2 7 1 2 7 0 2 7 1 2 7 0 2 7 0 2 7 17 9 2 0 2 7 1 2 7 17 9 2 0 59.7211945056915283
17 18 2 0 2 7 5 31 3 17 9 2 12 16 2 13 6 3 0 2 7 1 2 7 1 2 7 1 2 7 13 6 3 1 2 7 12 16 2 0 2 7 13 6 3 1 2 7 0 2 7 1 2 7 12 16 2 0 2 7 5 31 3 17 9 2 1 2 7 17 9 2 1 2 7 0 2 7 1 2 7 1 2 7 1 2 7 0 2 4 0 2 7 12 16 2 0 2 7 0 2 7 16 6 2 0 2 7 0 2 7 0 2 4 0 2 7 5 31 3 1 2 7 0 2 7 0 2 7 0 2 7 0 2 7 0 2 7 0 2 7 0 2 7 0 2 7 1 2 7 1 2 7 1 2 7 17 9 2 0 2 7 1 2 7 1 2 7 17 18 2 0 2 7 1 2 7 1 2 4 0 59.7211945056915283
17 18 2 0 2 7 5 31 3 17 9 2 12 16 2 13 6 3 0 2 7 1 2 7 1 2 7 1 2 7 13 6 3 1 2 7 12 16 2 0 2 7 13 6 3 1 2 7 0 2 7 12 16 2 0 2 7 5 31 3 17 9 2 1 2 7 17 9 2 1 2 7 0 2 7 1 2 7 1 2 7 1 2 7 1 2 7 0 2 7 12 16 2 0 2 7 0 2 7 16 6 2 0 2 7 0 2 7 0 2 7 0 2 7 5 31 3 1 2 7 0 2 7 0 2 7 0 2 7 0 2 7 0 2 7 0 2 7 0 2 7 0 2 7 1 2 7 1 2 7 1 2 7 1 2 7 0 2 4 1 2 7 1 2 4 0 2 7 1 2 7 17 9 2 0 2 7 1 2 7 7.71664430580486634e-05 59.7731955051422119
17 18 2 0 2 7 5 31 3 17 9 2 12 16 2 13 6 3 0 2 7 1 2 7 1 2 7 1 2 7 13 6 3 1 2 7 12 16 2 0 2 7 13 6 3 1 2 7 0 2 7 1 2 7 12 16 2 0 2 7 5 31 3 17 9 2 1 2 7 17 9 2 1 2 7 0 2 7 1 2 7 1 2 7 1 2 7 1 2 7 0 2 7 12 16 2 0 2 7 16 6 2 0 2 7 0 2 7 0 2 7 0 2 7 5 31 3 1 2 7 0 2 7 0 2 7 0 2 7 0 2 7 1 2 7 0 2 7 0 2 7 1 2 7 1 2 7 0 2 7 0 2 7 1 2 4 17 18 2 0 2 7 0 2 7 0 2 7 1 2 4 0 2 7 1 2 4 17 9 2 0 59.7211945056915283
17 18 2 0 2 7 5 31 3 17 9 2 12 16 2 13 6 3 0 2 7 1 2 7 1 2 7 1 2 4 13 6 3 1 2 7 12 16 2 0 2 7 13 6 3 1 2 7 0 2 7 1 2 7 12 16 2 0 2 7 5 31 3 17 9 2 1 2 7 17 9 2 1 2 7 0 2 7 1 2 7 1 2 7 1 2 7 1 2 7 0 2 7 12 16 2 0 2 7 0 2 7 16 6 2 0 2 7 0 2 7 0 2 7 5 31 3 1 2 7 0 2 7 0 2 7 0 2 7 0 2 7 0 2 7 0 2 7 0 2 7 1 2 7 1 2 7 1 2 7 1 2 7 0 2 7 0 2 7 0 2 7 1 2 4 0 2 7 17 18 2 17 18 2 0 2 7 1 2 4 0 59.7211945056915283

Current Evaluation = 15300(15300)
Front Size = 10
17 18 2 0 2 7 5 31 3 17 9 2 12 16 2 13 6 3 0 2 7 1 2 7 1 2 7 1 2 7 13 6 3 1 2 7 12 16 2 0 2 7 13 6 3 1 2 7 0 2 7 1 2 7 12 16 2 0 2 7 5 31 3 17 9 2 1 2 7 17 9 2 1 2 7 0 2 7 1 2 7 1 2 7 1 2 7 0 2 4 0 2 7 12 16 2 0 2 7 0 2 7 16 6 2 0 2 7 0 2 7 0 2 4 0 2 7 5 31 3 1 2 7 0 2 7 0 2 7 0 2 7 0 2 7 0 2 7 0 2 7 0 2 7 0 2 7 1 2 7 1 2 7 1 2 7 0 2 7 1 2 7 1 2 7 17 18 2 1 2 7 17 9 2 1 2 7 0 2 4 0 59.7211945056915283
17 18 2 0 2 7 5 31 3 17 9 2 12 16 2 13 6 3 0 2 7 1 2 7 1 2 7 1 2 7 13 6 3 1 2 7 12 16 2 0 2 7 13 6 3 1 2 7 0 2 7 1 2 7 12 16 2 0 2 7 5 31 3 17 9 2 1 2 7 17 9 2 1 2 7 0 2 7 1 2 7 1 2 7 1 2 7 1 2 7 0 2 7 12 16 2 0 2 4 16 6 2 0 2 7 0 2 7 0 2 7 0 2 7 5 31 3 1 2 7 0 2 7 0 2 7 0 2 7 0 2 7 1 2 7 0 2 7 0 2 7 1 2 7 1 2 7 0 2 7 0 2 7 1 2 4 0 2 4 0 2 7 17 9 2 17 18 2 0 2 7 1 2 7 0 2 7 1 2 7 0 59.7211945056915283
17 18 2 0 2 7 5 31 3 17 9 2 12 16 2 13 6 3 0 2 7 1 2 7 1 2 7 1 2 7 13 6 3 1 2 7 12 16 2 0 2 7 13 6 3 1 2 7 0 2 7 1 2 7 12 16 2 0 2 7 5 31 3 17 9 2 1 2 7 17 9 2 1 2 7 0 2 7 1 2 7 1 2 7 1 2 7 0 2 7 12 16 2 0 2 7 0 2 7 16 6 2 0 2 7 0 2 7 0 2 7 5 31 3 1 2 7 0 2 7 0 2 7 0 2 7 0 2 7 0 2 7 0 2 7 0 2 7 0 2 7 1 2 7 1 2 7 1 2 7 0 2 7 1 2 7 17 18 2 17 9 2 1 2 4 0 2 4 1 2 7 0 2 7 0 2 7 1 2 4 0 59.7211945056915283
17 18 2 0 2 7 5 31 3 17 9 2 12 16 2 13 6 3 0 2 7 1 2 7 1 2 7 1 2 7 13 6 3 1 2 7 12 16 2 0 2 4 13 6 3 1 2 7 0 2 7 1 2 7 12 16 2 0 2 7 5 31 3 17 9 2 1 2 7 17 9 2 1 2 7 0 2 7 1 2 7 1 2 7 1 2 7 1 2 7 0 2 7 12 16 2 16 6 2 0 2 7 0 2 7 0 2 7 0 2 7 5 31 3 1 2 7 0 2 7 0 2 7 0 2 7 0 2 7 1 2 7 0 2 7 0 2 7 1 2 7 1 2 7 0 2 7 0 2 7 1 2 4 0 2 7 17 18 2 0 2 7 0 2 7 0 2 4 17 18 2 1 2 7 1 2 7 0 2 7 0 59.7211945056915283
17 18 2 0 2 7 5 31 3 17 9 2 12 16 2 13 6 3 0 2 7 1 2 7 1 2 7 1 2 7 13 6 3 1 2 7 12 16 2 0 2 7 13 6 3 1 2 7 0 2 7 1 2 4 12 16 2 0 2 7 5 31 3 17 9 2 1 2 7 17 9 2 1 2 7 0 2 7 1 2 7 1 2 7 1 2 7 1 2 7 0 2 7 12 16 2 0 2 7 0 2 7 16 6 2 0 2 7 0 2 7 0 2 7 0 2 7 5 31 3 1 2 7 0 2 7 0 2 7 0 2 7 0 2 7 0 2 7 0 2 7 0 2 7 0 2 7 1 2 7 1 2 7 1 2 7 0 2 7 1 2 7 17 9 2 0 2 4 1 2 7 0 2 7 1 2 4 17 9 2 0 59.7211945056915283
17 18 2 0 2 7 5 31 3 17 9 2 12 16 2 13 6 3 0 2 7 1 2 7 1 2 7 1 2 7 13 6 3 1 2 7 12 16 2 0 2 7 13 6 3 1 2 7 0 2 7 1 2 4 12 16 2 0 2 7 5 31 3 17 9 2 1 2 7 17 9 2 1 2 7 0 2 7 1 2 7 1 2 7 1 2 7 1 2 7 0 2 7 12 16 2 0 2 7 0 2 7 16 6 2 0 2 7 0 2 7 0 2 7 0 2 7 5 31 3 1 2 7 0 2 7 0 2 7 0 2 7 0 2 7 0 2 7 0 2 7 0 2 7 0 2 7 1 2 7 1 2 7 1 2 7 0 2 7 1 2 7 0 2 7 1 2 4 17 18 2 1 2 4 0 2 7 17 9 2 0 59.7211945056915283
17 18 2 0 2 7 5 31 3 17 9 2 12 16 2 13 6 3 0 2 7 1 2 7 1 2 7 1 2 7 13 6 3 1 2 7 12 16 2 0 2 7 13 6 3 1 2 7 0 2 7 1 2 4 12 16 2 0 2 7 5 31 3 17 9 2 1 2 7 17 9 2 1 2 7 0 2 7 1 2 7 1 2 7 1 2 7 1 2 7 0 2 7 12 16 2 0 2 7 0 2 7 16 6 2 0 2 7 0 2 7 0 2 7 0 2 7 5 31 3 1 2 7 0 2 7 0 2 7 0 2 7 0 2 7 0 2 7 0 2 7 0 2 7 0 2 7 1 2 7 1 2 7 1 2 7 0 2 7 1 2 7 0 2 7 1 2 4 17 18 2 1 2 7 0 2 4 17 18 2 0 59.7211945056915283
17 18 2 0 2 7 5 31 3 17 9 2 12 16 2 13 6 3 0 2 4 1 2 7 1 2 7 1 2 7 13 6 3 1 2 7 12 16 2 0 2 7 13 6 3 1 2 7 0 2 7 1 2 7 12 16 2 0 2 7 5 31 3 17 9 2 1 2 7 17 9 2 1 2 7 0 2 7 1 2 7 1 2 7 1 2 7 1 2 7 0 2 7 12 16 2 0 2 7 16 6 2 0 2 7 0 2 7 0 2 7 0 2 7 5 31 3 1 2 7 1 2 7 0 2 7 0 2 7 0 2 7 1 2 7 1 2 7 1 2 7 0 2 4 0 2 7 0 2 7 0 2 7 17 9 2 0 2 7 0 2 7 1 2 7 0 2 7 0 2 7 17 9 2 0 2 7 1 2 4 0 59.7211945056915283
17 18 2 0 2 7 5 31 3 17 9 2 12 16 2 13 6 3 0 2 7 1 2 7 1 2 7 1 2 7 13 6 3 1 2 7 12 16 2 0 2 7 13 6 3 1 2 7 0 2 7 1 2 4 12 16 2 0 2 7 5 31 3 17 9 2 1 2 7 17 9 2 1 2 7 0 2 7 1 2 7 1 2 7 1 2 7 1 2 7 0 2 7 12 16 2 0 2 7 0 2 7 16 6 2 0 2 7 0 2 7 0 2 7 0 2 7 5 31 3 1 2 7 0 2 7 0 2 7 0 2 7 0 2 7 0 2 7 0 2 7 0 2 7 0 2 7 1 2 7 1 2 7 1 2 7 0 2 7 1 2 7 0 2 7 1 2 4 1 2 4 17 18 2 0 2 7 17 18 2 0 59.7211945056915283
17 18 2 0 2 7 5 31 3 17 9 2 12 16 2 13 6 3 0 2 4 1 2 7 1 2 7 1 2 7 13 6 3 1 2 7 12 16 2 0 2 7 13 6 3 1 2 7 0 2 7 1 2 7 12 16 2 0 2 7 5 31 3 17 9 2 1 2 7 17 9 2 1 2 7 0 2 7 1 2 7 1 2 7 1 2 7 1 2 7 0 2 7 12 16 2 0 2 7 16 6 2 0 2 7 0 2 7 0 2 7 0 2 7 5 31 3 1 2 7 1 2 7 0 2 7 0 2 7 0 2 7 1 2 7 1 2 7 1 2 7 0 2 4 0 2 7 0 2 7 0 2 7 17 9 2 0 2 7 0 2 7 1 2 7 0 2 7 0 2 7 17 9 2 1 2 7 0 2 4 0 59.7211945056915283

Current Evaluation = 16200(16200)
Front Size = 10
17 18 2 0 2 7 5 31 3 17 9 2 12 16 2 13 6 3 0 2 7 1 2 7 1 2 7 1 2 7 13 6 3 1 2 7 12 16 2 0 2 7 13 6 3 1 2 7 0 2 7 1 2 4 12 16 2 0 2 7 5 31 3 17 9 2 1 2 7 17 9 2 1 2 7 0 2 7 1 2 7 1 2 7 1 2 7 1 2 7 0 2 7 12 16 2 0 2 7 0 2 7 16 6 2 0 2 7 0 2 7 0 2 7 0 2 7 5 31 3 1 2 7 0 2 7 0 2 7 0 2 7 0 2 7 0 2 7 0 2 7 0 2 7 0 2 7 1 2 7 1 2 7 1 2 7 0 2 7 1 2 7 17 18 2 1 2 7 1 2 4 0 2 4 0 2 7 17 9 2 0 59.7211945056915283
17 18 2 0 2 7 5 31 3 17 9 2 12 16 2 13 6 3 0 2 7 1 2 7 1 2 7 1 2 7 13 6 3 1 2 7 12 16 2 0 2 7 13 6 3 1 2 7 0 2 7 1 2 4 12 16 2 0 2 7 5 31 3 17 9 2 1 2 7 17 9 2 1 2 7 0 2 7 1 2 7 1 2 7 1 2 7 1 2 7 0 2 7 12 16 2 0 2 7 0 2 7 16 6 2 0 2 7 0 2 7 0 2 7 0 2 7 5 31 3 1 2 7 0 2 7 0 2 7 0 2 7 0 2 7 0 2 7 0 2 7 0 2 7 0 2 7 1 2 7 1 2 7 1 2 7 0 2 7 1 2 7 0 2 7 1 2 4 1 2 4 0 2 7 17 9 2 17 18 2 0 59.7211945056915283
17 18 2 0 2 7 5 31 3 17 9 2 12 16 2 13 6 3 0 2 7 1 2 7 1 2 7 1 2 7 13 6 3 1 2 7 12 16 2 0 2 7 13 6 3 1 2 7 0 2 7 1 2 7 12 16 2 0 2 7 5 31 3 17 9 2 1 2 7 17 9 2 1 2 7 0 2 7 1 2 7 1 2 7 1 2 7 0 2 7 12 16 2 0 2 7 0 2 7 16 6 2 0 2 7 0 2 7 0 2 7 5 31 3 1 2 7 0 2 4 0 2 7 0 2 7 0 2 7 0 2 7 0 2 7 0 2 7 0 2 7 1 2 7 1 2 7 1 2 7 0 2 7 1 2 7 17 9 2 1 2 4 0 2 7 1 2 7 0 2 7 0 2 4 17 18 2 1 2 7 0 59.7211945056915283
17 18 2 0 2 7 5 31 3 17 9 2 12 16 2 13 6 3 0 2 7 1 2 7 1 2 7 1 2 7 13 6 3 1 2 7 12 16 2 0 2 7 13 6 3 1 2 7 0 2 7 1 2 7 12 16 2 0 2 7 5 31 3 17 9 2 1 2 7 17 9 2 1 2 7 0 2 4 1 2 7 1 2 7 1 2 7 0 2 7 12 16 2 0 2 7 0 2 7 16 6 2 0 2 7 0 2 7 0 2 7 5 31 3 1 2 7 0 2 4 0 2 7 0 2 7 0 2 7 0 2 7 0 2 7 0 2 7 0 2 7 1 2 7 1 2 7 1 2 7 0 2 7 1 2 7 17 9 2 0 2 7 1 2 7 17 18 2 1 2 7 0 2 4 1 2 7 0 2 7 0 59.7211945056915283
17 18 2 0 2 7 5 31 3 17 9 2 12 16 2 13 6 3 0 2 7 1 2 7 1 2 7 1 2 7 13 6 3 1 2 7 12 16 2 0 2 7 13 6 3 1 2 7 0 2 7 1 2 7 12 16 2 0 2 7 5 31 3 17 9 2 17 9 2 1 2 7 0 2 7 1 2 7 1 2 7 1 2 7 0 2 7 12 16 2 0 2 7 0 2 7 16 6 2 0 2 7 0 2 7 0 2 4 0 2 7 5 31 3 1 2 7 1 2 7 0 2 7 0 2 7 0 2 7 0 2 7 0 2 7 0 2 7 0 2 7 1 2 7 1 2 7 1 2 7 0 2 7 1 2 7 0 2 7 1 2 7 1 2 4 17 18 2 0 2 7 0 2 4 1 2 7 17 18 2 0 59.7211945056915283
17 18 2 0 2 7 5 31 3 17 9 2 12 16 2 13 6 3 0 2 7 1 2 7 1 2 7 1 2 7 13 6 3 1 2 7 12 16 2 0 2 7 13 6 3 1 2 7 0 2 7 1 2 4 12 16 2 0 2 7 5 31 3 17 9 2 1 2 7 17 9 2 1 2 7 0 2 7 1 2 7 1 2 4 1 2 7 1 2 7 0 2 7 12 16 2 0 2 7 0 2 7 16 6 2 0 2 7 0 2 7 0 2 7 0 2 7 5 31 3 1 2 7 0 2 7 0 2 7 0 2 7 0 2 7 0 2 7 0 2 7 0 2 7 0 2 7 1 2 7 1 2 7 1 2 7 0 2 7 1 2 7 17 9 2 0 2 7 1 2 4 0 2 7 1 2 7 17 9 2 0 59.7211945056915283
17 18 2 0 2 7 5 31 3 17 9 2 12 16 2 13 6 3 0 2 7 1 2 7 1 2 7 1 2 7 13 6 3 1 2 7 12 16 2 0 2 7 13 6 3 1 2 7 0 2 7 1 2 7 12 16 2 0 2 7 5 31 3 17 9 2 1 2 7 17 9 2 1 2 7 0 2 7 1 2 7 1 2 7 1 2 7 0 2 7 12 16 2 0 2 7 0 2 7 16 6 2 0 2 7 0 2 7 0 2 7 5 31 3 1 2 7 0 2 4 0 2 7 0 2 7 0 2 7 0 2 7 0 2 7 0 2 7 0 2 7 1 2 7 1 2 7 1 2 7 0 2 7 1 2 7 17 9 2 1 2 4 0 2 7 1 2 7 0 2 7 0 2 4 17 9 2 1 2 7 0 59.7211945056915283
17 18 2 0 2 7 5 31 3 17 9 2 12 16 2 13 6 3 0 2 7 1 2 7 1 2 7 1 2 7 13 6 3 1 2 7 12 16 2 0 2 7 13 6 3 1 2 7 0 2 7 1 2 7 12 16 2 0 2 7 5 31 3 17 9 2 1 2 7 17 9 2 1 2 7 0 2 7 1 2 7 1 2 7 1 2 7 0 2 4 0 2 7 12 16 2 0 2 7 0 2 7 16 6 2 0 2 4 0 2 7 0 2 4 0 2 7 5 31 3 1 2 7 0 2 7 0 2 7 0 2 7 0 2 7 0 2 7 0 2 7 0 2 7 0 2 7 1 2 7 1 2 7 1 2 7 0 2 7 1 2 7 1 2 7 1 2 7 17 18 2 1 2 7 0 2 7 17 18 2 0 59.7211945056915283
17 18 2 0 2 7 5 31 3 17 9 2 12 16 2 13 6 3 0 2 7 1 2 7 1 2 7 1 2 7 13 6 3 1 2 7 12 16 2 0 2 7 13 6 3 1 2 7 0 2 7 1 2 7 12 16 2 0 2 7 5 31 3 17 9 2 1 2 7 17 9 2 1 2 7 0 2 7 1 2 7 1 2 7 1 2 7 0 2 7 12 16 2 0 2 7 0 2 7 16 6 2 0 2 7 0 2 7 0 2 7 5 31 3 1 2 7 0 2 4 0 2 7 0 2 7 0 2 7 0 2 7 0 2 7 0 2 7 0 2 7 1 2 7 1 2 7 1 2 7 0 2 7 1 2 7 17 9 2 1 2 4 0 2 7 1 2 7 0 2 7 1 2 4 17 9 2 0 2 7 0 59.7211945056915283
17 18 2 0 2 7 5 31 3 17 9 2 12 16 2 13 6 3 0 2 7 1 2 7 1 2 7 1 2 7 13 6 3 1 2 7 12 16 2 0 2 7 13 6 3 1 2 7 0 2 7 1 2 7 12 16 2 0 2 7 5 31 3 17 9 2 1 2 7 17 9 2 1 2 7 0 2 7 1 2 7 1 2 7 1 2 7 0 2 4 0 2 7 12 16 2 0 2 7 0 2 7 16 6 2 0 2 7 0 2 7 0 2 4 0 2 7 5 31 3 1 2 7 0 2 7 0 2 7 0 2 7 0 2 7 0 2 7 0 2 7 0 2 7 0 2 7 1 2 7 1 2 7 1 2 7 0 2 7 1 2 7 1 2 7 1 2 7 17 9 2 1 2 7 0 2 4 17 9 2 0 59.7211945056915283

Current Evaluation = 17100(17100)
Front Size = 10
17 18 2 0 2 7 5 31 3 17 9 2 12 16 2 13 6 3 0 2 7 1 2 7 1 2 7 1 2 7 13 6 3 1 2 7 12 16 2 0 2 7 13 6 3 1 2 7 0 2 7 1 2 4 12 16 2 0 2 7 5 31 3 17 9 2 1 2 7 17 9 2 1 2 7 0 2 7 1 2 7 1 2 7 1 2 7 1 2 7 0 2 7 12 16 2 0 2 7 0 2 7 16 6 2 0 2 7 0 2 7 0 2 7 0 2 7 5 31 3 1 2 7 0 2 7 0 2 7 0 2 7 0 2 7 0 2 7 0 2 7 0 2 7 0 2 7 1 2 7 0 2 7 1 2 7 0 2 7 1 2 7 0 2 7 17 9 2 1 2 4 17 9 2 1 2 7 1 2 4 0 59.7211945056915283
17 18 2 0 2 7 5 31 3 17 9 2 12 16 2 13 6 3 0 2 7 1 2 7 1 2 7 1 2 7 13 6 3 1 2 7 12 16 2 0 2 7 13 6 3 1 2 7 0 2 7 1 2 4 12 16 2 0 2 7 5 31 3 17 9 2 1 2 7 17 9 2 1 2 7 0 2 7 1 2 7 1 2 7 1 2 7 1 2 7 0 2 7 12 16 2 0 2 7 0 2 7 16 6 2 0 2 7 0 2 7 0 2 7 0 2 7 5 31 3 1 2 7 0 2 7 0 2 7 0 2 7 0 2 7 0 2 7 0 2 7 0 2 7 0 2 7 1 2 7 1 2 7 1 2 7 0 2 7 1 2 7 1 2 7 0 2 4 17 18 2 17 9 2 1 2 7 0 2 4 0 59.7211945056915283
17 18 2 0 2 7 5 31 3 17 9 2 12 16 2 13 6 3 0 2 7 1 2 7 1 2 7 1 2 7 13 6 3 1 2 7 12 16 2 0 2 7 13 6 3 1 2 7 0 2 7 1 2 7 12 16 2 0 2 7 5 31 3 17 9 2 1 2 7 17 9 2 1 2 7 0 2 7 1 2 7 1 2 7 1 2 7 0 2 4 0 2 7 12 16 2 0 2 7 0 2 7 16 6 2 0 2 4 0 2 7 0 2 4 0 2 7 5 31 3 1 2 7 0 2 7 0 2 7 0 2 7 0 2 7 0 2 7 0 2 7 0 2 7 0 2 7 1 2 7 1 2 7 1 2 7 0 2 7 1 2 7 1 2 7 1 2 7 1 2 7 0 2 7 17 9 2 17 18 2 0 59.7211945056915283
17 18 2 0 2 7 5 31 3 17 9 2 12 16 2 13 6 3 0 2 7 1 2 7 1 2 7 1 2 7 13 6 3 1 2 7 12 16 2 0 2 7 13 6 3 1 2 7 0 2 7 1 2 4 12 16 2 0 2 7 5 31 3 17 9 2 1 2 7 17 9 2 1 2 7 0 2 7 1 2 7 1 2 7 1 2 7 0 2 7 12 16 2 0 2 7 0 2 7 16 6 2 0 2 7 0 2 7 0 2 4 0 2 7 5 31 3 1 2 7 0 2 7 0 2 7 0 2 7 0 2 7 0 2 7 0 2 7 0 2 7 0 2 7 1 2 7 1 2 7 1 2 7 0 2 7 1 2 7 0 2 7 1 2 7 17 9 2 1 2 7 17 18 2 1 2 4 0 2 7 0 59.7211945056915283
17 18 2 0 2 7 5 31 3 17 9 2 12 16 2 13 6 3 0 2 7 1 2 7 0 2 7 1 2 7 13 6 3 1 2 7 12 16 2 0 2 7 13 6 3 1 2 7 0 2 7 1 2 7 12 16 2 0 2 7 5 31 3 17 9 2 1 2 7 17 9 2 1 2 7 0 2 7 1 2 7 1 2 7 1 2 7 0 2 7 0 2 4 12 16 2 0 2 7 0 2 7 16 6 2 0 2 7 0 2 7 5 31 3 1 2 7 0 2 7 0 2 7 0 2 4 0 2 7 0 2 7 0 2 7 0 2 7 0 2 7 1 2 7 1 2 7 1 2 7 0 2 7 1 2 7 1 2 7 17 18 2 0 2 7 17 18 2 0 2 7 1 2 4 1 2 7 1 2 7 0 59.7211945056915283
17 18 2 0 2 7 5 31 3 17 9 2 12 16 2 13 6 3 0 2 7 1 2 7 1 2 7 1 2 7 13 6 3 1 2 4 12 16 2 0 2 7 13 6 3 1 2 7 0 2 7 12 16 2 0 2 7 5 31 3 17 9 2 1 2 7 17 9 2 1 2 7 0 2 7 1 2 7 1 2 7 1 2 7 1 2 7 1 2 7 12 16 2 0 2 7 0 2 7 16 6 2 0 2 7 1 2 7 0 2 7 0 2 7 5 31 3 1 2 7 0 2 4 0 2 7 0 2 7 0 2 7 0 2 7 0 2 7 0 2 7 0 2 7 1 2 7 1 2 7 1 2 7 1 2 7 17 9 2 17 9 2 0 2 7 0 2 4 1 2 7 0 2 7 0 2 7 0 2 7 0 59.7211945056915283
17 18 2 0 2 7 5 31 3 17 9 2 12 16 2 13 6 3 0 2 7 1 2 7 1 2 7 1 2 7 13 6 3 1 2 7 12 16 2 0 2 7 13 6 3 1 2 7 0 2 7 1 2 7 12 16 2 0 2 7 5 31 3 17 9 2 1 2 7 17 9 2 1 2 7 0 2 7 1 2 7 1 2 7 1 2 7 0 2 4 0 2 7 12 16 2 0 2 7 0 2 7 16 6 2 0 2 7 0 2 7 5 31 3 1 2 7 0 2 7 0 2 7 0 2 7 0 2 7 0 2 7 0 2 7 0 2 7 0 2 7 1 2 7 1 2 7 1 2 7 1 2 7 1 2 7 1 2 7 17 18 2 0 2 7 17 18 2 0 2 4 0 2 4 1 2 7 0 2 7 0 59.7211945056915283
17 18 2 0 2 7 5 31 3 17 9 2 12 16 2 13 6 3 0 2 7 1 2 7 1 2 7 1 2 7 13 6 3 1 2 7 12 16 2 0 2 7 13 6 3 1 2 7 0 2 7 1 2 4 12 16 2 0 2 7 5 31 3 17 9 2 1 2 7 17 9 2 1 2 7 0 2 7 1 2 7 1 2 7 1 2 7 1 2 7 0 2 7 12 16 2 0 2 7 0 2 7 16 6 2 0 2 7 0 2 7 0 2 7 0 2 7 5 31 3 1 2 7 0 2 7 0 2 7 0 2 7 0 2 7 0 2 7 0 2 7 0 2 7 0 2 7 1 2 7 1 2 7 1 2 7 0 2 7 1 2 7 0 2 7 1 2 7 17 9 2 1 2 4 17 9 2 0 2 4 0 59.7211945056915283
17 18 2 0 2 7 5 31 3 17 9 2 12 16 2 13 6 3 0 2 7 1 2 7 1 2 7 1 2 7 13 6 3 1 2 7 12 16 2 0 2 7 13 6 3 1 2 7 0 2 7 12 16 2 0 2 7 5 31 3 17 9 2 1 2 7 17 9 2 1 2 7 0 2 7 1 2 7 1 2 7 1 2 7 1 2 7 0 2 7 12 16 2 0 2 7 0 2 7 16 6 2 0 2 7 0 2 7 0 2 7 0 2 7 5 31 3 1 2 7 0 2 7 0 2 7 0 2 7 0 2 7 0 2 7 0 2 7 0 2 7 0 2 7 1 2 7 1 2 7 1 2 7 1 2 7 1 2 7 17 9 2 17 9 2 0 2 4 1 2 7 0 2 4 0 2 4 1 2 7 0 59.7211945056915283
17 18 2 0 2 7 5 31 3 17 9 2 12 16 2 13 6 3 0 2 7 1 2 7 1 2 7 1 2 7 13 6 3 1 2 7 12 16 2 0 2 7 13 6 3 1 2 7 0 2 7 1 2 4 12 16 2 0 2 7 5 31 3 17 9 2 1 2 7 17 9 2 1 2 7 0 2 7 1 2 7 1 2 7 1 2 7 1 2 7 0 2 7 12 16 2 0 2 7 0 2 7 16 6 2 0 2 7 0 2 7 0 2 7 0 2 7 5 31 3 1 2 7 0 2 7 0 2 7 0 2 7 0 2 7 0 2 7 0 2 7 0 2 7 0 2 7 1 2 7 1 2 7 1 2 7 0 2 7 1 2 7 0 2 7 1 2 4 1 2 4 0 2 7 17 9 2 17 18 2 0 59.7211945056915283

Current Evaluation = 18000(18000)
Front Size = 10
17 18 2 0 2 7 5 31 3 17 9 2 12 16 2 13 6 3 0 2 7 1 2 7 1 2 7 13 6 3 1 2 7 12 16 2 0 2 7 13 6 3 1 2 7 0 2 7 1 2 7 12 16 2 0 2 7 5 31 3 17 9 2 1 2 7 17 9 2 1 2 7 0 2 7 1 2 7 1 2 7 1 2 7 0 2 4 0 2 7 12 16 2 0 2 7 0 2 7 16 6 2 0 2 7 0 2 7 5 31 3 1 2 7 0 2 7 0 2 7 1 2 7 0 2 7 0 2 7 0 2 7 0 2 7 0 2 7 1 2 7 1 2 7 1 2 7 0 2 7 1 2 7 1 2 7 0 2 7 0 2 4 1 2 7 1 2 7 17 9 2 17 18 2 0 2 4 0 2 7 0 59.7211945056915283
17 18 2 0 2 7 5 31 3 17 9 2 12 16 2 13 6 3 0 2 7 1 2 7 1 2 7 1 2 7 13 6 3 1 2 7 12 16 2 0 2 7 13 6 3 1 2 7 0 2 7 12 16 2 0 2 7 5 31 3 17 9 2 1 2 7 17 9 2 1 2 7 0 2 7 1 2 7 1 2 7 1 2 7 1 2 7 0 2 7 12 16 2 0 2 7 0 2 7 16 6 2 0 2 7 0 2 7 0 2 7 0 2 7 5 31 3 1 2 7 0 2 7 0 2 7 0 2 7 0 2 7 0 2 7 0 2 7 0 2 7 0 2 7 1 2 7 1 2 7 1 2 7 1 2 7 17 18 2 0 2 7 1 2 4 1 2 7 0 2 7 0 2 4 1 2 4 17 9 2 0 59.7211945056915283
17 18 2 0 2 7 5 31 3 17 9 2 12 16 2 13 6 3 0 2 7 1 2 7 1 2 7 1 2 7 13 6 3 1 2 7 12 16 2 0 2 7 13 6 3 1 2 7 0 2 7 1 2 4 12 16 2 0 2 7 5 31 3 17 9 2 1 2 7 17 9 2 1 2 7 0 2 7 1 2 7 1 2 7 1 2 7 1 2 7 0 2 7 12 16 2 0 2 7 0 2 7 16 6 2 0 2 7 0 2 7 0 2 7 0 2 7 5 31 3 1 2 7 0 2 7 0 2 7 0 2 7 0 2 7 0 2 7 0 2 7 0 2 7 0 2 7 1 2 7 1 2 7 1 2 7 0 2 7 1 2 7 17 9 2 0 2 7 0 2 4 1 2 4 1 2 7 17 9 2 0 59.7211945056915283
17 18 2 0 2 7 5 31 3 17 9 2 12 16 2 13 6 3 0 2 7 1 2 7 1 2 7 1 2 7 13 6 3 1 2 7 12 16 2 0 2 7 13 6 3 1 2 7 0 2 7 12 16 2 0 2 7 5 31 3 17 9 2 1 2 7 17 9 2 1 2 7 0 2 7 1 2 7 1 2 7 1 2 7 1 2 7 0 2 7 12 16 2 0 2 7 0 2 7 16 6 2 0 2 7 0 2 7 0 2 7 0 2 7 5 31 3 1 2 7 0 2 7 0 2 7 0 2 7 0 2 7 0 2 7 0 2 7 0 2 7 0 2 7 1 2 7 1 2 7 1 2 7 1 2 7 1 2 7 0 2 4 1 2 7 0 2 4 1 2 4 0 2 7 17 18 2 17 9 2 0 59.7211945056915283
17 18 2 0 2 7 5 31 3 17 9 2 12 16 2 13 6 3 0 2 7 1 2 7 1 2 7 1 2 7 13 6 3 1 2 7 12 16 2 0 2 7 13 6 3 1 2 7 0 2 7 12 16 2 0 2 7 5 31 3 17 9 2 1 2 7 17 9 2 1 2 7 0 2 7 1 2 7 1 2 7 1 2 7 1 2 7 0 2 7 12 16 2 0 2 7 0 2 7 16 6 2 0 2 7 0 2 7 0 2 7 0 2 7 5 31 3 1 2 7 0 2 7 0 2 7 0 2 7 0 2 7 0 2 7 0 2 7 0 2 7 0 2 7 1 2 7 1 2 7 1 2 7 1 2 7 1 2 7 0 2 4 1 2 7 0 2 4 17 18 2 17 18 2 0 2 4 1 2 7 0 59.7211945056915283
17 18 2 0 2 7 5 31 3 17 9 2 12 16 2 13 6 3 0 2 7 1 2 7 1 2 7 1 2 7 13 6 3 1 2 7 12 16 2 0 2 7 13 6 3 1 2 7 0 2 7 1 2 4 12 16 2 0 2 7 5 31 3 17 9 2 1 2 7 17 9 2 1 2 7 0 2 7 1 2 7 1 2 7 1 2 7 1 2 7 0 2 7 12 16 2 0 2 7 0 2 7 16 6 2 0 2 7 0 2 7 0 2 7 0 2 7 5 31 3 1 2 7 0 2 7 0 2 7 0 2 7 0 2 7 0 2 7 0 2 7 0 2 7 0 2 7 1 2 7 1 2 7 1 2 7 0 2 7 1 2 7 0 2 7 1 2 4 1 2 4 0 2 7 17 9 2 17 18 2 0 59.7211945056915283
17 18 2 0 2 7 5 31 3 17 9 2 12 16 2 13 6 3 0 2 7 1 2 7 1 2 7 1 2 7 13 6 3 1 2 7 12 16 2 0 2 7 13 6 3 1 2 7 0 2 7 1 2 4 12 16 2 0 2 7 5 31 3 17 9 2 1 2 7 17 9 2 1 2 7 0 2 7 1 2 7 1 2 7 1 2 7 1 2 7 0 2 7 12 16 2 0 2 7 0 2 7 16 6 2 0 2 7 0 2 7 0 2 7 0 2 7 5 31 3 1 2 7 0 2 7 0 2 7 0 2 7 0 2 7 0 2 7 0 2 7 0 2 7 0 2 7 1 2 7 1 2 7 1 2 7 0 2 7 1 2 7 0 2 7 1 2 4 17 9 2 1 2 4 0 2 7 17 9 2 0 59.7211945056915283
17 18 2 0 2 7 5 31 3 17 9 2 12 16 2 13 6 3 0 2 7 1 2 7 1 2 7 1 2 7 13 6 3 1 2 7 12 16 2 0 2 7 13 6 3 1 2 7 0 2 7 12 16 2 0 2 7 5 31 3 17 9 2 1 2 7 17 9 2 1 2 7 0 2 7 1 2 7 1 2 7 1 2 7 1 2 7 0 2 7 12 16 2 0 2 7 0 2 7 16 6 2 0 2 7 0 2 7 0 2 7 0 2 7 5 31 3 1 2 7 0 2 7 0 2 7 0 2 7 0 2 7 0 2 7 0 2 7 0 2 7 0 2 7 1 2 7 1 2 7 1 2 7 1 2 7 1 2 7 0 2 4 1 2 7 0 2 4 17 18 2 17 18 2 1 2 4 0 2 7 0 59.7211945056915283
17 18 2 0 2 7 5 31 3 17 9 2 12 16 2 13 6 3 0 2 7 1 2 7 1 2 7 1 2 7 13 6 3 1 2 7 12 16 2 0 2 7 13 6 3 1 2 7 0 2 7 12 16 2 0 2 7 5 31 3 17 9 2 1 2 7 17 9 2 1 2 7 0 2 7 1 2 7 1 2 7 1 2 7 1 2 7 0 2 7 12 16 2 0 2 7 0 2 7 16 6 2 0 2 7 0 2 7 0 2 7 0 2 7 5 31 3 1 2 7 0 2 7 0 2 7 0 2 7 0 2 7 0 2 7 0 2 7 0 2 7 0 2 7 1 2 7 1 2 7 1 2 7 1 2 7 1 2 7 0 2 4 1 2 7 0 2 4 1 2 4 0 2 7 17 9 2 17 9 2 0 59.7211945056915283
17 18 2 0 2 7 5 31 3 17 9 2 12 16 2 13 6 3 0 2 7 1 2 7 1 2 7 1 2 7 13 6 3 1 2 7 12 16 2 0 2 7 13 6 3 1 2 7 0 2 7 12 16 2 0 2 7 5 31 3 17 9 2 1 2 7 17 9 2 1 2 7 0 2 7 1 2 7 1 2 7 1 2 7 1 2 7 0 2 7 12 16 2 0 2 7 0 2 7 16 6 2 0 2 7 0 2 7 0 2 7 0 2 7 5 31 3 1 2 7 0 2 7 0 2 7 0 2 7 0 2 7 0 2 7 0 2 7 0 2 7 0 2 7 1 2 7 1 2 7 1 2 7 1 2 7 17 18 2 0 2 7 1 2 4 1 2 7 0 2 7 0 2 4 1 2 4 17 18 2 0 59.7211945056915283

MonoObjective Genetic Algorithm
Number of Evaluations = 0
Mutation Probability = 0
Crossover Probability = 1
Population Size = 10
Survival Selection Type = 15

Time =  18019.9254059791565

Current Evaluation = 2030
Front Size = 10
17 18 2 0 2 7 5 31 3 17 9 2 12 16 2 13 6 3 0 2 7 1 2 7 1 2 7 13 6 3 1 2 7 12 16 2 0 2 7 13 6 3 1 2 7 0 2 7 1 2 7 12 16 2 0 2 7 5 31 3 17 9 2 1 2 7 17 9 2 1 2 7 0 2 7 1 2 7 1 2 7 1 2 7 0 2 4 0 2 7 12 16 2 0 2 7 0 2 7 16 6 2 0 2 7 0 2 7 5 31 3 1 2 7 0 2 7 0 2 7 1 2 7 0 2 7 0 2 7 0 2 7 0 2 7 0 2 7 1 2 7 1 2 7 1 2 7 0 2 7 1 2 7 1 2 7 0 2 7 0 2 4 1 2 7 1 2 7 17 9 2 17 18 2 0 2 4 0 2 7 0 59.7211945056915283
17 18 2 0 2 7 5 31 3 17 9 2 12 16 2 13 6 3 0 2 7 1 2 7 1 2 7 1 2 7 13 6 3 1 2 7 12 16 2 0 2 7 13 6 3 1 2 7 0 2 7 12 16 2 0 2 7 5 31 3 17 9 2 1 2 7 17 9 2 1 2 7 0 2 7 1 2 7 1 2 7 1 2 7 1 2 7 0 2 7 12 16 2 0 2 7 0 2 7 16 6 2 0 2 7 0 2 7 0 2 7 0 2 7 5 31 3 1 2 7 0 2 7 0 2 7 0 2 7 0 2 7 0 2 7 0 2 7 0 2 7 0 2 7 1 2 7 1 2 7 1 2 7 1 2 7 17 18 2 0 2 7 1 2 4 1 2 7 0 2 7 0 2 4 1 2 4 17 9 2 0 59.7211945056915283
17 18 2 0 2 7 5 31 3 17 9 2 12 16 2 13 6 3 0 2 7 1 2 7 1 2 7 1 2 7 13 6 3 1 2 7 12 16 2 0 2 7 13 6 3 1 2 7 0 2 7 1 2 4 12 16 2 0 2 7 5 31 3 17 9 2 1 2 7 17 9 2 1 2 7 0 2 7 1 2 7 1 2 7 1 2 7 1 2 7 0 2 7 12 16 2 0 2 7 0 2 7 16 6 2 0 2 7 0 2 7 0 2 7 0 2 7 5 31 3 1 2 7 0 2 7 0 2 7 0 2 7 0 2 7 0 2 7 0 2 7 0 2 7 0 2 7 1 2 7 1 2 7 1 2 7 0 2 7 1 2 7 17 9 2 0 2 7 0 2 4 1 2 4 1 2 7 17 9 2 0 59.7211945056915283
17 18 2 0 2 7 5 31 3 17 9 2 12 16 2 13 6 3 0 2 7 1 2 7 1 2 7 1 2 7 13 6 3 1 2 7 12 16 2 0 2 7 13 6 3 1 2 7 0 2 7 12 16 2 0 2 7 5 31 3 17 9 2 1 2 7 17 9 2 1 2 7 0 2 7 1 2 7 1 2 7 1 2 7 1 2 7 0 2 7 12 16 2 0 2 7 0 2 7 16 6 2 0 2 7 0 2 7 0 2 7 0 2 7 5 31 3 1 2 7 0 2 7 0 2 7 0 2 7 0 2 7 0 2 7 0 2 7 0 2 7 0 2 7 1 2 7 1 2 7 1 2 7 1 2 7 1 2 7 0 2 4 1 2 7 0 2 4 1 2 4 0 2 7 17 18 2 17 9 2 0 59.7211945056915283
17 18 2 0 2 7 5 31 3 17 9 2 12 16 2 13 6 3 0 2 7 1 2 7 1 2 7 1 2 7 13 6 3 1 2 7 12 16 2 0 2 7 13 6 3 1 2 7 0 2 7 12 16 2 0 2 7 5 31 3 17 9 2 1 2 7 17 9 2 1 2 7 0 2 7 1 2 7 1 2 7 1 2 7 1 2 7 0 2 7 12 16 2 0 2 7 0 2 7 16 6 2 0 2 7 0 2 7 0 2 7 0 2 7 5 31 3 1 2 7 0 2 7 0 2 7 0 2 7 0 2 7 0 2 7 0 2 7 0 2 7 0 2 7 1 2 7 1 2 7 1 2 7 1 2 7 1 2 7 0 2 4 1 2 7 0 2 4 17 18 2 17 18 2 0 2 4 1 2 7 0 59.7211945056915283
17 18 2 0 2 7 5 31 3 17 9 2 12 16 2 13 6 3 0 2 7 1 2 7 1 2 7 1 2 7 13 6 3 1 2 7 12 16 2 0 2 7 13 6 3 1 2 7 0 2 7 1 2 4 12 16 2 0 2 7 5 31 3 17 9 2 1 2 7 17 9 2 1 2 7 0 2 7 1 2 7 1 2 7 1 2 7 1 2 7 0 2 7 12 16 2 0 2 7 0 2 7 16 6 2 0 2 7 0 2 7 0 2 7 0 2 7 5 31 3 1 2 7 0 2 7 0 2 7 0 2 7 0 2 7 0 2 7 0 2 7 0 2 7 0 2 7 1 2 7 1 2 7 1 2 7 0 2 7 1 2 7 0 2 7 1 2 4 1 2 4 0 2 7 17 9 2 17 18 2 0 59.7211945056915283
17 18 2 0 2 7 5 31 3 17 9 2 12 16 2 13 6 3 0 2 7 1 2 7 1 2 7 1 2 7 13 6 3 1 2 7 12 16 2 0 2 7 13 6 3 1 2 7 0 2 7 1 2 4 12 16 2 0 2 7 5 31 3 17 9 2 1 2 7 17 9 2 1 2 7 0 2 7 1 2 7 1 2 7 1 2 7 1 2 7 0 2 7 12 16 2 0 2 7 0 2 7 16 6 2 0 2 7 0 2 7 0 2 7 0 2 7 5 31 3 1 2 7 0 2 7 0 2 7 0 2 7 0 2 7 0 2 7 0 2 7 0 2 7 0 2 7 1 2 7 1 2 7 1 2 7 0 2 7 1 2 7 0 2 7 1 2 4 17 9 2 1 2 4 0 2 7 17 9 2 0 59.7211945056915283
17 18 2 0 2 7 5 31 3 17 9 2 12 16 2 13 6 3 0 2 7 1 2 7 1 2 7 1 2 7 13 6 3 1 2 7 12 16 2 0 2 7 13 6 3 1 2 7 0 2 7 12 16 2 0 2 7 5 31 3 17 9 2 1 2 7 17 9 2 1 2 7 0 2 7 1 2 7 1 2 7 1 2 7 1 2 7 0 2 7 12 16 2 0 2 7 0 2 7 16 6 2 0 2 7 0 2 7 0 2 7 0 2 7 5 31 3 1 2 7 0 2 7 0 2 7 0 2 7 0 2 7 0 2 7 0 2 7 0 2 7 0 2 7 1 2 7 1 2 7 1 2 7 1 2 7 1 2 7 0 2 4 1 2 7 0 2 4 17 18 2 17 18 2 1 2 4 0 2 7 0 59.7211945056915283
17 18 2 0 2 7 5 31 3 17 9 2 12 16 2 13 6 3 0 2 7 1 2 7 1 2 7 1 2 7 13 6 3 1 2 7 12 16 2 0 2 7 13 6 3 1 2 7 0 2 7 12 16 2 0 2 7 5 31 3 17 9 2 1 2 7 17 9 2 1 2 7 0 2 7 1 2 7 1 2 7 1 2 7 1 2 7 0 2 7 12 16 2 0 2 7 0 2 7 16 6 2 0 2 7 0 2 7 0 2 7 0 2 7 5 31 3 1 2 7 0 2 7 0 2 7 0 2 7 0 2 7 0 2 7 0 2 7 0 2 7 0 2 7 1 2 7 1 2 7 1 2 7 1 2 7 1 2 7 0 2 4 1 2 7 0 2 4 1 2 4 0 2 7 17 9 2 17 9 2 0 59.7211945056915283
17 18 2 0 2 7 5 31 3 17 9 2 12 16 2 13 6 3 0 2 7 1 2 7 1 2 7 1 2 7 13 6 3 1 2 7 12 16 2 0 2 7 13 6 3 1 2 7 0 2 7 12 16 2 0 2 7 5 31 3 17 9 2 1 2 7 17 9 2 1 2 7 0 2 7 1 2 7 1 2 7 1 2 7 1 2 7 0 2 7 12 16 2 0 2 7 0 2 7 16 6 2 0 2 7 0 2 7 0 2 7 0 2 7 5 31 3 1 2 7 0 2 7 0 2 7 0 2 7 0 2 7 0 2 7 0 2 7 0 2 7 0 2 7 1 2 7 1 2 7 1 2 7 1 2 7 17 18 2 0 2 7 1 2 4 1 2 7 0 2 7 0 2 4 1 2 4 17 18 2 0 59.7211945056915283

