Current Evaluation = 900(900)
Front Size = 10
5 30 3 0 2 7 5 30 3 5 30 3 1 2 4 17 9 2 0 2 4 1 2 7 5 31 3 5 30 3 5 31 3 12 16 2 0 2 7 0 2 7 0 2 7 0 2 7 0 2 7 0 2 7 17 9 2 16 6 2 0 2 7 0 2 7 0 2 7 0 2 4 17 18 2 6 2 7 0 2 7 8 18 2 0 2 7 0 2 4 0 2 7 0 2 7 1 2 7 1 2 7 0 2 7 1 2 4 0 2 7 1 2 7 1 2 7 0 2 7 0 2 7 1 2 7 0 2 7 1 2 7 0 2 7 1 2 7 1 2 7 0 2 7 0 2 7 0 2 7 12 16 2 13 6 3 17 9 2 1 2 11 16 15 2 1 2 7 8 9 2 17 18 2 1 2 4 0 2 7 0 60.9651864171028137
16 19 12 5 30 3 0 2 8 5 30 3 0 2 8 5 30 3 0 2 8 16 19 12 8 18 2 0 2 8 0 2 8 8 9 2 8 9 2 16 15 2 0 2 8 0 2 8 0 2 8 0 2 8 0 2 8 0 2 8 8 9 2 0 2 8 8 18 2 1 2 8 0 2 8 0 2 8 5 30 3 0 2 8 6 2 8 0 2 8 0 2 8 16 19 12 1 2 8 0 2 8 16 15 2 0 2 8 5 30 3 5 30 3 16 19 12 5 30 3 8 9 2 0 2 8 5 30 3 8 18 2 8 18 2 0 2 8 6 2 8 16 19 12 5 30 3 0 2 8 0 2 8 6 2 8 0 2 8 0 2 8 1 2 8 0 2 8 6 2 8 0 2 8 0 2 8 0 2 8 0.00210459814700869347 68.8076027631759644
5 31 3 0 2 7 8 9 2 5 30 3 1 2 7 17 9 2 0 2 7 5 30 3 5 30 3 12 16 2 0 2 7 0 2 7 0 2 7 0 2 7 0 2 7 16 15 2 0 2 7 0 2 4 0 2 7 17 18 2 0 2 7 17 18 2 0 2 7 1 2 7 0 2 7 6 2 7 1 2 4 1 2 7 1 2 7 0 2 7 1 2 7 1 2 7 0 2 7 1 2 7 0 2 7 1 2 7 0 2 7 0 2 7 0 2 7 1 2 7 1 2 4 0 2 4 0 2 11 13 6 3 5 30 3 8 18 2 17 9 2 0 2 7 1 2 7 17 18 2 0 2 4 0 2 7 5 31 3 0 2 7 0 2 7 16 6 2 0 2 4 1 2 7 1 2 7 12 16 2 0 60.9651865363121033
5 30 3 5 30 3 5 30 3 12 16 2 5 30 3 0 2 7 0 2 8 17 9 2 16 19 12 0 2 8 0 2 8 16 15 2 0 2 8 0 2 3 8 9 2 0 2 8 5 30 3 0 2 8 8 9 2 17 9 2 8 18 2 0 2 8 0 2 8 17 9 2 8 9 2 17 18 2 0 2 8 0 2 7 1 2 8 5 30 3 0 2 8 0 2 7 1 2 8 0 2 7 1 2 7 0 2 8 5 30 3 0 2 3 12 16 2 0 2 8 5 30 3 8 18 2 0 2 8 1 2 7 0 2 12 8 9 2 0 2 8 0 2 8 16 15 2 0 2 7 8 18 2 1 2 8 0 2 3 1 2 8 0 2 8 0 2 8 1 2 8 1 2 8 0 2 12 0 2 3 0 66.8031414747238159
5 31 3 0 2 7 5 30 3 5 30 3 1 2 7 17 9 2 13 6 3 1 2 7 0 2 7 5 30 3 5 31 3 12 16 2 0 2 7 0 2 7 0 2 7 0 2 7 5 31 3 0 2 3 1 2 7 17 9 2 16 6 2 0 2 7 0 2 7 0 2 7 1 2 4 17 18 2 1 2 7 0 2 7 1 2 10 16 30 2 0 2 7 1 2 3 0 2 7 17 9 2 1 2 7 0 2 4 0 2 7 0 2 7 0 2 3 0 2 4 0 2 3 0 2 7 1 2 7 1 2 3 0 2 7 16 6 2 0 2 7 0 2 3 1 2 7 1 2 7 1 2 7 1 2 3 1 2 7 0 2 7 0 2 7 1 2 11 0 2 3 0 2 7 0 2 7 1 2 7 0 61.2258566617965698
8 9 2 5 30 3 8 18 2 5 30 3 5 30 3 5 30 3 5 30 3 12 16 2 5 31 3 12 16 2 5 30 3 1 2 8 0 2 8 0 2 8 0 2 7 8 9 2 0 2 8 1 2 8 0 2 8 0 2 7 12 16 2 8 9 2 1 2 7 17 18 2 8 9 2 0 2 13 0 2 8 12 16 2 0 2 7 0 2 8 0 2 8 0 2 8 0 2 8 0 2 3 1 2 8 16 32 2 16 19 13 16 6 2 1 2 8 0 2 3 0 2 7 0 2 8 12 16 2 0 2 8 16 19 13 1 2 8 0 2 8 0 2 3 0 2 8 16 6 2 0 2 8 0 2 3 0 2 7 5 30 3 0 2 7 0 2 3 17 9 2 0 2 8 8 18 2 1 2 8 0 66.7840062379837036
5 30 3 16 15 2 8 18 2 8 18 2 8 18 2 6 2 12 5 30 3 16 19 12 6 2 12 0 2 8 8 9 2 0 2 12 16 19 12 8 18 2 5 30 3 0 2 8 8 9 2 0 2 8 8 9 2 6 2 12 5 30 3 6 2 8 5 30 3 0 2 8 16 15 2 8 18 2 8 18 2 6 2 12 0 2 12 16 19 12 0 2 12 8 9 2 12 16 2 8 18 2 0 2 12 5 30 3 6 2 12 8 9 2 0 2 8 0 2 12 6 2 12 12 16 2 5 30 3 16 19 12 12 16 2 6 2 12 12 16 2 13 6 3 16 15 2 8 9 2 8 9 2 8 18 2 8 18 2 6 3 2 8 18 2 8 18 2 8 9 2 8 9 2 8 18 2 8 9 2 0.0663426673661009214 65.6131436824798584
8 9 2 6 2 8 8 9 2 5 30 3 16 19 12 8 18 2 0 2 8 5 30 3 8 9 2 0 2 8 5 30 3 6 2 8 0 2 8 5 30 3 0 2 8 8 18 2 8 9 2 5 30 3 12 16 2 5 30 3 12 16 2 0 2 8 8 18 2 8 9 2 8 18 2 0 2 8 12 16 2 0 2 8 0 2 8 8 18 2 8 18 2 0 2 8 0 2 8 0 2 8 16 15 2 16 19 12 16 15 2 0 2 8 0 2 8 0 2 8 6 2 8 12 16 2 0 2 8 2 3 3 9 2 7 8 9 2 6 2 8 0 2 8 16 15 2 0 2 8 6 2 8 0 2 8 5 30 3 16 15 2 8 9 2 0 2 8 6 2 8 0 2 8 6 2 8 6 2 8 0.00736875527608901737 67.6638075113296509
5 30 3 0 2 7 5 30 3 5 30 3 1 2 7 17 9 2 0 2 4 1 2 7 5 31 3 5 31 3 12 16 2 0 2 7 0 2 7 0 2 7 0 2 4 5 31 3 0 2 7 0 2 7 17 9 2 16 6 2 0 2 7 0 2 7 0 2 7 0 2 7 17 18 2 1 2 7 0 2 7 8 18 2 16 24 2 0 2 7 0 2 7 0 2 7 17 9 2 0 2 7 1 2 7 1 2 7 0 2 7 1 2 4 0 2 7 1 2 7 1 2 7 16 6 2 0 2 7 0 2 7 1 2 7 1 2 7 0 2 10 1 2 7 0 2 7 1 2 7 1 2 7 0 2 7 0 2 4 0 2 7 0 2 7 5 31 3 0 2 7 0 2 10 1 2 7 6 2 4 0 61.2412316203117371
5 30 3 0 2 7 5 30 3 5 30 3 1 2 11 17 9 2 0 2 7 0 2 7 5 31 3 5 31 3 5 31 3 12 16 2 0 2 7 0 2 7 0 2 7 0 2 7 5 31 3 0 2 7 0 2 7 17 9 2 16 6 2 0 2 7 0 2 7 0 2 7 0 2 7 17 18 2 1 2 7 0 2 7 8 18 2 16 30 2 0 2 7 0 2 7 0 2 7 17 9 2 1 2 7 0 2 4 0 2 7 0 2 4 1 2 11 1 2 7 1 2 7 0 2 4 0 2 11 1 2 4 1 2 7 16 6 2 6 2 4 0 2 7 0 2 7 1 2 7 1 2 7 0 2 7 1 2 7 0 2 7 1 2 7 1 2 7 0 2 7 0 2 7 0 2 7 1 2 7 0 61.3548195958137512

Current Evaluation = 1800(1800)
Front Size = 10
5 30 3 0 2 7 17 9 2 0 2 7 5 30 3 1 2 3 12 16 2 1 2 7 13 6 3 0 2 7 1 2 7 0 2 7 17 9 2 0 2 7 0 2 7 17 9 2 0 2 7 1 2 7 0 2 7 0 2 7 0 2 7 0 2 7 0 2 7 1 2 7 1 2 7 1 2 7 1 2 3 0 2 7 1 2 7 1 2 7 1 2 7 0 2 7 0 2 7 5 31 3 0 2 7 1 2 7 0 2 7 0 2 7 0 2 7 5 31 3 1 2 7 1 2 7 16 6 2 5 30 3 0 2 7 13 6 3 1 2 7 0 2 7 0 2 7 0 2 7 17 18 2 0 2 7 16 30 2 1 2 7 5 31 3 0 2 7 0 2 4 1 2 7 0 2 7 17 18 2 0 60.3538565635681152
16 19 12 5 31 3 0 2 8 5 31 3 0 2 8 5 30 3 0 2 8 16 19 12 0 2 8 0 2 8 12 16 2 5 30 3 0 2 8 0 2 8 0 2 8 16 19 12 6 2 7 5 30 3 1 2 8 0 2 8 5 31 3 5 30 3 5 31 3 5 30 3 0 2 8 0 2 8 16 6 2 0 2 8 0 2 8 0 2 7 0 2 7 0 2 8 17 18 2 0 2 8 0 2 7 0 2 7 0 2 7 0 2 8 1 2 8 16 6 2 0 2 3 16 19 12 0 2 7 0 2 3 8 18 2 0 2 8 0 2 8 0 2 7 5 30 3 0 2 7 0 2 8 0 2 8 0 2 8 0 2 8 0 2 7 0 2 8 0 2 8 1 2 7 0 2 7 0 2 8 1.9564149976323551e-06 67.8084262013435364
5 31 3 0 2 7 5 30 3 1 2 4 0 2 7 17 9 2 0 2 3 0 2 7 5 31 3 1 2 4 12 16 2 0 2 7 1 2 7 0 2 7 0 2 7 5 31 3 1 2 7 17 9 2 16 6 2 0 2 3 0 2 7 0 2 7 0 2 3 17 18 2 1 2 7 0 2 7 16 6 2 1 2 7 0 2 7 17 9 2 1 2 7 0 2 7 6 2 7 0 2 7 0 2 7 0 2 7 1 2 7 0 2 7 16 6 2 1 2 7 0 2 3 1 2 7 1 2 7 1 2 7 0 2 7 0 2 7 1 2 7 0 2 7 0 2 7 1 2 7 13 6 3 5 31 3 0 2 3 0 2 7 0 2 3 1 2 7 1 2 7 1 2 7 0 2 7 0 2 7 0 60.7430106997489929
8 9 2 6 2 8 8 9 2 5 30 3 16 19 12 8 18 2 0 2 8 5 30 3 8 9 2 0 2 8 5 30 3 6 2 8 0 2 8 5 30 3 0 2 8 8 18 2 8 9 2 5 30 3 12 16 2 5 30 3 12 16 2 0 2 8 8 18 2 8 9 2 8 18 2 0 2 8 12 16 2 0 2 8 0 2 8 8 18 2 8 18 2 0 2 8 0 2 8 0 2 8 16 15 2 16 19 12 16 15 2 0 2 8 0 2 8 0 2 8 6 2 8 12 16 2 0 2 8 2 3 3 9 2 7 8 9 2 6 2 8 0 2 8 16 15 2 0 2 8 6 2 8 0 2 8 5 30 3 16 15 2 8 9 2 0 2 8 6 2 8 0 2 8 6 2 8 6 2 8 0.00736875527608901737 67.6638075113296509
5 30 3 16 15 2 8 18 2 8 18 2 8 18 2 6 2 12 5 30 3 16 19 12 6 2 12 0 2 8 8 9 2 0 2 12 16 19 12 8 18 2 5 30 3 0 2 8 8 9 2 0 2 8 8 9 2 6 2 12 5 30 3 6 2 8 5 30 3 0 2 8 16 15 2 8 18 2 8 18 2 6 2 12 0 2 12 16 19 12 0 2 12 8 9 2 12 16 2 8 18 2 0 2 12 5 30 3 6 2 12 8 9 2 0 2 8 0 2 12 6 2 12 12 16 2 5 30 3 16 19 12 12 16 2 6 2 12 12 16 2 13 6 3 16 15 2 8 9 2 8 9 2 8 18 2 8 18 2 6 3 2 8 18 2 8 18 2 8 9 2 8 9 2 8 18 2 8 9 2 0.0663426673661009214 65.6131436824798584
5 30 3 5 30 3 5 30 3 12 16 2 5 30 3 0 2 7 0 2 8 17 9 2 16 19 12 0 2 8 0 2 8 16 15 2 0 2 8 0 2 3 8 9 2 0 2 8 5 30 3 0 2 8 8 9 2 17 9 2 8 18 2 0 2 8 0 2 8 17 9 2 8 9 2 17 18 2 0 2 8 0 2 7 1 2 8 5 30 3 0 2 8 0 2 7 1 2 8 0 2 7 1 2 7 0 2 8 5 30 3 0 2 3 12 16 2 0 2 8 5 30 3 8 18 2 0 2 8 1 2 7 0 2 12 8 9 2 0 2 8 0 2 8 16 15 2 0 2 7 8 18 2 1 2 8 0 2 3 1 2 8 0 2 8 0 2 8 1 2 8 1 2 8 0 2 12 0 2 3 0 66.8031414747238159
5 30 3 0 2 7 8 9 2 0 2 11 5 30 3 1 2 3 0 2 3 0 2 3 0 2 3 0 2 7 1 2 7 0 2 3 1 2 7 0 2 7 0 2 4 0 2 7 0 2 7 1 2 7 0 2 7 0 2 7 0 2 3 0 2 7 6 2 3 0 2 7 1 2 7 0 2 7 0 2 7 0 2 7 5 31 3 0 2 7 16 6 2 5 30 3 17 18 2 17 18 2 12 16 2 16 19 11 1 2 7 5 30 3 1 2 7 1 2 7 0 2 11 0 2 7 0 2 3 5 30 3 0 2 7 0 2 7 0 2 4 1 2 3 16 31 2 0 2 3 1 2 7 5 30 3 1 2 3 16 30 2 5 30 3 0 2 7 16 19 11 0 2 7 0 2 7 1 2 3 0 62.9351495504379272
5 30 3 0 2 7 17 9 2 0 2 7 5 30 3 5 30 3 12 16 2 1 2 7 13 6 3 0 2 7 1 2 7 0 2 7 17 9 2 0 2 7 0 2 7 17 9 2 0 2 7 1 2 7 0 2 7 0 2 7 1 2 7 0 2 7 0 2 7 1 2 4 1 2 7 1 2 7 1 2 7 0 2 7 1 2 7 0 2 7 1 2 7 0 2 7 0 2 7 5 31 3 1 2 7 0 2 7 0 2 7 0 2 7 0 2 7 5 31 3 1 2 7 1 2 7 16 6 2 5 30 3 0 2 7 13 6 3 1 2 7 0 2 7 0 2 4 0 2 7 17 18 2 0 2 7 16 30 2 0 2 7 5 31 3 0 2 7 1 2 7 0 2 7 17 9 2 1 2 7 0 60.3950514793395996
5 30 3 0 2 7 5 30 3 5 30 3 1 2 7 17 9 2 0 2 7 1 2 7 5 31 3 5 30 3 5 31 3 12 16 2 0 2 7 0 2 3 0 2 7 0 2 7 0 2 7 0 2 7 17 9 2 16 6 2 0 2 7 0 2 7 0 2 7 0 2 7 17 18 2 1 2 11 0 2 7 13 6 3 0 2 11 0 2 7 6 2 7 0 2 7 1 2 3 1 2 3 0 2 11 1 2 4 0 2 7 1 2 7 1 2 7 0 2 7 0 2 7 1 2 7 0 2 7 0 2 7 0 2 7 1 2 7 1 2 7 0 2 7 0 2 7 12 16 2 13 6 3 16 6 2 1 2 7 8 9 2 17 18 2 1 2 7 17 9 2 1 2 7 1 2 4 0 2 7 0 60.9156505465507507
5 30 3 0 2 7 1 2 7 17 9 2 0 2 7 5 30 3 5 31 3 12 16 2 1 2 7 13 6 3 1 2 7 0 2 7 0 2 7 0 2 7 17 9 2 16 30 2 1 2 7 0 2 4 0 2 7 17 9 2 0 2 7 0 2 7 0 2 7 0 2 7 0 2 7 1 2 7 0 2 7 1 2 7 1 2 7 1 2 7 0 2 7 1 2 7 0 2 7 1 2 7 1 2 7 1 2 7 0 2 7 0 2 7 5 31 3 0 2 7 0 2 7 0 2 4 0 2 7 0 2 7 5 31 3 0 2 7 1 2 7 16 6 2 17 9 2 5 30 3 1 2 7 13 6 3 1 2 7 5 30 3 0 2 7 0 2 7 0 2 7 1 2 7 17 18 2 0 2 7 0 60.3950514793395996

Current Evaluation = 2700(2700)
Front Size = 10
5 30 3 0 2 7 17 9 2 0 2 7 5 30 3 0 2 7 12 16 2 1 2 7 13 6 3 0 2 7 0 2 7 0 2 7 17 9 2 0 2 7 0 2 7 17 9 2 0 2 7 1 2 7 0 2 3 0 2 7 0 2 7 0 2 7 0 2 7 1 2 7 1 2 7 1 2 7 0 2 7 1 2 7 0 2 7 1 2 7 0 2 7 0 2 7 5 31 3 1 2 7 0 2 3 1 2 7 0 2 7 1 2 7 5 31 3 1 2 3 1 2 7 16 6 2 1 2 7 0 2 7 13 6 3 1 2 7 1 2 7 0 2 7 0 2 7 17 18 2 0 2 7 16 6 2 0 2 7 5 31 3 0 2 7 0 2 7 17 9 2 1 2 7 1 2 7 1 2 3 0 60.3480385541915894
5 30 3 16 15 2 8 18 2 8 18 2 8 18 2 6 2 12 5 30 3 16 19 12 6 2 12 0 2 8 8 9 2 0 2 12 16 19 12 8 18 2 5 30 3 0 2 8 8 9 2 0 2 8 8 9 2 6 2 12 5 30 3 6 2 8 5 30 3 0 2 8 16 15 2 8 18 2 8 18 2 6 2 12 0 2 12 16 19 12 0 2 12 8 9 2 12 16 2 8 18 2 0 2 12 5 30 3 6 2 12 8 9 2 0 2 8 0 2 12 6 2 12 12 16 2 5 30 3 16 19 12 12 16 2 6 2 12 12 16 2 13 6 3 16 15 2 8 9 2 8 9 2 8 18 2 8 18 2 6 3 2 8 18 2 8 18 2 8 9 2 8 9 2 8 18 2 8 9 2 0.0663426673661009214 65.6131436824798584
5 30 3 0 2 7 17 9 2 0 2 7 5 30 3 0 2 7 12 16 2 1 2 7 13 6 3 0 2 7 0 2 7 0 2 7 17 9 2 0 2 7 0 2 7 17 9 2 0 2 7 1 2 7 0 2 7 0 2 7 0 2 7 0 2 4 0 2 7 1 2 7 1 2 3 1 2 7 0 2 7 1 2 7 0 2 7 1 2 7 0 2 7 0 2 7 5 31 3 1 2 7 0 2 7 1 2 7 0 2 7 1 2 7 5 31 3 1 2 7 1 2 7 16 6 2 5 30 3 0 2 7 13 6 3 1 2 7 1 2 7 0 2 7 0 2 7 17 18 2 0 2 7 16 30 2 0 2 7 5 31 3 0 2 7 0 2 7 17 9 2 1 2 7 1 2 7 1 2 3 0 60.3538565635681152
5 30 3 5 30 3 5 30 3 12 16 2 5 30 3 0 2 7 0 2 8 17 9 2 16 19 12 0 2 8 0 2 8 16 15 2 0 2 8 0 2 3 8 9 2 0 2 8 5 30 3 0 2 8 8 9 2 17 9 2 8 18 2 0 2 8 0 2 8 17 9 2 8 9 2 17 18 2 0 2 8 0 2 7 1 2 8 5 30 3 0 2 8 0 2 7 1 2 8 0 2 7 1 2 7 0 2 8 5 30 3 0 2 3 12 16 2 0 2 8 5 30 3 8 18 2 0 2 8 1 2 7 0 2 12 8 9 2 0 2 8 0 2 8 16 15 2 0 2 7 8 18 2 1 2 8 0 2 3 1 2 8 0 2 8 0 2 8 1 2 8 1 2 8 0 2 12 0 2 3 0 66.8031414747238159
16 19 12 5 31 3 0 2 8 5 31 3 0 2 8 5 30 3 0 2 8 16 19 12 0 2 8 0 2 8 12 16 2 5 30 3 0 2 8 0 2 8 0 2 8 16 19 12 6 2 7 5 30 3 1 2 8 0 2 8 5 31 3 5 30 3 5 31 3 5 30 3 0 2 8 0 2 8 16 6 2 0 2 8 0 2 8 0 2 7 0 2 7 0 2 8 17 18 2 0 2 8 0 2 7 0 2 7 0 2 7 0 2 8 1 2 8 16 6 2 0 2 3 16 19 12 0 2 7 0 2 3 8 18 2 0 2 8 0 2 8 0 2 7 5 30 3 0 2 7 0 2 8 0 2 8 0 2 8 0 2 8 0 2 7 0 2 8 0 2 8 1 2 7 0 2 7 0 2 8 1.9564149976323551e-06 67.8084262013435364
8 9 2 6 2 8 8 9 2 5 30 3 16 19 12 8 18 2 0 2 8 5 30 3 8 9 2 0 2 8 5 30 3 6 2 8 0 2 8 5 30 3 0 2 8 8 18 2 8 9 2 5 30 3 12 16 2 5 30 3 12 16 2 0 2 8 8 18 2 8 9 2 8 18 2 0 2 8 12 16 2 0 2 8 0 2 8 8 18 2 8 18 2 0 2 8 0 2 8 0 2 8 16 15 2 16 19 12 16 15 2 0 2 8 0 2 8 0 2 8 6 2 8 12 16 2 0 2 8 2 3 3 9 2 7 8 9 2 6 2 8 0 2 8 16 15 2 0 2 8 6 2 8 0 2 8 5 30 3 16 15 2 8 9 2 0 2 8 6 2 8 0 2 8 6 2 8 6 2 8 0.00736875527608901737 67.6638075113296509
5 30 3 0 2 7 8 9 2 0 2 11 5 30 3 1 2 3 0 2 3 0 2 3 0 2 3 0 2 7 1 2 7 0 2 3 1 2 7 0 2 7 0 2 4 0 2 7 0 2 7 1 2 7 0 2 7 0 2 7 0 2 3 0 2 7 6 2 3 0 2 7 1 2 7 0 2 7 0 2 7 0 2 7 5 31 3 0 2 7 16 6 2 5 30 3 17 18 2 17 18 2 12 16 2 16 19 11 1 2 7 5 30 3 1 2 7 1 2 7 0 2 11 0 2 7 0 2 3 5 30 3 0 2 7 0 2 7 0 2 4 1 2 3 16 31 2 0 2 3 1 2 7 5 30 3 1 2 3 16 30 2 5 30 3 0 2 7 16 19 11 0 2 7 0 2 7 1 2 3 0 62.9351495504379272
5 30 3 0 2 7 17 9 2 0 2 7 5 30 3 0 2 7 12 16 2 1 2 7 13 6 3 0 2 7 0 2 7 0 2 7 17 9 2 0 2 7 0 2 7 17 9 2 0 2 7 1 2 7 0 2 7 0 2 7 0 2 7 0 2 4 0 2 7 1 2 7 1 2 3 1 2 7 0 2 7 1 2 7 0 2 7 1 2 7 0 2 7 0 2 7 5 31 3 1 2 7 0 2 7 1 2 7 0 2 7 1 2 7 5 31 3 1 2 7 1 2 7 16 6 2 5 30 3 0 2 7 13 6 3 1 2 7 1 2 7 0 2 7 0 2 7 17 18 2 0 2 7 16 30 2 0 2 7 5 31 3 0 2 7 0 2 7 17 9 2 1 2 7 1 2 7 1 2 3 0 60.3538565635681152
5 30 3 0 2 7 17 9 2 0 2 7 5 30 3 0 2 7 12 16 2 1 2 7 13 6 3 0 2 7 0 2 7 0 2 7 17 9 2 0 2 7 0 2 7 17 9 2 0 2 7 1 2 7 0 2 7 0 2 7 0 2 7 0 2 4 0 2 7 1 2 7 1 2 3 1 2 7 0 2 7 1 2 7 0 2 7 1 2 7 0 2 7 0 2 7 5 31 3 1 2 7 0 2 7 1 2 7 0 2 7 1 2 7 5 31 3 1 2 7 1 2 7 16 6 2 5 30 3 0 2 7 13 6 3 1 2 7 1 2 7 0 2 7 0 2 7 17 18 2 0 2 7 16 30 2 0 2 7 5 31 3 0 2 7 0 2 7 17 9 2 1 2 7 1 2 7 1 2 3 0 60.3538565635681152
5 30 3 0 2 7 17 9 2 0 2 7 5 30 3 0 2 7 12 16 2 1 2 7 13 6 3 0 2 7 0 2 7 0 2 7 17 9 2 0 2 7 0 2 7 17 9 2 0 2 7 1 2 7 0 2 7 0 2 7 0 2 7 0 2 4 0 2 7 1 2 7 1 2 3 1 2 7 0 2 7 1 2 7 0 2 7 1 2 7 0 2 7 0 2 7 5 31 3 1 2 7 0 2 7 1 2 7 0 2 7 1 2 7 5 31 3 1 2 7 1 2 7 16 6 2 5 30 3 0 2 7 13 6 3 1 2 7 1 2 7 0 2 7 0 2 7 17 18 2 0 2 7 16 30 2 0 2 7 5 31 3 0 2 7 0 2 7 17 9 2 1 2 7 1 2 7 1 2 3 0 60.3538565635681152

Current Evaluation = 3600(3600)
Front Size = 10
5 31 3 17 9 2 0 2 7 0 2 7 12 16 2 1 2 7 13 6 3 1 2 4 0 2 7 17 9 2 0 2 7 0 2 7 17 9 2 0 2 7 1 2 7 0 2 7 0 2 7 0 2 7 1 2 7 1 2 7 1 2 7 0 2 7 1 2 7 0 2 7 1 2 7 0 2 4 0 2 7 1 2 7 0 2 7 5 31 3 0 2 7 1 2 7 1 2 7 1 2 7 1 2 7 0 2 7 0 2 7 17 18 2 1 2 7 5 31 3 0 2 7 0 2 7 0 2 7 5 30 3 0 2 7 17 18 2 0 2 7 1 2 7 1 2 7 1 2 3 0 2 3 1 2 4 13 6 3 17 9 2 16 6 2 0 2 7 0 2 7 0 2 7 1 2 7 1 2 7 0 59.9600826501846313
5 30 3 17 9 2 0 2 7 1 2 7 0 2 7 12 16 2 1 2 7 13 6 3 0 2 7 0 2 7 0 2 7 17 9 2 0 2 7 0 2 7 17 9 2 0 2 7 1 2 7 0 2 7 1 2 7 0 2 11 1 2 7 1 2 7 1 2 7 1 2 11 0 2 4 1 2 7 0 2 7 0 2 7 0 2 7 5 31 3 1 2 7 0 2 7 1 2 7 5 31 3 1 2 7 1 2 7 1 2 7 0 2 4 0 2 4 17 18 2 0 2 7 5 31 3 0 2 11 1 2 7 0 2 4 16 30 2 5 30 3 0 2 7 0 2 7 5 31 3 0 2 7 0 2 7 6 2 7 1 2 7 0 2 7 17 18 2 0 2 7 1 2 7 0 2 7 16 30 2 0 60.7254908680915833
5 30 3 17 9 2 0 2 7 1 2 7 0 2 7 12 16 2 1 2 7 13 6 3 1 2 7 0 2 7 0 2 4 17 9 2 0 2 7 0 2 7 17 9 2 0 2 7 1 2 7 0 2 7 0 2 7 0 2 7 0 2 7 1 2 7 1 2 7 1 2 7 0 2 7 1 2 7 0 2 7 1 2 7 0 2 7 5 31 3 1 2 7 0 2 7 1 2 4 5 31 3 0 2 7 1 2 7 1 2 7 13 6 3 1 2 7 1 2 7 0 2 7 0 2 7 17 18 2 0 2 7 5 31 3 0 2 7 17 9 2 0 2 7 0 2 7 16 6 2 0 2 7 1 2 7 0 2 3 17 18 2 1 2 7 6 2 7 0 2 4 5 30 3 0 2 4 1 2 7 0 60.0775706171989441
5 30 3 16 15 2 8 18 2 8 18 2 8 18 2 6 2 12 5 30 3 16 19 12 6 2 12 0 2 8 8 9 2 0 2 12 16 19 12 8 18 2 5 30 3 0 2 8 8 9 2 0 2 8 8 9 2 6 2 12 5 30 3 6 2 8 5 30 3 0 2 8 16 15 2 8 18 2 8 18 2 6 2 12 0 2 12 16 19 12 0 2 12 8 9 2 12 16 2 8 18 2 0 2 12 5 30 3 6 2 12 8 9 2 0 2 8 0 2 12 6 2 12 12 16 2 5 30 3 16 19 12 12 16 2 6 2 12 12 16 2 13 6 3 16 15 2 8 9 2 8 9 2 8 18 2 8 18 2 6 3 2 8 18 2 8 18 2 8 9 2 8 9 2 8 18 2 8 9 2 0.0663426673661009214 65.6131436824798584
5 30 3 17 9 2 0 2 7 1 2 7 0 2 7 12 16 2 1 2 7 13 6 3 1 2 7 0 2 7 0 2 7 17 9 2 0 2 7 0 2 7 17 9 2 0 2 7 1 2 7 0 2 7 0 2 7 0 2 7 0 2 7 1 2 7 1 2 7 1 2 7 0 2 7 1 2 7 0 2 7 1 2 7 0 2 7 0 2 3 5 31 3 1 2 7 1 2 3 0 2 7 1 2 7 5 31 3 0 2 7 1 2 7 1 2 7 13 6 3 1 2 7 1 2 7 0 2 7 0 2 7 17 18 2 0 2 7 5 31 3 0 2 3 0 2 7 17 9 2 0 2 7 0 2 3 0 2 7 16 6 2 1 2 7 5 30 3 0 2 7 1 2 7 16 6 2 0 2 7 0 60.3480385541915894
8 9 2 6 2 8 8 9 2 5 30 3 16 19 12 8 18 2 0 2 8 5 30 3 8 9 2 0 2 8 5 30 3 6 2 8 0 2 8 5 30 3 0 2 8 8 18 2 8 9 2 5 30 3 12 16 2 5 30 3 12 16 2 0 2 8 8 18 2 8 9 2 8 18 2 0 2 8 12 16 2 0 2 8 0 2 8 8 18 2 8 18 2 0 2 8 0 2 8 0 2 8 16 15 2 16 19 12 16 15 2 0 2 8 0 2 8 0 2 8 6 2 8 12 16 2 0 2 8 2 3 3 9 2 7 8 9 2 6 2 8 0 2 8 16 15 2 0 2 8 6 2 8 0 2 8 5 30 3 16 15 2 8 9 2 0 2 8 6 2 8 0 2 8 6 2 8 6 2 8 0.00736875527608901737 67.6638075113296509
16 19 12 5 31 3 0 2 8 5 31 3 0 2 8 5 30 3 0 2 8 16 19 12 0 2 8 0 2 8 12 16 2 5 30 3 0 2 8 0 2 8 0 2 8 16 19 12 6 2 7 5 30 3 1 2 8 0 2 8 5 31 3 5 30 3 5 31 3 5 30 3 0 2 8 0 2 8 16 6 2 0 2 8 0 2 8 0 2 7 0 2 7 0 2 8 17 18 2 0 2 8 0 2 7 0 2 7 0 2 7 0 2 8 1 2 8 16 6 2 0 2 3 16 19 12 0 2 7 0 2 3 8 18 2 0 2 8 0 2 8 0 2 7 5 30 3 0 2 7 0 2 8 0 2 8 0 2 8 0 2 8 0 2 7 0 2 8 0 2 8 1 2 7 0 2 7 0 2 8 1.9564149976323551e-06 67.8084262013435364
5 30 3 17 9 2 1 2 7 5 30 3 0 2 7 12 16 2 1 2 7 13 6 3 1 2 7 0 2 7 0 2 7 17 9 2 0 2 7 17 9 2 0 2 7 0 2 7 0 2 7 0 2 7 0 2 7 0 2 7 1 2 4 1 2 4 0 2 7 1 2 7 0 2 7 1 2 7 0 2 7 0 2 7 5 31 3 1 2 7 0 2 7 5 31 3 0 2 7 1 2 7 13 6 3 1 2 7 1 2 7 0 2 7 0 2 7 17 18 2 0 2 7 5 31 3 0 2 7 1 2 7 17 9 2 1 2 7 0 2 7 0 2 7 16 6 2 17 18 2 1 2 7 1 2 7 6 2 3 1 2 7 1 2 4 0 2 7 1 2 4 0 2 7 0 2 7 0 2 7 0 60.0775705575942993
5 30 3 5 30 3 5 30 3 12 16 2 5 30 3 0 2 7 0 2 8 17 9 2 16 19 12 0 2 8 0 2 8 16 15 2 0 2 8 0 2 3 8 9 2 0 2 8 5 30 3 0 2 8 8 9 2 17 9 2 8 18 2 0 2 8 0 2 8 17 9 2 8 9 2 17 18 2 0 2 8 0 2 7 1 2 8 5 30 3 0 2 8 0 2 7 1 2 8 0 2 7 1 2 7 0 2 8 5 30 3 0 2 3 12 16 2 0 2 8 5 30 3 8 18 2 0 2 8 1 2 7 0 2 12 8 9 2 0 2 8 0 2 8 16 15 2 0 2 7 8 18 2 1 2 8 0 2 3 1 2 8 0 2 8 0 2 8 1 2 8 1 2 8 0 2 12 0 2 3 0 66.8031414747238159
5 31 3 17 9 2 0 2 7 1 2 3 0 2 7 12 16 2 1 2 7 13 6 3 1 2 7 0 2 7 17 9 2 0 2 7 0 2 7 17 9 2 0 2 7 1 2 7 0 2 7 0 2 7 0 2 3 0 2 7 1 2 7 1 2 7 1 2 7 0 2 7 1 2 7 0 2 7 1 2 7 0 2 4 0 2 7 1 2 7 0 2 7 1 2 4 5 31 3 0 2 7 1 2 7 1 2 7 13 6 3 1 2 7 1 2 7 0 2 7 0 2 7 17 18 2 1 2 7 5 31 3 0 2 7 17 9 2 0 2 7 0 2 7 16 6 2 5 30 3 0 2 7 17 18 2 0 2 7 0 2 7 0 2 7 1 2 7 0 2 7 1 2 7 1 2 7 1 2 4 0 59.9600826501846313

Current Evaluation = 4500(4500)
Front Size = 10
5 30 3 17 9 2 0 2 7 0 2 7 12 16 2 1 2 7 13 6 3 1 2 7 0 2 3 5 31 3 17 9 2 0 2 7 17 9 2 1 2 7 0 2 7 1 2 7 1 2 7 1 2 7 1 2 4 1 2 7 0 2 7 1 2 4 0 2 7 0 2 7 0 2 7 5 31 3 1 2 7 0 2 7 1 2 7 13 6 3 1 2 7 0 2 7 0 2 7 0 2 7 17 18 2 5 31 3 0 2 7 17 9 2 0 2 7 0 2 7 1 2 7 16 6 2 17 18 2 1 2 7 1 2 7 1 2 7 0 2 7 0 2 7 0 2 7 1 2 7 1 2 7 0 2 7 0 2 7 0 2 7 0 2 7 0 2 7 0 2 3 1 2 7 0 2 4 1 2 7 0 59.9600826501846313
16 19 12 5 31 3 0 2 8 5 31 3 0 2 8 5 30 3 0 2 8 16 19 12 0 2 8 0 2 8 12 16 2 5 30 3 0 2 8 0 2 8 0 2 8 16 19 12 6 2 7 5 30 3 1 2 8 0 2 8 5 31 3 5 30 3 5 31 3 5 30 3 0 2 8 0 2 8 16 6 2 0 2 8 0 2 8 0 2 7 0 2 7 0 2 8 17 18 2 0 2 8 0 2 7 0 2 7 0 2 7 0 2 8 1 2 8 16 6 2 0 2 3 16 19 12 0 2 7 0 2 3 8 18 2 0 2 8 0 2 8 0 2 7 5 30 3 0 2 7 0 2 8 0 2 8 0 2 8 0 2 8 0 2 7 0 2 8 0 2 8 1 2 7 0 2 7 0 2 8 1.9564149976323551e-06 67.8084262013435364
5 30 3 17 9 2 0 2 7 0 2 7 12 16 2 1 2 7 13 6 3 1 2 7 0 2 3 5 31 3 17 9 2 0 2 7 17 9 2 1 2 7 0 2 7 1 2 7 1 2 7 1 2 7 1 2 4 1 2 7 0 2 7 1 2 4 0 2 7 0 2 7 0 2 7 5 31 3 1 2 7 0 2 7 1 2 7 13 6 3 1 2 7 0 2 7 0 2 7 0 2 7 17 18 2 5 31 3 0 2 7 17 9 2 0 2 7 0 2 3 1 2 7 16 6 2 17 18 2 1 2 7 1 2 7 1 2 7 0 2 7 0 2 7 0 2 7 1 2 7 1 2 7 0 2 7 0 2 7 0 2 7 0 2 7 0 2 7 0 2 7 1 2 7 0 2 7 1 2 4 0 59.9600826501846313
5 30 3 17 9 2 0 2 7 0 2 7 12 16 2 1 2 7 13 6 3 1 2 7 0 2 3 5 31 3 17 9 2 0 2 7 17 9 2 1 2 7 0 2 3 0 2 7 1 2 7 1 2 7 1 2 7 1 2 4 1 2 7 0 2 7 1 2 4 0 2 7 0 2 7 0 2 7 5 31 3 1 2 7 0 2 7 1 2 7 13 6 3 1 2 7 0 2 7 0 2 7 0 2 7 17 18 2 5 31 3 0 2 7 17 9 2 0 2 7 0 2 7 1 2 7 16 6 2 17 18 2 1 2 7 1 2 7 1 2 7 0 2 7 0 2 7 0 2 7 1 2 7 1 2 7 0 2 7 1 2 7 1 2 7 0 2 7 0 2 7 0 2 7 0 2 4 0 2 7 0 59.9600826501846313
8 9 2 6 2 8 8 9 2 5 30 3 16 19 12 8 18 2 0 2 8 5 30 3 8 9 2 0 2 8 5 30 3 6 2 8 0 2 8 5 30 3 0 2 8 8 18 2 8 9 2 5 30 3 12 16 2 5 30 3 12 16 2 0 2 8 8 18 2 8 9 2 8 18 2 0 2 8 12 16 2 0 2 8 0 2 8 8 18 2 8 18 2 0 2 8 0 2 8 0 2 8 16 15 2 16 19 12 16 15 2 0 2 8 0 2 8 0 2 8 6 2 8 12 16 2 0 2 8 2 3 3 9 2 7 8 9 2 6 2 8 0 2 8 16 15 2 0 2 8 6 2 8 0 2 8 5 30 3 16 15 2 8 9 2 0 2 8 6 2 8 0 2 8 6 2 8 6 2 8 0.00736875527608901737 67.6638075113296509
5 30 3 16 15 2 8 18 2 8 18 2 8 18 2 6 2 12 5 30 3 16 19 12 6 2 12 0 2 8 8 9 2 0 2 12 16 19 12 8 18 2 5 30 3 0 2 8 8 9 2 0 2 8 8 9 2 6 2 12 5 30 3 6 2 8 5 30 3 0 2 8 16 15 2 8 18 2 8 18 2 6 2 12 0 2 12 16 19 12 0 2 12 8 9 2 12 16 2 8 18 2 0 2 12 5 30 3 6 2 12 8 9 2 0 2 8 0 2 12 6 2 12 12 16 2 5 30 3 16 19 12 12 16 2 6 2 12 12 16 2 13 6 3 16 15 2 8 9 2 8 9 2 8 18 2 8 18 2 6 3 2 8 18 2 8 18 2 8 9 2 8 9 2 8 18 2 8 9 2 0.0663426673661009214 65.6131436824798584
5 30 3 17 9 2 0 2 7 1 2 7 0 2 7 12 16 2 1 2 7 13 6 3 0 2 7 0 2 7 0 2 7 17 9 2 0 2 7 0 2 7 17 9 2 0 2 7 1 2 7 0 2 7 1 2 7 0 2 11 1 2 7 1 2 7 1 2 7 1 2 11 0 2 4 1 2 7 0 2 7 0 2 7 0 2 7 5 31 3 1 2 7 0 2 7 1 2 7 5 31 3 1 2 7 1 2 7 1 2 7 0 2 4 0 2 4 17 18 2 0 2 7 5 31 3 0 2 11 1 2 7 0 2 4 16 30 2 5 30 3 0 2 7 0 2 7 5 31 3 0 2 7 0 2 7 6 2 7 1 2 7 0 2 7 17 18 2 0 2 7 1 2 7 0 2 7 16 30 2 0 60.7254908680915833
5 30 3 17 9 2 0 2 7 0 2 7 12 16 2 1 2 7 13 6 3 1 2 7 0 2 3 5 31 3 17 9 2 0 2 7 17 9 2 1 2 7 0 2 7 1 2 7 1 2 7 1 2 7 1 2 4 1 2 7 0 2 7 1 2 4 0 2 7 0 2 7 0 2 7 5 31 3 1 2 7 0 2 7 1 2 7 13 6 3 1 2 7 0 2 7 0 2 7 0 2 7 17 18 2 5 31 3 0 2 7 17 9 2 0 2 7 0 2 7 1 2 7 16 6 2 17 18 2 1 2 7 1 2 7 1 2 7 0 2 7 0 2 7 0 2 7 1 2 7 1 2 7 0 2 7 0 2 7 0 2 7 0 2 7 0 2 7 0 2 3 1 2 7 0 2 4 1 2 7 0 59.9600826501846313
5 30 3 17 9 2 0 2 7 0 2 7 12 16 2 1 2 7 13 6 3 1 2 7 0 2 3 5 31 3 17 9 2 0 2 7 17 9 2 1 2 7 0 2 3 0 2 7 1 2 7 1 2 7 1 2 7 1 2 4 1 2 7 0 2 7 1 2 4 0 2 7 0 2 7 0 2 7 5 31 3 1 2 7 0 2 7 1 2 7 13 6 3 1 2 7 0 2 7 0 2 7 0 2 7 17 18 2 5 31 3 0 2 7 17 9 2 0 2 7 0 2 7 1 2 7 16 6 2 17 18 2 1 2 7 1 2 7 1 2 7 0 2 7 0 2 7 0 2 7 1 2 7 1 2 7 0 2 7 1 2 7 1 2 7 0 2 7 0 2 7 0 2 7 0 2 4 0 2 7 0 59.9600826501846313
5 30 3 5 30 3 5 30 3 12 16 2 5 30 3 0 2 7 0 2 8 17 9 2 16 19 12 0 2 8 0 2 8 16 15 2 0 2 8 0 2 3 8 9 2 0 2 8 5 30 3 0 2 8 8 9 2 17 9 2 8 18 2 0 2 8 0 2 8 17 9 2 8 9 2 17 18 2 0 2 8 0 2 7 1 2 8 5 30 3 0 2 8 0 2 7 1 2 8 0 2 7 1 2 7 0 2 8 5 30 3 0 2 3 12 16 2 0 2 8 5 30 3 8 18 2 0 2 8 1 2 7 0 2 12 8 9 2 0 2 8 0 2 8 16 15 2 0 2 7 8 18 2 1 2 8 0 2 3 1 2 8 0 2 8 0 2 8 1 2 8 1 2 8 0 2 12 0 2 3 0 66.8031414747238159

Current Evaluation = 5400(5400)
Front Size = 10
5 30 3 17 9 2 0 2 7 0 2 7 12 16 2 1 2 7 13 6 3 1 2 7 0 2 3 5 31 3 17 9 2 0 2 7 17 9 2 1 2 7 0 2 7 1 2 7 1 2 7 1 2 7 1 2 4 1 2 7 0 2 7 1 2 4 0 2 7 0 2 7 0 2 7 5 31 3 1 2 7 0 2 7 1 2 7 13 6 3 1 2 7 0 2 7 0 2 7 0 2 7 17 18 2 5 31 3 0 2 7 17 9 2 0 2 7 0 2 7 1 2 7 16 6 2 17 18 2 1 2 7 1 2 7 1 2 7 0 2 7 0 2 7 0 2 7 1 2 7 0 2 7 0 2 7 1 2 7 0 2 7 0 2 7 0 2 7 0 2 4 1 2 7 0 2 3 1 2 7 0 59.9600826501846313
5 30 3 17 9 2 0 2 7 0 2 7 12 16 2 1 2 7 13 6 3 1 2 7 0 2 3 5 31 3 17 9 2 0 2 7 17 9 2 0 2 7 0 2 7 1 2 7 1 2 7 1 2 7 1 2 7 1 2 7 0 2 7 1 2 4 0 2 7 0 2 7 0 2 4 5 31 3 1 2 7 0 2 7 1 2 7 13 6 3 1 2 7 0 2 7 0 2 7 0 2 7 17 18 2 5 31 3 0 2 7 17 9 2 0 2 7 0 2 7 1 2 4 16 6 2 17 18 2 1 2 7 1 2 7 1 2 7 0 2 7 0 2 7 0 2 7 1 2 7 0 2 7 0 2 7 1 2 7 0 2 7 0 2 7 0 2 7 0 2 7 1 2 7 1 2 7 1 2 3 0 59.9600826501846313
5 30 3 17 9 2 0 2 7 0 2 7 12 16 2 1 2 7 13 6 3 1 2 7 0 2 3 5 31 3 17 9 2 0 2 7 17 9 2 0 2 7 0 2 7 1 2 7 1 2 7 1 2 7 1 2 7 1 2 7 0 2 7 1 2 4 0 2 7 0 2 7 0 2 4 5 31 3 1 2 7 0 2 7 1 2 7 13 6 3 1 2 7 0 2 7 0 2 7 0 2 7 17 18 2 5 31 3 0 2 7 17 9 2 0 2 7 0 2 7 1 2 4 16 6 2 17 18 2 1 2 7 1 2 7 1 2 7 0 2 7 0 2 7 0 2 7 1 2 7 0 2 7 0 2 7 1 2 7 0 2 7 0 2 7 0 2 7 0 2 7 1 2 7 1 2 7 1 2 3 0 59.9600826501846313
16 19 12 5 31 3 0 2 8 5 31 3 0 2 8 5 30 3 0 2 8 16 19 12 0 2 8 0 2 8 12 16 2 5 30 3 0 2 8 0 2 8 0 2 8 16 19 12 6 2 7 5 30 3 1 2 8 0 2 8 5 31 3 5 30 3 5 31 3 5 30 3 0 2 8 0 2 8 16 6 2 0 2 8 0 2 8 0 2 7 0 2 7 0 2 8 17 18 2 0 2 8 0 2 7 0 2 7 0 2 7 0 2 8 1 2 8 16 6 2 0 2 3 16 19 12 0 2 7 0 2 3 8 18 2 0 2 8 0 2 8 0 2 7 5 30 3 0 2 7 0 2 8 0 2 8 0 2 8 0 2 8 0 2 7 0 2 8 0 2 8 1 2 7 0 2 7 0 2 8 1.9564149976323551e-06 67.8084262013435364
5 30 3 17 9 2 0 2 7 0 2 7 12 16 2 1 2 7 13 6 3 1 2 7 0 2 3 5 31 3 17 9 2 0 2 7 17 9 2 0 2 7 0 2 7 1 2 7 1 2 7 1 2 7 1 2 7 1 2 7 0 2 7 1 2 4 0 2 7 0 2 7 0 2 4 5 31 3 1 2 7 0 2 7 1 2 7 13 6 3 1 2 7 0 2 7 0 2 7 0 2 7 17 18 2 5 31 3 0 2 7 17 9 2 0 2 7 0 2 7 1 2 4 16 6 2 17 18 2 1 2 7 1 2 7 1 2 7 0 2 7 0 2 7 0 2 7 1 2 7 0 2 7 0 2 7 1 2 7 0 2 7 0 2 7 0 2 7 0 2 7 1 2 7 1 2 7 1 2 3 0 59.9600826501846313
5 30 3 17 9 2 0 2 7 0 2 7 12 16 2 1 2 7 13 6 3 1 2 7 0 2 3 5 31 3 17 9 2 0 2 7 17 9 2 1 2 7 0 2 7 1 2 7 1 2 7 1 2 7 1 2 4 1 2 7 0 2 7 1 2 4 0 2 7 0 2 7 0 2 7 5 31 3 1 2 7 0 2 7 1 2 7 13 6 3 1 2 7 0 2 7 0 2 7 0 2 7 17 18 2 5 31 3 0 2 7 17 9 2 0 2 7 0 2 7 1 2 7 16 6 2 17 18 2 1 2 7 1 2 7 1 2 7 0 2 7 0 2 7 0 2 7 1 2 7 0 2 7 0 2 7 1 2 7 0 2 7 0 2 7 0 2 7 0 2 4 1 2 7 1 2 3 0 2 7 0 59.9600826501846313
5 30 3 5 30 3 5 30 3 12 16 2 5 30 3 0 2 7 0 2 8 17 9 2 16 19 12 0 2 8 0 2 8 16 15 2 0 2 8 0 2 3 8 9 2 0 2 8 5 30 3 0 2 8 8 9 2 17 9 2 8 18 2 0 2 8 0 2 8 17 9 2 8 9 2 17 18 2 0 2 8 0 2 7 1 2 8 5 30 3 0 2 8 0 2 7 1 2 8 0 2 7 1 2 7 0 2 8 5 30 3 0 2 3 12 16 2 0 2 8 5 30 3 8 18 2 0 2 8 1 2 7 0 2 12 8 9 2 0 2 8 0 2 8 16 15 2 0 2 7 8 18 2 1 2 8 0 2 3 1 2 8 0 2 8 0 2 8 1 2 8 1 2 8 0 2 12 0 2 3 0 66.8031414747238159
8 9 2 6 2 8 8 9 2 5 30 3 16 19 12 8 18 2 0 2 8 5 30 3 8 9 2 0 2 8 5 30 3 6 2 8 0 2 8 5 30 3 0 2 8 8 18 2 8 9 2 5 30 3 12 16 2 5 30 3 12 16 2 0 2 8 8 18 2 8 9 2 8 18 2 0 2 8 12 16 2 0 2 8 0 2 8 8 18 2 8 18 2 0 2 8 0 2 8 0 2 8 16 15 2 16 19 12 16 15 2 0 2 8 0 2 8 0 2 8 6 2 8 12 16 2 0 2 8 2 3 3 9 2 7 8 9 2 6 2 8 0 2 8 16 15 2 0 2 8 6 2 8 0 2 8 5 30 3 16 15 2 8 9 2 0 2 8 6 2 8 0 2 8 6 2 8 6 2 8 0.00736875527608901737 67.6638075113296509
5 30 3 16 15 2 8 18 2 8 18 2 8 18 2 6 2 12 5 30 3 16 19 12 6 2 12 0 2 8 8 9 2 0 2 12 16 19 12 8 18 2 5 30 3 0 2 8 8 9 2 0 2 8 8 9 2 6 2 12 5 30 3 6 2 8 5 30 3 0 2 8 16 15 2 8 18 2 8 18 2 6 2 12 0 2 12 16 19 12 0 2 12 8 9 2 12 16 2 8 18 2 0 2 12 5 30 3 6 2 12 8 9 2 0 2 8 0 2 12 6 2 12 12 16 2 5 30 3 16 19 12 12 16 2 6 2 12 12 16 2 13 6 3 16 15 2 8 9 2 8 9 2 8 18 2 8 18 2 6 3 2 8 18 2 8 18 2 8 9 2 8 9 2 8 18 2 8 9 2 0.0663426673661009214 65.6131436824798584
5 30 3 17 9 2 0 2 7 0 2 7 12 16 2 1 2 7 13 6 3 1 2 7 0 2 3 5 31 3 17 9 2 0 2 7 17 9 2 1 2 7 0 2 7 1 2 7 1 2 7 1 2 7 1 2 4 1 2 7 0 2 7 1 2 4 0 2 7 0 2 7 0 2 7 5 31 3 1 2 7 0 2 7 1 2 7 13 6 3 1 2 7 0 2 7 0 2 7 0 2 7 17 18 2 5 31 3 0 2 7 17 9 2 0 2 7 0 2 7 1 2 7 16 6 2 17 18 2 1 2 7 1 2 7 1 2 7 0 2 7 0 2 7 0 2 7 1 2 7 0 2 7 0 2 7 1 2 7 0 2 7 0 2 7 0 2 7 0 2 4 1 2 7 0 2 3 1 2 7 0 59.9600826501846313

Current Evaluation = 6300(6300)
Front Size = 10
5 30 3 17 9 2 0 2 7 0 2 7 12 16 2 1 2 7 13 6 3 1 2 7 0 2 3 5 31 3 17 9 2 0 2 7 17 9 2 0 2 7 0 2 7 1 2 7 1 2 7 1 2 7 1 2 7 1 2 7 0 2 7 1 2 4 0 2 7 0 2 7 0 2 4 5 31 3 1 2 7 0 2 7 1 2 7 13 6 3 1 2 7 0 2 7 0 2 7 0 2 7 17 18 2 5 31 3 0 2 7 17 9 2 0 2 7 0 2 7 1 2 4 16 6 2 17 18 2 1 2 7 1 2 7 1 2 7 0 2 7 0 2 7 0 2 7 1 2 7 0 2 7 0 2 7 1 2 7 0 2 7 0 2 7 0 2 7 0 2 7 1 2 7 1 2 7 1 2 3 0 59.9600826501846313
8 9 2 6 2 8 8 9 2 5 30 3 16 19 12 8 18 2 0 2 8 5 30 3 8 9 2 0 2 8 5 30 3 6 2 8 0 2 8 5 30 3 0 2 8 8 18 2 8 9 2 5 30 3 12 16 2 5 30 3 12 16 2 0 2 8 8 18 2 8 9 2 8 18 2 0 2 8 12 16 2 0 2 8 0 2 8 8 18 2 8 18 2 0 2 8 0 2 8 0 2 8 16 15 2 16 19 12 16 15 2 0 2 8 0 2 8 0 2 8 6 2 8 12 16 2 0 2 8 2 3 3 9 2 7 8 9 2 6 2 8 0 2 8 16 15 2 0 2 8 6 2 8 0 2 8 5 30 3 16 15 2 8 9 2 0 2 8 6 2 8 0 2 8 6 2 8 6 2 8 0.00736875527608901737 67.6638075113296509
5 30 3 17 9 2 0 2 7 0 2 7 12 16 2 1 2 7 13 6 3 1 2 7 0 2 3 5 31 3 17 9 2 0 2 7 17 9 2 0 2 7 0 2 7 1 2 7 1 2 7 1 2 7 1 2 7 1 2 7 0 2 7 1 2 4 0 2 7 0 2 7 0 2 4 5 31 3 1 2 7 0 2 7 1 2 7 13 6 3 1 2 7 0 2 7 0 2 7 0 2 7 17 18 2 5 31 3 0 2 7 17 9 2 0 2 7 0 2 7 1 2 4 16 6 2 17 18 2 1 2 7 1 2 7 1 2 7 0 2 7 0 2 7 0 2 7 1 2 7 0 2 7 0 2 7 1 2 7 0 2 7 0 2 7 0 2 7 0 2 7 1 2 7 1 2 7 1 2 3 0 59.9600826501846313
16 19 12 5 31 3 0 2 8 5 31 3 0 2 8 5 30 3 0 2 8 16 19 12 0 2 8 0 2 8 12 16 2 5 30 3 0 2 8 0 2 8 0 2 8 16 19 12 6 2 7 5 30 3 1 2 8 0 2 8 5 31 3 5 30 3 5 31 3 5 30 3 0 2 8 0 2 8 16 6 2 0 2 8 0 2 8 0 2 7 0 2 7 0 2 8 17 18 2 0 2 8 0 2 7 0 2 7 0 2 7 0 2 8 1 2 8 16 6 2 0 2 3 16 19 12 0 2 7 0 2 3 8 18 2 0 2 8 0 2 8 0 2 7 5 30 3 0 2 7 0 2 8 0 2 8 0 2 8 0 2 8 0 2 7 0 2 8 0 2 8 1 2 7 0 2 7 0 2 8 1.9564149976323551e-06 67.8084262013435364
5 30 3 17 9 2 0 2 7 0 2 7 12 16 2 1 2 7 13 6 3 1 2 7 0 2 3 5 31 3 17 9 2 0 2 7 17 9 2 0 2 7 0 2 7 1 2 7 1 2 7 1 2 7 1 2 7 1 2 7 0 2 7 1 2 4 0 2 7 0 2 7 0 2 4 5 31 3 1 2 7 0 2 7 1 2 7 13 6 3 1 2 7 0 2 7 0 2 7 0 2 7 17 18 2 5 31 3 0 2 7 17 9 2 0 2 7 0 2 7 1 2 4 16 6 2 17 18 2 1 2 7 1 2 7 1 2 7 0 2 7 0 2 7 0 2 7 1 2 7 0 2 7 0 2 7 1 2 7 0 2 7 0 2 7 0 2 7 1 2 7 1 2 7 0 2 3 1 2 7 0 59.9600826501846313
5 30 3 17 9 2 0 2 7 0 2 7 12 16 2 1 2 7 13 6 3 1 2 7 0 2 3 5 31 3 17 9 2 0 2 7 17 9 2 0 2 7 0 2 7 1 2 7 1 2 7 1 2 7 1 2 7 1 2 7 0 2 7 1 2 4 0 2 7 0 2 7 0 2 4 5 31 3 1 2 7 0 2 7 1 2 7 13 6 3 1 2 7 0 2 7 0 2 7 0 2 7 17 18 2 5 31 3 0 2 7 17 9 2 0 2 7 0 2 7 1 2 4 16 6 2 17 18 2 1 2 7 1 2 7 1 2 7 0 2 7 0 2 7 0 2 7 1 2 7 0 2 7 0 2 7 1 2 7 0 2 7 0 2 7 0 2 7 0 2 7 1 2 7 1 2 7 1 2 3 0 59.9600826501846313
5 30 3 17 9 2 0 2 7 0 2 7 12 16 2 1 2 7 13 6 3 1 2 7 0 2 3 5 31 3 17 9 2 0 2 7 17 9 2 0 2 7 0 2 7 1 2 7 1 2 7 1 2 7 1 2 7 1 2 7 0 2 7 1 2 4 0 2 7 0 2 7 0 2 4 5 31 3 1 2 7 0 2 7 1 2 7 13 6 3 1 2 7 0 2 7 0 2 7 0 2 7 17 18 2 5 31 3 0 2 7 17 9 2 0 2 7 0 2 7 1 2 4 16 6 2 17 18 2 1 2 7 1 2 3 1 2 7 0 2 7 0 2 7 0 2 7 1 2 7 0 2 7 0 2 7 1 2 7 0 2 7 0 2 7 0 2 7 1 2 7 1 2 7 0 2 7 1 2 7 0 59.9600826501846313
5 30 3 17 9 2 0 2 7 0 2 7 12 16 2 1 2 7 13 6 3 1 2 7 0 2 3 5 31 3 17 9 2 0 2 7 17 9 2 0 2 7 0 2 7 1 2 7 1 2 7 1 2 7 1 2 7 1 2 7 0 2 7 1 2 4 0 2 7 0 2 7 0 2 4 5 31 3 1 2 7 0 2 7 1 2 7 13 6 3 1 2 7 0 2 7 0 2 7 0 2 7 17 18 2 5 31 3 0 2 7 17 9 2 0 2 7 0 2 7 1 2 4 16 6 2 17 18 2 1 2 7 1 2 7 1 2 7 0 2 7 0 2 7 0 2 7 1 2 7 0 2 7 0 2 7 1 2 7 0 2 7 0 2 7 0 2 7 1 2 7 1 2 7 0 2 7 1 2 3 0 59.9600826501846313
5 30 3 12 16 2 17 18 2 1 2 7 8 18 2 16 18 11 1 2 3 0 2 7 0 2 7 17 9 2 1 2 7 1 2 3 1 2 3 0 2 3 16 6 2 0 2 3 5 30 3 0 2 7 15 2 11 5 30 3 12 16 2 0 2 7 16 32 2 5 30 3 1 2 7 0 2 10 12 16 2 0 2 3 1 2 11 5 30 3 5 30 3 0 2 7 0 2 7 0 2 7 16 30 2 0 2 3 0 2 7 1 2 7 0 2 3 0 2 3 5 31 3 0 2 7 0 2 10 0 2 7 0 2 3 0 2 7 0 2 3 0 2 3 0 2 10 5 30 3 0 2 10 0 2 3 0 2 7 16 30 2 1 2 7 0 2 7 1 2 7 0 2 7 0 2 7 1 2 7 0 63.2265445590019226
5 30 3 12 16 2 13 6 3 1 2 7 0 2 7 0 2 7 0 2 7 0 2 7 1 2 7 16 19 12 6 2 12 0 2 8 8 9 2 1 2 7 16 19 12 8 18 2 5 30 3 0 2 8 0 2 7 0 2 8 0 2 7 1 2 7 5 30 3 0 2 4 1 2 7 17 9 2 0 2 7 5 31 3 8 18 2 0 2 7 0 2 12 16 19 12 0 2 7 0 2 7 8 18 2 0 2 12 0 2 7 6 2 12 8 9 2 0 2 8 0 2 12 6 2 12 12 16 2 0 2 7 1 2 7 1 2 4 6 2 12 12 16 2 16 15 2 1 2 7 8 9 2 1 2 4 8 18 2 6 3 2 1 2 7 8 18 2 0 2 7 0 2 7 8 18 2 8 9 2 0.0204594807048178243 63.2445242404937744

Current Evaluation = 7200(7200)
Front Size = 10
5 30 3 17 9 2 1 2 7 0 2 7 12 16 2 1 2 7 13 6 3 1 2 7 0 2 7 5 31 3 17 9 2 0 2 7 17 9 2 0 2 7 0 2 7 1 2 7 1 2 7 1 2 7 1 2 7 1 2 7 0 2 7 1 2 7 0 2 7 0 2 7 0 2 7 5 31 3 1 2 7 0 2 7 1 2 7 13 6 3 1 2 7 0 2 7 0 2 7 17 18 2 5 31 3 0 2 7 17 9 2 0 2 7 0 2 3 1 2 7 16 6 2 17 18 2 0 2 7 1 2 7 1 2 7 0 2 7 0 2 7 0 2 7 0 2 7 0 2 7 1 2 7 0 2 7 0 2 7 1 2 7 1 2 7 1 2 4 0 2 4 1 2 4 0 2 7 0 2 3 0 59.9600826501846313
5 30 3 17 9 2 0 2 7 0 2 7 12 16 2 1 2 7 13 6 3 1 2 7 0 2 7 5 31 3 17 9 2 0 2 7 17 9 2 0 2 7 0 2 7 1 2 7 1 2 7 1 2 7 1 2 7 1 2 7 0 2 7 1 2 4 0 2 7 0 2 7 0 2 3 5 31 3 1 2 7 0 2 7 1 2 7 13 6 3 1 2 7 0 2 7 0 2 7 0 2 7 17 18 2 5 31 3 0 2 7 17 9 2 0 2 7 0 2 7 1 2 4 16 6 2 17 18 2 0 2 7 1 2 7 1 2 7 0 2 7 0 2 7 0 2 7 0 2 7 0 2 7 1 2 7 0 2 7 0 2 7 1 2 7 1 2 7 1 2 7 1 2 7 1 2 3 0 2 4 0 59.9600826501846313
5 30 3 17 9 2 0 2 7 0 2 7 12 16 2 1 2 7 13 6 3 1 2 7 0 2 7 5 31 3 17 9 2 0 2 7 17 9 2 0 2 7 0 2 7 1 2 7 1 2 7 1 2 7 1 2 7 1 2 7 0 2 7 1 2 7 0 2 7 0 2 7 0 2 3 5 31 3 1 2 7 0 2 7 1 2 7 13 6 3 1 2 7 0 2 7 0 2 7 17 18 2 5 31 3 0 2 7 17 9 2 0 2 7 0 2 7 1 2 4 16 6 2 17 18 2 0 2 7 1 2 7 1 2 7 0 2 7 0 2 7 0 2 7 0 2 7 0 2 7 1 2 7 0 2 7 0 2 7 1 2 7 1 2 7 1 2 7 1 2 4 0 2 3 0 2 4 1 2 7 0 59.9600826501846313
5 30 3 12 16 2 17 18 2 1 2 7 1 2 7 0 2 7 0 2 7 17 9 2 0 2 7 0 2 7 17 9 2 0 2 7 1 2 7 0 2 7 1 2 3 0 2 7 0 2 7 0 2 7 1 2 7 5 31 3 0 2 7 0 2 7 1 2 7 12 16 2 1 2 3 0 2 4 1 2 7 1 2 7 1 2 7 1 2 3 8 18 2 16 18 11 1 2 7 1 2 7 0 2 7 5 30 3 0 2 4 0 2 7 12 16 2 16 6 2 1 2 11 0 2 3 12 16 2 0 2 4 0 2 7 5 30 3 13 6 3 16 31 2 0 2 7 0 2 3 0 2 3 0 2 3 0 2 3 0 2 7 0 2 4 0 2 7 5 30 3 16 19 11 1 2 7 0 2 3 0 62.0319613814353943
5 30 3 12 16 2 13 6 3 1 2 7 0 2 7 0 2 7 0 2 7 0 2 7 1 2 7 16 19 12 6 2 12 0 2 8 8 9 2 1 2 7 16 19 12 8 18 2 5 30 3 0 2 8 0 2 7 0 2 8 0 2 7 1 2 7 5 30 3 0 2 4 1 2 7 17 9 2 0 2 7 5 31 3 8 18 2 0 2 7 0 2 12 16 19 12 0 2 7 0 2 7 8 18 2 0 2 12 0 2 7 6 2 12 8 9 2 0 2 8 0 2 12 6 2 12 12 16 2 0 2 7 1 2 7 1 2 4 6 2 12 12 16 2 16 15 2 1 2 7 8 9 2 1 2 4 8 18 2 6 3 2 1 2 7 8 18 2 0 2 7 0 2 7 8 18 2 8 9 2 0.0204594807048178243 63.2445242404937744
5 30 3 17 9 2 0 2 7 0 2 7 12 16 2 1 2 7 13 6 3 1 2 7 0 2 7 5 31 3 17 9 2 0 2 7 17 9 2 0 2 7 0 2 7 1 2 7 1 2 7 1 2 7 1 2 7 1 2 7 0 2 7 1 2 7 0 2 7 0 2 7 0 2 3 5 31 3 1 2 7 0 2 7 1 2 7 13 6 3 1 2 7 0 2 7 0 2 7 17 18 2 5 31 3 0 2 7 17 9 2 0 2 7 0 2 7 1 2 4 16 6 2 17 18 2 0 2 7 1 2 7 1 2 7 0 2 7 0 2 7 0 2 7 0 2 7 0 2 7 1 2 7 0 2 7 0 2 7 1 2 3 1 2 7 1 2 7 1 2 4 0 2 7 0 2 7 1 2 4 0 59.9600826501846313
5 30 3 17 9 2 0 2 7 0 2 7 12 16 2 1 2 7 13 6 3 1 2 7 0 2 7 5 31 3 17 9 2 0 2 7 17 9 2 0 2 7 0 2 7 1 2 7 1 2 7 1 2 7 1 2 7 1 2 7 0 2 7 1 2 7 0 2 7 0 2 7 0 2 3 5 31 3 1 2 7 0 2 7 1 2 7 13 6 3 1 2 7 0 2 7 0 2 7 17 18 2 5 31 3 0 2 7 17 9 2 0 2 7 0 2 7 1 2 4 16 6 2 17 18 2 0 2 7 1 2 7 1 2 7 0 2 7 0 2 7 0 2 7 0 2 7 0 2 7 1 2 7 0 2 7 0 2 7 1 2 7 1 2 7 1 2 7 1 2 4 0 2 3 0 2 7 1 2 4 0 59.9600826501846313
16 19 11 0 2 7 0 2 11 5 30 3 0 2 7 16 19 11 0 2 7 0 2 3 12 16 2 5 30 3 0 2 7 0 2 3 0 2 3 5 30 3 1 2 11 5 30 3 5 31 3 0 2 11 0 2 11 0 2 3 0 2 7 0 2 3 0 2 3 0 2 3 0 2 7 0 2 11 0 2 3 5 30 3 0 2 11 0 2 3 8 9 2 5 30 3 16 19 11 0 2 8 0 2 11 5 30 3 5 30 3 16 6 2 0 2 11 6 2 7 16 30 2 0 2 3 1 2 11 0 2 3 1 2 11 12 16 2 0 2 7 0 2 8 0 2 7 0 2 11 0 2 7 12 16 2 12 16 2 0 2 8 0 2 11 16 6 2 0 2 3 16 9 8 0 2 11 0 2 11 0 66.1211379170417786
8 9 2 6 2 8 8 9 2 5 30 3 16 19 12 8 18 2 0 2 8 5 30 3 8 9 2 0 2 8 5 30 3 6 2 8 0 2 8 5 30 3 0 2 8 8 18 2 8 9 2 5 30 3 12 16 2 5 30 3 12 16 2 0 2 8 8 18 2 8 9 2 8 18 2 0 2 8 12 16 2 0 2 8 0 2 8 8 18 2 8 18 2 0 2 8 0 2 8 0 2 8 16 15 2 16 19 12 16 15 2 0 2 8 0 2 8 0 2 8 6 2 8 12 16 2 0 2 8 2 3 3 9 2 7 8 9 2 6 2 8 0 2 8 16 15 2 0 2 8 6 2 8 0 2 8 5 30 3 16 15 2 8 9 2 0 2 8 6 2 8 0 2 8 6 2 8 6 2 8 0.00736875527608901737 67.6638075113296509
5 30 3 17 9 2 0 2 7 0 2 7 12 16 2 1 2 7 13 6 3 1 2 7 0 2 7 5 31 3 17 9 2 0 2 7 17 9 2 0 2 7 0 2 7 1 2 7 1 2 7 1 2 7 1 2 7 1 2 7 0 2 3 1 2 7 0 2 7 0 2 7 0 2 7 5 31 3 1 2 7 0 2 7 1 2 7 13 6 3 1 2 7 0 2 7 0 2 7 17 18 2 5 31 3 0 2 7 17 9 2 0 2 7 0 2 7 0 2 4 16 6 2 17 18 2 0 2 7 1 2 7 1 2 7 0 2 7 0 2 7 0 2 7 0 2 4 0 2 7 1 2 7 0 2 7 0 2 7 1 2 7 1 2 7 1 2 7 0 2 7 1 2 4 1 2 7 1 2 3 0 59.9600826501846313

Current Evaluation = 8100(8100)
Front Size = 10
5 30 3 17 9 2 0 2 7 0 2 7 12 16 2 1 2 7 13 6 3 1 2 7 0 2 7 5 31 3 17 9 2 0 2 7 17 9 2 0 2 7 0 2 7 1 2 3 1 2 7 1 2 7 1 2 7 1 2 7 0 2 7 1 2 7 0 2 7 0 2 7 0 2 7 5 31 3 0 2 7 0 2 7 1 2 7 13 6 3 1 2 7 0 2 7 0 2 7 0 2 7 17 18 2 5 31 3 1 2 7 17 9 2 0 2 7 0 2 7 16 24 2 17 18 2 0 2 7 1 2 7 1 2 7 0 2 7 0 2 7 0 2 7 0 2 7 0 2 7 1 2 7 0 2 7 1 2 4 1 2 7 1 2 7 1 2 7 1 2 7 0 2 7 1 2 7 0 2 7 0 59.9419176578521729
5 30 3 17 9 2 0 2 7 0 2 7 12 16 2 1 2 7 13 6 3 0 2 7 5 31 3 17 9 2 0 2 7 17 9 2 0 2 7 1 2 7 1 2 7 0 2 7 1 2 7 1 2 7 0 2 7 0 2 7 0 2 7 0 2 7 5 31 3 1 2 7 0 2 7 1 2 7 13 6 3 1 2 7 0 2 7 0 2 7 0 2 7 17 18 2 5 31 3 0 2 7 17 9 2 0 2 7 0 2 7 16 6 2 17 18 2 1 2 7 1 2 7 1 2 7 0 2 7 0 2 4 1 2 7 0 2 4 1 2 4 0 2 7 1 2 7 1 2 7 1 2 7 1 2 7 1 2 7 0 2 7 0 2 7 0 2 7 0 2 3 0 2 7 1 2 7 1 2 3 0 59.9600826501846313
8 9 2 6 2 8 8 9 2 5 30 3 16 19 12 8 18 2 0 2 8 5 30 3 8 9 2 0 2 8 5 30 3 6 2 8 0 2 8 5 30 3 0 2 8 8 18 2 8 9 2 5 30 3 12 16 2 5 30 3 12 16 2 0 2 8 8 18 2 8 9 2 8 18 2 0 2 8 12 16 2 0 2 8 0 2 8 8 18 2 8 18 2 0 2 8 0 2 8 0 2 8 16 15 2 16 19 12 16 15 2 0 2 8 0 2 8 0 2 8 6 2 8 12 16 2 0 2 8 2 3 3 9 2 7 8 9 2 6 2 8 0 2 8 16 15 2 0 2 8 6 2 8 0 2 8 5 30 3 16 15 2 8 9 2 0 2 8 6 2 8 0 2 8 6 2 8 6 2 8 0.00736875527608901737 67.6638075113296509
5 30 3 17 9 2 1 2 3 0 2 7 12 16 2 0 2 3 5 30 3 1 2 7 0 2 7 5 31 3 17 9 2 0 2 7 8 9 2 0 2 7 0 2 3 1 2 3 1 2 3 17 9 2 0 2 7 16 15 2 0 2 7 0 2 7 0 2 7 0 2 7 6 2 7 0 2 7 1 2 7 13 6 3 1 2 7 0 2 7 1 2 11 0 2 7 8 18 2 0 2 7 0 2 7 1 2 3 16 6 2 17 18 2 0 2 7 0 2 7 1 2 7 0 2 7 1 2 7 0 2 7 0 2 7 1 2 7 5 31 3 0 2 7 0 2 7 0 2 7 1 2 7 1 2 7 0 2 7 1 2 7 0 2 7 12 16 2 5 30 3 1 2 7 16 6 2 0 2 7 0 61.2202004790306091
5 30 3 17 9 2 0 2 7 0 2 7 12 16 2 1 2 7 13 6 3 1 2 7 0 2 7 5 31 3 17 9 2 0 2 7 17 9 2 0 2 7 0 2 7 1 2 7 1 2 7 1 2 7 1 2 7 1 2 7 0 2 7 1 2 4 0 2 7 0 2 7 0 2 3 5 31 3 1 2 7 0 2 7 1 2 7 13 6 3 1 2 7 0 2 7 0 2 7 0 2 7 17 18 2 5 31 3 0 2 7 17 9 2 0 2 7 0 2 7 16 6 2 17 18 2 0 2 7 1 2 7 1 2 7 0 2 7 0 2 7 0 2 4 0 2 7 0 2 7 1 2 7 0 2 7 1 2 7 1 2 7 1 2 7 1 2 4 1 2 7 0 2 3 1 2 7 0 2 7 0 59.9600826501846313
5 30 3 12 16 2 13 6 3 1 2 7 0 2 7 0 2 7 0 2 7 0 2 7 1 2 7 16 19 12 6 2 12 0 2 8 8 9 2 1 2 7 16 19 12 8 18 2 5 30 3 0 2 8 0 2 7 0 2 8 0 2 7 1 2 7 5 30 3 0 2 4 1 2 7 17 9 2 0 2 7 5 31 3 8 18 2 0 2 7 0 2 12 16 19 12 0 2 7 0 2 7 8 18 2 0 2 12 0 2 7 6 2 12 8 9 2 0 2 8 0 2 12 6 2 12 12 16 2 0 2 7 1 2 7 1 2 4 6 2 12 12 16 2 16 15 2 1 2 7 8 9 2 1 2 4 8 18 2 6 3 2 1 2 7 8 18 2 0 2 7 0 2 7 8 18 2 8 9 2 0.0204594807048178243 63.2445242404937744
5 30 3 17 9 2 0 2 7 0 2 7 12 16 2 0 2 7 13 6 3 0 2 7 5 31 3 17 9 2 0 2 7 17 9 2 0 2 7 1 2 7 1 2 7 1 2 7 1 2 7 0 2 4 0 2 7 0 2 7 0 2 7 5 31 3 1 2 7 0 2 7 1 2 7 13 6 3 1 2 4 0 2 7 0 2 7 0 2 7 17 18 2 5 31 3 0 2 7 17 9 2 0 2 7 0 2 7 16 6 2 17 18 2 1 2 7 1 2 7 1 2 7 0 2 7 0 2 7 0 2 7 0 2 4 1 2 7 0 2 7 1 2 7 1 2 7 0 2 7 1 2 7 1 2 7 0 2 7 0 2 7 1 2 7 1 2 7 1 2 3 1 2 7 0 2 7 1 2 3 0 59.9600826501846313
5 30 3 17 9 2 0 2 7 0 2 7 12 16 2 1 2 11 13 6 3 0 2 7 0 2 11 5 30 3 17 9 2 0 2 7 17 9 2 0 2 11 0 2 7 1 2 3 0 2 7 1 2 7 0 2 7 0 2 7 1 2 7 1 2 11 1 2 7 0 2 7 5 30 3 1 2 7 0 2 7 1 2 7 1 2 7 1 2 7 0 2 7 17 18 2 0 2 7 0 2 3 0 2 7 16 6 2 0 2 7 1 2 7 1 2 7 0 2 7 0 2 7 0 2 7 0 2 3 1 2 7 0 2 7 0 2 7 0 2 7 13 6 3 5 31 3 16 19 11 17 18 2 1 2 7 1 2 3 0 2 3 8 9 2 1 2 3 1 2 7 1 2 3 0 2 3 12 16 2 0 61.3221385478973389
5 30 3 17 9 2 0 2 7 0 2 7 12 16 2 0 2 7 13 6 3 0 2 7 5 31 3 17 9 2 0 2 7 17 9 2 0 2 7 1 2 7 1 2 7 1 2 7 1 2 7 0 2 4 0 2 7 0 2 7 0 2 7 5 31 3 1 2 7 0 2 7 1 2 7 13 6 3 1 2 4 0 2 7 0 2 7 0 2 7 17 18 2 5 31 3 0 2 7 17 9 2 0 2 7 0 2 7 16 6 2 17 18 2 1 2 7 1 2 7 1 2 7 0 2 7 0 2 7 0 2 7 1 2 7 0 2 7 1 2 7 1 2 7 0 2 7 1 2 7 0 2 7 0 2 7 0 2 7 1 2 7 1 2 7 1 2 7 0 2 3 1 2 7 1 2 4 1 2 3 0 59.9600826501846313
5 30 3 17 9 2 0 2 7 0 2 7 12 16 2 0 2 7 13 6 3 0 2 7 5 31 3 17 9 2 0 2 7 17 9 2 0 2 7 1 2 7 1 2 7 1 2 7 1 2 7 0 2 4 0 2 7 0 2 7 0 2 7 5 31 3 1 2 7 0 2 7 1 2 7 13 6 3 1 2 4 0 2 7 0 2 7 0 2 7 17 18 2 5 31 3 0 2 7 17 9 2 0 2 7 0 2 7 16 6 2 17 18 2 1 2 7 1 2 7 1 2 7 0 2 7 0 2 7 0 2 7 0 2 4 1 2 7 0 2 7 1 2 7 1 2 7 0 2 7 1 2 7 1 2 7 0 2 7 0 2 7 1 2 7 1 2 7 1 2 3 1 2 7 0 2 3 1 2 7 0 59.9600826501846313

Current Evaluation = 9000(9000)
Front Size = 10
5 30 3 17 9 2 0 2 7 0 2 7 12 16 2 1 2 7 13 6 3 0 2 7 5 31 3 17 9 2 0 2 7 17 9 2 0 2 7 1 2 7 1 2 7 0 2 7 1 2 7 1 2 7 0 2 7 0 2 7 0 2 7 5 31 3 1 2 7 0 2 7 1 2 7 13 6 3 1 2 7 0 2 7 0 2 7 0 2 7 17 18 2 5 31 3 0 2 7 17 9 2 1 2 7 0 2 7 17 18 2 1 2 7 1 2 7 0 2 7 0 2 7 1 2 7 0 2 7 1 2 7 1 2 7 1 2 7 1 2 7 1 2 7 0 2 7 0 2 7 0 2 7 0 2 7 1 2 7 0 2 4 0 2 7 0 2 7 1 2 3 0 2 7 1 2 7 16 24 2 0 59.9419176578521729
8 9 2 6 2 8 8 9 2 5 30 3 16 19 12 8 18 2 0 2 8 5 30 3 8 9 2 0 2 8 5 30 3 6 2 8 0 2 8 5 30 3 0 2 8 8 18 2 8 9 2 5 30 3 12 16 2 5 30 3 12 16 2 0 2 8 8 18 2 8 9 2 8 18 2 0 2 8 12 16 2 0 2 8 0 2 8 8 18 2 8 18 2 0 2 8 0 2 8 0 2 8 16 15 2 16 19 12 16 15 2 0 2 8 0 2 8 0 2 8 6 2 8 12 16 2 0 2 8 2 3 3 9 2 7 8 9 2 6 2 8 0 2 8 16 15 2 0 2 8 6 2 8 0 2 8 5 30 3 16 15 2 8 9 2 0 2 8 6 2 8 0 2 8 6 2 8 6 2 8 0.00736875527608901737 67.6638075113296509
5 30 3 12 16 2 17 9 2 0 2 7 1 2 7 0 2 7 5 31 3 0 2 7 1 2 7 0 2 7 1 2 7 0 2 7 0 2 7 1 2 7 1 2 7 0 2 7 0 2 7 17 18 2 5 31 3 0 2 7 17 9 2 0 2 7 0 2 7 1 2 7 1 2 4 0 2 7 1 2 7 1 2 7 0 2 3 0 2 7 0 2 7 0 2 7 0 2 8 1 2 7 17 9 2 0 2 7 16 15 2 8 18 2 16 15 2 0 2 8 0 2 4 1 2 7 0 2 8 0 2 8 5 30 3 16 19 12 6 2 8 0 2 7 1 2 7 6 2 8 0 2 8 0 2 8 0 2 8 0 2 7 8 18 2 5 30 3 6 2 8 1 2 7 0 2 8 8 9 2 0.000211011863061336499 63.0190232992172241
5 30 3 17 9 2 0 2 7 0 2 7 12 16 2 1 2 7 13 6 3 0 2 7 5 31 3 17 9 2 0 2 7 17 9 2 0 2 7 1 2 7 1 2 7 0 2 7 1 2 7 1 2 7 0 2 7 0 2 7 0 2 3 0 2 7 5 31 3 1 2 7 0 2 7 1 2 7 13 6 3 1 2 7 0 2 7 0 2 7 0 2 7 17 18 2 5 31 3 0 2 7 17 9 2 1 2 7 0 2 7 16 6 2 17 18 2 1 2 7 1 2 7 1 2 4 0 2 7 0 2 7 1 2 7 0 2 7 1 2 7 1 2 7 1 2 7 1 2 7 1 2 7 0 2 7 0 2 7 0 2 7 0 2 7 0 2 3 0 2 7 1 2 7 1 2 4 0 2 4 0 59.9600826501846313
5 30 3 17 9 2 0 2 7 0 2 7 12 16 2 1 2 7 13 6 3 0 2 7 5 31 3 17 9 2 0 2 7 17 9 2 0 2 7 1 2 7 1 2 7 0 2 7 1 2 7 1 2 7 0 2 7 0 2 7 0 2 7 0 2 7 5 31 3 1 2 7 0 2 7 1 2 7 13 6 3 1 2 7 0 2 7 0 2 7 0 2 7 17 18 2 5 31 3 0 2 7 17 9 2 1 2 7 0 2 7 16 6 2 17 18 2 1 2 7 1 2 7 1 2 4 0 2 7 0 2 7 1 2 7 0 2 7 1 2 7 1 2 7 1 2 7 1 2 7 1 2 7 0 2 4 0 2 7 0 2 7 0 2 7 0 2 4 0 2 7 1 2 7 1 2 3 0 2 3 0 59.9600826501846313
5 30 3 17 9 2 0 2 7 0 2 7 12 16 2 1 2 11 13 6 3 0 2 7 0 2 11 5 30 3 17 9 2 0 2 7 17 9 2 0 2 11 0 2 7 1 2 3 0 2 7 1 2 7 0 2 7 0 2 7 1 2 7 1 2 11 1 2 7 0 2 7 5 30 3 1 2 7 0 2 7 1 2 7 1 2 7 1 2 7 0 2 7 17 18 2 0 2 7 0 2 3 0 2 7 16 6 2 0 2 7 1 2 7 1 2 7 0 2 7 0 2 7 0 2 7 0 2 3 1 2 7 0 2 7 0 2 7 0 2 7 13 6 3 5 31 3 16 19 11 17 18 2 1 2 7 1 2 3 0 2 3 8 9 2 1 2 3 1 2 7 1 2 3 0 2 3 12 16 2 0 61.3221385478973389
5 30 3 17 9 2 0 2 7 0 2 7 12 16 2 1 2 7 13 6 3 0 2 7 5 31 3 17 9 2 0 2 7 17 9 2 0 2 7 1 2 7 1 2 7 0 2 7 1 2 3 1 2 7 0 2 7 0 2 7 0 2 7 0 2 7 5 31 3 1 2 7 0 2 7 1 2 7 13 6 3 1 2 7 0 2 7 0 2 7 0 2 7 17 18 2 5 31 3 0 2 7 17 9 2 0 2 7 0 2 7 16 6 2 17 18 2 1 2 7 1 2 7 1 2 7 0 2 7 0 2 7 1 2 7 1 2 4 0 2 7 1 2 7 1 2 7 1 2 7 1 2 7 1 2 7 0 2 7 0 2 7 0 2 7 0 2 4 0 2 3 1 2 7 0 2 7 1 2 4 0 59.9600826501846313
5 30 3 17 9 2 0 2 7 0 2 7 12 16 2 1 2 7 13 6 3 0 2 7 5 31 3 17 9 2 0 2 7 17 9 2 0 2 7 1 2 7 1 2 7 0 2 7 1 2 7 1 2 7 0 2 7 0 2 7 0 2 7 5 31 3 1 2 7 0 2 7 1 2 7 13 6 3 1 2 7 0 2 7 0 2 7 0 2 7 17 18 2 5 31 3 0 2 7 17 9 2 1 2 7 0 2 7 17 18 2 1 2 7 1 2 7 0 2 7 0 2 7 1 2 7 0 2 7 1 2 7 1 2 7 1 2 7 1 2 7 1 2 7 0 2 7 0 2 7 0 2 7 0 2 7 1 2 7 0 2 4 0 2 7 0 2 3 16 6 2 1 2 4 1 2 4 0 2 3 0 59.9600826501846313
5 30 3 17 9 2 0 2 7 0 2 7 12 16 2 1 2 7 13 6 3 0 2 7 5 31 3 17 9 2 0 2 7 17 9 2 0 2 7 1 2 7 1 2 7 0 2 7 1 2 7 1 2 7 0 2 7 0 2 7 0 2 7 5 31 3 1 2 7 0 2 7 1 2 7 13 6 3 1 2 7 0 2 7 0 2 7 0 2 7 17 18 2 5 31 3 0 2 7 17 9 2 1 2 7 0 2 7 17 18 2 1 2 7 1 2 7 0 2 7 0 2 7 1 2 7 0 2 7 1 2 7 1 2 7 1 2 7 1 2 7 1 2 7 0 2 7 0 2 7 0 2 7 0 2 7 1 2 7 0 2 4 0 2 7 0 2 7 1 2 3 0 2 7 1 2 7 16 24 2 0 59.9419176578521729
5 30 3 17 9 2 0 2 7 12 16 2 0 2 7 0 2 7 0 2 7 6 2 7 5 31 3 8 9 2 0 2 7 0 2 7 5 30 3 5 31 3 16 15 2 0 2 11 0 2 7 0 2 7 0 2 7 1 2 7 0 2 7 0 2 7 1 2 7 0 2 7 17 18 2 0 2 7 1 2 4 17 18 2 1 2 7 0 2 7 1 2 4 1 2 7 17 9 2 0 2 7 6 2 7 5 30 3 0 2 7 0 2 7 1 2 4 0 2 7 1 2 7 0 2 7 13 6 3 17 18 2 0 2 7 0 2 4 1 2 7 6 2 7 5 30 3 0 2 7 0 2 7 5 31 3 1 2 7 1 2 4 0 2 7 0 2 7 12 16 2 16 30 2 1 2 7 0 2 7 0 61.1400646567344666

Current Evaluation = 9900(9900)
Front Size = 10
5 30 3 17 9 2 0 2 7 0 2 7 12 16 2 1 2 7 13 6 3 0 2 7 5 31 3 17 9 2 0 2 7 17 9 2 0 2 7 1 2 7 1 2 7 0 2 7 1 2 7 1 2 7 0 2 7 0 2 7 0 2 7 0 2 7 5 31 3 1 2 7 0 2 7 1 2 7 13 6 3 1 2 7 0 2 7 0 2 7 0 2 7 17 18 2 5 31 3 0 2 7 17 9 2 1 2 7 0 2 7 17 18 2 1 2 7 1 2 7 0 2 7 0 2 7 1 2 7 0 2 7 1 2 7 1 2 7 1 2 7 1 2 7 1 2 7 0 2 4 0 2 7 0 2 7 0 2 7 0 2 7 1 2 7 1 2 3 16 24 2 1 2 7 0 2 7 0 2 7 0 59.9419176578521729
5 30 3 17 9 2 0 2 7 0 2 7 12 16 2 1 2 7 13 6 3 0 2 7 5 31 3 17 9 2 0 2 7 17 9 2 0 2 7 1 2 7 1 2 7 0 2 7 1 2 7 1 2 7 0 2 7 0 2 7 0 2 7 0 2 7 5 31 3 1 2 7 0 2 7 1 2 7 13 6 3 1 2 7 0 2 7 0 2 7 0 2 7 17 18 2 5 31 3 0 2 7 17 9 2 1 2 7 0 2 7 17 18 2 1 2 7 1 2 7 0 2 7 0 2 7 1 2 7 0 2 7 1 2 7 1 2 7 1 2 7 1 2 7 1 2 7 0 2 4 0 2 7 0 2 7 0 2 7 0 2 7 1 2 7 1 2 3 16 24 2 1 2 7 0 2 7 0 2 7 0 59.9419176578521729
5 30 3 17 9 2 0 2 7 12 16 2 0 2 7 0 2 7 0 2 7 6 2 7 5 31 3 8 9 2 0 2 7 0 2 7 5 30 3 5 31 3 16 15 2 0 2 7 0 2 7 0 2 7 0 2 7 1 2 7 0 2 7 0 2 7 1 2 7 0 2 7 17 18 2 0 2 7 1 2 4 17 18 2 1 2 7 0 2 7 1 2 4 1 2 7 17 9 2 0 2 7 6 2 7 5 30 3 0 2 7 0 2 7 1 2 4 0 2 7 1 2 11 0 2 7 13 6 3 17 18 2 0 2 7 0 2 4 1 2 7 6 2 7 5 30 3 0 2 7 0 2 7 5 31 3 1 2 7 1 2 4 0 2 7 0 2 7 12 16 2 16 30 2 1 2 7 0 2 7 0 61.140064537525177
5 30 3 17 9 2 0 2 7 0 2 7 12 16 2 1 2 7 13 6 3 0 2 7 5 31 3 17 9 2 0 2 7 17 9 2 1 2 7 1 2 7 0 2 7 1 2 7 1 2 7 0 2 4 0 2 7 0 2 7 0 2 7 5 31 3 1 2 7 0 2 7 1 2 7 13 6 3 1 2 7 0 2 7 0 2 7 17 18 2 5 31 3 0 2 7 17 9 2 0 2 4 17 18 2 1 2 7 0 2 7 0 2 7 0 2 7 1 2 7 0 2 7 1 2 7 1 2 7 1 2 7 1 2 7 1 2 7 0 2 7 0 2 7 0 2 7 0 2 7 0 2 7 1 2 7 1 2 7 1 2 7 0 2 7 0 2 3 0 2 7 1 2 4 16 6 2 1 2 3 0 59.9600826501846313
5 30 3 17 9 2 0 2 7 0 2 7 12 16 2 1 2 7 13 6 3 0 2 7 5 31 3 17 9 2 0 2 7 17 9 2 0 2 7 1 2 7 1 2 7 0 2 7 1 2 7 1 2 7 0 2 7 0 2 7 0 2 7 0 2 7 5 31 3 1 2 7 0 2 7 1 2 7 13 6 3 1 2 7 0 2 7 0 2 7 0 2 7 17 18 2 5 31 3 0 2 7 17 9 2 1 2 7 0 2 7 17 18 2 1 2 7 1 2 7 0 2 7 0 2 7 1 2 7 0 2 7 1 2 7 1 2 7 1 2 7 1 2 7 1 2 7 0 2 4 0 2 7 0 2 7 0 2 7 0 2 7 1 2 7 1 2 3 16 24 2 1 2 7 0 2 7 0 2 7 0 59.9419176578521729
5 31 3 0 2 7 12 16 2 13 6 3 5 30 3 17 9 2 0 2 7 1 2 7 1 2 7 6 2 7 1 2 4 5 31 3 1 2 4 0 2 7 1 2 7 0 2 4 0 2 7 13 6 3 0 2 7 0 2 7 0 2 7 17 18 2 1 2 7 0 2 4 17 18 2 1 2 4 1 2 7 1 2 11 0 2 11 1 2 4 0 2 7 0 2 7 0 2 4 17 9 2 5 30 3 17 9 2 0 2 7 17 9 2 0 2 7 0 2 4 0 2 11 0 2 7 1 2 4 0 2 7 12 16 2 0 2 4 1 2 7 1 2 7 0 2 7 1 2 7 0 2 7 5 30 3 1 2 7 17 18 2 1 2 7 0 2 7 0 2 7 0 2 11 0 2 4 1 2 7 0 60.5578327775001526
5 30 3 12 16 2 17 9 2 0 2 7 1 2 7 0 2 7 5 31 3 0 2 7 1 2 7 0 2 7 1 2 7 0 2 7 0 2 7 1 2 7 1 2 7 0 2 7 0 2 7 17 18 2 5 31 3 0 2 7 17 9 2 0 2 7 0 2 7 1 2 7 1 2 4 0 2 7 1 2 7 1 2 7 0 2 3 0 2 7 0 2 7 0 2 7 0 2 8 1 2 7 17 9 2 0 2 7 16 15 2 8 18 2 16 15 2 0 2 8 0 2 4 1 2 7 0 2 8 0 2 8 5 30 3 16 19 12 6 2 8 0 2 7 1 2 7 6 2 8 0 2 8 0 2 8 0 2 8 0 2 7 8 18 2 5 30 3 6 2 8 1 2 7 0 2 8 8 9 2 0.000211011863061336499 63.0190232992172241
8 9 2 6 2 8 8 9 2 5 30 3 16 19 12 8 18 2 0 2 8 5 30 3 8 9 2 0 2 8 5 30 3 6 2 8 0 2 8 5 30 3 0 2 8 8 18 2 8 9 2 5 30 3 12 16 2 5 30 3 12 16 2 0 2 8 8 18 2 8 9 2 8 18 2 0 2 8 12 16 2 0 2 8 0 2 8 8 18 2 8 18 2 0 2 8 0 2 8 0 2 8 16 15 2 16 19 12 16 15 2 0 2 8 0 2 8 0 2 8 6 2 8 12 16 2 0 2 8 2 3 3 9 2 7 8 9 2 6 2 8 0 2 8 16 15 2 0 2 8 6 2 8 0 2 8 5 30 3 16 15 2 8 9 2 0 2 8 6 2 8 0 2 8 6 2 8 6 2 8 0.00736875527608901737 67.6638075113296509
5 30 3 17 9 2 0 2 7 0 2 7 12 16 2 1 2 7 13 6 3 0 2 7 5 31 3 17 9 2 0 2 7 17 9 2 0 2 7 1 2 7 1 2 7 0 2 7 1 2 7 1 2 7 0 2 7 0 2 7 0 2 7 0 2 7 5 31 3 1 2 7 0 2 7 1 2 7 13 6 3 1 2 7 0 2 7 0 2 7 0 2 7 17 18 2 5 31 3 0 2 7 17 9 2 1 2 7 0 2 7 17 18 2 1 2 7 1 2 7 0 2 7 0 2 7 1 2 7 0 2 7 1 2 3 1 2 7 1 2 7 1 2 7 1 2 7 0 2 4 0 2 7 0 2 7 0 2 7 0 2 7 1 2 7 1 2 3 0 2 4 1 2 4 0 2 7 16 6 2 0 59.9600826501846313
5 30 3 17 9 2 0 2 7 0 2 7 12 16 2 1 2 7 13 6 3 0 2 7 5 31 3 17 9 2 0 2 7 17 9 2 0 2 7 1 2 7 1 2 7 0 2 7 1 2 7 1 2 7 0 2 7 0 2 7 0 2 7 0 2 7 5 31 3 1 2 7 0 2 7 1 2 7 13 6 3 1 2 7 0 2 7 0 2 7 0 2 7 17 18 2 5 31 3 0 2 7 17 9 2 1 2 7 0 2 7 17 18 2 1 2 7 1 2 7 0 2 7 0 2 7 1 2 7 0 2 7 1 2 7 1 2 7 1 2 7 1 2 7 1 2 7 0 2 4 0 2 7 0 2 7 0 2 7 0 2 7 1 2 7 1 2 3 16 24 2 1 2 7 0 2 7 0 2 7 0 59.9419176578521729

Current Evaluation = 10800(10800)
Front Size = 10
5 30 3 17 9 2 0 2 7 0 2 7 12 16 2 1 2 7 13 6 3 0 2 7 5 31 3 17 9 2 0 2 7 17 9 2 0 2 7 1 2 7 1 2 7 0 2 7 1 2 7 1 2 7 0 2 7 0 2 7 0 2 7 0 2 7 5 31 3 1 2 7 0 2 7 1 2 7 13 6 3 1 2 7 0 2 7 0 2 7 0 2 7 17 18 2 5 31 3 0 2 7 17 9 2 1 2 7 0 2 7 17 18 2 1 2 7 1 2 7 0 2 7 0 2 7 1 2 7 0 2 7 1 2 7 1 2 7 1 2 7 1 2 7 1 2 7 0 2 4 0 2 7 0 2 7 0 2 7 0 2 7 1 2 7 1 2 3 16 24 2 1 2 7 0 2 7 0 2 7 0 59.9419176578521729
5 30 3 12 16 2 17 9 2 0 2 7 1 2 7 0 2 7 5 31 3 0 2 7 1 2 7 0 2 7 1 2 7 0 2 7 0 2 7 1 2 7 1 2 7 0 2 7 0 2 7 17 18 2 5 31 3 0 2 7 17 9 2 0 2 7 0 2 7 1 2 7 1 2 4 0 2 7 1 2 7 1 2 7 0 2 3 0 2 7 0 2 7 0 2 7 0 2 8 1 2 7 17 9 2 0 2 7 16 15 2 8 18 2 16 15 2 0 2 8 0 2 4 1 2 7 0 2 8 0 2 8 5 30 3 16 19 12 6 2 8 0 2 7 1 2 7 6 2 8 0 2 8 0 2 8 0 2 8 0 2 7 8 18 2 5 30 3 6 2 8 1 2 7 0 2 8 8 9 2 0.000211011863061336499 63.0190232992172241
8 9 2 6 2 8 8 9 2 5 30 3 16 19 12 8 18 2 0 2 8 5 30 3 8 9 2 0 2 8 5 30 3 6 2 8 0 2 8 5 30 3 0 2 8 8 18 2 8 9 2 5 30 3 12 16 2 5 30 3 12 16 2 0 2 8 8 18 2 8 9 2 8 18 2 0 2 8 12 16 2 0 2 8 0 2 8 8 18 2 8 18 2 0 2 8 0 2 8 0 2 8 16 15 2 16 19 12 16 15 2 0 2 8 0 2 8 0 2 8 6 2 8 12 16 2 0 2 8 2 3 3 9 2 7 8 9 2 6 2 8 0 2 8 16 15 2 0 2 8 6 2 8 0 2 8 5 30 3 16 15 2 8 9 2 0 2 8 6 2 8 0 2 8 6 2 8 6 2 8 0.00736875527608901737 67.6638075113296509
5 31 3 0 2 7 12 16 2 13 6 3 5 30 3 17 9 2 0 2 7 1 2 7 1 2 7 6 2 7 1 2 4 5 31 3 1 2 4 0 2 7 1 2 7 0 2 4 0 2 7 13 6 3 0 2 7 0 2 7 0 2 7 17 18 2 1 2 7 0 2 4 17 18 2 1 2 4 1 2 7 1 2 11 0 2 11 1 2 4 0 2 7 0 2 7 0 2 4 17 9 2 5 30 3 17 9 2 0 2 7 17 9 2 0 2 7 0 2 4 0 2 11 0 2 7 1 2 4 0 2 7 12 16 2 0 2 4 1 2 7 1 2 7 0 2 7 1 2 7 0 2 7 5 30 3 1 2 7 17 18 2 1 2 7 0 2 7 0 2 7 0 2 11 0 2 4 1 2 7 0 60.5578327775001526
5 30 3 17 9 2 0 2 7 0 2 7 12 16 2 1 2 7 13 6 3 0 2 7 5 31 3 17 9 2 0 2 7 17 9 2 0 2 7 1 2 7 1 2 7 0 2 7 1 2 7 1 2 7 0 2 7 0 2 7 0 2 7 0 2 7 5 31 3 1 2 7 0 2 7 1 2 7 13 6 3 1 2 7 0 2 7 0 2 7 0 2 7 17 18 2 5 31 3 0 2 7 17 9 2 1 2 7 0 2 7 17 18 2 1 2 7 1 2 7 0 2 7 0 2 7 1 2 7 0 2 7 1 2 7 1 2 7 1 2 7 1 2 7 1 2 7 0 2 4 0 2 7 0 2 7 0 2 7 0 2 7 1 2 7 1 2 3 16 24 2 1 2 7 0 2 7 0 2 7 0 59.9419176578521729
5 30 3 17 9 2 0 2 7 0 2 7 12 16 2 1 2 7 13 6 3 0 2 7 5 31 3 17 9 2 0 2 7 17 9 2 0 2 7 1 2 7 1 2 7 0 2 7 1 2 7 1 2 7 0 2 7 0 2 7 0 2 7 0 2 7 5 31 3 1 2 7 0 2 7 1 2 7 13 6 3 1 2 7 0 2 7 0 2 7 0 2 7 17 18 2 5 31 3 0 2 7 17 9 2 1 2 7 0 2 7 17 18 2 1 2 7 1 2 7 0 2 7 0 2 7 1 2 7 0 2 7 1 2 7 1 2 7 1 2 7 1 2 7 1 2 7 0 2 4 0 2 7 0 2 7 0 2 7 0 2 7 1 2 7 1 2 3 16 24 2 1 2 7 0 2 7 0 2 7 0 59.9419176578521729
5 30 3 17 9 2 0 2 7 0 2 7 12 16 2 1 2 7 13 6 3 0 2 7 5 31 3 17 9 2 0 2 4 17 9 2 0 2 7 1 2 7 1 2 7 0 2 7 1 2 7 1 2 7 0 2 7 0 2 7 0 2 7 0 2 7 5 31 3 1 2 7 0 2 7 1 2 7 13 6 3 1 2 7 0 2 7 0 2 7 0 2 7 17 18 2 5 31 3 0 2 7 17 9 2 1 2 7 0 2 7 17 18 2 1 2 7 1 2 3 0 2 7 0 2 7 1 2 7 0 2 7 1 2 7 1 2 7 1 2 7 1 2 7 1 2 7 0 2 7 0 2 7 0 2 4 0 2 7 0 2 7 1 2 3 0 2 7 0 2 7 16 6 2 1 2 7 1 2 4 0 59.9600826501846313
5 30 3 17 9 2 0 2 7 0 2 7 12 16 2 1 2 7 13 6 3 0 2 7 5 31 3 17 9 2 0 2 7 17 9 2 0 2 7 1 2 7 1 2 7 0 2 7 1 2 7 1 2 7 0 2 7 0 2 7 0 2 7 0 2 7 5 31 3 1 2 7 0 2 7 1 2 7 13 6 3 1 2 7 0 2 7 0 2 7 0 2 7 17 18 2 5 31 3 0 2 7 17 9 2 1 2 7 0 2 7 17 18 2 1 2 7 1 2 7 0 2 7 0 2 7 1 2 7 0 2 7 1 2 7 1 2 7 1 2 7 1 2 7 1 2 7 0 2 4 0 2 7 0 2 7 0 2 7 0 2 7 1 2 7 1 2 3 16 24 2 1 2 7 0 2 7 0 2 7 0 59.9419176578521729
5 30 3 17 9 2 0 2 7 12 16 2 0 2 7 0 2 7 0 2 7 6 2 7 5 31 3 8 9 2 0 2 7 0 2 7 5 30 3 5 31 3 16 15 2 0 2 7 0 2 7 0 2 7 0 2 7 1 2 7 0 2 7 0 2 7 1 2 7 0 2 7 17 18 2 0 2 7 1 2 4 17 18 2 1 2 7 0 2 7 1 2 4 1 2 7 17 9 2 0 2 7 6 2 7 5 30 3 0 2 7 0 2 7 1 2 4 0 2 7 1 2 11 0 2 7 13 6 3 17 18 2 0 2 7 0 2 4 1 2 7 6 2 7 5 30 3 0 2 7 0 2 7 5 31 3 1 2 7 1 2 4 0 2 7 0 2 7 12 16 2 16 30 2 1 2 7 0 2 7 0 61.140064537525177
5 30 3 17 9 2 0 2 7 0 2 7 12 16 2 1 2 7 13 6 3 0 2 7 5 31 3 17 9 2 0 2 7 17 9 2 0 2 7 1 2 7 1 2 7 0 2 7 1 2 7 1 2 7 0 2 7 0 2 7 0 2 7 0 2 7 5 31 3 1 2 7 0 2 7 1 2 7 13 6 3 1 2 7 0 2 7 0 2 7 0 2 7 17 18 2 5 31 3 0 2 7 17 9 2 1 2 7 0 2 7 17 18 2 1 2 7 1 2 7 0 2 7 0 2 7 1 2 7 0 2 7 1 2 7 1 2 7 1 2 7 1 2 7 1 2 7 0 2 4 0 2 7 0 2 7 0 2 7 0 2 7 1 2 7 1 2 3 16 24 2 1 2 7 0 2 7 0 2 7 0 59.9419176578521729

Current Evaluation = 11700(11700)
Front Size = 10
5 30 3 17 9 2 0 2 7 0 2 7 12 16 2 1 2 7 13 6 3 0 2 7 5 31 3 17 9 2 0 2 7 17 9 2 0 2 7 1 2 7 1 2 7 0 2 7 1 2 7 1 2 7 0 2 7 0 2 7 0 2 7 0 2 7 5 31 3 1 2 7 0 2 7 1 2 7 13 6 3 1 2 7 0 2 7 0 2 7 0 2 7 17 18 2 5 31 3 0 2 7 17 9 2 1 2 7 0 2 7 17 18 2 1 2 7 1 2 7 0 2 7 0 2 7 1 2 7 0 2 7 1 2 7 1 2 7 1 2 7 1 2 7 1 2 7 0 2 4 0 2 7 0 2 7 0 2 7 0 2 7 1 2 7 1 2 3 16 24 2 1 2 7 0 2 7 0 2 7 0 59.9419176578521729
1 2 7 0 2 7 12 16 2 13 6 3 5 30 3 17 9 2 0 2 7 1 2 7 1 2 7 5 31 3 0 2 7 1 2 7 0 2 11 0 2 7 13 6 3 0 2 7 0 2 7 1 2 7 17 18 2 1 2 4 17 18 2 0 2 7 0 2 4 0 2 7 17 9 2 17 9 2 0 2 7 17 9 2 0 2 7 0 2 7 0 2 7 1 2 7 6 2 7 0 2 4 1 2 7 0 2 7 1 2 4 1 2 4 0 2 4 0 2 7 0 2 4 0 2 7 1 2 7 1 2 11 0 2 7 1 2 7 0 2 7 0 2 11 1 2 7 0 2 7 5 30 3 1 2 3 0 2 4 1 2 7 1 2 7 5 31 3 5 30 3 17 18 2 0 2 11 1 2 7 0 60.4994828104972839
5 30 3 17 9 2 0 2 7 0 2 7 12 16 2 1 2 7 13 6 3 0 2 7 5 31 3 17 9 2 0 2 4 17 9 2 0 2 7 1 2 7 1 2 7 0 2 7 1 2 7 1 2 7 0 2 7 0 2 7 0 2 7 0 2 7 5 31 3 1 2 7 0 2 7 1 2 7 13 6 3 1 2 7 0 2 7 0 2 7 0 2 7 17 18 2 5 31 3 0 2 7 17 9 2 1 2 7 0 2 7 17 18 2 1 2 7 1 2 3 0 2 7 0 2 7 1 2 7 0 2 7 1 2 7 1 2 7 1 2 7 1 2 7 1 2 7 0 2 7 0 2 7 0 2 4 0 2 7 0 2 7 1 2 3 0 2 7 0 2 7 16 6 2 1 2 7 1 2 4 0 59.9600826501846313
5 30 3 17 9 2 0 2 7 0 2 7 12 16 2 1 2 7 13 6 3 0 2 7 5 31 3 17 9 2 0 2 7 17 9 2 0 2 7 1 2 7 1 2 7 0 2 7 1 2 7 1 2 7 0 2 7 0 2 7 0 2 7 0 2 7 5 31 3 1 2 7 0 2 7 1 2 7 13 6 3 1 2 7 0 2 7 0 2 7 0 2 7 17 18 2 5 31 3 0 2 7 17 9 2 1 2 7 0 2 7 17 18 2 1 2 7 1 2 7 0 2 7 0 2 7 1 2 7 0 2 7 1 2 7 1 2 7 1 2 7 1 2 7 1 2 7 0 2 4 0 2 7 0 2 7 0 2 7 0 2 7 1 2 7 1 2 3 16 24 2 1 2 7 0 2 7 0 2 7 0 59.9419176578521729
1 2 7 0 2 7 12 16 2 13 6 3 5 30 3 17 9 2 0 2 7 1 2 7 1 2 11 5 31 3 0 2 7 1 2 4 0 2 4 0 2 7 13 6 3 0 2 7 0 2 7 0 2 7 17 18 2 1 2 4 17 18 2 0 2 3 0 2 11 0 2 7 17 9 2 17 9 2 0 2 7 17 9 2 0 2 7 0 2 4 0 2 7 1 2 7 6 2 7 0 2 7 1 2 7 0 2 7 1 2 7 1 2 7 0 2 11 0 2 4 1 2 7 0 2 7 1 2 7 1 2 7 0 2 7 1 2 4 0 2 7 0 2 7 1 2 7 0 2 7 5 30 3 1 2 11 0 2 4 1 2 7 1 2 4 5 31 3 5 30 3 17 18 2 0 2 7 1 2 7 0 60.4994826912879944
5 30 3 17 9 2 0 2 7 0 2 7 12 16 2 1 2 7 13 6 3 0 2 7 5 31 3 17 9 2 0 2 7 17 9 2 0 2 7 1 2 7 1 2 7 0 2 7 1 2 7 1 2 7 0 2 7 0 2 7 0 2 7 0 2 7 5 31 3 1 2 7 0 2 7 1 2 7 13 6 3 1 2 7 0 2 7 0 2 7 0 2 7 17 18 2 5 31 3 0 2 7 17 9 2 1 2 7 0 2 7 17 18 2 1 2 7 1 2 7 0 2 7 0 2 7 1 2 7 0 2 7 1 2 7 1 2 7 1 2 7 1 2 7 1 2 7 0 2 4 0 2 7 0 2 7 0 2 7 0 2 7 1 2 7 1 2 3 16 24 2 1 2 7 0 2 7 0 2 7 0 59.9419176578521729
8 9 2 6 2 8 8 9 2 5 30 3 16 19 12 8 18 2 0 2 8 5 30 3 8 9 2 0 2 8 5 30 3 6 2 8 0 2 8 5 30 3 0 2 8 8 18 2 8 9 2 5 30 3 12 16 2 5 30 3 12 16 2 0 2 8 8 18 2 8 9 2 8 18 2 0 2 8 12 16 2 0 2 8 0 2 8 8 18 2 8 18 2 0 2 8 0 2 8 0 2 8 16 15 2 16 19 12 16 15 2 0 2 8 0 2 8 0 2 8 6 2 8 12 16 2 0 2 8 2 3 3 9 2 7 8 9 2 6 2 8 0 2 8 16 15 2 0 2 8 6 2 8 0 2 8 5 30 3 16 15 2 8 9 2 0 2 8 6 2 8 0 2 8 6 2 8 6 2 8 0.00736875527608901737 67.6638075113296509
5 30 3 17 9 2 0 2 7 0 2 7 12 16 2 1 2 7 13 6 3 0 2 7 5 31 3 17 9 2 0 2 7 17 9 2 0 2 7 1 2 7 1 2 7 0 2 7 1 2 7 1 2 7 0 2 7 0 2 7 0 2 7 0 2 7 5 31 3 1 2 7 0 2 7 1 2 7 13 6 3 1 2 7 0 2 7 0 2 7 0 2 7 17 18 2 5 31 3 0 2 7 17 9 2 1 2 7 0 2 7 17 18 2 1 2 7 1 2 7 0 2 7 0 2 7 1 2 7 0 2 7 1 2 7 1 2 7 1 2 7 1 2 7 1 2 7 0 2 4 0 2 7 0 2 7 0 2 7 0 2 7 1 2 7 1 2 3 16 24 2 1 2 7 0 2 7 0 2 7 0 59.9419176578521729
5 30 3 12 16 2 17 9 2 0 2 7 1 2 7 0 2 7 5 31 3 0 2 7 1 2 7 0 2 7 1 2 7 0 2 7 0 2 7 1 2 7 1 2 7 0 2 7 0 2 7 17 18 2 5 31 3 0 2 7 17 9 2 0 2 7 0 2 7 1 2 7 1 2 4 0 2 7 1 2 7 1 2 7 0 2 3 0 2 7 0 2 7 0 2 7 0 2 8 1 2 7 17 9 2 0 2 7 16 15 2 8 18 2 16 15 2 0 2 8 0 2 4 1 2 7 0 2 8 0 2 8 5 30 3 16 19 12 6 2 8 0 2 7 1 2 7 6 2 8 0 2 8 0 2 8 0 2 8 0 2 7 8 18 2 5 30 3 6 2 8 1 2 7 0 2 8 8 9 2 0.000211011863061336499 63.0190232992172241
5 30 3 17 9 2 0 2 7 0 2 7 12 16 2 1 2 7 13 6 3 0 2 7 5 31 3 17 9 2 0 2 7 17 9 2 0 2 7 1 2 7 1 2 7 0 2 7 1 2 7 1 2 7 0 2 7 0 2 7 0 2 7 0 2 7 5 31 3 1 2 7 0 2 7 1 2 7 13 6 3 1 2 7 0 2 7 0 2 7 0 2 7 17 18 2 5 31 3 0 2 7 17 9 2 1 2 7 0 2 7 17 18 2 1 2 7 1 2 7 0 2 7 0 2 7 1 2 7 0 2 7 1 2 7 1 2 7 1 2 7 1 2 7 1 2 7 0 2 4 0 2 7 0 2 7 0 2 7 0 2 7 1 2 7 1 2 3 16 24 2 1 2 7 0 2 7 0 2 7 0 59.9419176578521729

Current Evaluation = 12600(12600)
Front Size = 10
5 30 3 17 9 2 0 2 7 0 2 7 12 16 2 1 2 7 13 6 3 0 2 7 5 31 3 17 9 2 0 2 7 17 9 2 0 2 7 1 2 7 1 2 7 0 2 7 1 2 7 1 2 7 0 2 7 0 2 7 0 2 7 0 2 7 5 31 3 1 2 7 0 2 7 1 2 7 13 6 3 1 2 7 0 2 7 0 2 7 0 2 7 17 18 2 5 31 3 0 2 7 17 9 2 1 2 7 0 2 7 17 18 2 1 2 7 1 2 7 0 2 7 0 2 7 1 2 7 0 2 7 1 2 7 1 2 7 1 2 7 1 2 7 1 2 7 0 2 4 0 2 7 0 2 7 0 2 7 0 2 7 1 2 7 0 2 7 1 2 3 16 24 2 1 2 7 0 2 7 0 59.9419176578521729
5 30 3 12 16 2 17 9 2 0 2 7 1 2 7 0 2 7 5 31 3 0 2 7 1 2 7 0 2 7 1 2 7 0 2 7 0 2 7 1 2 7 1 2 7 0 2 7 0 2 7 17 18 2 5 31 3 0 2 7 17 9 2 0 2 7 0 2 7 1 2 7 1 2 4 0 2 7 1 2 7 1 2 7 0 2 3 0 2 7 0 2 7 0 2 7 0 2 8 1 2 7 17 9 2 0 2 7 16 15 2 8 18 2 16 15 2 0 2 8 0 2 4 1 2 7 0 2 8 0 2 8 5 30 3 16 19 12 6 2 8 0 2 7 1 2 7 6 2 8 0 2 8 0 2 8 0 2 8 0 2 7 8 18 2 5 30 3 6 2 8 1 2 7 0 2 8 8 9 2 0.000211011863061336499 63.0190232992172241
1 2 7 0 2 7 12 16 2 13 6 3 5 30 3 17 9 2 0 2 7 1 2 7 1 2 7 5 31 3 0 2 7 1 2 7 0 2 11 0 2 7 13 6 3 0 2 7 0 2 7 1 2 7 17 18 2 1 2 4 17 18 2 0 2 7 0 2 4 0 2 7 17 9 2 17 9 2 0 2 7 17 9 2 0 2 7 0 2 7 0 2 7 1 2 7 6 2 7 0 2 4 1 2 7 0 2 7 1 2 4 1 2 4 0 2 4 0 2 7 0 2 4 0 2 7 1 2 7 1 2 11 0 2 7 1 2 7 0 2 7 0 2 11 1 2 7 0 2 7 5 30 3 1 2 3 0 2 4 1 2 7 1 2 7 5 31 3 5 30 3 17 18 2 0 2 11 1 2 7 0 60.4994828104972839
5 30 3 17 9 2 0 2 7 0 2 4 12 16 2 1 2 7 13 6 3 0 2 7 5 31 3 17 9 2 0 2 7 17 9 2 0 2 7 1 2 7 1 2 4 0 2 4 1 2 7 1 2 7 0 2 7 0 2 7 0 2 7 0 2 7 5 31 3 1 2 7 0 2 7 1 2 7 13 6 3 1 2 7 0 2 7 0 2 7 0 2 7 17 18 2 1 2 4 17 9 2 1 2 7 0 2 4 17 18 2 1 2 7 0 2 7 0 2 4 0 2 7 1 2 7 0 2 7 0 2 7 0 2 7 0 2 7 0 2 7 1 2 7 1 2 7 17 18 2 1 2 7 1 2 7 1 2 4 5 31 3 0 2 7 1 2 4 0 2 7 5 30 3 0 2 7 1 2 7 0 60.1250686645507812
5 30 3 17 9 2 0 2 7 0 2 7 12 16 2 1 2 7 13 6 3 0 2 7 5 31 3 17 9 2 0 2 7 17 9 2 0 2 7 1 2 7 1 2 7 0 2 7 1 2 7 1 2 7 0 2 7 0 2 7 0 2 7 0 2 7 5 31 3 1 2 7 0 2 7 1 2 7 13 6 3 1 2 7 0 2 7 0 2 7 0 2 7 17 18 2 5 31 3 0 2 7 17 9 2 1 2 7 0 2 7 17 18 2 1 2 7 1 2 7 0 2 7 0 2 7 1 2 7 0 2 7 1 2 7 1 2 7 1 2 7 1 2 7 1 2 7 0 2 4 0 2 7 0 2 7 0 2 7 0 2 7 1 2 7 1 2 3 16 24 2 1 2 7 0 2 7 0 2 7 0 59.9419176578521729
5 30 3 17 9 2 0 2 7 0 2 7 12 16 2 1 2 7 13 6 3 0 2 7 5 31 3 17 9 2 0 2 7 17 9 2 0 2 7 1 2 7 1 2 7 0 2 7 1 2 7 1 2 7 0 2 7 0 2 7 0 2 7 0 2 7 5 31 3 1 2 7 0 2 7 1 2 7 13 6 3 1 2 7 0 2 7 0 2 7 0 2 7 17 18 2 5 31 3 0 2 7 17 9 2 1 2 7 0 2 7 17 18 2 1 2 7 1 2 7 0 2 7 0 2 7 1 2 7 0 2 7 1 2 7 1 2 7 1 2 7 1 2 7 1 2 7 0 2 4 0 2 7 0 2 7 0 2 7 0 2 7 1 2 7 1 2 3 16 24 2 1 2 7 0 2 7 0 2 7 0 59.9419176578521729
8 9 2 6 2 8 8 9 2 5 30 3 16 19 12 8 18 2 0 2 8 5 30 3 8 9 2 0 2 8 5 30 3 6 2 8 0 2 8 5 30 3 0 2 8 8 18 2 8 9 2 5 30 3 12 16 2 5 30 3 12 16 2 0 2 8 8 18 2 8 9 2 8 18 2 0 2 8 12 16 2 0 2 8 0 2 8 8 18 2 8 18 2 0 2 8 0 2 8 0 2 8 16 15 2 16 19 12 16 15 2 0 2 8 0 2 8 0 2 8 6 2 8 12 16 2 0 2 8 2 3 3 9 2 7 8 9 2 6 2 8 0 2 8 16 15 2 0 2 8 6 2 8 0 2 8 5 30 3 16 15 2 8 9 2 0 2 8 6 2 8 0 2 8 6 2 8 6 2 8 0.00736875527608901737 67.6638075113296509
5 30 3 17 9 2 0 2 7 0 2 7 12 16 2 1 2 7 13 6 3 0 2 7 5 31 3 17 9 2 0 2 7 17 9 2 0 2 7 1 2 7 1 2 7 0 2 7 1 2 7 1 2 7 0 2 7 0 2 7 0 2 7 0 2 7 5 31 3 1 2 7 0 2 7 1 2 7 13 6 3 1 2 7 0 2 7 0 2 7 0 2 7 17 18 2 5 31 3 0 2 7 17 9 2 1 2 7 0 2 7 17 18 2 1 2 7 1 2 7 0 2 7 0 2 7 1 2 7 0 2 7 1 2 7 1 2 7 1 2 7 1 2 7 1 2 7 0 2 4 0 2 7 0 2 7 0 2 7 0 2 7 1 2 7 0 2 7 1 2 3 16 24 2 1 2 7 0 2 7 0 59.9419176578521729
5 30 3 17 9 2 0 2 7 0 2 7 12 16 2 1 2 7 13 6 3 0 2 7 5 31 3 17 9 2 0 2 7 17 9 2 0 2 7 1 2 7 1 2 7 0 2 7 1 2 7 1 2 7 0 2 7 0 2 7 0 2 7 0 2 7 5 31 3 1 2 7 0 2 7 1 2 7 13 6 3 1 2 7 0 2 7 0 2 7 0 2 7 17 18 2 5 31 3 0 2 7 17 9 2 1 2 7 0 2 7 17 18 2 1 2 7 1 2 7 0 2 7 0 2 7 1 2 7 0 2 7 1 2 7 1 2 7 1 2 7 1 2 7 1 2 7 0 2 4 0 2 7 0 2 7 0 2 7 0 2 7 1 2 7 1 2 3 16 24 2 1 2 7 0 2 7 0 2 7 0 59.9419176578521729
5 30 3 17 9 2 0 2 7 0 2 7 12 16 2 1 2 7 13 6 3 0 2 7 5 31 3 17 9 2 0 2 7 17 9 2 0 2 7 1 2 7 1 2 7 0 2 7 1 2 7 1 2 7 0 2 7 0 2 7 0 2 7 0 2 7 5 31 3 1 2 7 0 2 7 1 2 7 13 6 3 1 2 7 0 2 7 0 2 7 0 2 7 17 18 2 5 31 3 0 2 7 17 9 2 1 2 7 0 2 7 17 18 2 1 2 7 1 2 7 0 2 7 0 2 7 1 2 7 0 2 7 1 2 7 1 2 7 1 2 7 1 2 7 1 2 7 0 2 4 0 2 7 0 2 7 0 2 7 0 2 7 1 2 7 0 2 7 1 2 3 16 24 2 1 2 7 0 2 7 0 59.9419176578521729

Current Evaluation = 13500(13500)
Front Size = 10
5 30 3 17 9 2 0 2 7 0 2 7 12 16 2 1 2 7 13 6 3 0 2 7 5 31 3 17 9 2 0 2 7 17 9 2 0 2 7 1 2 7 1 2 7 0 2 7 1 2 7 1 2 7 0 2 7 0 2 7 0 2 7 0 2 7 5 31 3 1 2 7 0 2 7 1 2 7 13 6 3 1 2 7 0 2 7 0 2 7 0 2 7 17 18 2 5 31 3 0 2 7 17 9 2 1 2 7 0 2 7 17 18 2 1 2 7 1 2 7 0 2 7 0 2 7 1 2 7 0 2 7 1 2 7 1 2 7 1 2 7 1 2 7 1 2 7 0 2 4 0 2 7 0 2 7 0 2 7 0 2 7 1 2 7 1 2 3 16 24 2 1 2 7 0 2 7 0 2 7 0 59.9419176578521729
1 2 7 0 2 7 12 16 2 13 6 3 5 30 3 17 9 2 0 2 7 1 2 7 1 2 7 5 31 3 0 2 7 1 2 7 0 2 11 0 2 7 13 6 3 0 2 7 0 2 7 1 2 7 17 18 2 1 2 4 17 18 2 0 2 7 0 2 4 0 2 7 17 9 2 17 9 2 0 2 7 17 9 2 0 2 7 0 2 7 0 2 7 1 2 7 6 2 7 0 2 4 1 2 7 0 2 7 1 2 4 1 2 4 0 2 4 0 2 7 0 2 4 0 2 7 1 2 7 1 2 11 0 2 7 1 2 7 0 2 7 0 2 11 1 2 7 0 2 7 5 30 3 1 2 3 0 2 4 1 2 7 1 2 7 5 31 3 5 30 3 17 18 2 0 2 11 1 2 7 0 60.4994828104972839
5 30 3 17 9 2 0 2 7 0 2 7 12 16 2 1 2 7 13 6 3 0 2 7 5 31 3 17 9 2 0 2 7 17 9 2 0 2 7 1 2 7 1 2 7 0 2 7 1 2 7 1 2 7 0 2 7 0 2 7 0 2 7 0 2 7 5 31 3 1 2 7 0 2 7 1 2 7 13 6 3 1 2 7 0 2 7 0 2 7 0 2 7 17 18 2 5 31 3 0 2 7 17 9 2 1 2 7 0 2 7 17 18 2 1 2 7 1 2 7 0 2 7 0 2 7 1 2 7 0 2 7 1 2 7 1 2 7 1 2 7 1 2 7 1 2 7 0 2 4 0 2 7 0 2 7 0 2 7 0 2 7 1 2 7 1 2 3 16 24 2 1 2 7 0 2 7 0 2 7 0 59.9419176578521729
5 30 3 17 9 2 0 2 7 0 2 7 12 16 2 1 2 7 13 6 3 0 2 7 5 31 3 17 9 2 0 2 7 17 9 2 0 2 7 1 2 7 1 2 7 0 2 7 1 2 7 1 2 7 0 2 7 0 2 7 0 2 7 0 2 7 5 31 3 1 2 7 0 2 7 1 2 7 13 6 3 1 2 7 0 2 7 0 2 7 0 2 7 17 18 2 5 31 3 0 2 7 17 9 2 1 2 7 0 2 7 17 18 2 1 2 7 1 2 7 0 2 7 0 2 7 1 2 7 0 2 7 1 2 7 1 2 7 1 2 7 1 2 7 1 2 7 0 2 4 0 2 7 0 2 7 0 2 7 0 2 7 1 2 7 1 2 3 16 24 2 1 2 7 0 2 7 0 2 7 0 59.9419176578521729
5 30 3 17 9 2 0 2 7 0 2 7 12 16 2 1 2 7 13 6 3 0 2 7 5 31 3 17 9 2 0 2 7 17 9 2 0 2 7 1 2 7 1 2 7 0 2 7 1 2 7 1 2 7 0 2 7 0 2 7 0 2 7 0 2 7 5 31 3 1 2 7 0 2 7 1 2 7 13 6 3 1 2 7 0 2 7 0 2 7 0 2 7 17 18 2 5 31 3 0 2 7 17 9 2 1 2 7 0 2 7 17 18 2 1 2 7 1 2 7 0 2 7 0 2 7 1 2 7 0 2 7 1 2 7 1 2 7 1 2 7 1 2 7 1 2 7 0 2 4 0 2 7 0 2 7 0 2 7 0 2 7 1 2 7 1 2 3 16 24 2 1 2 7 0 2 7 0 2 7 0 59.9419176578521729
1 2 7 0 2 7 12 16 2 5 30 3 8 9 2 1 2 7 0 2 7 1 2 7 5 30 3 0 2 11 0 2 4 0 2 11 0 2 7 5 31 3 1 2 7 17 18 2 0 2 7 1 2 7 0 2 7 0 2 7 17 9 2 17 9 2 0 2 7 0 2 7 1 2 7 0 2 7 0 2 7 1 2 7 6 2 7 1 2 7 0 2 7 0 2 7 0 2 7 1 2 7 0 2 7 5 30 3 0 2 7 5 30 3 0 2 7 1 2 4 5 30 3 5 30 3 1 2 7 0 2 7 0 2 7 0 2 7 17 9 2 0 2 7 16 19 11 8 18 2 0 2 7 0 2 7 8 18 2 1 2 7 0 2 12 1 2 7 0 2 7 0 2 7 16 31 2 16 15 2 0 61.9133095145225525
8 9 2 6 2 8 8 9 2 5 30 3 16 19 12 8 18 2 0 2 8 5 30 3 8 9 2 0 2 8 5 30 3 6 2 8 0 2 8 5 30 3 0 2 8 8 18 2 8 9 2 5 30 3 12 16 2 5 30 3 12 16 2 0 2 8 8 18 2 8 9 2 8 18 2 0 2 8 12 16 2 0 2 8 0 2 8 8 18 2 8 18 2 0 2 8 0 2 8 0 2 8 16 15 2 16 19 12 16 15 2 0 2 8 0 2 8 0 2 8 6 2 8 12 16 2 0 2 8 2 3 3 9 2 7 8 9 2 6 2 8 0 2 8 16 15 2 0 2 8 6 2 8 0 2 8 5 30 3 16 15 2 8 9 2 0 2 8 6 2 8 0 2 8 6 2 8 6 2 8 0.00736875527608901737 67.6638075113296509
5 30 3 17 9 2 0 2 7 0 2 7 12 16 2 1 2 7 13 6 3 0 2 7 5 31 3 17 9 2 0 2 7 17 9 2 0 2 7 1 2 7 1 2 7 0 2 7 1 2 7 1 2 7 0 2 7 0 2 7 0 2 7 0 2 7 5 31 3 1 2 7 0 2 7 1 2 7 13 6 3 1 2 7 0 2 7 0 2 7 0 2 7 17 18 2 5 31 3 0 2 7 17 9 2 1 2 7 0 2 7 17 18 2 1 2 7 1 2 7 0 2 7 0 2 7 1 2 7 0 2 7 1 2 7 1 2 7 1 2 7 1 2 7 1 2 7 0 2 4 0 2 7 0 2 7 0 2 7 0 2 7 1 2 7 1 2 3 16 24 2 1 2 7 0 2 7 0 2 7 0 59.9419176578521729
5 30 3 17 9 2 0 2 7 0 2 4 12 16 2 1 2 7 13 6 3 0 2 7 5 31 3 17 9 2 0 2 7 17 9 2 0 2 7 1 2 7 1 2 4 0 2 4 1 2 7 1 2 7 0 2 7 0 2 7 0 2 7 0 2 7 5 31 3 1 2 7 0 2 7 1 2 7 13 6 3 1 2 7 0 2 7 0 2 7 0 2 7 17 18 2 1 2 4 17 9 2 1 2 7 0 2 4 17 18 2 1 2 7 0 2 7 0 2 4 0 2 7 1 2 7 0 2 7 0 2 7 0 2 7 0 2 7 0 2 7 1 2 7 1 2 7 17 18 2 1 2 7 1 2 7 1 2 4 5 31 3 0 2 7 1 2 4 0 2 7 5 30 3 0 2 7 1 2 7 0 60.1250686645507812
5 30 3 17 9 2 0 2 7 0 2 7 12 16 2 1 2 7 13 6 3 0 2 7 5 31 3 17 9 2 0 2 7 17 9 2 0 2 7 1 2 7 1 2 7 0 2 7 1 2 7 1 2 7 0 2 7 0 2 7 0 2 7 0 2 7 5 31 3 1 2 7 0 2 7 1 2 7 13 6 3 1 2 7 0 2 7 0 2 7 0 2 7 17 18 2 5 31 3 0 2 7 17 9 2 1 2 7 0 2 7 17 18 2 1 2 7 1 2 7 0 2 7 0 2 7 1 2 7 0 2 7 1 2 7 1 2 7 1 2 7 1 2 7 1 2 7 0 2 4 0 2 7 0 2 7 0 2 7 0 2 7 1 2 7 1 2 3 16 24 2 1 2 7 0 2 7 0 2 7 0 59.9419176578521729

Current Evaluation = 14400(14400)
Front Size = 10
5 30 3 17 9 2 0 2 7 0 2 7 12 16 2 1 2 7 13 6 3 0 2 7 5 31 3 17 9 2 0 2 7 17 9 2 0 2 7 1 2 7 1 2 7 0 2 7 1 2 7 1 2 7 0 2 7 0 2 7 0 2 7 0 2 7 5 31 3 1 2 7 0 2 7 1 2 7 13 6 3 1 2 7 0 2 7 0 2 7 0 2 7 17 18 2 5 31 3 0 2 7 17 9 2 1 2 7 0 2 7 17 18 2 1 2 7 1 2 7 0 2 7 0 2 7 1 2 7 0 2 7 1 2 7 1 2 7 1 2 7 1 2 7 1 2 7 0 2 4 0 2 7 0 2 7 0 2 7 0 2 7 1 2 7 1 2 3 16 24 2 1 2 7 0 2 7 0 2 7 0 59.9419176578521729
5 30 3 17 9 2 0 2 7 0 2 4 12 16 2 1 2 7 13 6 3 0 2 7 5 31 3 17 9 2 0 2 7 17 9 2 0 2 7 1 2 4 1 2 4 0 2 4 1 2 7 1 2 7 0 2 7 0 2 7 0 2 7 0 2 7 5 31 3 1 2 7 0 2 7 1 2 7 13 6 3 1 2 7 0 2 7 0 2 7 0 2 7 17 18 2 1 2 7 17 9 2 1 2 4 0 2 4 17 18 2 1 2 7 0 2 7 0 2 7 0 2 4 1 2 7 0 2 7 0 2 7 0 2 7 0 2 7 0 2 4 1 2 7 1 2 7 17 18 2 1 2 7 1 2 7 1 2 4 5 30 3 0 2 7 1 2 4 0 2 7 5 30 3 0 2 3 1 2 7 0 60.0847896337509155
0 2 7 17 9 2 0 2 7 0 2 7 12 16 2 1 2 7 1 2 7 5 30 3 17 9 2 0 2 7 17 9 2 0 2 7 1 2 7 1 2 7 0 2 11 1 2 7 0 2 4 0 2 7 0 2 7 6 2 3 0 2 7 0 2 7 0 2 7 1 2 4 0 2 7 0 2 7 0 2 4 0 2 7 17 18 2 0 2 3 1 2 7 6 2 7 0 2 7 1 2 7 0 2 7 0 2 3 0 2 7 0 2 7 0 2 4 0 2 7 1 2 7 1 2 7 0 2 4 0 2 7 5 30 3 5 30 3 13 6 3 5 31 3 5 30 3 17 18 2 0 2 7 5 30 3 1 2 7 8 18 2 0 2 7 5 31 3 1 2 7 16 15 2 6 2 7 16 19 11 0 61.5932145118713379
5 30 3 17 9 2 0 2 7 0 2 7 12 16 2 1 2 7 13 6 3 0 2 7 5 31 3 17 9 2 0 2 7 17 9 2 0 2 7 1 2 7 1 2 7 0 2 7 1 2 7 1 2 7 0 2 7 0 2 7 0 2 7 0 2 7 5 31 3 1 2 7 0 2 7 1 2 7 13 6 3 1 2 7 0 2 7 0 2 7 0 2 7 17 18 2 5 31 3 0 2 7 17 9 2 1 2 7 0 2 7 17 18 2 1 2 7 1 2 7 0 2 7 0 2 7 1 2 7 0 2 7 1 2 7 1 2 7 1 2 7 1 2 7 1 2 7 0 2 4 0 2 7 0 2 7 0 2 7 0 2 7 1 2 7 1 2 3 16 24 2 1 2 7 0 2 7 0 2 7 0 59.9419176578521729
5 30 3 17 9 2 0 2 7 0 2 7 12 16 2 1 2 7 13 6 3 0 2 7 5 31 3 17 9 2 0 2 7 17 9 2 0 2 7 1 2 7 1 2 7 0 2 7 1 2 7 1 2 7 0 2 7 0 2 7 0 2 7 0 2 7 5 31 3 1 2 7 0 2 7 1 2 7 13 6 3 1 2 7 0 2 7 0 2 7 0 2 7 17 18 2 5 31 3 0 2 7 17 9 2 1 2 7 0 2 7 17 18 2 1 2 7 1 2 7 0 2 7 0 2 7 1 2 7 0 2 7 1 2 7 1 2 7 1 2 7 1 2 7 1 2 7 0 2 4 0 2 7 0 2 7 0 2 7 0 2 7 1 2 7 1 2 3 16 24 2 1 2 7 0 2 7 0 2 7 0 59.9419176578521729
5 30 3 17 9 2 0 2 7 0 2 7 12 16 2 1 2 7 13 6 3 0 2 7 5 31 3 17 9 2 0 2 7 17 9 2 0 2 7 1 2 7 1 2 7 0 2 7 1 2 7 1 2 7 0 2 7 0 2 7 0 2 7 0 2 7 5 31 3 1 2 7 0 2 7 1 2 7 13 6 3 1 2 7 0 2 7 0 2 7 0 2 7 17 18 2 5 31 3 0 2 7 17 9 2 1 2 7 0 2 7 17 18 2 1 2 7 1 2 7 0 2 7 0 2 7 1 2 7 0 2 7 1 2 7 1 2 7 1 2 7 1 2 7 1 2 7 0 2 4 0 2 7 0 2 7 0 2 7 0 2 7 1 2 7 1 2 3 16 24 2 1 2 7 0 2 7 0 2 7 0 59.9419176578521729
8 9 2 6 2 8 8 9 2 5 30 3 16 19 12 8 18 2 0 2 8 5 30 3 8 9 2 0 2 8 5 30 3 6 2 8 0 2 8 5 30 3 0 2 8 8 18 2 8 9 2 5 30 3 12 16 2 5 30 3 12 16 2 0 2 8 8 18 2 8 9 2 8 18 2 0 2 8 12 16 2 0 2 8 0 2 8 8 18 2 8 18 2 0 2 8 0 2 8 0 2 8 16 15 2 16 19 12 16 15 2 0 2 8 0 2 8 0 2 8 6 2 8 12 16 2 0 2 8 2 3 3 9 2 7 8 9 2 6 2 8 0 2 8 16 15 2 0 2 8 6 2 8 0 2 8 5 30 3 16 15 2 8 9 2 0 2 8 6 2 8 0 2 8 6 2 8 6 2 8 0.00736875527608901737 67.6638075113296509
5 30 3 17 9 2 0 2 7 0 2 7 12 16 2 1 2 7 13 6 3 0 2 7 5 31 3 17 9 2 0 2 7 17 9 2 0 2 7 1 2 7 1 2 7 0 2 7 1 2 7 1 2 7 0 2 7 0 2 7 0 2 7 0 2 7 5 31 3 1 2 7 0 2 7 1 2 7 13 6 3 1 2 7 0 2 7 0 2 7 0 2 7 17 18 2 5 31 3 0 2 7 17 9 2 1 2 7 0 2 7 17 18 2 1 2 7 1 2 7 0 2 7 0 2 7 1 2 7 0 2 7 1 2 7 1 2 7 1 2 7 1 2 7 1 2 7 0 2 4 0 2 7 0 2 7 0 2 7 0 2 7 1 2 7 1 2 3 16 24 2 1 2 7 0 2 7 0 2 7 0 59.9419176578521729
5 30 3 17 9 2 0 2 7 0 2 4 12 16 2 1 2 7 13 6 3 0 2 7 5 31 3 17 9 2 0 2 7 17 9 2 0 2 7 1 2 7 1 2 7 1 2 4 0 2 4 1 2 7 0 2 7 0 2 7 0 2 7 0 2 7 5 31 3 1 2 3 0 2 7 1 2 7 13 6 3 1 2 7 0 2 7 0 2 7 0 2 7 17 18 2 1 2 4 17 9 2 1 2 4 0 2 4 17 18 2 1 2 7 0 2 7 0 2 7 0 2 7 1 2 7 0 2 7 0 2 7 0 2 7 0 2 7 0 2 7 1 2 4 1 2 7 17 18 2 1 2 7 1 2 4 1 2 7 5 30 3 0 2 7 1 2 4 0 2 7 5 30 3 0 2 4 1 2 7 0 60.0847896337509155
5 30 3 17 9 2 0 2 7 0 2 7 12 16 2 1 2 7 13 6 3 0 2 7 5 31 3 17 9 2 0 2 7 17 9 2 0 2 7 1 2 7 1 2 7 0 2 7 1 2 7 1 2 7 0 2 7 0 2 7 0 2 7 0 2 7 5 31 3 1 2 7 0 2 7 1 2 7 13 6 3 1 2 7 0 2 7 0 2 7 0 2 7 17 18 2 5 31 3 0 2 7 17 9 2 1 2 7 0 2 7 17 18 2 1 2 7 1 2 7 0 2 7 0 2 7 1 2 7 0 2 7 1 2 7 1 2 7 1 2 7 1 2 7 1 2 7 0 2 4 0 2 7 0 2 7 0 2 7 0 2 7 1 2 7 1 2 3 16 24 2 1 2 7 0 2 7 0 2 7 0 59.9419176578521729

Current Evaluation = 15300(15300)
Front Size = 10
5 30 3 17 9 2 0 2 7 0 2 7 12 16 2 1 2 7 13 6 3 0 2 7 5 31 3 17 9 2 0 2 7 17 9 2 0 2 7 1 2 7 1 2 7 0 2 7 1 2 7 1 2 7 0 2 7 0 2 7 0 2 7 0 2 7 5 31 3 1 2 7 0 2 7 1 2 7 13 6 3 1 2 7 0 2 7 0 2 7 0 2 7 17 18 2 5 31 3 0 2 7 17 9 2 1 2 7 0 2 7 17 18 2 1 2 7 1 2 7 0 2 7 0 2 7 1 2 7 0 2 7 1 2 7 1 2 7 1 2 7 1 2 7 1 2 7 0 2 4 0 2 7 0 2 7 0 2 7 0 2 7 1 2 7 1 2 3 16 24 2 1 2 7 0 2 7 0 2 7 0 59.9419176578521729
5 30 3 17 9 2 0 2 7 0 2 7 12 16 2 1 2 7 13 6 3 0 2 7 5 31 3 17 9 2 0 2 7 17 9 2 0 2 7 1 2 7 1 2 7 0 2 7 1 2 7 1 2 7 0 2 7 0 2 7 0 2 7 0 2 7 5 31 3 1 2 7 0 2 7 1 2 7 13 6 3 1 2 7 0 2 7 0 2 7 0 2 7 17 18 2 5 31 3 0 2 7 17 9 2 1 2 7 0 2 7 17 18 2 1 2 7 1 2 7 0 2 7 0 2 7 1 2 7 0 2 7 1 2 7 1 2 7 1 2 7 1 2 7 1 2 7 0 2 4 0 2 7 0 2 7 0 2 7 0 2 7 1 2 7 1 2 3 16 24 2 1 2 7 0 2 7 0 2 7 0 59.9419176578521729
5 30 3 17 9 2 0 2 7 0 2 7 12 16 2 1 2 7 13 6 3 0 2 7 5 31 3 17 9 2 0 2 7 17 9 2 0 2 7 1 2 7 1 2 7 0 2 7 1 2 7 1 2 7 0 2 7 0 2 7 0 2 7 0 2 7 5 31 3 1 2 7 0 2 7 1 2 7 13 6 3 1 2 7 0 2 7 0 2 7 0 2 7 17 18 2 5 31 3 0 2 7 17 9 2 1 2 7 0 2 7 17 18 2 1 2 7 1 2 7 0 2 7 0 2 7 1 2 7 0 2 7 1 2 7 1 2 7 1 2 7 1 2 7 1 2 7 0 2 4 0 2 7 0 2 7 0 2 7 0 2 7 1 2 7 1 2 3 16 24 2 1 2 7 0 2 7 0 2 7 0 59.9419176578521729
8 9 2 6 2 8 8 9 2 5 30 3 16 19 12 8 18 2 0 2 8 5 30 3 8 9 2 0 2 8 5 30 3 6 2 8 0 2 8 5 30 3 0 2 8 8 18 2 8 9 2 5 30 3 12 16 2 5 30 3 12 16 2 0 2 8 8 18 2 8 9 2 8 18 2 0 2 8 12 16 2 0 2 8 0 2 8 8 18 2 8 18 2 0 2 8 0 2 8 0 2 8 16 15 2 16 19 12 16 15 2 0 2 8 0 2 8 0 2 8 6 2 8 12 16 2 0 2 8 2 3 3 9 2 7 8 9 2 6 2 8 0 2 8 16 15 2 0 2 8 6 2 8 0 2 8 5 30 3 16 15 2 8 9 2 0 2 8 6 2 8 0 2 8 6 2 8 6 2 8 0.00736875527608901737 67.6638075113296509
5 30 3 17 9 2 0 2 7 0 2 4 12 16 2 1 2 7 13 6 3 0 2 7 5 31 3 17 9 2 0 2 7 17 9 2 0 2 7 1 2 7 1 2 7 1 2 4 0 2 4 1 2 7 0 2 7 0 2 7 0 2 7 0 2 7 5 31 3 0 2 7 1 2 7 13 6 3 1 2 7 0 2 7 0 2 7 0 2 7 17 18 2 1 2 4 17 9 2 1 2 4 0 2 4 17 18 2 1 2 7 0 2 7 0 2 7 0 2 7 1 2 7 0 2 7 0 2 7 0 2 7 0 2 7 0 2 7 1 2 4 1 2 7 17 18 2 1 2 4 1 2 4 1 2 7 5 30 3 5 30 3 0 2 4 1 2 7 1 2 3 0 2 7 1 2 7 0 2 7 0 60.0847896337509155
5 30 3 17 9 2 0 2 7 0 2 7 12 16 2 1 2 7 13 6 3 0 2 7 5 31 3 17 9 2 0 2 7 17 9 2 0 2 7 1 2 7 1 2 7 0 2 7 1 2 7 1 2 7 0 2 7 0 2 7 0 2 7 0 2 7 5 31 3 1 2 7 0 2 7 1 2 7 13 6 3 1 2 7 0 2 7 0 2 7 0 2 7 17 18 2 5 31 3 0 2 7 17 9 2 1 2 7 0 2 7 17 18 2 1 2 7 1 2 7 0 2 7 0 2 7 1 2 7 0 2 7 1 2 7 1 2 7 1 2 7 1 2 7 1 2 7 0 2 4 0 2 7 0 2 7 0 2 7 0 2 7 1 2 7 1 2 3 16 24 2 1 2 7 0 2 7 0 2 7 0 59.9419176578521729
5 30 3 17 9 2 0 2 7 0 2 7 12 16 2 1 2 7 13 6 3 0 2 7 5 31 3 17 9 2 0 2 7 17 9 2 0 2 7 1 2 7 1 2 7 0 2 7 1 2 7 1 2 7 0 2 7 0 2 7 0 2 7 0 2 7 5 31 3 1 2 7 0 2 7 1 2 7 13 6 3 1 2 7 0 2 7 0 2 7 0 2 7 17 18 2 5 31 3 0 2 7 17 9 2 1 2 7 0 2 7 17 18 2 1 2 7 1 2 7 0 2 7 0 2 7 1 2 7 0 2 7 1 2 7 1 2 7 1 2 7 1 2 7 1 2 7 0 2 4 0 2 7 0 2 7 0 2 7 0 2 7 1 2 7 1 2 3 16 24 2 1 2 7 0 2 7 0 2 7 0 59.9419176578521729
5 30 3 17 9 2 0 2 7 0 2 4 12 16 2 1 2 7 13 6 3 0 2 7 5 31 3 17 9 2 0 2 7 17 9 2 0 2 7 1 2 7 1 2 7 1 2 4 0 2 4 1 2 7 0 2 7 0 2 7 0 2 7 0 2 7 5 31 3 0 2 7 1 2 7 13 6 3 1 2 7 0 2 7 0 2 7 0 2 7 17 18 2 1 2 7 17 9 2 1 2 4 0 2 4 17 18 2 1 2 7 0 2 7 0 2 7 0 2 7 1 2 7 0 2 7 0 2 7 0 2 7 0 2 7 0 2 7 1 2 4 1 2 7 17 18 2 1 2 7 1 2 4 1 2 7 5 30 3 5 30 3 0 2 4 1 2 7 1 2 7 0 2 4 1 2 4 0 2 3 0 60.0847896337509155
5 30 3 17 9 2 0 2 7 0 2 3 1 2 7 0 2 7 6 2 7 0 2 7 5 31 3 17 9 2 0 2 7 17 9 2 0 2 7 1 2 7 1 2 3 1 2 7 1 2 7 1 2 11 0 2 7 0 2 7 0 2 4 0 2 7 5 31 3 1 2 7 0 2 4 0 2 7 1 2 7 0 2 7 0 2 7 0 2 11 17 18 2 0 2 7 1 2 7 0 2 7 17 18 2 0 2 7 1 2 7 1 2 7 0 2 3 0 2 7 0 2 7 0 2 7 0 2 3 13 6 3 5 30 3 16 15 2 5 30 3 6 2 7 5 30 3 0 2 7 0 2 4 5 30 3 0 2 7 8 18 2 1 2 7 0 2 7 16 6 2 1 2 11 0 2 7 0 2 7 0 61.4424735307693481
5 30 3 17 9 2 0 2 7 0 2 7 12 16 2 1 2 7 13 6 3 0 2 7 5 31 3 17 9 2 0 2 7 17 9 2 0 2 7 1 2 7 1 2 7 0 2 7 1 2 7 1 2 7 0 2 7 0 2 7 0 2 7 0 2 7 5 31 3 1 2 7 0 2 7 1 2 7 13 6 3 1 2 7 0 2 7 0 2 7 0 2 7 17 18 2 5 31 3 0 2 7 17 9 2 1 2 7 0 2 7 17 18 2 1 2 7 1 2 7 0 2 7 0 2 7 1 2 7 0 2 7 1 2 7 1 2 7 1 2 7 1 2 7 1 2 7 0 2 4 0 2 7 0 2 7 0 2 7 0 2 7 1 2 7 1 2 3 16 24 2 1 2 7 0 2 7 0 2 7 0 59.9419176578521729

Current Evaluation = 16200(16200)
Front Size = 10
5 30 3 17 9 2 0 2 7 0 2 7 12 16 2 1 2 7 13 6 3 0 2 7 5 31 3 17 9 2 0 2 7 17 9 2 0 2 7 1 2 7 1 2 7 0 2 7 1 2 7 1 2 7 0 2 7 0 2 7 0 2 7 0 2 7 5 31 3 1 2 7 0 2 7 1 2 7 13 6 3 1 2 7 0 2 7 0 2 7 0 2 7 17 18 2 5 31 3 0 2 7 17 9 2 1 2 7 0 2 7 17 18 2 1 2 7 1 2 7 0 2 7 0 2 7 1 2 7 0 2 7 1 2 7 1 2 7 1 2 7 1 2 7 1 2 7 0 2 4 0 2 7 0 2 7 0 2 7 0 2 7 1 2 7 1 2 3 16 24 2 1 2 7 0 2 7 0 2 7 0 59.9419176578521729
5 30 3 17 9 2 0 2 7 0 2 4 12 16 2 1 2 7 13 6 3 0 2 7 5 31 3 17 9 2 0 2 7 17 9 2 0 2 7 1 2 7 1 2 7 1 2 4 0 2 4 1 2 7 0 2 7 0 2 7 0 2 7 0 2 7 5 31 3 0 2 7 1 2 7 13 6 3 1 2 7 0 2 7 0 2 7 0 2 7 17 18 2 1 2 7 17 9 2 1 2 4 0 2 4 17 18 2 1 2 7 0 2 7 0 2 7 0 2 7 1 2 7 0 2 7 0 2 7 0 2 7 0 2 7 0 2 7 1 2 4 1 2 7 17 18 2 1 2 7 1 2 4 1 2 7 5 30 3 5 30 3 0 2 4 1 2 7 1 2 7 0 2 4 1 2 4 0 2 3 0 60.0847896337509155
5 30 3 17 9 2 0 2 7 0 2 4 12 16 2 1 2 7 13 6 3 0 2 7 5 31 3 17 9 2 0 2 7 17 9 2 0 2 7 1 2 7 1 2 7 1 2 4 0 2 4 1 2 7 0 2 7 0 2 7 0 2 7 0 2 7 5 31 3 0 2 7 1 2 7 13 6 3 1 2 7 0 2 7 0 2 7 0 2 7 17 18 2 1 2 4 17 9 2 1 2 4 0 2 4 17 18 2 1 2 7 0 2 7 0 2 7 0 2 7 1 2 7 0 2 7 0 2 7 0 2 7 0 2 7 0 2 7 1 2 4 1 2 7 17 18 2 1 2 4 1 2 4 1 2 7 5 30 3 5 30 3 0 2 4 1 2 7 1 2 3 0 2 7 1 2 7 0 2 7 0 60.0847896337509155
5 30 3 17 9 2 0 2 7 0 2 7 12 16 2 1 2 7 13 6 3 0 2 7 5 31 3 17 9 2 0 2 7 17 9 2 0 2 7 1 2 7 1 2 7 0 2 7 1 2 7 1 2 7 0 2 7 0 2 7 0 2 7 0 2 7 5 31 3 1 2 7 0 2 7 1 2 7 13 6 3 1 2 7 0 2 7 0 2 7 0 2 7 17 18 2 5 31 3 0 2 7 17 9 2 1 2 7 0 2 7 17 18 2 1 2 7 1 2 7 0 2 7 0 2 7 1 2 7 0 2 7 1 2 7 1 2 7 1 2 7 1 2 7 1 2 7 0 2 4 0 2 7 0 2 7 0 2 7 0 2 7 1 2 7 1 2 3 16 24 2 1 2 7 0 2 7 0 2 7 0 59.9419176578521729
5 30 3 17 9 2 0 2 7 0 2 7 12 16 2 1 2 7 13 6 3 0 2 7 5 31 3 17 9 2 0 2 7 17 9 2 0 2 7 1 2 7 1 2 7 0 2 7 1 2 7 1 2 7 0 2 7 0 2 7 0 2 7 0 2 7 5 31 3 1 2 7 0 2 7 1 2 7 13 6 3 1 2 7 0 2 7 0 2 7 0 2 7 17 18 2 5 31 3 0 2 7 17 9 2 1 2 7 0 2 7 17 18 2 1 2 7 1 2 7 0 2 7 0 2 7 1 2 7 0 2 7 1 2 7 1 2 7 1 2 7 1 2 7 1 2 7 0 2 4 0 2 7 0 2 7 0 2 7 0 2 7 1 2 7 1 2 3 16 24 2 1 2 7 0 2 7 0 2 7 0 59.9419176578521729
5 30 3 17 9 2 0 2 7 0 2 7 12 16 2 1 2 7 13 6 3 0 2 7 5 31 3 17 9 2 0 2 7 17 9 2 0 2 7 1 2 7 1 2 7 0 2 7 1 2 7 1 2 7 0 2 7 0 2 7 0 2 7 0 2 7 5 31 3 1 2 7 0 2 7 1 2 7 13 6 3 1 2 7 0 2 7 0 2 7 0 2 7 17 18 2 5 31 3 0 2 7 17 9 2 1 2 7 0 2 7 17 18 2 1 2 7 1 2 7 0 2 7 0 2 7 1 2 7 0 2 7 1 2 7 1 2 7 1 2 7 1 2 7 1 2 7 0 2 4 0 2 7 0 2 7 0 2 7 0 2 7 1 2 7 1 2 3 16 24 2 1 2 7 0 2 7 0 2 7 0 59.9419176578521729
5 30 3 17 9 2 0 2 7 0 2 3 1 2 7 0 2 7 6 2 7 0 2 7 5 31 3 17 9 2 0 2 7 17 9 2 0 2 7 1 2 7 1 2 3 1 2 7 1 2 7 1 2 11 0 2 7 0 2 7 0 2 4 0 2 7 5 31 3 1 2 7 0 2 4 0 2 7 1 2 7 0 2 7 0 2 7 0 2 11 17 18 2 0 2 7 1 2 7 0 2 7 17 18 2 0 2 7 1 2 7 1 2 7 0 2 3 0 2 7 0 2 7 0 2 7 0 2 3 13 6 3 5 30 3 16 15 2 5 30 3 6 2 7 5 30 3 0 2 7 0 2 4 5 30 3 0 2 7 8 18 2 1 2 7 0 2 7 16 6 2 1 2 11 0 2 7 0 2 7 0 61.4424735307693481
5 30 3 17 9 2 0 2 7 0 2 7 12 16 2 1 2 7 13 6 3 0 2 7 5 31 3 17 9 2 0 2 7 17 9 2 0 2 7 1 2 7 1 2 7 0 2 7 1 2 7 1 2 7 0 2 7 0 2 7 0 2 7 0 2 7 5 31 3 1 2 7 0 2 7 1 2 7 13 6 3 1 2 7 0 2 7 0 2 7 0 2 7 17 18 2 5 31 3 0 2 7 17 9 2 1 2 7 0 2 7 17 18 2 1 2 7 1 2 7 0 2 7 0 2 7 1 2 7 0 2 7 1 2 7 1 2 7 1 2 7 1 2 7 1 2 7 0 2 4 0 2 7 0 2 7 0 2 7 0 2 7 1 2 7 1 2 3 16 24 2 1 2 7 0 2 7 0 2 7 0 59.9419176578521729
8 9 2 6 2 8 8 9 2 5 30 3 16 19 12 8 18 2 0 2 8 5 30 3 8 9 2 0 2 8 5 30 3 6 2 8 0 2 8 5 30 3 0 2 8 8 18 2 8 9 2 5 30 3 12 16 2 5 30 3 12 16 2 0 2 8 8 18 2 8 9 2 8 18 2 0 2 8 12 16 2 0 2 8 0 2 8 8 18 2 8 18 2 0 2 8 0 2 8 0 2 8 16 15 2 16 19 12 16 15 2 0 2 8 0 2 8 0 2 8 6 2 8 12 16 2 0 2 8 2 3 3 9 2 7 8 9 2 6 2 8 0 2 8 16 15 2 0 2 8 6 2 8 0 2 8 5 30 3 16 15 2 8 9 2 0 2 8 6 2 8 0 2 8 6 2 8 6 2 8 0.00736875527608901737 67.6638075113296509
5 30 3 17 9 2 0 2 7 0 2 7 12 16 2 1 2 7 13 6 3 0 2 7 5 31 3 17 9 2 0 2 7 17 9 2 0 2 7 1 2 7 1 2 7 0 2 7 1 2 7 1 2 7 0 2 7 0 2 7 0 2 7 0 2 7 5 31 3 1 2 7 0 2 7 1 2 7 13 6 3 1 2 7 0 2 7 0 2 7 0 2 7 17 18 2 5 31 3 0 2 7 17 9 2 1 2 7 0 2 7 17 18 2 1 2 7 1 2 7 0 2 7 0 2 7 1 2 7 0 2 7 1 2 7 1 2 7 1 2 7 1 2 7 1 2 7 0 2 4 0 2 7 0 2 7 0 2 7 0 2 7 1 2 7 1 2 3 16 24 2 1 2 7 0 2 7 0 2 7 0 59.9419176578521729

Current Evaluation = 17100(17100)
Front Size = 10
5 30 3 17 9 2 0 2 7 0 2 7 12 16 2 1 2 7 13 6 3 0 2 7 5 31 3 17 9 2 0 2 7 17 9 2 0 2 7 1 2 7 1 2 7 0 2 7 1 2 7 1 2 7 0 2 7 0 2 7 0 2 7 0 2 7 5 31 3 1 2 7 0 2 7 1 2 7 13 6 3 1 2 7 0 2 7 0 2 7 0 2 7 17 18 2 5 31 3 0 2 7 17 9 2 1 2 7 0 2 7 17 18 2 1 2 7 1 2 7 0 2 7 0 2 7 1 2 7 0 2 7 1 2 7 1 2 7 1 2 7 1 2 7 1 2 7 0 2 4 0 2 7 0 2 7 0 2 7 0 2 7 1 2 7 1 2 3 16 24 2 1 2 7 0 2 7 0 2 7 0 59.9419176578521729
5 30 3 17 9 2 0 2 7 0 2 7 12 16 2 1 2 4 13 6 3 0 2 7 5 31 3 17 9 2 0 2 7 17 9 2 0 2 7 1 2 4 1 2 7 0 2 4 1 2 7 1 2 7 0 2 7 0 2 7 0 2 7 0 2 7 5 31 3 1 2 7 0 2 7 0 2 7 13 6 3 1 2 7 0 2 7 0 2 7 0 2 7 17 18 2 0 2 7 17 9 2 1 2 7 0 2 7 17 18 2 0 2 7 1 2 7 0 2 4 0 2 7 1 2 7 0 2 7 0 2 4 0 2 7 0 2 4 0 2 7 1 2 4 1 2 7 1 2 3 1 2 7 17 18 2 1 2 7 1 2 4 1 2 4 1 2 4 5 30 3 1 2 7 5 30 3 0 2 7 0 60.0847896337509155
5 30 3 17 9 2 0 2 7 0 2 7 12 16 2 1 2 7 13 6 3 0 2 7 5 31 3 17 9 2 0 2 7 17 9 2 0 2 7 1 2 7 1 2 7 0 2 7 1 2 7 1 2 7 0 2 7 0 2 7 0 2 7 0 2 7 5 31 3 1 2 7 0 2 7 1 2 7 13 6 3 1 2 7 0 2 7 0 2 7 0 2 7 17 18 2 5 31 3 0 2 7 17 9 2 1 2 7 0 2 7 17 18 2 1 2 7 1 2 7 0 2 7 0 2 7 1 2 7 0 2 7 1 2 7 1 2 7 1 2 7 1 2 7 1 2 7 0 2 4 0 2 7 0 2 7 0 2 7 0 2 7 1 2 7 1 2 3 16 24 2 1 2 7 0 2 7 0 2 7 0 59.9419176578521729
5 30 3 17 9 2 0 2 7 0 2 7 12 16 2 1 2 7 13 6 3 0 2 7 5 31 3 17 9 2 0 2 7 17 9 2 0 2 7 1 2 7 1 2 7 0 2 7 1 2 7 1 2 7 0 2 7 0 2 7 0 2 7 0 2 7 5 31 3 1 2 7 0 2 7 1 2 7 13 6 3 1 2 7 0 2 7 0 2 7 0 2 7 17 18 2 5 31 3 0 2 7 17 9 2 1 2 7 0 2 7 17 18 2 1 2 7 1 2 7 0 2 7 0 2 7 1 2 7 0 2 7 1 2 7 1 2 7 1 2 7 1 2 7 1 2 7 0 2 4 0 2 7 0 2 7 0 2 7 0 2 7 1 2 7 1 2 3 16 24 2 1 2 7 0 2 7 0 2 7 0 59.9419176578521729
5 30 3 17 9 2 0 2 7 0 2 7 12 16 2 1 2 7 13 6 3 0 2 7 5 31 3 17 9 2 0 2 7 17 9 2 0 2 7 1 2 7 1 2 7 0 2 7 1 2 7 1 2 7 0 2 7 0 2 7 0 2 7 0 2 7 5 31 3 1 2 7 0 2 7 1 2 7 13 6 3 1 2 7 0 2 7 0 2 7 0 2 7 17 18 2 5 31 3 0 2 7 17 9 2 1 2 7 0 2 7 17 18 2 1 2 7 1 2 7 0 2 7 0 2 7 1 2 7 0 2 7 1 2 7 1 2 7 1 2 7 1 2 7 1 2 7 0 2 4 0 2 7 0 2 7 0 2 7 0 2 7 1 2 7 1 2 3 16 24 2 1 2 7 0 2 7 0 2 7 0 59.9419176578521729
8 9 2 6 2 8 8 9 2 5 30 3 16 19 12 8 18 2 0 2 8 5 30 3 8 9 2 0 2 8 5 30 3 6 2 8 0 2 8 5 30 3 0 2 8 8 18 2 8 9 2 5 30 3 12 16 2 5 30 3 12 16 2 0 2 8 8 18 2 8 9 2 8 18 2 0 2 8 12 16 2 0 2 8 0 2 8 8 18 2 8 18 2 0 2 8 0 2 8 0 2 8 16 15 2 16 19 12 16 15 2 0 2 8 0 2 8 0 2 8 6 2 8 12 16 2 0 2 8 2 3 3 9 2 7 8 9 2 6 2 8 0 2 8 16 15 2 0 2 8 6 2 8 0 2 8 5 30 3 16 15 2 8 9 2 0 2 8 6 2 8 0 2 8 6 2 8 6 2 8 0.00736875527608901737 67.6638075113296509
5 30 3 17 9 2 0 2 7 0 2 7 12 16 2 1 2 4 13 6 3 0 2 7 5 31 3 17 9 2 0 2 7 17 9 2 0 2 7 1 2 4 1 2 7 0 2 4 1 2 7 1 2 7 0 2 7 0 2 7 0 2 7 0 2 7 5 31 3 1 2 7 0 2 7 0 2 7 13 6 3 1 2 7 0 2 7 0 2 7 0 2 7 17 18 2 0 2 7 17 9 2 1 2 7 0 2 7 17 18 2 0 2 7 1 2 7 0 2 4 0 2 7 1 2 7 0 2 7 0 2 4 0 2 7 0 2 4 1 2 3 1 2 7 1 2 7 17 18 2 1 2 7 1 2 4 1 2 4 5 30 3 1 2 7 5 30 3 0 2 7 0 2 4 1 2 4 1 2 7 0 60.0847896337509155
5 30 3 17 9 2 0 2 7 0 2 7 12 16 2 1 2 7 13 6 3 0 2 7 5 31 3 17 9 2 0 2 7 17 9 2 0 2 7 1 2 7 1 2 7 0 2 7 1 2 7 1 2 7 0 2 7 0 2 7 0 2 7 0 2 7 5 31 3 1 2 7 0 2 7 1 2 7 13 6 3 1 2 7 0 2 7 0 2 7 0 2 7 17 18 2 5 31 3 0 2 7 17 9 2 1 2 7 0 2 7 17 18 2 1 2 7 1 2 7 0 2 7 0 2 7 1 2 7 0 2 7 1 2 7 1 2 7 1 2 7 1 2 7 1 2 7 0 2 4 0 2 7 0 2 7 0 2 7 0 2 7 1 2 7 1 2 3 16 24 2 1 2 7 0 2 7 0 2 7 0 59.9419176578521729
5 30 3 17 9 2 0 2 7 0 2 3 1 2 7 0 2 7 6 2 7 0 2 7 5 31 3 17 9 2 0 2 7 17 9 2 0 2 7 1 2 7 1 2 3 1 2 7 1 2 7 1 2 11 0 2 7 0 2 7 0 2 4 0 2 7 5 31 3 1 2 7 0 2 4 0 2 7 1 2 7 0 2 7 0 2 7 0 2 11 17 18 2 0 2 7 1 2 7 0 2 7 17 18 2 0 2 7 1 2 7 1 2 7 0 2 3 0 2 7 0 2 7 0 2 7 0 2 3 13 6 3 5 30 3 16 15 2 5 30 3 6 2 7 5 30 3 0 2 7 0 2 4 5 30 3 0 2 7 8 18 2 1 2 7 0 2 7 16 6 2 1 2 11 0 2 7 0 2 7 0 61.4424735307693481
5 30 3 17 9 2 0 2 7 0 2 7 12 16 2 1 2 7 13 6 3 0 2 7 5 31 3 17 9 2 0 2 7 17 9 2 0 2 7 1 2 7 1 2 7 0 2 7 1 2 7 1 2 7 0 2 7 0 2 7 0 2 7 0 2 7 5 31 3 1 2 7 0 2 7 1 2 7 13 6 3 1 2 7 0 2 7 0 2 7 0 2 7 17 18 2 5 31 3 0 2 7 17 9 2 1 2 7 0 2 7 17 18 2 1 2 7 1 2 7 0 2 7 0 2 7 1 2 7 0 2 7 1 2 7 1 2 7 1 2 7 1 2 7 1 2 7 0 2 4 0 2 7 0 2 7 0 2 7 0 2 7 1 2 7 1 2 3 16 24 2 1 2 7 0 2 7 0 2 7 0 59.9419176578521729

Current Evaluation = 18000(18000)
Front Size = 10
5 30 3 17 9 2 0 2 7 0 2 7 12 16 2 1 2 7 13 6 3 0 2 7 5 31 3 17 9 2 0 2 7 17 9 2 0 2 7 1 2 7 1 2 7 0 2 7 1 2 7 1 2 7 0 2 7 0 2 7 0 2 7 0 2 7 5 31 3 1 2 7 0 2 7 1 2 7 13 6 3 1 2 7 0 2 7 0 2 7 0 2 7 17 18 2 5 31 3 0 2 7 17 9 2 1 2 7 0 2 7 17 18 2 1 2 7 1 2 7 0 2 7 0 2 7 1 2 7 0 2 7 1 2 7 1 2 7 1 2 7 1 2 7 1 2 7 0 2 4 0 2 7 0 2 7 0 2 7 0 2 7 1 2 7 1 2 3 16 24 2 1 2 7 0 2 7 0 2 7 0 59.9419176578521729
5 30 3 17 9 2 0 2 7 0 2 7 12 16 2 1 2 4 13 6 3 0 2 7 5 30 3 17 9 2 0 2 7 17 9 2 0 2 7 1 2 4 0 2 4 0 2 4 1 2 7 0 2 7 0 2 4 0 2 7 0 2 7 0 2 7 5 31 3 1 2 7 0 2 7 1 2 7 13 6 3 1 2 7 0 2 7 0 2 7 0 2 7 17 18 2 0 2 7 17 9 2 1 2 7 0 2 7 17 18 2 1 2 7 1 2 7 0 2 7 0 2 7 1 2 7 0 2 7 1 2 7 0 2 4 0 2 4 0 2 7 1 2 7 5 31 3 1 2 7 1 2 4 0 2 4 1 2 3 5 30 3 1 2 7 17 18 2 1 2 7 1 2 7 0 2 7 1 2 4 0 60.0847896337509155
5 30 3 17 9 2 0 2 7 0 2 7 12 16 2 1 2 7 13 6 3 0 2 7 5 31 3 17 9 2 0 2 7 17 9 2 0 2 7 1 2 7 1 2 7 0 2 7 1 2 7 1 2 7 0 2 7 0 2 7 0 2 7 0 2 7 5 31 3 1 2 7 0 2 7 1 2 7 13 6 3 1 2 7 0 2 7 0 2 7 0 2 7 17 18 2 5 31 3 0 2 7 17 9 2 1 2 7 0 2 7 17 18 2 1 2 7 1 2 7 0 2 7 0 2 7 1 2 7 0 2 7 1 2 7 1 2 7 1 2 7 1 2 7 1 2 7 0 2 4 0 2 7 0 2 7 0 2 7 0 2 7 1 2 7 1 2 3 16 24 2 1 2 7 0 2 7 0 2 7 0 59.9419176578521729
5 30 3 17 9 2 0 2 7 0 2 7 12 16 2 1 2 4 13 6 3 0 2 7 5 31 3 17 9 2 0 2 7 17 9 2 0 2 7 1 2 7 1 2 7 0 2 4 1 2 7 1 2 7 0 2 7 0 2 7 0 2 7 0 2 7 5 31 3 1 2 7 0 2 7 0 2 7 13 6 3 1 2 7 0 2 7 0 2 7 0 2 7 17 18 2 0 2 7 17 9 2 1 2 7 0 2 7 17 18 2 0 2 7 1 2 7 0 2 4 0 2 7 0 2 7 0 2 7 0 2 4 0 2 7 0 2 4 0 2 7 1 2 4 1 2 4 1 2 7 1 2 7 17 18 2 1 2 7 1 2 4 1 2 4 5 30 3 1 2 3 5 30 3 1 2 4 1 2 7 0 60.0847896337509155
5 30 3 17 9 2 0 2 7 0 2 7 12 16 2 1 2 7 13 6 3 0 2 7 5 31 3 17 9 2 0 2 7 17 9 2 0 2 7 1 2 7 1 2 7 0 2 7 1 2 7 1 2 7 0 2 7 0 2 7 0 2 7 0 2 7 5 31 3 1 2 7 0 2 7 1 2 7 13 6 3 1 2 7 0 2 7 0 2 7 0 2 7 17 18 2 5 31 3 0 2 7 17 9 2 1 2 7 0 2 7 17 18 2 1 2 7 1 2 7 0 2 7 0 2 7 1 2 7 0 2 7 1 2 7 1 2 7 1 2 7 1 2 7 1 2 7 0 2 4 0 2 7 0 2 7 0 2 7 0 2 7 1 2 7 1 2 3 16 24 2 1 2 7 0 2 7 0 2 7 0 59.9419176578521729
5 30 3 17 9 2 0 2 7 0 2 3 1 2 7 0 2 7 6 2 7 0 2 7 5 31 3 17 9 2 0 2 7 17 9 2 0 2 7 1 2 7 1 2 3 1 2 7 1 2 7 1 2 11 0 2 7 0 2 7 0 2 4 0 2 7 5 31 3 1 2 7 0 2 4 0 2 7 1 2 7 0 2 7 0 2 7 0 2 11 17 18 2 0 2 7 1 2 7 0 2 7 17 18 2 0 2 7 1 2 7 1 2 7 0 2 3 0 2 7 0 2 7 0 2 7 0 2 3 13 6 3 5 30 3 16 15 2 5 30 3 6 2 7 5 30 3 0 2 7 0 2 4 5 30 3 0 2 7 8 18 2 1 2 7 0 2 7 16 6 2 1 2 11 0 2 7 0 2 7 0 61.4424735307693481
5 30 3 17 9 2 0 2 7 0 2 7 12 16 2 1 2 7 13 6 3 0 2 7 5 31 3 17 9 2 0 2 7 17 9 2 0 2 7 1 2 7 1 2 7 0 2 7 1 2 7 1 2 7 0 2 7 0 2 7 0 2 7 0 2 7 5 31 3 1 2 7 0 2 7 1 2 7 13 6 3 1 2 7 0 2 7 0 2 7 0 2 7 17 18 2 5 31 3 0 2 7 17 9 2 1 2 7 0 2 7 17 18 2 1 2 7 1 2 7 0 2 7 0 2 7 1 2 7 0 2 7 1 2 7 1 2 7 1 2 7 1 2 7 1 2 7 0 2 4 0 2 7 0 2 7 0 2 7 0 2 7 1 2 7 1 2 3 16 24 2 1 2 7 0 2 7 0 2 7 0 59.9419176578521729
5 30 3 17 9 2 0 2 7 0 2 7 12 16 2 1 2 7 13 6 3 0 2 7 5 31 3 17 9 2 0 2 7 17 9 2 0 2 7 1 2 7 1 2 7 0 2 7 1 2 7 1 2 7 0 2 7 0 2 7 0 2 7 0 2 7 5 31 3 1 2 7 0 2 7 1 2 7 13 6 3 1 2 7 0 2 7 0 2 7 0 2 7 17 18 2 5 31 3 0 2 7 17 9 2 1 2 7 0 2 7 17 18 2 1 2 7 1 2 7 0 2 7 0 2 7 1 2 7 0 2 7 1 2 7 1 2 7 1 2 7 1 2 7 1 2 7 0 2 4 0 2 7 0 2 7 0 2 7 0 2 7 1 2 7 1 2 3 16 24 2 1 2 7 0 2 7 0 2 7 0 59.9419176578521729
8 9 2 6 2 8 8 9 2 5 30 3 16 19 12 8 18 2 0 2 8 5 30 3 8 9 2 0 2 8 5 30 3 6 2 8 0 2 8 5 30 3 0 2 8 8 18 2 8 9 2 5 30 3 12 16 2 5 30 3 12 16 2 0 2 8 8 18 2 8 9 2 8 18 2 0 2 8 12 16 2 0 2 8 0 2 8 8 18 2 8 18 2 0 2 8 0 2 8 0 2 8 16 15 2 16 19 12 16 15 2 0 2 8 0 2 8 0 2 8 6 2 8 12 16 2 0 2 8 2 3 3 9 2 7 8 9 2 6 2 8 0 2 8 16 15 2 0 2 8 6 2 8 0 2 8 5 30 3 16 15 2 8 9 2 0 2 8 6 2 8 0 2 8 6 2 8 6 2 8 0.00736875527608901737 67.6638075113296509
5 30 3 17 9 2 0 2 7 0 2 7 12 16 2 1 2 7 13 6 3 0 2 7 5 31 3 17 9 2 0 2 7 17 9 2 0 2 7 1 2 7 1 2 7 0 2 7 1 2 7 1 2 7 0 2 7 0 2 7 0 2 7 0 2 7 5 31 3 1 2 7 0 2 7 1 2 7 13 6 3 1 2 7 0 2 7 0 2 7 0 2 7 17 18 2 5 31 3 0 2 7 17 9 2 1 2 7 0 2 7 17 18 2 1 2 7 1 2 7 0 2 7 0 2 7 1 2 7 0 2 7 1 2 7 1 2 7 1 2 7 1 2 7 1 2 7 0 2 4 0 2 7 0 2 7 0 2 7 0 2 7 1 2 7 1 2 3 16 24 2 1 2 7 0 2 7 0 2 7 0 59.9419176578521729

MonoObjective Genetic Algorithm
Number of Evaluations = 0
Mutation Probability = 0
Crossover Probability = 1
Population Size = 10
Survival Selection Type = 5

Time =  18010.1533558368683

Current Evaluation = 2060
Front Size = 10
5 30 3 17 9 2 0 2 7 0 2 7 12 16 2 1 2 7 13 6 3 0 2 7 5 31 3 17 9 2 0 2 7 17 9 2 0 2 7 1 2 7 1 2 7 0 2 7 1 2 7 1 2 7 0 2 7 0 2 7 0 2 7 0 2 7 5 31 3 1 2 7 0 2 7 1 2 7 13 6 3 1 2 7 0 2 7 0 2 7 0 2 7 17 18 2 5 31 3 0 2 7 17 9 2 1 2 7 0 2 7 17 18 2 1 2 7 1 2 7 0 2 7 0 2 7 1 2 7 0 2 7 1 2 7 1 2 7 1 2 7 1 2 7 1 2 7 0 2 4 0 2 7 0 2 7 0 2 7 0 2 7 1 2 7 1 2 3 16 24 2 1 2 7 0 2 7 0 2 7 0 59.9419176578521729
5 30 3 17 9 2 0 2 7 0 2 7 12 16 2 1 2 4 13 6 3 0 2 7 5 30 3 17 9 2 0 2 7 17 9 2 0 2 7 1 2 4 0 2 4 0 2 4 1 2 7 0 2 7 0 2 4 0 2 7 0 2 7 0 2 7 5 31 3 1 2 7 0 2 7 1 2 7 13 6 3 1 2 7 0 2 7 0 2 7 0 2 7 17 18 2 0 2 7 17 9 2 1 2 7 0 2 7 17 18 2 1 2 7 1 2 7 0 2 7 0 2 7 1 2 7 0 2 7 1 2 7 0 2 4 0 2 4 0 2 7 1 2 7 5 31 3 1 2 7 1 2 4 0 2 4 1 2 3 5 30 3 1 2 7 17 18 2 1 2 7 1 2 7 0 2 7 1 2 4 0 60.0847896337509155
5 30 3 17 9 2 0 2 7 0 2 7 12 16 2 1 2 7 13 6 3 0 2 7 5 31 3 17 9 2 0 2 7 17 9 2 0 2 7 1 2 7 1 2 7 0 2 7 1 2 7 1 2 7 0 2 7 0 2 7 0 2 7 0 2 7 5 31 3 1 2 7 0 2 7 1 2 7 13 6 3 1 2 7 0 2 7 0 2 7 0 2 7 17 18 2 5 31 3 0 2 7 17 9 2 1 2 7 0 2 7 17 18 2 1 2 7 1 2 7 0 2 7 0 2 7 1 2 7 0 2 7 1 2 7 1 2 7 1 2 7 1 2 7 1 2 7 0 2 4 0 2 7 0 2 7 0 2 7 0 2 7 1 2 7 1 2 3 16 24 2 1 2 7 0 2 7 0 2 7 0 59.9419176578521729
5 30 3 17 9 2 0 2 7 0 2 7 12 16 2 1 2 4 13 6 3 0 2 7 5 31 3 17 9 2 0 2 7 17 9 2 0 2 7 1 2 7 1 2 7 0 2 4 1 2 7 1 2 7 0 2 7 0 2 7 0 2 7 0 2 7 5 31 3 1 2 7 0 2 7 0 2 7 13 6 3 1 2 7 0 2 7 0 2 7 0 2 7 17 18 2 0 2 7 17 9 2 1 2 7 0 2 7 17 18 2 0 2 7 1 2 7 0 2 4 0 2 7 0 2 7 0 2 7 0 2 4 0 2 7 0 2 4 0 2 7 1 2 4 1 2 4 1 2 7 1 2 7 17 18 2 1 2 7 1 2 4 1 2 4 5 30 3 1 2 3 5 30 3 1 2 4 1 2 7 0 60.0847896337509155
5 30 3 17 9 2 0 2 7 0 2 7 12 16 2 1 2 7 13 6 3 0 2 7 5 31 3 17 9 2 0 2 7 17 9 2 0 2 7 1 2 7 1 2 7 0 2 7 1 2 7 1 2 7 0 2 7 0 2 7 0 2 7 0 2 7 5 31 3 1 2 7 0 2 7 1 2 7 13 6 3 1 2 7 0 2 7 0 2 7 0 2 7 17 18 2 5 31 3 0 2 7 17 9 2 1 2 7 0 2 7 17 18 2 1 2 7 1 2 7 0 2 7 0 2 7 1 2 7 0 2 7 1 2 7 1 2 7 1 2 7 1 2 7 1 2 7 0 2 4 0 2 7 0 2 7 0 2 7 0 2 7 1 2 7 1 2 3 16 24 2 1 2 7 0 2 7 0 2 7 0 59.9419176578521729
5 30 3 17 9 2 0 2 7 0 2 3 1 2 7 0 2 7 6 2 7 0 2 7 5 31 3 17 9 2 0 2 7 17 9 2 0 2 7 1 2 7 1 2 3 1 2 7 1 2 7 1 2 11 0 2 7 0 2 7 0 2 4 0 2 7 5 31 3 1 2 7 0 2 4 0 2 7 1 2 7 0 2 7 0 2 7 0 2 11 17 18 2 0 2 7 1 2 7 0 2 7 17 18 2 0 2 7 1 2 7 1 2 7 0 2 3 0 2 7 0 2 7 0 2 7 0 2 3 13 6 3 5 30 3 16 15 2 5 30 3 6 2 7 5 30 3 0 2 7 0 2 4 5 30 3 0 2 7 8 18 2 1 2 7 0 2 7 16 6 2 1 2 11 0 2 7 0 2 7 0 61.4424735307693481
5 30 3 17 9 2 0 2 7 0 2 7 12 16 2 1 2 7 13 6 3 0 2 7 5 31 3 17 9 2 0 2 7 17 9 2 0 2 7 1 2 7 1 2 7 0 2 7 1 2 7 1 2 7 0 2 7 0 2 7 0 2 7 0 2 7 5 31 3 1 2 7 0 2 7 1 2 7 13 6 3 1 2 7 0 2 7 0 2 7 0 2 7 17 18 2 5 31 3 0 2 7 17 9 2 1 2 7 0 2 7 17 18 2 1 2 7 1 2 7 0 2 7 0 2 7 1 2 7 0 2 7 1 2 7 1 2 7 1 2 7 1 2 7 1 2 7 0 2 4 0 2 7 0 2 7 0 2 7 0 2 7 1 2 7 1 2 3 16 24 2 1 2 7 0 2 7 0 2 7 0 59.9419176578521729
5 30 3 17 9 2 0 2 7 0 2 7 12 16 2 1 2 7 13 6 3 0 2 7 5 31 3 17 9 2 0 2 7 17 9 2 0 2 7 1 2 7 1 2 7 0 2 7 1 2 7 1 2 7 0 2 7 0 2 7 0 2 7 0 2 7 5 31 3 1 2 7 0 2 7 1 2 7 13 6 3 1 2 7 0 2 7 0 2 7 0 2 7 17 18 2 5 31 3 0 2 7 17 9 2 1 2 7 0 2 7 17 18 2 1 2 7 1 2 7 0 2 7 0 2 7 1 2 7 0 2 7 1 2 7 1 2 7 1 2 7 1 2 7 1 2 7 0 2 4 0 2 7 0 2 7 0 2 7 0 2 7 1 2 7 1 2 3 16 24 2 1 2 7 0 2 7 0 2 7 0 59.9419176578521729
8 9 2 6 2 8 8 9 2 5 30 3 16 19 12 8 18 2 0 2 8 5 30 3 8 9 2 0 2 8 5 30 3 6 2 8 0 2 8 5 30 3 0 2 8 8 18 2 8 9 2 5 30 3 12 16 2 5 30 3 12 16 2 0 2 8 8 18 2 8 9 2 8 18 2 0 2 8 12 16 2 0 2 8 0 2 8 8 18 2 8 18 2 0 2 8 0 2 8 0 2 8 16 15 2 16 19 12 16 15 2 0 2 8 0 2 8 0 2 8 6 2 8 12 16 2 0 2 8 2 3 3 9 2 7 8 9 2 6 2 8 0 2 8 16 15 2 0 2 8 6 2 8 0 2 8 5 30 3 16 15 2 8 9 2 0 2 8 6 2 8 0 2 8 6 2 8 6 2 8 0.00736875527608901737 67.6638075113296509
5 30 3 17 9 2 0 2 7 0 2 7 12 16 2 1 2 7 13 6 3 0 2 7 5 31 3 17 9 2 0 2 7 17 9 2 0 2 7 1 2 7 1 2 7 0 2 7 1 2 7 1 2 7 0 2 7 0 2 7 0 2 7 0 2 7 5 31 3 1 2 7 0 2 7 1 2 7 13 6 3 1 2 7 0 2 7 0 2 7 0 2 7 17 18 2 5 31 3 0 2 7 17 9 2 1 2 7 0 2 7 17 18 2 1 2 7 1 2 7 0 2 7 0 2 7 1 2 7 0 2 7 1 2 7 1 2 7 1 2 7 1 2 7 1 2 7 0 2 4 0 2 7 0 2 7 0 2 7 0 2 7 1 2 7 1 2 3 16 24 2 1 2 7 0 2 7 0 2 7 0 59.9419176578521729

