Current Evaluation = 900(900)
Front Size = 10
13 6 3 0 2 7 5 31 3 1 2 7 0 2 7 0 2 7 16 6 2 5 31 3 0 2 7 0 2 7 0 2 7 1 2 7 0 2 3 0 2 7 0 2 7 1 2 4 0 2 7 1 2 7 12 16 2 0 2 7 0 2 7 17 18 2 5 31 3 1 2 7 0 2 7 1 2 7 1 2 7 0 2 7 0 2 7 0 2 7 0 2 7 0 2 3 12 16 2 12 16 2 1 2 7 16 6 2 1 2 7 1 2 7 16 6 2 0 2 4 1 2 7 0 2 7 12 16 2 8 18 2 1 2 7 17 18 2 8 9 2 16 19 11 1 2 7 0 2 7 5 31 3 6 2 4 12 16 2 0 2 7 0 2 7 0 2 7 0 2 7 5 30 3 17 18 2 0 2 7 0 61.4649754166603088
13 6 3 5 30 3 1 2 7 0 2 4 0 2 7 5 31 3 5 31 3 1 2 4 0 2 7 0 2 7 8 9 2 0 2 3 1 2 7 5 30 3 0 2 7 8 18 2 0 2 4 0 2 7 16 19 11 12 16 2 0 2 7 0 2 7 5 30 3 0 2 7 0 2 4 17 18 2 5 30 3 1 2 7 12 16 2 0 2 7 1 2 7 0 2 7 0 2 7 1 2 7 1 2 7 0 2 4 1 2 7 12 16 2 12 16 2 0 2 7 16 6 2 1 2 4 0 2 7 1 2 7 0 2 7 1 2 3 17 18 2 16 30 2 0 2 7 1 2 7 16 19 11 0 2 7 0 2 7 0 2 7 0 2 7 12 16 2 0 2 7 17 18 2 0 2 7 0 2 7 0 61.8903442621231079
13 6 3 5 31 3 1 2 4 0 2 7 0 2 7 5 31 3 5 31 3 1 2 7 0 2 7 0 2 7 8 9 2 0 2 7 1 2 7 5 30 3 1 2 7 8 18 2 0 2 4 0 2 7 16 19 13 12 16 2 0 2 7 0 2 7 0 2 7 0 2 7 1 2 7 17 18 2 5 30 3 1 2 7 12 16 2 0 2 4 1 2 7 0 2 7 0 2 7 0 2 7 1 2 7 0 2 7 1 2 4 12 16 2 12 16 2 0 2 4 16 6 2 1 2 7 0 2 4 12 16 2 0 2 7 1 2 7 17 18 2 16 6 2 0 2 7 1 2 7 16 19 13 0 2 7 0 2 7 0 2 7 0 2 7 12 16 2 0 2 7 17 18 2 0 2 7 0 2 4 0 61.7899553775787354
5 30 3 8 18 2 0 2 8 8 9 2 6 2 8 5 30 3 0 2 11 12 16 2 0 2 3 0 2 8 0 2 7 16 6 2 5 30 3 17 9 2 16 6 2 0 2 8 5 30 3 0 2 11 1 2 11 0 2 8 15 2 11 0 2 8 8 9 2 0 2 3 0 2 7 1 2 7 5 30 3 0 2 3 5 30 3 5 30 3 1 2 8 0 2 8 0 2 7 0 2 7 0 2 11 12 16 2 0 2 8 0 2 7 16 19 11 0 2 7 16 19 11 0 2 7 0 2 3 0 2 8 0 2 3 0 2 8 1 2 7 0 2 7 5 30 3 16 19 11 0 2 3 16 19 11 0 2 3 0 2 8 12 16 2 0 2 3 0 2 8 0 2 7 5 30 3 0 2 8 0 66.5686609745025635
8 18 2 5 30 3 5 30 3 5 30 3 8 18 2 16 20 12 5 30 3 0 2 8 8 18 2 0 2 8 8 9 2 5 30 3 6 2 8 8 9 2 16 20 12 12 16 2 6 2 8 8 9 2 6 2 8 5 30 3 0 2 8 5 30 3 8 18 2 5 30 3 16 15 2 16 20 12 6 2 8 0 2 8 8 18 2 0 2 8 6 2 8 6 2 12 6 2 8 16 20 12 8 18 2 0 2 8 8 9 2 5 30 3 8 9 2 6 2 8 6 2 8 5 30 3 16 20 12 6 3 2 0 2 8 6 2 8 6 3 2 0 2 8 0 2 8 0 2 8 16 15 2 8 9 2 0 2 8 6 2 8 0 2 8 12 16 2 6 2 8 0 2 8 6 2 8 0 2 8 0.049586900847348743 65.7784080505371094
8 18 2 5 30 3 8 18 2 8 18 2 0 2 8 0 2 8 16 19 12 0 2 8 8 9 2 8 9 2 6 2 8 0 2 12 5 30 3 0 2 8 0 2 8 0 2 8 6 2 8 8 9 2 5 30 3 8 9 2 0 2 8 5 30 3 16 15 2 16 19 1 8 9 2 5 30 3 16 19 12 0 2 8 16 19 12 1 2 8 12 16 2 8 18 2 16 15 2 0 2 12 0 2 8 6 2 8 13 6 3 6 2 8 16 19 12 5 30 3 16 15 2 8 18 2 8 9 2 0 2 8 0 2 8 8 18 2 0 2 8 0 2 8 8 18 2 8 9 2 8 9 2 5 30 3 0 2 8 13 6 3 8 18 2 0 2 8 5 30 3 0 2 8 8 9 2 0 2 8 0.0384208029179891469 66.6463525295257568
5 30 3 16 19 12 8 18 2 5 30 3 8 9 2 8 9 2 0 2 8 5 30 3 16 19 12 0 2 8 16 19 12 16 19 12 8 18 2 5 30 3 16 19 12 8 18 2 0 2 8 0 2 8 8 9 2 1 2 8 5 30 3 8 9 2 12 16 2 0 2 8 1 2 8 0 2 8 0 2 8 8 9 2 5 30 3 8 9 2 5 30 3 16 15 2 0 2 8 0 2 8 0 2 8 0 2 8 0 2 8 0 2 8 1 2 8 0 2 8 0 2 8 8 18 2 8 18 2 8 9 2 0 2 8 0 2 8 5 30 3 0 2 8 0 2 8 1 2 8 0 2 8 8 18 2 0 2 8 0 2 8 0 2 8 0 2 8 16 15 2 0 2 8 6 2 8 1 2 8 0.00706083905086333629 68.4016954898834229
13 6 3 5 30 3 16 19 12 0 2 8 16 15 2 8 18 2 13 6 3 6 2 8 5 30 3 8 9 2 6 2 8 8 9 2 0 2 8 0 2 8 0 2 8 0 2 8 5 30 3 5 30 3 0 2 8 13 6 3 8 18 2 16 15 2 6 2 8 16 15 2 5 30 3 0 2 8 8 18 2 6 2 8 0 2 12 16 19 12 5 30 3 0 2 8 0 2 12 8 9 2 8 18 2 6 2 8 8 9 2 0 2 8 8 18 2 8 9 2 8 9 2 0 2 12 5 30 3 0 2 12 8 18 2 5 30 3 13 6 3 6 2 8 16 19 12 8 18 2 6 2 8 8 18 2 6 2 8 0 2 8 0 2 8 8 18 2 16 19 12 0 2 8 16 19 12 5 30 3 0.0442962440923660994 65.387425422668457
13 6 3 16 9 12 5 30 3 0 2 7 5 31 3 5 31 3 0 2 3 0 2 7 1 2 11 0 2 7 1 2 3 5 30 3 0 2 7 0 2 7 0 2 7 0 2 3 12 16 2 0 2 11 0 2 7 1 2 7 0 2 7 17 18 2 17 18 2 0 2 11 8 9 2 0 2 3 1 2 7 1 2 7 1 2 7 0 2 7 0 2 7 0 2 7 5 30 3 0 2 7 12 16 2 12 16 2 1 2 3 16 6 2 1 2 7 0 2 7 1 2 7 12 16 2 17 18 2 1 2 7 1 2 7 0 2 7 16 6 2 13 6 3 1 2 7 0 2 7 0 2 7 1 2 7 0 2 7 0 2 11 0 2 7 0 2 4 0 2 7 1 2 7 1 2 7 17 9 2 0 61.5152885913848877
0 2 3 5 30 3 17 18 2 0 2 7 1 2 7 6 2 3 16 19 11 0 2 8 0 2 8 0 2 7 0 2 7 5 30 3 0 2 11 0 2 8 0 2 7 0 2 7 5 31 3 8 9 2 0 2 7 5 30 3 16 6 2 0 2 7 5 30 3 16 19 12 0 2 8 16 19 11 1 2 11 12 16 2 8 18 2 16 6 2 0 2 7 16 19 12 5 30 3 12 16 2 0 2 7 6 2 7 0 2 11 5 31 3 0 2 7 0 2 8 0 2 7 5 30 3 1 2 8 0 2 7 5 30 3 0 2 3 0 2 7 0 2 3 0 2 7 0 2 7 0 2 7 12 16 2 1 2 3 0 2 1 0 2 7 0 2 7 0 2 7 0 2 7 0 2 3 0 2 3 0 65.3300616145133972

Current Evaluation = 1800(1800)
Front Size = 10
13 6 3 0 2 7 5 31 3 0 2 7 1 2 7 0 2 7 5 31 3 1 2 7 0 2 7 0 2 7 0 2 7 1 2 7 1 2 7 0 2 4 0 2 7 1 2 4 1 2 4 1 2 4 12 16 2 1 2 7 0 2 4 17 18 2 0 2 7 0 2 7 0 2 4 0 2 7 0 2 4 12 16 2 0 2 7 0 2 4 12 16 2 17 18 2 0 2 7 5 31 3 17 18 2 0 2 7 0 2 7 0 2 7 0 2 7 16 6 2 0 2 4 0 2 7 1 2 7 1 2 7 1 2 4 17 9 2 0 2 7 1 2 7 1 2 7 5 30 3 1 2 7 0 2 7 1 2 7 17 18 2 5 30 3 0 2 3 8 9 2 1 2 7 1 2 7 16 30 2 0 60.5942536592483521
5 30 3 12 16 2 16 19 12 12 16 2 5 30 3 8 9 2 8 9 2 1 2 7 5 30 3 16 19 12 13 6 3 0 2 4 16 19 12 0 2 7 5 30 3 0 2 7 8 18 2 5 31 3 0 2 8 8 9 2 1 2 8 0 2 7 0 2 7 0 2 8 0 2 4 0 2 8 0 2 7 0 2 7 5 30 3 8 9 2 0 2 7 0 2 7 0 2 7 1 2 7 0 2 8 0 2 7 0 2 8 1 2 7 1 2 7 1 2 7 0 2 8 8 18 2 8 18 2 8 9 2 0 2 8 0 2 8 5 30 3 0 2 8 16 30 2 1 2 8 0 2 8 8 18 2 0 2 8 0 2 8 1 2 4 0 2 7 16 15 2 0 2 8 6 2 8 16 6 2 0.00554411135957879209 64.6689966917037964
13 6 3 0 2 7 5 31 3 0 2 7 1 2 7 0 2 4 5 31 3 1 2 7 0 2 7 0 2 7 0 2 4 1 2 7 1 2 7 0 2 7 0 2 7 1 2 7 1 2 7 1 2 7 12 16 2 1 2 7 0 2 7 17 18 2 0 2 7 0 2 7 0 2 7 0 2 7 0 2 7 12 16 2 12 16 2 0 2 7 12 16 2 17 18 2 0 2 7 0 2 7 0 2 7 5 31 3 17 18 2 0 2 7 0 2 7 0 2 7 0 2 7 16 6 2 0 2 7 0 2 4 1 2 7 1 2 7 6 2 7 17 9 2 0 2 4 1 2 7 1 2 7 5 31 3 1 2 7 16 30 2 0 2 7 1 2 4 1 2 7 0 2 7 17 1 2 5 30 3 0 60.6936265826225281
5 30 3 16 19 12 8 18 2 5 30 3 8 9 2 8 9 2 0 2 8 5 30 3 16 19 12 0 2 8 16 19 12 16 19 12 8 18 2 5 30 3 16 19 12 8 18 2 0 2 8 0 2 8 8 9 2 1 2 8 5 30 3 8 9 2 12 16 2 0 2 8 1 2 8 0 2 8 0 2 8 8 9 2 5 30 3 8 9 2 5 30 3 16 15 2 0 2 8 0 2 8 0 2 8 0 2 8 0 2 8 0 2 8 1 2 8 0 2 8 0 2 8 8 18 2 8 18 2 8 9 2 0 2 8 0 2 8 5 30 3 0 2 8 0 2 8 1 2 8 0 2 8 8 18 2 0 2 8 0 2 8 0 2 8 0 2 8 16 15 2 0 2 8 6 2 8 1 2 8 0.00706083905086333629 68.4016954898834229
13 6 3 5 30 3 16 19 12 0 2 8 16 15 2 8 18 2 13 6 3 6 2 8 5 30 3 8 9 2 6 2 8 8 9 2 0 2 8 0 2 8 0 2 8 0 2 8 5 30 3 5 30 3 0 2 8 13 6 3 8 18 2 16 15 2 6 2 8 16 15 2 5 30 3 0 2 8 8 18 2 6 2 8 0 2 12 16 19 12 5 30 3 0 2 8 0 2 12 8 9 2 8 18 2 6 2 8 8 9 2 0 2 8 8 18 2 8 9 2 8 9 2 0 2 12 5 30 3 0 2 12 8 18 2 5 30 3 13 6 3 6 2 8 16 19 12 8 18 2 6 2 8 8 18 2 6 2 8 0 2 8 0 2 8 8 18 2 16 19 12 0 2 8 16 19 12 5 30 3 0.0442962440923660994 65.387425422668457
13 6 3 0 2 7 5 31 3 0 2 7 1 2 7 0 2 4 5 31 3 1 2 7 0 2 7 0 2 7 0 2 4 1 2 7 1 2 7 0 2 7 0 2 7 1 2 7 1 2 7 1 2 7 12 16 2 1 2 7 0 2 7 17 18 2 0 2 4 0 2 7 0 2 7 1 2 7 0 2 7 0 2 7 0 2 4 0 2 7 12 16 2 12 16 2 1 2 7 1 2 7 1 2 7 1 2 7 0 2 7 12 16 2 8 18 2 17 18 2 17 9 2 16 9 11 0 2 7 1 2 7 0 2 7 0 2 4 0 2 7 1 2 7 5 31 3 17 18 2 0 2 7 1 2 7 16 6 2 0 2 7 0 2 7 5 31 3 0 2 7 16 6 2 0 2 7 1 2 7 0 60.7544905543327332
13 6 3 0 2 7 5 31 3 0 2 7 1 2 7 0 2 7 5 31 3 1 2 7 0 2 7 0 2 7 0 2 7 1 2 7 1 2 7 0 2 7 0 2 7 1 2 7 1 2 7 1 2 7 12 16 2 1 2 7 0 2 7 17 18 2 0 2 7 0 2 7 0 2 7 0 2 3 0 2 7 12 16 2 1 2 7 0 2 7 12 16 2 17 18 2 0 2 7 0 2 7 0 2 7 5 31 3 17 18 2 0 2 7 0 2 7 0 2 7 0 2 7 16 6 2 0 2 7 0 2 7 1 2 7 1 2 7 6 2 7 17 9 2 0 2 7 1 2 7 1 2 7 5 31 3 1 2 7 16 30 2 0 2 7 1 2 7 1 2 4 0 2 7 17 1 2 5 30 3 0 60.6552765965461731
8 18 2 5 30 3 8 18 2 8 18 2 0 2 8 0 2 8 16 19 12 0 2 8 8 9 2 8 9 2 6 2 8 0 2 12 5 30 3 0 2 8 0 2 8 0 2 8 6 2 8 8 9 2 5 30 3 8 9 2 0 2 8 5 30 3 16 15 2 16 19 1 8 9 2 5 30 3 16 19 12 0 2 8 16 19 12 1 2 8 12 16 2 8 18 2 16 15 2 0 2 12 0 2 8 6 2 8 13 6 3 6 2 8 16 19 12 5 30 3 16 15 2 8 18 2 8 9 2 0 2 8 0 2 8 8 18 2 0 2 8 0 2 8 8 18 2 8 9 2 8 9 2 5 30 3 0 2 8 13 6 3 8 18 2 0 2 8 5 30 3 0 2 8 8 9 2 0 2 8 0.0384208029179891469 66.6463525295257568
5 31 3 12 16 2 16 6 2 1 2 7 5 30 3 5 31 3 1 2 7 0 2 7 0 2 7 16 19 12 0 2 7 16 19 11 0 2 3 0 2 3 12 16 2 16 19 11 0 2 7 0 2 7 0 2 3 0 2 3 1 2 7 5 31 3 0 2 3 0 2 7 0 2 3 0 2 7 1 2 3 5 30 3 5 30 3 0 2 7 0 2 7 16 30 2 0 2 3 0 2 3 16 6 2 0 2 7 0 2 3 0 2 7 1 2 7 1 2 7 0 2 3 0 2 7 0 2 3 5 30 3 5 30 3 0 2 7 0 2 3 0 2 7 0 2 7 0 2 3 1 2 3 0 2 7 0 2 3 0 2 3 6 2 7 0 2 7 16 6 2 0 2 7 0 2 7 1 2 7 0 63.7600265145301819
13 6 3 0 2 7 5 31 3 0 2 7 1 2 7 0 2 7 5 31 3 1 2 4 0 2 7 0 2 7 0 2 7 1 2 7 1 2 7 0 2 7 0 2 7 1 2 4 1 2 4 1 2 11 12 16 2 6 2 7 0 2 4 17 18 2 0 2 4 0 2 7 0 2 4 0 2 7 0 2 7 12 16 2 0 2 7 0 2 4 12 16 2 17 18 2 0 2 7 5 31 3 17 18 2 0 2 7 0 2 7 0 2 7 0 2 7 16 6 2 0 2 7 0 2 4 1 2 7 1 2 7 1 2 4 17 9 2 0 2 7 1 2 7 1 2 7 5 30 3 1 2 7 0 2 7 1 2 7 17 18 2 5 30 3 1 2 7 0 2 7 16 31 2 1 2 4 0 2 4 0 60.5971725583076477

Current Evaluation = 2700(2700)
Front Size = 10
13 6 3 0 2 7 5 31 3 0 2 7 5 31 3 1 2 7 0 2 7 0 2 4 1 2 7 1 2 7 0 2 7 0 2 7 1 2 7 1 2 7 1 2 7 12 16 2 1 2 7 0 2 7 17 18 2 0 2 7 0 2 7 0 2 7 0 2 7 0 2 7 12 16 2 0 2 7 17 18 2 0 2 7 0 2 4 0 2 7 5 31 3 17 18 2 0 2 7 0 2 7 0 2 7 0 2 7 1 2 7 1 2 7 1 2 7 17 9 2 0 2 4 1 2 7 5 31 3 1 2 7 16 30 2 0 2 7 1 2 7 1 2 7 5 30 3 0 2 7 0 2 4 16 30 2 17 18 2 0 2 4 0 2 7 1 2 4 1 2 4 1 2 7 0 2 7 1 2 4 0 60.3275527954101562
8 18 2 5 30 3 8 18 2 8 18 2 0 2 8 0 2 8 16 19 12 0 2 8 8 9 2 8 9 2 6 2 8 0 2 12 5 30 3 0 2 8 0 2 8 0 2 8 6 2 8 8 9 2 5 30 3 8 9 2 0 2 8 5 30 3 16 15 2 16 19 1 8 9 2 5 30 3 16 19 12 0 2 8 16 19 12 1 2 8 12 16 2 8 18 2 16 15 2 0 2 12 0 2 8 6 2 8 13 6 3 6 2 8 16 19 12 5 30 3 16 15 2 8 18 2 8 9 2 0 2 8 0 2 8 8 18 2 0 2 8 0 2 8 8 18 2 8 9 2 8 9 2 5 30 3 0 2 8 13 6 3 8 18 2 0 2 8 5 30 3 0 2 8 8 9 2 0 2 8 0.0384208029179891469 66.6463525295257568
13 6 3 5 30 3 16 19 12 0 2 8 16 15 2 8 18 2 13 6 3 6 2 8 5 30 3 8 9 2 6 2 8 8 9 2 0 2 8 0 2 8 0 2 8 0 2 8 5 30 3 5 30 3 0 2 8 13 6 3 8 18 2 16 15 2 6 2 8 16 15 2 5 30 3 0 2 8 8 18 2 6 2 8 0 2 12 16 19 12 5 30 3 0 2 8 0 2 12 8 9 2 8 18 2 6 2 8 8 9 2 0 2 8 8 18 2 8 9 2 8 9 2 0 2 12 5 30 3 0 2 12 8 18 2 5 30 3 13 6 3 6 2 8 16 19 12 8 18 2 6 2 8 8 18 2 6 2 8 0 2 8 0 2 8 8 18 2 16 19 12 0 2 8 16 19 12 5 30 3 0.0442962440923660994 65.387425422668457
13 6 3 0 2 7 5 31 3 0 2 7 1 2 7 0 2 7 5 31 3 1 2 7 0 2 7 0 2 7 0 2 7 1 2 7 1 2 7 0 2 4 0 2 7 1 2 4 1 2 4 1 2 4 12 16 2 1 2 7 0 2 4 17 18 2 0 2 7 0 2 7 0 2 4 0 2 7 0 2 4 12 16 2 0 2 7 0 2 4 12 16 2 17 18 2 0 2 7 5 31 3 17 18 2 0 2 7 0 2 7 0 2 7 0 2 7 16 6 2 0 2 4 0 2 7 1 2 7 1 2 7 1 2 4 17 9 2 0 2 7 1 2 7 1 2 7 5 30 3 1 2 7 0 2 7 1 2 7 17 18 2 5 30 3 0 2 3 8 9 2 1 2 7 1 2 7 16 30 2 0 60.5942536592483521
13 6 3 0 2 7 5 31 3 0 2 4 5 31 3 1 2 7 0 2 7 0 2 7 1 2 7 1 2 7 0 2 7 0 2 7 1 2 7 1 2 7 1 2 7 12 16 2 1 2 11 0 2 4 8 18 2 0 2 4 0 2 7 0 2 4 0 2 7 0 2 7 12 16 2 0 2 7 17 18 2 0 2 11 0 2 7 0 2 4 0 2 7 0 2 11 0 2 7 0 2 7 1 2 7 0 2 7 1 2 11 17 9 2 0 2 7 6 2 7 0 2 7 5 30 3 1 2 4 0 2 7 5 31 3 17 18 2 5 30 3 0 2 7 5 30 3 0 2 7 16 19 11 16 6 2 17 18 2 0 2 7 1 2 4 1 2 4 17 9 2 1 2 7 12 16 2 6 2 7 0 61.6182135343551636
13 6 3 0 2 7 5 31 3 0 2 7 5 31 3 1 2 7 0 2 7 0 2 4 1 2 7 1 2 7 0 2 7 0 2 7 1 2 7 1 2 7 1 2 7 12 16 2 1 2 7 0 2 7 17 18 2 0 2 7 0 2 7 0 2 7 0 2 7 0 2 7 12 16 2 0 2 7 17 18 2 0 2 7 0 2 4 0 2 7 5 31 3 17 18 2 0 2 7 0 2 7 0 2 7 0 2 7 1 2 7 1 2 7 1 2 7 17 9 2 0 2 4 1 2 7 5 31 3 1 2 7 16 30 2 0 2 7 1 2 7 1 2 7 5 30 3 0 2 7 0 2 4 16 30 2 17 18 2 0 2 4 0 2 7 1 2 4 1 2 4 1 2 7 0 2 7 1 2 4 0 60.3275527954101562
5 30 3 16 19 12 8 18 2 5 30 3 8 9 2 8 9 2 0 2 8 5 30 3 16 19 12 0 2 8 16 19 12 16 19 12 8 18 2 5 30 3 16 19 12 8 18 2 0 2 8 0 2 8 8 9 2 1 2 8 5 30 3 8 9 2 12 16 2 0 2 8 1 2 8 0 2 8 0 2 8 8 9 2 5 30 3 8 9 2 5 30 3 16 15 2 0 2 8 0 2 8 0 2 8 0 2 8 0 2 8 0 2 8 1 2 8 0 2 8 0 2 8 8 18 2 8 18 2 8 9 2 0 2 8 0 2 8 5 30 3 0 2 8 0 2 8 1 2 8 0 2 8 8 18 2 0 2 8 0 2 8 0 2 8 0 2 8 16 15 2 0 2 8 6 2 8 1 2 8 0.00706083905086333629 68.4016954898834229
13 6 3 0 2 7 5 31 3 0 2 7 6 2 7 5 31 3 1 2 7 0 2 7 0 2 7 1 2 7 1 2 7 0 2 7 0 2 7 1 2 7 1 2 7 1 2 7 12 16 2 1 2 7 0 2 7 17 18 2 0 2 7 0 2 7 0 2 7 0 2 7 0 2 7 12 16 2 12 16 2 0 2 7 17 18 2 0 2 7 0 2 7 0 2 7 5 31 3 17 18 2 0 2 7 0 2 7 0 2 7 0 2 7 16 6 2 0 2 3 1 2 7 1 2 7 1 2 7 17 9 2 0 2 7 1 2 7 5 31 3 1 2 7 16 30 2 0 2 7 1 2 7 1 2 7 1 2 7 17 1 2 5 30 3 0 2 7 0 2 4 1 2 7 0 2 7 0 2 7 0 60.6552765965461731
13 6 3 0 2 7 5 31 3 0 2 7 1 2 7 5 31 3 1 2 7 13 6 3 0 2 7 1 2 7 0 2 7 0 2 7 0 2 3 1 2 4 1 2 7 1 2 7 12 16 2 1 2 7 0 2 7 17 18 2 0 2 7 0 2 7 0 2 7 0 2 7 0 2 4 12 16 2 12 16 2 1 2 7 17 18 2 0 2 4 0 2 7 0 2 7 5 31 3 17 18 2 0 2 7 0 2 4 0 2 7 0 2 7 16 6 2 0 2 4 1 2 7 1 2 7 6 2 7 17 9 2 0 2 3 1 2 4 5 30 3 1 2 3 16 6 2 0 2 7 1 2 7 1 2 7 1 2 7 17 18 2 5 30 3 0 2 7 0 2 7 1 2 3 0 2 7 0 2 7 0 60.5704795718193054
5 30 3 12 16 2 12 16 2 5 30 3 8 9 2 1 2 7 13 6 3 0 2 4 0 2 7 0 2 7 5 31 3 0 2 7 0 2 7 0 2 4 0 2 7 0 2 7 0 2 7 0 2 7 0 2 7 1 2 7 0 2 7 1 2 7 1 2 7 1 2 7 16 30 2 1 2 4 0 2 7 16 6 2 16 19 12 5 31 3 5 30 3 17 18 2 16 19 12 0 2 7 1 2 4 1 2 7 8 9 2 1 2 8 0 2 8 0 2 8 17 18 2 8 9 2 1 2 4 1 2 7 0 2 7 1 2 4 8 18 2 8 9 2 0 2 8 0 2 8 5 30 3 0 2 8 1 2 8 0 2 4 1 2 7 0 2 8 0 2 8 0 2 4 0 2 7 1 2 7 0.00247882012581921709 62.672207236289978

Current Evaluation = 3600(3600)
Front Size = 10
13 6 3 0 2 7 5 31 3 0 2 7 5 31 3 0 2 7 12 16 2 0 2 3 1 2 7 0 2 7 0 2 7 1 2 7 1 2 7 1 2 7 1 2 7 0 2 7 17 18 2 0 2 7 1 2 7 0 2 7 0 2 7 0 2 7 1 2 7 17 18 2 1 2 7 5 31 3 17 18 2 0 2 7 0 2 7 0 2 7 0 2 7 0 2 7 1 2 7 1 2 7 17 9 2 1 2 7 1 2 7 17 9 2 0 2 7 1 2 7 1 2 7 5 30 3 0 2 7 16 6 2 0 2 4 13 6 3 0 2 7 0 2 7 1 2 7 0 2 7 1 2 7 0 2 4 0 2 7 0 2 7 1 2 4 1 2 7 1 2 7 1 2 3 0 2 7 17 9 2 0 59.9600826501846313
13 6 3 0 2 7 5 30 3 0 2 7 5 31 3 0 2 7 12 16 2 0 2 7 0 2 7 1 2 4 1 2 7 1 2 7 1 2 7 1 2 7 12 16 2 0 2 3 17 18 2 0 2 7 0 2 7 1 2 7 0 2 7 0 2 7 1 2 7 1 2 7 17 18 2 0 2 7 0 2 7 5 31 3 17 18 2 0 2 7 0 2 7 0 2 7 1 2 11 0 2 7 17 9 2 1 2 7 1 2 7 0 2 7 1 2 7 0 2 7 5 31 3 0 2 7 16 30 2 1 2 3 1 2 7 1 2 7 1 2 7 16 6 2 0 2 7 1 2 3 17 9 2 13 6 3 0 2 7 0 2 7 0 2 7 1 2 7 0 2 7 0 2 7 0 2 3 1 2 7 0 60.2788646221160889
13 6 3 0 2 7 5 30 3 0 2 7 5 31 3 0 2 7 12 16 2 0 2 7 0 2 7 1 2 4 1 2 7 1 2 7 1 2 7 1 2 7 12 16 2 0 2 3 17 18 2 0 2 7 0 2 7 1 2 7 0 2 7 0 2 7 1 2 7 1 2 7 17 18 2 0 2 7 0 2 7 5 31 3 17 18 2 0 2 7 0 2 7 0 2 7 1 2 11 0 2 7 17 9 2 1 2 7 1 2 7 0 2 7 1 2 7 0 2 7 5 31 3 0 2 7 16 30 2 1 2 3 1 2 7 1 2 7 1 2 7 16 6 2 0 2 7 1 2 3 17 9 2 13 6 3 0 2 7 0 2 7 0 2 7 1 2 7 0 2 7 0 2 7 0 2 3 1 2 7 0 60.2788646221160889
5 30 3 16 19 12 8 18 2 5 30 3 8 9 2 8 9 2 0 2 8 5 30 3 16 19 12 0 2 8 16 19 12 16 19 12 8 18 2 5 30 3 16 19 12 8 18 2 0 2 8 0 2 8 8 9 2 1 2 8 5 30 3 8 9 2 12 16 2 0 2 8 1 2 8 0 2 8 0 2 8 8 9 2 5 30 3 8 9 2 5 30 3 16 15 2 0 2 8 0 2 8 0 2 8 0 2 8 0 2 8 0 2 8 1 2 8 0 2 8 0 2 8 8 18 2 8 18 2 8 9 2 0 2 8 0 2 8 5 30 3 0 2 8 0 2 8 1 2 8 0 2 8 8 18 2 0 2 8 0 2 8 0 2 8 0 2 8 16 15 2 0 2 8 6 2 8 1 2 8 0.00706083905086333629 68.4016954898834229
5 30 3 5 30 3 12 16 2 16 19 12 0 2 4 13 6 3 0 2 7 0 2 8 5 30 3 16 19 12 0 2 8 16 19 12 1 2 7 1 2 3 5 30 3 0 2 7 0 2 7 0 2 7 0 2 8 8 9 2 0 2 3 5 30 3 1 2 7 1 2 7 1 2 7 16 6 2 0 2 7 8 9 2 0 2 7 8 9 2 5 30 3 16 15 2 1 2 7 0 2 8 0 2 7 0 2 8 0 2 8 1 2 7 0 2 7 0 2 8 0 2 7 1 2 7 8 18 2 8 9 2 0 2 4 5 31 3 0 2 7 12 16 2 0 2 8 0 2 3 1 2 4 8 18 2 0 2 8 0 2 7 0 2 4 16 6 2 0 2 7 0 2 8 6 2 8 1 2 8 0.00255392271559732979 64.066710352897644
13 6 3 0 2 7 5 31 3 0 2 7 5 31 3 1 2 7 0 2 7 0 2 4 1 2 7 1 2 7 0 2 7 0 2 7 1 2 7 1 2 7 1 2 7 12 16 2 1 2 7 0 2 7 17 18 2 0 2 7 0 2 7 0 2 7 0 2 7 0 2 7 12 16 2 0 2 7 17 18 2 0 2 7 0 2 4 0 2 7 5 31 3 17 18 2 0 2 7 0 2 7 0 2 7 0 2 7 1 2 7 1 2 7 1 2 7 17 9 2 0 2 4 1 2 7 5 31 3 1 2 7 16 30 2 0 2 7 1 2 7 1 2 7 5 30 3 0 2 7 0 2 4 16 30 2 17 18 2 0 2 4 0 2 7 1 2 4 1 2 4 1 2 7 0 2 7 1 2 4 0 60.3275527954101562
13 6 3 0 2 7 5 31 3 0 2 4 5 31 3 1 2 7 0 2 7 0 2 7 1 2 7 1 2 7 0 2 7 0 2 7 1 2 7 1 2 7 1 2 7 12 16 2 1 2 11 0 2 4 8 18 2 0 2 4 0 2 7 0 2 4 0 2 7 0 2 7 12 16 2 0 2 7 17 18 2 0 2 11 0 2 7 0 2 4 0 2 7 0 2 11 0 2 7 0 2 7 1 2 7 0 2 7 1 2 11 17 9 2 0 2 7 6 2 7 0 2 7 5 30 3 1 2 4 0 2 7 5 31 3 17 18 2 5 30 3 0 2 7 5 30 3 0 2 7 16 19 11 16 6 2 17 18 2 0 2 7 1 2 4 1 2 4 17 9 2 1 2 7 12 16 2 6 2 7 0 61.6182135343551636
5 30 3 12 16 2 12 16 2 5 30 3 17 9 2 0 2 3 13 6 3 0 2 3 0 2 3 1 2 7 5 30 3 0 2 7 0 2 7 0 2 7 5 30 3 0 2 7 0 2 3 0 2 4 0 2 3 0 2 3 0 2 7 0 2 7 1 2 4 1 2 7 16 6 2 1 2 3 6 2 4 16 6 2 5 30 3 8 18 2 1 2 7 1 2 7 0 2 7 17 18 2 0 2 3 1 2 7 0 2 7 1 2 7 1 2 7 0 2 7 0 2 4 12 16 2 0 2 7 16 19 11 5 30 3 16 15 2 8 18 2 8 18 2 0 2 7 12 16 2 1 2 11 0 2 7 0 2 3 17 18 2 0 2 7 0 2 7 0 2 3 1 2 7 0 2 3 0 2 7 0 62.4234012961387634
13 6 3 5 30 3 16 19 12 0 2 8 16 15 2 8 18 2 13 6 3 6 2 8 5 30 3 8 9 2 6 2 8 8 9 2 0 2 8 0 2 8 0 2 8 0 2 8 5 30 3 5 30 3 0 2 8 13 6 3 8 18 2 16 15 2 6 2 8 16 15 2 5 30 3 0 2 8 8 18 2 6 2 8 0 2 12 16 19 12 5 30 3 0 2 8 0 2 12 8 9 2 8 18 2 6 2 8 8 9 2 0 2 8 8 18 2 8 9 2 8 9 2 0 2 12 5 30 3 0 2 12 8 18 2 5 30 3 13 6 3 6 2 8 16 19 12 8 18 2 6 2 8 8 18 2 6 2 8 0 2 8 0 2 8 8 18 2 16 19 12 0 2 8 16 19 12 5 30 3 0.0442962440923660994 65.387425422668457
13 6 3 0 2 7 5 31 3 0 2 7 5 31 3 0 2 7 12 16 2 0 2 3 1 2 7 0 2 7 0 2 7 1 2 7 1 2 7 1 2 7 12 16 2 1 2 7 0 2 7 17 18 2 0 2 7 1 2 7 0 2 7 0 2 7 0 2 7 1 2 7 17 18 2 1 2 7 5 31 3 17 18 2 0 2 7 0 2 7 0 2 7 0 2 7 0 2 7 1 2 7 1 2 7 17 9 2 1 2 7 1 2 7 17 9 2 0 2 7 1 2 7 1 2 7 5 30 3 0 2 7 16 6 2 0 2 7 13 6 3 0 2 7 0 2 7 1 2 7 0 2 7 1 2 7 0 2 4 0 2 3 16 30 2 1 2 3 0 2 7 1 2 3 0 2 7 1 2 11 0 60.2788646221160889

Current Evaluation = 4500(4500)
Front Size = 10
13 6 3 0 2 7 5 30 3 0 2 7 5 31 3 0 2 7 1 2 3 0 2 7 0 2 7 1 2 7 1 2 7 1 2 7 1 2 7 1 2 7 0 2 7 17 18 2 0 2 7 0 2 7 1 2 7 0 2 7 0 2 7 1 2 7 1 2 7 17 18 2 0 2 7 0 2 7 5 31 3 17 9 2 0 2 7 0 2 7 0 2 7 0 2 7 17 9 2 1 2 7 0 2 4 1 2 7 5 31 3 1 2 7 1 2 7 1 2 7 1 2 7 0 2 7 17 9 2 13 6 3 0 2 4 0 2 7 1 2 7 0 2 7 0 2 7 1 2 7 1 2 7 12 16 2 1 2 3 1 2 7 0 2 7 0 2 4 0 2 7 0 2 7 16 6 2 17 18 2 0 59.9600826501846313
13 6 3 0 2 7 5 30 3 0 2 7 5 31 3 0 2 7 12 16 2 0 2 7 0 2 7 1 2 4 1 2 7 1 2 7 1 2 7 1 2 7 12 16 2 0 2 3 17 18 2 0 2 7 0 2 7 1 2 7 0 2 7 0 2 7 1 2 7 1 2 7 17 18 2 0 2 7 0 2 7 5 31 3 17 18 2 0 2 7 0 2 7 0 2 7 1 2 11 0 2 7 17 9 2 1 2 7 1 2 7 0 2 7 1 2 7 0 2 7 5 31 3 0 2 7 1 2 3 1 2 7 1 2 7 1 2 7 16 6 2 0 2 7 17 9 2 13 6 3 0 2 7 0 2 7 0 2 7 1 2 7 0 2 7 0 2 7 1 2 7 16 30 2 1 2 3 0 2 3 0 60.2788646221160889
5 31 3 5 31 3 0 2 4 1 2 7 12 16 2 1 2 4 1 2 3 1 2 7 0 2 3 1 2 7 0 2 4 6 2 7 0 2 3 0 2 3 17 18 2 0 2 3 0 2 7 6 2 4 0 2 3 0 2 7 1 2 7 17 18 2 0 2 4 0 2 4 0 2 3 0 2 3 1 2 7 0 2 3 17 9 2 1 2 7 16 6 2 0 2 3 5 31 3 0 2 3 1 2 7 1 2 7 5 30 3 5 30 3 1 2 4 1 2 4 16 30 2 0 2 7 1 2 7 17 9 2 1 2 7 1 2 7 0 2 7 16 6 2 0 2 3 0 2 7 0 2 3 0 2 7 0 2 7 1 2 4 0 2 3 0 2 4 1 2 7 0 2 7 0 2 4 0 2 3 0 61.5952870845794678
13 6 3 1 2 7 5 30 3 1 2 11 1 2 7 0 2 7 12 16 2 0 2 7 0 2 3 0 2 7 1 2 7 1 2 7 0 2 7 1 2 7 17 18 2 1 2 3 0 2 7 1 2 7 0 2 7 0 2 7 1 2 7 1 2 7 17 18 2 0 2 7 0 2 7 5 31 3 17 18 2 0 2 7 1 2 3 0 2 7 0 2 7 17 9 2 1 2 7 1 2 7 0 2 7 1 2 7 0 2 7 5 30 3 1 2 7 0 2 3 1 2 7 0 2 7 1 2 7 16 31 2 0 2 7 0 2 7 17 9 2 13 6 3 0 2 7 0 2 7 0 2 7 5 31 3 0 2 7 0 2 7 1 2 4 12 16 2 0 2 7 0 2 7 16 6 2 1 2 7 0 60.2788645029067993
13 6 3 0 2 7 5 30 3 0 2 7 5 31 3 0 2 7 12 16 2 0 2 7 0 2 4 1 2 4 1 2 7 1 2 7 1 2 7 1 2 7 12 16 2 0 2 7 17 18 2 0 2 7 0 2 7 1 2 7 0 2 7 0 2 7 1 2 7 1 2 7 17 18 2 0 2 7 0 2 7 5 31 3 17 9 2 0 2 7 0 2 7 0 2 7 1 2 4 0 2 7 17 9 2 1 2 7 1 2 4 0 2 7 1 2 7 0 2 7 5 31 3 0 2 7 1 2 7 1 2 7 1 2 7 1 2 7 0 2 7 17 9 2 13 6 3 0 2 7 0 2 4 1 2 7 1 2 7 1 2 7 0 2 4 16 6 2 0 2 7 0 2 3 0 2 7 17 9 2 0 60.0184326171875
5 31 3 5 30 3 12 16 2 0 2 7 17 9 2 0 2 7 5 30 3 5 30 3 0 2 7 5 30 3 0 2 11 0 2 7 1 2 7 1 2 7 5 30 3 1 2 7 1 2 11 0 2 7 16 6 2 1 2 4 0 2 7 5 30 3 16 15 2 0 2 7 0 2 7 0 2 7 0 2 7 0 2 7 0 2 7 8 18 2 0 2 7 0 2 11 12 16 2 0 2 7 0 2 7 17 18 2 0 2 7 13 6 3 0 2 7 16 6 2 0 2 7 0 2 7 0 2 11 0 2 7 1 2 7 17 9 2 8 9 2 0 2 7 12 16 2 1 2 4 17 9 2 0 2 7 8 9 2 1 2 7 1 2 4 12 16 2 8 18 2 1 2 7 0 2 11 1 2 7 0 62.0181764364242554
5 30 3 16 19 12 8 18 2 5 30 3 8 9 2 8 9 2 0 2 8 5 30 3 16 19 12 0 2 8 16 19 12 16 19 12 8 18 2 5 30 3 16 19 12 8 18 2 0 2 8 0 2 8 8 9 2 1 2 8 5 30 3 8 9 2 12 16 2 0 2 8 1 2 8 0 2 8 0 2 8 8 9 2 5 30 3 8 9 2 5 30 3 16 15 2 0 2 8 0 2 8 0 2 8 0 2 8 0 2 8 0 2 8 1 2 8 0 2 8 0 2 8 8 18 2 8 18 2 8 9 2 0 2 8 0 2 8 5 30 3 0 2 8 0 2 8 1 2 8 0 2 8 8 18 2 0 2 8 0 2 8 0 2 8 0 2 8 16 15 2 0 2 8 6 2 8 1 2 8 0.00706083905086333629 68.4016954898834229
13 6 3 5 30 3 16 19 12 0 2 8 16 15 2 8 18 2 13 6 3 6 2 8 5 30 3 8 9 2 6 2 8 8 9 2 0 2 8 0 2 8 0 2 8 0 2 8 5 30 3 5 30 3 0 2 8 13 6 3 8 18 2 16 15 2 6 2 8 16 15 2 5 30 3 0 2 8 8 18 2 6 2 8 0 2 12 16 19 12 5 30 3 0 2 8 0 2 12 8 9 2 8 18 2 6 2 8 8 9 2 0 2 8 8 18 2 8 9 2 8 9 2 0 2 12 5 30 3 0 2 12 8 18 2 5 30 3 13 6 3 6 2 8 16 19 12 8 18 2 6 2 8 8 18 2 6 2 8 0 2 8 0 2 8 8 18 2 16 19 12 0 2 8 16 19 12 5 30 3 0.0442962440923660994 65.387425422668457
0 2 7 5 30 3 0 2 7 0 2 11 12 16 2 0 2 7 0 2 4 1 2 7 1 2 7 1 2 11 1 2 4 0 2 3 17 18 2 0 2 7 0 2 7 1 2 11 0 2 7 0 2 7 1 2 7 0 2 7 0 2 7 0 2 7 0 2 7 0 2 4 15 2 11 0 2 7 17 9 2 6 2 7 0 2 7 0 2 7 1 2 7 16 30 2 1 2 7 17 9 2 0 2 7 0 2 3 13 6 3 5 30 3 16 15 2 0 2 7 0 2 7 17 18 2 5 31 3 0 2 7 1 2 7 0 2 7 5 30 3 0 2 7 5 30 3 1 2 7 17 18 2 0 2 3 1 2 4 5 30 3 0 2 11 5 30 3 1 2 7 0 2 7 8 9 2 1 2 4 0 61.5887195467948914
13 6 3 0 2 7 5 30 3 0 2 7 5 31 3 0 2 7 12 16 2 0 2 7 0 2 4 1 2 4 1 2 7 1 2 7 1 2 7 1 2 7 12 16 2 0 2 7 17 18 2 0 2 7 0 2 4 1 2 7 0 2 7 0 2 7 1 2 7 1 2 7 17 18 2 0 2 7 0 2 7 5 31 3 17 9 2 0 2 7 0 2 7 0 2 7 1 2 4 0 2 7 17 9 2 1 2 7 1 2 4 0 2 7 1 2 7 0 2 4 5 31 3 0 2 4 1 2 7 1 2 7 1 2 7 1 2 7 16 30 2 0 2 7 17 9 2 13 6 3 0 2 7 12 16 2 0 2 7 1 2 7 0 2 7 0 2 7 1 2 7 1 2 7 0 2 4 17 18 2 0 59.9908536672592163

Current Evaluation = 5400(5400)
Front Size = 10
13 6 3 0 2 7 5 30 3 0 2 7 5 31 3 0 2 7 1 2 3 0 2 7 0 2 7 1 2 7 1 2 7 1 2 7 1 2 7 1 2 7 0 2 7 17 18 2 0 2 7 0 2 7 1 2 7 0 2 7 0 2 7 1 2 7 1 2 7 17 18 2 0 2 7 0 2 7 5 31 3 17 9 2 0 2 7 0 2 7 0 2 7 0 2 7 17 9 2 1 2 7 0 2 4 1 2 7 5 31 3 1 2 7 1 2 7 1 2 7 1 2 7 0 2 7 17 9 2 13 6 3 0 2 4 0 2 7 1 2 7 0 2 7 0 2 7 1 2 7 1 2 7 12 16 2 1 2 3 1 2 7 0 2 7 0 2 4 0 2 7 0 2 7 16 6 2 17 18 2 0 59.9600826501846313
13 6 3 0 2 7 5 30 3 0 2 7 5 31 3 0 2 7 0 2 7 0 2 11 6 2 4 1 2 4 1 2 7 1 2 7 1 2 7 0 2 7 17 18 2 0 2 7 0 2 7 1 2 7 0 2 7 0 2 7 1 2 7 0 2 7 0 2 7 17 9 2 0 2 7 0 2 7 0 2 7 1 2 7 17 9 2 0 2 7 17 9 2 0 2 7 0 2 7 0 2 7 12 16 2 0 2 7 0 2 7 16 15 2 0 2 7 1 2 4 17 18 2 5 30 3 5 30 3 1 2 4 12 16 2 5 30 3 0 2 7 1 2 7 8 9 2 0 2 7 13 6 3 5 30 3 5 30 3 0 2 7 1 2 7 1 2 7 1 2 7 0 2 7 8 9 2 17 18 2 0 61.0077024102210999
13 6 3 0 2 7 5 30 3 0 2 7 5 30 3 0 2 7 6 2 7 0 2 7 1 2 7 1 2 7 1 2 7 0 2 7 1 2 7 0 2 7 17 18 2 0 2 7 0 2 7 6 2 7 0 2 7 0 2 7 1 2 7 1 2 7 17 18 2 1 2 7 0 2 7 17 9 2 0 2 7 0 2 7 0 2 7 0 2 7 17 9 2 0 2 7 1 2 7 0 2 7 17 9 2 13 6 3 0 2 7 0 2 7 1 2 7 5 31 3 0 2 7 0 2 7 0 2 7 8 18 2 1 2 7 5 30 3 1 2 7 5 30 3 5 30 3 0 2 7 5 30 3 0 2 7 0 2 7 16 15 2 1 2 7 0 2 7 0 2 7 12 16 2 5 31 3 16 30 2 0 60.8150984048843384
13 6 3 0 2 7 5 30 3 0 2 7 5 31 3 0 2 7 1 2 3 0 2 7 0 2 7 1 2 7 1 2 7 1 2 7 1 2 7 1 2 7 0 2 7 17 18 2 0 2 7 0 2 7 1 2 7 0 2 7 0 2 7 1 2 7 1 2 7 17 18 2 0 2 7 0 2 7 5 31 3 17 9 2 0 2 7 0 2 7 0 2 7 0 2 7 17 9 2 1 2 7 0 2 4 1 2 7 5 31 3 1 2 7 1 2 7 1 2 7 1 2 7 0 2 7 17 9 2 13 6 3 0 2 4 0 2 7 1 2 7 0 2 7 0 2 7 1 2 7 1 2 7 12 16 2 1 2 3 1 2 7 0 2 7 0 2 4 0 2 7 0 2 7 16 6 2 17 18 2 0 59.9600826501846313
13 6 3 0 2 7 5 30 3 0 2 7 5 31 3 0 2 7 1 2 3 0 2 7 0 2 7 1 2 7 1 2 7 1 2 7 1 2 7 1 2 7 0 2 7 17 18 2 0 2 7 0 2 7 1 2 7 0 2 7 0 2 7 1 2 7 1 2 7 17 18 2 0 2 7 0 2 7 5 31 3 17 9 2 0 2 7 0 2 7 0 2 7 0 2 7 17 9 2 1 2 7 0 2 4 1 2 7 5 31 3 1 2 7 1 2 7 1 2 7 1 2 7 0 2 7 17 9 2 13 6 3 0 2 4 0 2 7 1 2 7 0 2 7 0 2 7 1 2 7 1 2 7 12 16 2 1 2 3 1 2 7 0 2 7 0 2 4 0 2 7 0 2 7 16 6 2 17 18 2 0 59.9600826501846313
13 6 3 0 2 7 5 30 3 0 2 7 5 31 3 0 2 7 1 2 3 0 2 7 0 2 7 1 2 7 1 2 7 1 2 7 1 2 7 1 2 7 0 2 7 17 18 2 0 2 7 0 2 7 1 2 7 0 2 7 0 2 7 1 2 7 1 2 7 17 18 2 0 2 7 0 2 7 5 31 3 17 9 2 0 2 7 0 2 7 0 2 7 0 2 7 17 9 2 1 2 7 0 2 4 1 2 7 5 31 3 1 2 7 1 2 7 1 2 7 1 2 7 0 2 7 17 9 2 13 6 3 0 2 4 0 2 7 1 2 7 0 2 7 0 2 7 1 2 7 1 2 7 12 16 2 1 2 3 1 2 7 0 2 7 0 2 4 0 2 7 0 2 7 16 6 2 17 18 2 0 59.9600826501846313
13 6 3 5 30 3 16 19 12 0 2 8 16 15 2 8 18 2 13 6 3 6 2 8 5 30 3 8 9 2 6 2 8 8 9 2 0 2 8 0 2 8 0 2 8 0 2 8 5 30 3 5 30 3 0 2 8 13 6 3 8 18 2 16 15 2 6 2 8 16 15 2 5 30 3 0 2 8 8 18 2 6 2 8 0 2 12 16 19 12 5 30 3 0 2 8 0 2 12 8 9 2 8 18 2 6 2 8 8 9 2 0 2 8 8 18 2 8 9 2 8 9 2 0 2 12 5 30 3 0 2 12 8 18 2 5 30 3 13 6 3 6 2 8 16 19 12 8 18 2 6 2 8 8 18 2 6 2 8 0 2 8 0 2 8 8 18 2 16 19 12 0 2 8 16 19 12 5 30 3 0.0442962440923660994 65.387425422668457
5 31 3 5 31 3 0 2 4 1 2 7 12 16 2 1 2 4 1 2 3 1 2 7 0 2 3 1 2 7 0 2 4 6 2 7 0 2 3 0 2 3 17 18 2 0 2 3 0 2 7 6 2 4 0 2 3 0 2 7 1 2 7 17 18 2 0 2 4 0 2 4 0 2 3 0 2 3 1 2 7 0 2 3 17 9 2 1 2 7 16 6 2 0 2 3 5 31 3 0 2 3 1 2 7 1 2 7 5 30 3 5 30 3 1 2 4 1 2 4 16 30 2 0 2 7 1 2 7 17 9 2 1 2 7 1 2 7 0 2 7 16 6 2 0 2 3 0 2 7 0 2 3 0 2 7 0 2 7 1 2 4 0 2 3 0 2 4 1 2 7 0 2 7 0 2 4 0 2 3 0 61.5952870845794678
5 30 3 12 16 2 5 30 3 16 15 2 5 30 3 5 30 3 5 30 3 5 30 3 8 9 2 8 18 2 0 2 7 0 2 8 1 2 8 0 2 4 1 2 7 8 18 2 1 2 11 1 2 4 0 2 3 17 18 2 0 2 8 0 2 8 1 2 8 0 2 7 8 18 2 1 2 7 8 18 2 0 2 7 0 2 8 8 9 2 0 2 4 0 2 8 16 19 12 17 9 2 6 2 7 0 2 7 0 2 7 1 2 7 16 30 2 0 2 8 8 18 2 8 9 2 0 2 3 8 9 2 0 2 8 8 9 2 17 18 2 0 2 8 8 9 2 1 2 7 0 2 7 0 2 8 1 2 7 17 18 2 1 2 8 1 2 8 0 2 11 1 2 7 0 2 8 1 2 4 0.00517699947534938643 64.1673335433006287
13 6 3 0 2 7 5 30 3 0 2 7 5 31 3 0 2 7 1 2 3 0 2 7 0 2 7 1 2 7 1 2 7 1 2 7 1 2 7 1 2 7 0 2 7 17 18 2 0 2 7 0 2 7 1 2 7 0 2 7 0 2 7 1 2 7 1 2 7 17 18 2 0 2 7 0 2 7 5 31 3 17 9 2 0 2 7 0 2 7 0 2 7 0 2 7 17 9 2 1 2 7 0 2 4 1 2 7 5 31 3 1 2 7 1 2 7 1 2 7 1 2 7 0 2 7 17 9 2 13 6 3 0 2 4 0 2 7 1 2 7 0 2 7 0 2 7 1 2 7 1 2 7 12 16 2 1 2 3 1 2 7 0 2 7 0 2 4 0 2 7 0 2 7 16 6 2 17 18 2 0 59.9600826501846313

Current Evaluation = 6300(6300)
Front Size = 10
13 6 3 0 2 7 5 30 3 0 2 7 5 31 3 0 2 7 1 2 3 0 2 7 0 2 7 1 2 7 1 2 7 1 2 7 1 2 7 1 2 7 0 2 7 17 18 2 0 2 7 0 2 7 1 2 7 0 2 7 0 2 7 1 2 7 1 2 7 17 18 2 0 2 7 0 2 7 5 31 3 17 9 2 0 2 7 0 2 7 0 2 7 0 2 7 17 9 2 1 2 7 0 2 4 1 2 7 5 31 3 1 2 7 1 2 7 1 2 7 1 2 7 0 2 7 17 9 2 13 6 3 0 2 4 0 2 7 1 2 7 0 2 7 0 2 7 1 2 7 1 2 7 12 16 2 1 2 3 1 2 7 0 2 7 0 2 4 0 2 7 0 2 7 16 6 2 17 18 2 0 59.9600826501846313
13 6 3 0 2 7 5 30 3 0 2 7 5 31 3 0 2 7 1 2 3 0 2 7 0 2 7 1 2 7 1 2 7 1 2 7 1 2 7 1 2 7 0 2 7 17 18 2 0 2 7 0 2 7 1 2 7 0 2 7 0 2 7 1 2 7 1 2 7 17 18 2 0 2 7 0 2 7 5 31 3 17 9 2 0 2 7 0 2 7 0 2 7 0 2 7 17 9 2 1 2 7 0 2 4 1 2 7 5 31 3 1 2 7 1 2 7 1 2 7 1 2 7 0 2 7 17 9 2 13 6 3 0 2 4 0 2 7 1 2 7 0 2 7 0 2 7 1 2 7 1 2 7 12 16 2 1 2 3 1 2 7 0 2 7 0 2 4 0 2 7 0 2 7 16 6 2 17 18 2 0 59.9600826501846313
13 6 3 0 2 7 5 30 3 0 2 7 5 30 3 0 2 7 6 2 7 0 2 7 1 2 7 1 2 7 1 2 7 0 2 7 1 2 7 0 2 7 17 18 2 0 2 7 0 2 7 6 2 7 0 2 7 0 2 7 1 2 7 1 2 7 17 18 2 1 2 7 0 2 7 17 9 2 0 2 7 0 2 7 0 2 7 0 2 7 17 9 2 0 2 7 1 2 7 0 2 7 17 9 2 13 6 3 0 2 7 0 2 7 1 2 7 5 31 3 0 2 7 0 2 7 0 2 7 8 18 2 1 2 7 5 30 3 1 2 7 5 30 3 5 30 3 0 2 7 5 30 3 0 2 7 0 2 7 16 15 2 1 2 7 0 2 7 0 2 7 12 16 2 5 31 3 16 30 2 0 60.8150984048843384
13 6 3 0 2 7 5 30 3 0 2 7 5 31 3 0 2 7 1 2 3 0 2 7 0 2 7 1 2 7 1 2 7 1 2 7 1 2 7 1 2 7 0 2 7 17 18 2 0 2 7 0 2 7 1 2 7 0 2 7 0 2 7 1 2 7 1 2 7 17 18 2 0 2 7 0 2 7 5 31 3 17 9 2 0 2 7 0 2 7 0 2 7 0 2 7 17 9 2 1 2 7 0 2 4 1 2 7 5 31 3 1 2 7 1 2 7 1 2 7 1 2 7 0 2 7 17 9 2 13 6 3 0 2 4 0 2 7 1 2 7 0 2 7 0 2 7 1 2 7 1 2 7 12 16 2 1 2 3 1 2 7 0 2 7 0 2 4 0 2 7 0 2 7 16 6 2 17 18 2 0 59.9600826501846313
13 6 3 5 30 3 13 6 3 0 2 7 1 2 7 0 2 7 1 2 7 6 2 8 0 2 7 0 2 7 17 9 2 1 2 3 0 2 8 0 2 8 1 2 7 0 2 8 5 30 3 0 2 7 0 2 8 1 2 7 8 18 2 16 15 2 6 2 8 16 15 2 16 6 2 0 2 8 17 9 2 0 2 4 0 2 12 0 2 7 5 30 3 0 2 8 1 2 7 0 2 7 0 2 7 6 2 8 1 2 7 0 2 7 0 2 7 8 9 2 8 9 2 0 2 12 5 30 3 0 2 7 8 18 2 1 2 7 5 31 3 0 2 7 1 2 7 8 18 2 6 2 8 8 18 2 0 2 4 0 2 8 0 2 8 8 18 2 16 19 12 0 2 8 16 19 12 12 16 2 0.00491023573835806196 63.1013916730880737
5 31 3 5 31 3 0 2 4 1 2 7 12 16 2 1 2 4 1 2 3 1 2 7 0 2 3 1 2 7 0 2 4 6 2 7 0 2 3 0 2 3 17 18 2 0 2 3 0 2 7 6 2 4 0 2 3 0 2 7 1 2 7 17 18 2 0 2 4 0 2 4 0 2 3 0 2 3 1 2 7 0 2 3 17 9 2 1 2 7 16 6 2 0 2 3 5 31 3 0 2 3 1 2 7 1 2 7 5 30 3 5 30 3 1 2 4 1 2 4 16 30 2 0 2 7 1 2 7 17 9 2 1 2 7 1 2 7 0 2 7 16 6 2 0 2 3 0 2 7 0 2 3 0 2 7 0 2 7 1 2 4 0 2 3 0 2 4 1 2 7 0 2 7 0 2 4 0 2 3 0 61.5952870845794678
13 6 3 0 2 7 5 30 3 0 2 7 5 30 3 0 2 7 6 2 7 0 2 7 1 2 7 1 2 7 1 2 7 0 2 7 1 2 7 0 2 7 17 18 2 0 2 7 0 2 7 6 2 7 0 2 7 0 2 7 1 2 7 1 2 7 17 18 2 1 2 7 0 2 7 17 9 2 0 2 7 0 2 7 0 2 7 0 2 7 17 9 2 0 2 7 1 2 7 0 2 7 17 9 2 13 6 3 0 2 7 0 2 7 1 2 7 5 31 3 0 2 7 0 2 7 0 2 7 8 18 2 1 2 7 5 30 3 1 2 7 5 30 3 5 30 3 0 2 7 5 30 3 0 2 7 0 2 7 16 15 2 1 2 7 0 2 7 0 2 7 12 16 2 5 31 3 16 30 2 0 60.8150984048843384
13 6 3 0 2 7 5 30 3 0 2 7 5 31 3 0 2 7 1 2 3 0 2 7 0 2 7 1 2 7 1 2 7 1 2 7 1 2 7 1 2 7 0 2 7 17 18 2 0 2 7 0 2 7 1 2 7 0 2 7 0 2 7 1 2 7 1 2 7 17 18 2 0 2 7 0 2 7 5 31 3 17 9 2 0 2 7 0 2 7 0 2 7 0 2 7 17 9 2 1 2 7 0 2 4 1 2 7 5 31 3 1 2 7 1 2 7 1 2 7 1 2 7 0 2 7 17 9 2 13 6 3 0 2 4 0 2 7 1 2 7 0 2 7 0 2 7 1 2 7 1 2 7 12 16 2 1 2 3 1 2 7 0 2 7 0 2 4 0 2 7 0 2 7 16 6 2 17 18 2 0 59.9600826501846313
13 6 3 5 30 3 16 19 12 0 2 8 16 15 2 8 18 2 13 6 3 6 2 8 5 30 3 8 9 2 6 2 8 8 9 2 0 2 8 0 2 8 0 2 8 0 2 8 5 30 3 5 30 3 0 2 8 13 6 3 8 18 2 16 15 2 6 2 8 16 15 2 5 30 3 0 2 8 8 18 2 6 2 8 0 2 12 16 19 12 5 30 3 0 2 8 0 2 12 8 9 2 8 18 2 6 2 8 8 9 2 0 2 8 8 18 2 8 9 2 8 9 2 0 2 12 5 30 3 0 2 12 8 18 2 5 30 3 13 6 3 6 2 8 16 19 12 8 18 2 6 2 8 8 18 2 6 2 8 0 2 8 0 2 8 8 18 2 16 19 12 0 2 8 16 19 12 5 30 3 0.0442962440923660994 65.387425422668457
13 6 3 0 2 7 5 30 3 0 2 7 5 31 3 0 2 7 1 2 3 0 2 7 0 2 7 1 2 7 1 2 7 1 2 7 1 2 7 1 2 7 0 2 7 17 18 2 0 2 7 0 2 7 1 2 7 0 2 7 0 2 7 1 2 7 1 2 7 17 18 2 0 2 7 0 2 7 5 31 3 17 9 2 0 2 7 0 2 7 0 2 7 0 2 7 17 9 2 1 2 7 0 2 4 1 2 7 5 31 3 1 2 7 1 2 7 1 2 7 1 2 7 0 2 7 17 9 2 13 6 3 0 2 4 0 2 7 1 2 7 0 2 7 0 2 7 1 2 7 1 2 7 12 16 2 1 2 3 1 2 7 0 2 7 0 2 4 0 2 7 0 2 7 16 6 2 17 18 2 0 59.9600826501846313

Current Evaluation = 7200(7200)
Front Size = 10
13 6 3 0 2 7 5 30 3 0 2 7 5 31 3 0 2 7 1 2 3 0 2 7 0 2 7 1 2 7 1 2 7 1 2 7 1 2 7 1 2 7 0 2 7 17 18 2 0 2 7 0 2 7 1 2 7 0 2 7 0 2 7 1 2 7 1 2 7 17 18 2 0 2 7 0 2 7 5 31 3 17 9 2 0 2 7 0 2 7 0 2 7 0 2 7 17 9 2 1 2 7 0 2 4 1 2 7 5 31 3 1 2 7 1 2 7 1 2 7 1 2 7 0 2 7 17 9 2 13 6 3 0 2 4 0 2 7 1 2 7 0 2 7 0 2 7 1 2 7 1 2 7 12 16 2 1 2 3 1 2 7 0 2 7 0 2 4 0 2 7 0 2 7 16 6 2 17 18 2 0 59.9600826501846313
13 6 3 0 2 7 5 30 3 0 2 7 5 30 3 0 2 7 6 2 7 0 2 7 1 2 7 1 2 7 1 2 7 0 2 7 1 2 7 0 2 7 17 18 2 0 2 7 0 2 7 6 2 7 0 2 7 0 2 7 1 2 7 1 2 7 17 18 2 1 2 7 0 2 7 17 9 2 0 2 7 0 2 7 0 2 7 0 2 7 17 9 2 0 2 7 1 2 7 0 2 7 17 9 2 13 6 3 0 2 7 0 2 7 1 2 7 5 31 3 0 2 7 0 2 7 0 2 7 8 18 2 1 2 7 5 30 3 1 2 7 5 30 3 5 30 3 0 2 7 5 30 3 0 2 7 0 2 7 16 15 2 1 2 7 0 2 7 0 2 7 12 16 2 5 31 3 16 30 2 0 60.8150984048843384
13 6 3 0 2 7 5 30 3 0 2 7 5 31 3 0 2 7 1 2 3 0 2 7 0 2 7 1 2 7 1 2 7 1 2 7 1 2 7 1 2 7 0 2 7 17 18 2 0 2 7 0 2 7 1 2 7 0 2 7 0 2 7 1 2 7 1 2 7 17 18 2 0 2 7 0 2 7 5 31 3 17 9 2 0 2 7 0 2 7 0 2 7 0 2 7 17 9 2 1 2 7 0 2 4 1 2 7 5 31 3 1 2 7 1 2 7 1 2 7 1 2 7 0 2 7 17 9 2 13 6 3 0 2 4 0 2 7 1 2 7 0 2 7 0 2 7 1 2 7 1 2 7 12 16 2 1 2 3 1 2 7 0 2 7 0 2 4 0 2 7 0 2 7 16 6 2 17 18 2 0 59.9600826501846313
13 6 3 5 30 3 16 19 12 0 2 8 16 15 2 8 18 2 13 6 3 6 2 8 5 30 3 8 9 2 6 2 8 8 9 2 0 2 8 0 2 8 0 2 8 0 2 8 5 30 3 5 30 3 0 2 8 13 6 3 8 18 2 16 15 2 6 2 8 16 15 2 5 30 3 0 2 8 8 18 2 6 2 8 0 2 12 16 19 12 5 30 3 0 2 8 0 2 12 8 9 2 8 18 2 6 2 8 8 9 2 0 2 8 8 18 2 8 9 2 8 9 2 0 2 12 5 30 3 0 2 12 8 18 2 5 30 3 13 6 3 6 2 8 16 19 12 8 18 2 6 2 8 8 18 2 6 2 8 0 2 8 0 2 8 8 18 2 16 19 12 0 2 8 16 19 12 5 30 3 0.0442962440923660994 65.387425422668457
13 6 3 5 30 3 13 6 3 0 2 7 1 2 7 0 2 7 1 2 7 6 2 8 0 2 7 0 2 7 17 9 2 1 2 3 0 2 8 0 2 8 1 2 7 0 2 8 5 30 3 0 2 7 0 2 8 1 2 7 8 18 2 16 15 2 6 2 8 16 15 2 16 6 2 0 2 8 17 9 2 0 2 4 0 2 12 0 2 7 5 30 3 0 2 8 1 2 7 0 2 7 0 2 7 6 2 8 1 2 7 0 2 7 0 2 7 8 9 2 8 9 2 0 2 12 5 30 3 0 2 7 8 18 2 1 2 7 5 31 3 0 2 7 1 2 7 8 18 2 6 2 8 8 18 2 0 2 4 0 2 8 0 2 8 8 18 2 16 19 12 0 2 8 16 19 12 12 16 2 0.00491023573835806196 63.1013916730880737
13 6 3 0 2 7 5 30 3 0 2 7 5 31 3 0 2 7 1 2 3 0 2 7 0 2 7 1 2 7 1 2 7 1 2 7 1 2 7 1 2 7 0 2 7 17 18 2 0 2 7 0 2 7 1 2 7 0 2 7 0 2 7 1 2 7 1 2 7 17 18 2 0 2 7 0 2 7 5 31 3 17 9 2 0 2 7 0 2 7 0 2 7 0 2 7 17 9 2 1 2 7 0 2 4 1 2 7 5 31 3 1 2 7 1 2 7 1 2 7 1 2 7 0 2 7 17 9 2 13 6 3 0 2 4 0 2 7 1 2 7 0 2 7 0 2 7 1 2 7 1 2 7 12 16 2 1 2 3 1 2 7 0 2 7 0 2 4 0 2 7 0 2 7 16 6 2 17 18 2 0 59.9600826501846313
13 6 3 0 2 7 5 30 3 0 2 7 5 31 3 0 2 7 1 2 3 0 2 7 0 2 7 1 2 7 1 2 7 1 2 7 1 2 7 1 2 7 0 2 7 17 18 2 0 2 7 0 2 7 1 2 7 0 2 7 0 2 7 1 2 7 1 2 7 17 18 2 0 2 7 0 2 7 5 31 3 17 9 2 0 2 7 0 2 7 0 2 7 0 2 7 17 9 2 1 2 7 0 2 4 1 2 7 5 31 3 1 2 7 1 2 7 1 2 7 1 2 7 0 2 7 17 9 2 13 6 3 0 2 4 0 2 7 1 2 7 0 2 7 0 2 7 1 2 7 1 2 7 12 16 2 1 2 3 1 2 7 0 2 7 0 2 4 0 2 7 0 2 7 16 6 2 17 18 2 0 59.9600826501846313
13 6 3 0 2 7 5 30 3 0 2 7 5 31 3 0 2 7 1 2 3 0 2 7 0 2 7 1 2 7 1 2 7 1 2 7 1 2 7 1 2 7 0 2 7 17 18 2 0 2 7 0 2 7 1 2 7 0 2 7 0 2 7 1 2 7 1 2 7 17 18 2 0 2 7 0 2 7 5 31 3 17 9 2 0 2 7 0 2 7 0 2 7 0 2 7 17 9 2 1 2 7 0 2 4 1 2 7 5 31 3 1 2 7 1 2 7 1 2 7 1 2 7 0 2 7 17 9 2 13 6 3 0 2 4 0 2 7 1 2 7 0 2 7 0 2 7 1 2 7 1 2 7 12 16 2 1 2 3 1 2 7 0 2 7 0 2 4 0 2 7 0 2 7 16 6 2 17 18 2 0 59.9600826501846313
5 30 3 5 31 3 0 2 7 12 16 2 0 2 7 0 2 7 17 18 2 1 2 7 0 2 7 1 2 7 17 18 2 1 2 7 17 9 2 16 6 2 5 31 3 0 2 7 1 2 7 5 30 3 0 2 7 1 2 7 17 9 2 6 2 7 0 2 7 0 2 4 1 2 7 0 2 7 0 2 7 0 2 7 5 30 3 5 31 3 0 2 7 0 2 7 0 2 3 1 2 4 0 2 7 0 2 7 0 2 3 0 2 7 0 2 7 5 31 3 1 2 7 0 2 7 1 2 7 0 2 7 1 2 7 0 2 7 0 2 7 16 6 2 1 2 7 6 2 7 1 2 7 0 2 7 1 2 4 0 2 3 16 30 2 13 6 3 1 2 7 0 2 7 0 2 7 0 2 7 0 60.8863166570663452
13 6 3 1 2 7 5 30 3 0 2 7 0 2 7 1 2 11 1 2 7 1 2 7 0 2 7 0 2 7 0 2 7 0 2 7 17 18 2 0 2 7 0 2 7 0 2 7 0 2 7 1 2 7 0 2 7 17 18 2 1 2 7 0 2 7 17 9 2 0 2 7 0 2 7 0 2 7 0 2 7 17 9 2 0 2 7 1 2 7 0 2 7 17 9 2 13 6 3 0 2 7 0 2 7 6 2 7 5 31 3 0 2 7 0 2 7 0 2 7 1 2 7 1 2 7 0 2 7 1 2 7 12 16 2 5 31 3 5 30 3 1 2 7 0 2 4 16 6 2 5 30 3 5 31 3 5 30 3 5 30 3 1 2 7 0 2 7 0 2 4 0 2 7 1 2 4 16 30 2 0 60.7826914191246033

Current Evaluation = 8100(8100)
Front Size = 10
13 6 3 0 2 7 5 30 3 0 2 7 5 31 3 0 2 7 1 2 3 0 2 7 0 2 7 1 2 7 1 2 7 1 2 7 1 2 7 1 2 7 0 2 7 17 18 2 0 2 7 0 2 7 1 2 7 0 2 7 0 2 7 1 2 7 1 2 7 17 18 2 0 2 7 0 2 7 5 31 3 17 9 2 0 2 7 0 2 7 0 2 7 0 2 7 17 9 2 1 2 7 0 2 4 1 2 7 5 31 3 1 2 7 1 2 7 1 2 7 1 2 7 0 2 7 17 9 2 13 6 3 0 2 4 0 2 7 1 2 7 0 2 7 0 2 7 1 2 7 1 2 7 12 16 2 1 2 3 1 2 7 0 2 7 0 2 4 0 2 7 0 2 7 16 6 2 17 18 2 0 59.9600826501846313
13 6 3 0 2 7 5 30 3 0 2 7 5 31 3 0 2 7 1 2 3 0 2 7 0 2 7 1 2 7 1 2 7 1 2 7 1 2 7 1 2 7 0 2 7 17 18 2 0 2 7 0 2 7 1 2 7 0 2 7 0 2 7 1 2 7 1 2 7 17 18 2 0 2 7 0 2 7 5 31 3 17 9 2 0 2 7 0 2 7 0 2 7 0 2 7 17 9 2 1 2 7 0 2 4 1 2 7 5 31 3 1 2 7 1 2 7 1 2 7 1 2 7 0 2 7 17 9 2 13 6 3 0 2 4 0 2 7 1 2 7 0 2 7 0 2 7 1 2 7 1 2 7 12 16 2 1 2 3 1 2 7 0 2 7 0 2 4 0 2 7 0 2 7 16 6 2 17 18 2 0 59.9600826501846313
13 6 3 0 2 7 5 30 3 0 2 7 5 31 3 0 2 7 1 2 3 0 2 7 0 2 7 1 2 7 1 2 7 1 2 7 1 2 7 1 2 7 0 2 7 17 18 2 0 2 7 0 2 7 1 2 7 0 2 7 0 2 7 1 2 7 1 2 7 17 18 2 0 2 7 0 2 7 5 31 3 17 9 2 0 2 7 0 2 7 0 2 7 0 2 7 17 9 2 1 2 7 0 2 4 1 2 7 5 31 3 1 2 7 1 2 7 1 2 7 1 2 7 0 2 7 17 9 2 13 6 3 0 2 4 0 2 7 1 2 7 0 2 7 0 2 7 1 2 7 1 2 7 12 16 2 1 2 3 1 2 7 0 2 7 0 2 4 0 2 7 0 2 7 16 6 2 17 18 2 0 59.9600826501846313
5 30 3 1 2 7 0 2 7 0 2 7 0 2 7 0 2 7 0 2 7 0 2 10 1 2 7 1 2 7 0 2 7 0 2 7 0 2 7 1 2 4 17 9 2 6 2 7 12 16 2 16 6 2 5 31 3 0 2 3 0 2 7 0 2 7 0 2 7 0 2 7 0 2 7 1 2 3 0 2 7 0 2 3 0 2 7 1 2 7 17 18 2 0 2 7 6 2 4 6 2 7 0 2 7 5 30 3 5 31 3 0 2 7 0 2 7 6 2 7 1 2 7 0 2 3 5 30 3 0 2 3 6 2 7 5 31 3 1 2 7 0 2 7 1 2 7 0 2 7 0 2 7 16 15 2 16 6 2 8 9 2 5 31 3 16 6 2 0 2 3 17 18 2 0 2 7 5 30 3 0 61.9107126593589783
13 6 3 0 2 7 5 30 3 0 2 7 5 31 3 0 2 7 1 2 3 0 2 7 0 2 7 1 2 7 1 2 7 1 2 7 1 2 7 1 2 7 0 2 7 17 18 2 0 2 7 0 2 7 1 2 7 0 2 7 0 2 7 1 2 7 1 2 7 17 18 2 0 2 7 0 2 7 5 31 3 17 9 2 0 2 7 0 2 7 0 2 7 0 2 7 17 9 2 1 2 7 0 2 4 1 2 7 5 31 3 1 2 7 1 2 7 1 2 7 1 2 7 0 2 7 17 9 2 13 6 3 0 2 4 0 2 7 1 2 7 0 2 7 0 2 7 1 2 7 1 2 7 12 16 2 1 2 3 1 2 7 0 2 7 0 2 4 0 2 7 0 2 7 16 6 2 17 18 2 0 59.9600826501846313
13 6 3 0 2 7 5 30 3 0 2 7 5 31 3 0 2 7 0 2 7 0 2 7 1 2 7 1 2 7 1 2 7 1 2 7 1 2 7 0 2 7 17 18 2 0 2 7 0 2 7 1 2 7 0 2 7 0 2 7 1 2 7 1 2 7 17 18 2 0 2 7 0 2 7 5 31 3 17 9 2 0 2 7 0 2 7 0 2 7 0 2 7 17 9 2 1 2 7 0 2 4 1 2 7 5 31 3 1 2 7 1 2 7 0 2 7 17 9 2 13 6 3 0 2 4 0 2 7 0 2 7 0 2 7 12 16 2 0 2 7 0 2 4 0 2 7 0 2 7 16 6 2 12 16 2 16 30 2 5 30 3 1 2 7 0 2 7 1 2 7 1 2 3 1 2 7 5 30 3 0 60.4322065114974976
13 6 3 5 30 3 16 19 12 0 2 8 16 15 2 8 18 2 13 6 3 6 2 8 5 30 3 8 9 2 6 2 8 8 9 2 0 2 8 0 2 8 0 2 8 0 2 8 5 30 3 5 30 3 0 2 8 13 6 3 8 18 2 16 15 2 6 2 8 16 15 2 5 30 3 0 2 8 8 18 2 6 2 8 0 2 12 16 19 12 5 30 3 0 2 8 0 2 12 8 9 2 8 18 2 6 2 8 8 9 2 0 2 8 8 18 2 8 9 2 8 9 2 0 2 12 5 30 3 0 2 12 8 18 2 5 30 3 13 6 3 6 2 8 16 19 12 8 18 2 6 2 8 8 18 2 6 2 8 0 2 8 0 2 8 8 18 2 16 19 12 0 2 8 16 19 12 5 30 3 0.0442962440923660994 65.387425422668457
13 6 3 0 2 7 5 30 3 0 2 7 0 2 7 0 2 7 1 2 7 1 2 7 0 2 7 0 2 7 1 2 7 0 2 7 17 18 2 0 2 7 0 2 7 0 2 7 0 2 7 1 2 7 1 2 7 17 18 2 1 2 7 0 2 7 17 9 2 0 2 7 0 2 7 0 2 7 0 2 7 17 9 2 0 2 7 1 2 7 0 2 7 17 9 2 13 6 3 0 2 7 6 2 4 1 2 7 5 31 3 1 2 7 0 2 7 0 2 7 1 2 7 1 2 7 0 2 7 0 2 7 12 16 2 5 31 3 16 6 2 0 2 7 5 31 3 0 2 7 1 2 7 5 30 3 5 30 3 5 30 3 5 30 3 0 2 7 16 31 2 1 2 7 0 2 7 1 2 7 0 60.7528184056282043
5 30 3 5 31 3 0 2 7 12 16 2 0 2 7 0 2 7 17 18 2 1 2 7 0 2 7 1 2 7 17 18 2 1 2 7 17 9 2 16 6 2 5 31 3 0 2 7 1 2 7 5 30 3 0 2 7 1 2 7 17 9 2 6 2 7 0 2 7 0 2 4 1 2 7 0 2 7 0 2 7 0 2 7 5 30 3 5 31 3 0 2 7 0 2 7 0 2 3 1 2 4 0 2 7 0 2 7 0 2 3 0 2 7 0 2 7 5 31 3 1 2 7 0 2 7 1 2 7 0 2 7 1 2 7 0 2 7 0 2 7 16 6 2 1 2 7 6 2 7 1 2 7 0 2 7 1 2 4 0 2 3 16 30 2 13 6 3 1 2 7 0 2 7 0 2 7 0 2 7 0 60.8863166570663452
13 6 3 0 2 7 5 30 3 0 2 7 5 31 3 0 2 7 1 2 3 0 2 7 0 2 7 1 2 7 1 2 7 1 2 7 1 2 7 1 2 7 0 2 7 17 18 2 0 2 7 0 2 7 1 2 7 0 2 7 0 2 7 1 2 7 1 2 7 17 18 2 0 2 7 0 2 7 5 31 3 17 9 2 0 2 7 0 2 7 0 2 7 0 2 7 17 9 2 1 2 7 0 2 4 1 2 7 5 31 3 1 2 7 1 2 7 1 2 7 1 2 7 0 2 7 17 9 2 13 6 3 0 2 4 0 2 7 1 2 7 0 2 7 0 2 7 1 2 7 1 2 7 12 16 2 1 2 3 1 2 7 0 2 7 0 2 4 0 2 7 0 2 7 16 6 2 17 18 2 0 59.9600826501846313

Current Evaluation = 9000(9000)
Front Size = 10
13 6 3 0 2 7 5 30 3 0 2 7 5 31 3 0 2 7 1 2 3 0 2 7 0 2 7 1 2 7 1 2 7 1 2 7 1 2 7 1 2 7 0 2 7 17 18 2 0 2 7 0 2 7 1 2 7 0 2 7 0 2 7 1 2 7 1 2 7 17 18 2 0 2 7 0 2 7 5 31 3 17 9 2 0 2 7 0 2 7 0 2 7 0 2 7 17 9 2 1 2 7 0 2 4 1 2 7 5 31 3 1 2 7 1 2 7 1 2 7 1 2 7 0 2 7 17 9 2 13 6 3 0 2 4 0 2 7 1 2 7 0 2 7 0 2 7 1 2 7 1 2 7 12 16 2 1 2 3 1 2 7 0 2 7 0 2 4 0 2 7 0 2 7 16 6 2 17 18 2 0 59.9600826501846313
13 6 3 5 30 3 13 6 3 0 2 7 6 2 8 5 31 3 0 2 8 0 2 8 8 18 2 0 2 8 1 2 7 1 2 7 5 30 3 0 2 8 6 2 8 0 2 7 16 19 12 0 2 7 6 2 8 5 30 3 0 2 8 0 2 7 1 2 7 0 2 8 17 18 2 5 30 3 8 18 2 16 15 2 17 9 2 0 2 7 16 19 12 0 2 7 8 9 2 0 2 12 1 2 7 8 9 2 1 2 7 6 2 8 1 2 7 1 2 7 1 2 7 16 19 12 0 2 7 17 9 2 0 2 4 8 18 2 13 6 3 0 2 7 0 2 7 1 2 7 8 18 2 8 18 2 1 2 3 1 2 7 0 2 12 0 2 12 0 2 7 5 30 3 16 6 2 8 9 2 0.0124262709167244599 62.498551607131958
13 6 3 0 2 7 5 30 3 0 2 7 5 31 3 0 2 7 1 2 3 0 2 7 0 2 7 1 2 7 1 2 7 1 2 7 1 2 7 1 2 7 0 2 7 17 18 2 0 2 7 0 2 7 1 2 7 0 2 7 0 2 7 1 2 7 1 2 7 17 18 2 0 2 7 0 2 7 5 31 3 17 9 2 0 2 7 0 2 7 0 2 7 0 2 7 17 9 2 1 2 7 0 2 4 1 2 7 5 31 3 1 2 7 1 2 7 1 2 7 1 2 7 0 2 7 17 9 2 13 6 3 0 2 4 0 2 7 1 2 7 0 2 7 0 2 7 1 2 7 1 2 7 12 16 2 1 2 3 1 2 7 0 2 7 0 2 4 0 2 7 0 2 7 16 6 2 17 18 2 0 59.9600826501846313
13 6 3 0 2 7 5 30 3 0 2 7 0 2 7 0 2 7 1 2 7 1 2 7 0 2 7 0 2 7 1 2 7 0 2 7 17 18 2 0 2 7 0 2 7 0 2 7 0 2 7 1 2 7 1 2 7 17 18 2 1 2 7 0 2 7 17 9 2 0 2 7 0 2 7 0 2 7 0 2 7 17 9 2 0 2 7 1 2 7 0 2 7 17 9 2 13 6 3 0 2 7 6 2 4 1 2 7 5 31 3 1 2 7 0 2 7 0 2 7 1 2 7 1 2 7 0 2 7 0 2 7 12 16 2 5 31 3 16 6 2 0 2 7 5 31 3 0 2 7 1 2 7 5 30 3 5 30 3 5 30 3 5 30 3 0 2 7 16 31 2 1 2 7 0 2 7 1 2 7 0 60.7528184056282043
13 6 3 0 2 7 5 30 3 0 2 7 5 31 3 0 2 7 1 2 3 0 2 7 0 2 7 1 2 7 1 2 7 1 2 7 1 2 7 1 2 7 0 2 7 17 18 2 0 2 7 0 2 7 1 2 7 0 2 7 0 2 7 1 2 7 1 2 7 17 18 2 0 2 7 0 2 7 5 31 3 17 9 2 0 2 7 0 2 7 0 2 7 0 2 7 17 9 2 1 2 7 0 2 4 1 2 7 5 31 3 1 2 7 1 2 7 1 2 7 1 2 7 0 2 7 17 9 2 13 6 3 0 2 4 0 2 7 1 2 7 0 2 7 0 2 7 1 2 7 1 2 7 12 16 2 1 2 3 1 2 7 0 2 7 0 2 4 0 2 7 0 2 7 16 6 2 17 18 2 0 59.9600826501846313
13 6 3 5 30 3 5 31 3 0 2 7 1 2 7 0 2 7 0 2 7 0 2 7 0 2 7 1 2 7 1 2 7 0 2 7 17 18 2 0 2 4 0 2 7 1 2 7 0 2 7 17 18 2 0 2 7 17 9 2 1 2 7 0 2 4 0 2 4 0 2 7 17 9 2 1 2 7 0 2 7 1 2 7 1 2 7 1 2 7 0 2 7 17 9 2 13 6 3 0 2 7 0 2 7 0 2 7 12 16 2 1 2 7 0 2 7 0 2 7 5 31 3 1 2 7 0 2 7 1 2 7 0 2 7 17 18 2 1 2 3 1 2 7 1 2 11 1 2 7 1 2 4 0 2 7 0 2 7 5 30 3 0 2 3 1 2 7 1 2 11 5 30 3 17 9 2 0 2 4 0 60.4839894771575928
13 6 3 0 2 7 5 30 3 0 2 7 5 31 3 0 2 7 1 2 3 0 2 7 0 2 7 1 2 7 1 2 7 1 2 7 1 2 7 1 2 7 0 2 7 17 18 2 0 2 7 0 2 7 1 2 7 0 2 7 0 2 7 1 2 7 1 2 7 17 18 2 0 2 7 0 2 7 5 31 3 17 9 2 0 2 7 0 2 7 0 2 7 0 2 7 17 9 2 1 2 7 0 2 4 1 2 7 5 31 3 1 2 7 1 2 7 1 2 7 1 2 7 0 2 7 17 9 2 13 6 3 0 2 4 0 2 7 1 2 7 0 2 7 0 2 7 1 2 7 1 2 7 12 16 2 1 2 3 1 2 7 0 2 7 0 2 4 0 2 7 0 2 7 16 6 2 17 18 2 0 59.9600826501846313
13 6 3 0 2 7 5 30 3 0 2 7 5 31 3 0 2 7 1 2 3 0 2 7 0 2 7 1 2 7 1 2 7 1 2 7 1 2 7 1 2 7 0 2 7 17 18 2 0 2 7 0 2 7 1 2 7 0 2 7 0 2 7 1 2 7 1 2 7 17 18 2 0 2 7 0 2 7 5 31 3 17 9 2 0 2 7 0 2 7 0 2 7 0 2 7 17 9 2 1 2 7 0 2 4 1 2 7 5 31 3 1 2 7 1 2 7 1 2 7 1 2 7 0 2 7 17 9 2 13 6 3 0 2 4 0 2 7 1 2 7 0 2 7 0 2 7 1 2 7 1 2 7 12 16 2 1 2 3 1 2 7 0 2 7 0 2 4 0 2 7 0 2 7 16 6 2 17 18 2 0 59.9600826501846313
5 30 3 1 2 7 0 2 7 0 2 7 0 2 7 0 2 7 0 2 7 0 2 10 1 2 7 1 2 7 0 2 7 0 2 7 0 2 7 1 2 4 17 9 2 6 2 7 12 16 2 16 6 2 5 31 3 0 2 3 0 2 7 0 2 7 0 2 7 0 2 7 0 2 7 1 2 3 0 2 7 0 2 3 0 2 7 1 2 7 17 18 2 0 2 7 6 2 4 6 2 7 0 2 7 5 30 3 5 31 3 0 2 7 0 2 7 6 2 7 1 2 7 0 2 3 5 30 3 0 2 3 6 2 7 5 31 3 1 2 7 0 2 7 1 2 7 0 2 7 0 2 7 16 15 2 16 6 2 8 9 2 5 31 3 16 6 2 0 2 3 17 18 2 0 2 7 5 30 3 0 61.9107126593589783
13 6 3 0 2 7 5 30 3 0 2 7 5 31 3 0 2 7 0 2 7 0 2 7 1 2 7 1 2 7 1 2 7 1 2 7 1 2 7 0 2 7 17 18 2 0 2 4 0 2 7 1 2 7 0 2 7 0 2 7 1 2 7 1 2 7 17 18 2 0 2 7 0 2 7 5 31 3 17 9 2 0 2 7 0 2 7 0 2 7 0 2 7 17 9 2 1 2 7 0 2 4 1 2 7 5 31 3 1 2 7 1 2 7 0 2 7 17 9 2 13 6 3 0 2 4 0 2 7 0 2 7 0 2 7 12 16 2 0 2 7 0 2 4 0 2 7 0 2 7 16 6 2 12 16 2 16 30 2 5 30 3 1 2 7 0 2 7 1 2 7 1 2 3 1 2 7 5 30 3 0 60.4122065305709839

Current Evaluation = 9900(9900)
Front Size = 10
13 6 3 0 2 7 5 30 3 0 2 7 5 31 3 0 2 7 1 2 3 0 2 7 0 2 7 1 2 7 1 2 7 1 2 7 1 2 7 1 2 7 0 2 7 17 18 2 0 2 7 0 2 7 1 2 7 0 2 7 0 2 7 1 2 7 1 2 7 17 18 2 0 2 7 0 2 7 5 31 3 17 9 2 0 2 7 0 2 7 0 2 7 0 2 7 17 9 2 1 2 7 0 2 4 1 2 7 5 31 3 1 2 7 1 2 7 1 2 7 1 2 7 0 2 7 17 9 2 13 6 3 0 2 4 0 2 7 1 2 7 0 2 7 0 2 7 1 2 7 1 2 7 12 16 2 1 2 3 1 2 7 0 2 7 0 2 4 0 2 7 0 2 7 16 6 2 17 18 2 0 59.9600826501846313
5 30 3 1 2 7 0 2 7 0 2 7 0 2 7 0 2 7 0 2 7 0 2 10 1 2 7 1 2 7 0 2 7 0 2 7 0 2 7 1 2 4 17 9 2 6 2 7 12 16 2 16 6 2 5 31 3 0 2 3 0 2 7 0 2 7 0 2 7 0 2 7 0 2 7 1 2 3 0 2 7 0 2 3 0 2 7 1 2 7 17 18 2 0 2 7 6 2 4 6 2 7 0 2 7 5 30 3 5 31 3 0 2 7 0 2 7 6 2 7 1 2 7 0 2 3 5 30 3 0 2 3 6 2 7 5 31 3 1 2 7 0 2 7 1 2 7 0 2 7 0 2 7 16 15 2 16 6 2 8 9 2 5 31 3 16 6 2 0 2 3 17 18 2 0 2 7 5 30 3 0 61.9107126593589783
13 6 3 0 2 7 5 30 3 0 2 7 5 31 3 0 2 7 1 2 3 0 2 7 0 2 7 1 2 7 1 2 7 1 2 7 1 2 7 1 2 7 0 2 7 17 18 2 0 2 7 0 2 7 1 2 7 0 2 7 0 2 7 1 2 7 1 2 7 17 18 2 0 2 7 0 2 7 5 31 3 17 9 2 0 2 7 0 2 7 0 2 7 0 2 7 17 9 2 1 2 7 0 2 4 1 2 7 5 31 3 1 2 7 1 2 7 1 2 7 1 2 7 0 2 7 17 9 2 13 6 3 0 2 4 0 2 7 1 2 7 0 2 7 0 2 7 1 2 7 1 2 7 12 16 2 1 2 3 1 2 7 0 2 7 0 2 4 0 2 7 0 2 7 16 6 2 17 18 2 0 59.9600826501846313
13 6 3 5 30 3 13 6 3 0 2 7 6 2 8 5 31 3 0 2 8 0 2 8 8 18 2 0 2 8 1 2 7 1 2 7 5 30 3 0 2 8 6 2 8 0 2 7 16 19 12 0 2 7 6 2 8 5 30 3 0 2 8 0 2 7 1 2 7 0 2 8 17 18 2 5 30 3 8 18 2 16 15 2 17 9 2 0 2 7 16 19 12 0 2 7 8 9 2 0 2 12 1 2 7 8 9 2 1 2 7 6 2 8 1 2 7 1 2 7 1 2 7 16 19 12 0 2 7 17 9 2 0 2 4 8 18 2 13 6 3 0 2 7 0 2 7 1 2 7 8 18 2 8 18 2 1 2 3 1 2 7 0 2 12 0 2 12 0 2 7 5 30 3 16 6 2 8 9 2 0.0124262709167244599 62.498551607131958
13 6 3 0 2 7 5 30 3 0 2 7 5 31 3 0 2 7 1 2 3 0 2 7 0 2 7 1 2 7 1 2 7 1 2 7 1 2 7 1 2 7 0 2 7 17 18 2 0 2 7 0 2 7 1 2 7 0 2 7 0 2 7 1 2 7 1 2 7 17 18 2 0 2 7 0 2 7 5 31 3 17 9 2 0 2 7 0 2 7 0 2 7 0 2 7 17 9 2 1 2 7 0 2 4 1 2 7 5 31 3 1 2 7 1 2 7 1 2 7 1 2 7 0 2 7 17 9 2 13 6 3 0 2 4 0 2 7 1 2 7 0 2 7 0 2 7 1 2 7 1 2 7 12 16 2 1 2 3 1 2 7 0 2 7 0 2 4 0 2 7 0 2 7 16 6 2 17 18 2 0 59.9600826501846313
13 6 3 0 2 7 5 30 3 0 2 7 5 31 3 0 2 7 1 2 7 0 2 7 0 2 7 0 2 4 1 2 7 1 2 7 0 2 7 1 2 7 0 2 7 17 18 2 1 2 7 0 2 7 1 2 7 0 2 7 0 2 7 1 2 7 1 2 7 17 18 2 0 2 4 0 2 4 5 31 3 17 9 2 0 2 7 5 31 3 0 2 7 0 2 7 17 9 2 1 2 7 0 2 4 1 2 7 1 2 7 1 2 7 1 2 7 1 2 7 0 2 7 17 9 2 13 6 3 0 2 7 0 2 7 1 2 4 0 2 7 0 2 7 12 16 2 0 2 7 0 2 4 17 18 2 1 2 4 1 2 7 1 2 7 5 30 3 0 2 7 17 9 2 1 2 4 0 2 7 0 60.1250686645507812
13 6 3 0 2 7 5 30 3 0 2 7 5 31 3 0 2 7 1 2 3 0 2 7 0 2 7 1 2 7 1 2 7 1 2 7 1 2 7 1 2 7 0 2 7 17 18 2 0 2 7 0 2 7 1 2 7 0 2 7 0 2 7 1 2 7 1 2 7 17 18 2 0 2 7 0 2 7 5 31 3 17 9 2 0 2 7 0 2 7 0 2 7 0 2 7 17 9 2 1 2 7 0 2 4 1 2 7 5 31 3 1 2 7 1 2 7 1 2 7 1 2 7 0 2 7 17 9 2 13 6 3 0 2 4 0 2 7 1 2 7 0 2 7 0 2 7 1 2 7 1 2 7 12 16 2 1 2 3 1 2 7 0 2 7 0 2 4 0 2 7 0 2 7 16 6 2 17 18 2 0 59.9600826501846313
13 6 3 0 2 3 5 30 3 0 2 7 5 31 3 1 2 7 1 2 7 0 2 7 0 2 7 1 2 7 1 2 7 1 2 7 1 2 7 1 2 7 0 2 7 17 18 2 0 2 7 0 2 7 1 2 4 0 2 7 0 2 7 1 2 7 1 2 7 17 18 2 0 2 7 0 2 7 5 31 3 17 9 2 0 2 7 0 2 3 0 2 7 0 2 7 17 9 2 1 2 7 0 2 7 1 2 7 5 31 3 1 2 7 1 2 7 1 2 7 1 2 7 0 2 7 17 9 2 13 6 3 0 2 3 0 2 7 1 2 7 0 2 7 0 2 7 12 16 2 0 2 7 0 2 7 0 2 7 0 2 7 16 6 2 5 30 3 16 30 2 0 2 4 1 2 7 12 16 2 0 60.3204596042633057
13 6 3 0 2 7 5 30 3 0 2 7 0 2 7 0 2 7 1 2 7 1 2 7 0 2 7 1 2 7 0 2 7 0 2 7 17 18 2 0 2 7 0 2 7 0 2 7 0 2 7 1 2 7 1 2 7 17 18 2 1 2 7 0 2 7 17 9 2 0 2 7 0 2 7 0 2 3 0 2 7 17 9 2 0 2 7 1 2 7 0 2 7 17 9 2 13 6 3 0 2 7 1 2 7 5 31 3 1 2 7 0 2 7 0 2 7 1 2 7 1 2 3 0 2 7 0 2 7 12 16 2 0 2 4 16 6 2 5 31 3 1 2 7 1 2 7 1 2 7 0 2 7 1 2 7 1 2 7 5 30 3 5 30 3 5 30 3 0 2 7 1 2 7 16 31 2 0 2 7 0 60.3538564443588257
13 6 3 0 2 7 5 30 3 0 2 7 5 31 3 0 2 7 1 2 3 0 2 7 0 2 7 1 2 7 1 2 7 1 2 7 1 2 7 1 2 7 0 2 7 17 18 2 0 2 7 0 2 7 1 2 7 0 2 7 0 2 7 1 2 7 1 2 7 17 18 2 0 2 7 0 2 7 5 31 3 17 9 2 0 2 7 0 2 7 0 2 7 0 2 7 17 9 2 1 2 7 0 2 4 1 2 7 5 31 3 1 2 7 1 2 7 1 2 7 1 2 7 0 2 7 17 9 2 13 6 3 0 2 4 0 2 7 1 2 7 0 2 7 0 2 7 1 2 7 1 2 7 12 16 2 1 2 3 1 2 7 0 2 7 0 2 4 0 2 7 0 2 7 16 6 2 17 18 2 0 59.9600826501846313

Current Evaluation = 10800(10800)
Front Size = 10
13 6 3 0 2 7 5 30 3 0 2 7 5 31 3 0 2 7 1 2 3 0 2 7 0 2 7 1 2 7 1 2 7 1 2 7 1 2 7 1 2 7 0 2 7 17 18 2 0 2 7 0 2 7 1 2 7 0 2 7 0 2 7 1 2 7 1 2 7 17 18 2 0 2 7 0 2 7 5 31 3 17 9 2 0 2 7 0 2 7 0 2 7 0 2 7 17 9 2 1 2 7 0 2 4 1 2 7 5 31 3 1 2 7 1 2 7 1 2 7 1 2 7 0 2 7 17 9 2 13 6 3 0 2 4 0 2 7 1 2 7 0 2 7 0 2 7 1 2 7 1 2 7 12 16 2 1 2 3 1 2 7 0 2 7 0 2 4 0 2 7 0 2 7 16 6 2 17 18 2 0 59.9600826501846313
5 30 3 1 2 7 0 2 7 0 2 7 0 2 7 0 2 7 0 2 7 0 2 10 1 2 7 1 2 7 0 2 7 0 2 7 0 2 7 1 2 4 17 9 2 6 2 7 12 16 2 16 6 2 5 31 3 0 2 3 0 2 7 0 2 7 0 2 7 0 2 7 0 2 7 1 2 3 0 2 7 0 2 3 0 2 7 1 2 7 17 18 2 0 2 7 6 2 4 6 2 7 0 2 7 5 30 3 5 31 3 0 2 7 0 2 7 6 2 7 1 2 7 0 2 3 5 30 3 0 2 3 6 2 7 5 31 3 1 2 7 0 2 7 1 2 7 0 2 7 0 2 7 16 15 2 16 6 2 8 9 2 5 31 3 16 6 2 0 2 3 17 18 2 0 2 7 5 30 3 0 61.9107126593589783
13 6 3 0 2 7 5 30 3 0 2 7 5 31 3 0 2 7 1 2 3 0 2 7 0 2 7 1 2 7 1 2 7 1 2 7 1 2 7 1 2 7 0 2 7 17 18 2 0 2 7 0 2 7 1 2 7 0 2 7 0 2 7 1 2 7 1 2 7 17 18 2 0 2 7 0 2 7 5 31 3 17 9 2 0 2 7 0 2 7 0 2 7 0 2 7 17 9 2 1 2 7 0 2 4 1 2 7 5 31 3 1 2 7 1 2 7 1 2 7 1 2 7 0 2 7 17 9 2 13 6 3 0 2 4 0 2 7 1 2 7 0 2 7 0 2 7 1 2 7 1 2 7 12 16 2 1 2 3 1 2 7 0 2 7 0 2 4 0 2 7 0 2 7 16 6 2 17 18 2 0 59.9600826501846313
13 6 3 0 2 7 5 30 3 0 2 7 5 31 3 0 2 7 1 2 3 0 2 7 0 2 7 1 2 7 1 2 7 1 2 7 1 2 7 1 2 7 0 2 7 17 18 2 0 2 7 0 2 7 1 2 7 0 2 7 0 2 7 1 2 7 1 2 7 17 18 2 0 2 7 0 2 7 5 31 3 17 9 2 0 2 7 0 2 7 0 2 7 0 2 7 17 9 2 1 2 7 0 2 4 1 2 7 5 31 3 1 2 7 1 2 7 1 2 7 1 2 7 0 2 7 17 9 2 13 6 3 0 2 4 0 2 7 1 2 7 0 2 7 0 2 7 1 2 7 1 2 7 12 16 2 1 2 3 1 2 7 0 2 7 0 2 4 0 2 7 0 2 7 16 6 2 17 18 2 0 59.9600826501846313
13 6 3 0 2 7 5 30 3 0 2 7 0 2 7 0 2 7 1 2 7 1 2 7 0 2 7 1 2 7 0 2 7 0 2 7 17 18 2 0 2 7 0 2 7 0 2 7 0 2 7 1 2 7 1 2 7 17 18 2 1 2 7 0 2 7 17 9 2 0 2 7 0 2 7 0 2 3 0 2 7 17 9 2 0 2 7 1 2 7 0 2 7 17 9 2 13 6 3 0 2 7 1 2 7 5 31 3 1 2 7 0 2 7 0 2 7 1 2 7 1 2 3 0 2 7 0 2 7 12 16 2 0 2 4 16 6 2 5 31 3 1 2 7 1 2 7 1 2 7 0 2 7 1 2 7 1 2 7 5 30 3 5 30 3 5 30 3 0 2 7 1 2 7 16 31 2 0 2 7 0 60.3538564443588257
13 6 3 5 30 3 13 6 3 0 2 7 6 2 8 5 31 3 0 2 8 0 2 8 8 18 2 0 2 8 1 2 7 1 2 7 5 30 3 0 2 8 6 2 8 0 2 7 16 19 12 0 2 7 6 2 8 5 30 3 0 2 8 0 2 7 1 2 7 0 2 8 17 18 2 5 30 3 8 18 2 16 15 2 17 9 2 0 2 7 16 19 12 0 2 7 8 9 2 0 2 12 1 2 7 8 9 2 1 2 7 6 2 8 1 2 7 1 2 7 1 2 7 16 19 12 0 2 7 17 9 2 0 2 4 8 18 2 13 6 3 0 2 7 0 2 7 1 2 7 8 18 2 8 18 2 1 2 3 1 2 7 0 2 12 0 2 12 0 2 7 5 30 3 16 6 2 8 9 2 0.0124262709167244599 62.498551607131958
13 6 3 0 2 7 5 30 3 0 2 7 5 31 3 0 2 7 1 2 3 0 2 7 0 2 7 1 2 7 1 2 7 1 2 7 1 2 7 1 2 7 0 2 7 17 18 2 0 2 7 0 2 7 1 2 7 0 2 7 0 2 7 1 2 7 1 2 7 17 18 2 0 2 7 0 2 7 5 31 3 17 9 2 0 2 7 0 2 7 0 2 7 0 2 7 17 9 2 1 2 7 0 2 4 1 2 7 5 31 3 1 2 7 1 2 7 1 2 7 1 2 7 0 2 7 17 9 2 13 6 3 0 2 4 0 2 7 1 2 7 0 2 7 0 2 7 1 2 7 1 2 7 12 16 2 1 2 3 1 2 7 0 2 7 0 2 4 0 2 7 0 2 7 16 6 2 17 18 2 0 59.9600826501846313
13 6 3 0 2 4 5 30 3 0 2 7 5 31 3 0 2 7 1 2 7 0 2 7 1 2 7 1 2 7 1 2 7 1 2 7 1 2 7 0 2 7 17 18 2 0 2 7 0 2 7 1 2 4 0 2 7 0 2 7 1 2 7 0 2 7 17 18 2 0 2 7 0 2 7 5 31 3 17 9 2 0 2 7 0 2 7 0 2 7 0 2 7 17 9 2 1 2 7 0 2 7 1 2 7 5 31 3 6 2 4 1 2 7 1 2 7 1 2 7 0 2 7 17 9 2 13 6 3 0 2 7 0 2 7 1 2 7 0 2 7 0 2 7 1 2 7 12 16 2 0 2 7 0 2 3 17 18 2 5 30 3 1 2 7 1 2 4 1 2 7 0 2 7 0 2 7 16 6 2 0 60.0775706171989441
13 6 3 0 2 7 5 30 3 0 2 7 5 31 3 0 2 7 1 2 3 0 2 7 0 2 7 1 2 7 1 2 7 1 2 7 1 2 7 1 2 7 0 2 7 17 18 2 0 2 7 0 2 7 1 2 7 0 2 7 0 2 7 1 2 7 1 2 7 17 18 2 0 2 7 0 2 7 5 31 3 17 9 2 0 2 7 0 2 7 0 2 7 0 2 7 17 9 2 1 2 7 0 2 4 1 2 7 5 31 3 1 2 7 1 2 7 1 2 7 1 2 7 0 2 7 17 9 2 13 6 3 0 2 4 0 2 7 1 2 7 0 2 7 0 2 7 1 2 7 1 2 7 12 16 2 1 2 3 1 2 7 0 2 7 0 2 4 0 2 7 0 2 7 16 6 2 17 18 2 0 59.9600826501846313
13 6 3 0 2 7 5 30 3 0 2 7 5 31 3 0 2 7 1 2 3 0 2 7 0 2 7 1 2 7 1 2 7 1 2 7 1 2 7 1 2 7 0 2 7 17 18 2 0 2 7 0 2 7 1 2 7 0 2 7 0 2 7 1 2 7 1 2 7 17 18 2 0 2 7 0 2 7 5 31 3 17 9 2 0 2 7 0 2 7 0 2 7 0 2 7 17 9 2 1 2 7 0 2 4 1 2 7 5 31 3 1 2 7 1 2 7 1 2 7 1 2 7 0 2 7 17 9 2 13 6 3 0 2 4 0 2 7 1 2 7 0 2 7 0 2 7 1 2 7 1 2 7 12 16 2 1 2 3 1 2 7 0 2 7 0 2 4 0 2 7 0 2 7 16 6 2 17 18 2 0 59.9600826501846313

Current Evaluation = 11700(11700)
Front Size = 10
13 6 3 0 2 7 5 30 3 0 2 7 5 31 3 0 2 7 1 2 7 0 2 7 0 2 7 1 2 7 1 2 7 1 2 7 1 2 7 1 2 7 0 2 7 17 18 2 0 2 7 0 2 7 1 2 7 0 2 7 1 2 7 1 2 7 17 18 2 0 2 7 0 2 7 5 31 3 17 9 2 0 2 7 0 2 7 0 2 7 0 2 7 17 9 2 1 2 7 0 2 4 1 2 7 5 31 3 1 2 7 1 2 7 1 2 7 1 2 7 0 2 7 17 9 2 13 6 3 0 2 7 0 2 7 1 2 7 0 2 7 1 2 7 12 16 2 0 2 7 0 2 7 0 2 7 16 6 2 17 18 2 0 2 7 0 2 3 1 2 4 1 2 7 1 2 3 0 2 4 0 59.9600826501846313
13 6 3 0 2 7 5 30 3 0 2 7 0 2 7 0 2 7 1 2 7 1 2 7 0 2 7 1 2 7 0 2 7 0 2 7 17 18 2 0 2 7 0 2 7 0 2 7 0 2 7 1 2 7 1 2 7 17 18 2 1 2 7 0 2 7 17 9 2 0 2 7 0 2 7 0 2 7 17 9 2 0 2 7 1 2 7 0 2 7 17 9 2 13 6 3 0 2 7 1 2 7 5 31 3 1 2 7 0 2 7 0 2 7 1 2 7 1 2 3 0 2 7 0 2 7 12 16 2 0 2 4 16 6 2 5 31 3 1 2 7 1 2 7 1 2 7 0 2 7 1 2 7 1 2 7 0 2 7 1 2 7 0 2 7 0 2 3 5 30 3 5 30 3 5 30 3 16 31 2 0 60.3538564443588257
13 6 3 0 2 7 5 30 3 0 2 7 5 31 3 0 2 7 0 2 7 0 2 7 0 2 7 1 2 7 1 2 7 1 2 7 1 2 3 0 2 7 17 18 2 0 2 7 0 2 7 1 2 7 0 2 7 0 2 7 0 2 4 1 2 7 17 18 2 0 2 7 0 2 7 5 31 3 17 9 2 0 2 7 0 2 7 0 2 7 0 2 7 17 9 2 1 2 7 0 2 7 1 2 7 5 31 3 1 2 7 1 2 7 1 2 7 1 2 7 0 2 7 17 9 2 13 6 3 0 2 7 1 2 7 0 2 7 0 2 7 1 2 7 12 16 2 0 2 7 16 6 2 17 18 2 1 2 4 1 2 7 1 2 7 1 2 7 0 2 7 0 2 4 1 2 3 1 2 7 0 59.9600826501846313
13 6 3 5 30 3 13 6 3 0 2 7 6 2 8 5 31 3 0 2 8 0 2 8 8 18 2 0 2 8 1 2 7 1 2 7 5 30 3 0 2 8 6 2 8 0 2 7 16 19 12 0 2 7 6 2 8 5 30 3 0 2 8 0 2 7 1 2 7 0 2 8 17 18 2 5 30 3 8 18 2 16 15 2 17 9 2 0 2 7 16 19 12 0 2 7 8 9 2 0 2 12 1 2 7 8 9 2 1 2 7 6 2 8 1 2 7 1 2 7 1 2 7 16 19 12 0 2 7 17 9 2 0 2 4 8 18 2 13 6 3 0 2 7 0 2 7 1 2 7 8 18 2 8 18 2 1 2 3 1 2 7 0 2 12 0 2 12 0 2 7 5 30 3 16 6 2 8 9 2 0.0124262709167244599 62.498551607131958
13 6 3 0 2 7 5 30 3 0 2 7 5 31 3 0 2 7 1 2 7 0 2 7 0 2 7 0 2 7 1 2 7 1 2 7 1 2 7 1 2 7 0 2 7 17 18 2 0 2 7 0 2 7 1 2 7 0 2 7 1 2 7 1 2 7 17 18 2 0 2 7 0 2 7 5 31 3 17 9 2 0 2 7 0 2 7 0 2 7 17 9 2 1 2 7 0 2 7 1 2 7 5 31 3 1 2 7 1 2 7 0 2 7 1 2 7 0 2 7 17 9 2 13 6 3 0 2 7 1 2 7 0 2 7 1 2 7 12 16 2 0 2 7 0 2 7 0 2 7 16 6 2 17 18 2 0 2 7 1 2 7 1 2 4 1 2 4 0 2 3 0 2 3 1 2 7 1 2 4 0 59.9600826501846313
5 30 3 1 2 7 0 2 7 0 2 7 0 2 7 0 2 7 0 2 7 0 2 10 1 2 7 1 2 7 0 2 7 0 2 7 0 2 7 1 2 4 17 9 2 6 2 7 12 16 2 16 6 2 5 31 3 0 2 3 0 2 7 0 2 7 0 2 7 0 2 7 0 2 7 1 2 3 0 2 7 0 2 3 0 2 7 1 2 7 17 18 2 0 2 7 6 2 4 6 2 7 0 2 7 5 30 3 5 31 3 0 2 7 0 2 7 6 2 7 1 2 7 0 2 3 5 30 3 0 2 3 6 2 7 5 31 3 1 2 7 0 2 7 1 2 7 0 2 7 0 2 7 16 15 2 16 6 2 8 9 2 5 31 3 16 6 2 0 2 3 17 18 2 0 2 7 5 30 3 0 61.9107126593589783
13 6 3 0 2 7 5 30 3 0 2 7 5 31 3 0 2 3 0 2 7 0 2 7 0 2 7 1 2 7 1 2 7 1 2 7 0 2 7 17 18 2 0 2 7 0 2 7 1 2 7 0 2 7 0 2 7 1 2 7 17 18 2 0 2 7 0 2 7 5 31 3 17 9 2 0 2 7 0 2 7 0 2 7 0 2 7 17 9 2 1 2 7 0 2 7 1 2 7 5 31 3 1 2 7 1 2 7 1 2 7 1 2 7 0 2 7 17 9 2 13 6 3 0 2 7 1 2 7 0 2 7 0 2 7 1 2 7 12 16 2 0 2 3 16 6 2 17 18 2 1 2 4 1 2 7 1 2 7 0 2 7 1 2 7 0 2 4 0 2 7 1 2 4 1 2 7 1 2 7 0 59.9600826501846313
13 6 3 0 2 7 5 30 3 0 2 7 5 31 3 0 2 7 1 2 7 0 2 7 0 2 7 0 2 7 1 2 7 1 2 7 1 2 7 1 2 7 0 2 7 17 18 2 0 2 7 0 2 7 1 2 7 0 2 7 1 2 7 1 2 7 17 18 2 0 2 7 0 2 7 5 31 3 17 9 2 0 2 7 0 2 7 0 2 7 17 9 2 1 2 7 0 2 7 1 2 7 5 31 3 1 2 7 1 2 7 0 2 7 1 2 7 0 2 7 17 9 2 13 6 3 0 2 7 1 2 7 0 2 7 1 2 7 12 16 2 0 2 7 0 2 7 0 2 7 16 6 2 17 18 2 0 2 7 1 2 7 1 2 4 1 2 4 0 2 3 0 2 3 1 2 7 1 2 4 0 59.9600826501846313
13 6 3 0 2 7 5 30 3 0 2 7 5 31 3 0 2 7 1 2 7 0 2 7 0 2 7 1 2 7 1 2 7 1 2 7 1 2 7 1 2 7 0 2 7 17 18 2 0 2 7 0 2 7 1 2 7 0 2 7 1 2 7 1 2 7 17 18 2 0 2 7 0 2 7 5 31 3 17 9 2 0 2 7 0 2 7 0 2 7 0 2 7 17 9 2 1 2 7 0 2 4 1 2 7 5 31 3 1 2 7 1 2 7 1 2 7 1 2 7 0 2 7 17 9 2 13 6 3 0 2 7 0 2 7 1 2 7 0 2 7 1 2 7 12 16 2 0 2 7 0 2 7 0 2 7 16 6 2 17 18 2 0 2 7 1 2 3 0 2 3 1 2 4 1 2 7 0 2 4 0 59.9600826501846313
13 6 3 0 2 7 5 30 3 0 2 7 5 31 3 0 2 7 1 2 7 0 2 7 0 2 7 1 2 7 1 2 7 1 2 7 1 2 7 1 2 7 0 2 7 17 18 2 0 2 7 0 2 7 1 2 7 0 2 7 1 2 7 1 2 7 17 18 2 0 2 7 0 2 7 5 31 3 17 9 2 0 2 7 0 2 7 0 2 7 0 2 7 17 9 2 1 2 7 0 2 4 1 2 7 5 31 3 1 2 7 1 2 7 1 2 7 1 2 7 0 2 7 17 9 2 13 6 3 0 2 7 0 2 7 1 2 7 0 2 7 1 2 7 12 16 2 0 2 7 0 2 7 0 2 7 16 6 2 17 18 2 0 2 7 0 2 3 1 2 4 1 2 7 0 2 3 1 2 4 0 59.9600826501846313

Current Evaluation = 12600(12600)
Front Size = 10
13 6 3 0 2 7 5 30 3 0 2 7 5 31 3 0 2 7 0 2 7 0 2 3 1 2 7 1 2 7 1 2 7 1 2 7 0 2 7 0 2 3 17 18 2 0 2 7 0 2 7 1 2 7 0 2 7 1 2 7 1 2 7 17 18 2 0 2 7 0 2 7 5 31 3 17 9 2 0 2 7 0 2 7 0 2 7 0 2 7 17 9 2 1 2 7 1 2 7 5 31 3 1 2 4 1 2 7 1 2 7 1 2 7 0 2 7 17 9 2 13 6 3 0 2 7 0 2 7 1 2 7 0 2 7 1 2 7 12 16 2 0 2 7 0 2 7 0 2 7 16 6 2 17 18 2 0 2 7 1 2 7 1 2 7 1 2 7 1 2 7 0 2 4 1 2 7 0 2 4 0 59.9600826501846313
13 6 3 0 2 7 5 30 3 5 31 3 0 2 7 0 2 7 0 2 7 0 2 7 1 2 7 1 2 7 1 2 7 0 2 7 0 2 7 17 18 2 0 2 7 0 2 7 1 2 7 0 2 7 1 2 7 17 18 2 0 2 7 0 2 7 5 31 3 17 9 2 0 2 7 0 2 7 0 2 7 0 2 7 17 9 2 1 2 7 5 31 3 1 2 4 1 2 7 1 2 7 1 2 7 0 2 7 17 9 2 13 6 3 0 2 7 0 2 7 1 2 7 0 2 7 1 2 7 12 16 2 0 2 7 0 2 7 0 2 7 16 6 2 17 18 2 1 2 7 1 2 7 1 2 7 1 2 7 1 2 7 1 2 7 0 2 7 0 2 4 0 2 3 1 2 3 1 2 4 0 59.9600826501846313
13 6 3 0 2 3 5 31 3 0 2 7 5 31 3 0 2 7 1 2 7 0 2 7 0 2 7 0 2 7 1 2 7 1 2 7 1 2 7 1 2 7 0 2 7 17 18 2 0 2 7 0 2 7 1 2 7 0 2 7 1 2 7 1 2 7 17 18 2 0 2 7 0 2 7 5 30 3 17 9 2 0 2 7 0 2 7 0 2 7 0 2 7 17 9 2 1 2 4 0 2 7 1 2 7 5 31 3 1 2 7 1 2 4 1 2 7 1 2 7 0 2 3 17 9 2 13 6 3 0 2 7 0 2 7 1 2 7 1 2 7 1 2 7 12 16 2 0 2 7 1 2 7 0 2 7 16 6 2 17 18 2 0 2 7 0 2 7 0 2 7 0 2 7 1 2 7 1 2 4 0 59.9600826501846313
13 6 3 5 30 3 13 6 3 0 2 7 5 31 3 1 2 7 1 2 7 0 2 7 0 2 7 0 2 7 1 2 7 17 18 2 17 9 2 0 2 7 0 2 7 1 2 7 1 2 7 1 2 7 1 2 7 1 2 7 0 2 7 17 9 2 0 2 4 0 2 7 0 2 7 1 2 7 1 2 3 1 2 7 0 2 7 16 6 2 1 2 7 0 2 8 0 2 8 8 18 2 0 2 8 17 18 2 0 2 7 6 2 8 16 19 12 1 2 7 5 30 3 0 2 7 0 2 8 5 30 3 17 18 2 16 15 2 0 2 7 8 9 2 12 16 2 0 2 7 6 2 8 0 2 7 8 18 2 13 6 3 8 18 2 0 2 7 0 2 12 0 2 12 5 30 3 8 9 2 0.0089858644698931605 61.2626430988311768
13 6 3 0 2 7 5 30 3 0 2 7 0 2 7 0 2 7 1 2 7 1 2 7 0 2 7 1 2 7 0 2 7 0 2 7 17 18 2 0 2 7 0 2 7 0 2 7 0 2 7 1 2 7 1 2 7 17 18 2 1 2 7 0 2 7 17 9 2 0 2 7 0 2 7 0 2 7 17 9 2 0 2 7 1 2 7 0 2 7 17 9 2 13 6 3 0 2 7 1 2 7 5 31 3 1 2 7 0 2 7 0 2 7 1 2 7 1 2 3 0 2 7 0 2 7 12 16 2 0 2 4 16 6 2 5 31 3 1 2 7 1 2 7 1 2 7 0 2 7 1 2 7 1 2 7 0 2 7 1 2 7 0 2 7 0 2 3 5 30 3 5 30 3 5 30 3 16 31 2 0 60.3538564443588257
13 6 3 0 2 7 5 30 3 0 2 7 5 31 3 0 2 7 0 2 7 0 2 3 1 2 7 1 2 7 1 2 7 1 2 7 0 2 7 0 2 3 17 18 2 0 2 7 0 2 7 1 2 7 0 2 7 1 2 7 1 2 7 17 18 2 0 2 7 0 2 7 5 31 3 17 9 2 0 2 7 0 2 7 0 2 7 0 2 7 17 9 2 1 2 7 1 2 7 5 31 3 1 2 4 1 2 7 1 2 7 1 2 7 0 2 7 17 9 2 13 6 3 0 2 7 0 2 7 1 2 7 0 2 7 1 2 7 12 16 2 0 2 7 0 2 7 0 2 7 16 6 2 17 18 2 0 2 7 1 2 7 1 2 7 1 2 7 1 2 7 0 2 4 1 2 4 0 2 7 0 59.9600826501846313
13 6 3 0 2 7 5 30 3 0 2 4 5 31 3 0 2 7 0 2 7 0 2 7 0 2 7 1 2 7 1 2 7 1 2 7 0 2 7 0 2 7 17 18 2 0 2 7 0 2 7 1 2 7 0 2 7 1 2 7 17 18 2 0 2 7 0 2 7 5 31 3 17 9 2 0 2 7 0 2 7 0 2 7 0 2 7 17 9 2 1 2 7 5 31 3 1 2 4 1 2 7 1 2 7 1 2 7 0 2 7 17 9 2 13 6 3 0 2 7 0 2 7 1 2 7 0 2 7 1 2 7 12 16 2 0 2 7 0 2 7 0 2 7 16 6 2 17 18 2 1 2 7 1 2 7 1 2 7 1 2 7 1 2 7 1 2 7 1 2 3 1 2 3 0 2 7 0 2 4 0 59.9600826501846313
5 30 3 1 2 7 0 2 7 0 2 7 0 2 7 0 2 7 0 2 7 0 2 10 1 2 7 1 2 7 0 2 7 0 2 7 0 2 7 1 2 4 17 9 2 6 2 7 12 16 2 16 6 2 5 31 3 0 2 3 0 2 7 0 2 7 0 2 7 0 2 7 0 2 7 1 2 3 0 2 7 0 2 3 0 2 7 1 2 7 17 18 2 0 2 7 6 2 4 6 2 7 0 2 7 5 30 3 5 31 3 0 2 7 0 2 7 6 2 7 1 2 7 0 2 3 5 30 3 0 2 3 6 2 7 5 31 3 1 2 7 0 2 7 1 2 7 0 2 7 0 2 7 16 15 2 16 6 2 8 9 2 5 31 3 16 6 2 0 2 3 17 18 2 0 2 7 5 30 3 0 61.9107126593589783
13 6 3 0 2 7 5 30 3 5 31 3 0 2 7 0 2 7 0 2 7 0 2 7 1 2 7 1 2 7 1 2 7 0 2 7 0 2 7 17 18 2 0 2 7 0 2 7 1 2 7 0 2 7 1 2 7 17 18 2 0 2 7 0 2 7 5 31 3 17 9 2 0 2 7 0 2 7 0 2 7 0 2 7 17 9 2 1 2 7 5 31 3 1 2 4 1 2 7 1 2 7 1 2 7 0 2 7 17 9 2 13 6 3 0 2 7 0 2 7 1 2 7 0 2 7 1 2 7 12 16 2 0 2 7 0 2 7 0 2 7 16 6 2 17 18 2 1 2 7 1 2 7 1 2 7 1 2 7 1 2 7 1 2 7 0 2 7 0 2 4 0 2 3 1 2 3 1 2 4 0 59.9600826501846313
13 6 3 0 2 7 5 30 3 0 2 7 5 31 3 0 2 7 0 2 7 0 2 3 1 2 7 1 2 7 1 2 7 1 2 7 0 2 7 0 2 3 17 18 2 0 2 7 0 2 7 1 2 7 0 2 7 1 2 7 1 2 7 17 18 2 0 2 7 0 2 7 5 31 3 17 9 2 0 2 7 0 2 7 0 2 7 0 2 7 17 9 2 1 2 7 1 2 7 5 31 3 1 2 4 1 2 7 1 2 7 1 2 7 0 2 7 17 9 2 13 6 3 0 2 7 0 2 7 1 2 7 0 2 7 1 2 7 12 16 2 0 2 7 0 2 7 0 2 7 16 6 2 17 18 2 0 2 7 1 2 7 1 2 7 1 2 7 1 2 7 0 2 4 1 2 7 0 2 4 0 59.9600826501846313

Current Evaluation = 13500(13500)
Front Size = 10
13 6 3 0 2 3 5 31 3 0 2 7 5 31 3 0 2 7 1 2 7 0 2 7 0 2 7 0 2 7 1 2 7 1 2 7 1 2 7 1 2 7 0 2 7 17 18 2 0 2 7 0 2 7 1 2 7 0 2 7 1 2 7 1 2 7 17 18 2 0 2 7 5 30 3 17 9 2 0 2 7 0 2 7 0 2 7 0 2 7 17 9 2 0 2 4 1 2 7 5 31 3 1 2 7 1 2 7 1 2 7 17 9 2 13 6 3 0 2 7 0 2 7 1 2 7 1 2 7 1 2 7 12 16 2 0 2 7 1 2 7 0 2 7 16 6 2 17 18 2 0 2 7 1 2 7 0 2 7 1 2 4 0 2 7 0 2 7 1 2 7 0 2 7 0 2 4 1 2 3 0 59.9600826501846313
13 6 3 5 31 3 0 2 7 5 31 3 0 2 7 1 2 7 0 2 7 0 2 7 0 2 7 0 2 7 1 2 7 1 2 7 0 2 3 17 18 2 0 2 7 0 2 7 1 2 7 0 2 7 1 2 7 0 2 7 17 18 2 0 2 7 0 2 7 5 30 3 17 9 2 0 2 7 0 2 7 0 2 7 0 2 7 17 9 2 0 2 7 1 2 4 5 31 3 1 2 7 1 2 7 1 2 7 17 9 2 13 6 3 0 2 7 0 2 7 1 2 7 1 2 7 1 2 7 12 16 2 0 2 7 1 2 7 0 2 7 16 6 2 17 18 2 0 2 7 1 2 7 1 2 7 0 2 4 1 2 7 1 2 7 1 2 3 0 2 7 1 2 7 1 2 7 0 2 4 0 59.9600826501846313
5 30 3 1 2 7 0 2 7 0 2 7 0 2 7 0 2 7 0 2 7 0 2 10 1 2 7 1 2 7 0 2 7 0 2 7 0 2 7 1 2 4 17 9 2 6 2 7 12 16 2 16 6 2 5 31 3 0 2 3 0 2 7 0 2 7 0 2 7 0 2 7 0 2 7 1 2 3 0 2 7 0 2 3 0 2 7 1 2 7 17 18 2 0 2 7 6 2 4 6 2 7 0 2 7 5 30 3 5 31 3 0 2 7 0 2 7 6 2 7 1 2 7 0 2 3 5 30 3 0 2 3 6 2 7 5 31 3 1 2 7 0 2 7 1 2 7 0 2 7 0 2 7 16 15 2 16 6 2 8 9 2 5 31 3 16 6 2 0 2 3 17 18 2 0 2 7 5 30 3 0 61.9107126593589783
13 6 3 0 2 7 5 31 3 0 2 7 5 31 3 0 2 3 1 2 7 0 2 7 0 2 7 0 2 7 1 2 7 1 2 7 1 2 7 0 2 7 17 18 2 0 2 7 0 2 4 1 2 7 0 2 7 1 2 7 1 2 7 17 18 2 0 2 7 0 2 7 5 30 3 17 9 2 0 2 7 0 2 7 0 2 7 0 2 7 17 9 2 1 2 4 0 2 7 1 2 7 5 31 3 1 2 7 0 2 7 1 2 7 17 9 2 13 6 3 0 2 7 0 2 7 1 2 7 1 2 7 1 2 7 12 16 2 0 2 7 1 2 7 0 2 7 16 6 2 17 18 2 0 2 7 0 2 7 1 2 7 1 2 7 1 2 7 0 2 7 1 2 7 0 2 3 1 2 4 0 59.9600826501846313
13 6 3 0 2 7 5 31 3 0 2 7 5 31 3 0 2 3 1 2 7 0 2 7 0 2 7 0 2 7 1 2 7 1 2 7 1 2 7 0 2 7 17 18 2 0 2 7 0 2 4 1 2 7 0 2 7 1 2 7 1 2 7 17 18 2 0 2 7 0 2 7 5 30 3 17 9 2 0 2 7 0 2 7 0 2 7 0 2 7 17 9 2 1 2 4 0 2 7 1 2 7 5 31 3 1 2 7 0 2 7 1 2 7 17 9 2 13 6 3 0 2 7 0 2 7 1 2 7 1 2 7 1 2 7 12 16 2 0 2 7 1 2 7 0 2 7 16 6 2 17 18 2 0 2 7 0 2 7 1 2 7 1 2 7 1 2 7 0 2 7 1 2 7 0 2 4 1 2 3 0 59.9600826501846313
13 6 3 5 30 3 13 6 3 0 2 7 5 31 3 1 2 7 1 2 7 0 2 7 0 2 7 0 2 7 1 2 7 17 18 2 17 9 2 0 2 7 0 2 7 1 2 7 1 2 7 1 2 7 1 2 7 1 2 7 0 2 7 17 9 2 0 2 4 0 2 7 0 2 7 1 2 7 1 2 3 1 2 7 0 2 7 16 6 2 1 2 7 0 2 8 0 2 8 8 18 2 0 2 8 17 18 2 0 2 7 6 2 8 16 19 12 1 2 7 5 30 3 0 2 7 0 2 8 5 30 3 17 18 2 16 15 2 0 2 7 8 9 2 12 16 2 0 2 7 6 2 8 0 2 7 8 18 2 13 6 3 8 18 2 0 2 7 0 2 12 0 2 12 5 30 3 8 9 2 0.0089858644698931605 61.2626430988311768
13 6 3 0 2 3 5 31 3 0 2 7 5 31 3 0 2 7 1 2 7 0 2 7 0 2 7 0 2 7 1 2 7 1 2 7 1 2 7 1 2 7 0 2 7 17 18 2 0 2 7 0 2 7 1 2 7 0 2 7 1 2 7 1 2 7 17 18 2 0 2 3 0 2 7 5 30 3 17 9 2 0 2 7 0 2 7 0 2 7 0 2 7 17 9 2 0 2 4 1 2 7 5 31 3 1 2 7 1 2 7 1 2 7 17 9 2 13 6 3 0 2 7 0 2 7 1 2 7 1 2 7 1 2 7 12 16 2 0 2 7 1 2 7 0 2 7 16 6 2 17 18 2 0 2 7 1 2 7 0 2 7 1 2 4 0 2 7 0 2 7 1 2 7 0 2 7 1 2 4 0 59.9600826501846313
13 6 3 0 2 3 5 31 3 0 2 7 5 31 3 0 2 7 1 2 7 0 2 7 0 2 7 0 2 7 1 2 7 1 2 7 1 2 7 1 2 7 0 2 7 17 18 2 0 2 7 0 2 7 1 2 7 0 2 7 1 2 7 1 2 7 17 18 2 0 2 7 0 2 7 5 30 3 17 9 2 0 2 7 0 2 7 0 2 7 0 2 7 17 9 2 0 2 4 1 2 7 5 31 3 1 2 7 1 2 7 1 2 7 0 2 3 17 9 2 13 6 3 0 2 7 0 2 7 1 2 7 1 2 7 1 2 7 12 16 2 0 2 7 1 2 7 0 2 7 16 6 2 17 18 2 0 2 7 1 2 7 0 2 4 1 2 7 1 2 7 0 2 4 1 2 7 0 2 7 0 59.9600826501846313
13 6 3 0 2 7 5 30 3 0 2 7 0 2 7 0 2 7 1 2 7 1 2 7 0 2 7 1 2 7 0 2 7 0 2 7 17 18 2 0 2 7 0 2 7 0 2 7 0 2 7 1 2 7 1 2 7 17 18 2 1 2 7 0 2 7 17 9 2 0 2 7 0 2 7 0 2 7 17 9 2 0 2 7 1 2 7 0 2 7 17 9 2 13 6 3 0 2 7 1 2 7 5 31 3 1 2 7 0 2 7 0 2 7 1 2 7 1 2 3 0 2 7 0 2 7 12 16 2 0 2 4 16 6 2 5 31 3 1 2 7 1 2 7 1 2 7 0 2 7 1 2 7 1 2 7 0 2 7 1 2 7 0 2 7 0 2 3 5 30 3 5 30 3 5 30 3 16 31 2 0 60.3538564443588257
13 6 3 0 2 3 5 31 3 0 2 7 5 31 3 0 2 7 1 2 7 0 2 7 0 2 7 0 2 7 1 2 7 1 2 7 1 2 7 1 2 7 0 2 7 17 18 2 0 2 7 0 2 7 1 2 7 0 2 7 1 2 7 1 2 7 17 18 2 0 2 7 5 30 3 17 9 2 0 2 7 0 2 7 0 2 7 0 2 7 17 9 2 0 2 4 1 2 7 5 31 3 1 2 7 1 2 7 1 2 7 17 9 2 13 6 3 0 2 7 0 2 7 1 2 7 1 2 7 1 2 7 12 16 2 0 2 7 1 2 7 0 2 7 16 6 2 17 18 2 0 2 7 1 2 7 0 2 7 1 2 4 0 2 7 0 2 7 1 2 7 0 2 7 0 2 3 1 2 4 0 59.9600826501846313

Current Evaluation = 14400(14400)
Front Size = 10
13 6 3 0 2 7 5 31 3 0 2 7 5 31 3 0 2 7 1 2 7 0 2 7 0 2 7 0 2 7 1 2 7 1 2 7 0 2 7 0 2 3 17 18 2 0 2 7 1 2 7 0 2 7 1 2 7 17 18 2 0 2 7 0 2 7 5 30 3 17 9 2 0 2 7 0 2 7 0 2 7 0 2 7 17 9 2 1 2 7 5 31 3 1 2 7 0 2 7 1 2 7 17 9 2 13 6 3 0 2 4 0 2 7 1 2 7 1 2 7 1 2 7 12 16 2 1 2 7 0 2 7 16 6 2 17 18 2 1 2 7 1 2 7 1 2 7 1 2 7 0 2 7 0 2 7 0 2 4 1 2 7 1 2 4 0 2 7 0 2 3 0 2 7 1 2 7 1 2 7 0 59.9600826501846313
13 6 3 5 30 3 13 6 3 0 2 7 5 31 3 1 2 7 1 2 7 0 2 7 0 2 7 0 2 7 1 2 7 17 18 2 17 9 2 0 2 7 0 2 7 1 2 7 1 2 7 1 2 7 1 2 7 1 2 7 0 2 7 17 9 2 0 2 4 0 2 7 0 2 7 1 2 7 1 2 3 1 2 7 0 2 7 16 6 2 1 2 7 0 2 8 0 2 8 8 18 2 0 2 8 17 18 2 0 2 7 6 2 8 16 19 12 1 2 7 5 30 3 0 2 7 0 2 8 5 30 3 17 18 2 16 15 2 0 2 7 8 9 2 12 16 2 0 2 7 6 2 8 0 2 7 8 18 2 13 6 3 8 18 2 0 2 7 0 2 12 0 2 12 5 30 3 8 9 2 0.0089858644698931605 61.2626430988311768
13 6 3 0 2 7 5 31 3 0 2 7 5 31 3 0 2 7 1 2 7 0 2 7 0 2 7 0 2 7 1 2 7 1 2 7 1 2 7 0 2 7 17 18 2 0 2 7 0 2 7 1 2 7 0 2 7 1 2 7 17 18 2 0 2 7 0 2 7 5 30 3 17 9 2 0 2 7 0 2 7 0 2 7 0 2 7 17 9 2 0 2 7 1 2 3 5 31 3 1 2 7 0 2 7 1 2 7 17 9 2 13 6 3 0 2 7 0 2 7 1 2 7 1 2 7 1 2 7 12 16 2 0 2 7 1 2 7 0 2 7 16 6 2 17 18 2 1 2 7 1 2 7 1 2 7 1 2 7 0 2 7 1 2 7 0 2 4 1 2 3 0 2 7 0 2 4 1 2 4 0 59.9600826501846313
13 6 3 0 2 7 5 31 3 0 2 7 5 31 3 0 2 7 1 2 7 0 2 7 0 2 7 0 2 7 1 2 7 1 2 7 0 2 7 0 2 7 17 18 2 0 2 7 1 2 7 0 2 7 1 2 7 17 18 2 0 2 7 0 2 7 5 30 3 17 9 2 0 2 7 0 2 7 0 2 7 0 2 7 17 9 2 0 2 3 1 2 7 5 31 3 1 2 7 0 2 7 1 2 7 17 9 2 13 6 3 0 2 4 0 2 7 1 2 7 1 2 7 1 2 7 12 16 2 1 2 7 0 2 7 16 6 2 17 18 2 1 2 7 1 2 7 1 2 7 1 2 7 0 2 7 0 2 7 0 2 4 1 2 7 1 2 4 0 2 3 1 2 7 0 2 7 1 2 7 0 59.9600826501846313
13 6 3 0 2 7 5 31 3 0 2 7 5 31 3 0 2 7 1 2 3 0 2 7 0 2 7 0 2 7 1 2 7 1 2 7 1 2 7 0 2 7 17 18 2 1 2 4 1 2 7 1 2 7 17 18 2 0 2 7 0 2 7 5 30 3 17 9 2 0 2 7 0 2 7 0 2 7 0 2 7 17 9 2 1 2 7 5 31 3 1 2 7 0 2 7 1 2 7 17 9 2 13 6 3 0 2 7 0 2 7 1 2 7 0 2 7 0 2 7 12 16 2 0 2 7 0 2 7 16 6 2 17 18 2 1 2 7 1 2 7 1 2 7 1 2 7 1 2 7 0 2 4 0 2 7 0 2 7 1 2 7 1 2 7 0 2 3 1 2 7 0 2 7 0 2 7 1 2 4 0 59.9600826501846313
13 6 3 0 2 7 5 31 3 0 2 7 5 31 3 1 2 7 1 2 7 0 2 7 0 2 7 0 2 7 1 2 3 1 2 7 1 2 7 0 2 7 17 18 2 1 2 3 1 2 7 1 2 7 17 18 2 0 2 7 0 2 7 5 30 3 17 9 2 0 2 7 0 2 7 0 2 7 0 2 7 17 9 2 1 2 7 5 31 3 1 2 7 0 2 7 1 2 7 17 9 2 13 6 3 0 2 7 0 2 7 1 2 7 0 2 7 0 2 7 12 16 2 0 2 4 0 2 7 16 6 2 17 18 2 1 2 7 1 2 4 1 2 7 1 2 7 1 2 7 0 2 7 0 2 4 0 2 7 1 2 7 1 2 7 0 2 7 1 2 7 0 2 7 0 2 7 0 2 7 0 59.9600826501846313
13 6 3 0 2 7 5 31 3 0 2 7 5 31 3 0 2 7 1 2 7 0 2 7 0 2 7 0 2 7 1 2 7 1 2 7 1 2 7 0 2 7 17 18 2 1 2 4 1 2 7 1 2 7 17 18 2 0 2 7 0 2 7 5 30 3 17 9 2 0 2 7 0 2 7 0 2 7 0 2 7 17 9 2 1 2 7 5 31 3 1 2 7 0 2 7 1 2 7 17 9 2 13 6 3 0 2 7 0 2 7 1 2 7 0 2 7 0 2 7 12 16 2 0 2 7 1 2 3 0 2 7 16 6 2 17 18 2 1 2 7 1 2 7 1 2 7 1 2 7 1 2 7 0 2 4 0 2 7 0 2 7 0 2 7 1 2 7 0 2 7 0 2 7 1 2 3 1 2 4 0 59.9600826501846313
13 6 3 0 2 7 5 30 3 0 2 7 0 2 7 0 2 7 1 2 7 1 2 7 0 2 7 1 2 7 0 2 7 0 2 7 17 18 2 0 2 7 0 2 7 0 2 7 0 2 7 1 2 7 1 2 7 17 18 2 1 2 7 0 2 7 17 9 2 0 2 7 0 2 7 0 2 7 17 9 2 0 2 7 1 2 7 0 2 7 17 9 2 13 6 3 0 2 7 1 2 7 5 31 3 1 2 7 0 2 7 0 2 7 1 2 7 1 2 3 0 2 7 0 2 7 12 16 2 0 2 4 16 6 2 5 31 3 1 2 7 1 2 7 1 2 7 0 2 7 1 2 7 1 2 7 0 2 7 1 2 7 0 2 7 0 2 3 5 30 3 5 30 3 5 30 3 16 31 2 0 60.3538564443588257
5 30 3 1 2 7 1 2 7 0 2 7 0 2 3 6 2 7 0 2 3 0 2 7 1 2 7 0 2 7 0 2 3 0 2 7 1 2 7 8 9 2 12 16 2 16 6 2 5 30 3 0 2 7 0 2 7 0 2 7 0 2 7 1 2 7 1 2 3 0 2 7 1 2 7 1 2 7 17 18 2 0 2 7 0 2 3 5 31 3 15 2 1 0 2 7 1 2 7 5 30 3 0 2 7 0 2 7 0 2 7 1 2 7 0 2 7 8 18 2 0 2 7 0 2 3 0 2 7 0 2 7 0 2 3 1 2 7 0 2 3 5 30 3 17 9 2 17 9 2 1 2 7 0 2 7 0 2 7 16 6 2 16 15 2 1 2 7 5 31 3 16 6 2 0 2 7 0 2 7 0 61.8385946154594421
13 6 3 0 2 7 5 31 3 0 2 7 5 31 3 0 2 7 1 2 7 0 2 7 0 2 7 0 2 7 1 2 7 1 2 7 0 2 7 0 2 7 17 18 2 0 2 7 1 2 7 0 2 7 1 2 7 17 18 2 0 2 7 0 2 7 5 30 3 17 9 2 0 2 7 0 2 7 0 2 7 0 2 7 17 9 2 1 2 7 5 31 3 1 2 7 0 2 7 1 2 7 17 9 2 13 6 3 0 2 4 0 2 7 1 2 7 1 2 7 1 2 7 12 16 2 1 2 7 0 2 7 16 6 2 17 18 2 1 2 7 1 2 7 1 2 7 1 2 7 0 2 7 0 2 7 0 2 4 1 2 7 1 2 4 0 2 7 0 2 7 0 2 3 1 2 3 1 2 7 0 59.9600826501846313

Current Evaluation = 15300(15300)
Front Size = 10
13 6 3 0 2 7 5 31 3 0 2 7 5 31 3 0 2 7 1 2 7 0 2 7 0 2 7 0 2 7 1 2 7 1 2 7 1 2 7 0 2 7 17 18 2 1 2 7 1 2 7 1 2 7 17 18 2 0 2 7 0 2 7 5 30 3 17 9 2 0 2 7 0 2 7 0 2 7 0 2 7 17 9 2 1 2 7 5 31 3 1 2 7 0 2 7 1 2 7 17 9 2 13 6 3 0 2 7 0 2 7 1 2 7 0 2 7 0 2 7 12 16 2 0 2 7 0 2 7 16 6 2 17 18 2 1 2 7 1 2 7 1 2 7 1 2 7 1 2 7 0 2 4 0 2 7 0 2 7 1 2 7 0 2 4 1 2 4 0 2 3 1 2 7 1 2 7 0 2 3 0 59.9600826501846313
5 30 3 1 2 7 1 2 7 0 2 7 0 2 3 6 2 7 0 2 3 0 2 7 1 2 7 0 2 7 0 2 3 0 2 7 1 2 7 8 9 2 12 16 2 16 6 2 5 30 3 0 2 7 0 2 7 0 2 7 0 2 7 1 2 7 1 2 3 0 2 7 1 2 7 1 2 7 17 18 2 0 2 7 0 2 3 5 31 3 15 2 1 0 2 7 1 2 7 5 30 3 0 2 7 0 2 7 0 2 7 1 2 7 0 2 7 8 18 2 0 2 7 0 2 3 0 2 7 0 2 7 0 2 3 1 2 7 0 2 3 5 30 3 17 9 2 17 9 2 1 2 7 0 2 7 0 2 7 16 6 2 16 15 2 1 2 7 5 31 3 16 6 2 0 2 7 0 2 7 0 61.8385946154594421
13 6 3 0 2 7 5 31 3 0 2 7 5 31 3 0 2 7 1 2 7 0 2 7 1 2 3 0 2 7 1 2 4 1 2 7 1 2 7 0 2 7 17 18 2 1 2 7 1 2 7 1 2 7 17 18 2 0 2 7 0 2 7 5 30 3 17 9 2 0 2 7 0 2 7 0 2 7 0 2 7 17 9 2 1 2 7 5 31 3 1 2 7 0 2 7 1 2 7 17 9 2 13 6 3 0 2 7 0 2 7 1 2 7 0 2 7 0 2 7 12 16 2 0 2 7 0 2 7 16 6 2 17 18 2 1 2 7 1 2 7 1 2 7 1 2 4 1 2 7 0 2 4 0 2 7 0 2 7 1 2 7 0 2 7 0 2 7 0 2 7 0 2 7 1 2 7 1 2 3 0 59.9600826501846313
13 6 3 0 2 7 5 31 3 0 2 7 5 31 3 0 2 7 1 2 7 0 2 7 1 2 3 0 2 7 1 2 4 1 2 7 1 2 7 0 2 7 17 18 2 1 2 7 1 2 7 1 2 7 17 18 2 0 2 7 0 2 7 5 30 3 17 9 2 0 2 7 0 2 7 0 2 7 0 2 7 17 9 2 1 2 7 5 31 3 1 2 7 0 2 7 1 2 7 17 9 2 13 6 3 0 2 7 0 2 7 1 2 7 0 2 7 0 2 7 12 16 2 0 2 7 0 2 7 16 6 2 17 18 2 1 2 7 1 2 7 1 2 7 1 2 7 0 2 4 0 2 7 0 2 7 1 2 7 0 2 7 0 2 7 0 2 7 1 2 7 1 2 3 1 2 7 0 2 4 0 59.9600826501846313
13 6 3 0 2 7 5 31 3 0 2 7 5 31 3 0 2 7 1 2 7 0 2 7 1 2 3 0 2 7 1 2 4 1 2 7 1 2 7 0 2 7 17 18 2 1 2 7 1 2 7 1 2 7 17 18 2 0 2 7 0 2 7 5 30 3 17 9 2 0 2 7 0 2 7 0 2 7 0 2 7 17 9 2 1 2 7 5 31 3 1 2 7 0 2 7 1 2 7 17 9 2 13 6 3 0 2 7 0 2 7 1 2 7 0 2 7 0 2 7 12 16 2 0 2 7 0 2 7 16 6 2 17 18 2 1 2 7 1 2 7 1 2 7 1 2 7 0 2 4 0 2 7 0 2 7 1 2 7 0 2 7 0 2 7 0 2 7 1 2 7 1 2 7 0 2 4 1 2 3 0 59.9600826501846313
13 6 3 0 2 7 5 31 3 0 2 7 5 31 3 0 2 7 1 2 7 0 2 7 0 2 7 0 2 7 1 2 7 1 2 7 1 2 7 0 2 7 17 18 2 1 2 7 1 2 7 1 2 7 17 18 2 0 2 7 0 2 7 5 30 3 17 9 2 0 2 7 0 2 7 0 2 7 0 2 7 17 9 2 1 2 7 5 31 3 1 2 7 0 2 7 1 2 7 17 9 2 13 6 3 0 2 7 0 2 7 1 2 7 0 2 7 0 2 7 12 16 2 0 2 7 0 2 7 16 6 2 17 18 2 1 2 7 1 2 7 1 2 7 1 2 7 1 2 7 0 2 4 0 2 7 0 2 7 1 2 7 0 2 4 1 2 4 0 2 3 1 2 7 1 2 7 0 2 3 0 59.9600826501846313
13 6 3 0 2 7 5 31 3 0 2 7 5 31 3 0 2 7 1 2 7 0 2 7 0 2 7 0 2 7 1 2 7 1 2 7 1 2 7 0 2 7 17 18 2 1 2 7 1 2 7 1 2 7 17 18 2 0 2 7 0 2 7 5 30 3 17 9 2 0 2 7 0 2 7 0 2 7 0 2 7 17 9 2 1 2 7 5 31 3 1 2 7 0 2 7 1 2 7 17 9 2 13 6 3 0 2 7 0 2 7 1 2 7 0 2 7 0 2 7 12 16 2 0 2 7 0 2 7 16 6 2 17 18 2 1 2 7 1 2 7 1 2 7 1 2 7 1 2 7 0 2 4 0 2 7 0 2 7 1 2 7 0 2 4 1 2 4 0 2 3 1 2 7 1 2 7 0 2 3 0 59.9600826501846313
17 18 2 5 31 3 0 2 3 1 2 4 5 30 3 0 2 7 0 2 7 0 2 7 0 2 7 1 2 7 1 2 7 1 2 7 1 2 7 0 2 3 0 2 7 0 2 7 1 2 7 0 2 7 1 2 3 0 2 3 5 30 3 17 9 2 16 18 11 0 2 7 1 2 7 0 2 7 17 9 2 0 2 3 1 2 7 0 2 7 0 2 7 1 2 4 1 2 7 0 2 7 0 2 7 1 2 7 1 2 4 12 16 2 1 2 7 0 2 4 16 15 2 0 2 7 12 16 2 8 9 2 0 2 4 1 2 7 8 18 2 17 18 2 0 2 3 0 2 3 1 2 4 0 2 7 0 2 7 1 2 7 0 2 7 1 2 7 0 2 3 16 6 2 0 2 3 5 31 3 0 61.6259687542915344
13 6 3 0 2 7 5 31 3 0 2 7 5 31 3 0 2 7 1 2 7 0 2 7 0 2 7 0 2 7 1 2 7 1 2 7 1 2 7 0 2 7 17 18 2 1 2 7 1 2 7 1 2 7 17 18 2 0 2 7 0 2 7 5 30 3 17 9 2 0 2 7 0 2 7 0 2 7 0 2 7 17 9 2 1 2 7 5 31 3 1 2 7 0 2 7 1 2 7 17 9 2 13 6 3 0 2 7 0 2 7 1 2 7 0 2 4 0 2 7 12 16 2 0 2 7 0 2 3 16 6 2 17 18 2 1 2 7 0 2 7 1 2 7 1 2 7 1 2 7 0 2 4 0 2 7 0 2 7 1 2 7 1 2 7 0 2 3 1 2 7 1 2 7 1 2 4 0 2 7 0 59.9600826501846313
13 6 3 0 2 7 5 31 3 0 2 7 5 31 3 0 2 7 1 2 7 0 2 7 0 2 7 0 2 7 1 2 7 1 2 7 1 2 7 0 2 7 17 18 2 1 2 7 1 2 7 1 2 7 17 18 2 0 2 7 0 2 7 5 30 3 17 9 2 0 2 7 0 2 7 0 2 7 0 2 7 17 9 2 1 2 7 5 31 3 1 2 7 0 2 7 1 2 7 17 9 2 13 6 3 0 2 7 0 2 7 1 2 7 0 2 7 0 2 7 12 16 2 0 2 7 0 2 7 16 6 2 17 18 2 1 2 7 1 2 7 1 2 7 1 2 7 1 2 7 0 2 4 0 2 7 0 2 7 1 2 7 0 2 4 1 2 4 1 2 3 1 2 3 0 2 7 0 2 7 0 59.9600826501846313

Current Evaluation = 16200(16200)
Front Size = 10
13 6 3 0 2 7 5 31 3 0 2 7 5 31 3 0 2 4 1 2 7 0 2 7 0 2 4 1 2 7 1 2 7 1 2 7 0 2 7 17 18 2 1 2 7 1 2 7 1 2 7 17 18 2 0 2 7 5 30 3 17 9 2 0 2 7 0 2 7 0 2 7 0 2 7 17 9 2 1 2 7 5 31 3 1 2 7 0 2 7 1 2 7 17 9 2 13 6 3 0 2 7 0 2 7 1 2 7 0 2 7 0 2 7 12 16 2 0 2 7 0 2 7 16 6 2 17 18 2 1 2 7 1 2 4 1 2 7 1 2 7 0 2 7 0 2 7 0 2 7 1 2 7 0 2 7 0 2 7 0 2 7 1 2 7 1 2 7 0 2 3 1 2 3 1 2 7 0 2 7 0 59.9600826501846313
13 6 3 0 2 7 5 31 3 0 2 7 5 31 3 0 2 7 1 2 7 0 2 7 0 2 4 1 2 7 1 2 3 1 2 7 0 2 7 17 18 2 1 2 7 1 2 7 1 2 7 17 18 2 0 2 7 5 30 3 17 9 2 0 2 7 0 2 7 0 2 7 0 2 7 17 9 2 1 2 7 5 31 3 1 2 7 0 2 7 1 2 7 17 9 2 13 6 3 0 2 7 0 2 7 1 2 7 0 2 7 0 2 7 12 16 2 0 2 7 0 2 7 16 6 2 17 18 2 1 2 7 1 2 7 1 2 7 1 2 7 0 2 7 0 2 7 0 2 7 1 2 7 0 2 7 0 2 7 0 2 7 1 2 3 1 2 4 1 2 7 0 2 7 0 2 7 1 2 4 0 59.9600826501846313
13 6 3 0 2 7 5 31 3 0 2 7 5 31 3 0 2 7 1 2 7 0 2 7 0 2 4 1 2 7 1 2 7 1 2 7 0 2 7 17 18 2 1 2 7 1 2 7 1 2 7 17 18 2 0 2 7 5 30 3 17 9 2 0 2 7 0 2 7 0 2 7 0 2 7 17 9 2 1 2 7 5 31 3 1 2 7 0 2 7 1 2 7 17 9 2 13 6 3 0 2 7 0 2 7 1 2 7 0 2 7 0 2 7 12 16 2 0 2 7 0 2 7 16 6 2 17 18 2 1 2 7 1 2 7 1 2 7 1 2 7 0 2 7 0 2 7 0 2 7 1 2 7 0 2 7 0 2 7 0 2 7 1 2 3 1 2 4 0 2 3 1 2 7 0 2 7 1 2 4 0 59.9600826501846313
5 30 3 1 2 7 1 2 7 0 2 7 0 2 3 6 2 7 0 2 3 0 2 7 1 2 7 0 2 7 0 2 3 0 2 7 1 2 7 8 9 2 12 16 2 16 6 2 5 30 3 0 2 7 0 2 7 0 2 7 0 2 7 1 2 7 1 2 3 0 2 7 1 2 7 1 2 7 17 18 2 0 2 7 0 2 3 5 31 3 15 2 1 0 2 7 1 2 7 5 30 3 0 2 7 0 2 7 0 2 7 1 2 7 0 2 7 8 18 2 0 2 7 0 2 3 0 2 7 0 2 7 0 2 3 1 2 7 0 2 3 5 30 3 17 9 2 17 9 2 1 2 7 0 2 7 0 2 7 16 6 2 16 15 2 1 2 7 5 31 3 16 6 2 0 2 7 0 2 7 0 61.8385946154594421
17 18 2 5 31 3 0 2 3 1 2 4 5 30 3 0 2 7 0 2 7 0 2 7 0 2 7 1 2 7 1 2 7 1 2 7 1 2 7 0 2 3 0 2 7 0 2 7 1 2 7 0 2 7 1 2 3 0 2 3 5 30 3 17 9 2 16 18 11 0 2 7 1 2 7 0 2 7 17 9 2 0 2 3 1 2 7 0 2 7 0 2 7 1 2 4 1 2 7 0 2 7 0 2 7 1 2 7 1 2 4 12 16 2 1 2 7 0 2 4 16 15 2 0 2 7 12 16 2 8 9 2 0 2 4 1 2 7 8 18 2 17 18 2 0 2 3 0 2 3 1 2 4 0 2 7 0 2 7 1 2 7 0 2 7 1 2 7 0 2 3 16 6 2 0 2 3 5 31 3 0 61.6259687542915344
13 6 3 0 2 7 5 31 3 0 2 7 5 31 3 0 2 7 1 2 7 0 2 7 0 2 4 1 2 7 1 2 3 1 2 7 0 2 7 17 18 2 1 2 7 1 2 7 1 2 7 17 18 2 0 2 7 5 30 3 17 9 2 0 2 7 0 2 7 0 2 7 0 2 7 17 9 2 1 2 7 5 31 3 1 2 7 0 2 7 1 2 7 17 9 2 13 6 3 0 2 7 0 2 7 1 2 7 0 2 7 0 2 7 12 16 2 0 2 7 0 2 7 16 6 2 17 18 2 1 2 7 1 2 7 1 2 7 1 2 7 0 2 7 0 2 7 0 2 7 1 2 7 0 2 7 0 2 7 0 2 7 1 2 3 1 2 4 1 2 7 0 2 7 0 2 7 1 2 4 0 59.9600826501846313
13 6 3 0 2 7 5 31 3 0 2 7 5 31 3 0 2 7 1 2 7 0 2 7 0 2 4 1 2 7 1 2 7 1 2 7 0 2 7 17 18 2 1 2 7 1 2 7 1 2 7 17 18 2 0 2 7 5 30 3 17 9 2 0 2 7 0 2 7 0 2 7 0 2 7 17 9 2 1 2 7 5 31 3 1 2 7 0 2 7 1 2 7 17 9 2 13 6 3 0 2 7 0 2 7 1 2 7 0 2 7 0 2 7 12 16 2 0 2 7 0 2 7 16 6 2 17 18 2 1 2 7 1 2 7 1 2 7 1 2 7 0 2 7 0 2 7 0 2 7 1 2 7 0 2 7 0 2 7 0 2 7 1 2 4 1 2 7 1 2 7 0 2 4 1 2 3 0 2 3 0 59.9600826501846313
13 6 3 0 2 7 5 31 3 0 2 7 5 31 3 0 2 7 1 2 7 0 2 7 0 2 4 1 2 7 1 2 7 1 2 7 0 2 7 17 18 2 1 2 7 1 2 7 1 2 7 17 18 2 0 2 7 5 30 3 17 9 2 0 2 7 0 2 7 0 2 7 0 2 7 17 9 2 1 2 7 5 31 3 1 2 7 0 2 7 1 2 7 17 9 2 13 6 3 0 2 7 0 2 7 1 2 7 0 2 7 0 2 7 12 16 2 0 2 7 0 2 7 16 6 2 17 18 2 1 2 7 1 2 4 1 2 7 1 2 7 0 2 7 0 2 7 0 2 7 1 2 7 0 2 7 0 2 7 0 2 7 1 2 7 1 2 4 1 2 7 0 2 7 0 2 3 1 2 3 0 59.9600826501846313
13 6 3 0 2 7 5 31 3 0 2 7 5 31 3 0 2 7 1 2 7 0 2 4 0 2 7 1 2 7 1 2 7 1 2 7 0 2 7 17 18 2 1 2 7 1 2 7 1 2 7 17 18 2 0 2 7 5 30 3 17 9 2 0 2 7 0 2 7 0 2 7 0 2 7 17 9 2 1 2 7 5 31 3 1 2 7 0 2 7 1 2 7 17 9 2 13 6 3 0 2 7 0 2 7 1 2 4 0 2 7 0 2 7 12 16 2 0 2 7 0 2 7 16 6 2 17 18 2 1 2 7 1 2 7 1 2 7 1 2 7 0 2 7 0 2 7 0 2 7 1 2 7 1 2 7 0 2 7 1 2 4 0 2 3 1 2 7 0 2 7 0 2 3 0 2 7 1 2 7 0 59.9600826501846313
13 6 3 0 2 7 5 31 3 0 2 7 5 31 3 0 2 4 1 2 7 0 2 7 0 2 4 1 2 7 1 2 7 1 2 3 0 2 7 17 18 2 1 2 7 1 2 7 1 2 7 17 18 2 0 2 7 5 30 3 17 9 2 0 2 7 0 2 7 0 2 7 0 2 7 17 9 2 1 2 7 5 31 3 1 2 7 0 2 7 1 2 7 17 9 2 13 6 3 0 2 7 0 2 7 1 2 7 0 2 7 0 2 7 12 16 2 0 2 7 0 2 7 16 6 2 17 18 2 1 2 7 1 2 7 1 2 7 1 2 7 0 2 7 0 2 7 0 2 7 1 2 7 0 2 7 0 2 7 0 2 7 1 2 7 1 2 7 0 2 7 1 2 3 1 2 4 0 2 7 0 59.9600826501846313

Current Evaluation = 17100(17100)
Front Size = 10
13 6 3 0 2 3 5 31 3 0 2 7 5 31 3 0 2 7 1 2 7 0 2 7 1 2 7 1 2 7 1 2 7 17 18 2 1 2 7 1 2 7 1 2 7 17 18 2 0 2 7 5 30 3 17 9 2 0 2 7 0 2 7 0 2 7 0 2 7 17 9 2 1 2 7 5 31 3 1 2 7 0 2 7 1 2 7 17 9 2 13 6 3 0 2 7 0 2 7 1 2 7 0 2 7 0 2 7 12 16 2 0 2 7 0 2 4 17 18 2 1 2 7 1 2 7 1 2 7 1 2 7 0 2 7 0 2 7 0 2 7 0 2 7 0 2 7 0 2 7 1 2 7 0 2 7 1 2 7 1 2 7 0 2 7 0 2 7 0 2 7 16 24 2 1 2 7 1 2 7 0 59.9419176578521729
17 18 2 5 31 3 0 2 3 1 2 4 5 30 3 0 2 7 0 2 7 0 2 7 0 2 7 1 2 7 1 2 7 1 2 7 1 2 7 0 2 3 0 2 7 0 2 7 1 2 7 0 2 7 1 2 3 0 2 3 5 30 3 17 9 2 16 18 11 0 2 7 1 2 7 0 2 7 17 9 2 0 2 3 1 2 7 0 2 7 0 2 7 1 2 4 1 2 7 0 2 7 0 2 7 1 2 7 1 2 4 12 16 2 1 2 7 0 2 4 16 15 2 0 2 7 12 16 2 8 9 2 0 2 4 1 2 7 8 18 2 17 18 2 0 2 3 0 2 3 1 2 4 0 2 7 0 2 7 1 2 7 0 2 7 1 2 7 0 2 3 16 6 2 0 2 3 5 31 3 0 61.6259687542915344
13 6 3 0 2 7 5 31 3 0 2 7 5 31 3 0 2 4 1 2 7 0 2 7 1 2 7 1 2 7 1 2 3 0 2 7 17 18 2 1 2 7 1 2 7 1 2 7 17 18 2 0 2 7 5 30 3 17 9 2 0 2 7 0 2 7 0 2 7 0 2 7 17 9 2 1 2 7 5 31 3 1 2 7 0 2 7 1 2 7 17 9 2 13 6 3 0 2 7 0 2 7 1 2 7 0 2 7 0 2 7 12 16 2 0 2 7 0 2 7 16 6 2 17 18 2 1 2 7 1 2 7 1 2 7 1 2 7 0 2 7 0 2 7 0 2 7 1 2 7 0 2 7 0 2 7 0 2 7 1 2 7 0 2 7 1 2 4 0 2 7 1 2 4 1 2 3 0 2 7 0 59.9600826501846313
13 6 3 0 2 7 5 31 3 0 2 4 5 31 3 0 2 4 1 2 7 0 2 7 1 2 7 1 2 7 1 2 3 0 2 7 17 18 2 1 2 7 1 2 7 1 2 7 17 18 2 0 2 7 5 30 3 17 9 2 0 2 7 0 2 7 0 2 7 0 2 7 17 9 2 1 2 7 5 31 3 1 2 7 0 2 7 1 2 7 17 9 2 13 6 3 0 2 7 0 2 7 1 2 7 0 2 7 0 2 7 12 16 2 0 2 7 0 2 7 16 6 2 17 18 2 1 2 7 1 2 7 1 2 7 1 2 7 0 2 7 0 2 7 0 2 7 1 2 7 0 2 7 0 2 7 0 2 7 1 2 7 0 2 7 1 2 4 0 2 7 1 2 3 1 2 7 0 2 7 0 59.9600826501846313
5 30 3 1 2 7 1 2 7 0 2 7 0 2 3 6 2 7 0 2 3 0 2 7 1 2 7 0 2 7 0 2 3 0 2 7 1 2 7 8 9 2 12 16 2 16 6 2 5 30 3 0 2 7 0 2 7 0 2 7 0 2 7 1 2 7 1 2 3 0 2 7 1 2 7 1 2 7 17 18 2 0 2 7 0 2 3 5 31 3 15 2 1 0 2 7 1 2 7 5 30 3 0 2 7 0 2 7 0 2 7 1 2 7 0 2 7 8 18 2 0 2 7 0 2 3 0 2 7 0 2 7 0 2 3 1 2 7 0 2 3 5 30 3 17 9 2 17 9 2 1 2 7 0 2 7 0 2 7 16 6 2 16 15 2 1 2 7 5 31 3 16 6 2 0 2 7 0 2 7 0 61.8385946154594421
13 6 3 0 2 7 5 31 3 0 2 7 5 31 3 1 2 4 0 2 7 1 2 7 1 2 7 1 2 7 0 2 7 17 18 2 1 2 7 1 2 7 1 2 7 17 18 2 5 30 3 17 9 2 0 2 7 0 2 7 0 2 7 0 2 7 17 9 2 1 2 7 5 31 3 1 2 7 0 2 7 0 2 7 17 9 2 13 6 3 0 2 7 0 2 7 1 2 7 0 2 7 12 16 2 1 2 7 0 2 7 16 6 2 1 2 7 1 2 4 1 2 7 0 2 7 0 2 7 0 2 7 0 2 7 1 2 7 0 2 7 1 2 7 0 2 7 1 2 7 0 2 7 0 2 7 0 2 7 0 2 7 1 2 4 0 2 7 0 2 3 1 2 3 17 18 2 1 2 7 0 59.9600826501846313
13 6 3 0 2 7 5 31 3 0 2 7 5 31 3 0 2 7 1 2 7 0 2 7 1 2 7 1 2 7 1 2 7 0 2 7 17 18 2 1 2 7 1 2 7 1 2 7 17 9 2 5 30 3 17 9 2 0 2 7 0 2 4 0 2 7 1 2 7 17 9 2 1 2 7 5 31 3 1 2 7 0 2 7 1 2 7 13 6 3 0 2 7 1 2 7 0 2 7 1 2 7 0 2 7 12 16 2 0 2 7 0 2 7 16 6 2 17 18 2 0 2 7 1 2 7 1 2 4 0 2 7 0 2 7 1 2 7 0 2 7 0 2 7 0 2 7 1 2 7 1 2 4 0 2 7 0 2 7 0 2 7 0 2 7 0 2 3 17 9 2 0 2 3 1 2 7 1 2 7 0 59.9600826501846313
13 6 3 0 2 7 5 31 3 0 2 7 5 31 3 1 2 4 0 2 7 1 2 7 1 2 7 1 2 7 0 2 7 17 18 2 1 2 7 1 2 7 1 2 7 17 18 2 5 30 3 17 9 2 0 2 7 0 2 7 0 2 7 0 2 7 17 9 2 1 2 7 5 31 3 1 2 7 0 2 7 0 2 7 17 9 2 13 6 3 0 2 7 0 2 7 1 2 7 0 2 7 12 16 2 1 2 7 0 2 7 16 6 2 1 2 7 1 2 4 1 2 7 0 2 7 0 2 7 0 2 7 0 2 7 1 2 7 0 2 3 1 2 7 0 2 7 1 2 7 0 2 7 0 2 7 0 2 7 0 2 7 1 2 4 1 2 3 0 2 7 1 2 7 17 9 2 0 2 7 0 59.9600826501846313
13 6 3 0 2 7 5 31 3 0 2 7 5 31 3 0 2 7 1 2 7 0 2 7 1 2 7 1 2 7 1 2 7 0 2 7 17 18 2 1 2 7 1 2 7 1 2 7 17 9 2 5 30 3 17 9 2 0 2 7 0 2 4 0 2 7 1 2 7 17 9 2 1 2 7 5 31 3 1 2 7 0 2 7 1 2 7 13 6 3 0 2 7 1 2 7 0 2 7 1 2 7 0 2 7 12 16 2 0 2 7 0 2 7 16 6 2 17 18 2 0 2 7 1 2 7 1 2 4 0 2 7 0 2 7 1 2 7 0 2 7 0 2 7 0 2 7 1 2 7 1 2 4 0 2 7 0 2 7 0 2 7 0 2 7 0 2 3 17 9 2 0 2 3 1 2 7 1 2 7 0 59.9600826501846313
13 6 3 0 2 7 5 31 3 0 2 7 5 31 3 0 2 4 1 2 4 0 2 7 1 2 7 1 2 7 1 2 3 0 2 7 17 18 2 1 2 7 1 2 7 1 2 7 17 18 2 0 2 3 5 30 3 17 9 2 0 2 7 0 2 7 0 2 7 0 2 7 17 9 2 1 2 7 5 31 3 1 2 7 0 2 7 0 2 7 17 9 2 13 6 3 0 2 7 0 2 7 1 2 7 0 2 7 0 2 7 12 16 2 1 2 7 0 2 7 16 6 2 17 18 2 1 2 7 1 2 4 1 2 7 1 2 7 0 2 7 0 2 7 0 2 7 1 2 7 0 2 7 1 2 7 0 2 7 1 2 7 0 2 7 1 2 7 0 2 7 1 2 7 0 2 7 0 2 7 0 59.9600826501846313

Current Evaluation = 18000(18000)
Front Size = 10
13 6 3 0 2 7 5 31 3 0 2 7 5 31 3 0 2 3 1 2 7 0 2 7 1 2 7 1 2 7 0 2 7 17 18 2 1 2 7 1 2 7 1 2 7 17 18 2 0 2 7 5 30 3 17 9 2 0 2 7 0 2 7 0 2 7 0 2 7 17 9 2 1 2 7 5 31 3 1 2 7 0 2 7 1 2 7 17 9 2 13 6 3 0 2 7 0 2 7 1 2 7 0 2 7 0 2 7 12 16 2 0 2 7 0 2 7 17 18 2 1 2 7 1 2 7 1 2 7 1 2 7 0 2 7 0 2 7 0 2 7 1 2 7 0 2 7 0 2 7 0 2 7 1 2 7 0 2 7 0 2 7 1 2 7 1 2 7 1 2 4 16 24 2 1 2 7 0 2 7 0 59.9419176578521729
13 6 3 0 2 7 5 31 3 0 2 7 5 31 3 0 2 3 1 2 7 0 2 7 1 2 7 1 2 7 0 2 7 17 18 2 1 2 7 1 2 7 1 2 7 17 18 2 0 2 7 5 30 3 17 9 2 0 2 7 0 2 7 0 2 7 0 2 7 17 9 2 1 2 7 5 31 3 1 2 7 0 2 7 1 2 7 17 9 2 13 6 3 0 2 7 0 2 7 1 2 7 0 2 7 0 2 7 12 16 2 0 2 7 0 2 7 17 18 2 1 2 7 1 2 7 1 2 7 1 2 7 0 2 7 0 2 7 0 2 7 1 2 7 0 2 7 0 2 7 0 2 7 1 2 7 0 2 7 0 2 7 1 2 7 1 2 7 1 2 4 16 24 2 1 2 7 0 2 7 0 59.9419176578521729
13 6 3 0 2 7 5 31 3 0 2 7 5 31 3 0 2 3 1 2 7 0 2 7 1 2 7 1 2 7 0 2 7 17 18 2 1 2 7 1 2 7 1 2 7 17 18 2 0 2 7 5 30 3 17 9 2 0 2 7 0 2 7 0 2 7 0 2 7 17 9 2 1 2 7 5 31 3 1 2 7 0 2 7 1 2 7 17 9 2 13 6 3 0 2 7 0 2 7 1 2 7 0 2 7 0 2 7 12 16 2 0 2 7 0 2 7 17 18 2 1 2 7 1 2 7 1 2 7 1 2 7 0 2 7 0 2 7 0 2 7 1 2 7 0 2 7 0 2 7 0 2 7 1 2 7 0 2 7 0 2 7 1 2 7 1 2 7 1 2 4 16 24 2 1 2 7 0 2 7 0 59.9419176578521729
17 18 2 5 31 3 0 2 3 1 2 4 5 30 3 0 2 7 0 2 7 0 2 7 0 2 7 1 2 7 1 2 7 1 2 7 1 2 7 0 2 3 0 2 7 0 2 7 1 2 7 0 2 7 1 2 3 0 2 3 5 30 3 17 9 2 16 18 11 0 2 7 1 2 7 0 2 7 17 9 2 0 2 3 1 2 7 0 2 7 0 2 7 1 2 4 1 2 7 0 2 7 0 2 7 1 2 7 1 2 4 12 16 2 1 2 7 0 2 4 16 15 2 0 2 7 12 16 2 8 9 2 0 2 4 1 2 7 8 18 2 17 18 2 0 2 3 0 2 3 1 2 4 0 2 7 0 2 7 1 2 7 0 2 7 1 2 7 0 2 3 16 6 2 0 2 3 5 31 3 0 61.6259687542915344
13 6 3 5 31 3 0 2 7 5 31 3 1 2 7 0 2 7 1 2 7 1 2 7 1 2 7 0 2 7 17 18 2 1 2 7 1 2 7 1 2 7 17 18 2 0 2 7 5 30 3 17 9 2 0 2 7 0 2 7 0 2 7 0 2 7 17 9 2 1 2 7 5 31 3 1 2 7 0 2 7 1 2 7 17 9 2 13 6 3 0 2 7 0 2 7 0 2 7 0 2 7 0 2 7 12 16 2 0 2 3 0 2 7 16 6 2 1 2 4 1 2 7 1 2 7 1 2 7 0 2 7 0 2 7 1 2 7 0 2 7 0 2 7 0 2 7 1 2 7 0 2 7 0 2 7 1 2 4 0 2 7 17 9 2 1 2 4 0 2 7 1 2 3 1 2 7 0 2 7 0 59.9600826501846313
13 6 3 0 2 7 5 31 3 0 2 7 5 31 3 0 2 3 1 2 7 0 2 7 1 2 7 1 2 7 0 2 7 17 18 2 1 2 7 1 2 7 1 2 7 17 18 2 0 2 7 5 30 3 17 9 2 0 2 7 0 2 7 0 2 7 0 2 7 17 9 2 1 2 7 5 31 3 1 2 7 0 2 7 1 2 7 17 9 2 13 6 3 0 2 7 0 2 7 1 2 7 0 2 7 0 2 7 12 16 2 0 2 7 0 2 7 17 18 2 1 2 7 1 2 7 1 2 7 1 2 7 0 2 7 0 2 7 0 2 7 1 2 7 0 2 7 0 2 7 0 2 7 1 2 7 0 2 7 0 2 7 1 2 7 1 2 7 1 2 4 16 24 2 1 2 7 0 2 7 0 59.9419176578521729
13 6 3 5 31 3 0 2 7 5 31 3 1 2 7 0 2 7 1 2 7 1 2 7 1 2 7 0 2 4 17 18 2 1 2 7 0 2 7 1 2 7 17 18 2 0 2 7 5 30 3 17 9 2 0 2 7 0 2 7 0 2 7 0 2 7 17 9 2 1 2 3 5 31 3 1 2 7 0 2 7 1 2 7 17 9 2 13 6 3 0 2 7 0 2 7 0 2 7 0 2 7 0 2 7 12 16 2 0 2 7 16 6 2 1 2 7 1 2 7 1 2 7 1 2 7 0 2 7 0 2 7 1 2 7 0 2 7 0 2 7 0 2 7 1 2 7 0 2 7 0 2 7 1 2 7 0 2 7 0 2 7 1 2 3 1 2 7 0 2 7 1 2 4 17 9 2 1 2 4 0 59.9600826501846313
5 30 3 1 2 7 1 2 7 0 2 7 0 2 3 6 2 7 0 2 3 0 2 7 1 2 7 0 2 7 0 2 3 0 2 7 1 2 7 8 9 2 12 16 2 16 6 2 5 30 3 0 2 7 0 2 7 0 2 7 0 2 7 1 2 7 1 2 3 0 2 7 1 2 7 1 2 7 17 18 2 0 2 7 0 2 3 5 31 3 15 2 1 0 2 7 1 2 7 5 30 3 0 2 7 0 2 7 0 2 7 1 2 7 0 2 7 8 18 2 0 2 7 0 2 3 0 2 7 0 2 7 0 2 3 1 2 7 0 2 3 5 30 3 17 9 2 17 9 2 1 2 7 0 2 7 0 2 7 16 6 2 16 15 2 1 2 7 5 31 3 16 6 2 0 2 7 0 2 7 0 61.8385946154594421
13 6 3 0 2 7 5 31 3 0 2 7 5 31 3 1 2 7 0 2 7 1 2 7 1 2 7 0 2 7 17 18 2 1 2 7 1 2 7 1 2 7 17 18 2 0 2 7 5 30 3 17 9 2 0 2 7 0 2 7 0 2 7 0 2 7 17 9 2 1 2 7 5 31 3 1 2 7 0 2 7 1 2 7 17 9 2 13 6 3 0 2 7 0 2 7 1 2 7 0 2 7 0 2 7 12 16 2 0 2 7 0 2 7 1 2 7 1 2 7 1 2 7 1 2 7 0 2 7 0 2 7 0 2 7 1 2 7 0 2 7 0 2 7 0 2 7 1 2 7 0 2 7 1 2 4 0 2 7 0 2 7 17 18 2 1 2 3 16 6 2 1 2 4 0 2 4 1 2 3 0 59.9600826501846313
13 6 3 5 31 3 0 2 7 5 31 3 1 2 3 0 2 7 1 2 7 1 2 7 1 2 7 0 2 7 17 18 2 1 2 4 1 2 7 1 2 7 17 18 2 0 2 7 5 30 3 17 9 2 0 2 7 0 2 7 0 2 7 0 2 7 17 9 2 1 2 7 5 31 3 1 2 7 0 2 7 1 2 4 17 9 2 13 6 3 0 2 7 0 2 7 0 2 7 0 2 7 0 2 7 12 16 2 0 2 7 16 6 2 1 2 7 1 2 7 1 2 7 1 2 7 0 2 7 0 2 7 1 2 7 0 2 7 1 2 7 0 2 7 1 2 7 0 2 7 0 2 7 1 2 7 0 2 7 0 2 7 1 2 7 1 2 7 0 2 7 0 2 3 0 2 4 17 18 2 0 59.9600826501846313

MonoObjective Genetic Algorithm
Number of Evaluations = 0
Mutation Probability = 0
Crossover Probability = 1
Population Size = 10
Survival Selection Type = 5

Time =  18003.3407201766968

Current Evaluation = 2076
Front Size = 10
13 6 3 0 2 7 5 31 3 0 2 7 5 31 3 0 2 3 1 2 7 0 2 7 1 2 7 1 2 7 0 2 7 17 18 2 1 2 7 1 2 7 1 2 7 17 18 2 0 2 7 5 30 3 17 9 2 0 2 7 0 2 7 0 2 7 0 2 7 17 9 2 1 2 7 5 31 3 1 2 7 0 2 7 1 2 7 17 9 2 13 6 3 0 2 7 0 2 7 1 2 7 0 2 7 0 2 7 12 16 2 0 2 7 0 2 7 17 18 2 1 2 7 1 2 7 1 2 7 1 2 7 0 2 7 0 2 7 0 2 7 1 2 7 0 2 7 0 2 7 0 2 7 1 2 7 0 2 7 0 2 7 1 2 7 1 2 7 1 2 4 16 24 2 1 2 7 0 2 7 0 59.9419176578521729
13 6 3 0 2 7 5 31 3 0 2 7 5 31 3 0 2 3 1 2 7 0 2 7 1 2 7 1 2 7 0 2 7 17 18 2 1 2 7 1 2 7 1 2 7 17 18 2 0 2 7 5 30 3 17 9 2 0 2 7 0 2 7 0 2 7 0 2 7 17 9 2 1 2 7 5 31 3 1 2 7 0 2 7 1 2 7 17 9 2 13 6 3 0 2 7 0 2 7 1 2 7 0 2 7 0 2 7 12 16 2 0 2 7 0 2 7 17 18 2 1 2 7 1 2 7 1 2 7 1 2 7 0 2 7 0 2 7 0 2 7 1 2 7 0 2 7 0 2 7 0 2 7 1 2 7 0 2 7 0 2 7 1 2 7 1 2 7 1 2 4 16 24 2 1 2 7 0 2 7 0 59.9419176578521729
13 6 3 0 2 7 5 31 3 0 2 7 5 31 3 0 2 3 1 2 7 0 2 7 1 2 7 1 2 7 0 2 7 17 18 2 1 2 7 1 2 7 1 2 7 17 18 2 0 2 7 5 30 3 17 9 2 0 2 7 0 2 7 0 2 7 0 2 7 17 9 2 1 2 7 5 31 3 1 2 7 0 2 7 1 2 7 17 9 2 13 6 3 0 2 7 0 2 7 1 2 7 0 2 7 0 2 7 12 16 2 0 2 7 0 2 7 17 18 2 1 2 7 1 2 7 1 2 7 1 2 7 0 2 7 0 2 7 0 2 7 1 2 7 0 2 7 0 2 7 0 2 7 1 2 7 0 2 7 0 2 7 1 2 7 1 2 7 1 2 4 16 24 2 1 2 7 0 2 7 0 59.9419176578521729
17 18 2 5 31 3 0 2 3 1 2 4 5 30 3 0 2 7 0 2 7 0 2 7 0 2 7 1 2 7 1 2 7 1 2 7 1 2 7 0 2 3 0 2 7 0 2 7 1 2 7 0 2 7 1 2 3 0 2 3 5 30 3 17 9 2 16 18 11 0 2 7 1 2 7 0 2 7 17 9 2 0 2 3 1 2 7 0 2 7 0 2 7 1 2 4 1 2 7 0 2 7 0 2 7 1 2 7 1 2 4 12 16 2 1 2 7 0 2 4 16 15 2 0 2 7 12 16 2 8 9 2 0 2 4 1 2 7 8 18 2 17 18 2 0 2 3 0 2 3 1 2 4 0 2 7 0 2 7 1 2 7 0 2 7 1 2 7 0 2 3 16 6 2 0 2 3 5 31 3 0 61.6259687542915344
13 6 3 5 31 3 0 2 7 5 31 3 1 2 7 0 2 7 1 2 7 1 2 7 1 2 7 0 2 7 17 18 2 1 2 7 1 2 7 1 2 7 17 18 2 0 2 7 5 30 3 17 9 2 0 2 7 0 2 7 0 2 7 0 2 7 17 9 2 1 2 7 5 31 3 1 2 7 0 2 7 1 2 7 17 9 2 13 6 3 0 2 7 0 2 7 0 2 7 0 2 7 0 2 7 12 16 2 0 2 3 0 2 7 16 6 2 1 2 4 1 2 7 1 2 7 1 2 7 0 2 7 0 2 7 1 2 7 0 2 7 0 2 7 0 2 7 1 2 7 0 2 7 0 2 7 1 2 4 0 2 7 17 9 2 1 2 4 0 2 7 1 2 3 1 2 7 0 2 7 0 59.9600826501846313
13 6 3 0 2 7 5 31 3 0 2 7 5 31 3 0 2 3 1 2 7 0 2 7 1 2 7 1 2 7 0 2 7 17 18 2 1 2 7 1 2 7 1 2 7 17 18 2 0 2 7 5 30 3 17 9 2 0 2 7 0 2 7 0 2 7 0 2 7 17 9 2 1 2 7 5 31 3 1 2 7 0 2 7 1 2 7 17 9 2 13 6 3 0 2 7 0 2 7 1 2 7 0 2 7 0 2 7 12 16 2 0 2 7 0 2 7 17 18 2 1 2 7 1 2 7 1 2 7 1 2 7 0 2 7 0 2 7 0 2 7 1 2 7 0 2 7 0 2 7 0 2 7 1 2 7 0 2 7 0 2 7 1 2 7 1 2 7 1 2 4 16 24 2 1 2 7 0 2 7 0 59.9419176578521729
13 6 3 5 31 3 0 2 7 5 31 3 1 2 7 0 2 7 1 2 7 1 2 7 1 2 7 0 2 4 17 18 2 1 2 7 0 2 7 1 2 7 17 18 2 0 2 7 5 30 3 17 9 2 0 2 7 0 2 7 0 2 7 0 2 7 17 9 2 1 2 3 5 31 3 1 2 7 0 2 7 1 2 7 17 9 2 13 6 3 0 2 7 0 2 7 0 2 7 0 2 7 0 2 7 12 16 2 0 2 7 16 6 2 1 2 7 1 2 7 1 2 7 1 2 7 0 2 7 0 2 7 1 2 7 0 2 7 0 2 7 0 2 7 1 2 7 0 2 7 0 2 7 1 2 7 0 2 7 0 2 7 1 2 3 1 2 7 0 2 7 1 2 4 17 9 2 1 2 4 0 59.9600826501846313
5 30 3 1 2 7 1 2 7 0 2 7 0 2 3 6 2 7 0 2 3 0 2 7 1 2 7 0 2 7 0 2 3 0 2 7 1 2 7 8 9 2 12 16 2 16 6 2 5 30 3 0 2 7 0 2 7 0 2 7 0 2 7 1 2 7 1 2 3 0 2 7 1 2 7 1 2 7 17 18 2 0 2 7 0 2 3 5 31 3 15 2 1 0 2 7 1 2 7 5 30 3 0 2 7 0 2 7 0 2 7 1 2 7 0 2 7 8 18 2 0 2 7 0 2 3 0 2 7 0 2 7 0 2 3 1 2 7 0 2 3 5 30 3 17 9 2 17 9 2 1 2 7 0 2 7 0 2 7 16 6 2 16 15 2 1 2 7 5 31 3 16 6 2 0 2 7 0 2 7 0 61.8385946154594421
13 6 3 0 2 7 5 31 3 0 2 7 5 31 3 1 2 7 0 2 7 1 2 7 1 2 7 0 2 7 17 18 2 1 2 7 1 2 7 1 2 7 17 18 2 0 2 7 5 30 3 17 9 2 0 2 7 0 2 7 0 2 7 0 2 7 17 9 2 1 2 7 5 31 3 1 2 7 0 2 7 1 2 7 17 9 2 13 6 3 0 2 7 0 2 7 1 2 7 0 2 7 0 2 7 12 16 2 0 2 7 0 2 7 1 2 7 1 2 7 1 2 7 1 2 7 0 2 7 0 2 7 0 2 7 1 2 7 0 2 7 0 2 7 0 2 7 1 2 7 0 2 7 1 2 4 0 2 7 0 2 7 17 18 2 1 2 3 16 6 2 1 2 4 0 2 4 1 2 3 0 59.9600826501846313
13 6 3 5 31 3 0 2 7 5 31 3 1 2 3 0 2 7 1 2 7 1 2 7 1 2 7 0 2 7 17 18 2 1 2 4 1 2 7 1 2 7 17 18 2 0 2 7 5 30 3 17 9 2 0 2 7 0 2 7 0 2 7 0 2 7 17 9 2 1 2 7 5 31 3 1 2 7 0 2 7 1 2 4 17 9 2 13 6 3 0 2 7 0 2 7 0 2 7 0 2 7 0 2 7 12 16 2 0 2 7 16 6 2 1 2 7 1 2 7 1 2 7 1 2 7 0 2 7 0 2 7 1 2 7 0 2 7 1 2 7 0 2 7 1 2 7 0 2 7 0 2 7 1 2 7 0 2 7 0 2 7 1 2 7 1 2 7 0 2 7 0 2 3 0 2 4 17 18 2 0 59.9600826501846313

