Current Evaluation = 450(450)
Front Size = 10
0 2 7 1 2 7 5 31 3 1 2 7 0 2 7 0 2 7 1 2 7 0 2 7 1 2 7 1 2 7 1 2 7 0 2 7 1 2 7 0 2 7 5 31 3 0 2 7 0 2 3 1 2 7 0 2 7 1 2 7 1 2 7 17 18 2 0 2 7 0 2 7 0 2 7 0 2 7 17 18 2 5 31 3 17 18 2 16 6 2 17 1 2 0 2 7 0 2 7 1 2 7 1 2 7 0 2 7 0 2 7 1 2 7 0 2 7 0 2 7 0 40.307377815246582
0 2 7 1 2 4 0 2 7 1 2 7 1 2 7 1 2 7 0 2 7 0 2 4 0 2 7 1 2 7 0 2 7 17 18 2 0 2 7 5 30 3 0 2 7 0 2 7 5 31 3 1 2 7 6 2 7 17 18 2 0 2 7 0 2 4 0 2 7 1 2 7 12 16 2 1 2 4 0 2 7 0 2 7 0 2 7 1 2 7 0 2 7 0 2 7 1 2 7 17 18 2 13 6 3 5 30 3 17 9 2 5 31 3 1 2 4 0 2 7 0 40.4788337349891663
5 31 3 0 2 7 12 16 2 5 31 3 0 2 4 1 2 7 0 2 7 0 2 7 0 2 7 1 2 7 1 2 7 0 2 7 0 2 7 0 2 7 0 2 7 5 31 3 1 2 7 1 2 7 16 19 11 0 2 7 0 2 7 0 2 7 0 2 7 1 2 7 6 2 4 16 6 2 0 2 7 0 2 7 0 2 7 0 2 7 0 2 7 17 18 2 5 31 3 1 2 7 17 9 2 1 2 7 16 6 2 0 2 7 1 2 7 0 2 7 0 40.8946107029914856
0 2 8 0 2 8 0 2 8 0 2 7 8 9 2 0 2 11 5 30 3 0 2 8 0 2 12 16 6 2 0 2 8 0 2 8 0 2 8 16 19 11 5 30 3 0 2 8 5 30 3 0 2 8 0 2 8 12 16 2 0 2 8 0 2 8 5 31 3 0 2 8 0 2 8 0 2 8 5 30 3 0 2 8 0 2 7 0 2 8 0 2 8 0 2 8 5 30 3 0 2 8 16 6 2 5 31 3 16 19 11 0 2 8 16 19 11 0 2 8 1.83143222092574757e-05 46.0175809860229492
8 18 2 0 2 8 1 2 8 0 2 8 0 2 8 12 16 2 5 30 3 8 18 2 0 2 8 16 15 2 8 9 2 8 18 2 0 2 8 16 9 8 5 30 3 5 30 3 12 16 2 0 2 8 0 2 8 5 30 3 8 18 2 13 6 3 0 2 8 1 2 8 0 2 8 0 2 8 0 2 8 0 2 8 0 2 8 1 2 8 13 6 3 8 18 2 1 2 8 0 2 8 5 30 3 16 19 12 8 18 2 16 19 12 8 18 2 16 19 12 0.0118552205618261772 44.6290726661682129
0 2 8 12 16 2 5 30 3 0 2 7 0 2 7 12 16 2 0 2 8 8 18 2 16 19 11 16 19 11 8 9 2 12 16 2 5 30 3 12 16 2 0 2 11 0 2 8 0 2 7 5 30 3 0 2 8 0 2 7 0 2 8 5 30 3 0 2 7 0 2 11 0 2 11 0 2 8 0 2 11 0 2 8 16 19 11 0 2 8 0 2 7 0 2 11 16 19 11 1 2 8 5 30 3 0 2 11 0 2 3 0 2 3 5 30 3 0 2 7 0 45.3050680160522461
0 2 4 1 2 7 0 2 7 1 2 7 0 2 7 1 2 4 0 2 7 0 2 7 0 2 7 1 2 7 0 2 7 17 18 2 0 2 7 5 30 3 0 2 7 0 2 7 5 31 3 1 2 7 13 6 3 1 2 7 17 18 2 0 2 7 0 2 7 0 2 7 1 2 7 12 16 2 5 30 3 1 2 11 0 2 4 0 2 7 17 9 2 0 2 7 5 30 3 1 2 4 1 2 11 0 2 7 0 2 7 8 18 2 1 2 7 17 18 2 0 40.7452665567398071
8 9 2 8 9 2 8 9 2 0 2 8 1 2 8 0 2 8 0 2 8 12 16 2 0 2 8 16 15 2 5 30 3 8 9 2 1 2 8 0 2 8 0 2 8 5 30 3 5 30 3 0 2 8 0 2 8 8 9 2 0 2 7 0 2 8 0 2 8 5 30 3 0 2 8 0 2 8 16 6 2 0 2 8 0 2 8 0 2 8 16 19 12 0 2 8 16 19 12 0 2 8 0 2 8 16 19 12 0 2 8 5 30 3 0 2 8 5 30 3 0.00123879073012869213 45.6686279773712158
0 2 7 1 2 7 0 2 7 1 2 7 1 2 7 1 2 7 0 2 7 0 2 7 0 2 7 6 2 7 0 2 7 17 18 2 0 2 4 5 30 3 0 2 7 0 2 7 5 31 3 1 2 7 0 2 7 17 18 2 0 2 7 0 2 7 0 2 7 1 2 7 1 2 4 1 2 7 0 2 7 1 2 7 0 2 7 1 2 7 0 2 7 0 2 7 1 2 7 17 18 2 13 6 3 5 30 3 17 9 2 5 31 3 1 2 7 0 2 7 0 40.3204837441444397
0 2 7 1 2 7 0 2 7 0 2 7 0 2 7 1 2 7 0 2 7 1 2 7 0 2 7 1 2 7 0 2 7 17 18 2 0 2 7 1 2 7 0 2 3 0 2 7 5 31 3 1 2 7 6 2 7 17 18 2 0 2 7 0 2 7 0 2 7 1 2 7 1 2 7 1 2 7 0 2 7 1 2 7 0 2 7 1 2 7 0 2 3 0 2 7 1 2 7 17 18 2 13 6 3 5 30 3 17 9 2 5 31 3 1 2 7 0 2 11 0 40.398888885974884

Current Evaluation = 900(900)
Front Size = 10
0 2 7 1 2 7 5 31 3 1 2 7 0 2 7 0 2 7 1 2 7 0 2 7 1 2 11 1 2 7 1 2 7 0 2 7 1 2 7 0 2 7 5 31 3 0 2 7 0 2 7 1 2 7 0 2 7 1 2 7 1 2 7 17 18 2 0 2 7 0 2 7 0 2 7 0 2 7 17 18 2 17 18 2 16 6 2 0 2 7 0 2 7 5 31 3 17 9 2 13 6 3 1 2 7 0 2 4 0 2 7 1 2 7 0 2 7 1 2 7 0 40.0670827627182007
0 2 4 1 2 11 0 2 7 1 2 7 0 2 7 1 2 4 0 2 7 0 2 7 0 2 7 1 2 7 0 2 7 17 18 2 0 2 7 5 30 3 0 2 7 0 2 7 5 31 3 1 2 7 13 6 3 1 2 11 17 18 2 0 2 7 0 2 4 0 2 4 1 2 7 5 30 3 0 2 7 17 9 2 0 2 7 0 2 7 0 2 7 1 2 7 17 18 2 12 16 2 0 2 7 1 2 7 5 30 3 1 2 7 1 2 7 8 18 2 0 40.7452665567398071
0 2 7 1 2 7 5 31 3 1 2 7 0 2 7 0 2 7 1 2 7 0 2 7 1 2 11 1 2 7 1 2 7 0 2 7 1 2 7 0 2 7 5 31 3 0 2 7 0 2 7 1 2 7 0 2 7 1 2 7 1 2 7 17 18 2 0 2 7 0 2 7 0 2 7 0 2 7 17 18 2 17 18 2 16 6 2 0 2 7 0 2 7 5 31 3 17 9 2 13 6 3 1 2 7 0 2 4 0 2 7 1 2 7 0 2 7 1 2 7 0 40.0670827627182007
8 18 2 0 2 8 1 2 8 0 2 8 0 2 8 12 16 2 5 30 3 8 18 2 0 2 8 16 15 2 8 9 2 8 18 2 0 2 8 16 9 8 5 30 3 5 30 3 12 16 2 0 2 8 0 2 8 5 30 3 8 18 2 13 6 3 0 2 8 1 2 8 0 2 8 0 2 8 0 2 8 0 2 8 0 2 8 1 2 8 13 6 3 8 18 2 1 2 8 0 2 8 5 30 3 16 19 12 8 18 2 16 19 12 8 18 2 16 19 12 0.0118552205618261772 44.6290726661682129
0 2 7 1 2 7 5 31 3 1 2 7 0 2 7 0 2 7 1 2 7 0 2 7 1 2 11 1 2 7 1 2 7 0 2 7 1 2 7 0 2 7 5 31 3 0 2 7 0 2 7 1 2 7 0 2 7 1 2 7 1 2 7 17 18 2 0 2 7 0 2 7 0 2 7 0 2 7 17 18 2 17 18 2 16 6 2 0 2 7 0 2 7 5 31 3 17 9 2 13 6 3 1 2 7 0 2 4 0 2 7 1 2 7 0 2 7 1 2 7 0 40.0670827627182007
0 2 7 1 2 7 5 31 3 1 2 7 0 2 7 0 2 7 1 2 7 0 2 7 1 2 11 1 2 7 1 2 7 0 2 7 1 2 7 0 2 7 5 31 3 0 2 7 0 2 7 1 2 7 0 2 7 1 2 7 1 2 7 17 18 2 0 2 7 0 2 7 0 2 7 0 2 7 17 18 2 17 18 2 16 6 2 0 2 7 0 2 7 5 31 3 17 9 2 13 6 3 1 2 7 0 2 4 0 2 7 1 2 7 0 2 7 1 2 7 0 40.0670827627182007
0 2 8 0 2 8 0 2 8 0 2 7 8 9 2 0 2 11 5 30 3 0 2 8 0 2 12 16 6 2 0 2 8 0 2 8 0 2 8 16 19 11 5 30 3 0 2 8 5 30 3 0 2 8 0 2 8 12 16 2 0 2 8 0 2 8 5 31 3 0 2 8 0 2 8 0 2 8 5 30 3 0 2 8 0 2 7 0 2 8 0 2 8 0 2 8 5 30 3 0 2 8 16 6 2 5 31 3 16 19 11 0 2 8 16 19 11 0 2 8 1.83143222092574757e-05 46.0175809860229492
0 2 8 12 16 2 5 30 3 0 2 7 0 2 7 12 16 2 0 2 8 8 18 2 16 19 11 16 19 11 8 9 2 12 16 2 5 30 3 12 16 2 0 2 11 0 2 8 0 2 7 5 30 3 0 2 8 0 2 7 0 2 8 5 30 3 0 2 7 0 2 11 0 2 11 0 2 8 0 2 11 0 2 8 16 19 11 0 2 8 0 2 7 0 2 11 16 19 11 1 2 8 5 30 3 0 2 11 0 2 3 0 2 3 5 30 3 0 2 7 0 45.3050680160522461
8 9 2 8 9 2 8 9 2 0 2 8 1 2 8 0 2 8 0 2 8 12 16 2 0 2 8 16 15 2 5 30 3 8 9 2 1 2 8 0 2 8 0 2 8 5 30 3 5 30 3 0 2 8 0 2 8 8 9 2 0 2 7 0 2 8 0 2 8 5 30 3 0 2 8 0 2 8 16 6 2 0 2 8 0 2 8 0 2 8 16 19 12 0 2 8 16 19 12 0 2 8 0 2 8 16 19 12 0 2 8 5 30 3 0 2 8 5 30 3 0.00123879073012869213 45.6686279773712158
0 2 7 1 2 7 5 31 3 1 2 7 0 2 7 0 2 7 1 2 7 0 2 7 1 2 11 1 2 7 1 2 7 0 2 7 1 2 7 0 2 7 5 31 3 0 2 7 0 2 7 1 2 7 0 2 7 1 2 7 1 2 7 17 18 2 0 2 7 0 2 7 0 2 7 0 2 7 17 18 2 17 18 2 16 6 2 0 2 7 0 2 7 5 31 3 17 9 2 13 6 3 1 2 7 0 2 4 0 2 7 1 2 7 0 2 7 1 2 7 0 40.0670827627182007

Current Evaluation = 1350(1350)
Front Size = 10
0 2 7 1 2 7 5 31 3 1 2 7 0 2 7 0 2 7 1 2 7 0 2 7 1 2 11 1 2 7 1 2 7 0 2 7 1 2 7 0 2 7 5 31 3 0 2 7 0 2 7 1 2 7 0 2 7 1 2 7 1 2 7 17 18 2 0 2 7 0 2 7 0 2 7 0 2 7 17 18 2 17 18 2 16 6 2 0 2 7 0 2 7 5 31 3 17 9 2 13 6 3 1 2 7 0 2 4 0 2 7 1 2 7 0 2 7 1 2 7 0 40.0670827627182007
0 2 7 1 2 7 5 31 3 1 2 7 0 2 7 0 2 7 1 2 7 0 2 7 1 2 11 1 2 7 1 2 7 0 2 7 1 2 7 0 2 7 5 31 3 0 2 7 0 2 7 1 2 7 0 2 7 1 2 7 1 2 7 17 18 2 0 2 7 0 2 7 0 2 7 0 2 7 17 18 2 17 18 2 16 6 2 0 2 7 0 2 7 5 31 3 17 9 2 13 6 3 1 2 7 0 2 4 0 2 7 1 2 7 0 2 7 1 2 7 0 40.0670827627182007
0 2 7 1 2 7 5 31 3 1 2 7 0 2 7 0 2 7 1 2 7 0 2 7 1 2 11 1 2 7 1 2 7 0 2 7 1 2 7 0 2 7 5 31 3 0 2 7 0 2 7 1 2 7 0 2 7 1 2 7 1 2 7 17 18 2 0 2 7 0 2 7 0 2 7 0 2 7 17 18 2 17 18 2 16 6 2 0 2 7 0 2 7 5 31 3 17 9 2 13 6 3 1 2 7 0 2 4 0 2 7 1 2 7 0 2 7 1 2 7 0 40.0670827627182007
0 2 7 1 2 7 5 31 3 1 2 7 0 2 7 0 2 7 1 2 7 0 2 7 1 2 11 1 2 7 1 2 7 0 2 7 1 2 7 0 2 7 5 31 3 0 2 7 0 2 7 1 2 7 0 2 7 1 2 7 1 2 7 17 18 2 0 2 7 0 2 7 0 2 7 0 2 7 17 18 2 17 18 2 16 6 2 0 2 7 0 2 7 5 31 3 17 9 2 13 6 3 1 2 7 0 2 4 0 2 7 1 2 7 0 2 7 1 2 7 0 40.0670827627182007
1 2 7 1 2 7 16 31 2 1 2 7 0 2 7 0 2 7 0 2 1 1 2 7 0 2 7 1 2 7 17 18 2 0 2 7 0 2 7 0 2 7 5 30 3 0 2 7 13 6 3 17 18 2 0 2 4 1 2 7 0 2 7 17 9 2 0 2 7 0 2 4 0 2 7 0 2 7 17 18 2 0 2 7 0 2 7 1 2 4 0 2 7 1 2 7 5 30 3 5 30 3 1 2 7 0 2 7 1 2 7 5 30 3 5 31 3 0 2 7 0 40.5797686576843262
0 2 7 16 6 2 8 9 2 8 9 2 0 2 7 5 31 3 1 2 8 0 2 8 1 2 7 12 16 2 0 2 8 0 2 7 5 30 3 8 9 2 0 2 7 0 2 8 0 2 8 1 2 7 5 30 3 17 9 2 0 2 8 8 9 2 0 2 7 1 2 7 5 30 3 0 2 8 5 31 3 0 2 8 0 2 8 0 2 8 1 2 7 1 2 7 16 19 12 0 2 8 17 18 2 0 2 7 0 2 8 5 30 3 0 2 8 1 2 7 0.00494077435766448764 43.8880585432052612
0 2 7 0 2 3 0 2 7 0 2 7 0 2 7 0 2 8 0 2 7 0 2 7 1 2 11 0 2 3 1 2 7 16 6 2 5 31 3 0 2 7 12 16 2 6 2 7 5 30 3 0 2 7 0 2 7 16 19 12 1 2 3 1 2 3 0 2 3 5 31 3 0 2 3 16 18 11 0 2 3 17 18 2 1 2 7 0 2 7 1 2 8 5 30 3 0 2 3 0 2 3 0 2 7 0 2 3 0 2 8 5 30 3 0 2 7 1 2 7 0 43.0151698589324951
0 2 8 12 16 2 5 30 3 0 2 7 0 2 7 12 16 2 0 2 8 8 18 2 16 19 11 16 19 11 8 9 2 12 16 2 5 30 3 12 16 2 0 2 11 0 2 8 0 2 7 5 30 3 0 2 8 0 2 7 0 2 8 5 30 3 0 2 7 0 2 11 0 2 11 0 2 8 0 2 11 0 2 8 16 19 11 0 2 8 0 2 7 0 2 11 16 19 11 1 2 8 5 30 3 0 2 11 0 2 3 0 2 3 5 30 3 0 2 7 0 45.3050680160522461
8 9 2 8 9 2 8 9 2 0 2 8 1 2 8 0 2 8 0 2 8 12 16 2 0 2 8 16 15 2 5 30 3 8 9 2 1 2 8 0 2 8 0 2 8 5 30 3 5 30 3 0 2 8 0 2 8 8 9 2 0 2 7 0 2 8 0 2 8 5 30 3 0 2 8 0 2 8 16 6 2 0 2 8 0 2 8 0 2 8 16 19 12 0 2 8 16 19 12 0 2 8 0 2 8 16 19 12 0 2 8 5 30 3 0 2 8 5 30 3 0.00123879073012869213 45.6686279773712158
0 2 7 1 2 7 5 31 3 1 2 7 0 2 7 0 2 7 1 2 7 0 2 7 1 2 11 1 2 7 1 2 7 0 2 7 1 2 7 0 2 7 5 31 3 0 2 7 0 2 7 1 2 7 0 2 7 1 2 7 1 2 7 17 18 2 0 2 7 0 2 7 0 2 7 0 2 7 17 18 2 17 18 2 16 6 2 0 2 7 0 2 7 5 31 3 17 9 2 13 6 3 1 2 7 0 2 4 0 2 7 1 2 7 0 2 7 1 2 7 0 40.0670827627182007

Current Evaluation = 1800(1800)
Front Size = 10
0 2 7 1 2 7 5 31 3 1 2 7 0 2 7 0 2 7 1 2 7 0 2 7 1 2 11 1 2 7 1 2 7 0 2 7 1 2 7 0 2 7 5 31 3 0 2 7 0 2 7 1 2 7 0 2 7 1 2 7 1 2 7 17 18 2 0 2 7 0 2 7 0 2 7 0 2 7 17 18 2 17 18 2 16 6 2 0 2 7 0 2 7 5 31 3 17 9 2 13 6 3 1 2 7 0 2 4 0 2 7 1 2 7 0 2 7 1 2 7 0 40.0670827627182007
8 9 2 8 9 2 8 9 2 0 2 8 1 2 8 0 2 8 0 2 8 12 16 2 0 2 8 16 15 2 5 30 3 8 9 2 1 2 8 0 2 8 0 2 8 5 30 3 5 30 3 0 2 8 0 2 8 8 9 2 0 2 7 0 2 8 0 2 8 5 30 3 0 2 8 0 2 8 16 6 2 0 2 8 0 2 8 0 2 8 16 19 12 0 2 8 16 19 12 0 2 8 0 2 8 16 19 12 0 2 8 5 30 3 0 2 8 5 30 3 0.00123879073012869213 45.6686279773712158
0 2 7 1 2 7 5 31 3 1 2 7 0 2 7 0 2 7 1 2 7 0 2 7 1 2 11 1 2 7 1 2 7 0 2 7 1 2 7 0 2 7 5 31 3 0 2 7 0 2 7 1 2 7 0 2 7 1 2 7 1 2 7 17 18 2 0 2 7 0 2 7 0 2 7 0 2 7 17 18 2 17 18 2 16 6 2 0 2 7 0 2 7 5 31 3 17 9 2 13 6 3 1 2 7 0 2 4 0 2 7 1 2 7 0 2 7 1 2 7 0 40.0670827627182007
0 2 8 12 16 2 5 30 3 0 2 7 0 2 7 12 16 2 0 2 8 8 18 2 16 19 11 16 19 11 8 9 2 12 16 2 5 30 3 12 16 2 0 2 11 0 2 8 0 2 7 5 30 3 0 2 8 0 2 7 0 2 8 5 30 3 0 2 7 0 2 11 0 2 11 0 2 8 0 2 11 0 2 8 16 19 11 0 2 8 0 2 7 0 2 11 16 19 11 1 2 8 5 30 3 0 2 11 0 2 3 0 2 3 5 30 3 0 2 7 0 45.3050680160522461
0 2 7 1 2 7 5 31 3 1 2 7 0 2 7 0 2 7 1 2 7 0 2 7 1 2 11 1 2 7 1 2 7 0 2 7 1 2 7 0 2 7 5 31 3 0 2 7 0 2 7 1 2 7 0 2 7 1 2 7 1 2 7 17 18 2 0 2 7 0 2 7 0 2 7 0 2 7 17 18 2 17 18 2 16 6 2 0 2 7 0 2 7 5 31 3 17 9 2 13 6 3 1 2 7 0 2 4 0 2 7 1 2 7 0 2 7 1 2 7 0 40.0670827627182007
0 2 7 1 2 7 5 31 3 1 2 7 0 2 7 0 2 7 1 2 7 0 2 7 1 2 11 1 2 7 1 2 7 0 2 7 1 2 7 0 2 7 5 31 3 0 2 7 0 2 7 1 2 7 0 2 7 1 2 7 1 2 7 17 18 2 0 2 7 0 2 7 0 2 7 0 2 7 17 18 2 17 18 2 16 6 2 0 2 7 0 2 7 5 31 3 17 9 2 13 6 3 1 2 7 0 2 4 0 2 7 1 2 7 0 2 7 1 2 7 0 40.0670827627182007
0 2 7 1 2 7 5 31 3 1 2 7 0 2 7 0 2 7 1 2 7 0 2 7 1 2 11 1 2 7 1 2 7 0 2 7 1 2 7 0 2 7 5 31 3 0 2 7 0 2 7 1 2 7 0 2 7 1 2 7 1 2 7 17 18 2 0 2 7 0 2 7 0 2 7 0 2 7 17 18 2 17 18 2 16 6 2 0 2 7 0 2 7 5 31 3 17 9 2 13 6 3 1 2 7 0 2 4 0 2 7 1 2 7 0 2 7 1 2 7 0 40.0670827627182007
0 2 7 1 2 7 0 2 7 1 2 4 1 2 7 5 30 3 0 2 7 0 2 3 5 30 3 1 2 4 0 2 4 1 2 7 0 2 4 1 2 7 0 2 7 5 31 3 0 2 7 1 2 3 0 2 7 1 2 3 12 16 2 1 2 7 0 2 7 0 2 7 0 2 4 1 2 4 17 18 2 17 18 2 17 18 2 0 2 7 16 18 11 0 2 7 1 2 7 8 18 2 0 2 3 0 2 3 12 16 2 1 2 3 0 2 4 0 2 7 0 41.4022868275642395
0 2 7 1 2 7 5 31 3 1 2 7 0 2 7 0 2 7 1 2 7 0 2 7 1 2 11 1 2 7 1 2 7 0 2 7 1 2 7 0 2 7 5 31 3 0 2 7 0 2 7 1 2 7 0 2 7 1 2 7 1 2 7 17 18 2 0 2 7 0 2 7 0 2 7 0 2 7 17 18 2 17 18 2 16 6 2 0 2 7 0 2 7 5 31 3 17 9 2 13 6 3 1 2 7 0 2 4 0 2 7 1 2 7 0 2 7 1 2 7 0 40.0670827627182007
0 2 7 0 2 7 16 30 2 0 2 7 1 2 7 0 2 7 0 2 7 0 2 7 0 2 7 0 2 7 0 2 7 0 2 3 0 2 7 12 16 2 5 30 3 5 30 3 1 2 7 17 18 2 1 2 7 6 2 3 0 2 7 1 2 7 0 2 7 5 30 3 5 31 3 13 6 3 1 2 7 0 2 7 0 2 7 12 16 2 12 16 2 0 2 7 16 6 2 1 2 7 0 2 7 5 31 3 12 16 2 8 18 2 16 6 2 0 2 3 0 41.272133469581604

Current Evaluation = 2250(2250)
Front Size = 10
0 2 7 1 2 7 5 31 3 1 2 7 0 2 7 0 2 7 1 2 7 0 2 7 1 2 11 1 2 7 1 2 7 0 2 7 1 2 7 0 2 7 5 31 3 0 2 7 0 2 7 1 2 7 0 2 7 1 2 7 1 2 7 17 18 2 0 2 7 0 2 7 0 2 7 0 2 7 17 18 2 17 18 2 16 6 2 0 2 7 0 2 7 5 31 3 17 9 2 13 6 3 1 2 7 0 2 4 0 2 7 1 2 7 0 2 7 1 2 7 0 40.0670827627182007
0 2 7 1 2 7 5 31 3 1 2 7 0 2 7 0 2 7 1 2 7 0 2 7 1 2 11 1 2 7 1 2 7 0 2 7 1 2 7 0 2 7 5 31 3 0 2 7 0 2 7 1 2 7 0 2 7 1 2 7 1 2 7 17 18 2 0 2 7 0 2 7 0 2 7 0 2 7 17 18 2 17 18 2 16 6 2 0 2 7 0 2 7 5 31 3 17 9 2 13 6 3 1 2 7 0 2 4 0 2 7 1 2 7 0 2 7 1 2 7 0 40.0670827627182007
0 2 7 1 2 7 5 30 3 0 2 4 0 2 3 0 2 4 1 2 7 0 2 7 1 2 7 1 2 7 1 2 7 0 2 7 1 2 4 0 2 4 5 31 3 0 2 7 0 2 7 0 2 7 1 2 7 1 2 7 17 18 2 0 2 7 0 2 7 0 2 4 1 2 7 17 18 2 17 18 2 13 6 3 0 2 7 5 30 3 16 6 2 0 2 7 0 2 7 1 2 7 17 9 2 5 31 3 0 2 7 1 2 7 0 2 7 1 2 7 0 40.148398756980896
0 2 8 12 16 2 5 30 3 0 2 7 0 2 7 12 16 2 0 2 8 8 18 2 16 19 11 16 19 11 8 9 2 12 16 2 5 30 3 12 16 2 0 2 11 0 2 8 0 2 7 5 30 3 0 2 8 0 2 7 0 2 8 5 30 3 0 2 7 0 2 11 0 2 11 0 2 8 0 2 11 0 2 8 16 19 11 0 2 8 0 2 7 0 2 11 16 19 11 1 2 8 5 30 3 0 2 11 0 2 3 0 2 3 5 30 3 0 2 7 0 45.3050680160522461
8 9 2 8 9 2 8 9 2 0 2 8 1 2 8 0 2 8 0 2 8 12 16 2 0 2 8 16 15 2 5 30 3 8 9 2 1 2 8 0 2 8 0 2 8 5 30 3 5 30 3 0 2 8 0 2 8 8 9 2 0 2 7 0 2 8 0 2 8 5 30 3 0 2 8 0 2 8 16 6 2 0 2 8 0 2 8 0 2 8 16 19 12 0 2 8 16 19 12 0 2 8 0 2 8 16 19 12 0 2 8 5 30 3 0 2 8 5 30 3 0.00123879073012869213 45.6686279773712158
0 2 7 1 2 7 5 31 3 1 2 7 0 2 7 0 2 7 1 2 7 0 2 7 1 2 11 1 2 7 1 2 7 0 2 7 1 2 7 0 2 7 5 31 3 0 2 7 0 2 7 1 2 7 0 2 7 1 2 7 1 2 7 17 18 2 0 2 7 0 2 7 0 2 7 0 2 7 17 18 2 17 18 2 16 6 2 0 2 7 0 2 7 5 31 3 17 9 2 13 6 3 1 2 7 0 2 4 0 2 7 1 2 7 0 2 7 1 2 7 0 40.0670827627182007
0 2 7 1 2 7 5 31 3 1 2 7 0 2 7 0 2 7 1 2 7 0 2 7 1 2 11 1 2 7 1 2 7 0 2 7 1 2 7 0 2 7 5 31 3 0 2 7 0 2 7 1 2 7 0 2 7 1 2 7 1 2 7 17 18 2 0 2 7 0 2 7 0 2 7 0 2 7 17 18 2 17 18 2 16 6 2 0 2 7 0 2 7 5 31 3 17 9 2 13 6 3 1 2 7 0 2 4 0 2 7 1 2 7 0 2 7 1 2 7 0 40.0670827627182007
0 2 7 1 2 7 5 31 3 1 2 7 0 2 7 0 2 7 1 2 7 0 2 7 1 2 11 1 2 7 1 2 7 0 2 7 1 2 7 0 2 7 5 31 3 0 2 7 0 2 7 1 2 7 0 2 7 1 2 7 1 2 7 17 18 2 0 2 7 0 2 7 0 2 7 0 2 7 17 18 2 17 18 2 16 6 2 0 2 7 0 2 7 5 31 3 17 9 2 13 6 3 1 2 7 0 2 4 0 2 7 1 2 7 0 2 7 1 2 7 0 40.0670827627182007
0 2 7 1 2 7 5 31 3 1 2 7 0 2 7 0 2 7 1 2 7 0 2 7 1 2 11 1 2 7 1 2 7 0 2 7 1 2 7 0 2 7 5 31 3 0 2 7 0 2 7 1 2 7 0 2 7 1 2 7 1 2 7 17 18 2 0 2 7 0 2 7 0 2 7 0 2 7 17 18 2 17 18 2 16 6 2 0 2 7 0 2 7 5 31 3 17 9 2 13 6 3 1 2 7 0 2 4 0 2 7 1 2 7 0 2 7 1 2 7 0 40.0670827627182007
0 2 7 0 2 7 0 2 7 1 2 7 0 2 4 0 2 3 0 2 7 0 2 3 1 2 7 0 2 7 0 2 11 1 2 7 17 18 2 1 2 7 0 2 7 0 2 7 0 2 7 5 31 3 13 6 3 0 2 7 1 2 7 1 2 3 0 2 7 16 6 2 1 2 7 0 2 4 5 30 3 16 30 2 1 2 7 12 16 2 5 30 3 5 30 3 0 2 7 0 2 7 12 16 2 12 16 2 17 18 2 1 2 3 8 9 2 0 2 3 0 41.1794077157974243

Current Evaluation = 2700(2700)
Front Size = 10
0 2 7 1 2 7 5 31 3 1 2 7 0 2 7 0 2 7 1 2 7 0 2 7 1 2 7 0 2 7 1 2 7 0 2 7 5 31 3 0 2 7 0 2 7 1 2 7 0 2 7 1 2 7 1 2 7 17 18 2 0 2 7 0 2 7 0 2 7 0 2 7 17 18 2 17 18 2 16 6 2 0 2 4 0 2 7 17 9 2 13 6 3 0 2 7 1 2 7 1 2 11 5 31 3 1 2 7 0 2 7 1 2 7 0 2 7 1 2 7 0 40.0670827627182007
0 2 7 1 2 7 5 31 3 1 2 7 0 2 7 0 2 7 1 2 7 0 2 7 1 2 7 0 2 7 1 2 7 0 2 7 5 31 3 0 2 7 0 2 7 1 2 7 0 2 7 1 2 7 1 2 7 17 18 2 0 2 7 0 2 7 0 2 7 0 2 7 17 18 2 17 18 2 16 6 2 0 2 4 0 2 7 17 9 2 13 6 3 0 2 7 1 2 7 1 2 11 5 31 3 1 2 7 0 2 7 1 2 7 0 2 7 1 2 7 0 40.0670827627182007
8 9 2 8 9 2 8 9 2 0 2 8 1 2 8 0 2 8 0 2 8 12 16 2 0 2 8 16 15 2 5 30 3 8 9 2 1 2 8 0 2 8 0 2 8 5 30 3 5 30 3 0 2 8 0 2 8 8 9 2 0 2 7 0 2 8 0 2 8 5 30 3 0 2 8 0 2 8 16 6 2 0 2 8 0 2 8 0 2 8 16 19 12 0 2 8 16 19 12 0 2 8 0 2 8 16 19 12 0 2 8 5 30 3 0 2 8 5 30 3 0.00123879073012869213 45.6686279773712158
0 2 7 1 2 7 5 31 3 0 2 7 0 2 7 0 2 7 1 2 7 0 2 7 1 2 11 1 2 7 1 2 7 0 2 7 1 2 7 0 2 7 5 31 3 0 2 7 0 2 7 1 2 7 0 2 7 1 2 7 1 2 7 17 18 2 0 2 7 0 2 7 0 2 7 0 2 7 17 18 2 17 18 2 16 6 2 0 2 7 0 2 7 5 31 3 17 9 2 13 6 3 1 2 7 0 2 7 1 2 7 0 2 7 1 2 4 1 2 7 0 40.0670827627182007
0 2 7 1 2 7 1 2 7 0 2 7 1 2 7 1 2 7 1 2 7 0 2 7 1 2 4 5 31 3 0 2 7 0 2 7 0 2 7 1 2 7 1 2 7 17 18 2 0 2 7 0 2 7 1 2 4 17 18 2 17 18 2 13 6 3 0 2 7 16 6 2 0 2 7 0 2 7 1 2 7 17 9 2 5 31 3 0 2 7 1 2 4 0 2 7 1 2 3 5 30 3 0 2 7 0 2 7 0 2 4 0 2 4 5 30 3 0 2 7 0 40.148398756980896
0 2 7 1 2 7 5 31 3 1 2 7 0 2 7 0 2 7 1 2 7 0 2 7 1 2 7 0 2 7 1 2 7 0 2 7 5 31 3 0 2 7 0 2 7 1 2 7 0 2 7 1 2 7 1 2 7 17 18 2 0 2 7 0 2 7 0 2 7 0 2 7 17 18 2 17 18 2 16 6 2 0 2 4 0 2 7 17 9 2 13 6 3 0 2 7 1 2 7 1 2 11 5 31 3 1 2 7 0 2 7 1 2 7 0 2 7 1 2 7 0 40.0670827627182007
0 2 8 12 16 2 5 30 3 0 2 7 0 2 7 12 16 2 0 2 8 8 18 2 16 19 11 16 19 11 8 9 2 12 16 2 5 30 3 12 16 2 0 2 11 0 2 8 0 2 7 5 30 3 0 2 8 0 2 7 0 2 8 5 30 3 0 2 7 0 2 11 0 2 11 0 2 8 0 2 11 0 2 8 16 19 11 0 2 8 0 2 7 0 2 11 16 19 11 1 2 8 5 30 3 0 2 11 0 2 3 0 2 3 5 30 3 0 2 7 0 45.3050680160522461
0 2 7 1 2 7 5 31 3 1 2 7 0 2 7 0 2 7 1 2 7 0 2 7 1 2 11 1 2 7 1 2 7 0 2 7 1 2 7 0 2 7 5 31 3 0 2 7 0 2 7 1 2 7 0 2 7 1 2 7 1 2 7 17 18 2 0 2 7 0 2 7 0 2 7 0 2 7 17 18 2 17 18 2 16 6 2 0 2 7 0 2 7 5 31 3 17 9 2 13 6 3 1 2 7 0 2 7 1 2 7 0 2 7 1 2 4 0 2 7 0 40.0670827627182007
1 2 4 1 2 7 12 16 2 1 2 7 0 2 7 0 2 4 1 2 7 0 2 7 0 2 7 17 18 2 1 2 7 0 2 7 0 2 3 0 2 7 5 31 3 13 6 3 0 2 4 5 30 3 0 2 11 16 30 2 1 2 3 1 2 7 0 2 7 0 2 4 8 18 2 1 2 7 1 2 7 0 2 11 1 2 4 0 2 7 5 30 3 17 9 2 12 16 2 0 2 4 0 2 7 12 16 2 12 16 2 0 2 4 17 18 2 0 2 7 0 40.9694018363952637
0 2 7 0 2 7 1 2 7 0 2 7 1 2 7 1 2 11 1 2 7 0 2 7 5 31 3 0 2 7 0 2 7 0 2 7 1 2 7 1 2 7 17 18 2 1 2 7 0 2 7 17 18 2 17 18 2 13 6 3 0 2 7 16 6 2 1 2 7 0 2 7 1 2 7 17 9 2 5 31 3 0 2 7 0 2 7 0 2 4 0 2 7 0 2 7 0 2 7 1 2 7 5 31 3 1 2 7 1 2 7 1 2 7 0 2 7 0 2 7 0 40.0670827627182007

Current Evaluation = 3150(3150)
Front Size = 10
0 2 7 0 2 7 0 2 7 0 2 7 1 2 7 1 2 7 1 2 7 0 2 7 5 31 3 0 2 7 0 2 7 0 2 7 1 2 7 1 2 7 17 18 2 1 2 7 0 2 7 17 18 2 17 18 2 13 6 3 0 2 4 16 6 2 1 2 7 0 2 7 1 2 7 17 9 2 5 31 3 0 2 7 0 2 7 0 2 7 0 2 7 0 2 7 1 2 7 5 31 3 1 2 7 1 2 11 1 2 7 0 2 7 1 2 7 0 2 7 0 40.0670827627182007
0 2 7 0 2 7 1 2 7 0 2 7 1 2 7 1 2 11 1 2 7 0 2 7 5 31 3 0 2 7 0 2 7 0 2 7 1 2 7 1 2 7 17 18 2 1 2 7 0 2 7 17 18 2 17 18 2 13 6 3 0 2 7 16 6 2 1 2 7 0 2 7 1 2 7 17 9 2 5 31 3 0 2 7 0 2 7 0 2 7 0 2 7 0 2 7 1 2 7 5 31 3 1 2 7 1 2 7 0 2 7 0 2 7 1 2 7 0 2 4 0 40.0670827627182007
0 2 8 12 16 2 5 30 3 0 2 7 0 2 7 12 16 2 0 2 8 8 18 2 16 19 11 16 19 11 8 9 2 12 16 2 5 30 3 12 16 2 0 2 11 0 2 8 0 2 7 5 30 3 0 2 8 0 2 7 0 2 8 5 30 3 0 2 7 0 2 11 0 2 11 0 2 8 0 2 11 0 2 8 16 19 11 0 2 8 0 2 7 0 2 11 16 19 11 1 2 8 5 30 3 0 2 11 0 2 3 0 2 3 5 30 3 0 2 7 0 45.3050680160522461
0 2 7 1 2 7 1 2 7 0 2 7 1 2 7 1 2 7 1 2 7 0 2 7 1 2 4 5 31 3 0 2 7 0 2 7 0 2 7 1 2 7 1 2 7 17 18 2 0 2 7 0 2 7 1 2 4 17 18 2 17 18 2 13 6 3 0 2 7 16 6 2 0 2 7 0 2 7 1 2 7 17 9 2 5 31 3 0 2 7 1 2 4 0 2 7 1 2 3 5 30 3 0 2 7 0 2 7 0 2 4 0 2 4 5 30 3 0 2 7 0 40.148398756980896
8 9 2 8 9 2 8 9 2 0 2 8 1 2 8 0 2 8 0 2 8 12 16 2 0 2 8 16 15 2 5 30 3 8 9 2 1 2 8 0 2 8 0 2 8 5 30 3 5 30 3 0 2 8 0 2 8 8 9 2 0 2 7 0 2 8 0 2 8 5 30 3 0 2 8 0 2 8 16 6 2 0 2 8 0 2 8 0 2 8 16 19 12 0 2 8 16 19 12 0 2 8 0 2 8 16 19 12 0 2 8 5 30 3 0 2 8 5 30 3 0.00123879073012869213 45.6686279773712158
0 2 7 0 2 7 1 2 7 0 2 7 1 2 7 1 2 11 1 2 7 0 2 7 5 31 3 0 2 7 0 2 7 0 2 7 1 2 7 1 2 7 17 18 2 1 2 7 0 2 7 17 18 2 17 18 2 13 6 3 0 2 7 16 6 2 1 2 7 0 2 7 1 2 7 17 9 2 5 31 3 0 2 7 0 2 7 0 2 7 0 2 7 0 2 7 1 2 7 5 31 3 1 2 7 1 2 7 0 2 7 0 2 7 1 2 4 0 2 7 0 40.0670827627182007
0 2 7 0 2 7 1 2 7 0 2 7 1 2 7 1 2 11 1 2 7 0 2 7 5 31 3 0 2 7 0 2 7 0 2 7 1 2 7 1 2 7 17 18 2 1 2 7 0 2 7 17 18 2 17 18 2 13 6 3 0 2 7 16 6 2 1 2 7 0 2 7 1 2 7 17 9 2 5 31 3 0 2 7 0 2 7 0 2 7 0 2 7 0 2 7 1 2 7 5 31 3 1 2 7 0 2 7 0 2 7 0 2 7 1 2 4 1 2 7 0 40.0670827627182007
0 2 7 0 2 7 1 2 7 0 2 7 1 2 7 1 2 11 1 2 7 0 2 7 5 31 3 0 2 7 0 2 7 0 2 7 1 2 7 1 2 7 17 18 2 1 2 7 0 2 7 17 18 2 17 18 2 13 6 3 0 2 7 16 6 2 1 2 7 0 2 7 1 2 7 17 9 2 5 31 3 0 2 7 0 2 7 0 2 7 0 2 7 0 2 7 1 2 7 5 31 3 1 2 7 1 2 7 0 2 7 0 2 7 1 2 4 0 2 7 0 40.0670827627182007
5 30 3 0 2 7 6 2 7 0 2 7 1 2 7 1 2 4 0 2 7 5 30 3 0 2 4 0 2 7 0 2 7 1 2 7 0 2 7 5 31 3 1 2 7 0 2 7 17 18 2 13 6 3 1 2 7 0 2 7 17 9 2 1 2 7 8 18 2 17 18 2 0 2 7 12 16 2 0 2 7 5 31 3 12 16 2 0 2 7 0 2 7 1 2 7 12 16 2 1 2 4 0 2 7 16 6 2 0 2 7 1 2 7 0 2 4 0 2 7 0 40.7849956154823303
0 2 7 0 2 7 0 2 7 0 2 7 1 2 7 1 2 7 1 2 7 0 2 7 5 31 3 0 2 7 0 2 7 0 2 7 1 2 7 1 2 7 17 18 2 1 2 7 0 2 7 17 18 2 17 18 2 13 6 3 0 2 4 16 6 2 1 2 7 0 2 7 1 2 7 17 9 2 5 31 3 0 2 7 0 2 7 0 2 7 0 2 7 0 2 7 1 2 7 5 31 3 1 2 7 1 2 11 1 2 7 0 2 7 1 2 7 0 2 7 0 40.0670827627182007

Current Evaluation = 3600(3600)
Front Size = 10
0 2 7 0 2 7 1 2 7 0 2 7 1 2 7 1 2 11 1 2 7 0 2 7 5 31 3 0 2 7 0 2 7 0 2 7 1 2 7 1 2 7 17 18 2 1 2 7 17 18 2 17 18 2 13 6 3 0 2 7 16 6 2 1 2 7 0 2 7 1 2 7 17 9 2 5 31 3 0 2 7 0 2 7 0 2 7 0 2 7 0 2 7 1 2 7 5 31 3 1 2 7 1 2 7 0 2 7 0 2 7 0 2 7 0 2 4 1 2 7 0 40.0670827627182007
8 9 2 8 9 2 8 9 2 0 2 8 1 2 8 0 2 8 0 2 8 12 16 2 0 2 8 16 15 2 5 30 3 8 9 2 1 2 8 0 2 8 0 2 8 5 30 3 5 30 3 0 2 8 0 2 8 8 9 2 0 2 7 0 2 8 0 2 8 5 30 3 0 2 8 0 2 8 16 6 2 0 2 8 0 2 8 0 2 8 16 19 12 0 2 8 16 19 12 0 2 8 0 2 8 16 19 12 0 2 8 5 30 3 0 2 8 5 30 3 0.00123879073012869213 45.6686279773712158
0 2 7 1 2 7 1 2 7 0 2 7 1 2 7 1 2 7 1 2 4 0 2 7 1 2 7 5 31 3 0 2 7 0 2 7 0 2 7 0 2 7 1 2 7 17 18 2 0 2 7 0 2 7 17 18 2 17 18 2 13 6 3 0 2 7 16 6 2 0 2 7 0 2 7 1 2 7 17 9 2 5 31 3 1 2 7 0 2 7 0 2 7 0 2 7 0 2 7 1 2 11 1 2 7 1 2 7 1 2 7 0 2 7 0 2 7 5 31 3 0 40.0670827627182007
0 2 3 0 2 7 1 2 3 1 2 3 0 2 7 5 31 3 0 2 7 5 30 3 0 2 7 0 2 7 0 2 7 16 6 2 0 2 7 5 30 3 1 2 7 0 2 7 0 2 7 0 2 7 1 2 7 0 2 7 0 2 7 0 2 3 0 2 7 16 19 11 0 2 7 0 2 7 0 2 7 17 18 2 5 31 3 0 2 7 5 30 3 12 16 2 1 2 7 1 2 7 16 19 11 0 2 7 16 6 2 0 2 7 8 9 2 1 2 7 0 41.7753704786300659
0 2 7 1 2 7 1 2 7 0 2 7 1 2 7 1 2 7 1 2 7 0 2 7 1 2 4 5 31 3 0 2 7 0 2 7 0 2 7 1 2 7 1 2 7 17 18 2 0 2 7 0 2 7 1 2 4 17 18 2 17 18 2 13 6 3 0 2 7 16 6 2 0 2 7 0 2 7 1 2 7 17 9 2 5 31 3 0 2 7 1 2 4 0 2 7 1 2 3 5 30 3 0 2 7 0 2 7 0 2 4 0 2 4 5 30 3 0 2 7 0 40.148398756980896
0 2 7 1 2 7 1 2 7 0 2 7 1 2 7 1 2 7 1 2 4 0 2 7 1 2 7 5 31 3 0 2 7 0 2 7 0 2 7 0 2 7 1 2 7 17 18 2 0 2 7 0 2 7 17 18 2 17 18 2 13 6 3 0 2 7 16 6 2 0 2 7 0 2 7 1 2 7 17 9 2 5 31 3 1 2 7 0 2 7 0 2 7 0 2 7 0 2 7 1 2 11 1 2 7 1 2 7 1 2 7 0 2 7 0 2 7 5 31 3 0 40.0670827627182007
0 2 7 0 2 7 1 2 7 0 2 7 1 2 11 1 2 7 1 2 7 0 2 7 5 31 3 0 2 4 0 2 7 0 2 7 1 2 7 1 2 7 17 18 2 1 2 7 17 18 2 17 18 2 13 6 3 0 2 7 16 6 2 1 2 7 0 2 7 1 2 7 17 9 2 5 31 3 0 2 7 0 2 7 0 2 7 0 2 7 0 2 7 1 2 7 5 31 3 1 2 7 1 2 7 1 2 7 0 2 7 0 2 7 0 2 7 0 2 7 0 40.0670827627182007
0 2 7 0 2 7 1 2 7 0 2 7 1 2 11 1 2 7 1 2 7 0 2 7 5 31 3 0 2 4 0 2 7 0 2 7 1 2 7 1 2 7 17 18 2 1 2 7 17 18 2 17 18 2 13 6 3 0 2 7 16 6 2 1 2 7 0 2 7 1 2 7 17 9 2 5 31 3 0 2 7 0 2 7 0 2 7 0 2 7 0 2 7 1 2 7 5 31 3 1 2 7 1 2 7 1 2 7 0 2 7 0 2 7 0 2 7 0 2 7 0 40.0670827627182007
0 2 7 1 2 7 1 2 7 1 2 7 1 2 7 1 2 7 1 2 7 0 2 7 5 31 3 0 2 7 0 2 7 0 2 7 0 2 4 1 2 7 17 18 2 0 2 4 0 2 7 17 18 2 13 6 3 0 2 7 16 30 2 0 2 7 0 2 7 17 9 2 5 31 3 0 2 4 0 2 7 0 2 7 1 2 7 0 2 7 0 2 7 1 2 7 0 2 7 8 18 2 12 16 2 5 30 3 12 16 2 1 2 4 5 30 3 12 16 2 0 40.7733256816864014
0 2 7 0 2 7 1 2 7 0 2 7 1 2 7 1 2 11 1 2 7 0 2 7 5 31 3 0 2 7 0 2 7 0 2 7 1 2 7 1 2 7 17 18 2 1 2 7 17 18 2 17 18 2 13 6 3 0 2 7 16 6 2 1 2 7 0 2 7 1 2 7 17 9 2 5 31 3 0 2 7 0 2 7 0 2 7 0 2 7 0 2 7 1 2 7 5 31 3 1 2 7 1 2 7 0 2 7 0 2 7 0 2 7 0 2 4 1 2 7 0 40.0670827627182007

Current Evaluation = 4050(4050)
Front Size = 10
0 2 7 1 2 7 1 2 7 0 2 7 1 2 7 1 2 7 0 2 7 1 2 7 5 31 3 0 2 7 0 2 7 0 2 7 0 2 7 1 2 11 17 18 2 0 2 7 0 2 7 17 18 2 17 18 2 13 6 3 0 2 7 0 2 7 0 2 7 1 2 7 17 9 2 5 31 3 1 2 7 1 2 7 1 2 7 0 2 4 0 2 7 1 2 7 0 2 7 0 2 7 1 2 7 16 6 2 1 2 7 0 2 7 5 31 3 0 2 7 0 40.0670827627182007
0 2 7 1 2 7 1 2 7 0 2 7 1 2 7 1 2 7 0 2 7 1 2 7 5 31 3 0 2 7 0 2 7 0 2 7 0 2 7 1 2 4 17 18 2 0 2 7 0 2 7 17 18 2 17 18 2 13 6 3 0 2 7 16 6 2 0 2 7 0 2 7 1 2 7 17 9 2 5 31 3 1 2 7 0 2 7 0 2 7 0 2 7 0 2 7 1 2 11 1 2 7 1 2 7 1 2 7 0 2 7 5 31 3 0 2 7 1 2 7 0 40.0670827627182007
0 2 7 1 2 7 1 2 7 0 2 4 1 2 7 1 2 7 0 2 7 1 2 7 5 31 3 0 2 7 0 2 7 0 2 7 0 2 7 1 2 7 17 18 2 0 2 7 0 2 7 17 18 2 17 18 2 13 6 3 0 2 7 0 2 7 0 2 7 1 2 7 17 9 2 5 31 3 1 2 7 0 2 7 0 2 7 0 2 7 0 2 7 1 2 7 1 2 7 1 2 7 1 2 4 16 24 2 0 2 4 5 30 3 5 30 3 0 2 7 0 40.1302337646484375
0 2 7 1 2 7 1 2 7 1 2 7 1 2 7 1 2 7 1 2 7 0 2 7 5 31 3 0 2 7 0 2 7 0 2 7 0 2 4 1 2 7 17 18 2 0 2 4 0 2 7 17 18 2 13 6 3 0 2 7 16 30 2 0 2 7 0 2 7 17 9 2 5 31 3 0 2 4 0 2 7 0 2 7 1 2 7 0 2 7 0 2 7 1 2 7 0 2 7 8 18 2 12 16 2 5 30 3 12 16 2 1 2 4 5 30 3 12 16 2 0 40.7733256816864014
1 2 7 0 2 7 0 2 3 12 16 2 0 2 7 1 2 4 1 2 7 5 31 3 1 2 3 0 2 11 0 2 7 0 2 4 1 2 4 5 30 3 1 2 4 17 18 2 5 30 3 0 2 3 17 9 2 8 18 2 0 2 11 1 2 7 0 2 7 1 2 4 0 2 7 17 9 2 0 2 7 0 2 3 0 2 7 0 2 7 1 2 7 0 2 7 6 2 7 0 2 7 0 2 3 0 2 7 1 2 7 5 30 3 16 24 2 0 2 3 0 41.5017949938774109
0 2 7 1 2 7 1 2 7 0 2 7 1 2 7 1 2 7 0 2 7 1 2 7 5 31 3 0 2 7 0 2 7 0 2 7 0 2 7 1 2 7 17 18 2 0 2 7 0 2 7 17 18 2 17 18 2 13 6 3 0 2 7 16 6 2 0 2 7 0 2 7 1 2 7 17 9 2 5 31 3 1 2 7 0 2 7 0 2 7 0 2 7 0 2 7 1 2 11 1 2 7 1 2 7 1 2 7 0 2 7 5 31 3 0 2 4 1 2 7 0 40.0670827627182007
8 9 2 8 9 2 8 9 2 0 2 8 1 2 8 0 2 8 0 2 8 12 16 2 0 2 8 16 15 2 5 30 3 8 9 2 1 2 8 0 2 8 0 2 8 5 30 3 5 30 3 0 2 8 0 2 8 8 9 2 0 2 7 0 2 8 0 2 8 5 30 3 0 2 8 0 2 8 16 6 2 0 2 8 0 2 8 0 2 8 16 19 12 0 2 8 16 19 12 0 2 8 0 2 8 16 19 12 0 2 8 5 30 3 0 2 8 5 30 3 0.00123879073012869213 45.6686279773712158
0 2 7 1 2 7 1 2 4 0 2 7 1 2 7 1 2 7 0 2 7 1 2 7 5 31 3 0 2 7 0 2 7 0 2 7 0 2 7 1 2 7 17 18 2 0 2 7 0 2 7 17 18 2 17 18 2 13 6 3 0 2 7 16 6 2 0 2 7 0 2 7 1 2 7 17 9 2 5 31 3 1 2 7 0 2 7 0 2 7 0 2 7 0 2 7 1 2 11 1 2 7 1 2 7 1 2 7 0 2 7 5 31 3 0 2 7 1 2 7 0 40.0670827627182007
0 2 7 1 2 7 1 2 7 0 2 7 1 2 7 1 2 7 0 2 7 1 2 7 5 31 3 0 2 7 0 2 7 0 2 7 0 2 7 1 2 7 17 18 2 0 2 7 0 2 7 17 18 2 17 18 2 13 6 3 0 2 7 16 6 2 0 2 7 0 2 7 1 2 7 17 9 2 5 31 3 1 2 7 0 2 7 0 2 7 0 2 7 0 2 7 1 2 11 1 2 7 1 2 7 1 2 7 0 2 7 5 31 3 0 2 4 1 2 7 0 40.0670827627182007
0 2 7 1 2 7 1 2 7 0 2 7 1 2 7 1 2 7 0 2 7 1 2 7 5 31 3 0 2 7 0 2 7 0 2 7 0 2 7 1 2 11 17 18 2 0 2 7 0 2 7 17 18 2 17 18 2 13 6 3 0 2 7 0 2 7 0 2 7 1 2 7 17 9 2 5 31 3 1 2 7 1 2 7 1 2 7 0 2 4 0 2 7 1 2 7 0 2 7 0 2 7 1 2 7 16 6 2 1 2 7 0 2 7 5 31 3 0 2 7 0 40.0670827627182007

Current Evaluation = 4500(4500)
Front Size = 10
0 2 7 1 2 7 1 2 7 0 2 7 1 2 7 1 2 7 0 2 7 0 2 7 5 31 3 0 2 7 0 2 7 0 2 7 0 2 7 1 2 7 17 18 2 0 2 7 1 2 7 17 18 2 17 18 2 13 6 3 0 2 7 0 2 7 1 2 11 1 2 7 17 9 2 5 31 3 1 2 7 0 2 7 0 2 7 0 2 7 0 2 7 1 2 7 1 2 7 1 2 7 0 2 7 1 2 7 16 6 2 0 2 7 5 31 3 0 2 4 0 40.0670827627182007
0 2 7 1 2 7 1 2 7 6 2 4 0 2 4 1 2 7 0 2 7 1 2 3 5 31 3 0 2 7 0 2 7 0 2 4 0 2 7 1 2 7 17 18 2 0 2 7 0 2 7 17 18 2 13 6 3 0 2 4 0 2 7 0 2 7 1 2 7 17 18 2 5 31 3 1 2 7 0 2 7 0 2 7 0 2 7 1 2 7 1 2 7 0 2 3 5 30 3 5 30 3 16 30 2 12 16 2 0 2 7 1 2 7 12 16 2 0 2 7 0 40.6780157685279846
16 6 2 1 2 7 1 2 7 1 2 7 1 2 7 0 2 7 1 2 7 5 31 3 0 2 7 0 2 7 1 2 11 0 2 7 1 2 7 17 18 2 0 2 7 0 2 4 17 18 2 17 18 2 13 6 3 0 2 7 0 2 7 0 2 7 1 2 7 17 9 2 5 31 3 1 2 7 0 2 7 0 2 7 0 2 7 0 2 7 1 2 7 1 2 7 0 2 7 0 2 7 1 2 7 0 2 7 0 2 7 0 2 7 1 2 7 5 31 3 0 40.0670827627182007
0 2 7 1 2 7 1 2 7 0 2 7 1 2 7 1 2 7 0 2 7 0 2 7 5 31 3 0 2 7 0 2 7 0 2 7 0 2 7 1 2 7 17 18 2 0 2 7 1 2 7 17 18 2 17 18 2 13 6 3 0 2 7 0 2 7 1 2 11 1 2 7 17 9 2 5 31 3 1 2 7 0 2 7 0 2 7 0 2 7 0 2 7 1 2 7 1 2 7 1 2 7 0 2 7 1 2 7 16 6 2 0 2 7 5 31 3 0 2 4 0 40.0670827627182007
1 2 7 0 2 7 0 2 3 12 16 2 0 2 7 1 2 4 1 2 7 5 31 3 1 2 3 0 2 11 0 2 7 0 2 4 1 2 4 5 30 3 1 2 4 17 18 2 5 30 3 0 2 3 17 9 2 8 18 2 0 2 11 1 2 7 0 2 7 1 2 4 0 2 7 17 9 2 0 2 7 0 2 3 0 2 7 0 2 7 1 2 7 0 2 7 6 2 7 0 2 7 0 2 3 0 2 7 1 2 7 5 30 3 16 24 2 0 2 3 0 41.5017949938774109
0 2 7 1 2 7 0 2 7 0 2 7 1 2 4 0 2 7 0 2 7 1 2 7 5 31 3 0 2 7 1 2 7 1 2 7 0 2 7 1 2 7 17 18 2 0 2 7 0 2 7 17 18 2 17 18 2 13 6 3 0 2 7 0 2 7 0 2 7 1 2 11 17 9 2 1 2 7 1 2 7 0 2 7 0 2 7 0 2 7 1 2 7 1 2 7 0 2 7 1 2 7 0 2 7 0 2 7 5 31 3 1 2 7 16 6 2 5 31 3 0 40.0670827627182007
0 2 7 1 2 7 1 2 7 0 2 7 1 2 7 1 2 7 0 2 7 0 2 7 5 31 3 0 2 7 0 2 7 0 2 7 0 2 7 1 2 7 17 18 2 0 2 7 1 2 7 17 18 2 17 18 2 13 6 3 0 2 7 0 2 7 1 2 11 1 2 7 17 9 2 5 31 3 1 2 7 0 2 7 0 2 7 0 2 7 0 2 7 1 2 7 1 2 7 1 2 7 0 2 7 1 2 7 16 6 2 0 2 7 5 31 3 0 2 4 0 40.0670827627182007
8 9 2 8 9 2 8 9 2 0 2 8 1 2 8 0 2 8 0 2 8 12 16 2 0 2 8 16 15 2 5 30 3 8 9 2 1 2 8 0 2 8 0 2 8 5 30 3 5 30 3 0 2 8 0 2 8 8 9 2 0 2 7 0 2 8 0 2 8 5 30 3 0 2 8 0 2 8 16 6 2 0 2 8 0 2 8 0 2 8 16 19 12 0 2 8 16 19 12 0 2 8 0 2 8 16 19 12 0 2 8 5 30 3 0 2 8 5 30 3 0.00123879073012869213 45.6686279773712158
0 2 7 1 2 7 1 2 7 0 2 7 1 2 7 1 2 7 0 2 7 1 2 7 5 31 3 0 2 7 0 2 7 0 2 7 0 2 7 1 2 11 17 18 2 0 2 7 0 2 7 17 18 2 17 18 2 13 6 3 0 2 7 0 2 7 0 2 7 1 2 7 17 9 2 5 31 3 1 2 7 1 2 4 1 2 7 0 2 7 1 2 7 0 2 7 0 2 7 1 2 7 16 6 2 0 2 7 5 31 3 0 2 7 0 2 7 1 2 7 0 40.0670827627182007
0 2 7 1 2 7 1 2 7 0 2 4 1 2 7 1 2 7 0 2 7 1 2 7 5 31 3 0 2 7 0 2 7 0 2 7 0 2 7 1 2 7 17 18 2 0 2 7 0 2 7 17 18 2 17 18 2 13 6 3 0 2 7 0 2 7 0 2 7 1 2 7 17 9 2 5 31 3 1 2 7 0 2 7 0 2 7 0 2 7 0 2 7 1 2 7 1 2 7 1 2 7 1 2 4 16 24 2 0 2 4 5 30 3 5 30 3 0 2 7 0 40.1302337646484375

Current Evaluation = 4950(4950)
Front Size = 10
0 2 7 0 2 7 1 2 7 0 2 7 1 2 7 0 2 7 0 2 7 1 2 7 5 31 3 0 2 7 0 2 7 0 2 7 0 2 7 1 2 7 17 18 2 0 2 7 1 2 7 17 18 2 17 18 2 13 6 3 0 2 7 0 2 7 1 2 11 17 9 2 1 2 7 0 2 7 0 2 7 0 2 7 1 2 7 1 2 7 1 2 7 0 2 7 5 31 3 16 6 2 5 31 3 1 2 7 0 2 7 1 2 7 1 2 4 0 2 7 0 40.0670827627182007
0 2 7 0 2 7 1 2 7 0 2 7 1 2 7 0 2 7 0 2 7 1 2 7 5 31 3 0 2 7 0 2 7 0 2 7 0 2 7 1 2 7 17 18 2 0 2 7 1 2 7 17 18 2 17 18 2 13 6 3 0 2 7 0 2 7 1 2 11 17 9 2 1 2 7 0 2 7 0 2 7 0 2 7 1 2 7 1 2 7 1 2 7 0 2 7 5 31 3 16 6 2 5 31 3 1 2 7 0 2 7 1 2 7 1 2 7 0 2 4 0 40.0670827627182007
0 2 7 0 2 7 1 2 7 0 2 7 1 2 7 0 2 7 0 2 7 1 2 7 5 31 3 0 2 7 0 2 7 0 2 7 0 2 7 1 2 7 17 18 2 0 2 7 1 2 7 17 18 2 17 18 2 13 6 3 0 2 7 0 2 7 1 2 11 17 9 2 1 2 7 0 2 7 0 2 7 0 2 7 1 2 7 1 2 7 1 2 7 0 2 7 5 31 3 16 6 2 5 31 3 1 2 7 0 2 7 1 2 7 1 2 4 0 2 7 0 40.0670827627182007
0 2 7 0 2 7 1 2 7 0 2 7 1 2 7 0 2 7 0 2 7 1 2 7 5 31 3 0 2 7 0 2 7 0 2 7 0 2 7 1 2 7 17 18 2 0 2 7 1 2 7 17 18 2 17 18 2 13 6 3 0 2 7 0 2 7 1 2 11 17 9 2 1 2 7 0 2 7 0 2 7 0 2 7 1 2 7 1 2 7 1 2 7 0 2 7 5 31 3 16 6 2 5 31 3 1 2 7 0 2 7 1 2 7 1 2 7 0 2 4 0 40.0670827627182007
0 2 7 1 2 7 1 2 7 0 2 4 1 2 7 1 2 7 0 2 7 1 2 7 5 31 3 0 2 7 0 2 7 0 2 7 0 2 7 1 2 7 17 18 2 0 2 7 0 2 7 17 18 2 17 18 2 13 6 3 0 2 7 0 2 7 0 2 7 1 2 7 17 9 2 5 31 3 1 2 7 0 2 7 0 2 7 0 2 7 0 2 7 1 2 7 1 2 7 1 2 7 1 2 4 16 24 2 0 2 4 5 30 3 5 30 3 0 2 7 0 40.1302337646484375
0 2 7 0 2 7 1 2 7 0 2 7 1 2 7 0 2 7 0 2 7 1 2 7 5 31 3 0 2 7 0 2 7 0 2 7 0 2 7 1 2 7 17 18 2 0 2 7 1 2 7 17 18 2 17 18 2 13 6 3 0 2 7 0 2 7 1 2 11 17 9 2 1 2 7 0 2 7 0 2 7 0 2 7 1 2 7 1 2 7 1 2 7 0 2 7 5 31 3 16 6 2 5 31 3 1 2 7 0 2 7 1 2 7 1 2 7 0 2 4 0 40.0670827627182007
1 2 7 0 2 7 0 2 3 12 16 2 0 2 7 1 2 4 1 2 7 5 31 3 1 2 3 0 2 11 0 2 7 0 2 4 1 2 4 5 30 3 1 2 4 17 18 2 5 30 3 0 2 3 17 9 2 8 18 2 0 2 11 1 2 7 0 2 7 1 2 4 0 2 7 17 9 2 0 2 7 0 2 3 0 2 7 0 2 7 1 2 7 0 2 7 6 2 7 0 2 7 0 2 3 0 2 7 1 2 7 5 30 3 16 24 2 0 2 3 0 41.5017949938774109
0 2 7 0 2 7 8 18 2 0 2 7 1 2 7 0 2 4 5 31 3 0 2 7 0 2 7 0 2 4 1 2 7 17 18 2 1 2 7 1 2 7 17 18 2 13 6 3 1 2 4 1 2 7 1 2 7 17 18 2 0 2 7 1 2 7 0 2 7 0 2 7 0 2 7 1 2 7 1 2 7 0 2 7 1 2 3 0 2 7 0 2 7 1 2 7 0 2 3 0 2 7 17 9 2 5 30 3 5 30 3 1 2 7 12 16 2 0 2 7 0 40.4343197345733643
0 2 7 16 6 2 1 2 7 0 2 8 0 2 7 1 2 7 8 9 2 0 2 7 0 2 8 5 31 3 0 2 7 0 2 7 5 30 3 0 2 8 1 2 7 17 18 2 0 2 8 1 2 7 17 18 2 8 9 2 5 30 3 16 19 12 1 2 8 1 2 7 0 2 8 17 9 2 0 2 8 0 2 8 0 2 8 5 30 3 0 2 8 8 9 2 8 9 2 1 2 11 0 2 8 5 31 3 0 2 8 0 2 7 0 2 7 1 2 4 0.000640624654501499558 43.3019125461578369
0 2 7 0 2 7 1 2 7 0 2 7 1 2 7 0 2 7 0 2 7 1 2 7 5 31 3 0 2 7 0 2 7 0 2 7 0 2 7 1 2 7 17 18 2 0 2 7 1 2 7 17 18 2 17 18 2 13 6 3 0 2 7 0 2 7 1 2 11 17 9 2 1 2 7 0 2 7 0 2 7 0 2 7 1 2 7 1 2 7 1 2 7 0 2 7 5 31 3 16 6 2 5 31 3 1 2 7 0 2 7 1 2 7 1 2 4 0 2 7 0 40.0670827627182007

Current Evaluation = 5400(5400)
Front Size = 10
0 2 7 1 2 7 1 2 7 0 2 7 1 2 7 0 2 7 0 2 7 5 31 3 0 2 7 0 2 7 0 2 7 0 2 7 1 2 7 17 18 2 0 2 7 0 2 7 17 18 2 17 18 2 13 6 3 0 2 7 0 2 7 0 2 7 1 2 7 17 9 2 5 31 3 1 2 7 0 2 7 1 2 7 0 2 7 0 2 7 1 2 11 1 2 7 1 2 7 0 2 7 1 2 7 5 31 3 1 2 7 16 6 2 1 2 4 0 2 7 0 40.0670827627182007
0 2 7 16 6 2 1 2 7 0 2 8 0 2 7 1 2 7 8 9 2 0 2 7 0 2 8 5 31 3 0 2 7 0 2 7 5 30 3 0 2 8 1 2 7 17 18 2 0 2 8 1 2 7 17 18 2 8 9 2 5 30 3 16 19 12 1 2 8 1 2 7 0 2 8 17 9 2 0 2 8 0 2 8 0 2 8 5 30 3 0 2 8 8 9 2 8 9 2 1 2 11 0 2 8 5 31 3 0 2 8 0 2 7 0 2 7 1 2 4 0.000640624654501499558 43.3019125461578369
0 2 7 0 2 7 8 18 2 0 2 7 1 2 7 0 2 4 5 31 3 0 2 7 0 2 7 0 2 4 1 2 7 17 18 2 1 2 7 1 2 7 17 18 2 13 6 3 1 2 4 1 2 7 1 2 7 17 18 2 0 2 7 1 2 7 0 2 7 0 2 7 0 2 7 1 2 7 1 2 7 0 2 7 1 2 3 0 2 7 0 2 7 1 2 7 0 2 3 0 2 7 17 9 2 5 30 3 5 30 3 1 2 7 12 16 2 0 2 7 0 40.4343197345733643
1 2 7 0 2 7 0 2 7 1 2 7 0 2 7 0 2 7 1 2 7 5 31 3 0 2 7 0 2 7 0 2 7 0 2 7 1 2 7 17 18 2 0 2 7 1 2 7 17 18 2 17 18 2 13 6 3 0 2 7 0 2 7 1 2 7 17 9 2 1 2 7 0 2 7 1 2 7 1 2 7 1 2 7 1 2 7 0 2 7 5 31 3 16 6 2 5 31 3 0 2 7 0 2 7 0 2 7 0 2 7 1 2 11 0 2 4 1 2 7 0 40.0670827627182007
0 2 7 1 2 7 1 2 7 0 2 7 1 2 7 0 2 7 0 2 7 5 31 3 0 2 7 0 2 7 0 2 7 0 2 7 1 2 7 17 18 2 0 2 7 0 2 7 17 18 2 17 18 2 13 6 3 0 2 7 0 2 7 0 2 7 1 2 7 17 9 2 5 31 3 1 2 7 0 2 7 1 2 7 0 2 7 0 2 7 1 2 11 1 2 7 1 2 7 0 2 7 1 2 7 5 31 3 1 2 7 16 6 2 1 2 4 0 2 7 0 40.0670827627182007
0 2 7 1 2 7 1 2 7 0 2 7 1 2 7 0 2 7 0 2 7 5 31 3 0 2 7 0 2 7 0 2 7 0 2 7 1 2 7 17 18 2 0 2 7 0 2 7 17 18 2 17 18 2 13 6 3 0 2 7 0 2 7 0 2 7 1 2 7 17 9 2 5 31 3 1 2 7 0 2 7 1 2 7 0 2 7 0 2 7 1 2 11 1 2 7 1 2 7 0 2 7 1 2 7 5 31 3 1 2 7 16 6 2 1 2 4 0 2 7 0 40.0670827627182007
1 2 7 0 2 7 0 2 3 12 16 2 0 2 7 1 2 4 1 2 7 5 31 3 1 2 3 0 2 11 0 2 7 0 2 4 1 2 4 5 30 3 1 2 4 17 18 2 5 30 3 0 2 3 17 9 2 8 18 2 0 2 11 1 2 7 0 2 7 1 2 4 0 2 7 17 9 2 0 2 7 0 2 3 0 2 7 0 2 7 1 2 7 0 2 7 6 2 7 0 2 7 0 2 3 0 2 7 1 2 7 5 30 3 16 24 2 0 2 3 0 41.5017949938774109
0 2 7 1 2 7 1 2 7 0 2 4 1 2 7 1 2 7 0 2 7 1 2 7 5 31 3 0 2 7 0 2 7 0 2 7 0 2 7 1 2 7 17 18 2 0 2 7 0 2 7 17 18 2 17 18 2 13 6 3 0 2 7 0 2 7 0 2 7 1 2 7 17 9 2 5 31 3 1 2 7 0 2 7 0 2 7 0 2 7 0 2 7 1 2 7 1 2 7 1 2 7 0 2 7 1 2 4 16 24 2 0 2 4 5 30 3 5 30 3 0 40.1302337646484375
1 2 7 0 2 7 0 2 7 1 2 7 0 2 7 0 2 7 1 2 7 5 31 3 0 2 7 0 2 7 0 2 7 0 2 7 1 2 7 17 18 2 0 2 7 1 2 7 17 18 2 17 18 2 13 6 3 0 2 7 0 2 7 1 2 7 17 9 2 1 2 7 0 2 7 1 2 7 1 2 7 1 2 7 1 2 7 0 2 7 5 31 3 16 6 2 5 31 3 0 2 7 0 2 7 0 2 7 0 2 7 1 2 11 0 2 4 1 2 7 0 40.0670827627182007
0 2 7 1 2 7 1 2 7 0 2 7 1 2 7 0 2 7 0 2 7 5 31 3 0 2 7 0 2 7 0 2 7 0 2 7 1 2 7 17 18 2 0 2 7 0 2 7 17 18 2 17 18 2 13 6 3 0 2 7 0 2 7 0 2 7 1 2 7 17 9 2 5 31 3 1 2 7 0 2 7 1 2 7 0 2 7 0 2 7 1 2 11 1 2 7 1 2 7 0 2 7 1 2 7 5 31 3 1 2 7 16 6 2 0 2 4 1 2 7 0 40.0670827627182007

Current Evaluation = 5850(5850)
Front Size = 10
0 2 7 1 2 7 1 2 7 0 2 7 1 2 7 0 2 4 0 2 7 5 31 3 1 2 7 0 2 7 0 2 7 0 2 7 0 2 7 17 18 2 0 2 7 0 2 7 17 18 2 17 18 2 13 6 3 0 2 7 0 2 7 1 2 7 17 9 2 5 31 3 1 2 7 0 2 7 1 2 7 0 2 7 0 2 7 1 2 7 1 2 7 1 2 7 1 2 7 1 2 11 5 31 3 1 2 7 16 6 2 0 2 7 0 2 7 0 2 7 0 40.0670827627182007
0 2 7 1 2 7 0 2 4 0 2 7 1 2 7 1 2 7 0 2 7 1 2 7 5 31 3 0 2 7 1 2 7 1 2 7 17 18 2 0 2 7 0 2 7 17 18 2 17 18 2 13 6 3 0 2 7 0 2 7 0 2 7 1 2 7 17 9 2 5 31 3 1 2 7 0 2 7 0 2 7 0 2 7 0 2 7 1 2 7 1 2 7 1 2 7 1 2 7 0 2 7 0 2 7 0 2 4 16 24 2 0 2 4 5 30 3 5 30 3 0 40.1302337646484375
0 2 7 0 2 7 1 2 4 0 2 7 5 30 3 0 2 7 0 2 7 0 2 7 5 31 3 1 2 7 0 2 7 17 18 2 13 6 3 1 2 7 1 2 7 1 2 7 17 18 2 0 2 3 1 2 7 0 2 7 1 2 7 1 2 7 1 2 7 8 9 2 0 2 3 0 2 7 0 2 7 1 2 7 0 2 7 17 9 2 1 2 7 0 2 7 17 18 2 0 2 4 0 2 7 1 2 7 0 2 7 5 30 3 1 2 4 12 16 2 0 40.4343197345733643
0 2 7 1 2 7 1 2 7 0 2 7 1 2 7 0 2 7 0 2 7 5 31 3 0 2 7 0 2 7 0 2 7 0 2 7 1 2 7 17 18 2 0 2 7 0 2 7 17 18 2 17 18 2 13 6 3 0 2 7 0 2 7 1 2 7 17 9 2 5 31 3 1 2 7 0 2 7 1 2 7 0 2 7 0 2 7 1 2 11 1 2 7 1 2 7 0 2 7 0 2 7 5 31 3 1 2 7 16 6 2 0 2 7 1 2 7 1 2 4 0 40.0670827627182007
0 2 7 1 2 7 1 2 7 0 2 7 1 2 7 0 2 7 0 2 7 5 31 3 0 2 7 0 2 7 0 2 7 0 2 7 1 2 7 17 18 2 0 2 7 0 2 7 17 18 2 17 18 2 13 6 3 0 2 7 0 2 7 1 2 7 17 9 2 5 31 3 1 2 7 0 2 7 1 2 7 0 2 7 0 2 7 1 2 11 1 2 7 1 2 7 0 2 7 1 2 7 5 31 3 1 2 7 16 6 2 0 2 7 1 2 4 0 2 7 0 40.0670827627182007
0 2 7 1 2 7 1 2 7 0 2 7 1 2 7 0 2 4 0 2 7 5 31 3 1 2 7 0 2 7 0 2 7 0 2 7 0 2 7 17 18 2 0 2 7 0 2 7 17 18 2 17 18 2 13 6 3 0 2 7 0 2 7 1 2 7 17 9 2 5 31 3 1 2 7 0 2 7 1 2 7 0 2 7 0 2 7 1 2 7 1 2 7 1 2 7 1 2 7 1 2 11 5 31 3 1 2 7 16 6 2 0 2 7 0 2 7 0 2 7 0 40.0670827627182007
0 2 7 16 6 2 1 2 7 0 2 8 0 2 7 1 2 7 8 9 2 0 2 7 0 2 8 5 31 3 0 2 7 0 2 7 5 30 3 0 2 8 1 2 7 17 18 2 0 2 8 1 2 7 17 18 2 8 9 2 5 30 3 16 19 12 1 2 8 1 2 7 0 2 8 17 9 2 0 2 8 0 2 8 0 2 8 5 30 3 0 2 8 8 9 2 8 9 2 1 2 11 0 2 8 5 31 3 0 2 8 0 2 7 0 2 7 1 2 4 0.000640624654501499558 43.3019125461578369
0 2 7 1 2 7 1 2 7 0 2 7 1 2 7 0 2 7 0 2 7 5 31 3 0 2 4 0 2 7 0 2 7 0 2 7 1 2 7 17 18 2 0 2 7 0 2 7 17 18 2 17 18 2 13 6 3 0 2 7 0 2 7 1 2 7 17 9 2 5 31 3 1 2 7 1 2 7 1 2 7 0 2 7 0 2 7 1 2 7 1 2 7 0 2 7 1 2 11 1 2 7 5 31 3 1 2 7 16 6 2 0 2 7 0 2 7 0 2 7 0 40.0670827627182007
0 2 7 1 2 7 1 2 7 0 2 7 1 2 7 0 2 7 5 31 3 1 2 7 0 2 7 0 2 7 0 2 7 0 2 7 17 18 2 0 2 7 0 2 7 17 18 2 17 18 2 13 6 3 0 2 7 0 2 7 1 2 7 17 9 2 5 31 3 1 2 7 0 2 7 1 2 7 0 2 7 0 2 7 1 2 7 1 2 7 1 2 7 1 2 7 1 2 11 5 31 3 16 6 2 0 2 7 0 2 7 0 2 7 0 2 4 1 2 7 0 40.0670827627182007
1 2 7 0 2 7 0 2 3 12 16 2 0 2 7 1 2 4 1 2 7 5 31 3 1 2 3 0 2 11 0 2 7 0 2 4 1 2 4 5 30 3 1 2 4 17 18 2 5 30 3 0 2 3 17 9 2 8 18 2 0 2 11 1 2 7 0 2 7 1 2 4 0 2 7 17 9 2 0 2 7 0 2 3 0 2 7 0 2 7 1 2 7 0 2 7 6 2 7 0 2 7 0 2 3 0 2 7 1 2 7 5 30 3 16 24 2 0 2 3 0 41.5017949938774109

Current Evaluation = 6300(6300)
Front Size = 10
0 2 7 1 2 7 0 2 7 0 2 7 1 2 7 0 2 7 5 31 3 1 2 7 0 2 7 1 2 11 0 2 7 0 2 7 17 18 2 0 2 7 0 2 7 17 18 2 17 18 2 13 6 3 0 2 7 0 2 7 17 9 2 5 31 3 1 2 7 0 2 7 1 2 7 0 2 7 0 2 7 1 2 7 1 2 7 1 2 7 1 2 7 1 2 7 5 31 3 16 6 2 0 2 7 0 2 7 1 2 7 0 2 7 1 2 7 0 2 4 0 40.0670827627182007
0 2 7 1 2 7 0 2 7 1 2 7 1 2 7 0 2 7 1 2 7 5 31 3 0 2 7 1 2 7 1 2 7 17 18 2 0 2 7 0 2 7 17 18 2 17 18 2 13 6 3 0 2 7 0 2 7 0 2 7 1 2 7 17 9 2 5 31 3 1 2 7 0 2 7 0 2 7 0 2 7 0 2 7 1 2 7 1 2 7 1 2 7 0 2 7 0 2 7 0 2 4 1 2 7 0 2 4 16 24 2 0 2 4 5 30 3 5 30 3 0 40.1302337646484375
0 2 7 1 2 7 0 2 7 0 2 7 1 2 7 0 2 7 5 31 3 1 2 7 0 2 7 1 2 11 0 2 7 0 2 7 17 18 2 0 2 7 0 2 7 17 18 2 17 18 2 13 6 3 0 2 7 0 2 7 17 9 2 5 31 3 1 2 7 0 2 7 1 2 7 0 2 7 0 2 7 1 2 7 1 2 7 1 2 7 1 2 7 1 2 7 5 31 3 16 6 2 0 2 7 0 2 7 1 2 7 0 2 7 1 2 7 0 2 4 0 40.0670827627182007
0 2 7 1 2 7 0 2 7 1 2 7 0 2 7 5 31 3 0 2 7 0 2 7 5 30 3 1 2 7 17 18 2 1 2 7 17 18 2 5 30 3 1 2 7 17 9 2 5 31 3 0 2 7 0 2 7 16 6 2 1 2 7 8 9 2 0 2 8 0 2 8 0 2 8 1 2 7 1 2 7 1 2 8 0 2 4 0 2 7 1 2 7 1 2 7 0 2 7 0 2 8 0 2 7 8 9 2 1 2 11 0 2 8 0 2 8 0 2 7 2.70032659897641961e-05 41.878649115562439
0 2 7 1 2 7 0 2 7 1 2 7 1 2 7 0 2 7 1 2 7 5 31 3 0 2 7 1 2 7 1 2 7 17 18 2 0 2 7 0 2 7 17 18 2 17 18 2 13 6 3 0 2 7 0 2 7 0 2 7 1 2 7 17 9 2 5 31 3 1 2 7 0 2 7 0 2 7 0 2 7 0 2 7 1 2 7 1 2 7 1 2 7 0 2 7 0 2 7 0 2 4 1 2 7 0 2 4 16 24 2 0 2 4 5 30 3 5 30 3 0 40.1302337646484375
1 2 7 1 2 7 0 2 7 1 2 7 1 2 7 0 2 7 1 2 7 5 31 3 0 2 7 1 2 7 0 2 7 17 18 2 0 2 7 0 2 7 17 18 2 17 18 2 13 6 3 1 2 11 0 2 7 0 2 7 1 2 7 17 9 2 5 31 3 1 2 7 0 2 7 0 2 7 0 2 7 0 2 7 1 2 7 1 2 7 1 2 7 0 2 7 0 2 7 0 2 7 1 2 7 0 2 7 16 6 2 0 2 4 5 31 3 0 2 7 0 40.0670827627182007
0 2 7 1 2 7 0 2 7 0 2 7 1 2 7 0 2 7 5 31 3 1 2 7 0 2 7 1 2 11 0 2 7 0 2 7 17 18 2 0 2 7 0 2 7 17 18 2 17 18 2 13 6 3 0 2 7 0 2 7 17 9 2 5 31 3 1 2 7 0 2 7 1 2 7 0 2 7 0 2 7 1 2 7 1 2 7 1 2 7 1 2 7 1 2 7 5 31 3 16 6 2 0 2 7 0 2 7 1 2 7 0 2 7 0 2 7 1 2 4 0 40.0670827627182007
0 2 7 1 2 7 0 2 7 0 2 7 1 2 7 0 2 7 5 31 3 1 2 7 0 2 7 1 2 11 0 2 7 0 2 7 17 18 2 0 2 7 0 2 7 17 18 2 17 18 2 13 6 3 0 2 7 0 2 7 17 9 2 5 31 3 1 2 7 0 2 7 1 2 7 0 2 7 0 2 7 1 2 7 1 2 7 1 2 7 1 2 7 1 2 7 5 31 3 16 6 2 0 2 7 0 2 7 1 2 7 0 2 7 0 2 7 1 2 4 0 40.0670827627182007
1 2 7 0 2 7 0 2 3 12 16 2 0 2 7 1 2 4 1 2 7 5 31 3 1 2 3 0 2 11 0 2 7 0 2 4 1 2 4 5 30 3 1 2 4 17 18 2 5 30 3 0 2 3 17 9 2 8 18 2 0 2 11 1 2 7 0 2 7 1 2 4 0 2 7 17 9 2 0 2 7 0 2 3 0 2 7 0 2 7 1 2 7 0 2 7 6 2 7 0 2 7 0 2 3 0 2 7 1 2 7 5 30 3 16 24 2 0 2 3 0 41.5017949938774109
0 2 7 1 2 7 0 2 7 0 2 7 1 2 7 0 2 7 5 31 3 1 2 7 0 2 7 1 2 11 0 2 7 0 2 7 17 18 2 0 2 7 0 2 7 17 18 2 17 18 2 13 6 3 0 2 7 0 2 7 17 9 2 5 31 3 1 2 7 0 2 7 1 2 7 0 2 7 0 2 7 1 2 7 1 2 7 1 2 7 1 2 7 1 2 7 5 31 3 16 6 2 0 2 7 0 2 7 1 2 7 0 2 7 1 2 7 0 2 4 0 40.0670827627182007

Current Evaluation = 6750(6750)
Front Size = 10
0 2 7 1 2 11 0 2 7 0 2 7 1 2 7 0 2 7 5 31 3 1 2 7 0 2 7 1 2 7 0 2 7 17 18 2 0 2 7 1 2 7 17 18 2 17 18 2 13 6 3 0 2 7 1 2 7 17 9 2 5 31 3 1 2 7 0 2 7 0 2 7 0 2 7 0 2 7 1 2 7 1 2 7 1 2 7 1 2 7 0 2 7 0 2 7 0 2 7 5 31 3 1 2 7 16 6 2 0 2 7 0 2 7 0 2 4 1 2 7 0 40.0670827627182007
0 2 7 1 2 7 0 2 7 1 2 7 1 2 7 0 2 7 1 2 7 5 31 3 0 2 7 1 2 7 1 2 7 17 18 2 0 2 7 0 2 7 17 18 2 17 18 2 13 6 3 0 2 7 0 2 7 0 2 7 1 2 7 17 9 2 5 31 3 1 2 7 0 2 7 0 2 7 0 2 7 0 2 7 1 2 7 1 2 7 1 2 7 0 2 7 0 2 7 0 2 4 1 2 7 0 2 4 16 24 2 0 2 4 5 30 3 5 30 3 0 40.1302337646484375
0 2 7 1 2 7 0 2 7 0 2 7 1 2 7 0 2 7 5 31 3 1 2 7 0 2 7 0 2 7 0 2 7 17 18 2 0 2 7 0 2 7 17 18 2 17 18 2 13 6 3 0 2 7 1 2 11 17 9 2 5 31 3 1 2 7 0 2 7 0 2 7 0 2 7 0 2 7 1 2 7 1 2 7 0 2 7 1 2 7 1 2 7 0 2 7 0 2 7 0 2 7 5 31 3 1 2 7 16 6 2 1 2 7 1 2 7 1 2 4 0 40.0670827627182007
0 2 7 1 2 7 0 2 7 1 2 7 0 2 7 5 31 3 0 2 7 0 2 7 5 30 3 1 2 7 17 18 2 1 2 7 17 18 2 5 30 3 1 2 7 17 9 2 5 31 3 0 2 7 0 2 7 16 6 2 1 2 7 8 9 2 0 2 8 0 2 8 0 2 8 1 2 7 1 2 7 1 2 8 0 2 4 0 2 7 1 2 7 1 2 7 0 2 7 0 2 8 0 2 7 8 9 2 1 2 11 0 2 8 0 2 8 0 2 7 2.70032659897641961e-05 41.878649115562439
0 2 7 1 2 7 0 2 7 1 2 7 1 2 7 0 2 7 1 2 7 5 31 3 0 2 7 1 2 7 1 2 7 17 18 2 0 2 7 0 2 7 17 18 2 17 18 2 13 6 3 0 2 7 0 2 7 0 2 7 1 2 7 17 9 2 5 31 3 1 2 7 0 2 7 0 2 7 0 2 7 0 2 7 1 2 7 1 2 7 1 2 7 0 2 7 0 2 7 0 2 4 1 2 7 0 2 4 16 24 2 0 2 4 5 30 3 5 30 3 0 40.1302337646484375
1 2 7 0 2 7 0 2 7 1 2 4 5 31 3 0 2 7 0 2 7 17 18 2 1 2 11 1 2 4 0 2 7 1 2 7 0 2 3 0 2 7 0 2 7 0 2 7 0 2 7 0 2 4 0 2 4 1 2 7 6 2 7 12 16 2 5 30 3 0 2 7 8 18 2 1 2 7 0 2 7 0 2 7 5 30 3 1 2 4 1 2 7 0 2 11 1 2 7 17 9 2 0 2 7 0 2 7 0 2 7 17 9 2 16 6 2 5 31 3 0 41.060238778591156
0 2 7 1 2 7 0 2 7 0 2 7 1 2 7 0 2 7 5 31 3 1 2 7 0 2 7 0 2 7 0 2 7 17 18 2 0 2 7 0 2 7 17 18 2 17 18 2 13 6 3 0 2 7 1 2 11 17 9 2 5 31 3 1 2 7 0 2 7 0 2 7 0 2 7 0 2 7 1 2 7 1 2 7 0 2 7 1 2 7 1 2 7 0 2 7 0 2 7 0 2 7 5 31 3 1 2 7 16 6 2 1 2 7 1 2 7 1 2 4 0 40.0670827627182007
0 2 7 1 2 11 0 2 7 0 2 7 1 2 7 0 2 7 5 31 3 1 2 7 0 2 7 1 2 7 0 2 7 17 18 2 0 2 7 1 2 7 17 18 2 17 18 2 13 6 3 0 2 7 1 2 7 17 9 2 5 31 3 1 2 7 0 2 7 0 2 7 0 2 7 0 2 7 1 2 7 1 2 7 1 2 7 1 2 7 0 2 7 0 2 7 0 2 7 5 31 3 1 2 7 16 6 2 0 2 7 0 2 7 0 2 4 1 2 7 0 40.0670827627182007
0 2 7 1 2 7 0 2 7 0 2 7 1 2 7 0 2 7 5 31 3 1 2 7 0 2 7 0 2 7 0 2 7 17 18 2 0 2 7 0 2 7 17 18 2 17 18 2 13 6 3 0 2 7 1 2 11 17 9 2 5 31 3 1 2 7 0 2 7 0 2 7 0 2 7 0 2 7 1 2 7 1 2 7 0 2 7 1 2 7 1 2 7 0 2 7 0 2 7 0 2 7 5 31 3 1 2 7 16 6 2 1 2 7 1 2 7 1 2 4 0 40.0670827627182007
0 2 7 1 2 11 0 2 7 0 2 7 1 2 7 0 2 7 5 31 3 1 2 7 0 2 7 1 2 7 0 2 7 17 18 2 0 2 7 1 2 7 17 18 2 17 18 2 13 6 3 0 2 7 1 2 7 17 9 2 5 31 3 1 2 7 0 2 7 0 2 7 0 2 7 0 2 7 1 2 7 1 2 7 1 2 7 1 2 7 0 2 7 0 2 7 0 2 7 5 31 3 1 2 7 16 6 2 0 2 7 0 2 7 0 2 4 1 2 7 0 40.0670827627182007

Current Evaluation = 7200(7200)
Front Size = 10
0 2 7 1 2 7 0 2 7 1 2 7 1 2 7 0 2 7 1 2 7 5 31 3 0 2 7 1 2 7 1 2 7 17 18 2 0 2 7 17 18 2 17 18 2 13 6 3 0 2 4 0 2 7 0 2 7 1 2 7 17 9 2 5 31 3 1 2 7 0 2 7 0 2 7 1 2 7 0 2 7 1 2 7 1 2 7 0 2 7 0 2 7 1 2 11 0 2 7 0 2 7 0 2 7 0 2 7 5 31 3 16 6 2 1 2 7 0 2 7 0 40.0670827627182007
0 2 7 1 2 7 0 2 7 1 2 7 1 2 7 0 2 7 5 31 3 0 2 7 1 2 7 1 2 7 17 18 2 0 2 7 0 2 7 17 18 2 17 18 2 13 6 3 0 2 7 0 2 7 0 2 7 1 2 7 17 9 2 5 31 3 1 2 7 0 2 7 0 2 7 0 2 7 0 2 7 1 2 7 1 2 7 1 2 7 0 2 7 0 2 7 0 2 4 1 2 7 16 24 2 0 2 4 5 30 3 5 30 3 0 2 4 1 2 7 0 40.1302337646484375
0 2 7 1 2 7 0 2 7 1 2 7 1 2 4 0 2 7 1 2 7 5 31 3 0 2 7 1 2 7 1 2 7 17 18 2 0 2 7 17 18 2 17 18 2 13 6 3 0 2 7 0 2 7 0 2 7 1 2 7 17 9 2 5 31 3 1 2 7 0 2 7 0 2 7 1 2 7 0 2 7 1 2 7 1 2 7 0 2 7 0 2 7 1 2 11 0 2 7 0 2 7 0 2 7 0 2 7 5 31 3 16 6 2 0 2 7 1 2 7 0 40.0670827627182007
1 2 7 0 2 7 0 2 7 1 2 4 5 31 3 0 2 7 0 2 7 17 18 2 1 2 11 1 2 4 0 2 7 1 2 7 0 2 3 0 2 7 0 2 7 0 2 7 0 2 7 0 2 4 0 2 4 1 2 7 6 2 7 12 16 2 5 30 3 0 2 7 8 18 2 1 2 7 0 2 7 0 2 7 5 30 3 1 2 4 1 2 7 0 2 11 1 2 7 17 9 2 0 2 7 0 2 7 0 2 7 17 9 2 16 6 2 5 31 3 0 41.060238778591156
0 2 7 1 2 7 0 2 7 1 2 7 1 2 4 0 2 7 1 2 7 5 31 3 0 2 7 1 2 7 1 2 7 17 18 2 0 2 7 17 18 2 17 18 2 13 6 3 0 2 7 0 2 7 0 2 7 1 2 7 17 9 2 5 31 3 1 2 7 0 2 7 0 2 7 1 2 7 0 2 7 1 2 7 1 2 7 0 2 7 0 2 7 1 2 11 0 2 7 0 2 7 0 2 7 0 2 7 5 31 3 16 6 2 0 2 7 1 2 7 0 40.0670827627182007
0 2 7 1 2 7 0 2 7 1 2 7 1 2 7 0 2 7 1 2 7 5 31 3 0 2 7 1 2 7 1 2 7 17 18 2 0 2 7 17 18 2 17 18 2 13 6 3 0 2 4 0 2 7 0 2 7 1 2 7 17 9 2 5 31 3 1 2 7 0 2 7 0 2 7 1 2 7 0 2 7 1 2 7 1 2 7 0 2 7 0 2 7 1 2 11 0 2 7 0 2 7 0 2 7 0 2 7 5 31 3 16 6 2 1 2 7 0 2 7 0 40.0670827627182007
0 2 7 1 2 7 0 2 7 1 2 7 1 2 7 0 2 7 1 2 7 5 31 3 0 2 7 1 2 7 1 2 7 17 18 2 0 2 7 0 2 7 17 18 2 17 18 2 13 6 3 0 2 7 0 2 7 0 2 7 1 2 7 17 9 2 5 31 3 1 2 7 0 2 7 0 2 7 0 2 7 0 2 7 1 2 7 1 2 7 1 2 7 0 2 7 0 2 7 0 2 4 1 2 7 0 2 4 16 24 2 0 2 4 5 30 3 5 30 3 0 40.1302337646484375
0 2 7 1 2 7 0 2 7 1 2 7 1 2 7 0 2 7 1 2 7 5 31 3 0 2 7 1 2 7 1 2 7 17 18 2 0 2 7 17 18 2 17 18 2 13 6 3 0 2 7 0 2 7 0 2 7 1 2 7 17 9 2 5 31 3 1 2 7 0 2 7 0 2 7 1 2 7 0 2 7 1 2 7 1 2 7 0 2 7 0 2 7 1 2 11 0 2 7 0 2 7 0 2 7 0 2 7 5 31 3 16 6 2 0 2 7 1 2 4 0 40.0670827627182007
0 2 7 1 2 7 0 2 7 1 2 7 0 2 7 5 31 3 0 2 7 0 2 7 5 30 3 1 2 7 17 18 2 1 2 7 17 18 2 5 30 3 1 2 7 17 9 2 5 31 3 0 2 7 0 2 7 16 6 2 1 2 7 8 9 2 0 2 8 0 2 8 0 2 8 1 2 7 1 2 7 1 2 8 0 2 4 0 2 7 1 2 7 1 2 7 0 2 7 0 2 8 0 2 7 8 9 2 1 2 11 0 2 8 0 2 8 0 2 7 2.70032659897641961e-05 41.878649115562439
0 2 7 1 2 7 0 2 7 1 2 7 1 2 7 0 2 7 1 2 7 5 31 3 0 2 7 1 2 7 1 2 7 17 18 2 0 2 7 17 18 2 17 18 2 13 6 3 0 2 4 0 2 7 0 2 7 1 2 7 17 9 2 5 31 3 1 2 7 0 2 7 0 2 7 1 2 7 0 2 7 1 2 7 1 2 7 0 2 7 0 2 7 1 2 11 0 2 7 0 2 7 0 2 7 0 2 7 5 31 3 16 6 2 1 2 7 0 2 7 0 40.0670827627182007

Current Evaluation = 7650(7650)
Front Size = 10
0 2 7 0 2 7 1 2 7 0 2 7 1 2 11 1 2 7 0 2 7 5 31 3 0 2 7 1 2 7 1 2 7 17 18 2 17 18 2 17 18 2 13 6 3 0 2 7 0 2 7 0 2 7 17 9 2 5 31 3 1 2 7 1 2 7 0 2 7 0 2 7 1 2 7 1 2 7 1 2 7 0 2 7 1 2 7 0 2 7 0 2 7 0 2 7 0 2 7 5 31 3 16 6 2 1 2 7 0 2 4 0 2 7 0 2 7 1 2 7 0 40.0670827627182007
0 2 7 0 2 7 1 2 7 0 2 7 1 2 7 1 2 7 0 2 7 5 31 3 0 2 7 1 2 7 1 2 7 17 18 2 17 18 2 17 18 2 13 6 3 1 2 7 0 2 7 0 2 7 17 9 2 5 31 3 1 2 7 1 2 7 0 2 7 0 2 7 1 2 7 1 2 7 1 2 7 0 2 7 0 2 7 0 2 7 0 2 7 0 2 7 5 31 3 16 6 2 0 2 7 0 2 7 1 2 11 0 2 7 0 2 7 1 2 4 0 40.0670827627182007
0 2 7 0 2 7 1 2 7 0 2 7 1 2 7 1 2 7 0 2 7 5 31 3 0 2 7 1 2 7 1 2 7 17 18 2 17 18 2 17 18 2 13 6 3 1 2 7 0 2 7 0 2 7 17 9 2 5 31 3 1 2 7 1 2 7 0 2 7 0 2 7 1 2 7 1 2 7 1 2 7 0 2 7 0 2 7 0 2 7 0 2 7 0 2 7 5 31 3 16 6 2 0 2 7 0 2 7 1 2 11 0 2 7 0 2 7 1 2 4 0 40.0670827627182007
0 2 7 1 2 7 0 2 7 1 2 7 0 2 7 5 31 3 0 2 7 0 2 7 5 30 3 1 2 7 17 18 2 1 2 7 17 18 2 5 30 3 1 2 7 17 9 2 5 31 3 0 2 7 0 2 7 16 6 2 1 2 7 8 9 2 0 2 8 0 2 8 0 2 8 1 2 7 1 2 7 1 2 8 0 2 4 0 2 7 1 2 7 1 2 7 0 2 7 0 2 8 0 2 7 8 9 2 1 2 11 0 2 8 0 2 8 0 2 7 2.70032659897641961e-05 41.878649115562439
0 2 7 1 2 7 0 2 7 1 2 7 1 2 7 0 2 7 1 2 7 5 31 3 0 2 7 1 2 7 1 2 7 17 18 2 0 2 7 0 2 7 17 18 2 17 18 2 13 6 3 0 2 7 0 2 7 0 2 7 1 2 7 17 9 2 5 31 3 1 2 7 0 2 7 0 2 7 0 2 7 0 2 7 1 2 7 1 2 7 1 2 7 0 2 7 0 2 7 0 2 4 1 2 7 0 2 4 16 24 2 0 2 4 5 30 3 5 30 3 0 40.1302337646484375
0 2 7 1 2 7 0 2 7 1 2 7 1 2 7 0 2 7 1 2 7 5 31 3 0 2 7 1 2 7 1 2 7 17 18 2 0 2 7 0 2 7 17 18 2 17 18 2 13 6 3 0 2 7 0 2 7 0 2 7 1 2 7 17 9 2 5 31 3 1 2 7 0 2 7 0 2 7 0 2 7 0 2 7 1 2 7 1 2 7 1 2 7 0 2 7 0 2 7 0 2 4 1 2 7 0 2 4 16 24 2 0 2 4 5 30 3 5 30 3 0 40.1302337646484375
0 2 7 0 2 7 1 2 7 0 2 7 1 2 7 1 2 7 0 2 7 5 31 3 0 2 7 1 2 7 1 2 7 17 18 2 17 18 2 17 18 2 13 6 3 1 2 7 0 2 7 0 2 7 17 9 2 5 31 3 1 2 7 1 2 7 0 2 7 0 2 7 1 2 7 1 2 7 1 2 7 0 2 7 0 2 7 0 2 7 0 2 7 0 2 7 5 31 3 16 6 2 0 2 7 0 2 7 1 2 11 0 2 7 0 2 7 1 2 4 0 40.0670827627182007
0 2 7 0 2 7 1 2 7 0 2 7 1 2 7 1 2 7 0 2 7 5 31 3 0 2 7 1 2 7 1 2 7 17 18 2 17 18 2 17 18 2 13 6 3 1 2 7 0 2 7 0 2 7 17 9 2 5 31 3 1 2 7 1 2 7 0 2 7 0 2 7 1 2 7 1 2 7 1 2 7 0 2 7 0 2 7 0 2 7 0 2 7 0 2 7 5 31 3 16 6 2 0 2 7 0 2 7 1 2 11 0 2 7 0 2 7 1 2 4 0 40.0670827627182007
0 2 7 0 2 7 1 2 4 0 2 11 5 31 3 1 2 7 0 2 7 5 30 3 1 2 7 0 2 7 1 2 4 17 18 2 0 2 7 0 2 7 1 2 7 8 9 2 5 30 3 1 2 7 0 2 7 1 2 7 0 2 7 0 2 7 1 2 7 0 2 7 16 6 2 0 2 7 0 2 7 0 2 7 17 18 2 0 2 7 0 2 7 0 2 7 1 2 7 8 18 2 1 2 7 0 2 7 5 31 3 1 2 4 12 16 2 17 9 2 0 40.9775987863540649
0 2 7 0 2 4 1 2 7 0 2 7 1 2 7 1 2 7 0 2 7 5 31 3 0 2 7 1 2 7 1 2 7 17 18 2 17 18 2 17 18 2 13 6 3 1 2 7 0 2 7 0 2 7 17 9 2 5 31 3 1 2 7 1 2 7 0 2 7 0 2 7 1 2 7 1 2 7 1 2 7 0 2 7 0 2 7 0 2 7 0 2 7 0 2 7 5 31 3 16 6 2 0 2 7 0 2 7 1 2 11 0 2 7 0 2 7 1 2 7 0 40.0670827627182007

Current Evaluation = 8100(8100)
Front Size = 10
0 2 7 0 2 7 1 2 7 0 2 7 1 2 7 1 2 7 1 2 7 5 31 3 0 2 7 0 2 7 17 18 2 17 18 2 17 18 2 13 6 3 1 2 7 0 2 7 17 9 2 5 31 3 1 2 11 1 2 7 1 2 7 0 2 7 1 2 7 1 2 7 0 2 7 0 2 7 0 2 7 0 2 7 0 2 7 1 2 7 0 2 7 0 2 7 0 2 7 0 2 4 1 2 7 1 2 7 5 31 3 0 2 7 0 2 7 16 6 2 0 40.0670827627182007
0 2 7 0 2 7 1 2 7 0 2 7 1 2 7 1 2 7 1 2 7 5 31 3 0 2 7 0 2 7 17 18 2 17 18 2 17 18 2 13 6 3 1 2 7 0 2 7 17 9 2 5 31 3 1 2 11 1 2 7 1 2 7 0 2 7 1 2 7 1 2 7 0 2 7 0 2 7 0 2 7 0 2 7 0 2 7 1 2 7 0 2 7 0 2 7 0 2 7 0 2 4 1 2 7 1 2 7 5 31 3 0 2 7 0 2 7 16 6 2 0 40.0670827627182007
0 2 7 0 2 7 1 2 4 0 2 11 5 31 3 1 2 7 0 2 7 5 30 3 1 2 7 0 2 7 1 2 4 17 18 2 0 2 7 0 2 7 1 2 7 8 9 2 5 30 3 1 2 7 0 2 7 1 2 7 0 2 7 0 2 7 1 2 7 0 2 7 16 6 2 0 2 7 0 2 7 0 2 7 17 18 2 0 2 7 0 2 7 0 2 7 1 2 7 8 18 2 1 2 7 0 2 7 5 31 3 1 2 4 12 16 2 17 9 2 0 40.9775987863540649
0 2 7 1 2 7 0 2 7 1 2 7 0 2 7 5 31 3 0 2 7 0 2 7 5 30 3 1 2 7 17 18 2 1 2 7 17 18 2 5 30 3 1 2 7 17 9 2 5 31 3 0 2 7 0 2 7 16 6 2 1 2 7 8 9 2 0 2 8 0 2 8 0 2 8 1 2 7 1 2 7 1 2 8 0 2 4 0 2 7 1 2 7 1 2 7 0 2 7 0 2 8 0 2 7 8 9 2 1 2 11 0 2 8 0 2 8 0 2 7 2.70032659897641961e-05 41.878649115562439
0 2 4 0 2 7 1 2 7 0 2 7 1 2 7 1 2 7 1 2 7 5 31 3 0 2 7 0 2 7 0 2 7 17 18 2 17 18 2 17 18 2 13 6 3 1 2 7 0 2 7 0 2 4 17 9 2 5 31 3 1 2 7 1 2 7 1 2 7 0 2 7 1 2 7 1 2 7 0 2 7 0 2 7 0 2 7 0 2 7 0 2 7 1 2 7 0 2 7 0 2 7 1 2 7 16 24 2 5 30 3 0 2 4 0 2 7 5 30 3 0 40.1302337646484375
0 2 7 0 2 7 1 2 7 0 2 7 1 2 7 1 2 7 1 2 7 5 31 3 0 2 7 0 2 7 0 2 7 17 18 2 17 18 2 17 18 2 13 6 3 1 2 7 0 2 7 0 2 4 17 9 2 5 31 3 1 2 7 1 2 7 1 2 7 0 2 7 1 2 7 1 2 7 0 2 7 0 2 7 0 2 7 0 2 7 0 2 7 1 2 7 1 2 11 0 2 7 5 31 3 16 6 2 0 2 7 0 2 7 0 2 7 1 2 7 0 40.0670827627182007
0 2 7 0 2 7 1 2 7 0 2 7 1 2 7 1 2 7 1 2 7 5 31 3 0 2 7 0 2 7 0 2 7 17 18 2 17 18 2 17 18 2 13 6 3 1 2 7 0 2 7 0 2 4 17 9 2 5 31 3 1 2 7 1 2 7 1 2 7 0 2 7 1 2 7 1 2 7 0 2 7 0 2 7 0 2 7 0 2 7 0 2 7 1 2 7 1 2 11 0 2 7 5 31 3 16 6 2 0 2 7 0 2 7 0 2 7 1 2 7 0 40.0670827627182007
0 2 7 0 2 7 1 2 7 0 2 7 1 2 7 1 2 7 1 2 7 5 31 3 0 2 7 0 2 7 17 18 2 17 18 2 17 18 2 13 6 3 1 2 7 0 2 7 17 9 2 5 31 3 1 2 11 1 2 7 1 2 7 0 2 7 1 2 7 1 2 7 0 2 7 0 2 7 0 2 7 0 2 7 0 2 7 1 2 7 0 2 7 0 2 7 0 2 7 0 2 4 1 2 7 1 2 7 5 31 3 0 2 7 0 2 7 16 6 2 0 40.0670827627182007
0 2 7 0 2 7 1 2 7 1 2 7 1 2 7 1 2 7 0 2 7 5 31 3 0 2 7 0 2 7 0 2 7 17 18 2 17 18 2 17 18 2 13 6 3 1 2 4 1 2 11 0 2 7 17 9 2 5 31 3 0 2 7 1 2 7 1 2 7 0 2 7 1 2 7 0 2 7 0 2 7 0 2 7 0 2 7 1 2 7 0 2 7 1 2 7 0 2 7 0 2 7 0 2 7 1 2 7 5 31 3 16 6 2 1 2 7 0 2 7 0 40.0670827627182007
0 2 7 0 2 7 1 2 7 0 2 7 1 2 7 1 2 7 1 2 7 5 31 3 0 2 7 0 2 7 0 2 4 17 18 2 17 18 2 17 18 2 13 6 3 1 2 7 0 2 7 0 2 4 17 9 2 5 31 3 1 2 7 1 2 7 1 2 7 0 2 7 1 2 7 1 2 7 0 2 7 0 2 7 0 2 7 0 2 7 0 2 7 1 2 7 0 2 7 0 2 7 1 2 7 5 30 3 5 30 3 0 2 4 0 2 7 16 24 2 0 40.1302337646484375

Current Evaluation = 8550(8550)
Front Size = 10
0 2 7 0 2 7 1 2 7 1 2 7 1 2 7 1 2 7 1 2 7 5 31 3 0 2 7 0 2 7 17 18 2 17 18 2 17 18 2 13 6 3 1 2 7 0 2 7 17 9 2 5 31 3 1 2 7 1 2 7 0 2 7 1 2 7 1 2 11 0 2 7 1 2 7 0 2 7 0 2 7 0 2 7 0 2 7 0 2 7 0 2 7 0 2 7 0 2 7 5 31 3 0 2 7 1 2 7 0 2 7 16 6 2 1 2 4 0 2 7 0 40.0670827627182007
0 2 7 0 2 7 1 2 7 1 2 7 1 2 7 1 2 7 1 2 7 5 31 3 0 2 7 0 2 7 17 18 2 17 18 2 17 18 2 13 6 3 1 2 7 0 2 7 17 9 2 5 31 3 1 2 7 1 2 7 0 2 7 1 2 7 1 2 11 0 2 7 1 2 7 0 2 7 0 2 7 0 2 7 0 2 7 0 2 7 0 2 7 0 2 7 0 2 7 5 31 3 0 2 7 1 2 7 0 2 7 16 6 2 1 2 7 0 2 4 0 40.0670827627182007
0 2 8 0 2 7 0 2 7 0 2 7 1 2 3 1 2 11 0 2 7 5 30 3 0 2 7 0 2 7 17 18 2 8 9 2 0 2 7 0 2 7 17 9 2 5 30 3 0 2 11 1 2 8 1 2 3 0 2 7 1 2 11 1 2 11 0 2 7 0 2 7 1 2 7 0 2 11 0 2 7 5 30 3 5 31 3 17 18 2 16 18 8 0 2 7 1 2 7 0 2 8 8 9 2 1 2 7 5 30 3 0 2 8 1 2 7 0 2 7 0 42.5917338132858276
0 2 7 0 2 7 1 2 7 0 2 7 1 2 7 1 2 7 1 2 7 5 31 3 0 2 7 0 2 7 0 2 4 17 18 2 17 18 2 17 18 2 13 6 3 1 2 7 0 2 7 17 9 2 5 31 3 1 2 7 1 2 7 1 2 7 0 2 7 1 2 7 1 2 7 0 2 7 0 2 7 0 2 7 0 2 7 0 2 7 1 2 7 0 2 7 0 2 7 1 2 7 0 2 7 0 2 4 5 30 3 5 30 3 0 2 4 16 24 2 0 40.1302337646484375
0 2 7 0 2 7 0 2 7 0 2 7 1 2 7 1 2 7 1 2 7 5 31 3 0 2 7 0 2 7 17 18 2 17 18 2 17 18 2 13 6 3 1 2 7 0 2 7 17 9 2 5 31 3 1 2 7 1 2 7 0 2 7 1 2 7 1 2 7 0 2 7 0 2 7 0 2 7 0 2 7 0 2 7 1 2 7 0 2 7 0 2 7 0 2 7 1 2 7 5 31 3 0 2 7 16 6 2 1 2 7 1 2 11 1 2 7 0 2 4 0 40.0670827627182007
0 2 7 0 2 7 1 2 7 1 2 7 1 2 7 1 2 7 1 2 7 5 31 3 0 2 7 0 2 7 17 18 2 17 18 2 17 18 2 13 6 3 1 2 7 0 2 7 17 9 2 5 31 3 1 2 7 1 2 7 0 2 7 1 2 7 1 2 11 0 2 7 1 2 7 0 2 7 0 2 7 0 2 7 0 2 7 0 2 7 0 2 7 0 2 7 0 2 7 5 31 3 0 2 7 1 2 7 0 2 7 16 6 2 1 2 4 0 2 7 0 40.0670827627182007
0 2 7 0 2 7 1 2 7 0 2 7 1 2 7 1 2 7 1 2 7 5 31 3 0 2 7 0 2 7 0 2 4 17 18 2 17 18 2 17 18 2 13 6 3 1 2 7 0 2 7 17 9 2 5 31 3 1 2 7 1 2 7 1 2 7 0 2 7 1 2 7 1 2 7 0 2 7 0 2 7 0 2 7 0 2 7 0 2 7 1 2 7 0 2 7 0 2 7 1 2 7 0 2 7 0 2 4 5 30 3 5 30 3 0 2 4 16 24 2 0 40.1302337646484375
0 2 7 0 2 7 1 2 7 1 2 7 1 2 7 1 2 7 1 2 7 5 31 3 0 2 7 0 2 7 17 18 2 17 18 2 17 18 2 13 6 3 1 2 7 0 2 7 17 9 2 5 31 3 1 2 7 1 2 7 0 2 7 1 2 7 1 2 11 0 2 7 1 2 7 0 2 7 0 2 7 0 2 7 0 2 7 0 2 4 0 2 7 0 2 7 0 2 7 5 31 3 0 2 7 1 2 7 0 2 7 16 6 2 1 2 7 0 2 7 0 40.0670827627182007
0 2 7 0 2 7 1 2 7 1 2 7 1 2 7 1 2 7 1 2 7 5 31 3 0 2 7 0 2 7 17 18 2 17 18 2 17 18 2 13 6 3 1 2 7 0 2 7 17 9 2 5 31 3 1 2 7 1 2 4 1 2 7 0 2 7 1 2 7 1 2 11 0 2 7 1 2 7 0 2 7 0 2 7 0 2 7 0 2 7 0 2 7 0 2 7 0 2 7 0 2 7 5 31 3 0 2 7 1 2 7 0 2 7 0 2 7 16 6 2 0 40.0670827627182007
0 2 4 0 2 7 0 2 7 0 2 7 1 2 7 1 2 7 1 2 7 5 30 3 0 2 7 0 2 7 17 18 2 17 18 2 1 2 7 0 2 7 8 9 2 5 31 3 1 2 7 1 2 7 0 2 7 1 2 7 1 2 11 0 2 7 0 2 4 0 2 7 0 2 7 0 2 7 0 2 7 0 2 7 0 2 7 1 2 7 16 6 2 17 18 2 12 16 2 0 2 7 1 2 4 5 31 3 5 30 3 1 2 7 8 9 2 0 2 7 0 40.9775986671447754

Current Evaluation = 9000(9000)
Front Size = 10
0 2 7 0 2 7 0 2 7 1 2 7 1 2 7 1 2 7 5 31 3 0 2 7 0 2 7 17 18 2 17 18 2 17 18 2 13 6 3 0 2 7 0 2 7 17 9 2 1 2 7 1 2 7 1 2 7 1 2 7 0 2 7 1 2 7 1 2 7 0 2 7 0 2 7 0 2 7 0 2 7 0 2 7 1 2 11 0 2 7 0 2 7 0 2 7 5 31 3 1 2 7 1 2 7 5 31 3 16 6 2 0 2 7 1 2 4 0 2 7 0 40.0670827627182007
0 2 7 0 2 3 0 2 3 1 2 7 0 2 7 0 2 7 0 2 7 5 30 3 0 2 4 0 2 7 0 2 7 17 18 2 17 18 2 1 2 3 0 2 7 1 2 4 1 2 3 5 31 3 1 2 7 0 2 4 6 2 7 1 2 7 0 2 4 0 2 7 1 2 7 1 2 7 1 2 7 0 2 7 1 2 7 0 2 7 5 31 3 16 6 2 0 2 7 12 16 2 17 9 2 0 2 7 8 9 2 1 2 7 1 2 4 0 2 7 0 40.8292918801307678
0 2 7 0 2 7 0 2 7 1 2 7 1 2 7 1 2 7 5 31 3 0 2 7 0 2 7 17 18 2 17 18 2 17 18 2 13 6 3 1 2 7 0 2 7 17 9 2 1 2 7 1 2 7 1 2 7 1 2 7 0 2 7 1 2 7 1 2 7 0 2 7 0 2 7 0 2 7 0 2 7 0 2 7 1 2 11 0 2 7 0 2 7 0 2 7 5 31 3 1 2 7 1 2 7 5 31 3 16 6 2 0 2 7 0 2 4 0 2 7 0 40.0670827627182007
0 2 7 0 2 7 1 2 4 1 2 7 1 2 7 1 2 7 1 2 7 5 31 3 0 2 7 0 2 7 17 18 2 17 18 2 17 18 2 13 6 3 1 2 7 0 2 7 17 9 2 5 31 3 1 2 7 1 2 7 0 2 7 1 2 7 0 2 7 1 2 7 0 2 7 0 2 7 0 2 7 0 2 7 0 2 7 0 2 7 0 2 7 0 2 7 1 2 7 5 30 3 0 2 4 1 2 7 5 30 3 0 2 4 16 24 2 0 2 7 0 40.1302337646484375
0 2 7 0 2 7 0 2 7 1 2 7 1 2 7 1 2 7 5 31 3 0 2 7 0 2 7 17 18 2 17 18 2 17 18 2 13 6 3 0 2 7 0 2 7 17 9 2 1 2 7 1 2 7 1 2 7 1 2 7 0 2 7 1 2 7 1 2 7 0 2 7 0 2 7 0 2 7 0 2 7 0 2 7 1 2 7 0 2 4 0 2 7 0 2 7 5 31 3 1 2 7 1 2 4 0 2 4 0 2 7 16 24 2 5 30 3 5 30 3 0 40.1302337646484375
0 2 8 0 2 7 0 2 7 0 2 7 1 2 3 1 2 11 0 2 7 5 30 3 0 2 7 0 2 7 17 18 2 8 9 2 0 2 7 0 2 7 17 9 2 5 30 3 0 2 11 1 2 8 1 2 3 0 2 7 1 2 11 1 2 11 0 2 7 0 2 7 1 2 7 0 2 11 0 2 7 5 30 3 5 31 3 17 18 2 16 18 8 0 2 7 1 2 7 0 2 8 8 9 2 1 2 7 5 30 3 0 2 8 1 2 7 0 2 7 0 42.5917338132858276
0 2 7 0 2 7 0 2 7 1 2 7 1 2 7 1 2 7 5 31 3 0 2 7 0 2 7 17 18 2 17 18 2 17 18 2 13 6 3 0 2 7 0 2 7 17 9 2 1 2 7 1 2 7 1 2 7 1 2 7 0 2 7 1 2 7 1 2 7 0 2 7 0 2 7 0 2 7 0 2 7 0 2 7 1 2 7 0 2 7 0 2 7 0 2 7 5 31 3 1 2 7 1 2 11 5 31 3 16 6 2 0 2 7 0 2 7 1 2 4 0 40.0670827627182007
0 2 7 0 2 7 0 2 7 0 2 7 1 2 7 1 2 7 5 31 3 0 2 7 0 2 7 17 18 2 17 18 2 17 18 2 13 6 3 0 2 7 0 2 7 17 9 2 1 2 7 1 2 7 1 2 7 1 2 7 0 2 7 1 2 4 1 2 7 0 2 7 0 2 7 0 2 7 0 2 7 0 2 7 1 2 11 0 2 7 0 2 7 0 2 7 5 31 3 1 2 7 1 2 7 5 31 3 16 6 2 0 2 7 1 2 7 1 2 7 0 40.0670827627182007
0 2 7 0 2 7 0 2 7 1 2 7 1 2 7 1 2 7 5 31 3 0 2 7 0 2 7 17 18 2 17 18 2 17 18 2 13 6 3 0 2 7 0 2 7 17 9 2 1 2 7 1 2 7 1 2 7 1 2 7 0 2 7 1 2 7 1 2 7 0 2 7 0 2 7 0 2 7 0 2 7 0 2 7 1 2 7 0 2 7 0 2 7 0 2 7 5 31 3 1 2 7 1 2 11 5 31 3 16 6 2 0 2 7 0 2 7 1 2 4 0 40.0670827627182007
0 2 7 0 2 7 0 2 7 1 2 7 1 2 7 1 2 7 5 31 3 0 2 7 0 2 7 17 18 2 17 18 2 17 18 2 13 6 3 0 2 7 17 9 2 1 2 7 1 2 7 1 2 7 1 2 7 0 2 7 1 2 7 1 2 7 0 2 7 0 2 7 0 2 7 0 2 7 0 2 7 1 2 7 0 2 7 0 2 7 0 2 7 5 31 3 1 2 7 1 2 11 5 31 3 16 6 2 0 2 7 0 2 7 0 2 4 1 2 7 0 40.0670827627182007

MonoObjective Genetic Algorithm
Number of Evaluations = 0
Mutation Probability = 0
Crossover Probability = 1
Population Size = 10
Survival Selection Type = 5

Time =  9002.68747782707214

Current Evaluation = 2206
Front Size = 10
0 2 7 0 2 7 0 2 7 1 2 7 1 2 7 1 2 7 5 31 3 0 2 7 0 2 7 17 18 2 17 18 2 17 18 2 13 6 3 0 2 7 0 2 7 17 9 2 1 2 7 1 2 7 1 2 7 1 2 7 0 2 7 1 2 7 1 2 7 0 2 7 0 2 7 0 2 7 0 2 7 0 2 7 1 2 11 0 2 7 0 2 7 0 2 7 5 31 3 1 2 7 1 2 7 5 31 3 16 6 2 0 2 7 1 2 4 0 2 7 0 40.0670827627182007
0 2 7 0 2 3 0 2 3 1 2 7 0 2 7 0 2 7 0 2 7 5 30 3 0 2 4 0 2 7 0 2 7 17 18 2 17 18 2 1 2 3 0 2 7 1 2 4 1 2 3 5 31 3 1 2 7 0 2 4 6 2 7 1 2 7 0 2 4 0 2 7 1 2 7 1 2 7 1 2 7 0 2 7 1 2 7 0 2 7 5 31 3 16 6 2 0 2 7 12 16 2 17 9 2 0 2 7 8 9 2 1 2 7 1 2 4 0 2 7 0 40.8292918801307678
0 2 7 0 2 7 0 2 7 1 2 7 1 2 7 1 2 7 5 31 3 0 2 7 0 2 7 17 18 2 17 18 2 17 18 2 13 6 3 1 2 7 0 2 7 17 9 2 1 2 7 1 2 7 1 2 7 1 2 7 0 2 7 1 2 7 1 2 7 0 2 7 0 2 7 0 2 7 0 2 7 0 2 7 1 2 11 0 2 7 0 2 7 0 2 7 5 31 3 1 2 7 1 2 7 5 31 3 16 6 2 0 2 7 0 2 4 0 2 7 0 40.0670827627182007
0 2 7 0 2 7 1 2 4 1 2 7 1 2 7 1 2 7 1 2 7 5 31 3 0 2 7 0 2 7 17 18 2 17 18 2 17 18 2 13 6 3 1 2 7 0 2 7 17 9 2 5 31 3 1 2 7 1 2 7 0 2 7 1 2 7 0 2 7 1 2 7 0 2 7 0 2 7 0 2 7 0 2 7 0 2 7 0 2 7 0 2 7 0 2 7 1 2 7 5 30 3 0 2 4 1 2 7 5 30 3 0 2 4 16 24 2 0 2 7 0 40.1302337646484375
0 2 7 0 2 7 0 2 7 1 2 7 1 2 7 1 2 7 5 31 3 0 2 7 0 2 7 17 18 2 17 18 2 17 18 2 13 6 3 0 2 7 0 2 7 17 9 2 1 2 7 1 2 7 1 2 7 1 2 7 0 2 7 1 2 7 1 2 7 0 2 7 0 2 7 0 2 7 0 2 7 0 2 7 1 2 7 0 2 4 0 2 7 0 2 7 5 31 3 1 2 7 1 2 4 0 2 4 0 2 7 16 24 2 5 30 3 5 30 3 0 40.1302337646484375
0 2 8 0 2 7 0 2 7 0 2 7 1 2 3 1 2 11 0 2 7 5 30 3 0 2 7 0 2 7 17 18 2 8 9 2 0 2 7 0 2 7 17 9 2 5 30 3 0 2 11 1 2 8 1 2 3 0 2 7 1 2 11 1 2 11 0 2 7 0 2 7 1 2 7 0 2 11 0 2 7 5 30 3 5 31 3 17 18 2 16 18 8 0 2 7 1 2 7 0 2 8 8 9 2 1 2 7 5 30 3 0 2 8 1 2 7 0 2 7 0 42.5917338132858276
0 2 7 0 2 7 0 2 7 1 2 7 1 2 7 1 2 7 5 31 3 0 2 7 0 2 7 17 18 2 17 18 2 17 18 2 13 6 3 0 2 7 0 2 7 17 9 2 1 2 7 1 2 7 1 2 7 1 2 7 0 2 7 1 2 7 1 2 7 0 2 7 0 2 7 0 2 7 0 2 7 0 2 7 1 2 7 0 2 7 0 2 7 0 2 7 5 31 3 1 2 7 1 2 11 5 31 3 16 6 2 0 2 7 0 2 7 1 2 4 0 40.0670827627182007
0 2 7 0 2 7 0 2 7 0 2 7 1 2 7 1 2 7 5 31 3 0 2 7 0 2 7 17 18 2 17 18 2 17 18 2 13 6 3 0 2 7 0 2 7 17 9 2 1 2 7 1 2 7 1 2 7 1 2 7 0 2 7 1 2 4 1 2 7 0 2 7 0 2 7 0 2 7 0 2 7 0 2 7 1 2 11 0 2 7 0 2 7 0 2 7 5 31 3 1 2 7 1 2 7 5 31 3 16 6 2 0 2 7 1 2 7 1 2 7 0 40.0670827627182007
0 2 7 0 2 7 0 2 7 1 2 7 1 2 7 1 2 7 5 31 3 0 2 7 0 2 7 17 18 2 17 18 2 17 18 2 13 6 3 0 2 7 0 2 7 17 9 2 1 2 7 1 2 7 1 2 7 1 2 7 0 2 7 1 2 7 1 2 7 0 2 7 0 2 7 0 2 7 0 2 7 0 2 7 1 2 7 0 2 7 0 2 7 0 2 7 5 31 3 1 2 7 1 2 11 5 31 3 16 6 2 0 2 7 0 2 7 1 2 4 0 40.0670827627182007
0 2 7 0 2 7 0 2 7 1 2 7 1 2 7 1 2 7 5 31 3 0 2 7 0 2 7 17 18 2 17 18 2 17 18 2 13 6 3 0 2 7 17 9 2 1 2 7 1 2 7 1 2 7 1 2 7 0 2 7 1 2 7 1 2 7 0 2 7 0 2 7 0 2 7 0 2 7 0 2 7 1 2 7 0 2 7 0 2 7 0 2 7 5 31 3 1 2 7 1 2 11 5 31 3 16 6 2 0 2 7 0 2 7 0 2 4 1 2 7 0 40.0670827627182007

