Current Evaluation = 900(900)
Front Size = 10
12 16 2 0 2 7 0 2 11 1 2 7 5 31 3 0 2 4 1 2 7 1 2 4 0 2 7 0 2 7 1 2 7 1 2 7 1 2 11 0 2 7 0 2 7 0 2 7 1 2 7 0 2 7 1 2 7 1 2 7 0 2 7 17 9 2 1 2 7 12 16 2 0 2 7 0 2 7 0 2 7 0 2 7 1 2 7 1 2 7 1 2 7 0 2 7 17 18 2 1 2 7 12 16 2 17 18 2 5 30 3 13 6 3 13 6 3 1 2 7 17 9 2 0 2 7 0 2 7 0 2 7 0 2 7 16 15 2 0 2 7 0 2 7 0 2 7 5 30 3 0 2 7 1 2 3 17 9 2 17 18 2 8 18 2 8 18 2 5 30 3 0 2 4 1 2 7 0 2 4 0 60.5952224731445312
0 2 7 12 16 2 17 9 2 1 2 7 1 2 7 1 2 7 5 30 3 5 31 3 1 2 7 0 2 7 12 16 2 0 2 7 0 2 4 1 2 7 5 30 3 0 2 7 0 2 7 1 2 7 5 30 3 0 2 7 0 2 7 0 2 11 1 2 4 1 2 3 1 2 4 0 2 7 1 2 7 0 2 7 0 2 7 0 2 7 0 2 7 1 2 4 17 18 2 17 9 2 0 2 7 13 6 3 0 2 7 13 6 3 0 2 7 0 2 7 0 2 7 0 2 7 0 2 7 0 2 7 8 18 2 1 2 7 0 2 7 1 2 7 12 16 2 1 2 11 16 15 2 1 2 7 8 9 2 0 2 7 17 18 2 1 2 7 0 2 7 17 9 2 17 9 2 1 2 7 0 60.5952224731445312
16 18 11 0 2 7 0 2 7 1 2 7 5 31 3 0 2 7 1 2 7 0 2 7 6 2 7 0 2 7 1 2 7 0 2 3 1 2 7 1 2 4 0 2 7 0 2 7 0 2 7 1 2 7 1 2 7 1 2 7 1 2 4 0 2 7 17 9 2 16 6 2 12 16 2 0 2 7 1 2 7 0 2 7 1 2 7 1 2 11 1 2 7 0 2 7 0 2 7 17 18 2 1 2 7 12 16 2 17 18 2 12 16 2 0 2 7 5 31 3 17 18 2 5 30 3 13 6 3 1 2 7 0 2 7 0 2 7 0 2 7 0 2 7 0 2 7 0 2 7 5 30 3 0 2 7 1 2 7 0 2 4 0 2 7 13 6 3 0 2 11 5 31 3 0 2 7 17 9 2 0 60.8008965253829956
12 16 2 0 2 7 0 2 11 1 2 7 5 31 3 0 2 4 1 2 7 1 2 7 0 2 7 0 2 7 1 2 7 0 2 4 1 2 7 1 2 4 0 2 7 0 2 7 0 2 7 1 2 7 0 2 7 1 2 4 1 2 7 0 2 7 17 9 2 16 6 2 12 16 2 0 2 7 0 2 7 0 2 7 0 2 7 1 2 7 1 2 7 0 2 7 0 2 4 17 18 2 1 2 7 12 16 2 17 18 2 12 16 2 0 2 4 5 31 3 17 18 2 5 30 3 13 6 3 1 2 7 0 2 4 0 2 7 0 2 7 6 2 11 0 2 4 0 2 7 6 2 7 0 2 7 0 2 7 0 2 7 8 9 2 5 30 3 17 18 2 16 19 11 5 30 3 16 31 2 0.0119995811093377303 61.0344474911689758
0 2 7 12 16 2 17 9 2 1 2 7 6 2 4 1 2 7 16 19 11 5 31 3 1 2 7 0 2 7 12 16 2 0 2 7 6 2 7 1 2 7 5 30 3 0 2 7 0 2 7 1 2 4 5 30 3 0 2 7 0 2 4 0 2 7 1 2 7 1 2 7 0 2 4 1 2 7 0 2 7 0 2 7 0 2 7 0 2 7 17 18 2 0 2 7 13 6 3 0 2 7 1 2 7 0 2 7 0 2 7 0 2 7 1 2 7 0 2 7 1 2 7 1 2 7 12 16 2 1 2 7 8 9 2 17 18 2 1 2 7 0 2 7 12 16 2 5 30 3 0 2 7 17 18 2 17 18 2 17 22 2 1 2 4 0 2 7 6 2 7 0 2 4 5 31 3 0 2 7 0 61.29971843957901
0 2 7 12 16 2 17 9 2 1 2 7 1 2 7 1 2 7 5 30 3 5 31 3 1 2 7 0 2 7 12 16 2 0 2 7 0 2 4 1 2 7 5 30 3 0 2 7 0 2 7 1 2 7 5 30 3 0 2 7 0 2 7 0 2 11 1 2 4 1 2 4 0 2 7 1 2 7 0 2 7 0 2 7 0 2 7 0 2 7 17 18 2 0 2 7 13 6 3 0 2 7 0 2 7 0 2 7 0 2 7 0 2 7 0 2 7 0 2 7 1 2 7 1 2 7 12 16 2 1 2 7 8 9 2 17 18 2 1 2 7 1 2 3 1 2 4 17 9 2 13 6 3 0 2 4 0 2 7 1 2 11 16 15 2 16 6 2 0 2 7 17 9 2 17 9 2 1 2 7 0.0114844209917266352 60.2156254053115845
12 16 2 0 2 7 0 2 7 1 2 7 5 30 3 0 2 7 1 2 4 1 2 4 0 2 7 1 2 7 1 2 7 0 2 7 1 2 7 0 2 7 0 2 7 1 2 7 0 2 4 1 2 7 1 2 7 0 2 7 17 9 2 16 15 2 12 16 2 0 2 7 0 2 7 0 2 7 0 2 7 0 2 7 17 18 2 12 16 2 17 18 2 5 31 3 5 30 3 13 6 3 17 9 2 0 2 7 0 2 7 8 18 2 0 2 7 1 2 7 1 2 7 1 2 7 0 2 7 1 2 7 0 2 7 1 2 7 0 2 7 0 2 7 16 6 2 1 2 8 12 16 2 13 6 3 1 2 11 1 2 3 1 2 4 8 18 2 5 31 3 0 2 7 8 9 2 17 9 2 0.00042809552141409216 60.6768094301223755
12 16 2 0 2 7 0 2 7 1 2 7 5 30 3 0 2 7 1 2 4 1 2 4 0 2 7 1 2 7 1 2 7 0 2 7 1 2 7 0 2 7 0 2 7 1 2 7 0 2 4 1 2 7 1 2 7 0 2 7 17 9 2 16 15 2 12 16 2 0 2 7 0 2 7 0 2 7 0 2 7 0 2 7 17 18 2 12 16 2 17 18 2 5 31 3 5 30 3 13 6 3 17 9 2 0 2 7 0 2 7 8 18 2 0 2 7 1 2 7 1 2 7 1 2 7 0 2 7 1 2 7 0 2 7 1 2 7 0 2 7 0 2 7 17 9 2 0 2 7 0 2 11 0 2 4 0 2 4 0 2 4 17 18 2 0 2 7 5 30 3 8 18 2 0 2 4 1 2 7 0.000388677356575249178 60.8389174938201904
12 16 2 0 2 7 0 2 7 1 2 7 5 31 3 0 2 7 1 2 7 1 2 7 0 2 7 0 2 7 1 2 7 1 2 7 1 2 7 0 2 7 0 2 7 0 2 7 1 2 4 0 2 7 0 2 7 1 2 7 1 2 7 17 9 2 1 2 7 1 2 7 0 2 4 0 2 3 0 2 3 16 15 2 0 2 7 1 2 3 1 2 7 0 2 7 17 18 2 1 2 7 12 16 2 17 18 2 5 30 3 13 6 3 13 6 3 6 2 7 17 9 2 0 2 7 0 2 3 0 2 7 0 2 7 0 2 7 17 9 2 16 6 2 0 2 7 1 2 7 12 16 2 0 2 7 5 31 3 8 9 2 0 2 7 5 30 3 0 2 7 0 2 7 1 2 3 0 2 7 0 60.6555505394935608
16 15 2 0 2 7 1 2 7 1 2 7 5 30 3 0 2 7 1 2 7 1 2 7 1 2 7 0 2 7 1 2 11 0 2 7 1 2 7 0 2 7 1 2 7 0 2 7 1 2 7 0 2 7 0 2 4 1 2 7 0 2 7 8 9 2 16 6 2 12 16 2 0 2 7 0 2 7 0 2 7 0 2 7 0 2 7 0 2 7 17 18 2 12 16 2 17 18 2 12 16 2 5 30 3 5 30 3 13 6 3 8 9 2 1 2 3 0 2 7 0 2 7 0 2 7 0 2 7 0 2 7 0 2 7 0 2 7 0 2 7 1 2 7 5 30 3 16 19 11 0 2 7 0 2 7 1 2 4 0 2 4 0 2 7 5 31 3 17 18 2 5 30 3 8 18 2 17 9 2 0 61.5528281927108765

Current Evaluation = 1800(1800)
Front Size = 10
12 16 2 0 2 7 1 2 7 1 2 7 5 31 3 5 31 3 0 2 4 1 2 7 0 2 7 0 2 4 1 2 7 0 2 7 0 2 7 0 2 7 13 6 3 1 2 7 0 2 7 1 2 7 0 2 7 0 2 7 1 2 7 1 2 7 1 2 7 0 2 7 1 2 7 0 2 7 17 18 2 0 2 7 0 2 7 1 2 7 0 2 7 17 18 2 0 2 7 12 16 2 17 18 2 5 31 3 13 6 3 13 6 3 1 2 7 17 9 2 0 2 7 1 2 7 0 2 4 0 2 7 17 9 2 12 16 2 12 16 2 1 2 7 1 2 7 0 2 7 5 30 3 1 2 7 16 6 2 0 2 7 0 2 7 0 2 7 6 2 7 0 2 4 1 2 7 17 9 2 0 59.938682496547699
12 16 2 0 2 7 1 2 7 1 2 7 5 31 3 5 31 3 0 2 4 1 2 7 0 2 7 1 2 7 0 2 7 0 2 7 0 2 7 13 6 3 1 2 7 0 2 7 1 2 7 0 2 7 0 2 7 1 2 7 1 2 7 1 2 7 0 2 7 1 2 7 0 2 7 17 18 2 0 2 7 0 2 4 1 2 7 0 2 7 17 18 2 0 2 7 12 16 2 17 18 2 5 31 3 13 6 3 13 6 3 1 2 7 17 9 2 0 2 7 1 2 7 0 2 7 17 9 2 12 16 2 12 16 2 1 2 7 0 2 7 5 30 3 16 6 2 0 2 7 0 2 7 0 2 7 6 2 7 0 2 4 0 2 4 1 2 7 1 2 7 0 2 7 1 2 7 17 9 2 0 59.938682496547699
12 16 2 0 2 7 1 2 7 1 2 7 5 31 3 5 31 3 0 2 4 1 2 7 0 2 7 1 2 7 0 2 7 0 2 7 0 2 7 13 6 3 1 2 7 0 2 7 1 2 7 0 2 7 0 2 7 1 2 7 1 2 7 1 2 7 0 2 7 1 2 7 0 2 7 17 18 2 0 2 7 0 2 4 1 2 7 0 2 7 17 18 2 0 2 7 12 16 2 17 18 2 5 31 3 13 6 3 13 6 3 1 2 7 17 9 2 0 2 7 1 2 7 0 2 7 17 9 2 12 16 2 12 16 2 1 2 7 0 2 7 5 30 3 16 6 2 0 2 7 0 2 7 0 2 7 6 2 7 0 2 4 1 2 7 1 2 7 0 2 7 0 2 4 1 2 7 0 2 7 8.63052039667488806e-05 60.0412355065345764
12 16 2 0 2 7 1 2 7 1 2 7 5 31 3 5 31 3 0 2 4 1 2 7 0 2 7 1 2 7 0 2 7 0 2 7 0 2 7 13 6 3 1 2 7 0 2 7 1 2 7 0 2 7 0 2 7 1 2 7 1 2 7 1 2 7 0 2 7 1 2 7 0 2 7 17 18 2 0 2 7 0 2 4 1 2 7 0 2 7 17 18 2 0 2 7 12 16 2 17 18 2 5 31 3 13 6 3 13 6 3 1 2 7 17 9 2 0 2 7 1 2 7 0 2 7 17 9 2 12 16 2 12 16 2 1 2 7 0 2 7 5 30 3 16 6 2 0 2 7 0 2 7 0 2 7 6 2 7 0 2 4 1 2 7 1 2 7 0 2 7 17 18 2 1 2 4 17 9 2 0.011559319242302463 59.8361294865608215
12 16 2 0 2 7 1 2 7 1 2 7 5 31 3 5 31 3 0 2 7 1 2 7 1 2 7 13 6 3 6 2 7 0 2 7 0 2 7 0 2 7 0 2 7 1 2 7 0 2 7 1 2 7 0 2 7 0 2 7 1 2 7 0 2 7 0 2 7 0 2 7 1 2 7 17 18 2 0 2 7 0 2 7 1 2 7 0 2 7 17 18 2 0 2 7 12 16 2 17 18 2 5 31 3 13 6 3 13 6 3 17 9 2 0 2 7 1 2 7 0 2 7 0 2 7 17 9 2 12 16 2 12 16 2 1 2 7 0 2 7 5 30 3 1 2 7 1 2 7 0 2 4 16 6 2 1 2 7 1 2 7 0 2 4 1 2 7 0 2 4 17 18 2 0 2 4 1 2 7 0 59.938682496547699
12 16 2 0 2 7 1 2 7 1 2 7 5 31 3 5 31 3 0 2 7 1 2 7 1 2 7 13 6 3 6 2 7 0 2 7 0 2 7 0 2 7 0 2 7 1 2 7 0 2 7 1 2 7 0 2 7 0 2 7 1 2 7 0 2 7 0 2 7 0 2 7 1 2 7 17 18 2 0 2 7 0 2 7 1 2 7 0 2 7 17 18 2 0 2 7 12 16 2 17 18 2 5 31 3 13 6 3 13 6 3 17 9 2 0 2 7 1 2 7 0 2 7 0 2 7 17 9 2 12 16 2 12 16 2 1 2 7 0 2 7 5 30 3 1 2 7 1 2 7 0 2 4 16 6 2 1 2 7 1 2 7 0 2 4 1 2 7 0 2 4 17 18 2 1 2 4 0 2 7 0 59.938682496547699
12 16 2 0 2 7 1 2 7 1 2 7 5 31 3 5 31 3 0 2 4 1 2 7 0 2 7 0 2 4 1 2 7 0 2 7 0 2 7 0 2 7 13 6 3 1 2 7 0 2 7 1 2 7 0 2 7 0 2 7 1 2 7 1 2 7 1 2 7 0 2 7 1 2 7 0 2 7 17 18 2 0 2 7 0 2 7 1 2 7 0 2 7 17 18 2 0 2 7 12 16 2 17 18 2 5 31 3 13 6 3 13 6 3 1 2 7 17 9 2 0 2 7 1 2 7 0 2 4 0 2 7 17 9 2 12 16 2 12 16 2 1 2 7 1 2 7 0 2 7 5 30 3 17 18 2 1 2 7 16 6 2 0 2 7 0 2 7 0 2 7 6 2 7 1 2 4 0 2 7 0 59.938682496547699
12 16 2 0 2 7 1 2 7 1 2 7 5 31 3 5 31 3 0 2 4 1 2 7 0 2 7 0 2 4 1 2 7 0 2 7 0 2 7 0 2 7 13 6 3 1 2 7 0 2 7 1 2 7 0 2 7 0 2 7 1 2 7 1 2 7 1 2 7 0 2 7 1 2 7 0 2 7 17 18 2 0 2 7 0 2 7 1 2 7 0 2 7 17 18 2 0 2 7 12 16 2 17 18 2 5 31 3 13 6 3 13 6 3 1 2 7 17 9 2 0 2 7 1 2 7 0 2 4 0 2 7 17 9 2 12 16 2 12 16 2 1 2 7 1 2 7 0 2 7 5 30 3 17 18 2 1 2 7 16 6 2 0 2 7 0 2 7 0 2 7 6 2 7 0 2 4 1 2 7 0 59.938682496547699
12 16 2 0 2 7 1 2 7 1 2 7 5 31 3 5 31 3 0 2 4 1 2 7 0 2 7 0 2 4 1 2 7 0 2 7 0 2 7 0 2 7 13 6 3 1 2 7 0 2 7 1 2 7 0 2 7 0 2 7 1 2 7 1 2 7 1 2 7 0 2 7 1 2 7 0 2 7 17 18 2 0 2 7 0 2 7 1 2 7 0 2 7 17 18 2 0 2 7 12 16 2 17 18 2 5 31 3 13 6 3 13 6 3 1 2 7 17 9 2 0 2 7 1 2 7 0 2 4 0 2 7 17 9 2 12 16 2 12 16 2 1 2 7 1 2 7 0 2 7 5 30 3 1 2 7 16 6 2 0 2 7 0 2 7 0 2 7 6 2 7 0 2 4 1 2 7 17 18 2 0 59.938682496547699
12 16 2 0 2 7 1 2 7 1 2 7 5 31 3 5 31 3 0 2 4 1 2 7 0 2 7 0 2 4 1 2 7 0 2 7 0 2 7 0 2 7 13 6 3 1 2 7 0 2 7 1 2 7 0 2 7 0 2 7 1 2 7 1 2 7 1 2 7 0 2 7 1 2 7 0 2 7 17 18 2 0 2 7 0 2 7 1 2 7 0 2 7 17 18 2 0 2 7 12 16 2 17 18 2 5 31 3 13 6 3 13 6 3 1 2 7 17 9 2 0 2 7 1 2 7 0 2 4 0 2 7 17 9 2 12 16 2 12 16 2 1 2 7 1 2 7 0 2 7 5 30 3 1 2 7 16 6 2 0 2 7 0 2 7 0 2 7 6 2 7 0 2 4 1 2 7 17 9 2 0 59.938682496547699

Current Evaluation = 2700(2700)
Front Size = 10
12 16 2 0 2 7 1 2 7 1 2 7 5 31 3 5 31 3 0 2 7 1 2 7 0 2 4 1 2 7 0 2 7 0 2 7 0 2 7 13 6 3 0 2 7 1 2 7 0 2 7 0 2 7 1 2 7 1 2 7 1 2 7 0 2 7 1 2 7 0 2 7 17 18 2 0 2 7 0 2 7 1 2 7 0 2 7 17 18 2 0 2 7 12 16 2 17 18 2 5 31 3 13 6 3 13 6 3 1 2 7 17 9 2 0 2 7 1 2 7 0 2 7 17 9 2 12 16 2 12 16 2 1 2 7 0 2 7 16 6 2 0 2 7 0 2 7 0 2 7 0 2 4 1 2 7 1 2 7 0 2 7 1 2 4 17 18 2 0 2 7 1 2 7 1 2 7 1 2 7 0 59.7211945056915283
12 16 2 0 2 7 1 2 7 1 2 7 5 31 3 5 31 3 0 2 7 1 2 7 0 2 4 1 2 7 0 2 7 0 2 7 0 2 7 13 6 3 0 2 7 1 2 7 0 2 7 0 2 7 1 2 7 1 2 7 1 2 7 0 2 7 1 2 7 0 2 7 17 18 2 0 2 7 0 2 7 1 2 7 0 2 7 17 18 2 0 2 7 12 16 2 17 18 2 5 31 3 13 6 3 13 6 3 1 2 7 17 9 2 0 2 7 1 2 7 0 2 7 17 9 2 12 16 2 12 16 2 1 2 7 0 2 7 16 6 2 0 2 7 0 2 7 0 2 7 0 2 4 1 2 7 1 2 7 0 2 7 1 2 4 17 18 2 0 2 7 1 2 7 1 2 7 1 2 7 0 59.7211945056915283
12 16 2 0 2 7 1 2 7 1 2 7 5 31 3 5 31 3 0 2 7 1 2 7 1 2 7 0 2 7 1 2 7 0 2 7 13 6 3 0 2 7 0 2 7 0 2 7 0 2 4 1 2 7 1 2 7 0 2 7 1 2 7 0 2 7 17 18 2 0 2 7 0 2 7 1 2 7 0 2 7 17 18 2 0 2 7 12 16 2 17 18 2 13 6 3 13 6 3 1 2 7 17 9 2 0 2 7 0 2 7 17 9 2 12 16 2 12 16 2 0 2 4 16 6 2 0 2 7 0 2 7 0 2 7 1 2 7 5 31 3 17 18 2 1 2 7 1 2 7 1 2 7 1 2 7 1 2 7 0 2 7 1 2 7 0 2 7 1 2 7 0 2 7 1 2 4 0 2 7 0 59.7211945056915283
12 16 2 0 2 7 1 2 4 1 2 7 5 31 3 5 31 3 0 2 7 1 2 7 1 2 7 0 2 4 1 2 7 0 2 7 13 6 3 0 2 7 0 2 7 0 2 7 0 2 7 1 2 7 1 2 7 0 2 7 1 2 4 0 2 7 17 18 2 0 2 7 0 2 7 0 2 4 0 2 7 17 18 2 0 2 7 12 16 2 17 18 2 13 6 3 13 6 3 1 2 7 17 9 2 0 2 7 0 2 7 17 9 2 12 16 2 12 16 2 0 2 7 16 6 2 0 2 7 1 2 7 0 2 7 1 2 7 5 30 3 17 18 2 6 2 7 0 2 7 1 2 7 0 2 7 1 2 7 0 2 7 1 2 7 0 2 7 1 2 7 5 31 3 1 2 7 1 2 7 0 59.938682496547699
12 16 2 0 2 7 1 2 7 1 2 7 5 31 3 5 31 3 0 2 7 1 2 7 0 2 4 1 2 7 0 2 7 0 2 7 0 2 4 13 6 3 0 2 7 1 2 7 0 2 7 0 2 7 1 2 7 0 2 7 1 2 7 0 2 7 1 2 7 0 2 7 17 18 2 0 2 7 0 2 7 1 2 7 0 2 7 17 18 2 0 2 7 12 16 2 17 18 2 5 31 3 13 6 3 13 6 3 1 2 7 17 9 2 0 2 7 1 2 7 0 2 7 17 9 2 12 16 2 12 16 2 1 2 7 0 2 7 16 6 2 0 2 7 0 2 7 0 2 7 0 2 4 1 2 7 1 2 7 0 2 7 1 2 7 17 18 2 1 2 7 1 2 7 1 2 7 1 2 7 0 59.7211945056915283
12 16 2 0 2 7 1 2 7 1 2 7 5 31 3 5 31 3 0 2 7 1 2 7 0 2 4 1 2 7 0 2 7 0 2 7 0 2 7 13 6 3 0 2 7 1 2 7 0 2 7 0 2 7 1 2 7 1 2 7 1 2 7 0 2 7 1 2 7 0 2 7 17 18 2 0 2 7 0 2 7 1 2 7 0 2 7 17 18 2 0 2 7 12 16 2 17 18 2 5 31 3 13 6 3 13 6 3 1 2 7 17 9 2 0 2 7 1 2 7 0 2 7 17 9 2 12 16 2 12 16 2 1 2 7 0 2 7 16 6 2 0 2 7 0 2 7 0 2 7 0 2 4 1 2 7 1 2 7 0 2 7 1 2 4 17 18 2 1 2 7 1 2 7 1 2 7 0 2 7 0 59.7211945056915283
12 16 2 0 2 7 1 2 7 1 2 7 5 31 3 5 31 3 0 2 7 1 2 7 0 2 4 1 2 7 0 2 7 0 2 7 0 2 7 13 6 3 0 2 7 1 2 7 0 2 7 0 2 7 1 2 7 1 2 7 1 2 7 0 2 7 1 2 7 0 2 7 17 18 2 0 2 7 0 2 7 1 2 7 0 2 7 17 18 2 0 2 7 12 16 2 17 18 2 5 31 3 13 6 3 13 6 3 1 2 7 17 9 2 0 2 7 1 2 7 0 2 7 17 9 2 12 16 2 12 16 2 1 2 7 0 2 7 16 6 2 0 2 7 0 2 7 0 2 7 0 2 4 1 2 7 1 2 7 0 2 7 1 2 4 17 18 2 0 2 7 1 2 7 1 2 7 1 2 7 0 59.7211945056915283
12 16 2 0 2 7 1 2 7 1 2 7 5 31 3 5 31 3 0 2 7 1 2 7 0 2 4 1 2 7 0 2 7 0 2 7 0 2 7 13 6 3 0 2 7 1 2 7 0 2 7 0 2 7 1 2 7 1 2 7 1 2 7 0 2 7 1 2 7 0 2 7 17 18 2 0 2 7 0 2 7 1 2 7 0 2 7 17 18 2 0 2 7 12 16 2 17 18 2 5 31 3 13 6 3 13 6 3 1 2 7 17 9 2 0 2 7 1 2 7 0 2 7 17 9 2 12 16 2 12 16 2 1 2 7 0 2 7 16 6 2 0 2 7 0 2 7 0 2 7 0 2 4 1 2 7 1 2 7 0 2 7 1 2 4 17 18 2 0 2 7 1 2 7 1 2 7 1 2 7 0 59.7211945056915283
12 16 2 0 2 7 1 2 7 1 2 7 5 31 3 5 31 3 0 2 7 1 2 7 0 2 4 1 2 7 0 2 7 0 2 7 0 2 7 13 6 3 0 2 7 1 2 7 0 2 7 0 2 7 1 2 7 1 2 7 1 2 7 0 2 7 1 2 7 0 2 7 17 18 2 0 2 7 0 2 7 1 2 7 0 2 7 17 18 2 0 2 7 12 16 2 17 18 2 5 31 3 13 6 3 13 6 3 1 2 7 17 9 2 0 2 7 1 2 7 0 2 7 17 9 2 12 16 2 12 16 2 1 2 7 0 2 7 16 6 2 0 2 7 0 2 7 0 2 7 0 2 4 1 2 7 1 2 7 0 2 7 1 2 4 17 18 2 0 2 7 1 2 7 1 2 7 1 2 7 0 59.7211945056915283
12 16 2 0 2 7 1 2 7 1 2 7 5 31 3 5 31 3 0 2 7 1 2 7 0 2 4 1 2 7 0 2 7 0 2 7 0 2 7 13 6 3 0 2 7 1 2 7 0 2 7 0 2 7 1 2 7 1 2 7 1 2 7 0 2 7 1 2 7 0 2 7 17 18 2 0 2 7 0 2 7 1 2 7 0 2 7 17 18 2 0 2 7 12 16 2 17 18 2 5 31 3 13 6 3 13 6 3 1 2 7 17 9 2 0 2 7 1 2 7 0 2 7 17 9 2 12 16 2 12 16 2 1 2 7 0 2 7 16 6 2 0 2 7 0 2 7 0 2 7 0 2 4 1 2 7 1 2 7 0 2 7 1 2 4 17 18 2 0 2 7 1 2 7 1 2 7 1 2 7 0 59.7211945056915283

Current Evaluation = 3600(3600)
Front Size = 10
12 16 2 0 2 7 1 2 7 1 2 7 5 31 3 5 31 3 0 2 7 1 2 7 0 2 4 1 2 7 0 2 7 0 2 7 0 2 4 13 6 3 0 2 7 1 2 7 0 2 7 0 2 7 1 2 7 0 2 7 1 2 7 0 2 7 1 2 7 0 2 7 17 18 2 0 2 7 0 2 7 1 2 7 0 2 7 17 18 2 0 2 7 12 16 2 17 18 2 5 31 3 13 6 3 13 6 3 1 2 7 17 9 2 0 2 7 1 2 7 0 2 7 17 9 2 12 16 2 12 16 2 1 2 7 0 2 7 16 6 2 0 2 7 0 2 7 0 2 7 1 2 7 1 2 7 0 2 7 1 2 7 17 18 2 1 2 7 1 2 7 1 2 7 0 2 7 1 2 4 0 59.7211945056915283
12 16 2 0 2 7 1 2 7 1 2 7 5 31 3 5 31 3 0 2 7 1 2 7 0 2 4 1 2 7 0 2 7 0 2 7 0 2 7 13 6 3 0 2 7 1 2 7 0 2 7 0 2 7 1 2 7 1 2 7 1 2 7 0 2 7 1 2 7 0 2 7 17 18 2 0 2 7 0 2 7 1 2 7 0 2 7 17 18 2 0 2 7 12 16 2 17 18 2 5 31 3 13 6 3 13 6 3 1 2 7 17 9 2 0 2 7 1 2 7 0 2 7 17 9 2 12 16 2 12 16 2 1 2 7 0 2 7 16 6 2 0 2 7 0 2 7 0 2 7 0 2 4 1 2 7 1 2 7 0 2 7 1 2 4 17 18 2 0 2 7 1 2 7 1 2 7 1 2 7 0 59.7211945056915283
12 16 2 0 2 7 1 2 7 1 2 7 5 31 3 5 31 3 0 2 7 1 2 7 0 2 4 1 2 7 0 2 7 0 2 7 0 2 7 13 6 3 0 2 7 1 2 7 0 2 7 0 2 7 1 2 7 1 2 7 1 2 7 0 2 7 1 2 7 0 2 7 17 18 2 0 2 7 0 2 7 1 2 7 0 2 7 17 18 2 0 2 7 12 16 2 17 18 2 5 31 3 13 6 3 13 6 3 1 2 7 17 9 2 0 2 7 1 2 7 0 2 7 17 9 2 12 16 2 12 16 2 1 2 7 0 2 7 16 6 2 0 2 7 0 2 7 0 2 7 0 2 4 1 2 7 1 2 7 0 2 7 1 2 4 17 18 2 0 2 7 1 2 7 1 2 7 1 2 7 0 59.7211945056915283
12 16 2 0 2 7 1 2 7 1 2 7 5 31 3 5 31 3 0 2 7 1 2 7 0 2 4 1 2 7 0 2 7 0 2 7 0 2 7 13 6 3 0 2 7 1 2 7 0 2 7 0 2 7 1 2 7 1 2 7 1 2 7 0 2 7 1 2 7 0 2 7 17 18 2 0 2 7 0 2 7 1 2 7 0 2 7 17 18 2 0 2 7 12 16 2 17 18 2 5 31 3 13 6 3 13 6 3 1 2 7 17 9 2 0 2 7 1 2 7 0 2 7 17 9 2 12 16 2 12 16 2 1 2 7 0 2 7 16 6 2 0 2 7 0 2 7 0 2 7 0 2 4 1 2 7 1 2 7 0 2 7 1 2 4 17 18 2 0 2 7 1 2 7 1 2 7 1 2 7 0 59.7211945056915283
12 16 2 0 2 7 1 2 7 1 2 7 5 31 3 5 31 3 0 2 7 1 2 7 0 2 4 1 2 7 0 2 7 0 2 7 0 2 7 13 6 3 0 2 7 1 2 7 0 2 7 0 2 7 1 2 7 1 2 7 1 2 7 0 2 7 1 2 7 0 2 7 17 18 2 0 2 7 0 2 7 1 2 7 0 2 7 17 18 2 0 2 7 12 16 2 17 18 2 5 31 3 13 6 3 13 6 3 1 2 7 17 9 2 0 2 7 1 2 7 0 2 7 17 9 2 12 16 2 12 16 2 1 2 7 0 2 7 16 6 2 0 2 7 0 2 7 0 2 7 0 2 4 1 2 7 1 2 7 0 2 7 1 2 4 17 18 2 0 2 7 1 2 7 1 2 7 1 2 7 0 59.7211945056915283
12 16 2 0 2 7 1 2 7 1 2 7 5 31 3 5 31 3 0 2 7 1 2 7 0 2 4 1 2 7 0 2 7 0 2 7 0 2 7 13 6 3 0 2 7 1 2 7 0 2 7 0 2 7 1 2 7 1 2 7 1 2 7 0 2 7 1 2 7 0 2 7 17 18 2 0 2 7 0 2 7 1 2 7 0 2 7 17 18 2 0 2 7 12 16 2 17 18 2 5 31 3 13 6 3 13 6 3 1 2 7 17 9 2 0 2 7 1 2 7 0 2 7 17 9 2 12 16 2 12 16 2 1 2 7 0 2 7 16 6 2 0 2 7 0 2 7 0 2 7 0 2 4 1 2 7 1 2 7 0 2 7 1 2 4 17 18 2 0 2 7 1 2 7 1 2 7 1 2 7 0 59.7211945056915283
12 16 2 0 2 7 1 2 7 1 2 7 5 31 3 5 31 3 0 2 7 1 2 7 0 2 4 1 2 7 0 2 7 0 2 7 0 2 4 13 6 3 0 2 7 1 2 7 0 2 7 0 2 7 1 2 7 0 2 7 1 2 7 0 2 7 1 2 7 0 2 7 17 18 2 0 2 7 0 2 7 1 2 7 0 2 7 17 18 2 0 2 7 12 16 2 17 18 2 5 31 3 13 6 3 13 6 3 1 2 7 17 9 2 0 2 7 1 2 7 0 2 7 17 9 2 12 16 2 12 16 2 1 2 7 0 2 7 16 6 2 0 2 7 0 2 7 0 2 7 1 2 7 1 2 7 0 2 7 1 2 7 17 18 2 1 2 7 1 2 7 1 2 7 0 2 7 1 2 4 0 59.7211945056915283
12 16 2 0 2 7 1 2 7 1 2 7 5 31 3 5 31 3 0 2 7 1 2 7 0 2 4 1 2 7 0 2 7 0 2 7 0 2 4 13 6 3 0 2 7 1 2 7 0 2 7 0 2 7 1 2 7 0 2 7 1 2 7 0 2 7 1 2 7 0 2 7 17 18 2 0 2 7 0 2 7 1 2 7 0 2 7 17 18 2 0 2 7 12 16 2 17 18 2 5 31 3 13 6 3 13 6 3 1 2 7 17 9 2 0 2 7 1 2 7 0 2 7 17 9 2 12 16 2 12 16 2 1 2 7 0 2 7 16 6 2 0 2 7 0 2 7 0 2 7 1 2 7 1 2 7 0 2 7 1 2 7 17 18 2 1 2 7 1 2 7 1 2 7 0 2 7 1 2 4 0 59.7211945056915283
12 16 2 0 2 7 1 2 7 1 2 7 5 31 3 5 31 3 0 2 7 1 2 7 0 2 4 1 2 7 0 2 7 0 2 7 0 2 7 13 6 3 0 2 7 1 2 7 0 2 7 0 2 7 1 2 7 1 2 7 1 2 7 0 2 7 1 2 7 0 2 7 17 18 2 0 2 7 0 2 7 1 2 7 0 2 7 17 18 2 0 2 7 12 16 2 17 18 2 5 31 3 13 6 3 13 6 3 1 2 7 17 9 2 0 2 7 1 2 7 0 2 7 17 9 2 12 16 2 12 16 2 1 2 7 0 2 7 16 6 2 0 2 7 0 2 7 0 2 7 0 2 4 1 2 7 1 2 7 0 2 7 1 2 4 17 18 2 0 2 7 1 2 7 1 2 7 1 2 7 0 59.7211945056915283
12 16 2 0 2 7 1 2 7 1 2 7 5 31 3 5 31 3 0 2 7 1 2 7 0 2 4 1 2 7 0 2 7 0 2 7 0 2 7 13 6 3 0 2 7 1 2 7 0 2 7 0 2 7 1 2 7 1 2 7 1 2 7 0 2 7 1 2 7 0 2 7 17 18 2 0 2 7 0 2 7 1 2 7 0 2 7 17 18 2 0 2 7 12 16 2 17 18 2 5 31 3 13 6 3 13 6 3 1 2 7 17 9 2 0 2 7 1 2 7 0 2 7 17 9 2 12 16 2 12 16 2 1 2 7 0 2 7 16 6 2 0 2 7 0 2 7 0 2 7 0 2 4 1 2 7 1 2 7 0 2 7 1 2 4 17 18 2 0 2 7 1 2 7 1 2 7 1 2 7 0 59.7211945056915283

Current Evaluation = 4500(4500)
Front Size = 10
12 16 2 0 2 7 1 2 7 1 2 7 5 31 3 5 31 3 0 2 7 1 2 7 0 2 4 1 2 7 0 2 7 0 2 7 0 2 7 13 6 3 0 2 7 1 2 7 0 2 7 0 2 7 1 2 7 1 2 7 1 2 7 0 2 7 1 2 7 0 2 7 17 18 2 0 2 7 0 2 7 1 2 7 0 2 7 17 18 2 0 2 7 12 16 2 17 18 2 5 31 3 13 6 3 13 6 3 1 2 7 17 9 2 0 2 7 1 2 7 0 2 7 17 9 2 12 16 2 12 16 2 1 2 7 0 2 7 16 6 2 0 2 7 0 2 7 0 2 7 0 2 4 1 2 7 1 2 7 0 2 7 1 2 4 17 18 2 0 2 7 1 2 7 1 2 7 1 2 7 0 59.7211945056915283
12 16 2 0 2 7 1 2 7 1 2 7 5 31 3 5 31 3 0 2 7 1 2 7 0 2 4 1 2 7 0 2 7 0 2 7 0 2 7 13 6 3 0 2 7 1 2 7 0 2 7 0 2 7 1 2 7 1 2 7 1 2 7 0 2 7 1 2 7 0 2 7 17 18 2 0 2 7 0 2 7 1 2 7 0 2 7 17 18 2 0 2 7 12 16 2 17 18 2 5 31 3 13 6 3 13 6 3 1 2 7 17 9 2 0 2 7 1 2 7 0 2 7 17 9 2 12 16 2 12 16 2 1 2 7 0 2 7 16 6 2 0 2 7 0 2 7 0 2 7 0 2 4 1 2 7 1 2 7 0 2 7 1 2 4 17 18 2 0 2 7 1 2 7 1 2 7 1 2 7 0 59.7211945056915283
12 16 2 0 2 7 1 2 7 1 2 7 5 31 3 5 31 3 0 2 7 1 2 7 0 2 4 1 2 7 0 2 7 0 2 7 0 2 7 13 6 3 0 2 7 1 2 7 0 2 7 0 2 7 1 2 7 1 2 7 1 2 7 0 2 7 1 2 7 0 2 7 17 18 2 0 2 7 0 2 7 1 2 7 0 2 7 17 18 2 0 2 7 12 16 2 17 18 2 5 31 3 13 6 3 13 6 3 1 2 7 17 9 2 0 2 7 1 2 7 0 2 7 17 9 2 12 16 2 12 16 2 1 2 7 0 2 7 16 6 2 0 2 7 0 2 7 0 2 7 0 2 4 1 2 7 1 2 7 0 2 7 1 2 4 17 18 2 0 2 7 1 2 7 1 2 7 1 2 7 0 59.7211945056915283
12 16 2 0 2 7 1 2 7 1 2 7 5 31 3 5 31 3 0 2 7 1 2 7 0 2 4 1 2 7 0 2 7 0 2 7 0 2 7 13 6 3 0 2 7 1 2 7 0 2 7 0 2 7 1 2 7 1 2 7 1 2 7 0 2 7 1 2 7 0 2 7 17 18 2 0 2 7 0 2 7 1 2 7 0 2 7 17 18 2 0 2 7 12 16 2 17 18 2 5 31 3 13 6 3 13 6 3 1 2 7 17 9 2 0 2 7 1 2 7 0 2 7 17 9 2 12 16 2 12 16 2 1 2 7 0 2 7 16 6 2 0 2 7 0 2 7 0 2 7 0 2 4 1 2 7 1 2 7 0 2 7 1 2 4 17 18 2 0 2 7 1 2 7 1 2 7 1 2 7 0 59.7211945056915283
12 16 2 0 2 7 1 2 7 1 2 7 5 31 3 5 31 3 0 2 7 1 2 7 0 2 4 1 2 7 0 2 7 0 2 7 0 2 7 13 6 3 0 2 7 1 2 7 0 2 7 0 2 7 1 2 7 1 2 7 1 2 7 0 2 7 1 2 7 0 2 7 17 18 2 0 2 7 0 2 7 1 2 7 0 2 7 17 18 2 0 2 7 12 16 2 17 18 2 5 31 3 13 6 3 13 6 3 1 2 7 17 9 2 0 2 7 1 2 7 0 2 7 17 9 2 12 16 2 12 16 2 1 2 7 0 2 7 16 6 2 0 2 7 0 2 7 0 2 7 0 2 4 1 2 7 1 2 7 0 2 7 1 2 4 17 18 2 0 2 7 1 2 7 1 2 7 1 2 7 0 59.7211945056915283
12 16 2 0 2 7 1 2 7 1 2 7 5 31 3 5 31 3 0 2 7 1 2 7 0 2 4 1 2 7 0 2 7 0 2 7 0 2 7 13 6 3 0 2 7 1 2 7 0 2 7 0 2 7 1 2 7 1 2 7 1 2 7 0 2 7 1 2 7 0 2 7 17 18 2 0 2 7 0 2 7 1 2 7 0 2 7 17 18 2 0 2 7 12 16 2 17 18 2 5 31 3 13 6 3 13 6 3 1 2 7 17 9 2 0 2 7 1 2 7 0 2 7 17 9 2 12 16 2 12 16 2 1 2 7 0 2 7 16 6 2 0 2 7 0 2 7 0 2 7 0 2 4 1 2 7 1 2 7 0 2 7 1 2 4 17 18 2 0 2 7 1 2 7 1 2 7 1 2 7 0 59.7211945056915283
12 16 2 0 2 7 1 2 7 1 2 7 5 31 3 5 31 3 0 2 7 1 2 7 0 2 4 1 2 7 0 2 7 0 2 7 0 2 7 13 6 3 0 2 7 1 2 7 0 2 7 0 2 7 1 2 7 1 2 7 1 2 7 0 2 7 1 2 7 0 2 7 17 18 2 0 2 7 0 2 7 1 2 7 0 2 7 17 18 2 0 2 7 12 16 2 17 18 2 5 31 3 13 6 3 13 6 3 1 2 7 17 9 2 0 2 7 1 2 7 0 2 7 17 9 2 12 16 2 12 16 2 1 2 7 0 2 7 16 6 2 0 2 7 0 2 7 0 2 7 0 2 4 1 2 7 1 2 7 0 2 7 1 2 4 17 18 2 0 2 7 1 2 7 1 2 7 1 2 7 0 59.7211945056915283
12 16 2 0 2 7 1 2 7 1 2 7 5 31 3 5 31 3 0 2 7 1 2 7 0 2 4 1 2 7 0 2 7 0 2 7 0 2 7 13 6 3 0 2 7 1 2 7 0 2 7 0 2 7 1 2 7 1 2 7 1 2 7 0 2 7 1 2 7 0 2 7 17 18 2 0 2 7 0 2 7 1 2 7 0 2 7 17 18 2 0 2 7 12 16 2 17 18 2 5 31 3 13 6 3 13 6 3 1 2 7 17 9 2 0 2 7 1 2 7 0 2 7 17 9 2 12 16 2 12 16 2 1 2 7 0 2 7 16 6 2 0 2 7 0 2 7 0 2 7 0 2 4 1 2 7 1 2 7 0 2 7 1 2 4 17 18 2 0 2 7 1 2 7 1 2 7 1 2 7 0 59.7211945056915283
12 16 2 0 2 7 1 2 7 1 2 7 5 31 3 5 31 3 0 2 7 1 2 7 0 2 4 1 2 7 0 2 7 0 2 7 0 2 7 13 6 3 0 2 7 1 2 7 0 2 7 0 2 7 1 2 7 1 2 7 1 2 7 0 2 7 1 2 7 0 2 7 17 18 2 0 2 7 0 2 7 1 2 7 0 2 7 17 18 2 0 2 7 12 16 2 17 18 2 5 31 3 13 6 3 13 6 3 1 2 7 17 9 2 0 2 7 1 2 7 0 2 7 17 9 2 12 16 2 12 16 2 1 2 7 0 2 7 16 6 2 0 2 7 0 2 7 0 2 7 0 2 4 1 2 7 1 2 7 0 2 7 1 2 4 17 18 2 0 2 7 1 2 7 1 2 7 1 2 7 0 59.7211945056915283
12 16 2 0 2 7 1 2 7 1 2 7 5 31 3 5 31 3 0 2 7 1 2 7 0 2 4 1 2 7 0 2 7 0 2 7 0 2 7 13 6 3 0 2 7 1 2 7 0 2 7 0 2 7 1 2 7 1 2 7 1 2 7 0 2 7 1 2 7 0 2 7 17 18 2 0 2 7 0 2 7 1 2 7 0 2 7 17 18 2 0 2 7 12 16 2 17 18 2 5 31 3 13 6 3 13 6 3 1 2 7 17 9 2 0 2 7 1 2 7 0 2 7 17 9 2 12 16 2 12 16 2 1 2 7 0 2 7 16 6 2 0 2 7 0 2 7 0 2 7 0 2 4 1 2 7 1 2 7 0 2 7 1 2 4 17 18 2 0 2 7 1 2 7 1 2 7 1 2 7 0 59.7211945056915283

Current Evaluation = 5400(5400)
Front Size = 10
12 16 2 0 2 7 1 2 7 1 2 7 5 31 3 5 31 3 0 2 7 1 2 7 0 2 4 1 2 7 0 2 7 0 2 7 0 2 7 13 6 3 0 2 7 1 2 7 0 2 7 0 2 7 1 2 7 1 2 7 1 2 7 0 2 7 1 2 7 0 2 7 17 18 2 0 2 7 0 2 7 1 2 7 0 2 7 17 18 2 0 2 7 12 16 2 17 18 2 5 31 3 13 6 3 13 6 3 1 2 7 17 9 2 0 2 7 1 2 7 0 2 7 17 9 2 12 16 2 12 16 2 1 2 7 0 2 7 16 6 2 0 2 7 0 2 7 0 2 7 0 2 4 1 2 7 1 2 7 0 2 7 1 2 4 17 18 2 0 2 7 1 2 7 1 2 7 1 2 7 0 59.7211945056915283
12 16 2 0 2 7 1 2 7 1 2 7 5 31 3 5 31 3 0 2 7 1 2 7 0 2 4 1 2 7 0 2 7 0 2 7 0 2 7 13 6 3 0 2 7 1 2 7 0 2 7 0 2 7 1 2 7 1 2 7 1 2 7 0 2 7 1 2 7 0 2 7 17 18 2 0 2 7 0 2 7 1 2 7 0 2 7 17 18 2 0 2 7 12 16 2 17 18 2 5 31 3 13 6 3 13 6 3 1 2 7 17 9 2 0 2 7 1 2 7 0 2 7 17 9 2 12 16 2 12 16 2 1 2 7 0 2 7 16 6 2 0 2 7 0 2 7 0 2 7 0 2 4 1 2 7 1 2 7 0 2 7 1 2 4 17 18 2 0 2 7 1 2 7 1 2 7 1 2 7 0 59.7211945056915283
12 16 2 0 2 7 1 2 7 1 2 7 5 31 3 5 31 3 0 2 7 1 2 7 0 2 4 1 2 7 0 2 7 0 2 7 0 2 7 13 6 3 0 2 7 1 2 7 0 2 7 0 2 7 1 2 7 1 2 7 1 2 7 0 2 7 1 2 7 0 2 7 17 18 2 0 2 7 0 2 7 1 2 7 0 2 7 17 18 2 0 2 7 12 16 2 17 18 2 5 31 3 13 6 3 13 6 3 1 2 7 17 9 2 0 2 7 1 2 7 0 2 7 17 9 2 12 16 2 12 16 2 1 2 7 0 2 7 16 6 2 0 2 7 0 2 7 0 2 7 0 2 4 1 2 7 1 2 7 0 2 7 1 2 4 17 18 2 0 2 7 1 2 7 1 2 7 1 2 7 0 59.7211945056915283
12 16 2 0 2 7 1 2 7 1 2 7 5 31 3 5 31 3 0 2 7 1 2 7 0 2 4 1 2 7 0 2 7 0 2 7 0 2 7 13 6 3 0 2 7 1 2 7 0 2 7 0 2 7 1 2 7 1 2 7 1 2 7 0 2 7 1 2 7 0 2 7 17 18 2 0 2 7 0 2 7 1 2 7 0 2 7 17 18 2 0 2 7 12 16 2 17 18 2 5 31 3 13 6 3 13 6 3 1 2 7 17 9 2 0 2 7 1 2 7 0 2 7 17 9 2 12 16 2 12 16 2 1 2 7 0 2 7 16 6 2 0 2 7 0 2 7 0 2 7 0 2 4 1 2 7 1 2 7 0 2 7 1 2 4 17 18 2 0 2 7 1 2 7 1 2 7 1 2 7 0 59.7211945056915283
12 16 2 0 2 7 1 2 7 1 2 7 5 31 3 5 31 3 0 2 7 1 2 7 0 2 4 1 2 7 0 2 7 0 2 7 0 2 7 13 6 3 0 2 7 1 2 7 0 2 7 0 2 7 1 2 7 1 2 7 1 2 7 0 2 7 1 2 7 0 2 7 17 18 2 0 2 7 0 2 7 1 2 7 0 2 7 17 18 2 0 2 7 12 16 2 17 18 2 5 31 3 13 6 3 13 6 3 1 2 7 17 9 2 0 2 7 1 2 7 0 2 7 17 9 2 12 16 2 12 16 2 1 2 7 0 2 7 16 6 2 0 2 7 0 2 7 0 2 7 0 2 4 1 2 7 1 2 7 0 2 7 1 2 4 17 18 2 0 2 7 1 2 7 1 2 7 1 2 7 0 59.7211945056915283
12 16 2 0 2 7 1 2 7 1 2 7 5 31 3 5 31 3 0 2 7 1 2 7 0 2 4 1 2 7 0 2 7 0 2 7 0 2 7 13 6 3 0 2 7 1 2 7 0 2 7 0 2 7 1 2 7 1 2 7 1 2 7 0 2 7 1 2 7 0 2 7 17 18 2 0 2 7 0 2 7 1 2 7 0 2 7 17 18 2 0 2 7 12 16 2 17 18 2 5 31 3 13 6 3 13 6 3 1 2 7 17 9 2 0 2 7 1 2 7 0 2 7 17 9 2 12 16 2 12 16 2 1 2 7 0 2 7 16 6 2 0 2 7 0 2 7 0 2 7 0 2 4 1 2 7 1 2 7 0 2 7 1 2 4 17 18 2 0 2 7 1 2 7 1 2 7 1 2 7 0 59.7211945056915283
12 16 2 0 2 7 1 2 7 1 2 7 5 31 3 5 31 3 0 2 7 1 2 7 0 2 4 1 2 7 0 2 7 0 2 7 0 2 7 13 6 3 0 2 7 1 2 7 0 2 7 0 2 7 1 2 7 1 2 7 1 2 7 0 2 7 1 2 7 0 2 7 17 18 2 0 2 7 0 2 7 1 2 7 0 2 7 17 18 2 0 2 7 12 16 2 17 18 2 5 31 3 13 6 3 13 6 3 1 2 7 17 9 2 0 2 7 1 2 7 0 2 7 17 9 2 12 16 2 12 16 2 1 2 7 0 2 7 16 6 2 0 2 7 0 2 7 0 2 7 0 2 4 1 2 7 1 2 7 0 2 7 1 2 4 17 18 2 0 2 7 1 2 7 1 2 7 1 2 7 0 59.7211945056915283
12 16 2 0 2 7 1 2 7 1 2 7 5 31 3 5 31 3 0 2 7 1 2 7 0 2 4 1 2 7 0 2 7 0 2 7 0 2 7 13 6 3 0 2 7 1 2 7 0 2 7 0 2 7 1 2 7 1 2 7 1 2 7 0 2 7 1 2 7 0 2 7 17 18 2 0 2 7 0 2 7 1 2 7 0 2 7 17 18 2 0 2 7 12 16 2 17 18 2 5 31 3 13 6 3 13 6 3 1 2 7 17 9 2 0 2 7 1 2 7 0 2 7 17 9 2 12 16 2 12 16 2 1 2 7 0 2 7 16 6 2 0 2 7 0 2 7 0 2 7 0 2 4 1 2 7 1 2 7 0 2 7 1 2 4 17 18 2 0 2 7 1 2 7 1 2 7 1 2 7 0 59.7211945056915283
12 16 2 0 2 7 1 2 7 1 2 7 5 31 3 5 31 3 0 2 7 1 2 7 0 2 4 1 2 7 0 2 7 0 2 7 0 2 7 13 6 3 0 2 7 1 2 7 0 2 7 0 2 7 1 2 7 1 2 7 1 2 7 0 2 7 1 2 7 0 2 7 17 18 2 0 2 7 0 2 7 1 2 7 0 2 7 17 18 2 0 2 7 12 16 2 17 18 2 5 31 3 13 6 3 13 6 3 1 2 7 17 9 2 0 2 7 1 2 7 0 2 7 17 9 2 12 16 2 12 16 2 1 2 7 0 2 7 16 6 2 0 2 7 0 2 7 0 2 7 0 2 4 1 2 7 1 2 7 0 2 7 1 2 4 17 18 2 0 2 7 1 2 7 1 2 7 1 2 7 0 59.7211945056915283
12 16 2 0 2 7 1 2 7 1 2 7 5 31 3 5 31 3 0 2 7 1 2 7 0 2 4 1 2 7 0 2 7 0 2 7 0 2 7 13 6 3 0 2 7 1 2 7 0 2 7 0 2 7 1 2 7 1 2 7 1 2 7 0 2 7 1 2 7 0 2 7 17 18 2 0 2 7 0 2 7 1 2 7 0 2 7 17 18 2 0 2 7 12 16 2 17 18 2 5 31 3 13 6 3 13 6 3 1 2 7 17 9 2 0 2 7 1 2 7 0 2 7 17 9 2 12 16 2 12 16 2 1 2 7 0 2 7 16 6 2 0 2 7 0 2 7 0 2 7 0 2 4 1 2 7 1 2 7 0 2 7 1 2 4 17 18 2 0 2 7 1 2 7 1 2 7 1 2 7 0 59.7211945056915283

Current Evaluation = 6300(6300)
Front Size = 10
12 16 2 0 2 7 1 2 7 1 2 7 5 31 3 5 31 3 0 2 7 1 2 7 0 2 4 1 2 7 0 2 7 0 2 7 0 2 7 13 6 3 0 2 7 1 2 7 0 2 7 0 2 7 1 2 7 1 2 7 1 2 7 0 2 7 1 2 7 0 2 7 17 18 2 0 2 7 0 2 7 1 2 7 0 2 7 17 18 2 0 2 7 12 16 2 17 18 2 5 31 3 13 6 3 13 6 3 1 2 7 17 9 2 0 2 7 1 2 7 0 2 7 17 9 2 12 16 2 12 16 2 1 2 7 0 2 7 16 6 2 0 2 7 0 2 7 0 2 7 0 2 4 1 2 7 1 2 7 0 2 7 1 2 4 17 18 2 0 2 7 1 2 7 1 2 7 1 2 7 0 59.7211945056915283
12 16 2 0 2 7 1 2 7 1 2 7 5 31 3 5 31 3 0 2 7 1 2 7 0 2 4 1 2 7 0 2 7 0 2 7 0 2 7 13 6 3 0 2 7 1 2 7 0 2 7 0 2 7 1 2 7 1 2 7 1 2 7 0 2 7 1 2 7 0 2 7 17 18 2 0 2 7 0 2 7 1 2 7 0 2 7 17 18 2 0 2 7 12 16 2 17 18 2 5 31 3 13 6 3 13 6 3 1 2 7 17 9 2 0 2 7 1 2 7 0 2 7 17 9 2 12 16 2 12 16 2 1 2 7 0 2 7 16 6 2 0 2 7 0 2 7 0 2 7 0 2 4 1 2 7 1 2 7 0 2 7 1 2 4 17 18 2 0 2 7 1 2 7 1 2 7 1 2 7 0 59.7211945056915283
12 16 2 0 2 7 1 2 7 1 2 7 5 31 3 5 31 3 0 2 7 1 2 7 0 2 4 1 2 7 0 2 7 0 2 7 0 2 7 13 6 3 0 2 7 1 2 7 0 2 7 0 2 7 1 2 7 1 2 7 1 2 7 0 2 7 1 2 7 0 2 7 17 18 2 0 2 7 0 2 7 1 2 7 0 2 7 17 18 2 0 2 7 12 16 2 17 18 2 5 31 3 13 6 3 13 6 3 1 2 7 17 9 2 0 2 7 1 2 7 0 2 7 17 9 2 12 16 2 12 16 2 1 2 7 0 2 7 16 6 2 0 2 7 0 2 7 0 2 7 0 2 4 1 2 7 1 2 7 0 2 7 1 2 4 17 18 2 0 2 7 1 2 7 1 2 7 1 2 7 0 59.7211945056915283
12 16 2 0 2 7 1 2 7 1 2 7 5 31 3 5 31 3 0 2 7 1 2 7 0 2 4 1 2 7 0 2 7 0 2 7 0 2 7 13 6 3 0 2 7 1 2 7 0 2 7 0 2 7 1 2 7 1 2 7 1 2 7 0 2 7 1 2 7 0 2 7 17 18 2 0 2 7 0 2 7 1 2 7 0 2 7 17 18 2 0 2 7 12 16 2 17 18 2 5 31 3 13 6 3 13 6 3 1 2 7 17 9 2 0 2 7 1 2 7 0 2 7 17 9 2 12 16 2 12 16 2 1 2 7 0 2 7 16 6 2 0 2 7 0 2 7 0 2 7 0 2 4 1 2 7 1 2 7 0 2 7 1 2 4 17 18 2 0 2 7 1 2 7 1 2 7 1 2 7 0 59.7211945056915283
12 16 2 0 2 7 1 2 7 1 2 7 5 31 3 5 31 3 0 2 7 1 2 7 0 2 4 1 2 7 0 2 7 0 2 7 0 2 7 13 6 3 0 2 7 1 2 7 0 2 7 0 2 7 1 2 7 1 2 7 1 2 7 0 2 7 1 2 7 0 2 7 17 18 2 0 2 7 0 2 7 1 2 7 0 2 7 17 18 2 0 2 7 12 16 2 17 18 2 5 31 3 13 6 3 13 6 3 1 2 7 17 9 2 0 2 7 1 2 7 0 2 7 17 9 2 12 16 2 12 16 2 1 2 7 0 2 7 16 6 2 0 2 7 0 2 7 0 2 7 0 2 4 1 2 7 1 2 7 0 2 7 1 2 4 17 18 2 0 2 7 1 2 7 1 2 7 1 2 7 0 59.7211945056915283
12 16 2 0 2 7 1 2 7 1 2 7 5 31 3 5 31 3 0 2 7 1 2 7 0 2 4 1 2 7 0 2 7 0 2 7 0 2 7 13 6 3 0 2 7 1 2 7 0 2 7 0 2 7 1 2 7 1 2 7 1 2 7 0 2 7 1 2 7 0 2 7 17 18 2 0 2 7 0 2 7 1 2 7 0 2 7 17 18 2 0 2 7 12 16 2 17 18 2 5 31 3 13 6 3 13 6 3 1 2 7 17 9 2 0 2 7 1 2 7 0 2 7 17 9 2 12 16 2 12 16 2 1 2 7 0 2 7 16 6 2 0 2 7 0 2 7 0 2 7 0 2 4 1 2 7 1 2 7 0 2 7 1 2 4 17 18 2 0 2 7 1 2 7 1 2 7 1 2 7 0 59.7211945056915283
12 16 2 0 2 7 1 2 7 1 2 7 5 31 3 5 31 3 0 2 7 1 2 7 0 2 4 1 2 7 0 2 7 0 2 7 0 2 7 13 6 3 0 2 7 1 2 7 0 2 7 0 2 7 1 2 7 1 2 7 1 2 7 0 2 7 1 2 7 0 2 7 17 18 2 0 2 7 0 2 7 1 2 7 0 2 7 17 18 2 0 2 7 12 16 2 17 18 2 5 31 3 13 6 3 13 6 3 1 2 7 17 9 2 0 2 7 1 2 7 0 2 7 17 9 2 12 16 2 12 16 2 1 2 7 0 2 7 16 6 2 0 2 7 0 2 7 0 2 7 0 2 4 1 2 7 1 2 7 0 2 7 1 2 4 17 18 2 0 2 7 1 2 7 1 2 7 1 2 7 0 59.7211945056915283
12 16 2 0 2 7 1 2 7 1 2 7 5 31 3 5 31 3 0 2 7 1 2 7 0 2 4 1 2 7 0 2 7 0 2 7 0 2 7 13 6 3 0 2 7 1 2 7 0 2 7 0 2 7 1 2 7 1 2 7 1 2 7 0 2 7 1 2 7 0 2 7 17 18 2 0 2 7 0 2 7 1 2 7 0 2 7 17 18 2 0 2 7 12 16 2 17 18 2 5 31 3 13 6 3 13 6 3 1 2 7 17 9 2 0 2 7 1 2 7 0 2 7 17 9 2 12 16 2 12 16 2 1 2 7 0 2 7 16 6 2 0 2 7 0 2 7 0 2 7 0 2 4 1 2 7 1 2 7 0 2 7 1 2 4 17 18 2 0 2 7 1 2 7 1 2 7 1 2 7 0 59.7211945056915283
12 16 2 0 2 7 1 2 7 1 2 7 5 31 3 5 31 3 0 2 7 1 2 7 0 2 4 1 2 7 0 2 7 0 2 7 0 2 7 13 6 3 0 2 7 1 2 7 0 2 7 0 2 7 1 2 7 1 2 7 1 2 7 0 2 7 1 2 7 0 2 7 17 18 2 0 2 7 0 2 7 1 2 7 0 2 7 17 18 2 0 2 7 12 16 2 17 18 2 5 31 3 13 6 3 13 6 3 1 2 7 17 9 2 0 2 7 1 2 7 0 2 7 17 9 2 12 16 2 12 16 2 1 2 7 0 2 7 16 6 2 0 2 7 0 2 7 0 2 7 0 2 4 1 2 7 1 2 7 0 2 7 1 2 4 17 18 2 0 2 7 1 2 7 1 2 7 1 2 7 0 59.7211945056915283
12 16 2 0 2 7 1 2 7 1 2 7 5 31 3 5 31 3 0 2 7 1 2 7 0 2 4 1 2 7 0 2 7 0 2 7 0 2 7 13 6 3 0 2 7 1 2 7 0 2 7 0 2 7 1 2 7 1 2 7 1 2 7 0 2 7 1 2 7 0 2 7 17 18 2 0 2 7 0 2 7 1 2 7 0 2 7 17 18 2 0 2 7 12 16 2 17 18 2 5 31 3 13 6 3 13 6 3 1 2 7 17 9 2 0 2 7 1 2 7 0 2 7 17 9 2 12 16 2 12 16 2 1 2 7 0 2 7 16 6 2 0 2 7 0 2 7 0 2 7 0 2 4 1 2 7 1 2 7 0 2 7 1 2 4 17 18 2 0 2 7 1 2 7 1 2 7 1 2 7 0 59.7211945056915283

Current Evaluation = 7200(7200)
Front Size = 10
12 16 2 0 2 7 1 2 7 1 2 7 5 31 3 5 31 3 0 2 7 1 2 7 0 2 4 1 2 7 0 2 7 0 2 7 0 2 7 13 6 3 0 2 7 1 2 7 0 2 7 0 2 7 1 2 7 1 2 7 1 2 7 0 2 7 1 2 7 0 2 7 17 18 2 0 2 7 0 2 7 1 2 7 0 2 7 17 18 2 0 2 7 12 16 2 17 18 2 5 31 3 13 6 3 13 6 3 1 2 7 17 9 2 0 2 7 1 2 7 0 2 7 17 9 2 12 16 2 12 16 2 1 2 7 0 2 7 16 6 2 0 2 7 0 2 7 0 2 7 0 2 4 1 2 7 1 2 7 0 2 7 1 2 4 17 18 2 0 2 7 1 2 7 1 2 7 1 2 7 0 59.7211945056915283
12 16 2 0 2 7 1 2 7 1 2 7 5 31 3 5 31 3 0 2 7 1 2 7 0 2 4 1 2 7 0 2 7 0 2 7 0 2 7 13 6 3 0 2 7 1 2 7 0 2 7 0 2 7 1 2 7 1 2 7 1 2 7 0 2 7 1 2 7 0 2 7 17 18 2 0 2 7 0 2 7 1 2 7 0 2 7 17 18 2 0 2 7 12 16 2 17 18 2 5 31 3 13 6 3 13 6 3 1 2 7 17 9 2 0 2 7 1 2 7 0 2 7 17 9 2 12 16 2 12 16 2 1 2 7 0 2 7 16 6 2 0 2 7 0 2 7 0 2 7 0 2 4 1 2 7 1 2 7 0 2 7 1 2 4 17 18 2 0 2 7 1 2 7 1 2 7 1 2 7 0 59.7211945056915283
12 16 2 0 2 7 1 2 7 1 2 7 5 31 3 5 31 3 0 2 7 1 2 7 0 2 4 1 2 7 0 2 7 0 2 7 0 2 7 13 6 3 0 2 7 1 2 7 0 2 7 0 2 7 1 2 7 1 2 7 1 2 7 0 2 7 1 2 7 0 2 7 17 18 2 0 2 7 0 2 7 1 2 7 0 2 7 17 18 2 0 2 7 12 16 2 17 18 2 5 31 3 13 6 3 13 6 3 1 2 7 17 9 2 0 2 7 1 2 7 0 2 7 17 9 2 12 16 2 12 16 2 1 2 7 0 2 7 16 6 2 0 2 7 0 2 7 0 2 7 0 2 4 1 2 7 1 2 7 0 2 7 1 2 4 17 18 2 0 2 7 1 2 7 1 2 7 1 2 7 0 59.7211945056915283
12 16 2 0 2 7 1 2 7 1 2 7 5 31 3 5 31 3 0 2 7 1 2 7 0 2 4 1 2 7 0 2 7 0 2 7 0 2 7 13 6 3 0 2 7 1 2 7 0 2 7 0 2 7 1 2 7 1 2 7 1 2 7 0 2 7 1 2 7 0 2 7 17 18 2 0 2 7 0 2 7 1 2 7 0 2 7 17 18 2 0 2 7 12 16 2 17 18 2 5 31 3 13 6 3 13 6 3 1 2 7 17 9 2 0 2 7 1 2 7 0 2 7 17 9 2 12 16 2 12 16 2 1 2 7 0 2 7 16 6 2 0 2 7 0 2 7 0 2 7 0 2 4 1 2 7 1 2 7 0 2 7 1 2 4 17 18 2 0 2 7 1 2 7 1 2 7 1 2 7 0 59.7211945056915283
12 16 2 0 2 7 1 2 7 1 2 7 5 31 3 5 31 3 0 2 7 1 2 7 0 2 4 1 2 7 0 2 7 0 2 7 0 2 7 13 6 3 0 2 7 1 2 7 0 2 7 0 2 7 1 2 7 1 2 7 1 2 7 0 2 7 1 2 7 0 2 7 17 18 2 0 2 7 0 2 7 1 2 7 0 2 7 17 18 2 0 2 7 12 16 2 17 18 2 5 31 3 13 6 3 13 6 3 1 2 7 17 9 2 0 2 7 1 2 7 0 2 7 17 9 2 12 16 2 12 16 2 1 2 7 0 2 7 16 6 2 0 2 7 0 2 7 0 2 7 0 2 4 1 2 7 1 2 7 0 2 7 1 2 4 17 18 2 0 2 7 1 2 7 1 2 7 1 2 7 0 59.7211945056915283
12 16 2 0 2 7 1 2 7 1 2 7 5 31 3 5 31 3 0 2 7 1 2 7 0 2 4 1 2 7 0 2 7 0 2 7 0 2 7 13 6 3 0 2 7 1 2 7 0 2 7 0 2 7 1 2 7 1 2 7 1 2 7 0 2 7 1 2 7 0 2 7 17 18 2 0 2 7 0 2 7 1 2 7 0 2 7 17 18 2 0 2 7 12 16 2 17 18 2 5 31 3 13 6 3 13 6 3 1 2 7 17 9 2 0 2 7 1 2 7 0 2 7 17 9 2 12 16 2 12 16 2 1 2 7 0 2 7 16 6 2 0 2 7 0 2 7 0 2 7 0 2 4 1 2 7 1 2 7 0 2 7 1 2 4 17 18 2 0 2 7 1 2 7 1 2 7 1 2 7 0 59.7211945056915283
12 16 2 0 2 7 1 2 7 1 2 7 5 31 3 5 31 3 0 2 7 1 2 7 0 2 4 1 2 7 0 2 7 0 2 7 0 2 7 13 6 3 0 2 7 1 2 7 0 2 7 0 2 7 1 2 7 1 2 7 1 2 7 0 2 7 1 2 7 0 2 7 17 18 2 0 2 7 0 2 7 1 2 7 0 2 7 17 18 2 0 2 7 12 16 2 17 18 2 5 31 3 13 6 3 13 6 3 1 2 7 17 9 2 0 2 7 1 2 7 0 2 7 17 9 2 12 16 2 12 16 2 1 2 7 0 2 7 16 6 2 0 2 7 0 2 7 0 2 7 0 2 4 1 2 7 1 2 7 0 2 7 1 2 4 17 18 2 0 2 7 1 2 7 1 2 7 1 2 7 0 59.7211945056915283
12 16 2 0 2 7 1 2 7 1 2 7 5 31 3 5 31 3 0 2 7 1 2 7 0 2 4 1 2 7 0 2 7 0 2 7 0 2 7 13 6 3 0 2 7 1 2 7 0 2 7 0 2 7 1 2 7 1 2 7 1 2 7 0 2 7 1 2 7 0 2 7 17 18 2 0 2 7 0 2 7 1 2 7 0 2 7 17 18 2 0 2 7 12 16 2 17 18 2 5 31 3 13 6 3 13 6 3 1 2 7 17 9 2 0 2 7 1 2 7 0 2 7 17 9 2 12 16 2 12 16 2 1 2 7 0 2 7 16 6 2 0 2 7 0 2 7 0 2 7 0 2 4 1 2 7 1 2 7 0 2 7 1 2 4 17 18 2 0 2 7 1 2 7 1 2 7 1 2 7 0 59.7211945056915283
12 16 2 0 2 7 1 2 7 1 2 7 5 31 3 5 31 3 0 2 7 1 2 7 0 2 4 1 2 7 0 2 7 0 2 7 0 2 7 13 6 3 0 2 7 1 2 7 0 2 7 0 2 7 1 2 7 1 2 7 1 2 7 0 2 7 1 2 7 0 2 7 17 18 2 0 2 7 0 2 7 1 2 7 0 2 7 17 18 2 0 2 7 12 16 2 17 18 2 5 31 3 13 6 3 13 6 3 1 2 7 17 9 2 0 2 7 1 2 7 0 2 7 17 9 2 12 16 2 12 16 2 1 2 7 0 2 7 16 6 2 0 2 7 0 2 7 0 2 7 0 2 4 1 2 7 1 2 7 0 2 7 1 2 4 17 18 2 0 2 7 1 2 7 1 2 7 1 2 7 0 59.7211945056915283
12 16 2 0 2 7 1 2 7 1 2 7 5 31 3 5 31 3 0 2 7 1 2 7 0 2 4 1 2 7 0 2 7 0 2 7 0 2 7 13 6 3 0 2 7 1 2 7 0 2 7 0 2 7 1 2 7 1 2 7 1 2 7 0 2 7 1 2 7 0 2 7 17 18 2 0 2 7 0 2 7 1 2 7 0 2 7 17 18 2 0 2 7 12 16 2 17 18 2 5 31 3 13 6 3 13 6 3 1 2 7 17 9 2 0 2 7 1 2 7 0 2 7 17 9 2 12 16 2 12 16 2 1 2 7 0 2 7 16 6 2 0 2 7 0 2 7 0 2 7 0 2 4 1 2 7 1 2 7 0 2 7 1 2 4 17 18 2 0 2 7 1 2 7 1 2 7 1 2 7 0 59.7211945056915283

Current Evaluation = 8100(8100)
Front Size = 10
12 16 2 0 2 7 1 2 7 1 2 7 5 31 3 5 31 3 0 2 7 1 2 7 0 2 4 1 2 7 0 2 7 0 2 7 0 2 7 13 6 3 0 2 7 1 2 7 0 2 7 0 2 7 1 2 7 1 2 7 1 2 7 0 2 7 1 2 7 0 2 7 17 18 2 0 2 7 0 2 7 1 2 7 0 2 7 17 18 2 0 2 7 12 16 2 17 18 2 5 31 3 13 6 3 13 6 3 1 2 7 17 9 2 0 2 7 1 2 7 0 2 7 17 9 2 12 16 2 12 16 2 1 2 7 0 2 7 16 6 2 0 2 7 0 2 7 0 2 7 0 2 4 1 2 7 1 2 7 0 2 7 1 2 4 17 18 2 0 2 7 1 2 7 1 2 7 1 2 7 0 59.7211945056915283
12 16 2 0 2 7 1 2 7 1 2 7 5 31 3 5 31 3 0 2 7 1 2 7 0 2 4 1 2 7 0 2 7 0 2 7 0 2 7 13 6 3 0 2 7 1 2 7 0 2 7 0 2 7 1 2 7 1 2 7 1 2 7 0 2 7 1 2 7 0 2 7 17 18 2 0 2 7 0 2 7 1 2 7 0 2 7 17 18 2 0 2 7 12 16 2 17 18 2 5 31 3 13 6 3 13 6 3 1 2 7 17 9 2 0 2 7 1 2 7 0 2 7 17 9 2 12 16 2 12 16 2 1 2 7 0 2 7 16 6 2 0 2 7 0 2 7 0 2 7 0 2 4 1 2 7 1 2 7 0 2 7 1 2 4 17 18 2 0 2 7 1 2 7 1 2 7 1 2 7 0 59.7211945056915283
12 16 2 0 2 7 1 2 7 1 2 7 5 31 3 5 31 3 0 2 7 1 2 7 0 2 4 1 2 7 0 2 7 0 2 7 0 2 7 13 6 3 0 2 7 1 2 7 0 2 7 0 2 7 1 2 7 1 2 7 1 2 7 0 2 7 1 2 7 0 2 7 17 18 2 0 2 7 0 2 7 1 2 7 0 2 7 17 18 2 0 2 7 12 16 2 17 18 2 5 31 3 13 6 3 13 6 3 1 2 7 17 9 2 0 2 7 1 2 7 0 2 7 17 9 2 12 16 2 12 16 2 1 2 7 0 2 7 16 6 2 0 2 7 0 2 7 0 2 7 0 2 4 1 2 7 1 2 7 0 2 7 1 2 4 17 18 2 0 2 7 1 2 7 1 2 7 1 2 7 0 59.7211945056915283
12 16 2 0 2 7 1 2 7 1 2 7 5 31 3 5 31 3 0 2 7 1 2 7 0 2 4 1 2 7 0 2 7 0 2 7 0 2 7 13 6 3 0 2 7 1 2 7 0 2 7 0 2 7 1 2 7 1 2 7 1 2 7 0 2 7 1 2 7 0 2 7 17 18 2 0 2 7 0 2 7 1 2 7 0 2 7 17 18 2 0 2 7 12 16 2 17 18 2 5 31 3 13 6 3 13 6 3 1 2 7 17 9 2 0 2 7 1 2 7 0 2 7 17 9 2 12 16 2 12 16 2 1 2 7 0 2 7 16 6 2 0 2 7 0 2 7 0 2 7 0 2 4 1 2 7 1 2 7 0 2 7 1 2 4 17 18 2 0 2 7 1 2 7 1 2 7 1 2 7 0 59.7211945056915283
12 16 2 0 2 7 1 2 7 1 2 7 5 31 3 5 31 3 0 2 7 1 2 7 0 2 4 1 2 7 0 2 7 0 2 7 0 2 7 13 6 3 0 2 7 1 2 7 0 2 7 0 2 7 1 2 7 1 2 7 1 2 7 0 2 7 1 2 7 0 2 7 17 18 2 0 2 7 0 2 7 1 2 7 0 2 7 17 18 2 0 2 7 12 16 2 17 18 2 5 31 3 13 6 3 13 6 3 1 2 7 17 9 2 0 2 7 1 2 7 0 2 7 17 9 2 12 16 2 12 16 2 1 2 7 0 2 7 16 6 2 0 2 7 0 2 7 0 2 7 0 2 4 1 2 7 1 2 7 0 2 7 1 2 4 17 18 2 0 2 7 1 2 7 1 2 7 1 2 7 0 59.7211945056915283
12 16 2 0 2 7 1 2 7 1 2 7 5 31 3 5 31 3 0 2 7 1 2 7 0 2 4 1 2 7 0 2 7 0 2 7 0 2 7 13 6 3 0 2 7 1 2 7 0 2 7 0 2 7 1 2 7 1 2 7 1 2 7 0 2 7 1 2 7 0 2 7 17 18 2 0 2 7 0 2 7 1 2 7 0 2 7 17 18 2 0 2 7 12 16 2 17 18 2 5 31 3 13 6 3 13 6 3 1 2 7 17 9 2 0 2 7 1 2 7 0 2 7 17 9 2 12 16 2 12 16 2 1 2 7 0 2 7 16 6 2 0 2 7 0 2 7 0 2 7 0 2 4 1 2 7 1 2 7 0 2 7 1 2 4 17 18 2 0 2 7 1 2 7 1 2 7 1 2 7 0 59.7211945056915283
12 16 2 0 2 7 1 2 7 1 2 7 5 31 3 5 31 3 0 2 7 1 2 7 0 2 4 1 2 7 0 2 7 0 2 7 0 2 7 13 6 3 0 2 7 1 2 7 0 2 7 0 2 7 1 2 7 1 2 7 1 2 7 0 2 7 1 2 7 0 2 7 17 18 2 0 2 7 0 2 7 1 2 7 0 2 7 17 18 2 0 2 7 12 16 2 17 18 2 5 31 3 13 6 3 13 6 3 1 2 7 17 9 2 0 2 7 1 2 7 0 2 7 17 9 2 12 16 2 12 16 2 1 2 7 0 2 7 16 6 2 0 2 7 0 2 7 0 2 7 0 2 4 1 2 7 1 2 7 0 2 7 1 2 4 17 18 2 0 2 7 1 2 7 1 2 7 1 2 7 0 59.7211945056915283
12 16 2 0 2 7 1 2 7 1 2 7 5 31 3 5 31 3 0 2 7 1 2 7 0 2 4 1 2 7 0 2 7 0 2 7 0 2 7 13 6 3 0 2 7 1 2 7 0 2 7 0 2 7 1 2 7 1 2 7 1 2 7 0 2 7 1 2 7 0 2 7 17 18 2 0 2 7 0 2 7 1 2 7 0 2 7 17 18 2 0 2 7 12 16 2 17 18 2 5 31 3 13 6 3 13 6 3 1 2 7 17 9 2 0 2 7 1 2 7 0 2 7 17 9 2 12 16 2 12 16 2 1 2 7 0 2 7 16 6 2 0 2 7 0 2 7 0 2 7 0 2 4 1 2 7 1 2 7 0 2 7 1 2 4 17 18 2 0 2 7 1 2 7 1 2 7 1 2 7 0 59.7211945056915283
12 16 2 0 2 7 1 2 7 1 2 7 5 31 3 5 31 3 0 2 7 1 2 7 0 2 4 1 2 7 0 2 7 0 2 7 0 2 7 13 6 3 0 2 7 1 2 7 0 2 7 0 2 7 1 2 7 1 2 7 1 2 7 0 2 7 1 2 7 0 2 7 17 18 2 0 2 7 0 2 7 1 2 7 0 2 7 17 18 2 0 2 7 12 16 2 17 18 2 5 31 3 13 6 3 13 6 3 1 2 7 17 9 2 0 2 7 1 2 7 0 2 7 17 9 2 12 16 2 12 16 2 1 2 7 0 2 7 16 6 2 0 2 7 0 2 7 0 2 7 0 2 4 1 2 7 1 2 7 0 2 7 1 2 4 17 18 2 0 2 7 1 2 7 1 2 7 1 2 7 0 59.7211945056915283
12 16 2 0 2 7 1 2 7 1 2 7 5 31 3 5 31 3 0 2 7 1 2 7 0 2 4 1 2 7 0 2 7 0 2 7 0 2 7 13 6 3 0 2 7 1 2 7 0 2 7 0 2 7 1 2 7 1 2 7 1 2 7 0 2 7 1 2 7 0 2 7 17 18 2 0 2 7 0 2 7 1 2 7 0 2 7 17 18 2 0 2 7 12 16 2 17 18 2 5 31 3 13 6 3 13 6 3 1 2 7 17 9 2 0 2 7 1 2 7 0 2 7 17 9 2 12 16 2 12 16 2 1 2 7 0 2 7 16 6 2 0 2 7 0 2 7 0 2 7 0 2 4 1 2 7 1 2 7 0 2 7 1 2 4 17 18 2 0 2 7 1 2 7 1 2 7 1 2 7 0 59.7211945056915283

Current Evaluation = 9000(9000)
Front Size = 10
12 16 2 0 2 7 1 2 7 1 2 7 5 31 3 5 31 3 0 2 7 1 2 7 0 2 4 1 2 7 0 2 7 0 2 7 0 2 7 13 6 3 0 2 7 1 2 7 0 2 7 0 2 7 1 2 7 1 2 7 1 2 7 0 2 7 1 2 7 0 2 7 17 18 2 0 2 7 0 2 7 1 2 7 0 2 7 17 18 2 0 2 7 12 16 2 17 18 2 5 31 3 13 6 3 13 6 3 1 2 7 17 9 2 0 2 7 1 2 7 0 2 7 17 9 2 12 16 2 12 16 2 1 2 7 0 2 7 16 6 2 0 2 7 0 2 7 0 2 7 0 2 4 1 2 7 1 2 7 0 2 7 1 2 4 17 18 2 0 2 7 1 2 7 1 2 7 1 2 7 0 59.7211945056915283
12 16 2 0 2 7 1 2 7 1 2 7 5 31 3 5 31 3 0 2 7 1 2 7 0 2 4 1 2 7 0 2 7 0 2 7 0 2 7 13 6 3 0 2 7 1 2 7 0 2 7 0 2 7 1 2 7 1 2 7 1 2 7 0 2 7 1 2 7 0 2 7 17 18 2 0 2 7 0 2 7 1 2 7 0 2 7 17 18 2 0 2 7 12 16 2 17 18 2 5 31 3 13 6 3 13 6 3 1 2 7 17 9 2 0 2 7 1 2 7 0 2 7 17 9 2 12 16 2 12 16 2 1 2 7 0 2 7 16 6 2 0 2 7 0 2 7 0 2 7 0 2 4 1 2 7 1 2 7 0 2 7 1 2 4 17 18 2 0 2 7 1 2 7 1 2 7 1 2 7 0 59.7211945056915283
12 16 2 0 2 7 1 2 7 1 2 7 5 31 3 5 31 3 0 2 7 1 2 7 0 2 4 1 2 7 0 2 7 0 2 7 0 2 7 13 6 3 0 2 7 1 2 7 0 2 7 0 2 7 1 2 7 1 2 7 1 2 7 0 2 7 1 2 7 0 2 7 17 18 2 0 2 7 0 2 7 1 2 7 0 2 7 17 18 2 0 2 7 12 16 2 17 18 2 5 31 3 13 6 3 13 6 3 1 2 7 17 9 2 0 2 7 1 2 7 0 2 7 17 9 2 12 16 2 12 16 2 1 2 7 0 2 7 16 6 2 0 2 7 0 2 7 0 2 7 0 2 4 1 2 7 1 2 7 0 2 7 1 2 4 17 18 2 0 2 7 1 2 7 1 2 7 1 2 7 0 59.7211945056915283
12 16 2 0 2 7 1 2 7 1 2 7 5 31 3 5 31 3 0 2 7 1 2 7 0 2 4 1 2 7 0 2 7 0 2 7 0 2 7 13 6 3 0 2 7 1 2 7 0 2 7 0 2 7 1 2 7 1 2 7 1 2 7 0 2 7 1 2 7 0 2 7 17 18 2 0 2 7 0 2 7 1 2 7 0 2 7 17 18 2 0 2 7 12 16 2 17 18 2 5 31 3 13 6 3 13 6 3 1 2 7 17 9 2 0 2 7 1 2 7 0 2 7 17 9 2 12 16 2 12 16 2 1 2 7 0 2 7 16 6 2 0 2 7 0 2 7 0 2 7 0 2 4 1 2 7 1 2 7 0 2 7 1 2 4 17 18 2 0 2 7 1 2 7 1 2 7 1 2 7 0 59.7211945056915283
12 16 2 0 2 7 1 2 7 1 2 7 5 31 3 5 31 3 0 2 7 1 2 7 0 2 4 1 2 7 0 2 7 0 2 7 0 2 7 13 6 3 0 2 7 1 2 7 0 2 7 0 2 7 1 2 7 1 2 7 1 2 7 0 2 7 1 2 7 0 2 7 17 18 2 0 2 7 0 2 7 1 2 7 0 2 7 17 18 2 0 2 7 12 16 2 17 18 2 5 31 3 13 6 3 13 6 3 1 2 7 17 9 2 0 2 7 1 2 7 0 2 7 17 9 2 12 16 2 12 16 2 1 2 7 0 2 7 16 6 2 0 2 7 0 2 7 0 2 7 0 2 4 1 2 7 1 2 7 0 2 7 1 2 4 17 18 2 0 2 7 1 2 7 1 2 7 1 2 7 0 59.7211945056915283
12 16 2 0 2 7 1 2 7 1 2 7 5 31 3 5 31 3 0 2 7 1 2 7 0 2 4 1 2 7 0 2 7 0 2 7 0 2 7 13 6 3 0 2 7 1 2 7 0 2 7 0 2 7 1 2 7 1 2 7 1 2 7 0 2 7 1 2 7 0 2 7 17 18 2 0 2 7 0 2 7 1 2 7 0 2 7 17 18 2 0 2 7 12 16 2 17 18 2 5 31 3 13 6 3 13 6 3 1 2 7 17 9 2 0 2 7 1 2 7 0 2 7 17 9 2 12 16 2 12 16 2 1 2 7 0 2 7 16 6 2 0 2 7 0 2 7 0 2 7 0 2 4 1 2 7 1 2 7 0 2 7 1 2 4 17 18 2 0 2 7 1 2 7 1 2 7 1 2 7 0 59.7211945056915283
12 16 2 0 2 7 1 2 7 1 2 7 5 31 3 5 31 3 0 2 7 1 2 7 0 2 4 1 2 7 0 2 7 0 2 7 0 2 7 13 6 3 0 2 7 1 2 7 0 2 7 0 2 7 1 2 7 1 2 7 1 2 7 0 2 7 1 2 7 0 2 7 17 18 2 0 2 7 0 2 7 1 2 7 0 2 7 17 18 2 0 2 7 12 16 2 17 18 2 5 31 3 13 6 3 13 6 3 1 2 7 17 9 2 0 2 7 1 2 7 0 2 7 17 9 2 12 16 2 12 16 2 1 2 7 0 2 7 16 6 2 0 2 7 0 2 7 0 2 7 0 2 4 1 2 7 1 2 7 0 2 7 1 2 4 17 18 2 0 2 7 1 2 7 1 2 7 1 2 7 0 59.7211945056915283
12 16 2 0 2 7 1 2 7 1 2 7 5 31 3 5 31 3 0 2 7 1 2 7 0 2 4 1 2 7 0 2 7 0 2 7 0 2 7 13 6 3 0 2 7 1 2 7 0 2 7 0 2 7 1 2 7 1 2 7 1 2 7 0 2 7 1 2 7 0 2 7 17 18 2 0 2 7 0 2 7 1 2 7 0 2 7 17 18 2 0 2 7 12 16 2 17 18 2 5 31 3 13 6 3 13 6 3 1 2 7 17 9 2 0 2 7 1 2 7 0 2 7 17 9 2 12 16 2 12 16 2 1 2 7 0 2 7 16 6 2 0 2 7 0 2 7 0 2 7 0 2 4 1 2 7 1 2 7 0 2 7 1 2 4 17 18 2 0 2 7 1 2 7 1 2 7 1 2 7 0 59.7211945056915283
12 16 2 0 2 7 1 2 7 1 2 7 5 31 3 5 31 3 0 2 7 1 2 7 0 2 4 1 2 7 0 2 7 0 2 7 0 2 7 13 6 3 0 2 7 1 2 7 0 2 7 0 2 7 1 2 7 1 2 7 1 2 7 0 2 7 1 2 7 0 2 7 17 18 2 0 2 7 0 2 7 1 2 7 0 2 7 17 18 2 0 2 7 12 16 2 17 18 2 5 31 3 13 6 3 13 6 3 1 2 7 17 9 2 0 2 7 1 2 7 0 2 7 17 9 2 12 16 2 12 16 2 1 2 7 0 2 7 16 6 2 0 2 7 0 2 7 0 2 7 0 2 4 1 2 7 1 2 7 0 2 7 1 2 4 17 18 2 0 2 7 1 2 7 1 2 7 1 2 7 0 59.7211945056915283
12 16 2 0 2 7 1 2 7 1 2 7 5 31 3 5 31 3 0 2 7 1 2 7 0 2 4 1 2 7 0 2 7 0 2 7 0 2 7 13 6 3 0 2 7 1 2 7 0 2 7 0 2 7 1 2 7 1 2 7 1 2 7 0 2 7 1 2 7 0 2 7 17 18 2 0 2 7 0 2 7 1 2 7 0 2 7 17 18 2 0 2 7 12 16 2 17 18 2 5 31 3 13 6 3 13 6 3 1 2 7 17 9 2 0 2 7 1 2 7 0 2 7 17 9 2 12 16 2 12 16 2 1 2 7 0 2 7 16 6 2 0 2 7 0 2 7 0 2 7 0 2 4 1 2 7 1 2 7 0 2 7 1 2 4 17 18 2 0 2 7 1 2 7 1 2 7 1 2 7 0 59.7211945056915283

Current Evaluation = 9900(9900)
Front Size = 10
12 16 2 0 2 7 1 2 7 1 2 7 5 31 3 5 31 3 0 2 7 1 2 7 0 2 4 1 2 7 0 2 7 0 2 7 0 2 7 13 6 3 0 2 7 1 2 7 0 2 7 0 2 7 1 2 7 1 2 7 1 2 7 0 2 7 1 2 7 0 2 7 17 18 2 0 2 7 0 2 7 1 2 7 0 2 7 17 18 2 0 2 7 12 16 2 17 18 2 5 31 3 13 6 3 13 6 3 1 2 7 17 9 2 0 2 7 1 2 7 0 2 7 17 9 2 12 16 2 12 16 2 1 2 7 0 2 7 16 6 2 0 2 7 0 2 7 0 2 7 0 2 4 1 2 7 1 2 7 0 2 7 1 2 4 17 18 2 0 2 7 1 2 7 1 2 7 1 2 7 0 59.7211945056915283
12 16 2 0 2 7 1 2 7 1 2 7 5 31 3 5 31 3 0 2 7 1 2 7 0 2 4 1 2 7 0 2 7 0 2 7 0 2 7 13 6 3 0 2 7 1 2 7 0 2 7 0 2 7 1 2 7 1 2 7 1 2 7 0 2 7 1 2 7 0 2 7 17 18 2 0 2 7 0 2 7 1 2 7 0 2 7 17 18 2 0 2 7 12 16 2 17 18 2 5 31 3 13 6 3 13 6 3 1 2 7 17 9 2 0 2 7 1 2 7 0 2 7 17 9 2 12 16 2 12 16 2 1 2 7 0 2 7 16 6 2 0 2 7 0 2 7 0 2 7 0 2 4 1 2 7 1 2 7 0 2 7 1 2 4 17 18 2 0 2 7 1 2 7 1 2 7 1 2 7 0 59.7211945056915283
12 16 2 0 2 7 1 2 7 1 2 7 5 31 3 5 31 3 0 2 7 1 2 7 0 2 4 1 2 7 0 2 7 0 2 7 0 2 7 13 6 3 0 2 7 1 2 7 0 2 7 0 2 7 1 2 7 1 2 7 1 2 7 0 2 7 1 2 7 0 2 7 17 18 2 0 2 7 0 2 7 1 2 7 0 2 7 17 18 2 0 2 7 12 16 2 17 18 2 5 31 3 13 6 3 13 6 3 1 2 7 17 9 2 0 2 7 1 2 7 0 2 7 17 9 2 12 16 2 12 16 2 1 2 7 0 2 7 16 6 2 0 2 7 0 2 7 0 2 7 0 2 4 1 2 7 1 2 7 0 2 7 1 2 4 17 18 2 0 2 7 1 2 7 1 2 7 1 2 7 0 59.7211945056915283
12 16 2 0 2 7 1 2 7 1 2 7 5 31 3 5 31 3 0 2 7 1 2 7 0 2 4 1 2 7 0 2 7 0 2 7 0 2 7 13 6 3 0 2 7 1 2 7 0 2 7 0 2 7 1 2 7 1 2 7 1 2 7 0 2 7 1 2 7 0 2 7 17 18 2 0 2 7 0 2 7 1 2 7 0 2 7 17 18 2 0 2 7 12 16 2 17 18 2 5 31 3 13 6 3 13 6 3 1 2 7 17 9 2 0 2 7 1 2 7 0 2 7 17 9 2 12 16 2 12 16 2 1 2 7 0 2 7 16 6 2 0 2 7 0 2 7 0 2 7 0 2 4 1 2 7 1 2 7 0 2 7 1 2 4 17 18 2 0 2 7 1 2 7 1 2 7 1 2 7 0 59.7211945056915283
12 16 2 0 2 7 1 2 7 1 2 7 5 31 3 5 31 3 0 2 7 1 2 7 0 2 4 1 2 7 0 2 7 0 2 7 0 2 7 13 6 3 0 2 7 1 2 7 0 2 7 0 2 7 1 2 7 1 2 7 1 2 7 0 2 7 1 2 7 0 2 7 17 18 2 0 2 7 0 2 7 1 2 7 0 2 7 17 18 2 0 2 7 12 16 2 17 18 2 5 31 3 13 6 3 13 6 3 1 2 7 17 9 2 0 2 7 1 2 7 0 2 7 17 9 2 12 16 2 12 16 2 1 2 7 0 2 7 16 6 2 0 2 7 0 2 7 0 2 7 0 2 4 1 2 7 1 2 7 0 2 7 1 2 4 17 18 2 0 2 7 1 2 7 1 2 7 1 2 7 0 59.7211945056915283
12 16 2 0 2 7 1 2 7 1 2 7 5 31 3 5 31 3 0 2 7 1 2 7 0 2 4 1 2 7 0 2 7 0 2 7 0 2 7 13 6 3 0 2 7 1 2 7 0 2 7 0 2 7 1 2 7 1 2 7 1 2 7 0 2 7 1 2 7 0 2 7 17 18 2 0 2 7 0 2 7 1 2 7 0 2 7 17 18 2 0 2 7 12 16 2 17 18 2 5 31 3 13 6 3 13 6 3 1 2 7 17 9 2 0 2 7 1 2 7 0 2 7 17 9 2 12 16 2 12 16 2 1 2 7 0 2 7 16 6 2 0 2 7 0 2 7 0 2 7 0 2 4 1 2 7 1 2 7 0 2 7 1 2 4 17 18 2 0 2 7 1 2 7 1 2 7 1 2 7 0 59.7211945056915283
12 16 2 0 2 7 1 2 7 1 2 7 5 31 3 5 31 3 0 2 7 1 2 7 0 2 4 1 2 7 0 2 7 0 2 7 0 2 7 13 6 3 0 2 7 1 2 7 0 2 7 0 2 7 1 2 7 1 2 7 1 2 7 0 2 7 1 2 7 0 2 7 17 18 2 0 2 7 0 2 7 1 2 7 0 2 7 17 18 2 0 2 7 12 16 2 17 18 2 5 31 3 13 6 3 13 6 3 1 2 7 17 9 2 0 2 7 1 2 7 0 2 7 17 9 2 12 16 2 12 16 2 1 2 7 0 2 7 16 6 2 0 2 7 0 2 7 0 2 7 0 2 4 1 2 7 1 2 7 0 2 7 1 2 4 17 18 2 0 2 7 1 2 7 1 2 7 1 2 7 0 59.7211945056915283
12 16 2 0 2 7 1 2 7 1 2 7 5 31 3 5 31 3 0 2 7 1 2 7 0 2 4 1 2 7 0 2 7 0 2 7 0 2 7 13 6 3 0 2 7 1 2 7 0 2 7 0 2 7 1 2 7 1 2 7 1 2 7 0 2 7 1 2 7 0 2 7 17 18 2 0 2 7 0 2 7 1 2 7 0 2 7 17 18 2 0 2 7 12 16 2 17 18 2 5 31 3 13 6 3 13 6 3 1 2 7 17 9 2 0 2 7 1 2 7 0 2 7 17 9 2 12 16 2 12 16 2 1 2 7 0 2 7 16 6 2 0 2 7 0 2 7 0 2 7 0 2 4 1 2 7 1 2 7 0 2 7 1 2 4 17 18 2 0 2 7 1 2 7 1 2 7 1 2 7 0 59.7211945056915283
12 16 2 0 2 7 1 2 7 1 2 7 5 31 3 5 31 3 0 2 7 1 2 7 0 2 4 1 2 7 0 2 7 0 2 7 0 2 7 13 6 3 0 2 7 1 2 7 0 2 7 0 2 7 1 2 7 1 2 7 1 2 7 0 2 7 1 2 7 0 2 7 17 18 2 0 2 7 0 2 7 1 2 7 0 2 7 17 18 2 0 2 7 12 16 2 17 18 2 5 31 3 13 6 3 13 6 3 1 2 7 17 9 2 0 2 7 1 2 7 0 2 7 17 9 2 12 16 2 12 16 2 1 2 7 0 2 7 16 6 2 0 2 7 0 2 7 0 2 7 0 2 4 1 2 7 1 2 7 0 2 7 1 2 4 17 18 2 0 2 7 1 2 7 1 2 7 1 2 7 0 59.7211945056915283
12 16 2 0 2 7 1 2 7 1 2 7 5 31 3 5 31 3 0 2 7 1 2 7 0 2 4 1 2 7 0 2 7 0 2 7 0 2 7 13 6 3 0 2 7 1 2 7 0 2 7 0 2 7 1 2 7 1 2 7 1 2 7 0 2 7 1 2 7 0 2 7 17 18 2 0 2 7 0 2 7 1 2 7 0 2 7 17 18 2 0 2 7 12 16 2 17 18 2 5 31 3 13 6 3 13 6 3 1 2 7 17 9 2 0 2 7 1 2 7 0 2 7 17 9 2 12 16 2 12 16 2 1 2 7 0 2 7 16 6 2 0 2 7 0 2 7 0 2 7 0 2 4 1 2 7 1 2 7 0 2 7 1 2 4 17 18 2 0 2 7 1 2 7 1 2 7 1 2 7 0 59.7211945056915283

Current Evaluation = 10800(10800)
Front Size = 10
12 16 2 0 2 7 1 2 7 1 2 7 5 31 3 5 31 3 0 2 7 1 2 7 0 2 4 1 2 7 0 2 7 0 2 7 0 2 7 13 6 3 0 2 7 1 2 7 0 2 7 0 2 7 1 2 7 1 2 7 1 2 7 0 2 7 1 2 7 0 2 7 17 18 2 0 2 7 0 2 7 1 2 7 0 2 7 17 18 2 0 2 7 12 16 2 17 18 2 5 31 3 13 6 3 13 6 3 1 2 7 17 9 2 0 2 7 1 2 7 0 2 7 17 9 2 12 16 2 12 16 2 1 2 7 0 2 7 16 6 2 0 2 7 0 2 7 0 2 7 0 2 4 1 2 7 1 2 7 0 2 7 1 2 4 17 18 2 0 2 7 1 2 7 1 2 7 1 2 7 0 59.7211945056915283
12 16 2 0 2 7 1 2 7 1 2 7 5 31 3 5 31 3 0 2 7 1 2 7 0 2 4 1 2 7 0 2 7 0 2 7 0 2 7 13 6 3 0 2 7 1 2 7 0 2 7 0 2 7 1 2 7 1 2 7 1 2 7 0 2 7 1 2 7 0 2 7 17 18 2 0 2 7 0 2 7 1 2 7 0 2 7 17 18 2 0 2 7 12 16 2 17 18 2 5 31 3 13 6 3 13 6 3 1 2 7 17 9 2 0 2 7 1 2 7 0 2 7 17 9 2 12 16 2 12 16 2 1 2 7 0 2 7 16 6 2 0 2 7 0 2 7 0 2 7 0 2 4 1 2 7 1 2 7 0 2 7 1 2 4 17 18 2 0 2 7 1 2 7 1 2 7 1 2 7 0 59.7211945056915283
12 16 2 0 2 7 1 2 7 1 2 7 5 31 3 5 31 3 0 2 7 1 2 7 0 2 4 1 2 7 0 2 7 0 2 7 0 2 7 13 6 3 0 2 7 1 2 7 0 2 7 0 2 7 1 2 7 1 2 7 1 2 7 0 2 7 1 2 7 0 2 7 17 18 2 0 2 7 0 2 7 1 2 7 0 2 7 17 18 2 0 2 7 12 16 2 17 18 2 5 31 3 13 6 3 13 6 3 1 2 7 17 9 2 0 2 7 1 2 7 0 2 7 17 9 2 12 16 2 12 16 2 1 2 7 0 2 7 16 6 2 0 2 7 0 2 7 0 2 7 0 2 4 1 2 7 1 2 7 0 2 7 1 2 4 17 18 2 0 2 7 1 2 7 1 2 7 1 2 7 0 59.7211945056915283
12 16 2 0 2 7 1 2 7 1 2 7 5 31 3 5 31 3 0 2 7 1 2 7 0 2 4 1 2 7 0 2 7 0 2 7 0 2 7 13 6 3 0 2 7 1 2 7 0 2 7 0 2 7 1 2 7 1 2 7 1 2 7 0 2 7 1 2 7 0 2 7 17 18 2 0 2 7 0 2 7 1 2 7 0 2 7 17 18 2 0 2 7 12 16 2 17 18 2 5 31 3 13 6 3 13 6 3 1 2 7 17 9 2 0 2 7 1 2 7 0 2 7 17 9 2 12 16 2 12 16 2 1 2 7 0 2 7 16 6 2 0 2 7 0 2 7 0 2 7 0 2 4 1 2 7 1 2 7 0 2 7 1 2 4 17 18 2 0 2 7 1 2 7 1 2 7 1 2 7 0 59.7211945056915283
12 16 2 0 2 7 1 2 7 1 2 7 5 31 3 5 31 3 0 2 7 1 2 7 0 2 4 1 2 7 0 2 7 0 2 7 0 2 7 13 6 3 0 2 7 1 2 7 0 2 7 0 2 7 1 2 7 1 2 7 1 2 7 0 2 7 1 2 7 0 2 7 17 18 2 0 2 7 0 2 7 1 2 7 0 2 7 17 18 2 0 2 7 12 16 2 17 18 2 5 31 3 13 6 3 13 6 3 1 2 7 17 9 2 0 2 7 1 2 7 0 2 7 17 9 2 12 16 2 12 16 2 1 2 7 0 2 7 16 6 2 0 2 7 0 2 7 0 2 7 0 2 4 1 2 7 1 2 7 0 2 7 1 2 4 17 18 2 0 2 7 1 2 7 1 2 7 1 2 7 0 59.7211945056915283
12 16 2 0 2 7 1 2 7 1 2 7 5 31 3 5 31 3 0 2 7 1 2 7 0 2 4 1 2 7 0 2 7 0 2 7 0 2 7 13 6 3 0 2 7 1 2 7 0 2 7 0 2 7 1 2 7 1 2 7 1 2 7 0 2 7 1 2 7 0 2 7 17 18 2 0 2 7 0 2 7 1 2 7 0 2 7 17 18 2 0 2 7 12 16 2 17 18 2 5 31 3 13 6 3 13 6 3 1 2 7 17 9 2 0 2 7 1 2 7 0 2 7 17 9 2 12 16 2 12 16 2 1 2 7 0 2 7 16 6 2 0 2 7 0 2 7 0 2 7 0 2 4 1 2 7 1 2 7 0 2 7 1 2 4 17 18 2 0 2 7 1 2 7 1 2 7 1 2 7 0 59.7211945056915283
12 16 2 0 2 7 1 2 7 1 2 7 5 31 3 5 31 3 0 2 7 1 2 7 0 2 4 1 2 7 0 2 7 0 2 7 0 2 7 13 6 3 0 2 7 1 2 7 0 2 7 0 2 7 1 2 7 1 2 7 1 2 7 0 2 7 1 2 7 0 2 7 17 18 2 0 2 7 0 2 7 1 2 7 0 2 7 17 18 2 0 2 7 12 16 2 17 18 2 5 31 3 13 6 3 13 6 3 1 2 7 17 9 2 0 2 7 1 2 7 0 2 7 17 9 2 12 16 2 12 16 2 1 2 7 0 2 7 16 6 2 0 2 7 0 2 7 0 2 7 0 2 4 1 2 7 1 2 7 0 2 7 1 2 4 17 18 2 0 2 7 1 2 7 1 2 7 1 2 7 0 59.7211945056915283
12 16 2 0 2 7 1 2 7 1 2 7 5 31 3 5 31 3 0 2 7 1 2 7 0 2 4 1 2 7 0 2 7 0 2 7 0 2 7 13 6 3 0 2 7 1 2 7 0 2 7 0 2 7 1 2 7 1 2 7 1 2 7 0 2 7 1 2 7 0 2 7 17 18 2 0 2 7 0 2 7 1 2 7 0 2 7 17 18 2 0 2 7 12 16 2 17 18 2 5 31 3 13 6 3 13 6 3 1 2 7 17 9 2 0 2 7 1 2 7 0 2 7 17 9 2 12 16 2 12 16 2 1 2 7 0 2 7 16 6 2 0 2 7 0 2 7 0 2 7 0 2 4 1 2 7 1 2 7 0 2 7 1 2 4 17 18 2 0 2 7 1 2 7 1 2 7 1 2 7 0 59.7211945056915283
12 16 2 0 2 7 1 2 7 1 2 7 5 31 3 5 31 3 0 2 7 1 2 7 0 2 4 1 2 7 0 2 7 0 2 7 0 2 7 13 6 3 0 2 7 1 2 7 0 2 7 0 2 7 1 2 7 1 2 7 1 2 7 0 2 7 1 2 7 0 2 7 17 18 2 0 2 7 0 2 7 1 2 7 0 2 7 17 18 2 0 2 7 12 16 2 17 18 2 5 31 3 13 6 3 13 6 3 1 2 7 17 9 2 0 2 7 1 2 7 0 2 7 17 9 2 12 16 2 12 16 2 1 2 7 0 2 7 16 6 2 0 2 7 0 2 7 0 2 7 0 2 4 1 2 7 1 2 7 0 2 7 1 2 4 17 18 2 0 2 7 1 2 7 1 2 7 1 2 7 0 59.7211945056915283
12 16 2 0 2 7 1 2 7 1 2 7 5 31 3 5 31 3 0 2 7 1 2 7 0 2 4 1 2 7 0 2 7 0 2 7 0 2 7 13 6 3 0 2 7 1 2 7 0 2 7 0 2 7 1 2 7 1 2 7 1 2 7 0 2 7 1 2 7 0 2 7 17 18 2 0 2 7 0 2 7 1 2 7 0 2 7 17 18 2 0 2 7 12 16 2 17 18 2 5 31 3 13 6 3 13 6 3 1 2 7 17 9 2 0 2 7 1 2 7 0 2 7 17 9 2 12 16 2 12 16 2 1 2 7 0 2 7 16 6 2 0 2 7 0 2 7 0 2 7 0 2 4 1 2 7 1 2 7 0 2 7 1 2 4 17 18 2 0 2 7 1 2 7 1 2 7 1 2 7 0 59.7211945056915283

Current Evaluation = 11700(11700)
Front Size = 10
12 16 2 0 2 7 1 2 7 1 2 7 5 31 3 5 31 3 0 2 7 1 2 7 0 2 4 1 2 7 0 2 7 0 2 7 0 2 7 13 6 3 0 2 7 1 2 7 0 2 7 0 2 7 1 2 7 1 2 7 1 2 7 0 2 7 1 2 7 0 2 7 17 18 2 0 2 7 0 2 7 1 2 7 0 2 7 17 18 2 0 2 7 12 16 2 17 18 2 5 31 3 13 6 3 13 6 3 1 2 7 17 9 2 0 2 7 1 2 7 0 2 7 17 9 2 12 16 2 12 16 2 1 2 7 0 2 7 16 6 2 0 2 7 0 2 7 0 2 7 0 2 4 1 2 7 1 2 7 0 2 7 1 2 4 17 18 2 0 2 7 1 2 7 1 2 7 1 2 7 0 59.7211945056915283
12 16 2 0 2 7 1 2 7 1 2 7 5 31 3 5 31 3 0 2 7 1 2 7 0 2 4 1 2 7 0 2 7 0 2 7 0 2 7 13 6 3 0 2 7 1 2 7 0 2 7 0 2 7 1 2 7 1 2 7 1 2 7 0 2 7 1 2 7 0 2 7 17 18 2 0 2 7 0 2 7 1 2 7 0 2 7 17 18 2 0 2 7 12 16 2 17 18 2 5 31 3 13 6 3 13 6 3 1 2 7 17 9 2 0 2 7 1 2 7 0 2 7 17 9 2 12 16 2 12 16 2 1 2 7 0 2 7 16 6 2 0 2 7 0 2 7 0 2 7 0 2 4 1 2 7 1 2 7 0 2 7 1 2 4 17 18 2 0 2 7 1 2 7 1 2 7 1 2 7 0 59.7211945056915283
12 16 2 0 2 7 1 2 7 1 2 7 5 31 3 5 31 3 0 2 7 1 2 7 0 2 4 1 2 7 0 2 7 0 2 7 0 2 7 13 6 3 0 2 7 1 2 7 0 2 7 0 2 7 1 2 7 1 2 7 1 2 7 0 2 7 1 2 7 0 2 7 17 18 2 0 2 7 0 2 7 1 2 7 0 2 7 17 18 2 0 2 7 12 16 2 17 18 2 5 31 3 13 6 3 13 6 3 1 2 7 17 9 2 0 2 7 1 2 7 0 2 7 17 9 2 12 16 2 12 16 2 1 2 7 0 2 7 16 6 2 0 2 7 0 2 7 0 2 7 0 2 4 1 2 7 1 2 7 0 2 7 1 2 4 17 18 2 0 2 7 1 2 7 1 2 7 1 2 7 0 59.7211945056915283
12 16 2 0 2 7 1 2 7 1 2 7 5 31 3 5 31 3 0 2 7 1 2 7 0 2 4 1 2 7 0 2 7 0 2 7 0 2 7 13 6 3 0 2 7 1 2 7 0 2 7 0 2 7 1 2 7 1 2 7 1 2 7 0 2 7 1 2 7 0 2 7 17 18 2 0 2 7 0 2 7 1 2 7 0 2 7 17 18 2 0 2 7 12 16 2 17 18 2 5 31 3 13 6 3 13 6 3 1 2 7 17 9 2 0 2 7 1 2 7 0 2 7 17 9 2 12 16 2 12 16 2 1 2 7 0 2 7 16 6 2 0 2 7 0 2 7 0 2 7 0 2 4 1 2 7 1 2 7 0 2 7 1 2 4 17 18 2 0 2 7 1 2 7 1 2 7 1 2 7 0 59.7211945056915283
12 16 2 0 2 7 1 2 7 1 2 7 5 31 3 5 31 3 0 2 7 1 2 7 0 2 4 1 2 7 0 2 7 0 2 7 0 2 7 13 6 3 0 2 7 1 2 7 0 2 7 0 2 7 1 2 7 1 2 7 1 2 7 0 2 7 1 2 7 0 2 7 17 18 2 0 2 7 0 2 7 1 2 7 0 2 7 17 18 2 0 2 7 12 16 2 17 18 2 5 31 3 13 6 3 13 6 3 1 2 7 17 9 2 0 2 7 1 2 7 0 2 7 17 9 2 12 16 2 12 16 2 1 2 7 0 2 7 16 6 2 0 2 7 0 2 7 0 2 7 0 2 4 1 2 7 1 2 7 0 2 7 1 2 4 17 18 2 0 2 7 1 2 7 1 2 7 1 2 7 0 59.7211945056915283
12 16 2 0 2 7 1 2 7 1 2 7 5 31 3 5 31 3 0 2 7 1 2 7 0 2 4 1 2 7 0 2 7 0 2 7 0 2 7 13 6 3 0 2 7 1 2 7 0 2 7 0 2 7 1 2 7 1 2 7 1 2 7 0 2 7 1 2 7 0 2 7 17 18 2 0 2 7 0 2 7 1 2 7 0 2 7 17 18 2 0 2 7 12 16 2 17 18 2 5 31 3 13 6 3 13 6 3 1 2 7 17 9 2 0 2 7 1 2 7 0 2 7 17 9 2 12 16 2 12 16 2 1 2 7 0 2 7 16 6 2 0 2 7 0 2 7 0 2 7 0 2 4 1 2 7 1 2 7 0 2 7 1 2 4 17 18 2 0 2 7 1 2 7 1 2 7 1 2 7 0 59.7211945056915283
12 16 2 0 2 7 1 2 7 1 2 7 5 31 3 5 31 3 0 2 7 1 2 7 0 2 4 1 2 7 0 2 7 0 2 7 0 2 7 13 6 3 0 2 7 1 2 7 0 2 7 0 2 7 1 2 7 1 2 7 1 2 7 0 2 7 1 2 7 0 2 7 17 18 2 0 2 7 0 2 7 1 2 7 0 2 7 17 18 2 0 2 7 12 16 2 17 18 2 5 31 3 13 6 3 13 6 3 1 2 7 17 9 2 0 2 7 1 2 7 0 2 7 17 9 2 12 16 2 12 16 2 1 2 7 0 2 7 16 6 2 0 2 7 0 2 7 0 2 7 0 2 4 1 2 7 1 2 7 0 2 7 1 2 4 17 18 2 0 2 7 1 2 7 1 2 7 1 2 7 0 59.7211945056915283
12 16 2 0 2 7 1 2 7 1 2 7 5 31 3 5 31 3 0 2 7 1 2 7 0 2 4 1 2 7 0 2 7 0 2 7 0 2 7 13 6 3 0 2 7 1 2 7 0 2 7 0 2 7 1 2 7 1 2 7 1 2 7 0 2 7 1 2 7 0 2 7 17 18 2 0 2 7 0 2 7 1 2 7 0 2 7 17 18 2 0 2 7 12 16 2 17 18 2 5 31 3 13 6 3 13 6 3 1 2 7 17 9 2 0 2 7 1 2 7 0 2 7 17 9 2 12 16 2 12 16 2 1 2 7 0 2 7 16 6 2 0 2 7 0 2 7 0 2 7 0 2 4 1 2 7 1 2 7 0 2 7 1 2 4 17 18 2 0 2 7 1 2 7 1 2 7 1 2 7 0 59.7211945056915283
12 16 2 0 2 7 1 2 7 1 2 7 5 31 3 5 31 3 0 2 7 1 2 7 0 2 4 1 2 7 0 2 7 0 2 7 0 2 7 13 6 3 0 2 7 1 2 7 0 2 7 0 2 7 1 2 7 1 2 7 1 2 7 0 2 7 1 2 7 0 2 7 17 18 2 0 2 7 0 2 7 1 2 7 0 2 7 17 18 2 0 2 7 12 16 2 17 18 2 5 31 3 13 6 3 13 6 3 1 2 7 17 9 2 0 2 7 1 2 7 0 2 7 17 9 2 12 16 2 12 16 2 1 2 7 0 2 7 16 6 2 0 2 7 0 2 7 0 2 7 0 2 4 1 2 7 1 2 7 0 2 7 1 2 4 17 18 2 0 2 7 1 2 7 1 2 7 1 2 7 0 59.7211945056915283
12 16 2 0 2 7 1 2 7 1 2 7 5 31 3 5 31 3 0 2 7 1 2 7 0 2 4 1 2 7 0 2 7 0 2 7 0 2 7 13 6 3 0 2 7 1 2 7 0 2 7 0 2 7 1 2 7 1 2 7 1 2 7 0 2 7 1 2 7 0 2 7 17 18 2 0 2 7 0 2 7 1 2 7 0 2 7 17 18 2 0 2 7 12 16 2 17 18 2 5 31 3 13 6 3 13 6 3 1 2 7 17 9 2 0 2 7 1 2 7 0 2 7 17 9 2 12 16 2 12 16 2 1 2 7 0 2 7 16 6 2 0 2 7 0 2 7 0 2 7 0 2 4 1 2 7 1 2 7 0 2 7 1 2 4 17 18 2 0 2 7 1 2 7 1 2 7 1 2 7 0 59.7211945056915283

Current Evaluation = 12600(12600)
Front Size = 10
12 16 2 0 2 7 1 2 7 1 2 7 5 31 3 5 31 3 0 2 7 1 2 7 0 2 4 1 2 7 0 2 7 0 2 7 0 2 7 13 6 3 0 2 7 1 2 7 0 2 7 0 2 7 1 2 7 1 2 7 1 2 7 0 2 7 1 2 7 0 2 7 17 18 2 0 2 7 0 2 7 1 2 7 0 2 7 17 18 2 0 2 7 12 16 2 17 18 2 5 31 3 13 6 3 13 6 3 1 2 7 17 9 2 0 2 7 1 2 7 0 2 7 17 9 2 12 16 2 12 16 2 1 2 7 0 2 7 16 6 2 0 2 7 0 2 7 0 2 7 0 2 4 1 2 7 1 2 7 0 2 7 1 2 4 17 18 2 0 2 7 1 2 7 1 2 7 1 2 7 0 59.7211945056915283
12 16 2 0 2 7 1 2 7 1 2 7 5 31 3 5 31 3 0 2 7 1 2 7 0 2 4 1 2 7 0 2 7 0 2 7 0 2 7 13 6 3 0 2 7 1 2 7 0 2 7 0 2 7 1 2 7 1 2 7 1 2 7 0 2 7 1 2 7 0 2 7 17 18 2 0 2 7 0 2 7 1 2 7 0 2 7 17 18 2 0 2 7 12 16 2 17 18 2 5 31 3 13 6 3 13 6 3 1 2 7 17 9 2 0 2 7 1 2 7 0 2 7 17 9 2 12 16 2 12 16 2 1 2 7 0 2 7 16 6 2 0 2 7 0 2 7 0 2 7 0 2 4 1 2 7 1 2 7 0 2 7 1 2 4 17 18 2 0 2 7 1 2 7 1 2 7 1 2 7 0 59.7211945056915283
12 16 2 0 2 7 1 2 7 1 2 7 5 31 3 5 31 3 0 2 7 1 2 7 0 2 4 1 2 7 0 2 7 0 2 7 0 2 7 13 6 3 0 2 7 1 2 7 0 2 7 0 2 7 1 2 7 1 2 7 1 2 7 0 2 7 1 2 7 0 2 7 17 18 2 0 2 7 0 2 7 1 2 7 0 2 7 17 18 2 0 2 7 12 16 2 17 18 2 5 31 3 13 6 3 13 6 3 1 2 7 17 9 2 0 2 7 1 2 7 0 2 7 17 9 2 12 16 2 12 16 2 1 2 7 0 2 7 16 6 2 0 2 7 0 2 7 0 2 7 0 2 4 1 2 7 1 2 7 0 2 7 1 2 4 17 18 2 0 2 7 1 2 7 1 2 7 1 2 7 0 59.7211945056915283
12 16 2 0 2 7 1 2 7 1 2 7 5 31 3 5 31 3 0 2 7 1 2 7 0 2 4 1 2 7 0 2 7 0 2 7 0 2 7 13 6 3 0 2 7 1 2 7 0 2 7 0 2 7 1 2 7 1 2 7 1 2 7 0 2 7 1 2 7 0 2 7 17 18 2 0 2 7 0 2 7 1 2 7 0 2 7 17 18 2 0 2 7 12 16 2 17 18 2 5 31 3 13 6 3 13 6 3 1 2 7 17 9 2 0 2 7 1 2 7 0 2 7 17 9 2 12 16 2 12 16 2 1 2 7 0 2 7 16 6 2 0 2 7 0 2 7 0 2 7 0 2 4 1 2 7 1 2 7 0 2 7 1 2 4 17 18 2 0 2 7 1 2 7 1 2 7 1 2 7 0 59.7211945056915283
12 16 2 0 2 7 1 2 7 1 2 7 5 31 3 5 31 3 0 2 7 1 2 7 0 2 4 1 2 7 0 2 7 0 2 7 0 2 7 13 6 3 0 2 7 1 2 7 0 2 7 0 2 7 1 2 7 1 2 7 1 2 7 0 2 7 1 2 7 0 2 7 17 18 2 0 2 7 0 2 7 1 2 7 0 2 7 17 18 2 0 2 7 12 16 2 17 18 2 5 31 3 13 6 3 13 6 3 1 2 7 17 9 2 0 2 7 1 2 7 0 2 7 17 9 2 12 16 2 12 16 2 1 2 7 0 2 7 16 6 2 0 2 7 0 2 7 0 2 7 0 2 4 1 2 7 1 2 7 0 2 7 1 2 4 17 18 2 0 2 7 1 2 7 1 2 7 1 2 7 0 59.7211945056915283
12 16 2 0 2 7 1 2 7 1 2 7 5 31 3 5 31 3 0 2 7 1 2 7 0 2 4 1 2 7 0 2 7 0 2 7 0 2 7 13 6 3 0 2 7 1 2 7 0 2 7 0 2 7 1 2 7 1 2 7 1 2 7 0 2 7 1 2 7 0 2 7 17 18 2 0 2 7 0 2 7 1 2 7 0 2 7 17 18 2 0 2 7 12 16 2 17 18 2 5 31 3 13 6 3 13 6 3 1 2 7 17 9 2 0 2 7 1 2 7 0 2 7 17 9 2 12 16 2 12 16 2 1 2 7 0 2 7 16 6 2 0 2 7 0 2 7 0 2 7 0 2 4 1 2 7 1 2 7 0 2 7 1 2 4 17 18 2 0 2 7 1 2 7 1 2 7 1 2 7 0 59.7211945056915283
12 16 2 0 2 7 1 2 7 1 2 7 5 31 3 5 31 3 0 2 7 1 2 7 0 2 4 1 2 7 0 2 7 0 2 7 0 2 7 13 6 3 0 2 7 1 2 7 0 2 7 0 2 7 1 2 7 1 2 7 1 2 7 0 2 7 1 2 7 0 2 7 17 18 2 0 2 7 0 2 7 1 2 7 0 2 7 17 18 2 0 2 7 12 16 2 17 18 2 5 31 3 13 6 3 13 6 3 1 2 7 17 9 2 0 2 7 1 2 7 0 2 7 17 9 2 12 16 2 12 16 2 1 2 7 0 2 7 16 6 2 0 2 7 0 2 7 0 2 7 0 2 4 1 2 7 1 2 7 0 2 7 1 2 4 17 18 2 0 2 7 1 2 7 1 2 7 1 2 7 0 59.7211945056915283
12 16 2 0 2 7 1 2 7 1 2 7 5 31 3 5 31 3 0 2 7 1 2 7 0 2 4 1 2 7 0 2 7 0 2 7 0 2 7 13 6 3 0 2 7 1 2 7 0 2 7 0 2 7 1 2 7 1 2 7 1 2 7 0 2 7 1 2 7 0 2 7 17 18 2 0 2 7 0 2 7 1 2 7 0 2 7 17 18 2 0 2 7 12 16 2 17 18 2 5 31 3 13 6 3 13 6 3 1 2 7 17 9 2 0 2 7 1 2 7 0 2 7 17 9 2 12 16 2 12 16 2 1 2 7 0 2 7 16 6 2 0 2 7 0 2 7 0 2 7 0 2 4 1 2 7 1 2 7 0 2 7 1 2 4 17 18 2 0 2 7 1 2 7 1 2 7 1 2 7 0 59.7211945056915283
12 16 2 0 2 7 1 2 7 1 2 7 5 31 3 5 31 3 0 2 7 1 2 7 0 2 4 1 2 7 0 2 7 0 2 7 0 2 7 13 6 3 0 2 7 1 2 7 0 2 7 0 2 7 1 2 7 1 2 7 1 2 7 0 2 7 1 2 7 0 2 7 17 18 2 0 2 7 0 2 7 1 2 7 0 2 7 17 18 2 0 2 7 12 16 2 17 18 2 5 31 3 13 6 3 13 6 3 1 2 7 17 9 2 0 2 7 1 2 7 0 2 7 17 9 2 12 16 2 12 16 2 1 2 7 0 2 7 16 6 2 0 2 7 0 2 7 0 2 7 0 2 4 1 2 7 1 2 7 0 2 7 1 2 4 17 18 2 0 2 7 1 2 7 1 2 7 1 2 7 0 59.7211945056915283
12 16 2 0 2 7 1 2 7 1 2 7 5 31 3 5 31 3 0 2 7 1 2 7 0 2 4 1 2 7 0 2 7 0 2 7 0 2 7 13 6 3 0 2 7 1 2 7 0 2 7 0 2 7 1 2 7 1 2 7 1 2 7 0 2 7 1 2 7 0 2 7 17 18 2 0 2 7 0 2 7 1 2 7 0 2 7 17 18 2 0 2 7 12 16 2 17 18 2 5 31 3 13 6 3 13 6 3 1 2 7 17 9 2 0 2 7 1 2 7 0 2 7 17 9 2 12 16 2 12 16 2 1 2 7 0 2 7 16 6 2 0 2 7 0 2 7 0 2 7 0 2 4 1 2 7 1 2 7 0 2 7 1 2 4 17 18 2 0 2 7 1 2 7 1 2 7 1 2 7 0 59.7211945056915283

Current Evaluation = 13500(13500)
Front Size = 10
12 16 2 0 2 7 1 2 7 1 2 7 5 31 3 5 31 3 0 2 7 1 2 7 0 2 4 1 2 7 0 2 7 0 2 7 0 2 7 13 6 3 0 2 7 1 2 7 0 2 7 0 2 7 1 2 7 1 2 7 1 2 7 0 2 7 1 2 7 0 2 7 17 18 2 0 2 7 0 2 7 1 2 7 0 2 7 17 18 2 0 2 7 12 16 2 17 18 2 5 31 3 13 6 3 13 6 3 1 2 7 17 9 2 0 2 7 1 2 7 0 2 7 17 9 2 12 16 2 12 16 2 1 2 7 0 2 7 16 6 2 0 2 7 0 2 7 0 2 7 0 2 4 1 2 7 1 2 7 0 2 7 1 2 4 17 18 2 0 2 7 1 2 7 1 2 7 1 2 7 0 59.7211945056915283
12 16 2 0 2 7 1 2 7 1 2 7 5 31 3 5 31 3 0 2 7 1 2 7 0 2 4 1 2 7 0 2 7 0 2 7 0 2 7 13 6 3 0 2 7 1 2 7 0 2 7 0 2 7 1 2 7 1 2 7 1 2 7 0 2 7 1 2 7 0 2 7 17 18 2 0 2 7 0 2 7 1 2 7 0 2 7 17 18 2 0 2 7 12 16 2 17 18 2 5 31 3 13 6 3 13 6 3 1 2 7 17 9 2 0 2 7 1 2 7 0 2 7 17 9 2 12 16 2 12 16 2 1 2 7 0 2 7 16 6 2 0 2 7 0 2 7 0 2 7 0 2 4 1 2 7 1 2 7 0 2 7 1 2 4 17 18 2 0 2 7 1 2 7 1 2 7 1 2 7 0 59.7211945056915283
12 16 2 0 2 7 1 2 7 1 2 7 5 31 3 5 31 3 0 2 7 1 2 7 0 2 4 1 2 7 0 2 7 0 2 7 0 2 7 13 6 3 0 2 7 1 2 7 0 2 7 0 2 7 1 2 7 1 2 7 1 2 7 0 2 7 1 2 7 0 2 7 17 18 2 0 2 7 0 2 7 1 2 7 0 2 7 17 18 2 0 2 7 12 16 2 17 18 2 5 31 3 13 6 3 13 6 3 1 2 7 17 9 2 0 2 7 1 2 7 0 2 7 17 9 2 12 16 2 12 16 2 1 2 7 0 2 7 16 6 2 0 2 7 0 2 7 0 2 7 0 2 4 1 2 7 1 2 7 0 2 7 1 2 4 17 18 2 0 2 7 1 2 7 1 2 7 1 2 7 0 59.7211945056915283
12 16 2 0 2 7 1 2 7 1 2 7 5 31 3 5 31 3 0 2 7 1 2 7 0 2 4 1 2 7 0 2 7 0 2 7 0 2 7 13 6 3 0 2 7 1 2 7 0 2 7 0 2 7 1 2 7 1 2 7 1 2 7 0 2 7 1 2 7 0 2 7 17 18 2 0 2 7 0 2 7 1 2 7 0 2 7 17 18 2 0 2 7 12 16 2 17 18 2 5 31 3 13 6 3 13 6 3 1 2 7 17 9 2 0 2 7 1 2 7 0 2 7 17 9 2 12 16 2 12 16 2 1 2 7 0 2 7 16 6 2 0 2 7 0 2 7 0 2 7 0 2 4 1 2 7 1 2 7 0 2 7 1 2 4 17 18 2 0 2 7 1 2 7 1 2 7 1 2 7 0 59.7211945056915283
12 16 2 0 2 7 1 2 7 1 2 7 5 31 3 5 31 3 0 2 7 1 2 7 0 2 4 1 2 7 0 2 7 0 2 7 0 2 7 13 6 3 0 2 7 1 2 7 0 2 7 0 2 7 1 2 7 1 2 7 1 2 7 0 2 7 1 2 7 0 2 7 17 18 2 0 2 7 0 2 7 1 2 7 0 2 7 17 18 2 0 2 7 12 16 2 17 18 2 5 31 3 13 6 3 13 6 3 1 2 7 17 9 2 0 2 7 1 2 7 0 2 7 17 9 2 12 16 2 12 16 2 1 2 7 0 2 7 16 6 2 0 2 7 0 2 7 0 2 7 0 2 4 1 2 7 1 2 7 0 2 7 1 2 4 17 18 2 0 2 7 1 2 7 1 2 7 1 2 7 0 59.7211945056915283
12 16 2 0 2 7 1 2 7 1 2 7 5 31 3 5 31 3 0 2 7 1 2 7 0 2 4 1 2 7 0 2 7 0 2 7 0 2 7 13 6 3 0 2 7 1 2 7 0 2 7 0 2 7 1 2 7 1 2 7 1 2 7 0 2 7 1 2 7 0 2 7 17 18 2 0 2 7 0 2 7 1 2 7 0 2 7 17 18 2 0 2 7 12 16 2 17 18 2 5 31 3 13 6 3 13 6 3 1 2 7 17 9 2 0 2 7 1 2 7 0 2 7 17 9 2 12 16 2 12 16 2 1 2 7 0 2 7 16 6 2 0 2 7 0 2 7 0 2 7 0 2 4 1 2 7 1 2 7 0 2 7 1 2 4 17 18 2 0 2 7 1 2 7 1 2 7 1 2 7 0 59.7211945056915283
12 16 2 0 2 7 1 2 7 1 2 7 5 31 3 5 31 3 0 2 7 1 2 7 0 2 4 1 2 7 0 2 7 0 2 7 0 2 7 13 6 3 0 2 7 1 2 7 0 2 7 0 2 7 1 2 7 1 2 7 1 2 7 0 2 7 1 2 7 0 2 7 17 18 2 0 2 7 0 2 7 1 2 7 0 2 7 17 18 2 0 2 7 12 16 2 17 18 2 5 31 3 13 6 3 13 6 3 1 2 7 17 9 2 0 2 7 1 2 7 0 2 7 17 9 2 12 16 2 12 16 2 1 2 7 0 2 7 16 6 2 0 2 7 0 2 7 0 2 7 0 2 4 1 2 7 1 2 7 0 2 7 1 2 4 17 18 2 0 2 7 1 2 7 1 2 7 1 2 7 0 59.7211945056915283
12 16 2 0 2 7 1 2 7 1 2 7 5 31 3 5 31 3 0 2 7 1 2 7 0 2 4 1 2 7 0 2 7 0 2 7 0 2 7 13 6 3 0 2 7 1 2 7 0 2 7 0 2 7 1 2 7 1 2 7 1 2 7 0 2 7 1 2 7 0 2 7 17 18 2 0 2 7 0 2 7 1 2 7 0 2 7 17 18 2 0 2 7 12 16 2 17 18 2 5 31 3 13 6 3 13 6 3 1 2 7 17 9 2 0 2 7 1 2 7 0 2 7 17 9 2 12 16 2 12 16 2 1 2 7 0 2 7 16 6 2 0 2 7 0 2 7 0 2 7 0 2 4 1 2 7 1 2 7 0 2 7 1 2 4 17 18 2 0 2 7 1 2 7 1 2 7 1 2 7 0 59.7211945056915283
12 16 2 0 2 7 1 2 7 1 2 7 5 31 3 5 31 3 0 2 7 1 2 7 0 2 4 1 2 7 0 2 7 0 2 7 0 2 7 13 6 3 0 2 7 1 2 7 0 2 7 0 2 7 1 2 7 1 2 7 1 2 7 0 2 7 1 2 7 0 2 7 17 18 2 0 2 7 0 2 7 1 2 7 0 2 7 17 18 2 0 2 7 12 16 2 17 18 2 5 31 3 13 6 3 13 6 3 1 2 7 17 9 2 0 2 7 1 2 7 0 2 7 17 9 2 12 16 2 12 16 2 1 2 7 0 2 7 16 6 2 0 2 7 0 2 7 0 2 7 0 2 4 1 2 7 1 2 7 0 2 7 1 2 4 17 18 2 0 2 7 1 2 7 1 2 7 1 2 7 0 59.7211945056915283
12 16 2 0 2 7 1 2 7 1 2 7 5 31 3 5 31 3 0 2 7 1 2 7 0 2 4 1 2 7 0 2 7 0 2 7 0 2 7 13 6 3 0 2 7 1 2 7 0 2 7 0 2 7 1 2 7 1 2 7 1 2 7 0 2 7 1 2 7 0 2 7 17 18 2 0 2 7 0 2 7 1 2 7 0 2 7 17 18 2 0 2 7 12 16 2 17 18 2 5 31 3 13 6 3 13 6 3 1 2 7 17 9 2 0 2 7 1 2 7 0 2 7 17 9 2 12 16 2 12 16 2 1 2 7 0 2 7 16 6 2 0 2 7 0 2 7 0 2 7 0 2 4 1 2 7 1 2 7 0 2 7 1 2 4 17 18 2 0 2 7 1 2 7 1 2 7 1 2 7 0 59.7211945056915283

Current Evaluation = 14400(14400)
Front Size = 10
12 16 2 0 2 7 1 2 7 1 2 7 5 31 3 5 31 3 0 2 7 1 2 7 0 2 4 1 2 7 0 2 7 0 2 7 0 2 7 13 6 3 0 2 7 1 2 7 0 2 7 0 2 7 1 2 7 1 2 7 1 2 7 0 2 7 1 2 7 0 2 7 17 18 2 0 2 7 0 2 7 1 2 7 0 2 7 17 18 2 0 2 7 12 16 2 17 18 2 5 31 3 13 6 3 13 6 3 1 2 7 17 9 2 0 2 7 1 2 7 0 2 7 17 9 2 12 16 2 12 16 2 1 2 7 0 2 7 16 6 2 0 2 7 0 2 7 0 2 7 0 2 4 1 2 7 1 2 7 0 2 7 1 2 4 17 18 2 0 2 7 1 2 7 1 2 7 1 2 7 0 59.7211945056915283
12 16 2 0 2 7 1 2 7 1 2 7 5 31 3 5 31 3 0 2 7 1 2 7 0 2 4 1 2 7 0 2 7 0 2 7 0 2 7 13 6 3 0 2 7 1 2 7 0 2 7 0 2 7 1 2 7 1 2 7 1 2 7 0 2 7 1 2 7 0 2 7 17 18 2 0 2 7 0 2 7 1 2 7 0 2 7 17 18 2 0 2 7 12 16 2 17 18 2 5 31 3 13 6 3 13 6 3 1 2 7 17 9 2 0 2 7 1 2 7 0 2 7 17 9 2 12 16 2 12 16 2 1 2 7 0 2 7 16 6 2 0 2 7 0 2 7 0 2 7 0 2 4 1 2 7 1 2 7 0 2 7 1 2 4 17 18 2 0 2 7 1 2 7 1 2 7 1 2 7 0 59.7211945056915283
12 16 2 0 2 7 1 2 7 1 2 7 5 31 3 5 31 3 0 2 7 1 2 7 0 2 4 1 2 7 0 2 7 0 2 7 0 2 7 13 6 3 0 2 7 1 2 7 0 2 7 0 2 7 1 2 7 1 2 7 1 2 7 0 2 7 1 2 7 0 2 7 17 18 2 0 2 7 0 2 7 1 2 7 0 2 7 17 18 2 0 2 7 12 16 2 17 18 2 5 31 3 13 6 3 13 6 3 1 2 7 17 9 2 0 2 7 1 2 7 0 2 7 17 9 2 12 16 2 12 16 2 1 2 7 0 2 7 16 6 2 0 2 7 0 2 7 0 2 7 0 2 4 1 2 7 1 2 7 0 2 7 1 2 4 17 18 2 0 2 7 1 2 7 1 2 7 1 2 7 0 59.7211945056915283
12 16 2 0 2 7 1 2 7 1 2 7 5 31 3 5 31 3 0 2 7 1 2 7 0 2 4 1 2 7 0 2 7 0 2 7 0 2 7 13 6 3 0 2 7 1 2 7 0 2 7 0 2 7 1 2 7 1 2 7 1 2 7 0 2 7 1 2 7 0 2 7 17 18 2 0 2 7 0 2 7 1 2 7 0 2 7 17 18 2 0 2 7 12 16 2 17 18 2 5 31 3 13 6 3 13 6 3 1 2 7 17 9 2 0 2 7 1 2 7 0 2 7 17 9 2 12 16 2 12 16 2 1 2 7 0 2 7 16 6 2 0 2 7 0 2 7 0 2 7 0 2 4 1 2 7 1 2 7 0 2 7 1 2 4 17 18 2 0 2 7 1 2 7 1 2 7 1 2 7 0 59.7211945056915283
12 16 2 0 2 7 1 2 7 1 2 7 5 31 3 5 31 3 0 2 7 1 2 7 0 2 4 1 2 7 0 2 7 0 2 7 0 2 7 13 6 3 0 2 7 1 2 7 0 2 7 0 2 7 1 2 7 1 2 7 1 2 7 0 2 7 1 2 7 0 2 7 17 18 2 0 2 7 0 2 7 1 2 7 0 2 7 17 18 2 0 2 7 12 16 2 17 18 2 5 31 3 13 6 3 13 6 3 1 2 7 17 9 2 0 2 7 1 2 7 0 2 7 17 9 2 12 16 2 12 16 2 1 2 7 0 2 7 16 6 2 0 2 7 0 2 7 0 2 7 0 2 4 1 2 7 1 2 7 0 2 7 1 2 4 17 18 2 0 2 7 1 2 7 1 2 7 1 2 7 0 59.7211945056915283
12 16 2 0 2 7 1 2 7 1 2 7 5 31 3 5 31 3 0 2 7 1 2 7 0 2 4 1 2 7 0 2 7 0 2 7 0 2 7 13 6 3 0 2 7 1 2 7 0 2 7 0 2 7 1 2 7 1 2 7 1 2 7 0 2 7 1 2 7 0 2 7 17 18 2 0 2 7 0 2 7 1 2 7 0 2 7 17 18 2 0 2 7 12 16 2 17 18 2 5 31 3 13 6 3 13 6 3 1 2 7 17 9 2 0 2 7 1 2 7 0 2 7 17 9 2 12 16 2 12 16 2 1 2 7 0 2 7 16 6 2 0 2 7 0 2 7 0 2 7 0 2 4 1 2 7 1 2 7 0 2 7 1 2 4 17 18 2 0 2 7 1 2 7 1 2 7 1 2 7 0 59.7211945056915283
12 16 2 0 2 7 1 2 7 1 2 7 5 31 3 5 31 3 0 2 7 1 2 7 0 2 4 1 2 7 0 2 7 0 2 7 0 2 7 13 6 3 0 2 7 1 2 7 0 2 7 0 2 7 1 2 7 1 2 7 1 2 7 0 2 7 1 2 7 0 2 7 17 18 2 0 2 7 0 2 7 1 2 7 0 2 7 17 18 2 0 2 7 12 16 2 17 18 2 5 31 3 13 6 3 13 6 3 1 2 7 17 9 2 0 2 7 1 2 7 0 2 7 17 9 2 12 16 2 12 16 2 1 2 7 0 2 7 16 6 2 0 2 7 0 2 7 0 2 7 0 2 4 1 2 7 1 2 7 0 2 7 1 2 4 17 18 2 0 2 7 1 2 7 1 2 7 1 2 7 0 59.7211945056915283
12 16 2 0 2 7 1 2 7 1 2 7 5 31 3 5 31 3 0 2 7 1 2 7 0 2 4 1 2 7 0 2 7 0 2 7 0 2 7 13 6 3 0 2 7 1 2 7 0 2 7 0 2 7 1 2 7 1 2 7 1 2 7 0 2 7 1 2 7 0 2 7 17 18 2 0 2 7 0 2 7 1 2 7 0 2 7 17 18 2 0 2 7 12 16 2 17 18 2 5 31 3 13 6 3 13 6 3 1 2 7 17 9 2 0 2 7 1 2 7 0 2 7 17 9 2 12 16 2 12 16 2 1 2 7 0 2 7 16 6 2 0 2 7 0 2 7 0 2 7 0 2 4 1 2 7 1 2 7 0 2 7 1 2 4 17 18 2 0 2 7 1 2 7 1 2 7 1 2 7 0 59.7211945056915283
12 16 2 0 2 7 1 2 7 1 2 7 5 31 3 5 31 3 0 2 7 1 2 7 0 2 4 1 2 7 0 2 7 0 2 7 0 2 7 13 6 3 0 2 7 1 2 7 0 2 7 0 2 7 1 2 7 1 2 7 1 2 7 0 2 7 1 2 7 0 2 7 17 18 2 0 2 7 0 2 7 1 2 7 0 2 7 17 18 2 0 2 7 12 16 2 17 18 2 5 31 3 13 6 3 13 6 3 1 2 7 17 9 2 0 2 7 1 2 7 0 2 7 17 9 2 12 16 2 12 16 2 1 2 7 0 2 7 16 6 2 0 2 7 0 2 7 0 2 7 0 2 4 1 2 7 1 2 7 0 2 7 1 2 4 17 18 2 0 2 7 1 2 7 1 2 7 1 2 7 0 59.7211945056915283
12 16 2 0 2 7 1 2 7 1 2 7 5 31 3 5 31 3 0 2 7 1 2 7 0 2 4 1 2 7 0 2 7 0 2 7 0 2 7 13 6 3 0 2 7 1 2 7 0 2 7 0 2 7 1 2 7 1 2 7 1 2 7 0 2 7 1 2 7 0 2 7 17 18 2 0 2 7 0 2 7 1 2 7 0 2 7 17 18 2 0 2 7 12 16 2 17 18 2 5 31 3 13 6 3 13 6 3 1 2 7 17 9 2 0 2 7 1 2 7 0 2 7 17 9 2 12 16 2 12 16 2 1 2 7 0 2 7 16 6 2 0 2 7 0 2 7 0 2 7 0 2 4 1 2 7 1 2 7 0 2 7 1 2 4 17 18 2 0 2 7 1 2 7 1 2 7 1 2 7 0 59.7211945056915283

Current Evaluation = 15300(15300)
Front Size = 10
12 16 2 0 2 7 1 2 7 1 2 7 5 31 3 5 31 3 0 2 7 1 2 7 0 2 4 1 2 7 0 2 7 0 2 7 0 2 7 13 6 3 0 2 7 1 2 7 0 2 7 0 2 7 1 2 7 1 2 7 1 2 7 0 2 7 1 2 7 0 2 7 17 18 2 0 2 7 0 2 7 1 2 7 0 2 7 17 18 2 0 2 7 12 16 2 17 18 2 5 31 3 13 6 3 13 6 3 1 2 7 17 9 2 0 2 7 1 2 7 0 2 7 17 9 2 12 16 2 12 16 2 1 2 7 0 2 7 16 6 2 0 2 7 0 2 7 0 2 7 0 2 4 1 2 7 1 2 7 0 2 7 1 2 4 17 18 2 0 2 7 1 2 7 1 2 7 1 2 7 0 59.7211945056915283
12 16 2 0 2 7 1 2 7 1 2 7 5 31 3 5 31 3 0 2 7 1 2 7 0 2 4 1 2 7 0 2 7 0 2 7 0 2 7 13 6 3 0 2 7 1 2 7 0 2 7 0 2 7 1 2 7 1 2 7 1 2 7 0 2 7 1 2 7 0 2 7 17 18 2 0 2 7 0 2 7 1 2 7 0 2 7 17 18 2 0 2 7 12 16 2 17 18 2 5 31 3 13 6 3 13 6 3 1 2 7 17 9 2 0 2 7 1 2 7 0 2 7 17 9 2 12 16 2 12 16 2 1 2 7 0 2 7 16 6 2 0 2 7 0 2 7 0 2 7 0 2 4 1 2 7 1 2 7 0 2 7 1 2 4 17 18 2 0 2 7 1 2 7 1 2 7 1 2 7 0 59.7211945056915283
12 16 2 0 2 7 1 2 7 1 2 7 5 31 3 5 31 3 0 2 7 1 2 7 0 2 4 1 2 7 0 2 7 0 2 7 0 2 7 13 6 3 0 2 7 1 2 7 0 2 7 0 2 7 1 2 7 1 2 7 1 2 7 0 2 7 1 2 7 0 2 7 17 18 2 0 2 7 0 2 7 1 2 7 0 2 7 17 18 2 0 2 7 12 16 2 17 18 2 5 31 3 13 6 3 13 6 3 1 2 7 17 9 2 0 2 7 1 2 7 0 2 7 17 9 2 12 16 2 12 16 2 1 2 7 0 2 7 16 6 2 0 2 7 0 2 7 0 2 7 0 2 4 1 2 7 1 2 7 0 2 7 1 2 4 17 18 2 0 2 7 1 2 7 1 2 7 1 2 7 0 59.7211945056915283
12 16 2 0 2 7 1 2 7 1 2 7 5 31 3 5 31 3 0 2 7 1 2 7 0 2 4 1 2 7 0 2 7 0 2 7 0 2 7 13 6 3 0 2 7 1 2 7 0 2 7 0 2 7 1 2 7 1 2 7 1 2 7 0 2 7 1 2 7 0 2 7 17 18 2 0 2 7 0 2 7 1 2 7 0 2 7 17 18 2 0 2 7 12 16 2 17 18 2 5 31 3 13 6 3 13 6 3 1 2 7 17 9 2 0 2 7 1 2 7 0 2 7 17 9 2 12 16 2 12 16 2 1 2 7 0 2 7 16 6 2 0 2 7 0 2 7 0 2 7 0 2 4 1 2 7 1 2 7 0 2 7 1 2 4 17 18 2 0 2 7 1 2 7 1 2 7 1 2 7 0 59.7211945056915283
12 16 2 0 2 7 1 2 7 1 2 7 5 31 3 5 31 3 0 2 7 1 2 7 0 2 4 1 2 7 0 2 7 0 2 7 0 2 7 13 6 3 0 2 7 1 2 7 0 2 7 0 2 7 1 2 7 1 2 7 1 2 7 0 2 7 1 2 7 0 2 7 17 18 2 0 2 7 0 2 7 1 2 7 0 2 7 17 18 2 0 2 7 12 16 2 17 18 2 5 31 3 13 6 3 13 6 3 1 2 7 17 9 2 0 2 7 1 2 7 0 2 7 17 9 2 12 16 2 12 16 2 1 2 7 0 2 7 16 6 2 0 2 7 0 2 7 0 2 7 0 2 4 1 2 7 1 2 7 0 2 7 1 2 4 17 18 2 0 2 7 1 2 7 1 2 7 1 2 7 0 59.7211945056915283
12 16 2 0 2 7 1 2 7 1 2 7 5 31 3 5 31 3 0 2 7 1 2 7 0 2 4 1 2 7 0 2 7 0 2 7 0 2 7 13 6 3 0 2 7 1 2 7 0 2 7 0 2 7 1 2 7 1 2 7 1 2 7 0 2 7 1 2 7 0 2 7 17 18 2 0 2 7 0 2 7 1 2 7 0 2 7 17 18 2 0 2 7 12 16 2 17 18 2 5 31 3 13 6 3 13 6 3 1 2 7 17 9 2 0 2 7 1 2 7 0 2 7 17 9 2 12 16 2 12 16 2 1 2 7 0 2 7 16 6 2 0 2 7 0 2 7 0 2 7 0 2 4 1 2 7 1 2 7 0 2 7 1 2 4 17 18 2 0 2 7 1 2 7 1 2 7 1 2 7 0 59.7211945056915283
12 16 2 0 2 7 1 2 7 1 2 7 5 31 3 5 31 3 0 2 7 1 2 7 0 2 4 1 2 7 0 2 7 0 2 7 0 2 7 13 6 3 0 2 7 1 2 7 0 2 7 0 2 7 1 2 7 1 2 7 1 2 7 0 2 7 1 2 7 0 2 7 17 18 2 0 2 7 0 2 7 1 2 7 0 2 7 17 18 2 0 2 7 12 16 2 17 18 2 5 31 3 13 6 3 13 6 3 1 2 7 17 9 2 0 2 7 1 2 7 0 2 7 17 9 2 12 16 2 12 16 2 1 2 7 0 2 7 16 6 2 0 2 7 0 2 7 0 2 7 0 2 4 1 2 7 1 2 7 0 2 7 1 2 4 17 18 2 0 2 7 1 2 7 1 2 7 1 2 7 0 59.7211945056915283
12 16 2 0 2 7 1 2 7 1 2 7 5 31 3 5 31 3 0 2 7 1 2 7 0 2 4 1 2 7 0 2 7 0 2 7 0 2 7 13 6 3 0 2 7 1 2 7 0 2 7 0 2 7 1 2 7 1 2 7 1 2 7 0 2 7 1 2 7 0 2 7 17 18 2 0 2 7 0 2 7 1 2 7 0 2 7 17 18 2 0 2 7 12 16 2 17 18 2 5 31 3 13 6 3 13 6 3 1 2 7 17 9 2 0 2 7 1 2 7 0 2 7 17 9 2 12 16 2 12 16 2 1 2 7 0 2 7 16 6 2 0 2 7 0 2 7 0 2 7 0 2 4 1 2 7 1 2 7 0 2 7 1 2 4 17 18 2 0 2 7 1 2 7 1 2 7 1 2 7 0 59.7211945056915283
12 16 2 0 2 7 1 2 7 1 2 7 5 31 3 5 31 3 0 2 7 1 2 7 0 2 4 1 2 7 0 2 7 0 2 7 0 2 7 13 6 3 0 2 7 1 2 7 0 2 7 0 2 7 1 2 7 1 2 7 1 2 7 0 2 7 1 2 7 0 2 7 17 18 2 0 2 7 0 2 7 1 2 7 0 2 7 17 18 2 0 2 7 12 16 2 17 18 2 5 31 3 13 6 3 13 6 3 1 2 7 17 9 2 0 2 7 1 2 7 0 2 7 17 9 2 12 16 2 12 16 2 1 2 7 0 2 7 16 6 2 0 2 7 0 2 7 0 2 7 0 2 4 1 2 7 1 2 7 0 2 7 1 2 4 17 18 2 0 2 7 1 2 7 1 2 7 1 2 7 0 59.7211945056915283
12 16 2 0 2 7 1 2 7 1 2 7 5 31 3 5 31 3 0 2 7 1 2 7 0 2 4 1 2 7 0 2 7 0 2 7 0 2 7 13 6 3 0 2 7 1 2 7 0 2 7 0 2 7 1 2 7 1 2 7 1 2 7 0 2 7 1 2 7 0 2 7 17 18 2 0 2 7 0 2 7 1 2 7 0 2 7 17 18 2 0 2 7 12 16 2 17 18 2 5 31 3 13 6 3 13 6 3 1 2 7 17 9 2 0 2 7 1 2 7 0 2 7 17 9 2 12 16 2 12 16 2 1 2 7 0 2 7 16 6 2 0 2 7 0 2 7 0 2 7 0 2 4 1 2 7 1 2 7 0 2 7 1 2 4 17 18 2 0 2 7 1 2 7 1 2 7 1 2 7 0 59.7211945056915283

Current Evaluation = 16200(16200)
Front Size = 10
12 16 2 0 2 7 1 2 7 1 2 7 5 31 3 5 31 3 0 2 7 1 2 7 0 2 4 1 2 7 0 2 7 0 2 7 0 2 7 13 6 3 0 2 7 1 2 7 0 2 7 0 2 7 1 2 7 1 2 7 1 2 7 0 2 7 1 2 7 0 2 7 17 18 2 0 2 7 0 2 7 1 2 7 0 2 7 17 18 2 0 2 7 12 16 2 17 18 2 5 31 3 13 6 3 13 6 3 1 2 7 17 9 2 0 2 7 1 2 7 0 2 7 17 9 2 12 16 2 12 16 2 1 2 7 0 2 7 16 6 2 0 2 7 0 2 7 0 2 7 0 2 4 1 2 7 1 2 7 0 2 7 1 2 4 17 18 2 0 2 7 1 2 7 1 2 7 1 2 7 0 59.7211945056915283
12 16 2 0 2 7 1 2 7 1 2 7 5 31 3 5 31 3 0 2 7 1 2 7 0 2 4 1 2 7 0 2 7 0 2 7 0 2 7 13 6 3 0 2 7 1 2 7 0 2 7 0 2 7 1 2 7 1 2 7 1 2 7 0 2 7 1 2 7 0 2 7 17 18 2 0 2 7 0 2 7 1 2 7 0 2 7 17 18 2 0 2 7 12 16 2 17 18 2 5 31 3 13 6 3 13 6 3 1 2 7 17 9 2 0 2 7 1 2 7 0 2 7 17 9 2 12 16 2 12 16 2 1 2 7 0 2 7 16 6 2 0 2 7 0 2 7 0 2 7 0 2 4 1 2 7 1 2 7 0 2 7 1 2 4 17 18 2 0 2 7 1 2 7 1 2 7 1 2 7 0 59.7211945056915283
12 16 2 0 2 7 1 2 7 1 2 7 5 31 3 5 31 3 0 2 7 1 2 7 0 2 4 1 2 7 0 2 7 0 2 7 0 2 7 13 6 3 0 2 7 1 2 7 0 2 7 0 2 7 1 2 7 1 2 7 1 2 7 0 2 7 1 2 7 0 2 7 17 18 2 0 2 7 0 2 7 1 2 7 0 2 7 17 18 2 0 2 7 12 16 2 17 18 2 5 31 3 13 6 3 13 6 3 1 2 7 17 9 2 0 2 7 1 2 7 0 2 7 17 9 2 12 16 2 12 16 2 1 2 7 0 2 7 16 6 2 0 2 7 0 2 7 0 2 7 0 2 4 1 2 7 1 2 7 0 2 7 1 2 4 17 18 2 0 2 7 1 2 7 1 2 7 1 2 7 0 59.7211945056915283
12 16 2 0 2 7 1 2 7 1 2 7 5 31 3 5 31 3 0 2 7 1 2 7 0 2 4 1 2 7 0 2 7 0 2 7 0 2 7 13 6 3 0 2 7 1 2 7 0 2 7 0 2 7 1 2 7 1 2 7 1 2 7 0 2 7 1 2 7 0 2 7 17 18 2 0 2 7 0 2 7 1 2 7 0 2 7 17 18 2 0 2 7 12 16 2 17 18 2 5 31 3 13 6 3 13 6 3 1 2 7 17 9 2 0 2 7 1 2 7 0 2 7 17 9 2 12 16 2 12 16 2 1 2 7 0 2 7 16 6 2 0 2 7 0 2 7 0 2 7 0 2 4 1 2 7 1 2 7 0 2 7 1 2 4 17 18 2 0 2 7 1 2 7 1 2 7 1 2 7 0 59.7211945056915283
12 16 2 0 2 7 1 2 7 1 2 7 5 31 3 5 31 3 0 2 7 1 2 7 0 2 4 1 2 7 0 2 7 0 2 7 0 2 7 13 6 3 0 2 7 1 2 7 0 2 7 0 2 7 1 2 7 1 2 7 1 2 7 0 2 7 1 2 7 0 2 7 17 18 2 0 2 7 0 2 7 1 2 7 0 2 7 17 18 2 0 2 7 12 16 2 17 18 2 5 31 3 13 6 3 13 6 3 1 2 7 17 9 2 0 2 7 1 2 7 0 2 7 17 9 2 12 16 2 12 16 2 1 2 7 0 2 7 16 6 2 0 2 7 0 2 7 0 2 7 0 2 4 1 2 7 1 2 7 0 2 7 1 2 4 17 18 2 0 2 7 1 2 7 1 2 7 1 2 7 0 59.7211945056915283
12 16 2 0 2 7 1 2 7 1 2 7 5 31 3 5 31 3 0 2 7 1 2 7 0 2 4 1 2 7 0 2 7 0 2 7 0 2 7 13 6 3 0 2 7 1 2 7 0 2 7 0 2 7 1 2 7 1 2 7 1 2 7 0 2 7 1 2 7 0 2 7 17 18 2 0 2 7 0 2 7 1 2 7 0 2 7 17 18 2 0 2 7 12 16 2 17 18 2 5 31 3 13 6 3 13 6 3 1 2 7 17 9 2 0 2 7 1 2 7 0 2 7 17 9 2 12 16 2 12 16 2 1 2 7 0 2 7 16 6 2 0 2 7 0 2 7 0 2 7 0 2 4 1 2 7 1 2 7 0 2 7 1 2 4 17 18 2 0 2 7 1 2 7 1 2 7 1 2 7 0 59.7211945056915283
12 16 2 0 2 7 1 2 7 1 2 7 5 31 3 5 31 3 0 2 7 1 2 7 0 2 4 1 2 7 0 2 7 0 2 7 0 2 7 13 6 3 0 2 7 1 2 7 0 2 7 0 2 7 1 2 7 1 2 7 1 2 7 0 2 7 1 2 7 0 2 7 17 18 2 0 2 7 0 2 7 1 2 7 0 2 7 17 18 2 0 2 7 12 16 2 17 18 2 5 31 3 13 6 3 13 6 3 1 2 7 17 9 2 0 2 7 1 2 7 0 2 7 17 9 2 12 16 2 12 16 2 1 2 7 0 2 7 16 6 2 0 2 7 0 2 7 0 2 7 0 2 4 1 2 7 1 2 7 0 2 7 1 2 4 17 18 2 0 2 7 1 2 7 1 2 7 1 2 7 0 59.7211945056915283
12 16 2 0 2 7 1 2 7 1 2 7 5 31 3 5 31 3 0 2 7 1 2 7 0 2 4 1 2 7 0 2 7 0 2 7 0 2 7 13 6 3 0 2 7 1 2 7 0 2 7 0 2 7 1 2 7 1 2 7 1 2 7 0 2 7 1 2 7 0 2 7 17 18 2 0 2 7 0 2 7 1 2 7 0 2 7 17 18 2 0 2 7 12 16 2 17 18 2 5 31 3 13 6 3 13 6 3 1 2 7 17 9 2 0 2 7 1 2 7 0 2 7 17 9 2 12 16 2 12 16 2 1 2 7 0 2 7 16 6 2 0 2 7 0 2 7 0 2 7 0 2 4 1 2 7 1 2 7 0 2 7 1 2 4 17 18 2 0 2 7 1 2 7 1 2 7 1 2 7 0 59.7211945056915283
12 16 2 0 2 7 1 2 7 1 2 7 5 31 3 5 31 3 0 2 7 1 2 7 0 2 4 1 2 7 0 2 7 0 2 7 0 2 7 13 6 3 0 2 7 1 2 7 0 2 7 0 2 7 1 2 7 1 2 7 1 2 7 0 2 7 1 2 7 0 2 7 17 18 2 0 2 7 0 2 7 1 2 7 0 2 7 17 18 2 0 2 7 12 16 2 17 18 2 5 31 3 13 6 3 13 6 3 1 2 7 17 9 2 0 2 7 1 2 7 0 2 7 17 9 2 12 16 2 12 16 2 1 2 7 0 2 7 16 6 2 0 2 7 0 2 7 0 2 7 0 2 4 1 2 7 1 2 7 0 2 7 1 2 4 17 18 2 0 2 7 1 2 7 1 2 7 1 2 7 0 59.7211945056915283
12 16 2 0 2 7 1 2 7 1 2 7 5 31 3 5 31 3 0 2 7 1 2 7 0 2 4 1 2 7 0 2 7 0 2 7 0 2 7 13 6 3 0 2 7 1 2 7 0 2 7 0 2 7 1 2 7 1 2 7 1 2 7 0 2 7 1 2 7 0 2 7 17 18 2 0 2 7 0 2 7 1 2 7 0 2 7 17 18 2 0 2 7 12 16 2 17 18 2 5 31 3 13 6 3 13 6 3 1 2 7 17 9 2 0 2 7 1 2 7 0 2 7 17 9 2 12 16 2 12 16 2 1 2 7 0 2 7 16 6 2 0 2 7 0 2 7 0 2 7 0 2 4 1 2 7 1 2 7 0 2 7 1 2 4 17 18 2 0 2 7 1 2 7 1 2 7 1 2 7 0 59.7211945056915283

Current Evaluation = 17100(17100)
Front Size = 10
12 16 2 0 2 7 1 2 7 1 2 7 5 31 3 5 31 3 0 2 7 1 2 7 0 2 4 1 2 7 0 2 7 0 2 7 0 2 7 13 6 3 0 2 7 1 2 7 0 2 7 0 2 7 1 2 7 1 2 7 1 2 7 0 2 7 1 2 7 0 2 7 17 18 2 0 2 7 0 2 7 1 2 7 0 2 7 17 18 2 0 2 7 12 16 2 17 18 2 5 31 3 13 6 3 13 6 3 1 2 7 17 9 2 0 2 7 1 2 7 0 2 7 17 9 2 12 16 2 12 16 2 1 2 7 0 2 7 16 6 2 0 2 7 0 2 7 0 2 7 0 2 4 1 2 7 1 2 7 0 2 7 1 2 4 17 18 2 0 2 7 1 2 7 1 2 7 1 2 7 0 59.7211945056915283
12 16 2 0 2 7 1 2 7 1 2 7 5 31 3 5 31 3 0 2 7 1 2 7 0 2 4 1 2 7 0 2 7 0 2 7 0 2 7 13 6 3 0 2 7 1 2 7 0 2 7 0 2 7 1 2 7 1 2 7 1 2 7 0 2 7 1 2 7 0 2 7 17 18 2 0 2 7 0 2 7 1 2 7 0 2 7 17 18 2 0 2 7 12 16 2 17 18 2 5 31 3 13 6 3 13 6 3 1 2 7 17 9 2 0 2 7 1 2 7 0 2 7 17 9 2 12 16 2 12 16 2 1 2 7 0 2 7 16 6 2 0 2 7 0 2 7 0 2 7 0 2 4 1 2 7 1 2 7 0 2 7 1 2 4 17 18 2 0 2 7 1 2 7 1 2 7 1 2 7 0 59.7211945056915283
12 16 2 0 2 7 1 2 7 1 2 7 5 31 3 5 31 3 0 2 7 1 2 7 0 2 4 1 2 7 0 2 7 0 2 7 0 2 7 13 6 3 0 2 7 1 2 7 0 2 7 0 2 7 1 2 7 1 2 7 1 2 7 0 2 7 1 2 7 0 2 7 17 18 2 0 2 7 0 2 7 1 2 7 0 2 7 17 18 2 0 2 7 12 16 2 17 18 2 5 31 3 13 6 3 13 6 3 1 2 7 17 9 2 0 2 7 1 2 7 0 2 7 17 9 2 12 16 2 12 16 2 1 2 7 0 2 7 16 6 2 0 2 7 0 2 7 0 2 7 0 2 4 1 2 7 1 2 7 0 2 7 1 2 4 17 18 2 0 2 7 1 2 7 1 2 7 1 2 7 0 59.7211945056915283
12 16 2 0 2 7 1 2 7 1 2 7 5 31 3 5 31 3 0 2 7 1 2 7 0 2 4 1 2 7 0 2 7 0 2 7 0 2 7 13 6 3 0 2 7 1 2 7 0 2 7 0 2 7 1 2 7 1 2 7 1 2 7 0 2 7 1 2 7 0 2 7 17 18 2 0 2 7 0 2 7 1 2 7 0 2 7 17 18 2 0 2 7 12 16 2 17 18 2 5 31 3 13 6 3 13 6 3 1 2 7 17 9 2 0 2 7 1 2 7 0 2 7 17 9 2 12 16 2 12 16 2 1 2 7 0 2 7 16 6 2 0 2 7 0 2 7 0 2 7 0 2 4 1 2 7 1 2 7 0 2 7 1 2 4 17 18 2 0 2 7 1 2 7 1 2 7 1 2 7 0 59.7211945056915283
12 16 2 0 2 7 1 2 7 1 2 7 5 31 3 5 31 3 0 2 7 1 2 7 0 2 4 1 2 7 0 2 7 0 2 7 0 2 7 13 6 3 0 2 7 1 2 7 0 2 7 0 2 7 1 2 7 1 2 7 1 2 7 0 2 7 1 2 7 0 2 7 17 18 2 0 2 7 0 2 7 1 2 7 0 2 7 17 18 2 0 2 7 12 16 2 17 18 2 5 31 3 13 6 3 13 6 3 1 2 7 17 9 2 0 2 7 1 2 7 0 2 7 17 9 2 12 16 2 12 16 2 1 2 7 0 2 7 16 6 2 0 2 7 0 2 7 0 2 7 0 2 4 1 2 7 1 2 7 0 2 7 1 2 4 17 18 2 0 2 7 1 2 7 1 2 7 1 2 7 0 59.7211945056915283
12 16 2 0 2 7 1 2 7 1 2 7 5 31 3 5 31 3 0 2 7 1 2 7 0 2 4 1 2 7 0 2 7 0 2 7 0 2 7 13 6 3 0 2 7 1 2 7 0 2 7 0 2 7 1 2 7 1 2 7 1 2 7 0 2 7 1 2 7 0 2 7 17 18 2 0 2 7 0 2 7 1 2 7 0 2 7 17 18 2 0 2 7 12 16 2 17 18 2 5 31 3 13 6 3 13 6 3 1 2 7 17 9 2 0 2 7 1 2 7 0 2 7 17 9 2 12 16 2 12 16 2 1 2 7 0 2 7 16 6 2 0 2 7 0 2 7 0 2 7 0 2 4 1 2 7 1 2 7 0 2 7 1 2 4 17 18 2 0 2 7 1 2 7 1 2 7 1 2 7 0 59.7211945056915283
12 16 2 0 2 7 1 2 7 1 2 7 5 31 3 5 31 3 0 2 7 1 2 7 0 2 4 1 2 7 0 2 7 0 2 7 0 2 7 13 6 3 0 2 7 1 2 7 0 2 7 0 2 7 1 2 7 1 2 7 1 2 7 0 2 7 1 2 7 0 2 7 17 18 2 0 2 7 0 2 7 1 2 7 0 2 7 17 18 2 0 2 7 12 16 2 17 18 2 5 31 3 13 6 3 13 6 3 1 2 7 17 9 2 0 2 7 1 2 7 0 2 7 17 9 2 12 16 2 12 16 2 1 2 7 0 2 7 16 6 2 0 2 7 0 2 7 0 2 7 0 2 4 1 2 7 1 2 7 0 2 7 1 2 4 17 18 2 0 2 7 1 2 7 1 2 7 1 2 7 0 59.7211945056915283
12 16 2 0 2 7 1 2 7 1 2 7 5 31 3 5 31 3 0 2 7 1 2 7 0 2 4 1 2 7 0 2 7 0 2 7 0 2 7 13 6 3 0 2 7 1 2 7 0 2 7 0 2 7 1 2 7 1 2 7 1 2 7 0 2 7 1 2 7 0 2 7 17 18 2 0 2 7 0 2 7 1 2 7 0 2 7 17 18 2 0 2 7 12 16 2 17 18 2 5 31 3 13 6 3 13 6 3 1 2 7 17 9 2 0 2 7 1 2 7 0 2 7 17 9 2 12 16 2 12 16 2 1 2 7 0 2 7 16 6 2 0 2 7 0 2 7 0 2 7 0 2 4 1 2 7 1 2 7 0 2 7 1 2 4 17 18 2 0 2 7 1 2 7 1 2 7 1 2 7 0 59.7211945056915283
12 16 2 0 2 7 1 2 7 1 2 7 5 31 3 5 31 3 0 2 7 1 2 7 0 2 4 1 2 7 0 2 7 0 2 7 0 2 7 13 6 3 0 2 7 1 2 7 0 2 7 0 2 7 1 2 7 1 2 7 1 2 7 0 2 7 1 2 7 0 2 7 17 18 2 0 2 7 0 2 7 1 2 7 0 2 7 17 18 2 0 2 7 12 16 2 17 18 2 5 31 3 13 6 3 13 6 3 1 2 7 17 9 2 0 2 7 1 2 7 0 2 7 17 9 2 12 16 2 12 16 2 1 2 7 0 2 7 16 6 2 0 2 7 0 2 7 0 2 7 0 2 4 1 2 7 1 2 7 0 2 7 1 2 4 17 18 2 0 2 7 1 2 7 1 2 7 1 2 7 0 59.7211945056915283
12 16 2 0 2 7 1 2 7 1 2 7 5 31 3 5 31 3 0 2 7 1 2 7 0 2 4 1 2 7 0 2 7 0 2 7 0 2 7 13 6 3 0 2 7 1 2 7 0 2 7 0 2 7 1 2 7 1 2 7 1 2 7 0 2 7 1 2 7 0 2 7 17 18 2 0 2 7 0 2 7 1 2 7 0 2 7 17 18 2 0 2 7 12 16 2 17 18 2 5 31 3 13 6 3 13 6 3 1 2 7 17 9 2 0 2 7 1 2 7 0 2 7 17 9 2 12 16 2 12 16 2 1 2 7 0 2 7 16 6 2 0 2 7 0 2 7 0 2 7 0 2 4 1 2 7 1 2 7 0 2 7 1 2 4 17 18 2 0 2 7 1 2 7 1 2 7 1 2 7 0 59.7211945056915283

Current Evaluation = 18000(18000)
Front Size = 10
12 16 2 0 2 7 1 2 7 1 2 7 5 31 3 5 31 3 0 2 7 1 2 7 0 2 4 1 2 7 0 2 7 0 2 7 0 2 7 13 6 3 0 2 7 1 2 7 0 2 7 0 2 7 1 2 7 1 2 7 1 2 7 0 2 7 1 2 7 0 2 7 17 18 2 0 2 7 0 2 7 1 2 7 0 2 7 17 18 2 0 2 7 12 16 2 17 18 2 5 31 3 13 6 3 13 6 3 1 2 7 17 9 2 0 2 7 1 2 7 0 2 7 17 9 2 12 16 2 12 16 2 1 2 7 0 2 7 16 6 2 0 2 7 0 2 7 0 2 7 0 2 4 1 2 7 1 2 7 0 2 7 1 2 4 17 18 2 0 2 7 1 2 7 1 2 7 1 2 7 0 59.7211945056915283
12 16 2 0 2 7 1 2 7 1 2 7 5 31 3 5 31 3 0 2 7 1 2 7 0 2 4 1 2 7 0 2 7 0 2 7 0 2 7 13 6 3 0 2 7 1 2 7 0 2 7 0 2 7 1 2 7 1 2 7 1 2 7 0 2 7 1 2 7 0 2 7 17 18 2 0 2 7 0 2 7 1 2 7 0 2 7 17 18 2 0 2 7 12 16 2 17 18 2 5 31 3 13 6 3 13 6 3 1 2 7 17 9 2 0 2 7 1 2 7 0 2 7 17 9 2 12 16 2 12 16 2 1 2 7 0 2 7 16 6 2 0 2 7 0 2 7 0 2 7 0 2 4 1 2 7 1 2 7 0 2 7 1 2 4 17 18 2 0 2 7 1 2 7 1 2 7 1 2 7 0 59.7211945056915283
12 16 2 0 2 7 1 2 7 1 2 7 5 31 3 5 31 3 0 2 7 1 2 7 0 2 4 1 2 7 0 2 7 0 2 7 0 2 7 13 6 3 0 2 7 1 2 7 0 2 7 0 2 7 1 2 7 1 2 7 1 2 7 0 2 7 1 2 7 0 2 7 17 18 2 0 2 7 0 2 7 1 2 7 0 2 7 17 18 2 0 2 7 12 16 2 17 18 2 5 31 3 13 6 3 13 6 3 1 2 7 17 9 2 0 2 7 1 2 7 0 2 7 17 9 2 12 16 2 12 16 2 1 2 7 0 2 7 16 6 2 0 2 7 0 2 7 0 2 7 0 2 4 1 2 7 1 2 7 0 2 7 1 2 4 17 18 2 0 2 7 1 2 7 1 2 7 1 2 7 0 59.7211945056915283
12 16 2 0 2 7 1 2 7 1 2 7 5 31 3 5 31 3 0 2 7 1 2 7 0 2 4 1 2 7 0 2 7 0 2 7 0 2 7 13 6 3 0 2 7 1 2 7 0 2 7 0 2 7 1 2 7 1 2 7 1 2 7 0 2 7 1 2 7 0 2 7 17 18 2 0 2 7 0 2 7 1 2 7 0 2 7 17 18 2 0 2 7 12 16 2 17 18 2 5 31 3 13 6 3 13 6 3 1 2 7 17 9 2 0 2 7 1 2 7 0 2 7 17 9 2 12 16 2 12 16 2 1 2 7 0 2 7 16 6 2 0 2 7 0 2 7 0 2 7 0 2 4 1 2 7 1 2 7 0 2 7 1 2 4 17 18 2 0 2 7 1 2 7 1 2 7 1 2 7 0 59.7211945056915283
12 16 2 0 2 7 1 2 7 1 2 7 5 31 3 5 31 3 0 2 7 1 2 7 0 2 4 1 2 7 0 2 7 0 2 7 0 2 7 13 6 3 0 2 7 1 2 7 0 2 7 0 2 7 1 2 7 1 2 7 1 2 7 0 2 7 1 2 7 0 2 7 17 18 2 0 2 7 0 2 7 1 2 7 0 2 7 17 18 2 0 2 7 12 16 2 17 18 2 5 31 3 13 6 3 13 6 3 1 2 7 17 9 2 0 2 7 1 2 7 0 2 7 17 9 2 12 16 2 12 16 2 1 2 7 0 2 7 16 6 2 0 2 7 0 2 7 0 2 7 0 2 4 1 2 7 1 2 7 0 2 7 1 2 4 17 18 2 0 2 7 1 2 7 1 2 7 1 2 7 0 59.7211945056915283
12 16 2 0 2 7 1 2 7 1 2 7 5 31 3 5 31 3 0 2 7 1 2 7 0 2 4 1 2 7 0 2 7 0 2 7 0 2 7 13 6 3 0 2 7 1 2 7 0 2 7 0 2 7 1 2 7 1 2 7 1 2 7 0 2 7 1 2 7 0 2 7 17 18 2 0 2 7 0 2 7 1 2 7 0 2 7 17 18 2 0 2 7 12 16 2 17 18 2 5 31 3 13 6 3 13 6 3 1 2 7 17 9 2 0 2 7 1 2 7 0 2 7 17 9 2 12 16 2 12 16 2 1 2 7 0 2 7 16 6 2 0 2 7 0 2 7 0 2 7 0 2 4 1 2 7 1 2 7 0 2 7 1 2 4 17 18 2 0 2 7 1 2 7 1 2 7 1 2 7 0 59.7211945056915283
12 16 2 0 2 7 1 2 7 1 2 7 5 31 3 5 31 3 0 2 7 1 2 7 0 2 4 1 2 7 0 2 7 0 2 7 0 2 7 13 6 3 0 2 7 1 2 7 0 2 7 0 2 7 1 2 7 1 2 7 1 2 7 0 2 7 1 2 7 0 2 7 17 18 2 0 2 7 0 2 7 1 2 7 0 2 7 17 18 2 0 2 7 12 16 2 17 18 2 5 31 3 13 6 3 13 6 3 1 2 7 17 9 2 0 2 7 1 2 7 0 2 7 17 9 2 12 16 2 12 16 2 1 2 7 0 2 7 16 6 2 0 2 7 0 2 7 0 2 7 0 2 4 1 2 7 1 2 7 0 2 7 1 2 4 17 18 2 0 2 7 1 2 7 1 2 7 1 2 7 0 59.7211945056915283
12 16 2 0 2 7 1 2 7 1 2 7 5 31 3 5 31 3 0 2 7 1 2 7 0 2 4 1 2 7 0 2 7 0 2 7 0 2 7 13 6 3 0 2 7 1 2 7 0 2 7 0 2 7 1 2 7 1 2 7 1 2 7 0 2 7 1 2 7 0 2 7 17 18 2 0 2 7 0 2 7 1 2 7 0 2 7 17 18 2 0 2 7 12 16 2 17 18 2 5 31 3 13 6 3 13 6 3 1 2 7 17 9 2 0 2 7 1 2 7 0 2 7 17 9 2 12 16 2 12 16 2 1 2 7 0 2 7 16 6 2 0 2 7 0 2 7 0 2 7 0 2 4 1 2 7 1 2 7 0 2 7 1 2 4 17 18 2 0 2 7 1 2 7 1 2 7 1 2 7 0 59.7211945056915283
12 16 2 0 2 7 1 2 7 1 2 7 5 31 3 5 31 3 0 2 7 1 2 7 0 2 4 1 2 7 0 2 7 0 2 7 0 2 7 13 6 3 0 2 7 1 2 7 0 2 7 0 2 7 1 2 7 1 2 7 1 2 7 0 2 7 1 2 7 0 2 7 17 18 2 0 2 7 0 2 7 1 2 7 0 2 7 17 18 2 0 2 7 12 16 2 17 18 2 5 31 3 13 6 3 13 6 3 1 2 7 17 9 2 0 2 7 1 2 7 0 2 7 17 9 2 12 16 2 12 16 2 1 2 7 0 2 7 16 6 2 0 2 7 0 2 7 0 2 7 0 2 4 1 2 7 1 2 7 0 2 7 1 2 4 17 18 2 0 2 7 1 2 7 1 2 7 1 2 7 0 59.7211945056915283
12 16 2 0 2 7 1 2 7 1 2 7 5 31 3 5 31 3 0 2 7 1 2 7 0 2 4 1 2 7 0 2 7 0 2 7 0 2 7 13 6 3 0 2 7 1 2 7 0 2 7 0 2 7 1 2 7 1 2 7 1 2 7 0 2 7 1 2 7 0 2 7 17 18 2 0 2 7 0 2 7 1 2 7 0 2 7 17 18 2 0 2 7 12 16 2 17 18 2 5 31 3 13 6 3 13 6 3 1 2 7 17 9 2 0 2 7 1 2 7 0 2 7 17 9 2 12 16 2 12 16 2 1 2 7 0 2 7 16 6 2 0 2 7 0 2 7 0 2 7 0 2 4 1 2 7 1 2 7 0 2 7 1 2 4 17 18 2 0 2 7 1 2 7 1 2 7 1 2 7 0 59.7211945056915283

MonoObjective Genetic Algorithm
Number of Evaluations = 0
Mutation Probability = 0
Crossover Probability = 1
Population Size = 10
Survival Selection Type = 1

Time =  18007.263503074646

Current Evaluation = 2100
Front Size = 10
12 16 2 0 2 7 1 2 7 1 2 7 5 31 3 5 31 3 0 2 7 1 2 7 0 2 4 1 2 7 0 2 7 0 2 7 0 2 7 13 6 3 0 2 7 1 2 7 0 2 7 0 2 7 1 2 7 1 2 7 1 2 7 0 2 7 1 2 7 0 2 7 17 18 2 0 2 7 0 2 7 1 2 7 0 2 7 17 18 2 0 2 7 12 16 2 17 18 2 5 31 3 13 6 3 13 6 3 1 2 7 17 9 2 0 2 7 1 2 7 0 2 7 17 9 2 12 16 2 12 16 2 1 2 7 0 2 7 16 6 2 0 2 7 0 2 7 0 2 7 0 2 4 1 2 7 1 2 7 0 2 7 1 2 4 17 18 2 0 2 7 1 2 7 1 2 7 1 2 7 0 59.7211945056915283
12 16 2 0 2 7 1 2 7 1 2 7 5 31 3 5 31 3 0 2 7 1 2 7 0 2 4 1 2 7 0 2 7 0 2 7 0 2 7 13 6 3 0 2 7 1 2 7 0 2 7 0 2 7 1 2 7 1 2 7 1 2 7 0 2 7 1 2 7 0 2 7 17 18 2 0 2 7 0 2 7 1 2 7 0 2 7 17 18 2 0 2 7 12 16 2 17 18 2 5 31 3 13 6 3 13 6 3 1 2 7 17 9 2 0 2 7 1 2 7 0 2 7 17 9 2 12 16 2 12 16 2 1 2 7 0 2 7 16 6 2 0 2 7 0 2 7 0 2 7 0 2 4 1 2 7 1 2 7 0 2 7 1 2 4 17 18 2 0 2 7 1 2 7 1 2 7 1 2 7 0 59.7211945056915283
12 16 2 0 2 7 1 2 7 1 2 7 5 31 3 5 31 3 0 2 7 1 2 7 0 2 4 1 2 7 0 2 7 0 2 7 0 2 7 13 6 3 0 2 7 1 2 7 0 2 7 0 2 7 1 2 7 1 2 7 1 2 7 0 2 7 1 2 7 0 2 7 17 18 2 0 2 7 0 2 7 1 2 7 0 2 7 17 18 2 0 2 7 12 16 2 17 18 2 5 31 3 13 6 3 13 6 3 1 2 7 17 9 2 0 2 7 1 2 7 0 2 7 17 9 2 12 16 2 12 16 2 1 2 7 0 2 7 16 6 2 0 2 7 0 2 7 0 2 7 0 2 4 1 2 7 1 2 7 0 2 7 1 2 4 17 18 2 0 2 7 1 2 7 1 2 7 1 2 7 0 59.7211945056915283
12 16 2 0 2 7 1 2 7 1 2 7 5 31 3 5 31 3 0 2 7 1 2 7 0 2 4 1 2 7 0 2 7 0 2 7 0 2 7 13 6 3 0 2 7 1 2 7 0 2 7 0 2 7 1 2 7 1 2 7 1 2 7 0 2 7 1 2 7 0 2 7 17 18 2 0 2 7 0 2 7 1 2 7 0 2 7 17 18 2 0 2 7 12 16 2 17 18 2 5 31 3 13 6 3 13 6 3 1 2 7 17 9 2 0 2 7 1 2 7 0 2 7 17 9 2 12 16 2 12 16 2 1 2 7 0 2 7 16 6 2 0 2 7 0 2 7 0 2 7 0 2 4 1 2 7 1 2 7 0 2 7 1 2 4 17 18 2 0 2 7 1 2 7 1 2 7 1 2 7 0 59.7211945056915283
12 16 2 0 2 7 1 2 7 1 2 7 5 31 3 5 31 3 0 2 7 1 2 7 0 2 4 1 2 7 0 2 7 0 2 7 0 2 7 13 6 3 0 2 7 1 2 7 0 2 7 0 2 7 1 2 7 1 2 7 1 2 7 0 2 7 1 2 7 0 2 7 17 18 2 0 2 7 0 2 7 1 2 7 0 2 7 17 18 2 0 2 7 12 16 2 17 18 2 5 31 3 13 6 3 13 6 3 1 2 7 17 9 2 0 2 7 1 2 7 0 2 7 17 9 2 12 16 2 12 16 2 1 2 7 0 2 7 16 6 2 0 2 7 0 2 7 0 2 7 0 2 4 1 2 7 1 2 7 0 2 7 1 2 4 17 18 2 0 2 7 1 2 7 1 2 7 1 2 7 0 59.7211945056915283
12 16 2 0 2 7 1 2 7 1 2 7 5 31 3 5 31 3 0 2 7 1 2 7 0 2 4 1 2 7 0 2 7 0 2 7 0 2 7 13 6 3 0 2 7 1 2 7 0 2 7 0 2 7 1 2 7 1 2 7 1 2 7 0 2 7 1 2 7 0 2 7 17 18 2 0 2 7 0 2 7 1 2 7 0 2 7 17 18 2 0 2 7 12 16 2 17 18 2 5 31 3 13 6 3 13 6 3 1 2 7 17 9 2 0 2 7 1 2 7 0 2 7 17 9 2 12 16 2 12 16 2 1 2 7 0 2 7 16 6 2 0 2 7 0 2 7 0 2 7 0 2 4 1 2 7 1 2 7 0 2 7 1 2 4 17 18 2 0 2 7 1 2 7 1 2 7 1 2 7 0 59.7211945056915283
12 16 2 0 2 7 1 2 7 1 2 7 5 31 3 5 31 3 0 2 7 1 2 7 0 2 4 1 2 7 0 2 7 0 2 7 0 2 7 13 6 3 0 2 7 1 2 7 0 2 7 0 2 7 1 2 7 1 2 7 1 2 7 0 2 7 1 2 7 0 2 7 17 18 2 0 2 7 0 2 7 1 2 7 0 2 7 17 18 2 0 2 7 12 16 2 17 18 2 5 31 3 13 6 3 13 6 3 1 2 7 17 9 2 0 2 7 1 2 7 0 2 7 17 9 2 12 16 2 12 16 2 1 2 7 0 2 7 16 6 2 0 2 7 0 2 7 0 2 7 0 2 4 1 2 7 1 2 7 0 2 7 1 2 4 17 18 2 0 2 7 1 2 7 1 2 7 1 2 7 0 59.7211945056915283
12 16 2 0 2 7 1 2 7 1 2 7 5 31 3 5 31 3 0 2 7 1 2 7 0 2 4 1 2 7 0 2 7 0 2 7 0 2 7 13 6 3 0 2 7 1 2 7 0 2 7 0 2 7 1 2 7 1 2 7 1 2 7 0 2 7 1 2 7 0 2 7 17 18 2 0 2 7 0 2 7 1 2 7 0 2 7 17 18 2 0 2 7 12 16 2 17 18 2 5 31 3 13 6 3 13 6 3 1 2 7 17 9 2 0 2 7 1 2 7 0 2 7 17 9 2 12 16 2 12 16 2 1 2 7 0 2 7 16 6 2 0 2 7 0 2 7 0 2 7 0 2 4 1 2 7 1 2 7 0 2 7 1 2 4 17 18 2 0 2 7 1 2 7 1 2 7 1 2 7 0 59.7211945056915283
12 16 2 0 2 7 1 2 7 1 2 7 5 31 3 5 31 3 0 2 7 1 2 7 0 2 4 1 2 7 0 2 7 0 2 7 0 2 7 13 6 3 0 2 7 1 2 7 0 2 7 0 2 7 1 2 7 1 2 7 1 2 7 0 2 7 1 2 7 0 2 7 17 18 2 0 2 7 0 2 7 1 2 7 0 2 7 17 18 2 0 2 7 12 16 2 17 18 2 5 31 3 13 6 3 13 6 3 1 2 7 17 9 2 0 2 7 1 2 7 0 2 7 17 9 2 12 16 2 12 16 2 1 2 7 0 2 7 16 6 2 0 2 7 0 2 7 0 2 7 0 2 4 1 2 7 1 2 7 0 2 7 1 2 4 17 18 2 0 2 7 1 2 7 1 2 7 1 2 7 0 59.7211945056915283
12 16 2 0 2 7 1 2 7 1 2 7 5 31 3 5 31 3 0 2 7 1 2 7 0 2 4 1 2 7 0 2 7 0 2 7 0 2 7 13 6 3 0 2 7 1 2 7 0 2 7 0 2 7 1 2 7 1 2 7 1 2 7 0 2 7 1 2 7 0 2 7 17 18 2 0 2 7 0 2 7 1 2 7 0 2 7 17 18 2 0 2 7 12 16 2 17 18 2 5 31 3 13 6 3 13 6 3 1 2 7 17 9 2 0 2 7 1 2 7 0 2 7 17 9 2 12 16 2 12 16 2 1 2 7 0 2 7 16 6 2 0 2 7 0 2 7 0 2 7 0 2 4 1 2 7 1 2 7 0 2 7 1 2 4 17 18 2 0 2 7 1 2 7 1 2 7 1 2 7 0 59.7211945056915283

