39.9595907926559448
40.0670827627182007
40.0670827627182007
40.2815956473350525
40.0670827627182007
40.0670827627182007
40.0670827627182007
40.0670827627182007
40.0670827627182007
40.0670827627182007
40.0383374691009521
40.0670827627182007
40.0670827627182007
40.0383374691009521
40.0670827627182007
40.0670827627182007
40.0670827627182007
40.0670827627182007
40.0670827627182007
40.0670827627182007
40.0383374691009521
39.7171425819396973
40.0670827627182007
40.0670827627182007
40.0383374691009521
40.0670827627182007
40.0670827627182007
40.0383374691009521
40.0383374691009521
40.0670827627182007
