14 29 6 0 43 21 29 30 73 33 11 7 33 14 20 15 55 21 10 2 22 42 15 40 43 9 15 10 41 18 39 46 46 22 14 11 18 13 47 32 52 19 6 2 41 12 26 23 45 1 16 17 44 45 19 42 33 3 16 7 45 16 3 7 7 33 0 7 5 6 0 39 20 11 10 9 43 35 2 10 56 11 5 14 22 28 7 3 14 13 3 7 22 31 23 30 10 35 1 3 30 21 26 45 10 21 15 7 22 21 14 31 23 2 2 14 20 45 27 9 21 17 2 9 33 2 45 2 43 31 17 4 41 12 34 46 2 23 10 16 25 45 7 49 5 24 8 9 38 34 38 45 55 7 2 3 4 50 43 11 2404710789207.7563476562
74 24 3 0 17 3 36 17 14 6 17 3 5 44 42 1 51 24 1 16 28 29 10 30 21 23 6 13 46 28 31 52 8 24 10 3 1 25 0 22 5 35 5 14 23 14 44 23 6 32 18 19 9 19 31 22 51 2 17 16 31 10 19 44 28 26 4 15 21 3 8 37 78 22 12 10 15 3 1 45 33 19 1 5 39 6 6 40 66 7 0 5 38 36 7 46 36 12 12 3 41 18 7 6 77 3 14 12 32 40 27 39 44 14 11 19 20 12 10 16 30 13 3 14 48 18 32 28 77 2 1 5 14 44 13 13 5 17 13 11 27 39 11 42 9 5 4 11 16 39 26 44 23 18 4 0 47 30 39 1 2757770032610.4194335938
6 18 3 7 19 27 13 57 14 27 16 9 28 14 40 44 59 2 16 14 37 3 15 38 41 1 9 5 3 44 30 39 48 30 12 19 10 1 44 35 51 26 13 16 9 43 21 12 6 34 19 15 50 32 48 45 4 20 9 13 26 19 42 16 39 16 14 11 7 3 21 23 58 5 4 12 14 32 7 3 5 31 18 0 33 26 43 43 0 14 15 12 22 39 34 53 35 29 18 0 10 28 25 8 16 2 1 11 45 6 13 53 30 11 7 12 26 2 24 4 73 36 15 9 35 47 12 8 24 17 4 17 11 28 36 52 41 15 7 11 40 16 15 44 55 9 17 12 32 14 38 4 45 7 9 11 17 35 14 54 2297825079978.0004882812
11 11 10 2 30 3 28 26 11 21 17 8 26 12 19 43 19 24 9 17 48 36 17 45 26 35 12 17 30 20 33 41 25 16 10 3 1 13 24 14 37 16 19 10 37 34 48 0 48 0 1 18 35 36 21 30 12 28 6 18 28 33 0 25 48 20 2 5 30 15 32 53 36 17 8 18 20 28 44 17 67 13 15 9 3 13 25 19 17 25 1 17 50 44 45 15 12 11 10 12 23 17 40 39 11 23 13 12 50 22 39 29 30 2 4 7 18 28 27 22 7 20 10 16 37 7 22 49 49 4 18 0 5 24 4 55 41 23 19 17 12 16 11 13 54 36 17 7 10 25 39 27 75 27 6 4 26 22 26 41 2759305152125.9746093750
65 9 1 0 26 28 41 19 60 2 12 13 38 27 25 8 26 12 9 12 4 5 10 20 19 12 9 14 9 41 5 30 20 31 11 1 39 34 19 45 49 10 7 4 3 26 24 32 17 29 4 3 46 36 8 4 29 26 7 18 32 41 36 23 34 6 13 12 45 10 33 54 69 1 14 17 29 48 35 5 74 5 17 2 25 31 9 11 78 25 7 19 3 31 13 37 62 16 11 3 7 39 20 28 52 7 1 13 12 48 23 36 57 22 18 10 46 41 1 20 48 18 17 9 16 29 31 32 58 36 12 1 35 2 9 24 70 6 9 10 12 11 3 58 17 22 1 7 22 44 31 27 41 1 9 6 39 47 47 22 3368038221414.0195312500
14 2 7 2 47 4 17 54 53 23 15 18 30 43 9 12 28 4 4 3 38 39 17 48 43 21 7 11 21 32 47 27 74 27 4 6 26 10 11 15 40 13 14 9 41 13 16 19 44 6 19 17 13 15 4 12 33 23 4 16 6 35 2 56 71 6 13 5 11 44 21 26 56 19 8 9 44 8 43 12 61 12 14 17 44 49 38 41 22 30 6 13 38 2 9 8 63 4 18 3 21 5 2 40 63 9 7 4 23 45 19 47 25 28 13 3 46 0 8 30 75 0 12 13 1 29 34 12 70 8 13 8 42 45 23 25 18 11 12 3 14 0 43 5 26 14 2 16 13 2 5 7 69 27 2 5 21 8 24 21 2103856296803.3645019531
8 2 4 18 50 44 16 15 36 8 17 8 10 35 39 41 66 2 18 2 30 16 19 18 43 22 16 19 47 44 16 9 18 5 8 4 45 10 36 46 71 15 17 2 46 43 1 44 25 24 0 12 23 46 3 18 20 35 9 0 31 7 9 43 15 31 19 1 36 35 11 0 64 14 16 13 46 30 10 30 54 26 17 10 48 32 23 7 11 0 15 7 42 13 5 30 76 5 10 5 35 2 2 40 6 12 2 12 9 7 20 10 46 27 10 11 18 44 22 37 60 21 17 19 25 33 4 29 4 13 11 19 46 22 40 54 4 32 15 16 25 19 0 29 36 4 15 0 37 35 27 0 15 1 14 17 37 1 3 37 3696153492528.1835937500
59 8 9 15 40 39 39 34 44 17 9 10 25 42 44 42 60 9 12 7 50 43 9 23 22 32 11 7 46 18 8 32 62 14 9 15 44 48 48 20 67 12 8 9 2 0 9 33 59 8 12 2 37 36 32 38 19 23 13 5 3 14 9 3 55 26 11 4 3 46 34 7 43 5 18 1 27 15 13 32 8 8 6 9 24 37 32 16 76 1 10 3 30 17 43 21 40 28 16 12 19 34 16 29 15 28 5 11 23 44 29 54 66 12 15 11 27 5 16 38 49 2 13 16 6 11 19 34 58 20 5 2 15 1 34 24 75 26 11 17 5 31 10 26 25 6 9 5 16 48 8 55 50 17 8 12 11 21 32 56 3070783222822.6157226562
12 26 6 11 39 50 24 36 38 15 4 11 20 49 41 6 18 10 19 11 8 18 13 7 29 36 18 2 44 23 42 4 36 35 1 2 25 7 1 26 14 13 16 13 49 32 7 5 54 31 14 16 2 15 2 32 50 24 16 0 28 18 40 32 31 25 10 13 48 38 19 12 31 10 5 15 38 3 10 6 9 2 14 9 40 23 16 58 23 21 8 7 28 32 9 17 17 5 19 16 15 18 42 54 57 23 17 2 48 5 6 19 45 14 10 2 16 11 30 27 19 23 19 16 34 18 26 52 19 20 5 17 1 8 21 15 56 3 11 2 29 24 12 16 62 0 11 2 21 26 42 36 1 22 1 7 19 37 43 27 2549476422165.6455078125
57 18 19 7 20 7 40 35 54 27 12 1 3 32 48 49 43 4 10 13 21 28 6 0 24 4 8 15 7 48 41 28 14 2 11 15 13 45 40 13 23 17 17 1 3 41 13 42 24 1 2 5 26 11 41 34 54 20 9 17 32 37 37 41 50 29 15 9 8 19 33 1 9 27 17 10 12 30 1 3 68 11 16 7 30 31 7 32 49 35 13 19 45 39 8 44 2 13 7 10 25 38 17 18 42 0 15 2 3 47 16 58 73 2 14 12 1 40 24 48 34 0 3 17 41 26 46 14 17 31 9 7 6 18 45 57 12 5 5 11 0 2 33 41 27 27 19 13 22 12 13 45 67 12 7 13 4 13 48 37 2562732463349.1391601562
