71 35 17 9 2 41 24 30 29 4 11 12 30 47 41 31 12 25 0 17 32 10 9 47 20 35 12 5 40 10 46 23 54 8 2 17 42 30 9 1 29 31 17 6 15 29 16 36 42 16 13 2 35 37 40 14 35 31 14 5 28 13 45 7 5 19 8 11 26 46 6 23 33 21 9 6 4 46 31 23 22 12 10 12 17 25 29 41 6 25 15 12 2 40 41 15 1 16 8 0 46 25 15 42 73 20 18 0 16 31 15 45 29 1 6 18 6 29 42 16 3 19 9 18 18 31 33 17 77 25 14 18 32 43 47 10 22 10 11 19 30 32 35 53 29 28 6 11 6 36 8 17 33 4 7 13 2 36 32 0 2859372556014.4741210938
23 35 2 6 7 23 38 55 37 25 19 7 49 0 29 23 70 23 3 0 13 6 4 12 59 2 15 7 33 32 6 9 0 2 16 13 24 0 14 2 69 12 0 7 26 0 29 36 48 20 8 7 20 6 13 44 70 6 2 12 24 3 14 2 3 17 13 19 12 50 15 35 58 35 0 18 7 35 4 17 40 22 13 2 11 45 21 43 68 13 1 6 7 40 0 48 76 27 4 8 44 48 40 48 11 13 2 12 46 6 3 4 66 34 11 5 46 24 40 27 6 28 11 19 23 26 6 54 58 18 12 8 32 20 4 0 44 22 1 17 2 34 12 41 43 31 4 6 29 21 47 39 1 14 10 12 4 12 16 10 2944491702135.2128906250
53 34 5 18 41 38 40 2 37 19 14 18 30 27 29 44 5 9 11 17 42 44 8 6 10 32 9 12 16 22 18 8 22 0 11 12 6 49 40 48 61 24 7 16 24 27 20 57 3 19 6 12 29 31 18 51 34 5 5 14 10 26 29 34 32 36 5 2 49 50 44 13 77 0 19 3 42 19 31 44 47 15 14 8 4 12 42 20 14 4 0 9 29 25 13 37 39 28 8 11 18 8 28 22 10 23 11 14 20 16 13 30 25 5 4 13 27 19 35 37 23 23 2 1 32 7 12 24 45 34 10 1 7 9 32 3 57 11 5 12 27 22 12 19 37 2 15 6 47 15 48 34 61 24 18 19 19 6 18 51 2426116938894.0751953125
0 12 19 16 4 36 41 58 58 7 6 3 24 46 0 40 28 9 5 12 20 9 22 57 72 36 1 4 6 34 23 20 60 31 2 16 1 31 45 28 47 24 12 10 36 22 26 26 58 21 7 19 25 24 11 0 70 27 9 2 24 30 29 5 52 0 4 9 50 43 12 38 51 4 0 5 6 32 21 35 20 0 9 6 5 21 17 21 8 18 17 2 42 45 11 15 60 0 0 1 37 42 1 9 3 11 4 15 38 40 20 0 6 31 7 15 42 3 28 11 64 24 9 13 33 24 21 9 28 13 15 17 14 1 14 13 10 31 13 0 0 36 43 2 30 35 2 10 15 50 5 20 36 4 18 8 33 27 18 43 3088387217558.6728515625
48 21 6 3 48 5 26 29 69 4 13 14 36 27 35 9 21 26 15 8 30 9 34 35 3 25 8 14 19 26 42 35 36 14 18 11 13 11 0 29 6 32 11 8 48 29 3 51 23 18 10 4 5 47 40 21 59 13 15 14 41 3 47 19 66 22 3 16 18 30 31 41 20 7 4 10 0 32 19 11 60 31 13 18 16 1 21 15 67 16 9 19 9 36 13 6 40 28 14 17 5 23 12 43 31 18 9 10 16 33 4 47 25 22 18 16 26 6 47 53 47 34 17 9 16 41 21 17 46 28 18 3 35 6 0 51 3 26 15 7 9 2 45 15 49 4 19 6 31 48 40 43 23 31 9 8 31 2 32 57 2591946640464.8764648438
37 17 11 10 5 18 21 14 66 24 19 18 14 33 39 44 62 26 0 1 47 40 36 8 28 29 13 16 47 9 16 33 13 0 17 6 26 29 31 18 47 36 13 12 6 20 15 45 45 17 11 5 38 11 16 40 55 17 13 19 5 37 26 26 51 34 10 9 5 24 30 9 74 12 16 7 10 19 8 7 31 4 11 19 23 5 28 35 24 33 14 18 43 32 46 35 53 7 17 4 24 0 4 57 2 21 19 4 1 18 26 42 7 21 6 17 13 49 21 22 16 33 18 9 3 15 27 49 19 30 19 1 25 35 4 21 60 19 2 19 34 27 4 4 23 21 7 13 40 17 23 9 30 33 17 19 26 42 10 36 2432003990303.7250976562
75 20 16 18 7 47 39 41 60 21 17 0 32 14 38 52 0 33 3 9 32 12 22 28 8 35 17 12 1 20 38 52 63 34 19 2 42 21 40 47 48 26 5 8 46 18 46 43 6 27 8 19 48 40 36 13 66 5 1 2 14 38 31 4 26 11 17 7 14 13 2 34 6 7 14 10 29 19 2 25 23 23 3 19 14 1 24 36 75 11 0 2 32 26 42 24 18 6 3 17 20 5 18 25 12 7 14 10 15 44 2 44 45 30 16 19 14 45 29 50 55 1 8 16 8 24 48 55 32 1 13 1 4 2 34 39 6 11 10 7 49 34 25 6 12 23 7 5 39 30 28 40 10 34 12 19 47 2 16 35 2829164439799.3798828125
23 27 3 4 43 9 4 14 69 28 16 10 48 12 34 19 33 28 2 8 47 31 9 14 61 4 5 12 48 43 22 3 0 14 10 7 0 13 21 24 23 24 9 6 40 41 36 38 58 4 5 3 46 39 3 14 20 11 18 8 31 38 35 0 68 15 18 12 28 41 39 26 47 26 11 0 33 2 1 13 59 24 13 17 31 10 45 47 36 18 14 13 40 17 2 40 26 9 7 13 49 28 27 28 16 19 16 8 2 39 12 34 26 34 5 17 38 40 0 52 24 26 17 11 14 21 36 35 7 16 10 19 23 36 37 20 55 33 10 7 4 44 18 48 31 9 19 9 18 30 5 35 68 29 16 3 23 6 4 33 3093541720998.3818359375
63 9 4 19 35 25 9 38 66 32 12 4 33 5 38 53 30 32 2 10 50 14 26 13 73 3 5 18 35 27 5 33 40 27 11 14 38 1 14 10 49 20 13 2 24 40 13 22 36 5 4 14 47 34 38 4 13 19 15 7 49 13 6 43 42 35 7 12 45 27 35 50 2 33 2 6 49 46 11 21 12 33 13 6 41 26 20 15 9 27 17 11 5 13 35 5 30 27 17 16 31 14 1 38 2 35 18 8 46 42 46 2 47 22 14 5 16 4 1 10 67 24 17 12 2 36 44 47 61 13 19 15 21 4 46 34 72 30 0 7 42 12 47 51 14 25 11 17 14 5 1 26 70 3 4 13 46 39 33 4 3897998148321.2592773438
64 21 11 4 27 41 2 49 66 31 7 5 35 33 25 41 15 6 11 3 17 45 17 24 68 20 18 17 21 32 4 8 72 26 15 17 33 20 44 17 57 19 6 14 38 23 34 16 26 33 1 4 4 49 5 42 40 15 8 12 32 14 26 50 46 20 7 2 3 40 42 46 15 5 16 13 27 48 19 27 57 23 10 15 48 40 16 37 24 14 7 10 44 46 2 47 25 26 14 18 28 12 21 48 74 35 14 6 7 32 45 41 19 7 1 13 6 35 26 22 31 30 14 9 27 26 42 57 22 27 19 15 5 17 20 43 72 11 6 13 50 44 18 52 65 17 11 3 4 36 46 50 14 26 8 2 0 33 31 5 2787584474814.2006835938
71 35 17 9 2 41 24 30 29 4 11 12 30 47 41 31 12 25 0 17 32 10 9 47 20 35 12 5 40 10 46 23 54 8 2 17 42 30 9 1 29 31 17 6 15 29 16 36 42 16 13 2 35 37 40 14 35 31 14 5 28 13 45 7 5 19 8 11 26 46 6 23 33 21 9 6 4 46 31 23 22 12 10 12 17 25 29 41 6 25 15 12 2 40 41 15 1 16 8 0 46 25 15 42 73 20 18 0 16 31 15 45 29 1 6 18 6 29 42 16 3 19 9 18 18 31 33 17 77 25 14 18 32 43 47 10 22 10 11 19 30 32 35 53 29 28 6 11 6 36 8 17 33 4 7 13 2 36 32 0 2859372556014.4741210938
23 35 2 6 7 23 38 55 37 25 19 7 49 0 29 23 70 23 3 0 13 6 4 12 59 2 15 7 33 32 6 9 0 2 16 13 24 0 14 2 69 12 0 7 26 0 29 36 48 20 8 7 20 6 13 44 70 6 2 12 24 3 14 2 3 17 13 19 12 50 15 35 58 35 0 18 7 35 4 17 40 22 13 2 11 45 21 43 68 13 1 6 7 40 0 48 76 27 4 8 44 48 40 48 11 13 2 12 46 6 3 4 66 34 11 5 46 24 40 27 6 28 11 19 23 26 6 54 58 18 12 8 32 20 4 0 44 22 1 17 2 34 12 41 43 31 4 6 29 21 47 39 1 14 10 12 4 12 16 10 2944491702135.2128906250
53 34 5 18 41 38 40 2 37 19 14 18 30 27 29 44 5 9 11 17 42 44 8 6 10 32 9 12 16 22 18 8 22 0 11 12 6 49 40 48 61 24 7 16 24 27 20 57 3 19 6 12 29 31 18 51 34 5 5 14 10 26 29 34 32 36 5 2 49 50 44 13 77 0 19 3 42 19 31 44 47 15 14 8 4 12 42 20 14 4 0 9 29 25 13 37 39 28 8 11 18 8 28 22 10 23 11 14 20 16 13 30 25 5 4 13 27 19 35 37 23 23 2 1 32 7 12 24 45 34 10 1 7 9 32 3 57 11 5 12 27 22 12 19 37 2 15 6 47 15 48 34 61 24 18 19 19 6 18 51 2426116938894.0751953125
0 12 19 16 4 36 41 58 58 7 6 3 24 46 0 40 28 9 5 12 20 9 22 57 72 36 1 4 6 34 23 20 60 31 2 16 1 31 45 28 47 24 12 10 36 22 26 26 58 21 7 19 25 24 11 0 70 27 9 2 24 30 29 5 52 0 4 9 50 43 12 38 51 4 0 5 6 32 21 35 20 0 9 6 5 21 17 21 8 18 17 2 42 45 11 15 60 0 0 1 37 42 1 9 3 11 4 15 38 40 20 0 6 31 7 15 42 3 28 11 64 24 9 13 33 24 21 9 28 13 15 17 14 1 14 13 10 31 13 0 0 36 43 2 30 35 2 10 15 50 5 20 36 4 18 8 33 27 18 43 3088387217558.6728515625
48 21 6 3 48 5 26 29 69 4 13 14 36 27 35 9 21 26 15 8 30 9 34 35 3 25 8 14 19 26 42 35 36 14 18 11 13 11 0 29 6 32 11 8 48 29 3 51 23 18 10 4 5 47 40 21 59 13 15 14 41 3 47 19 66 22 3 16 18 30 31 41 20 7 4 10 0 32 19 11 60 31 13 18 16 1 21 15 67 16 9 19 9 36 13 6 40 28 14 17 5 23 12 43 31 18 9 10 16 33 4 47 25 22 18 16 26 6 47 53 47 34 17 9 16 41 21 17 46 28 18 3 35 6 0 51 3 26 15 7 9 2 45 15 49 4 19 6 31 48 40 43 23 31 9 8 31 2 32 57 2591946640464.8764648438
37 17 11 10 5 18 21 14 66 24 19 18 14 33 39 44 62 26 0 1 47 40 36 8 28 29 13 16 47 9 16 33 13 0 17 6 26 29 31 18 47 36 13 12 6 20 15 45 45 17 11 5 38 11 16 40 55 17 13 19 5 37 26 26 51 34 10 9 5 24 30 9 74 12 16 7 10 19 8 7 31 4 11 19 23 5 28 35 24 33 14 18 43 32 46 35 53 7 17 4 24 0 4 57 2 21 19 4 1 18 26 42 7 21 6 17 13 49 21 22 16 33 18 9 3 15 27 49 19 30 19 1 25 35 4 21 60 19 2 19 34 27 4 4 23 21 7 13 40 17 23 9 30 33 17 19 26 42 10 36 2432003990303.7250976562
75 20 16 18 7 47 39 41 60 21 17 0 32 14 38 52 0 33 3 9 32 12 22 28 8 35 17 12 1 20 38 52 63 34 19 2 42 21 40 47 48 26 5 8 46 18 46 43 6 27 8 19 48 40 36 13 66 5 1 2 14 38 31 4 26 11 17 7 14 13 2 34 6 7 14 10 29 19 2 25 23 23 3 19 14 1 24 36 75 11 0 2 32 26 42 24 18 6 3 17 20 5 18 25 12 7 14 10 15 44 2 44 45 30 16 19 14 45 29 50 55 1 8 16 8 24 48 55 32 1 13 1 4 2 34 39 6 11 10 7 49 34 25 6 12 23 7 5 39 30 28 40 10 34 12 19 47 2 16 35 2829164439799.3798828125
23 27 3 4 43 9 4 14 69 28 16 10 48 12 34 19 33 28 2 8 47 31 9 14 61 4 5 12 48 43 22 3 0 14 10 7 0 13 21 24 23 24 9 6 40 41 36 38 58 4 5 3 46 39 3 14 20 11 18 8 31 38 35 0 68 15 18 12 28 41 39 26 47 26 11 0 33 2 1 13 59 24 13 17 31 10 45 47 36 18 14 13 40 17 2 40 26 9 7 13 49 28 27 28 16 19 16 8 2 39 12 34 26 34 5 17 38 40 0 52 24 26 17 11 14 21 36 35 7 16 10 19 23 36 37 20 55 33 10 7 4 44 18 48 31 9 19 9 18 30 5 35 68 29 16 3 23 6 4 33 3093541720998.3818359375
63 9 4 19 35 25 9 38 66 32 12 4 33 5 38 53 30 32 2 10 50 14 26 13 73 3 5 18 35 27 5 33 40 27 11 14 38 1 14 10 49 20 13 2 24 40 13 22 36 5 4 14 47 34 38 4 13 19 15 7 49 13 6 43 42 35 7 12 45 27 35 50 2 33 2 6 49 46 11 21 12 33 13 6 41 26 20 15 9 27 17 11 5 13 35 5 30 27 17 16 31 14 1 38 2 35 18 8 46 42 46 2 47 22 14 5 16 4 1 10 67 24 17 12 2 36 44 47 61 13 19 15 21 4 46 34 72 30 0 7 42 12 47 51 14 25 11 17 14 5 1 26 70 3 4 13 46 39 33 4 3897998148321.2592773438
64 21 11 4 27 41 2 49 66 31 7 5 35 33 25 41 15 6 11 3 17 45 17 24 68 20 18 17 21 32 4 8 72 26 15 17 33 20 44 17 57 19 6 14 38 23 34 16 26 33 1 4 4 49 5 42 40 15 8 12 32 14 26 50 46 20 7 2 3 40 42 46 15 5 16 13 27 48 19 27 57 23 10 15 48 40 16 37 24 14 7 10 44 46 2 47 25 26 14 18 28 12 21 48 74 35 14 6 7 32 45 41 19 7 1 13 6 35 26 22 31 30 14 9 27 26 42 57 22 27 19 15 5 17 20 43 72 11 6 13 50 44 18 52 65 17 11 3 4 36 46 50 14 26 8 2 0 33 31 5 2787584474814.2006835938
42 16 7 11 50 6 4 7 74 15 16 4 42 34 46 34 47 15 2 9 7 14 0 56 47 36 3 10 31 8 18 25 19 19 9 3 44 45 2 11 56 15 0 9 21 3 7 20 11 34 10 7 2 38 29 2 67 30 5 8 12 39 19 49 52 17 3 13 23 50 12 25 60 34 14 8 49 16 6 0 55 17 6 3 43 38 35 21 64 15 12 1 27 41 1 55 67 2 2 16 29 19 14 34 58 35 18 11 22 11 7 52 29 28 13 4 30 49 33 25 58 18 14 18 46 49 18 58 6 13 19 14 29 25 32 54 46 20 18 4 13 22 41 41 25 23 7 5 25 46 33 31 67 4 1 16 27 42 20 57 2697553950383.8491210938
24 29 19 4 16 33 25 45 45 2 1 7 30 13 45 53 54 18 5 11 33 47 15 15 19 12 5 4 12 26 42 34 57 13 4 5 27 31 23 56 39 20 15 1 31 32 22 32 28 7 17 9 4 8 45 8 33 24 9 16 42 50 11 18 72 33 14 2 36 1 17 2 73 13 10 11 48 5 2 42 44 10 7 18 16 48 46 19 71 2 9 6 31 19 34 53 7 10 17 18 19 21 33 50 72 36 1 9 14 16 5 35 78 10 14 15 46 3 46 49 1 7 11 12 28 38 10 26 53 33 13 15 0 21 3 48 41 36 10 13 50 15 9 34 59 5 3 18 12 36 37 16 65 13 13 4 22 30 24 52 3182620426093.1416015625
48 21 7 18 45 11 14 52 8 31 8 4 7 43 36 24 15 2 11 17 19 29 31 22 69 21 19 14 49 43 48 46 18 30 19 0 34 50 10 5 15 31 13 12 20 2 43 43 69 5 4 1 29 35 36 12 15 10 0 14 40 15 1 28 38 31 15 8 48 47 22 14 62 35 0 3 7 21 32 44 33 4 18 0 25 15 38 10 78 32 16 7 8 30 28 17 51 18 7 2 10 48 32 47 71 31 10 15 5 4 39 49 50 13 11 4 10 48 24 23 12 7 14 6 5 18 46 37 44 25 17 19 6 26 20 36 15 23 1 15 31 16 13 4 21 16 8 19 38 16 18 40 16 5 1 18 8 18 0 29 2586478406472.8662109375
37 34 19 14 37 8 24 6 22 24 6 4 47 29 27 55 18 7 4 18 50 46 9 15 55 28 17 2 27 14 26 45 40 17 8 1 48 25 38 21 66 26 15 11 0 37 40 3 25 15 3 19 4 35 14 31 31 21 9 6 10 41 44 7 33 32 19 6 6 33 36 23 32 8 1 0 44 47 8 54 71 6 12 19 39 47 31 20 3 33 16 1 12 28 31 23 75 36 9 2 6 34 3 23 32 16 11 2 30 33 22 7 15 7 3 10 43 27 7 1 69 0 4 1 28 12 33 5 35 20 2 10 30 39 15 29 42 32 0 6 5 1 28 44 16 25 18 12 33 22 37 19 40 17 12 8 39 1 30 55 2496918464341.5585937500
58 17 15 6 15 25 21 23 71 11 12 15 44 34 42 6 12 22 10 7 36 31 47 1 59 26 2 9 18 23 36 54 68 29 2 4 15 40 5 8 13 2 13 10 41 26 39 57 38 30 18 19 23 36 27 37 66 11 15 18 38 33 43 37 1 17 19 3 9 23 40 36 17 27 12 6 5 16 3 51 11 33 0 12 44 42 20 20 25 0 2 8 24 1 23 38 5 11 17 8 6 26 34 55 56 34 1 5 38 10 14 38 4 5 1 9 9 38 7 19 62 36 9 7 21 45 0 9 38 17 5 12 3 13 31 0 60 12 2 11 4 14 29 43 28 32 4 10 46 44 11 50 46 26 12 13 3 2 13 8 2400020488755.3442382812
60 36 8 19 6 30 15 49 42 5 10 15 23 17 16 2 42 4 13 2 24 37 12 18 20 28 14 3 44 20 27 49 27 20 3 11 22 46 24 13 66 10 14 17 12 22 47 22 14 33 19 12 34 23 45 12 47 18 16 12 28 31 14 14 58 14 16 11 28 18 22 28 66 36 7 11 35 14 28 32 66 31 8 12 15 1 35 58 65 7 13 1 4 37 18 44 40 7 5 1 9 29 40 38 74 12 1 9 29 43 21 24 19 17 9 0 3 39 44 45 33 22 4 1 5 3 7 41 18 27 0 5 38 4 1 18 5 11 1 4 30 4 3 7 38 15 2 16 2 15 39 48 34 17 19 7 10 24 45 54 3014658771354.4238281250
4 22 10 0 13 3 12 7 14 18 6 4 49 5 27 14 30 0 3 2 40 38 41 11 40 17 0 16 6 10 0 37 25 36 17 7 3 15 3 23 74 15 3 16 7 34 4 3 19 28 5 4 20 44 37 57 41 5 15 11 25 7 34 41 26 10 12 14 24 2 29 20 72 29 16 13 15 6 14 41 16 23 17 10 46 0 29 51 61 7 1 13 23 5 32 7 37 29 1 14 33 47 40 35 12 10 19 0 14 30 38 6 63 26 10 14 7 34 13 0 8 20 12 9 2 19 43 8 12 32 7 9 11 50 26 27 32 21 2 19 44 18 23 26 66 8 3 9 42 47 35 2 61 35 17 5 9 38 16 44 3166705620580.3774414062
77 28 18 4 14 36 37 12 34 30 0 7 22 40 18 5 78 5 17 18 6 30 31 55 49 6 6 11 14 31 0 51 52 33 6 14 39 42 38 0 39 23 1 14 13 18 13 5 52 11 19 13 16 43 8 37 58 22 11 10 12 35 31 47 15 2 8 15 25 16 16 52 2 8 16 11 5 10 27 17 0 30 7 0 4 21 6 28 38 22 12 9 46 27 26 23 64 33 10 2 24 38 20 46 35 28 3 9 26 11 21 14 57 8 2 6 14 23 12 57 30 4 7 18 0 40 37 34 6 5 5 14 42 7 35 38 9 34 19 17 38 8 3 32 66 10 17 2 7 44 13 3 27 15 4 17 21 8 36 35 3176102128385.7319335938
2 5 15 14 34 9 9 30 20 20 9 4 43 10 25 5 65 19 10 7 8 40 9 20 12 4 7 13 24 7 8 39 15 16 4 0 44 6 12 1 75 17 17 19 13 25 25 25 51 30 7 9 23 18 28 4 43 16 14 9 46 15 5 15 63 7 3 2 14 18 47 41 8 34 3 2 22 13 41 41 22 36 11 6 17 3 17 38 5 35 10 1 4 14 43 33 70 23 7 4 50 5 23 0 14 30 5 10 48 4 45 46 5 27 6 2 10 14 33 5 38 31 17 2 30 8 30 41 16 27 10 11 44 38 35 19 1 15 2 15 29 19 17 36 19 30 3 4 12 8 17 40 38 5 5 0 12 50 15 37 2316555301033.0903320312
27 11 12 14 19 16 22 4 33 28 7 6 50 39 25 14 1 12 10 3 48 10 15 24 33 21 19 11 12 7 42 45 28 13 11 12 25 26 46 55 7 20 7 15 21 3 31 19 17 25 14 19 20 9 9 37 74 19 8 5 35 20 36 43 7 6 16 2 14 5 25 42 65 12 18 14 27 41 42 43 23 29 7 1 23 27 20 29 31 13 2 16 18 30 46 41 45 14 5 3 46 28 4 46 1 23 12 10 45 25 47 51 16 34 8 2 6 34 19 45 17 27 4 9 26 38 11 49 55 5 17 11 45 29 2 36 59 36 0 13 8 46 21 48 26 29 6 8 28 47 1 15 73 23 3 9 36 11 13 28 2682168971008.2084960938
74 31 14 12 20 19 2 9 15 22 14 3 4 37 22 48 13 5 1 17 37 42 18 54 56 21 17 2 48 12 4 40 4 16 7 3 46 21 28 57 54 9 4 5 0 38 36 26 8 21 8 4 44 37 38 39 58 13 1 16 42 34 8 24 30 17 4 14 12 2 32 45 64 15 17 2 19 13 33 29 34 35 8 7 17 14 26 8 45 35 11 19 0 10 4 3 65 4 0 11 41 30 32 17 0 17 4 14 24 19 18 21 71 28 11 13 17 28 3 12 70 9 2 6 39 24 32 38 20 0 3 13 25 7 20 17 3 31 18 17 46 47 20 17 57 34 18 15 1 5 20 30 40 36 19 16 20 18 33 27 2500985636250.7861328125
1 34 8 19 18 43 32 39 62 30 11 8 33 34 32 52 53 18 7 19 0 20 32 46 12 24 19 2 11 18 25 3 13 20 17 1 44 6 39 5 8 8 9 18 45 38 24 26 44 35 9 12 45 14 46 46 67 0 19 9 15 37 9 56 45 19 12 5 30 49 40 49 73 17 15 19 7 26 28 51 7 15 1 15 28 38 29 14 43 28 17 7 34 42 39 43 67 8 9 14 7 18 48 0 50 32 12 14 13 25 28 56 4 26 1 18 43 7 13 48 73 19 16 7 6 33 21 11 2 2 8 11 0 37 25 30 25 19 8 2 30 7 10 3 2 32 14 5 39 19 25 11 7 24 13 17 26 35 16 25 2083428390617.8811035156
27 0 7 11 28 26 25 57 5 30 9 8 13 43 10 58 1 30 7 16 16 38 37 29 24 7 16 1 23 48 43 48 17 12 7 2 30 46 14 5 21 32 1 7 15 28 21 28 75 3 7 14 49 14 41 3 39 27 1 16 38 45 26 58 37 36 15 19 18 42 6 44 56 28 19 3 50 32 30 42 34 18 13 7 19 22 1 27 70 5 11 13 25 34 30 4 19 4 7 5 33 50 14 17 26 6 0 4 4 47 48 8 26 10 11 18 2 31 48 42 64 24 3 12 19 37 25 48 38 27 0 16 31 16 48 9 22 27 15 9 29 39 4 32 60 35 5 15 5 16 23 5 40 32 10 0 32 8 24 3 2344044150994.0947265625
44 35 5 15 9 27 5 21 4 18 10 8 31 27 47 42 69 15 17 6 33 1 37 31 18 10 4 7 29 22 14 58 29 35 14 6 8 9 32 16 62 23 5 10 36 21 0 11 68 6 18 9 50 35 29 36 54 16 8 16 26 7 23 18 38 24 0 16 24 10 3 19 15 13 15 8 11 37 25 16 47 9 6 16 12 19 33 47 30 31 12 19 4 2 11 18 58 15 13 11 38 49 33 56 65 24 4 8 6 50 4 54 44 26 9 13 33 0 1 27 68 35 11 16 9 44 25 8 42 17 0 11 2 3 1 9 58 31 3 4 10 20 33 24 10 28 18 12 20 38 21 49 0 27 3 10 10 35 31 41 2319095259965.5917968750
39 32 16 12 27 32 25 51 10 33 15 7 50 48 33 51 12 29 17 10 22 49 37 16 67 18 18 15 0 2 7 55 72 36 6 19 12 1 48 54 40 29 2 4 12 40 36 4 15 24 5 0 4 7 32 16 55 6 14 2 33 21 10 4 56 28 19 4 31 6 22 27 10 7 4 2 31 28 24 11 16 0 14 2 32 34 40 53 31 20 8 12 24 16 1 18 53 28 6 17 2 21 1 11 72 27 13 18 39 1 10 31 35 22 7 1 44 10 12 20 73 28 2 14 0 29 18 33 39 26 6 5 45 43 27 16 1 19 11 0 21 2 2 47 10 5 2 18 43 1 40 20 20 5 5 6 50 6 48 30 2308287906679.7358398438
65 27 7 13 8 41 33 37 11 36 19 15 34 43 28 23 54 23 12 16 18 42 13 43 69 13 17 13 18 19 1 58 51 1 11 13 13 35 45 21 10 36 16 5 21 38 37 52 45 32 12 5 41 31 5 2 77 20 11 0 10 33 25 40 19 5 14 9 17 30 41 33 44 6 17 4 8 2 19 51 47 24 11 6 9 40 13 48 53 14 10 13 26 45 48 22 20 5 13 11 10 46 29 34 24 23 4 10 25 33 7 48 55 10 18 0 12 27 27 8 78 24 13 15 42 46 39 39 58 34 10 6 41 39 26 15 9 11 14 8 1 10 13 34 73 31 19 11 21 22 40 30 15 16 19 8 27 14 28 37 2819425603037.3271484375
70 11 6 15 8 23 3 54 21 28 2 11 46 20 44 54 75 14 12 7 30 18 27 58 52 20 1 18 2 29 29 58 77 10 19 16 40 42 20 37 75 25 5 19 21 26 7 20 32 2 6 2 38 46 28 23 18 12 18 19 23 45 22 47 62 33 13 12 25 23 9 38 4 15 0 18 27 25 16 29 58 0 8 3 19 35 34 22 21 7 18 15 2 35 21 29 62 27 12 4 18 42 4 20 36 3 2 19 45 16 37 12 6 0 5 2 11 39 10 18 43 11 14 5 32 9 45 25 19 23 13 14 40 36 28 40 38 0 1 15 41 31 2 23 32 14 1 7 20 22 47 49 27 8 16 8 4 27 5 48 3765574321266.7329101562
27 16 1 4 27 17 32 11 21 11 12 7 18 36 46 38 3 19 12 10 8 34 25 36 33 24 2 6 40 41 5 42 58 33 7 19 37 13 22 9 51 19 0 19 45 23 6 6 10 19 3 0 10 27 9 14 59 0 1 5 30 34 25 45 37 13 8 11 5 13 16 6 49 0 8 15 29 18 37 18 58 33 3 0 23 43 6 50 19 34 8 17 31 4 31 1 50 0 1 6 9 6 31 19 43 31 10 1 2 4 35 0 17 25 17 1 42 15 39 1 14 17 12 2 33 47 30 1 20 28 6 13 41 5 12 1 54 9 18 6 4 9 38 45 73 6 5 18 5 10 43 3 64 16 16 5 4 33 7 7 2994576525135.5473632812
74 31 16 6 10 26 0 57 68 2 8 16 4 34 8 41 15 14 8 11 43 18 41 53 2 28 14 6 25 24 22 9 76 4 14 13 46 39 22 5 33 13 0 11 2 29 20 28 52 2 2 15 38 49 3 13 30 24 4 11 18 7 24 25 38 22 0 5 38 25 13 11 8 16 15 9 40 43 14 54 47 18 1 14 6 50 4 42 28 32 17 10 27 21 36 21 74 36 17 16 6 12 48 39 33 11 5 8 31 14 6 26 48 28 17 18 32 33 48 57 21 5 14 17 13 10 14 13 68 28 14 3 36 15 34 34 59 27 9 5 26 21 20 22 19 16 12 6 3 44 8 5 41 6 5 19 38 14 4 15 2811589203358.4907226562
40 26 0 11 10 13 23 54 67 34 2 1 38 42 13 54 15 21 18 1 16 5 47 1 0 12 14 13 45 25 23 13 71 4 3 14 11 48 34 1 75 35 12 13 5 7 22 31 12 26 16 8 24 28 19 12 8 2 5 10 49 48 3 55 17 13 18 4 8 41 18 51 69 26 11 14 34 16 29 47 65 31 4 9 37 29 21 28 15 3 13 17 10 4 1 22 51 18 14 3 33 3 42 12 44 23 1 18 35 50 25 6 11 26 7 6 35 15 32 36 44 34 11 15 40 30 39 16 8 15 4 2 5 47 21 22 2 35 14 18 13 45 41 21 61 11 14 12 34 6 36 54 29 36 4 11 39 37 23 49 3307080723172.8828125000
54 25 8 9 46 30 10 2 63 32 15 5 34 19 7 10 27 11 1 11 23 42 35 9 21 20 12 19 39 11 3 38 65 27 15 16 13 8 32 21 58 16 4 1 11 28 23 24 42 19 7 17 4 12 15 37 78 35 14 17 47 15 35 52 47 23 10 7 16 17 30 22 26 12 2 17 15 35 33 17 38 6 16 8 25 17 22 29 69 21 0 1 29 20 17 2 21 10 17 16 14 25 36 48 6 23 19 16 5 0 21 52 46 20 14 7 45 49 44 16 9 36 7 5 27 48 45 15 29 29 11 3 35 16 45 3 28 0 15 12 44 48 45 11 64 24 4 1 19 31 0 57 0 31 8 4 31 14 3 54 2524937161795.3520507812
74 16 19 16 7 48 8 21 58 29 11 16 22 12 36 51 20 32 14 19 13 30 14 24 48 8 10 9 42 32 25 31 53 10 2 10 49 1 12 32 2 21 4 7 44 11 39 47 20 32 16 6 38 35 12 37 54 6 8 16 0 10 35 58 65 20 13 2 21 48 42 23 49 17 8 4 8 20 16 32 16 35 8 1 8 4 12 26 59 22 8 13 38 23 23 49 25 2 17 14 11 45 8 50 68 28 3 5 16 24 11 39 12 32 3 18 30 2 39 57 33 2 16 18 50 38 39 34 40 32 12 8 37 35 38 19 44 23 11 13 50 15 38 46 49 5 6 1 13 35 24 35 77 0 14 19 28 16 17 43 2419901603845.1791992188
9 33 1 3 44 43 26 18 69 8 10 19 17 25 39 1 58 34 7 3 8 29 30 25 43 13 8 18 4 29 40 45 78 6 15 5 15 26 42 44 70 32 7 13 44 28 10 1 58 29 5 0 35 24 35 7 18 8 9 19 22 16 3 12 77 20 1 3 9 32 1 3 66 20 15 6 5 8 14 27 13 36 3 12 41 36 19 6 78 33 11 12 31 23 27 46 20 33 0 12 0 42 17 7 29 28 15 14 4 2 18 47 24 20 6 7 29 48 12 5 69 15 2 7 3 33 19 8 53 6 18 17 25 9 28 3 35 13 5 9 21 27 4 8 20 14 3 6 34 12 40 41 28 36 0 12 47 50 2 30 2454725343943.9458007812
58 32 5 7 11 34 40 52 32 5 0 2 50 42 42 45 30 32 6 16 50 25 4 16 30 22 2 12 43 17 19 4 19 36 18 7 40 36 13 17 54 17 15 11 37 1 35 3 55 35 13 16 18 28 13 4 53 13 17 4 31 25 33 49 29 9 4 7 4 24 9 2 19 33 8 4 26 17 41 13 33 12 12 19 43 29 37 41 6 3 3 10 11 49 4 5 77 5 4 6 39 21 39 53 36 15 8 5 42 2 40 22 42 30 4 8 50 36 46 23 40 25 18 9 47 8 31 20 7 26 7 2 29 16 2 15 19 16 2 5 26 33 42 0 8 6 16 8 21 34 25 24 3 19 3 8 29 24 16 58 2384422120675.2949218750
51 8 1 4 38 46 22 26 10 0 17 9 45 47 8 18 8 25 8 11 16 31 45 30 61 32 3 12 21 4 14 33 26 2 8 18 31 3 5 5 58 29 8 4 20 37 23 15 60 15 18 15 4 18 4 35 71 32 1 18 9 39 39 26 76 28 10 9 39 46 20 40 68 36 15 16 27 23 29 41 75 33 7 17 24 1 14 46 32 36 3 11 48 22 34 25 37 30 13 17 11 46 45 21 29 21 1 2 28 37 26 46 78 22 12 7 6 8 43 22 35 4 16 3 41 29 2 19 37 31 8 16 10 48 13 11 2 4 15 1 2 33 9 52 23 28 9 0 43 10 1 56 68 36 5 9 16 27 5 9 3591990158996.2192382812
27 5 16 19 6 45 29 28 77 2 10 16 13 1 33 30 0 13 8 1 28 42 2 23 77 32 8 15 9 15 12 16 67 20 19 5 13 49 13 10 23 16 14 17 27 42 38 38 16 7 0 16 27 24 28 51 16 24 16 5 6 4 43 5 51 22 10 3 41 49 18 28 59 4 0 16 10 3 25 21 77 8 0 6 0 21 22 15 43 31 9 5 49 13 15 10 30 21 0 2 30 41 42 28 4 32 15 17 4 17 21 42 30 15 19 4 11 25 6 19 61 23 10 19 10 35 6 6 38 2 12 9 36 26 16 14 65 36 8 4 45 50 3 29 67 32 7 6 27 4 20 24 60 9 0 3 1 0 35 36 2923978642576.9257812500
40 3 8 5 5 1 43 48 22 31 5 17 40 37 3 36 0 35 19 2 25 13 37 46 33 21 12 1 4 20 12 48 20 2 15 16 32 38 1 32 51 24 11 7 24 33 7 6 30 19 18 17 41 29 20 55 61 34 10 11 49 15 45 1 31 23 5 9 15 43 41 17 15 7 5 0 9 24 18 41 7 20 15 14 30 50 24 8 35 15 17 0 15 27 31 43 42 15 17 10 22 6 33 11 31 28 8 14 0 45 43 50 61 36 9 0 38 25 19 1 40 10 16 19 40 42 27 28 16 29 18 9 43 24 0 58 66 7 2 4 41 27 21 31 12 4 1 16 43 23 14 47 38 17 18 2 50 7 18 46 2685287537148.2456054688
47 4 2 12 27 7 34 14 37 19 7 14 3 27 34 4 40 30 19 9 13 11 8 43 11 16 17 19 44 14 10 30 42 4 2 17 35 6 4 44 51 21 0 16 24 37 1 42 76 17 4 18 8 34 5 28 46 30 5 19 24 33 33 8 73 36 19 14 26 31 15 30 69 1 3 10 24 22 26 52 30 27 18 0 31 28 21 42 43 25 10 9 31 11 47 32 24 7 8 3 18 39 19 55 74 12 3 14 27 14 2 23 76 35 16 14 43 26 7 55 23 1 3 13 38 18 42 18 52 30 6 1 40 9 25 18 46 11 11 1 1 14 3 12 43 15 12 5 34 42 21 45 2 36 17 1 35 2 10 33 3040299529776.2973632812
58 14 1 4 4 3 6 14 66 24 14 17 35 47 48 55 1 1 13 8 21 37 47 38 52 26 4 14 30 19 38 52 56 36 17 4 39 30 17 56 10 10 2 17 48 49 21 36 49 5 0 19 27 37 2 28 62 19 2 11 34 14 12 1 16 31 4 15 46 36 9 27 62 32 15 13 50 6 48 2 76 11 4 19 38 22 36 13 47 19 10 5 41 10 23 16 52 24 2 10 49 38 38 37 12 14 1 19 21 37 18 1 3 22 8 1 43 20 46 57 60 18 17 6 50 41 46 15 37 23 12 19 9 31 29 51 10 31 5 16 46 29 17 21 8 16 5 2 3 4 20 1 0 32 12 13 23 32 26 54 3348459280288.1191406250
60 28 7 10 12 18 18 5 74 2 3 5 16 33 10 34 40 19 15 2 13 11 40 51 60 7 18 10 33 0 7 45 42 17 4 18 8 25 22 28 28 35 11 19 4 47 30 14 20 4 17 12 25 30 35 51 29 6 9 15 29 24 40 58 62 25 13 14 17 20 25 8 72 9 19 16 47 11 2 37 74 35 4 13 19 17 39 20 33 13 0 18 20 16 5 55 72 36 18 7 13 3 8 26 62 10 8 16 48 26 18 18 78 5 10 9 4 43 8 4 15 36 17 15 7 5 14 56 71 18 5 2 50 45 45 42 0 9 1 12 38 43 17 43 66 22 11 12 0 42 16 22 4 24 7 12 45 16 18 23 2876582253154.5380859375
54 25 8 9 46 30 10 2 63 32 15 5 34 19 7 10 27 11 1 11 23 42 35 9 21 20 12 19 39 11 3 38 65 27 15 16 13 8 32 21 58 16 4 1 11 28 23 24 42 19 7 17 4 12 15 37 78 35 14 17 47 15 35 52 47 23 10 7 16 17 30 22 26 12 2 17 15 35 33 17 38 6 16 8 25 17 22 29 69 21 0 1 29 20 17 2 21 10 17 16 14 25 36 48 6 23 19 16 5 0 21 52 46 20 14 7 45 49 44 16 9 36 7 5 27 48 45 15 29 29 11 3 35 16 45 3 28 0 15 12 44 48 45 11 64 24 4 1 19 31 0 57 0 31 8 4 31 14 3 54 2524937161795.3520507812
74 16 19 16 7 48 8 21 58 29 11 16 22 12 36 51 20 32 14 19 13 30 14 24 48 8 10 9 42 32 25 31 53 10 2 10 49 1 12 32 2 21 4 7 44 11 39 47 20 32 16 6 38 35 12 37 54 6 8 16 0 10 35 58 65 20 13 2 21 48 42 23 49 17 8 4 8 20 16 32 16 35 8 1 8 4 12 26 59 22 8 13 38 23 23 49 25 2 17 14 11 45 8 50 68 28 3 5 16 24 11 39 12 32 3 18 30 2 39 57 33 2 16 18 50 38 39 34 40 32 12 8 37 35 38 19 44 23 11 13 50 15 38 46 49 5 6 1 13 35 24 35 77 0 14 19 28 16 17 43 2419901603845.1791992188
9 33 1 3 44 43 26 18 69 8 10 19 17 25 39 1 58 34 7 3 8 29 30 25 43 13 8 18 4 29 40 45 78 6 15 5 15 26 42 44 70 32 7 13 44 28 10 1 58 29 5 0 35 24 35 7 18 8 9 19 22 16 3 12 77 20 1 3 9 32 1 3 66 20 15 6 5 8 14 27 13 36 3 12 41 36 19 6 78 33 11 12 31 23 27 46 20 33 0 12 0 42 17 7 29 28 15 14 4 2 18 47 24 20 6 7 29 48 12 5 69 15 2 7 3 33 19 8 53 6 18 17 25 9 28 3 35 13 5 9 21 27 4 8 20 14 3 6 34 12 40 41 28 36 0 12 47 50 2 30 2454725343943.9458007812
58 32 5 7 11 34 40 52 32 5 0 2 50 42 42 45 30 32 6 16 50 25 4 16 30 22 2 12 43 17 19 4 19 36 18 7 40 36 13 17 54 17 15 11 37 1 35 3 55 35 13 16 18 28 13 4 53 13 17 4 31 25 33 49 29 9 4 7 4 24 9 2 19 33 8 4 26 17 41 13 33 12 12 19 43 29 37 41 6 3 3 10 11 49 4 5 77 5 4 6 39 21 39 53 36 15 8 5 42 2 40 22 42 30 4 8 50 36 46 23 40 25 18 9 47 8 31 20 7 26 7 2 29 16 2 15 19 16 2 5 26 33 42 0 8 6 16 8 21 34 25 24 3 19 3 8 29 24 16 58 2384422120675.2949218750
51 8 1 4 38 46 22 26 10 0 17 9 45 47 8 18 8 25 8 11 16 31 45 30 61 32 3 12 21 4 14 33 26 2 8 18 31 3 5 5 58 29 8 4 20 37 23 15 60 15 18 15 4 18 4 35 71 32 1 18 9 39 39 26 76 28 10 9 39 46 20 40 68 36 15 16 27 23 29 41 75 33 7 17 24 1 14 46 32 36 3 11 48 22 34 25 37 30 13 17 11 46 45 21 29 21 1 2 28 37 26 46 78 22 12 7 6 8 43 22 35 4 16 3 41 29 2 19 37 31 8 16 10 48 13 11 2 4 15 1 2 33 9 52 23 28 9 0 43 10 1 56 68 36 5 9 16 27 5 9 3591990158996.2192382812
27 5 16 19 6 45 29 28 77 2 10 16 13 1 33 30 0 13 8 1 28 42 2 23 77 32 8 15 9 15 12 16 67 20 19 5 13 49 13 10 23 16 14 17 27 42 38 38 16 7 0 16 27 24 28 51 16 24 16 5 6 4 43 5 51 22 10 3 41 49 18 28 59 4 0 16 10 3 25 21 77 8 0 6 0 21 22 15 43 31 9 5 49 13 15 10 30 21 0 2 30 41 42 28 4 32 15 17 4 17 21 42 30 15 19 4 11 25 6 19 61 23 10 19 10 35 6 6 38 2 12 9 36 26 16 14 65 36 8 4 45 50 3 29 67 32 7 6 27 4 20 24 60 9 0 3 1 0 35 36 2923978642576.9257812500
40 3 8 5 5 1 43 48 22 31 5 17 40 37 3 36 0 35 19 2 25 13 37 46 33 21 12 1 4 20 12 48 20 2 15 16 32 38 1 32 51 24 11 7 24 33 7 6 30 19 18 17 41 29 20 55 61 34 10 11 49 15 45 1 31 23 5 9 15 43 41 17 15 7 5 0 9 24 18 41 7 20 15 14 30 50 24 8 35 15 17 0 15 27 31 43 42 15 17 10 22 6 33 11 31 28 8 14 0 45 43 50 61 36 9 0 38 25 19 1 40 10 16 19 40 42 27 28 16 29 18 9 43 24 0 58 66 7 2 4 41 27 21 31 12 4 1 16 43 23 14 47 38 17 18 2 50 7 18 46 2685287537148.2456054688
47 4 2 12 27 7 34 14 37 19 7 14 3 27 34 4 40 30 19 9 13 11 8 43 11 16 17 19 44 14 10 30 42 4 2 17 35 6 4 44 51 21 0 16 24 37 1 42 76 17 4 18 8 34 5 28 46 30 5 19 24 33 33 8 73 36 19 14 26 31 15 30 69 1 3 10 24 22 26 52 30 27 18 0 31 28 21 42 43 25 10 9 31 11 47 32 24 7 8 3 18 39 19 55 74 12 3 14 27 14 2 23 76 35 16 14 43 26 7 55 23 1 3 13 38 18 42 18 52 30 6 1 40 9 25 18 46 11 11 1 1 14 3 12 43 15 12 5 34 42 21 45 2 36 17 1 35 2 10 33 3040299529776.2973632812
58 14 1 4 4 3 6 14 66 24 14 17 35 47 48 55 1 1 13 8 21 37 47 38 52 26 4 14 30 19 38 52 56 36 17 4 39 30 17 56 10 10 2 17 48 49 21 36 49 5 0 19 27 37 2 28 62 19 2 11 34 14 12 1 16 31 4 15 46 36 9 27 62 32 15 13 50 6 48 2 76 11 4 19 38 22 36 13 47 19 10 5 41 10 23 16 52 24 2 10 49 38 38 37 12 14 1 19 21 37 18 1 3 22 8 1 43 20 46 57 60 18 17 6 50 41 46 15 37 23 12 19 9 31 29 51 10 31 5 16 46 29 17 21 8 16 5 2 3 4 20 1 0 32 12 13 23 32 26 54 3348459280288.1191406250
60 28 7 10 12 18 18 5 74 2 3 5 16 33 10 34 40 19 15 2 13 11 40 51 60 7 18 10 33 0 7 45 42 17 4 18 8 25 22 28 28 35 11 19 4 47 30 14 20 4 17 12 25 30 35 51 29 6 9 15 29 24 40 58 62 25 13 14 17 20 25 8 72 9 19 16 47 11 2 37 74 35 4 13 19 17 39 20 33 13 0 18 20 16 5 55 72 36 18 7 13 3 8 26 62 10 8 16 48 26 18 18 78 5 10 9 4 43 8 4 15 36 17 15 7 5 14 56 71 18 5 2 50 45 45 42 0 9 1 12 38 43 17 43 66 22 11 12 0 42 16 22 4 24 7 12 45 16 18 23 2876582253154.5380859375
74 8 12 1 36 32 44 43 46 5 0 12 4 6 14 33 37 23 1 0 24 17 10 44 56 20 12 2 34 28 0 58 67 34 19 14 24 0 28 23 8 6 2 9 2 11 17 9 57 17 2 4 7 28 3 23 3 28 17 7 14 31 32 5 26 15 12 11 19 17 44 47 68 13 15 4 0 27 29 46 42 27 7 10 24 2 13 48 19 18 1 6 18 17 47 18 72 16 17 13 42 31 18 22 68 10 8 10 21 28 48 31 35 7 7 10 6 30 26 46 50 7 12 3 2 48 17 26 46 33 6 13 2 25 21 31 59 21 3 18 38 31 20 13 73 24 18 13 43 41 7 26 51 35 11 5 25 20 30 6 2556549008890.5888671875
32 9 12 15 26 16 29 19 26 18 14 8 16 34 9 31 56 2 8 6 21 3 28 42 67 18 15 18 21 19 33 57 12 32 16 1 43 32 38 36 5 35 1 18 46 7 16 35 21 29 0 12 37 0 23 57 64 12 3 17 5 29 32 4 70 35 1 4 19 0 48 42 11 17 17 6 37 14 2 6 34 27 16 19 11 33 46 7 27 8 3 18 14 49 3 14 61 24 13 6 42 10 3 29 65 18 11 2 6 0 44 24 42 27 5 7 9 0 3 54 59 19 9 7 6 4 22 43 69 20 11 19 18 12 48 4 13 20 0 15 21 18 42 25 51 4 12 5 22 15 20 9 7 22 14 5 7 23 12 48 2869592826971.4936523438
76 24 3 9 25 27 0 38 37 15 6 4 35 49 1 23 63 33 6 12 41 34 37 56 6 31 2 6 50 35 46 19 41 30 19 2 35 8 20 29 75 23 17 6 8 23 29 23 41 16 3 5 0 15 3 0 34 14 15 14 28 24 2 34 18 6 17 16 3 46 38 31 20 17 18 5 21 22 6 6 30 1 18 14 49 11 12 35 4 3 10 3 26 47 39 48 60 35 0 7 22 24 36 33 12 28 18 3 3 5 35 45 57 0 7 6 30 27 44 45 25 13 6 7 23 20 29 49 4 10 11 19 11 28 29 29 24 18 1 9 14 9 6 39 1 28 7 10 34 11 10 19 28 13 8 15 25 30 15 15 2965310483363.7758789062
75 0 15 14 33 35 4 17 8 23 0 6 43 31 40 13 37 29 12 7 34 43 11 28 72 27 10 12 29 5 12 26 20 20 3 16 32 8 45 33 23 10 1 2 4 26 40 14 51 4 15 5 6 5 30 43 35 10 12 0 7 3 11 24 24 19 9 5 25 46 28 49 53 19 1 18 2 5 26 53 53 2 10 11 34 42 40 55 32 25 4 7 26 37 34 42 40 32 17 11 31 3 7 49 23 24 11 0 19 7 43 7 71 1 15 19 0 47 41 21 41 24 0 14 36 19 47 21 2 34 17 15 6 30 23 9 8 5 8 14 24 26 46 5 39 20 9 14 36 43 36 57 48 35 7 19 49 21 30 33 2784034684128.6870117188
67 0 17 0 38 15 25 22 42 17 5 15 6 49 5 53 11 10 19 10 10 36 23 50 74 12 7 12 48 41 9 19 18 31 12 9 41 49 0 57 62 5 2 17 16 50 40 4 55 23 17 11 46 39 36 41 66 35 2 11 40 4 23 35 74 25 12 1 6 26 4 17 29 2 10 6 19 7 30 14 7 5 13 15 46 10 13 34 70 8 19 8 23 5 28 15 45 34 19 14 27 40 44 56 42 2 1 4 24 31 14 17 75 8 1 15 37 25 0 15 8 16 10 5 32 42 29 50 7 24 12 2 39 5 36 23 12 30 12 16 23 6 41 16 3 10 2 18 17 36 47 19 41 20 18 6 0 20 8 0 2858113296942.3740234375
71 6 6 18 21 32 19 56 74 28 2 4 45 20 19 18 54 25 13 2 26 4 47 26 38 1 15 0 41 5 10 19 56 1 16 6 45 1 31 31 72 26 11 18 41 44 12 16 68 25 8 13 46 30 39 36 23 35 5 4 20 15 26 37 41 22 12 13 27 13 40 0 31 2 13 8 22 4 4 10 69 18 9 5 48 14 35 12 43 2 10 15 23 2 23 27 20 34 9 17 49 0 34 36 5 20 7 12 41 27 39 52 15 26 10 1 6 11 5 5 76 13 18 3 47 0 2 46 64 3 4 7 4 47 1 37 7 28 11 1 17 5 15 29 71 31 19 3 13 27 9 42 13 4 18 10 42 40 47 18 2639351114113.6132812500
53 28 11 3 15 29 42 16 33 33 6 9 32 12 40 38 13 9 0 12 11 38 8 42 73 18 16 0 50 9 2 1 12 34 4 7 7 31 37 32 28 33 3 2 7 12 36 14 45 9 12 2 3 32 5 42 26 4 6 10 23 46 45 40 13 2 5 10 0 23 6 17 65 27 4 7 49 8 12 49 66 25 15 2 9 37 36 42 58 36 11 18 8 29 23 10 29 13 4 8 13 44 48 42 7 18 19 10 19 16 42 10 23 34 17 13 46 28 13 37 49 10 2 19 38 4 2 54 15 10 10 13 50 2 0 47 16 6 4 0 43 24 41 11 75 30 3 14 34 8 31 30 34 2 12 5 10 30 24 18 3257053270366.2114257812
49 27 7 9 25 33 25 58 37 24 19 2 46 19 12 48 55 24 16 18 29 15 11 3 14 18 2 16 39 5 46 26 16 10 15 11 28 22 47 51 68 4 4 12 0 14 12 20 14 14 14 2 34 39 6 17 78 16 13 3 11 47 25 6 62 0 18 14 38 4 46 54 36 5 16 1 5 9 31 46 29 3 16 12 29 33 42 19 27 10 9 15 48 19 38 32 16 25 2 16 33 13 24 16 7 35 15 5 32 12 37 3 76 17 16 19 6 10 3 26 28 36 14 16 10 31 4 34 59 4 10 7 44 19 8 0 18 34 14 9 22 5 47 7 34 36 3 2 35 4 41 18 13 0 13 12 1 30 33 31 3118853668926.7397460938
56 36 19 1 8 23 6 2 12 28 9 7 34 40 3 23 52 15 10 4 29 37 0 56 44 26 0 2 20 39 30 54 38 23 8 19 46 37 14 40 71 8 9 19 46 25 44 49 3 17 7 8 33 20 29 51 11 0 3 9 18 12 32 12 51 0 5 3 36 21 15 51 29 25 10 9 16 25 44 47 61 29 7 1 45 18 12 54 60 35 3 7 27 25 40 30 45 2 8 5 24 22 11 58 33 16 10 19 28 7 42 49 61 22 4 10 28 0 19 43 59 32 0 18 35 15 17 0 69 29 17 10 14 23 12 9 6 14 12 8 19 25 34 51 11 27 2 10 23 31 43 51 33 10 7 9 17 27 22 18 2682932422613.6303710938
25 34 5 2 21 15 1 10 43 24 19 3 40 21 44 8 11 12 18 8 2 47 16 48 71 10 0 14 6 2 45 37 56 20 6 4 40 17 34 38 41 26 12 15 31 16 41 49 65 33 8 1 48 49 46 5 38 30 3 4 37 31 37 24 28 33 5 11 33 15 3 44 78 31 1 7 15 31 36 48 55 21 5 0 11 7 14 2 11 6 0 2 8 17 18 23 16 32 15 7 1 35 8 20 33 15 14 5 15 5 43 2 43 14 1 0 7 42 6 57 71 21 3 8 32 13 25 26 28 29 11 9 11 22 28 39 16 16 14 13 31 6 11 9 14 33 18 12 24 37 42 44 44 35 10 12 14 30 13 21 2087803976258.4060058594
74 8 12 1 36 32 44 43 46 5 0 12 4 6 14 33 37 23 1 0 24 17 10 44 56 20 12 2 34 28 0 58 67 34 19 14 24 0 28 23 8 6 2 9 2 11 17 9 57 17 2 4 7 28 3 23 3 28 17 7 14 31 32 5 26 15 12 11 19 17 44 47 68 13 15 4 0 27 29 46 42 27 7 10 24 2 13 48 19 18 1 6 18 17 47 18 72 16 17 13 42 31 18 22 68 10 8 10 21 28 48 31 35 7 7 10 6 30 26 46 50 7 12 3 2 48 17 26 46 33 6 13 2 25 21 31 59 21 3 18 38 31 20 13 73 24 18 13 43 41 7 26 51 35 11 5 25 20 30 6 2556549008890.5888671875
32 9 12 15 26 16 29 19 26 18 14 8 16 34 9 31 56 2 8 6 21 3 28 42 67 18 15 18 21 19 33 57 12 32 16 1 43 32 38 36 5 35 1 18 46 7 16 35 21 29 0 12 37 0 23 57 64 12 3 17 5 29 32 4 70 35 1 4 19 0 48 42 11 17 17 6 37 14 2 6 34 27 16 19 11 33 46 7 27 8 3 18 14 49 3 14 61 24 13 6 42 10 3 29 65 18 11 2 6 0 44 24 42 27 5 7 9 0 3 54 59 19 9 7 6 4 22 43 69 20 11 19 18 12 48 4 13 20 0 15 21 18 42 25 51 4 12 5 22 15 20 9 7 22 14 5 7 23 12 48 2869592826971.4936523438
76 24 3 9 25 27 0 38 37 15 6 4 35 49 1 23 63 33 6 12 41 34 37 56 6 31 2 6 50 35 46 19 41 30 19 2 35 8 20 29 75 23 17 6 8 23 29 23 41 16 3 5 0 15 3 0 34 14 15 14 28 24 2 34 18 6 17 16 3 46 38 31 20 17 18 5 21 22 6 6 30 1 18 14 49 11 12 35 4 3 10 3 26 47 39 48 60 35 0 7 22 24 36 33 12 28 18 3 3 5 35 45 57 0 7 6 30 27 44 45 25 13 6 7 23 20 29 49 4 10 11 19 11 28 29 29 24 18 1 9 14 9 6 39 1 28 7 10 34 11 10 19 28 13 8 15 25 30 15 15 2965310483363.7758789062
75 0 15 14 33 35 4 17 8 23 0 6 43 31 40 13 37 29 12 7 34 43 11 28 72 27 10 12 29 5 12 26 20 20 3 16 32 8 45 33 23 10 1 2 4 26 40 14 51 4 15 5 6 5 30 43 35 10 12 0 7 3 11 24 24 19 9 5 25 46 28 49 53 19 1 18 2 5 26 53 53 2 10 11 34 42 40 55 32 25 4 7 26 37 34 42 40 32 17 11 31 3 7 49 23 24 11 0 19 7 43 7 71 1 15 19 0 47 41 21 41 24 0 14 36 19 47 21 2 34 17 15 6 30 23 9 8 5 8 14 24 26 46 5 39 20 9 14 36 43 36 57 48 35 7 19 49 21 30 33 2784034684128.6870117188
67 0 17 0 38 15 25 22 42 17 5 15 6 49 5 53 11 10 19 10 10 36 23 50 74 12 7 12 48 41 9 19 18 31 12 9 41 49 0 57 62 5 2 17 16 50 40 4 55 23 17 11 46 39 36 41 66 35 2 11 40 4 23 35 74 25 12 1 6 26 4 17 29 2 10 6 19 7 30 14 7 5 13 15 46 10 13 34 70 8 19 8 23 5 28 15 45 34 19 14 27 40 44 56 42 2 1 4 24 31 14 17 75 8 1 15 37 25 0 15 8 16 10 5 32 42 29 50 7 24 12 2 39 5 36 23 12 30 12 16 23 6 41 16 3 10 2 18 17 36 47 19 41 20 18 6 0 20 8 0 2858113296942.3740234375
71 6 6 18 21 32 19 56 74 28 2 4 45 20 19 18 54 25 13 2 26 4 47 26 38 1 15 0 41 5 10 19 56 1 16 6 45 1 31 31 72 26 11 18 41 44 12 16 68 25 8 13 46 30 39 36 23 35 5 4 20 15 26 37 41 22 12 13 27 13 40 0 31 2 13 8 22 4 4 10 69 18 9 5 48 14 35 12 43 2 10 15 23 2 23 27 20 34 9 17 49 0 34 36 5 20 7 12 41 27 39 52 15 26 10 1 6 11 5 5 76 13 18 3 47 0 2 46 64 3 4 7 4 47 1 37 7 28 11 1 17 5 15 29 71 31 19 3 13 27 9 42 13 4 18 10 42 40 47 18 2639351114113.6132812500
53 28 11 3 15 29 42 16 33 33 6 9 32 12 40 38 13 9 0 12 11 38 8 42 73 18 16 0 50 9 2 1 12 34 4 7 7 31 37 32 28 33 3 2 7 12 36 14 45 9 12 2 3 32 5 42 26 4 6 10 23 46 45 40 13 2 5 10 0 23 6 17 65 27 4 7 49 8 12 49 66 25 15 2 9 37 36 42 58 36 11 18 8 29 23 10 29 13 4 8 13 44 48 42 7 18 19 10 19 16 42 10 23 34 17 13 46 28 13 37 49 10 2 19 38 4 2 54 15 10 10 13 50 2 0 47 16 6 4 0 43 24 41 11 75 30 3 14 34 8 31 30 34 2 12 5 10 30 24 18 3257053270366.2114257812
49 27 7 9 25 33 25 58 37 24 19 2 46 19 12 48 55 24 16 18 29 15 11 3 14 18 2 16 39 5 46 26 16 10 15 11 28 22 47 51 68 4 4 12 0 14 12 20 14 14 14 2 34 39 6 17 78 16 13 3 11 47 25 6 62 0 18 14 38 4 46 54 36 5 16 1 5 9 31 46 29 3 16 12 29 33 42 19 27 10 9 15 48 19 38 32 16 25 2 16 33 13 24 16 7 35 15 5 32 12 37 3 76 17 16 19 6 10 3 26 28 36 14 16 10 31 4 34 59 4 10 7 44 19 8 0 18 34 14 9 22 5 47 7 34 36 3 2 35 4 41 18 13 0 13 12 1 30 33 31 3118853668926.7397460938
56 36 19 1 8 23 6 2 12 28 9 7 34 40 3 23 52 15 10 4 29 37 0 56 44 26 0 2 20 39 30 54 38 23 8 19 46 37 14 40 71 8 9 19 46 25 44 49 3 17 7 8 33 20 29 51 11 0 3 9 18 12 32 12 51 0 5 3 36 21 15 51 29 25 10 9 16 25 44 47 61 29 7 1 45 18 12 54 60 35 3 7 27 25 40 30 45 2 8 5 24 22 11 58 33 16 10 19 28 7 42 49 61 22 4 10 28 0 19 43 59 32 0 18 35 15 17 0 69 29 17 10 14 23 12 9 6 14 12 8 19 25 34 51 11 27 2 10 23 31 43 51 33 10 7 9 17 27 22 18 2682932422613.6303710938
25 34 5 2 21 15 1 10 43 24 19 3 40 21 44 8 11 12 18 8 2 47 16 48 71 10 0 14 6 2 45 37 56 20 6 4 40 17 34 38 41 26 12 15 31 16 41 49 65 33 8 1 48 49 46 5 38 30 3 4 37 31 37 24 28 33 5 11 33 15 3 44 78 31 1 7 15 31 36 48 55 21 5 0 11 7 14 2 11 6 0 2 8 17 18 23 16 32 15 7 1 35 8 20 33 15 14 5 15 5 43 2 43 14 1 0 7 42 6 57 71 21 3 8 32 13 25 26 28 29 11 9 11 22 28 39 16 16 14 13 31 6 11 9 14 33 18 12 24 37 42 44 44 35 10 12 14 30 13 21 2087803976258.4060058594
74 8 12 1 36 32 44 43 46 5 0 12 4 6 14 33 37 23 1 0 24 17 10 44 56 20 12 2 34 28 0 58 67 34 19 14 24 0 28 23 8 6 2 9 2 11 17 9 57 17 2 4 7 28 3 23 3 28 17 7 14 31 32 5 26 15 12 11 19 17 44 47 68 13 15 4 0 27 29 46 42 27 7 10 24 2 13 48 19 18 1 6 18 17 47 18 72 16 17 13 42 31 18 22 68 10 8 10 21 28 48 31 35 7 7 10 6 30 26 46 50 7 12 3 2 48 17 26 46 33 6 13 2 25 21 31 59 21 3 18 38 31 20 13 73 24 18 13 43 41 7 26 51 35 11 5 25 20 30 6 2556549008890.5888671875
32 9 12 15 26 16 29 19 26 18 14 8 16 34 9 31 56 2 8 6 21 3 28 42 67 18 15 18 21 19 33 57 12 32 16 1 43 32 38 36 5 35 1 18 46 7 16 35 21 29 0 12 37 0 23 57 64 12 3 17 5 29 32 4 70 35 1 4 19 0 48 42 11 17 17 6 37 14 2 6 34 27 16 19 11 33 46 7 27 8 3 18 14 49 3 14 61 24 13 6 42 10 3 29 65 18 11 2 6 0 44 24 42 27 5 7 9 0 3 54 59 19 9 7 6 4 22 43 69 20 11 19 18 12 48 4 13 20 0 15 21 18 42 25 51 4 12 5 22 15 20 9 7 22 14 5 7 23 12 48 2869592826971.4936523438
76 24 3 9 25 27 0 38 37 15 6 4 35 49 1 23 63 33 6 12 41 34 37 56 6 31 2 6 50 35 46 19 41 30 19 2 35 8 20 29 75 23 17 6 8 23 29 23 41 16 3 5 0 15 3 0 34 14 15 14 28 24 2 34 18 6 17 16 3 46 38 31 20 17 18 5 21 22 6 6 30 1 18 14 49 11 12 35 4 3 10 3 26 47 39 48 60 35 0 7 22 24 36 33 12 28 18 3 3 5 35 45 57 0 7 6 30 27 44 45 25 13 6 7 23 20 29 49 4 10 11 19 11 28 29 29 24 18 1 9 14 9 6 39 1 28 7 10 34 11 10 19 28 13 8 15 25 30 15 15 2965310483363.7758789062
75 0 15 14 33 35 4 17 8 23 0 6 43 31 40 13 37 29 12 7 34 43 11 28 72 27 10 12 29 5 12 26 20 20 3 16 32 8 45 33 23 10 1 2 4 26 40 14 51 4 15 5 6 5 30 43 35 10 12 0 7 3 11 24 24 19 9 5 25 46 28 49 53 19 1 18 2 5 26 53 53 2 10 11 34 42 40 55 32 25 4 7 26 37 34 42 40 32 17 11 31 3 7 49 23 24 11 0 19 7 43 7 71 1 15 19 0 47 41 21 41 24 0 14 36 19 47 21 2 34 17 15 6 30 23 9 8 5 8 14 24 26 46 5 39 20 9 14 36 43 36 57 48 35 7 19 49 21 30 33 2784034684128.6870117188
67 0 17 0 38 15 25 22 42 17 5 15 6 49 5 53 11 10 19 10 10 36 23 50 74 12 7 12 48 41 9 19 18 31 12 9 41 49 0 57 62 5 2 17 16 50 40 4 55 23 17 11 46 39 36 41 66 35 2 11 40 4 23 35 74 25 12 1 6 26 4 17 29 2 10 6 19 7 30 14 7 5 13 15 46 10 13 34 70 8 19 8 23 5 28 15 45 34 19 14 27 40 44 56 42 2 1 4 24 31 14 17 75 8 1 15 37 25 0 15 8 16 10 5 32 42 29 50 7 24 12 2 39 5 36 23 12 30 12 16 23 6 41 16 3 10 2 18 17 36 47 19 41 20 18 6 0 20 8 0 2858113296942.3740234375
71 6 6 18 21 32 19 56 74 28 2 4 45 20 19 18 54 25 13 2 26 4 47 26 38 1 15 0 41 5 10 19 56 1 16 6 45 1 31 31 72 26 11 18 41 44 12 16 68 25 8 13 46 30 39 36 23 35 5 4 20 15 26 37 41 22 12 13 27 13 40 0 31 2 13 8 22 4 4 10 69 18 9 5 48 14 35 12 43 2 10 15 23 2 23 27 20 34 9 17 49 0 34 36 5 20 7 12 41 27 39 52 15 26 10 1 6 11 5 5 76 13 18 3 47 0 2 46 64 3 4 7 4 47 1 37 7 28 11 1 17 5 15 29 71 31 19 3 13 27 9 42 13 4 18 10 42 40 47 18 2639351114113.6132812500
53 28 11 3 15 29 42 16 33 33 6 9 32 12 40 38 13 9 0 12 11 38 8 42 73 18 16 0 50 9 2 1 12 34 4 7 7 31 37 32 28 33 3 2 7 12 36 14 45 9 12 2 3 32 5 42 26 4 6 10 23 46 45 40 13 2 5 10 0 23 6 17 65 27 4 7 49 8 12 49 66 25 15 2 9 37 36 42 58 36 11 18 8 29 23 10 29 13 4 8 13 44 48 42 7 18 19 10 19 16 42 10 23 34 17 13 46 28 13 37 49 10 2 19 38 4 2 54 15 10 10 13 50 2 0 47 16 6 4 0 43 24 41 11 75 30 3 14 34 8 31 30 34 2 12 5 10 30 24 18 3257053270366.2114257812
49 27 7 9 25 33 25 58 37 24 19 2 46 19 12 48 55 24 16 18 29 15 11 3 14 18 2 16 39 5 46 26 16 10 15 11 28 22 47 51 68 4 4 12 0 14 12 20 14 14 14 2 34 39 6 17 78 16 13 3 11 47 25 6 62 0 18 14 38 4 46 54 36 5 16 1 5 9 31 46 29 3 16 12 29 33 42 19 27 10 9 15 48 19 38 32 16 25 2 16 33 13 24 16 7 35 15 5 32 12 37 3 76 17 16 19 6 10 3 26 28 36 14 16 10 31 4 34 59 4 10 7 44 19 8 0 18 34 14 9 22 5 47 7 34 36 3 2 35 4 41 18 13 0 13 12 1 30 33 31 3118853668926.7397460938
56 36 19 1 8 23 6 2 12 28 9 7 34 40 3 23 52 15 10 4 29 37 0 56 44 26 0 2 20 39 30 54 38 23 8 19 46 37 14 40 71 8 9 19 46 25 44 49 3 17 7 8 33 20 29 51 11 0 3 9 18 12 32 12 51 0 5 3 36 21 15 51 29 25 10 9 16 25 44 47 61 29 7 1 45 18 12 54 60 35 3 7 27 25 40 30 45 2 8 5 24 22 11 58 33 16 10 19 28 7 42 49 61 22 4 10 28 0 19 43 59 32 0 18 35 15 17 0 69 29 17 10 14 23 12 9 6 14 12 8 19 25 34 51 11 27 2 10 23 31 43 51 33 10 7 9 17 27 22 18 2682932422613.6303710938
25 34 5 2 21 15 1 10 43 24 19 3 40 21 44 8 11 12 18 8 2 47 16 48 71 10 0 14 6 2 45 37 56 20 6 4 40 17 34 38 41 26 12 15 31 16 41 49 65 33 8 1 48 49 46 5 38 30 3 4 37 31 37 24 28 33 5 11 33 15 3 44 78 31 1 7 15 31 36 48 55 21 5 0 11 7 14 2 11 6 0 2 8 17 18 23 16 32 15 7 1 35 8 20 33 15 14 5 15 5 43 2 43 14 1 0 7 42 6 57 71 21 3 8 32 13 25 26 28 29 11 9 11 22 28 39 16 16 14 13 31 6 11 9 14 33 18 12 24 37 42 44 44 35 10 12 14 30 13 21 2087803976258.4060058594
56 19 0 1 12 19 4 23 65 33 4 11 48 14 47 48 19 4 15 8 23 43 39 9 10 32 16 12 6 10 5 23 19 4 17 10 44 38 39 9 19 33 13 3 15 26 18 23 65 16 14 5 48 0 4 35 56 19 1 0 19 12 4 23 19 4 15 8 23 43 39 9 10 32 12 16 10 6 5 23 19 4 7 17 38 44 39 9 19 33 13 11 15 26 18 23 65 33 3 4 14 48 47 48 56 19 0 1 12 19 4 23 19 4 8 15 43 23 39 9 10 32 16 14 6 10 5 23 19 4 10 17 38 44 39 9 19 33 13 7 15 26 18 23 56 12 9 12 14 0 4 23 56 19 1 0 19 12 4 23 8243978.1847500000
56 12 9 14 14 0 4 23 56 19 0 16 12 19 4 23 19 4 17 8 44 43 39 9 10 32 1 12 6 10 5 23 19 33 13 7 15 26 18 23 19 4 15 10 23 38 39 9 65 33 3 4 14 48 47 48 56 19 0 16 12 19 4 23 19 4 8 17 44 43 39 9 10 32 1 14 6 10 5 23 19 33 13 11 15 26 18 23 56 12 18 12 14 0 4 23 19 4 15 10 23 38 39 9 56 19 0 16 12 19 4 23 19 4 8 17 44 43 39 9 10 32 14 1 10 6 5 23 19 33 13 7 15 26 18 23 65 16 5 12 0 48 4 35 19 4 11 15 38 23 39 9 56 19 0 16 12 19 4 23 8248255.3942500008
56 12 12 18 0 14 4 23 19 4 17 15 44 23 39 9 10 32 8 14 6 10 5 23 19 33 13 3 15 26 18 23 56 19 1 0 19 12 4 23 19 4 10 16 38 43 39 9 65 16 5 17 0 14 4 35 19 4 12 15 44 23 39 9 10 32 14 8 10 6 5 23 19 33 11 13 26 15 18 23 56 19 1 0 19 12 4 23 19 4 16 7 43 38 39 9 56 12 12 9 0 14 4 23 19 4 15 17 23 44 39 9 10 32 8 14 6 10 5 23 19 33 13 11 15 26 18 23 56 19 1 0 19 12 4 23 19 4 16 7 43 38 39 9 65 16 5 12 0 48 4 35 10 32 17 15 6 23 5 23 8256447.5829999996
56 12 18 12 14 0 4 23 56 19 16 0 19 12 4 23 10 32 8 14 6 10 5 23 19 33 13 3 15 26 18 23 19 4 15 1 23 44 39 9 19 4 10 17 38 43 39 9 65 16 5 12 0 48 4 35 56 19 0 16 12 19 4 23 10 32 8 14 6 10 5 23 19 33 11 13 26 15 18 23 19 4 1 7 44 38 39 9 19 4 15 17 23 43 39 9 65 12 19 6 48 14 4 11 56 19 0 8 12 19 4 23 10 32 16 12 6 10 5 23 19 33 3 13 26 15 18 23 19 4 14 7 44 38 39 9 19 4 17 15 43 23 39 9 65 33 11 4 14 48 47 48 56 19 1 0 19 12 4 23 8260088.2234999994
56 19 16 0 19 12 4 23 10 27 4 8 48 14 47 47 19 33 13 3 15 26 18 23 10 32 12 1 10 6 5 23 19 4 17 14 43 44 39 9 19 4 15 10 23 38 39 9 56 19 0 16 12 19 4 23 65 33 11 4 14 48 47 48 19 33 13 3 15 26 18 23 10 32 8 12 6 10 5 23 19 4 7 17 38 43 39 9 19 4 1 15 44 23 39 9 56 19 0 16 12 19 4 23 65 16 14 5 48 0 4 35 19 33 13 11 15 26 18 23 10 32 12 8 10 6 5 23 19 4 17 7 44 38 39 9 19 4 15 16 23 43 39 9 56 19 1 0 19 12 4 23 56 12 14 18 0 14 4 23 8281238.1802499993
56 19 0 15 12 19 4 23 19 4 7 1 38 44 39 9 65 16 12 5 48 0 4 35 19 33 13 11 15 26 18 23 10 32 16 14 6 10 5 23 19 4 15 17 23 43 39 9 56 19 8 0 19 12 4 23 19 4 10 1 38 44 39 9 65 16 12 5 48 0 4 35 19 33 3 13 26 15 18 23 10 32 8 14 6 10 5 23 19 4 15 16 23 43 39 9 56 19 0 1 12 19 4 23 19 4 17 10 44 38 39 9 65 16 12 5 48 0 4 35 19 33 13 11 15 26 18 23 10 32 16 14 6 10 5 23 19 4 8 15 43 23 39 9 56 19 0 1 12 19 4 23 10 27 4 17 48 14 47 47 8298290.7632500008
19 4 11 15 38 23 39 9 65 33 3 4 14 48 47 48 56 19 0 17 12 19 4 23 19 33 13 7 15 26 18 23 10 32 14 1 10 6 5 23 19 4 16 8 44 43 39 9 19 4 11 15 38 23 39 9 65 16 5 12 0 48 4 35 56 19 0 17 12 19 4 23 19 33 13 3 15 26 18 23 10 32 1 14 6 10 5 23 19 4 8 10 44 38 39 9 19 4 15 16 23 43 39 9 65 16 12 5 48 0 4 35 56 19 17 0 19 12 4 23 19 33 13 11 15 26 18 23 10 32 14 1 10 6 5 23 19 4 8 10 44 38 39 9 10 27 4 16 48 14 47 47 56 19 15 0 19 12 4 23 8325943.3642499996
56 19 17 0 19 12 4 23 19 4 11 15 38 23 39 9 65 16 5 14 0 48 4 35 19 33 13 7 15 26 18 23 10 32 12 8 10 6 5 23 19 4 16 1 43 44 39 9 56 19 0 17 12 19 4 23 19 4 15 10 23 38 39 9 65 16 5 14 0 48 4 35 19 33 13 7 15 26 18 23 10 32 16 12 6 10 5 23 56 19 8 0 19 12 4 23 19 4 11 17 38 43 39 9 65 33 3 4 14 48 47 48 19 4 15 1 23 44 39 9 19 33 7 13 26 15 18 23 10 32 12 16 10 6 5 23 56 19 8 0 19 12 4 23 19 4 10 17 38 43 39 9 65 16 14 5 48 0 4 35 8326438.2409999995
65 33 7 4 14 48 47 48 19 4 10 15 38 23 39 9 56 19 0 8 12 19 4 23 19 4 17 16 43 44 39 9 19 33 13 3 15 26 18 23 65 16 5 12 0 48 4 35 10 32 14 1 10 6 5 23 19 4 15 10 23 38 39 9 56 19 17 0 19 12 4 23 19 4 16 8 43 44 39 9 19 33 7 13 26 15 18 23 65 16 5 14 0 48 4 35 10 32 17 12 6 10 5 23 19 4 15 10 23 38 39 9 56 19 16 0 19 12 4 23 19 4 1 8 44 43 39 9 19 33 13 7 15 26 18 23 65 16 5 14 0 48 4 35 10 32 12 17 10 6 5 23 56 19 0 15 12 19 4 23 8346215.7372500012
10 27 8 4 14 48 47 47 56 19 17 0 19 12 4 23 19 4 15 12 23 44 39 9 10 32 14 16 10 6 5 23 19 33 13 3 15 26 18 23 65 16 5 1 0 14 4 35 56 19 8 0 19 12 4 23 19 4 17 10 43 38 39 9 10 32 15 12 23 10 5 23 19 33 13 7 15 26 18 23 65 33 4 3 48 14 47 48 56 19 1 0 19 12 4 23 19 4 16 8 43 44 39 9 10 32 14 17 10 6 5 23 19 4 15 10 23 38 39 9 19 33 13 11 15 26 18 23 65 33 4 7 48 14 47 48 56 19 0 1 12 19 4 23 19 4 16 8 44 43 39 9 10 32 14 12 10 23 5 23 8508805.3637499996
56 19 0 1 12 19 4 23 65 33 4 11 48 14 47 48 19 4 15 8 23 43 39 9 10 32 16 12 6 10 5 23 19 4 17 10 44 38 39 9 19 33 13 3 15 26 18 23 65 16 14 5 48 0 4 35 56 19 1 0 19 12 4 23 19 4 15 8 23 43 39 9 10 32 12 16 10 6 5 23 19 4 7 17 38 44 39 9 19 33 13 11 15 26 18 23 65 33 3 4 14 48 47 48 56 19 0 1 12 19 4 23 19 4 8 15 43 23 39 9 10 32 16 14 6 10 5 23 19 4 10 17 38 44 39 9 19 33 13 7 15 26 18 23 56 12 9 12 14 0 4 23 56 19 1 0 19 12 4 23 8243978.1847500000
56 12 9 14 14 0 4 23 56 19 0 16 12 19 4 23 19 4 17 8 44 43 39 9 10 32 1 12 6 10 5 23 19 33 13 7 15 26 18 23 19 4 15 10 23 38 39 9 65 33 3 4 14 48 47 48 56 19 0 16 12 19 4 23 19 4 8 17 44 43 39 9 10 32 1 14 6 10 5 23 19 33 13 11 15 26 18 23 56 12 18 12 14 0 4 23 19 4 15 10 23 38 39 9 56 19 0 16 12 19 4 23 19 4 8 17 44 43 39 9 10 32 14 1 10 6 5 23 19 33 13 7 15 26 18 23 65 16 5 12 0 48 4 35 19 4 11 15 38 23 39 9 56 19 0 16 12 19 4 23 8248255.3942500008
56 19 16 0 19 12 4 23 19 4 17 15 43 23 39 9 65 16 5 14 0 48 4 35 19 33 13 7 15 26 18 23 19 4 10 8 38 44 39 9 10 32 12 1 10 6 5 23 56 19 16 0 19 12 4 23 19 4 15 17 23 43 39 9 65 16 14 5 48 0 4 35 19 33 13 3 15 26 18 23 19 4 7 1 38 44 39 9 10 32 8 12 6 10 5 23 56 19 0 16 12 19 4 23 19 4 15 17 23 43 39 9 65 16 5 14 0 48 4 35 19 33 13 3 15 26 18 23 19 4 1 10 44 38 39 9 10 32 8 12 6 10 5 23 56 19 16 0 19 12 4 23 65 33 11 4 14 48 47 48 8256238.2915000003
56 12 12 18 0 14 4 23 19 4 17 15 44 23 39 9 10 32 8 14 6 10 5 23 19 33 13 3 15 26 18 23 56 19 1 0 19 12 4 23 19 4 10 16 38 43 39 9 65 16 5 17 0 14 4 35 19 4 12 15 44 23 39 9 10 32 14 8 10 6 5 23 19 33 11 13 26 15 18 23 56 19 1 0 19 12 4 23 19 4 16 7 43 38 39 9 56 12 12 9 0 14 4 23 19 4 15 17 23 44 39 9 10 32 8 14 6 10 5 23 19 33 13 11 15 26 18 23 56 19 1 0 19 12 4 23 19 4 16 7 43 38 39 9 65 16 5 12 0 48 4 35 10 32 17 15 6 23 5 23 8256447.5829999996
56 19 0 1 12 19 4 23 65 16 5 14 0 48 4 35 19 33 13 11 15 26 18 23 10 32 12 17 10 6 5 23 19 4 15 16 23 43 39 9 19 4 8 10 44 38 39 9 56 19 0 1 12 19 4 23 65 16 14 5 48 0 4 35 19 33 13 3 15 26 18 23 10 32 17 12 6 10 5 23 19 4 15 16 23 43 39 9 19 4 1 11 44 38 39 9 56 19 8 0 19 12 4 23 65 16 5 14 0 48 4 35 19 33 13 3 15 26 18 23 10 32 12 17 10 6 5 23 19 4 10 15 38 23 39 9 19 4 1 16 44 43 39 9 56 19 0 8 12 19 4 23 65 33 4 7 48 14 47 48 8258285.9090000000
65 16 14 1 48 14 47 35 56 19 17 0 19 12 4 23 19 4 10 16 38 43 39 9 19 4 12 15 44 23 39 9 19 33 13 3 15 26 18 23 10 32 14 8 10 6 5 23 65 16 5 1 0 14 4 35 56 19 0 17 12 19 4 23 19 4 16 7 43 38 39 9 19 4 15 12 23 44 39 9 19 33 13 11 15 26 18 23 10 32 14 8 10 6 5 23 65 33 3 4 14 48 47 48 56 19 1 0 19 12 4 23 19 4 16 17 43 44 39 9 19 4 7 15 38 23 39 9 19 33 13 11 15 26 18 23 10 32 14 8 10 6 5 23 65 16 12 5 48 0 4 35 56 19 1 0 19 12 4 23 8258940.6582499994
56 12 18 12 14 0 4 23 56 19 16 0 19 12 4 23 10 32 8 14 6 10 5 23 19 33 13 3 15 26 18 23 19 4 15 1 23 44 39 9 19 4 10 17 38 43 39 9 65 16 5 12 0 48 4 35 56 19 0 16 12 19 4 23 10 32 8 14 6 10 5 23 19 33 11 13 26 15 18 23 19 4 1 7 44 38 39 9 19 4 15 17 23 43 39 9 65 12 19 6 48 14 4 11 56 19 0 8 12 19 4 23 10 32 16 12 6 10 5 23 19 33 3 13 26 15 18 23 19 4 14 7 44 38 39 9 19 4 17 15 43 23 39 9 65 33 11 4 14 48 47 48 56 19 1 0 19 12 4 23 8260088.2234999994
56 19 0 1 12 19 4 23 19 33 13 3 15 26 18 23 65 33 11 4 14 48 4 11 10 32 17 14 6 10 5 23 19 4 15 16 23 43 39 9 19 4 7 8 38 44 39 9 56 19 0 1 12 19 4 23 19 33 13 3 15 26 18 23 65 16 12 5 48 0 4 35 10 32 14 17 10 6 5 23 19 4 15 16 23 43 39 9 19 4 8 11 44 38 39 9 56 19 0 1 12 19 4 23 19 33 7 13 26 15 18 23 65 16 12 5 48 0 4 35 10 32 14 17 10 6 5 23 19 4 15 10 23 38 39 9 19 4 1 16 44 43 39 9 56 19 8 0 19 12 4 23 10 27 13 11 14 48 47 47 8280740.7980000004
56 19 16 0 19 12 4 23 10 27 4 8 48 14 47 47 19 33 13 3 15 26 18 23 10 32 12 1 10 6 5 23 19 4 17 14 43 44 39 9 19 4 15 10 23 38 39 9 56 19 0 16 12 19 4 23 65 33 11 4 14 48 47 48 19 33 13 3 15 26 18 23 10 32 8 12 6 10 5 23 19 4 7 17 38 43 39 9 19 4 1 15 44 23 39 9 56 19 0 16 12 19 4 23 65 16 14 5 48 0 4 35 19 33 13 11 15 26 18 23 10 32 12 8 10 6 5 23 19 4 17 7 44 38 39 9 19 4 15 16 23 43 39 9 56 19 1 0 19 12 4 23 56 12 14 18 0 14 4 23 8281238.1802499993
65 16 5 8 0 14 4 35 19 4 12 10 44 38 39 9 10 32 14 1 10 6 5 23 56 19 17 0 19 12 4 23 19 33 13 7 15 26 18 23 19 4 15 16 23 43 39 9 65 16 12 5 48 0 4 35 19 4 8 11 44 38 39 9 10 32 17 14 6 10 5 23 56 19 0 1 12 19 4 23 19 33 13 7 15 26 18 23 19 4 16 15 43 23 39 9 19 4 12 10 44 38 39 9 65 16 5 8 0 14 4 35 10 32 14 17 10 6 5 23 56 19 1 0 19 12 4 23 19 33 13 3 15 26 18 23 19 4 15 16 23 43 39 9 19 4 7 12 38 44 39 9 56 12 14 9 0 14 4 23 8286080.0687499996
56 19 0 1 12 19 4 23 65 33 4 11 48 14 47 48 19 4 15 8 23 43 39 9 10 32 16 12 6 10 5 23 19 4 17 10 44 38 39 9 19 33 13 3 15 26 18 23 65 16 14 5 48 0 4 35 56 19 1 0 19 12 4 23 19 4 15 8 23 43 39 9 10 32 12 16 10 6 5 23 19 4 7 17 38 44 39 9 19 33 13 11 15 26 18 23 65 33 3 4 14 48 47 48 56 19 0 1 12 19 4 23 19 4 8 15 43 23 39 9 10 32 16 14 6 10 5 23 19 4 10 17 38 44 39 9 19 33 13 7 15 26 18 23 56 12 9 12 14 0 4 23 56 19 1 0 19 12 4 23 8243978.1847500000
56 12 9 14 14 0 4 23 56 19 0 16 12 19 4 23 19 4 17 8 44 43 39 9 10 32 1 12 6 10 5 23 19 33 13 7 15 26 18 23 19 4 15 10 23 38 39 9 65 33 3 4 14 48 47 48 56 19 0 16 12 19 4 23 19 4 8 17 44 43 39 9 10 32 1 14 6 10 5 23 19 33 13 11 15 26 18 23 56 12 18 12 14 0 4 23 19 4 15 10 23 38 39 9 56 19 0 16 12 19 4 23 19 4 8 17 44 43 39 9 10 32 14 1 10 6 5 23 19 33 13 7 15 26 18 23 65 16 5 12 0 48 4 35 19 4 11 15 38 23 39 9 56 19 0 16 12 19 4 23 8248255.3942500008
56 19 16 0 19 12 4 23 19 4 17 15 43 23 39 9 65 16 5 14 0 48 4 35 19 33 13 7 15 26 18 23 19 4 10 8 38 44 39 9 10 32 12 1 10 6 5 23 56 19 16 0 19 12 4 23 19 4 15 17 23 43 39 9 65 16 14 5 48 0 4 35 19 33 13 3 15 26 18 23 19 4 7 1 38 44 39 9 10 32 8 12 6 10 5 23 56 19 0 16 12 19 4 23 19 4 15 17 23 43 39 9 65 16 5 14 0 48 4 35 19 33 13 3 15 26 18 23 19 4 1 10 44 38 39 9 10 32 8 12 6 10 5 23 56 19 16 0 19 12 4 23 65 33 11 4 14 48 47 48 8256238.2915000003
56 12 12 18 0 14 4 23 19 4 17 15 44 23 39 9 10 32 8 14 6 10 5 23 19 33 13 3 15 26 18 23 56 19 1 0 19 12 4 23 19 4 10 16 38 43 39 9 65 16 5 17 0 14 4 35 19 4 12 15 44 23 39 9 10 32 14 8 10 6 5 23 19 33 11 13 26 15 18 23 56 19 1 0 19 12 4 23 19 4 16 7 43 38 39 9 56 12 12 9 0 14 4 23 19 4 15 17 23 44 39 9 10 32 8 14 6 10 5 23 19 33 13 11 15 26 18 23 56 19 1 0 19 12 4 23 19 4 16 7 43 38 39 9 65 16 5 12 0 48 4 35 10 32 17 15 6 23 5 23 8256447.5829999996
56 19 0 1 12 19 4 23 65 16 5 14 0 48 4 35 19 33 13 11 15 26 18 23 10 32 12 17 10 6 5 23 19 4 15 16 23 43 39 9 19 4 8 10 44 38 39 9 56 19 0 1 12 19 4 23 65 16 14 5 48 0 4 35 19 33 13 3 15 26 18 23 10 32 17 12 6 10 5 23 19 4 15 16 23 43 39 9 19 4 1 11 44 38 39 9 56 19 8 0 19 12 4 23 65 16 5 14 0 48 4 35 19 33 13 3 15 26 18 23 10 32 12 17 10 6 5 23 19 4 10 15 38 23 39 9 19 4 1 16 44 43 39 9 56 19 0 8 12 19 4 23 65 33 4 7 48 14 47 48 8258285.9090000000
65 16 14 1 48 14 47 35 56 19 17 0 19 12 4 23 19 4 10 16 38 43 39 9 19 4 12 15 44 23 39 9 19 33 13 3 15 26 18 23 10 32 14 8 10 6 5 23 65 16 5 1 0 14 4 35 56 19 0 17 12 19 4 23 19 4 16 7 43 38 39 9 19 4 15 12 23 44 39 9 19 33 13 11 15 26 18 23 10 32 14 8 10 6 5 23 65 33 3 4 14 48 47 48 56 19 1 0 19 12 4 23 19 4 16 17 43 44 39 9 19 4 7 15 38 23 39 9 19 33 13 11 15 26 18 23 10 32 14 8 10 6 5 23 65 16 12 5 48 0 4 35 56 19 1 0 19 12 4 23 8258940.6582499994
56 12 18 12 14 0 4 23 56 19 16 0 19 12 4 23 10 32 8 14 6 10 5 23 19 33 13 3 15 26 18 23 19 4 15 1 23 44 39 9 19 4 10 17 38 43 39 9 65 16 5 12 0 48 4 35 56 19 0 16 12 19 4 23 10 32 8 14 6 10 5 23 19 33 11 13 26 15 18 23 19 4 1 7 44 38 39 9 19 4 15 17 23 43 39 9 65 12 19 6 48 14 4 11 56 19 0 8 12 19 4 23 10 32 16 12 6 10 5 23 19 33 3 13 26 15 18 23 19 4 14 7 44 38 39 9 19 4 17 15 43 23 39 9 65 33 11 4 14 48 47 48 56 19 1 0 19 12 4 23 8260088.2234999994
56 19 0 1 12 19 4 23 19 33 13 3 15 26 18 23 65 33 11 4 14 48 4 11 10 32 17 14 6 10 5 23 19 4 15 16 23 43 39 9 19 4 7 8 38 44 39 9 56 19 0 1 12 19 4 23 19 33 13 3 15 26 18 23 65 16 12 5 48 0 4 35 10 32 14 17 10 6 5 23 19 4 15 16 23 43 39 9 19 4 8 11 44 38 39 9 56 19 0 1 12 19 4 23 19 33 7 13 26 15 18 23 65 16 12 5 48 0 4 35 10 32 14 17 10 6 5 23 19 4 15 10 23 38 39 9 19 4 1 16 44 43 39 9 56 19 8 0 19 12 4 23 10 27 13 11 14 48 47 47 8280740.7980000004
56 19 16 0 19 12 4 23 10 27 4 8 48 14 47 47 19 33 13 3 15 26 18 23 10 32 12 1 10 6 5 23 19 4 17 14 43 44 39 9 19 4 15 10 23 38 39 9 56 19 0 16 12 19 4 23 65 33 11 4 14 48 47 48 19 33 13 3 15 26 18 23 10 32 8 12 6 10 5 23 19 4 7 17 38 43 39 9 19 4 1 15 44 23 39 9 56 19 0 16 12 19 4 23 65 16 14 5 48 0 4 35 19 33 13 11 15 26 18 23 10 32 12 8 10 6 5 23 19 4 17 7 44 38 39 9 19 4 15 16 23 43 39 9 56 19 1 0 19 12 4 23 56 12 14 18 0 14 4 23 8281238.1802499993
65 16 5 8 0 14 4 35 19 4 12 10 44 38 39 9 10 32 14 1 10 6 5 23 56 19 17 0 19 12 4 23 19 33 13 7 15 26 18 23 19 4 15 16 23 43 39 9 65 16 12 5 48 0 4 35 19 4 8 11 44 38 39 9 10 32 17 14 6 10 5 23 56 19 0 1 12 19 4 23 19 33 13 7 15 26 18 23 19 4 16 15 43 23 39 9 19 4 12 10 44 38 39 9 65 16 5 8 0 14 4 35 10 32 14 17 10 6 5 23 56 19 1 0 19 12 4 23 19 33 13 3 15 26 18 23 19 4 15 16 23 43 39 9 19 4 7 12 38 44 39 9 56 12 14 9 0 14 4 23 8286080.0687499996
56 19 0 1 12 19 4 23 65 33 4 11 48 14 47 48 19 4 15 8 23 43 39 9 10 32 16 12 6 10 5 23 19 4 17 10 44 38 39 9 19 33 13 3 15 26 18 23 65 16 14 5 48 0 4 35 56 19 1 0 19 12 4 23 19 4 15 8 23 43 39 9 10 32 12 16 10 6 5 23 19 4 7 17 38 44 39 9 19 33 13 11 15 26 18 23 65 33 3 4 14 48 47 48 56 19 0 1 12 19 4 23 19 4 8 15 43 23 39 9 10 32 16 14 6 10 5 23 19 4 10 17 38 44 39 9 19 33 13 7 15 26 18 23 56 12 9 12 14 0 4 23 56 19 1 0 19 12 4 23 8243978.1847500000
56 12 9 14 14 0 4 23 56 19 0 16 12 19 4 23 19 4 17 8 44 43 39 9 10 32 1 12 6 10 5 23 19 33 13 7 15 26 18 23 19 4 15 10 23 38 39 9 65 33 3 4 14 48 47 48 56 19 0 16 12 19 4 23 19 4 8 17 44 43 39 9 10 32 1 14 6 10 5 23 19 33 13 11 15 26 18 23 56 12 18 12 14 0 4 23 19 4 15 10 23 38 39 9 56 19 0 16 12 19 4 23 19 4 8 17 44 43 39 9 10 32 14 1 10 6 5 23 19 33 13 7 15 26 18 23 65 16 5 12 0 48 4 35 19 4 11 15 38 23 39 9 56 19 0 16 12 19 4 23 8248255.3942500008
56 19 16 0 19 12 4 23 19 4 17 15 43 23 39 9 65 16 5 14 0 48 4 35 19 33 13 7 15 26 18 23 19 4 10 8 38 44 39 9 10 32 12 1 10 6 5 23 56 19 16 0 19 12 4 23 19 4 15 17 23 43 39 9 65 16 14 5 48 0 4 35 19 33 13 3 15 26 18 23 19 4 7 1 38 44 39 9 10 32 8 12 6 10 5 23 56 19 0 16 12 19 4 23 19 4 15 17 23 43 39 9 65 16 5 14 0 48 4 35 19 33 13 3 15 26 18 23 19 4 1 10 44 38 39 9 10 32 8 12 6 10 5 23 56 19 16 0 19 12 4 23 65 33 11 4 14 48 47 48 8256238.2915000003
56 12 12 18 0 14 4 23 19 4 17 15 44 23 39 9 10 32 8 14 6 10 5 23 19 33 13 3 15 26 18 23 56 19 1 0 19 12 4 23 19 4 10 16 38 43 39 9 65 16 5 17 0 14 4 35 19 4 12 15 44 23 39 9 10 32 14 8 10 6 5 23 19 33 11 13 26 15 18 23 56 19 1 0 19 12 4 23 19 4 16 7 43 38 39 9 56 12 12 9 0 14 4 23 19 4 15 17 23 44 39 9 10 32 8 14 6 10 5 23 19 33 13 11 15 26 18 23 56 19 1 0 19 12 4 23 19 4 16 7 43 38 39 9 65 16 5 12 0 48 4 35 10 32 17 15 6 23 5 23 8256447.5829999996
56 19 0 1 12 19 4 23 65 16 5 14 0 48 4 35 19 33 13 11 15 26 18 23 10 32 12 17 10 6 5 23 19 4 15 16 23 43 39 9 19 4 8 10 44 38 39 9 56 19 0 1 12 19 4 23 65 16 14 5 48 0 4 35 19 33 13 3 15 26 18 23 10 32 17 12 6 10 5 23 19 4 15 16 23 43 39 9 19 4 1 11 44 38 39 9 56 19 8 0 19 12 4 23 65 16 5 14 0 48 4 35 19 33 13 3 15 26 18 23 10 32 12 17 10 6 5 23 19 4 10 15 38 23 39 9 19 4 1 16 44 43 39 9 56 19 0 8 12 19 4 23 65 33 4 7 48 14 47 48 8258285.9090000000
65 16 14 1 48 14 47 35 56 19 17 0 19 12 4 23 19 4 10 16 38 43 39 9 19 4 12 15 44 23 39 9 19 33 13 3 15 26 18 23 10 32 14 8 10 6 5 23 65 16 5 1 0 14 4 35 56 19 0 17 12 19 4 23 19 4 16 7 43 38 39 9 19 4 15 12 23 44 39 9 19 33 13 11 15 26 18 23 10 32 14 8 10 6 5 23 65 33 3 4 14 48 47 48 56 19 1 0 19 12 4 23 19 4 16 17 43 44 39 9 19 4 7 15 38 23 39 9 19 33 13 11 15 26 18 23 10 32 14 8 10 6 5 23 65 16 12 5 48 0 4 35 56 19 1 0 19 12 4 23 8258940.6582499994
56 12 18 12 14 0 4 23 56 19 16 0 19 12 4 23 10 32 8 14 6 10 5 23 19 33 13 3 15 26 18 23 19 4 15 1 23 44 39 9 19 4 10 17 38 43 39 9 65 16 5 12 0 48 4 35 56 19 0 16 12 19 4 23 10 32 8 14 6 10 5 23 19 33 11 13 26 15 18 23 19 4 1 7 44 38 39 9 19 4 15 17 23 43 39 9 65 12 19 6 48 14 4 11 56 19 0 8 12 19 4 23 10 32 16 12 6 10 5 23 19 33 3 13 26 15 18 23 19 4 14 7 44 38 39 9 19 4 17 15 43 23 39 9 65 33 11 4 14 48 47 48 56 19 1 0 19 12 4 23 8260088.2234999994
56 19 0 1 12 19 4 23 19 33 13 3 15 26 18 23 65 33 11 4 14 48 4 11 10 32 17 14 6 10 5 23 19 4 15 16 23 43 39 9 19 4 7 8 38 44 39 9 56 19 0 1 12 19 4 23 19 33 13 3 15 26 18 23 65 16 12 5 48 0 4 35 10 32 14 17 10 6 5 23 19 4 15 16 23 43 39 9 19 4 8 11 44 38 39 9 56 19 0 1 12 19 4 23 19 33 7 13 26 15 18 23 65 16 12 5 48 0 4 35 10 32 14 17 10 6 5 23 19 4 15 10 23 38 39 9 19 4 1 16 44 43 39 9 56 19 8 0 19 12 4 23 10 27 13 11 14 48 47 47 8280740.7980000004
56 19 16 0 19 12 4 23 10 27 4 8 48 14 47 47 19 33 13 3 15 26 18 23 10 32 12 1 10 6 5 23 19 4 17 14 43 44 39 9 19 4 15 10 23 38 39 9 56 19 0 16 12 19 4 23 65 33 11 4 14 48 47 48 19 33 13 3 15 26 18 23 10 32 8 12 6 10 5 23 19 4 7 17 38 43 39 9 19 4 1 15 44 23 39 9 56 19 0 16 12 19 4 23 65 16 14 5 48 0 4 35 19 33 13 11 15 26 18 23 10 32 12 8 10 6 5 23 19 4 17 7 44 38 39 9 19 4 15 16 23 43 39 9 56 19 1 0 19 12 4 23 56 12 14 18 0 14 4 23 8281238.1802499993
65 16 5 8 0 14 4 35 19 4 12 10 44 38 39 9 10 32 14 1 10 6 5 23 56 19 17 0 19 12 4 23 19 33 13 7 15 26 18 23 19 4 15 16 23 43 39 9 65 16 12 5 48 0 4 35 19 4 8 11 44 38 39 9 10 32 17 14 6 10 5 23 56 19 0 1 12 19 4 23 19 33 13 7 15 26 18 23 19 4 16 15 43 23 39 9 19 4 12 10 44 38 39 9 65 16 5 8 0 14 4 35 10 32 14 17 10 6 5 23 56 19 1 0 19 12 4 23 19 33 13 3 15 26 18 23 19 4 15 16 23 43 39 9 19 4 7 12 38 44 39 9 56 12 14 9 0 14 4 23 8286080.0687499996
