10244392.3873055559
10279830.1394999996
10262657.3774722219
10252497.1424722224
10261709.3896666672
10260401.8919166643
10252540.1641944461
10244641.8922777753
10252564.8872500006
10229439.9139166679
10243380.1474166680
10251709.6474166680
10275499.8866666667
10250647.1489444431
10242325.1394722220
10259286.8873611111
10270314.6308611110
10259889.6371388901
10282294.3864722196
10268897.6256111097
10275622.1541388892
10245972.3919444419
10263614.3820833340
10260255.1400000006
10252139.9168888889
10267797.6317777764
10260535.1495277770
10249004.6420277767
10259177.1301388890
10247596.8867500015
10251629.6393888909
10261447.1323888898
10268454.3793333303
10264502.6422777791
10263357.1464999989
