Current Evaluation = 180(180)
Front Size = 10
0 2 7 1 2 7 1 2 7 5 31 3 0 2 7 0 2 7 1 2 7 0 2 7 1 2 7 0 2 7 12 16 2 13 6 3 0 2 7 0 2 7 0 2 7 1 2 7 17 9 2 0 2 7 17 9 2 5 30 3 0 20.2646257877349854
1 2 7 0 2 7 13 6 3 17 9 2 0 2 7 0 2 7 0 2 7 0 2 7 5 31 3 0 2 7 12 16 2 1 2 7 0 2 7 1 2 7 5 30 3 1 2 7 17 18 2 1 2 7 0 2 7 0 2 7 0 20.2646257877349854
0 2 7 1 2 7 0 2 7 5 31 3 1 2 7 0 2 7 1 2 4 1 2 7 0 2 7 12 16 2 0 2 7 0 2 7 0 2 7 0 2 7 5 30 3 0 2 7 17 9 2 1 2 7 0 2 7 16 31 2 0 20.4679278135299683
0 2 7 0 2 7 16 6 2 5 31 3 1 2 7 0 2 7 0 2 7 0 2 7 0 2 7 0 2 4 1 2 7 0 2 7 0 2 7 1 2 7 12 16 2 5 31 3 17 9 2 1 2 7 6 2 4 0 2 7 0 20.4595978856086731
0 2 7 1 2 7 17 9 2 0 2 7 0 2 7 0 2 7 1 2 7 1 2 7 0 2 7 1 2 4 0 2 7 1 2 7 0 2 7 0 2 7 5 31 3 0 2 7 17 9 2 0 2 7 1 2 4 5 31 3 0 20.4687459468841553
0 2 7 1 2 7 16 6 2 1 2 7 0 2 7 0 2 7 0 2 4 6 2 7 1 2 7 0 2 7 12 16 2 0 2 7 0 2 7 0 2 7 5 31 3 0 2 7 17 9 2 0 2 4 1 2 7 5 31 3 0 20.4595978856086731
1 2 3 1 2 4 0 2 7 17 18 2 5 30 3 1 2 7 0 2 4 0 2 7 0 2 7 12 16 2 16 31 2 0 2 7 5 31 3 0 2 7 0 2 7 1 2 7 0 2 7 0 2 7 0 2 7 1 2 7 0 20.5479278564453125
0 2 10 1 2 4 17 9 2 0 2 7 0 2 7 0 2 7 1 2 7 0 2 7 0 2 10 1 2 4 0 2 7 1 2 7 0 2 7 1 2 7 5 31 3 0 2 7 17 9 2 0 2 7 1 2 3 5 30 3 0 20.5764669179916382
0 2 7 1 2 4 0 2 7 17 18 2 0 2 7 0 2 7 1 2 7 0 2 10 1 2 7 1 2 7 0 2 7 0 2 4 0 2 7 1 2 10 5 31 3 1 2 7 17 18 2 0 2 7 0 2 3 5 30 3 0 20.5764669179916382
0 2 7 0 2 7 0 2 7 17 18 2 0 2 4 1 2 7 0 2 7 0 2 4 1 2 7 1 2 11 1 2 11 0 2 7 0 2 4 1 2 7 5 31 3 1 2 7 17 18 2 0 2 7 0 2 10 5 30 3 0 20.6016668081283569

Current Evaluation = 360(360)
Front Size = 10
1 2 7 0 2 7 13 6 3 17 9 2 0 2 7 0 2 7 0 2 7 0 2 7 5 31 3 0 2 7 12 16 2 1 2 7 0 2 7 1 2 7 5 30 3 1 2 7 17 18 2 1 2 7 0 2 7 0 2 7 0 20.2646257877349854
0 2 7 1 2 7 1 2 7 5 31 3 0 2 7 0 2 7 1 2 7 0 2 7 1 2 7 0 2 7 12 16 2 13 6 3 0 2 7 0 2 7 0 2 7 1 2 7 17 9 2 0 2 7 17 9 2 5 30 3 0 20.2646257877349854
6 2 4 1 2 7 0 2 7 5 31 3 0 2 7 5 31 3 0 2 7 1 2 7 0 2 7 0 2 7 1 2 7 16 6 2 0 2 7 0 2 7 0 2 7 12 16 2 0 2 4 1 2 7 17 9 2 0 2 7 0 20.4595978856086731
0 2 7 1 2 7 17 18 2 1 2 7 5 31 3 0 2 7 0 2 7 0 2 7 0 2 7 1 2 7 0 2 4 0 2 7 0 2 4 6 2 7 12 16 2 0 2 7 0 2 7 16 6 2 1 2 7 5 31 3 0 20.4595978856086731
0 2 7 1 2 7 17 9 2 0 2 7 0 2 7 0 2 7 1 2 7 0 2 7 1 2 7 1 2 4 0 2 7 0 2 7 0 2 7 1 2 4 5 31 3 0 2 7 17 9 2 0 2 7 1 2 7 5 31 3 0 20.4687459468841553
0 2 7 0 2 7 17 18 2 6 2 7 0 2 7 1 2 7 0 2 7 0 2 7 1 2 4 5 31 3 0 2 7 0 2 7 16 6 2 0 2 7 1 2 7 1 2 4 12 16 2 0 2 7 0 2 7 5 31 3 0 20.4595978856086731
1 2 3 1 2 4 0 2 7 17 18 2 5 30 3 1 2 7 0 2 4 0 2 7 0 2 7 12 16 2 16 31 2 0 2 7 5 31 3 0 2 7 0 2 7 1 2 7 0 2 7 0 2 7 0 2 7 1 2 7 0 20.5479278564453125
0 2 7 1 2 4 0 2 7 17 18 2 0 2 7 0 2 7 1 2 7 0 2 10 1 2 7 1 2 7 0 2 7 0 2 4 0 2 7 1 2 10 5 31 3 1 2 7 17 18 2 0 2 7 0 2 3 5 30 3 0 20.5764669179916382
0 2 7 0 2 7 0 2 7 17 18 2 0 2 4 1 2 7 0 2 7 0 2 4 1 2 7 1 2 11 1 2 11 0 2 7 0 2 4 1 2 7 5 31 3 1 2 7 17 18 2 0 2 7 0 2 10 5 30 3 0 20.6016668081283569
0 2 7 0 2 7 17 18 2 6 2 7 0 2 7 0 2 7 0 2 7 0 2 7 1 2 4 1 2 4 0 2 7 0 2 7 0 6 2 0 2 7 5 31 7 1 2 4 12 9 2 0 2 7 0 2 7 5 31 3 157481.924915259617 20.239916980266571

Current Evaluation = 540(540)
Front Size = 10
0 2 7 1 2 7 1 2 7 5 31 3 0 2 7 0 2 7 1 2 7 0 2 7 1 2 7 0 2 7 12 16 2 13 6 3 0 2 7 0 2 7 0 2 7 1 2 7 17 9 2 0 2 7 17 9 2 5 30 3 0 20.2646257877349854
1 2 7 0 2 7 13 6 3 17 9 2 0 2 7 0 2 7 0 2 7 0 2 7 1 2 7 1 2 7 12 16 2 0 2 7 1 2 7 0 2 7 5 30 3 0 2 7 17 18 2 0 2 7 1 2 7 5 31 3 0 20.2646257877349854
1 2 7 1 2 7 13 6 3 17 18 2 0 2 7 0 2 7 0 2 7 0 2 7 0 2 7 1 2 7 12 16 2 0 2 7 0 2 7 1 2 7 5 30 3 0 2 7 17 18 2 0 2 7 1 2 7 5 31 3 0 20.2646257877349854
6 2 4 1 2 7 0 2 7 5 31 3 0 2 7 5 31 3 0 2 7 1 2 7 0 2 7 0 2 7 1 2 7 16 6 2 0 2 7 0 2 7 0 2 7 12 16 2 0 2 4 1 2 7 17 9 2 0 2 7 0 20.4595978856086731
0 2 7 1 2 7 17 18 2 1 2 7 5 31 3 0 2 7 0 2 7 0 2 7 0 2 7 1 2 7 0 2 4 0 2 7 0 2 4 6 2 7 12 16 2 0 2 7 0 2 7 16 6 2 1 2 7 5 31 3 0 20.4595978856086731
0 2 7 1 2 7 17 9 2 0 2 7 0 2 7 0 2 7 1 2 7 0 2 7 1 2 7 1 2 4 0 2 7 0 2 7 0 2 7 1 2 4 5 31 3 0 2 7 17 9 2 0 2 7 1 2 7 5 31 3 0 20.4687459468841553
1 2 3 1 2 4 0 2 7 17 18 2 5 30 3 1 2 7 0 2 4 0 2 7 0 2 7 12 16 2 16 31 2 0 2 7 5 31 3 0 2 7 0 2 7 1 2 7 0 2 7 0 2 7 0 2 7 1 2 7 0 20.5479278564453125
0 2 7 0 2 7 17 18 2 6 2 7 0 2 7 1 2 7 0 2 7 0 2 7 1 2 4 5 31 3 0 2 7 0 2 7 16 6 2 0 2 7 1 2 7 1 2 4 12 16 2 0 2 7 0 2 7 5 31 3 0 20.4595978856086731
0 2 7 0 2 7 1 2 10 17 18 2 0 2 7 0 2 7 0 2 4 1 2 7 1 2 10 0 2 7 0 2 7 0 2 4 1 2 7 0 2 7 5 31 3 1 2 3 17 18 2 1 2 7 0 2 7 5 30 3 0 20.5764669179916382
0 2 10 0 2 7 0 2 7 17 18 2 0 2 4 1 2 7 0 2 7 0 2 10 1 2 7 1 2 7 1 2 4 0 2 3 0 2 7 1 2 7 5 31 3 1 2 7 17 18 2 0 2 7 0 2 7 5 30 3 0 20.5764669179916382

Current Evaluation = 720(720)
Front Size = 10
1 2 7 0 2 7 13 6 3 17 18 2 0 2 7 0 2 7 0 2 7 0 2 7 1 2 7 1 2 7 12 16 2 0 2 7 1 2 7 0 2 7 5 30 3 0 2 7 17 18 2 0 2 7 1 2 7 5 31 3 0 20.2646257877349854
1 2 7 0 2 7 13 6 3 17 9 2 0 2 7 0 2 7 0 2 7 0 2 7 1 2 7 1 2 7 12 16 2 0 2 7 1 2 7 0 2 7 5 30 3 0 2 7 17 18 2 0 2 7 1 2 7 5 31 3 0 20.2646257877349854
0 2 7 0 2 7 5 30 3 17 9 2 1 2 7 1 2 7 0 2 7 0 2 7 0 2 7 0 2 7 12 16 2 1 2 7 0 2 7 0 2 7 0 2 7 1 2 7 17 9 2 1 2 7 5 31 3 13 6 3 0 20.2646257877349854
6 2 4 1 2 7 0 2 7 5 31 3 0 2 7 5 31 3 0 2 7 1 2 7 0 2 7 0 2 7 1 2 7 16 6 2 0 2 7 0 2 7 0 2 7 12 16 2 0 2 4 1 2 7 17 9 2 0 2 7 0 20.4595978856086731
0 2 7 1 2 7 17 18 2 1 2 7 5 31 3 0 2 7 0 2 7 0 2 7 0 2 7 1 2 7 0 2 4 0 2 7 0 2 4 6 2 7 12 16 2 0 2 7 0 2 7 16 6 2 1 2 7 5 31 3 0 20.4595978856086731
17 9 2 0 2 7 12 16 2 17 9 2 5 30 3 0 2 7 1 2 7 0 2 7 0 2 7 13 6 3 6 2 7 5 31 3 1 2 7 0 2 4 12 16 2 1 2 7 1 2 4 0 2 7 0 2 7 0 2 7 0 20.3487167954444885
0 2 7 0 2 7 17 18 2 6 2 7 0 2 7 1 2 7 0 2 7 0 2 7 1 2 4 5 31 3 0 2 7 0 2 7 16 6 2 0 2 7 1 2 7 1 2 4 12 16 2 0 2 7 0 2 7 5 31 3 0 20.4595978856086731
0 2 10 0 2 7 0 2 7 17 18 2 0 2 4 1 2 7 0 2 7 0 2 10 1 2 7 1 2 7 1 2 4 0 2 3 0 2 7 1 2 7 5 31 3 1 2 7 17 18 2 0 2 7 0 2 7 5 30 3 0 20.5764669179916382
0 2 7 0 2 7 17 2 7 17 2 7 0 2 3 1 2 7 0 2 7 0 2 10 1 2 7 1 2 7 1 2 4 0 2 3 0 2 7 1 2 7 12 31 3 0 2 7 0 18 2 16 2 7 1 2 7 5 30 3 203787.392914321041 20.275238037109375
0 2 7 1 2 7 0 2 7 16 31 2 0 2 7 17 18 2 0 2 3 0 2 7 1 2 3 1 2 7 1 2 7 0 2 7 0 2 3 0 2 3 5 30 3 1 2 7 1 2 11 0 2 7 0 2 7 5 30 3 0 20.6688988208770752

Current Evaluation = 900(900)
Front Size = 10
1 2 7 0 2 7 13 6 3 17 18 2 0 2 7 0 2 7 0 2 7 0 2 7 1 2 7 1 2 7 12 16 2 0 2 7 1 2 7 0 2 7 5 30 3 0 2 7 17 18 2 0 2 7 1 2 7 5 31 3 0 20.2646257877349854
1 2 7 1 2 7 17 18 2 17 9 2 13 6 3 0 2 7 0 2 7 0 2 7 0 2 7 1 2 7 0 2 7 1 2 7 1 2 7 0 2 7 12 16 2 5 31 3 0 2 7 0 2 7 0 2 7 5 30 3 0 20.2646257877349854
17 9 2 0 2 7 0 2 7 17 9 2 5 30 3 0 2 7 1 2 7 0 2 7 0 2 7 13 6 3 1 2 7 5 31 3 0 2 7 0 2 7 12 16 2 1 2 7 1 2 7 0 2 7 0 2 7 1 2 7 0 20.2646257877349854
6 2 4 1 2 7 0 2 7 5 31 3 0 2 7 5 31 3 0 2 7 1 2 7 0 2 7 0 2 7 1 2 7 16 6 2 0 2 7 0 2 7 0 2 7 12 16 2 0 2 4 1 2 7 17 9 2 0 2 7 0 20.4595978856086731
0 2 7 1 2 7 17 18 2 1 2 7 5 31 3 0 2 7 0 2 7 0 2 7 0 2 7 1 2 7 0 2 4 0 2 7 0 2 4 6 2 7 12 16 2 0 2 7 0 2 7 16 6 2 1 2 7 5 31 3 0 20.4595978856086731
17 9 2 0 2 7 12 16 2 17 9 2 5 30 3 0 2 7 1 2 7 0 2 7 0 2 7 13 6 3 6 2 7 5 31 3 1 2 7 0 2 4 12 16 2 1 2 7 1 2 4 0 2 7 0 2 7 0 2 7 0 20.3487167954444885
0 2 7 0 2 7 17 18 2 6 2 7 0 2 7 1 2 7 0 2 7 0 2 7 1 2 4 5 31 3 0 2 7 0 2 7 16 6 2 0 2 7 1 2 7 1 2 4 12 16 2 0 2 7 0 2 7 5 31 3 0 20.4595978856086731
0 2 10 0 2 7 0 2 7 17 18 2 0 2 4 1 2 7 0 2 7 0 2 10 1 2 7 1 2 7 1 2 4 0 2 3 0 2 7 1 2 7 5 31 3 1 2 7 17 18 2 0 2 7 0 2 7 5 30 3 0 20.5764669179916382
0 2 7 1 2 7 0 2 7 16 31 2 0 2 7 17 18 2 0 2 3 0 2 7 1 2 3 1 2 7 1 2 7 0 2 7 0 2 3 0 2 3 5 30 3 1 2 7 1 2 11 0 2 7 0 2 7 5 30 3 0 20.6688988208770752
0 2 3 1 2 3 0 2 7 16 30 2 0 2 7 1 2 3 0 2 7 5 30 3 1 2 3 0 2 3 0 2 3 0 2 7 16 6 2 1 2 7 0 2 3 0 2 7 12 16 2 0 2 3 1 2 7 5 31 3 0 20.9838579893112183

Current Evaluation = 1080(1080)
Front Size = 10
1 2 7 0 2 7 13 6 3 17 18 2 0 2 7 0 2 7 0 2 7 0 2 7 1 2 7 1 2 7 12 16 2 0 2 7 1 2 7 0 2 7 5 30 3 0 2 7 17 18 2 0 2 7 1 2 7 5 31 3 0 20.2646257877349854
0 2 7 0 2 7 17 9 2 17 18 2 12 16 2 1 2 7 0 2 7 1 2 7 1 2 7 0 2 7 0 2 7 5 30 3 5 31 3 0 2 7 0 2 7 1 2 7 1 2 7 0 2 7 0 2 7 13 6 3 0 20.2646257877349854
17 9 2 0 2 7 1 2 7 0 2 7 1 2 7 0 2 7 0 2 7 5 31 3 0 2 7 13 6 3 1 2 7 5 30 3 12 16 2 0 2 7 1 2 7 0 2 7 17 9 2 1 2 7 0 2 7 0 2 7 0 20.2646257877349854
17 9 2 0 2 7 12 16 2 17 9 2 5 30 3 0 2 7 1 2 7 0 2 7 0 2 7 13 6 3 6 2 7 5 31 3 1 2 7 0 2 4 12 16 2 1 2 7 1 2 4 0 2 7 0 2 7 0 2 7 0 20.3487167954444885
6 2 4 1 2 7 0 2 7 5 31 3 0 2 7 5 31 3 0 2 7 1 2 7 0 2 7 0 2 7 1 2 7 16 6 2 0 2 7 0 2 7 0 2 7 12 16 2 0 2 4 1 2 7 17 9 2 0 2 7 0 20.4595978856086731
0 2 7 0 2 7 17 18 2 6 2 7 0 2 7 1 2 7 0 2 7 0 2 7 1 2 4 5 31 3 0 2 7 0 2 7 16 6 2 0 2 7 1 2 7 1 2 4 12 16 2 0 2 7 0 2 7 5 31 3 0 20.4595978856086731
13 6 3 0 2 4 1 2 7 16 31 2 1 2 7 12 16 2 0 2 7 1 2 4 12 16 2 0 2 7 17 9 2 1 2 7 5 30 3 0 2 7 12 16 2 0 2 7 5 30 3 0 2 7 0 2 3 0 2 7 0 20.4516056776046753
0 2 7 1 2 7 0 2 7 16 31 2 0 2 7 17 18 2 0 2 3 0 2 7 1 2 3 1 2 7 1 2 7 0 2 7 0 2 3 0 2 3 5 30 3 1 2 7 1 2 11 0 2 7 0 2 7 5 30 3 0 20.6688988208770752
0 2 3 1 2 3 0 2 7 16 30 2 0 2 7 1 2 3 0 2 7 5 30 3 1 2 3 0 2 3 0 2 3 0 2 7 16 6 2 1 2 7 0 2 3 0 2 7 12 16 2 0 2 3 1 2 7 5 31 3 0 20.9838579893112183
6 2 7 0 2 7 17 2 7 5 31 3 0 2 7 1 31 7 0 2 7 0 2 7 0 2 4 5 2 7 0 2 7 0 2 2 16 6 7 0 2 7 0 2 7 1 16 4 0 2 2 0 2 7 17 2 7 5 31 3 547477.291230465518 20.7872192859649658

Current Evaluation = 1260(1260)
Front Size = 10
1 2 7 0 2 7 13 6 3 17 18 2 0 2 7 0 2 7 0 2 7 0 2 7 1 2 7 1 2 7 12 16 2 0 2 7 1 2 7 0 2 7 5 30 3 0 2 7 17 18 2 0 2 7 1 2 7 5 31 3 0 20.2646257877349854
1 2 7 0 2 7 13 6 3 17 18 2 0 2 7 0 2 7 0 2 7 0 2 7 1 2 7 0 2 7 12 16 2 0 2 7 0 2 7 1 2 7 1 2 7 0 2 7 17 9 2 5 31 3 1 2 7 5 30 3 0 20.2646257877349854
17 9 2 0 2 7 1 2 7 0 2 7 1 2 7 0 2 7 0 2 7 5 31 3 0 2 7 13 6 3 1 2 7 5 30 3 12 16 2 0 2 7 1 2 7 0 2 7 17 9 2 1 2 7 0 2 7 0 2 7 0 20.2646257877349854
17 18 2 6 2 7 0 2 7 5 31 3 0 2 7 12 16 2 1 2 7 0 2 7 1 2 7 0 2 7 0 2 7 17 18 2 0 2 7 5 30 3 12 16 2 0 2 4 1 2 4 0 2 7 13 6 3 1 2 7 0 20.3487167954444885
17 9 2 0 2 7 12 16 2 17 9 2 5 30 3 0 2 7 1 2 7 0 2 7 0 2 7 13 6 3 6 2 7 5 31 3 1 2 7 0 2 4 12 16 2 1 2 7 1 2 4 0 2 7 0 2 7 0 2 7 0 20.3487167954444885
17 18 2 1 2 7 12 16 2 0 2 7 0 2 7 1 2 7 0 2 7 0 2 7 0 2 7 5 30 3 0 2 4 17 18 2 1 2 7 5 31 3 12 16 2 1 2 7 13 6 3 0 2 7 6 2 7 0 2 4 0 20.3487167954444885
6 2 4 1 2 7 0 2 7 5 31 3 0 2 7 5 31 3 0 2 7 1 2 7 0 2 7 0 2 7 1 2 7 16 6 2 0 2 7 0 2 7 0 2 7 12 16 2 0 2 4 1 2 7 17 9 2 0 2 7 0 20.4595978856086731
13 6 3 0 2 4 1 2 7 16 31 2 1 2 7 12 16 2 0 2 7 1 2 4 12 16 2 0 2 7 17 9 2 1 2 7 5 30 3 0 2 7 12 16 2 0 2 7 5 30 3 0 2 7 0 2 3 0 2 7 0 20.4516056776046753
0 2 7 0 2 7 17 18 2 6 2 7 0 2 7 1 2 7 0 2 7 0 2 7 1 2 4 5 31 3 0 2 7 0 2 7 16 6 2 0 2 7 1 2 7 1 2 4 12 16 2 0 2 7 0 2 7 5 31 3 0 20.4595978856086731
0 2 7 1 2 7 0 2 7 16 31 2 0 2 7 17 18 2 0 2 3 0 2 7 1 2 3 1 2 7 1 2 7 0 2 7 0 2 3 0 2 3 5 30 3 1 2 7 1 2 11 0 2 7 0 2 7 5 30 3 0 20.6688988208770752

Current Evaluation = 1440(1440)
Front Size = 10
0 2 7 1 2 7 13 6 3 17 9 2 0 2 7 0 2 7 1 2 7 1 2 7 0 2 7 0 2 7 0 2 7 12 16 2 5 31 3 0 2 7 5 30 3 0 2 7 17 9 2 0 2 7 1 2 7 1 2 7 0 20.2646257877349854
1 2 7 0 2 7 13 6 3 17 18 2 0 2 7 0 2 7 0 2 7 0 2 7 1 2 7 0 2 7 12 16 2 0 2 7 0 2 7 1 2 7 1 2 7 0 2 7 17 9 2 5 31 3 1 2 7 5 30 3 0 20.2646257877349854
1 2 7 0 2 7 13 6 3 17 18 2 0 2 7 0 2 7 0 2 7 0 2 7 1 2 7 1 2 7 12 16 2 0 2 7 1 2 7 0 2 7 5 30 3 0 2 7 17 18 2 0 2 7 1 2 7 5 31 3 0 20.2646257877349854
17 18 2 6 2 7 12 16 2 1 2 7 1 2 7 1 2 7 0 2 7 1 2 7 0 2 7 13 6 3 0 2 7 5 30 3 0 2 4 17 9 2 12 16 2 5 31 3 0 2 7 0 2 7 0 2 4 0 2 7 0 20.3487167954444885
17 18 2 6 2 7 0 2 7 5 31 3 0 2 7 12 16 2 1 2 7 0 2 7 1 2 7 0 2 7 0 2 7 17 18 2 0 2 7 5 30 3 12 16 2 0 2 4 1 2 4 0 2 7 13 6 3 1 2 7 0 20.3487167954444885
17 18 2 1 2 7 12 16 2 0 2 7 0 2 7 1 2 7 0 2 7 0 2 7 0 2 7 5 30 3 0 2 4 17 18 2 1 2 7 5 31 3 12 16 2 1 2 7 13 6 3 0 2 7 6 2 7 0 2 4 0 20.3487167954444885
17 9 2 0 2 7 12 16 2 17 9 2 5 30 3 0 2 7 1 2 7 0 2 7 0 2 7 13 6 3 6 2 7 5 31 3 1 2 7 0 2 4 12 16 2 1 2 7 1 2 4 0 2 7 0 2 7 0 2 7 0 20.3487167954444885
0 2 7 1 2 7 13 6 3 12 16 2 0 2 7 1 2 7 12 16 2 12 16 2 0 2 11 13 6 3 0 2 7 17 18 2 0 2 7 12 16 2 1 2 7 0 2 7 17 18 2 0 2 11 1 2 4 5 30 3 0 20.3046587705612183
0 2 7 0 2 7 17 18 2 6 2 7 0 2 7 1 2 7 0 2 7 0 2 7 1 2 4 5 31 3 0 2 7 0 2 7 16 6 2 0 2 7 1 2 7 1 2 4 12 16 2 0 2 7 0 2 7 5 31 3 0 20.4595978856086731
17 18 2 1 2 7 0 2 7 0 2 7 0 2 7 0 2 7 5 31 3 0 2 7 16 30 2 0 2 7 1 2 3 0 2 7 0 2 7 1 2 3 1 2 11 5 30 3 0 2 7 0 2 7 1 2 3 1 2 3 0 20.6688989400863647

Current Evaluation = 1620(1620)
Front Size = 10
1 2 7 1 2 7 13 6 3 17 18 2 0 2 7 0 2 7 0 2 7 0 2 7 1 2 7 0 2 7 12 16 2 0 2 7 1 2 7 0 2 7 5 31 3 0 2 7 17 18 2 0 2 7 1 2 7 5 30 3 0 20.2646257877349854
1 2 7 1 2 7 13 6 3 17 18 2 0 2 7 0 2 7 0 2 7 0 2 7 1 2 7 0 2 7 12 16 2 0 2 7 0 2 7 0 2 7 1 2 7 0 2 7 17 9 2 5 31 3 1 2 7 5 30 3 0 20.2646257877349854
0 2 7 1 2 7 13 6 3 17 9 2 0 2 7 0 2 7 1 2 7 1 2 7 0 2 7 0 2 7 0 2 7 12 16 2 5 31 3 0 2 7 5 30 3 0 2 7 17 9 2 0 2 7 1 2 7 1 2 7 0 20.2646257877349854
1 2 11 1 2 11 13 6 3 12 16 2 0 2 7 0 2 4 12 16 2 12 16 2 0 2 7 13 6 3 0 2 7 17 18 2 0 2 7 12 16 2 1 2 7 0 2 7 17 18 2 0 2 7 1 2 7 5 30 3 0 20.3046585321426392
0 2 7 1 2 11 13 6 3 12 16 2 0 2 7 1 2 4 12 16 2 12 16 2 0 2 7 13 6 3 0 2 7 17 18 2 0 2 7 12 16 2 1 2 11 0 2 7 17 18 2 0 2 7 1 2 7 5 30 3 0 20.3046585321426392
0 2 4 0 2 7 12 16 2 17 9 2 13 6 3 1 2 11 12 16 2 12 16 2 0 2 7 13 6 3 1 2 7 17 9 2 0 2 7 12 16 2 1 2 7 0 2 7 1 2 11 0 2 7 0 2 7 5 30 3 0 20.3046585321426392
0 2 7 1 2 7 13 6 3 12 16 2 0 2 7 1 2 7 12 16 2 12 16 2 0 2 11 13 6 3 0 2 7 17 18 2 0 2 7 12 16 2 1 2 7 0 2 7 17 18 2 0 2 11 1 2 4 5 30 3 0 20.3046587705612183
17 9 2 0 2 7 12 16 2 17 9 2 5 30 3 0 2 7 1 2 7 0 2 7 0 2 7 13 6 3 6 2 7 5 31 3 1 2 7 0 2 4 12 16 2 1 2 7 1 2 4 0 2 7 0 2 7 0 2 7 0 20.3487167954444885
0 2 7 0 2 7 17 18 2 6 2 7 0 2 7 1 2 7 0 2 7 0 2 7 1 2 4 5 31 3 0 2 7 0 2 7 16 6 2 0 2 7 1 2 7 1 2 4 12 16 2 0 2 7 0 2 7 5 31 3 0 20.4595978856086731
0 2 4 1 2 7 13 6 3 12 9 2 0 2 3 1 2 7 12 16 2 12 16 2 0 2 11 13 6 3 1 2 7 17 18 2 0 2 7 12 16 2 1 2 7 0 2 7 17 18 11 0 2 7 1 2 7 5 30 3 51551.3403083717712 20.1032457947731018

Current Evaluation = 1800(1800)
Front Size = 10
1 2 7 0 2 7 1 2 7 1 2 7 0 2 7 5 31 3 0 2 7 12 16 2 0 2 7 13 6 3 0 2 7 17 18 2 0 2 7 1 2 7 17 18 2 1 2 7 0 2 7 0 2 7 0 2 7 5 30 3 0 20.2646257877349854
0 2 7 0 2 7 0 2 7 1 2 7 0 2 7 0 2 7 1 2 7 12 16 2 0 2 7 13 6 3 17 9 2 17 18 2 0 2 7 0 2 7 0 2 7 1 2 7 5 31 3 1 2 7 1 2 7 5 30 3 0 20.2646257877349854
0 2 7 1 2 7 13 6 3 17 9 2 0 2 7 0 2 7 1 2 7 1 2 7 0 2 7 0 2 7 0 2 7 12 16 2 5 31 3 0 2 7 5 30 3 0 2 7 17 9 2 0 2 7 1 2 7 1 2 7 0 20.2646257877349854
1 2 11 1 2 11 13 6 3 12 16 2 0 2 7 0 2 4 12 16 2 12 16 2 0 2 7 13 6 3 0 2 7 17 18 2 0 2 7 12 16 2 1 2 7 0 2 7 17 18 2 0 2 7 1 2 7 5 30 3 0 20.3046585321426392
0 2 7 1 2 11 13 6 3 12 16 2 0 2 7 1 2 4 12 16 2 12 16 2 0 2 7 13 6 3 0 2 7 17 18 2 0 2 7 12 16 2 1 2 11 0 2 7 17 18 2 0 2 7 1 2 7 5 30 3 0 20.3046585321426392
0 2 4 0 2 7 12 16 2 17 9 2 13 6 3 1 2 11 12 16 2 12 16 2 0 2 7 13 6 3 1 2 7 17 9 2 0 2 7 12 16 2 1 2 7 0 2 7 1 2 11 0 2 7 0 2 7 5 30 3 0 20.3046585321426392
0 2 7 1 2 7 13 6 3 12 16 2 0 2 7 1 2 7 12 16 2 12 16 2 0 2 11 13 6 3 0 2 7 17 18 2 0 2 7 12 16 2 1 2 7 0 2 7 17 18 2 0 2 11 1 2 4 5 30 3 0 20.3046587705612183
17 9 2 0 2 7 12 16 2 17 9 2 5 30 3 0 2 7 1 2 7 0 2 7 0 2 7 13 6 3 6 2 7 5 31 3 1 2 7 0 2 4 12 16 2 1 2 7 1 2 4 0 2 7 0 2 7 0 2 7 0 20.3487167954444885
0 2 7 6 2 7 16 6 2 0 2 4 0 2 7 1 2 7 1 2 7 0 2 7 1 2 7 0 2 7 1 2 7 0 2 7 17 9 2 0 2 4 5 31 3 0 2 7 12 16 2 0 2 7 0 2 7 5 31 3 0 20.4595978856086731
0 2 7 0 2 7 17 18 2 6 2 7 0 2 7 1 2 7 0 2 7 0 2 7 1 2 4 5 31 3 0 2 7 0 2 7 16 6 2 0 2 7 1 2 7 1 2 4 12 16 2 0 2 7 0 2 7 5 31 3 0 20.4595978856086731

Current Evaluation = 1980(1980)
Front Size = 10
0 2 7 0 2 7 0 2 7 0 2 7 0 2 7 5 31 3 0 2 7 12 16 2 1 2 7 13 6 3 0 2 7 17 18 2 0 2 7 1 2 7 1 2 7 1 2 7 17 18 2 0 2 7 1 2 7 5 30 3 0 20.2646257877349854
0 2 7 1 2 7 0 2 7 5 31 3 1 2 7 1 2 7 0 2 7 12 16 2 0 2 7 13 6 3 0 2 7 17 18 2 0 2 7 0 2 7 1 2 7 0 2 7 17 9 2 0 2 7 1 2 7 5 30 3 0 20.2646257877349854
1 2 7 5 31 3 1 2 7 17 9 2 0 2 7 0 2 7 1 2 7 12 16 2 1 2 7 13 6 3 0 2 7 17 9 2 0 2 7 0 2 7 0 2 7 0 2 7 0 2 7 1 2 7 0 2 7 5 30 3 0 20.2646257877349854
1 2 11 1 2 11 13 6 3 12 16 2 0 2 7 0 2 4 12 16 2 12 16 2 0 2 7 13 6 3 0 2 7 17 18 2 0 2 7 12 16 2 1 2 7 0 2 7 17 18 2 0 2 7 1 2 7 5 30 3 0 20.3046585321426392
0 2 7 1 2 11 13 6 3 12 16 2 0 2 7 1 2 4 12 16 2 12 16 2 0 2 7 13 6 3 0 2 7 17 18 2 0 2 7 12 16 2 1 2 11 0 2 7 17 18 2 0 2 7 1 2 7 5 30 3 0 20.3046585321426392
0 2 4 0 2 7 12 16 2 17 9 2 13 6 3 1 2 11 12 16 2 12 16 2 0 2 7 13 6 3 1 2 7 17 9 2 0 2 7 12 16 2 1 2 7 0 2 7 1 2 11 0 2 7 0 2 7 5 30 3 0 20.3046585321426392
0 2 7 1 2 7 13 6 3 12 16 2 0 2 7 1 2 7 12 16 2 12 16 2 0 2 11 13 6 3 0 2 7 17 18 2 0 2 7 12 16 2 1 2 7 0 2 7 17 18 2 0 2 11 1 2 4 5 30 3 0 20.3046587705612183
17 9 2 0 2 7 12 16 2 17 9 2 5 30 3 0 2 7 1 2 7 0 2 7 0 2 7 13 6 3 6 2 7 5 31 3 1 2 7 0 2 4 12 16 2 1 2 7 1 2 4 0 2 7 0 2 7 0 2 7 0 20.3487167954444885
0 2 7 6 2 7 16 6 2 0 2 4 0 2 7 1 2 7 1 2 7 0 2 7 1 2 7 0 2 7 1 2 7 0 2 7 17 9 2 0 2 4 5 31 3 0 2 7 12 16 2 0 2 7 0 2 7 5 31 3 0 20.4595978856086731
0 2 7 0 2 7 17 18 2 6 2 7 0 2 7 1 2 7 0 2 7 0 2 7 1 2 4 5 31 3 0 2 7 0 2 7 16 6 2 0 2 7 1 2 7 1 2 4 12 16 2 0 2 7 0 2 7 5 31 3 0 20.4595978856086731

Current Evaluation = 2160(2160)
Front Size = 10
0 2 7 1 2 7 0 2 7 1 2 7 0 2 7 5 31 3 1 2 7 12 16 2 0 2 7 13 6 3 0 2 7 17 18 2 0 2 7 1 2 7 1 2 7 0 2 7 17 18 2 0 2 7 0 2 7 5 30 3 0 20.2646257877349854
0 2 7 1 2 7 0 2 7 5 31 3 1 2 7 1 2 7 0 2 7 12 16 2 0 2 7 13 6 3 0 2 7 17 18 2 0 2 7 0 2 7 1 2 7 0 2 7 17 9 2 0 2 7 1 2 7 5 30 3 0 20.2646257877349854
0 2 7 0 2 7 1 2 7 12 16 2 0 2 7 5 31 3 1 2 7 17 9 2 1 2 7 0 2 7 13 6 3 17 9 2 0 2 7 0 2 7 0 2 7 0 2 7 1 2 7 0 2 7 1 2 7 5 30 3 0 20.2646257877349854
0 2 7 0 2 4 13 6 3 12 16 2 0 2 7 1 2 7 12 16 2 12 16 2 0 2 7 13 6 3 0 2 7 17 9 2 0 2 7 12 16 2 1 2 7 1 2 11 17 18 2 0 2 7 1 2 11 5 30 3 0 20.3046585321426392
0 2 4 0 2 7 12 16 2 17 9 2 13 6 3 1 2 11 12 16 2 12 16 2 0 2 7 13 6 3 1 2 7 17 9 2 0 2 7 12 16 2 1 2 7 0 2 7 1 2 11 0 2 7 0 2 7 5 30 3 0 20.3046585321426392
0 2 7 1 2 11 13 6 3 12 16 2 0 2 7 1 2 4 12 16 2 12 16 2 0 2 7 13 6 3 0 2 7 17 18 2 0 2 7 12 16 2 1 2 7 0 2 7 17 18 2 0 2 7 1 2 11 5 30 3 0 20.3046585321426392
0 2 7 1 2 7 13 6 3 12 16 2 0 2 7 1 2 7 12 16 2 12 16 2 0 2 11 13 6 3 0 2 7 17 18 2 0 2 7 12 16 2 1 2 7 0 2 7 17 18 2 0 2 11 1 2 4 5 30 3 0 20.3046587705612183
17 9 2 0 2 7 12 16 2 17 9 2 5 30 3 0 2 7 1 2 7 0 2 7 0 2 7 13 6 3 6 2 7 5 31 3 1 2 7 0 2 4 12 16 2 1 2 7 1 2 4 0 2 7 0 2 7 0 2 7 0 20.3487167954444885
0 2 7 6 2 7 16 6 2 0 2 4 0 2 7 1 2 7 1 2 7 0 2 7 1 2 7 0 2 7 1 2 7 0 2 7 17 9 2 0 2 4 5 31 3 0 2 7 12 16 2 0 2 7 0 2 7 5 31 3 0 20.4595978856086731
0 2 7 1 2 7 0 2 7 1 2 2 0 2 7 1 2 7 12 16 2 12 16 2 0 2 11 13 6 3 0 2 7 17 18 2 0 2 7 1 16 7 1 2 7 0 2 7 17 18 2 0 2 11 1 2 4 5 30 3 124111.413371535411 20.3278977870941162

Current Evaluation = 2340(2340)
Front Size = 10
0 2 7 1 2 7 0 2 7 1 2 7 0 2 7 5 31 3 1 2 7 12 16 2 0 2 7 13 6 3 0 2 7 17 18 2 0 2 7 1 2 7 1 2 7 0 2 7 17 18 2 0 2 7 0 2 7 5 30 3 0 20.2646257877349854
0 2 7 0 2 7 0 2 7 0 2 7 1 2 7 1 2 7 12 16 2 0 2 7 0 2 7 13 6 3 1 2 7 17 9 2 0 2 7 5 31 3 0 2 7 1 2 7 1 2 7 0 2 7 17 9 2 5 30 3 0 20.2646257877349854
0 2 7 1 2 7 0 2 7 5 31 3 1 2 7 1 2 7 0 2 7 12 16 2 0 2 7 13 6 3 0 2 7 17 18 2 0 2 7 0 2 7 1 2 7 0 2 7 17 9 2 0 2 7 1 2 7 5 30 3 0 20.2646257877349854
1 2 11 1 2 11 17 9 2 12 16 2 13 6 3 0 2 7 12 16 2 12 16 2 0 2 7 13 6 3 1 2 7 17 18 2 1 2 7 12 16 2 0 2 7 0 2 4 0 2 7 0 2 7 0 2 7 5 30 3 0 20.3046585321426392
0 2 4 0 2 7 12 16 2 17 9 2 13 6 3 1 2 11 12 16 2 12 16 2 0 2 7 13 6 3 1 2 7 17 9 2 0 2 7 12 16 2 1 2 7 0 2 7 1 2 11 0 2 7 0 2 7 5 30 3 0 20.3046585321426392
0 2 7 1 2 7 13 6 3 12 16 2 0 2 7 0 2 7 12 16 2 12 16 2 0 2 11 13 6 3 1 2 7 17 18 2 0 2 7 12 16 2 1 2 11 1 2 7 17 18 2 0 2 7 0 2 4 5 30 3 0 20.3046586513519287
0 2 7 1 2 11 13 6 3 12 16 2 0 2 7 1 2 4 12 16 2 12 16 2 0 2 7 13 6 3 0 2 7 17 18 2 0 2 7 12 16 2 1 2 7 0 2 7 17 18 2 0 2 7 1 2 11 5 30 3 0 20.3046585321426392
0 2 7 1 2 7 13 6 3 12 16 2 0 2 7 1 2 7 12 16 2 12 16 2 0 2 11 13 6 3 0 2 7 17 18 2 0 2 7 12 16 2 1 2 7 0 2 7 17 18 2 0 2 11 1 2 4 5 30 3 0 20.3046587705612183
0 2 4 0 2 7 12 16 2 6 2 7 1 2 7 0 2 7 5 31 3 0 2 4 0 2 7 13 6 3 5 30 3 17 9 2 0 2 7 12 16 2 0 2 7 1 2 7 1 2 7 0 2 7 1 2 7 17 9 2 0 20.3487167954444885
0 2 7 6 2 7 16 6 2 0 2 4 0 2 7 1 2 7 1 2 7 0 2 7 1 2 7 0 2 7 1 2 7 0 2 7 17 9 2 0 2 4 5 31 3 0 2 7 12 16 2 0 2 7 0 2 7 5 31 3 0 20.4595978856086731

Current Evaluation = 2520(2520)
Front Size = 10
0 2 7 1 2 7 1 2 7 17 9 2 1 2 7 1 2 7 5 31 3 0 2 7 0 2 7 13 6 3 0 2 7 17 9 2 0 2 7 0 2 7 0 2 7 0 2 7 1 2 7 0 2 7 12 16 2 5 30 3 0 20.2646257877349854
1 2 7 0 2 7 5 30 3 12 16 2 0 2 7 0 2 7 17 9 2 0 2 7 1 2 7 5 31 3 0 2 7 17 18 2 0 2 7 0 2 7 1 2 7 0 2 7 13 6 3 1 2 7 1 2 7 0 2 7 0 20.2646257877349854
0 2 7 0 2 7 1 2 7 17 18 2 1 2 7 0 2 7 0 2 7 0 2 7 1 2 7 13 6 3 0 2 7 17 18 2 0 2 7 1 2 7 0 2 7 0 2 7 5 31 3 1 2 7 12 16 2 5 30 3 0 20.2646257877349854
1 2 11 1 2 11 5 30 3 12 16 2 0 2 7 0 2 7 13 6 3 12 16 2 1 2 7 13 6 3 0 2 7 17 18 2 0 2 4 12 16 2 0 2 7 1 2 7 0 2 7 0 2 7 17 9 2 12 16 2 0 20.3046585321426392
0 2 4 0 2 7 12 16 2 17 9 2 13 6 3 1 2 11 12 16 2 12 16 2 0 2 7 13 6 3 1 2 7 17 9 2 0 2 7 12 16 2 1 2 7 0 2 7 1 2 11 0 2 7 0 2 7 5 30 3 0 20.3046585321426392
0 2 7 1 2 11 13 6 3 12 16 2 0 2 7 1 2 4 12 16 2 12 16 2 0 2 7 13 6 3 0 2 7 17 18 2 0 2 7 12 16 2 1 2 7 0 2 7 17 18 2 0 2 7 1 2 11 5 30 3 0 20.3046585321426392
0 2 7 1 2 7 13 6 3 12 16 2 0 2 7 1 2 7 12 16 2 12 16 2 0 2 11 13 6 3 0 2 7 17 18 2 0 2 7 12 16 2 1 2 7 0 2 7 17 18 2 0 2 11 1 2 4 5 30 3 0 20.3046587705612183
0 2 4 0 2 7 0 2 2 1 2 2 13 6 7 1 2 3 12 16 7 12 16 2 0 2 7 13 6 3 0 2 7 17 9 2 0 2 7 0 2 2 0 2 7 1 2 7 1 9 11 0 2 7 0 2 7 5 30 3 144869.191878883779 19.9969308972358704
1 2 7 0 2 11 0 2 12 1 2 7 0 2 12 0 2 7 0 2 12 0 2 7 6 2 7 13 6 3 5 30 3 17 18 2 12 16 2 0 2 7 5 31 3 0 2 7 17 9 2 1 2 7 0 2 7 5 30 3 0 20.9407139420509338
0 2 7 0 2 7 12 16 2 0 2 3 0 2 7 1 2 7 12 16 2 16 18 8 0 2 7 0 2 3 16 6 2 5 31 3 1 2 3 0 2 7 0 2 7 0 2 7 1 2 7 1 2 7 0 2 7 5 31 3 0 21.1636807918548584

Current Evaluation = 2700(2700)
Front Size = 10
0 2 7 0 2 7 5 31 3 12 16 2 1 2 7 0 2 7 1 2 7 1 2 7 0 2 7 13 6 3 1 2 7 17 18 2 0 2 7 1 2 7 0 2 7 0 2 7 0 2 7 0 2 7 17 18 2 5 30 3 0 20.2646257877349854
0 2 7 1 2 7 0 2 7 17 9 2 1 2 7 17 18 2 0 2 7 0 2 7 12 16 2 13 6 3 0 2 7 5 31 3 0 2 7 1 2 7 0 2 7 1 2 7 0 2 7 1 2 7 0 2 7 5 30 3 0 20.2646257877349854
1 2 11 1 2 11 5 30 3 12 16 2 0 2 7 0 2 7 13 6 3 12 16 2 1 2 7 13 6 3 0 2 7 17 18 2 0 2 4 12 16 2 0 2 7 1 2 7 0 2 7 0 2 7 17 9 2 12 16 2 0 20.3046585321426392
0 2 7 1 2 7 1 2 7 17 9 2 1 2 7 0 2 7 5 31 3 0 2 7 0 2 7 13 6 3 0 2 7 17 9 2 0 2 7 12 16 2 0 2 7 0 2 7 1 2 7 0 2 7 1 2 7 5 30 3 0 20.2646257877349854
0 2 4 0 2 7 12 16 2 17 9 2 13 6 3 1 2 11 12 16 2 12 16 2 0 2 7 13 6 3 1 2 7 17 9 2 0 2 7 12 16 2 1 2 7 0 2 7 1 2 11 0 2 7 0 2 7 5 30 3 0 20.3046585321426392
0 2 11 1 2 11 13 6 3 5 30 3 0 2 7 0 2 7 12 16 2 12 16 2 0 2 7 13 6 3 0 2 7 17 18 2 1 2 7 12 16 2 1 2 7 0 2 7 17 18 2 1 2 7 0 2 4 12 16 2 0 20.3046586513519287
0 2 7 1 2 7 13 6 3 5 30 3 0 2 7 0 2 7 12 16 2 12 16 2 0 2 7 13 6 3 0 2 7 17 18 2 1 2 11 12 16 2 1 2 11 0 2 7 17 18 2 1 2 4 0 2 7 12 16 2 0 20.3046585321426392
0 2 7 1 2 7 13 6 3 12 16 2 0 2 7 1 2 7 12 16 2 12 16 2 0 2 11 13 6 3 0 2 7 17 18 2 0 2 7 12 16 2 1 2 7 0 2 7 17 18 2 0 2 11 1 2 4 5 30 3 0 20.3046587705612183
0 2 7 0 2 4 16 6 2 1 2 7 0 2 7 0 2 7 0 2 7 1 2 7 6 2 7 5 31 3 0 2 7 0 2 4 12 16 2 0 2 7 1 2 7 0 2 7 17 9 2 1 2 7 0 2 7 5 31 3 0 20.4595978856086731
1 2 7 0 2 11 0 2 12 1 2 7 0 2 12 0 2 7 0 2 12 0 2 7 6 2 7 13 6 3 5 30 3 17 18 2 12 16 2 0 2 7 5 31 3 0 2 7 17 9 2 1 2 7 0 2 7 5 30 3 0 20.9407139420509338

Current Evaluation = 2880(2880)
Front Size = 10
1 2 7 0 2 7 5 31 3 1 2 7 0 2 7 0 2 7 0 2 7 0 2 7 1 2 7 13 6 3 0 2 7 17 18 2 0 2 7 12 16 2 0 2 7 1 2 7 0 2 7 1 2 7 17 18 2 5 30 3 0 20.2646257877349854
1 2 7 0 2 7 0 2 7 0 2 7 0 2 7 0 2 7 0 2 7 5 31 3 0 2 7 13 6 3 0 2 7 17 9 2 0 2 7 12 16 2 1 2 7 1 2 7 1 2 7 1 2 7 17 18 2 5 30 3 0 20.2646257877349854
1 2 7 0 2 7 12 16 2 17 9 2 0 2 7 0 2 7 1 2 7 5 31 3 1 2 7 13 6 3 0 2 7 17 9 2 0 2 7 0 2 7 0 2 7 1 2 7 1 2 7 0 2 7 0 2 7 5 30 3 0 20.2646257877349854
1 2 11 1 2 11 5 30 3 12 16 2 0 2 7 0 2 7 13 6 3 12 16 2 1 2 7 13 6 3 0 2 7 17 18 2 0 2 4 12 16 2 0 2 7 1 2 7 0 2 7 0 2 7 17 9 2 12 16 2 0 20.3046585321426392
0 2 4 0 2 7 12 16 2 17 9 2 13 6 3 1 2 11 12 16 2 12 16 2 0 2 7 13 6 3 1 2 7 17 9 2 0 2 7 12 16 2 1 2 7 0 2 7 1 2 11 0 2 7 0 2 7 5 30 3 0 20.3046585321426392
0 2 7 1 2 11 13 6 3 5 30 3 0 2 7 0 2 7 12 16 2 12 16 2 0 2 7 13 6 3 0 2 7 17 18 2 1 2 11 12 16 2 1 2 7 0 2 7 17 18 2 1 2 4 0 2 7 12 16 2 0 20.3046585321426392
1 2 7 0 2 7 1 2 7 17 9 2 6 2 7 0 2 7 12 16 2 12 16 2 0 2 7 13 6 3 5 31 3 17 9 2 0 2 7 0 2 4 0 2 7 0 2 7 0 2 7 1 2 4 1 2 7 5 30 3 0 20.3487167954444885
0 2 7 1 2 7 13 6 3 12 16 2 0 2 7 1 2 7 12 16 2 12 16 2 0 2 11 13 6 3 0 2 7 17 18 2 0 2 7 12 16 2 1 2 7 0 2 7 17 18 2 0 2 11 1 2 4 5 30 3 0 20.3046587705612183
0 2 7 0 2 4 16 6 2 1 2 7 0 2 7 0 2 7 0 2 7 1 2 7 6 2 7 5 31 3 0 2 7 0 2 4 12 16 2 0 2 7 1 2 7 0 2 7 17 9 2 1 2 7 0 2 7 5 31 3 0 20.4595978856086731
6 2 7 0 2 4 5 30 3 0 2 7 0 2 7 1 2 4 0 2 4 0 2 3 0 2 1 13 6 3 1 2 11 17 9 2 12 16 2 12 16 2 1 2 7 0 2 7 0 2 11 0 2 3 17 9 2 5 30 3 0 20.8931898474693298

Current Evaluation = 3060(3060)
Front Size = 10
0 2 7 1 2 7 0 2 7 17 18 2 0 2 7 0 2 7 1 2 7 12 16 2 0 2 7 13 6 3 0 2 7 17 18 2 1 2 7 0 2 7 1 2 7 1 2 7 5 30 3 0 2 7 0 2 7 5 31 3 0 20.2646257877349854
1 2 7 0 2 7 0 2 7 0 2 7 0 2 7 0 2 7 0 2 7 5 31 3 0 2 7 13 6 3 0 2 7 17 9 2 0 2 7 12 16 2 1 2 7 1 2 7 1 2 7 1 2 7 17 18 2 5 30 3 0 20.2646257877349854
0 2 7 1 2 7 12 16 2 1 2 7 0 2 7 0 2 7 1 2 7 5 30 3 0 2 7 13 6 3 1 2 7 17 9 2 0 2 7 17 9 2 0 2 7 1 2 7 0 2 7 0 2 7 0 2 7 5 31 3 0 20.2646257877349854
0 2 7 0 2 7 13 6 3 12 16 2 1 2 11 1 2 7 12 16 2 12 16 2 1 2 11 13 6 3 0 2 7 17 18 2 0 2 4 12 16 2 0 2 7 1 2 7 17 18 2 0 2 7 0 2 7 5 30 3 0 20.3046585321426392
0 2 7 1 2 11 13 6 3 5 30 3 0 2 7 0 2 7 12 16 2 12 16 2 0 2 7 13 6 3 0 2 7 17 18 2 1 2 11 12 16 2 1 2 7 0 2 7 17 18 2 1 2 4 0 2 7 12 16 2 0 20.3046585321426392
0 2 7 1 2 7 13 6 3 12 16 2 1 2 4 0 2 7 12 16 2 12 16 2 0 2 7 13 6 3 0 2 7 17 9 2 0 2 7 12 16 2 1 2 11 0 2 7 17 18 2 0 2 7 1 2 11 5 30 3 0 20.3046585321426392
0 2 4 0 2 7 12 16 2 17 9 2 13 6 3 1 2 11 12 16 2 12 16 2 0 2 7 13 6 3 1 2 7 17 9 2 0 2 7 12 16 2 1 2 7 0 2 7 1 2 11 0 2 7 0 2 7 5 30 3 0 20.3046585321426392
0 2 7 1 2 7 13 6 3 12 16 2 0 2 7 1 2 7 12 16 2 12 16 2 0 2 11 13 6 3 0 2 7 17 18 2 0 2 7 12 16 2 1 2 7 0 2 7 17 18 2 0 2 11 1 2 4 5 30 3 0 20.3046587705612183
1 2 7 0 2 7 1 2 7 17 9 2 6 2 7 0 2 7 12 16 2 12 16 2 0 2 7 13 6 3 5 31 3 17 9 2 0 2 7 0 2 4 0 2 7 0 2 7 0 2 7 1 2 4 1 2 7 5 30 3 0 20.3487167954444885
0 2 7 0 2 4 16 6 2 1 2 7 0 2 7 0 2 7 0 2 7 1 2 7 6 2 7 5 31 3 0 2 7 0 2 4 12 16 2 0 2 7 1 2 7 0 2 7 17 9 2 1 2 7 0 2 7 5 31 3 0 20.4595978856086731

Current Evaluation = 3240(3240)
Front Size = 10
0 2 7 1 2 7 0 2 7 17 18 2 0 2 7 0 2 7 1 2 7 12 16 2 0 2 7 13 6 3 0 2 7 17 18 2 1 2 7 0 2 7 1 2 7 1 2 7 5 30 3 0 2 7 0 2 7 5 31 3 0 20.2646257877349854
0 2 7 1 2 7 1 2 7 17 9 2 1 2 7 0 2 7 5 31 3 1 2 7 0 2 7 13 6 3 0 2 7 17 18 2 0 2 7 12 16 2 0 2 7 1 2 7 0 2 7 0 2 7 0 2 7 5 30 3 0 20.2646257877349854
1 2 7 1 2 7 1 2 7 17 9 2 0 2 7 0 2 7 12 16 2 1 2 7 0 2 7 13 6 3 5 31 3 17 9 2 0 2 7 0 2 7 0 2 7 0 2 7 0 2 7 1 2 7 0 2 7 5 30 3 0 20.2646257877349854
0 2 7 1 2 11 13 6 3 12 16 2 0 2 7 1 2 7 12 16 2 12 16 2 0 2 7 13 6 3 0 2 7 17 18 2 0 2 7 12 16 2 0 2 4 1 2 11 17 18 2 0 2 7 1 2 7 5 30 3 0 20.3046585321426392
0 2 7 0 2 7 13 6 3 12 16 2 0 2 11 1 2 7 12 16 2 12 16 2 1 2 7 13 6 3 0 2 7 17 18 2 0 2 4 12 16 2 0 2 7 0 2 7 17 18 2 1 2 11 1 2 7 5 30 3 0 20.3046586513519287
0 2 7 1 2 7 13 6 3 12 16 2 0 2 7 1 2 7 12 16 2 12 16 2 0 2 11 13 6 3 0 2 7 17 18 2 0 2 7 12 16 2 1 2 7 0 2 7 17 18 2 0 2 11 1 2 4 5 30 3 0 20.3046587705612183
0 2 7 1 2 7 13 6 3 12 16 2 1 2 4 0 2 7 12 16 2 12 16 2 0 2 7 13 6 3 0 2 7 17 9 2 0 2 7 12 16 2 1 2 11 0 2 7 17 18 2 0 2 7 1 2 11 5 30 3 0 20.3046585321426392
1 2 7 0 2 7 1 2 7 17 9 2 6 2 7 0 2 7 12 16 2 12 16 2 0 2 7 13 6 3 5 31 3 17 9 2 0 2 7 0 2 4 0 2 7 0 2 7 0 2 7 1 2 4 1 2 7 5 30 3 0 20.3487167954444885
0 2 7 0 2 4 16 6 2 1 2 7 0 2 7 0 2 7 0 2 7 1 2 7 6 2 7 5 31 3 0 2 7 0 2 4 12 16 2 0 2 7 1 2 7 0 2 7 17 9 2 1 2 7 0 2 7 5 31 3 0 20.4595978856086731
0 2 7 1 2 7 13 6 3 17 16 2 0 2 7 1 2 7 12 16 2 12 16 2 0 2 7 13 6 3 0 2 7 17 18 2 1 2 7 12 16 2 0 2 7 1 2 11 17 18 3 0 2 7 1 2 7 5 31 3 1312.06504938590206 20.2172677516937256

Current Evaluation = 3420(3420)
Front Size = 10
0 2 7 0 2 7 0 2 7 17 18 2 0 2 7 0 2 7 1 2 7 12 16 2 0 2 7 13 6 3 0 2 7 17 18 2 0 2 7 1 2 7 1 2 7 0 2 7 5 30 3 1 2 7 1 2 7 5 31 3 0 20.2646257877349854
1 2 7 1 2 7 0 2 7 17 9 2 1 2 7 0 2 7 12 16 2 1 2 7 0 2 7 13 6 3 5 30 3 17 18 2 0 2 7 0 2 7 0 2 7 0 2 7 0 2 7 0 2 7 1 2 7 5 31 3 0 20.2646257877349854
1 2 7 1 2 7 0 2 7 1 2 7 0 2 7 1 2 7 12 16 2 17 9 2 0 2 7 13 6 3 5 31 3 17 9 2 0 2 7 0 2 7 0 2 7 0 2 7 0 2 7 1 2 7 0 2 7 5 30 3 0 20.2646257877349854
0 2 7 1 2 7 13 6 3 12 16 2 0 2 7 1 2 7 12 16 2 12 16 2 0 2 4 13 6 3 0 2 7 17 9 2 0 2 7 12 16 2 0 2 7 0 2 7 17 18 2 1 2 11 1 2 11 5 30 3 0 20.3046585321426392
0 2 7 0 2 4 13 6 3 12 16 2 1 2 11 1 2 7 12 16 2 12 16 2 0 2 7 13 6 3 0 2 11 17 18 2 0 2 7 12 16 2 0 2 7 0 2 7 17 18 2 1 2 7 1 2 7 5 30 3 0 20.3046586513519287
0 2 7 0 2 7 13 6 3 12 16 2 1 2 7 0 2 7 12 16 2 12 16 2 0 2 7 13 6 3 0 2 7 17 9 2 0 2 7 12 16 2 0 2 7 1 2 11 17 18 2 1 2 11 1 2 4 5 30 3 0 20.3046585321426392
0 2 7 0 2 7 13 6 3 12 16 2 0 2 11 1 2 4 12 16 2 12 16 2 1 2 7 13 6 3 0 2 11 17 18 2 0 2 7 12 16 2 1 2 7 0 2 7 17 18 2 0 2 7 1 2 7 5 30 3 0 20.3046587705612183
1 2 7 0 2 7 1 2 7 17 9 2 6 2 7 0 2 7 12 16 2 12 16 2 0 2 7 13 6 3 5 31 3 17 9 2 0 2 7 0 2 4 0 2 7 0 2 7 0 2 7 1 2 4 1 2 7 5 30 3 0 20.3487167954444885
0 2 7 0 2 4 16 6 2 1 2 7 0 2 7 0 2 7 0 2 7 1 2 7 6 2 7 5 31 3 0 2 7 0 2 4 12 16 2 0 2 7 1 2 7 0 2 7 17 9 2 1 2 7 0 2 7 5 31 3 0 20.4595978856086731
0 2 7 1 2 7 5 31 3 12 16 2 0 2 3 0 2 7 1 2 7 0 2 7 0 2 7 0 2 3 0 2 7 17 9 2 1 2 7 1 2 7 0 2 4 0 2 7 16 18 11 1 2 4 0 2 3 5 30 3 0 20.9542428851127625

Current Evaluation = 3600(3600)
Front Size = 10
0 2 7 0 2 7 0 2 7 17 18 2 0 2 7 0 2 7 1 2 7 12 16 2 0 2 7 13 6 3 0 2 7 17 18 2 0 2 7 1 2 7 1 2 7 0 2 7 5 30 3 1 2 7 1 2 7 5 31 3 0 20.2646257877349854
1 2 7 1 2 7 0 2 7 1 2 7 0 2 7 1 2 7 12 16 2 17 9 2 0 2 7 13 6 3 5 31 3 17 9 2 0 2 7 0 2 7 0 2 7 0 2 7 0 2 7 1 2 7 0 2 7 5 30 3 0 20.2646257877349854
0 2 7 0 2 7 0 2 7 17 9 2 1 2 7 0 2 7 12 16 2 0 2 7 0 2 7 1 2 7 17 18 2 5 31 3 1 2 7 1 2 7 0 2 7 0 2 7 0 2 7 13 6 3 1 2 7 5 30 3 0 20.2646257877349854
0 2 7 0 2 7 13 6 3 12 16 2 0 2 7 1 2 4 12 16 2 12 16 2 1 2 11 13 6 3 0 2 7 17 18 2 1 2 7 12 16 2 0 2 7 0 2 7 17 18 2 0 2 7 1 2 11 5 30 3 0 20.3046585321426392
0 2 7 0 2 7 13 6 3 12 16 2 1 2 4 1 2 11 12 16 2 12 16 2 1 2 7 13 6 3 0 2 7 17 9 2 0 2 7 12 16 2 0 2 7 0 2 7 17 18 2 0 2 7 1 2 11 5 30 3 0 20.3046585321426392
0 2 7 0 2 7 13 6 3 12 16 2 0 2 4 1 2 11 12 16 2 12 16 2 1 2 7 13 6 3 0 2 7 17 18 2 0 2 7 12 16 2 0 2 7 0 2 7 17 18 2 1 2 7 1 2 11 5 30 3 0 20.3046585321426392
0 2 7 0 2 7 13 6 3 12 16 2 0 2 11 1 2 4 12 16 2 12 16 2 1 2 7 13 6 3 0 2 11 17 18 2 0 2 7 12 16 2 1 2 7 0 2 7 17 18 2 0 2 7 1 2 7 5 30 3 0 20.3046587705612183
1 2 7 0 2 7 1 2 7 17 9 2 6 2 7 0 2 7 12 16 2 12 16 2 0 2 7 13 6 3 5 31 3 17 9 2 0 2 7 0 2 4 0 2 7 0 2 7 0 2 7 1 2 4 1 2 7 5 30 3 0 20.3487167954444885
0 2 7 0 2 4 16 6 2 1 2 7 0 2 7 0 2 7 0 2 7 1 2 7 6 2 7 5 31 3 0 2 7 0 2 4 12 16 2 0 2 7 1 2 7 0 2 7 17 9 2 1 2 7 0 2 7 5 31 3 0 20.4595978856086731
0 2 7 0 2 7 0 2 7 17 16 2 0 2 7 1 2 7 1 2 2 12 16 2 0 2 7 13 6 3 0 2 11 17 18 2 0 2 7 12 16 2 1 2 7 0 2 7 5 18 3 1 2 7 1 2 7 5 30 3 82383.7877093857242 20.9086136817932129

MonoObjective Genetic Algorithm
Number of Evaluations = 0
Mutation Probability = 0
Crossover Probability = 1
Population Size = 10
Survival Selection Type = 15

Time =  3605.57482218742371

Current Evaluation = 3430
Front Size = 10
0 2 7 0 2 7 0 2 7 17 18 2 0 2 7 0 2 7 1 2 7 12 16 2 0 2 7 13 6 3 0 2 7 17 18 2 0 2 7 1 2 7 1 2 7 0 2 7 5 30 3 1 2 7 1 2 7 5 31 3 0 20.2646257877349854
1 2 7 1 2 7 0 2 7 1 2 7 0 2 7 1 2 7 12 16 2 17 9 2 0 2 7 13 6 3 5 31 3 17 9 2 0 2 7 0 2 7 0 2 7 0 2 7 0 2 7 1 2 7 0 2 7 5 30 3 0 20.2646257877349854
0 2 7 0 2 7 0 2 7 17 9 2 1 2 7 0 2 7 12 16 2 0 2 7 0 2 7 1 2 7 17 18 2 5 31 3 1 2 7 1 2 7 0 2 7 0 2 7 0 2 7 13 6 3 1 2 7 5 30 3 0 20.2646257877349854
0 2 7 0 2 7 13 6 3 12 16 2 0 2 7 1 2 4 12 16 2 12 16 2 1 2 11 13 6 3 0 2 7 17 18 2 1 2 7 12 16 2 0 2 7 0 2 7 17 18 2 0 2 7 1 2 11 5 30 3 0 20.3046585321426392
0 2 7 0 2 7 13 6 3 12 16 2 1 2 4 1 2 11 12 16 2 12 16 2 1 2 7 13 6 3 0 2 7 17 9 2 0 2 7 12 16 2 0 2 7 0 2 7 17 18 2 0 2 7 1 2 11 5 30 3 0 20.3046585321426392
0 2 7 0 2 7 13 6 3 12 16 2 0 2 4 1 2 11 12 16 2 12 16 2 1 2 7 13 6 3 0 2 7 17 18 2 0 2 7 12 16 2 0 2 7 0 2 7 17 18 2 1 2 7 1 2 11 5 30 3 0 20.3046585321426392
0 2 7 0 2 7 13 6 3 12 16 2 0 2 11 1 2 4 12 16 2 12 16 2 1 2 7 13 6 3 0 2 11 17 18 2 0 2 7 12 16 2 1 2 7 0 2 7 17 18 2 0 2 7 1 2 7 5 30 3 0 20.3046587705612183
1 2 7 0 2 7 1 2 7 17 9 2 6 2 7 0 2 7 12 16 2 12 16 2 0 2 7 13 6 3 5 31 3 17 9 2 0 2 7 0 2 4 0 2 7 0 2 7 0 2 7 1 2 4 1 2 7 5 30 3 0 20.3487167954444885
0 2 7 0 2 4 16 6 2 1 2 7 0 2 7 0 2 7 0 2 7 1 2 7 6 2 7 5 31 3 0 2 7 0 2 4 12 16 2 0 2 7 1 2 7 0 2 7 17 9 2 1 2 7 0 2 7 5 31 3 0 20.4595978856086731
0 2 7 0 2 7 0 2 7 17 16 2 0 2 7 1 2 7 1 2 2 12 16 2 0 2 7 13 6 3 0 2 11 17 18 2 0 2 7 12 16 2 1 2 7 0 2 7 5 18 3 1 2 7 1 2 7 5 30 3 82383.7877093857242 20.9086136817932129

