Current Evaluation = 180(180)
Front Size = 10
0 2 7 5 30 3 1 2 7 0 2 7 17 18 2 1 2 7 0 2 7 0 2 7 0 2 7 5 31 3 13 6 3 12 16 2 1 2 7 0 2 7 1 2 7 0 2 7 0 2 7 17 9 2 1 2 7 0 2 7 0 20.2646257877349854
0 2 7 0 2 7 0 2 7 1 2 7 0 2 7 5 30 3 1 2 7 0 2 7 0 2 7 0 2 7 0 2 7 16 31 2 0 2 4 1 2 7 5 31 3 1 2 7 12 16 2 0 2 7 1 2 7 17 9 2 0 20.4679278135299683
0 2 7 1 2 7 0 2 7 0 2 7 0 2 7 6 2 7 1 2 7 0 2 7 0 2 4 5 31 3 16 6 2 0 2 7 0 2 7 12 16 2 0 2 7 0 2 7 17 9 2 5 31 3 1 2 7 1 2 4 0 20.4595978856086731
1 2 7 0 2 7 1 2 7 0 2 7 1 2 7 0 2 7 0 2 7 0 2 4 0 2 7 5 30 3 17 18 2 0 2 7 1 2 3 1 2 3 1 2 7 0 2 4 17 9 2 5 31 3 0 2 7 0 2 7 0 20.5684669017791748
0 2 7 5 30 3 1 2 4 0 2 7 17 18 2 1 2 7 0 2 7 0 2 7 0 2 7 5 31 3 13 6 3 12 16 2 1 2 4 0 2 7 6 2 7 0 2 7 0 2 7 17 9 2 1 2 7 12 16 2 0 20.3487167954444885
5 30 3 1 2 4 0 2 7 0 2 10 0 2 3 17 9 2 0 2 7 0 2 7 0 2 10 5 31 3 1 2 7 17 9 2 0 2 7 1 2 7 1 2 7 1 2 4 1 2 7 0 2 7 0 2 7 0 2 7 0 20.5764669179916382
1 2 11 0 2 7 0 2 7 0 2 3 0 2 3 1 2 7 1 2 7 0 2 3 0 2 7 5 31 3 16 30 2 1 2 7 0 2 7 1 2 7 0 2 7 0 2 7 17 9 2 5 30 3 0 2 3 1 2 7 0 20.6688989400863647
0 2 11 1 2 11 1 2 7 0 2 7 0 2 4 5 30 3 0 2 4 1 2 7 1 2 7 1 2 11 0 2 3 0 2 7 0 2 7 0 2 7 0 2 4 6 2 7 17 9 2 17 18 2 0 2 11 5 31 3 0 20.8231599926948547
0 2 3 0 2 7 0 2 3 1 2 7 0 2 4 5 30 3 0 2 7 1 2 10 17 9 2 1 2 11 0 2 3 16 6 2 1 2 3 0 2 4 0 2 11 0 2 7 12 16 2 15 2 11 0 2 3 5 30 3 0 21.1867438554763794
16 9 11 1 2 3 0 2 3 0 2 3 0 2 4 1 2 7 0 2 3 0 2 3 0 2 7 0 2 3 5 30 3 5 30 3 12 16 2 0 2 3 12 16 2 0 2 3 1 2 3 1 2 3 0 2 3 1 2 7 0 21.9243149161338806

Current Evaluation = 360(360)
Front Size = 10
0 2 7 5 30 3 1 2 7 0 2 7 17 18 2 1 2 7 0 2 7 0 2 7 0 2 7 5 31 3 13 6 3 0 2 7 1 2 7 0 2 7 1 2 7 0 2 7 0 2 7 17 9 2 1 2 7 12 16 2 0 20.2646257877349854
1 2 7 0 2 4 0 2 7 0 2 7 1 2 7 6 2 7 0 2 7 0 2 7 0 2 4 5 31 3 16 6 2 0 2 7 1 2 7 12 16 2 0 2 7 0 2 7 17 9 2 5 31 3 0 2 7 1 2 7 0 20.4595978856086731
0 2 7 1 2 7 0 2 7 0 2 7 1 2 7 0 2 7 0 2 7 0 2 7 1 2 7 5 31 3 16 6 2 0 2 7 1 2 7 12 16 2 6 2 4 0 2 7 17 9 2 5 31 3 0 2 4 0 2 7 0 20.4595978856086731
0 2 7 0 2 7 0 2 7 0 2 4 1 2 7 6 2 7 0 2 7 0 2 7 1 2 7 5 31 3 16 6 2 0 2 7 0 2 7 12 16 2 1 2 4 1 2 7 17 9 2 5 31 3 0 2 7 0 2 7 0 20.4595978856086731
1 2 7 0 2 7 1 2 7 0 2 7 1 2 7 0 2 7 0 2 7 0 2 4 0 2 7 5 30 3 17 18 2 0 2 7 1 2 3 1 2 3 1 2 7 0 2 4 17 9 2 5 31 3 0 2 7 0 2 7 0 20.5684669017791748
0 2 7 5 30 3 1 2 4 0 2 7 17 18 2 1 2 7 0 2 7 0 2 7 0 2 7 5 31 3 13 6 3 12 16 2 1 2 4 0 2 7 6 2 7 0 2 7 0 2 7 17 9 2 1 2 7 12 16 2 0 20.3487167954444885
5 30 3 1 2 4 0 2 7 0 2 10 0 2 3 17 9 2 0 2 7 0 2 7 0 2 10 5 31 3 1 2 7 17 9 2 0 2 7 1 2 7 1 2 7 1 2 4 1 2 7 0 2 7 0 2 7 0 2 7 0 20.5764669179916382
0 2 7 1 2 7 0 2 7 0 2 7 0 2 3 0 2 7 1 2 7 0 2 7 0 2 7 5 30 3 16 31 2 1 2 11 0 2 3 1 2 7 0 2 7 0 2 3 17 9 2 5 30 3 1 2 7 1 2 3 0 20.6688988208770752
0 2 3 0 2 7 0 2 3 1 2 7 0 2 4 5 30 3 0 2 7 1 2 10 17 9 2 1 2 11 0 2 3 16 6 2 1 2 3 0 2 4 0 2 11 0 2 7 12 16 2 15 2 11 0 2 3 5 30 3 0 21.1867438554763794
0 2 11 1 2 11 1 2 7 0 2 7 0 2 4 5 30 3 0 2 4 1 2 7 1 2 7 1 2 11 0 2 3 0 2 7 0 2 7 0 2 7 0 2 4 6 2 7 17 9 2 17 18 2 0 2 11 5 31 3 0 20.8231599926948547

Current Evaluation = 540(540)
Front Size = 10
0 2 7 0 2 7 1 2 7 0 2 7 17 18 2 5 31 3 0 2 7 1 2 7 1 2 7 5 30 3 13 6 3 12 16 2 0 2 7 1 2 7 0 2 7 1 2 7 0 2 7 17 18 2 0 2 7 0 2 7 0 20.2646257877349854
0 2 7 5 30 3 1 2 7 0 2 7 17 18 2 0 2 7 1 2 7 0 2 7 1 2 7 5 31 3 13 6 3 0 2 7 0 2 7 0 2 7 0 2 7 0 2 7 1 2 7 17 9 2 1 2 7 12 16 2 0 20.2646257877349854
0 2 7 0 2 7 0 2 7 0 2 7 17 9 2 5 31 3 1 2 7 0 2 7 0 2 4 5 30 3 13 6 3 0 2 7 0 2 7 12 16 2 6 2 7 1 2 7 17 9 2 12 16 2 1 2 4 1 2 7 0 20.3487167954444885
0 2 7 5 30 3 1 2 7 0 2 7 17 18 2 0 2 7 1 2 7 0 2 4 1 2 7 5 31 3 13 6 3 12 16 2 0 2 4 0 2 7 0 2 7 0 2 7 6 2 7 17 9 2 1 2 7 12 16 2 0 20.3487167954444885
0 2 7 5 30 3 1 2 4 0 2 7 17 18 2 1 2 7 0 2 7 0 2 7 0 2 7 5 31 3 13 6 3 12 16 2 1 2 4 0 2 7 6 2 7 0 2 7 0 2 7 17 9 2 1 2 7 12 16 2 0 20.3487167954444885
0 2 7 1 2 7 0 2 7 0 2 7 1 2 7 0 2 7 0 2 7 0 2 7 1 2 7 5 31 3 16 6 2 0 2 7 1 2 7 12 16 2 6 2 4 0 2 7 17 9 2 5 31 3 0 2 4 0 2 7 0 20.4595978856086731
1 2 7 0 2 7 1 2 7 0 2 7 1 2 7 0 2 7 0 2 7 0 2 4 0 2 7 5 30 3 17 18 2 0 2 7 1 2 3 1 2 3 1 2 7 0 2 4 17 9 2 5 31 3 0 2 7 0 2 7 0 20.5684669017791748
0 2 7 5 2 7 0 2 7 0 2 7 17 18 2 0 2 3 1 2 7 0 2 4 1 2 7 5 30 3 13 6 3 0 2 2 0 2 4 0 16 2 6 2 7 1 2 7 17 2 7 17 16 2 1 2 4 1 16 7 252918.796912256686 20.600300133228302
5 30 3 1 2 4 0 2 7 0 2 10 0 2 3 17 9 2 0 2 7 0 2 7 0 2 10 5 31 3 1 2 7 17 9 2 0 2 7 1 2 7 1 2 7 1 2 4 1 2 7 0 2 7 0 2 7 0 2 7 0 20.5764669179916382
0 2 7 0 2 7 0 2 7 0 2 7 17 2 2 5 2 7 1 2 7 0 2 7 1 2 4 5 31 3 16 6 3 0 2 7 0 2 7 12 16 2 6 2 4 0 2 7 17 9 2 5 16 3 1 2 4 1 2 7 216581.413099124969 21.3384841084480286

Current Evaluation = 720(720)
Front Size = 10
0 2 7 5 30 3 0 2 7 0 2 7 0 2 7 1 2 7 0 2 7 1 2 7 1 2 7 5 31 3 13 6 3 0 2 7 0 2 7 1 2 7 0 2 7 0 2 7 17 9 2 17 9 2 1 2 7 12 16 2 0 20.2646257877349854
0 2 7 5 30 3 1 2 7 0 2 7 17 18 2 1 2 7 0 2 7 0 2 7 0 2 7 5 31 3 13 6 3 0 2 7 1 2 7 0 2 7 0 2 7 1 2 7 1 2 7 17 9 2 0 2 7 12 16 2 0 20.2646257877349854
0 2 7 5 31 3 0 2 7 1 2 7 17 18 2 0 2 7 13 6 3 0 2 7 0 2 7 5 30 3 17 18 2 0 2 7 0 2 7 1 2 7 1 2 7 1 2 7 0 2 7 0 2 7 1 2 7 12 16 2 0 20.2646257877349854
0 2 7 5 31 3 0 2 7 1 2 4 17 18 2 0 2 7 13 6 3 0 2 4 0 2 7 5 30 3 17 18 2 12 16 2 0 2 7 1 2 7 1 2 7 1 2 7 0 2 7 0 2 7 6 2 7 12 16 2 0 20.3487167954444885
0 2 7 0 2 7 0 2 7 0 2 7 17 9 2 5 31 3 1 2 7 0 2 7 0 2 4 5 30 3 13 6 3 0 2 7 0 2 7 12 16 2 6 2 7 1 2 7 17 9 2 12 16 2 1 2 4 1 2 7 0 20.3487167954444885
0 2 7 5 30 3 1 2 7 0 2 7 17 18 2 1 2 7 0 2 7 0 2 7 0 2 7 5 31 3 13 6 3 12 16 2 6 2 4 0 2 4 0 2 7 0 2 7 1 2 7 17 9 2 1 2 7 12 16 2 0 20.3487167954444885
0 2 7 5 30 3 1 2 7 0 2 7 17 18 2 6 2 7 0 2 4 0 2 7 0 2 7 5 31 3 13 6 3 12 16 2 1 2 7 0 2 7 1 2 7 0 2 7 0 2 4 17 9 2 1 2 7 12 16 2 0 20.3487167954444885
1 2 7 5 30 3 1 2 7 0 2 7 17 18 2 1 2 4 0 2 7 0 2 7 0 2 7 5 31 3 13 6 3 12 16 2 0 2 7 0 2 7 6 2 7 0 2 7 1 2 4 17 9 2 0 2 7 12 16 2 0 20.3487167954444885
0 2 7 1 2 7 0 2 7 0 2 7 1 2 7 0 2 7 0 2 7 0 2 7 1 2 7 5 31 3 16 6 2 0 2 7 1 2 7 12 16 2 6 2 4 0 2 7 17 9 2 5 31 3 0 2 4 0 2 7 0 20.4595978856086731
1 2 7 0 2 7 1 2 7 0 2 7 1 2 7 0 2 7 0 2 7 0 2 4 0 2 7 5 30 3 17 18 2 0 2 7 1 2 3 1 2 3 1 2 7 0 2 4 17 9 2 5 31 3 0 2 7 0 2 7 0 20.5684669017791748

Current Evaluation = 900(900)
Front Size = 10
1 2 7 5 31 3 0 2 7 1 2 7 17 18 2 0 2 7 0 2 7 0 2 7 13 6 3 5 30 3 12 16 2 0 2 7 0 2 7 1 2 7 0 2 7 1 2 7 1 2 7 17 18 2 0 2 7 0 2 7 0 20.2646257877349854
0 2 7 5 31 3 1 2 7 0 2 7 17 18 2 0 2 7 0 2 7 0 2 7 0 2 7 5 30 3 13 6 3 1 2 7 1 2 7 0 2 7 0 2 7 0 2 7 1 2 7 17 9 2 1 2 7 12 16 2 0 20.2646257877349854
0 2 7 1 2 7 1 2 7 1 2 7 17 9 2 1 2 7 0 2 7 0 2 7 0 2 7 5 31 3 13 6 3 1 2 7 0 2 7 0 2 7 0 2 7 5 30 3 0 2 7 17 9 2 0 2 7 12 16 2 0 20.2646257877349854
0 2 7 0 2 7 0 2 7 0 2 7 17 9 2 5 31 3 1 2 7 0 2 7 0 2 4 5 30 3 13 6 3 0 2 7 0 2 7 12 16 2 6 2 7 1 2 7 17 9 2 12 16 2 1 2 4 1 2 7 0 20.3487167954444885
0 2 7 5 31 3 0 2 7 1 2 4 17 18 2 0 2 7 13 6 3 0 2 4 0 2 7 5 30 3 17 18 2 12 16 2 0 2 7 1 2 7 1 2 7 1 2 7 0 2 7 0 2 7 6 2 7 12 16 2 0 20.3487167954444885
0 2 7 5 30 3 1 2 7 0 2 7 17 18 2 1 2 7 0 2 7 0 2 7 0 2 7 5 31 3 13 6 3 12 16 2 6 2 4 0 2 4 0 2 7 0 2 7 1 2 7 17 9 2 1 2 7 12 16 2 0 20.3487167954444885
0 2 4 5 30 3 0 2 7 1 2 7 17 9 2 0 2 7 12 16 2 0 2 7 0 2 7 6 2 7 13 6 3 0 2 4 1 2 7 1 2 7 0 2 7 5 31 3 1 2 7 17 9 2 0 2 7 12 16 2 0 20.3487167954444885
1 2 7 5 30 3 1 2 7 0 2 7 17 18 2 1 2 4 0 2 7 0 2 7 0 2 7 5 31 3 13 6 3 12 16 2 0 2 7 0 2 7 6 2 7 0 2 7 1 2 4 17 9 2 0 2 7 12 16 2 0 20.3487167954444885
0 2 7 1 2 7 0 2 7 0 2 7 1 2 7 0 2 7 0 2 7 0 2 7 1 2 7 5 31 3 16 6 2 0 2 7 1 2 7 12 16 2 6 2 4 0 2 7 17 9 2 5 31 3 0 2 4 0 2 7 0 20.4595978856086731
1 2 7 0 2 7 1 2 7 0 2 7 1 2 7 0 2 7 0 2 7 0 2 4 0 2 7 5 30 3 17 18 2 0 2 7 1 2 3 1 2 3 1 2 7 0 2 4 17 9 2 5 31 3 0 2 7 0 2 7 0 20.5684669017791748

Current Evaluation = 1080(1080)
Front Size = 10
0 2 7 5 31 3 0 2 7 0 2 7 17 18 2 5 30 3 17 18 2 1 2 7 1 2 7 13 6 3 0 2 7 1 2 7 1 2 7 0 2 7 1 2 7 0 2 7 0 2 7 0 2 7 0 2 7 12 16 2 0 20.2646257877349854
12 16 2 5 30 3 1 2 7 5 31 3 17 18 2 1 2 7 0 2 7 0 2 7 0 2 7 1 2 7 13 6 3 0 2 7 0 2 7 1 2 7 0 2 7 0 2 7 1 2 7 17 9 2 0 2 7 0 2 7 0 20.2646257877349854
0 2 7 1 2 7 0 2 7 1 2 7 17 9 2 0 2 7 5 31 3 1 2 7 1 2 7 0 2 7 13 6 3 0 2 7 1 2 7 0 2 7 0 2 7 5 30 3 0 2 7 17 9 2 0 2 7 12 16 2 0 20.2646257877349854
0 2 4 5 30 3 0 2 7 1 2 7 17 9 2 0 2 7 12 16 2 0 2 7 0 2 7 6 2 7 13 6 3 0 2 4 1 2 7 1 2 7 0 2 7 5 31 3 1 2 7 17 9 2 0 2 7 12 16 2 0 20.3487167954444885
0 2 7 5 30 3 1 2 7 0 2 7 13 6 3 1 2 7 17 18 2 1 2 7 0 2 7 5 31 3 0 2 4 12 16 2 0 2 4 0 2 7 6 2 7 0 2 7 0 2 7 17 18 2 1 2 7 12 16 2 0 20.3487167954444885
0 2 7 0 2 7 0 2 7 1 2 4 0 2 7 0 2 7 17 9 2 6 2 4 0 2 7 5 30 3 13 6 3 12 16 2 1 2 7 0 2 7 1 2 7 5 31 3 1 2 7 17 9 2 0 2 7 12 16 2 0 20.3487167954444885
0 2 7 5 30 3 1 2 7 0 2 7 17 18 2 1 2 7 0 2 7 0 2 7 0 2 7 5 31 3 13 6 3 12 16 2 6 2 4 0 2 4 0 2 7 0 2 7 1 2 7 17 9 2 1 2 7 12 16 2 0 20.3487167954444885
1 2 7 5 30 3 1 2 7 0 2 7 17 18 2 1 2 4 0 2 7 0 2 7 0 2 7 5 31 3 13 6 3 12 16 2 0 2 7 0 2 7 6 2 7 0 2 7 1 2 4 17 9 2 0 2 7 12 16 2 0 20.3487167954444885
0 2 7 1 2 7 0 2 7 0 2 7 1 2 7 0 2 7 0 2 7 0 2 7 1 2 7 5 31 3 16 6 2 0 2 7 1 2 7 12 16 2 6 2 4 0 2 7 17 9 2 5 31 3 0 2 4 0 2 7 0 20.4595978856086731
1 2 7 0 2 7 1 2 7 0 2 7 1 2 7 0 2 7 0 2 7 0 2 4 0 2 7 5 30 3 17 18 2 0 2 7 1 2 3 1 2 3 1 2 7 0 2 4 17 9 2 5 31 3 0 2 7 0 2 7 0 20.5684669017791748

Current Evaluation = 1260(1260)
Front Size = 10
0 2 7 5 30 3 1 2 7 0 2 7 17 9 2 0 2 7 17 9 2 1 2 7 1 2 7 1 2 7 13 6 3 12 16 2 0 2 7 0 2 7 0 2 7 5 31 3 0 2 7 0 2 7 0 2 7 1 2 7 0 20.2646257877349854
12 16 2 5 30 3 1 2 7 5 31 3 17 18 2 1 2 7 0 2 7 0 2 7 0 2 7 1 2 7 13 6 3 0 2 7 0 2 7 1 2 7 0 2 7 0 2 7 1 2 7 17 9 2 0 2 7 0 2 7 0 20.2646257877349854
0 2 7 5 31 3 0 2 7 0 2 7 17 18 2 5 30 3 17 18 2 1 2 7 1 2 7 13 6 3 0 2 7 1 2 7 1 2 7 0 2 7 1 2 7 0 2 7 0 2 7 0 2 7 0 2 7 12 16 2 0 20.2646257877349854
0 2 4 5 30 3 1 2 7 12 16 2 17 18 2 13 6 3 0 2 7 1 2 7 6 2 7 5 31 3 0 2 7 0 2 4 0 2 7 1 2 7 1 2 7 0 2 7 0 2 7 17 9 2 0 2 7 12 16 2 0 20.3487167954444885
0 2 7 5 30 3 1 2 7 0 2 7 17 18 2 1 2 7 0 2 7 0 2 7 0 2 7 5 31 3 13 6 3 12 16 2 6 2 4 0 2 4 0 2 7 0 2 7 1 2 7 17 9 2 1 2 7 12 16 2 0 20.3487167954444885
1 2 7 5 30 3 1 2 4 0 2 7 17 18 2 1 2 7 0 2 7 0 2 7 0 2 7 5 31 3 13 6 3 12 16 2 1 2 7 0 2 7 0 2 7 0 2 7 6 2 4 17 9 2 0 2 7 12 16 2 0 20.3487167954444885
0 2 7 5 31 3 1 2 7 1 2 7 12 16 2 0 2 7 13 6 3 0 2 7 0 2 7 0 2 7 0 2 7 17 18 2 6 2 7 1 2 7 1 2 7 5 30 3 0 2 4 17 18 2 0 2 4 12 16 2 0 20.3487167954444885
1 2 7 5 30 3 1 2 7 0 2 7 17 18 2 1 2 4 0 2 7 0 2 7 0 2 7 5 31 3 13 6 3 12 16 2 0 2 7 0 2 7 6 2 7 0 2 7 1 2 4 17 9 2 0 2 7 12 16 2 0 20.3487167954444885
0 2 7 1 2 7 0 2 7 0 2 7 1 2 7 0 2 7 0 2 7 0 2 7 1 2 7 5 31 3 16 6 2 0 2 7 1 2 7 12 16 2 6 2 4 0 2 7 17 9 2 5 31 3 0 2 4 0 2 7 0 20.4595978856086731
1 2 7 0 2 7 1 2 7 0 2 7 1 2 7 0 2 7 0 2 7 0 2 4 0 2 7 5 30 3 17 18 2 0 2 7 1 2 3 1 2 3 1 2 7 0 2 4 17 9 2 5 31 3 0 2 7 0 2 7 0 20.5684669017791748

Current Evaluation = 1440(1440)
Front Size = 10
1 2 7 5 30 3 0 2 7 1 2 7 17 9 2 0 2 7 1 2 7 1 2 7 1 2 7 5 31 3 0 2 7 0 2 7 0 2 7 0 2 7 0 2 7 0 2 7 0 2 7 17 9 2 13 6 3 12 16 2 0 20.2646257877349854
1 2 7 5 30 3 1 2 7 0 2 7 17 18 2 0 2 7 0 2 7 0 2 7 0 2 7 5 31 3 13 6 3 1 2 7 1 2 7 0 2 7 0 2 7 0 2 7 1 2 7 17 9 2 0 2 7 12 16 2 0 20.2646257877349854
0 2 7 5 30 3 0 2 7 1 2 7 17 18 2 0 2 7 1 2 7 0 2 7 0 2 7 12 16 2 13 6 3 0 2 7 0 2 7 0 2 7 1 2 7 5 31 3 1 2 7 17 18 2 0 2 7 1 2 7 0 20.2646257877349854
0 2 7 5 30 3 1 2 7 1 2 4 17 18 2 1 2 4 0 2 7 0 2 7 0 2 7 5 31 3 13 6 3 12 16 2 6 2 7 0 2 7 0 2 7 0 2 7 1 2 7 17 9 2 0 2 7 12 16 2 0 20.3487167954444885
0 2 7 5 30 3 0 2 7 0 2 7 17 18 2 0 2 7 17 18 2 1 2 7 0 2 7 1 2 4 1 2 7 13 6 3 0 2 7 0 2 7 0 2 7 5 31 3 6 2 7 12 16 2 1 2 4 12 16 2 0 20.3487167954444885
1 2 7 5 30 3 1 2 7 0 2 7 17 18 2 1 2 4 0 2 7 0 2 7 0 2 7 5 31 3 13 6 3 12 16 2 6 2 4 0 2 7 0 2 7 0 2 7 1 2 7 17 9 2 0 2 7 12 16 2 0 20.3487167954444885
0 2 4 5 30 3 1 2 7 12 16 2 17 18 2 13 6 3 0 2 7 1 2 7 6 2 7 5 31 3 0 2 7 0 2 4 0 2 7 1 2 7 1 2 7 0 2 7 0 2 7 17 9 2 0 2 7 12 16 2 0 20.3487167954444885
0 2 7 5 30 3 1 2 7 0 2 4 17 18 2 0 2 7 0 2 7 1 2 7 0 2 7 5 31 3 13 6 3 12 16 2 1 2 7 0 2 7 6 2 7 0 2 4 1 2 7 17 18 2 0 2 7 12 16 2 0 20.3487167954444885
0 2 7 1 2 7 0 2 7 0 2 7 1 2 7 0 2 7 0 2 7 0 2 7 1 2 7 5 31 3 16 6 2 0 2 7 1 2 7 12 16 2 6 2 4 0 2 7 17 9 2 5 31 3 0 2 4 0 2 7 0 20.4595978856086731
1 2 4 5 30 3 0 2 7 1 2 7 17 18 2 0 2 7 1 2 7 0 2 7 1 2 7 12 31 2 0 2 3 0 2 7 0 2 4 0 2 7 0 2 7 0 2 3 1 2 7 17 18 2 1 2 7 12 16 2 7202.84302227148328 20.2355648279190063

Current Evaluation = 1620(1620)
Front Size = 10
1 2 7 5 30 3 0 2 7 0 2 7 17 18 2 13 6 3 17 18 2 0 2 7 0 2 7 1 2 7 0 2 7 0 2 7 0 2 7 1 2 7 1 2 7 1 2 7 0 2 7 5 31 3 0 2 7 12 16 2 0 20.2646257877349854
0 2 7 5 30 3 1 2 7 0 2 7 17 18 2 13 6 3 0 2 7 1 2 7 1 2 7 5 31 3 0 2 7 0 2 7 0 2 7 1 2 7 1 2 7 0 2 7 0 2 7 17 9 2 0 2 7 12 16 2 0 20.2646257877349854
1 2 7 5 30 3 0 2 7 1 2 7 17 9 2 0 2 7 1 2 7 1 2 7 1 2 7 5 31 3 0 2 7 0 2 7 0 2 7 0 2 7 0 2 7 0 2 7 0 2 7 17 9 2 13 6 3 12 16 2 0 20.2646257877349854
0 2 7 5 30 3 1 2 7 0 2 4 17 18 2 0 2 7 0 2 7 1 2 7 0 2 7 5 31 3 13 6 3 12 16 2 1 2 7 0 2 7 6 2 7 0 2 4 1 2 7 17 18 2 0 2 7 12 16 2 0 20.3487167954444885
1 2 7 5 30 3 0 2 7 0 2 7 17 18 2 0 2 7 0 2 7 6 2 7 0 2 7 5 31 3 13 6 3 12 16 2 0 2 7 1 2 4 0 2 7 0 2 4 1 2 7 17 18 2 1 2 7 12 16 2 0 20.3487167954444885
0 2 4 5 30 3 1 2 7 12 16 2 17 18 2 13 6 3 0 2 7 1 2 7 6 2 7 5 31 3 0 2 7 0 2 4 0 2 7 1 2 7 1 2 7 0 2 7 0 2 7 17 9 2 0 2 7 12 16 2 0 20.3487167954444885
1 2 7 5 30 3 1 2 7 0 2 7 17 18 2 1 2 4 0 2 7 0 2 7 0 2 7 5 31 3 13 6 3 12 16 2 6 2 4 0 2 7 0 2 7 0 2 7 1 2 7 17 9 2 0 2 7 12 16 2 0 20.3487167954444885
0 2 7 5 30 3 0 2 7 0 2 7 17 18 2 0 2 7 17 18 2 1 2 7 0 2 7 1 2 4 1 2 7 13 6 3 0 2 7 0 2 7 0 2 7 5 31 3 6 2 7 12 16 2 1 2 4 12 16 2 0 20.3487167954444885
0 2 7 1 2 7 0 2 7 0 2 7 1 2 7 0 2 7 0 2 7 0 2 7 1 2 7 5 31 3 16 6 2 0 2 7 1 2 7 12 16 2 6 2 4 0 2 7 17 9 2 5 31 3 0 2 4 0 2 7 0 20.4595978856086731
0 2 7 5 31 3 1 2 4 1 2 7 17 9 2 0 2 7 1 2 7 0 2 7 1 2 7 5 31 3 0 2 7 0 2 4 0 2 7 0 2 7 0 2 7 0 2 7 6 2 7 16 6 2 0 2 7 12 16 2 0 20.4595978856086731

Current Evaluation = 1800(1800)
Front Size = 10
0 2 7 5 30 3 1 2 7 1 2 7 17 9 2 0 2 7 1 2 7 0 2 7 0 2 7 5 31 3 0 2 7 1 2 7 0 2 7 0 2 7 0 2 7 0 2 7 1 2 7 17 9 2 13 6 3 12 16 2 0 20.2646257877349854
0 2 7 5 30 3 0 2 7 1 2 7 17 18 2 13 6 3 0 2 7 0 2 7 0 2 7 5 31 3 0 2 7 1 2 7 0 2 7 1 2 7 1 2 7 0 2 7 0 2 7 17 9 2 1 2 7 12 16 2 0 20.2646257877349854
0 2 7 5 30 3 0 2 7 0 2 7 17 18 2 0 2 7 17 18 2 0 2 7 1 2 7 1 2 7 0 2 7 13 6 3 0 2 7 0 2 7 1 2 7 5 31 3 0 2 7 1 2 7 1 2 7 12 16 2 0 20.2646257877349854
1 2 7 5 30 3 1 2 7 0 2 7 17 18 2 1 2 4 0 2 7 0 2 7 0 2 7 5 31 3 13 6 3 12 16 2 6 2 4 0 2 7 0 2 7 0 2 7 1 2 7 17 9 2 0 2 7 12 16 2 0 20.3487167954444885
0 2 7 5 30 3 0 2 7 0 2 7 17 9 2 13 6 3 0 2 7 6 2 7 1 2 7 5 31 3 0 2 7 1 2 4 0 2 7 1 2 7 1 2 7 0 2 7 0 2 4 17 9 2 12 16 2 12 16 2 0 20.3487167954444885
0 2 4 5 30 3 1 2 7 12 16 2 17 18 2 13 6 3 0 2 7 1 2 7 6 2 7 5 31 3 0 2 7 0 2 4 0 2 7 1 2 7 1 2 7 0 2 7 0 2 7 17 9 2 0 2 7 12 16 2 0 20.3487167954444885
0 2 4 5 30 3 1 2 7 12 2 7 17 18 2 0 2 3 0 2 2 1 2 7 6 2 7 5 31 7 0 2 7 0 2 4 0 2 7 1 2 7 1 2 7 0 2 7 0 2 7 1 2 2 1 2 7 12 16 2 34252.3102853144374 20.6926369071006775
0 2 7 5 30 3 0 2 7 0 2 7 17 18 2 0 2 7 17 18 2 1 2 7 0 2 7 1 2 4 1 2 7 13 6 3 0 2 7 0 2 7 0 2 7 5 31 3 6 2 7 12 16 2 1 2 4 12 16 2 0 20.3487167954444885
0 2 7 1 2 7 0 2 7 0 2 7 1 2 7 0 2 7 0 2 7 0 2 7 1 2 7 5 31 3 16 6 2 0 2 7 1 2 7 12 16 2 6 2 4 0 2 7 17 9 2 5 31 3 0 2 4 0 2 7 0 20.4595978856086731
0 2 7 5 30 3 1 2 7 0 2 7 17 9 2 13 2 4 0 2 7 0 2 7 0 2 7 5 31 3 0 2 7 12 16 4 0 2 7 0 2 7 1 2 7 0 2 7 0 2 4 17 9 2 0 16 2 12 16 2 401068.357950857957 20.8665578365325928

Current Evaluation = 1980(1980)
Front Size = 10
0 2 7 5 30 3 1 2 7 1 2 7 17 9 2 1 2 7 0 2 7 0 2 7 0 2 7 5 31 3 13 6 3 1 2 7 0 2 7 0 2 7 0 2 7 0 2 7 1 2 7 17 9 2 0 2 7 12 16 2 0 20.2646257877349854
0 2 7 5 30 3 1 2 7 0 2 7 17 18 2 0 2 7 1 2 7 0 2 7 0 2 7 5 31 3 1 2 7 0 2 7 0 2 7 1 2 7 0 2 7 0 2 7 1 2 7 17 9 2 13 6 3 12 16 2 0 20.2646257877349854
0 2 7 5 31 3 1 2 7 0 2 7 17 18 2 1 2 7 0 2 4 1 2 4 6 2 7 5 30 3 13 6 3 12 16 2 0 2 7 1 2 7 0 2 7 0 2 7 0 2 7 17 9 2 0 2 7 12 16 2 0 20.3487167954444885
0 2 7 5 30 3 0 2 7 0 2 7 17 18 2 0 2 7 17 18 2 0 2 7 1 2 7 1 2 7 0 2 7 13 6 3 0 2 7 0 2 7 1 2 7 5 31 3 0 2 7 1 2 7 1 2 7 12 16 2 0 20.2646257877349854
0 2 7 5 30 3 0 2 7 0 2 7 17 9 2 13 6 3 0 2 7 6 2 7 1 2 7 5 31 3 0 2 7 1 2 4 0 2 7 1 2 7 1 2 7 0 2 7 0 2 4 17 9 2 12 16 2 12 16 2 0 20.3487167954444885
1 2 7 5 30 3 1 2 7 0 2 7 17 18 2 1 2 4 0 2 7 0 2 7 0 2 7 5 31 3 13 6 3 12 16 2 6 2 4 0 2 7 0 2 7 0 2 7 1 2 7 17 9 2 0 2 7 12 16 2 0 20.3487167954444885
1 2 7 5 30 3 1 2 7 12 16 2 17 18 2 13 6 3 0 2 4 1 2 7 0 2 7 5 31 3 0 2 7 0 2 7 6 2 7 0 2 7 0 2 7 0 2 4 0 2 7 17 9 2 1 2 7 12 16 2 0 20.3487167954444885
0 2 7 5 30 3 0 2 7 0 2 7 17 18 2 0 2 7 17 18 2 1 2 7 0 2 7 1 2 4 1 2 7 13 6 3 0 2 7 0 2 7 0 2 7 5 31 3 6 2 7 12 16 2 1 2 4 12 16 2 0 20.3487167954444885
0 2 7 1 2 7 0 2 7 0 2 7 1 2 7 0 2 7 0 2 7 0 2 7 1 2 7 5 31 3 16 6 2 0 2 7 1 2 7 12 16 2 6 2 4 0 2 7 17 9 2 5 31 3 0 2 4 0 2 7 0 20.4595978856086731
1 2 7 5 30 3 1 2 7 12 2 7 17 18 2 1 2 3 0 2 4 1 2 7 0 2 7 5 31 3 0 2 7 12 2 7 1 2 7 0 2 7 0 2 7 0 2 4 0 2 7 17 9 2 0 2 7 0 16 2 10256.368883145311 20.7368669509887695

Current Evaluation = 2160(2160)
Front Size = 10
0 2 7 5 31 3 1 2 7 1 2 7 17 9 2 0 2 7 0 2 7 1 2 7 0 2 7 5 30 3 0 2 7 0 2 7 0 2 7 0 2 7 13 6 3 1 2 7 0 2 7 17 9 2 1 2 7 12 16 2 0 20.2646257877349854
17 9 2 5 30 3 0 2 7 1 2 7 17 18 2 5 31 3 0 2 7 0 2 7 1 2 7 1 2 7 0 2 7 1 2 7 0 2 7 0 2 7 0 2 7 13 6 3 0 2 7 1 2 7 0 2 7 12 16 2 0 20.2646257877349854
0 2 7 5 30 3 0 2 7 0 2 7 17 18 2 13 6 3 12 16 2 17 9 2 1 2 7 5 31 3 0 2 4 0 2 7 0 2 7 0 2 7 1 2 7 1 2 4 0 2 7 6 2 7 1 2 7 12 16 2 0 20.3487167954444885
0 2 7 5 30 3 0 2 7 0 2 7 17 18 2 0 2 7 17 18 2 0 2 7 1 2 7 1 2 7 0 2 7 13 6 3 0 2 7 0 2 7 1 2 7 5 31 3 0 2 7 1 2 7 1 2 7 12 16 2 0 20.2646257877349854
1 2 4 5 30 3 12 16 2 6 2 7 17 18 2 0 2 7 0 2 7 0 2 7 1 2 4 5 31 3 1 2 7 13 6 3 0 2 7 0 2 7 0 2 7 0 2 7 0 2 7 17 9 2 1 2 7 12 16 2 0 20.3487167954444885
1 2 7 5 30 3 1 2 7 0 2 7 17 18 2 1 2 4 0 2 7 0 2 7 0 2 7 5 31 3 13 6 3 12 16 2 6 2 4 0 2 7 0 2 7 0 2 7 1 2 7 17 9 2 0 2 7 12 16 2 0 20.3487167954444885
17 18 2 5 30 3 0 2 7 0 2 7 17 18 2 1 2 4 12 16 2 1 2 7 0 2 7 5 31 3 0 2 4 13 6 3 0 2 7 0 2 7 1 2 7 0 2 7 0 2 7 6 2 7 1 2 7 12 16 2 0 20.3487167954444885
1 2 7 5 30 3 1 2 7 12 16 2 17 18 2 13 6 3 0 2 4 1 2 7 0 2 7 5 31 3 0 2 7 0 2 7 6 2 7 0 2 7 0 2 7 0 2 4 0 2 7 17 9 2 1 2 7 12 16 2 0 20.3487167954444885
0 2 7 1 2 7 0 2 7 0 2 7 1 2 7 0 2 7 0 2 7 0 2 7 1 2 7 5 31 3 16 6 2 0 2 7 1 2 7 12 16 2 6 2 4 0 2 7 17 9 2 5 31 3 0 2 4 0 2 7 0 20.4595978856086731
0 2 7 8 18 2 0 2 7 1 2 7 17 18 2 0 2 11 0 2 7 1 2 7 1 2 4 5 31 3 0 2 7 5 30 3 0 2 7 0 2 7 1 2 7 0 2 11 1 2 7 1 2 7 0 2 7 17 18 2 0 20.6409200429916382

Current Evaluation = 2340(2340)
Front Size = 10
0 2 7 5 31 3 1 2 7 1 2 7 17 9 2 0 2 7 0 2 7 1 2 7 0 2 7 5 30 3 0 2 7 0 2 7 0 2 7 0 2 7 13 6 3 1 2 7 0 2 7 17 9 2 1 2 7 12 16 2 0 20.2646257877349854
17 9 2 5 30 3 0 2 7 1 2 7 17 18 2 5 31 3 0 2 7 0 2 7 1 2 7 1 2 7 0 2 7 1 2 7 0 2 7 0 2 7 0 2 7 13 6 3 0 2 7 1 2 7 0 2 7 12 16 2 0 20.2646257877349854
17 18 2 0 2 7 0 2 7 0 2 7 17 18 2 5 31 3 0 2 7 0 2 7 1 2 7 5 30 3 1 2 7 13 6 3 0 2 7 1 2 7 0 2 7 0 2 7 1 2 7 1 2 7 0 2 7 12 16 2 0 20.2646257877349854
1 2 7 5 30 3 1 2 7 0 2 7 17 18 2 1 2 4 0 2 7 0 2 7 0 2 7 5 31 3 13 6 3 12 16 2 6 2 4 0 2 7 0 2 7 0 2 7 1 2 7 17 9 2 0 2 7 12 16 2 0 20.3487167954444885
17 18 2 5 30 3 0 2 7 0 2 7 17 18 2 1 2 4 12 16 2 1 2 7 0 2 7 5 31 3 0 2 4 13 6 3 0 2 7 0 2 7 1 2 7 0 2 7 0 2 7 6 2 7 1 2 7 12 16 2 0 20.3487167954444885
1 2 4 5 30 3 12 16 2 6 2 7 17 18 2 0 2 7 0 2 7 0 2 7 1 2 4 5 31 3 1 2 7 13 6 3 0 2 7 0 2 7 0 2 7 0 2 7 0 2 7 17 9 2 1 2 7 12 16 2 0 20.3487167954444885
0 2 7 5 30 3 0 2 7 1 2 7 17 18 2 0 2 7 0 2 7 0 2 4 0 2 7 5 31 3 12 16 2 17 9 2 0 2 7 6 2 7 0 2 4 13 6 3 1 2 7 1 2 7 1 2 7 12 16 2 0 20.3487167954444885
0 2 7 1 2 7 0 2 7 0 2 7 1 2 7 0 2 7 0 2 7 0 2 7 1 2 7 5 31 3 16 6 2 0 2 7 1 2 7 12 16 2 6 2 4 0 2 7 17 9 2 5 31 3 0 2 4 0 2 7 0 20.4595978856086731
0 2 7 8 18 2 0 2 7 1 2 7 17 18 2 0 2 11 0 2 7 1 2 7 1 2 4 5 31 3 0 2 7 5 30 3 0 2 7 0 2 7 1 2 7 0 2 11 1 2 7 1 2 7 0 2 7 17 18 2 0 20.6409200429916382
16 9 11 5 30 3 0 2 3 0 2 3 5 30 3 0 2 11 0 2 3 1 2 3 0 2 3 0 2 7 1 2 3 0 2 3 0 2 7 12 16 2 0 2 7 16 9 11 0 2 3 1 2 11 1 2 3 12 16 2 0 21.9789398908615112

Current Evaluation = 2520(2520)
Front Size = 10
1 2 7 5 30 3 1 2 7 0 2 7 17 9 2 1 2 7 0 2 7 1 2 7 0 2 7 5 31 3 1 2 7 0 2 7 0 2 7 0 2 7 13 6 3 0 2 7 0 2 7 17 9 2 0 2 7 12 16 2 0 20.2646257877349854
1 2 7 5 31 3 0 2 7 0 2 7 17 18 2 1 2 7 0 2 7 0 2 7 0 2 7 5 30 3 17 9 2 1 2 7 0 2 7 0 2 7 0 2 7 13 6 3 1 2 7 1 2 7 0 2 7 12 16 2 0 20.2646257877349854
17 18 2 5 30 3 1 2 7 0 2 7 17 18 2 5 31 3 1 2 7 0 2 7 0 2 7 1 2 7 0 2 7 13 6 3 1 2 7 0 2 7 0 2 7 0 2 7 1 2 7 0 2 7 0 2 7 12 16 2 0 20.2646257877349854
12 16 2 0 2 7 0 2 7 0 2 7 17 18 2 1 2 11 12 16 2 1 2 7 12 16 2 5 30 3 1 2 11 13 6 3 0 2 7 0 2 7 0 2 4 13 6 3 1 2 7 17 9 2 0 2 7 12 16 2 0 20.3046585321426392
16 9 11 5 30 3 0 2 3 0 2 3 5 30 3 0 2 11 0 2 3 1 2 3 0 2 3 0 2 7 1 2 3 0 2 3 0 2 7 12 16 2 0 2 7 16 9 11 0 2 3 1 2 11 1 2 3 12 16 2 0 21.9789398908615112
12 16 2 0 2 7 0 2 7 0 2 7 17 18 2 1 2 11 12 16 2 1 2 11 12 16 2 5 30 3 1 2 7 13 6 3 1 2 4 0 2 7 0 2 7 13 6 3 0 2 7 17 9 2 0 2 7 12 16 2 0 20.3046585321426392
12 16 2 0 2 7 0 2 7 0 2 7 17 18 2 1 2 7 12 16 2 1 2 4 12 16 2 5 30 3 1 2 11 13 6 3 1 2 7 0 2 7 0 2 11 13 6 3 0 2 7 17 9 2 0 2 7 12 16 2 0 20.3046586513519287
8 18 2 0 2 7 0 2 7 1 2 7 12 16 2 1 2 7 17 9 2 0 2 7 1 2 7 5 31 3 16 19 11 5 30 3 0 2 7 12 16 2 0 2 7 0 2 4 1 2 7 0 2 7 0 2 7 0 2 7 0 21.0404787063598633
17 18 2 5 30 3 0 2 7 0 2 7 17 18 2 1 2 4 12 16 2 1 2 7 0 2 7 5 31 3 0 2 4 13 6 3 0 2 7 0 2 7 1 2 7 0 2 7 0 2 7 6 2 7 1 2 7 12 16 2 0 20.3487167954444885
16 19 12 5 30 3 0 2 7 1 2 7 12 16 2 8 18 2 0 2 7 0 2 3 0 2 7 0 2 7 0 2 7 16 6 2 1 2 7 8 9 2 12 16 2 5 30 3 0 2 1 0 2 3 0 2 3 12 16 2 0 21.6069637537002563

Current Evaluation = 2700(2700)
Front Size = 10
1 2 7 5 30 3 1 2 7 0 2 7 17 9 2 1 2 7 0 2 7 1 2 7 0 2 7 5 31 3 1 2 7 0 2 7 0 2 7 0 2 7 13 6 3 0 2 7 0 2 7 17 9 2 0 2 7 12 16 2 0 20.2646257877349854
1 2 7 5 31 3 0 2 7 0 2 7 17 18 2 1 2 7 0 2 7 0 2 7 0 2 7 5 30 3 1 2 7 1 2 7 0 2 7 0 2 7 0 2 7 13 6 3 1 2 7 17 9 2 0 2 7 12 16 2 0 20.2646257877349854
17 18 2 5 30 3 1 2 7 0 2 7 17 18 2 5 31 3 1 2 7 0 2 7 0 2 7 1 2 7 0 2 7 13 6 3 1 2 7 0 2 7 0 2 7 0 2 7 1 2 7 0 2 7 0 2 7 12 16 2 0 20.2646257877349854
12 16 2 0 2 7 0 2 7 0 2 7 17 18 2 1 2 11 12 16 2 1 2 11 12 16 2 5 30 3 1 2 7 13 6 3 1 2 4 0 2 7 0 2 7 13 6 3 0 2 7 17 9 2 0 2 7 12 16 2 0 20.3046585321426392
12 16 2 0 2 7 0 2 7 0 2 7 17 18 2 1 2 7 12 16 2 1 2 11 12 16 2 5 30 3 1 2 11 13 6 3 1 2 7 0 2 7 0 2 4 13 6 3 0 2 7 17 9 2 0 2 7 12 16 2 0 20.3046585321426392
12 16 2 0 2 7 0 2 7 0 2 7 17 18 2 1 2 7 12 16 2 1 2 4 12 16 2 5 30 3 1 2 11 13 6 3 0 2 7 0 2 7 0 2 11 13 6 3 1 2 7 17 9 2 0 2 7 12 16 2 0 20.3046586513519287
17 18 2 5 30 3 0 2 7 0 2 7 17 18 2 1 2 4 12 16 2 1 2 7 0 2 7 5 31 3 0 2 4 13 6 3 0 2 7 0 2 7 1 2 7 0 2 7 0 2 7 6 2 7 1 2 7 12 16 2 0 20.3487167954444885
1 2 7 5 31 3 0 2 4 0 2 4 17 18 2 5 31 3 0 2 7 0 2 7 1 2 7 0 2 7 1 2 7 1 2 7 0 2 7 6 2 7 1 2 7 17 9 2 0 2 7 0 2 7 0 2 7 12 16 2 0 20.5928369164466858
8 18 2 5 30 3 12 16 2 0 2 7 17 18 2 5 30 3 0 2 7 1 2 7 0 2 7 1 2 7 0 2 7 16 15 2 0 2 4 8 18 2 0 2 7 12 16 2 0 2 7 0 2 7 1 2 7 0 2 7 0 20.8408946990966797
1 2 3 5 30 3 0 2 7 0 2 7 12 16 2 5 30 3 0 2 7 0 2 7 0 2 4 0 2 7 16 31 2 16 24 2 0 2 7 8 9 2 12 16 2 0 2 7 0 2 7 1 2 7 1 2 3 12 16 2 0 20.8956457376480103

Current Evaluation = 2880(2880)
Front Size = 10
1 2 7 5 31 3 0 2 7 1 2 7 17 9 2 1 2 7 0 2 7 0 2 7 0 2 7 5 30 3 1 2 7 0 2 7 0 2 7 0 2 7 0 2 7 13 6 3 1 2 7 17 9 2 0 2 7 12 16 2 0 20.2646257877349854
17 18 2 5 31 3 0 2 7 0 2 7 1 2 7 0 2 7 1 2 7 0 2 7 17 18 2 12 16 2 0 2 7 13 6 3 1 2 7 1 2 7 0 2 7 5 30 3 0 2 7 1 2 7 0 2 7 0 2 7 0 20.2646257877349854
1 2 7 5 31 3 0 2 7 1 2 7 17 18 2 1 2 7 0 2 7 0 2 7 0 2 7 5 30 3 1 2 7 0 2 7 0 2 7 0 2 7 0 2 7 13 6 3 1 2 7 17 9 2 0 2 7 12 16 2 0 20.2646257877349854
12 16 2 0 2 7 1 2 11 0 2 4 17 18 2 0 2 7 12 16 2 1 2 11 12 16 2 5 30 3 1 2 7 13 6 3 1 2 7 0 2 7 0 2 7 13 6 3 0 2 7 17 9 2 0 2 7 12 16 2 0 20.3046585321426392
12 16 2 0 2 7 0 2 7 0 2 7 17 18 2 1 2 11 12 16 2 1 2 11 12 16 2 5 30 3 1 2 7 13 6 3 1 2 4 0 2 7 0 2 7 13 6 3 0 2 7 17 9 2 0 2 7 12 16 2 0 20.3046585321426392
17 18 2 0 2 4 1 2 7 0 2 7 17 18 2 1 2 11 12 16 2 1 2 7 12 16 2 12 16 2 0 2 7 13 6 3 0 2 11 0 2 7 1 2 7 5 30 3 0 2 7 13 6 3 0 2 7 12 16 2 0 20.3046586513519287
12 16 2 0 2 7 1 2 7 1 2 3 5 31 3 1 2 7 12 16 2 0 2 4 0 2 7 12 16 2 0 2 7 0 2 7 0 2 7 5 30 3 0 2 4 13 6 3 16 30 2 17 18 2 1 2 7 0 2 7 0 20.4516057968139648
17 18 2 5 31 3 0 2 7 0 2 7 1 2 7 0 2 7 12 16 2 0 2 7 17 18 2 12 16 2 1 2 4 13 6 3 0 2 7 1 2 7 0 2 7 5 30 3 6 2 7 0 2 4 0 2 7 12 16 2 0 20.5670667290687561
17 18 2 5 31 3 0 2 4 0 2 7 17 18 2 5 30 3 1 2 4 0 2 7 1 2 7 1 2 10 0 2 7 1 2 7 1 2 7 1 2 7 0 2 7 0 2 3 0 2 7 0 2 7 0 2 7 0 2 10 0 20.5764669179916382
0 2 7 5 30 3 0 2 11 0 2 7 1 2 11 0 2 7 8 9 2 1 2 7 0 2 7 12 16 2 17 9 2 13 6 3 0 2 7 17 9 2 1 2 7 5 30 3 0 2 7 1 2 11 0 2 11 12 16 2 0 20.8343497514724731

Current Evaluation = 3060(3060)
Front Size = 10
1 2 7 5 31 3 0 2 7 1 2 7 17 9 2 1 2 7 0 2 7 0 2 7 0 2 7 5 30 3 1 2 7 0 2 7 0 2 7 0 2 7 0 2 7 13 6 3 1 2 7 17 9 2 0 2 7 12 16 2 0 20.2646257877349854
1 2 7 5 31 3 0 2 7 1 2 7 17 18 2 1 2 7 0 2 7 0 2 7 0 2 7 5 30 3 1 2 7 0 2 7 0 2 7 0 2 7 0 2 7 13 6 3 1 2 7 17 9 2 0 2 7 12 16 2 0 20.2646257877349854
17 18 2 5 31 3 0 2 7 0 2 7 1 2 7 0 2 7 1 2 7 0 2 7 17 18 2 12 16 2 0 2 7 13 6 3 1 2 7 1 2 7 0 2 7 5 30 3 0 2 7 1 2 7 0 2 7 0 2 7 0 20.2646257877349854
12 16 2 0 2 7 1 2 11 0 2 4 17 18 2 0 2 7 12 16 2 1 2 11 12 16 2 5 30 3 1 2 7 13 6 3 1 2 7 0 2 7 0 2 7 13 6 3 0 2 7 17 9 2 0 2 7 12 16 2 0 20.3046585321426392
12 16 2 0 2 7 0 2 7 0 2 7 17 18 2 1 2 11 12 16 2 1 2 11 12 16 2 5 30 3 1 2 7 13 6 3 1 2 4 0 2 7 0 2 7 13 6 3 0 2 7 17 9 2 0 2 7 12 16 2 0 20.3046585321426392
17 18 2 0 2 4 1 2 7 0 2 7 17 18 2 1 2 11 12 16 2 1 2 7 12 16 2 12 16 2 0 2 7 13 6 3 0 2 11 0 2 7 1 2 7 5 30 3 0 2 7 13 6 3 0 2 7 12 16 2 0 20.3046586513519287
12 16 2 0 2 7 1 2 7 1 2 3 5 31 3 1 2 7 12 16 2 0 2 4 0 2 7 12 16 2 0 2 7 0 2 7 0 2 7 5 30 3 0 2 4 13 6 3 16 30 2 17 18 2 1 2 7 0 2 7 0 20.4516057968139648
17 18 2 5 31 3 0 2 7 0 2 7 1 2 7 0 2 7 12 16 2 0 2 7 17 18 2 12 16 2 1 2 4 13 6 3 0 2 7 1 2 7 0 2 7 5 30 3 6 2 7 0 2 4 0 2 7 12 16 2 0 20.5670667290687561
17 18 2 5 31 3 0 2 4 0 2 7 17 18 2 5 30 3 1 2 4 0 2 7 1 2 7 1 2 10 0 2 7 1 2 7 1 2 7 1 2 7 0 2 7 0 2 3 0 2 7 0 2 7 0 2 7 0 2 10 0 20.5764669179916382
0 2 7 5 30 3 0 2 11 0 2 7 1 2 11 0 2 7 8 9 2 1 2 7 0 2 7 12 16 2 17 9 2 13 6 3 0 2 7 17 9 2 1 2 7 5 30 3 0 2 7 1 2 11 0 2 11 12 16 2 0 20.8343497514724731

Current Evaluation = 3240(3240)
Front Size = 10
1 2 7 5 31 3 0 2 7 1 2 7 17 9 2 1 2 7 0 2 7 0 2 7 0 2 7 5 30 3 1 2 7 0 2 7 0 2 7 0 2 7 0 2 7 13 6 3 1 2 7 17 9 2 0 2 7 12 16 2 0 20.2646257877349854
0 2 7 0 2 7 0 2 7 0 2 7 17 18 2 1 2 7 12 16 2 1 2 7 17 9 2 5 30 3 0 2 7 0 2 7 1 2 7 0 2 7 0 2 7 13 6 3 1 2 7 5 31 3 0 2 7 1 2 7 0 20.2646257877349854
17 18 2 5 31 3 0 2 7 0 2 7 17 18 2 1 2 7 1 2 7 0 2 7 12 16 2 5 30 3 0 2 7 1 2 7 1 2 7 0 2 7 0 2 7 0 2 7 0 2 7 13 6 3 1 2 7 0 2 7 0 20.2646257877349854
12 16 2 0 2 7 0 2 7 0 2 7 17 18 2 1 2 11 12 16 2 1 2 11 12 16 2 5 30 3 1 2 7 13 6 3 1 2 4 0 2 7 0 2 7 13 6 3 0 2 7 17 9 2 0 2 7 12 16 2 0 20.3046585321426392
17 18 2 0 2 7 1 2 11 0 2 7 17 18 2 1 2 11 12 16 2 1 2 4 12 16 2 12 16 2 0 2 7 13 6 3 0 2 7 0 2 7 1 2 7 5 30 3 0 2 7 13 6 3 0 2 7 12 16 2 0 20.3046585321426392
12 16 2 0 2 7 0 2 7 0 2 7 17 18 2 1 2 7 12 16 2 1 2 11 12 16 2 5 30 3 1 2 7 13 6 3 1 2 11 0 2 7 0 2 7 13 6 3 0 2 7 17 9 2 0 2 4 12 16 2 0 20.3046585321426392
17 18 2 0 2 4 1 2 7 0 2 7 17 18 2 1 2 11 12 16 2 1 2 7 12 16 2 12 16 2 0 2 7 13 6 3 0 2 11 0 2 7 1 2 7 5 30 3 0 2 7 13 6 3 0 2 7 12 16 2 0 20.3046586513519287
17 18 2 0 2 4 1 2 7 0 2 7 5 30 3 1 2 7 16 31 2 1 2 7 12 16 2 5 30 3 0 2 3 13 6 3 0 2 7 0 2 7 12 16 2 12 16 2 0 2 7 1 2 7 0 2 7 0 2 4 0 20.4516056776046753
17 18 2 5 31 3 0 2 4 0 2 7 17 18 2 5 30 3 1 2 4 0 2 7 1 2 7 1 2 10 0 2 7 1 2 7 1 2 7 1 2 7 0 2 7 0 2 3 0 2 7 0 2 7 0 2 7 0 2 10 0 20.5764669179916382
0 2 7 5 30 3 0 2 11 0 2 7 1 2 11 0 2 7 8 9 2 1 2 7 0 2 7 12 16 2 17 9 2 13 6 3 0 2 7 17 9 2 1 2 7 5 30 3 0 2 7 1 2 11 0 2 11 12 16 2 0 20.8343497514724731

Current Evaluation = 3420(3420)
Front Size = 10
1 2 7 5 31 3 0 2 7 1 2 7 17 9 2 1 2 7 0 2 7 0 2 7 0 2 7 5 30 3 1 2 7 0 2 7 0 2 7 0 2 7 0 2 7 13 6 3 1 2 7 17 9 2 0 2 7 12 16 2 0 20.2646257877349854
0 2 7 0 2 7 0 2 7 0 2 7 17 18 2 1 2 7 12 16 2 1 2 7 17 9 2 5 30 3 0 2 7 0 2 7 1 2 7 0 2 7 0 2 7 13 6 3 1 2 7 5 31 3 0 2 7 1 2 7 0 20.2646257877349854
17 18 2 0 2 7 0 2 7 1 2 7 17 18 2 1 2 7 0 2 7 1 2 7 12 16 2 1 2 7 0 2 7 13 6 3 0 2 7 1 2 7 0 2 7 5 31 3 0 2 7 0 2 7 5 30 3 0 2 7 0 20.2646257877349854
17 18 2 0 2 7 1 2 11 0 2 4 17 18 2 1 2 11 12 16 2 1 2 7 12 16 2 12 16 2 0 2 7 13 6 3 0 2 7 0 2 7 1 2 7 5 30 3 0 2 7 13 6 3 0 2 7 12 16 2 0 20.3046585321426392
17 18 2 0 2 4 1 2 7 0 2 7 17 18 2 1 2 11 12 16 2 1 2 7 12 16 2 12 16 2 0 2 7 13 6 3 0 2 11 0 2 7 1 2 7 5 30 3 0 2 7 13 6 3 0 2 7 12 16 2 0 20.3046586513519287
17 18 2 0 2 7 1 2 11 0 2 7 17 18 2 1 2 11 12 16 2 1 2 4 12 16 2 12 16 2 0 2 7 13 6 3 0 2 7 0 2 7 1 2 7 5 30 3 0 2 7 13 6 3 0 2 7 12 16 2 0 20.3046585321426392
17 18 2 0 2 4 1 2 7 0 2 7 5 30 3 1 2 7 16 31 2 1 2 7 12 16 2 5 30 3 0 2 3 13 6 3 0 2 7 0 2 7 12 16 2 12 16 2 0 2 7 1 2 7 0 2 7 0 2 4 0 20.4516056776046753
17 18 2 5 31 3 0 2 4 0 2 7 17 18 2 5 30 3 1 2 4 0 2 7 1 2 7 1 2 10 0 2 7 1 2 7 1 2 7 1 2 7 0 2 7 0 2 3 0 2 7 0 2 7 0 2 7 0 2 10 0 20.5764669179916382
0 2 7 5 30 3 0 2 11 0 2 7 1 2 11 0 2 7 8 9 2 1 2 7 0 2 7 12 16 2 17 9 2 13 6 3 0 2 7 17 9 2 1 2 7 5 30 3 0 2 7 1 2 11 0 2 11 12 16 2 0 20.8343497514724731
0 2 7 0 2 7 0 2 7 0 2 7 17 18 2 1 2 7 12 16 2 1 2 7 12 16 2 12 16 2 0 2 7 0 2 3 1 2 4 0 2 7 0 2 7 13 30 3 1 2 7 5 6 3 0 2 7 12 2 7 16820.6256798850955 20.5724546909332275

Current Evaluation = 3600(3600)
Front Size = 10
17 18 2 0 2 7 0 2 7 1 2 7 17 18 2 0 2 7 0 2 7 5 31 3 0 2 7 12 16 2 1 2 7 13 6 3 1 2 7 0 2 7 0 2 7 5 30 3 0 2 7 0 2 7 1 2 7 1 2 7 0 20.2646257877349854
1 2 7 5 31 3 0 2 7 1 2 7 17 9 2 1 2 7 0 2 7 0 2 7 0 2 7 5 30 3 1 2 7 0 2 7 0 2 7 0 2 7 0 2 7 13 6 3 1 2 7 17 9 2 0 2 7 12 16 2 0 20.2646257877349854
17 9 2 1 2 7 1 2 7 0 2 7 17 18 2 0 2 7 1 2 7 1 2 7 0 2 7 12 16 2 0 2 7 13 6 3 0 2 7 0 2 7 0 2 7 5 31 3 0 2 7 5 30 3 0 2 7 1 2 7 0 20.2646257877349854
17 18 2 0 2 4 1 2 7 0 2 7 17 18 2 1 2 7 12 16 2 1 2 11 12 16 2 12 16 2 0 2 7 13 6 3 0 2 7 0 2 7 1 2 11 5 30 3 0 2 7 13 6 3 0 2 7 12 16 2 0 20.3046585321426392
17 9 2 1 2 7 0 2 12 0 2 11 5 31 3 0 2 7 12 16 2 0 2 7 17 9 2 12 16 2 1 2 4 13 6 3 0 2 7 8 18 2 1 2 11 0 2 7 1 2 7 1 2 7 0 2 7 12 16 2 0 20.7150318622589111
17 18 2 0 2 11 1 2 11 0 2 4 17 18 2 1 2 7 12 16 2 1 2 7 12 16 2 12 16 2 0 2 7 13 6 3 0 2 7 0 2 7 1 2 7 5 30 3 0 2 7 13 6 3 0 2 7 12 16 2 0 20.3046586513519287
17 9 2 0 2 7 1 2 7 0 2 7 17 18 2 0 2 7 12 16 2 1 2 11 12 16 2 12 16 2 0 2 7 13 6 3 0 2 7 1 2 4 1 2 11 5 30 3 0 2 7 13 6 3 0 2 7 12 16 2 0 20.3046585321426392
17 9 2 0 2 7 0 2 7 0 2 7 5 31 3 0 2 7 12 16 2 1 2 7 17 9 2 12 16 2 0 2 7 13 6 3 6 2 4 5 30 3 1 2 7 0 2 7 0 2 4 1 2 7 1 2 7 0 2 7 0 20.3487167954444885
17 18 2 0 2 4 1 2 7 0 2 7 5 30 3 1 2 7 16 31 2 1 2 7 12 16 2 5 30 3 0 2 3 13 6 3 0 2 7 0 2 7 12 16 2 12 16 2 0 2 7 1 2 7 0 2 7 0 2 4 0 20.4516056776046753
0 2 10 0 2 7 5 30 3 1 2 11 0 2 7 0 2 7 1 2 7 1 2 7 0 2 7 5 31 3 17 9 2 0 2 7 1 2 11 0 2 4 0 2 4 0 2 7 0 2 7 17 9 2 1 2 7 1 2 4 0 20.6016668081283569

MonoObjective Genetic Algorithm
Number of Evaluations = 0
Mutation Probability = 0
Crossover Probability = 1
Population Size = 10
Survival Selection Type = 15

Time =  3604.7481107711792

Current Evaluation = 3380
Front Size = 10
17 18 2 0 2 7 0 2 7 1 2 7 17 18 2 0 2 7 0 2 7 5 31 3 0 2 7 12 16 2 1 2 7 13 6 3 1 2 7 0 2 7 0 2 7 5 30 3 0 2 7 0 2 7 1 2 7 1 2 7 0 20.2646257877349854
1 2 7 5 31 3 0 2 7 1 2 7 17 9 2 1 2 7 0 2 7 0 2 7 0 2 7 5 30 3 1 2 7 0 2 7 0 2 7 0 2 7 0 2 7 13 6 3 1 2 7 17 9 2 0 2 7 12 16 2 0 20.2646257877349854
17 9 2 1 2 7 1 2 7 0 2 7 17 18 2 0 2 7 1 2 7 1 2 7 0 2 7 12 16 2 0 2 7 13 6 3 0 2 7 0 2 7 0 2 7 5 31 3 0 2 7 5 30 3 0 2 7 1 2 7 0 20.2646257877349854
17 18 2 0 2 4 1 2 7 0 2 7 17 18 2 1 2 7 12 16 2 1 2 11 12 16 2 12 16 2 0 2 7 13 6 3 0 2 7 0 2 7 1 2 11 5 30 3 0 2 7 13 6 3 0 2 7 12 16 2 0 20.3046585321426392
17 9 2 1 2 7 0 2 12 0 2 11 5 31 3 0 2 7 12 16 2 0 2 7 17 9 2 12 16 2 1 2 4 13 6 3 0 2 7 8 18 2 1 2 11 0 2 7 1 2 7 1 2 7 0 2 7 12 16 2 0 20.7150318622589111
17 18 2 0 2 11 1 2 11 0 2 4 17 18 2 1 2 7 12 16 2 1 2 7 12 16 2 12 16 2 0 2 7 13 6 3 0 2 7 0 2 7 1 2 7 5 30 3 0 2 7 13 6 3 0 2 7 12 16 2 0 20.3046586513519287
17 9 2 0 2 7 1 2 7 0 2 7 17 18 2 0 2 7 12 16 2 1 2 11 12 16 2 12 16 2 0 2 7 13 6 3 0 2 7 1 2 4 1 2 11 5 30 3 0 2 7 13 6 3 0 2 7 12 16 2 0 20.3046585321426392
17 9 2 0 2 7 0 2 7 0 2 7 5 31 3 0 2 7 12 16 2 1 2 7 17 9 2 12 16 2 0 2 7 13 6 3 6 2 4 5 30 3 1 2 7 0 2 7 0 2 4 1 2 7 1 2 7 0 2 7 0 20.3487167954444885
17 18 2 0 2 4 1 2 7 0 2 7 5 30 3 1 2 7 16 31 2 1 2 7 12 16 2 5 30 3 0 2 3 13 6 3 0 2 7 0 2 7 12 16 2 12 16 2 0 2 7 1 2 7 0 2 7 0 2 4 0 20.4516056776046753
0 2 10 0 2 7 5 30 3 1 2 11 0 2 7 0 2 7 1 2 7 1 2 7 0 2 7 5 31 3 17 9 2 0 2 7 1 2 11 0 2 4 0 2 4 0 2 7 0 2 7 17 9 2 1 2 7 1 2 4 0 20.6016668081283569

