Current Evaluation = 180(180)
Front Size = 10
0 2 7 12 16 2 0 2 7 5 30 3 1 2 7 0 2 7 13 6 3 0 2 7 1 2 7 0 2 7 1 2 7 0 2 7 17 18 2 1 2 7 5 31 3 0 2 7 17 18 2 0 2 7 1 2 7 0 2 7 0 20.2646257877349854
5 30 3 0 2 7 0 2 7 0 2 7 0 2 3 1 2 7 5 31 3 17 18 2 0 2 7 1 2 7 1 2 7 0 2 7 1 2 7 0 2 7 0 2 3 1 2 11 0 2 3 16 30 2 0 2 3 1 2 7 0 20.6688989400863647
0 2 7 12 16 2 0 2 7 5 30 3 1 2 7 0 2 7 13 6 3 0 2 7 1 2 7 0 2 7 1 2 7 0 2 7 17 18 2 1 2 7 5 31 3 0 2 7 17 18 2 0 2 7 1 2 7 0 2 7 0 20.2646257877349854
0 2 8 1 2 8 0 2 7 5 30 3 0 2 7 1 2 3 0 2 8 8 18 2 16 19 11 0 2 8 0 2 7 0 2 8 0 2 8 1 2 8 16 18 8 0 2 7 0 2 8 5 30 3 0 2 7 5 30 3 0.00052756574053498405 22.3814250230789185
5 30 3 0 2 7 13 6 3 0 2 7 1 2 7 5 31 3 17 18 2 0 2 7 1 2 7 1 2 7 0 2 7 1 2 7 0 2 7 1 2 7 0 2 7 17 18 2 12 16 2 0 2 7 0 2 7 0 2 7 0 20.2646257877349854
5 30 3 0 2 7 0 2 3 0 2 7 0 2 7 1 2 3 5 30 3 17 9 2 1 2 7 1 2 11 0 2 7 1 2 3 0 2 3 0 2 7 0 2 7 1 2 7 0 2 7 16 31 2 1 2 7 0 2 7 0 20.6688988208770752
0 2 8 16 19 12 0 2 8 5 30 3 5 30 3 8 9 2 16 19 12 0 2 3 1 2 8 0 2 8 0 2 8 12 16 2 5 30 3 0 2 8 0 2 3 0 2 8 0 2 3 0 2 3 0 2 8 0 2 3 1.06285905638954129e-05 23.1371603012084961
0 2 7 12 16 2 0 2 7 5 30 3 1 2 7 0 2 7 13 6 3 0 2 7 1 2 7 0 2 7 1 2 7 0 2 7 17 18 2 1 2 7 5 31 3 0 2 7 17 18 2 0 2 7 1 2 7 0 2 7 0 20.2646257877349854
0 2 7 12 16 2 0 2 7 5 30 3 1 2 7 0 2 7 13 6 3 0 2 7 1 2 7 0 2 7 1 2 7 0 2 7 17 18 2 1 2 7 5 31 3 0 2 7 17 18 2 0 2 7 1 2 7 0 2 7 0 20.2646257877349854
0 2 7 12 16 2 0 2 7 5 30 3 1 2 7 0 2 7 13 6 3 0 2 7 1 2 7 0 2 7 1 2 7 0 2 7 17 18 2 1 2 7 5 31 3 0 2 7 17 18 2 0 2 7 1 2 7 0 2 7 0 20.2646257877349854

Current Evaluation = 360(360)
Front Size = 10
5 30 3 0 2 7 0 2 7 0 2 7 1 2 7 0 2 7 0 2 7 0 2 7 1 2 7 0 2 7 1 2 7 0 2 7 1 2 7 13 6 3 17 18 2 0 2 7 1 2 7 12 16 2 5 31 3 17 9 2 0 20.2646257877349854
5 30 3 0 2 7 0 2 7 0 2 7 1 2 7 0 2 7 0 2 7 0 2 7 1 2 7 0 2 7 1 2 7 0 2 7 1 2 7 13 6 3 17 18 2 0 2 7 1 2 7 12 16 2 5 31 3 17 18 2 0 20.2646257877349854
5 30 3 0 2 7 0 2 3 0 2 7 0 2 7 1 2 3 5 30 3 1 2 7 1 2 11 0 2 7 1 2 3 0 2 3 0 2 7 0 2 7 1 2 7 0 2 7 16 31 2 1 2 7 0 2 7 17 18 2 0 20.6688988208770752
5 30 3 0 2 7 0 2 7 0 2 7 1 2 7 0 2 7 0 2 7 0 2 7 1 2 7 0 2 7 1 2 7 0 2 7 1 2 7 13 6 3 17 18 2 0 2 7 1 2 7 12 16 2 5 31 3 17 18 2 0 20.2646257877349854
0 2 8 16 19 12 0 2 8 5 30 3 5 30 3 8 9 2 16 19 12 0 2 3 1 2 8 0 2 8 0 2 8 12 16 2 5 30 3 0 2 8 0 2 3 0 2 8 0 2 3 0 2 3 0 2 8 0 2 3 1.06285905638954129e-05 23.1371603012084961
5 30 3 0 2 7 0 2 7 0 2 7 1 2 7 0 2 7 0 2 7 0 2 7 1 2 7 0 2 7 1 2 7 0 2 7 1 2 7 13 6 3 17 18 2 0 2 7 1 2 7 12 16 2 5 31 3 17 9 2 0 20.2646257877349854
5 30 3 0 2 7 0 2 7 0 2 7 1 2 7 0 2 7 0 2 7 0 2 7 1 2 7 0 2 7 1 2 7 0 2 7 17 9 2 0 2 3 1 2 3 5 30 3 1 2 11 1 2 3 0 2 3 16 31 2 0 20.6688988208770752
5 30 3 0 2 7 0 2 7 0 2 7 1 2 7 0 2 7 0 2 7 0 2 7 1 2 7 0 2 7 1 2 7 0 2 7 1 2 7 13 6 3 17 18 2 0 2 7 1 2 7 12 16 2 5 31 3 17 9 2 0 20.2646257877349854
0 2 8 1 2 8 0 2 7 5 30 3 0 2 7 1 2 3 0 2 8 8 18 2 16 19 11 0 2 8 0 2 7 0 2 8 0 2 8 1 2 8 16 18 8 0 2 7 0 2 8 5 30 3 0 2 7 5 30 3 0.00052756574053498405 22.3814250230789185
5 30 3 0 2 7 0 2 7 0 2 7 1 2 7 0 2 7 0 2 7 0 2 7 1 2 7 0 2 7 1 2 7 0 2 7 1 2 7 13 6 3 17 18 2 0 2 7 1 2 7 12 16 2 5 31 3 17 18 2 0 20.2646257877349854

Current Evaluation = 540(540)
Front Size = 10
5 30 3 0 2 7 0 2 7 0 2 7 1 2 7 0 2 7 0 2 7 0 2 7 1 2 7 0 2 7 1 2 7 0 2 7 1 2 7 13 6 3 17 18 2 0 2 7 1 2 7 12 16 2 5 31 3 17 9 2 0 20.2646257877349854
5 30 3 0 2 7 0 2 7 0 2 7 1 2 7 0 2 7 0 2 7 0 2 7 1 2 7 0 2 7 1 2 7 0 2 7 1 2 7 13 6 3 17 18 2 0 2 7 1 2 7 12 16 2 5 31 3 17 18 2 0 20.2646257877349854
0 2 8 16 19 12 0 2 8 5 30 3 5 30 3 8 9 2 16 19 12 0 2 3 1 2 8 0 2 8 0 2 8 12 16 2 5 30 3 0 2 8 0 2 3 0 2 8 0 2 3 0 2 3 0 2 8 0 2 3 1.06285905638954129e-05 23.1371603012084961
5 30 3 0 2 7 0 2 7 0 2 7 1 2 7 0 2 7 0 2 7 0 2 7 1 2 7 0 2 7 1 2 7 0 2 7 1 2 7 13 6 3 17 18 2 0 2 7 1 2 7 12 16 2 5 31 3 17 18 2 0 20.2646257877349854
0 2 8 1 2 8 0 2 7 5 30 3 0 2 7 1 2 3 0 2 8 8 18 2 16 19 11 0 2 8 0 2 7 0 2 8 0 2 8 1 2 8 16 18 8 0 2 7 0 2 8 5 30 3 0 2 7 5 30 3 0.00052756574053498405 22.3814250230789185
5 30 3 0 2 7 0 2 7 0 2 7 1 2 7 0 2 7 0 2 7 0 2 7 1 2 7 0 2 7 1 2 7 0 2 7 1 2 7 13 6 3 17 18 2 0 2 7 1 2 7 12 16 2 5 31 3 17 18 2 0 20.2646257877349854
5 30 3 0 2 7 0 2 3 0 2 7 0 2 7 1 2 3 5 30 3 1 2 7 1 2 11 0 2 7 1 2 3 0 2 3 0 2 7 0 2 7 1 2 7 0 2 7 16 31 2 1 2 7 0 2 7 17 18 2 0 20.6688988208770752
5 30 3 0 2 7 0 2 7 0 2 7 1 2 7 0 2 7 0 2 7 0 2 7 1 2 7 0 2 7 1 2 7 0 2 7 1 2 7 13 6 3 17 18 2 0 2 7 1 2 7 12 16 2 5 31 3 17 18 2 0 20.2646257877349854
5 30 3 0 2 7 0 2 7 0 2 7 1 2 7 0 2 7 0 2 7 0 2 7 1 2 7 0 2 7 1 2 7 0 2 7 17 9 2 0 2 3 1 2 3 5 30 3 1 2 11 1 2 3 0 2 3 16 31 2 0 20.6688988208770752
5 30 3 0 2 7 0 2 7 0 2 7 1 2 7 0 2 7 0 2 7 0 2 7 1 2 7 0 2 7 1 2 7 0 2 7 1 2 7 13 6 3 17 18 2 0 2 7 1 2 7 12 16 2 5 31 3 17 9 2 0 20.2646257877349854

Current Evaluation = 720(720)
Front Size = 10
5 30 3 0 2 7 0 2 7 0 2 7 1 2 7 0 2 7 0 2 7 0 2 7 1 2 7 0 2 7 1 2 7 0 2 7 1 2 7 13 6 3 17 18 2 0 2 7 1 2 7 12 16 2 5 31 3 17 18 2 0 20.2646257877349854
5 30 3 0 2 7 0 2 3 0 2 7 0 2 7 1 2 3 5 30 3 1 2 7 1 2 11 0 2 7 1 2 3 0 2 3 0 2 7 0 2 7 1 2 7 0 2 7 16 31 2 1 2 7 0 2 7 17 18 2 0 20.6688988208770752
5 30 3 0 2 7 0 2 7 0 2 7 1 2 7 0 2 7 0 2 7 0 2 7 1 2 7 0 2 7 1 2 7 0 2 7 1 2 7 13 6 3 17 18 2 0 2 7 1 2 7 12 16 2 5 31 3 17 18 2 0 20.2646257877349854
5 30 3 0 2 7 0 2 7 0 2 7 1 2 7 0 2 7 0 2 7 0 2 7 1 2 7 0 2 7 1 2 7 0 2 7 1 2 7 13 6 3 17 18 2 0 2 7 1 2 7 12 16 2 5 31 3 17 18 2 0 20.2646257877349854
5 30 3 0 2 3 0 2 3 0 2 8 1 2 7 5 30 3 0 2 3 0 2 8 1 2 3 16 19 11 0 2 7 0 2 8 0 2 11 0 2 7 0 2 3 0 2 8 16 31 2 5 30 3 0 2 7 12 16 2 0 22.1684070825576782
0 2 8 1 2 8 0 2 7 5 30 3 0 2 7 1 2 3 0 2 8 8 18 2 16 19 11 0 2 8 0 2 7 0 2 8 0 2 8 1 2 8 16 18 8 0 2 7 0 2 8 5 30 3 0 2 7 5 30 3 0.00052756574053498405 22.3814250230789185
5 30 3 0 2 7 0 2 7 0 2 7 1 2 7 0 2 7 0 2 7 0 2 7 1 2 7 0 2 7 1 2 7 0 2 7 1 2 7 13 6 3 17 18 2 0 2 7 1 2 7 12 16 2 5 31 3 17 9 2 0 20.2646257877349854
5 30 3 0 2 7 0 2 7 1 2 7 0 2 3 0 2 7 0 2 7 0 2 3 1 2 7 0 2 7 1 2 11 0 2 7 1 2 7 1 2 3 1 2 7 0 2 3 5 30 3 16 31 2 17 9 2 0 2 7 0 20.6688988208770752
5 30 3 0 2 7 0 2 7 0 2 7 1 2 7 0 2 7 0 2 7 0 2 7 1 2 7 0 2 7 1 2 7 0 2 7 1 2 7 13 6 3 17 18 2 0 2 7 1 2 7 12 16 2 5 31 3 17 9 2 0 20.2646257877349854
5 30 3 0 2 7 0 2 7 0 2 7 1 2 7 0 2 7 0 2 7 0 2 7 1 2 7 0 2 7 1 2 7 0 2 7 1 2 7 13 6 3 17 18 2 0 2 7 1 2 7 12 16 2 5 31 3 17 18 2 0 20.2646257877349854

Current Evaluation = 900(900)
Front Size = 10
5 30 3 1 2 7 0 2 7 0 2 7 1 2 7 0 2 7 0 2 7 0 2 7 1 2 7 0 2 7 1 2 7 0 2 7 17 18 2 0 2 7 1 2 7 5 31 3 12 16 2 0 2 7 13 6 3 17 18 2 0 20.2646257877349854
5 30 3 0 2 7 0 2 3 0 2 7 0 2 7 1 2 3 5 30 3 1 2 7 1 2 11 0 2 7 1 2 3 0 2 3 0 2 7 0 2 7 1 2 7 0 2 7 16 31 2 1 2 7 0 2 7 17 18 2 0 20.6688988208770752
5 30 3 1 2 7 0 2 7 0 2 7 1 2 7 0 2 7 0 2 7 0 2 7 1 2 7 0 2 7 1 2 7 0 2 7 17 18 2 0 2 7 1 2 7 5 31 3 12 16 2 0 2 7 13 6 3 17 18 2 0 20.2646257877349854
5 30 3 1 2 7 0 2 7 0 2 7 1 2 7 0 2 7 0 2 7 0 2 7 1 2 7 0 2 7 1 2 7 0 2 7 17 18 2 0 2 7 1 2 7 5 31 3 12 16 2 0 2 7 13 6 3 17 18 2 0 20.2646257877349854
5 30 3 1 2 7 0 2 7 0 2 7 1 2 7 0 2 7 0 2 7 0 2 7 1 2 7 0 2 7 1 2 7 0 2 7 17 18 2 0 2 7 1 2 7 5 31 3 12 16 2 0 2 7 13 6 3 17 9 2 0 20.2646257877349854
5 30 3 0 2 7 0 2 3 0 2 7 0 2 7 1 2 3 5 30 3 1 2 7 1 2 11 0 2 7 1 2 3 0 2 3 0 2 7 0 2 7 1 2 7 0 2 7 16 31 2 1 2 7 0 2 7 17 18 2 0 20.6688988208770752
5 30 3 1 2 7 0 2 7 0 2 7 1 2 7 0 2 7 0 2 7 0 2 7 1 2 7 0 2 7 1 2 7 0 2 7 17 18 2 0 2 7 1 2 7 5 31 3 12 16 2 0 2 7 13 6 3 17 9 2 0 20.2646257877349854
5 30 3 0 2 7 0 2 3 0 2 7 0 2 7 1 2 3 5 30 3 1 2 7 1 2 11 0 2 7 1 2 3 0 2 3 0 2 7 0 2 7 1 2 7 0 2 7 16 31 2 1 2 7 0 2 7 17 18 2 0 20.6688988208770752
0 2 8 1 2 8 0 2 7 5 30 3 0 2 7 1 2 3 0 2 8 8 18 2 16 19 11 0 2 8 0 2 7 0 2 8 0 2 8 1 2 8 16 18 8 0 2 7 0 2 8 5 30 3 0 2 7 5 30 3 0.00052756574053498405 22.3814250230789185
5 30 3 1 2 7 0 2 7 0 2 7 1 2 7 0 2 7 0 2 7 0 2 7 1 2 7 0 2 7 1 2 7 0 2 7 17 18 2 0 2 7 1 2 7 5 31 3 12 16 2 0 2 7 13 6 3 17 18 2 0 20.2646257877349854

Current Evaluation = 1080(1080)
Front Size = 10
5 30 3 1 2 7 0 2 7 0 2 7 1 2 7 0 2 7 0 2 7 0 2 7 1 2 7 0 2 7 1 2 7 0 2 7 17 18 2 0 2 7 1 2 7 5 31 3 12 16 2 0 2 7 13 6 3 17 9 2 0 20.2646257877349854
5 30 3 1 2 7 0 2 7 0 2 7 1 2 7 0 2 7 0 2 7 0 2 7 1 2 7 0 2 7 1 2 7 0 2 7 17 18 2 0 2 7 1 2 7 5 31 3 12 16 2 0 2 7 13 6 3 17 18 2 0 20.2646257877349854
5 30 3 1 2 7 0 2 7 0 2 7 1 2 7 0 2 7 0 2 7 0 2 7 1 2 7 0 2 7 1 2 7 0 2 7 17 18 2 0 2 7 1 2 7 5 31 3 12 16 2 0 2 7 13 6 3 17 18 2 0 20.2646257877349854
5 30 3 0 2 7 0 2 3 0 2 7 0 2 7 1 2 3 5 30 3 1 2 7 1 2 11 0 2 7 1 2 3 0 2 3 0 2 7 0 2 7 1 2 7 0 2 7 16 31 2 1 2 7 0 2 7 17 18 2 0 20.6688988208770752
5 30 3 1 2 7 0 2 7 0 2 7 1 2 7 0 2 7 0 2 7 0 2 7 1 2 7 0 2 7 1 2 7 0 2 7 17 18 2 0 2 7 1 2 7 5 31 3 12 16 2 0 2 7 13 6 3 17 9 2 0 20.2646257877349854
0 2 8 1 2 8 0 2 7 5 30 3 0 2 7 1 2 3 0 2 8 8 18 2 16 19 11 0 2 8 0 2 7 0 2 8 0 2 8 1 2 8 16 18 8 0 2 7 0 2 8 5 30 3 0 2 7 5 30 3 0.00052756574053498405 22.3814250230789185
5 30 3 1 2 11 0 2 3 0 2 7 1 2 7 0 2 7 0 2 7 0 2 7 1 2 7 0 2 7 0 2 7 17 18 2 0 2 7 1 2 3 1 2 7 16 31 2 1 2 3 0 2 7 5 30 3 0 2 3 0 20.6688988208770752
5 30 3 1 2 7 0 2 7 0 2 7 1 2 7 0 2 7 0 2 7 0 2 7 1 2 7 0 2 7 1 2 7 0 2 7 17 18 2 0 2 7 1 2 7 5 31 3 12 16 2 0 2 7 13 6 3 17 9 2 0 20.2646257877349854
5 30 3 0 2 7 0 2 3 0 2 7 0 2 7 1 2 3 5 30 3 1 2 7 1 2 11 0 2 7 1 2 3 0 2 3 0 2 7 0 2 7 1 2 7 0 2 7 16 31 2 1 2 7 0 2 7 17 18 2 0 20.6688988208770752
5 30 3 1 2 7 0 2 7 0 2 7 1 2 7 0 2 7 0 2 7 0 2 7 1 2 7 0 2 7 1 2 7 0 2 7 17 18 2 0 2 7 1 2 7 5 31 3 12 16 2 0 2 7 13 6 3 17 18 2 0 20.2646257877349854

Current Evaluation = 1260(1260)
Front Size = 10
5 30 3 1 2 7 0 2 7 0 2 7 1 2 7 0 2 7 0 2 7 0 2 7 1 2 7 0 2 7 1 2 7 0 2 7 17 18 2 0 2 7 1 2 7 5 31 3 12 16 2 0 2 7 13 6 3 17 18 2 0 20.2646257877349854
5 30 3 0 2 7 0 2 3 0 2 7 0 2 7 1 2 3 5 30 3 1 2 7 1 2 11 0 2 7 1 2 3 0 2 3 0 2 7 0 2 7 1 2 7 0 2 7 16 31 2 1 2 7 0 2 7 17 18 2 0 20.6688988208770752
5 30 3 1 2 7 0 2 7 0 2 7 1 2 7 0 2 7 0 2 7 0 2 7 1 2 7 0 2 7 1 2 7 0 2 7 17 18 2 0 2 7 1 2 7 5 31 3 12 16 2 0 2 7 13 6 3 17 18 2 0 20.2646257877349854
5 30 3 1 2 7 0 2 7 0 2 7 1 2 7 0 2 7 0 2 7 0 2 7 1 2 7 0 2 7 1 2 7 0 2 7 17 18 2 0 2 7 1 2 7 5 31 3 12 16 2 0 2 7 13 6 3 17 9 2 0 20.2646257877349854
5 30 3 1 2 7 0 2 7 0 2 7 1 2 7 0 2 7 0 2 7 0 2 7 1 2 7 0 2 7 1 2 7 0 2 7 17 18 2 0 2 7 1 2 7 5 31 3 12 16 2 0 2 7 13 6 3 17 18 2 0 20.2646257877349854
5 30 3 1 2 7 0 2 7 0 2 7 1 2 7 0 2 7 0 2 7 0 2 7 1 2 7 0 2 7 1 2 7 0 2 7 17 18 2 1 2 11 5 30 3 0 2 3 1 2 3 0 2 3 16 31 2 0 2 3 0 20.6688988208770752
1 2 7 0 2 7 0 2 3 0 2 7 1 2 7 0 2 7 0 2 7 0 2 3 5 30 3 1 2 11 0 2 3 17 18 2 1 2 7 16 31 2 0 2 7 5 30 3 0 2 7 1 2 7 1 2 3 0 2 7 0 20.6688988208770752
5 30 3 0 2 7 0 2 7 0 2 7 0 2 7 17 18 2 0 2 7 1 2 7 1 2 7 0 2 7 1 2 7 1 2 7 0 2 7 0 2 7 5 31 3 12 16 2 0 2 7 1 2 7 13 6 3 17 9 2 0 20.2646257877349854
0 2 8 1 2 8 0 2 7 5 30 3 0 2 7 1 2 3 0 2 8 8 18 2 16 19 11 0 2 8 0 2 7 0 2 8 0 2 8 1 2 8 16 18 8 0 2 7 0 2 8 5 30 3 0 2 7 5 30 3 0.00052756574053498405 22.3814250230789185
5 30 3 1 2 7 0 2 7 0 2 7 1 2 7 0 2 7 0 2 7 0 2 7 1 2 7 0 2 7 1 2 7 0 2 7 17 18 2 0 2 7 1 2 7 5 31 3 12 16 2 0 2 7 13 6 3 17 18 2 0 20.2646257877349854

Current Evaluation = 1440(1440)
Front Size = 10
5 31 3 1 2 7 0 2 7 0 2 7 13 6 3 1 2 7 0 2 7 17 18 2 0 2 7 0 2 7 0 2 7 0 2 7 1 2 7 1 2 7 0 2 7 12 16 2 1 2 7 0 2 7 5 30 3 17 18 2 0 20.2646257877349854
5 31 3 1 2 7 0 2 7 0 2 7 13 6 3 1 2 7 0 2 7 17 18 2 0 2 7 0 2 7 0 2 7 0 2 7 1 2 7 1 2 7 0 2 7 12 16 2 1 2 7 0 2 7 5 30 3 17 18 2 0 20.2646257877349854
5 31 3 1 2 7 0 2 7 0 2 7 13 6 3 1 2 7 0 2 7 17 18 2 0 2 7 0 2 7 0 2 7 0 2 7 1 2 7 1 2 7 0 2 7 12 16 2 1 2 7 0 2 7 5 30 3 17 9 2 0 20.2646257877349854
17 18 2 0 2 7 1 2 7 0 2 7 0 2 7 17 18 2 0 2 7 1 2 7 13 6 3 0 2 7 1 2 7 1 2 7 5 30 3 0 2 7 0 2 7 1 2 7 12 16 2 0 2 7 0 2 7 5 31 3 0 20.2646257877349854
5 31 3 1 2 7 0 2 7 0 2 7 13 6 3 1 2 7 0 2 7 17 18 2 0 2 7 0 2 7 0 2 7 0 2 7 1 2 7 1 2 7 0 2 7 12 16 2 1 2 7 0 2 7 5 30 3 17 9 2 0 20.2646257877349854
1 2 7 0 2 7 0 2 3 0 2 7 1 2 7 0 2 7 0 2 7 0 2 3 5 30 3 1 2 11 0 2 3 17 18 2 1 2 7 16 31 2 0 2 7 5 30 3 0 2 7 1 2 7 1 2 3 0 2 7 0 20.6688988208770752
5 30 3 0 2 7 0 2 3 0 2 7 0 2 7 1 2 3 5 30 3 1 2 7 1 2 11 0 2 7 1 2 3 0 2 3 0 2 7 0 2 7 1 2 7 0 2 7 16 31 2 1 2 7 0 2 7 17 18 2 0 20.6688988208770752
5 30 3 1 2 7 0 2 7 0 2 7 1 2 7 0 2 7 0 2 7 0 2 7 1 2 7 0 2 7 1 2 7 0 2 7 17 18 2 1 2 11 5 30 3 0 2 3 1 2 3 0 2 3 16 31 2 0 2 3 0 20.6688988208770752
0 2 8 1 2 8 0 2 7 5 30 3 0 2 7 1 2 3 0 2 8 8 18 2 16 19 11 0 2 8 0 2 7 0 2 8 0 2 8 1 2 8 16 18 8 0 2 7 0 2 8 5 30 3 0 2 7 5 30 3 0.00052756574053498405 22.3814250230789185
5 31 3 1 2 7 0 2 7 0 2 7 13 6 3 1 2 7 0 2 7 17 18 2 0 2 7 0 2 7 0 2 7 0 2 7 1 2 7 1 2 7 0 2 7 12 16 2 1 2 7 0 2 7 5 30 3 17 9 2 0 20.2646257877349854

Current Evaluation = 1620(1620)
Front Size = 10
5 31 3 1 2 7 0 2 7 0 2 7 13 6 3 1 2 7 0 2 7 17 18 2 0 2 7 0 2 7 0 2 7 0 2 7 1 2 7 1 2 7 0 2 7 12 16 2 1 2 7 0 2 7 5 30 3 17 9 2 0 20.2646257877349854
5 31 3 1 2 7 0 2 7 0 2 7 13 6 3 1 2 7 0 2 7 17 18 2 0 2 7 0 2 7 0 2 7 0 2 7 1 2 7 1 2 7 0 2 7 12 16 2 1 2 7 0 2 7 5 30 3 17 9 2 0 20.2646257877349854
0 2 8 1 2 8 0 2 7 5 30 3 0 2 7 1 2 3 0 2 8 8 18 2 16 19 11 0 2 8 0 2 7 0 2 8 0 2 8 1 2 8 16 18 8 0 2 7 0 2 8 5 30 3 0 2 7 5 30 3 0.00052756574053498405 22.3814250230789185
5 31 3 1 2 7 0 2 7 0 2 7 13 6 3 1 2 7 0 2 7 17 18 2 0 2 7 0 2 7 0 2 7 0 2 7 1 2 7 1 2 7 0 2 7 12 16 2 1 2 7 0 2 7 5 30 3 17 9 2 0 20.2646257877349854
5 31 3 1 2 7 0 2 7 0 2 7 13 6 3 1 2 7 0 2 7 17 18 2 0 2 7 0 2 7 0 2 7 0 2 7 1 2 7 1 2 7 0 2 7 12 16 2 1 2 7 0 2 7 5 30 3 17 9 2 0 20.2646257877349854
5 31 3 1 2 7 0 2 7 0 2 7 13 6 3 1 2 7 0 2 7 17 18 2 0 2 7 0 2 7 0 2 7 0 2 7 1 2 7 1 2 7 0 2 7 12 16 2 1 2 7 0 2 7 5 30 3 17 9 2 0 20.2646257877349854
5 30 3 1 2 7 0 2 7 0 2 7 1 2 7 0 2 7 0 2 7 0 2 7 1 2 7 0 2 7 1 2 7 0 2 7 17 18 2 1 2 11 5 30 3 0 2 3 1 2 3 0 2 3 16 31 2 0 2 3 0 20.6688988208770752
5 30 3 1 2 7 0 2 7 0 2 7 1 2 7 0 2 7 0 2 7 0 2 7 1 2 7 0 2 7 1 2 7 0 2 7 17 18 2 1 2 11 5 30 3 0 2 3 1 2 3 0 2 3 16 31 2 0 2 3 0 20.6688988208770752
5 30 3 1 2 7 0 2 7 0 2 7 1 2 7 0 2 7 0 2 7 0 2 7 1 2 7 0 2 7 1 2 7 0 2 7 17 18 2 1 2 11 5 30 3 0 2 3 1 2 3 0 2 3 16 31 2 0 2 3 0 20.6688988208770752
5 31 3 1 2 7 0 2 7 0 2 7 13 6 3 1 2 7 0 2 7 17 18 2 0 2 7 0 2 7 0 2 7 0 2 7 1 2 7 1 2 7 0 2 7 12 16 2 1 2 7 0 2 7 5 30 3 17 9 2 0 20.2646257877349854

Current Evaluation = 1800(1800)
Front Size = 10
5 31 3 1 2 7 0 2 7 0 2 7 13 6 3 1 2 7 0 2 7 17 18 2 0 2 7 0 2 7 0 2 7 0 2 7 1 2 7 1 2 7 0 2 7 12 16 2 1 2 7 0 2 7 5 30 3 17 9 2 0 20.2646257877349854
1 2 7 0 2 7 0 2 7 1 2 7 0 2 3 17 18 2 1 2 3 0 2 7 0 2 3 0 2 7 0 2 3 1 2 7 5 30 3 0 2 7 1 2 11 0 2 7 1 2 7 5 30 3 0 2 7 16 31 2 0 20.6688988208770752
1 2 7 0 2 7 0 2 7 1 2 7 0 2 7 17 18 2 0 2 7 0 2 7 0 2 7 0 2 7 1 2 7 1 2 7 5 30 3 5 31 3 13 6 3 0 2 7 12 16 2 1 2 7 0 2 7 17 9 2 0 20.2646257877349854
5 31 3 1 2 7 0 2 7 0 2 7 13 6 3 1 2 7 0 2 7 17 18 2 0 2 7 0 2 7 0 2 7 0 2 7 1 2 7 1 2 7 0 2 7 12 16 2 1 2 7 0 2 7 5 30 3 17 9 2 0 20.2646257877349854
5 31 3 1 2 7 0 2 7 0 2 7 13 6 3 1 2 7 0 2 7 17 18 2 0 2 7 0 2 7 0 2 7 0 2 7 1 2 7 1 2 7 0 2 7 12 16 2 1 2 7 0 2 7 5 30 3 17 9 2 0 20.2646257877349854
1 2 3 1 2 7 0 2 7 1 2 3 0 2 3 17 18 2 0 2 7 0 2 7 0 2 7 0 2 7 1 2 7 1 2 7 5 30 3 0 2 7 5 30 3 0 2 7 16 31 2 0 2 7 0 2 3 1 2 11 0 20.6688988208770752
0 2 8 1 2 8 0 2 7 5 30 3 0 2 7 1 2 3 0 2 8 8 18 2 16 19 11 0 2 8 0 2 7 0 2 8 0 2 8 1 2 8 16 18 8 0 2 7 0 2 8 5 30 3 0 2 7 5 30 3 0.00052756574053498405 22.3814250230789185
1 2 7 0 2 7 0 2 7 1 2 7 0 2 7 17 18 2 0 2 7 0 2 7 0 2 7 0 2 7 1 2 7 1 2 7 5 30 3 5 31 3 13 6 3 0 2 7 12 16 2 1 2 7 0 2 7 17 9 2 0 20.2646257877349854
5 31 3 1 2 7 0 2 7 0 2 7 13 6 3 1 2 7 0 2 7 17 18 2 0 2 7 0 2 7 0 2 7 0 2 7 1 2 7 1 2 7 0 2 7 12 16 2 1 2 7 0 2 7 5 30 3 17 9 2 0 20.2646257877349854
1 2 7 1 2 7 0 2 3 17 18 2 0 2 7 0 2 7 0 2 7 0 2 7 1 2 7 1 2 7 5 30 3 0 2 7 5 30 3 16 31 2 0 2 3 1 2 11 0 2 3 1 2 7 0 2 7 0 2 3 0 20.6688988208770752

Current Evaluation = 1980(1980)
Front Size = 10
5 31 3 1 2 7 0 2 7 0 2 7 13 6 3 1 2 7 0 2 7 17 18 2 0 2 7 0 2 7 0 2 7 0 2 7 1 2 7 1 2 7 0 2 7 12 16 2 1 2 7 0 2 7 5 30 3 17 9 2 0 20.2646257877349854
5 31 3 1 2 7 0 2 7 0 2 7 13 6 3 1 2 7 0 2 7 17 18 2 0 2 7 0 2 7 0 2 7 0 2 7 1 2 7 1 2 7 0 2 7 12 16 2 1 2 7 0 2 7 5 30 3 17 9 2 0 20.2646257877349854
5 31 3 1 2 7 0 2 7 0 2 7 13 6 3 1 2 7 0 2 7 17 18 2 0 2 7 0 2 7 0 2 7 0 2 7 1 2 7 1 2 7 0 2 7 12 16 2 1 2 7 0 2 7 5 30 3 17 9 2 0 20.2646257877349854
5 31 3 1 2 7 0 2 7 0 2 7 13 6 3 1 2 7 0 2 7 17 18 2 0 2 7 0 2 7 0 2 7 0 2 7 1 2 7 1 2 7 0 2 7 12 16 2 1 2 7 0 2 7 5 30 3 17 9 2 0 20.2646257877349854
1 2 7 1 2 7 0 2 3 17 18 2 0 2 7 0 2 7 0 2 7 0 2 7 1 2 7 1 2 7 5 30 3 0 2 7 5 30 3 16 31 2 0 2 3 1 2 11 0 2 3 1 2 7 0 2 7 0 2 3 0 20.6688988208770752
1 2 7 0 2 7 0 2 3 17 18 2 0 2 7 0 2 7 0 2 7 0 2 7 1 2 7 1 2 7 5 30 3 0 2 7 5 30 3 16 31 2 0 2 3 1 2 11 1 2 3 1 2 3 0 2 7 0 2 7 0 20.6688988208770752
5 31 3 1 2 7 0 2 7 0 2 7 13 6 3 1 2 7 0 2 7 17 18 2 0 2 7 0 2 7 0 2 7 0 2 7 1 2 7 1 2 7 0 2 7 12 16 2 1 2 7 0 2 7 5 30 3 17 9 2 0 20.2646257877349854
1 2 7 0 2 7 0 2 7 1 2 7 0 2 3 17 18 2 1 2 3 0 2 7 0 2 3 0 2 7 0 2 3 1 2 7 5 30 3 0 2 7 1 2 11 0 2 7 1 2 7 5 30 3 0 2 7 16 31 2 0 20.6688988208770752
0 2 8 1 2 8 0 2 7 5 30 3 0 2 7 1 2 3 0 2 8 8 18 2 16 19 11 0 2 8 0 2 7 0 2 8 0 2 8 1 2 8 16 18 8 0 2 7 0 2 8 5 30 3 0 2 7 5 30 3 0.00052756574053498405 22.3814250230789185
5 31 3 1 2 7 0 2 7 0 2 7 13 6 3 1 2 7 0 2 7 17 18 2 0 2 7 0 2 7 0 2 7 0 2 7 1 2 7 1 2 7 0 2 7 12 16 2 1 2 7 0 2 7 5 30 3 17 9 2 0 20.2646257877349854

Current Evaluation = 2160(2160)
Front Size = 10
5 31 3 1 2 7 0 2 7 0 2 7 13 6 3 1 2 7 0 2 7 17 18 2 0 2 7 0 2 7 0 2 7 0 2 7 1 2 7 1 2 7 0 2 7 12 16 2 1 2 7 0 2 7 5 30 3 17 9 2 0 20.2646257877349854
5 31 3 1 2 7 0 2 7 0 2 7 13 6 3 1 2 7 0 2 7 17 18 2 0 2 7 0 2 7 0 2 7 0 2 7 1 2 7 1 2 7 0 2 7 12 16 2 1 2 7 0 2 7 5 30 3 17 9 2 0 20.2646257877349854
5 31 3 1 2 7 0 2 7 0 2 7 13 6 3 1 2 7 0 2 7 17 18 2 0 2 7 0 2 7 0 2 7 0 2 7 1 2 7 1 2 7 0 2 7 12 16 2 1 2 7 0 2 7 5 30 3 17 9 2 0 20.2646257877349854
5 31 3 1 2 7 0 2 7 0 2 7 13 6 3 1 2 7 0 2 7 17 18 2 0 2 7 0 2 7 0 2 7 0 2 7 1 2 7 1 2 7 0 2 7 12 16 2 1 2 7 0 2 7 5 30 3 17 9 2 0 20.2646257877349854
1 2 7 1 2 7 0 2 3 17 18 2 0 2 7 0 2 7 0 2 7 0 2 7 1 2 7 1 2 7 5 30 3 0 2 7 5 30 3 16 31 2 0 2 3 1 2 11 0 2 3 1 2 7 0 2 7 0 2 3 0 20.6688988208770752
5 31 3 1 2 7 0 2 7 0 2 7 13 6 3 1 2 7 0 2 7 17 18 2 0 2 7 0 2 7 0 2 7 0 2 7 1 2 7 1 2 7 0 2 7 12 16 2 1 2 7 0 2 7 5 30 3 17 9 2 0 20.2646257877349854
0 2 8 1 2 8 0 2 7 5 30 3 0 2 7 1 2 3 0 2 8 8 18 2 16 19 11 0 2 8 0 2 7 0 2 8 0 2 8 1 2 8 16 18 8 0 2 7 0 2 8 5 30 3 0 2 7 5 30 3 0.00052756574053498405 22.3814250230789185
1 2 7 1 2 7 17 18 2 0 2 3 0 2 3 0 2 3 0 2 7 1 2 7 5 30 3 1 2 11 1 2 7 0 2 7 0 2 7 1 2 3 0 2 7 0 2 7 5 30 3 16 31 2 0 2 7 0 2 7 0 20.6688988208770752
1 2 7 1 2 7 0 2 3 17 18 2 0 2 7 0 2 7 0 2 7 0 2 7 1 2 7 1 2 7 5 30 3 0 2 7 5 30 3 16 31 2 0 2 3 1 2 11 0 2 3 1 2 7 0 2 7 0 2 3 0 20.6688988208770752
5 31 3 1 2 7 0 2 7 0 2 7 13 6 3 1 2 7 0 2 7 17 18 2 0 2 7 0 2 7 0 2 7 0 2 7 1 2 7 1 2 7 0 2 7 12 16 2 1 2 7 0 2 7 5 30 3 17 9 2 0 20.2646257877349854

Current Evaluation = 2340(2340)
Front Size = 10
0 2 7 1 2 7 0 2 7 1 2 7 0 2 7 17 18 2 13 6 3 0 2 7 0 2 7 0 2 7 1 2 7 1 2 7 5 30 3 5 31 3 0 2 7 0 2 7 12 16 2 0 2 7 1 2 7 17 9 2 0 20.2646257877349854
5 31 3 1 2 7 0 2 7 0 2 7 13 6 3 1 2 7 0 2 7 17 18 2 0 2 7 0 2 7 0 2 7 0 2 7 1 2 7 1 2 7 0 2 7 12 16 2 1 2 7 0 2 7 5 30 3 17 9 2 0 20.2646257877349854
1 2 7 0 2 7 0 2 7 1 2 7 0 2 7 17 18 2 0 2 7 0 2 7 0 2 7 1 2 7 1 2 7 5 30 3 0 2 3 5 30 3 0 2 3 0 2 3 1 2 11 16 31 2 0 2 7 1 2 3 0 20.6688988208770752
5 31 3 1 2 7 0 2 7 0 2 7 13 6 3 1 2 7 0 2 7 17 18 2 0 2 7 0 2 7 0 2 7 0 2 7 1 2 7 1 2 7 0 2 7 12 16 2 1 2 7 0 2 7 5 30 3 17 9 2 0 20.2646257877349854
1 2 7 0 2 7 0 2 7 1 2 7 0 2 7 17 18 2 0 2 7 0 2 7 0 2 7 1 2 7 1 2 7 5 30 3 0 2 3 5 30 3 0 2 3 0 2 3 1 2 11 16 31 2 0 2 7 1 2 3 0 20.6688988208770752
5 31 3 1 2 7 0 2 7 0 2 7 13 6 3 1 2 7 0 2 7 17 18 2 0 2 7 0 2 7 0 2 7 0 2 7 1 2 7 1 2 7 0 2 7 12 16 2 1 2 7 0 2 7 5 30 3 17 9 2 0 20.2646257877349854
5 31 3 1 2 7 0 2 7 0 2 7 13 6 3 1 2 7 0 2 7 17 18 2 0 2 7 0 2 7 0 2 7 0 2 7 1 2 7 1 2 7 0 2 7 12 16 2 1 2 7 0 2 7 5 30 3 17 9 2 0 20.2646257877349854
5 31 3 1 2 7 0 2 7 0 2 7 13 6 3 1 2 7 0 2 7 17 18 2 0 2 7 0 2 7 0 2 7 0 2 7 1 2 7 1 2 7 0 2 7 12 16 2 1 2 7 0 2 7 5 30 3 17 9 2 0 20.2646257877349854
0 2 8 1 2 8 0 2 7 5 30 3 0 2 7 1 2 3 0 2 8 8 18 2 16 19 11 0 2 8 0 2 7 0 2 8 0 2 8 1 2 8 16 18 8 0 2 7 0 2 8 5 30 3 0 2 7 5 30 3 0.00052756574053498405 22.3814250230789185
1 2 7 0 2 7 0 2 7 1 2 7 0 2 7 17 18 2 0 2 7 0 2 7 0 2 7 1 2 7 1 2 7 5 30 3 0 2 3 5 30 3 0 2 3 0 2 3 1 2 11 16 31 2 0 2 7 1 2 3 0 20.6688988208770752

Current Evaluation = 2520(2520)
Front Size = 10
1 2 7 13 6 3 1 2 7 0 2 7 0 2 7 17 9 2 0 2 7 0 2 7 0 2 7 1 2 7 0 2 7 1 2 7 0 2 7 5 30 3 1 2 7 5 31 3 12 16 2 0 2 7 0 2 7 17 9 2 0 20.2646257877349854
1 2 7 13 6 3 1 2 7 0 2 7 0 2 7 17 9 2 0 2 7 0 2 7 0 2 7 1 2 7 0 2 7 1 2 7 0 2 7 5 30 3 1 2 7 5 31 3 12 16 2 0 2 7 0 2 7 17 9 2 0 20.2646257877349854
1 2 7 13 6 3 1 2 7 0 2 7 0 2 7 17 9 2 0 2 7 0 2 7 0 2 7 1 2 7 0 2 7 1 2 7 0 2 7 5 30 3 1 2 7 5 31 3 12 16 2 0 2 7 0 2 7 17 18 2 0 20.2646257877349854
1 2 7 13 6 3 1 2 7 0 2 7 0 2 7 17 9 2 0 2 7 0 2 7 0 2 7 1 2 7 0 2 7 1 2 7 0 2 7 5 30 3 1 2 7 5 31 3 12 16 2 0 2 7 0 2 7 17 18 2 0 20.2646257877349854
1 2 7 0 2 7 0 2 7 1 2 7 0 2 7 17 18 2 0 2 7 0 2 7 0 2 7 1 2 7 1 2 7 5 30 3 0 2 3 5 30 3 0 2 3 0 2 3 1 2 11 16 31 2 0 2 7 1 2 3 0 20.6688988208770752
1 2 11 1 2 4 0 2 7 0 2 7 0 2 7 0 2 7 0 2 7 1 2 4 0 2 4 0 2 7 5 30 3 5 31 3 17 18 2 1 2 11 17 9 2 0 2 7 1 2 7 0 2 7 1 2 7 0 2 10 0 20.6016668081283569
1 2 7 13 6 3 1 2 7 0 2 7 0 2 7 17 9 2 0 2 7 0 2 7 0 2 7 1 2 7 0 2 7 1 2 7 0 2 7 5 30 3 1 2 7 5 31 3 12 16 2 0 2 7 0 2 7 17 9 2 0 20.2646257877349854
0 2 8 1 2 8 0 2 7 5 30 3 0 2 7 1 2 3 0 2 8 8 18 2 16 19 11 0 2 8 0 2 7 0 2 8 0 2 8 1 2 8 16 18 8 0 2 7 0 2 8 5 30 3 0 2 7 5 30 3 0.00052756574053498405 22.3814250230789185
1 2 7 0 2 7 0 2 7 1 2 7 0 2 7 17 18 2 0 2 7 0 2 7 0 2 7 1 2 7 1 2 7 5 30 3 0 2 7 0 2 3 5 30 3 0 2 3 0 2 3 1 2 11 16 31 2 1 2 3 0 20.6688988208770752
1 2 7 13 6 3 1 2 7 0 2 7 0 2 7 17 9 2 0 2 7 0 2 7 0 2 7 1 2 7 0 2 7 1 2 7 0 2 7 5 30 3 1 2 7 5 31 3 12 16 2 0 2 7 0 2 7 17 18 2 0 20.2646257877349854

Current Evaluation = 2700(2700)
Front Size = 10
0 2 7 0 2 7 0 2 7 5 31 3 17 9 2 0 2 7 1 2 7 1 2 7 1 2 7 1 2 7 0 2 7 1 2 7 0 2 7 0 2 7 17 18 2 0 2 7 13 6 3 0 2 7 5 30 3 12 16 2 0 20.2646257877349854
1 2 7 0 2 7 0 2 7 1 2 7 0 2 7 17 18 2 0 2 7 0 2 7 0 2 7 1 2 7 1 2 7 5 30 3 0 2 3 5 30 3 0 2 3 0 2 3 1 2 11 16 31 2 0 2 7 1 2 3 0 20.6688988208770752
0 2 7 0 2 7 0 2 7 0 2 7 0 2 7 0 2 7 5 30 3 5 31 3 17 9 2 1 2 7 1 2 7 1 2 7 1 2 7 1 2 7 0 2 7 0 2 7 13 6 3 12 16 2 0 2 7 17 9 2 0 20.2646257877349854
0 2 7 0 2 7 0 2 7 5 31 3 17 9 2 0 2 7 1 2 7 1 2 7 1 2 7 1 2 7 0 2 7 1 2 7 0 2 7 0 2 7 17 18 2 0 2 7 13 6 3 0 2 7 5 30 3 12 16 2 0 20.2646257877349854
0 2 7 0 2 7 0 2 7 0 2 7 0 2 7 0 2 7 5 30 3 5 31 3 17 9 2 1 2 7 1 2 7 1 2 7 1 2 7 1 2 7 0 2 7 0 2 7 13 6 3 12 16 2 0 2 7 17 9 2 0 20.2646257877349854
1 2 7 0 2 7 0 2 7 1 2 7 0 2 7 17 18 2 0 2 7 0 2 7 0 2 7 1 2 7 1 2 7 5 30 3 0 2 7 0 2 3 5 30 3 0 2 3 0 2 3 1 2 11 16 31 2 1 2 3 0 20.6688988208770752
0 2 7 0 2 4 0 2 7 0 2 7 5 31 3 5 31 3 17 9 2 0 2 7 1 2 7 1 2 7 1 2 7 1 2 7 0 2 7 1 2 7 0 2 7 0 2 7 1 2 7 17 18 2 0 2 4 0 2 7 0 20.4687459468841553
0 2 7 0 2 7 0 2 7 0 2 7 0 2 7 0 2 7 5 30 3 5 31 3 17 9 2 1 2 7 1 2 7 1 2 7 1 2 7 1 2 7 0 2 7 0 2 7 13 6 3 12 16 2 0 2 7 17 9 2 0 20.2646257877349854
0 2 8 1 2 8 0 2 7 5 30 3 0 2 7 1 2 3 0 2 8 8 18 2 16 19 11 0 2 8 0 2 7 0 2 8 0 2 8 1 2 8 16 18 8 0 2 7 0 2 8 5 30 3 0 2 7 5 30 3 0.00052756574053498405 22.3814250230789185
0 2 7 0 2 7 0 2 7 5 31 3 17 9 2 0 2 7 1 2 7 1 2 7 1 2 7 1 2 7 0 2 7 1 2 7 0 2 7 0 2 7 17 18 2 0 2 7 13 6 3 0 2 7 5 30 3 12 16 2 0 20.2646257877349854

Current Evaluation = 2880(2880)
Front Size = 10
0 2 7 0 2 7 0 2 7 0 2 7 0 2 7 0 2 7 5 30 3 5 31 3 17 9 2 1 2 7 1 2 7 1 2 7 1 2 7 1 2 7 0 2 7 0 2 7 13 6 3 12 16 2 0 2 7 17 18 2 0 20.2646257877349854
0 2 7 0 2 7 0 2 7 0 2 7 0 2 7 0 2 7 5 31 3 17 9 2 1 2 7 1 2 7 1 2 7 1 2 7 1 2 7 0 2 7 0 2 7 17 18 2 0 2 4 5 31 3 1 2 7 0 2 4 0 20.4687459468841553
1 2 7 0 2 7 0 2 7 1 2 7 0 2 7 17 18 2 0 2 7 0 2 7 0 2 7 1 2 7 1 2 7 5 30 3 0 2 7 0 2 3 5 30 3 0 2 3 0 2 3 1 2 11 16 31 2 1 2 3 0 20.6688988208770752
0 2 7 0 2 7 0 2 7 0 2 7 0 2 7 0 2 7 5 30 3 5 31 3 17 9 2 1 2 7 1 2 7 1 2 7 1 2 7 1 2 7 0 2 7 0 2 7 13 6 3 12 16 2 0 2 7 17 18 2 0 20.2646257877349854
0 2 7 0 2 7 0 2 7 0 2 7 0 2 7 0 2 7 5 30 3 5 31 3 17 9 2 1 2 7 1 2 7 1 2 7 1 2 7 1 2 7 0 2 7 0 2 7 13 6 3 12 16 2 0 2 7 17 9 2 0 20.2646257877349854
0 2 8 1 2 8 0 2 7 5 30 3 0 2 7 1 2 3 0 2 8 8 18 2 16 19 11 0 2 8 0 2 7 0 2 8 0 2 8 1 2 8 16 18 8 0 2 7 0 2 8 5 30 3 0 2 7 5 30 3 0.00052756574053498405 22.3814250230789185
0 2 7 0 2 7 0 2 7 0 2 7 0 2 7 0 2 7 5 30 3 5 31 3 17 9 2 1 2 7 1 2 7 1 2 7 1 2 7 1 2 7 0 2 7 0 2 7 13 6 3 12 16 2 0 2 7 17 18 2 0 20.2646257877349854
1 2 7 0 2 7 0 2 7 1 2 7 0 2 7 17 18 2 0 2 7 0 2 7 0 2 7 1 2 7 1 2 7 5 30 3 0 2 7 0 2 3 5 30 3 0 2 3 0 2 3 1 2 11 16 31 2 1 2 3 0 20.6688988208770752
0 2 7 0 2 7 0 2 7 0 2 7 0 2 7 0 2 7 5 30 3 5 31 3 17 9 2 1 2 7 1 2 7 1 2 7 1 2 7 1 2 7 0 2 7 0 2 7 13 6 3 12 16 2 0 2 7 17 9 2 0 20.2646257877349854
0 2 7 0 2 7 0 2 7 0 2 7 0 2 7 0 2 7 5 30 3 5 31 3 17 9 2 1 2 7 1 2 7 1 2 7 1 2 7 1 2 7 0 2 7 0 2 7 13 6 3 12 16 2 0 2 7 17 18 2 0 20.2646257877349854

Current Evaluation = 3060(3060)
Front Size = 10
0 2 7 0 2 7 0 2 7 0 2 7 0 2 7 0 2 7 5 30 3 5 31 3 17 9 2 1 2 7 1 2 7 1 2 7 1 2 7 1 2 7 0 2 7 0 2 7 13 6 3 12 16 2 0 2 7 17 9 2 0 20.2646257877349854
1 2 7 0 2 7 0 2 7 1 2 7 0 2 7 17 18 2 0 2 7 0 2 7 0 2 7 1 2 7 1 2 7 5 30 3 0 2 7 0 2 3 5 30 3 0 2 3 0 2 3 1 2 11 16 31 2 1 2 3 0 20.6688988208770752
1 2 7 0 2 7 0 2 7 1 2 7 0 2 7 17 18 2 0 2 7 0 2 7 0 2 7 1 2 7 1 2 7 5 30 3 0 2 7 0 2 3 5 30 3 0 2 3 0 2 3 1 2 11 16 31 2 1 2 3 0 20.6688988208770752
0 2 8 1 2 8 0 2 7 5 30 3 0 2 7 1 2 3 0 2 8 8 18 2 16 19 11 0 2 8 0 2 7 0 2 8 0 2 8 1 2 8 16 18 8 0 2 7 0 2 8 5 30 3 0 2 7 5 30 3 0.00052756574053498405 22.3814250230789185
0 2 7 0 2 7 0 2 7 0 2 7 0 2 7 0 2 7 5 30 3 5 31 3 17 9 2 1 2 7 1 2 7 1 2 7 1 2 7 1 2 7 0 2 7 0 2 7 13 6 3 12 16 2 0 2 7 17 18 2 0 20.2646257877349854
1 2 7 0 2 4 0 2 7 1 2 7 0 2 7 0 2 7 0 2 7 1 2 7 0 2 7 0 2 7 5 31 3 0 2 7 17 18 2 0 2 7 5 31 3 1 2 7 12 16 2 0 2 7 16 6 2 6 2 4 0 20.4595978856086731
0 2 7 0 2 7 0 2 7 0 2 7 0 2 7 0 2 7 5 30 3 5 31 3 17 9 2 1 2 7 1 2 7 1 2 7 1 2 7 1 2 7 0 2 7 0 2 7 13 6 3 12 16 2 0 2 7 17 18 2 0 20.2646257877349854
0 2 7 0 2 7 0 2 7 0 2 7 0 2 7 0 2 7 5 30 3 5 31 3 17 9 2 1 2 7 1 2 7 1 2 7 1 2 7 1 2 7 0 2 7 0 2 7 13 6 3 12 16 2 0 2 7 17 9 2 0 20.2646257877349854
0 2 7 0 2 7 0 2 7 0 2 7 0 2 7 0 2 7 5 30 3 5 31 3 17 9 2 1 2 7 1 2 7 1 2 7 1 2 7 1 2 7 0 2 7 0 2 7 13 6 3 12 16 2 0 2 7 17 18 2 0 20.2646257877349854
0 2 7 0 2 7 0 2 7 0 2 7 0 2 7 0 2 7 5 30 3 5 31 3 17 9 2 1 2 7 1 2 7 1 2 7 1 2 7 1 2 7 0 2 7 0 2 7 13 6 3 12 16 2 0 2 7 17 9 2 0 20.2646257877349854

Current Evaluation = 3240(3240)
Front Size = 10
0 2 7 0 2 7 0 2 7 0 2 7 0 2 7 0 2 7 5 31 3 1 2 7 1 2 7 1 2 7 1 2 7 0 2 7 0 2 7 12 16 2 0 2 7 17 18 2 5 30 3 17 9 2 1 2 7 13 6 3 0 20.2646257877349854
0 2 7 0 2 7 0 2 7 0 2 7 0 2 7 0 2 7 5 30 3 5 31 3 17 9 2 1 2 7 1 2 7 1 2 7 1 2 7 1 2 7 0 2 7 0 2 7 13 6 3 12 16 2 0 2 7 17 18 2 0 20.2646257877349854
0 2 7 0 2 7 0 2 7 0 2 7 0 2 7 0 2 7 5 30 3 5 31 3 17 9 2 1 2 7 1 2 7 1 2 7 1 2 7 1 2 7 0 2 7 0 2 7 13 6 3 12 16 2 0 2 7 17 18 2 0 20.2646257877349854
0 2 7 0 2 7 0 2 7 0 2 7 0 2 7 0 2 7 5 30 3 5 31 3 17 9 2 1 2 7 1 2 7 1 2 7 1 2 7 1 2 7 0 2 7 0 2 7 13 6 3 12 16 2 0 2 7 17 18 2 0 20.2646257877349854
0 2 7 0 2 7 0 2 7 0 2 7 0 2 7 0 2 7 5 30 3 5 31 3 17 9 2 1 2 7 1 2 7 1 2 7 1 2 7 1 2 7 0 2 7 0 2 7 13 6 3 12 16 2 0 2 7 17 9 2 0 20.2646257877349854
0 2 8 1 2 8 0 2 7 5 30 3 0 2 7 1 2 3 0 2 8 8 18 2 16 19 11 0 2 8 0 2 7 0 2 8 0 2 8 1 2 8 16 18 8 0 2 7 0 2 8 5 30 3 0 2 7 5 30 3 0.00052756574053498405 22.3814250230789185
0 2 7 0 2 7 0 2 7 0 2 7 0 2 7 0 2 7 5 30 3 5 31 3 17 9 2 1 2 7 1 2 7 1 2 7 1 2 7 1 2 7 0 2 7 0 2 7 13 6 3 12 16 2 0 2 7 17 9 2 0 20.2646257877349854
1 2 7 0 2 7 0 2 7 0 2 3 0 2 7 5 30 3 5 30 3 1 2 3 1 2 7 0 2 7 17 18 2 0 2 7 1 2 7 1 2 11 0 2 7 0 2 3 1 2 7 0 2 7 0 2 3 16 31 2 0 20.6688988208770752
1 2 7 0 2 7 0 2 7 1 2 7 0 2 7 17 18 2 0 2 7 0 2 7 0 2 7 1 2 7 1 2 7 5 30 3 0 2 7 0 2 3 5 30 3 0 2 3 0 2 3 1 2 11 16 31 2 1 2 3 0 20.6688988208770752
0 2 7 0 2 7 0 2 7 0 2 7 0 2 7 0 2 7 5 31 3 1 2 7 1 2 7 1 2 7 1 2 7 0 2 7 0 2 7 12 16 2 0 2 7 17 18 2 16 6 2 6 2 4 0 2 4 5 31 3 0 20.4595978856086731

Current Evaluation = 3420(3420)
Front Size = 10
1 2 7 0 2 7 0 2 7 1 2 7 0 2 7 0 2 7 0 2 7 0 2 7 1 2 7 1 2 7 0 2 7 12 16 2 0 2 7 5 31 3 0 2 7 17 18 2 5 30 3 1 2 7 17 9 2 13 6 3 0 20.2646257877349854
1 2 7 0 2 7 0 2 7 1 2 7 0 2 7 0 2 7 0 2 7 0 2 7 1 2 7 1 2 7 0 2 7 12 16 2 0 2 7 5 31 3 0 2 7 17 18 2 5 30 3 1 2 7 17 9 2 13 6 3 0 20.2646257877349854
1 2 7 0 2 7 0 2 7 1 2 7 0 2 7 17 18 2 0 2 7 0 2 7 0 2 7 1 2 7 1 2 7 5 30 3 0 2 7 0 2 3 5 30 3 0 2 3 0 2 3 1 2 11 16 31 2 1 2 3 0 20.6688988208770752
1 2 7 0 2 7 0 2 7 1 2 7 0 2 7 0 2 7 0 2 7 0 2 7 1 2 7 1 2 7 0 2 7 12 16 2 0 2 7 5 31 3 0 2 7 5 30 3 1 2 7 17 9 2 13 6 3 17 9 2 0 20.2646257877349854
1 2 7 0 2 7 0 2 7 1 2 7 0 2 7 0 2 7 0 2 7 0 2 7 1 2 7 1 2 7 0 2 7 12 16 2 0 2 7 5 31 3 0 2 7 17 18 2 16 6 2 6 2 4 5 31 3 0 2 4 0 20.4595978856086731
0 2 8 1 2 8 0 2 7 5 30 3 0 2 7 1 2 3 0 2 8 8 18 2 16 19 11 0 2 8 0 2 7 0 2 8 0 2 8 1 2 8 16 18 8 0 2 7 0 2 8 5 30 3 0 2 7 5 30 3 0.00052756574053498405 22.3814250230789185
1 2 7 0 2 7 0 2 7 1 2 7 0 2 7 0 2 7 0 2 7 0 2 7 1 2 7 1 2 7 5 30 3 0 2 7 17 18 2 0 2 3 5 30 3 0 2 3 0 2 3 1 2 11 16 31 2 1 2 3 0 20.6688988208770752
1 2 7 0 2 7 0 2 7 1 2 7 0 2 7 0 2 7 0 2 7 0 2 7 1 2 7 1 2 7 0 2 7 12 16 2 0 2 7 5 31 3 0 2 7 5 30 3 1 2 7 17 9 2 13 6 3 17 9 2 0 20.2646257877349854
1 2 7 1 2 7 0 2 7 0 2 7 1 2 7 0 2 7 1 2 7 0 2 7 0 2 7 0 2 7 0 2 7 17 18 2 12 16 2 1 2 7 17 9 2 5 31 3 0 2 7 0 2 7 5 30 3 13 6 3 0 20.2646257877349854
1 2 7 0 2 7 0 2 7 1 2 7 0 2 7 0 2 7 0 2 7 0 2 7 1 2 7 1 2 7 0 2 7 12 16 2 0 2 7 5 31 3 0 2 7 17 18 2 5 30 3 1 2 7 17 9 2 13 6 3 0 20.2646257877349854

Current Evaluation = 3600(3600)
Front Size = 10
1 2 7 0 2 7 0 2 7 1 2 7 0 2 7 0 2 7 0 2 7 0 2 7 1 2 7 1 2 7 5 30 3 0 2 7 0 2 7 17 9 2 1 2 7 0 2 7 13 6 3 5 31 3 12 16 2 17 9 2 0 20.2646257877349854
1 2 7 0 2 7 0 2 7 1 2 7 0 2 7 17 18 2 0 2 7 0 2 7 0 2 7 1 2 7 1 2 7 5 30 3 0 2 7 0 2 3 5 30 3 0 2 3 0 2 3 1 2 11 16 31 2 1 2 3 0 20.6688988208770752
1 2 7 0 2 7 0 2 7 1 2 7 0 2 7 0 2 7 0 2 7 0 2 7 1 2 7 1 2 7 0 2 7 0 2 7 0 2 7 5 31 3 12 16 2 17 18 2 16 6 2 6 2 4 5 31 3 0 2 4 0 20.4595978856086731
1 2 7 0 2 7 0 2 7 1 2 7 0 2 7 0 2 7 0 2 7 0 2 7 1 2 7 1 2 7 5 30 3 0 2 7 0 2 7 17 9 2 1 2 7 0 2 7 13 6 3 5 31 3 12 16 2 17 9 2 0 20.2646257877349854
1 2 7 0 2 7 0 2 7 1 2 7 0 2 7 17 18 2 0 2 7 0 2 7 0 2 7 1 2 7 1 2 7 5 30 3 0 2 7 0 2 3 5 30 3 0 2 3 0 2 3 1 2 11 16 31 2 1 2 3 0 20.6688988208770752
1 2 7 0 2 7 0 2 7 1 2 7 0 2 7 0 2 7 0 2 7 0 2 7 1 2 7 1 2 7 5 30 3 0 2 7 0 2 7 17 9 2 1 2 7 0 2 7 13 6 3 5 31 3 12 16 2 17 18 2 0 20.2646257877349854
1 2 7 0 2 7 0 2 7 1 2 7 0 2 7 0 2 7 0 2 7 0 2 7 1 2 7 1 2 7 5 30 3 0 2 7 0 2 7 17 9 2 1 2 7 0 2 7 13 6 3 5 31 3 12 16 2 17 18 2 0 20.2646257877349854
1 2 7 0 2 7 0 2 7 1 2 7 0 2 7 0 2 7 0 2 7 0 2 7 1 2 7 1 2 7 0 2 7 0 2 7 0 2 7 5 31 3 12 16 2 17 18 2 5 30 3 17 9 2 1 2 7 13 6 3 0 20.2646257877349854
0 2 8 1 2 8 0 2 7 5 30 3 0 2 7 1 2 3 0 2 8 8 18 2 16 19 11 0 2 8 0 2 7 0 2 8 0 2 8 1 2 8 16 18 8 0 2 7 0 2 8 5 30 3 0 2 7 5 30 3 0.00052756574053498405 22.3814250230789185
1 2 7 0 2 7 0 2 7 1 2 7 0 2 7 0 2 7 0 2 7 0 2 7 1 2 7 1 2 7 5 30 3 0 2 7 0 2 7 17 9 2 1 2 7 0 2 7 13 6 3 5 31 3 12 16 2 17 9 2 0 20.2646257877349854

MonoObjective Genetic Algorithm
Number of Evaluations = 0
Mutation Probability = 0
Crossover Probability = 1
Population Size = 10
Survival Selection Type = 5

Time =  3601.68300080299377

Current Evaluation = 3456
Front Size = 10
1 2 7 0 2 7 0 2 7 1 2 7 0 2 7 0 2 7 0 2 7 0 2 7 1 2 7 1 2 7 5 30 3 0 2 7 0 2 7 17 9 2 1 2 7 0 2 7 13 6 3 5 31 3 12 16 2 17 9 2 0 20.2646257877349854
1 2 7 0 2 7 0 2 7 1 2 7 0 2 7 17 18 2 0 2 7 0 2 7 0 2 7 1 2 7 1 2 7 5 30 3 0 2 7 0 2 3 5 30 3 0 2 3 0 2 3 1 2 11 16 31 2 1 2 3 0 20.6688988208770752
1 2 7 0 2 7 0 2 7 1 2 7 0 2 7 0 2 7 0 2 7 0 2 7 1 2 7 1 2 7 0 2 7 0 2 7 0 2 7 5 31 3 12 16 2 17 18 2 16 6 2 6 2 4 5 31 3 0 2 4 0 20.4595978856086731
1 2 7 0 2 7 0 2 7 1 2 7 0 2 7 0 2 7 0 2 7 0 2 7 1 2 7 1 2 7 5 30 3 0 2 7 0 2 7 17 9 2 1 2 7 0 2 7 13 6 3 5 31 3 12 16 2 17 9 2 0 20.2646257877349854
1 2 7 0 2 7 0 2 7 1 2 7 0 2 7 17 18 2 0 2 7 0 2 7 0 2 7 1 2 7 1 2 7 5 30 3 0 2 7 0 2 3 5 30 3 0 2 3 0 2 3 1 2 11 16 31 2 1 2 3 0 20.6688988208770752
1 2 7 0 2 7 0 2 7 1 2 7 0 2 7 0 2 7 0 2 7 0 2 7 1 2 7 1 2 7 5 30 3 0 2 7 0 2 7 17 9 2 1 2 7 0 2 7 13 6 3 5 31 3 12 16 2 17 18 2 0 20.2646257877349854
1 2 7 0 2 7 0 2 7 1 2 7 0 2 7 0 2 7 0 2 7 0 2 7 1 2 7 1 2 7 5 30 3 0 2 7 0 2 7 17 9 2 1 2 7 0 2 7 13 6 3 5 31 3 12 16 2 17 18 2 0 20.2646257877349854
1 2 7 0 2 7 0 2 7 1 2 7 0 2 7 0 2 7 0 2 7 0 2 7 1 2 7 1 2 7 0 2 7 0 2 7 0 2 7 5 31 3 12 16 2 17 18 2 5 30 3 17 9 2 1 2 7 13 6 3 0 20.2646257877349854
0 2 8 1 2 8 0 2 7 5 30 3 0 2 7 1 2 3 0 2 8 8 18 2 16 19 11 0 2 8 0 2 7 0 2 8 0 2 8 1 2 8 16 18 8 0 2 7 0 2 8 5 30 3 0 2 7 5 30 3 0.00052756574053498405 22.3814250230789185
1 2 7 0 2 7 0 2 7 1 2 7 0 2 7 0 2 7 0 2 7 0 2 7 1 2 7 1 2 7 5 30 3 0 2 7 0 2 7 17 9 2 1 2 7 0 2 7 13 6 3 5 31 3 12 16 2 17 9 2 0 20.2646257877349854

