Current Evaluation = 900(900)
Front Size = 10
0 2 7 1 2 11 1 2 7 16 20 12 0 2 7 0 2 7 17 18 2 1 2 7 17 18 2 0 2 7 1 2 7 0 2 7 16 6 2 16 19 11 0 2 7 5 31 3 0 2 7 0 2 7 0 2 7 5 30 3 1 2 7 0 2 7 0 2 7 5 30 3 0 2 7 1 2 7 5 30 3 0 2 7 5 30 3 0 2 7 13 6 3 0 2 7 1 2 7 17 18 2 1 2 7 0 2 7 17 9 2 1 2 7 0 2 7 0 2 7 0 2 7 0 2 7 0 2 4 1 2 7 8 18 2 0 2 7 1 2 7 5 30 3 0 2 7 0 2 7 0 2 7 12 16 2 5 30 3 0 2 11 12 16 2 0 2 7 0 2 7 5 31 3 1 2 7 8 18 2 0 61.8937802314758301
8 9 2 1 2 8 0 2 8 16 19 12 0 2 8 5 30 3 0 2 8 16 15 2 0 2 8 1 2 8 8 18 2 5 30 3 0 2 8 0 2 8 8 9 2 8 9 2 16 19 12 8 18 2 8 9 2 5 30 3 8 9 2 8 9 2 8 18 2 0 2 8 0 2 8 8 9 2 8 9 2 1 2 8 0 2 8 16 19 12 5 30 3 8 18 2 0 2 8 8 18 2 1 2 8 8 9 2 1 2 8 5 30 3 0 2 8 0 2 8 1 2 8 1 2 8 0 2 8 5 30 3 1 2 8 0 2 8 16 19 12 8 9 2 0 2 8 16 19 12 8 18 2 16 15 2 13 6 3 12 16 2 0 2 8 0 2 8 0 2 8 1 2 8 8 9 2 8 18 2 0.0184479996568654228 67.1197341680526733
0 2 11 1 2 3 1 2 7 16 19 11 0 2 3 0 2 7 8 18 2 0 2 7 17 18 2 1 2 3 0 2 7 0 2 7 16 6 2 16 19 11 0 2 7 1 2 7 0 2 3 0 2 11 1 2 3 5 31 3 1 2 7 0 2 7 0 2 7 5 30 3 0 2 7 0 2 4 5 30 3 1 2 7 5 30 3 0 2 7 16 6 2 1 2 7 0 2 11 17 18 2 1 2 7 1 2 4 17 9 2 1 2 7 0 2 7 0 2 3 0 2 4 0 2 3 1 2 11 1 2 7 8 18 2 0 2 7 0 2 7 5 30 3 0 2 7 1 2 7 0 2 7 12 16 2 5 30 3 0 2 7 12 16 2 0 2 7 0 2 7 0 2 7 0 2 7 8 18 2 0 62.6147885322570801
5 30 3 12 16 2 5 30 3 0 2 7 1 2 7 0 2 7 5 31 3 1 2 7 12 16 2 0 2 7 8 9 2 0 2 7 16 6 2 0 2 7 1 2 7 0 2 7 5 30 3 0 2 7 0 2 7 12 16 2 0 2 7 0 2 7 0 2 7 1 2 7 0 2 7 0 2 7 8 18 2 0 2 7 5 30 3 5 30 3 8 9 2 0 2 7 0 2 7 0 2 7 12 16 2 0 2 7 16 19 11 0 2 7 5 31 3 1 2 7 1 2 7 0 2 7 0 2 7 0 2 7 16 6 2 5 31 3 0 2 7 0 2 7 0 2 7 0 2 7 0 2 7 12 16 2 16 19 11 6 2 7 17 9 2 16 19 11 16 6 2 1 2 7 0 2 7 0 2 7 0 62.9594989418983459
0 2 8 5 30 3 16 19 11 12 16 2 0 2 8 0 2 3 0 2 8 5 30 3 5 31 3 0 2 8 0 2 8 16 19 11 0 2 7 0 2 8 0 2 7 16 19 11 5 30 3 16 19 11 0 2 8 0 2 8 0 2 8 0 2 8 16 19 11 0 2 8 0 2 8 0 2 8 5 30 3 0 2 8 5 30 3 5 30 3 0 2 8 0 2 8 0 2 8 0 2 8 12 16 2 0 2 8 16 19 11 0 2 8 5 30 3 0 2 3 16 19 11 8 9 2 0 2 8 0 2 11 0 2 8 5 30 3 0 2 8 0 2 7 0 2 3 5 30 3 0 2 8 0 2 8 12 16 2 0 2 8 0 2 8 0 2 8 8 9 2 0 2 8 0 2 3 0 2 8 1.78409040954124864e-07 69.7647119760513306
8 18 2 5 30 3 16 15 2 16 15 2 6 3 2 16 15 2 8 18 2 5 30 3 5 30 3 6 2 8 16 15 2 5 30 3 8 9 2 8 18 2 5 30 3 0 2 8 0 2 8 0 2 8 6 2 8 6 2 12 8 9 2 6 2 8 6 2 8 6 2 12 16 20 12 0 2 8 0 2 8 6 2 8 16 20 12 0 2 12 5 30 3 8 9 2 0 2 8 8 9 2 0 2 12 6 2 8 16 20 12 6 2 12 8 18 2 8 18 2 6 2 8 6 2 8 6 2 8 8 18 2 5 30 3 8 18 2 6 2 12 8 9 2 8 9 2 8 18 2 8 9 2 6 2 8 5 30 3 8 9 2 8 18 2 12 16 2 8 18 2 6 2 12 5 30 3 6 3 2 0.0874339467986067348 64.8063948154449463
0 2 8 5 30 3 5 30 3 5 30 3 16 19 11 0 2 8 8 18 2 8 9 2 8 9 2 0 2 3 5 30 3 12 16 2 0 2 8 1 2 7 5 30 3 0 2 8 0 2 3 0 2 8 0 2 8 5 30 3 5 30 3 5 30 3 0 2 8 0 2 3 0 2 8 0 2 8 16 6 2 0 2 11 0 2 11 1 2 8 16 19 11 16 19 11 0 2 8 0 2 8 0 2 8 0 2 8 6 2 8 0 2 11 16 6 2 0 2 8 0 2 8 0 2 8 0 2 8 0 2 8 0 2 8 0 2 8 1 2 8 0 2 8 0 2 8 0 2 7 0 2 11 6 2 7 5 30 3 0 2 8 5 30 3 0 2 8 16 31 2 0 2 8 0 2 8 16 6 2 0.000172922940993525419 67.6680181622505188
5 30 3 12 16 2 17 18 2 0 2 7 16 9 11 0 2 7 12 16 2 0 2 7 12 16 2 1 2 7 1 2 7 1 2 7 16 6 2 0 2 7 0 2 3 0 2 3 16 18 11 0 2 7 0 2 4 5 31 3 1 2 7 12 16 2 0 2 7 1 2 7 0 2 3 0 2 7 16 6 2 0 2 3 0 2 7 5 31 3 8 9 2 1 2 7 0 2 7 1 2 7 1 2 7 0 2 7 0 2 7 1 2 3 5 30 3 1 2 7 0 2 7 0 2 7 0 2 7 0 2 7 16 31 2 1 2 7 1 2 4 0 2 3 0 2 7 0 2 3 0 2 7 12 16 2 0 2 3 1 2 3 16 6 2 0 2 7 5 31 3 0 2 7 0 2 4 1 2 7 0 62.2312455177307129
16 19 12 0 2 8 0 2 8 16 19 11 0 2 3 0 2 7 12 16 2 16 19 12 0 2 3 0 2 8 16 19 12 0 2 3 0 2 8 0 2 3 0 2 8 5 30 3 0 2 8 0 2 3 0 2 3 5 30 3 0 2 8 0 2 8 0 2 8 0 2 3 0 2 3 5 30 3 5 30 3 0 2 3 5 30 3 16 6 2 1 2 3 8 9 2 0 2 3 8 18 2 0 2 3 0 2 8 0 2 3 5 30 3 0 2 8 0 2 8 0 2 8 1 2 8 0 2 7 5 30 3 16 18 8 0 2 8 16 19 12 0 2 3 0 2 7 1 2 8 12 16 2 8 18 2 5 30 3 0 2 8 0 2 8 1 2 8 0 2 8 1 2 8 5 30 3 0 2 3 3.625270749442757e-05 68.2868014574050903
0 2 3 0 2 7 5 30 3 16 19 11 0 2 7 0 2 7 17 18 2 0 2 7 8 9 2 6 2 7 0 2 7 0 2 7 5 30 3 16 15 2 0 2 3 0 2 7 1 2 7 0 2 3 0 2 7 5 30 3 1 2 7 0 2 7 0 2 7 5 30 3 0 2 7 0 2 7 5 30 3 0 2 7 5 30 3 0 2 3 16 6 2 1 2 7 0 2 7 8 18 2 0 2 7 16 19 11 15 2 11 16 19 11 0 2 7 0 2 7 0 2 7 1 2 7 1 2 3 1 2 7 8 18 2 0 2 7 0 2 3 5 30 3 1 2 7 0 2 7 0 2 7 12 16 2 5 30 3 0 2 3 12 16 2 0 2 7 0 2 7 1 2 7 0 2 7 17 18 2 0 63.271492063999176

Current Evaluation = 1800(1800)
Front Size = 10
0 2 7 1 2 7 1 2 7 17 1 2 0 2 7 0 2 7 17 18 2 1 2 7 17 18 2 0 2 7 1 2 7 0 2 7 16 30 2 13 6 3 0 2 7 5 30 3 0 2 7 0 2 7 0 2 11 5 30 3 1 2 7 0 2 7 0 2 4 5 30 3 0 2 7 1 2 7 5 30 3 0 2 7 5 30 3 0 2 7 13 6 3 0 2 7 1 2 7 17 18 2 1 2 7 0 2 7 17 9 2 1 2 7 0 2 7 0 2 7 0 2 7 0 2 7 0 2 7 1 2 7 8 18 2 0 2 7 6 2 7 5 30 3 0 2 7 0 2 7 0 2 7 12 16 2 5 30 3 0 2 11 12 16 2 1 2 7 0 2 7 5 31 3 1 2 7 17 18 2 0 61.0548314452171326
0 2 7 1 2 7 1 2 7 17 1 2 0 2 7 0 2 7 17 18 2 1 2 7 17 18 2 0 2 7 1 2 7 0 2 7 16 30 2 13 6 3 0 2 7 5 30 3 0 2 7 0 2 7 0 2 11 5 30 3 1 2 7 0 2 7 0 2 4 5 30 3 0 2 7 1 2 7 5 30 3 0 2 7 5 30 3 0 2 7 13 6 3 0 2 7 1 2 7 17 18 2 1 2 7 0 2 7 17 9 2 1 2 7 0 2 7 0 2 7 0 2 7 0 2 7 0 2 7 1 2 7 8 18 2 0 2 7 6 2 7 5 30 3 0 2 7 0 2 7 0 2 7 12 16 2 5 30 3 0 2 11 12 16 2 1 2 7 0 2 7 5 31 3 1 2 7 17 18 2 0 61.0548314452171326
0 2 8 5 30 3 16 19 11 12 16 2 0 2 8 0 2 3 0 2 8 5 30 3 5 31 3 0 2 8 0 2 8 16 19 11 0 2 7 0 2 8 0 2 7 16 19 11 5 30 3 16 19 11 0 2 8 0 2 8 0 2 8 0 2 8 16 19 11 0 2 8 0 2 8 0 2 8 5 30 3 0 2 8 5 30 3 5 30 3 0 2 8 0 2 8 0 2 8 0 2 8 12 16 2 0 2 8 16 19 11 0 2 8 5 30 3 0 2 3 16 19 11 8 9 2 0 2 8 0 2 11 0 2 8 5 30 3 0 2 8 0 2 7 0 2 3 5 30 3 0 2 8 0 2 8 12 16 2 0 2 8 0 2 8 0 2 8 8 9 2 0 2 8 0 2 3 0 2 8 1.78409040954124864e-07 69.7647119760513306
5 30 3 12 16 2 17 18 2 0 2 7 16 9 11 0 2 7 12 16 2 0 2 7 12 16 2 1 2 7 1 2 7 1 2 7 16 6 2 0 2 7 0 2 3 0 2 3 16 18 11 0 2 7 0 2 4 5 31 3 1 2 7 12 16 2 0 2 7 1 2 7 0 2 3 0 2 7 16 6 2 0 2 3 0 2 7 5 31 3 8 9 2 1 2 7 0 2 7 1 2 7 1 2 7 0 2 7 0 2 7 1 2 3 5 30 3 1 2 7 0 2 7 0 2 7 0 2 7 0 2 7 16 31 2 1 2 7 1 2 4 0 2 3 0 2 7 0 2 3 0 2 7 12 16 2 0 2 3 1 2 3 16 6 2 0 2 7 5 31 3 0 2 7 0 2 4 1 2 7 0 62.2312455177307129
8 18 2 5 30 3 16 15 2 16 15 2 6 3 2 16 15 2 8 18 2 5 30 3 5 30 3 6 2 8 16 15 2 5 30 3 8 9 2 8 18 2 5 30 3 0 2 8 0 2 8 0 2 8 6 2 8 6 2 12 8 9 2 6 2 8 6 2 8 6 2 12 16 20 12 0 2 8 0 2 8 6 2 8 16 20 12 0 2 12 5 30 3 8 9 2 0 2 8 8 9 2 0 2 12 6 2 8 16 20 12 6 2 12 8 18 2 8 18 2 6 2 8 6 2 8 6 2 8 8 18 2 5 30 3 8 18 2 6 2 12 8 9 2 8 9 2 8 18 2 8 9 2 6 2 8 5 30 3 8 9 2 8 18 2 12 16 2 8 18 2 6 2 12 5 30 3 6 3 2 0.0874339467986067348 64.8063948154449463
0 2 7 1 2 7 1 2 7 17 1 2 0 2 7 0 2 7 17 18 2 1 2 7 17 18 2 0 2 7 1 2 7 0 2 7 16 30 2 16 19 11 0 2 7 5 30 3 0 2 7 0 2 7 0 2 7 5 30 3 1 2 7 0 2 7 0 2 7 5 30 3 0 2 7 1 2 7 5 30 3 0 2 7 5 30 3 0 2 7 13 6 3 0 2 7 1 2 7 17 18 2 1 2 7 0 2 4 17 9 2 1 2 7 0 2 7 0 2 7 0 2 7 0 2 7 0 2 7 1 2 7 8 18 2 0 2 7 1 2 7 5 30 3 0 2 7 0 2 7 0 2 7 12 16 2 5 30 3 0 2 7 12 16 2 0 2 7 0 2 7 5 31 3 1 2 7 8 18 2 0 61.5273932218551636
1 2 3 1 2 3 0 2 3 8 9 2 12 16 2 0 2 7 17 18 2 1 2 7 16 30 2 0 2 3 0 2 7 16 19 11 16 6 2 16 6 2 0 2 3 12 16 2 1 2 3 0 2 7 0 2 3 5 30 3 0 2 3 1 2 7 1 2 3 5 30 3 0 2 3 0 2 7 1 2 3 0 2 3 5 30 3 0 2 7 0 2 7 0 2 3 0 2 7 12 16 2 0 2 3 0 2 11 16 6 2 1 2 7 0 2 3 0 2 3 1 2 7 0 2 7 0 2 3 0 2 3 8 18 2 0 2 7 1 2 7 5 30 3 0 2 3 0 2 7 16 19 11 12 16 2 13 6 3 0 2 3 1 2 7 0 2 7 0 2 3 5 30 3 1 2 7 5 30 3 0 63.2540065050125122
0 2 11 5 30 3 0 2 8 5 30 3 5 31 3 9 2 7 5 30 3 0 2 7 12 16 2 0 2 7 0 2 11 0 2 3 16 6 2 0 2 7 16 9 8 0 2 3 5 30 3 0 2 11 0 2 8 5 30 3 5 30 3 1 2 3 0 2 11 0 2 8 0 2 8 0 2 8 16 6 2 5 31 3 0 2 7 16 19 11 0 2 11 16 19 11 0 2 3 0 2 8 0 2 3 0 2 7 0 2 11 0 2 11 5 30 3 0 2 8 1 2 8 1 2 8 0 2 3 0 2 3 16 6 2 0 2 8 0 2 3 0 2 11 0 2 8 0 2 3 0 2 7 0 2 8 16 19 11 0 2 8 0 2 3 0 2 8 5 30 3 0 2 7 0 2 8 0 2 7 2.5752432070014556e-05 67.2725625038146973
8 9 2 1 2 8 0 2 8 16 19 12 0 2 8 5 30 3 0 2 8 16 15 2 0 2 8 1 2 8 8 18 2 5 30 3 0 2 8 0 2 8 8 9 2 8 9 2 16 19 12 8 18 2 8 9 2 5 30 3 8 9 2 8 9 2 8 18 2 0 2 8 0 2 8 8 9 2 8 9 2 1 2 8 0 2 8 16 19 12 5 30 3 8 18 2 0 2 8 8 18 2 1 2 8 8 9 2 1 2 8 5 30 3 0 2 8 0 2 8 1 2 8 1 2 8 0 2 8 5 30 3 1 2 8 0 2 8 16 19 12 8 9 2 0 2 8 16 19 12 8 18 2 16 15 2 13 6 3 12 16 2 0 2 8 0 2 8 0 2 8 1 2 8 8 9 2 8 18 2 0.0184479996568654228 67.1197341680526733
0 2 7 1 2 7 1 2 7 17 1 2 0 2 7 0 2 7 17 18 2 1 2 7 17 18 2 0 2 7 1 2 7 0 2 7 16 30 2 13 6 3 0 2 7 5 30 3 0 2 7 0 2 7 0 2 11 5 30 3 1 2 7 0 2 7 0 2 4 5 30 3 0 2 7 1 2 7 5 30 3 0 2 7 5 30 3 0 2 7 13 6 3 0 2 7 1 2 7 17 18 2 1 2 7 0 2 7 17 9 2 1 2 7 0 2 7 0 2 7 0 2 7 0 2 7 0 2 7 1 2 7 8 18 2 0 2 7 6 2 7 5 30 3 0 2 7 0 2 7 0 2 7 12 16 2 5 30 3 0 2 11 12 16 2 1 2 7 0 2 7 5 31 3 1 2 7 17 18 2 0 61.0548314452171326

Current Evaluation = 2700(2700)
Front Size = 10
0 2 7 1 2 7 1 2 7 17 1 2 0 2 7 0 2 7 17 18 2 1 2 7 17 18 2 0 2 7 0 2 7 0 2 7 16 30 2 13 6 3 1 2 7 5 30 3 1 2 7 0 2 7 0 2 7 5 30 3 1 2 7 0 2 7 0 2 7 5 30 3 0 2 7 1 2 7 5 30 3 0 2 7 5 30 3 0 2 7 13 6 3 0 2 7 1 2 7 17 18 2 1 2 7 0 2 3 17 9 2 1 2 7 0 2 7 0 2 7 0 2 7 0 2 7 0 2 7 1 2 7 8 18 2 0 2 7 0 2 7 5 30 3 0 2 7 0 2 7 0 2 7 12 16 2 1 2 7 0 2 11 12 16 2 1 2 7 0 2 7 5 31 3 1 2 7 17 18 2 0 60.8377434015274048
0 2 7 1 2 7 1 2 7 17 9 2 1 2 7 0 2 4 17 18 2 1 2 10 17 18 2 0 2 7 0 2 4 0 2 7 16 6 2 13 6 3 1 2 4 5 30 3 1 2 7 0 2 7 0 2 7 5 30 3 1 2 7 0 2 7 1 2 7 5 30 3 0 2 7 1 2 7 5 30 3 0 2 7 5 30 3 0 2 7 13 6 3 0 2 4 1 2 3 17 18 2 0 2 11 0 2 7 17 9 2 1 2 7 0 2 11 0 2 7 0 2 7 0 2 7 0 2 4 1 2 7 8 18 2 0 2 7 1 2 7 0 2 11 0 2 7 0 2 7 0 2 7 12 16 2 5 30 3 0 2 7 1 2 7 0 2 7 0 2 7 5 31 3 1 2 7 17 18 2 0 60.9502665996551514
1 2 3 1 2 3 0 2 3 8 9 2 12 16 2 0 2 7 17 18 2 1 2 7 16 30 2 0 2 3 0 2 7 16 19 11 16 6 2 16 6 2 0 2 3 12 16 2 1 2 3 0 2 7 0 2 3 5 30 3 0 2 3 1 2 7 1 2 3 5 30 3 0 2 3 0 2 7 1 2 3 0 2 3 5 30 3 0 2 7 0 2 7 0 2 3 0 2 7 12 16 2 0 2 3 0 2 11 16 6 2 1 2 7 0 2 3 0 2 3 1 2 7 0 2 7 0 2 3 0 2 3 8 18 2 0 2 7 1 2 7 5 30 3 0 2 3 0 2 7 16 19 11 12 16 2 13 6 3 0 2 3 1 2 7 0 2 7 0 2 3 5 30 3 1 2 7 5 30 3 0 63.2540065050125122
8 18 2 5 30 3 16 15 2 16 15 2 6 3 2 16 15 2 8 18 2 5 30 3 5 30 3 6 2 8 16 15 2 5 30 3 8 9 2 8 18 2 5 30 3 0 2 8 0 2 8 0 2 8 6 2 8 6 2 12 8 9 2 6 2 8 6 2 8 6 2 12 16 20 12 0 2 8 0 2 8 6 2 8 16 20 12 0 2 12 5 30 3 8 9 2 0 2 8 8 9 2 0 2 12 6 2 8 16 20 12 6 2 12 8 18 2 8 18 2 6 2 8 6 2 8 6 2 8 8 18 2 5 30 3 8 18 2 6 2 12 8 9 2 8 9 2 8 18 2 8 9 2 6 2 8 5 30 3 8 9 2 8 18 2 12 16 2 8 18 2 6 2 12 5 30 3 6 3 2 0.0874339467986067348 64.8063948154449463
1 2 7 0 2 7 16 19 11 12 16 2 0 2 7 0 2 7 1 2 11 0 2 7 17 18 2 0 2 7 0 2 3 16 19 11 6 2 7 16 6 2 0 2 3 5 30 3 1 2 3 16 19 11 12 16 2 5 31 3 0 2 7 0 2 7 6 2 7 5 30 3 0 2 7 0 2 7 5 30 3 0 2 3 5 30 3 0 2 7 0 2 7 0 2 3 0 2 7 16 30 2 1 2 7 6 2 7 16 6 2 0 2 7 0 2 7 0 2 7 0 2 7 0 2 11 0 2 7 0 2 7 5 31 3 6 2 7 1 2 7 0 2 3 0 2 3 0 2 7 0 2 7 0 2 3 5 30 3 1 2 7 0 2 7 0 2 7 0 2 7 0 2 7 5 31 3 5 31 3 0 63.3988664150238037
8 9 2 1 2 8 0 2 8 16 19 12 0 2 8 5 30 3 0 2 8 16 15 2 0 2 8 1 2 8 8 18 2 5 30 3 0 2 8 0 2 8 8 9 2 8 9 2 16 19 12 8 18 2 8 9 2 5 30 3 8 9 2 8 9 2 8 18 2 0 2 8 0 2 8 8 9 2 8 9 2 1 2 8 0 2 8 16 19 12 5 30 3 8 18 2 0 2 8 8 18 2 1 2 8 8 9 2 1 2 8 5 30 3 0 2 8 0 2 8 1 2 8 1 2 8 0 2 8 5 30 3 1 2 8 0 2 8 16 19 12 8 9 2 0 2 8 16 19 12 8 18 2 16 15 2 13 6 3 12 16 2 0 2 8 0 2 8 0 2 8 1 2 8 8 9 2 8 18 2 0.0184479996568654228 67.1197341680526733
1 2 7 1 2 7 1 2 7 17 1 2 0 2 7 0 2 7 17 18 2 1 2 7 17 18 2 0 2 7 1 2 7 0 2 7 16 6 2 13 6 3 0 2 7 5 30 3 0 2 7 0 2 7 0 2 7 5 30 3 0 2 7 0 2 7 1 2 7 5 30 3 0 2 7 1 2 7 5 30 3 0 2 7 5 30 3 0 2 4 13 6 3 0 2 7 1 2 7 17 18 2 1 2 7 0 2 7 17 9 2 1 2 4 0 2 7 0 2 7 0 2 7 0 2 7 0 2 7 1 2 10 8 18 2 0 2 7 1 2 7 5 30 3 0 2 7 0 2 7 0 2 7 12 16 2 5 30 3 0 2 7 12 16 2 0 2 7 0 2 7 5 31 3 0 2 7 17 18 2 0 61.019267201423645
0 2 8 5 30 3 16 19 11 12 16 2 0 2 8 0 2 3 0 2 8 5 30 3 5 31 3 0 2 8 0 2 8 16 19 11 0 2 7 0 2 8 0 2 7 16 19 11 5 30 3 16 19 11 0 2 8 0 2 8 0 2 8 0 2 8 16 19 11 0 2 8 0 2 8 0 2 8 5 30 3 0 2 8 5 30 3 5 30 3 0 2 8 0 2 8 0 2 8 0 2 8 12 16 2 0 2 8 16 19 11 0 2 8 5 30 3 0 2 3 16 19 11 8 9 2 0 2 8 0 2 11 0 2 8 5 30 3 0 2 8 0 2 7 0 2 3 5 30 3 0 2 8 0 2 8 12 16 2 0 2 8 0 2 8 0 2 8 8 9 2 0 2 8 0 2 3 0 2 8 1.78409040954124864e-07 69.7647119760513306
0 2 7 1 2 7 1 2 7 17 1 2 0 2 7 0 2 7 17 18 2 1 2 7 17 18 2 0 2 7 0 2 7 0 2 7 16 30 2 13 6 3 1 2 7 5 30 3 1 2 7 0 2 7 0 2 7 5 30 3 1 2 7 0 2 7 0 2 4 5 30 3 0 2 7 1 2 7 5 30 3 0 2 7 5 30 3 0 2 7 13 6 3 0 2 7 1 2 7 17 18 2 1 2 7 0 2 7 17 9 2 1 2 7 0 2 7 0 2 7 0 2 7 0 2 7 0 2 7 1 2 7 8 18 2 0 2 7 0 2 7 5 30 3 0 2 7 0 2 7 0 2 7 12 16 2 5 30 3 0 2 11 12 16 2 1 2 7 0 2 7 5 31 3 1 2 7 17 18 2 0 60.9789383411407471
0 2 7 1 2 7 1 2 7 17 1 2 0 2 7 0 2 7 17 18 2 1 2 7 17 18 2 0 2 7 0 2 7 0 2 7 16 30 2 13 6 3 1 2 7 5 30 3 1 2 7 0 2 7 0 2 7 5 30 3 1 2 7 0 2 7 0 2 4 5 30 3 0 2 7 1 2 7 5 30 3 0 2 7 5 30 3 0 2 7 13 6 3 0 2 7 1 2 7 17 18 2 1 2 7 0 2 7 17 9 2 1 2 7 0 2 7 0 2 7 0 2 7 0 2 7 0 2 7 1 2 7 8 18 2 0 2 7 0 2 7 5 30 3 0 2 7 0 2 7 0 2 7 12 16 2 5 30 3 0 2 11 12 16 2 1 2 7 0 2 7 5 31 3 1 2 7 17 18 2 0 60.9789383411407471

Current Evaluation = 3600(3600)
Front Size = 10
1 2 7 0 2 7 0 2 4 13 6 3 0 2 7 0 2 7 17 18 2 1 2 7 17 18 2 0 2 7 0 2 7 0 2 7 16 6 2 13 6 3 1 2 7 12 16 2 1 2 7 0 2 7 0 2 4 5 31 3 1 2 7 0 2 7 0 2 7 5 30 3 0 2 7 1 2 7 5 30 3 1 2 7 5 30 3 0 2 7 13 6 3 1 2 7 0 2 11 17 18 2 0 2 7 0 2 7 17 9 2 1 2 7 0 2 4 1 2 7 0 2 7 1 2 7 6 2 7 1 2 7 17 18 2 0 2 7 0 2 7 5 30 3 0 2 7 0 2 7 0 2 4 12 16 2 1 2 7 0 2 7 12 16 2 1 2 7 0 2 7 5 31 3 1 2 4 17 18 2 0 60.2925954461097717
0 2 8 5 30 3 16 19 11 12 16 2 0 2 8 0 2 3 0 2 8 5 30 3 5 31 3 0 2 8 0 2 8 16 19 11 0 2 7 0 2 8 0 2 7 16 19 11 5 30 3 16 19 11 0 2 8 0 2 8 0 2 8 0 2 8 16 19 11 0 2 8 0 2 8 0 2 8 5 30 3 0 2 8 5 30 3 5 30 3 0 2 8 0 2 8 0 2 8 0 2 8 12 16 2 0 2 8 16 19 11 0 2 8 5 30 3 0 2 3 16 19 11 8 9 2 0 2 8 0 2 11 0 2 8 5 30 3 0 2 8 0 2 7 0 2 3 5 30 3 0 2 8 0 2 8 12 16 2 0 2 8 0 2 8 0 2 8 8 9 2 0 2 8 0 2 3 0 2 8 1.78409040954124864e-07 69.7647119760513306
1 2 7 0 2 7 0 2 4 17 1 2 0 2 7 0 2 7 17 18 2 1 2 7 17 18 2 0 2 7 0 2 7 0 2 7 16 6 2 13 6 3 1 2 7 12 16 2 1 2 7 0 2 7 0 2 7 5 31 3 1 2 7 0 2 7 0 2 7 5 30 3 0 2 7 1 2 7 5 30 3 6 2 7 5 30 3 0 2 7 13 6 3 1 2 7 0 2 7 17 18 2 0 2 7 0 2 7 17 9 2 1 2 7 0 2 7 1 2 7 0 2 7 0 2 7 1 2 7 1 2 7 8 18 2 0 2 7 0 2 7 5 30 3 0 2 7 0 2 7 0 2 7 12 16 2 1 2 7 0 2 7 12 16 2 1 2 7 0 2 7 5 31 3 1 2 7 17 18 2 0 60.6166953444480896
0 2 8 5 30 3 0 2 7 0 2 8 0 2 8 12 16 2 0 2 8 16 6 2 5 30 3 0 2 8 0 2 8 16 6 2 0 2 3 0 2 8 0 2 8 16 19 12 0 2 8 6 2 7 8 18 2 0 2 11 0 2 8 0 2 3 16 6 2 0 2 8 0 2 8 0 2 8 5 30 3 0 2 8 5 30 3 5 31 3 0 2 3 0 2 8 0 2 11 16 19 11 16 19 11 0 2 8 16 19 11 5 30 3 5 31 3 0 2 8 5 31 3 0 2 3 0 2 8 5 30 3 0 2 8 0 2 8 0 2 3 0 2 7 12 16 2 0 2 8 0 2 8 0 2 8 5 30 3 0 2 7 0 2 7 0 2 3 1 2 8 0 2 7 0 2 7 0 2 7 1.39948328717249926e-06 67.8896579146385193
0 2 7 0 2 7 0 2 7 17 18 2 8 9 2 1 2 7 1 2 3 0 2 3 17 18 2 0 2 7 1 2 7 0 2 7 16 6 2 16 19 11 1 2 7 12 16 2 1 2 3 0 2 7 1 2 7 5 30 3 0 2 7 0 2 7 0 2 3 5 30 3 0 2 11 0 2 11 5 30 3 0 2 4 5 30 3 0 2 7 1 2 7 0 2 7 0 2 4 1 2 7 0 2 4 0 2 3 16 9 11 0 2 7 0 2 7 1 2 3 0 2 4 1 2 3 0 2 3 1 2 3 17 9 2 0 2 3 0 2 7 5 30 3 0 2 7 0 2 3 5 30 3 12 16 2 13 6 3 1 2 7 12 16 2 0 2 7 0 2 7 5 30 3 8 18 2 16 19 11 0 63.030627429485321
1 2 7 0 2 7 0 2 7 17 9 2 0 2 7 0 2 7 17 18 2 1 2 7 17 18 2 1 2 7 0 2 7 0 2 7 16 15 2 13 6 3 6 2 7 12 16 2 0 2 7 0 2 7 0 2 7 5 31 3 1 2 7 0 2 7 1 2 7 5 30 3 0 2 7 0 2 7 5 31 3 6 2 7 1 2 7 0 2 7 13 6 3 1 2 4 1 2 7 17 18 2 0 2 7 0 2 7 17 9 2 1 2 7 1 2 7 1 2 7 0 2 4 0 2 7 1 2 7 1 2 7 8 18 2 0 2 4 0 2 4 5 30 3 0 2 7 0 2 7 0 2 7 12 16 2 1 2 7 0 2 7 12 16 2 1 2 4 0 2 7 5 31 3 0 2 7 17 18 2 0 60.5665565729141235
8 18 2 5 30 3 16 15 2 16 15 2 6 3 2 16 15 2 8 18 2 5 30 3 5 30 3 6 2 8 16 15 2 5 30 3 8 9 2 8 18 2 5 30 3 0 2 8 0 2 8 0 2 8 6 2 8 6 2 12 8 9 2 6 2 8 6 2 8 6 2 12 16 20 12 0 2 8 0 2 8 6 2 8 16 20 12 0 2 12 5 30 3 8 9 2 0 2 8 8 9 2 0 2 12 6 2 8 16 20 12 6 2 12 8 18 2 8 18 2 6 2 8 6 2 8 6 2 8 8 18 2 5 30 3 8 18 2 6 2 12 8 9 2 8 9 2 8 18 2 8 9 2 6 2 8 5 30 3 8 9 2 8 18 2 12 16 2 8 18 2 6 2 12 5 30 3 6 3 2 0.0874339467986067348 64.8063948154449463
0 2 7 1 2 7 1 2 7 17 9 2 1 2 7 0 2 4 17 18 2 1 2 10 17 18 2 0 2 7 0 2 4 0 2 7 16 6 2 13 6 3 1 2 4 5 30 3 1 2 7 0 2 7 0 2 7 5 30 3 1 2 7 0 2 7 1 2 7 5 30 3 0 2 7 1 2 7 5 30 3 0 2 7 5 30 3 0 2 7 13 6 3 0 2 4 1 2 3 17 18 2 0 2 11 0 2 7 17 9 2 1 2 7 0 2 11 0 2 7 0 2 7 0 2 7 0 2 4 1 2 7 8 18 2 0 2 7 1 2 7 0 2 11 0 2 7 0 2 7 0 2 7 12 16 2 5 30 3 0 2 7 1 2 7 0 2 7 0 2 7 5 31 3 1 2 7 17 18 2 0 60.9502665996551514
0 2 7 1 2 7 1 2 4 17 1 2 0 2 7 0 2 7 17 18 2 1 2 7 17 18 2 0 2 7 0 2 7 0 2 7 17 9 2 13 6 3 1 2 7 5 30 3 1 2 7 0 2 7 0 2 7 5 30 3 1 2 7 0 2 7 0 2 7 5 30 3 0 2 7 1 2 7 5 30 3 0 2 4 5 30 3 0 2 7 13 6 3 0 2 7 1 2 4 17 18 2 1 2 7 0 2 7 17 9 2 1 2 7 0 2 7 0 2 7 0 2 7 0 2 7 0 2 7 1 2 4 8 18 2 0 2 7 0 2 7 5 30 3 0 2 7 0 2 7 0 2 7 12 16 2 1 2 4 0 2 7 12 16 2 1 2 7 0 2 7 5 31 3 1 2 7 17 18 2 0 60.7773113250732422
1 2 7 0 2 7 0 2 4 17 1 2 0 2 7 0 2 7 17 18 2 1 2 7 17 18 2 0 2 7 0 2 7 0 2 7 16 6 2 13 6 3 1 2 7 12 16 2 1 2 7 0 2 7 0 2 7 5 31 3 1 2 7 0 2 7 0 2 7 5 30 3 0 2 7 1 2 7 5 30 3 6 2 7 5 30 3 0 2 7 13 6 3 1 2 7 0 2 7 17 18 2 0 2 7 0 2 7 17 9 2 1 2 7 0 2 7 1 2 7 0 2 7 0 2 7 1 2 7 1 2 7 8 18 2 0 2 7 0 2 7 5 30 3 0 2 7 0 2 7 0 2 7 12 16 2 1 2 7 0 2 7 12 16 2 1 2 7 0 2 7 5 31 3 1 2 7 17 18 2 0 60.6166953444480896

Current Evaluation = 4500(4500)
Front Size = 10
1 2 7 0 2 7 0 2 4 13 6 3 0 2 7 0 2 7 17 18 2 1 2 7 17 18 2 0 2 7 0 2 7 0 2 7 16 30 2 13 6 3 1 2 7 12 16 2 1 2 7 0 2 7 0 2 7 5 31 3 1 2 7 0 2 7 0 2 4 5 30 3 0 2 7 1 2 7 5 30 3 1 2 7 5 30 3 0 2 7 13 6 3 1 2 7 0 2 7 17 18 2 0 2 7 0 2 7 17 9 2 1 2 7 0 2 7 1 2 7 0 2 7 1 2 7 1 2 4 1 2 7 17 18 2 0 2 7 0 2 7 5 30 3 0 2 7 0 2 7 0 2 7 12 16 2 1 2 7 0 2 7 12 16 2 1 2 4 0 2 7 5 31 3 1 2 4 17 18 2 0 60.1813254356384277
1 2 4 0 2 3 0 2 3 8 18 2 16 19 11 0 2 7 17 18 2 0 2 3 0 2 7 0 2 3 0 2 7 0 2 7 16 6 2 17 9 2 1 2 3 12 16 2 0 2 4 0 2 7 1 2 3 5 30 3 0 2 7 0 2 3 0 2 7 5 30 3 0 2 7 1 2 4 5 30 3 0 2 7 5 30 3 0 2 7 16 31 2 0 2 7 0 2 7 12 16 2 1 2 7 1 2 7 1 2 7 0 2 7 0 2 7 0 2 7 0 2 4 1 2 3 0 2 4 0 2 7 8 9 2 1 2 7 1 2 7 16 30 2 0 2 7 1 2 7 5 30 3 12 16 2 0 2 7 1 2 7 12 16 2 0 2 4 1 2 3 5 31 3 0 2 7 16 19 11 0 62.495017409324646
1 2 7 0 2 7 0 2 7 13 6 3 0 2 7 0 2 7 17 18 2 1 2 7 17 18 2 1 2 7 0 2 7 0 2 7 16 15 2 13 6 3 1 2 7 12 16 2 1 2 7 0 2 7 0 2 7 5 30 3 1 2 4 0 2 7 0 2 7 5 30 3 0 2 7 1 2 7 5 31 3 0 2 7 1 2 7 0 2 7 13 6 3 0 2 7 0 2 7 17 18 2 0 2 7 0 2 7 17 9 2 1 2 7 0 2 7 1 2 7 0 2 7 0 2 7 1 2 7 1 2 7 17 18 2 0 2 7 0 2 7 5 30 3 0 2 7 0 2 7 1 2 7 12 16 2 1 2 7 0 2 7 12 16 2 6 2 4 0 2 11 5 31 3 1 2 7 17 18 2 0 60.3046924471855164
0 2 8 5 30 3 16 19 11 12 16 2 0 2 8 0 2 3 0 2 8 5 30 3 5 31 3 0 2 8 0 2 8 16 19 11 0 2 7 0 2 8 0 2 7 16 19 11 5 30 3 16 19 11 0 2 8 0 2 8 0 2 8 0 2 8 16 19 11 0 2 8 0 2 8 0 2 8 5 30 3 0 2 8 5 30 3 5 30 3 0 2 8 0 2 8 0 2 8 0 2 8 12 16 2 0 2 8 16 19 11 0 2 8 5 30 3 0 2 3 16 19 11 8 9 2 0 2 8 0 2 11 0 2 8 5 30 3 0 2 8 0 2 7 0 2 3 5 30 3 0 2 8 0 2 8 12 16 2 0 2 8 0 2 8 0 2 8 8 9 2 0 2 8 0 2 3 0 2 8 1.78409040954124864e-07 69.7647119760513306
0 2 7 1 2 7 1 2 7 17 9 2 1 2 7 0 2 4 17 18 2 1 2 10 17 18 2 0 2 7 0 2 4 0 2 7 16 6 2 13 6 3 1 2 4 5 30 3 1 2 7 0 2 7 0 2 7 5 30 3 1 2 7 0 2 7 1 2 7 5 30 3 0 2 7 1 2 7 5 30 3 0 2 7 5 30 3 0 2 7 13 6 3 0 2 4 1 2 3 17 18 2 0 2 11 0 2 7 17 9 2 1 2 7 0 2 11 0 2 7 0 2 7 0 2 7 0 2 4 1 2 7 8 18 2 0 2 7 1 2 7 0 2 11 0 2 7 0 2 7 0 2 7 12 16 2 5 30 3 0 2 7 1 2 7 0 2 7 0 2 7 5 31 3 1 2 7 17 18 2 0 60.9502665996551514
8 18 2 5 30 3 16 15 2 16 15 2 6 3 2 16 15 2 8 18 2 5 30 3 5 30 3 6 2 8 16 15 2 5 30 3 8 9 2 8 18 2 5 30 3 0 2 8 0 2 8 0 2 8 6 2 8 6 2 12 8 9 2 6 2 8 6 2 8 6 2 12 16 20 12 0 2 8 0 2 8 6 2 8 16 20 12 0 2 12 5 30 3 8 9 2 0 2 8 8 9 2 0 2 12 6 2 8 16 20 12 6 2 12 8 18 2 8 18 2 6 2 8 6 2 8 6 2 8 8 18 2 5 30 3 8 18 2 6 2 12 8 9 2 8 9 2 8 18 2 8 9 2 6 2 8 5 30 3 8 9 2 8 18 2 12 16 2 8 18 2 6 2 12 5 30 3 6 3 2 0.0874339467986067348 64.8063948154449463
1 2 7 0 2 7 0 2 4 17 9 2 0 2 7 0 2 7 17 18 2 1 2 7 17 18 2 1 2 7 0 2 7 0 2 7 16 15 2 13 6 3 1 2 7 12 16 2 0 2 4 0 2 4 0 2 7 5 30 3 1 2 4 0 2 7 1 2 7 5 30 3 0 2 7 1 2 7 5 31 3 0 2 7 1 2 7 0 2 7 13 6 3 1 2 7 0 2 7 17 18 2 0 2 4 0 2 7 17 9 2 1 2 7 0 2 7 1 2 7 0 2 4 0 2 7 1 2 7 1 2 7 8 18 2 0 2 7 0 2 7 5 30 3 0 2 4 0 2 7 6 2 7 12 16 2 1 2 7 0 2 7 12 16 2 6 2 7 0 2 3 5 31 3 1 2 7 17 18 2 0 60.5262775421142578
0 2 7 0 2 11 16 19 11 0 2 11 5 30 3 0 2 7 0 2 3 0 2 3 5 30 3 0 2 3 0 2 3 0 2 3 0 2 7 0 2 3 1 2 3 16 19 11 0 2 7 5 30 3 0 2 7 5 30 3 0 2 3 0 2 3 16 19 11 0 2 3 0 2 3 0 2 11 0 2 7 0 2 7 5 30 3 0 2 3 12 16 2 0 2 3 0 2 3 0 2 3 12 16 2 0 2 3 16 19 11 0 2 11 0 2 12 5 30 3 16 19 11 1 2 7 0 2 7 1 2 3 0 2 7 5 30 3 0 2 3 0 2 3 0 2 7 1 2 3 0 2 3 5 30 3 16 9 11 0 2 7 1 2 7 0 2 3 0 2 7 5 30 3 0 2 11 16 19 12 0 66.470891535282135
1 2 7 0 2 7 0 2 4 17 9 2 0 2 7 0 2 7 17 18 2 1 2 7 17 18 2 1 2 7 0 2 7 0 2 7 16 15 2 13 6 3 1 2 7 12 16 2 0 2 4 0 2 4 0 2 7 5 30 3 1 2 4 0 2 7 1 2 7 5 30 3 0 2 7 1 2 7 5 31 3 0 2 7 1 2 7 0 2 7 13 6 3 1 2 7 0 2 7 17 18 2 0 2 4 0 2 7 17 9 2 1 2 7 0 2 7 1 2 7 0 2 4 0 2 7 1 2 7 1 2 7 8 18 2 0 2 7 0 2 7 5 30 3 0 2 4 0 2 7 6 2 7 12 16 2 1 2 7 0 2 7 12 16 2 6 2 7 0 2 3 5 31 3 1 2 7 17 18 2 0 60.5262775421142578
1 2 7 0 2 7 0 2 4 13 6 3 0 2 7 0 2 7 17 18 2 1 2 7 17 18 2 0 2 7 0 2 7 0 2 7 16 30 2 13 6 3 1 2 7 12 16 2 1 2 7 0 2 7 0 2 7 5 31 3 1 2 7 0 2 7 0 2 4 5 30 3 0 2 7 1 2 7 5 30 3 1 2 7 5 30 3 0 2 7 13 6 3 1 2 7 0 2 7 17 18 2 0 2 7 0 2 7 17 9 2 1 2 7 0 2 7 1 2 7 0 2 7 1 2 7 1 2 4 1 2 7 17 18 2 0 2 7 0 2 7 5 30 3 0 2 7 0 2 7 0 2 7 12 16 2 1 2 7 0 2 7 12 16 2 1 2 4 0 2 7 5 31 3 1 2 4 17 18 2 0 60.1813254356384277

Current Evaluation = 5400(5400)
Front Size = 10
1 2 7 0 2 7 0 2 7 13 6 3 0 2 7 0 2 7 17 18 2 0 2 7 17 18 2 1 2 7 0 2 7 1 2 7 16 6 2 13 6 3 1 2 7 12 16 2 1 2 7 0 2 7 0 2 7 5 31 3 1 2 7 0 2 7 0 2 7 5 31 3 0 2 7 0 2 7 5 31 3 0 2 7 0 2 7 0 2 7 13 6 3 1 2 7 0 2 7 17 18 2 0 2 7 0 2 4 17 9 2 1 2 7 0 2 7 1 2 7 0 2 7 1 2 7 1 2 7 1 2 7 17 18 2 0 2 7 0 2 7 1 2 7 1 2 11 0 2 7 1 2 7 12 16 2 1 2 7 1 2 7 12 16 2 1 2 7 0 2 7 5 30 3 0 2 7 17 18 2 0 59.974191427230835
8 18 2 5 30 3 16 15 2 16 15 2 6 3 2 16 15 2 8 18 2 5 30 3 5 30 3 6 2 8 16 15 2 5 30 3 8 9 2 8 18 2 5 30 3 0 2 8 0 2 8 0 2 8 6 2 8 6 2 12 8 9 2 6 2 8 6 2 8 6 2 12 16 20 12 0 2 8 0 2 8 6 2 8 16 20 12 0 2 12 5 30 3 8 9 2 0 2 8 8 9 2 0 2 12 6 2 8 16 20 12 6 2 12 8 18 2 8 18 2 6 2 8 6 2 8 6 2 8 8 18 2 5 30 3 8 18 2 6 2 12 8 9 2 8 9 2 8 18 2 8 9 2 6 2 8 5 30 3 8 9 2 8 18 2 12 16 2 8 18 2 6 2 12 5 30 3 6 3 2 0.0874339467986067348 64.8063948154449463
1 2 7 0 2 7 8 18 2 16 19 11 0 2 7 0 2 3 0 2 3 0 2 3 0 2 7 0 2 7 1 2 7 0 2 7 16 19 11 5 30 3 0 2 3 16 18 11 0 2 7 1 2 3 0 2 3 5 30 3 1 2 7 12 16 2 0 2 7 0 2 7 0 2 7 0 2 7 17 9 2 1 2 7 0 2 7 0 2 3 5 30 3 16 9 11 1 2 7 1 2 7 0 2 7 1 2 3 1 2 7 0 2 3 1 2 7 0 2 7 0 2 7 0 2 3 0 2 7 0 2 7 0 2 3 0 2 3 0 2 7 5 31 3 16 19 11 0 2 3 1 2 7 5 30 3 0 2 3 5 30 3 12 16 2 1 2 7 0 2 3 5 30 3 12 16 2 16 18 11 0 64.2213463187217712
1 2 7 0 2 7 0 2 4 17 9 2 0 2 7 0 2 7 17 18 2 1 2 7 17 18 2 1 2 7 0 2 7 0 2 7 16 15 2 13 6 3 1 2 7 12 16 2 0 2 4 0 2 4 0 2 7 5 30 3 1 2 4 0 2 7 1 2 7 5 30 3 0 2 7 1 2 7 5 31 3 0 2 7 1 2 7 0 2 7 13 6 3 1 2 7 0 2 7 17 18 2 0 2 4 0 2 7 17 9 2 1 2 7 0 2 7 1 2 7 0 2 4 0 2 7 1 2 7 1 2 7 8 18 2 0 2 7 0 2 7 5 30 3 0 2 4 0 2 7 6 2 7 12 16 2 1 2 7 0 2 7 12 16 2 6 2 7 0 2 3 5 31 3 1 2 7 17 18 2 0 60.5262775421142578
1 2 7 0 2 7 0 2 4 17 9 2 0 2 7 0 2 7 17 18 2 1 2 7 17 18 2 1 2 7 0 2 7 0 2 7 16 15 2 13 6 3 1 2 7 12 16 2 0 2 4 0 2 4 0 2 7 5 30 3 1 2 4 0 2 7 1 2 7 5 30 3 0 2 7 1 2 7 5 31 3 0 2 7 1 2 7 0 2 7 13 6 3 1 2 7 0 2 7 17 18 2 0 2 4 0 2 7 17 9 2 1 2 7 0 2 7 1 2 7 0 2 4 0 2 7 1 2 7 1 2 7 8 18 2 0 2 7 0 2 7 5 30 3 0 2 4 0 2 7 6 2 7 12 16 2 1 2 7 0 2 7 12 16 2 6 2 7 0 2 3 5 31 3 1 2 7 17 18 2 0 60.5262775421142578
1 2 7 1 2 7 0 2 7 13 6 3 0 2 7 0 2 7 17 18 2 1 2 7 17 18 2 0 2 4 0 2 7 0 2 7 16 6 2 13 6 3 1 2 7 12 16 2 1 2 7 0 2 7 0 2 7 5 30 3 1 2 7 0 2 3 1 2 7 5 31 3 0 2 11 1 2 7 5 30 3 0 2 7 0 2 7 0 2 7 13 6 3 1 2 7 1 2 7 17 18 2 0 2 7 0 2 7 17 9 2 1 2 11 0 2 7 1 2 7 0 2 7 1 2 7 0 2 7 1 2 7 17 18 2 0 2 7 0 2 3 1 2 7 0 2 7 0 2 7 1 2 7 12 16 2 1 2 7 0 2 7 12 16 2 1 2 7 0 2 4 5 31 3 0 2 7 17 18 2 0 60.1535124778747559
1 2 3 1 2 7 16 19 12 16 18 8 0 2 3 16 6 2 8 18 2 0 2 3 5 30 3 0 2 7 16 19 12 0 2 7 0 2 3 5 30 3 8 9 2 0 2 11 0 2 3 0 2 3 0 2 3 1 2 7 0 2 3 0 2 7 0 2 3 0 2 3 0 2 3 0 2 8 0 2 8 0 2 11 8 18 2 0 2 3 0 2 7 5 30 3 1 2 7 5 30 3 0 2 7 0 2 11 0 2 3 1 2 7 12 16 2 0 2 3 1 2 3 0 2 3 1 2 7 0 2 7 0 2 3 0 2 7 0 2 3 5 30 3 16 19 12 12 16 2 0 2 3 16 6 2 5 30 3 5 30 3 12 16 2 0 2 7 5 30 3 0 2 3 12 16 2 16 19 11 0 65.7403997182846069
0 2 7 0 2 7 1 2 7 16 20 12 0 2 4 1 2 7 5 31 3 0 2 4 16 18 11 0 2 7 0 2 3 0 2 7 5 30 3 5 30 3 15 2 11 0 2 7 0 2 7 0 2 7 0 2 3 5 30 3 1 2 3 17 9 2 0 2 11 0 2 7 0 2 7 0 2 7 0 2 3 1 2 7 0 2 3 0 2 4 1 2 7 17 18 2 1 2 11 17 9 2 0 2 3 1 2 7 0 2 7 13 6 3 0 2 7 1 2 11 1 2 7 1 2 7 0 2 7 1 2 7 0 2 7 0 2 3 0 2 7 5 31 3 1 2 3 17 18 2 1 2 7 12 16 2 0 2 3 0 2 7 12 16 2 1 2 7 0 2 7 5 30 3 1 2 7 16 6 2 0 62.1395445466041565
1 2 3 1 2 7 0 2 7 13 6 3 0 2 7 0 2 7 17 18 2 1 2 3 17 18 2 0 2 4 0 2 7 0 2 7 16 6 2 13 6 3 1 2 7 12 16 2 1 2 7 0 2 7 0 2 7 5 30 3 1 2 7 0 2 3 1 2 7 5 31 3 0 2 7 1 2 7 5 30 3 0 2 7 0 2 7 0 2 7 13 6 3 1 2 4 1 2 7 17 18 2 0 2 7 0 2 7 17 9 2 1 2 7 0 2 7 1 2 7 0 2 7 1 2 7 0 2 7 1 2 7 17 18 2 0 2 7 1 2 7 1 2 11 0 2 4 0 2 7 0 2 7 12 16 2 1 2 7 0 2 7 12 16 2 1 2 7 0 2 7 5 31 3 0 2 7 17 18 2 0 60.1339124441146851
1 2 7 1 2 7 0 2 7 13 6 3 0 2 7 0 2 7 17 18 2 1 2 4 17 18 2 0 2 7 0 2 7 0 2 7 16 6 2 13 6 3 1 2 7 12 16 2 1 2 4 0 2 7 0 2 7 5 30 3 1 2 3 0 2 7 1 2 7 5 31 3 0 2 7 1 2 7 5 30 3 0 2 7 0 2 7 0 2 7 13 6 3 1 2 7 1 2 7 17 18 2 0 2 7 0 2 7 17 9 2 1 2 11 0 2 7 1 2 3 0 2 7 1 2 7 0 2 7 1 2 7 17 18 2 0 2 7 0 2 7 1 2 7 0 2 7 0 2 7 1 2 7 12 16 2 1 2 4 0 2 7 12 16 2 1 2 7 0 2 3 5 31 3 0 2 7 17 18 2 0 60.1339124441146851

Current Evaluation = 6300(6300)
Front Size = 10
1 2 4 1 2 7 0 2 7 13 6 3 0 2 7 1 2 7 17 18 2 0 2 7 17 18 2 0 2 4 0 2 7 0 2 7 16 6 2 13 6 3 1 2 7 12 16 2 1 2 7 0 2 7 0 2 7 5 30 3 0 2 7 0 2 7 0 2 7 5 31 3 0 2 7 12 16 2 5 31 3 0 2 7 0 2 7 0 2 7 13 6 3 1 2 7 1 2 4 17 18 2 0 2 7 0 2 7 17 9 2 6 2 7 0 2 7 1 2 7 0 2 4 1 2 7 0 2 7 1 2 7 17 18 2 0 2 7 1 2 7 1 2 7 1 2 7 0 2 7 0 2 7 12 16 2 1 2 7 1 2 7 12 16 2 1 2 7 1 2 7 5 31 3 0 2 7 17 18 2 0 59.938682496547699
1 2 7 0 2 7 0 2 4 17 9 2 0 2 7 0 2 7 17 18 2 1 2 7 17 18 2 1 2 7 0 2 7 0 2 7 16 15 2 13 6 3 1 2 7 12 16 2 0 2 4 0 2 4 0 2 7 5 30 3 1 2 4 0 2 7 1 2 7 5 30 3 0 2 7 1 2 7 5 31 3 0 2 7 1 2 7 0 2 7 13 6 3 1 2 7 0 2 7 17 18 2 0 2 4 0 2 7 17 9 2 1 2 7 0 2 7 1 2 7 0 2 4 0 2 7 1 2 7 1 2 7 8 18 2 0 2 7 0 2 7 5 30 3 0 2 4 0 2 7 6 2 7 12 16 2 1 2 7 0 2 7 12 16 2 6 2 7 0 2 3 5 31 3 1 2 7 17 18 2 0 60.5262775421142578
0 2 7 0 2 7 1 2 7 16 20 12 0 2 4 1 2 7 5 31 3 0 2 4 16 18 11 0 2 7 0 2 3 0 2 7 5 30 3 5 30 3 15 2 11 0 2 7 0 2 7 0 2 7 0 2 3 5 30 3 1 2 3 17 9 2 0 2 11 0 2 7 0 2 7 0 2 7 0 2 3 1 2 7 0 2 3 0 2 4 1 2 7 17 18 2 1 2 11 17 9 2 0 2 3 1 2 7 0 2 7 13 6 3 0 2 7 1 2 11 1 2 7 1 2 7 0 2 7 1 2 7 0 2 7 0 2 3 0 2 7 5 31 3 1 2 3 17 18 2 1 2 7 12 16 2 0 2 3 0 2 7 12 16 2 1 2 7 0 2 7 5 30 3 1 2 7 16 6 2 0 62.1395445466041565
1 2 7 6 2 7 0 2 7 13 6 3 0 2 7 0 2 7 17 18 2 0 2 4 17 18 2 0 2 4 0 2 7 0 2 7 16 6 2 13 6 3 1 2 7 12 16 2 1 2 7 0 2 7 0 2 7 5 30 3 1 2 7 0 2 7 0 2 7 5 31 3 0 2 7 1 2 7 5 31 3 0 2 7 0 2 7 0 2 4 13 6 3 1 2 7 1 2 4 17 18 2 1 2 7 0 2 7 17 9 2 1 2 7 0 2 7 1 2 7 0 2 7 1 2 7 0 2 7 0 2 7 17 18 2 12 16 2 1 2 7 1 2 7 1 2 7 0 2 7 0 2 7 12 16 2 0 2 7 1 2 7 12 16 2 1 2 7 1 2 7 5 31 3 0 2 7 17 18 2 0 59.938682496547699
0 2 7 0 2 7 16 19 11 16 19 11 0 2 7 0 2 7 12 16 2 0 2 3 5 30 3 1 2 7 0 2 7 0 2 7 0 2 7 5 30 3 1 2 7 16 6 2 0 2 7 0 2 11 0 2 3 5 30 3 0 2 3 0 2 7 1 2 7 8 9 2 0 2 7 0 2 3 8 18 2 0 2 7 5 30 3 1 2 3 16 6 2 0 2 3 0 2 7 12 16 2 0 2 7 0 2 7 0 2 3 0 2 3 0 2 7 0 2 11 0 2 3 1 2 7 1 2 7 0 2 3 8 18 2 0 2 3 6 2 7 5 30 3 16 19 11 12 16 2 0 2 7 16 6 2 5 30 3 5 31 3 12 16 2 0 2 7 1 2 7 16 19 11 12 16 2 0 2 3 0 64.129557192325592
1 2 3 1 2 7 16 19 12 16 18 8 0 2 3 16 6 2 8 18 2 0 2 3 5 30 3 0 2 7 16 19 12 0 2 7 0 2 3 5 30 3 8 9 2 0 2 11 0 2 3 0 2 3 0 2 3 1 2 7 0 2 3 0 2 7 0 2 3 0 2 3 0 2 3 0 2 8 0 2 8 0 2 11 8 18 2 0 2 3 0 2 7 5 30 3 1 2 7 5 30 3 0 2 7 0 2 11 0 2 3 1 2 7 12 16 2 0 2 3 1 2 3 0 2 3 1 2 7 0 2 7 0 2 3 0 2 7 0 2 3 5 30 3 16 19 12 12 16 2 0 2 3 16 6 2 5 30 3 5 30 3 12 16 2 0 2 7 5 30 3 0 2 3 12 16 2 16 19 11 0 65.7403997182846069
1 2 7 1 2 7 0 2 7 13 6 3 0 2 7 0 2 7 17 18 2 0 2 7 17 18 2 0 2 7 0 2 7 0 2 7 16 6 2 13 6 3 1 2 11 12 16 2 1 2 7 0 2 7 0 2 7 5 30 3 1 2 7 0 2 7 0 2 7 5 31 3 0 2 7 1 2 7 5 31 3 0 2 7 0 2 7 0 2 7 13 6 3 1 2 7 1 2 4 17 18 2 0 2 7 0 2 7 17 9 2 1 2 7 0 2 7 1 2 7 0 2 7 1 2 7 0 2 7 1 2 7 17 18 2 0 2 7 1 2 7 1 2 7 1 2 7 0 2 7 0 2 7 12 16 2 0 2 7 1 2 7 12 16 2 1 2 7 1 2 7 5 31 3 0 2 7 17 18 2 0 59.974191427230835
8 18 2 5 30 3 16 15 2 16 15 2 6 3 2 16 15 2 8 18 2 5 30 3 5 30 3 6 2 8 16 15 2 5 30 3 8 9 2 8 18 2 5 30 3 0 2 8 0 2 8 0 2 8 6 2 8 6 2 12 8 9 2 6 2 8 6 2 8 6 2 12 16 20 12 0 2 8 0 2 8 6 2 8 16 20 12 0 2 12 5 30 3 8 9 2 0 2 8 8 9 2 0 2 12 6 2 8 16 20 12 6 2 12 8 18 2 8 18 2 6 2 8 6 2 8 6 2 8 8 18 2 5 30 3 8 18 2 6 2 12 8 9 2 8 9 2 8 18 2 8 9 2 6 2 8 5 30 3 8 9 2 8 18 2 12 16 2 8 18 2 6 2 12 5 30 3 6 3 2 0.0874339467986067348 64.8063948154449463
1 2 7 1 2 7 0 2 7 13 6 3 0 2 7 0 2 7 17 18 2 0 2 7 17 18 2 0 2 7 0 2 7 0 2 7 16 6 2 13 6 3 1 2 11 12 16 2 1 2 7 0 2 7 0 2 7 5 30 3 1 2 7 0 2 7 0 2 7 5 31 3 0 2 7 1 2 7 5 31 3 0 2 7 0 2 7 0 2 7 13 6 3 1 2 7 1 2 4 17 18 2 0 2 7 0 2 7 17 9 2 1 2 7 0 2 7 1 2 7 0 2 7 1 2 7 0 2 7 1 2 7 17 18 2 0 2 7 1 2 7 1 2 7 1 2 7 0 2 7 0 2 7 12 16 2 0 2 7 1 2 7 12 16 2 1 2 7 1 2 7 5 31 3 0 2 7 17 18 2 0 59.974191427230835
1 2 7 0 2 7 0 2 7 13 6 3 0 2 7 0 2 7 17 18 2 0 2 4 17 18 2 1 2 7 0 2 7 0 2 7 16 6 2 13 6 3 1 2 7 12 16 2 1 2 7 0 2 7 0 2 7 5 30 3 1 2 7 0 2 7 0 2 7 5 31 3 0 2 7 1 2 7 5 31 3 0 2 7 0 2 7 0 2 7 13 6 3 1 2 7 1 2 4 17 18 2 6 2 7 0 2 7 17 9 2 1 2 7 0 2 7 1 2 7 0 2 7 1 2 7 0 2 7 1 2 7 17 18 2 12 16 2 1 2 7 0 2 4 1 2 7 0 2 7 0 2 7 12 16 2 0 2 7 1 2 7 12 16 2 1 2 7 1 2 7 5 31 3 0 2 4 17 18 2 0 59.938682496547699

Current Evaluation = 7200(7200)
Front Size = 10
1 2 7 1 2 7 0 2 7 13 6 3 1 2 7 0 2 7 17 18 2 0 2 7 17 18 2 0 2 7 0 2 7 0 2 7 16 6 2 13 6 3 1 2 7 12 16 2 1 2 7 1 2 7 0 2 7 0 2 7 1 2 7 0 2 7 0 2 7 5 31 3 0 2 7 12 16 2 5 31 3 0 2 7 0 2 7 0 2 7 13 6 3 1 2 7 1 2 7 17 18 2 1 2 7 0 2 7 17 9 2 1 2 7 0 2 7 0 2 7 0 2 7 0 2 7 1 2 4 1 2 7 17 18 2 0 2 4 1 2 4 1 2 7 1 2 7 0 2 7 0 2 7 12 16 2 0 2 7 1 2 7 12 16 2 1 2 7 1 2 7 5 31 3 0 2 7 17 18 2 0 59.7211945056915283
0 2 7 0 2 7 16 19 11 16 19 11 0 2 7 0 2 7 12 16 2 0 2 3 5 30 3 1 2 7 0 2 7 0 2 7 0 2 7 5 30 3 1 2 7 16 6 2 0 2 7 0 2 11 0 2 3 5 30 3 0 2 3 0 2 7 1 2 7 8 9 2 0 2 7 0 2 3 8 18 2 0 2 7 5 30 3 1 2 3 16 6 2 0 2 3 0 2 7 12 16 2 0 2 7 0 2 7 0 2 3 0 2 3 0 2 7 0 2 11 0 2 3 1 2 7 1 2 7 0 2 3 8 18 2 0 2 3 6 2 7 5 30 3 16 19 11 12 16 2 0 2 7 16 6 2 5 30 3 5 31 3 12 16 2 0 2 7 1 2 7 16 19 11 12 16 2 0 2 3 0 64.129557192325592
8 18 2 5 30 3 16 15 2 16 15 2 6 3 2 16 15 2 8 18 2 5 30 3 5 30 3 6 2 8 16 15 2 5 30 3 8 9 2 8 18 2 5 30 3 0 2 8 0 2 8 0 2 8 6 2 8 6 2 12 8 9 2 6 2 8 6 2 8 6 2 12 16 20 12 0 2 8 0 2 8 6 2 8 16 20 12 0 2 12 5 30 3 8 9 2 0 2 8 8 9 2 0 2 12 6 2 8 16 20 12 6 2 12 8 18 2 8 18 2 6 2 8 6 2 8 6 2 8 8 18 2 5 30 3 8 18 2 6 2 12 8 9 2 8 9 2 8 18 2 8 9 2 6 2 8 5 30 3 8 9 2 8 18 2 12 16 2 8 18 2 6 2 12 5 30 3 6 3 2 0.0874339467986067348 64.8063948154449463
1 2 7 1 2 7 0 2 7 13 6 3 0 2 7 0 2 7 17 18 2 0 2 7 17 18 2 0 2 7 0 2 7 0 2 7 16 6 2 13 6 3 1 2 11 12 16 2 1 2 7 0 2 7 0 2 7 5 30 3 1 2 7 0 2 7 0 2 7 5 31 3 0 2 7 1 2 7 5 31 3 0 2 7 0 2 7 0 2 7 13 6 3 1 2 7 1 2 4 17 18 2 0 2 7 0 2 7 17 9 2 1 2 7 0 2 7 1 2 7 0 2 7 1 2 7 0 2 7 1 2 7 17 18 2 0 2 7 1 2 7 1 2 7 1 2 7 0 2 7 0 2 7 12 16 2 0 2 7 1 2 7 12 16 2 1 2 7 1 2 7 5 31 3 0 2 7 17 18 2 0 59.974191427230835
0 2 7 0 2 7 1 2 7 16 20 12 0 2 4 1 2 7 5 31 3 0 2 4 16 18 11 0 2 7 0 2 3 0 2 7 5 30 3 5 30 3 15 2 11 0 2 7 0 2 7 0 2 7 0 2 3 5 30 3 1 2 3 17 9 2 0 2 11 0 2 7 0 2 7 0 2 7 0 2 3 1 2 7 0 2 3 0 2 4 1 2 7 17 18 2 1 2 11 17 9 2 0 2 3 1 2 7 0 2 7 13 6 3 0 2 7 1 2 11 1 2 7 1 2 7 0 2 7 1 2 7 0 2 7 0 2 3 0 2 7 5 31 3 1 2 3 17 18 2 1 2 7 12 16 2 0 2 3 0 2 7 12 16 2 1 2 7 0 2 7 5 30 3 1 2 7 16 6 2 0 62.1395445466041565
1 2 7 1 2 7 0 2 7 13 6 3 1 2 7 0 2 7 17 18 2 0 2 7 17 18 2 0 2 7 0 2 7 0 2 7 16 6 2 13 6 3 1 2 7 12 16 2 1 2 7 1 2 7 0 2 7 0 2 7 1 2 7 0 2 7 0 2 7 5 31 3 0 2 7 12 16 2 5 31 3 0 2 7 0 2 7 0 2 7 13 6 3 1 2 7 1 2 7 17 18 2 1 2 7 0 2 7 17 9 2 1 2 7 0 2 7 0 2 7 0 2 7 0 2 7 1 2 4 1 2 7 17 18 2 0 2 4 1 2 4 1 2 7 1 2 7 0 2 7 0 2 7 12 16 2 0 2 7 1 2 7 12 16 2 1 2 7 1 2 7 5 31 3 0 2 7 17 18 2 0 59.7211945056915283
1 2 7 1 2 7 0 2 7 13 6 3 0 2 7 0 2 7 17 18 2 0 2 7 17 18 2 0 2 7 0 2 7 0 2 7 16 6 2 13 6 3 1 2 4 12 16 2 6 2 7 0 2 4 0 2 7 5 30 3 1 2 7 0 2 4 0 2 7 5 31 3 0 2 7 12 16 2 5 31 3 0 2 7 0 2 7 0 2 7 13 6 3 1 2 7 1 2 4 17 18 2 0 2 7 0 2 7 17 9 2 1 2 7 0 2 7 1 2 7 0 2 7 1 2 7 1 2 7 1 2 7 17 18 2 0 2 7 1 2 7 1 2 7 1 2 7 0 2 7 0 2 7 12 16 2 0 2 7 1 2 7 12 16 2 1 2 7 1 2 7 5 31 3 0 2 7 17 18 2 0 59.938682496547699
0 2 7 1 2 7 0 2 4 0 2 7 0 2 7 1 2 7 17 18 2 1 2 4 17 18 2 0 2 4 0 2 7 0 2 7 16 6 2 13 6 3 0 2 7 12 16 2 1 2 7 0 2 7 0 2 7 5 31 3 1 2 7 0 2 7 1 2 7 5 30 3 1 2 4 12 16 2 5 31 3 0 2 7 0 2 7 0 2 7 13 6 3 1 2 7 1 2 7 17 18 2 1 2 7 0 2 4 17 9 2 1 2 7 0 2 4 1 2 7 0 2 4 12 16 2 1 2 7 0 2 7 8 18 2 0 2 4 0 2 7 1 2 7 0 2 7 0 2 7 0 2 7 12 16 2 1 2 7 16 6 2 12 16 2 0 2 7 0 2 7 5 31 3 1 2 7 17 18 2 0 60.3829444646835327
0 2 7 0 2 7 16 19 11 8 9 2 1 2 7 1 2 3 8 18 2 0 2 3 17 18 2 0 2 7 0 2 7 0 2 7 0 2 7 5 30 3 0 2 7 12 16 2 5 30 3 1 2 7 0 2 7 0 2 3 0 2 3 0 2 3 0 2 7 0 2 7 1 2 7 0 2 7 5 30 3 0 2 3 5 30 3 0 2 3 16 19 11 1 2 7 12 16 2 8 18 2 1 2 3 0 2 3 5 30 3 0 2 7 12 16 2 1 2 7 0 2 7 0 2 7 0 2 11 1 2 7 0 2 3 1 2 7 0 2 3 5 30 3 16 18 11 0 2 7 1 2 7 16 32 2 5 30 3 16 19 11 12 16 2 0 2 3 16 18 8 0 2 7 12 16 2 0 2 3 0 64.4023612141609192
1 2 7 1 2 7 0 2 7 13 6 3 1 2 7 0 2 7 17 18 2 0 2 7 17 18 2 0 2 7 0 2 7 0 2 7 16 6 2 13 6 3 1 2 7 12 16 2 1 2 7 1 2 7 0 2 7 0 2 7 1 2 7 0 2 7 0 2 7 5 31 3 0 2 7 12 16 2 5 31 3 0 2 7 0 2 7 0 2 7 13 6 3 1 2 7 1 2 7 17 18 2 1 2 7 0 2 7 17 9 2 1 2 7 0 2 7 0 2 7 0 2 7 0 2 7 1 2 4 1 2 7 17 18 2 0 2 4 1 2 4 1 2 7 1 2 7 0 2 7 0 2 7 12 16 2 0 2 7 1 2 7 12 16 2 1 2 7 1 2 7 5 31 3 0 2 7 17 18 2 0 59.7211945056915283

Current Evaluation = 8100(8100)
Front Size = 10
1 2 7 1 2 7 0 2 7 13 6 3 1 2 7 0 2 7 17 18 2 0 2 7 17 18 2 0 2 4 0 2 4 0 2 7 16 6 2 13 6 3 1 2 7 12 16 2 1 2 7 0 2 7 0 2 7 0 2 7 1 2 7 0 2 7 1 2 7 5 31 3 0 2 4 12 16 2 5 31 3 0 2 7 0 2 7 0 2 7 13 6 3 1 2 7 1 2 7 17 18 2 1 2 7 0 2 7 17 9 2 1 2 7 0 2 7 0 2 7 0 2 7 1 2 7 1 2 7 1 2 7 17 18 2 0 2 7 0 2 7 1 2 7 1 2 7 0 2 7 0 2 7 12 16 2 0 2 7 1 2 7 12 16 2 1 2 7 1 2 7 5 31 3 0 2 7 17 18 2 0 59.7211945056915283
0 2 7 0 2 7 1 2 7 16 20 12 0 2 4 1 2 7 5 31 3 0 2 4 16 18 11 0 2 7 0 2 3 0 2 7 5 30 3 5 30 3 15 2 11 0 2 7 0 2 7 0 2 7 0 2 3 5 30 3 1 2 3 17 9 2 0 2 11 0 2 7 0 2 7 0 2 7 0 2 3 1 2 7 0 2 3 0 2 4 1 2 7 17 18 2 1 2 11 17 9 2 0 2 3 1 2 7 0 2 7 13 6 3 0 2 7 1 2 11 1 2 7 1 2 7 0 2 7 1 2 7 0 2 7 0 2 3 0 2 7 5 31 3 1 2 3 17 18 2 1 2 7 12 16 2 0 2 3 0 2 7 12 16 2 1 2 7 0 2 7 5 30 3 1 2 7 16 6 2 0 62.1395445466041565
1 2 7 1 2 7 0 2 7 13 6 3 1 2 7 0 2 7 17 18 2 0 2 7 17 18 2 0 2 4 0 2 4 0 2 7 16 6 2 13 6 3 1 2 7 12 16 2 1 2 7 0 2 4 1 2 7 0 2 7 1 2 7 0 2 7 0 2 7 5 31 3 0 2 7 12 16 2 5 31 3 0 2 7 0 2 7 0 2 7 13 6 3 1 2 7 1 2 7 17 18 2 1 2 7 0 2 7 17 9 2 1 2 7 0 2 7 0 2 7 0 2 7 1 2 7 1 2 7 1 2 7 17 18 2 0 2 7 0 2 7 1 2 7 1 2 7 0 2 7 0 2 7 12 16 2 0 2 7 1 2 7 12 16 2 1 2 7 1 2 7 5 31 3 0 2 7 17 18 2 0 59.7211945056915283
1 2 7 1 2 7 0 2 7 13 6 3 1 2 7 0 2 7 17 18 2 0 2 7 17 18 2 0 2 4 0 2 4 0 2 7 16 6 2 13 6 3 1 2 7 12 16 2 1 2 7 0 2 4 1 2 7 0 2 7 1 2 7 0 2 7 0 2 7 5 31 3 0 2 7 12 16 2 5 31 3 0 2 7 0 2 7 0 2 7 13 6 3 1 2 7 1 2 7 17 18 2 1 2 7 0 2 7 17 9 2 1 2 7 0 2 7 0 2 7 0 2 7 1 2 7 1 2 7 1 2 7 17 18 2 0 2 7 0 2 7 1 2 7 1 2 7 0 2 7 0 2 7 12 16 2 0 2 7 1 2 7 12 16 2 1 2 7 1 2 7 5 31 3 0 2 7 17 18 2 0 59.7211945056915283
0 2 7 0 2 7 16 6 2 8 9 2 1 2 7 6 2 3 17 9 2 0 2 3 5 30 3 1 2 3 1 2 3 0 2 3 16 6 2 8 9 2 0 2 3 12 16 2 1 2 7 0 2 7 0 2 7 0 2 3 0 2 7 0 2 3 0 2 3 1 2 7 0 2 7 16 19 11 5 30 3 0 2 7 0 2 7 0 2 7 5 30 3 0 2 7 1 2 3 12 16 2 5 30 3 1 2 7 5 31 3 5 30 3 0 2 3 0 2 7 0 2 7 0 2 7 0 2 3 0 2 3 13 6 3 0 2 7 0 2 3 5 30 3 0 2 11 0 2 4 0 2 3 12 16 2 5 30 3 16 6 2 12 16 2 0 2 7 16 6 2 16 19 12 1 2 7 0 2 7 0 63.352297306060791
1 2 11 0 2 3 1 2 7 0 2 7 0 2 7 0 2 7 0 2 7 0 2 7 5 30 3 0 2 3 0 2 7 0 2 11 16 6 2 0 2 7 0 2 3 12 16 2 1 2 7 1 2 3 1 2 7 0 2 7 0 2 7 1 2 3 0 2 7 5 30 3 0 2 7 1 2 7 5 30 3 0 2 7 1 2 7 5 31 3 16 18 11 0 2 7 1 2 4 17 18 2 8 9 2 0 2 7 5 30 3 0 2 7 0 2 7 5 31 3 0 2 7 8 18 2 0 2 4 0 2 3 16 6 2 1 2 3 0 2 7 16 19 11 0 2 7 1 2 7 0 2 7 12 16 2 0 2 7 0 2 7 12 16 2 1 2 3 1 2 7 16 19 11 0 2 7 17 18 2 0 62.8683903813362122
8 18 2 5 30 3 16 15 2 16 15 2 6 3 2 16 15 2 8 18 2 5 30 3 5 30 3 6 2 8 16 15 2 5 30 3 8 9 2 8 18 2 5 30 3 0 2 8 0 2 8 0 2 8 6 2 8 6 2 12 8 9 2 6 2 8 6 2 8 6 2 12 16 20 12 0 2 8 0 2 8 6 2 8 16 20 12 0 2 12 5 30 3 8 9 2 0 2 8 8 9 2 0 2 12 6 2 8 16 20 12 6 2 12 8 18 2 8 18 2 6 2 8 6 2 8 6 2 8 8 18 2 5 30 3 8 18 2 6 2 12 8 9 2 8 9 2 8 18 2 8 9 2 6 2 8 5 30 3 8 9 2 8 18 2 12 16 2 8 18 2 6 2 12 5 30 3 6 3 2 0.0874339467986067348 64.8063948154449463
0 2 7 1 2 7 0 2 4 0 2 7 0 2 7 1 2 7 17 18 2 1 2 4 17 18 2 0 2 4 0 2 7 0 2 7 16 6 2 13 6 3 0 2 7 12 16 2 1 2 7 0 2 7 0 2 7 5 31 3 1 2 7 0 2 7 1 2 7 5 30 3 1 2 4 12 16 2 5 31 3 0 2 7 0 2 7 0 2 7 13 6 3 1 2 7 1 2 7 17 18 2 1 2 7 0 2 4 17 9 2 1 2 7 0 2 4 1 2 7 0 2 4 12 16 2 1 2 7 0 2 7 8 18 2 0 2 4 0 2 7 1 2 7 0 2 7 0 2 7 0 2 7 12 16 2 1 2 7 16 6 2 12 16 2 0 2 7 0 2 7 5 31 3 1 2 7 17 18 2 0 60.3829444646835327
1 2 7 1 2 7 0 2 7 13 6 3 1 2 7 0 2 7 17 18 2 0 2 7 17 18 2 0 2 7 0 2 7 0 2 7 16 6 2 13 6 3 1 2 4 12 16 2 1 2 7 0 2 7 0 2 7 0 2 7 1 2 7 0 2 7 1 2 7 5 31 3 0 2 7 12 16 2 5 31 3 0 2 7 0 2 7 0 2 7 13 6 3 1 2 7 1 2 7 17 18 2 1 2 7 0 2 7 17 9 2 1 2 7 0 2 7 0 2 7 0 2 7 1 2 7 1 2 7 1 2 4 17 18 2 0 2 7 0 2 7 1 2 7 1 2 7 0 2 7 0 2 7 12 16 2 0 2 7 1 2 7 12 16 2 1 2 7 1 2 4 5 31 3 0 2 7 17 18 2 0 59.7211945056915283
1 2 7 1 2 7 0 2 7 13 6 3 1 2 7 0 2 7 17 18 2 0 2 7 17 18 2 0 2 7 0 2 4 0 2 7 16 6 2 13 6 3 1 2 7 12 16 2 1 2 7 0 2 7 0 2 7 0 2 7 1 2 7 0 2 7 1 2 7 5 31 3 0 2 7 12 16 2 5 31 3 0 2 7 0 2 7 0 2 7 13 6 3 1 2 7 1 2 7 17 18 2 1 2 7 0 2 7 17 9 2 1 2 7 0 2 7 0 2 7 0 2 7 1 2 7 1 2 7 1 2 7 17 18 2 0 2 7 0 2 7 1 2 4 1 2 7 0 2 4 0 2 7 12 16 2 0 2 7 1 2 7 12 16 2 1 2 7 1 2 7 5 31 3 0 2 7 17 18 2 0 59.7211945056915283

Current Evaluation = 9000(9000)
Front Size = 10
1 2 7 1 2 7 0 2 7 13 6 3 1 2 7 0 2 7 17 18 2 0 2 7 17 18 2 0 2 7 0 2 7 0 2 7 16 6 2 13 6 3 1 2 7 12 16 2 0 2 7 0 2 7 1 2 7 0 2 7 1 2 7 0 2 7 0 2 7 5 31 3 1 2 7 12 16 2 5 31 3 0 2 7 1 2 7 0 2 7 13 6 3 1 2 4 1 2 7 17 18 2 1 2 7 0 2 7 17 9 2 1 2 7 0 2 7 0 2 7 0 2 7 1 2 7 1 2 7 0 2 4 17 18 2 0 2 7 0 2 7 1 2 7 1 2 7 0 2 4 0 2 7 12 16 2 0 2 7 1 2 7 12 16 2 1 2 7 1 2 7 5 31 3 0 2 7 17 18 2 0 59.7211945056915283
0 2 7 0 2 7 16 6 2 1 2 7 0 2 3 0 2 7 8 9 2 0 2 3 5 30 3 0 2 7 0 2 7 0 2 7 16 6 2 16 15 2 0 2 7 12 16 2 0 2 7 0 2 7 0 2 7 5 31 3 1 2 7 0 2 7 0 2 7 17 9 2 0 2 7 16 19 11 5 31 3 6 2 7 0 2 7 0 2 7 12 16 2 5 31 3 0 2 7 5 30 3 6 2 4 0 2 7 5 30 3 0 2 3 1 2 3 1 2 7 0 2 7 1 2 7 0 2 7 1 2 7 8 18 2 0 2 7 0 2 7 8 9 2 0 2 7 0 2 7 0 2 7 12 16 2 5 30 3 16 6 2 12 16 2 1 2 11 16 30 2 12 16 2 1 2 7 0 2 7 0 62.4593082666397095
1 2 7 1 2 7 0 2 7 13 6 3 1 2 7 0 2 7 17 18 2 0 2 7 17 18 2 0 2 7 0 2 7 0 2 7 16 6 2 13 6 3 1 2 7 12 16 2 1 2 7 0 2 7 1 2 7 0 2 7 1 2 7 0 2 7 0 2 7 5 31 3 0 2 7 12 16 2 5 31 3 0 2 7 0 2 7 0 2 7 13 6 3 1 2 4 1 2 7 17 18 2 1 2 7 0 2 7 17 9 2 1 2 7 1 2 7 0 2 7 0 2 7 1 2 7 1 2 7 0 2 4 17 18 2 0 2 7 0 2 7 1 2 4 1 2 7 0 2 7 0 2 7 12 16 2 0 2 7 1 2 7 12 16 2 1 2 7 1 2 7 5 31 3 0 2 7 17 18 2 0 59.7211945056915283
0 2 7 0 2 7 1 2 7 16 20 12 0 2 4 1 2 7 5 31 3 0 2 4 16 18 11 0 2 7 0 2 3 0 2 7 5 30 3 5 30 3 15 2 11 0 2 7 0 2 7 0 2 7 0 2 3 5 30 3 1 2 3 17 9 2 0 2 11 0 2 7 0 2 7 0 2 7 0 2 3 1 2 7 0 2 3 0 2 4 1 2 7 17 18 2 1 2 11 17 9 2 0 2 3 1 2 7 0 2 7 13 6 3 0 2 7 1 2 11 1 2 7 1 2 7 0 2 7 1 2 7 0 2 7 0 2 3 0 2 7 5 31 3 1 2 3 17 18 2 1 2 7 12 16 2 0 2 3 0 2 7 12 16 2 1 2 7 0 2 7 5 30 3 1 2 7 16 6 2 0 62.1395445466041565
1 2 11 0 2 3 1 2 7 0 2 7 0 2 7 0 2 7 0 2 7 0 2 7 5 30 3 0 2 3 0 2 7 0 2 11 16 6 2 0 2 7 0 2 3 12 16 2 1 2 7 1 2 3 1 2 7 0 2 7 0 2 7 1 2 3 0 2 7 5 30 3 0 2 7 1 2 7 5 30 3 0 2 7 1 2 7 5 31 3 16 18 11 0 2 7 1 2 4 17 18 2 8 9 2 0 2 7 5 30 3 0 2 7 0 2 7 5 31 3 0 2 7 8 18 2 0 2 4 0 2 3 16 6 2 1 2 3 0 2 7 16 19 11 0 2 7 1 2 7 0 2 7 12 16 2 0 2 7 0 2 7 12 16 2 1 2 3 1 2 7 16 19 11 0 2 7 17 18 2 0 62.8683903813362122
0 2 7 1 2 7 0 2 7 13 6 3 1 2 7 1 2 7 17 18 2 0 2 7 17 18 2 0 2 4 0 2 7 0 2 4 16 6 2 13 6 3 1 2 7 12 16 2 1 2 7 0 2 7 0 2 7 0 2 7 1 2 7 0 2 7 0 2 7 5 31 3 0 2 7 12 16 2 5 31 3 0 2 7 0 2 7 0 2 7 13 6 3 1 2 7 1 2 7 17 18 2 1 2 7 0 2 7 17 9 2 1 2 7 1 2 7 0 2 7 0 2 7 1 2 7 1 2 7 1 2 4 17 18 2 0 2 7 0 2 7 1 2 7 1 2 7 0 2 7 0 2 7 12 16 2 0 2 7 1 2 7 12 16 2 1 2 7 1 2 7 5 31 3 0 2 7 17 18 2 0 59.7211945056915283
8 18 2 5 30 3 16 15 2 16 15 2 6 3 2 16 15 2 8 18 2 5 30 3 5 30 3 6 2 8 16 15 2 5 30 3 8 9 2 8 18 2 5 30 3 0 2 8 0 2 8 0 2 8 6 2 8 6 2 12 8 9 2 6 2 8 6 2 8 6 2 12 16 20 12 0 2 8 0 2 8 6 2 8 16 20 12 0 2 12 5 30 3 8 9 2 0 2 8 8 9 2 0 2 12 6 2 8 16 20 12 6 2 12 8 18 2 8 18 2 6 2 8 6 2 8 6 2 8 8 18 2 5 30 3 8 18 2 6 2 12 8 9 2 8 9 2 8 18 2 8 9 2 6 2 8 5 30 3 8 9 2 8 18 2 12 16 2 8 18 2 6 2 12 5 30 3 6 3 2 0.0874339467986067348 64.8063948154449463
1 2 7 1 2 7 0 2 7 13 6 3 1 2 4 0 2 7 17 18 2 0 2 7 17 18 2 0 2 7 0 2 7 1 2 7 16 6 2 13 6 3 1 2 7 12 16 2 1 2 7 0 2 7 1 2 7 1 2 7 1 2 7 0 2 4 0 2 7 5 31 3 0 2 7 12 16 2 5 31 3 0 2 7 0 2 7 0 2 7 13 6 3 1 2 7 1 2 7 17 18 2 1 2 7 0 2 7 17 9 2 1 2 7 0 2 7 0 2 7 0 2 7 1 2 7 1 2 7 0 2 7 17 18 2 0 2 7 0 2 7 1 2 7 0 2 4 0 2 7 0 2 7 12 16 2 0 2 7 1 2 7 12 16 2 1 2 7 1 2 7 5 31 3 0 2 7 17 18 2 0 59.7211945056915283
0 2 7 1 2 7 0 2 4 0 2 7 0 2 7 1 2 7 17 18 2 1 2 4 17 18 2 0 2 4 0 2 7 0 2 7 16 6 2 13 6 3 0 2 7 12 16 2 1 2 7 0 2 7 0 2 7 5 31 3 1 2 7 0 2 7 1 2 7 5 30 3 1 2 4 12 16 2 5 31 3 0 2 7 0 2 7 0 2 7 13 6 3 1 2 7 1 2 7 17 18 2 1 2 7 0 2 4 17 9 2 1 2 7 0 2 4 1 2 7 0 2 4 12 16 2 1 2 7 0 2 7 8 18 2 0 2 4 0 2 7 1 2 7 0 2 7 0 2 7 0 2 7 12 16 2 1 2 7 16 6 2 12 16 2 0 2 7 0 2 7 5 31 3 1 2 7 17 18 2 0 60.3829444646835327
1 2 7 1 2 7 0 2 7 13 6 3 1 2 7 0 2 7 17 18 2 0 2 7 17 18 2 0 2 7 0 2 7 0 2 7 16 6 2 13 6 3 1 2 7 12 16 2 1 2 7 0 2 7 1 2 7 0 2 7 1 2 7 0 2 7 0 2 7 5 31 3 0 2 7 12 16 2 5 31 3 0 2 7 0 2 7 0 2 7 13 6 3 1 2 4 1 2 7 17 18 2 1 2 7 0 2 7 17 9 2 1 2 7 1 2 7 0 2 7 0 2 7 1 2 7 1 2 7 0 2 4 17 18 2 0 2 7 0 2 7 1 2 4 1 2 7 0 2 7 0 2 7 12 16 2 0 2 7 1 2 7 12 16 2 1 2 7 1 2 7 5 31 3 0 2 7 17 18 2 0 59.7211945056915283

Current Evaluation = 9900(9900)
Front Size = 10
1 2 7 1 2 7 0 2 7 13 6 3 1 2 7 0 2 7 17 18 2 0 2 7 17 18 2 1 2 7 0 2 7 0 2 7 16 6 2 13 6 3 1 2 7 12 16 2 1 2 7 0 2 7 1 2 7 1 2 7 1 2 7 0 2 4 0 2 7 5 31 3 1 2 7 12 16 2 5 31 3 0 2 7 0 2 7 0 2 4 13 6 3 1 2 7 1 2 7 17 18 2 0 2 7 0 2 7 17 9 2 1 2 7 0 2 4 0 2 7 0 2 7 1 2 7 1 2 7 1 2 7 17 18 2 0 2 7 0 2 7 1 2 7 0 2 7 0 2 7 0 2 7 12 16 2 0 2 7 1 2 7 12 16 2 0 2 7 1 2 7 5 31 3 0 2 7 17 18 2 0 59.7211945056915283
1 2 7 1 2 7 0 2 7 13 6 3 1 2 7 0 2 7 17 18 2 0 2 7 17 18 2 1 2 7 0 2 7 0 2 7 16 6 2 13 6 3 1 2 7 12 16 2 1 2 7 0 2 7 1 2 7 1 2 7 0 2 7 0 2 7 0 2 7 5 31 3 1 2 7 12 16 2 5 31 3 0 2 7 0 2 7 0 2 7 13 6 3 1 2 7 1 2 7 17 18 2 1 2 7 0 2 7 17 9 2 1 2 7 0 2 4 0 2 7 0 2 4 1 2 7 1 2 7 1 2 7 17 18 2 0 2 7 0 2 7 1 2 7 0 2 7 0 2 4 0 2 7 12 16 2 0 2 7 1 2 7 12 16 2 0 2 7 1 2 7 5 31 3 0 2 7 17 18 2 0 59.7211945056915283
1 2 7 1 2 7 0 2 7 13 6 3 1 2 7 0 2 7 17 18 2 0 2 7 17 18 2 1 2 7 0 2 7 0 2 7 16 6 2 13 6 3 1 2 7 12 16 2 1 2 7 0 2 7 1 2 7 1 2 7 1 2 7 0 2 4 0 2 7 5 31 3 1 2 7 12 16 2 5 31 3 0 2 7 0 2 7 0 2 4 13 6 3 0 2 7 1 2 7 17 18 2 0 2 7 0 2 7 17 9 2 1 2 7 0 2 4 0 2 7 0 2 7 1 2 7 1 2 7 1 2 7 17 18 2 0 2 7 0 2 7 1 2 7 0 2 7 0 2 7 0 2 7 12 16 2 0 2 7 1 2 7 12 16 2 1 2 7 1 2 7 5 31 3 0 2 7 17 18 2 0 59.7211945056915283
8 18 2 5 30 3 16 15 2 16 15 2 6 3 2 16 15 2 8 18 2 5 30 3 5 30 3 6 2 8 16 15 2 5 30 3 8 9 2 8 18 2 5 30 3 0 2 8 0 2 8 0 2 8 6 2 8 6 2 12 8 9 2 6 2 8 6 2 8 6 2 12 16 20 12 0 2 8 0 2 8 6 2 8 16 20 12 0 2 12 5 30 3 8 9 2 0 2 8 8 9 2 0 2 12 6 2 8 16 20 12 6 2 12 8 18 2 8 18 2 6 2 8 6 2 8 6 2 8 8 18 2 5 30 3 8 18 2 6 2 12 8 9 2 8 9 2 8 18 2 8 9 2 6 2 8 5 30 3 8 9 2 8 18 2 12 16 2 8 18 2 6 2 12 5 30 3 6 3 2 0.0874339467986067348 64.8063948154449463
1 2 7 1 2 7 0 2 7 13 6 3 1 2 7 0 2 7 17 18 2 0 2 7 17 18 2 1 2 7 0 2 7 0 2 7 16 6 2 13 6 3 1 2 4 12 16 2 1 2 7 0 2 7 1 2 7 1 2 7 1 2 7 1 2 7 0 2 7 5 31 3 0 2 7 12 16 2 5 31 3 0 2 4 0 2 7 0 2 7 13 6 3 1 2 7 1 2 7 17 18 2 0 2 7 0 2 7 17 9 2 1 2 7 0 2 7 0 2 7 0 2 7 1 2 7 1 2 7 1 2 7 17 18 2 0 2 7 0 2 7 1 2 7 0 2 7 0 2 7 0 2 7 12 16 2 0 2 7 1 2 4 12 16 2 0 2 7 1 2 7 5 31 3 0 2 7 17 18 2 0 59.7211945056915283
0 2 7 0 2 7 16 6 2 1 2 7 0 2 3 0 2 7 8 9 2 0 2 3 5 30 3 0 2 7 0 2 7 0 2 7 16 6 2 16 15 2 0 2 7 12 16 2 0 2 7 0 2 7 0 2 7 5 31 3 1 2 7 0 2 7 0 2 7 17 9 2 0 2 7 16 19 11 5 31 3 6 2 7 0 2 7 0 2 7 12 16 2 5 31 3 0 2 7 5 30 3 6 2 4 0 2 7 5 30 3 0 2 3 1 2 3 1 2 7 0 2 7 1 2 7 0 2 7 1 2 7 8 18 2 0 2 7 0 2 7 8 9 2 0 2 7 0 2 7 0 2 7 12 16 2 5 30 3 16 6 2 12 16 2 1 2 11 16 30 2 12 16 2 1 2 7 0 2 7 0 62.4593082666397095
0 2 7 1 2 7 0 2 4 0 2 7 0 2 7 1 2 7 17 18 2 1 2 4 17 18 2 0 2 4 0 2 7 0 2 7 16 6 2 13 6 3 0 2 7 12 16 2 1 2 7 0 2 7 0 2 7 5 31 3 1 2 7 0 2 7 1 2 7 5 30 3 1 2 4 12 16 2 5 31 3 0 2 7 0 2 7 0 2 7 13 6 3 1 2 7 1 2 7 17 18 2 1 2 7 0 2 4 17 9 2 1 2 7 0 2 4 1 2 7 0 2 4 12 16 2 1 2 7 0 2 7 8 18 2 0 2 4 0 2 7 1 2 7 0 2 7 0 2 7 0 2 7 12 16 2 1 2 7 16 6 2 12 16 2 0 2 7 0 2 7 5 31 3 1 2 7 17 18 2 0 60.3829444646835327
0 2 7 1 2 7 0 2 4 13 6 3 1 2 7 0 2 7 17 18 2 0 2 7 17 18 2 1 2 7 0 2 7 0 2 7 16 6 2 13 6 3 1 2 7 12 16 2 1 2 7 0 2 7 1 2 7 1 2 7 1 2 7 0 2 7 0 2 7 5 31 3 1 2 7 12 16 2 5 31 3 0 2 7 1 2 7 0 2 7 13 6 3 1 2 7 1 2 7 17 18 2 0 2 7 0 2 7 17 9 2 1 2 7 0 2 7 0 2 7 0 2 4 1 2 7 1 2 7 1 2 7 17 18 2 0 2 7 0 2 7 1 2 4 0 2 7 0 2 7 0 2 7 12 16 2 0 2 7 1 2 7 12 16 2 0 2 7 1 2 7 5 31 3 0 2 7 17 18 2 0 59.7211945056915283
0 2 7 0 2 7 1 2 7 16 20 12 0 2 4 1 2 7 5 31 3 0 2 4 16 18 11 0 2 7 0 2 3 0 2 7 5 30 3 5 30 3 15 2 11 0 2 7 0 2 7 0 2 7 0 2 3 5 30 3 1 2 3 17 9 2 0 2 11 0 2 7 0 2 7 0 2 7 0 2 3 1 2 7 0 2 3 0 2 4 1 2 7 17 18 2 1 2 11 17 9 2 0 2 3 1 2 7 0 2 7 13 6 3 0 2 7 1 2 11 1 2 7 1 2 7 0 2 7 1 2 7 0 2 7 0 2 3 0 2 7 5 31 3 1 2 3 17 18 2 1 2 7 12 16 2 0 2 3 0 2 7 12 16 2 1 2 7 0 2 7 5 30 3 1 2 7 16 6 2 0 62.1395445466041565
0 2 7 1 2 3 0 2 7 5 30 3 0 2 7 1 2 7 17 18 2 1 2 7 16 19 11 1 2 7 0 2 4 0 2 7 0 2 7 5 30 3 0 2 4 17 18 2 1 2 7 1 2 11 1 2 7 5 30 3 0 2 7 0 2 7 0 2 7 0 2 7 0 2 7 0 2 7 5 31 3 0 2 7 0 2 7 1 2 7 0 2 7 1 2 7 0 2 7 17 18 2 1 2 7 0 2 4 8 9 2 0 2 7 0 2 7 0 2 3 6 2 7 16 19 11 1 2 7 1 2 7 0 2 7 8 9 2 1 2 7 5 30 3 0 2 7 1 2 7 0 2 7 12 16 2 1 2 3 1 2 7 0 2 7 0 2 7 0 2 7 5 31 3 0 2 7 17 18 2 0 62.0899884104728699

Current Evaluation = 10800(10800)
Front Size = 10
1 2 4 1 2 7 0 2 7 13 6 3 1 2 7 0 2 7 17 18 2 0 2 7 17 18 2 1 2 4 0 2 7 0 2 7 16 6 2 13 6 3 1 2 7 12 16 2 1 2 7 0 2 7 1 2 7 1 2 7 1 2 7 0 2 7 0 2 7 5 31 3 1 2 7 12 16 2 5 31 3 0 2 7 1 2 7 0 2 7 13 6 3 1 2 7 1 2 7 17 18 2 0 2 7 1 2 7 17 9 2 1 2 4 0 2 7 0 2 7 0 2 7 1 2 7 1 2 7 1 2 7 17 18 2 0 2 7 0 2 7 0 2 7 0 2 7 0 2 7 0 2 7 12 16 2 0 2 7 0 2 7 12 16 2 0 2 7 1 2 7 5 31 3 0 2 7 17 18 2 0 59.7211945056915283
0 2 7 0 2 7 1 2 7 16 20 12 0 2 4 1 2 7 5 31 3 0 2 4 16 18 11 0 2 7 0 2 3 0 2 7 5 30 3 5 30 3 15 2 11 0 2 7 0 2 7 0 2 7 0 2 3 5 30 3 1 2 3 17 9 2 0 2 11 0 2 7 0 2 7 0 2 7 0 2 3 1 2 7 0 2 3 0 2 4 1 2 7 17 18 2 1 2 11 17 9 2 0 2 3 1 2 7 0 2 7 13 6 3 0 2 7 1 2 11 1 2 7 1 2 7 0 2 7 1 2 7 0 2 7 0 2 3 0 2 7 5 31 3 1 2 3 17 18 2 1 2 7 12 16 2 0 2 3 0 2 7 12 16 2 1 2 7 0 2 7 5 30 3 1 2 7 16 6 2 0 62.1395445466041565
1 2 4 1 2 7 0 2 7 13 6 3 1 2 7 0 2 7 17 18 2 0 2 7 17 18 2 1 2 4 0 2 7 0 2 7 16 6 2 13 6 3 1 2 7 12 16 2 1 2 7 0 2 7 1 2 7 1 2 7 1 2 7 0 2 7 0 2 7 5 31 3 1 2 7 12 16 2 5 31 3 0 2 7 0 2 7 0 2 7 13 6 3 1 2 7 1 2 7 17 18 2 0 2 7 1 2 7 17 9 2 1 2 4 0 2 7 0 2 7 0 2 7 1 2 7 1 2 7 1 2 7 17 18 2 0 2 7 0 2 7 1 2 7 0 2 7 0 2 7 0 2 7 12 16 2 0 2 7 0 2 7 12 16 2 0 2 7 1 2 7 5 31 3 0 2 7 17 18 2 0 59.7211945056915283
1 2 7 1 2 7 0 2 4 13 6 3 1 2 7 0 2 7 17 18 2 0 2 4 17 18 2 1 2 4 0 2 7 0 2 7 16 6 2 13 6 3 1 2 7 12 16 2 1 2 7 0 2 7 1 2 7 1 2 7 1 2 7 0 2 7 0 2 7 5 31 3 1 2 7 12 16 2 5 31 3 0 2 7 1 2 7 0 2 7 13 6 3 1 2 7 1 2 7 17 18 2 0 2 7 1 2 7 17 9 2 1 2 7 0 2 7 0 2 7 0 2 7 1 2 7 1 2 7 1 2 7 17 18 2 0 2 7 0 2 7 1 2 7 0 2 7 0 2 7 0 2 7 12 16 2 0 2 7 0 2 7 12 16 2 0 2 7 0 2 7 5 31 3 0 2 7 17 18 2 0 59.7211945056915283
1 2 3 0 2 7 0 2 7 16 18 11 0 2 7 6 2 7 17 18 2 0 2 7 5 31 3 1 2 3 1 2 7 0 2 4 0 2 3 13 6 3 6 2 3 17 18 2 0 2 7 0 2 3 1 2 7 5 30 3 0 2 7 0 2 7 0 2 7 0 2 7 0 2 7 0 2 7 5 30 3 0 2 3 1 2 7 1 2 3 1 2 3 1 2 7 1 2 4 17 18 2 1 2 7 0 2 4 17 9 2 0 2 7 0 2 7 0 2 7 1 2 4 1 2 3 0 2 7 1 2 3 0 2 7 0 2 7 1 2 7 5 30 3 1 2 7 1 2 7 0 2 7 12 16 2 0 2 7 0 2 4 1 2 7 1 2 7 0 2 7 5 31 3 0 2 3 17 18 2 0 61.5989937782287598
1 2 7 1 2 7 0 2 4 13 6 3 1 2 7 0 2 7 17 18 2 0 2 4 17 18 2 1 2 7 0 2 7 0 2 7 16 6 2 13 6 3 1 2 7 12 16 2 1 2 4 0 2 7 1 2 7 1 2 7 1 2 7 0 2 7 0 2 7 5 31 3 1 2 7 12 16 2 5 31 3 0 2 7 1 2 7 0 2 7 13 6 3 1 2 7 1 2 7 17 18 2 0 2 7 0 2 7 17 9 2 1 2 7 0 2 7 0 2 7 0 2 7 1 2 7 1 2 7 1 2 7 17 18 2 0 2 7 0 2 7 1 2 7 0 2 7 0 2 7 0 2 7 12 16 2 0 2 7 1 2 7 12 16 2 0 2 7 0 2 7 5 31 3 0 2 7 17 18 2 0 59.7211945056915283
8 18 2 5 30 3 16 15 2 16 15 2 6 3 2 16 15 2 8 18 2 5 30 3 5 30 3 6 2 8 16 15 2 5 30 3 8 9 2 8 18 2 5 30 3 0 2 8 0 2 8 0 2 8 6 2 8 6 2 12 8 9 2 6 2 8 6 2 8 6 2 12 16 20 12 0 2 8 0 2 8 6 2 8 16 20 12 0 2 12 5 30 3 8 9 2 0 2 8 8 9 2 0 2 12 6 2 8 16 20 12 6 2 12 8 18 2 8 18 2 6 2 8 6 2 8 6 2 8 8 18 2 5 30 3 8 18 2 6 2 12 8 9 2 8 9 2 8 18 2 8 9 2 6 2 8 5 30 3 8 9 2 8 18 2 12 16 2 8 18 2 6 2 12 5 30 3 6 3 2 0.0874339467986067348 64.8063948154449463
0 2 7 1 2 7 0 2 4 0 2 7 0 2 7 1 2 7 17 18 2 1 2 4 17 18 2 0 2 4 0 2 7 0 2 7 16 6 2 13 6 3 0 2 7 12 16 2 1 2 7 0 2 7 0 2 7 5 31 3 1 2 7 0 2 7 1 2 7 5 30 3 1 2 4 12 16 2 5 31 3 0 2 7 0 2 7 0 2 7 13 6 3 1 2 7 1 2 7 17 18 2 1 2 7 0 2 4 17 9 2 1 2 7 0 2 4 1 2 7 0 2 4 12 16 2 1 2 7 0 2 7 8 18 2 0 2 4 0 2 7 1 2 7 0 2 7 0 2 7 0 2 7 12 16 2 1 2 7 16 6 2 12 16 2 0 2 7 0 2 7 5 31 3 1 2 7 17 18 2 0 60.3829444646835327
0 2 7 0 2 7 16 6 2 1 2 7 0 2 3 0 2 7 8 9 2 0 2 3 5 30 3 0 2 7 0 2 7 0 2 7 16 6 2 16 15 2 0 2 7 12 16 2 0 2 7 0 2 7 0 2 7 5 31 3 1 2 7 0 2 7 0 2 7 17 9 2 0 2 7 16 19 11 5 31 3 6 2 7 0 2 7 0 2 7 12 16 2 5 31 3 0 2 7 5 30 3 6 2 4 0 2 7 5 30 3 0 2 3 1 2 3 1 2 7 0 2 7 1 2 7 0 2 7 1 2 7 8 18 2 0 2 7 0 2 7 8 9 2 0 2 7 0 2 7 0 2 7 12 16 2 5 30 3 16 6 2 12 16 2 1 2 11 16 30 2 12 16 2 1 2 7 0 2 7 0 62.4593082666397095
1 2 7 1 2 7 0 2 4 13 6 3 1 2 7 0 2 7 17 18 2 0 2 7 17 18 2 1 2 7 0 2 7 0 2 7 16 6 2 13 6 3 1 2 4 12 16 2 1 2 7 0 2 7 1 2 7 1 2 7 1 2 7 0 2 7 0 2 7 5 31 3 1 2 7 12 16 2 5 31 3 0 2 7 0 2 7 0 2 7 13 6 3 1 2 7 1 2 7 17 18 2 0 2 7 0 2 7 17 9 2 1 2 7 0 2 7 0 2 7 0 2 7 1 2 7 1 2 7 1 2 7 17 18 2 0 2 7 0 2 7 1 2 7 0 2 7 0 2 7 0 2 7 12 16 2 0 2 7 1 2 7 12 16 2 1 2 7 0 2 4 5 31 3 0 2 7 17 18 2 0 59.7211945056915283

Current Evaluation = 11700(11700)
Front Size = 10
0 2 7 1 2 7 0 2 7 13 6 3 1 2 7 0 2 7 17 18 2 0 2 7 17 18 2 1 2 7 0 2 7 0 2 7 16 6 2 13 6 3 1 2 7 12 16 2 1 2 7 0 2 7 1 2 7 0 2 7 1 2 7 0 2 4 0 2 7 5 31 3 1 2 7 12 16 2 5 31 3 0 2 7 0 2 7 0 2 7 13 6 3 1 2 4 1 2 7 17 18 2 0 2 7 1 2 7 17 9 2 1 2 7 0 2 7 1 2 7 0 2 7 1 2 7 1 2 7 0 2 7 17 18 2 0 2 7 0 2 7 0 2 7 0 2 7 1 2 7 1 2 7 12 16 2 0 2 7 1 2 7 12 16 2 1 2 7 0 2 4 5 31 3 0 2 7 17 18 2 0 59.7211945056915283
0 2 7 0 2 7 16 6 2 1 2 7 0 2 3 0 2 7 8 9 2 0 2 3 5 30 3 0 2 7 0 2 7 0 2 7 16 6 2 16 15 2 0 2 7 12 16 2 0 2 7 0 2 7 0 2 7 5 31 3 1 2 7 0 2 7 0 2 7 17 9 2 0 2 7 16 19 11 5 31 3 6 2 7 0 2 7 0 2 7 12 16 2 5 31 3 0 2 7 5 30 3 6 2 4 0 2 7 5 30 3 0 2 3 1 2 3 1 2 7 0 2 7 1 2 7 0 2 7 1 2 7 8 18 2 0 2 7 0 2 7 8 9 2 0 2 7 0 2 7 0 2 7 12 16 2 5 30 3 16 6 2 12 16 2 1 2 11 16 30 2 12 16 2 1 2 7 0 2 7 0 62.4593082666397095
0 2 7 1 2 7 0 2 7 13 6 3 1 2 7 0 2 7 17 18 2 0 2 7 17 18 2 1 2 7 0 2 7 0 2 7 16 6 2 13 6 3 1 2 7 12 16 2 1 2 7 0 2 7 1 2 7 1 2 4 1 2 7 0 2 7 0 2 7 5 31 3 1 2 7 12 16 2 5 31 3 0 2 7 0 2 7 0 2 7 13 6 3 1 2 4 1 2 7 17 18 2 0 2 7 1 2 7 17 9 2 1 2 7 1 2 7 0 2 7 0 2 4 1 2 7 1 2 7 0 2 7 17 18 2 0 2 7 0 2 7 0 2 7 0 2 7 1 2 7 0 2 7 12 16 2 0 2 7 1 2 7 12 16 2 1 2 7 0 2 7 5 31 3 0 2 7 17 18 2 0 59.7211945056915283
0 2 7 1 2 7 0 2 7 13 6 3 1 2 4 0 2 7 17 18 2 0 2 7 17 18 2 1 2 7 0 2 7 0 2 7 16 6 2 13 6 3 1 2 7 12 16 2 1 2 7 0 2 7 1 2 7 1 2 7 1 2 7 0 2 7 0 2 7 5 31 3 1 2 7 12 16 2 5 31 3 0 2 7 0 2 7 0 2 7 13 6 3 1 2 4 1 2 7 17 18 2 0 2 7 1 2 7 17 9 2 1 2 7 1 2 7 1 2 7 0 2 7 1 2 7 1 2 7 0 2 7 17 18 2 0 2 4 0 2 7 0 2 7 0 2 7 1 2 7 0 2 7 12 16 2 0 2 7 1 2 7 12 16 2 0 2 7 0 2 7 5 31 3 0 2 7 17 18 2 0 59.7211945056915283
0 2 7 0 2 7 1 2 7 16 20 12 0 2 4 1 2 7 5 31 3 0 2 4 16 18 11 0 2 7 0 2 3 0 2 7 5 30 3 5 30 3 15 2 11 0 2 7 0 2 7 0 2 7 0 2 3 5 30 3 1 2 3 17 9 2 0 2 11 0 2 7 0 2 7 0 2 7 0 2 3 1 2 7 0 2 3 0 2 4 1 2 7 17 18 2 1 2 11 17 9 2 0 2 3 1 2 7 0 2 7 13 6 3 0 2 7 1 2 11 1 2 7 1 2 7 0 2 7 1 2 7 0 2 7 0 2 3 0 2 7 5 31 3 1 2 3 17 18 2 1 2 7 12 16 2 0 2 3 0 2 7 12 16 2 1 2 7 0 2 7 5 30 3 1 2 7 16 6 2 0 62.1395445466041565
0 2 7 0 2 7 1 2 7 16 18 11 0 2 7 1 2 4 5 31 3 0 2 7 16 18 11 1 2 7 0 2 7 1 2 7 5 31 3 5 30 3 1 2 7 0 2 7 0 2 7 0 2 7 0 2 7 5 30 3 1 2 7 17 9 2 0 2 7 0 2 7 0 2 7 0 2 7 0 2 7 1 2 7 0 2 7 0 2 4 0 2 7 17 18 2 1 2 4 17 9 2 0 2 7 1 2 7 0 2 7 13 6 3 0 2 7 1 2 7 5 31 3 6 2 7 0 2 7 1 2 7 0 2 7 0 2 7 0 2 7 5 31 3 1 2 7 17 18 2 0 2 7 12 16 2 0 2 7 0 2 7 12 16 2 1 2 7 0 2 7 5 30 3 1 2 7 16 6 2 0 61.4061844944953918
8 18 2 5 30 3 16 15 2 16 15 2 6 3 2 16 15 2 8 18 2 5 30 3 5 30 3 6 2 8 16 15 2 5 30 3 8 9 2 8 18 2 5 30 3 0 2 8 0 2 8 0 2 8 6 2 8 6 2 12 8 9 2 6 2 8 6 2 8 6 2 12 16 20 12 0 2 8 0 2 8 6 2 8 16 20 12 0 2 12 5 30 3 8 9 2 0 2 8 8 9 2 0 2 12 6 2 8 16 20 12 6 2 12 8 18 2 8 18 2 6 2 8 6 2 8 6 2 8 8 18 2 5 30 3 8 18 2 6 2 12 8 9 2 8 9 2 8 18 2 8 9 2 6 2 8 5 30 3 8 9 2 8 18 2 12 16 2 8 18 2 6 2 12 5 30 3 6 3 2 0.0874339467986067348 64.8063948154449463
0 2 7 1 2 7 0 2 4 0 2 7 0 2 7 1 2 7 17 18 2 1 2 4 17 18 2 0 2 4 0 2 7 0 2 7 16 6 2 13 6 3 0 2 7 12 16 2 1 2 7 0 2 7 0 2 7 5 31 3 1 2 7 0 2 7 1 2 7 5 30 3 1 2 4 12 16 2 5 31 3 0 2 7 0 2 7 0 2 7 13 6 3 1 2 7 1 2 7 17 18 2 1 2 7 0 2 4 17 9 2 1 2 7 0 2 4 1 2 7 0 2 4 12 16 2 1 2 7 0 2 7 8 18 2 0 2 4 0 2 7 1 2 7 0 2 7 0 2 7 0 2 7 12 16 2 1 2 7 16 6 2 12 16 2 0 2 7 0 2 7 5 31 3 1 2 7 17 18 2 0 60.3829444646835327
0 2 7 1 2 7 0 2 7 13 6 3 1 2 7 0 2 7 17 18 2 0 2 7 17 18 2 1 2 7 0 2 7 0 2 7 16 6 2 13 6 3 1 2 7 12 16 2 1 2 7 0 2 7 1 2 7 1 2 7 1 2 7 0 2 7 0 2 7 5 31 3 1 2 7 12 16 2 5 31 3 0 2 7 0 2 7 0 2 7 13 6 3 1 2 4 1 2 7 17 18 2 0 2 7 0 2 7 17 9 2 1 2 4 0 2 7 1 2 7 0 2 7 1 2 7 1 2 7 0 2 7 17 18 2 0 2 7 0 2 7 0 2 7 0 2 7 1 2 7 1 2 4 12 16 2 0 2 7 1 2 7 12 16 2 1 2 7 0 2 7 5 31 3 0 2 7 17 18 2 0 59.7211945056915283
0 2 7 1 2 7 0 2 7 13 6 3 1 2 7 0 2 7 17 18 2 0 2 7 17 18 2 1 2 7 0 2 7 0 2 7 16 6 2 13 6 3 1 2 4 12 16 2 1 2 7 0 2 7 1 2 7 1 2 7 1 2 7 0 2 7 0 2 7 5 31 3 1 2 7 12 16 2 5 31 3 0 2 7 0 2 7 0 2 4 13 6 3 1 2 7 1 2 7 17 18 2 1 2 7 0 2 7 17 9 2 0 2 7 1 2 7 0 2 7 0 2 7 0 2 7 1 2 7 0 2 7 17 18 2 0 2 7 0 2 7 0 2 7 1 2 7 1 2 7 1 2 7 12 16 2 0 2 4 1 2 7 12 16 2 1 2 7 0 2 7 5 31 3 0 2 7 17 18 2 0 59.7211945056915283

Current Evaluation = 12600(12600)
Front Size = 10
0 2 7 1 2 7 0 2 4 13 6 3 1 2 7 0 2 7 17 18 2 0 2 7 17 18 2 1 2 7 0 2 4 0 2 7 16 6 2 13 6 3 1 2 7 12 16 2 1 2 7 0 2 7 0 2 7 1 2 4 1 2 7 0 2 7 0 2 7 5 31 3 1 2 7 12 16 2 5 31 3 0 2 7 0 2 7 0 2 7 13 6 3 1 2 7 1 2 7 17 18 2 0 2 7 1 2 7 17 9 2 0 2 7 1 2 7 0 2 7 0 2 7 1 2 7 1 2 7 0 2 7 17 18 2 0 2 7 0 2 7 0 2 7 1 2 7 1 2 7 1 2 7 12 16 2 0 2 7 1 2 7 12 16 2 1 2 7 0 2 7 5 31 3 0 2 7 17 18 2 0 59.7211945056915283
0 2 7 0 2 7 0 2 7 13 6 3 1 2 7 0 2 7 17 18 2 0 2 7 17 18 2 1 2 7 0 2 7 0 2 4 16 6 2 13 6 3 1 2 7 12 16 2 1 2 7 0 2 7 0 2 7 1 2 4 1 2 7 0 2 7 0 2 7 5 31 3 1 2 7 12 16 2 5 31 3 0 2 7 0 2 7 0 2 7 13 6 3 1 2 7 1 2 7 17 18 2 0 2 7 1 2 7 17 9 2 0 2 7 1 2 7 0 2 7 0 2 7 1 2 7 1 2 7 0 2 7 17 18 2 0 2 7 0 2 7 1 2 4 1 2 7 1 2 7 1 2 7 12 16 2 0 2 7 1 2 7 12 16 2 1 2 7 0 2 7 5 31 3 0 2 7 17 18 2 0 59.7211945056915283
0 2 7 0 2 7 0 2 7 13 6 3 0 2 7 0 2 7 5 30 3 0 2 7 17 18 2 1 2 7 0 2 7 1 2 7 16 15 2 5 30 3 6 2 7 0 2 7 0 2 7 0 2 7 0 2 7 5 30 3 0 2 7 1 2 7 0 2 7 5 30 3 1 2 7 12 16 2 8 9 2 13 6 3 1 2 11 6 2 7 17 9 2 17 18 2 0 2 7 17 18 2 0 2 7 1 2 7 0 2 7 0 2 7 0 2 4 0 2 7 0 2 7 16 9 11 1 2 7 1 2 7 0 2 7 0 2 7 1 2 7 0 2 7 0 2 7 1 2 7 1 2 7 12 16 2 0 2 7 1 2 11 12 16 2 1 2 7 0 2 7 5 31 3 5 31 3 17 9 2 0 61.1446502804756165
0 2 7 1 2 7 0 2 7 13 6 3 1 2 7 0 2 7 17 18 2 0 2 7 17 18 2 1 2 7 0 2 7 0 2 4 16 6 2 13 6 3 1 2 4 12 16 2 1 2 7 0 2 7 0 2 7 1 2 7 1 2 7 0 2 7 0 2 7 5 31 3 1 2 4 12 16 2 5 31 3 0 2 7 0 2 7 0 2 7 13 6 3 1 2 7 1 2 7 17 18 2 0 2 7 1 2 7 17 9 2 0 2 7 0 2 7 0 2 7 0 2 7 1 2 7 1 2 7 0 2 7 17 18 2 0 2 7 0 2 7 1 2 7 1 2 7 1 2 7 1 2 7 12 16 2 0 2 7 1 2 7 12 16 2 1 2 7 0 2 7 5 31 3 0 2 7 17 18 2 0 59.7211945056915283
0 2 7 1 2 7 0 2 4 0 2 7 0 2 7 1 2 7 17 18 2 1 2 4 17 18 2 0 2 4 0 2 7 0 2 7 16 6 2 13 6 3 0 2 7 12 16 2 1 2 7 0 2 7 0 2 7 5 31 3 1 2 7 0 2 7 1 2 7 5 30 3 1 2 4 12 16 2 5 31 3 0 2 7 0 2 7 0 2 7 13 6 3 1 2 7 1 2 7 17 18 2 1 2 7 0 2 4 17 9 2 1 2 7 0 2 4 1 2 7 0 2 4 12 16 2 1 2 7 0 2 7 8 18 2 0 2 4 0 2 7 1 2 7 0 2 7 0 2 7 0 2 7 12 16 2 1 2 7 16 6 2 12 16 2 0 2 7 0 2 7 5 31 3 1 2 7 17 18 2 0 60.3829444646835327
0 2 7 1 2 4 0 2 7 13 6 3 1 2 7 0 2 7 17 18 2 0 2 7 17 18 2 1 2 7 0 2 7 0 2 7 16 6 2 13 6 3 1 2 7 12 16 2 1 2 7 0 2 7 0 2 7 1 2 4 0 2 7 0 2 7 0 2 7 5 31 3 1 2 7 12 16 2 5 31 3 0 2 7 0 2 7 0 2 7 13 6 3 1 2 7 1 2 7 17 18 2 0 2 7 1 2 7 17 9 2 0 2 7 1 2 7 0 2 7 0 2 7 1 2 7 1 2 7 0 2 7 17 18 2 0 2 7 0 2 7 1 2 4 1 2 7 1 2 7 1 2 7 12 16 2 0 2 7 1 2 7 12 16 2 1 2 7 0 2 7 5 31 3 0 2 7 17 18 2 0 59.7211945056915283
0 2 7 0 2 7 1 2 7 16 20 12 0 2 4 1 2 7 5 31 3 0 2 4 16 18 11 0 2 7 0 2 3 0 2 7 5 30 3 5 30 3 15 2 11 0 2 7 0 2 7 0 2 7 0 2 3 5 30 3 1 2 3 17 9 2 0 2 11 0 2 7 0 2 7 0 2 7 0 2 3 1 2 7 0 2 3 0 2 4 1 2 7 17 18 2 1 2 11 17 9 2 0 2 3 1 2 7 0 2 7 13 6 3 0 2 7 1 2 11 1 2 7 1 2 7 0 2 7 1 2 7 0 2 7 0 2 3 0 2 7 5 31 3 1 2 3 17 18 2 1 2 7 12 16 2 0 2 3 0 2 7 12 16 2 1 2 7 0 2 7 5 30 3 1 2 7 16 6 2 0 62.1395445466041565
0 2 7 0 2 7 16 6 2 1 2 7 0 2 3 0 2 7 8 9 2 0 2 3 5 30 3 0 2 7 0 2 7 0 2 7 16 6 2 16 15 2 0 2 7 12 16 2 0 2 7 0 2 7 0 2 7 5 31 3 1 2 7 0 2 7 0 2 7 17 9 2 0 2 7 16 19 11 5 31 3 6 2 7 0 2 7 0 2 7 12 16 2 5 31 3 0 2 7 5 30 3 6 2 4 0 2 7 5 30 3 0 2 3 1 2 3 1 2 7 0 2 7 1 2 7 0 2 7 1 2 7 8 18 2 0 2 7 0 2 7 8 9 2 0 2 7 0 2 7 0 2 7 12 16 2 5 30 3 16 6 2 12 16 2 1 2 11 16 30 2 12 16 2 1 2 7 0 2 7 0 62.4593082666397095
8 18 2 5 30 3 16 15 2 16 15 2 6 3 2 16 15 2 8 18 2 5 30 3 5 30 3 6 2 8 16 15 2 5 30 3 8 9 2 8 18 2 5 30 3 0 2 8 0 2 8 0 2 8 6 2 8 6 2 12 8 9 2 6 2 8 6 2 8 6 2 12 16 20 12 0 2 8 0 2 8 6 2 8 16 20 12 0 2 12 5 30 3 8 9 2 0 2 8 8 9 2 0 2 12 6 2 8 16 20 12 6 2 12 8 18 2 8 18 2 6 2 8 6 2 8 6 2 8 8 18 2 5 30 3 8 18 2 6 2 12 8 9 2 8 9 2 8 18 2 8 9 2 6 2 8 5 30 3 8 9 2 8 18 2 12 16 2 8 18 2 6 2 12 5 30 3 6 3 2 0.0874339467986067348 64.8063948154449463
0 2 7 1 2 7 0 2 4 13 6 3 1 2 7 0 2 7 17 18 2 0 2 7 17 18 2 1 2 7 0 2 4 0 2 7 16 6 2 13 6 3 1 2 7 12 16 2 1 2 7 0 2 7 0 2 7 1 2 4 1 2 7 0 2 7 0 2 7 5 31 3 1 2 7 12 16 2 5 31 3 0 2 7 0 2 7 0 2 7 13 6 3 1 2 7 1 2 7 17 18 2 0 2 7 1 2 7 17 9 2 0 2 7 1 2 7 0 2 7 0 2 7 1 2 7 1 2 7 0 2 7 17 18 2 0 2 7 0 2 7 0 2 7 1 2 7 1 2 7 1 2 7 12 16 2 0 2 7 1 2 7 12 16 2 1 2 7 0 2 7 5 31 3 0 2 7 17 18 2 0 59.7211945056915283

Current Evaluation = 13500(13500)
Front Size = 10
1 2 7 0 2 7 0 2 7 13 6 3 1 2 7 0 2 4 17 18 2 0 2 7 17 18 2 1 2 7 0 2 4 0 2 7 16 6 2 13 6 3 1 2 7 12 16 2 1 2 7 0 2 7 0 2 7 1 2 7 1 2 7 0 2 7 0 2 7 5 31 3 1 2 7 12 16 2 5 31 3 0 2 7 0 2 7 0 2 7 13 6 3 1 2 7 1 2 7 17 18 2 0 2 7 1 2 7 17 9 2 0 2 7 1 2 7 0 2 7 0 2 7 1 2 7 1 2 7 0 2 7 17 18 2 0 2 7 0 2 7 0 2 7 1 2 7 1 2 7 1 2 7 12 16 2 0 2 7 1 2 4 12 16 2 1 2 7 0 2 7 5 31 3 0 2 7 17 18 2 0 59.7211945056915283
0 2 7 1 2 7 1 2 7 1 2 3 0 2 4 1 2 7 16 6 2 0 2 4 17 18 2 12 16 2 0 2 7 0 2 7 16 15 2 5 30 3 0 2 11 5 30 3 0 2 7 0 2 7 0 2 7 0 2 7 0 2 7 5 30 3 0 2 4 1 2 7 0 2 3 0 2 7 5 30 3 1 2 7 0 2 3 0 2 3 5 31 3 1 2 7 0 2 7 17 9 2 0 2 7 1 2 7 8 9 2 16 18 11 1 2 7 17 9 2 1 2 7 6 2 7 1 2 3 0 2 7 8 18 2 13 6 3 0 2 7 1 2 4 0 2 3 0 2 4 0 2 3 12 16 2 1 2 3 0 2 11 12 16 2 0 2 7 0 2 7 5 30 3 0 2 7 17 18 2 0 62.0702836513519287
0 2 7 1 2 7 0 2 7 13 6 3 1 2 7 0 2 7 17 18 2 0 2 7 17 18 2 1 2 7 0 2 7 0 2 7 16 6 2 13 6 3 1 2 7 12 16 2 1 2 7 0 2 7 0 2 7 1 2 4 0 2 7 0 2 7 0 2 7 5 31 3 1 2 7 12 16 2 5 31 3 0 2 7 0 2 7 0 2 7 13 6 3 1 2 7 1 2 7 17 18 2 0 2 7 1 2 7 17 9 2 0 2 7 1 2 4 0 2 7 0 2 7 1 2 7 1 2 7 0 2 7 17 18 2 0 2 7 0 2 7 1 2 4 1 2 7 1 2 7 1 2 7 12 16 2 0 2 7 1 2 7 12 16 2 1 2 7 0 2 7 5 31 3 0 2 7 17 18 2 0 59.7211945056915283
0 2 7 1 2 7 0 2 7 13 6 3 1 2 7 0 2 7 17 18 2 0 2 7 17 18 2 1 2 7 0 2 4 0 2 7 16 6 2 13 6 3 1 2 7 12 16 2 1 2 7 0 2 7 0 2 7 1 2 4 0 2 7 0 2 7 0 2 7 5 31 3 1 2 7 12 16 2 5 31 3 0 2 7 0 2 7 0 2 7 13 6 3 1 2 7 1 2 7 17 18 2 0 2 7 1 2 7 17 9 2 0 2 7 1 2 7 0 2 7 0 2 7 1 2 7 1 2 7 0 2 7 17 18 2 0 2 7 0 2 7 1 2 4 1 2 7 1 2 7 1 2 7 12 16 2 0 2 7 1 2 7 12 16 2 1 2 7 0 2 7 5 31 3 0 2 7 17 18 2 0 59.7211945056915283
8 18 2 5 30 3 16 15 2 16 15 2 6 3 2 16 15 2 8 18 2 5 30 3 5 30 3 6 2 8 16 15 2 5 30 3 8 9 2 8 18 2 5 30 3 0 2 8 0 2 8 0 2 8 6 2 8 6 2 12 8 9 2 6 2 8 6 2 8 6 2 12 16 20 12 0 2 8 0 2 8 6 2 8 16 20 12 0 2 12 5 30 3 8 9 2 0 2 8 8 9 2 0 2 12 6 2 8 16 20 12 6 2 12 8 18 2 8 18 2 6 2 8 6 2 8 6 2 8 8 18 2 5 30 3 8 18 2 6 2 12 8 9 2 8 9 2 8 18 2 8 9 2 6 2 8 5 30 3 8 9 2 8 18 2 12 16 2 8 18 2 6 2 12 5 30 3 6 3 2 0.0874339467986067348 64.8063948154449463
0 2 7 1 2 7 0 2 4 0 2 7 0 2 7 1 2 7 17 18 2 1 2 4 17 18 2 0 2 4 0 2 7 0 2 7 16 6 2 13 6 3 0 2 7 12 16 2 1 2 7 0 2 7 0 2 7 5 31 3 1 2 7 0 2 7 1 2 7 5 30 3 1 2 4 12 16 2 5 31 3 0 2 7 0 2 7 0 2 7 13 6 3 1 2 7 1 2 7 17 18 2 1 2 7 0 2 4 17 9 2 1 2 7 0 2 4 1 2 7 0 2 4 12 16 2 1 2 7 0 2 7 8 18 2 0 2 4 0 2 7 1 2 7 0 2 7 0 2 7 0 2 7 12 16 2 1 2 7 16 6 2 12 16 2 0 2 7 0 2 7 5 31 3 1 2 7 17 18 2 0 60.3829444646835327
1 2 7 0 2 7 0 2 7 13 6 3 1 2 7 0 2 4 17 18 2 0 2 7 17 18 2 1 2 7 0 2 7 1 2 7 16 6 2 13 6 3 1 2 7 12 16 2 1 2 7 0 2 7 0 2 7 1 2 7 1 2 7 0 2 7 0 2 7 5 31 3 0 2 7 12 16 2 5 31 3 0 2 7 0 2 7 0 2 7 13 6 3 1 2 7 1 2 7 17 18 2 0 2 7 1 2 7 17 9 2 0 2 7 1 2 4 0 2 7 0 2 7 1 2 7 1 2 7 0 2 7 17 18 2 0 2 7 0 2 7 0 2 4 1 2 7 1 2 7 1 2 7 12 16 2 0 2 7 1 2 7 12 16 2 1 2 7 0 2 7 5 31 3 0 2 7 17 18 2 0 59.7211945056915283
1 2 7 0 2 7 0 2 7 13 6 3 1 2 7 0 2 4 17 18 2 0 2 7 17 18 2 1 2 7 0 2 7 0 2 7 16 6 2 13 6 3 1 2 7 12 16 2 1 2 7 0 2 7 0 2 7 1 2 7 1 2 7 0 2 7 0 2 7 5 31 3 1 2 7 12 16 2 5 31 3 0 2 7 0 2 7 0 2 7 13 6 3 1 2 7 1 2 7 17 18 2 0 2 7 1 2 7 17 9 2 0 2 7 1 2 4 0 2 7 0 2 7 1 2 7 1 2 7 0 2 7 17 18 2 0 2 7 0 2 7 0 2 4 1 2 7 1 2 7 1 2 7 12 16 2 0 2 7 1 2 7 12 16 2 1 2 7 0 2 7 5 31 3 0 2 7 17 18 2 0 59.7211945056915283
0 2 7 0 2 3 1 2 7 13 6 3 1 2 3 0 2 7 17 9 2 0 2 7 5 30 3 1 2 7 0 2 7 17 9 2 1 2 7 5 30 3 0 2 7 17 9 2 0 2 7 0 2 7 1 2 7 1 2 7 1 2 4 6 2 7 0 2 7 5 31 3 0 2 7 12 16 2 1 2 7 0 2 7 0 2 7 0 2 7 1 2 7 0 2 7 1 2 4 17 18 2 0 2 7 0 2 7 17 18 2 0 2 7 0 2 7 0 2 7 1 2 7 16 19 11 0 2 7 0 2 7 1 2 7 0 2 7 1 2 4 0 2 7 0 2 7 8 1 2 1 2 7 5 30 3 0 2 7 0 2 7 12 16 2 1 2 7 0 2 7 5 31 3 1 2 7 17 18 2 0 61.0251913666725159
0 2 7 0 2 7 16 6 2 1 2 7 0 2 3 0 2 7 8 9 2 0 2 3 5 30 3 0 2 7 0 2 7 0 2 7 16 6 2 16 15 2 0 2 7 12 16 2 0 2 7 0 2 7 0 2 7 5 31 3 1 2 7 0 2 7 0 2 7 17 9 2 0 2 7 16 19 11 5 31 3 6 2 7 0 2 7 0 2 7 12 16 2 5 31 3 0 2 7 5 30 3 6 2 4 0 2 7 5 30 3 0 2 3 1 2 3 1 2 7 0 2 7 1 2 7 0 2 7 1 2 7 8 18 2 0 2 7 0 2 7 8 9 2 0 2 7 0 2 7 0 2 7 12 16 2 5 30 3 16 6 2 12 16 2 1 2 11 16 30 2 12 16 2 1 2 7 0 2 7 0 62.4593082666397095

Current Evaluation = 14400(14400)
Front Size = 10
1 2 7 0 2 7 0 2 7 13 6 3 1 2 7 0 2 4 17 18 2 0 2 7 17 18 2 1 2 7 0 2 7 0 2 7 16 6 2 13 6 3 1 2 7 12 16 2 1 2 7 0 2 7 0 2 7 1 2 7 1 2 7 0 2 7 0 2 7 5 31 3 1 2 7 12 16 2 5 31 3 0 2 7 0 2 7 0 2 7 13 6 3 1 2 7 1 2 7 17 18 2 0 2 7 1 2 7 17 9 2 0 2 7 1 2 7 0 2 7 0 2 7 1 2 7 1 2 7 0 2 7 17 18 2 0 2 7 0 2 7 0 2 7 1 2 4 1 2 7 1 2 7 12 16 2 0 2 7 1 2 7 12 16 2 1 2 4 0 2 7 5 31 3 0 2 7 17 18 2 0 59.7211945056915283
1 2 7 0 2 7 0 2 7 13 6 3 1 2 7 0 2 4 17 18 2 0 2 7 17 18 2 1 2 7 0 2 7 0 2 7 16 6 2 13 6 3 1 2 7 12 16 2 1 2 7 0 2 7 0 2 7 1 2 7 1 2 7 0 2 7 0 2 7 5 31 3 1 2 7 12 16 2 5 31 3 0 2 7 0 2 7 0 2 7 13 6 3 1 2 7 1 2 7 17 18 2 0 2 7 1 2 7 17 9 2 0 2 7 1 2 7 0 2 7 0 2 7 1 2 7 1 2 7 0 2 7 17 18 2 0 2 7 0 2 7 0 2 4 1 2 7 1 2 7 1 2 7 12 16 2 0 2 7 1 2 7 12 16 2 1 2 4 0 2 7 5 31 3 0 2 7 17 18 2 0 59.7211945056915283
1 2 7 0 2 7 0 2 7 13 6 3 1 2 7 0 2 4 17 18 2 0 2 7 17 18 2 1 2 7 0 2 7 0 2 7 16 6 2 13 6 3 1 2 7 12 16 2 1 2 7 0 2 7 0 2 7 1 2 7 1 2 7 0 2 7 0 2 7 5 31 3 1 2 7 12 16 2 5 31 3 0 2 7 0 2 7 0 2 7 13 6 3 1 2 7 1 2 7 17 18 2 0 2 7 1 2 7 17 9 2 0 2 7 1 2 7 0 2 7 0 2 7 1 2 7 1 2 7 0 2 7 17 18 2 0 2 7 0 2 7 0 2 7 1 2 4 1 2 7 1 2 7 12 16 2 0 2 7 1 2 7 12 16 2 1 2 4 0 2 7 5 31 3 0 2 7 17 18 2 0 59.7211945056915283
0 2 7 1 2 7 1 2 7 1 2 3 0 2 4 1 2 7 16 6 2 0 2 4 17 18 2 12 16 2 0 2 7 0 2 7 16 15 2 5 30 3 0 2 11 5 30 3 0 2 7 0 2 7 0 2 7 0 2 7 0 2 7 5 30 3 0 2 4 1 2 7 0 2 3 0 2 7 5 30 3 1 2 7 0 2 3 0 2 3 5 31 3 1 2 7 0 2 7 17 9 2 0 2 7 1 2 7 8 9 2 16 18 11 1 2 7 17 9 2 1 2 7 6 2 7 1 2 3 0 2 7 8 18 2 13 6 3 0 2 7 1 2 4 0 2 3 0 2 4 0 2 3 12 16 2 1 2 3 0 2 11 12 16 2 0 2 7 0 2 7 5 30 3 0 2 7 17 18 2 0 62.0702836513519287
0 2 7 0 2 3 1 2 7 13 6 3 1 2 3 0 2 7 17 9 2 0 2 7 5 30 3 1 2 7 0 2 7 17 9 2 1 2 7 5 30 3 0 2 7 17 9 2 0 2 7 0 2 7 1 2 7 1 2 7 1 2 4 6 2 7 0 2 7 5 31 3 0 2 7 12 16 2 1 2 7 0 2 7 0 2 7 0 2 7 1 2 7 0 2 7 1 2 4 17 18 2 0 2 7 0 2 7 17 18 2 0 2 7 0 2 7 0 2 7 1 2 7 16 19 11 0 2 7 0 2 7 1 2 7 0 2 7 1 2 4 0 2 7 0 2 7 8 1 2 1 2 7 5 30 3 0 2 7 0 2 7 12 16 2 1 2 7 0 2 7 5 31 3 1 2 7 17 18 2 0 61.0251913666725159
0 2 7 1 2 7 0 2 4 0 2 7 0 2 7 1 2 7 17 18 2 1 2 4 17 18 2 0 2 4 0 2 7 0 2 7 16 6 2 13 6 3 0 2 7 12 16 2 1 2 7 0 2 7 0 2 7 5 31 3 1 2 7 0 2 7 1 2 7 5 30 3 1 2 4 12 16 2 5 31 3 0 2 7 0 2 7 0 2 7 13 6 3 1 2 7 1 2 7 17 18 2 1 2 7 0 2 4 17 9 2 1 2 7 0 2 4 1 2 7 0 2 4 12 16 2 1 2 7 0 2 7 8 18 2 0 2 4 0 2 7 1 2 7 0 2 7 0 2 7 0 2 7 12 16 2 1 2 7 16 6 2 12 16 2 0 2 7 0 2 7 5 31 3 1 2 7 17 18 2 0 60.3829444646835327
1 2 7 0 2 7 0 2 7 13 6 3 1 2 7 0 2 4 17 18 2 0 2 7 17 18 2 1 2 7 0 2 7 0 2 7 16 6 2 13 6 3 1 2 7 12 16 2 1 2 7 0 2 7 1 2 7 0 2 7 1 2 7 0 2 7 0 2 7 5 31 3 0 2 7 12 16 2 5 31 3 0 2 7 0 2 7 0 2 7 13 6 3 1 2 7 1 2 7 17 18 2 0 2 7 1 2 7 17 9 2 0 2 7 1 2 7 0 2 7 1 2 7 1 2 7 1 2 7 0 2 7 17 18 2 0 2 7 0 2 7 0 2 4 1 2 7 1 2 7 1 2 7 12 16 2 0 2 4 1 2 7 12 16 2 1 2 7 0 2 7 5 31 3 0 2 7 17 18 2 0 59.7211945056915283
0 2 7 0 2 7 16 6 2 1 2 7 0 2 3 0 2 7 8 9 2 0 2 3 5 30 3 0 2 7 0 2 7 0 2 7 16 6 2 16 15 2 0 2 7 12 16 2 0 2 7 0 2 7 0 2 7 5 31 3 1 2 7 0 2 7 0 2 7 17 9 2 0 2 7 16 19 11 5 31 3 6 2 7 0 2 7 0 2 7 12 16 2 5 31 3 0 2 7 5 30 3 6 2 4 0 2 7 5 30 3 0 2 3 1 2 3 1 2 7 0 2 7 1 2 7 0 2 7 1 2 7 8 18 2 0 2 7 0 2 7 8 9 2 0 2 7 0 2 7 0 2 7 12 16 2 5 30 3 16 6 2 12 16 2 1 2 11 16 30 2 12 16 2 1 2 7 0 2 7 0 62.4593082666397095
8 18 2 5 30 3 16 15 2 16 15 2 6 3 2 16 15 2 8 18 2 5 30 3 5 30 3 6 2 8 16 15 2 5 30 3 8 9 2 8 18 2 5 30 3 0 2 8 0 2 8 0 2 8 6 2 8 6 2 12 8 9 2 6 2 8 6 2 8 6 2 12 16 20 12 0 2 8 0 2 8 6 2 8 16 20 12 0 2 12 5 30 3 8 9 2 0 2 8 8 9 2 0 2 12 6 2 8 16 20 12 6 2 12 8 18 2 8 18 2 6 2 8 6 2 8 6 2 8 8 18 2 5 30 3 8 18 2 6 2 12 8 9 2 8 9 2 8 18 2 8 9 2 6 2 8 5 30 3 8 9 2 8 18 2 12 16 2 8 18 2 6 2 12 5 30 3 6 3 2 0.0874339467986067348 64.8063948154449463
1 2 7 0 2 7 0 2 7 13 6 3 1 2 7 0 2 4 17 18 2 0 2 7 17 18 2 1 2 7 0 2 7 0 2 7 16 6 2 13 6 3 1 2 7 12 16 2 1 2 7 0 2 7 0 2 7 1 2 7 1 2 7 0 2 7 0 2 7 5 31 3 1 2 7 12 16 2 5 31 3 0 2 7 0 2 7 0 2 7 13 6 3 1 2 7 1 2 7 17 18 2 0 2 7 1 2 7 17 9 2 0 2 7 1 2 7 0 2 7 0 2 7 1 2 7 1 2 7 0 2 7 17 18 2 0 2 7 0 2 7 0 2 7 1 2 4 1 2 7 1 2 7 12 16 2 0 2 7 1 2 7 12 16 2 1 2 4 0 2 7 5 31 3 0 2 7 17 18 2 0 59.7211945056915283

Current Evaluation = 15300(15300)
Front Size = 10
0 2 7 0 2 7 1 2 7 13 6 3 1 2 7 0 2 7 17 18 2 0 2 7 17 18 2 0 2 7 0 2 7 0 2 7 16 6 2 13 6 3 1 2 7 12 16 2 1 2 4 1 2 7 0 2 7 1 2 7 0 2 7 0 2 7 0 2 7 5 31 3 1 2 7 12 16 2 5 31 3 1 2 7 0 2 7 0 2 7 13 6 3 1 2 7 1 2 7 17 18 2 0 2 7 1 2 7 17 9 2 0 2 7 1 2 7 0 2 4 0 2 7 1 2 7 1 2 7 0 2 7 17 18 2 0 2 7 0 2 7 0 2 7 1 2 7 1 2 7 1 2 7 12 16 2 0 2 7 1 2 7 12 16 2 1 2 7 0 2 7 5 31 3 0 2 4 17 18 2 0 59.7211945056915283
0 2 7 0 2 7 1 2 7 13 6 3 1 2 7 0 2 7 17 18 2 0 2 7 17 18 2 0 2 7 0 2 7 0 2 7 16 6 2 13 6 3 1 2 7 12 16 2 1 2 4 1 2 7 0 2 7 1 2 7 0 2 7 0 2 7 0 2 7 5 31 3 1 2 7 12 16 2 5 31 3 1 2 7 0 2 7 0 2 7 13 6 3 1 2 7 1 2 7 17 18 2 0 2 7 1 2 7 17 9 2 0 2 7 1 2 7 0 2 4 0 2 7 1 2 7 1 2 7 0 2 7 17 18 2 0 2 7 0 2 7 0 2 7 1 2 7 1 2 7 1 2 7 12 16 2 0 2 7 1 2 7 12 16 2 1 2 7 0 2 7 5 31 3 0 2 4 17 18 2 0 59.7211945056915283
0 2 7 0 2 3 1 2 7 13 6 3 1 2 3 0 2 7 17 9 2 0 2 7 5 30 3 1 2 7 0 2 7 17 9 2 1 2 7 5 30 3 0 2 7 17 9 2 0 2 7 0 2 7 1 2 7 1 2 7 1 2 4 6 2 7 0 2 7 5 31 3 0 2 7 12 16 2 1 2 7 0 2 7 0 2 7 0 2 7 1 2 7 0 2 7 1 2 4 17 18 2 0 2 7 0 2 7 17 18 2 0 2 7 0 2 7 0 2 7 1 2 7 16 19 11 0 2 7 0 2 7 1 2 7 0 2 7 1 2 4 0 2 7 0 2 7 8 1 2 1 2 7 5 30 3 0 2 7 0 2 7 12 16 2 1 2 7 0 2 7 5 31 3 1 2 7 17 18 2 0 61.0251913666725159
0 2 7 0 2 7 0 2 7 13 6 3 1 2 7 0 2 7 17 18 2 0 2 7 17 18 2 0 2 7 0 2 7 0 2 7 16 6 2 13 6 3 1 2 7 12 16 2 1 2 7 1 2 7 0 2 7 1 2 7 1 2 4 0 2 7 0 2 7 5 31 3 1 2 7 12 16 2 5 31 3 0 2 7 0 2 4 0 2 7 13 6 3 1 2 7 1 2 7 17 18 2 0 2 7 1 2 7 17 9 2 0 2 7 1 2 7 1 2 7 0 2 7 1 2 7 1 2 7 0 2 7 17 18 2 0 2 7 0 2 7 0 2 7 1 2 7 1 2 4 1 2 7 12 16 2 0 2 7 1 2 7 12 16 2 1 2 7 0 2 7 5 31 3 0 2 7 17 18 2 0 59.7211945056915283
0 2 7 0 2 7 1 2 7 13 6 3 1 2 7 0 2 7 17 18 2 0 2 7 17 18 2 0 2 7 0 2 4 0 2 7 16 6 2 13 6 3 1 2 7 12 16 2 1 2 4 1 2 7 0 2 7 1 2 7 0 2 7 0 2 7 0 2 7 5 31 3 1 2 7 12 16 2 5 31 3 1 2 7 0 2 7 0 2 7 13 6 3 1 2 7 1 2 7 17 18 2 0 2 7 1 2 7 17 9 2 0 2 7 1 2 7 0 2 7 0 2 7 1 2 7 1 2 7 0 2 7 17 18 2 0 2 7 0 2 7 0 2 7 1 2 7 1 2 7 1 2 7 12 16 2 0 2 7 1 2 7 12 16 2 1 2 7 0 2 7 5 31 3 0 2 4 17 18 2 0 59.7211945056915283
0 2 7 0 2 8 16 19 11 16 6 2 8 18 2 12 16 2 8 9 2 0 2 8 16 19 11 1 2 8 1 2 8 5 30 3 0 2 3 8 18 2 8 18 2 1 2 8 0 2 7 0 2 3 1 2 8 0 2 8 0 2 7 0 2 3 0 2 3 5 30 3 12 16 2 0 2 8 1 2 8 0 2 12 0 2 8 0 2 8 5 30 3 0 2 3 1 2 3 17 9 2 0 2 8 0 2 8 16 6 2 0 2 8 16 6 2 0 2 7 0 2 7 1 2 8 0 2 8 0 2 8 1 2 12 0 2 7 0 2 3 0 2 8 8 18 2 0 2 3 1 2 8 0 2 8 5 30 3 0 2 8 5 30 3 0 2 8 5 30 3 5 30 3 5 30 3 17 9 2 0 66.5312711000442505
0 2 7 0 2 7 0 2 7 13 6 3 1 2 7 1 2 7 17 18 2 0 2 7 17 18 2 1 2 7 0 2 7 0 2 7 16 6 2 13 6 3 1 2 4 12 16 2 1 2 7 0 2 7 0 2 7 1 2 7 1 2 7 0 2 7 0 2 7 5 31 3 1 2 7 12 16 2 5 31 3 0 2 7 0 2 7 0 2 7 13 6 3 1 2 7 1 2 7 17 18 2 0 2 7 1 2 7 17 9 2 0 2 7 1 2 7 0 2 7 0 2 7 1 2 7 1 2 7 0 2 7 17 18 2 0 2 7 0 2 7 0 2 7 1 2 4 1 2 7 1 2 7 12 16 2 0 2 7 1 2 7 12 16 2 1 2 4 0 2 7 5 31 3 0 2 7 17 18 2 0 59.7211945056915283
0 2 7 0 2 7 13 6 3 1 2 7 0 2 7 1 2 7 16 6 2 0 2 7 17 18 2 12 16 2 0 2 4 0 2 7 16 15 2 5 30 3 1 2 3 5 30 3 0 2 7 1 2 3 1 2 7 0 2 3 0 2 3 5 30 3 0 2 7 1 2 7 0 2 7 1 2 7 5 30 3 5 30 3 0 2 7 0 2 3 5 30 3 0 2 7 0 2 7 17 9 2 0 2 7 1 2 7 8 9 2 16 18 8 1 2 7 17 9 2 0 2 7 1 2 3 1 2 7 0 2 7 8 18 2 13 6 3 0 2 4 0 2 7 0 2 7 0 2 7 1 2 7 12 16 2 0 2 7 0 2 7 12 16 2 0 2 7 0 2 3 5 30 3 0 2 3 17 18 2 0 61.8786672353744507
0 2 7 0 2 7 16 6 2 1 2 7 0 2 3 0 2 7 8 9 2 0 2 3 5 30 3 0 2 7 0 2 7 0 2 7 16 6 2 16 15 2 0 2 7 12 16 2 0 2 7 0 2 7 0 2 7 5 31 3 1 2 7 0 2 7 0 2 7 17 9 2 0 2 7 16 19 11 5 31 3 6 2 7 0 2 7 0 2 7 12 16 2 5 31 3 0 2 7 5 30 3 6 2 4 0 2 7 5 30 3 0 2 3 1 2 3 1 2 7 0 2 7 1 2 7 0 2 7 1 2 7 8 18 2 0 2 7 0 2 7 8 9 2 0 2 7 0 2 7 0 2 7 12 16 2 5 30 3 16 6 2 12 16 2 1 2 11 16 30 2 12 16 2 1 2 7 0 2 7 0 62.4593082666397095
0 2 7 0 2 7 1 2 7 13 6 3 1 2 7 0 2 7 17 18 2 0 2 7 17 18 2 0 2 7 0 2 7 0 2 7 16 6 2 13 6 3 1 2 7 12 16 2 1 2 4 1 2 7 0 2 7 1 2 7 0 2 7 0 2 7 0 2 7 5 31 3 1 2 7 12 16 2 5 31 3 1 2 7 0 2 7 0 2 7 13 6 3 1 2 7 1 2 7 17 18 2 0 2 7 1 2 7 17 9 2 0 2 7 1 2 7 0 2 4 0 2 7 1 2 7 1 2 7 0 2 7 17 18 2 0 2 7 0 2 7 0 2 7 1 2 7 1 2 7 1 2 7 12 16 2 0 2 7 1 2 7 12 16 2 1 2 7 0 2 7 5 31 3 0 2 4 17 18 2 0 59.7211945056915283

Current Evaluation = 16200(16200)
Front Size = 10
0 2 7 0 2 7 0 2 7 13 6 3 1 2 7 1 2 7 17 18 2 0 2 7 17 18 2 1 2 7 0 2 7 0 2 7 16 6 2 13 6 3 1 2 7 12 16 2 1 2 7 0 2 7 0 2 7 1 2 7 1 2 7 0 2 7 0 2 7 5 31 3 1 2 7 12 16 2 5 31 3 0 2 7 0 2 7 0 2 7 13 6 3 1 2 7 1 2 4 17 18 2 0 2 7 1 2 7 17 9 2 0 2 7 1 2 7 0 2 7 0 2 7 1 2 7 1 2 7 0 2 7 17 18 2 0 2 7 0 2 7 0 2 7 1 2 7 1 2 7 1 2 7 12 16 2 0 2 7 1 2 7 12 16 2 1 2 4 0 2 7 5 31 3 0 2 4 17 18 2 0 59.7211945056915283
0 2 7 0 2 7 0 2 7 13 6 3 1 2 7 1 2 7 17 18 2 0 2 7 17 18 2 1 2 7 0 2 7 0 2 7 16 6 2 13 6 3 1 2 7 12 16 2 1 2 7 0 2 7 0 2 7 1 2 7 1 2 7 0 2 7 0 2 7 5 31 3 1 2 7 12 16 2 5 31 3 0 2 7 0 2 7 0 2 7 13 6 3 1 2 7 1 2 4 17 18 2 0 2 7 1 2 7 17 9 2 0 2 7 1 2 7 0 2 7 0 2 7 1 2 7 1 2 7 0 2 7 17 18 2 0 2 7 0 2 7 0 2 7 1 2 7 1 2 7 1 2 7 12 16 2 0 2 7 1 2 7 12 16 2 1 2 4 0 2 7 5 31 3 0 2 4 17 18 2 0 59.7211945056915283
1 2 7 1 2 7 13 6 3 1 2 7 0 2 7 1 2 7 16 15 2 0 2 7 17 18 2 12 16 2 0 2 7 0 2 7 16 6 2 5 30 3 1 2 7 5 30 3 0 2 7 0 2 7 1 2 7 0 2 7 0 2 7 5 30 3 0 2 7 1 2 7 0 2 7 1 2 7 5 30 3 5 30 3 0 2 7 0 2 7 5 30 3 0 2 7 0 2 7 17 9 2 0 2 7 6 2 7 8 9 2 16 19 11 5 31 3 17 9 2 0 2 7 1 2 11 0 2 7 0 2 7 8 18 2 13 6 3 0 2 7 0 2 7 6 2 7 0 2 7 0 2 3 12 16 2 0 2 7 0 2 7 12 16 2 0 2 7 0 2 7 5 30 3 0 2 7 17 18 2 0 61.6723600625991821
0 2 7 0 2 7 0 2 7 13 6 3 1 2 7 1 2 7 17 18 2 0 2 7 17 18 2 1 2 7 0 2 7 0 2 7 16 6 2 13 6 3 1 2 7 12 16 2 1 2 7 0 2 7 0 2 7 1 2 7 1 2 7 0 2 7 0 2 7 5 31 3 1 2 7 12 16 2 5 31 3 0 2 7 0 2 7 0 2 7 13 6 3 1 2 7 1 2 4 17 18 2 0 2 7 1 2 7 17 9 2 0 2 7 1 2 7 0 2 7 0 2 4 1 2 7 1 2 7 0 2 7 17 18 2 0 2 7 0 2 7 0 2 7 1 2 7 1 2 7 1 2 7 12 16 2 0 2 7 1 2 7 12 16 2 1 2 7 0 2 7 5 31 3 0 2 4 17 18 2 0 59.7211945056915283
0 2 7 0 2 7 16 6 2 1 2 7 0 2 3 0 2 7 8 9 2 0 2 3 5 30 3 0 2 7 0 2 7 0 2 7 16 6 2 16 15 2 0 2 7 12 16 2 0 2 7 0 2 7 0 2 7 5 31 3 1 2 7 0 2 7 0 2 7 17 9 2 0 2 7 16 19 11 5 31 3 6 2 7 0 2 7 0 2 7 12 16 2 5 31 3 0 2 7 5 30 3 6 2 4 0 2 7 5 30 3 0 2 3 1 2 3 1 2 7 0 2 7 1 2 7 0 2 7 1 2 7 8 18 2 0 2 7 0 2 7 8 9 2 0 2 7 0 2 7 0 2 7 12 16 2 5 30 3 16 6 2 12 16 2 1 2 11 16 30 2 12 16 2 1 2 7 0 2 7 0 62.4593082666397095
0 2 7 0 2 7 0 2 7 13 6 3 1 2 7 1 2 7 17 18 2 0 2 7 17 18 2 1 2 7 0 2 7 0 2 7 16 6 2 13 6 3 1 2 7 12 16 2 1 2 7 0 2 7 0 2 7 1 2 7 1 2 7 0 2 7 0 2 7 5 31 3 1 2 7 12 16 2 5 31 3 0 2 7 0 2 7 0 2 7 13 6 3 1 2 7 1 2 4 17 18 2 0 2 7 1 2 7 17 9 2 0 2 7 1 2 7 0 2 7 0 2 4 1 2 7 1 2 7 0 2 7 17 18 2 0 2 7 0 2 7 0 2 7 1 2 7 1 2 7 1 2 7 12 16 2 0 2 7 1 2 7 12 16 2 1 2 7 0 2 7 5 31 3 0 2 4 17 18 2 0 59.7211945056915283
0 2 7 0 2 8 16 19 11 16 6 2 8 18 2 12 16 2 8 9 2 0 2 8 16 19 11 1 2 8 1 2 8 5 30 3 0 2 3 8 18 2 8 18 2 1 2 8 0 2 7 0 2 3 1 2 8 0 2 8 0 2 7 0 2 3 0 2 3 5 30 3 12 16 2 0 2 8 1 2 8 0 2 12 0 2 8 0 2 8 5 30 3 0 2 3 1 2 3 17 9 2 0 2 8 0 2 8 16 6 2 0 2 8 16 6 2 0 2 7 0 2 7 1 2 8 0 2 8 0 2 8 1 2 12 0 2 7 0 2 3 0 2 8 8 18 2 0 2 3 1 2 8 0 2 8 5 30 3 0 2 8 5 30 3 0 2 8 5 30 3 5 30 3 5 30 3 17 9 2 0 66.5312711000442505
0 2 7 0 2 7 1 2 7 13 6 3 1 2 7 0 2 7 17 9 2 0 2 7 5 30 3 1 2 7 0 2 7 17 9 2 1 2 7 5 30 3 0 2 7 17 9 2 0 2 7 0 2 7 0 2 7 1 2 7 1 2 4 1 2 7 0 2 4 5 31 3 0 2 7 12 16 2 1 2 7 0 2 7 0 2 7 0 2 4 0 2 7 0 2 7 1 2 7 17 18 2 0 2 7 0 2 7 17 18 2 0 2 7 0 2 7 5 31 3 1 2 7 16 9 11 0 2 7 0 2 7 1 2 7 0 2 7 1 2 4 0 2 7 1 2 7 8 9 2 1 2 7 5 30 3 0 2 7 0 2 7 12 16 2 1 2 7 0 2 7 5 30 3 1 2 7 17 1 2 0 60.9954604506492615
0 2 7 0 2 7 0 2 7 13 6 3 1 2 7 1 2 7 17 18 2 0 2 7 17 18 2 1 2 7 0 2 7 0 2 7 16 6 2 13 6 3 1 2 7 12 16 2 1 2 7 0 2 7 0 2 7 1 2 7 1 2 7 0 2 7 0 2 7 5 31 3 1 2 7 12 16 2 5 31 3 0 2 7 0 2 7 0 2 7 13 6 3 1 2 7 1 2 7 17 18 2 0 2 7 1 2 7 17 9 2 0 2 7 1 2 7 0 2 7 0 2 4 1 2 7 1 2 7 0 2 7 17 18 2 0 2 7 0 2 7 0 2 7 1 2 7 1 2 7 1 2 7 12 16 2 0 2 7 1 2 7 12 16 2 1 2 4 0 2 7 5 31 3 0 2 4 17 18 2 0 59.7211945056915283
0 2 7 0 2 7 0 2 7 13 6 3 1 2 7 1 2 7 17 18 2 0 2 7 17 18 2 1 2 7 0 2 7 0 2 7 16 6 2 13 6 3 1 2 7 12 16 2 1 2 7 0 2 7 0 2 7 1 2 7 1 2 7 0 2 7 0 2 7 5 31 3 1 2 7 12 16 2 5 31 3 0 2 7 0 2 7 0 2 7 13 6 3 1 2 7 1 2 4 17 18 2 0 2 7 1 2 7 17 9 2 0 2 7 1 2 7 0 2 7 0 2 7 1 2 7 1 2 7 0 2 7 17 18 2 0 2 7 0 2 7 0 2 7 1 2 7 1 2 7 1 2 7 12 16 2 0 2 7 1 2 7 12 16 2 1 2 4 0 2 7 5 31 3 0 2 4 17 18 2 0 59.7211945056915283

Current Evaluation = 17100(17100)
Front Size = 10
0 2 7 0 2 7 0 2 7 13 6 3 1 2 7 1 2 7 17 18 2 0 2 7 17 18 2 1 2 7 0 2 7 0 2 7 16 6 2 13 6 3 1 2 7 12 16 2 1 2 7 0 2 7 0 2 7 1 2 7 1 2 7 0 2 7 0 2 7 5 31 3 1 2 7 12 16 2 5 31 3 0 2 7 0 2 7 0 2 7 13 6 3 1 2 7 1 2 7 17 18 2 0 2 7 1 2 7 17 9 2 0 2 7 1 2 7 0 2 4 0 2 7 1 2 7 1 2 7 0 2 7 17 18 2 0 2 7 0 2 7 0 2 7 1 2 7 1 2 4 1 2 7 12 16 2 0 2 7 1 2 7 12 16 2 1 2 7 0 2 7 5 31 3 0 2 4 17 18 2 0 59.7211945056915283
0 2 7 0 2 8 16 19 11 16 6 2 8 18 2 12 16 2 8 9 2 0 2 8 16 19 11 1 2 8 1 2 8 5 30 3 0 2 3 8 18 2 8 18 2 1 2 8 0 2 7 0 2 3 1 2 8 0 2 8 0 2 7 0 2 3 0 2 3 5 30 3 12 16 2 0 2 8 1 2 8 0 2 12 0 2 8 0 2 8 5 30 3 0 2 3 1 2 3 17 9 2 0 2 8 0 2 8 16 6 2 0 2 8 16 6 2 0 2 7 0 2 7 1 2 8 0 2 8 0 2 8 1 2 12 0 2 7 0 2 3 0 2 8 8 18 2 0 2 3 1 2 8 0 2 8 5 30 3 0 2 8 5 30 3 0 2 8 5 30 3 5 30 3 5 30 3 17 9 2 0 66.5312711000442505
0 2 7 0 2 7 16 6 2 1 2 7 0 2 3 0 2 7 8 9 2 0 2 3 5 30 3 0 2 7 0 2 7 0 2 7 16 6 2 16 15 2 0 2 7 12 16 2 0 2 7 0 2 7 0 2 7 5 31 3 1 2 7 0 2 7 0 2 7 17 9 2 0 2 7 16 19 11 5 31 3 6 2 7 0 2 7 0 2 7 12 16 2 5 31 3 0 2 7 5 30 3 6 2 4 0 2 7 5 30 3 0 2 3 1 2 3 1 2 7 0 2 7 1 2 7 0 2 7 1 2 7 8 18 2 0 2 7 0 2 7 8 9 2 0 2 7 0 2 7 0 2 7 12 16 2 5 30 3 16 6 2 12 16 2 1 2 11 16 30 2 12 16 2 1 2 7 0 2 7 0 62.4593082666397095
1 2 7 1 2 7 13 6 3 1 2 7 0 2 7 1 2 7 16 15 2 0 2 7 17 18 2 12 16 2 0 2 7 0 2 7 16 6 2 5 30 3 1 2 7 5 30 3 0 2 7 0 2 7 1 2 7 0 2 7 0 2 7 5 30 3 0 2 7 1 2 7 0 2 7 1 2 7 5 30 3 5 30 3 0 2 7 0 2 7 5 30 3 0 2 7 0 2 7 17 9 2 0 2 7 6 2 7 8 9 2 16 19 11 5 31 3 17 9 2 0 2 7 1 2 11 0 2 7 0 2 7 8 18 2 13 6 3 0 2 7 0 2 7 6 2 7 0 2 7 0 2 3 12 16 2 0 2 7 0 2 7 12 16 2 0 2 7 0 2 7 5 30 3 0 2 7 17 18 2 0 61.6723600625991821
0 2 7 0 2 7 0 2 7 13 6 3 1 2 7 1 2 7 17 18 2 0 2 7 17 18 2 1 2 7 0 2 7 0 2 7 16 6 2 13 6 3 1 2 7 12 16 2 1 2 7 0 2 7 0 2 7 1 2 7 1 2 7 0 2 7 0 2 7 5 31 3 1 2 7 12 16 2 5 31 3 0 2 7 0 2 7 0 2 7 13 6 3 1 2 7 1 2 4 17 18 2 0 2 7 1 2 7 17 9 2 0 2 7 1 2 7 0 2 7 0 2 7 1 2 7 1 2 7 0 2 7 17 18 2 0 2 7 0 2 7 0 2 7 1 2 7 1 2 4 1 2 4 12 16 2 0 2 7 1 2 7 12 16 2 1 2 7 0 2 7 5 31 3 0 2 7 17 18 2 0 59.7211945056915283
0 2 7 0 2 7 1 2 7 13 6 3 1 2 7 0 2 7 17 9 2 0 2 7 5 30 3 1 2 7 0 2 7 17 9 2 1 2 7 5 30 3 0 2 7 17 9 2 0 2 7 0 2 7 0 2 7 1 2 7 1 2 4 1 2 7 0 2 4 5 31 3 0 2 7 12 16 2 1 2 7 0 2 7 0 2 7 0 2 4 0 2 7 0 2 7 1 2 7 17 18 2 0 2 7 0 2 7 17 18 2 0 2 7 0 2 7 5 31 3 1 2 7 16 9 11 0 2 7 0 2 7 1 2 7 0 2 7 1 2 4 0 2 7 1 2 7 8 9 2 1 2 7 5 30 3 0 2 7 0 2 7 12 16 2 1 2 7 0 2 7 5 30 3 1 2 7 17 1 2 0 60.9954604506492615
0 2 7 0 2 7 0 2 7 13 6 3 1 2 7 1 2 7 17 18 2 0 2 7 17 18 2 1 2 7 0 2 7 0 2 7 16 6 2 13 6 3 1 2 7 12 16 2 1 2 7 0 2 7 0 2 7 1 2 7 1 2 7 0 2 7 0 2 7 5 31 3 1 2 7 12 16 2 5 31 3 0 2 7 0 2 7 0 2 7 13 6 3 1 2 7 1 2 7 17 18 2 0 2 7 1 2 4 17 9 2 0 2 7 1 2 7 0 2 7 0 2 7 1 2 7 1 2 7 0 2 7 17 18 2 0 2 7 0 2 7 0 2 7 1 2 7 1 2 4 1 2 7 12 16 2 0 2 7 1 2 7 12 16 2 1 2 7 0 2 7 5 31 3 0 2 4 17 18 2 0 59.7211945056915283
0 2 7 0 2 7 0 2 7 13 6 3 1 2 7 1 2 7 17 18 2 0 2 7 17 18 2 1 2 7 0 2 7 0 2 7 16 6 2 13 6 3 1 2 7 12 16 2 1 2 7 0 2 7 0 2 7 1 2 7 1 2 7 0 2 7 0 2 7 5 31 3 1 2 7 12 16 2 5 31 3 0 2 7 0 2 7 0 2 7 13 6 3 1 2 7 1 2 7 17 18 2 0 2 7 1 2 7 17 9 2 0 2 7 1 2 7 0 2 4 0 2 7 1 2 7 1 2 7 0 2 7 17 18 2 0 2 7 0 2 4 0 2 7 1 2 7 1 2 7 1 2 7 12 16 2 0 2 7 1 2 7 12 16 2 1 2 7 0 2 7 5 31 3 0 2 4 17 18 2 0 59.7211945056915283
0 2 7 0 2 7 0 2 4 13 6 3 1 2 7 1 2 7 17 18 2 0 2 7 17 18 2 1 2 7 0 2 7 0 2 7 16 6 2 13 6 3 1 2 7 12 16 2 1 2 7 0 2 7 0 2 7 1 2 7 1 2 7 0 2 7 0 2 7 5 31 3 1 2 7 12 16 2 5 31 3 0 2 7 0 2 7 0 2 7 13 6 3 1 2 7 1 2 7 17 18 2 0 2 7 1 2 7 17 9 2 0 2 7 1 2 7 0 2 7 0 2 4 1 2 7 1 2 7 0 2 7 17 18 2 0 2 7 0 2 7 0 2 7 1 2 7 1 2 7 1 2 7 12 16 2 0 2 7 1 2 7 12 16 2 1 2 7 0 2 7 5 31 3 0 2 4 17 18 2 0 59.7211945056915283
0 2 7 0 2 7 0 2 7 13 6 3 1 2 7 1 2 7 17 18 2 0 2 7 17 18 2 1 2 7 0 2 7 0 2 7 16 6 2 13 6 3 1 2 7 12 16 2 1 2 7 0 2 7 0 2 7 1 2 7 1 2 7 0 2 7 0 2 7 5 31 3 1 2 7 12 16 2 5 31 3 0 2 7 0 2 7 0 2 7 13 6 3 1 2 7 1 2 7 17 18 2 0 2 7 1 2 4 17 9 2 0 2 7 1 2 7 0 2 7 0 2 7 1 2 7 1 2 7 0 2 7 17 18 2 0 2 7 0 2 4 0 2 7 1 2 7 1 2 7 1 2 7 12 16 2 0 2 7 1 2 7 12 16 2 1 2 7 0 2 7 5 31 3 0 2 4 17 18 2 0 59.7211945056915283

Current Evaluation = 18000(18000)
Front Size = 10
0 2 7 0 2 7 0 2 7 13 6 3 1 2 7 1 2 7 17 18 2 0 2 7 17 18 2 1 2 7 0 2 7 0 2 7 16 6 2 13 6 3 1 2 7 12 16 2 1 2 7 0 2 7 0 2 7 1 2 7 1 2 7 0 2 7 0 2 7 5 31 3 1 2 7 12 16 2 5 31 3 0 2 7 0 2 7 0 2 7 13 6 3 1 2 7 1 2 7 17 18 2 0 2 7 1 2 7 17 9 2 0 2 7 1 2 7 0 2 7 0 2 7 1 2 4 1 2 7 0 2 7 17 18 2 0 2 7 0 2 7 0 2 7 1 2 7 1 2 7 1 2 4 12 16 2 0 2 7 1 2 7 12 16 2 1 2 7 0 2 7 5 31 3 0 2 4 17 18 2 0 59.7211945056915283
0 2 7 0 2 7 0 2 7 13 6 3 1 2 7 1 2 7 17 18 2 0 2 7 17 18 2 1 2 7 0 2 7 0 2 7 16 6 2 13 6 3 1 2 7 12 16 2 1 2 7 0 2 7 0 2 7 1 2 7 1 2 7 0 2 7 0 2 7 5 31 3 1 2 7 12 16 2 5 31 3 0 2 7 0 2 7 0 2 7 13 6 3 1 2 7 1 2 7 17 18 2 0 2 7 1 2 7 17 9 2 0 2 7 1 2 7 0 2 7 0 2 7 1 2 4 1 2 7 0 2 7 17 18 2 0 2 7 0 2 7 0 2 7 1 2 7 1 2 7 1 2 4 12 16 2 0 2 7 1 2 7 12 16 2 1 2 7 0 2 7 5 31 3 0 2 4 17 18 2 0 59.7211945056915283
0 2 7 0 2 7 0 2 7 13 6 3 1 2 7 1 2 7 17 18 2 0 2 7 17 18 2 1 2 7 0 2 7 0 2 7 16 6 2 13 6 3 1 2 7 12 16 2 1 2 7 0 2 7 0 2 7 1 2 7 1 2 7 0 2 7 0 2 7 5 31 3 1 2 7 12 16 2 5 31 3 0 2 7 0 2 7 0 2 7 13 6 3 1 2 7 1 2 7 17 18 2 0 2 4 1 2 7 17 9 2 0 2 7 1 2 7 0 2 7 0 2 7 1 2 7 1 2 7 0 2 7 17 18 2 0 2 7 0 2 7 0 2 7 1 2 7 1 2 7 1 2 4 12 16 2 0 2 7 1 2 7 12 16 2 1 2 7 0 2 7 5 31 3 0 2 4 17 18 2 0 59.7211945056915283
0 2 7 0 2 7 0 2 7 13 6 3 1 2 7 1 2 7 17 18 2 0 2 7 17 18 2 1 2 4 0 2 7 0 2 7 16 6 2 13 6 3 1 2 7 12 16 2 1 2 7 0 2 7 0 2 7 1 2 7 1 2 7 0 2 7 0 2 7 5 31 3 1 2 7 12 16 2 5 31 3 0 2 7 0 2 7 0 2 7 13 6 3 1 2 7 1 2 7 17 18 2 0 2 7 1 2 7 17 9 2 0 2 7 1 2 7 0 2 7 0 2 7 1 2 4 1 2 7 0 2 7 17 18 2 0 2 7 0 2 7 0 2 7 1 2 7 1 2 7 1 2 4 12 16 2 0 2 7 1 2 7 12 16 2 1 2 7 0 2 7 5 31 3 0 2 7 17 18 2 0 59.7211945056915283
0 2 7 0 2 7 16 6 2 1 2 7 0 2 3 0 2 7 8 9 2 0 2 3 5 30 3 0 2 7 0 2 7 0 2 7 16 6 2 16 15 2 0 2 7 12 16 2 0 2 7 0 2 7 0 2 7 5 31 3 1 2 7 0 2 7 0 2 7 17 9 2 0 2 7 16 19 11 5 31 3 6 2 7 0 2 7 0 2 7 12 16 2 5 31 3 0 2 7 5 30 3 6 2 4 0 2 7 5 30 3 0 2 3 1 2 3 1 2 7 0 2 7 1 2 7 0 2 7 1 2 7 8 18 2 0 2 7 0 2 7 8 9 2 0 2 7 0 2 7 0 2 7 12 16 2 5 30 3 16 6 2 12 16 2 1 2 11 16 30 2 12 16 2 1 2 7 0 2 7 0 62.4593082666397095
0 2 7 0 2 8 16 19 11 16 6 2 8 18 2 12 16 2 8 9 2 0 2 8 16 19 11 1 2 8 1 2 8 5 30 3 0 2 3 8 18 2 8 18 2 1 2 8 0 2 7 0 2 3 1 2 8 0 2 8 0 2 7 0 2 3 0 2 3 5 30 3 12 16 2 0 2 8 1 2 8 0 2 12 0 2 8 0 2 8 5 30 3 0 2 3 1 2 3 17 9 2 0 2 8 0 2 8 16 6 2 0 2 8 16 6 2 0 2 7 0 2 7 1 2 8 0 2 8 0 2 8 1 2 12 0 2 7 0 2 3 0 2 8 8 18 2 0 2 3 1 2 8 0 2 8 5 30 3 0 2 8 5 30 3 0 2 8 5 30 3 5 30 3 5 30 3 17 9 2 0 66.5312711000442505
0 2 7 0 2 7 0 2 7 13 6 3 1 2 7 1 2 7 17 18 2 0 2 7 17 18 2 1 2 4 0 2 7 0 2 7 16 6 2 13 6 3 1 2 7 12 16 2 1 2 7 0 2 7 0 2 7 1 2 7 1 2 7 0 2 7 0 2 7 5 31 3 1 2 7 12 16 2 5 31 3 0 2 7 0 2 7 0 2 7 13 6 3 1 2 7 1 2 7 17 18 2 0 2 4 1 2 7 17 9 2 0 2 7 1 2 7 0 2 7 0 2 7 1 2 7 1 2 7 0 2 7 17 18 2 0 2 7 0 2 7 0 2 7 1 2 7 1 2 7 1 2 4 12 16 2 0 2 7 1 2 7 12 16 2 1 2 7 0 2 7 5 31 3 0 2 7 17 18 2 0 59.7211945056915283
0 2 7 0 2 7 1 2 7 13 6 3 1 2 7 0 2 7 17 9 2 0 2 7 5 30 3 1 2 7 0 2 7 17 9 2 1 2 7 5 30 3 0 2 7 17 9 2 0 2 7 0 2 7 0 2 7 1 2 7 1 2 4 1 2 7 0 2 4 5 31 3 0 2 7 12 16 2 1 2 7 0 2 7 0 2 7 0 2 4 0 2 7 0 2 7 1 2 7 17 18 2 0 2 7 0 2 7 17 18 2 0 2 7 0 2 7 5 31 3 1 2 7 16 9 11 0 2 7 0 2 7 1 2 7 0 2 7 1 2 4 0 2 7 1 2 7 8 9 2 1 2 7 5 30 3 0 2 7 0 2 7 12 16 2 1 2 7 0 2 7 5 30 3 1 2 7 17 1 2 0 60.9954604506492615
1 2 7 1 2 7 13 6 3 1 2 7 0 2 7 1 2 7 16 15 2 0 2 7 17 18 2 12 16 2 0 2 7 0 2 7 16 6 2 5 30 3 1 2 7 5 30 3 0 2 7 0 2 7 1 2 7 0 2 7 0 2 7 5 30 3 0 2 7 1 2 7 0 2 7 1 2 7 5 30 3 5 30 3 0 2 7 0 2 7 5 30 3 0 2 7 0 2 7 17 9 2 0 2 7 6 2 7 8 9 2 16 19 11 5 31 3 17 9 2 0 2 7 1 2 11 0 2 7 0 2 7 8 18 2 13 6 3 0 2 7 0 2 7 6 2 7 0 2 7 0 2 3 12 16 2 0 2 7 0 2 7 12 16 2 0 2 7 0 2 7 5 30 3 0 2 7 17 18 2 0 61.6723600625991821
0 2 7 0 2 7 0 2 7 13 6 3 1 2 7 1 2 7 17 18 2 0 2 7 17 18 2 1 2 7 0 2 7 0 2 7 16 6 2 13 6 3 1 2 7 12 16 2 1 2 7 0 2 7 0 2 7 1 2 7 1 2 7 0 2 7 0 2 7 5 31 3 1 2 7 12 16 2 5 31 3 0 2 7 0 2 7 0 2 7 13 6 3 1 2 7 1 2 7 17 18 2 0 2 7 1 2 7 17 9 2 0 2 7 1 2 7 0 2 7 0 2 7 1 2 4 1 2 7 0 2 7 17 18 2 0 2 7 0 2 7 0 2 7 1 2 7 1 2 7 1 2 4 12 16 2 0 2 7 1 2 7 12 16 2 1 2 7 0 2 7 5 31 3 0 2 4 17 18 2 0 59.7211945056915283

MonoObjective Genetic Algorithm
Number of Evaluations = 0
Mutation Probability = 0
Crossover Probability = 1
Population Size = 10
Survival Selection Type = 5

Time =  18011.1663107872009

Current Evaluation = 2102
Front Size = 10
0 2 7 0 2 7 0 2 7 13 6 3 1 2 7 1 2 7 17 18 2 0 2 7 17 18 2 1 2 7 0 2 7 0 2 7 16 6 2 13 6 3 1 2 7 12 16 2 1 2 7 0 2 7 0 2 7 1 2 7 1 2 7 0 2 7 0 2 7 5 31 3 1 2 7 12 16 2 5 31 3 0 2 7 0 2 7 0 2 7 13 6 3 1 2 7 1 2 7 17 18 2 0 2 7 1 2 7 17 9 2 0 2 7 1 2 7 0 2 7 0 2 7 1 2 4 1 2 7 0 2 7 17 18 2 0 2 7 0 2 7 0 2 7 1 2 7 1 2 7 1 2 4 12 16 2 0 2 7 1 2 7 12 16 2 1 2 7 0 2 7 5 31 3 0 2 4 17 18 2 0 59.7211945056915283
0 2 7 0 2 7 0 2 7 13 6 3 1 2 7 1 2 7 17 18 2 0 2 7 17 18 2 1 2 7 0 2 7 0 2 7 16 6 2 13 6 3 1 2 7 12 16 2 1 2 7 0 2 7 0 2 7 1 2 7 1 2 7 0 2 7 0 2 7 5 31 3 1 2 7 12 16 2 5 31 3 0 2 7 0 2 7 0 2 7 13 6 3 1 2 7 1 2 7 17 18 2 0 2 7 1 2 7 17 9 2 0 2 7 1 2 7 0 2 7 0 2 7 1 2 4 1 2 7 0 2 7 17 18 2 0 2 7 0 2 7 0 2 7 1 2 7 1 2 7 1 2 4 12 16 2 0 2 7 1 2 7 12 16 2 1 2 7 0 2 7 5 31 3 0 2 4 17 18 2 0 59.7211945056915283
0 2 7 0 2 7 0 2 7 13 6 3 1 2 7 1 2 7 17 18 2 0 2 7 17 18 2 1 2 7 0 2 7 0 2 7 16 6 2 13 6 3 1 2 7 12 16 2 1 2 7 0 2 7 0 2 7 1 2 7 1 2 7 0 2 7 0 2 7 5 31 3 1 2 7 12 16 2 5 31 3 0 2 7 0 2 7 0 2 7 13 6 3 1 2 7 1 2 7 17 18 2 0 2 4 1 2 7 17 9 2 0 2 7 1 2 7 0 2 7 0 2 7 1 2 7 1 2 7 0 2 7 17 18 2 0 2 7 0 2 7 0 2 7 1 2 7 1 2 7 1 2 4 12 16 2 0 2 7 1 2 7 12 16 2 1 2 7 0 2 7 5 31 3 0 2 4 17 18 2 0 59.7211945056915283
0 2 7 0 2 7 0 2 7 13 6 3 1 2 7 1 2 7 17 18 2 0 2 7 17 18 2 1 2 4 0 2 7 0 2 7 16 6 2 13 6 3 1 2 7 12 16 2 1 2 7 0 2 7 0 2 7 1 2 7 1 2 7 0 2 7 0 2 7 5 31 3 1 2 7 12 16 2 5 31 3 0 2 7 0 2 7 0 2 7 13 6 3 1 2 7 1 2 7 17 18 2 0 2 7 1 2 7 17 9 2 0 2 7 1 2 7 0 2 7 0 2 7 1 2 4 1 2 7 0 2 7 17 18 2 0 2 7 0 2 7 0 2 7 1 2 7 1 2 7 1 2 4 12 16 2 0 2 7 1 2 7 12 16 2 1 2 7 0 2 7 5 31 3 0 2 7 17 18 2 0 59.7211945056915283
0 2 7 0 2 7 16 6 2 1 2 7 0 2 3 0 2 7 8 9 2 0 2 3 5 30 3 0 2 7 0 2 7 0 2 7 16 6 2 16 15 2 0 2 7 12 16 2 0 2 7 0 2 7 0 2 7 5 31 3 1 2 7 0 2 7 0 2 7 17 9 2 0 2 7 16 19 11 5 31 3 6 2 7 0 2 7 0 2 7 12 16 2 5 31 3 0 2 7 5 30 3 6 2 4 0 2 7 5 30 3 0 2 3 1 2 3 1 2 7 0 2 7 1 2 7 0 2 7 1 2 7 8 18 2 0 2 7 0 2 7 8 9 2 0 2 7 0 2 7 0 2 7 12 16 2 5 30 3 16 6 2 12 16 2 1 2 11 16 30 2 12 16 2 1 2 7 0 2 7 0 62.4593082666397095
0 2 7 0 2 8 16 19 11 16 6 2 8 18 2 12 16 2 8 9 2 0 2 8 16 19 11 1 2 8 1 2 8 5 30 3 0 2 3 8 18 2 8 18 2 1 2 8 0 2 7 0 2 3 1 2 8 0 2 8 0 2 7 0 2 3 0 2 3 5 30 3 12 16 2 0 2 8 1 2 8 0 2 12 0 2 8 0 2 8 5 30 3 0 2 3 1 2 3 17 9 2 0 2 8 0 2 8 16 6 2 0 2 8 16 6 2 0 2 7 0 2 7 1 2 8 0 2 8 0 2 8 1 2 12 0 2 7 0 2 3 0 2 8 8 18 2 0 2 3 1 2 8 0 2 8 5 30 3 0 2 8 5 30 3 0 2 8 5 30 3 5 30 3 5 30 3 17 9 2 0 66.5312711000442505
0 2 7 0 2 7 0 2 7 13 6 3 1 2 7 1 2 7 17 18 2 0 2 7 17 18 2 1 2 4 0 2 7 0 2 7 16 6 2 13 6 3 1 2 7 12 16 2 1 2 7 0 2 7 0 2 7 1 2 7 1 2 7 0 2 7 0 2 7 5 31 3 1 2 7 12 16 2 5 31 3 0 2 7 0 2 7 0 2 7 13 6 3 1 2 7 1 2 7 17 18 2 0 2 4 1 2 7 17 9 2 0 2 7 1 2 7 0 2 7 0 2 7 1 2 7 1 2 7 0 2 7 17 18 2 0 2 7 0 2 7 0 2 7 1 2 7 1 2 7 1 2 4 12 16 2 0 2 7 1 2 7 12 16 2 1 2 7 0 2 7 5 31 3 0 2 7 17 18 2 0 59.7211945056915283
0 2 7 0 2 7 1 2 7 13 6 3 1 2 7 0 2 7 17 9 2 0 2 7 5 30 3 1 2 7 0 2 7 17 9 2 1 2 7 5 30 3 0 2 7 17 9 2 0 2 7 0 2 7 0 2 7 1 2 7 1 2 4 1 2 7 0 2 4 5 31 3 0 2 7 12 16 2 1 2 7 0 2 7 0 2 7 0 2 4 0 2 7 0 2 7 1 2 7 17 18 2 0 2 7 0 2 7 17 18 2 0 2 7 0 2 7 5 31 3 1 2 7 16 9 11 0 2 7 0 2 7 1 2 7 0 2 7 1 2 4 0 2 7 1 2 7 8 9 2 1 2 7 5 30 3 0 2 7 0 2 7 12 16 2 1 2 7 0 2 7 5 30 3 1 2 7 17 1 2 0 60.9954604506492615
1 2 7 1 2 7 13 6 3 1 2 7 0 2 7 1 2 7 16 15 2 0 2 7 17 18 2 12 16 2 0 2 7 0 2 7 16 6 2 5 30 3 1 2 7 5 30 3 0 2 7 0 2 7 1 2 7 0 2 7 0 2 7 5 30 3 0 2 7 1 2 7 0 2 7 1 2 7 5 30 3 5 30 3 0 2 7 0 2 7 5 30 3 0 2 7 0 2 7 17 9 2 0 2 7 6 2 7 8 9 2 16 19 11 5 31 3 17 9 2 0 2 7 1 2 11 0 2 7 0 2 7 8 18 2 13 6 3 0 2 7 0 2 7 6 2 7 0 2 7 0 2 3 12 16 2 0 2 7 0 2 7 12 16 2 0 2 7 0 2 7 5 30 3 0 2 7 17 18 2 0 61.6723600625991821
0 2 7 0 2 7 0 2 7 13 6 3 1 2 7 1 2 7 17 18 2 0 2 7 17 18 2 1 2 7 0 2 7 0 2 7 16 6 2 13 6 3 1 2 7 12 16 2 1 2 7 0 2 7 0 2 7 1 2 7 1 2 7 0 2 7 0 2 7 5 31 3 1 2 7 12 16 2 5 31 3 0 2 7 0 2 7 0 2 7 13 6 3 1 2 7 1 2 7 17 18 2 0 2 7 1 2 7 17 9 2 0 2 7 1 2 7 0 2 7 0 2 7 1 2 4 1 2 7 0 2 7 17 18 2 0 2 7 0 2 7 0 2 7 1 2 7 1 2 7 1 2 4 12 16 2 0 2 7 1 2 7 12 16 2 1 2 7 0 2 7 5 31 3 0 2 4 17 18 2 0 59.7211945056915283

