Current Evaluation = 450(450)
Front Size = 10
12 16 2 12 16 2 0 2 7 1 2 7 17 18 2 13 6 3 5 30 3 0 2 7 8 18 2 1 2 7 6 2 7 1 2 7 1 2 7 0 2 7 5 31 3 1 2 7 1 2 7 0 2 7 0 2 7 5 31 3 0 2 4 0 2 7 0 2 7 5 30 3 0 2 7 0 2 4 1 2 4 0 2 7 17 9 2 0 2 7 17 9 2 0 2 7 1 2 7 0 2 7 16 6 2 12 16 2 0 2 7 0 2 7 1 2 7 0 2 4 0 40.7849956154823303
8 9 2 16 6 2 0 2 8 5 30 3 16 19 12 5 30 3 0 2 8 8 9 2 5 30 3 0 2 8 0 2 8 0 2 8 0 2 8 0 2 8 8 18 2 12 16 2 0 2 8 0 2 8 1 2 8 0 2 8 5 30 3 12 16 2 16 19 12 5 30 3 0 2 8 16 19 12 1 2 8 0 2 8 0 2 8 16 6 2 0 2 8 0 2 8 1 2 8 8 18 2 0 2 8 0 2 8 0 2 8 5 30 3 0 2 8 8 9 2 0.00162882221807728804 45.6031337976455688
12 16 2 12 16 2 0 2 7 0 2 7 17 9 2 17 18 2 5 30 3 1 2 1 0 2 7 0 2 7 1 2 7 0 2 1 0 2 7 1 2 3 5 30 3 0 2 7 1 2 7 0 2 7 0 2 4 5 30 3 0 2 7 1 2 7 0 2 7 5 30 3 0 2 7 1 2 7 1 2 7 0 2 7 8 18 2 8 18 2 17 9 2 0 2 4 0 2 7 0 2 7 16 30 2 12 16 2 1 2 7 1 2 7 13 6 3 0 2 3 0 41.3265726566314697
0 2 3 1 2 3 0 2 3 5 30 3 0 2 8 8 18 2 8 9 2 16 19 12 0 2 8 12 16 2 0 2 8 0 2 8 17 9 2 0 2 8 5 30 3 1 2 8 13 6 3 5 30 3 16 6 2 0 2 8 0 2 8 8 9 2 12 16 2 1 2 8 0 2 8 8 18 2 5 30 3 16 19 12 0 2 8 0 2 8 12 16 2 0 2 8 0 2 8 0 2 8 0 2 8 1 2 3 5 30 3 1 2 3 0 2 8 0 2 8 0.000313972213944785697 45.017825722694397
0 2 8 0 2 8 16 6 2 5 30 3 16 19 12 0 2 8 8 9 2 0 2 8 1 2 8 0 2 8 5 30 3 8 18 2 12 16 2 0 2 8 8 9 2 8 9 2 0 2 8 0 2 8 1 2 8 1 2 8 5 30 3 0 2 8 0 2 8 0 2 8 5 30 3 0 2 8 16 6 2 0 2 8 5 30 3 0 2 8 8 18 2 0 2 8 1 2 8 0 2 8 0 2 8 0 2 8 16 6 2 16 19 12 0 2 8 5 30 3 0.00084210828248986987 45.159733772277832
12 16 2 12 16 2 0 2 7 0 2 7 0 2 11 17 18 2 5 31 3 1 2 7 0 2 4 1 2 7 1 2 10 0 2 7 1 2 7 0 2 4 5 30 3 0 2 7 1 2 7 6 2 7 0 2 7 5 31 3 1 2 7 0 2 7 0 2 7 5 30 3 0 2 7 0 2 7 1 2 4 0 2 7 17 9 2 17 18 2 8 9 2 0 2 7 1 2 4 0 2 7 16 30 2 12 16 2 0 2 7 0 2 10 1 2 10 0 2 7 0 41.3734098076820374
0 2 8 8 18 2 8 9 2 16 19 12 0 2 8 12 16 2 0 2 8 8 18 2 1 2 8 0 2 8 5 30 3 0 2 8 0 2 12 8 18 2 8 9 2 0 2 8 1 2 12 8 9 2 1 2 8 5 30 3 0 2 8 12 16 2 0 2 8 0 2 8 0 2 12 0 2 8 0 2 8 1 2 8 5 30 3 16 6 2 5 30 3 0 2 8 16 19 12 0 2 8 1 2 8 5 30 3 0 2 8 0 2 12 17 9 2 12 16 2 0.000442751423653513167 45.4385225772857666
16 19 12 8 9 2 12 16 2 1 2 8 16 15 2 1 2 7 8 18 2 8 18 2 0 2 8 8 9 2 16 19 12 8 9 2 5 30 3 0 2 8 1 2 7 0 2 8 8 9 2 0 2 8 0 2 8 16 6 2 5 30 3 1 2 8 1 2 8 0 2 8 0 2 8 0 2 8 0 2 7 5 30 3 8 9 2 0 2 7 0 2 8 0 2 7 0 2 8 5 30 3 16 19 12 0 2 7 5 30 3 0 2 8 0 2 7 0 2 7 0.00355799400033260816 44.1392344236373901
0 2 7 0 2 3 0 2 3 0 2 3 5 30 3 0 2 7 0 2 3 0 2 3 0 2 7 12 16 2 0 2 3 1 2 8 1 2 3 0 2 7 5 30 3 0 2 12 16 19 12 5 30 3 16 19 12 5 31 3 0 2 7 16 19 12 0 2 3 0 2 3 0 2 3 5 30 3 0 2 7 16 31 2 0 2 7 0 2 8 16 6 2 0 2 7 0 2 7 0 2 3 1 2 7 1 2 8 5 30 3 0 2 3 0 2 3 0 2 7 0 43.7668987512588501
12 16 2 12 16 2 0 2 7 0 2 7 16 19 11 13 6 3 5 30 3 0 2 3 0 2 7 1 2 7 1 2 7 0 2 7 1 2 7 0 2 7 5 30 3 1 2 3 1 2 7 0 2 7 0 2 7 5 31 3 0 2 7 0 2 7 0 2 7 5 30 3 0 2 3 0 2 7 1 2 3 0 2 7 17 9 2 8 18 2 17 9 2 0 2 7 1 2 7 0 2 7 16 30 2 12 16 2 1 2 7 0 2 4 1 2 7 0 2 7 0 41.3656575679779053

Current Evaluation = 900(900)
Front Size = 10
0 2 7 1 2 7 1 2 7 1 2 7 17 18 2 0 2 7 5 30 3 0 2 7 17 18 2 1 2 7 0 2 7 0 2 7 0 2 7 0 2 7 5 31 3 0 2 7 0 2 7 0 2 7 0 2 7 5 31 3 13 6 3 6 2 7 16 6 2 5 30 3 0 2 7 1 2 7 0 2 7 0 2 7 17 9 2 0 2 7 1 2 7 0 2 7 1 2 8 0 2 7 16 6 2 5 31 3 0 2 7 1 2 7 0 2 7 1 2 7 0 40.5071266293525696
1 2 7 12 16 2 1 2 7 1 2 7 16 6 2 1 2 7 16 6 2 0 2 7 0 2 3 16 6 2 6 2 7 0 2 3 0 2 3 0 2 7 5 30 3 0 2 3 0 2 7 8 9 2 1 2 7 5 30 3 1 2 7 0 2 7 16 19 11 5 31 3 0 2 3 0 2 4 0 2 7 0 2 7 17 9 2 0 2 3 0 2 7 0 2 7 0 2 7 0 2 7 5 31 3 5 30 3 1 2 3 0 2 7 0 2 7 0 2 3 0 41.6952616572380066
0 2 8 12 16 2 0 2 8 5 30 3 0 2 8 8 18 2 5 30 3 16 19 11 0 2 8 0 2 8 0 2 3 0 2 8 8 18 2 0 2 3 5 30 3 1 2 8 0 2 8 5 30 3 0 2 8 5 30 3 0 2 8 0 2 8 0 2 3 0 2 8 0 2 11 0 2 8 0 2 8 0 2 3 1 2 8 0 2 7 12 16 2 0 2 8 0 2 3 0 2 3 16 9 8 0 2 8 16 19 11 5 30 3 16 19 11 12 16 2 0 46.1822853088378906
12 16 2 1 2 7 0 2 7 1 2 7 17 18 2 13 6 3 5 30 3 0 2 7 8 18 2 0 2 7 1 2 7 1 2 7 0 2 7 0 2 7 5 31 3 1 2 7 0 2 7 0 2 7 0 2 7 5 31 3 0 2 7 0 2 7 1 2 7 5 30 3 0 2 7 1 2 4 0 2 7 0 2 7 17 9 2 1 2 7 17 9 2 0 2 7 1 2 4 0 2 7 16 6 2 12 16 2 0 2 7 0 2 7 0 2 7 1 2 7 0 40.7009046077728271
12 16 2 1 2 7 0 2 7 1 2 7 17 18 2 13 6 3 5 30 3 0 2 7 8 18 2 0 2 7 1 2 7 1 2 7 0 2 7 0 2 7 5 31 3 1 2 7 0 2 7 0 2 7 0 2 7 5 31 3 0 2 7 0 2 7 1 2 7 5 30 3 0 2 7 1 2 4 0 2 7 0 2 7 17 9 2 1 2 7 17 9 2 0 2 7 1 2 4 0 2 7 16 6 2 12 16 2 0 2 7 0 2 7 0 2 7 1 2 7 0 40.7009046077728271
0 2 3 0 2 7 0 2 3 1 2 3 0 2 7 0 2 7 16 19 11 16 18 11 0 2 3 0 2 7 6 2 3 0 2 7 0 2 3 0 2 3 5 30 3 1 2 3 0 2 3 5 30 3 16 19 11 5 30 3 0 2 7 12 16 2 0 2 7 0 2 7 0 2 7 8 18 2 1 2 7 12 16 2 0 2 3 1 2 3 12 16 2 0 2 3 1 2 7 1 2 7 0 2 7 0 2 3 5 30 3 5 30 3 0 2 3 16 19 11 0 43.5863214135169983
0 2 8 0 2 8 16 6 2 5 30 3 16 19 12 0 2 8 8 9 2 0 2 8 1 2 8 0 2 8 5 30 3 8 18 2 12 16 2 0 2 8 8 9 2 8 9 2 0 2 8 0 2 8 1 2 8 1 2 8 5 30 3 0 2 8 0 2 8 0 2 8 5 30 3 0 2 8 16 6 2 0 2 8 5 30 3 0 2 8 8 18 2 0 2 8 1 2 8 0 2 8 0 2 8 0 2 8 16 6 2 16 19 12 0 2 8 5 30 3 0.00084210828248986987 45.159733772277832
0 2 3 1 2 3 0 2 3 5 30 3 0 2 8 8 18 2 8 9 2 16 19 12 0 2 8 12 16 2 0 2 8 0 2 8 17 9 2 0 2 8 5 30 3 1 2 8 13 6 3 5 30 3 16 6 2 0 2 8 0 2 8 8 9 2 12 16 2 1 2 8 0 2 8 8 18 2 5 30 3 16 19 12 0 2 8 0 2 8 12 16 2 0 2 8 0 2 8 0 2 8 0 2 8 1 2 3 5 30 3 1 2 3 0 2 8 0 2 8 0.000313972213944785697 45.017825722694397
0 2 8 8 18 2 8 9 2 16 19 12 0 2 8 12 16 2 0 2 8 8 18 2 1 2 8 0 2 8 5 30 3 0 2 8 0 2 12 8 18 2 8 9 2 0 2 8 1 2 12 8 9 2 1 2 8 5 30 3 0 2 8 12 16 2 0 2 8 0 2 8 0 2 12 0 2 8 0 2 8 1 2 8 5 30 3 16 6 2 5 30 3 0 2 8 16 19 12 0 2 8 1 2 8 5 30 3 0 2 8 0 2 12 17 9 2 12 16 2 0.000442751423653513167 45.4385225772857666
12 16 2 1 2 7 0 2 7 1 2 7 17 18 2 13 6 3 5 30 3 0 2 7 8 18 2 0 2 7 1 2 7 1 2 7 0 2 7 0 2 7 5 31 3 1 2 7 0 2 7 0 2 7 0 2 7 5 31 3 0 2 7 0 2 7 1 2 7 5 30 3 0 2 7 1 2 4 0 2 7 0 2 7 17 9 2 1 2 7 17 9 2 0 2 7 1 2 4 0 2 7 16 6 2 12 16 2 0 2 7 0 2 7 0 2 7 1 2 7 0 40.7009046077728271

Current Evaluation = 1350(1350)
Front Size = 10
12 16 2 1 2 7 0 2 7 1 2 7 17 18 2 13 6 3 5 30 3 0 2 7 8 18 2 0 2 7 1 2 7 1 2 7 0 2 7 0 2 7 5 31 3 1 2 7 1 2 7 0 2 7 0 2 7 5 31 3 0 2 7 0 2 7 1 2 7 1 2 7 0 2 7 1 2 7 0 2 7 0 2 7 17 9 2 1 2 7 17 9 2 0 2 7 1 2 7 0 2 7 16 6 2 12 16 2 0 2 7 0 2 7 0 2 7 1 2 7 0 40.4091576337814331
0 2 8 12 16 2 0 2 8 5 30 3 0 2 8 8 18 2 5 30 3 16 19 11 0 2 8 0 2 8 0 2 3 0 2 8 8 18 2 0 2 3 5 30 3 1 2 8 0 2 8 5 30 3 0 2 8 5 30 3 0 2 8 0 2 8 0 2 3 0 2 8 0 2 11 0 2 8 0 2 8 0 2 3 1 2 8 0 2 7 12 16 2 0 2 8 0 2 3 0 2 3 16 9 8 0 2 8 16 19 11 5 30 3 16 19 11 12 16 2 0 46.1822853088378906
12 16 2 1 2 7 0 2 7 1 2 7 17 18 2 13 6 3 5 30 3 0 2 7 8 18 2 0 2 7 1 2 7 1 2 7 0 2 7 0 2 7 5 31 3 1 2 7 1 2 7 0 2 7 0 2 7 5 31 3 0 2 7 0 2 7 1 2 7 1 2 7 0 2 7 1 2 7 0 2 7 0 2 7 17 9 2 1 2 7 17 9 2 0 2 7 1 2 7 0 2 7 16 6 2 12 16 2 0 2 7 0 2 7 0 2 7 1 2 7 0 40.4091576337814331
12 16 2 1 2 7 0 2 7 1 2 7 17 18 2 13 6 3 5 30 3 0 2 7 8 18 2 0 2 7 1 2 7 1 2 7 0 2 7 0 2 7 5 31 3 1 2 7 1 2 7 0 2 7 0 2 7 5 31 3 0 2 7 0 2 7 1 2 7 1 2 7 0 2 7 1 2 7 0 2 7 0 2 7 17 9 2 1 2 7 17 9 2 0 2 7 1 2 7 0 2 7 16 6 2 12 16 2 0 2 7 0 2 7 0 2 7 1 2 7 0 40.4091576337814331
0 2 8 8 18 2 8 9 2 16 19 12 0 2 8 12 16 2 0 2 8 8 18 2 1 2 8 0 2 8 5 30 3 0 2 8 0 2 12 8 18 2 8 9 2 0 2 8 1 2 12 8 9 2 1 2 8 5 30 3 0 2 8 12 16 2 0 2 8 0 2 8 0 2 12 0 2 8 0 2 8 1 2 8 5 30 3 16 6 2 5 30 3 0 2 8 16 19 12 0 2 8 1 2 8 5 30 3 0 2 8 0 2 12 17 9 2 12 16 2 0.000442751423653513167 45.4385225772857666
1 2 3 5 30 3 12 16 2 16 19 11 0 2 7 0 2 7 8 9 2 0 2 3 0 2 7 1 2 7 1 2 3 0 2 7 0 2 7 0 2 7 12 16 2 0 2 7 0 2 7 8 9 2 1 2 3 5 30 3 1 2 7 0 2 7 16 19 11 5 30 3 0 2 7 0 2 7 1 2 3 0 2 3 17 9 2 0 2 7 5 30 3 0 2 7 0 2 7 0 2 7 16 19 11 5 30 3 1 2 7 0 2 7 0 2 7 0 2 7 0 42.6480573415756226
12 16 2 1 2 7 0 2 7 1 2 7 17 18 2 13 6 3 5 30 3 0 2 7 8 18 2 0 2 7 1 2 7 1 2 7 0 2 7 0 2 7 5 31 3 1 2 7 1 2 7 0 2 7 0 2 7 5 31 3 0 2 7 0 2 7 1 2 7 1 2 7 0 2 7 1 2 7 0 2 7 0 2 7 17 9 2 1 2 7 17 9 2 0 2 7 1 2 7 0 2 7 16 6 2 12 16 2 0 2 7 0 2 7 0 2 7 1 2 7 0 40.4091576337814331
0 2 8 0 2 8 16 6 2 5 30 3 16 19 12 0 2 8 8 9 2 0 2 8 1 2 8 0 2 8 5 30 3 8 18 2 12 16 2 0 2 8 8 9 2 8 9 2 0 2 8 0 2 8 1 2 8 1 2 8 5 30 3 0 2 8 0 2 8 0 2 8 5 30 3 0 2 8 16 6 2 0 2 8 5 30 3 0 2 8 8 18 2 0 2 8 1 2 8 0 2 8 0 2 8 0 2 8 16 6 2 16 19 12 0 2 8 5 30 3 0.00084210828248986987 45.159733772277832
0 2 3 1 2 3 0 2 3 5 30 3 0 2 8 8 18 2 8 9 2 16 19 12 0 2 8 12 16 2 0 2 8 0 2 8 17 9 2 0 2 8 5 30 3 1 2 8 13 6 3 5 30 3 16 6 2 0 2 8 0 2 8 8 9 2 12 16 2 1 2 8 0 2 8 8 18 2 5 30 3 16 19 12 0 2 8 0 2 8 12 16 2 0 2 8 0 2 8 0 2 8 0 2 8 1 2 3 5 30 3 1 2 3 0 2 8 0 2 8 0.000313972213944785697 45.017825722694397
1 2 7 12 16 2 1 2 7 1 2 7 16 6 2 1 2 7 16 6 2 0 2 7 0 2 3 16 6 2 6 2 7 0 2 3 0 2 3 0 2 7 5 30 3 0 2 3 0 2 7 8 9 2 1 2 7 5 30 3 1 2 7 0 2 7 16 19 11 5 31 3 0 2 3 0 2 4 0 2 7 0 2 7 17 9 2 0 2 3 0 2 7 0 2 7 0 2 7 0 2 7 5 31 3 5 30 3 1 2 3 0 2 7 0 2 7 0 2 3 0 41.6952616572380066

Current Evaluation = 1800(1800)
Front Size = 10
12 16 2 1 2 7 0 2 7 1 2 7 17 18 2 13 6 3 5 30 3 0 2 7 8 18 2 0 2 7 1 2 7 1 2 7 0 2 7 0 2 7 5 31 3 1 2 7 1 2 7 0 2 7 0 2 7 5 31 3 0 2 7 0 2 7 1 2 7 1 2 7 0 2 7 1 2 7 0 2 7 0 2 7 17 9 2 1 2 7 17 9 2 0 2 7 1 2 7 0 2 7 16 6 2 12 16 2 0 2 7 0 2 7 0 2 7 1 2 7 0 40.4091576337814331
0 2 8 12 16 2 0 2 8 5 30 3 0 2 8 8 18 2 5 30 3 16 19 11 0 2 8 0 2 8 0 2 3 0 2 8 8 18 2 0 2 3 5 30 3 1 2 8 0 2 8 5 30 3 0 2 8 5 30 3 0 2 8 0 2 8 0 2 3 0 2 8 0 2 11 0 2 8 0 2 8 0 2 3 1 2 8 0 2 7 12 16 2 0 2 8 0 2 3 0 2 3 16 9 8 0 2 8 16 19 11 5 30 3 16 19 11 12 16 2 0 46.1822853088378906
0 2 8 0 2 8 16 6 2 5 30 3 16 19 12 0 2 8 8 9 2 0 2 8 1 2 8 0 2 8 5 30 3 8 18 2 12 16 2 0 2 8 8 9 2 8 9 2 0 2 8 0 2 8 1 2 8 1 2 8 5 30 3 0 2 8 0 2 8 0 2 8 5 30 3 0 2 8 16 6 2 0 2 8 5 30 3 0 2 8 8 18 2 0 2 8 1 2 8 0 2 8 0 2 8 0 2 8 16 6 2 16 19 12 0 2 8 5 30 3 0.00084210828248986987 45.159733772277832
0 2 8 8 18 2 8 9 2 16 19 12 0 2 8 12 16 2 0 2 8 8 18 2 1 2 8 0 2 8 5 30 3 0 2 8 0 2 12 8 18 2 8 9 2 0 2 8 1 2 12 8 9 2 1 2 8 5 30 3 0 2 8 12 16 2 0 2 8 0 2 8 0 2 12 0 2 8 0 2 8 1 2 8 5 30 3 16 6 2 5 30 3 0 2 8 16 19 12 0 2 8 1 2 8 5 30 3 0 2 8 0 2 12 17 9 2 12 16 2 0.000442751423653513167 45.4385225772857666
12 16 2 1 2 7 0 2 7 1 2 7 17 18 2 13 6 3 5 30 3 0 2 7 8 18 2 0 2 7 1 2 7 1 2 7 0 2 7 0 2 7 5 31 3 1 2 7 1 2 7 0 2 7 0 2 7 5 31 3 0 2 7 0 2 7 1 2 7 1 2 7 0 2 7 1 2 7 0 2 7 0 2 7 17 9 2 1 2 7 17 9 2 0 2 7 1 2 7 0 2 7 16 6 2 12 16 2 0 2 7 0 2 7 0 2 7 1 2 7 0 40.4091576337814331
0 2 3 1 2 3 0 2 3 5 30 3 0 2 8 8 18 2 8 9 2 16 19 12 0 2 8 12 16 2 0 2 8 0 2 8 17 9 2 0 2 8 5 30 3 1 2 8 13 6 3 5 30 3 16 6 2 0 2 8 0 2 8 8 9 2 12 16 2 1 2 8 0 2 8 8 18 2 5 30 3 16 19 12 0 2 8 0 2 8 12 16 2 0 2 8 0 2 8 0 2 8 0 2 8 1 2 3 5 30 3 1 2 3 0 2 8 0 2 8 0.000313972213944785697 45.017825722694397
0 2 7 0 2 7 1 2 7 5 30 3 16 6 2 13 6 3 16 6 2 0 2 7 5 31 3 0 2 7 1 2 7 0 2 7 1 2 3 0 2 7 5 30 3 0 2 3 1 2 7 0 2 7 0 2 7 5 30 3 0 2 7 1 2 7 0 2 7 17 18 2 0 2 3 0 2 7 0 2 7 0 2 3 17 9 2 1 2 7 0 2 7 0 2 7 1 2 7 0 2 7 5 31 3 12 16 2 1 2 7 16 19 11 0 2 7 0 2 7 0 41.1273155212402344
12 16 2 1 2 7 0 2 7 1 2 7 17 18 2 13 6 3 5 30 3 0 2 7 8 18 2 0 2 7 1 2 7 1 2 7 0 2 7 0 2 7 5 31 3 1 2 7 1 2 7 0 2 7 0 2 7 5 31 3 0 2 7 0 2 7 1 2 7 1 2 7 0 2 7 1 2 7 0 2 7 0 2 7 17 9 2 1 2 7 17 9 2 0 2 7 1 2 7 0 2 7 16 6 2 12 16 2 0 2 7 0 2 7 0 2 7 1 2 7 0 40.4091576337814331
12 16 2 1 2 7 0 2 7 1 2 7 17 18 2 13 6 3 5 30 3 0 2 7 8 18 2 0 2 7 1 2 7 1 2 7 0 2 7 0 2 7 5 31 3 1 2 7 1 2 7 0 2 7 0 2 7 5 31 3 0 2 7 0 2 7 1 2 7 1 2 7 0 2 7 1 2 7 0 2 7 0 2 7 17 9 2 1 2 7 17 9 2 0 2 7 1 2 7 0 2 7 16 6 2 12 16 2 0 2 7 0 2 7 0 2 7 1 2 7 0 40.4091576337814331
0 2 7 0 2 7 1 2 7 5 30 3 17 9 2 13 6 3 16 6 2 0 2 7 5 31 3 0 2 4 1 2 7 0 2 7 0 2 7 0 2 7 5 30 3 0 2 7 1 2 7 1 2 7 0 2 7 5 30 3 0 2 4 1 2 7 0 2 4 17 18 2 0 2 7 0 2 7 0 2 7 0 2 7 17 9 2 1 2 7 0 2 7 0 2 7 1 2 7 0 2 7 5 31 3 12 16 2 1 2 7 16 19 13 0 2 7 0 2 7 0 40.8845065832138062

Current Evaluation = 2250(2250)
Front Size = 10
12 16 2 1 2 7 0 2 7 1 2 7 17 18 2 13 6 3 5 30 3 0 2 7 8 18 2 0 2 7 1 2 7 1 2 7 0 2 7 0 2 7 5 31 3 1 2 7 1 2 7 0 2 7 0 2 7 5 31 3 0 2 7 0 2 7 1 2 7 1 2 7 0 2 7 1 2 7 0 2 7 0 2 7 17 9 2 1 2 7 17 9 2 0 2 7 1 2 7 0 2 7 16 6 2 12 16 2 0 2 7 0 2 7 0 2 7 1 2 7 0 40.4091576337814331
12 16 2 1 2 7 0 2 7 1 2 7 17 18 2 13 6 3 5 30 3 0 2 7 8 18 2 0 2 7 1 2 7 1 2 7 0 2 7 0 2 7 5 31 3 1 2 7 1 2 7 0 2 7 0 2 7 5 31 3 0 2 7 0 2 7 1 2 7 1 2 7 0 2 7 1 2 7 0 2 7 0 2 7 17 9 2 1 2 7 17 9 2 0 2 7 1 2 7 0 2 7 16 6 2 12 16 2 0 2 7 0 2 7 0 2 7 1 2 7 0 40.4091576337814331
12 16 2 1 2 7 0 2 7 1 2 7 17 18 2 13 6 3 5 30 3 0 2 7 8 18 2 0 2 7 1 2 7 1 2 7 0 2 7 0 2 7 5 31 3 1 2 7 1 2 7 0 2 7 0 2 7 5 31 3 0 2 7 0 2 7 1 2 7 1 2 7 0 2 7 1 2 7 0 2 7 0 2 7 17 9 2 1 2 7 17 9 2 0 2 7 1 2 7 0 2 7 16 6 2 12 16 2 0 2 7 0 2 7 0 2 7 1 2 7 0 40.4091576337814331
0 2 8 12 16 2 0 2 8 5 30 3 0 2 8 8 18 2 5 30 3 16 19 11 0 2 8 0 2 8 0 2 3 0 2 8 8 18 2 0 2 3 5 30 3 1 2 8 0 2 8 5 30 3 0 2 8 5 30 3 0 2 8 0 2 8 0 2 3 0 2 8 0 2 11 0 2 8 0 2 8 0 2 3 1 2 8 0 2 7 12 16 2 0 2 8 0 2 3 0 2 3 16 9 8 0 2 8 16 19 11 5 30 3 16 19 11 12 16 2 0 46.1822853088378906
12 16 2 1 2 7 0 2 7 1 2 7 17 18 2 13 6 3 5 30 3 0 2 7 8 18 2 0 2 7 1 2 7 1 2 7 0 2 7 0 2 7 5 31 3 1 2 7 1 2 7 0 2 7 0 2 7 5 31 3 0 2 7 0 2 7 1 2 7 1 2 7 0 2 7 1 2 7 0 2 7 0 2 7 17 9 2 1 2 7 17 9 2 0 2 7 1 2 7 0 2 7 16 6 2 12 16 2 0 2 7 0 2 7 0 2 7 1 2 7 0 40.4091576337814331
0 2 8 8 18 2 8 9 2 16 19 12 0 2 8 12 16 2 0 2 8 8 18 2 1 2 8 0 2 8 5 30 3 0 2 8 0 2 12 8 18 2 8 9 2 0 2 8 1 2 12 8 9 2 1 2 8 5 30 3 0 2 8 12 16 2 0 2 8 0 2 8 0 2 12 0 2 8 0 2 8 1 2 8 5 30 3 16 6 2 5 30 3 0 2 8 16 19 12 0 2 8 1 2 8 5 30 3 0 2 8 0 2 12 17 9 2 12 16 2 0.000442751423653513167 45.4385225772857666
0 2 8 0 2 3 0 2 7 5 30 3 0 2 8 8 18 2 5 30 3 16 19 11 0 2 3 0 2 7 0 2 8 0 2 7 8 9 2 0 2 8 5 30 3 0 2 8 5 30 3 16 19 11 1 2 8 5 30 3 0 2 8 0 2 8 0 2 3 0 2 8 0 2 8 12 16 2 5 30 3 16 19 11 0 2 7 0 2 3 12 16 2 0 2 8 0 2 8 0 2 7 1 2 8 0 2 7 16 19 11 0 2 8 12 16 2 0 2 3 0 45.5601179599761963
0 2 7 0 2 7 1 2 7 5 30 3 16 6 2 13 6 3 17 18 2 0 2 7 5 31 3 0 2 4 1 2 7 0 2 7 1 2 7 0 2 7 5 30 3 0 2 7 1 2 7 0 2 4 0 2 7 5 30 3 0 2 7 1 2 7 0 2 7 17 18 2 0 2 7 0 2 7 0 2 7 0 2 7 17 9 2 1 2 7 0 2 7 0 2 7 1 2 4 0 2 7 5 31 3 12 16 2 1 2 7 16 19 13 0 2 7 0 2 7 0 40.8845065832138062
0 2 8 0 2 8 16 6 2 5 30 3 16 19 12 0 2 8 8 9 2 0 2 8 1 2 8 0 2 8 5 30 3 8 18 2 12 16 2 0 2 8 8 9 2 8 9 2 0 2 8 0 2 8 1 2 8 1 2 8 5 30 3 0 2 8 0 2 8 0 2 8 5 30 3 0 2 8 16 6 2 0 2 8 5 30 3 0 2 8 8 18 2 0 2 8 1 2 8 0 2 8 0 2 8 0 2 8 16 6 2 16 19 12 0 2 8 5 30 3 0.00084210828248986987 45.159733772277832
12 16 2 1 2 7 0 2 7 1 2 7 17 18 2 13 6 3 5 30 3 0 2 7 8 18 2 0 2 7 1 2 7 1 2 7 0 2 7 0 2 7 5 31 3 1 2 7 1 2 7 0 2 7 0 2 7 5 31 3 0 2 7 0 2 7 1 2 7 1 2 7 0 2 7 1 2 7 0 2 7 0 2 7 17 9 2 1 2 7 17 9 2 0 2 7 1 2 7 0 2 7 16 6 2 12 16 2 0 2 7 0 2 7 0 2 7 1 2 7 0 40.4091576337814331

Current Evaluation = 2700(2700)
Front Size = 10
12 16 2 1 2 7 0 2 7 1 2 7 17 18 2 13 6 3 5 30 3 0 2 7 8 18 2 0 2 7 1 2 7 1 2 7 0 2 7 0 2 7 5 31 3 1 2 7 1 2 7 0 2 7 0 2 7 5 31 3 0 2 7 0 2 7 1 2 7 1 2 7 0 2 7 1 2 7 0 2 7 0 2 7 17 9 2 1 2 7 17 9 2 0 2 7 1 2 7 0 2 7 16 6 2 12 16 2 0 2 7 0 2 7 0 2 7 1 2 7 0 40.4091576337814331
12 16 2 1 2 7 0 2 7 1 2 7 17 18 2 13 6 3 5 30 3 0 2 7 8 18 2 0 2 7 1 2 7 1 2 7 0 2 7 0 2 7 5 31 3 1 2 7 1 2 7 0 2 7 0 2 7 5 31 3 0 2 7 0 2 7 1 2 7 1 2 7 0 2 7 1 2 7 0 2 7 0 2 7 17 9 2 1 2 7 17 9 2 0 2 7 1 2 7 0 2 7 16 6 2 12 16 2 0 2 7 0 2 7 0 2 7 1 2 7 0 40.4091576337814331
0 2 8 0 2 8 16 6 2 5 30 3 16 19 12 0 2 8 8 9 2 0 2 8 1 2 8 0 2 8 5 30 3 8 18 2 12 16 2 0 2 8 8 9 2 8 9 2 0 2 8 0 2 8 1 2 8 1 2 8 5 30 3 0 2 8 0 2 8 0 2 8 5 30 3 0 2 8 16 6 2 0 2 8 5 30 3 0 2 8 8 18 2 0 2 8 1 2 8 0 2 8 0 2 8 0 2 8 16 6 2 16 19 12 0 2 8 5 30 3 0.00084210828248986987 45.159733772277832
12 16 2 1 2 7 0 2 7 1 2 7 17 18 2 13 6 3 5 30 3 0 2 7 8 18 2 0 2 7 1 2 7 1 2 7 0 2 7 0 2 7 5 31 3 1 2 7 1 2 7 0 2 7 0 2 7 5 31 3 0 2 7 0 2 7 1 2 7 1 2 7 0 2 7 1 2 7 0 2 7 0 2 7 17 9 2 1 2 7 17 9 2 0 2 7 1 2 7 0 2 7 16 6 2 12 16 2 0 2 7 0 2 7 0 2 7 1 2 7 0 40.4091576337814331
0 2 8 8 18 2 8 9 2 16 19 12 0 2 8 12 16 2 0 2 8 8 18 2 1 2 8 0 2 8 5 30 3 0 2 8 0 2 12 8 18 2 8 9 2 0 2 8 1 2 12 8 9 2 1 2 8 5 30 3 0 2 8 12 16 2 0 2 8 0 2 8 0 2 12 0 2 8 0 2 8 1 2 8 5 30 3 16 6 2 5 30 3 0 2 8 16 19 12 0 2 8 1 2 8 5 30 3 0 2 8 0 2 12 17 9 2 12 16 2 0.000442751423653513167 45.4385225772857666
12 16 2 1 2 7 0 2 7 1 2 7 17 18 2 13 6 3 5 30 3 0 2 7 8 18 2 0 2 7 1 2 7 1 2 7 0 2 7 0 2 7 5 31 3 1 2 7 1 2 7 0 2 7 0 2 7 5 31 3 0 2 7 0 2 7 1 2 7 1 2 7 0 2 7 1 2 7 0 2 7 0 2 7 17 9 2 1 2 7 17 9 2 0 2 7 1 2 7 0 2 7 16 6 2 12 16 2 0 2 7 0 2 7 0 2 7 1 2 7 0 40.4091576337814331
12 16 2 1 2 7 0 2 7 1 2 7 17 18 2 13 6 3 5 30 3 0 2 7 8 18 2 0 2 7 1 2 7 1 2 7 0 2 7 0 2 7 5 31 3 1 2 7 1 2 7 0 2 7 0 2 7 5 31 3 0 2 7 0 2 7 1 2 7 1 2 7 0 2 7 1 2 7 0 2 7 0 2 7 17 9 2 1 2 7 17 9 2 0 2 7 1 2 7 0 2 7 16 6 2 12 16 2 0 2 7 0 2 7 0 2 7 1 2 7 0 40.4091576337814331
0 2 3 1 2 3 0 2 7 5 30 3 17 9 2 16 19 11 5 30 3 16 19 11 1 2 3 0 2 7 1 2 7 0 2 7 12 16 2 0 2 3 5 30 3 1 2 7 0 2 7 8 18 2 1 2 7 5 30 3 0 2 7 0 2 7 0 2 7 0 2 3 1 2 7 0 2 7 0 2 7 1 2 7 0 2 7 0 2 7 5 30 3 0 2 7 0 2 7 0 2 3 16 19 11 8 9 2 0 2 7 0 2 7 0 2 7 12 16 2 0 42.6480573415756226
0 2 7 0 2 7 1 2 7 5 30 3 16 6 2 13 6 3 17 18 2 0 2 7 5 31 3 0 2 4 1 2 7 0 2 7 1 2 7 0 2 7 5 30 3 0 2 7 1 2 7 0 2 4 0 2 7 5 30 3 0 2 7 1 2 7 0 2 7 17 18 2 0 2 7 0 2 7 0 2 7 0 2 7 17 9 2 1 2 7 0 2 7 0 2 7 1 2 4 0 2 7 5 31 3 12 16 2 1 2 7 16 19 13 0 2 7 0 2 7 0 40.8845065832138062
0 2 8 12 16 2 0 2 8 5 30 3 0 2 8 8 18 2 5 30 3 16 19 11 0 2 8 0 2 8 0 2 3 0 2 8 8 18 2 0 2 3 5 30 3 1 2 8 0 2 8 5 30 3 0 2 8 5 30 3 0 2 8 0 2 8 0 2 3 0 2 8 0 2 11 0 2 8 0 2 8 0 2 3 1 2 8 0 2 7 12 16 2 0 2 8 0 2 3 0 2 3 16 9 8 0 2 8 16 19 11 5 30 3 16 19 11 12 16 2 0 46.1822853088378906

Current Evaluation = 3150(3150)
Front Size = 10
12 16 2 1 2 7 0 2 7 1 2 7 17 18 2 13 6 3 5 30 3 0 2 7 8 18 2 0 2 7 1 2 7 1 2 7 0 2 7 0 2 7 5 31 3 1 2 7 1 2 7 0 2 7 0 2 7 5 31 3 0 2 7 0 2 7 1 2 7 1 2 7 0 2 7 1 2 7 0 2 7 0 2 7 17 9 2 1 2 7 17 9 2 0 2 7 1 2 7 0 2 7 16 6 2 12 16 2 0 2 7 0 2 7 0 2 7 1 2 7 0 40.4091576337814331
12 16 2 1 2 7 0 2 7 1 2 7 17 18 2 13 6 3 5 30 3 0 2 7 8 18 2 0 2 7 1 2 7 1 2 7 0 2 7 0 2 7 5 31 3 1 2 7 1 2 7 0 2 7 0 2 7 5 31 3 0 2 7 0 2 7 1 2 7 1 2 7 0 2 7 1 2 7 0 2 7 0 2 7 17 9 2 1 2 7 17 9 2 0 2 7 1 2 7 0 2 7 16 6 2 12 16 2 0 2 7 0 2 7 0 2 7 1 2 7 0 40.4091576337814331
12 16 2 1 2 7 0 2 7 1 2 7 17 18 2 13 6 3 5 30 3 0 2 7 8 18 2 0 2 7 1 2 7 1 2 7 0 2 7 0 2 7 5 31 3 1 2 7 1 2 7 0 2 7 0 2 7 5 31 3 0 2 7 0 2 7 1 2 7 1 2 7 0 2 7 1 2 7 0 2 7 0 2 7 17 9 2 1 2 7 17 9 2 0 2 7 1 2 7 0 2 7 16 6 2 12 16 2 0 2 7 0 2 7 0 2 7 1 2 7 0 40.4091576337814331
12 16 2 1 2 7 0 2 7 1 2 7 17 18 2 13 6 3 5 30 3 0 2 7 8 18 2 0 2 7 1 2 7 1 2 7 0 2 7 0 2 7 5 31 3 1 2 7 1 2 7 0 2 7 0 2 7 5 31 3 0 2 7 0 2 7 1 2 7 1 2 7 0 2 7 1 2 7 0 2 7 0 2 7 17 9 2 1 2 7 17 9 2 0 2 7 1 2 7 0 2 7 16 6 2 12 16 2 0 2 7 0 2 7 0 2 7 1 2 7 0 40.4091576337814331
6 2 8 12 16 2 0 2 11 5 30 3 0 2 1 8 18 2 5 30 3 8 9 2 0 2 7 0 2 8 6 2 7 0 2 7 17 18 2 0 2 7 5 30 3 0 2 7 0 2 8 5 30 3 0 2 11 5 30 3 0 2 8 0 2 8 0 2 7 0 2 11 0 2 7 0 2 11 0 2 11 0 2 7 1 2 8 0 2 3 12 16 2 0 2 8 0 2 3 0 2 11 16 19 11 0 2 3 16 19 11 5 30 3 16 19 11 12 16 2 0 44.7932930588722229
12 16 2 1 2 7 0 2 7 1 2 7 17 18 2 13 6 3 5 30 3 0 2 7 8 18 2 0 2 7 1 2 7 1 2 7 0 2 7 0 2 7 5 31 3 1 2 7 1 2 7 0 2 7 0 2 7 5 31 3 0 2 7 0 2 7 1 2 7 1 2 7 0 2 7 1 2 7 0 2 7 0 2 7 17 9 2 1 2 7 17 9 2 0 2 7 1 2 7 0 2 7 16 6 2 12 16 2 0 2 7 0 2 7 0 2 7 1 2 7 0 40.4091576337814331
12 16 2 1 2 7 0 2 7 1 2 7 17 18 2 13 6 3 5 30 3 0 2 7 8 18 2 0 2 7 1 2 7 1 2 7 0 2 7 0 2 7 5 31 3 1 2 7 1 2 7 0 2 7 0 2 7 5 31 3 0 2 7 0 2 7 1 2 7 1 2 7 0 2 7 1 2 7 0 2 7 0 2 7 17 9 2 1 2 7 17 9 2 0 2 7 1 2 7 0 2 7 16 6 2 12 16 2 0 2 7 0 2 7 0 2 7 1 2 7 0 40.4091576337814331
0 2 8 12 16 2 0 2 8 5 30 3 0 2 8 8 18 2 5 30 3 16 19 11 0 2 8 0 2 8 0 2 3 0 2 8 8 18 2 0 2 3 5 30 3 1 2 8 0 2 8 5 30 3 0 2 8 5 30 3 0 2 8 0 2 8 0 2 3 0 2 8 0 2 11 0 2 8 0 2 8 0 2 3 1 2 8 0 2 7 12 16 2 0 2 8 0 2 3 0 2 3 16 9 8 0 2 8 16 19 11 5 30 3 16 19 11 12 16 2 0 46.1822853088378906
0 2 8 8 18 2 8 9 2 16 19 12 0 2 8 12 16 2 0 2 8 8 18 2 1 2 8 0 2 8 5 30 3 0 2 8 0 2 12 8 18 2 8 9 2 0 2 8 1 2 12 8 9 2 1 2 8 5 30 3 0 2 8 12 16 2 0 2 8 0 2 8 0 2 12 0 2 8 0 2 8 1 2 8 5 30 3 16 6 2 5 30 3 0 2 8 16 19 12 0 2 8 1 2 8 5 30 3 0 2 8 0 2 12 17 9 2 12 16 2 0.000442751423653513167 45.4385225772857666
0 2 7 17 18 2 16 9 8 0 2 7 1 2 3 5 30 3 5 31 3 1 2 7 16 19 11 0 2 3 0 2 7 1 2 7 0 2 7 6 2 3 16 19 11 0 2 7 1 2 7 0 2 3 0 2 7 5 30 3 0 2 7 0 2 7 1 2 3 0 2 3 0 2 7 0 2 7 1 2 7 0 2 7 12 16 2 0 2 7 0 2 7 1 2 3 16 6 2 0 2 7 0 2 4 5 30 3 5 31 3 0 2 3 0 2 7 0 2 7 0 42.3336755037307739

Current Evaluation = 3600(3600)
Front Size = 10
12 16 2 1 2 7 0 2 7 1 2 7 17 18 2 13 6 3 5 30 3 0 2 7 8 18 2 0 2 7 1 2 7 1 2 7 0 2 7 0 2 7 5 31 3 1 2 7 1 2 7 0 2 7 0 2 7 5 31 3 0 2 7 0 2 7 1 2 7 1 2 7 0 2 7 1 2 7 0 2 7 0 2 7 17 9 2 1 2 7 17 9 2 0 2 7 1 2 7 0 2 7 16 6 2 12 16 2 0 2 7 0 2 7 0 2 7 1 2 7 0 40.4091576337814331
6 2 8 12 16 2 0 2 11 5 30 3 0 2 1 8 18 2 5 30 3 8 9 2 0 2 7 0 2 8 6 2 7 0 2 7 17 18 2 0 2 7 5 30 3 0 2 7 0 2 8 5 30 3 0 2 11 5 30 3 0 2 8 0 2 8 0 2 7 0 2 11 0 2 7 0 2 11 0 2 11 0 2 7 1 2 8 0 2 3 12 16 2 0 2 8 0 2 3 0 2 11 16 19 11 0 2 3 16 19 11 5 30 3 16 19 11 12 16 2 0 44.7932930588722229
12 16 2 1 2 7 0 2 7 1 2 7 17 18 2 13 6 3 5 30 3 0 2 7 8 18 2 0 2 7 1 2 7 1 2 7 0 2 7 0 2 7 5 31 3 1 2 7 1 2 7 0 2 7 0 2 7 5 31 3 0 2 7 0 2 7 1 2 7 1 2 7 0 2 7 1 2 7 0 2 7 0 2 7 17 9 2 1 2 7 17 9 2 0 2 7 1 2 7 0 2 7 16 6 2 12 16 2 0 2 7 0 2 7 0 2 7 1 2 7 0 40.4091576337814331
12 16 2 1 2 7 0 2 7 1 2 7 17 18 2 13 6 3 5 30 3 0 2 7 8 18 2 0 2 7 1 2 7 1 2 7 0 2 7 0 2 7 5 31 3 1 2 7 1 2 7 0 2 7 0 2 7 5 31 3 0 2 7 0 2 7 1 2 7 1 2 7 0 2 7 1 2 7 0 2 7 0 2 7 17 9 2 1 2 7 17 9 2 0 2 7 1 2 7 0 2 7 16 6 2 12 16 2 0 2 7 0 2 7 0 2 7 1 2 7 0 40.4091576337814331
0 2 8 8 18 2 8 9 2 16 19 12 0 2 8 12 16 2 0 2 8 8 18 2 1 2 8 0 2 8 5 30 3 0 2 8 0 2 12 8 18 2 8 9 2 0 2 8 1 2 12 8 9 2 1 2 8 5 30 3 0 2 8 12 16 2 0 2 8 0 2 8 0 2 12 0 2 8 0 2 8 1 2 8 5 30 3 16 6 2 5 30 3 0 2 8 16 19 12 0 2 8 1 2 8 5 30 3 0 2 8 0 2 12 17 9 2 12 16 2 0.000442751423653513167 45.4385225772857666
12 16 2 1 2 7 0 2 7 1 2 7 17 18 2 13 6 3 5 30 3 0 2 7 8 18 2 0 2 7 1 2 7 1 2 7 0 2 7 0 2 7 5 31 3 1 2 7 1 2 7 0 2 7 0 2 7 5 31 3 0 2 7 0 2 7 1 2 7 1 2 7 0 2 7 1 2 7 0 2 7 0 2 7 17 9 2 1 2 7 17 9 2 0 2 7 1 2 7 0 2 7 16 6 2 12 16 2 0 2 7 0 2 7 0 2 7 1 2 7 0 40.4091576337814331
8 9 2 12 16 2 0 2 3 17 18 2 16 6 2 12 16 2 5 30 3 0 2 3 0 2 7 0 2 4 1 2 3 0 2 7 0 2 7 1 2 7 0 2 7 0 2 3 1 2 7 1 2 3 1 2 3 5 30 3 0 2 3 0 2 11 0 2 3 0 2 4 1 2 7 1 2 7 0 2 4 0 2 7 16 30 2 0 2 11 8 18 2 0 2 7 1 2 11 0 2 3 0 2 3 12 16 2 0 2 7 5 30 3 16 19 11 5 30 3 0 42.406383752822876
12 16 2 1 2 7 0 2 7 1 2 7 17 18 2 13 6 3 5 30 3 0 2 7 8 18 2 0 2 7 1 2 7 1 2 7 0 2 7 0 2 7 5 31 3 1 2 7 1 2 7 0 2 7 0 2 7 5 31 3 0 2 7 0 2 7 1 2 7 1 2 7 0 2 7 1 2 7 0 2 7 0 2 7 17 9 2 1 2 7 17 9 2 0 2 7 1 2 7 0 2 7 16 6 2 12 16 2 0 2 7 0 2 7 0 2 7 1 2 7 0 40.4091576337814331
8 18 2 1 2 7 1 2 7 0 2 7 0 2 7 6 2 7 5 30 3 16 19 11 17 18 2 0 2 7 0 2 7 0 2 7 16 19 12 0 2 8 5 31 3 0 2 7 5 30 3 1 2 7 0 2 7 5 30 3 0 2 7 1 2 7 0 2 7 1 2 7 0 2 11 0 2 7 0 2 7 0 2 7 1 2 7 0 2 7 0 2 7 0 2 7 0 2 7 0 2 7 5 31 3 0 2 7 16 19 11 5 30 3 17 18 2 0 2 7 0 42.2313496470451355
12 16 2 1 2 7 0 2 7 1 2 7 17 18 2 13 6 3 5 30 3 0 2 7 8 18 2 0 2 7 1 2 7 1 2 7 0 2 7 0 2 7 5 31 3 1 2 7 1 2 7 0 2 7 0 2 7 5 31 3 0 2 7 0 2 7 1 2 7 1 2 7 0 2 7 1 2 7 0 2 7 0 2 7 17 9 2 1 2 7 17 9 2 0 2 7 1 2 7 0 2 7 16 6 2 12 16 2 0 2 7 0 2 7 0 2 7 1 2 7 0 40.4091576337814331

Current Evaluation = 4050(4050)
Front Size = 10
12 16 2 1 2 7 0 2 7 1 2 7 17 18 2 13 6 3 5 30 3 0 2 7 8 18 2 0 2 7 1 2 7 1 2 7 0 2 7 0 2 7 5 31 3 1 2 7 1 2 7 0 2 7 0 2 7 5 31 3 0 2 7 0 2 7 1 2 7 1 2 7 0 2 7 1 2 7 0 2 7 0 2 7 17 9 2 1 2 7 17 9 2 0 2 7 1 2 7 0 2 7 16 6 2 12 16 2 0 2 7 0 2 7 0 2 7 1 2 7 0 40.4091576337814331
8 18 2 1 2 7 1 2 7 0 2 7 0 2 7 6 2 7 5 30 3 16 19 11 17 18 2 0 2 7 0 2 7 0 2 7 16 19 12 0 2 8 5 31 3 0 2 7 5 30 3 1 2 7 0 2 7 5 30 3 0 2 7 1 2 7 0 2 7 1 2 7 0 2 11 0 2 7 0 2 7 0 2 7 1 2 7 0 2 7 0 2 7 0 2 7 0 2 7 0 2 7 5 31 3 0 2 7 16 19 11 5 30 3 17 18 2 0 2 7 0 42.2313496470451355
12 16 2 1 2 7 0 2 7 1 2 7 17 18 2 13 6 3 5 30 3 0 2 7 8 18 2 0 2 7 1 2 7 1 2 7 0 2 7 0 2 7 5 31 3 1 2 7 1 2 7 0 2 7 0 2 7 5 31 3 0 2 7 0 2 7 1 2 7 1 2 7 0 2 7 1 2 7 0 2 7 0 2 7 17 9 2 1 2 7 17 9 2 0 2 7 1 2 7 0 2 7 16 6 2 12 16 2 0 2 7 0 2 7 0 2 7 1 2 7 0 40.4091576337814331
12 16 2 1 2 7 0 2 7 1 2 7 17 18 2 13 6 3 5 30 3 0 2 7 8 18 2 0 2 7 1 2 7 1 2 7 0 2 7 0 2 7 5 31 3 1 2 7 1 2 7 0 2 7 0 2 7 5 31 3 0 2 7 0 2 7 1 2 7 1 2 7 0 2 7 1 2 7 0 2 7 0 2 7 17 9 2 1 2 7 17 9 2 0 2 7 1 2 7 0 2 7 16 6 2 12 16 2 0 2 7 0 2 7 0 2 7 1 2 7 0 40.4091576337814331
0 2 8 8 18 2 8 9 2 16 19 12 0 2 8 12 16 2 0 2 8 8 18 2 1 2 8 0 2 8 5 30 3 0 2 8 0 2 12 8 18 2 8 9 2 0 2 8 1 2 12 8 9 2 1 2 8 5 30 3 0 2 8 12 16 2 0 2 8 0 2 8 0 2 12 0 2 8 0 2 8 1 2 8 5 30 3 16 6 2 5 30 3 0 2 8 16 19 12 0 2 8 1 2 8 5 30 3 0 2 8 0 2 12 17 9 2 12 16 2 0.000442751423653513167 45.4385225772857666
5 31 3 0 2 7 1 2 7 1 2 7 16 6 2 1 2 7 5 30 3 1 2 7 17 9 2 0 2 7 0 2 3 1 2 3 0 2 3 1 2 7 16 19 11 1 2 7 16 31 2 0 2 7 0 2 3 5 30 3 0 2 3 0 2 7 1 2 7 0 2 7 0 2 7 0 2 7 0 2 7 0 2 3 0 2 7 0 2 3 0 2 7 1 2 7 1 2 7 0 2 7 16 6 2 12 16 2 0 2 7 0 2 7 5 31 3 0 2 7 0 41.3188706636428833
12 16 2 1 2 7 0 2 7 1 2 7 17 18 2 13 6 3 5 30 3 0 2 7 8 18 2 0 2 7 1 2 7 1 2 7 0 2 7 0 2 7 5 31 3 1 2 7 1 2 7 0 2 7 0 2 7 5 31 3 0 2 7 0 2 7 1 2 7 1 2 7 0 2 7 1 2 7 0 2 7 0 2 7 17 9 2 1 2 7 17 9 2 0 2 7 1 2 7 0 2 7 16 6 2 12 16 2 0 2 7 0 2 7 0 2 7 1 2 7 0 40.4091576337814331
12 16 2 1 2 7 0 2 7 1 2 7 17 18 2 13 6 3 5 30 3 0 2 7 8 18 2 0 2 7 1 2 7 1 2 7 0 2 7 0 2 7 5 31 3 1 2 7 1 2 7 0 2 7 0 2 7 5 31 3 0 2 7 0 2 7 1 2 7 1 2 7 0 2 7 1 2 7 0 2 7 0 2 7 17 9 2 1 2 7 17 9 2 0 2 7 1 2 7 0 2 7 16 6 2 12 16 2 0 2 7 0 2 7 0 2 7 1 2 7 0 40.4091576337814331
0 2 3 16 19 12 0 2 8 0 2 3 16 19 11 8 18 2 5 30 3 17 18 2 5 30 3 0 2 3 0 2 3 0 2 3 0 2 7 1 2 3 5 30 3 0 2 1 0 2 3 8 9 2 0 2 7 8 9 2 1 2 8 0 2 3 12 16 2 0 2 3 1 2 3 0 2 13 1 2 3 1 2 3 5 30 3 0 2 3 12 16 2 0 2 7 0 2 3 0 2 3 0 2 8 0 2 7 0 2 3 5 30 3 16 19 12 12 16 2 0 44.7876129150390625
12 16 2 1 2 7 0 2 7 1 2 7 17 18 2 13 6 3 5 30 3 0 2 7 8 18 2 0 2 7 1 2 7 1 2 7 0 2 7 0 2 7 5 31 3 1 2 7 1 2 7 0 2 7 0 2 7 5 31 3 0 2 7 0 2 7 1 2 7 1 2 7 0 2 7 1 2 7 0 2 7 0 2 7 17 9 2 1 2 7 17 9 2 0 2 7 1 2 7 0 2 7 16 6 2 12 16 2 0 2 7 0 2 7 0 2 7 1 2 7 0 40.4091576337814331

Current Evaluation = 4500(4500)
Front Size = 10
12 16 2 1 2 7 0 2 7 1 2 7 17 18 2 13 6 3 5 30 3 0 2 7 8 18 2 0 2 7 1 2 7 1 2 7 0 2 7 0 2 7 5 31 3 1 2 7 1 2 7 0 2 7 0 2 7 5 31 3 0 2 7 0 2 7 1 2 7 1 2 7 0 2 7 1 2 7 0 2 7 0 2 7 17 9 2 1 2 7 17 9 2 0 2 7 1 2 7 0 2 7 16 6 2 12 16 2 0 2 7 0 2 7 0 2 7 1 2 7 0 40.4091576337814331
12 16 2 1 2 7 0 2 7 1 2 7 17 18 2 13 6 3 5 30 3 0 2 7 8 18 2 0 2 7 1 2 7 1 2 7 0 2 7 0 2 7 5 31 3 1 2 7 1 2 7 0 2 7 0 2 7 5 31 3 0 2 7 0 2 7 1 2 7 1 2 7 0 2 7 1 2 7 0 2 7 0 2 7 17 9 2 1 2 7 17 9 2 0 2 7 1 2 7 0 2 7 16 6 2 12 16 2 0 2 7 0 2 7 0 2 7 1 2 7 0 40.4091576337814331
12 16 2 1 2 7 0 2 7 1 2 7 17 18 2 13 6 3 5 30 3 0 2 7 8 18 2 0 2 7 1 2 7 1 2 7 0 2 7 0 2 7 5 31 3 1 2 7 1 2 7 0 2 7 0 2 7 5 31 3 0 2 7 0 2 7 1 2 7 1 2 7 0 2 7 1 2 7 0 2 7 0 2 7 17 9 2 1 2 7 17 9 2 0 2 7 1 2 7 0 2 7 16 6 2 12 16 2 0 2 7 0 2 7 0 2 7 1 2 7 0 40.4091576337814331
0 2 3 16 19 12 0 2 8 0 2 3 16 19 11 8 18 2 5 30 3 17 18 2 5 30 3 0 2 3 0 2 3 0 2 3 0 2 7 1 2 3 5 30 3 0 2 1 0 2 3 8 9 2 0 2 7 8 9 2 1 2 8 0 2 3 12 16 2 0 2 3 1 2 3 0 2 13 1 2 3 1 2 3 5 30 3 0 2 3 12 16 2 0 2 7 0 2 3 0 2 3 0 2 8 0 2 7 0 2 3 5 30 3 16 19 12 12 16 2 0 44.7876129150390625
12 16 2 1 2 7 0 2 7 1 2 7 17 18 2 13 6 3 5 30 3 0 2 7 8 18 2 0 2 7 1 2 7 1 2 7 0 2 7 0 2 7 5 31 3 1 2 7 1 2 7 0 2 7 0 2 7 5 31 3 0 2 7 0 2 7 1 2 7 1 2 7 0 2 7 1 2 7 0 2 7 0 2 7 17 9 2 1 2 7 17 9 2 0 2 7 1 2 7 0 2 7 16 6 2 12 16 2 0 2 7 0 2 7 0 2 7 1 2 7 0 40.4091576337814331
0 2 8 8 18 2 8 9 2 16 19 12 0 2 8 12 16 2 0 2 8 8 18 2 1 2 8 0 2 8 5 30 3 0 2 8 0 2 12 8 18 2 8 9 2 0 2 8 1 2 12 8 9 2 1 2 8 5 30 3 0 2 8 12 16 2 0 2 8 0 2 8 0 2 12 0 2 8 0 2 8 1 2 8 5 30 3 16 6 2 5 30 3 0 2 8 16 19 12 0 2 8 1 2 8 5 30 3 0 2 8 0 2 12 17 9 2 12 16 2 0.000442751423653513167 45.4385225772857666
17 18 2 0 2 3 1 2 7 0 2 7 1 2 3 0 2 7 5 30 3 1 2 7 17 9 2 0 2 3 0 2 7 0 2 7 0 2 3 0 2 7 5 30 3 16 6 2 5 31 3 0 2 7 5 31 3 5 30 3 0 2 7 0 2 7 0 2 7 0 2 7 1 2 7 0 2 7 0 2 7 1 2 3 0 2 7 1 2 7 1 2 7 0 2 7 0 2 11 0 2 7 16 15 2 0 2 7 1 2 7 16 9 8 8 18 2 0 2 7 0 41.6972687244415283
12 16 2 1 2 7 0 2 7 1 2 7 17 18 2 13 6 3 5 30 3 0 2 7 8 18 2 0 2 7 1 2 7 1 2 7 0 2 7 0 2 7 5 31 3 1 2 7 1 2 7 0 2 7 0 2 7 5 31 3 0 2 7 0 2 7 1 2 7 1 2 7 0 2 7 1 2 7 0 2 7 0 2 7 17 9 2 1 2 7 17 9 2 0 2 7 1 2 7 0 2 7 16 6 2 12 16 2 0 2 7 0 2 7 0 2 7 1 2 7 0 40.4091576337814331
5 31 3 0 2 7 1 2 7 1 2 7 16 6 2 1 2 7 5 30 3 1 2 7 17 9 2 0 2 7 0 2 3 1 2 3 0 2 3 1 2 7 16 19 11 1 2 7 16 31 2 0 2 7 0 2 3 5 30 3 0 2 3 0 2 7 1 2 7 0 2 7 0 2 7 0 2 7 0 2 7 0 2 3 0 2 7 0 2 3 0 2 7 1 2 7 1 2 7 0 2 7 16 6 2 12 16 2 0 2 7 0 2 7 5 31 3 0 2 7 0 41.3188706636428833
12 16 2 1 2 7 0 2 7 1 2 7 17 18 2 13 6 3 5 30 3 0 2 7 8 18 2 0 2 7 1 2 7 1 2 7 0 2 7 0 2 7 5 31 3 1 2 7 1 2 7 0 2 7 0 2 7 5 31 3 0 2 7 0 2 7 1 2 7 1 2 7 0 2 7 1 2 7 0 2 7 0 2 7 17 9 2 1 2 7 17 9 2 0 2 7 1 2 7 0 2 7 16 6 2 12 16 2 0 2 7 0 2 7 0 2 7 1 2 7 0 40.4091576337814331

Current Evaluation = 4950(4950)
Front Size = 10
12 16 2 1 2 7 0 2 7 1 2 7 17 18 2 13 6 3 5 30 3 0 2 7 8 18 2 0 2 7 1 2 7 1 2 7 0 2 7 0 2 7 5 31 3 1 2 7 1 2 7 0 2 7 0 2 7 5 31 3 0 2 7 0 2 7 1 2 7 1 2 7 0 2 7 1 2 7 0 2 7 0 2 7 17 9 2 1 2 7 17 9 2 0 2 7 1 2 7 0 2 7 16 6 2 12 16 2 0 2 7 0 2 7 0 2 7 1 2 7 0 40.4091576337814331
0 2 8 8 18 2 8 9 2 16 19 12 0 2 8 12 16 2 0 2 8 8 18 2 1 2 8 0 2 8 5 30 3 0 2 8 0 2 12 8 18 2 8 9 2 0 2 8 1 2 12 8 9 2 1 2 8 5 30 3 0 2 8 12 16 2 0 2 8 0 2 8 0 2 12 0 2 8 0 2 8 1 2 8 5 30 3 16 6 2 5 30 3 0 2 8 16 19 12 0 2 8 1 2 8 5 30 3 0 2 8 0 2 12 17 9 2 12 16 2 0.000442751423653513167 45.4385225772857666
0 2 3 16 19 12 0 2 8 0 2 3 16 19 11 8 18 2 5 30 3 17 18 2 5 30 3 0 2 3 0 2 3 0 2 3 0 2 7 1 2 3 5 30 3 0 2 1 0 2 3 8 9 2 0 2 7 8 9 2 1 2 8 0 2 3 12 16 2 0 2 3 1 2 3 0 2 13 1 2 3 1 2 3 5 30 3 0 2 3 12 16 2 0 2 7 0 2 3 0 2 3 0 2 8 0 2 7 0 2 3 5 30 3 16 19 12 12 16 2 0 44.7876129150390625
12 16 2 1 2 7 0 2 7 1 2 7 17 18 2 13 6 3 5 30 3 0 2 7 8 18 2 0 2 7 1 2 7 1 2 7 0 2 7 0 2 7 5 31 3 1 2 7 1 2 7 0 2 7 0 2 7 5 31 3 0 2 7 0 2 7 1 2 7 1 2 7 0 2 7 1 2 7 0 2 7 0 2 7 17 9 2 1 2 7 17 9 2 0 2 7 1 2 7 0 2 7 16 6 2 12 16 2 0 2 7 0 2 7 0 2 7 1 2 7 0 40.4091576337814331
12 16 2 1 2 7 0 2 7 1 2 7 17 18 2 13 6 3 5 30 3 0 2 7 8 18 2 0 2 7 1 2 7 1 2 7 0 2 7 0 2 7 5 31 3 1 2 7 1 2 7 0 2 7 0 2 7 5 31 3 0 2 7 0 2 7 1 2 7 1 2 7 0 2 7 1 2 7 0 2 7 0 2 7 17 9 2 1 2 7 17 9 2 0 2 7 1 2 7 0 2 7 16 6 2 12 16 2 0 2 7 0 2 7 0 2 7 1 2 7 0 40.4091576337814331
5 31 3 0 2 7 1 2 7 1 2 7 16 6 2 1 2 7 5 30 3 1 2 7 17 9 2 0 2 7 0 2 3 1 2 3 0 2 3 1 2 7 16 19 11 1 2 7 16 31 2 0 2 7 0 2 3 5 30 3 0 2 3 0 2 7 1 2 7 0 2 7 0 2 7 0 2 7 0 2 7 0 2 3 0 2 7 0 2 3 0 2 7 1 2 7 1 2 7 0 2 7 16 6 2 12 16 2 0 2 7 0 2 7 5 31 3 0 2 7 0 41.3188706636428833
12 16 2 1 2 7 0 2 7 1 2 7 17 18 2 13 6 3 5 30 3 0 2 7 8 18 2 0 2 7 1 2 7 1 2 7 0 2 7 0 2 7 5 31 3 1 2 7 1 2 7 0 2 7 0 2 7 5 31 3 0 2 7 0 2 7 1 2 7 1 2 7 0 2 7 1 2 7 0 2 7 0 2 7 17 9 2 1 2 7 17 9 2 0 2 7 1 2 7 0 2 7 16 6 2 12 16 2 0 2 7 0 2 7 0 2 7 1 2 7 0 40.4091576337814331
12 16 2 1 2 7 0 2 7 1 2 7 17 18 2 13 6 3 5 30 3 0 2 7 8 18 2 0 2 7 1 2 7 1 2 7 0 2 7 0 2 7 5 31 3 1 2 7 1 2 7 0 2 7 0 2 7 5 31 3 0 2 7 0 2 7 1 2 7 1 2 7 0 2 7 1 2 7 0 2 7 0 2 7 17 9 2 1 2 7 17 9 2 0 2 7 1 2 7 0 2 7 16 6 2 12 16 2 0 2 7 0 2 7 0 2 7 1 2 7 0 40.4091576337814331
17 18 2 0 2 3 1 2 7 0 2 7 1 2 3 0 2 7 5 30 3 1 2 7 17 9 2 0 2 3 0 2 7 0 2 7 0 2 3 0 2 7 5 30 3 16 6 2 5 31 3 0 2 7 5 31 3 5 30 3 0 2 7 0 2 7 0 2 7 0 2 7 1 2 7 0 2 7 0 2 7 1 2 3 0 2 7 1 2 7 1 2 7 0 2 7 0 2 11 0 2 7 16 15 2 0 2 7 1 2 7 16 9 8 8 18 2 0 2 7 0 41.6972687244415283
12 16 2 1 2 7 0 2 7 1 2 7 17 18 2 13 6 3 5 30 3 0 2 7 8 18 2 0 2 7 1 2 7 1 2 7 0 2 7 0 2 7 5 31 3 1 2 7 1 2 7 0 2 7 0 2 7 5 31 3 0 2 7 0 2 7 1 2 7 1 2 7 0 2 7 1 2 7 0 2 7 0 2 7 17 9 2 1 2 7 17 9 2 0 2 7 1 2 7 0 2 7 16 6 2 12 16 2 0 2 7 0 2 7 0 2 7 1 2 7 0 40.4091576337814331

Current Evaluation = 5400(5400)
Front Size = 10
12 16 2 1 2 7 0 2 7 1 2 7 17 18 2 13 6 3 5 30 3 0 2 7 8 18 2 0 2 7 1 2 7 1 2 7 0 2 7 0 2 7 5 31 3 1 2 7 1 2 7 0 2 7 0 2 7 5 31 3 0 2 7 0 2 7 1 2 7 1 2 7 0 2 7 1 2 7 0 2 7 0 2 7 17 9 2 1 2 7 17 9 2 0 2 7 1 2 7 0 2 7 16 6 2 12 16 2 0 2 7 0 2 7 0 2 7 1 2 7 0 40.4091576337814331
12 16 2 1 2 7 0 2 7 1 2 7 17 18 2 13 6 3 5 30 3 0 2 7 8 18 2 0 2 7 1 2 7 1 2 7 0 2 7 0 2 7 5 31 3 1 2 7 1 2 7 0 2 7 0 2 7 5 31 3 0 2 7 0 2 7 1 2 7 1 2 7 0 2 7 1 2 7 0 2 7 0 2 7 17 9 2 1 2 7 17 9 2 0 2 7 1 2 7 0 2 7 16 6 2 12 16 2 0 2 7 0 2 7 0 2 7 1 2 7 0 40.4091576337814331
5 31 3 0 2 7 1 2 7 0 2 7 17 18 2 0 2 3 5 31 3 0 2 7 17 9 2 0 2 4 1 2 7 1 2 7 0 2 7 1 2 7 5 31 3 16 20 12 6 2 7 0 2 7 0 2 7 5 31 3 0 2 3 1 2 7 0 2 7 1 2 7 0 2 3 1 2 7 0 2 7 0 2 7 1 2 7 16 6 2 0 2 7 0 2 7 1 2 7 0 2 7 16 6 2 12 16 2 0 2 7 0 2 7 1 2 7 0 2 7 0 40.8712348341941833
0 2 3 16 19 12 0 2 8 0 2 3 16 19 11 8 18 2 5 30 3 17 18 2 5 30 3 0 2 3 0 2 3 0 2 3 0 2 7 1 2 3 5 30 3 0 2 1 0 2 3 8 9 2 0 2 7 8 9 2 1 2 8 0 2 3 12 16 2 0 2 3 1 2 3 0 2 13 1 2 3 1 2 3 5 30 3 0 2 3 12 16 2 0 2 7 0 2 3 0 2 3 0 2 8 0 2 7 0 2 3 5 30 3 16 19 12 12 16 2 0 44.7876129150390625
0 2 8 8 18 2 8 9 2 16 19 12 0 2 8 12 16 2 0 2 8 8 18 2 1 2 8 0 2 8 5 30 3 0 2 8 0 2 12 8 18 2 8 9 2 0 2 8 1 2 12 8 9 2 1 2 8 5 30 3 0 2 8 12 16 2 0 2 8 0 2 8 0 2 12 0 2 8 0 2 8 1 2 8 5 30 3 16 6 2 5 30 3 0 2 8 16 19 12 0 2 8 1 2 8 5 30 3 0 2 8 0 2 12 17 9 2 12 16 2 0.000442751423653513167 45.4385225772857666
12 16 2 1 2 7 0 2 7 1 2 7 17 18 2 13 6 3 5 30 3 0 2 7 8 18 2 0 2 7 1 2 7 1 2 7 0 2 7 0 2 7 5 31 3 1 2 7 1 2 7 0 2 7 0 2 7 5 31 3 0 2 7 0 2 7 1 2 7 1 2 7 0 2 7 1 2 7 0 2 7 0 2 7 17 9 2 1 2 7 17 9 2 0 2 7 1 2 7 0 2 7 16 6 2 12 16 2 0 2 7 0 2 7 0 2 7 1 2 7 0 40.4091576337814331
12 16 2 1 2 7 0 2 7 1 2 7 17 18 2 13 6 3 5 30 3 0 2 7 8 18 2 0 2 7 1 2 7 1 2 7 0 2 7 0 2 7 5 31 3 1 2 7 1 2 7 0 2 7 0 2 7 5 31 3 0 2 7 0 2 7 1 2 7 1 2 7 0 2 7 1 2 7 0 2 7 0 2 7 17 9 2 1 2 7 17 9 2 0 2 7 1 2 7 0 2 7 16 6 2 12 16 2 0 2 7 0 2 7 0 2 7 1 2 7 0 40.4091576337814331
12 16 2 1 2 7 0 2 7 1 2 7 17 18 2 13 6 3 5 30 3 0 2 7 8 18 2 0 2 7 1 2 7 1 2 7 0 2 7 0 2 7 5 31 3 1 2 7 1 2 7 0 2 7 0 2 7 5 31 3 0 2 7 0 2 7 1 2 7 1 2 7 0 2 7 1 2 7 0 2 7 0 2 7 17 9 2 1 2 7 17 9 2 0 2 7 1 2 7 0 2 7 16 6 2 12 16 2 0 2 7 0 2 7 0 2 7 1 2 7 0 40.4091576337814331
12 16 2 1 2 7 0 2 7 1 2 7 17 18 2 13 6 3 5 30 3 0 2 7 8 18 2 0 2 7 1 2 7 1 2 7 0 2 7 0 2 7 5 31 3 1 2 7 1 2 7 0 2 7 0 2 7 5 31 3 0 2 7 0 2 7 1 2 7 1 2 7 0 2 7 1 2 7 0 2 7 0 2 7 17 9 2 1 2 7 17 9 2 0 2 7 1 2 7 0 2 7 16 6 2 12 16 2 0 2 7 0 2 7 0 2 7 1 2 7 0 40.4091576337814331
0 2 7 0 2 7 1 2 7 0 2 7 0 2 7 17 9 2 5 30 3 0 2 7 17 9 2 1 2 4 1 2 7 0 2 7 0 2 7 0 2 7 5 31 3 8 18 2 0 2 7 0 2 7 1 2 7 5 30 3 0 2 7 0 2 7 0 2 7 5 30 3 0 2 7 0 2 7 1 2 7 0 2 7 0 2 7 1 2 7 1 2 4 1 2 7 0 2 7 0 2 7 5 31 3 16 19 11 0 2 7 16 19 11 17 18 2 1 2 7 0 41.4540505409240723

Current Evaluation = 5850(5850)
Front Size = 10
12 16 2 1 2 7 0 2 7 1 2 7 17 18 2 13 6 3 5 30 3 0 2 7 8 18 2 0 2 7 1 2 7 1 2 7 0 2 7 0 2 7 5 31 3 1 2 7 1 2 7 0 2 7 0 2 7 5 31 3 0 2 7 0 2 7 1 2 7 1 2 7 0 2 7 1 2 7 0 2 7 0 2 7 17 9 2 1 2 7 17 9 2 0 2 7 1 2 7 0 2 7 16 6 2 12 16 2 0 2 7 0 2 7 0 2 7 1 2 7 0 40.4091576337814331
12 16 2 1 2 7 0 2 7 1 2 7 17 18 2 13 6 3 5 30 3 0 2 7 8 18 2 0 2 7 1 2 7 1 2 7 0 2 7 0 2 7 5 31 3 1 2 7 1 2 7 0 2 7 0 2 7 5 31 3 0 2 7 0 2 7 1 2 7 1 2 7 0 2 7 1 2 7 0 2 7 0 2 7 17 9 2 1 2 7 17 9 2 0 2 7 1 2 7 0 2 7 16 6 2 12 16 2 0 2 7 0 2 7 0 2 7 1 2 7 0 40.4091576337814331
0 2 8 5 31 3 0 2 8 0 2 8 17 9 2 8 18 2 5 30 3 0 2 8 5 30 3 0 2 11 0 2 11 0 2 7 0 2 8 1 2 7 5 30 3 0 2 7 0 2 7 0 2 8 0 2 7 5 30 3 6 2 7 0 2 7 12 16 2 0 2 11 6 2 11 0 2 11 0 2 7 1 2 11 16 19 11 6 2 8 5 30 3 0 2 7 17 9 2 0 2 11 16 19 11 0 2 12 0 2 7 1 2 7 8 9 2 12 16 2 0 44.0659522414207458
12 16 2 1 2 7 0 2 7 1 2 7 17 18 2 13 6 3 5 30 3 0 2 7 8 18 2 0 2 7 1 2 7 1 2 7 0 2 7 0 2 7 5 31 3 1 2 7 1 2 7 0 2 7 0 2 7 5 31 3 0 2 7 0 2 7 1 2 7 1 2 7 0 2 7 1 2 7 0 2 7 0 2 7 17 9 2 1 2 7 17 9 2 0 2 7 1 2 7 0 2 7 16 6 2 12 16 2 0 2 7 0 2 7 0 2 7 1 2 7 0 40.4091576337814331
12 16 2 1 2 7 0 2 7 1 2 7 17 18 2 13 6 3 5 30 3 0 2 7 8 18 2 0 2 7 1 2 7 1 2 7 0 2 7 0 2 7 5 31 3 1 2 7 1 2 7 0 2 7 0 2 7 5 31 3 0 2 7 0 2 7 1 2 7 1 2 7 0 2 7 1 2 7 0 2 7 0 2 7 17 9 2 1 2 7 17 9 2 0 2 7 1 2 7 0 2 7 16 6 2 12 16 2 0 2 7 0 2 7 0 2 7 1 2 7 0 40.4091576337814331
0 2 3 16 19 12 0 2 8 0 2 3 16 19 11 8 18 2 5 30 3 17 18 2 5 30 3 0 2 3 0 2 3 0 2 3 0 2 7 1 2 3 5 30 3 0 2 1 0 2 3 8 9 2 0 2 7 8 9 2 1 2 8 0 2 3 12 16 2 0 2 3 1 2 3 0 2 13 1 2 3 1 2 3 5 30 3 0 2 3 12 16 2 0 2 7 0 2 3 0 2 3 0 2 8 0 2 7 0 2 3 5 30 3 16 19 12 12 16 2 0 44.7876129150390625
12 16 2 1 2 7 0 2 7 1 2 7 17 18 2 13 6 3 5 30 3 0 2 7 8 18 2 0 2 7 1 2 7 1 2 7 0 2 7 0 2 7 5 31 3 1 2 7 1 2 7 0 2 7 0 2 7 5 31 3 0 2 7 0 2 7 1 2 7 1 2 7 0 2 7 1 2 7 0 2 7 0 2 7 17 9 2 1 2 7 17 9 2 0 2 7 1 2 7 0 2 7 16 6 2 12 16 2 0 2 7 0 2 7 0 2 7 1 2 7 0 40.4091576337814331
5 31 3 0 2 7 1 2 7 0 2 7 17 18 2 0 2 3 5 31 3 0 2 7 17 9 2 0 2 4 1 2 7 1 2 7 0 2 7 1 2 7 5 31 3 16 20 12 6 2 7 0 2 7 0 2 7 5 31 3 0 2 3 1 2 7 0 2 7 1 2 7 0 2 3 1 2 7 0 2 7 0 2 7 1 2 7 16 6 2 0 2 7 0 2 7 1 2 7 0 2 7 16 6 2 12 16 2 0 2 7 0 2 7 1 2 7 0 2 7 0 40.8712348341941833
0 2 7 0 2 7 1 2 7 0 2 7 0 2 7 17 9 2 5 30 3 0 2 7 17 9 2 1 2 4 1 2 7 0 2 7 0 2 7 0 2 7 5 31 3 8 18 2 0 2 7 0 2 7 1 2 7 5 30 3 0 2 7 0 2 7 0 2 7 5 30 3 0 2 7 0 2 7 1 2 7 0 2 7 0 2 7 1 2 7 1 2 4 1 2 7 0 2 7 0 2 7 5 31 3 16 19 11 0 2 7 16 19 11 17 18 2 1 2 7 0 41.4540505409240723
12 16 2 1 2 7 0 2 7 1 2 7 17 18 2 13 6 3 5 30 3 0 2 7 8 18 2 0 2 7 1 2 7 1 2 7 0 2 7 0 2 7 5 31 3 1 2 7 1 2 7 0 2 7 0 2 7 5 31 3 0 2 7 0 2 7 1 2 7 1 2 7 0 2 7 1 2 7 0 2 7 0 2 7 17 9 2 1 2 7 17 9 2 0 2 7 1 2 7 0 2 7 16 6 2 12 16 2 0 2 7 0 2 7 0 2 7 1 2 7 0 40.4091576337814331

Current Evaluation = 6300(6300)
Front Size = 10
12 16 2 1 2 7 0 2 7 1 2 7 17 18 2 13 6 3 5 30 3 0 2 7 8 18 2 0 2 7 1 2 7 1 2 7 0 2 7 0 2 7 5 31 3 1 2 7 1 2 7 0 2 7 0 2 7 5 31 3 0 2 7 0 2 7 1 2 7 1 2 7 0 2 7 1 2 7 0 2 7 0 2 7 17 9 2 1 2 7 17 9 2 0 2 7 1 2 7 0 2 7 16 6 2 12 16 2 0 2 7 0 2 7 0 2 7 1 2 7 0 40.4091576337814331
0 2 3 16 19 12 0 2 8 0 2 3 16 19 11 8 18 2 5 30 3 17 18 2 5 30 3 0 2 3 0 2 3 0 2 3 0 2 7 1 2 3 5 30 3 0 2 1 0 2 3 8 9 2 0 2 7 8 9 2 1 2 8 0 2 3 12 16 2 0 2 3 1 2 3 0 2 13 1 2 3 1 2 3 5 30 3 0 2 3 12 16 2 0 2 7 0 2 3 0 2 3 0 2 8 0 2 7 0 2 3 5 30 3 16 19 12 12 16 2 0 44.7876129150390625
12 16 2 1 2 7 0 2 7 1 2 7 17 18 2 13 6 3 5 30 3 0 2 7 8 18 2 0 2 7 1 2 7 1 2 7 0 2 7 0 2 7 5 31 3 1 2 7 1 2 7 0 2 7 0 2 7 5 31 3 0 2 7 0 2 7 1 2 7 1 2 7 0 2 7 1 2 7 0 2 7 0 2 7 17 9 2 1 2 7 17 9 2 0 2 7 1 2 7 0 2 7 16 6 2 12 16 2 0 2 7 0 2 7 0 2 7 1 2 7 0 40.4091576337814331
12 16 2 1 2 7 0 2 7 1 2 7 17 18 2 13 6 3 5 30 3 0 2 7 8 18 2 0 2 7 1 2 7 1 2 7 0 2 7 0 2 7 5 31 3 1 2 7 1 2 7 0 2 7 0 2 7 5 31 3 0 2 7 0 2 7 1 2 7 1 2 7 0 2 7 1 2 7 0 2 7 0 2 7 17 9 2 1 2 7 17 9 2 0 2 7 1 2 7 0 2 7 16 6 2 12 16 2 0 2 7 0 2 7 0 2 7 1 2 7 0 40.4091576337814331
0 2 8 5 31 3 0 2 8 0 2 8 17 9 2 8 18 2 5 30 3 0 2 8 5 30 3 0 2 11 0 2 11 0 2 7 0 2 8 1 2 7 5 30 3 0 2 7 0 2 7 0 2 8 0 2 7 5 30 3 6 2 7 0 2 7 12 16 2 0 2 11 6 2 11 0 2 11 0 2 7 1 2 11 16 19 11 6 2 8 5 30 3 0 2 7 17 9 2 0 2 11 16 19 11 0 2 12 0 2 7 1 2 7 8 9 2 12 16 2 0 44.0659522414207458
12 16 2 1 2 7 0 2 7 1 2 7 17 18 2 13 6 3 5 30 3 0 2 7 8 18 2 0 2 7 1 2 7 1 2 7 0 2 7 0 2 7 5 31 3 1 2 7 1 2 7 0 2 7 0 2 7 5 31 3 0 2 7 0 2 7 1 2 7 1 2 7 0 2 7 1 2 7 0 2 7 0 2 7 17 9 2 1 2 7 17 9 2 0 2 7 1 2 7 0 2 7 16 6 2 12 16 2 0 2 7 0 2 7 0 2 7 1 2 7 0 40.4091576337814331
5 31 3 0 2 7 1 2 7 0 2 7 17 18 2 0 2 3 5 31 3 0 2 7 17 9 2 0 2 4 1 2 7 1 2 7 0 2 7 1 2 7 5 31 3 16 20 12 6 2 7 0 2 7 0 2 7 5 31 3 0 2 3 1 2 7 0 2 7 1 2 7 0 2 3 1 2 7 0 2 7 0 2 7 1 2 7 16 6 2 0 2 7 0 2 7 1 2 7 0 2 7 16 6 2 12 16 2 0 2 7 0 2 7 1 2 7 0 2 7 0 40.8712348341941833
0 2 7 0 2 7 1 2 7 0 2 7 0 2 7 17 9 2 5 30 3 0 2 7 17 9 2 1 2 4 1 2 7 0 2 7 0 2 7 0 2 7 5 31 3 8 18 2 0 2 7 0 2 7 1 2 7 5 30 3 0 2 7 0 2 7 0 2 7 5 30 3 0 2 7 0 2 7 1 2 7 0 2 7 0 2 7 1 2 7 1 2 4 1 2 7 0 2 7 0 2 7 5 31 3 16 19 11 0 2 7 16 19 11 17 18 2 1 2 7 0 41.4540505409240723
12 16 2 1 2 7 0 2 7 1 2 7 17 18 2 13 6 3 5 30 3 0 2 7 8 18 2 0 2 7 1 2 7 1 2 7 0 2 7 0 2 7 5 31 3 1 2 7 1 2 7 0 2 7 0 2 7 5 31 3 0 2 7 0 2 7 1 2 7 1 2 7 0 2 7 1 2 7 0 2 7 0 2 7 17 9 2 1 2 7 17 9 2 0 2 7 1 2 7 0 2 7 16 6 2 12 16 2 0 2 7 0 2 7 0 2 7 1 2 7 0 40.4091576337814331
12 16 2 1 2 7 0 2 7 1 2 7 17 18 2 13 6 3 5 30 3 0 2 7 8 18 2 0 2 7 1 2 7 1 2 7 0 2 7 0 2 7 5 31 3 1 2 7 1 2 7 0 2 7 0 2 7 5 31 3 0 2 7 0 2 7 1 2 7 1 2 7 0 2 7 1 2 7 0 2 7 0 2 7 17 9 2 1 2 7 17 9 2 0 2 7 1 2 7 0 2 7 16 6 2 12 16 2 0 2 7 0 2 7 0 2 7 1 2 7 0 40.4091576337814331

Current Evaluation = 6750(6750)
Front Size = 10
12 16 2 1 2 7 0 2 7 1 2 7 17 18 2 13 6 3 5 30 3 0 2 7 8 18 2 0 2 7 1 2 7 1 2 7 0 2 7 0 2 7 5 31 3 1 2 7 1 2 7 0 2 7 0 2 7 5 31 3 0 2 7 0 2 7 1 2 7 1 2 7 0 2 7 1 2 7 0 2 7 0 2 7 17 9 2 1 2 7 17 9 2 0 2 7 1 2 7 0 2 7 16 6 2 12 16 2 0 2 7 0 2 7 0 2 7 1 2 7 0 40.4091576337814331
12 16 2 1 2 7 0 2 7 1 2 7 17 18 2 13 6 3 5 30 3 0 2 7 8 18 2 0 2 7 1 2 7 1 2 7 0 2 7 0 2 7 5 31 3 1 2 7 1 2 7 0 2 7 0 2 7 5 31 3 0 2 7 0 2 7 1 2 7 1 2 7 0 2 7 1 2 7 0 2 7 0 2 7 17 9 2 1 2 7 17 9 2 0 2 7 1 2 7 0 2 7 16 6 2 12 16 2 0 2 7 0 2 7 0 2 7 1 2 7 0 40.4091576337814331
12 16 2 1 2 7 0 2 7 1 2 7 17 18 2 13 6 3 5 30 3 0 2 7 8 18 2 0 2 7 1 2 7 1 2 7 0 2 7 0 2 7 5 31 3 1 2 7 1 2 7 0 2 7 0 2 7 5 31 3 0 2 7 0 2 7 1 2 7 1 2 7 0 2 7 1 2 7 0 2 7 0 2 7 17 9 2 1 2 7 17 9 2 0 2 7 1 2 7 0 2 7 16 6 2 12 16 2 0 2 7 0 2 7 0 2 7 1 2 7 0 40.4091576337814331
5 31 3 0 2 7 1 2 7 0 2 7 17 18 2 0 2 3 5 31 3 0 2 7 17 9 2 0 2 4 1 2 7 1 2 7 0 2 7 1 2 7 5 31 3 16 20 12 6 2 7 0 2 7 0 2 7 5 31 3 0 2 3 1 2 7 0 2 7 1 2 7 0 2 3 1 2 7 0 2 7 0 2 7 1 2 7 16 6 2 0 2 7 0 2 7 1 2 7 0 2 7 16 6 2 12 16 2 0 2 7 0 2 7 1 2 7 0 2 7 0 40.8712348341941833
12 16 2 1 2 7 0 2 7 1 2 7 17 18 2 13 6 3 5 30 3 0 2 7 8 18 2 0 2 7 1 2 7 1 2 7 0 2 7 0 2 7 5 31 3 1 2 7 1 2 7 0 2 7 0 2 7 5 31 3 0 2 7 0 2 7 1 2 7 1 2 7 0 2 7 1 2 7 0 2 7 0 2 7 17 9 2 1 2 7 17 9 2 0 2 7 1 2 7 0 2 7 16 6 2 12 16 2 0 2 7 0 2 7 0 2 7 1 2 7 0 40.4091576337814331
0 2 3 16 19 12 0 2 8 0 2 3 16 19 11 8 18 2 5 30 3 17 18 2 5 30 3 0 2 3 0 2 3 0 2 3 0 2 7 1 2 3 5 30 3 0 2 1 0 2 3 8 9 2 0 2 7 8 9 2 1 2 8 0 2 3 12 16 2 0 2 3 1 2 3 0 2 13 1 2 3 1 2 3 5 30 3 0 2 3 12 16 2 0 2 7 0 2 3 0 2 3 0 2 8 0 2 7 0 2 3 5 30 3 16 19 12 12 16 2 0 44.7876129150390625
0 2 8 5 31 3 0 2 8 0 2 8 17 9 2 8 18 2 5 30 3 0 2 8 5 30 3 0 2 11 0 2 11 0 2 7 0 2 8 1 2 7 5 30 3 0 2 7 0 2 7 0 2 8 0 2 7 5 30 3 6 2 7 0 2 7 12 16 2 0 2 11 6 2 11 0 2 11 0 2 7 1 2 11 16 19 11 6 2 8 5 30 3 0 2 7 17 9 2 0 2 11 16 19 11 0 2 12 0 2 7 1 2 7 8 9 2 12 16 2 0 44.0659522414207458
8 9 2 1 2 4 0 2 7 0 2 7 1 2 7 17 18 2 5 30 3 17 1 2 17 9 2 0 2 3 0 2 7 5 30 3 0 2 7 0 2 7 5 31 3 0 2 7 0 2 7 0 2 7 1 2 7 0 2 7 0 2 7 0 2 7 0 2 7 0 2 7 1 2 7 0 2 7 1 2 7 1 2 7 0 2 7 0 2 7 17 9 2 0 2 4 1 2 7 5 30 3 1 2 7 0 2 7 0 2 7 5 30 3 1 2 7 16 19 13 0 41.1628166437149048
12 16 2 1 2 7 0 2 7 1 2 7 17 18 2 13 6 3 5 30 3 0 2 7 8 18 2 0 2 7 1 2 7 1 2 7 0 2 7 0 2 7 5 31 3 1 2 7 1 2 7 0 2 7 0 2 7 5 31 3 0 2 7 0 2 7 1 2 7 1 2 7 0 2 7 1 2 7 0 2 7 0 2 7 17 9 2 1 2 7 17 9 2 0 2 7 1 2 7 0 2 7 16 6 2 12 16 2 0 2 7 0 2 7 0 2 7 1 2 7 0 40.4091576337814331
12 16 2 1 2 7 0 2 7 1 2 7 17 18 2 13 6 3 5 30 3 0 2 7 8 18 2 0 2 7 1 2 7 1 2 7 0 2 7 0 2 7 5 31 3 1 2 7 1 2 7 0 2 7 0 2 7 5 31 3 0 2 7 0 2 7 1 2 7 1 2 7 0 2 7 1 2 7 0 2 7 0 2 7 17 9 2 1 2 7 17 9 2 0 2 7 1 2 7 0 2 7 16 6 2 12 16 2 0 2 7 0 2 7 0 2 7 1 2 7 0 40.4091576337814331

Current Evaluation = 7200(7200)
Front Size = 10
12 16 2 1 2 7 0 2 7 1 2 7 17 18 2 13 6 3 5 30 3 0 2 7 8 18 2 0 2 7 1 2 7 1 2 7 0 2 7 0 2 7 5 31 3 1 2 7 1 2 7 0 2 7 0 2 7 5 31 3 0 2 7 0 2 7 1 2 7 1 2 7 0 2 7 1 2 7 0 2 7 0 2 7 17 9 2 1 2 7 17 9 2 0 2 7 1 2 7 0 2 7 16 6 2 12 16 2 0 2 7 0 2 7 0 2 7 1 2 7 0 40.4091576337814331
12 16 2 1 2 7 0 2 7 1 2 7 17 18 2 13 6 3 5 30 3 0 2 7 8 18 2 0 2 7 1 2 7 1 2 7 0 2 7 0 2 7 5 31 3 1 2 7 1 2 7 0 2 7 0 2 7 5 31 3 0 2 7 0 2 7 1 2 7 1 2 7 0 2 7 1 2 7 0 2 7 0 2 7 17 9 2 1 2 7 17 9 2 0 2 7 1 2 7 0 2 7 16 6 2 12 16 2 0 2 7 0 2 7 0 2 7 1 2 7 0 40.4091576337814331
12 16 2 1 2 7 0 2 7 1 2 7 17 18 2 13 6 3 5 30 3 0 2 7 8 18 2 0 2 7 1 2 7 1 2 7 0 2 7 0 2 7 5 31 3 1 2 7 1 2 7 0 2 7 0 2 7 5 31 3 0 2 7 0 2 7 1 2 7 1 2 7 0 2 7 1 2 7 0 2 7 0 2 7 17 9 2 1 2 7 17 9 2 0 2 7 1 2 7 0 2 7 16 6 2 12 16 2 0 2 7 0 2 7 0 2 7 1 2 7 0 40.4091576337814331
16 19 11 0 2 3 0 2 7 0 2 3 0 2 3 8 18 2 5 30 3 0 2 7 5 30 3 0 2 3 1 2 7 0 2 3 1 2 7 0 2 3 5 30 3 16 9 11 0 2 3 0 2 7 0 2 7 5 30 3 5 30 3 12 16 2 12 16 2 0 2 3 0 2 7 0 2 7 0 2 3 1 2 7 0 2 7 16 19 11 0 2 3 0 2 3 0 2 3 0 2 7 16 9 8 1 2 7 1 2 7 1 2 11 0 2 7 12 16 2 0 43.5401473641395569
12 16 2 1 2 7 0 2 7 1 2 7 17 18 2 13 6 3 5 30 3 0 2 7 8 18 2 0 2 7 1 2 7 1 2 7 0 2 7 0 2 7 5 31 3 1 2 7 1 2 7 0 2 7 0 2 7 5 31 3 0 2 7 0 2 7 1 2 7 1 2 7 0 2 7 1 2 7 0 2 7 0 2 7 17 9 2 1 2 7 17 9 2 0 2 7 1 2 7 0 2 7 16 6 2 12 16 2 0 2 7 0 2 7 0 2 7 1 2 7 0 40.4091576337814331
0 2 8 5 31 3 0 2 8 0 2 8 17 9 2 8 18 2 5 30 3 0 2 8 5 30 3 0 2 11 0 2 11 0 2 7 0 2 8 1 2 7 5 30 3 0 2 7 0 2 7 0 2 8 0 2 7 5 30 3 6 2 7 0 2 7 12 16 2 0 2 11 6 2 11 0 2 11 0 2 7 1 2 11 16 19 11 6 2 8 5 30 3 0 2 7 17 9 2 0 2 11 16 19 11 0 2 12 0 2 7 1 2 7 8 9 2 12 16 2 0 44.0659522414207458
12 16 2 1 2 7 0 2 7 1 2 7 17 18 2 13 6 3 5 30 3 0 2 7 8 18 2 0 2 7 1 2 7 1 2 7 0 2 7 0 2 7 5 31 3 1 2 7 1 2 7 0 2 7 0 2 7 5 31 3 0 2 7 0 2 7 1 2 7 1 2 7 0 2 7 1 2 7 0 2 7 0 2 7 17 9 2 1 2 7 17 9 2 0 2 7 1 2 7 0 2 7 16 6 2 12 16 2 0 2 7 0 2 7 0 2 7 1 2 7 0 40.4091576337814331
8 9 2 1 2 4 0 2 7 0 2 7 1 2 7 17 18 2 5 30 3 17 1 2 17 9 2 0 2 3 0 2 7 5 30 3 0 2 7 0 2 7 5 31 3 0 2 7 0 2 7 0 2 7 1 2 7 0 2 7 0 2 7 0 2 7 0 2 7 0 2 7 1 2 7 0 2 7 1 2 7 1 2 7 0 2 7 0 2 7 17 9 2 0 2 4 1 2 7 5 30 3 1 2 7 0 2 7 0 2 7 5 30 3 1 2 7 16 19 13 0 41.1628166437149048
5 31 3 0 2 7 1 2 7 0 2 7 17 18 2 0 2 3 5 31 3 0 2 7 17 9 2 0 2 4 1 2 7 1 2 7 0 2 7 1 2 7 5 31 3 16 20 12 6 2 7 0 2 7 0 2 7 5 31 3 0 2 3 1 2 7 0 2 7 1 2 7 0 2 3 1 2 7 0 2 7 0 2 7 1 2 7 16 6 2 0 2 7 0 2 7 1 2 7 0 2 7 16 6 2 12 16 2 0 2 7 0 2 7 1 2 7 0 2 7 0 40.8712348341941833
12 16 2 1 2 7 0 2 7 1 2 7 17 18 2 13 6 3 5 30 3 0 2 7 8 18 2 0 2 7 1 2 7 1 2 7 0 2 7 0 2 7 5 31 3 1 2 7 1 2 7 0 2 7 0 2 7 5 31 3 0 2 7 0 2 7 1 2 7 1 2 7 0 2 7 1 2 7 0 2 7 0 2 7 17 9 2 1 2 7 17 9 2 0 2 7 1 2 7 0 2 7 16 6 2 12 16 2 0 2 7 0 2 7 0 2 7 1 2 7 0 40.4091576337814331

Current Evaluation = 7650(7650)
Front Size = 10
12 16 2 1 2 7 0 2 7 1 2 7 17 18 2 13 6 3 5 30 3 0 2 7 8 18 2 0 2 7 1 2 7 1 2 7 0 2 7 0 2 7 5 31 3 1 2 7 1 2 7 0 2 7 0 2 7 5 31 3 0 2 7 0 2 7 1 2 7 1 2 7 0 2 7 1 2 7 0 2 7 0 2 7 17 9 2 1 2 7 17 9 2 0 2 7 1 2 7 0 2 7 16 6 2 12 16 2 0 2 7 0 2 7 0 2 7 1 2 7 0 40.4091576337814331
12 16 2 1 2 7 0 2 7 1 2 7 17 18 2 13 6 3 5 30 3 0 2 7 8 18 2 0 2 7 1 2 7 1 2 7 0 2 7 0 2 7 5 31 3 1 2 7 1 2 7 0 2 7 0 2 7 5 31 3 0 2 7 0 2 7 1 2 7 1 2 7 0 2 7 1 2 7 0 2 7 0 2 7 17 9 2 1 2 7 17 9 2 0 2 7 1 2 7 0 2 7 16 6 2 12 16 2 0 2 7 0 2 7 0 2 7 1 2 7 0 40.4091576337814331
1 2 3 0 2 7 0 2 3 1 2 7 0 2 3 0 2 7 5 30 3 0 2 7 16 19 11 0 2 3 0 2 7 0 2 3 0 2 7 0 2 7 5 30 3 16 19 11 5 30 3 0 2 7 0 2 3 5 31 3 5 30 3 0 2 7 16 19 11 0 2 7 0 2 3 0 2 3 0 2 3 0 2 7 16 19 11 5 30 3 1 2 7 0 2 7 0 2 3 0 2 3 16 6 2 12 16 2 0 2 7 0 2 7 0 2 7 1 2 7 0 43.2520463466644287
12 16 2 1 2 7 0 2 7 1 2 7 17 18 2 13 6 3 5 30 3 0 2 7 8 18 2 0 2 7 1 2 7 1 2 7 0 2 7 0 2 7 5 31 3 1 2 7 1 2 7 0 2 7 0 2 7 5 31 3 0 2 7 0 2 7 1 2 7 1 2 7 0 2 7 1 2 7 0 2 7 0 2 7 17 9 2 1 2 7 17 9 2 0 2 7 1 2 7 0 2 7 16 6 2 12 16 2 0 2 7 0 2 7 0 2 7 1 2 7 0 40.4091576337814331
0 2 8 5 31 3 0 2 8 0 2 8 17 9 2 8 18 2 5 30 3 0 2 8 5 30 3 0 2 11 0 2 11 0 2 7 0 2 8 1 2 7 5 30 3 0 2 7 0 2 7 0 2 8 0 2 7 5 30 3 6 2 7 0 2 7 12 16 2 0 2 11 6 2 11 0 2 11 0 2 7 1 2 11 16 19 11 6 2 8 5 30 3 0 2 7 17 9 2 0 2 11 16 19 11 0 2 12 0 2 7 1 2 7 8 9 2 12 16 2 0 44.0659522414207458
12 16 2 1 2 7 0 2 7 1 2 7 17 18 2 13 6 3 5 30 3 0 2 7 8 18 2 0 2 7 1 2 7 1 2 7 0 2 7 0 2 7 5 31 3 1 2 7 1 2 7 0 2 7 0 2 7 5 31 3 0 2 7 0 2 7 1 2 7 1 2 7 0 2 7 1 2 7 0 2 7 0 2 7 17 9 2 1 2 7 17 9 2 0 2 7 1 2 7 0 2 7 16 6 2 12 16 2 0 2 7 0 2 7 0 2 7 1 2 7 0 40.4091576337814331
12 16 2 1 2 7 0 2 7 1 2 7 17 18 2 13 6 3 5 30 3 0 2 7 8 18 2 0 2 7 1 2 7 1 2 7 0 2 7 0 2 7 5 31 3 1 2 7 1 2 7 0 2 7 0 2 7 5 31 3 0 2 7 0 2 7 1 2 7 1 2 7 0 2 7 1 2 7 0 2 7 0 2 7 17 9 2 1 2 7 17 9 2 0 2 7 1 2 7 0 2 7 16 6 2 12 16 2 0 2 7 0 2 7 0 2 7 1 2 7 0 40.4091576337814331
12 16 2 1 2 7 0 2 7 1 2 7 17 18 2 13 6 3 5 30 3 0 2 7 8 18 2 0 2 7 1 2 7 1 2 7 0 2 7 0 2 7 5 31 3 1 2 7 1 2 7 0 2 7 0 2 7 5 31 3 0 2 7 0 2 7 1 2 7 1 2 7 0 2 7 1 2 7 0 2 7 0 2 7 17 9 2 1 2 7 17 9 2 0 2 7 1 2 7 0 2 7 16 6 2 12 16 2 0 2 7 0 2 7 0 2 7 1 2 7 0 40.4091576337814331
8 9 2 1 2 4 0 2 7 0 2 7 1 2 7 17 18 2 5 30 3 17 1 2 17 9 2 0 2 3 0 2 7 5 30 3 0 2 7 0 2 7 5 31 3 0 2 7 0 2 7 0 2 7 1 2 7 0 2 7 0 2 7 0 2 7 0 2 7 0 2 7 1 2 7 0 2 7 1 2 7 1 2 7 0 2 7 0 2 7 17 9 2 0 2 4 1 2 7 5 30 3 1 2 7 0 2 7 0 2 7 5 30 3 1 2 7 16 19 13 0 41.1628166437149048
5 31 3 0 2 7 1 2 7 0 2 7 17 18 2 0 2 3 5 31 3 0 2 7 17 9 2 0 2 4 1 2 7 1 2 7 0 2 7 1 2 7 5 31 3 16 20 12 6 2 7 0 2 7 0 2 7 5 31 3 0 2 3 1 2 7 0 2 7 1 2 7 0 2 3 1 2 7 0 2 7 0 2 7 1 2 7 16 6 2 0 2 7 0 2 7 1 2 7 0 2 7 16 6 2 12 16 2 0 2 7 0 2 7 1 2 7 0 2 7 0 40.8712348341941833

Current Evaluation = 8100(8100)
Front Size = 10
12 16 2 1 2 7 0 2 7 1 2 7 17 18 2 13 6 3 5 30 3 0 2 7 8 18 2 0 2 7 1 2 7 1 2 7 0 2 7 0 2 7 5 31 3 1 2 7 1 2 7 0 2 7 0 2 7 5 31 3 0 2 7 0 2 7 1 2 7 1 2 7 0 2 7 1 2 7 0 2 7 0 2 7 17 9 2 1 2 7 17 9 2 0 2 7 1 2 7 0 2 7 16 6 2 12 16 2 0 2 7 0 2 7 0 2 7 1 2 7 0 40.4091576337814331
12 16 2 1 2 7 0 2 7 1 2 7 17 18 2 13 6 3 5 30 3 0 2 7 8 18 2 0 2 7 1 2 7 1 2 7 0 2 7 0 2 7 5 31 3 1 2 7 1 2 7 0 2 7 0 2 7 5 31 3 0 2 7 0 2 7 1 2 7 1 2 7 0 2 7 1 2 7 0 2 7 0 2 7 17 9 2 1 2 7 17 9 2 0 2 7 1 2 7 0 2 7 16 6 2 12 16 2 0 2 7 0 2 7 0 2 7 1 2 7 0 40.4091576337814331
12 16 2 1 2 7 0 2 7 1 2 7 17 18 2 13 6 3 5 30 3 0 2 7 8 18 2 0 2 7 1 2 7 1 2 7 0 2 7 0 2 7 5 31 3 1 2 7 1 2 7 0 2 7 0 2 7 5 31 3 0 2 7 0 2 7 1 2 7 1 2 7 0 2 7 1 2 7 0 2 7 0 2 7 17 9 2 1 2 7 17 9 2 0 2 7 1 2 7 0 2 7 16 6 2 12 16 2 0 2 7 0 2 7 0 2 7 1 2 7 0 40.4091576337814331
12 16 2 1 2 7 0 2 7 1 2 7 17 18 2 13 6 3 5 30 3 0 2 7 8 18 2 0 2 7 1 2 7 1 2 7 0 2 7 0 2 7 5 31 3 1 2 7 1 2 7 0 2 7 0 2 7 5 31 3 0 2 7 0 2 7 1 2 7 1 2 7 0 2 7 1 2 7 0 2 7 0 2 7 17 9 2 1 2 7 17 9 2 0 2 7 1 2 7 0 2 7 16 6 2 12 16 2 0 2 7 0 2 7 0 2 7 1 2 7 0 40.4091576337814331
12 16 2 1 2 7 0 2 7 1 2 7 17 18 2 13 6 3 5 30 3 0 2 7 8 18 2 0 2 7 1 2 7 1 2 7 0 2 7 0 2 7 5 31 3 1 2 7 1 2 7 0 2 7 0 2 7 5 31 3 0 2 7 0 2 7 1 2 7 1 2 7 0 2 7 1 2 7 0 2 7 0 2 7 17 9 2 1 2 7 17 9 2 0 2 7 1 2 7 0 2 7 16 6 2 12 16 2 0 2 7 0 2 7 0 2 7 1 2 7 0 40.4091576337814331
1 2 3 0 2 7 0 2 3 1 2 7 0 2 3 0 2 7 5 30 3 0 2 7 16 19 11 0 2 3 0 2 7 0 2 3 0 2 7 0 2 7 5 30 3 16 19 11 5 30 3 0 2 7 0 2 3 5 31 3 5 30 3 0 2 7 16 19 11 0 2 7 0 2 3 0 2 3 0 2 3 0 2 7 16 19 11 5 30 3 1 2 7 0 2 7 0 2 3 0 2 3 16 6 2 12 16 2 0 2 7 0 2 7 0 2 7 1 2 7 0 43.2520463466644287
1 2 7 5 31 3 0 2 7 0 2 7 17 18 2 16 6 2 5 31 3 0 2 7 0 2 4 0 2 7 0 2 7 1 2 7 1 2 7 0 2 7 5 31 3 0 2 7 6 2 3 0 2 4 1 2 7 5 31 3 0 2 7 1 2 7 1 2 7 1 2 7 0 2 7 0 2 7 0 2 7 0 2 3 0 2 7 0 2 7 6 2 7 1 2 7 16 6 2 0 2 7 16 6 2 0 2 7 0 2 4 1 2 7 17 18 2 12 16 2 0 40.6145017743110657
5 31 3 0 2 7 1 2 7 0 2 7 17 18 2 0 2 3 5 31 3 0 2 7 17 9 2 0 2 4 1 2 7 1 2 7 0 2 7 1 2 7 5 31 3 16 20 12 6 2 7 0 2 7 0 2 7 5 31 3 0 2 3 1 2 7 0 2 7 1 2 7 0 2 3 1 2 7 0 2 7 0 2 7 1 2 7 16 6 2 0 2 7 0 2 7 1 2 7 0 2 7 16 6 2 12 16 2 0 2 7 0 2 7 1 2 7 0 2 7 0 40.8712348341941833
0 2 8 5 31 3 0 2 8 0 2 8 17 9 2 8 18 2 5 30 3 0 2 8 5 30 3 0 2 11 0 2 11 0 2 7 0 2 8 1 2 7 5 30 3 0 2 7 0 2 7 0 2 8 0 2 7 5 30 3 6 2 7 0 2 7 12 16 2 0 2 11 6 2 11 0 2 11 0 2 7 1 2 11 16 19 11 6 2 8 5 30 3 0 2 7 17 9 2 0 2 11 16 19 11 0 2 12 0 2 7 1 2 7 8 9 2 12 16 2 0 44.0659522414207458
12 16 2 1 2 7 0 2 7 1 2 7 17 18 2 13 6 3 5 30 3 0 2 7 8 18 2 0 2 7 1 2 7 1 2 7 0 2 7 0 2 7 5 31 3 1 2 7 1 2 7 0 2 7 0 2 7 5 31 3 0 2 7 0 2 7 1 2 7 1 2 7 0 2 7 1 2 7 0 2 7 0 2 7 17 9 2 1 2 7 17 9 2 0 2 7 1 2 7 0 2 7 16 6 2 12 16 2 0 2 7 0 2 7 0 2 7 1 2 7 0 40.4091576337814331

Current Evaluation = 8550(8550)
Front Size = 10
12 16 2 1 2 7 0 2 7 1 2 7 17 18 2 13 6 3 5 30 3 0 2 7 8 18 2 0 2 7 1 2 7 1 2 7 0 2 7 0 2 7 5 31 3 1 2 7 1 2 7 0 2 7 0 2 7 5 31 3 0 2 7 0 2 7 1 2 7 1 2 7 0 2 7 1 2 7 0 2 7 0 2 7 17 9 2 1 2 7 17 9 2 0 2 7 1 2 7 0 2 7 16 6 2 12 16 2 0 2 7 0 2 7 0 2 7 1 2 7 0 40.4091576337814331
12 16 2 1 2 7 0 2 7 1 2 7 17 18 2 13 6 3 5 30 3 0 2 7 8 18 2 0 2 7 1 2 7 1 2 7 0 2 7 0 2 7 5 31 3 1 2 7 1 2 7 0 2 7 0 2 7 5 31 3 0 2 7 0 2 7 1 2 7 1 2 7 0 2 7 1 2 7 0 2 7 0 2 7 17 9 2 1 2 7 17 9 2 0 2 7 1 2 7 0 2 7 16 6 2 12 16 2 0 2 7 0 2 7 0 2 7 1 2 7 0 40.4091576337814331
0 2 3 5 30 3 0 2 3 1 2 7 17 18 2 12 16 2 5 31 3 0 2 7 16 19 11 0 2 3 1 2 7 0 2 3 0 2 7 0 2 4 0 2 7 1 2 7 1 2 7 1 2 7 0 2 3 5 30 3 0 2 3 1 2 7 5 30 3 0 2 7 0 2 7 0 2 7 0 2 3 0 2 7 16 19 11 0 2 3 8 9 2 0 2 7 0 2 3 0 2 4 16 6 2 12 16 2 5 30 3 6 2 7 6 2 7 0 2 7 0 42.4712675809860229
12 16 2 1 2 7 0 2 7 1 2 7 17 18 2 13 6 3 5 30 3 0 2 7 8 18 2 0 2 7 1 2 7 1 2 7 0 2 7 0 2 7 5 31 3 1 2 7 1 2 7 0 2 7 0 2 7 5 31 3 0 2 7 0 2 7 1 2 7 1 2 7 0 2 7 1 2 7 0 2 7 0 2 7 17 9 2 1 2 7 17 9 2 0 2 7 1 2 7 0 2 7 16 6 2 12 16 2 0 2 7 0 2 7 0 2 7 1 2 7 0 40.4091576337814331
0 2 8 5 31 3 0 2 8 0 2 8 17 9 2 8 18 2 5 30 3 0 2 8 5 30 3 0 2 11 0 2 11 0 2 7 0 2 8 1 2 7 5 30 3 0 2 7 0 2 7 0 2 8 0 2 7 5 30 3 6 2 7 0 2 7 12 16 2 0 2 11 6 2 11 0 2 11 0 2 7 1 2 11 16 19 11 6 2 8 5 30 3 0 2 7 17 9 2 0 2 11 16 19 11 0 2 12 0 2 7 1 2 7 8 9 2 12 16 2 0 44.0659522414207458
12 16 2 1 2 7 0 2 7 1 2 7 17 18 2 13 6 3 5 30 3 0 2 7 8 18 2 0 2 7 1 2 7 1 2 7 0 2 7 0 2 7 5 31 3 1 2 7 1 2 7 0 2 7 0 2 7 5 31 3 0 2 7 0 2 7 1 2 7 1 2 7 0 2 7 1 2 7 0 2 7 0 2 7 17 9 2 1 2 7 17 9 2 0 2 7 1 2 7 0 2 7 16 6 2 12 16 2 0 2 7 0 2 7 0 2 7 1 2 7 0 40.4091576337814331
12 16 2 1 2 7 0 2 7 1 2 7 17 18 2 13 6 3 5 30 3 0 2 7 8 18 2 0 2 7 1 2 7 1 2 7 0 2 7 0 2 7 5 31 3 1 2 7 1 2 7 0 2 7 0 2 7 5 31 3 0 2 7 0 2 7 1 2 7 1 2 7 0 2 7 1 2 7 0 2 7 0 2 7 17 9 2 1 2 7 17 9 2 0 2 7 1 2 7 0 2 7 16 6 2 12 16 2 0 2 7 0 2 7 0 2 7 1 2 7 0 40.4091576337814331
5 31 3 0 2 7 1 2 7 0 2 7 17 18 2 0 2 3 5 31 3 0 2 7 17 9 2 0 2 4 1 2 7 1 2 7 0 2 7 1 2 7 5 31 3 16 20 12 6 2 7 0 2 7 0 2 7 5 31 3 0 2 3 1 2 7 0 2 7 1 2 7 0 2 3 1 2 7 0 2 7 0 2 7 1 2 7 16 6 2 0 2 7 0 2 7 1 2 7 0 2 7 16 6 2 12 16 2 0 2 7 0 2 7 1 2 7 0 2 7 0 40.8712348341941833
1 2 7 5 31 3 0 2 7 0 2 7 17 18 2 16 6 2 5 31 3 0 2 7 0 2 4 0 2 7 0 2 7 1 2 7 1 2 7 0 2 7 5 31 3 0 2 7 6 2 3 0 2 4 1 2 7 5 31 3 0 2 7 1 2 7 1 2 7 1 2 7 0 2 7 0 2 7 0 2 7 0 2 3 0 2 7 0 2 7 6 2 7 1 2 7 16 6 2 0 2 7 16 6 2 0 2 7 0 2 4 1 2 7 17 18 2 12 16 2 0 40.6145017743110657
12 16 2 1 2 7 0 2 7 1 2 7 17 18 2 13 6 3 5 30 3 0 2 7 8 18 2 0 2 7 1 2 7 1 2 7 0 2 7 0 2 7 5 31 3 1 2 7 1 2 7 0 2 7 0 2 7 5 31 3 0 2 7 0 2 7 1 2 7 1 2 7 0 2 7 1 2 7 0 2 7 0 2 7 17 9 2 1 2 7 17 9 2 0 2 7 1 2 7 0 2 7 16 6 2 12 16 2 0 2 7 0 2 7 0 2 7 1 2 7 0 40.4091576337814331

Current Evaluation = 9000(9000)
Front Size = 10
12 16 2 1 2 7 0 2 7 1 2 7 17 18 2 13 6 3 5 30 3 0 2 7 8 18 2 0 2 7 1 2 7 1 2 7 0 2 7 0 2 7 5 31 3 1 2 7 1 2 7 0 2 7 0 2 7 5 31 3 0 2 7 0 2 7 1 2 7 1 2 7 0 2 7 1 2 7 0 2 7 0 2 7 17 9 2 1 2 7 17 9 2 0 2 7 1 2 7 0 2 7 16 6 2 12 16 2 0 2 7 0 2 7 0 2 7 1 2 7 0 40.4091576337814331
12 16 2 1 2 7 0 2 7 1 2 7 17 18 2 13 6 3 5 30 3 0 2 7 8 18 2 0 2 7 1 2 7 1 2 7 0 2 7 0 2 7 5 31 3 1 2 7 1 2 7 0 2 7 0 2 7 5 31 3 0 2 7 0 2 7 1 2 7 1 2 7 0 2 7 1 2 7 0 2 7 0 2 7 17 9 2 1 2 7 17 9 2 0 2 7 1 2 7 0 2 7 16 6 2 12 16 2 0 2 7 0 2 7 0 2 7 1 2 7 0 40.4091576337814331
12 16 2 1 2 7 0 2 7 1 2 7 17 18 2 13 6 3 5 30 3 0 2 7 8 18 2 0 2 7 1 2 7 1 2 7 0 2 7 0 2 7 5 31 3 1 2 7 1 2 7 0 2 7 0 2 7 5 31 3 0 2 7 0 2 7 1 2 7 1 2 7 0 2 7 1 2 7 0 2 7 0 2 7 17 9 2 1 2 7 17 9 2 0 2 7 1 2 7 0 2 7 16 6 2 12 16 2 0 2 7 0 2 7 0 2 7 1 2 7 0 40.4091576337814331
12 16 2 1 2 7 0 2 7 1 2 7 17 18 2 13 6 3 5 30 3 0 2 7 8 18 2 0 2 7 1 2 7 1 2 7 0 2 7 0 2 7 5 31 3 1 2 7 1 2 7 0 2 7 0 2 7 5 31 3 0 2 7 0 2 7 1 2 7 1 2 7 0 2 7 1 2 7 0 2 7 0 2 7 17 9 2 1 2 7 17 9 2 0 2 7 1 2 7 0 2 7 16 6 2 12 16 2 0 2 7 0 2 7 0 2 7 1 2 7 0 40.4091576337814331
5 31 3 0 2 7 1 2 7 0 2 7 17 18 2 0 2 3 5 31 3 0 2 7 17 9 2 0 2 4 1 2 7 1 2 7 0 2 7 1 2 7 5 31 3 16 20 12 6 2 7 0 2 7 0 2 7 5 31 3 0 2 3 1 2 7 0 2 7 1 2 7 0 2 3 1 2 7 0 2 7 0 2 7 1 2 7 16 6 2 0 2 7 0 2 7 1 2 7 0 2 7 16 6 2 12 16 2 0 2 7 0 2 7 1 2 7 0 2 7 0 40.8712348341941833
1 2 7 5 31 3 0 2 7 0 2 7 17 18 2 16 6 2 5 31 3 0 2 7 0 2 4 0 2 7 0 2 7 1 2 7 1 2 7 0 2 7 5 31 3 0 2 7 6 2 3 0 2 4 1 2 7 5 31 3 0 2 7 1 2 7 1 2 7 1 2 7 0 2 7 0 2 7 0 2 7 0 2 3 0 2 7 0 2 7 6 2 7 1 2 7 16 6 2 0 2 7 16 6 2 0 2 7 0 2 4 1 2 7 17 18 2 12 16 2 0 40.6145017743110657
1 2 7 6 2 7 0 2 7 0 2 7 5 30 3 17 9 2 5 30 3 0 2 3 16 19 11 0 2 3 1 2 7 0 2 3 0 2 7 1 2 7 5 31 3 1 2 7 6 2 3 0 2 7 6 2 7 5 31 3 1 2 3 0 2 7 12 16 2 0 2 7 0 2 3 0 2 3 0 2 7 0 2 7 16 6 2 0 2 7 0 2 7 0 2 7 0 2 7 0 2 7 16 6 2 5 31 3 0 2 7 0 2 3 1 2 7 16 19 11 0 42.01017165184021
0 2 8 5 31 3 0 2 8 0 2 8 17 9 2 8 18 2 5 30 3 0 2 8 5 30 3 0 2 11 0 2 11 0 2 7 0 2 8 1 2 7 5 30 3 0 2 7 0 2 7 0 2 8 0 2 7 5 30 3 6 2 7 0 2 7 12 16 2 0 2 11 6 2 11 0 2 11 0 2 7 1 2 11 16 19 11 6 2 8 5 30 3 0 2 7 17 9 2 0 2 11 16 19 11 0 2 12 0 2 7 1 2 7 8 9 2 12 16 2 0 44.0659522414207458
12 16 2 1 2 7 0 2 7 1 2 7 17 18 2 13 6 3 5 30 3 0 2 7 8 18 2 0 2 7 1 2 7 1 2 7 0 2 7 0 2 7 5 31 3 1 2 7 1 2 7 0 2 7 0 2 7 5 31 3 0 2 7 0 2 7 1 2 7 1 2 7 0 2 7 1 2 7 0 2 7 0 2 7 17 9 2 1 2 7 17 9 2 0 2 7 1 2 7 0 2 7 16 6 2 12 16 2 0 2 7 0 2 7 0 2 7 1 2 7 0 40.4091576337814331
12 16 2 1 2 7 0 2 7 1 2 7 17 18 2 13 6 3 5 30 3 0 2 7 8 18 2 0 2 7 1 2 7 1 2 7 0 2 7 0 2 7 5 31 3 1 2 7 1 2 7 0 2 7 0 2 7 5 31 3 0 2 7 0 2 7 1 2 7 1 2 7 0 2 7 1 2 7 0 2 7 0 2 7 17 9 2 1 2 7 17 9 2 0 2 7 1 2 7 0 2 7 16 6 2 12 16 2 0 2 7 0 2 7 0 2 7 1 2 7 0 40.4091576337814331

MonoObjective Genetic Algorithm
Number of Evaluations = 0
Mutation Probability = 0
Crossover Probability = 1
Population Size = 10
Survival Selection Type = 5

Time =  9000.07884097099304

Current Evaluation = 2296
Front Size = 10
12 16 2 1 2 7 0 2 7 1 2 7 17 18 2 13 6 3 5 30 3 0 2 7 8 18 2 0 2 7 1 2 7 1 2 7 0 2 7 0 2 7 5 31 3 1 2 7 1 2 7 0 2 7 0 2 7 5 31 3 0 2 7 0 2 7 1 2 7 1 2 7 0 2 7 1 2 7 0 2 7 0 2 7 17 9 2 1 2 7 17 9 2 0 2 7 1 2 7 0 2 7 16 6 2 12 16 2 0 2 7 0 2 7 0 2 7 1 2 7 0 40.4091576337814331
12 16 2 1 2 7 0 2 7 1 2 7 17 18 2 13 6 3 5 30 3 0 2 7 8 18 2 0 2 7 1 2 7 1 2 7 0 2 7 0 2 7 5 31 3 1 2 7 1 2 7 0 2 7 0 2 7 5 31 3 0 2 7 0 2 7 1 2 7 1 2 7 0 2 7 1 2 7 0 2 7 0 2 7 17 9 2 1 2 7 17 9 2 0 2 7 1 2 7 0 2 7 16 6 2 12 16 2 0 2 7 0 2 7 0 2 7 1 2 7 0 40.4091576337814331
12 16 2 1 2 7 0 2 7 1 2 7 17 18 2 13 6 3 5 30 3 0 2 7 8 18 2 0 2 7 1 2 7 1 2 7 0 2 7 0 2 7 5 31 3 1 2 7 1 2 7 0 2 7 0 2 7 5 31 3 0 2 7 0 2 7 1 2 7 1 2 7 0 2 7 1 2 7 0 2 7 0 2 7 17 9 2 1 2 7 17 9 2 0 2 7 1 2 7 0 2 7 16 6 2 12 16 2 0 2 7 0 2 7 0 2 7 1 2 7 0 40.4091576337814331
12 16 2 1 2 7 0 2 7 1 2 7 17 18 2 13 6 3 5 30 3 0 2 7 8 18 2 0 2 7 1 2 7 1 2 7 0 2 7 0 2 7 5 31 3 1 2 7 1 2 7 0 2 7 0 2 7 5 31 3 0 2 7 0 2 7 1 2 7 1 2 7 0 2 7 1 2 7 0 2 7 0 2 7 17 9 2 1 2 7 17 9 2 0 2 7 1 2 7 0 2 7 16 6 2 12 16 2 0 2 7 0 2 7 0 2 7 1 2 7 0 40.4091576337814331
5 31 3 0 2 7 1 2 7 0 2 7 17 18 2 0 2 3 5 31 3 0 2 7 17 9 2 0 2 4 1 2 7 1 2 7 0 2 7 1 2 7 5 31 3 16 20 12 6 2 7 0 2 7 0 2 7 5 31 3 0 2 3 1 2 7 0 2 7 1 2 7 0 2 3 1 2 7 0 2 7 0 2 7 1 2 7 16 6 2 0 2 7 0 2 7 1 2 7 0 2 7 16 6 2 12 16 2 0 2 7 0 2 7 1 2 7 0 2 7 0 40.8712348341941833
1 2 7 5 31 3 0 2 7 0 2 7 17 18 2 16 6 2 5 31 3 0 2 7 0 2 4 0 2 7 0 2 7 1 2 7 1 2 7 0 2 7 5 31 3 0 2 7 6 2 3 0 2 4 1 2 7 5 31 3 0 2 7 1 2 7 1 2 7 1 2 7 0 2 7 0 2 7 0 2 7 0 2 3 0 2 7 0 2 7 6 2 7 1 2 7 16 6 2 0 2 7 16 6 2 0 2 7 0 2 4 1 2 7 17 18 2 12 16 2 0 40.6145017743110657
1 2 7 6 2 7 0 2 7 0 2 7 5 30 3 17 9 2 5 30 3 0 2 3 16 19 11 0 2 3 1 2 7 0 2 3 0 2 7 1 2 7 5 31 3 1 2 7 6 2 3 0 2 7 6 2 7 5 31 3 1 2 3 0 2 7 12 16 2 0 2 7 0 2 3 0 2 3 0 2 7 0 2 7 16 6 2 0 2 7 0 2 7 0 2 7 0 2 7 0 2 7 16 6 2 5 31 3 0 2 7 0 2 3 1 2 7 16 19 11 0 42.01017165184021
0 2 8 5 31 3 0 2 8 0 2 8 17 9 2 8 18 2 5 30 3 0 2 8 5 30 3 0 2 11 0 2 11 0 2 7 0 2 8 1 2 7 5 30 3 0 2 7 0 2 7 0 2 8 0 2 7 5 30 3 6 2 7 0 2 7 12 16 2 0 2 11 6 2 11 0 2 11 0 2 7 1 2 11 16 19 11 6 2 8 5 30 3 0 2 7 17 9 2 0 2 11 16 19 11 0 2 12 0 2 7 1 2 7 8 9 2 12 16 2 0 44.0659522414207458
12 16 2 1 2 7 0 2 7 1 2 7 17 18 2 13 6 3 5 30 3 0 2 7 8 18 2 0 2 7 1 2 7 1 2 7 0 2 7 0 2 7 5 31 3 1 2 7 1 2 7 0 2 7 0 2 7 5 31 3 0 2 7 0 2 7 1 2 7 1 2 7 0 2 7 1 2 7 0 2 7 0 2 7 17 9 2 1 2 7 17 9 2 0 2 7 1 2 7 0 2 7 16 6 2 12 16 2 0 2 7 0 2 7 0 2 7 1 2 7 0 40.4091576337814331
12 16 2 1 2 7 0 2 7 1 2 7 17 18 2 13 6 3 5 30 3 0 2 7 8 18 2 0 2 7 1 2 7 1 2 7 0 2 7 0 2 7 5 31 3 1 2 7 1 2 7 0 2 7 0 2 7 5 31 3 0 2 7 0 2 7 1 2 7 1 2 7 0 2 7 1 2 7 0 2 7 0 2 7 17 9 2 1 2 7 17 9 2 0 2 7 1 2 7 0 2 7 16 6 2 12 16 2 0 2 7 0 2 7 0 2 7 1 2 7 0 40.4091576337814331

