Current Evaluation = 450(450)
Front Size = 10
5 30 3 1 2 7 17 9 2 12 16 2 17 18 2 0 2 7 0 2 7 1 2 7 0 2 7 0 2 7 13 6 3 0 2 7 0 2 7 1 2 7 0 2 7 1 2 7 0 2 7 5 31 3 12 16 2 17 18 2 17 9 2 13 6 3 0 2 7 6 2 7 5 31 3 0 2 7 0 2 7 0 2 7 0 2 7 1 2 7 1 2 7 1 2 7 1 2 4 1 2 7 0 2 4 12 16 2 0 2 7 1 2 7 1 2 7 0 2 7 0 40.2815956473350525
5 30 3 1 2 7 17 9 2 12 16 2 17 18 2 0 2 7 0 2 7 1 2 7 0 2 7 0 2 7 13 6 3 0 2 7 0 2 7 1 2 7 0 2 7 1 2 4 0 2 7 5 31 3 12 16 2 17 18 2 17 9 2 13 6 3 0 2 7 6 2 7 5 31 3 0 2 7 0 2 7 0 2 7 0 2 7 1 2 7 1 2 7 0 2 7 1 2 7 1 2 7 0 2 7 12 16 2 1 2 4 0 2 7 1 2 7 1 2 7 0 40.2815956473350525
5 30 3 1 2 7 17 9 2 12 16 2 17 18 2 0 2 7 0 2 7 1 2 7 1 2 7 1 2 7 0 2 7 13 6 3 0 2 7 0 2 7 1 2 7 0 2 7 1 2 7 0 2 7 5 31 3 6 2 7 12 16 2 0 2 7 17 18 2 17 9 2 13 6 3 0 2 7 0 2 7 0 2 7 0 2 7 0 2 7 0 2 7 1 2 7 0 2 7 1 2 7 5 31 3 0 2 7 1 2 7 1 2 4 1 2 4 1 2 7 4.01478011484268893e-05 40.0632457137107849
5 30 3 1 2 7 17 9 2 12 16 2 17 18 2 0 2 7 0 2 7 1 2 7 1 2 7 1 2 7 0 2 7 13 6 3 0 2 7 0 2 7 1 2 7 0 2 7 1 2 7 0 2 7 5 31 3 6 2 7 12 16 2 0 2 7 17 18 2 17 9 2 13 6 3 0 2 7 0 2 7 0 2 7 0 2 7 0 2 7 0 2 7 1 2 7 0 2 7 1 2 7 5 31 3 0 2 7 1 2 7 0 2 7 5 30 3 12 16 2 0 40.6533425450325012
5 30 3 1 2 7 17 9 2 12 16 2 17 18 2 0 2 7 0 2 7 1 2 7 0 2 7 0 2 7 13 6 3 0 2 7 0 2 7 1 2 7 0 2 7 1 2 4 0 2 7 5 31 3 12 16 2 17 18 2 17 9 2 13 6 3 0 2 7 6 2 7 5 31 3 0 2 7 0 2 7 0 2 7 0 2 7 1 2 7 1 2 7 0 2 7 1 2 7 1 2 7 0 2 7 12 16 2 1 2 4 0 2 7 1 2 7 1 2 7 0 40.2815956473350525
5 30 3 1 2 7 17 9 2 12 16 2 17 18 2 0 2 7 0 2 7 1 2 7 0 2 7 0 2 7 13 6 3 0 2 7 0 2 7 1 2 7 0 2 7 1 2 4 0 2 7 5 31 3 12 16 2 17 18 2 17 9 2 13 6 3 0 2 7 6 2 7 5 31 3 0 2 7 0 2 7 0 2 7 0 2 7 1 2 7 1 2 7 0 2 7 1 2 7 1 2 7 0 2 7 12 16 2 1 2 4 0 2 7 1 2 7 1 2 7 0 40.2815956473350525
5 30 3 1 2 7 17 9 2 12 16 2 17 18 2 0 2 7 0 2 7 1 2 7 1 2 7 1 2 7 0 2 7 13 6 3 0 2 7 0 2 7 1 2 7 0 2 7 1 2 7 0 2 7 5 31 3 6 2 7 12 16 2 0 2 7 17 18 2 17 9 2 13 6 3 0 2 7 0 2 7 0 2 7 0 2 7 0 2 7 0 2 7 1 2 7 0 2 7 1 2 7 5 31 3 0 2 7 1 2 7 0 2 7 5 30 3 1 2 7 0 40.4349926114082336
5 30 3 1 2 7 17 9 2 12 16 2 17 18 2 0 2 7 0 2 7 1 2 7 1 2 7 1 2 7 0 2 7 13 6 3 0 2 7 0 2 7 1 2 7 0 2 7 1 2 7 0 2 7 5 31 3 6 2 7 12 16 2 0 2 7 17 18 2 17 9 2 13 6 3 0 2 7 0 2 7 0 2 7 0 2 7 0 2 7 0 2 7 1 2 7 0 2 7 1 2 7 5 31 3 0 2 7 1 2 7 0 2 7 5 30 3 1 2 7 0 40.4349926114082336
5 30 3 1 2 7 17 9 2 12 16 2 17 18 2 0 2 7 0 2 7 1 2 7 0 2 7 0 2 7 13 6 3 0 2 7 0 2 7 1 2 7 0 2 7 1 2 7 0 2 7 5 31 3 12 16 2 17 18 2 17 9 2 13 6 3 0 2 7 0 2 7 0 2 7 0 2 7 0 2 7 1 2 7 1 2 7 1 2 7 1 2 4 1 2 7 0 2 7 0 2 7 1 2 7 0 2 7 0 2 4 5 31 3 5 30 3 5 30 3 0 40.6798945665359497
5 30 3 1 2 7 17 9 2 12 16 2 17 18 2 0 2 7 0 2 7 1 2 7 0 2 7 0 2 7 13 6 3 0 2 7 0 2 7 1 2 7 0 2 7 1 2 7 0 2 7 5 31 3 12 16 2 17 18 2 17 9 2 13 6 3 0 2 7 0 2 7 0 2 7 0 2 7 0 2 7 1 2 7 1 2 7 1 2 7 1 2 4 1 2 7 0 2 7 0 2 7 1 2 7 0 2 7 6 2 7 0 2 4 12 16 2 1 2 4 0.00182013370895843648 39.9706736207008362

Current Evaluation = 900(900)
Front Size = 10
5 30 3 1 2 7 17 9 2 12 16 2 17 18 2 0 2 7 0 2 7 1 2 7 0 2 7 0 2 7 13 6 3 0 2 7 0 2 7 1 2 7 0 2 7 1 2 4 0 2 7 5 31 3 12 16 2 17 18 2 17 9 2 13 6 3 0 2 7 6 2 7 5 31 3 0 2 7 0 2 7 0 2 7 0 2 7 1 2 7 1 2 7 0 2 7 1 2 7 1 2 7 0 2 7 12 16 2 1 2 4 0 2 7 1 2 7 1 2 7 0 40.2815956473350525
5 30 3 1 2 7 17 9 2 12 16 2 17 18 2 0 2 7 0 2 7 1 2 7 0 2 7 0 2 7 13 6 3 0 2 7 0 2 7 1 2 7 0 2 7 1 2 4 0 2 7 5 31 3 12 16 2 17 18 2 17 9 2 13 6 3 0 2 7 6 2 7 5 31 3 0 2 7 0 2 7 0 2 7 0 2 7 1 2 7 1 2 7 0 2 7 1 2 7 1 2 7 0 2 7 12 16 2 1 2 4 0 2 7 1 2 7 1 2 7 0 40.2815956473350525
5 30 3 1 2 7 17 9 2 12 16 2 17 18 2 0 2 7 0 2 7 1 2 7 0 2 7 0 2 7 13 6 3 0 2 7 0 2 7 1 2 7 0 2 7 1 2 4 0 2 7 5 31 3 12 16 2 17 18 2 17 9 2 13 6 3 0 2 7 6 2 7 5 31 3 0 2 7 0 2 7 0 2 7 0 2 7 1 2 7 1 2 7 0 2 7 1 2 7 1 2 7 0 2 7 12 16 2 1 2 4 0 2 7 1 2 7 1 2 7 0 40.2815956473350525
5 30 3 1 2 7 17 9 2 12 16 2 17 18 2 0 2 7 0 2 7 1 2 7 0 2 7 0 2 7 13 6 3 0 2 7 0 2 7 1 2 7 0 2 7 1 2 4 0 2 7 5 31 3 12 16 2 17 18 2 17 9 2 13 6 3 0 2 7 6 2 7 5 31 3 0 2 7 0 2 7 0 2 7 0 2 7 1 2 7 1 2 7 0 2 7 1 2 7 1 2 7 0 2 7 12 16 2 1 2 4 0 2 7 1 2 7 1 2 7 0 40.2815956473350525
5 30 3 1 2 7 17 9 2 12 16 2 17 18 2 0 2 7 0 2 7 1 2 7 0 2 7 0 2 7 13 6 3 0 2 7 0 2 7 1 2 7 0 2 7 1 2 4 0 2 7 5 31 3 12 16 2 17 18 2 17 9 2 13 6 3 0 2 7 6 2 7 5 31 3 0 2 7 0 2 7 0 2 7 0 2 7 1 2 7 1 2 7 0 2 7 1 2 7 1 2 7 0 2 7 12 16 2 1 2 4 0 2 7 1 2 7 1 2 7 0 40.2815956473350525
5 30 3 1 2 7 17 9 2 12 16 2 17 18 2 0 2 7 0 2 7 1 2 7 0 2 7 0 2 7 13 6 3 0 2 7 0 2 7 1 2 7 0 2 7 1 2 4 0 2 7 5 31 3 12 16 2 17 18 2 17 9 2 13 6 3 0 2 7 6 2 7 5 31 3 0 2 7 0 2 7 0 2 7 0 2 7 1 2 7 1 2 7 0 2 7 1 2 7 1 2 7 0 2 7 12 16 2 1 2 4 0 2 7 1 2 7 1 2 7 0 40.2815956473350525
5 30 3 1 2 7 17 9 2 12 16 2 17 18 2 0 2 7 0 2 7 1 2 7 0 2 7 0 2 7 13 6 3 0 2 7 0 2 7 1 2 7 0 2 7 1 2 4 0 2 7 5 31 3 12 16 2 17 18 2 17 9 2 13 6 3 0 2 7 6 2 7 5 31 3 0 2 7 0 2 7 0 2 7 0 2 7 1 2 7 1 2 7 0 2 7 1 2 7 1 2 7 0 2 7 12 16 2 1 2 4 0 2 7 1 2 7 1 2 7 0 40.2815956473350525
5 30 3 1 2 7 17 9 2 12 16 2 17 18 2 0 2 7 0 2 7 1 2 7 0 2 7 0 2 7 13 6 3 0 2 7 0 2 7 1 2 7 0 2 7 1 2 4 0 2 7 5 31 3 12 16 2 17 18 2 17 9 2 13 6 3 0 2 7 6 2 7 5 31 3 0 2 7 0 2 7 0 2 7 0 2 7 1 2 7 1 2 7 0 2 7 1 2 7 1 2 7 0 2 7 12 16 2 1 2 4 0 2 7 1 2 7 1 2 7 0 40.2815956473350525
5 30 3 1 2 7 17 9 2 12 16 2 17 18 2 0 2 7 0 2 7 1 2 7 0 2 7 0 2 7 13 6 3 0 2 7 0 2 7 1 2 7 0 2 7 1 2 4 0 2 7 5 31 3 12 16 2 17 18 2 17 9 2 13 6 3 0 2 7 6 2 7 5 31 3 0 2 7 0 2 7 0 2 7 0 2 7 1 2 7 1 2 7 0 2 7 1 2 7 1 2 7 0 2 7 12 16 2 1 2 4 0 2 7 1 2 7 1 2 7 0 40.2815956473350525
5 30 3 1 2 7 17 9 2 12 16 2 17 18 2 0 2 7 0 2 7 1 2 7 0 2 7 0 2 7 13 6 3 0 2 7 0 2 7 1 2 7 0 2 7 1 2 4 0 2 7 5 31 3 12 16 2 17 18 2 17 9 2 13 6 3 0 2 7 6 2 7 5 31 3 0 2 7 0 2 7 0 2 7 0 2 7 1 2 7 1 2 7 0 2 7 1 2 7 1 2 7 0 2 7 12 16 2 1 2 4 0 2 7 1 2 7 1 2 7 0 40.2815956473350525

Current Evaluation = 1350(1350)
Front Size = 10
5 30 3 1 2 7 17 9 2 12 16 2 17 18 2 0 2 7 0 2 7 1 2 7 0 2 7 0 2 7 13 6 3 0 2 7 0 2 7 1 2 7 0 2 7 1 2 4 0 2 7 5 31 3 12 16 2 17 18 2 17 9 2 13 6 3 0 2 7 6 2 7 5 31 3 0 2 7 0 2 7 0 2 7 0 2 7 1 2 7 1 2 7 0 2 7 1 2 7 1 2 7 0 2 7 12 16 2 1 2 4 0 2 7 1 2 7 1 2 7 0 40.2815956473350525
5 30 3 1 2 7 17 9 2 12 16 2 17 18 2 0 2 7 0 2 7 1 2 7 0 2 7 0 2 7 13 6 3 0 2 7 0 2 7 1 2 7 0 2 7 1 2 4 0 2 7 5 31 3 12 16 2 17 18 2 17 9 2 13 6 3 0 2 7 6 2 7 5 31 3 0 2 7 0 2 7 0 2 7 0 2 7 1 2 7 1 2 7 0 2 7 1 2 7 1 2 7 0 2 7 12 16 2 1 2 4 0 2 7 1 2 7 1 2 7 0 40.2815956473350525
5 30 3 1 2 7 17 9 2 12 16 2 17 18 2 0 2 7 0 2 7 1 2 7 0 2 7 0 2 7 13 6 3 0 2 7 0 2 7 1 2 7 0 2 7 1 2 4 0 2 7 5 31 3 12 16 2 17 18 2 17 9 2 13 6 3 0 2 7 6 2 7 5 31 3 0 2 7 0 2 7 0 2 7 0 2 7 1 2 7 1 2 7 0 2 7 1 2 7 1 2 7 0 2 7 12 16 2 1 2 4 0 2 7 1 2 7 1 2 7 0 40.2815956473350525
5 30 3 1 2 7 17 9 2 12 16 2 17 18 2 0 2 7 0 2 7 1 2 7 0 2 7 0 2 7 13 6 3 0 2 7 0 2 7 1 2 7 0 2 7 1 2 4 0 2 7 5 31 3 12 16 2 17 18 2 17 9 2 13 6 3 0 2 7 6 2 7 5 31 3 0 2 7 0 2 7 0 2 7 0 2 7 1 2 7 1 2 7 0 2 7 1 2 7 1 2 7 0 2 7 12 16 2 1 2 4 0 2 7 1 2 7 1 2 7 0 40.2815956473350525
5 30 3 1 2 7 17 9 2 12 16 2 17 18 2 0 2 7 0 2 7 1 2 7 0 2 7 0 2 7 13 6 3 0 2 7 0 2 7 1 2 7 0 2 7 1 2 4 0 2 7 5 31 3 12 16 2 17 18 2 17 9 2 13 6 3 0 2 7 6 2 7 5 31 3 0 2 7 0 2 7 0 2 7 0 2 7 1 2 7 1 2 7 0 2 7 1 2 7 1 2 7 0 2 7 12 16 2 1 2 4 0 2 7 1 2 7 1 2 7 0 40.2815956473350525
5 30 3 1 2 7 17 9 2 12 16 2 17 18 2 0 2 7 0 2 7 1 2 7 0 2 7 0 2 7 13 6 3 0 2 7 0 2 7 1 2 7 0 2 7 1 2 4 0 2 7 5 31 3 12 16 2 17 18 2 17 9 2 13 6 3 0 2 7 6 2 7 5 31 3 0 2 7 0 2 7 0 2 7 0 2 7 1 2 7 1 2 7 0 2 7 1 2 7 1 2 7 0 2 7 12 16 2 1 2 4 0 2 7 1 2 7 1 2 7 0 40.2815956473350525
5 30 3 1 2 7 17 9 2 12 16 2 17 18 2 0 2 7 0 2 7 1 2 7 0 2 7 0 2 7 13 6 3 0 2 7 0 2 7 1 2 7 0 2 7 1 2 4 0 2 7 5 31 3 12 16 2 17 18 2 17 9 2 13 6 3 0 2 7 6 2 7 5 31 3 0 2 7 0 2 7 0 2 7 0 2 7 1 2 7 1 2 7 0 2 7 1 2 7 1 2 7 0 2 7 12 16 2 1 2 4 0 2 7 1 2 7 1 2 7 0 40.2815956473350525
5 30 3 1 2 7 17 9 2 12 16 2 17 18 2 0 2 7 0 2 7 1 2 7 0 2 7 0 2 7 13 6 3 0 2 7 0 2 7 1 2 7 0 2 7 1 2 4 0 2 7 5 31 3 12 16 2 17 18 2 17 9 2 13 6 3 0 2 7 6 2 7 5 31 3 0 2 7 0 2 7 0 2 7 0 2 7 1 2 7 1 2 7 0 2 7 1 2 7 1 2 7 0 2 7 12 16 2 1 2 4 0 2 7 1 2 7 1 2 7 0 40.2815956473350525
5 30 3 1 2 7 17 9 2 12 16 2 17 18 2 0 2 7 0 2 7 1 2 7 0 2 7 0 2 7 13 6 3 0 2 7 0 2 7 1 2 7 0 2 7 1 2 4 0 2 7 5 31 3 12 16 2 17 18 2 17 9 2 13 6 3 0 2 7 6 2 7 5 31 3 0 2 7 0 2 7 0 2 7 0 2 7 1 2 7 1 2 7 0 2 7 1 2 7 1 2 7 0 2 7 12 16 2 1 2 4 0 2 7 1 2 7 1 2 7 0 40.2815956473350525
5 30 3 1 2 7 17 9 2 12 16 2 17 18 2 0 2 7 0 2 7 1 2 7 0 2 7 0 2 7 13 6 3 0 2 7 0 2 7 1 2 7 0 2 7 1 2 4 0 2 7 5 31 3 12 16 2 17 18 2 17 9 2 13 6 3 0 2 7 6 2 7 5 31 3 0 2 7 0 2 7 0 2 7 0 2 7 1 2 7 1 2 7 0 2 7 1 2 7 1 2 7 0 2 7 12 16 2 1 2 4 0 2 7 1 2 7 1 2 7 0 40.2815956473350525

Current Evaluation = 1800(1800)
Front Size = 10
5 30 3 1 2 7 17 9 2 12 16 2 17 18 2 0 2 7 0 2 7 1 2 7 0 2 7 0 2 7 13 6 3 0 2 7 0 2 7 1 2 7 0 2 7 1 2 4 0 2 7 5 31 3 12 16 2 17 18 2 17 9 2 13 6 3 0 2 7 6 2 7 5 31 3 0 2 7 0 2 7 0 2 7 0 2 7 1 2 7 1 2 7 0 2 7 1 2 7 1 2 7 0 2 7 12 16 2 1 2 4 0 2 7 1 2 7 1 2 7 0 40.2815956473350525
5 30 3 1 2 7 17 9 2 12 16 2 17 18 2 0 2 7 0 2 7 1 2 7 0 2 7 0 2 7 13 6 3 0 2 7 0 2 7 1 2 7 0 2 7 1 2 4 0 2 7 5 31 3 12 16 2 17 18 2 17 9 2 13 6 3 0 2 7 6 2 7 5 31 3 0 2 7 0 2 7 0 2 7 0 2 7 1 2 7 1 2 7 0 2 7 1 2 7 1 2 7 0 2 7 12 16 2 1 2 4 0 2 7 1 2 7 1 2 7 0 40.2815956473350525
5 30 3 1 2 7 17 9 2 12 16 2 17 18 2 0 2 7 0 2 7 1 2 7 0 2 7 0 2 7 13 6 3 0 2 7 0 2 7 1 2 7 0 2 7 1 2 4 0 2 7 5 31 3 12 16 2 17 18 2 17 9 2 13 6 3 0 2 7 6 2 7 5 31 3 0 2 7 0 2 7 0 2 7 0 2 7 1 2 7 1 2 7 0 2 7 1 2 7 1 2 7 0 2 7 12 16 2 1 2 4 0 2 7 1 2 7 1 2 7 0 40.2815956473350525
5 30 3 1 2 7 17 9 2 12 16 2 17 18 2 0 2 7 0 2 7 1 2 7 0 2 7 0 2 7 13 6 3 0 2 7 0 2 7 1 2 7 0 2 7 1 2 4 0 2 7 5 31 3 12 16 2 17 18 2 17 9 2 13 6 3 0 2 7 6 2 7 5 31 3 0 2 7 0 2 7 0 2 7 0 2 7 1 2 7 1 2 7 0 2 7 1 2 7 1 2 7 0 2 7 12 16 2 1 2 4 0 2 7 1 2 7 1 2 7 0 40.2815956473350525
5 30 3 1 2 7 17 9 2 12 16 2 17 18 2 0 2 7 0 2 7 1 2 7 0 2 7 0 2 7 13 6 3 0 2 7 0 2 7 1 2 7 0 2 7 1 2 4 0 2 7 5 31 3 12 16 2 17 18 2 17 9 2 13 6 3 0 2 7 6 2 7 5 31 3 0 2 7 0 2 7 0 2 7 0 2 7 1 2 7 1 2 7 0 2 7 1 2 7 1 2 7 0 2 7 12 16 2 1 2 4 0 2 7 1 2 7 1 2 7 0 40.2815956473350525
5 30 3 1 2 7 17 9 2 12 16 2 17 18 2 0 2 7 0 2 7 1 2 7 0 2 7 0 2 7 13 6 3 0 2 7 0 2 7 1 2 7 0 2 7 1 2 4 0 2 7 5 31 3 12 16 2 17 18 2 17 9 2 13 6 3 0 2 7 6 2 7 5 31 3 0 2 7 0 2 7 0 2 7 0 2 7 1 2 7 1 2 7 0 2 7 1 2 7 1 2 7 0 2 7 12 16 2 1 2 4 0 2 7 1 2 7 1 2 7 0 40.2815956473350525
5 30 3 1 2 7 17 9 2 12 16 2 17 18 2 0 2 7 0 2 7 1 2 7 0 2 7 0 2 7 13 6 3 0 2 7 0 2 7 1 2 7 0 2 7 1 2 4 0 2 7 5 31 3 12 16 2 17 18 2 17 9 2 13 6 3 0 2 7 6 2 7 5 31 3 0 2 7 0 2 7 0 2 7 0 2 7 1 2 7 1 2 7 0 2 7 1 2 7 1 2 7 0 2 7 12 16 2 1 2 4 0 2 7 1 2 7 1 2 7 0 40.2815956473350525
5 30 3 1 2 7 17 9 2 12 16 2 17 18 2 0 2 7 0 2 7 1 2 7 0 2 7 0 2 7 13 6 3 0 2 7 0 2 7 1 2 7 0 2 7 1 2 4 0 2 7 5 31 3 12 16 2 17 18 2 17 9 2 13 6 3 0 2 7 6 2 7 5 31 3 0 2 7 0 2 7 0 2 7 0 2 7 1 2 7 1 2 7 0 2 7 1 2 7 1 2 7 0 2 7 12 16 2 1 2 4 0 2 7 1 2 7 1 2 7 0 40.2815956473350525
5 30 3 1 2 7 17 9 2 12 16 2 17 18 2 0 2 7 0 2 7 1 2 7 0 2 7 0 2 7 13 6 3 0 2 7 0 2 7 1 2 7 0 2 7 1 2 4 0 2 7 5 31 3 12 16 2 17 18 2 17 9 2 13 6 3 0 2 7 6 2 7 5 31 3 0 2 7 0 2 7 0 2 7 0 2 7 1 2 7 1 2 7 0 2 7 1 2 7 1 2 7 0 2 7 12 16 2 1 2 4 0 2 7 1 2 7 1 2 7 0 40.2815956473350525
5 30 3 1 2 7 17 9 2 12 16 2 17 18 2 0 2 7 0 2 7 1 2 7 0 2 7 0 2 7 13 6 3 0 2 7 0 2 7 1 2 7 0 2 7 1 2 4 0 2 7 5 31 3 12 16 2 17 18 2 17 9 2 13 6 3 0 2 7 6 2 7 5 31 3 0 2 7 0 2 7 0 2 7 0 2 7 1 2 7 1 2 7 0 2 7 1 2 7 1 2 7 0 2 7 12 16 2 1 2 4 0 2 7 1 2 7 1 2 7 0 40.2815956473350525

Current Evaluation = 2250(2250)
Front Size = 10
5 30 3 1 2 7 17 9 2 12 16 2 17 18 2 0 2 7 0 2 7 1 2 7 0 2 7 0 2 7 13 6 3 0 2 7 0 2 7 1 2 7 0 2 7 1 2 4 0 2 7 5 31 3 12 16 2 17 18 2 17 9 2 13 6 3 0 2 7 6 2 7 5 31 3 0 2 7 0 2 7 0 2 7 0 2 7 1 2 7 1 2 7 0 2 7 1 2 7 1 2 7 0 2 7 12 16 2 1 2 4 0 2 7 1 2 7 1 2 7 0 40.2815956473350525
5 30 3 1 2 7 17 9 2 12 16 2 17 18 2 0 2 7 0 2 7 1 2 7 0 2 7 0 2 7 13 6 3 0 2 7 0 2 7 1 2 7 0 2 7 1 2 4 0 2 7 5 31 3 12 16 2 17 18 2 17 9 2 13 6 3 0 2 7 6 2 7 5 31 3 0 2 7 0 2 7 0 2 7 0 2 7 1 2 7 1 2 7 0 2 7 1 2 7 1 2 7 0 2 7 12 16 2 1 2 4 0 2 7 1 2 7 1 2 7 0 40.2815956473350525
5 30 3 1 2 7 17 9 2 12 16 2 17 18 2 0 2 7 0 2 7 1 2 7 0 2 7 0 2 7 13 6 3 0 2 7 0 2 7 1 2 7 0 2 7 1 2 4 0 2 7 5 31 3 12 16 2 17 18 2 17 9 2 13 6 3 0 2 7 6 2 7 5 31 3 0 2 7 0 2 7 0 2 7 0 2 7 1 2 7 1 2 7 0 2 7 1 2 7 1 2 7 0 2 7 12 16 2 1 2 4 0 2 7 1 2 7 1 2 7 0 40.2815956473350525
5 30 3 1 2 7 17 9 2 12 16 2 17 18 2 0 2 7 0 2 7 1 2 7 0 2 7 0 2 7 13 6 3 0 2 7 0 2 7 1 2 7 0 2 7 1 2 4 0 2 7 5 31 3 12 16 2 17 18 2 17 9 2 13 6 3 0 2 7 6 2 7 5 31 3 0 2 7 0 2 7 0 2 7 0 2 7 1 2 7 1 2 7 0 2 7 1 2 7 1 2 7 0 2 7 12 16 2 1 2 4 0 2 7 1 2 7 1 2 7 0 40.2815956473350525
5 30 3 1 2 7 17 9 2 12 16 2 17 18 2 0 2 7 0 2 7 1 2 7 0 2 7 0 2 7 13 6 3 0 2 7 0 2 7 1 2 7 0 2 7 1 2 4 0 2 7 5 31 3 12 16 2 17 18 2 17 9 2 13 6 3 0 2 7 6 2 7 5 31 3 0 2 7 0 2 7 0 2 7 0 2 7 1 2 7 1 2 7 0 2 7 1 2 7 1 2 7 0 2 7 12 16 2 1 2 4 0 2 7 1 2 7 1 2 7 0 40.2815956473350525
5 30 3 1 2 7 17 9 2 12 16 2 17 18 2 0 2 7 0 2 7 1 2 7 0 2 7 0 2 7 13 6 3 0 2 7 0 2 7 1 2 7 0 2 7 1 2 4 0 2 7 5 31 3 12 16 2 17 18 2 17 9 2 13 6 3 0 2 7 6 2 7 5 31 3 0 2 7 0 2 7 0 2 7 0 2 7 1 2 7 1 2 7 0 2 7 1 2 7 1 2 7 0 2 7 12 16 2 1 2 4 0 2 7 1 2 7 1 2 7 0 40.2815956473350525
5 30 3 1 2 7 17 9 2 12 16 2 17 18 2 0 2 7 0 2 7 1 2 7 0 2 7 0 2 7 13 6 3 0 2 7 0 2 7 1 2 7 0 2 7 1 2 4 0 2 7 5 31 3 12 16 2 17 18 2 17 9 2 13 6 3 0 2 7 6 2 7 5 31 3 0 2 7 0 2 7 0 2 7 0 2 7 1 2 7 1 2 7 0 2 7 1 2 7 1 2 7 0 2 7 12 16 2 1 2 4 0 2 7 1 2 7 1 2 7 0 40.2815956473350525
5 30 3 1 2 7 17 9 2 12 16 2 17 18 2 0 2 7 0 2 7 1 2 7 0 2 7 0 2 7 13 6 3 0 2 7 0 2 7 1 2 7 0 2 7 1 2 4 0 2 7 5 31 3 12 16 2 17 18 2 17 9 2 13 6 3 0 2 7 6 2 7 5 31 3 0 2 7 0 2 7 0 2 7 0 2 7 1 2 7 1 2 7 0 2 7 1 2 7 1 2 7 0 2 7 12 16 2 1 2 4 0 2 7 1 2 7 1 2 7 0 40.2815956473350525
5 30 3 1 2 7 17 9 2 12 16 2 17 18 2 0 2 7 0 2 7 1 2 7 0 2 7 0 2 7 13 6 3 0 2 7 0 2 7 1 2 7 0 2 7 1 2 4 0 2 7 5 31 3 12 16 2 17 18 2 17 9 2 13 6 3 0 2 7 6 2 7 5 31 3 0 2 7 0 2 7 0 2 7 0 2 7 1 2 7 1 2 7 0 2 7 1 2 7 1 2 7 0 2 7 12 16 2 1 2 4 0 2 7 1 2 7 1 2 7 0 40.2815956473350525
5 30 3 1 2 7 17 9 2 12 16 2 17 18 2 0 2 7 0 2 7 1 2 7 0 2 7 0 2 7 13 6 3 0 2 7 0 2 7 1 2 7 0 2 7 1 2 4 0 2 7 5 31 3 12 16 2 17 18 2 17 9 2 13 6 3 0 2 7 6 2 7 5 31 3 0 2 7 0 2 7 0 2 7 0 2 7 1 2 7 1 2 7 0 2 7 1 2 7 1 2 7 0 2 7 12 16 2 1 2 4 0 2 7 1 2 7 1 2 7 0 40.2815956473350525

Current Evaluation = 2700(2700)
Front Size = 10
5 30 3 1 2 7 17 9 2 12 16 2 17 18 2 0 2 7 0 2 7 1 2 7 0 2 7 0 2 7 13 6 3 0 2 7 0 2 7 1 2 7 0 2 7 1 2 4 0 2 7 5 31 3 12 16 2 17 18 2 17 9 2 13 6 3 0 2 7 6 2 7 5 31 3 0 2 7 0 2 7 0 2 7 0 2 7 1 2 7 1 2 7 0 2 7 1 2 7 1 2 7 0 2 7 12 16 2 1 2 4 0 2 7 1 2 7 1 2 7 0 40.2815956473350525
5 30 3 1 2 7 17 9 2 12 16 2 17 18 2 0 2 7 0 2 7 1 2 7 0 2 7 0 2 7 13 6 3 0 2 7 0 2 7 1 2 7 0 2 7 1 2 4 0 2 7 5 31 3 12 16 2 17 18 2 17 9 2 13 6 3 0 2 7 6 2 7 5 31 3 0 2 7 0 2 7 0 2 7 0 2 7 1 2 7 1 2 7 0 2 7 1 2 7 1 2 7 0 2 7 12 16 2 1 2 4 0 2 7 1 2 7 1 2 7 0 40.2815956473350525
5 30 3 1 2 7 17 9 2 12 16 2 17 18 2 0 2 7 0 2 7 1 2 7 0 2 7 0 2 7 13 6 3 0 2 7 0 2 7 1 2 7 0 2 7 1 2 4 0 2 7 5 31 3 12 16 2 17 18 2 17 9 2 13 6 3 0 2 7 6 2 7 5 31 3 0 2 7 0 2 7 0 2 7 0 2 7 1 2 7 1 2 7 0 2 7 1 2 7 1 2 7 0 2 7 12 16 2 1 2 4 0 2 7 1 2 7 1 2 7 0 40.2815956473350525
5 30 3 1 2 7 17 9 2 12 16 2 17 18 2 0 2 7 0 2 7 1 2 7 0 2 7 0 2 7 13 6 3 0 2 7 0 2 7 1 2 7 0 2 7 1 2 4 0 2 7 5 31 3 12 16 2 17 18 2 17 9 2 13 6 3 0 2 7 6 2 7 5 31 3 0 2 7 0 2 7 0 2 7 0 2 7 1 2 7 1 2 7 0 2 7 1 2 7 1 2 7 0 2 7 12 16 2 1 2 4 0 2 7 1 2 7 1 2 7 0 40.2815956473350525
5 30 3 1 2 7 17 9 2 12 16 2 17 18 2 0 2 7 0 2 7 1 2 7 0 2 7 0 2 7 13 6 3 0 2 7 0 2 7 1 2 7 0 2 7 1 2 4 0 2 7 5 31 3 12 16 2 17 18 2 17 9 2 13 6 3 0 2 7 6 2 7 5 31 3 0 2 7 0 2 7 0 2 7 0 2 7 1 2 7 1 2 7 0 2 7 1 2 7 1 2 7 0 2 7 12 16 2 1 2 4 0 2 7 1 2 7 1 2 7 0 40.2815956473350525
5 30 3 1 2 7 17 9 2 12 16 2 17 18 2 0 2 7 0 2 7 1 2 7 0 2 7 0 2 7 13 6 3 0 2 7 0 2 7 1 2 7 0 2 7 1 2 4 0 2 7 5 31 3 12 16 2 17 18 2 17 9 2 13 6 3 0 2 7 6 2 7 5 31 3 0 2 7 0 2 7 0 2 7 0 2 7 1 2 7 1 2 7 0 2 7 1 2 7 1 2 7 0 2 7 12 16 2 1 2 4 0 2 7 1 2 7 1 2 7 0 40.2815956473350525
5 30 3 1 2 7 17 9 2 12 16 2 17 18 2 0 2 7 0 2 7 1 2 7 0 2 7 0 2 7 13 6 3 0 2 7 0 2 7 1 2 7 0 2 7 1 2 4 0 2 7 5 31 3 12 16 2 17 18 2 17 9 2 13 6 3 0 2 7 6 2 7 5 31 3 0 2 7 0 2 7 0 2 7 0 2 7 1 2 7 1 2 7 0 2 7 1 2 7 1 2 7 0 2 7 12 16 2 1 2 4 0 2 7 1 2 7 1 2 7 0 40.2815956473350525
5 30 3 1 2 7 17 9 2 12 16 2 17 18 2 0 2 7 0 2 7 1 2 7 0 2 7 0 2 7 13 6 3 0 2 7 0 2 7 1 2 7 0 2 7 1 2 4 0 2 7 5 31 3 12 16 2 17 18 2 17 9 2 13 6 3 0 2 7 6 2 7 5 31 3 0 2 7 0 2 7 0 2 7 0 2 7 1 2 7 1 2 7 0 2 7 1 2 7 1 2 7 0 2 7 12 16 2 1 2 4 0 2 7 1 2 7 1 2 7 0 40.2815956473350525
5 30 3 1 2 7 17 9 2 12 16 2 17 18 2 0 2 7 0 2 7 1 2 7 0 2 7 0 2 7 13 6 3 0 2 7 0 2 7 1 2 7 0 2 7 1 2 4 0 2 7 5 31 3 12 16 2 17 18 2 17 9 2 13 6 3 0 2 7 6 2 7 5 31 3 0 2 7 0 2 7 0 2 7 0 2 7 1 2 7 1 2 7 0 2 7 1 2 7 1 2 7 0 2 7 12 16 2 1 2 4 0 2 7 1 2 7 1 2 7 0 40.2815956473350525
5 30 3 1 2 7 17 9 2 12 16 2 17 18 2 0 2 7 0 2 7 1 2 7 0 2 7 0 2 7 13 6 3 0 2 7 0 2 7 1 2 7 0 2 7 1 2 4 0 2 7 5 31 3 12 16 2 17 18 2 17 9 2 13 6 3 0 2 7 6 2 7 5 31 3 0 2 7 0 2 7 0 2 7 0 2 7 1 2 7 1 2 7 0 2 7 1 2 7 1 2 7 0 2 7 12 16 2 1 2 4 0 2 7 1 2 7 1 2 7 0 40.2815956473350525

Current Evaluation = 3150(3150)
Front Size = 10
5 30 3 1 2 7 17 9 2 12 16 2 17 18 2 0 2 7 0 2 7 1 2 7 0 2 7 0 2 7 13 6 3 0 2 7 0 2 7 1 2 7 0 2 7 1 2 4 0 2 7 5 31 3 12 16 2 17 18 2 17 9 2 13 6 3 0 2 7 6 2 7 5 31 3 0 2 7 0 2 7 0 2 7 0 2 7 1 2 7 1 2 7 0 2 7 1 2 7 1 2 7 0 2 7 12 16 2 1 2 4 0 2 7 1 2 7 1 2 7 0 40.2815956473350525
5 30 3 1 2 7 17 9 2 12 16 2 17 18 2 0 2 7 0 2 7 1 2 7 0 2 7 0 2 7 13 6 3 0 2 7 0 2 7 1 2 7 0 2 7 1 2 4 0 2 7 5 31 3 12 16 2 17 18 2 17 9 2 13 6 3 0 2 7 6 2 7 5 31 3 0 2 7 0 2 7 0 2 7 0 2 7 1 2 7 1 2 7 0 2 7 1 2 7 1 2 7 0 2 7 12 16 2 1 2 4 0 2 7 1 2 7 1 2 7 0 40.2815956473350525
5 30 3 1 2 7 17 9 2 12 16 2 17 18 2 0 2 7 0 2 7 1 2 7 0 2 7 0 2 7 13 6 3 0 2 7 0 2 7 1 2 7 0 2 7 1 2 4 0 2 7 5 31 3 12 16 2 17 18 2 17 9 2 13 6 3 0 2 7 6 2 7 5 31 3 0 2 7 0 2 7 0 2 7 0 2 7 1 2 7 1 2 7 0 2 7 1 2 7 1 2 7 0 2 7 12 16 2 1 2 4 0 2 7 1 2 7 1 2 7 0 40.2815956473350525
5 30 3 1 2 7 17 9 2 12 16 2 17 18 2 0 2 7 0 2 7 1 2 7 0 2 7 0 2 7 13 6 3 0 2 7 0 2 7 1 2 7 0 2 7 1 2 4 0 2 7 5 31 3 12 16 2 17 18 2 17 9 2 13 6 3 0 2 7 6 2 7 5 31 3 0 2 7 0 2 7 0 2 7 0 2 7 1 2 7 1 2 7 0 2 7 1 2 7 1 2 7 0 2 7 12 16 2 1 2 4 0 2 7 1 2 7 1 2 7 0 40.2815956473350525
5 30 3 1 2 7 17 9 2 12 16 2 17 18 2 0 2 7 0 2 7 1 2 7 0 2 7 0 2 7 13 6 3 0 2 7 0 2 7 1 2 7 0 2 7 1 2 4 0 2 7 5 31 3 12 16 2 17 18 2 17 9 2 13 6 3 0 2 7 6 2 7 5 31 3 0 2 7 0 2 7 0 2 7 0 2 7 1 2 7 1 2 7 0 2 7 1 2 7 1 2 7 0 2 7 12 16 2 1 2 4 0 2 7 1 2 7 1 2 7 0 40.2815956473350525
5 30 3 1 2 7 17 9 2 12 16 2 17 18 2 0 2 7 0 2 7 1 2 7 0 2 7 0 2 7 13 6 3 0 2 7 0 2 7 1 2 7 0 2 7 1 2 4 0 2 7 5 31 3 12 16 2 17 18 2 17 9 2 13 6 3 0 2 7 6 2 7 5 31 3 0 2 7 0 2 7 0 2 7 0 2 7 1 2 7 1 2 7 0 2 7 1 2 7 1 2 7 0 2 7 12 16 2 1 2 4 0 2 7 1 2 7 1 2 7 0 40.2815956473350525
5 30 3 1 2 7 17 9 2 12 16 2 17 18 2 0 2 7 0 2 7 1 2 7 0 2 7 0 2 7 13 6 3 0 2 7 0 2 7 1 2 7 0 2 7 1 2 4 0 2 7 5 31 3 12 16 2 17 18 2 17 9 2 13 6 3 0 2 7 6 2 7 5 31 3 0 2 7 0 2 7 0 2 7 0 2 7 1 2 7 1 2 7 0 2 7 1 2 7 1 2 7 0 2 7 12 16 2 1 2 4 0 2 7 1 2 7 1 2 7 0 40.2815956473350525
5 30 3 1 2 7 17 9 2 12 16 2 17 18 2 0 2 7 0 2 7 1 2 7 0 2 7 0 2 7 13 6 3 0 2 7 0 2 7 1 2 7 0 2 7 1 2 4 0 2 7 5 31 3 12 16 2 17 18 2 17 9 2 13 6 3 0 2 7 6 2 7 5 31 3 0 2 7 0 2 7 0 2 7 0 2 7 1 2 7 1 2 7 0 2 7 1 2 7 1 2 7 0 2 7 12 16 2 1 2 4 0 2 7 1 2 7 1 2 7 0 40.2815956473350525
5 30 3 1 2 7 17 9 2 12 16 2 17 18 2 0 2 7 0 2 7 1 2 7 0 2 7 0 2 7 13 6 3 0 2 7 0 2 7 1 2 7 0 2 7 1 2 4 0 2 7 5 31 3 12 16 2 17 18 2 17 9 2 13 6 3 0 2 7 6 2 7 5 31 3 0 2 7 0 2 7 0 2 7 0 2 7 1 2 7 1 2 7 0 2 7 1 2 7 1 2 7 0 2 7 12 16 2 1 2 4 0 2 7 1 2 7 1 2 7 0 40.2815956473350525
5 30 3 1 2 7 17 9 2 12 16 2 17 18 2 0 2 7 0 2 7 1 2 7 0 2 7 0 2 7 13 6 3 0 2 7 0 2 7 1 2 7 0 2 7 1 2 4 0 2 7 5 31 3 12 16 2 17 18 2 17 9 2 13 6 3 0 2 7 6 2 7 5 31 3 0 2 7 0 2 7 0 2 7 0 2 7 1 2 7 1 2 7 0 2 7 1 2 7 1 2 7 0 2 7 12 16 2 1 2 4 0 2 7 1 2 7 1 2 7 0 40.2815956473350525

Current Evaluation = 3600(3600)
Front Size = 10
5 30 3 1 2 7 17 9 2 12 16 2 17 18 2 0 2 7 0 2 7 1 2 7 0 2 7 0 2 7 13 6 3 0 2 7 0 2 7 1 2 7 0 2 7 1 2 4 0 2 7 5 31 3 12 16 2 17 18 2 17 9 2 13 6 3 0 2 7 6 2 7 5 31 3 0 2 7 0 2 7 0 2 7 0 2 7 1 2 7 1 2 7 0 2 7 1 2 7 1 2 7 0 2 7 12 16 2 1 2 4 0 2 7 1 2 7 1 2 7 0 40.2815956473350525
5 30 3 1 2 7 17 9 2 12 16 2 17 18 2 0 2 7 0 2 7 1 2 7 0 2 7 0 2 7 13 6 3 0 2 7 0 2 7 1 2 7 0 2 7 1 2 4 0 2 7 5 31 3 12 16 2 17 18 2 17 9 2 13 6 3 0 2 7 6 2 7 5 31 3 0 2 7 0 2 7 0 2 7 0 2 7 1 2 7 1 2 7 0 2 7 1 2 7 1 2 7 0 2 7 12 16 2 1 2 4 0 2 7 1 2 7 1 2 7 0 40.2815956473350525
5 30 3 1 2 7 17 9 2 12 16 2 17 18 2 0 2 7 0 2 7 1 2 7 0 2 7 0 2 7 13 6 3 0 2 7 0 2 7 1 2 7 0 2 7 1 2 4 0 2 7 5 31 3 12 16 2 17 18 2 17 9 2 13 6 3 0 2 7 6 2 7 5 31 3 0 2 7 0 2 7 0 2 7 0 2 7 1 2 7 1 2 7 0 2 7 1 2 7 1 2 7 0 2 7 12 16 2 1 2 4 0 2 7 1 2 7 1 2 7 0 40.2815956473350525
5 30 3 1 2 7 17 9 2 12 16 2 17 18 2 0 2 7 0 2 7 1 2 7 0 2 7 0 2 7 13 6 3 0 2 7 0 2 7 1 2 7 0 2 7 1 2 4 0 2 7 5 31 3 12 16 2 17 18 2 17 9 2 13 6 3 0 2 7 6 2 7 5 31 3 0 2 7 0 2 7 0 2 7 0 2 7 1 2 7 1 2 7 0 2 7 1 2 7 1 2 7 0 2 7 12 16 2 1 2 4 0 2 7 1 2 7 1 2 7 0 40.2815956473350525
5 30 3 1 2 7 17 9 2 12 16 2 17 18 2 0 2 7 0 2 7 1 2 7 0 2 7 0 2 7 13 6 3 0 2 7 0 2 7 1 2 7 0 2 7 1 2 4 0 2 7 5 31 3 12 16 2 17 18 2 17 9 2 13 6 3 0 2 7 6 2 7 5 31 3 0 2 7 0 2 7 0 2 7 0 2 7 1 2 7 1 2 7 0 2 7 1 2 7 1 2 7 0 2 7 12 16 2 1 2 4 0 2 7 1 2 7 1 2 7 0 40.2815956473350525
5 30 3 1 2 7 17 9 2 12 16 2 17 18 2 0 2 7 0 2 7 1 2 7 0 2 7 0 2 7 13 6 3 0 2 7 0 2 7 1 2 7 0 2 7 1 2 4 0 2 7 5 31 3 12 16 2 17 18 2 17 9 2 13 6 3 0 2 7 6 2 7 5 31 3 0 2 7 0 2 7 0 2 7 0 2 7 1 2 7 1 2 7 0 2 7 1 2 7 1 2 7 0 2 7 12 16 2 1 2 4 0 2 7 1 2 7 1 2 7 0 40.2815956473350525
5 30 3 1 2 7 17 9 2 12 16 2 17 18 2 0 2 7 0 2 7 1 2 7 0 2 7 0 2 7 13 6 3 0 2 7 0 2 7 1 2 7 0 2 7 1 2 4 0 2 7 5 31 3 12 16 2 17 18 2 17 9 2 13 6 3 0 2 7 6 2 7 5 31 3 0 2 7 0 2 7 0 2 7 0 2 7 1 2 7 1 2 7 0 2 7 1 2 7 1 2 7 0 2 7 12 16 2 1 2 4 0 2 7 1 2 7 1 2 7 0 40.2815956473350525
5 30 3 1 2 7 17 9 2 12 16 2 17 18 2 0 2 7 0 2 7 1 2 7 0 2 7 0 2 7 13 6 3 0 2 7 0 2 7 1 2 7 0 2 7 1 2 4 0 2 7 5 31 3 12 16 2 17 18 2 17 9 2 13 6 3 0 2 7 6 2 7 5 31 3 0 2 7 0 2 7 0 2 7 0 2 7 1 2 7 1 2 7 0 2 7 1 2 7 1 2 7 0 2 7 12 16 2 1 2 4 0 2 7 1 2 7 1 2 7 0 40.2815956473350525
5 30 3 1 2 7 17 9 2 12 16 2 17 18 2 0 2 7 0 2 7 1 2 7 0 2 7 0 2 7 13 6 3 0 2 7 0 2 7 1 2 7 0 2 7 1 2 4 0 2 7 5 31 3 12 16 2 17 18 2 17 9 2 13 6 3 0 2 7 6 2 7 5 31 3 0 2 7 0 2 7 0 2 7 0 2 7 1 2 7 1 2 7 0 2 7 1 2 7 1 2 7 0 2 7 12 16 2 1 2 4 0 2 7 1 2 7 1 2 7 0 40.2815956473350525
5 30 3 1 2 7 17 9 2 12 16 2 17 18 2 0 2 7 0 2 7 1 2 7 0 2 7 0 2 7 13 6 3 0 2 7 0 2 7 1 2 7 0 2 7 1 2 4 0 2 7 5 31 3 12 16 2 17 18 2 17 9 2 13 6 3 0 2 7 6 2 7 5 31 3 0 2 7 0 2 7 0 2 7 0 2 7 1 2 7 1 2 7 0 2 7 1 2 7 1 2 7 0 2 7 12 16 2 1 2 4 0 2 7 1 2 7 1 2 7 0 40.2815956473350525

Current Evaluation = 4050(4050)
Front Size = 10
5 30 3 1 2 7 17 9 2 12 16 2 17 18 2 0 2 7 0 2 7 1 2 7 0 2 7 0 2 7 13 6 3 0 2 7 0 2 7 1 2 7 0 2 7 1 2 4 0 2 7 5 31 3 12 16 2 17 18 2 17 9 2 13 6 3 0 2 7 6 2 7 5 31 3 0 2 7 0 2 7 0 2 7 0 2 7 1 2 7 1 2 7 0 2 7 1 2 7 1 2 7 0 2 7 12 16 2 1 2 4 0 2 7 1 2 7 1 2 7 0 40.2815956473350525
5 30 3 1 2 7 17 9 2 12 16 2 17 18 2 0 2 7 0 2 7 1 2 7 0 2 7 0 2 7 13 6 3 0 2 7 0 2 7 1 2 7 0 2 7 1 2 4 0 2 7 5 31 3 12 16 2 17 18 2 17 9 2 13 6 3 0 2 7 6 2 7 5 31 3 0 2 7 0 2 7 0 2 7 0 2 7 1 2 7 1 2 7 0 2 7 1 2 7 1 2 7 0 2 7 12 16 2 1 2 4 0 2 7 1 2 7 1 2 7 0 40.2815956473350525
5 30 3 1 2 7 17 9 2 12 16 2 17 18 2 0 2 7 0 2 7 1 2 7 0 2 7 0 2 7 13 6 3 0 2 7 0 2 7 1 2 7 0 2 7 1 2 4 0 2 7 5 31 3 12 16 2 17 18 2 17 9 2 13 6 3 0 2 7 6 2 7 5 31 3 0 2 7 0 2 7 0 2 7 0 2 7 1 2 7 1 2 7 0 2 7 1 2 7 1 2 7 0 2 7 12 16 2 1 2 4 0 2 7 1 2 7 1 2 7 0 40.2815956473350525
5 30 3 1 2 7 17 9 2 12 16 2 17 18 2 0 2 7 0 2 7 1 2 7 0 2 7 0 2 7 13 6 3 0 2 7 0 2 7 1 2 7 0 2 7 1 2 4 0 2 7 5 31 3 12 16 2 17 18 2 17 9 2 13 6 3 0 2 7 6 2 7 5 31 3 0 2 7 0 2 7 0 2 7 0 2 7 1 2 7 1 2 7 0 2 7 1 2 7 1 2 7 0 2 7 12 16 2 1 2 4 0 2 7 1 2 7 1 2 7 0 40.2815956473350525
5 30 3 1 2 7 17 9 2 12 16 2 17 18 2 0 2 7 0 2 7 1 2 7 0 2 7 0 2 7 13 6 3 0 2 7 0 2 7 1 2 7 0 2 7 1 2 4 0 2 7 5 31 3 12 16 2 17 18 2 17 9 2 13 6 3 0 2 7 6 2 7 5 31 3 0 2 7 0 2 7 0 2 7 0 2 7 1 2 7 1 2 7 0 2 7 1 2 7 1 2 7 0 2 7 12 16 2 1 2 4 0 2 7 1 2 7 1 2 7 0 40.2815956473350525
5 30 3 1 2 7 17 9 2 12 16 2 17 18 2 0 2 7 0 2 7 1 2 7 0 2 7 0 2 7 13 6 3 0 2 7 0 2 7 1 2 7 0 2 7 1 2 4 0 2 7 5 31 3 12 16 2 17 18 2 17 9 2 13 6 3 0 2 7 6 2 7 5 31 3 0 2 7 0 2 7 0 2 7 0 2 7 1 2 7 1 2 7 0 2 7 1 2 7 1 2 7 0 2 7 12 16 2 1 2 4 0 2 7 1 2 7 1 2 7 0 40.2815956473350525
5 30 3 1 2 7 17 9 2 12 16 2 17 18 2 0 2 7 0 2 7 1 2 7 0 2 7 0 2 7 13 6 3 0 2 7 0 2 7 1 2 7 0 2 7 1 2 4 0 2 7 5 31 3 12 16 2 17 18 2 17 9 2 13 6 3 0 2 7 6 2 7 5 31 3 0 2 7 0 2 7 0 2 7 0 2 7 1 2 7 1 2 7 0 2 7 1 2 7 1 2 7 0 2 7 12 16 2 1 2 4 0 2 7 1 2 7 1 2 7 0 40.2815956473350525
5 30 3 1 2 7 17 9 2 12 16 2 17 18 2 0 2 7 0 2 7 1 2 7 0 2 7 0 2 7 13 6 3 0 2 7 0 2 7 1 2 7 0 2 7 1 2 4 0 2 7 5 31 3 12 16 2 17 18 2 17 9 2 13 6 3 0 2 7 6 2 7 5 31 3 0 2 7 0 2 7 0 2 7 0 2 7 1 2 7 1 2 7 0 2 7 1 2 7 1 2 7 0 2 7 12 16 2 1 2 4 0 2 7 1 2 7 1 2 7 0 40.2815956473350525
5 30 3 1 2 7 17 9 2 12 16 2 17 18 2 0 2 7 0 2 7 1 2 7 0 2 7 0 2 7 13 6 3 0 2 7 0 2 7 1 2 7 0 2 7 1 2 4 0 2 7 5 31 3 12 16 2 17 18 2 17 9 2 13 6 3 0 2 7 6 2 7 5 31 3 0 2 7 0 2 7 0 2 7 0 2 7 1 2 7 1 2 7 0 2 7 1 2 7 1 2 7 0 2 7 12 16 2 1 2 4 0 2 7 1 2 7 1 2 7 0 40.2815956473350525
5 30 3 1 2 7 17 9 2 12 16 2 17 18 2 0 2 7 0 2 7 1 2 7 0 2 7 0 2 7 13 6 3 0 2 7 0 2 7 1 2 7 0 2 7 1 2 4 0 2 7 5 31 3 12 16 2 17 18 2 17 9 2 13 6 3 0 2 7 6 2 7 5 31 3 0 2 7 0 2 7 0 2 7 0 2 7 1 2 7 1 2 7 0 2 7 1 2 7 1 2 7 0 2 7 12 16 2 1 2 4 0 2 7 1 2 7 1 2 7 0 40.2815956473350525

Current Evaluation = 4500(4500)
Front Size = 10
5 30 3 1 2 7 17 9 2 12 16 2 17 18 2 0 2 7 0 2 7 1 2 7 0 2 7 0 2 7 13 6 3 0 2 7 0 2 7 1 2 7 0 2 7 1 2 4 0 2 7 5 31 3 12 16 2 17 18 2 17 9 2 13 6 3 0 2 7 6 2 7 5 31 3 0 2 7 0 2 7 0 2 7 0 2 7 1 2 7 1 2 7 0 2 7 1 2 7 1 2 7 0 2 7 12 16 2 1 2 4 0 2 7 1 2 7 1 2 7 0 40.2815956473350525
5 30 3 1 2 7 17 9 2 12 16 2 17 18 2 0 2 7 0 2 7 1 2 7 0 2 7 0 2 7 13 6 3 0 2 7 0 2 7 1 2 7 0 2 7 1 2 4 0 2 7 5 31 3 12 16 2 17 18 2 17 9 2 13 6 3 0 2 7 6 2 7 5 31 3 0 2 7 0 2 7 0 2 7 0 2 7 1 2 7 1 2 7 0 2 7 1 2 7 1 2 7 0 2 7 12 16 2 1 2 4 0 2 7 1 2 7 1 2 7 0 40.2815956473350525
5 30 3 1 2 7 17 9 2 12 16 2 17 18 2 0 2 7 0 2 7 1 2 7 0 2 7 0 2 7 13 6 3 0 2 7 0 2 7 1 2 7 0 2 7 1 2 4 0 2 7 5 31 3 12 16 2 17 18 2 17 9 2 13 6 3 0 2 7 6 2 7 5 31 3 0 2 7 0 2 7 0 2 7 0 2 7 1 2 7 1 2 7 0 2 7 1 2 7 1 2 7 0 2 7 12 16 2 1 2 4 0 2 7 1 2 7 1 2 7 0 40.2815956473350525
5 30 3 1 2 7 17 9 2 12 16 2 17 18 2 0 2 7 0 2 7 1 2 7 0 2 7 0 2 7 13 6 3 0 2 7 0 2 7 1 2 7 0 2 7 1 2 4 0 2 7 5 31 3 12 16 2 17 18 2 17 9 2 13 6 3 0 2 7 6 2 7 5 31 3 0 2 7 0 2 7 0 2 7 0 2 7 1 2 7 1 2 7 0 2 7 1 2 7 1 2 7 0 2 7 12 16 2 1 2 4 0 2 7 1 2 7 1 2 7 0 40.2815956473350525
5 30 3 1 2 7 17 9 2 12 16 2 17 18 2 0 2 7 0 2 7 1 2 7 0 2 7 0 2 7 13 6 3 0 2 7 0 2 7 1 2 7 0 2 7 1 2 4 0 2 7 5 31 3 12 16 2 17 18 2 17 9 2 13 6 3 0 2 7 6 2 7 5 31 3 0 2 7 0 2 7 0 2 7 0 2 7 1 2 7 1 2 7 0 2 7 1 2 7 1 2 7 0 2 7 12 16 2 1 2 4 0 2 7 1 2 7 1 2 7 0 40.2815956473350525
5 30 3 1 2 7 17 9 2 12 16 2 17 18 2 0 2 7 0 2 7 1 2 7 0 2 7 0 2 7 13 6 3 0 2 7 0 2 7 1 2 7 0 2 7 1 2 4 0 2 7 5 31 3 12 16 2 17 18 2 17 9 2 13 6 3 0 2 7 6 2 7 5 31 3 0 2 7 0 2 7 0 2 7 0 2 7 1 2 7 1 2 7 0 2 7 1 2 7 1 2 7 0 2 7 12 16 2 1 2 4 0 2 7 1 2 7 1 2 7 0 40.2815956473350525
5 30 3 1 2 7 17 9 2 12 16 2 17 18 2 0 2 7 0 2 7 1 2 7 0 2 7 0 2 7 13 6 3 0 2 7 0 2 7 1 2 7 0 2 7 1 2 4 0 2 7 5 31 3 12 16 2 17 18 2 17 9 2 13 6 3 0 2 7 6 2 7 5 31 3 0 2 7 0 2 7 0 2 7 0 2 7 1 2 7 1 2 7 0 2 7 1 2 7 1 2 7 0 2 7 12 16 2 1 2 4 0 2 7 1 2 7 1 2 7 0 40.2815956473350525
5 30 3 1 2 7 17 9 2 12 16 2 17 18 2 0 2 7 0 2 7 1 2 7 0 2 7 0 2 7 13 6 3 0 2 7 0 2 7 1 2 7 0 2 7 1 2 4 0 2 7 5 31 3 12 16 2 17 18 2 17 9 2 13 6 3 0 2 7 6 2 7 5 31 3 0 2 7 0 2 7 0 2 7 0 2 7 1 2 7 1 2 7 0 2 7 1 2 7 1 2 7 0 2 7 12 16 2 1 2 4 0 2 7 1 2 7 1 2 7 0 40.2815956473350525
5 30 3 1 2 7 17 9 2 12 16 2 17 18 2 0 2 7 0 2 7 1 2 7 0 2 7 0 2 7 13 6 3 0 2 7 0 2 7 1 2 7 0 2 7 1 2 4 0 2 7 5 31 3 12 16 2 17 18 2 17 9 2 13 6 3 0 2 7 6 2 7 5 31 3 0 2 7 0 2 7 0 2 7 0 2 7 1 2 7 1 2 7 0 2 7 1 2 7 1 2 7 0 2 7 12 16 2 1 2 4 0 2 7 1 2 7 1 2 7 0 40.2815956473350525
5 30 3 1 2 7 17 9 2 12 16 2 17 18 2 0 2 7 0 2 7 1 2 7 0 2 7 0 2 7 13 6 3 0 2 7 0 2 7 1 2 7 0 2 7 1 2 4 0 2 7 5 31 3 12 16 2 17 18 2 17 9 2 13 6 3 0 2 7 6 2 7 5 31 3 0 2 7 0 2 7 0 2 7 0 2 7 1 2 7 1 2 7 0 2 7 1 2 7 1 2 7 0 2 7 12 16 2 1 2 4 0 2 7 1 2 7 1 2 7 0 40.2815956473350525

Current Evaluation = 4950(4950)
Front Size = 10
5 30 3 1 2 7 17 9 2 12 16 2 17 18 2 0 2 7 0 2 7 1 2 7 0 2 7 0 2 7 13 6 3 0 2 7 0 2 7 1 2 7 0 2 7 1 2 4 0 2 7 5 31 3 12 16 2 17 18 2 17 9 2 13 6 3 0 2 7 6 2 7 5 31 3 0 2 7 0 2 7 0 2 7 0 2 7 1 2 7 1 2 7 0 2 7 1 2 7 1 2 7 0 2 7 12 16 2 1 2 4 0 2 7 1 2 7 1 2 7 0 40.2815956473350525
5 30 3 1 2 7 17 9 2 12 16 2 17 18 2 0 2 7 0 2 7 1 2 7 0 2 7 0 2 7 13 6 3 0 2 7 0 2 7 1 2 7 0 2 7 1 2 4 0 2 7 5 31 3 12 16 2 17 18 2 17 9 2 13 6 3 0 2 7 6 2 7 5 31 3 0 2 7 0 2 7 0 2 7 0 2 7 1 2 7 1 2 7 0 2 7 1 2 7 1 2 7 0 2 7 12 16 2 1 2 4 0 2 7 1 2 7 1 2 7 0 40.2815956473350525
5 30 3 1 2 7 17 9 2 12 16 2 17 18 2 0 2 7 0 2 7 1 2 7 0 2 7 0 2 7 13 6 3 0 2 7 0 2 7 1 2 7 0 2 7 1 2 4 0 2 7 5 31 3 12 16 2 17 18 2 17 9 2 13 6 3 0 2 7 6 2 7 5 31 3 0 2 7 0 2 7 0 2 7 0 2 7 1 2 7 1 2 7 0 2 7 1 2 7 1 2 7 0 2 7 12 16 2 1 2 4 0 2 7 1 2 7 1 2 7 0 40.2815956473350525
5 30 3 1 2 7 17 9 2 12 16 2 17 18 2 0 2 7 0 2 7 1 2 7 0 2 7 0 2 7 13 6 3 0 2 7 0 2 7 1 2 7 0 2 7 1 2 4 0 2 7 5 31 3 12 16 2 17 18 2 17 9 2 13 6 3 0 2 7 6 2 7 5 31 3 0 2 7 0 2 7 0 2 7 0 2 7 1 2 7 1 2 7 0 2 7 1 2 7 1 2 7 0 2 7 12 16 2 1 2 4 0 2 7 1 2 7 1 2 7 0 40.2815956473350525
5 30 3 1 2 7 17 9 2 12 16 2 17 18 2 0 2 7 0 2 7 1 2 7 0 2 7 0 2 7 13 6 3 0 2 7 0 2 7 1 2 7 0 2 7 1 2 4 0 2 7 5 31 3 12 16 2 17 18 2 17 9 2 13 6 3 0 2 7 6 2 7 5 31 3 0 2 7 0 2 7 0 2 7 0 2 7 1 2 7 1 2 7 0 2 7 1 2 7 1 2 7 0 2 7 12 16 2 1 2 4 0 2 7 1 2 7 1 2 7 0 40.2815956473350525
5 30 3 1 2 7 17 9 2 12 16 2 17 18 2 0 2 7 0 2 7 1 2 7 0 2 7 0 2 7 13 6 3 0 2 7 0 2 7 1 2 7 0 2 7 1 2 4 0 2 7 5 31 3 12 16 2 17 18 2 17 9 2 13 6 3 0 2 7 6 2 7 5 31 3 0 2 7 0 2 7 0 2 7 0 2 7 1 2 7 1 2 7 0 2 7 1 2 7 1 2 7 0 2 7 12 16 2 1 2 4 0 2 7 1 2 7 1 2 7 0 40.2815956473350525
5 30 3 1 2 7 17 9 2 12 16 2 17 18 2 0 2 7 0 2 7 1 2 7 0 2 7 0 2 7 13 6 3 0 2 7 0 2 7 1 2 7 0 2 7 1 2 4 0 2 7 5 31 3 12 16 2 17 18 2 17 9 2 13 6 3 0 2 7 6 2 7 5 31 3 0 2 7 0 2 7 0 2 7 0 2 7 1 2 7 1 2 7 0 2 7 1 2 7 1 2 7 0 2 7 12 16 2 1 2 4 0 2 7 1 2 7 1 2 7 0 40.2815956473350525
5 30 3 1 2 7 17 9 2 12 16 2 17 18 2 0 2 7 0 2 7 1 2 7 0 2 7 0 2 7 13 6 3 0 2 7 0 2 7 1 2 7 0 2 7 1 2 4 0 2 7 5 31 3 12 16 2 17 18 2 17 9 2 13 6 3 0 2 7 6 2 7 5 31 3 0 2 7 0 2 7 0 2 7 0 2 7 1 2 7 1 2 7 0 2 7 1 2 7 1 2 7 0 2 7 12 16 2 1 2 4 0 2 7 1 2 7 1 2 7 0 40.2815956473350525
5 30 3 1 2 7 17 9 2 12 16 2 17 18 2 0 2 7 0 2 7 1 2 7 0 2 7 0 2 7 13 6 3 0 2 7 0 2 7 1 2 7 0 2 7 1 2 4 0 2 7 5 31 3 12 16 2 17 18 2 17 9 2 13 6 3 0 2 7 6 2 7 5 31 3 0 2 7 0 2 7 0 2 7 0 2 7 1 2 7 1 2 7 0 2 7 1 2 7 1 2 7 0 2 7 12 16 2 1 2 4 0 2 7 1 2 7 1 2 7 0 40.2815956473350525
5 30 3 1 2 7 17 9 2 12 16 2 17 18 2 0 2 7 0 2 7 1 2 7 0 2 7 0 2 7 13 6 3 0 2 7 0 2 7 1 2 7 0 2 7 1 2 4 0 2 7 5 31 3 12 16 2 17 18 2 17 9 2 13 6 3 0 2 7 6 2 7 5 31 3 0 2 7 0 2 7 0 2 7 0 2 7 1 2 7 1 2 7 0 2 7 1 2 7 1 2 7 0 2 7 12 16 2 1 2 4 0 2 7 1 2 7 1 2 7 0 40.2815956473350525

Current Evaluation = 5400(5400)
Front Size = 10
5 30 3 1 2 7 17 9 2 12 16 2 17 18 2 0 2 7 0 2 7 1 2 7 0 2 7 0 2 7 13 6 3 0 2 7 0 2 7 1 2 7 0 2 7 1 2 4 0 2 7 5 31 3 12 16 2 17 18 2 17 9 2 13 6 3 0 2 7 6 2 7 5 31 3 0 2 7 0 2 7 0 2 7 0 2 7 1 2 7 1 2 7 0 2 7 1 2 7 1 2 7 0 2 7 12 16 2 1 2 4 0 2 7 1 2 7 1 2 7 0 40.2815956473350525
5 30 3 1 2 7 17 9 2 12 16 2 17 18 2 0 2 7 0 2 7 1 2 7 0 2 7 0 2 7 13 6 3 0 2 7 0 2 7 1 2 7 0 2 7 1 2 4 0 2 7 5 31 3 12 16 2 17 18 2 17 9 2 13 6 3 0 2 7 6 2 7 5 31 3 0 2 7 0 2 7 0 2 7 0 2 7 1 2 7 1 2 7 0 2 7 1 2 7 1 2 7 0 2 7 12 16 2 1 2 4 0 2 7 1 2 7 1 2 7 0 40.2815956473350525
5 30 3 1 2 7 17 9 2 12 16 2 17 18 2 0 2 7 0 2 7 1 2 7 0 2 7 0 2 7 13 6 3 0 2 7 0 2 7 1 2 7 0 2 7 1 2 4 0 2 7 5 31 3 12 16 2 17 18 2 17 9 2 13 6 3 0 2 7 6 2 7 5 31 3 0 2 7 0 2 7 0 2 7 0 2 7 1 2 7 1 2 7 0 2 7 1 2 7 1 2 7 0 2 7 12 16 2 1 2 4 0 2 7 1 2 7 1 2 7 0 40.2815956473350525
5 30 3 1 2 7 17 9 2 12 16 2 17 18 2 0 2 7 0 2 7 1 2 7 0 2 7 0 2 7 13 6 3 0 2 7 0 2 7 1 2 7 0 2 7 1 2 4 0 2 7 5 31 3 12 16 2 17 18 2 17 9 2 13 6 3 0 2 7 6 2 7 5 31 3 0 2 7 0 2 7 0 2 7 0 2 7 1 2 7 1 2 7 0 2 7 1 2 7 1 2 7 0 2 7 12 16 2 1 2 4 0 2 7 1 2 7 1 2 7 0 40.2815956473350525
5 30 3 1 2 7 17 9 2 12 16 2 17 18 2 0 2 7 0 2 7 1 2 7 0 2 7 0 2 7 13 6 3 0 2 7 0 2 7 1 2 7 0 2 7 1 2 4 0 2 7 5 31 3 12 16 2 17 18 2 17 9 2 13 6 3 0 2 7 6 2 7 5 31 3 0 2 7 0 2 7 0 2 7 0 2 7 1 2 7 1 2 7 0 2 7 1 2 7 1 2 7 0 2 7 12 16 2 1 2 4 0 2 7 1 2 7 1 2 7 0 40.2815956473350525
5 30 3 1 2 7 17 9 2 12 16 2 17 18 2 0 2 7 0 2 7 1 2 7 0 2 7 0 2 7 13 6 3 0 2 7 0 2 7 1 2 7 0 2 7 1 2 4 0 2 7 5 31 3 12 16 2 17 18 2 17 9 2 13 6 3 0 2 7 6 2 7 5 31 3 0 2 7 0 2 7 0 2 7 0 2 7 1 2 7 1 2 7 0 2 7 1 2 7 1 2 7 0 2 7 12 16 2 1 2 4 0 2 7 1 2 7 1 2 7 0 40.2815956473350525
5 30 3 1 2 7 17 9 2 12 16 2 17 18 2 0 2 7 0 2 7 1 2 7 0 2 7 0 2 7 13 6 3 0 2 7 0 2 7 1 2 7 0 2 7 1 2 4 0 2 7 5 31 3 12 16 2 17 18 2 17 9 2 13 6 3 0 2 7 6 2 7 5 31 3 0 2 7 0 2 7 0 2 7 0 2 7 1 2 7 1 2 7 0 2 7 1 2 7 1 2 7 0 2 7 12 16 2 1 2 4 0 2 7 1 2 7 1 2 7 0 40.2815956473350525
5 30 3 1 2 7 17 9 2 12 16 2 17 18 2 0 2 7 0 2 7 1 2 7 0 2 7 0 2 7 13 6 3 0 2 7 0 2 7 1 2 7 0 2 7 1 2 4 0 2 7 5 31 3 12 16 2 17 18 2 17 9 2 13 6 3 0 2 7 6 2 7 5 31 3 0 2 7 0 2 7 0 2 7 0 2 7 1 2 7 1 2 7 0 2 7 1 2 7 1 2 7 0 2 7 12 16 2 1 2 4 0 2 7 1 2 7 1 2 7 0 40.2815956473350525
5 30 3 1 2 7 17 9 2 12 16 2 17 18 2 0 2 7 0 2 7 1 2 7 0 2 7 0 2 7 13 6 3 0 2 7 0 2 7 1 2 7 0 2 7 1 2 4 0 2 7 5 31 3 12 16 2 17 18 2 17 9 2 13 6 3 0 2 7 6 2 7 5 31 3 0 2 7 0 2 7 0 2 7 0 2 7 1 2 7 1 2 7 0 2 7 1 2 7 1 2 7 0 2 7 12 16 2 1 2 4 0 2 7 1 2 7 1 2 7 0 40.2815956473350525
5 30 3 1 2 7 17 9 2 12 16 2 17 18 2 0 2 7 0 2 7 1 2 7 0 2 7 0 2 7 13 6 3 0 2 7 0 2 7 1 2 7 0 2 7 1 2 4 0 2 7 5 31 3 12 16 2 17 18 2 17 9 2 13 6 3 0 2 7 6 2 7 5 31 3 0 2 7 0 2 7 0 2 7 0 2 7 1 2 7 1 2 7 0 2 7 1 2 7 1 2 7 0 2 7 12 16 2 1 2 4 0 2 7 1 2 7 1 2 7 0 40.2815956473350525

Current Evaluation = 5850(5850)
Front Size = 10
5 30 3 1 2 7 17 9 2 12 16 2 17 18 2 0 2 7 0 2 7 1 2 7 0 2 7 0 2 7 13 6 3 0 2 7 0 2 7 1 2 7 0 2 7 1 2 4 0 2 7 5 31 3 12 16 2 17 18 2 17 9 2 13 6 3 0 2 7 6 2 7 5 31 3 0 2 7 0 2 7 0 2 7 0 2 7 1 2 7 1 2 7 0 2 7 1 2 7 1 2 7 0 2 7 12 16 2 1 2 4 0 2 7 1 2 7 1 2 7 0 40.2815956473350525
5 30 3 1 2 7 17 9 2 12 16 2 17 18 2 0 2 7 0 2 7 1 2 7 0 2 7 0 2 7 13 6 3 0 2 7 0 2 7 1 2 7 0 2 7 1 2 4 0 2 7 5 31 3 12 16 2 17 18 2 17 9 2 13 6 3 0 2 7 6 2 7 5 31 3 0 2 7 0 2 7 0 2 7 0 2 7 1 2 7 1 2 7 0 2 7 1 2 7 1 2 7 0 2 7 12 16 2 1 2 4 0 2 7 1 2 7 1 2 7 0 40.2815956473350525
5 30 3 1 2 7 17 9 2 12 16 2 17 18 2 0 2 7 0 2 7 1 2 7 0 2 7 0 2 7 13 6 3 0 2 7 0 2 7 1 2 7 0 2 7 1 2 4 0 2 7 5 31 3 12 16 2 17 18 2 17 9 2 13 6 3 0 2 7 6 2 7 5 31 3 0 2 7 0 2 7 0 2 7 0 2 7 1 2 7 1 2 7 0 2 7 1 2 7 1 2 7 0 2 7 12 16 2 1 2 4 0 2 7 1 2 7 1 2 7 0 40.2815956473350525
5 30 3 1 2 7 17 9 2 12 16 2 17 18 2 0 2 7 0 2 7 1 2 7 0 2 7 0 2 7 13 6 3 0 2 7 0 2 7 1 2 7 0 2 7 1 2 4 0 2 7 5 31 3 12 16 2 17 18 2 17 9 2 13 6 3 0 2 7 6 2 7 5 31 3 0 2 7 0 2 7 0 2 7 0 2 7 1 2 7 1 2 7 0 2 7 1 2 7 1 2 7 0 2 7 12 16 2 1 2 4 0 2 7 1 2 7 1 2 7 0 40.2815956473350525
5 30 3 1 2 7 17 9 2 12 16 2 17 18 2 0 2 7 0 2 7 1 2 7 0 2 7 0 2 7 13 6 3 0 2 7 0 2 7 1 2 7 0 2 7 1 2 4 0 2 7 5 31 3 12 16 2 17 18 2 17 9 2 13 6 3 0 2 7 6 2 7 5 31 3 0 2 7 0 2 7 0 2 7 0 2 7 1 2 7 1 2 7 0 2 7 1 2 7 1 2 7 0 2 7 12 16 2 1 2 4 0 2 7 1 2 7 1 2 7 0 40.2815956473350525
5 30 3 1 2 7 17 9 2 12 16 2 17 18 2 0 2 7 0 2 7 1 2 7 0 2 7 0 2 7 13 6 3 0 2 7 0 2 7 1 2 7 0 2 7 1 2 4 0 2 7 5 31 3 12 16 2 17 18 2 17 9 2 13 6 3 0 2 7 6 2 7 5 31 3 0 2 7 0 2 7 0 2 7 0 2 7 1 2 7 1 2 7 0 2 7 1 2 7 1 2 7 0 2 7 12 16 2 1 2 4 0 2 7 1 2 7 1 2 7 0 40.2815956473350525
5 30 3 1 2 7 17 9 2 12 16 2 17 18 2 0 2 7 0 2 7 1 2 7 0 2 7 0 2 7 13 6 3 0 2 7 0 2 7 1 2 7 0 2 7 1 2 4 0 2 7 5 31 3 12 16 2 17 18 2 17 9 2 13 6 3 0 2 7 6 2 7 5 31 3 0 2 7 0 2 7 0 2 7 0 2 7 1 2 7 1 2 7 0 2 7 1 2 7 1 2 7 0 2 7 12 16 2 1 2 4 0 2 7 1 2 7 1 2 7 0 40.2815956473350525
5 30 3 1 2 7 17 9 2 12 16 2 17 18 2 0 2 7 0 2 7 1 2 7 0 2 7 0 2 7 13 6 3 0 2 7 0 2 7 1 2 7 0 2 7 1 2 4 0 2 7 5 31 3 12 16 2 17 18 2 17 9 2 13 6 3 0 2 7 6 2 7 5 31 3 0 2 7 0 2 7 0 2 7 0 2 7 1 2 7 1 2 7 0 2 7 1 2 7 1 2 7 0 2 7 12 16 2 1 2 4 0 2 7 1 2 7 1 2 7 0 40.2815956473350525
5 30 3 1 2 7 17 9 2 12 16 2 17 18 2 0 2 7 0 2 7 1 2 7 0 2 7 0 2 7 13 6 3 0 2 7 0 2 7 1 2 7 0 2 7 1 2 4 0 2 7 5 31 3 12 16 2 17 18 2 17 9 2 13 6 3 0 2 7 6 2 7 5 31 3 0 2 7 0 2 7 0 2 7 0 2 7 1 2 7 1 2 7 0 2 7 1 2 7 1 2 7 0 2 7 12 16 2 1 2 4 0 2 7 1 2 7 1 2 7 0 40.2815956473350525
5 30 3 1 2 7 17 9 2 12 16 2 17 18 2 0 2 7 0 2 7 1 2 7 0 2 7 0 2 7 13 6 3 0 2 7 0 2 7 1 2 7 0 2 7 1 2 4 0 2 7 5 31 3 12 16 2 17 18 2 17 9 2 13 6 3 0 2 7 6 2 7 5 31 3 0 2 7 0 2 7 0 2 7 0 2 7 1 2 7 1 2 7 0 2 7 1 2 7 1 2 7 0 2 7 12 16 2 1 2 4 0 2 7 1 2 7 1 2 7 0 40.2815956473350525

Current Evaluation = 6300(6300)
Front Size = 10
5 30 3 1 2 7 17 9 2 12 16 2 17 18 2 0 2 7 0 2 7 1 2 7 0 2 7 0 2 7 13 6 3 0 2 7 0 2 7 1 2 7 0 2 7 1 2 4 0 2 7 5 31 3 12 16 2 17 18 2 17 9 2 13 6 3 0 2 7 6 2 7 5 31 3 0 2 7 0 2 7 0 2 7 0 2 7 1 2 7 1 2 7 0 2 7 1 2 7 1 2 7 0 2 7 12 16 2 1 2 4 0 2 7 1 2 7 1 2 7 0 40.2815956473350525
5 30 3 1 2 7 17 9 2 12 16 2 17 18 2 0 2 7 0 2 7 1 2 7 0 2 7 0 2 7 13 6 3 0 2 7 0 2 7 1 2 7 0 2 7 1 2 4 0 2 7 5 31 3 12 16 2 17 18 2 17 9 2 13 6 3 0 2 7 6 2 7 5 31 3 0 2 7 0 2 7 0 2 7 0 2 7 1 2 7 1 2 7 0 2 7 1 2 7 1 2 7 0 2 7 12 16 2 1 2 4 0 2 7 1 2 7 1 2 7 0 40.2815956473350525
5 30 3 1 2 7 17 9 2 12 16 2 17 18 2 0 2 7 0 2 7 1 2 7 0 2 7 0 2 7 13 6 3 0 2 7 0 2 7 1 2 7 0 2 7 1 2 4 0 2 7 5 31 3 12 16 2 17 18 2 17 9 2 13 6 3 0 2 7 6 2 7 5 31 3 0 2 7 0 2 7 0 2 7 0 2 7 1 2 7 1 2 7 0 2 7 1 2 7 1 2 7 0 2 7 12 16 2 1 2 4 0 2 7 1 2 7 1 2 7 0 40.2815956473350525
5 30 3 1 2 7 17 9 2 12 16 2 17 18 2 0 2 7 0 2 7 1 2 7 0 2 7 0 2 7 13 6 3 0 2 7 0 2 7 1 2 7 0 2 7 1 2 4 0 2 7 5 31 3 12 16 2 17 18 2 17 9 2 13 6 3 0 2 7 6 2 7 5 31 3 0 2 7 0 2 7 0 2 7 0 2 7 1 2 7 1 2 7 0 2 7 1 2 7 1 2 7 0 2 7 12 16 2 1 2 4 0 2 7 1 2 7 1 2 7 0 40.2815956473350525
5 30 3 1 2 7 17 9 2 12 16 2 17 18 2 0 2 7 0 2 7 1 2 7 0 2 7 0 2 7 13 6 3 0 2 7 0 2 7 1 2 7 0 2 7 1 2 4 0 2 7 5 31 3 12 16 2 17 18 2 17 9 2 13 6 3 0 2 7 6 2 7 5 31 3 0 2 7 0 2 7 0 2 7 0 2 7 1 2 7 1 2 7 0 2 7 1 2 7 1 2 7 0 2 7 12 16 2 1 2 4 0 2 7 1 2 7 1 2 7 0 40.2815956473350525
5 30 3 1 2 7 17 9 2 12 16 2 17 18 2 0 2 7 0 2 7 1 2 7 0 2 7 0 2 7 13 6 3 0 2 7 0 2 7 1 2 7 0 2 7 1 2 4 0 2 7 5 31 3 12 16 2 17 18 2 17 9 2 13 6 3 0 2 7 6 2 7 5 31 3 0 2 7 0 2 7 0 2 7 0 2 7 1 2 7 1 2 7 0 2 7 1 2 7 1 2 7 0 2 7 12 16 2 1 2 4 0 2 7 1 2 7 1 2 7 0 40.2815956473350525
5 30 3 1 2 7 17 9 2 12 16 2 17 18 2 0 2 7 0 2 7 1 2 7 0 2 7 0 2 7 13 6 3 0 2 7 0 2 7 1 2 7 0 2 7 1 2 4 0 2 7 5 31 3 12 16 2 17 18 2 17 9 2 13 6 3 0 2 7 6 2 7 5 31 3 0 2 7 0 2 7 0 2 7 0 2 7 1 2 7 1 2 7 0 2 7 1 2 7 1 2 7 0 2 7 12 16 2 1 2 4 0 2 7 1 2 7 1 2 7 0 40.2815956473350525
5 30 3 1 2 7 17 9 2 12 16 2 17 18 2 0 2 7 0 2 7 1 2 7 0 2 7 0 2 7 13 6 3 0 2 7 0 2 7 1 2 7 0 2 7 1 2 4 0 2 7 5 31 3 12 16 2 17 18 2 17 9 2 13 6 3 0 2 7 6 2 7 5 31 3 0 2 7 0 2 7 0 2 7 0 2 7 1 2 7 1 2 7 0 2 7 1 2 7 1 2 7 0 2 7 12 16 2 1 2 4 0 2 7 1 2 7 1 2 7 0 40.2815956473350525
5 30 3 1 2 7 17 9 2 12 16 2 17 18 2 0 2 7 0 2 7 1 2 7 0 2 7 0 2 7 13 6 3 0 2 7 0 2 7 1 2 7 0 2 7 1 2 4 0 2 7 5 31 3 12 16 2 17 18 2 17 9 2 13 6 3 0 2 7 6 2 7 5 31 3 0 2 7 0 2 7 0 2 7 0 2 7 1 2 7 1 2 7 0 2 7 1 2 7 1 2 7 0 2 7 12 16 2 1 2 4 0 2 7 1 2 7 1 2 7 0 40.2815956473350525
5 30 3 1 2 7 17 9 2 12 16 2 17 18 2 0 2 7 0 2 7 1 2 7 0 2 7 0 2 7 13 6 3 0 2 7 0 2 7 1 2 7 0 2 7 1 2 4 0 2 7 5 31 3 12 16 2 17 18 2 17 9 2 13 6 3 0 2 7 6 2 7 5 31 3 0 2 7 0 2 7 0 2 7 0 2 7 1 2 7 1 2 7 0 2 7 1 2 7 1 2 7 0 2 7 12 16 2 1 2 4 0 2 7 1 2 7 1 2 7 0 40.2815956473350525

Current Evaluation = 6750(6750)
Front Size = 10
5 30 3 1 2 7 17 9 2 12 16 2 17 18 2 0 2 7 0 2 7 1 2 7 0 2 7 0 2 7 13 6 3 0 2 7 0 2 7 1 2 7 0 2 7 1 2 4 0 2 7 5 31 3 12 16 2 17 18 2 17 9 2 13 6 3 0 2 7 6 2 7 5 31 3 0 2 7 0 2 7 0 2 7 0 2 7 1 2 7 1 2 7 0 2 7 1 2 7 1 2 7 0 2 7 12 16 2 1 2 4 0 2 7 1 2 7 1 2 7 0 40.2815956473350525
5 30 3 1 2 7 17 9 2 12 16 2 17 18 2 0 2 7 0 2 7 1 2 7 0 2 7 0 2 7 13 6 3 0 2 7 0 2 7 1 2 7 0 2 7 1 2 4 0 2 7 5 31 3 12 16 2 17 18 2 17 9 2 13 6 3 0 2 7 6 2 7 5 31 3 0 2 7 0 2 7 0 2 7 0 2 7 1 2 7 1 2 7 0 2 7 1 2 7 1 2 7 0 2 7 12 16 2 1 2 4 0 2 7 1 2 7 1 2 7 0 40.2815956473350525
5 30 3 1 2 7 17 9 2 12 16 2 17 18 2 0 2 7 0 2 7 1 2 7 0 2 7 0 2 7 13 6 3 0 2 7 0 2 7 1 2 7 0 2 7 1 2 4 0 2 7 5 31 3 12 16 2 17 18 2 17 9 2 13 6 3 0 2 7 6 2 7 5 31 3 0 2 7 0 2 7 0 2 7 0 2 7 1 2 7 1 2 7 0 2 7 1 2 7 1 2 7 0 2 7 12 16 2 1 2 4 0 2 7 1 2 7 1 2 7 0 40.2815956473350525
5 30 3 1 2 7 17 9 2 12 16 2 17 18 2 0 2 7 0 2 7 1 2 7 0 2 7 0 2 7 13 6 3 0 2 7 0 2 7 1 2 7 0 2 7 1 2 4 0 2 7 5 31 3 12 16 2 17 18 2 17 9 2 13 6 3 0 2 7 6 2 7 5 31 3 0 2 7 0 2 7 0 2 7 0 2 7 1 2 7 1 2 7 0 2 7 1 2 7 1 2 7 0 2 7 12 16 2 1 2 4 0 2 7 1 2 7 1 2 7 0 40.2815956473350525
5 30 3 1 2 7 17 9 2 12 16 2 17 18 2 0 2 7 0 2 7 1 2 7 0 2 7 0 2 7 13 6 3 0 2 7 0 2 7 1 2 7 0 2 7 1 2 4 0 2 7 5 31 3 12 16 2 17 18 2 17 9 2 13 6 3 0 2 7 6 2 7 5 31 3 0 2 7 0 2 7 0 2 7 0 2 7 1 2 7 1 2 7 0 2 7 1 2 7 1 2 7 0 2 7 12 16 2 1 2 4 0 2 7 1 2 7 1 2 7 0 40.2815956473350525
5 30 3 1 2 7 17 9 2 12 16 2 17 18 2 0 2 7 0 2 7 1 2 7 0 2 7 0 2 7 13 6 3 0 2 7 0 2 7 1 2 7 0 2 7 1 2 4 0 2 7 5 31 3 12 16 2 17 18 2 17 9 2 13 6 3 0 2 7 6 2 7 5 31 3 0 2 7 0 2 7 0 2 7 0 2 7 1 2 7 1 2 7 0 2 7 1 2 7 1 2 7 0 2 7 12 16 2 1 2 4 0 2 7 1 2 7 1 2 7 0 40.2815956473350525
5 30 3 1 2 7 17 9 2 12 16 2 17 18 2 0 2 7 0 2 7 1 2 7 0 2 7 0 2 7 13 6 3 0 2 7 0 2 7 1 2 7 0 2 7 1 2 4 0 2 7 5 31 3 12 16 2 17 18 2 17 9 2 13 6 3 0 2 7 6 2 7 5 31 3 0 2 7 0 2 7 0 2 7 0 2 7 1 2 7 1 2 7 0 2 7 1 2 7 1 2 7 0 2 7 12 16 2 1 2 4 0 2 7 1 2 7 1 2 7 0 40.2815956473350525
5 30 3 1 2 7 17 9 2 12 16 2 17 18 2 0 2 7 0 2 7 1 2 7 0 2 7 0 2 7 13 6 3 0 2 7 0 2 7 1 2 7 0 2 7 1 2 4 0 2 7 5 31 3 12 16 2 17 18 2 17 9 2 13 6 3 0 2 7 6 2 7 5 31 3 0 2 7 0 2 7 0 2 7 0 2 7 1 2 7 1 2 7 0 2 7 1 2 7 1 2 7 0 2 7 12 16 2 1 2 4 0 2 7 1 2 7 1 2 7 0 40.2815956473350525
5 30 3 1 2 7 17 9 2 12 16 2 17 18 2 0 2 7 0 2 7 1 2 7 0 2 7 0 2 7 13 6 3 0 2 7 0 2 7 1 2 7 0 2 7 1 2 4 0 2 7 5 31 3 12 16 2 17 18 2 17 9 2 13 6 3 0 2 7 6 2 7 5 31 3 0 2 7 0 2 7 0 2 7 0 2 7 1 2 7 1 2 7 0 2 7 1 2 7 1 2 7 0 2 7 12 16 2 1 2 4 0 2 7 1 2 7 1 2 7 0 40.2815956473350525
5 30 3 1 2 7 17 9 2 12 16 2 17 18 2 0 2 7 0 2 7 1 2 7 0 2 7 0 2 7 13 6 3 0 2 7 0 2 7 1 2 7 0 2 7 1 2 4 0 2 7 5 31 3 12 16 2 17 18 2 17 9 2 13 6 3 0 2 7 6 2 7 5 31 3 0 2 7 0 2 7 0 2 7 0 2 7 1 2 7 1 2 7 0 2 7 1 2 7 1 2 7 0 2 7 12 16 2 1 2 4 0 2 7 1 2 7 1 2 7 0 40.2815956473350525

Current Evaluation = 7200(7200)
Front Size = 10
5 30 3 1 2 7 17 9 2 12 16 2 17 18 2 0 2 7 0 2 7 1 2 7 0 2 7 0 2 7 13 6 3 0 2 7 0 2 7 1 2 7 0 2 7 1 2 4 0 2 7 5 31 3 12 16 2 17 18 2 17 9 2 13 6 3 0 2 7 6 2 7 5 31 3 0 2 7 0 2 7 0 2 7 0 2 7 1 2 7 1 2 7 0 2 7 1 2 7 1 2 7 0 2 7 12 16 2 1 2 4 0 2 7 1 2 7 1 2 7 0 40.2815956473350525
5 30 3 1 2 7 17 9 2 12 16 2 17 18 2 0 2 7 0 2 7 1 2 7 0 2 7 0 2 7 13 6 3 0 2 7 0 2 7 1 2 7 0 2 7 1 2 4 0 2 7 5 31 3 12 16 2 17 18 2 17 9 2 13 6 3 0 2 7 6 2 7 5 31 3 0 2 7 0 2 7 0 2 7 0 2 7 1 2 7 1 2 7 0 2 7 1 2 7 1 2 7 0 2 7 12 16 2 1 2 4 0 2 7 1 2 7 1 2 7 0 40.2815956473350525
5 30 3 1 2 7 17 9 2 12 16 2 17 18 2 0 2 7 0 2 7 1 2 7 0 2 7 0 2 7 13 6 3 0 2 7 0 2 7 1 2 7 0 2 7 1 2 4 0 2 7 5 31 3 12 16 2 17 18 2 17 9 2 13 6 3 0 2 7 6 2 7 5 31 3 0 2 7 0 2 7 0 2 7 0 2 7 1 2 7 1 2 7 0 2 7 1 2 7 1 2 7 0 2 7 12 16 2 1 2 4 0 2 7 1 2 7 1 2 7 0 40.2815956473350525
5 30 3 1 2 7 17 9 2 12 16 2 17 18 2 0 2 7 0 2 7 1 2 7 0 2 7 0 2 7 13 6 3 0 2 7 0 2 7 1 2 7 0 2 7 1 2 4 0 2 7 5 31 3 12 16 2 17 18 2 17 9 2 13 6 3 0 2 7 6 2 7 5 31 3 0 2 7 0 2 7 0 2 7 0 2 7 1 2 7 1 2 7 0 2 7 1 2 7 1 2 7 0 2 7 12 16 2 1 2 4 0 2 7 1 2 7 1 2 7 0 40.2815956473350525
5 30 3 1 2 7 17 9 2 12 16 2 17 18 2 0 2 7 0 2 7 1 2 7 0 2 7 0 2 7 13 6 3 0 2 7 0 2 7 1 2 7 0 2 7 1 2 4 0 2 7 5 31 3 12 16 2 17 18 2 17 9 2 13 6 3 0 2 7 6 2 7 5 31 3 0 2 7 0 2 7 0 2 7 0 2 7 1 2 7 1 2 7 0 2 7 1 2 7 1 2 7 0 2 7 12 16 2 1 2 4 0 2 7 1 2 7 1 2 7 0 40.2815956473350525
5 30 3 1 2 7 17 9 2 12 16 2 17 18 2 0 2 7 0 2 7 1 2 7 0 2 7 0 2 7 13 6 3 0 2 7 0 2 7 1 2 7 0 2 7 1 2 4 0 2 7 5 31 3 12 16 2 17 18 2 17 9 2 13 6 3 0 2 7 6 2 7 5 31 3 0 2 7 0 2 7 0 2 7 0 2 7 1 2 7 1 2 7 0 2 7 1 2 7 1 2 7 0 2 7 12 16 2 1 2 4 0 2 7 1 2 7 1 2 7 0 40.2815956473350525
5 30 3 1 2 7 17 9 2 12 16 2 17 18 2 0 2 7 0 2 7 1 2 7 0 2 7 0 2 7 13 6 3 0 2 7 0 2 7 1 2 7 0 2 7 1 2 4 0 2 7 5 31 3 12 16 2 17 18 2 17 9 2 13 6 3 0 2 7 6 2 7 5 31 3 0 2 7 0 2 7 0 2 7 0 2 7 1 2 7 1 2 7 0 2 7 1 2 7 1 2 7 0 2 7 12 16 2 1 2 4 0 2 7 1 2 7 1 2 7 0 40.2815956473350525
5 30 3 1 2 7 17 9 2 12 16 2 17 18 2 0 2 7 0 2 7 1 2 7 0 2 7 0 2 7 13 6 3 0 2 7 0 2 7 1 2 7 0 2 7 1 2 4 0 2 7 5 31 3 12 16 2 17 18 2 17 9 2 13 6 3 0 2 7 6 2 7 5 31 3 0 2 7 0 2 7 0 2 7 0 2 7 1 2 7 1 2 7 0 2 7 1 2 7 1 2 7 0 2 7 12 16 2 1 2 4 0 2 7 1 2 7 1 2 7 0 40.2815956473350525
5 30 3 1 2 7 17 9 2 12 16 2 17 18 2 0 2 7 0 2 7 1 2 7 0 2 7 0 2 7 13 6 3 0 2 7 0 2 7 1 2 7 0 2 7 1 2 4 0 2 7 5 31 3 12 16 2 17 18 2 17 9 2 13 6 3 0 2 7 6 2 7 5 31 3 0 2 7 0 2 7 0 2 7 0 2 7 1 2 7 1 2 7 0 2 7 1 2 7 1 2 7 0 2 7 12 16 2 1 2 4 0 2 7 1 2 7 1 2 7 0 40.2815956473350525
5 30 3 1 2 7 17 9 2 12 16 2 17 18 2 0 2 7 0 2 7 1 2 7 0 2 7 0 2 7 13 6 3 0 2 7 0 2 7 1 2 7 0 2 7 1 2 4 0 2 7 5 31 3 12 16 2 17 18 2 17 9 2 13 6 3 0 2 7 6 2 7 5 31 3 0 2 7 0 2 7 0 2 7 0 2 7 1 2 7 1 2 7 0 2 7 1 2 7 1 2 7 0 2 7 12 16 2 1 2 4 0 2 7 1 2 7 1 2 7 0 40.2815956473350525

Current Evaluation = 7650(7650)
Front Size = 10
5 30 3 1 2 7 17 9 2 12 16 2 17 18 2 0 2 7 0 2 7 1 2 7 0 2 7 0 2 7 13 6 3 0 2 7 0 2 7 1 2 7 0 2 7 1 2 4 0 2 7 5 31 3 12 16 2 17 18 2 17 9 2 13 6 3 0 2 7 6 2 7 5 31 3 0 2 7 0 2 7 0 2 7 0 2 7 1 2 7 1 2 7 0 2 7 1 2 7 1 2 7 0 2 7 12 16 2 1 2 4 0 2 7 1 2 7 1 2 7 0 40.2815956473350525
5 30 3 1 2 7 17 9 2 12 16 2 17 18 2 0 2 7 0 2 7 1 2 7 0 2 7 0 2 7 13 6 3 0 2 7 0 2 7 1 2 7 0 2 7 1 2 4 0 2 7 5 31 3 12 16 2 17 18 2 17 9 2 13 6 3 0 2 7 6 2 7 5 31 3 0 2 7 0 2 7 0 2 7 0 2 7 1 2 7 1 2 7 0 2 7 1 2 7 1 2 7 0 2 7 12 16 2 1 2 4 0 2 7 1 2 7 1 2 7 0 40.2815956473350525
5 30 3 1 2 7 17 9 2 12 16 2 17 18 2 0 2 7 0 2 7 1 2 7 0 2 7 0 2 7 13 6 3 0 2 7 0 2 7 1 2 7 0 2 7 1 2 4 0 2 7 5 31 3 12 16 2 17 18 2 17 9 2 13 6 3 0 2 7 6 2 7 5 31 3 0 2 7 0 2 7 0 2 7 0 2 7 1 2 7 1 2 7 0 2 7 1 2 7 1 2 7 0 2 7 12 16 2 1 2 4 0 2 7 1 2 7 1 2 7 0 40.2815956473350525
5 30 3 1 2 7 17 9 2 12 16 2 17 18 2 0 2 7 0 2 7 1 2 7 0 2 7 0 2 7 13 6 3 0 2 7 0 2 7 1 2 7 0 2 7 1 2 4 0 2 7 5 31 3 12 16 2 17 18 2 17 9 2 13 6 3 0 2 7 6 2 7 5 31 3 0 2 7 0 2 7 0 2 7 0 2 7 1 2 7 1 2 7 0 2 7 1 2 7 1 2 7 0 2 7 12 16 2 1 2 4 0 2 7 1 2 7 1 2 7 0 40.2815956473350525
5 30 3 1 2 7 17 9 2 12 16 2 17 18 2 0 2 7 0 2 7 1 2 7 0 2 7 0 2 7 13 6 3 0 2 7 0 2 7 1 2 7 0 2 7 1 2 4 0 2 7 5 31 3 12 16 2 17 18 2 17 9 2 13 6 3 0 2 7 6 2 7 5 31 3 0 2 7 0 2 7 0 2 7 0 2 7 1 2 7 1 2 7 0 2 7 1 2 7 1 2 7 0 2 7 12 16 2 1 2 4 0 2 7 1 2 7 1 2 7 0 40.2815956473350525
5 30 3 1 2 7 17 9 2 12 16 2 17 18 2 0 2 7 0 2 7 1 2 7 0 2 7 0 2 7 13 6 3 0 2 7 0 2 7 1 2 7 0 2 7 1 2 4 0 2 7 5 31 3 12 16 2 17 18 2 17 9 2 13 6 3 0 2 7 6 2 7 5 31 3 0 2 7 0 2 7 0 2 7 0 2 7 1 2 7 1 2 7 0 2 7 1 2 7 1 2 7 0 2 7 12 16 2 1 2 4 0 2 7 1 2 7 1 2 7 0 40.2815956473350525
5 30 3 1 2 7 17 9 2 12 16 2 17 18 2 0 2 7 0 2 7 1 2 7 0 2 7 0 2 7 13 6 3 0 2 7 0 2 7 1 2 7 0 2 7 1 2 4 0 2 7 5 31 3 12 16 2 17 18 2 17 9 2 13 6 3 0 2 7 6 2 7 5 31 3 0 2 7 0 2 7 0 2 7 0 2 7 1 2 7 1 2 7 0 2 7 1 2 7 1 2 7 0 2 7 12 16 2 1 2 4 0 2 7 1 2 7 1 2 7 0 40.2815956473350525
5 30 3 1 2 7 17 9 2 12 16 2 17 18 2 0 2 7 0 2 7 1 2 7 0 2 7 0 2 7 13 6 3 0 2 7 0 2 7 1 2 7 0 2 7 1 2 4 0 2 7 5 31 3 12 16 2 17 18 2 17 9 2 13 6 3 0 2 7 6 2 7 5 31 3 0 2 7 0 2 7 0 2 7 0 2 7 1 2 7 1 2 7 0 2 7 1 2 7 1 2 7 0 2 7 12 16 2 1 2 4 0 2 7 1 2 7 1 2 7 0 40.2815956473350525
5 30 3 1 2 7 17 9 2 12 16 2 17 18 2 0 2 7 0 2 7 1 2 7 0 2 7 0 2 7 13 6 3 0 2 7 0 2 7 1 2 7 0 2 7 1 2 4 0 2 7 5 31 3 12 16 2 17 18 2 17 9 2 13 6 3 0 2 7 6 2 7 5 31 3 0 2 7 0 2 7 0 2 7 0 2 7 1 2 7 1 2 7 0 2 7 1 2 7 1 2 7 0 2 7 12 16 2 1 2 4 0 2 7 1 2 7 1 2 7 0 40.2815956473350525
5 30 3 1 2 7 17 9 2 12 16 2 17 18 2 0 2 7 0 2 7 1 2 7 0 2 7 0 2 7 13 6 3 0 2 7 0 2 7 1 2 7 0 2 7 1 2 4 0 2 7 5 31 3 12 16 2 17 18 2 17 9 2 13 6 3 0 2 7 6 2 7 5 31 3 0 2 7 0 2 7 0 2 7 0 2 7 1 2 7 1 2 7 0 2 7 1 2 7 1 2 7 0 2 7 12 16 2 1 2 4 0 2 7 1 2 7 1 2 7 0 40.2815956473350525

Current Evaluation = 8100(8100)
Front Size = 10
5 30 3 1 2 7 17 9 2 12 16 2 17 18 2 0 2 7 0 2 7 1 2 7 0 2 7 0 2 7 13 6 3 0 2 7 0 2 7 1 2 7 0 2 7 1 2 4 0 2 7 5 31 3 12 16 2 17 18 2 17 9 2 13 6 3 0 2 7 6 2 7 5 31 3 0 2 7 0 2 7 0 2 7 0 2 7 1 2 7 1 2 7 0 2 7 1 2 7 1 2 7 0 2 7 12 16 2 1 2 4 0 2 7 1 2 7 1 2 7 0 40.2815956473350525
5 30 3 1 2 7 17 9 2 12 16 2 17 18 2 0 2 7 0 2 7 1 2 7 0 2 7 0 2 7 13 6 3 0 2 7 0 2 7 1 2 7 0 2 7 1 2 4 0 2 7 5 31 3 12 16 2 17 18 2 17 9 2 13 6 3 0 2 7 6 2 7 5 31 3 0 2 7 0 2 7 0 2 7 0 2 7 1 2 7 1 2 7 0 2 7 1 2 7 1 2 7 0 2 7 12 16 2 1 2 4 0 2 7 1 2 7 1 2 7 0 40.2815956473350525
5 30 3 1 2 7 17 9 2 12 16 2 17 18 2 0 2 7 0 2 7 1 2 7 0 2 7 0 2 7 13 6 3 0 2 7 0 2 7 1 2 7 0 2 7 1 2 4 0 2 7 5 31 3 12 16 2 17 18 2 17 9 2 13 6 3 0 2 7 6 2 7 5 31 3 0 2 7 0 2 7 0 2 7 0 2 7 1 2 7 1 2 7 0 2 7 1 2 7 1 2 7 0 2 7 12 16 2 1 2 4 0 2 7 1 2 7 1 2 7 0 40.2815956473350525
5 30 3 1 2 7 17 9 2 12 16 2 17 18 2 0 2 7 0 2 7 1 2 7 0 2 7 0 2 7 13 6 3 0 2 7 0 2 7 1 2 7 0 2 7 1 2 4 0 2 7 5 31 3 12 16 2 17 18 2 17 9 2 13 6 3 0 2 7 6 2 7 5 31 3 0 2 7 0 2 7 0 2 7 0 2 7 1 2 7 1 2 7 0 2 7 1 2 7 1 2 7 0 2 7 12 16 2 1 2 4 0 2 7 1 2 7 1 2 7 0 40.2815956473350525
5 30 3 1 2 7 17 9 2 12 16 2 17 18 2 0 2 7 0 2 7 1 2 7 0 2 7 0 2 7 13 6 3 0 2 7 0 2 7 1 2 7 0 2 7 1 2 4 0 2 7 5 31 3 12 16 2 17 18 2 17 9 2 13 6 3 0 2 7 6 2 7 5 31 3 0 2 7 0 2 7 0 2 7 0 2 7 1 2 7 1 2 7 0 2 7 1 2 7 1 2 7 0 2 7 12 16 2 1 2 4 0 2 7 1 2 7 1 2 7 0 40.2815956473350525
5 30 3 1 2 7 17 9 2 12 16 2 17 18 2 0 2 7 0 2 7 1 2 7 0 2 7 0 2 7 13 6 3 0 2 7 0 2 7 1 2 7 0 2 7 1 2 4 0 2 7 5 31 3 12 16 2 17 18 2 17 9 2 13 6 3 0 2 7 6 2 7 5 31 3 0 2 7 0 2 7 0 2 7 0 2 7 1 2 7 1 2 7 0 2 7 1 2 7 1 2 7 0 2 7 12 16 2 1 2 4 0 2 7 1 2 7 1 2 7 0 40.2815956473350525
5 30 3 1 2 7 17 9 2 12 16 2 17 18 2 0 2 7 0 2 7 1 2 7 0 2 7 0 2 7 13 6 3 0 2 7 0 2 7 1 2 7 0 2 7 1 2 4 0 2 7 5 31 3 12 16 2 17 18 2 17 9 2 13 6 3 0 2 7 6 2 7 5 31 3 0 2 7 0 2 7 0 2 7 0 2 7 1 2 7 1 2 7 0 2 7 1 2 7 1 2 7 0 2 7 12 16 2 1 2 4 0 2 7 1 2 7 1 2 7 0 40.2815956473350525
5 30 3 1 2 7 17 9 2 12 16 2 17 18 2 0 2 7 0 2 7 1 2 7 0 2 7 0 2 7 13 6 3 0 2 7 0 2 7 1 2 7 0 2 7 1 2 4 0 2 7 5 31 3 12 16 2 17 18 2 17 9 2 13 6 3 0 2 7 6 2 7 5 31 3 0 2 7 0 2 7 0 2 7 0 2 7 1 2 7 1 2 7 0 2 7 1 2 7 1 2 7 0 2 7 12 16 2 1 2 4 0 2 7 1 2 7 1 2 7 0 40.2815956473350525
5 30 3 1 2 7 17 9 2 12 16 2 17 18 2 0 2 7 0 2 7 1 2 7 0 2 7 0 2 7 13 6 3 0 2 7 0 2 7 1 2 7 0 2 7 1 2 4 0 2 7 5 31 3 12 16 2 17 18 2 17 9 2 13 6 3 0 2 7 6 2 7 5 31 3 0 2 7 0 2 7 0 2 7 0 2 7 1 2 7 1 2 7 0 2 7 1 2 7 1 2 7 0 2 7 12 16 2 1 2 4 0 2 7 1 2 7 1 2 7 0 40.2815956473350525
5 30 3 1 2 7 17 9 2 12 16 2 17 18 2 0 2 7 0 2 7 1 2 7 0 2 7 0 2 7 13 6 3 0 2 7 0 2 7 1 2 7 0 2 7 1 2 4 0 2 7 5 31 3 12 16 2 17 18 2 17 9 2 13 6 3 0 2 7 6 2 7 5 31 3 0 2 7 0 2 7 0 2 7 0 2 7 1 2 7 1 2 7 0 2 7 1 2 7 1 2 7 0 2 7 12 16 2 1 2 4 0 2 7 1 2 7 1 2 7 0 40.2815956473350525

Current Evaluation = 8550(8550)
Front Size = 10
5 30 3 1 2 7 17 9 2 12 16 2 17 18 2 0 2 7 0 2 7 1 2 7 0 2 7 0 2 7 13 6 3 0 2 7 0 2 7 1 2 7 0 2 7 1 2 4 0 2 7 5 31 3 12 16 2 17 18 2 17 9 2 13 6 3 0 2 7 6 2 7 5 31 3 0 2 7 0 2 7 0 2 7 0 2 7 1 2 7 1 2 7 0 2 7 1 2 7 1 2 7 0 2 7 12 16 2 1 2 4 0 2 7 1 2 7 1 2 7 0 40.2815956473350525
5 30 3 1 2 7 17 9 2 12 16 2 17 18 2 0 2 7 0 2 7 1 2 7 0 2 7 0 2 7 13 6 3 0 2 7 0 2 7 1 2 7 0 2 7 1 2 4 0 2 7 5 31 3 12 16 2 17 18 2 17 9 2 13 6 3 0 2 7 6 2 7 5 31 3 0 2 7 0 2 7 0 2 7 0 2 7 1 2 7 1 2 7 0 2 7 1 2 7 1 2 7 0 2 7 12 16 2 1 2 4 0 2 7 1 2 7 1 2 7 0 40.2815956473350525
5 30 3 1 2 7 17 9 2 12 16 2 17 18 2 0 2 7 0 2 7 1 2 7 0 2 7 0 2 7 13 6 3 0 2 7 0 2 7 1 2 7 0 2 7 1 2 4 0 2 7 5 31 3 12 16 2 17 18 2 17 9 2 13 6 3 0 2 7 6 2 7 5 31 3 0 2 7 0 2 7 0 2 7 0 2 7 1 2 7 1 2 7 0 2 7 1 2 7 1 2 7 0 2 7 12 16 2 1 2 4 0 2 7 1 2 7 1 2 7 0 40.2815956473350525
5 30 3 1 2 7 17 9 2 12 16 2 17 18 2 0 2 7 0 2 7 1 2 7 0 2 7 0 2 7 13 6 3 0 2 7 0 2 7 1 2 7 0 2 7 1 2 4 0 2 7 5 31 3 12 16 2 17 18 2 17 9 2 13 6 3 0 2 7 6 2 7 5 31 3 0 2 7 0 2 7 0 2 7 0 2 7 1 2 7 1 2 7 0 2 7 1 2 7 1 2 7 0 2 7 12 16 2 1 2 4 0 2 7 1 2 7 1 2 7 0 40.2815956473350525
5 30 3 1 2 7 17 9 2 12 16 2 17 18 2 0 2 7 0 2 7 1 2 7 0 2 7 0 2 7 13 6 3 0 2 7 0 2 7 1 2 7 0 2 7 1 2 4 0 2 7 5 31 3 12 16 2 17 18 2 17 9 2 13 6 3 0 2 7 6 2 7 5 31 3 0 2 7 0 2 7 0 2 7 0 2 7 1 2 7 1 2 7 0 2 7 1 2 7 1 2 7 0 2 7 12 16 2 1 2 4 0 2 7 1 2 7 1 2 7 0 40.2815956473350525
5 30 3 1 2 7 17 9 2 12 16 2 17 18 2 0 2 7 0 2 7 1 2 7 0 2 7 0 2 7 13 6 3 0 2 7 0 2 7 1 2 7 0 2 7 1 2 4 0 2 7 5 31 3 12 16 2 17 18 2 17 9 2 13 6 3 0 2 7 6 2 7 5 31 3 0 2 7 0 2 7 0 2 7 0 2 7 1 2 7 1 2 7 0 2 7 1 2 7 1 2 7 0 2 7 12 16 2 1 2 4 0 2 7 1 2 7 1 2 7 0 40.2815956473350525
5 30 3 1 2 7 17 9 2 12 16 2 17 18 2 0 2 7 0 2 7 1 2 7 0 2 7 0 2 7 13 6 3 0 2 7 0 2 7 1 2 7 0 2 7 1 2 4 0 2 7 5 31 3 12 16 2 17 18 2 17 9 2 13 6 3 0 2 7 6 2 7 5 31 3 0 2 7 0 2 7 0 2 7 0 2 7 1 2 7 1 2 7 0 2 7 1 2 7 1 2 7 0 2 7 12 16 2 1 2 4 0 2 7 1 2 7 1 2 7 0 40.2815956473350525
5 30 3 1 2 7 17 9 2 12 16 2 17 18 2 0 2 7 0 2 7 1 2 7 0 2 7 0 2 7 13 6 3 0 2 7 0 2 7 1 2 7 0 2 7 1 2 4 0 2 7 5 31 3 12 16 2 17 18 2 17 9 2 13 6 3 0 2 7 6 2 7 5 31 3 0 2 7 0 2 7 0 2 7 0 2 7 1 2 7 1 2 7 0 2 7 1 2 7 1 2 7 0 2 7 12 16 2 1 2 4 0 2 7 1 2 7 1 2 7 0 40.2815956473350525
5 30 3 1 2 7 17 9 2 12 16 2 17 18 2 0 2 7 0 2 7 1 2 7 0 2 7 0 2 7 13 6 3 0 2 7 0 2 7 1 2 7 0 2 7 1 2 4 0 2 7 5 31 3 12 16 2 17 18 2 17 9 2 13 6 3 0 2 7 6 2 7 5 31 3 0 2 7 0 2 7 0 2 7 0 2 7 1 2 7 1 2 7 0 2 7 1 2 7 1 2 7 0 2 7 12 16 2 1 2 4 0 2 7 1 2 7 1 2 7 0 40.2815956473350525
5 30 3 1 2 7 17 9 2 12 16 2 17 18 2 0 2 7 0 2 7 1 2 7 0 2 7 0 2 7 13 6 3 0 2 7 0 2 7 1 2 7 0 2 7 1 2 4 0 2 7 5 31 3 12 16 2 17 18 2 17 9 2 13 6 3 0 2 7 6 2 7 5 31 3 0 2 7 0 2 7 0 2 7 0 2 7 1 2 7 1 2 7 0 2 7 1 2 7 1 2 7 0 2 7 12 16 2 1 2 4 0 2 7 1 2 7 1 2 7 0 40.2815956473350525

Current Evaluation = 9000(9000)
Front Size = 10
5 30 3 1 2 7 17 9 2 12 16 2 17 18 2 0 2 7 0 2 7 1 2 7 0 2 7 0 2 7 13 6 3 0 2 7 0 2 7 1 2 7 0 2 7 1 2 4 0 2 7 5 31 3 12 16 2 17 18 2 17 9 2 13 6 3 0 2 7 6 2 7 5 31 3 0 2 7 0 2 7 0 2 7 0 2 7 1 2 7 1 2 7 0 2 7 1 2 7 1 2 7 0 2 7 12 16 2 1 2 4 0 2 7 1 2 7 1 2 7 0 40.2815956473350525
5 30 3 1 2 7 17 9 2 12 16 2 17 18 2 0 2 7 0 2 7 1 2 7 0 2 7 0 2 7 13 6 3 0 2 7 0 2 7 1 2 7 0 2 7 1 2 4 0 2 7 5 31 3 12 16 2 17 18 2 17 9 2 13 6 3 0 2 7 6 2 7 5 31 3 0 2 7 0 2 7 0 2 7 0 2 7 1 2 7 1 2 7 0 2 7 1 2 7 1 2 7 0 2 7 12 16 2 1 2 4 0 2 7 1 2 7 1 2 7 0 40.2815956473350525
5 30 3 1 2 7 17 9 2 12 16 2 17 18 2 0 2 7 0 2 7 1 2 7 0 2 7 0 2 7 13 6 3 0 2 7 0 2 7 1 2 7 0 2 7 1 2 4 0 2 7 5 31 3 12 16 2 17 18 2 17 9 2 13 6 3 0 2 7 6 2 7 5 31 3 0 2 7 0 2 7 0 2 7 0 2 7 1 2 7 1 2 7 0 2 7 1 2 7 1 2 7 0 2 7 12 16 2 1 2 4 0 2 7 1 2 7 1 2 7 0 40.2815956473350525
5 30 3 1 2 7 17 9 2 12 16 2 17 18 2 0 2 7 0 2 7 1 2 7 0 2 7 0 2 7 13 6 3 0 2 7 0 2 7 1 2 7 0 2 7 1 2 4 0 2 7 5 31 3 12 16 2 17 18 2 17 9 2 13 6 3 0 2 7 6 2 7 5 31 3 0 2 7 0 2 7 0 2 7 0 2 7 1 2 7 1 2 7 0 2 7 1 2 7 1 2 7 0 2 7 12 16 2 1 2 4 0 2 7 1 2 7 1 2 7 0 40.2815956473350525
5 30 3 1 2 7 17 9 2 12 16 2 17 18 2 0 2 7 0 2 7 1 2 7 0 2 7 0 2 7 13 6 3 0 2 7 0 2 7 1 2 7 0 2 7 1 2 4 0 2 7 5 31 3 12 16 2 17 18 2 17 9 2 13 6 3 0 2 7 6 2 7 5 31 3 0 2 7 0 2 7 0 2 7 0 2 7 1 2 7 1 2 7 0 2 7 1 2 7 1 2 7 0 2 7 12 16 2 1 2 4 0 2 7 1 2 7 1 2 7 0 40.2815956473350525
5 30 3 1 2 7 17 9 2 12 16 2 17 18 2 0 2 7 0 2 7 1 2 7 0 2 7 0 2 7 13 6 3 0 2 7 0 2 7 1 2 7 0 2 7 1 2 4 0 2 7 5 31 3 12 16 2 17 18 2 17 9 2 13 6 3 0 2 7 6 2 7 5 31 3 0 2 7 0 2 7 0 2 7 0 2 7 1 2 7 1 2 7 0 2 7 1 2 7 1 2 7 0 2 7 12 16 2 1 2 4 0 2 7 1 2 7 1 2 7 0 40.2815956473350525
5 30 3 1 2 7 17 9 2 12 16 2 17 18 2 0 2 7 0 2 7 1 2 7 0 2 7 0 2 7 13 6 3 0 2 7 0 2 7 1 2 7 0 2 7 1 2 4 0 2 7 5 31 3 12 16 2 17 18 2 17 9 2 13 6 3 0 2 7 6 2 7 5 31 3 0 2 7 0 2 7 0 2 7 0 2 7 1 2 7 1 2 7 0 2 7 1 2 7 1 2 7 0 2 7 12 16 2 1 2 4 0 2 7 1 2 7 1 2 7 0 40.2815956473350525
5 30 3 1 2 7 17 9 2 12 16 2 17 18 2 0 2 7 0 2 7 1 2 7 0 2 7 0 2 7 13 6 3 0 2 7 0 2 7 1 2 7 0 2 7 1 2 4 0 2 7 5 31 3 12 16 2 17 18 2 17 9 2 13 6 3 0 2 7 6 2 7 5 31 3 0 2 7 0 2 7 0 2 7 0 2 7 1 2 7 1 2 7 0 2 7 1 2 7 1 2 7 0 2 7 12 16 2 1 2 4 0 2 7 1 2 7 1 2 7 0 40.2815956473350525
5 30 3 1 2 7 17 9 2 12 16 2 17 18 2 0 2 7 0 2 7 1 2 7 0 2 7 0 2 7 13 6 3 0 2 7 0 2 7 1 2 7 0 2 7 1 2 4 0 2 7 5 31 3 12 16 2 17 18 2 17 9 2 13 6 3 0 2 7 6 2 7 5 31 3 0 2 7 0 2 7 0 2 7 0 2 7 1 2 7 1 2 7 0 2 7 1 2 7 1 2 7 0 2 7 12 16 2 1 2 4 0 2 7 1 2 7 1 2 7 0 40.2815956473350525
5 30 3 1 2 7 17 9 2 12 16 2 17 18 2 0 2 7 0 2 7 1 2 7 0 2 7 0 2 7 13 6 3 0 2 7 0 2 7 1 2 7 0 2 7 1 2 4 0 2 7 5 31 3 12 16 2 17 18 2 17 9 2 13 6 3 0 2 7 6 2 7 5 31 3 0 2 7 0 2 7 0 2 7 0 2 7 1 2 7 1 2 7 0 2 7 1 2 7 1 2 7 0 2 7 12 16 2 1 2 4 0 2 7 1 2 7 1 2 7 0 40.2815956473350525

MonoObjective Genetic Algorithm
Number of Evaluations = 0
Mutation Probability = 0
Crossover Probability = 1
Population Size = 10
Survival Selection Type = 1

Time =  9029.0859580039978

Current Evaluation = 2270
Front Size = 10
5 30 3 1 2 7 17 9 2 12 16 2 17 18 2 0 2 7 0 2 7 1 2 7 0 2 7 0 2 7 13 6 3 0 2 7 0 2 7 1 2 7 0 2 7 1 2 4 0 2 7 5 31 3 12 16 2 17 18 2 17 9 2 13 6 3 0 2 7 6 2 7 5 31 3 0 2 7 0 2 7 0 2 7 0 2 7 1 2 7 1 2 7 0 2 7 1 2 7 1 2 7 0 2 7 12 16 2 1 2 4 0 2 7 1 2 7 1 2 7 0 40.2815956473350525
5 30 3 1 2 7 17 9 2 12 16 2 17 18 2 0 2 7 0 2 7 1 2 7 0 2 7 0 2 7 13 6 3 0 2 7 0 2 7 1 2 7 0 2 7 1 2 4 0 2 7 5 31 3 12 16 2 17 18 2 17 9 2 13 6 3 0 2 7 6 2 7 5 31 3 0 2 7 0 2 7 0 2 7 0 2 7 1 2 7 1 2 7 0 2 7 1 2 7 1 2 7 0 2 7 12 16 2 1 2 4 0 2 7 1 2 7 1 2 7 0 40.2815956473350525
5 30 3 1 2 7 17 9 2 12 16 2 17 18 2 0 2 7 0 2 7 1 2 7 0 2 7 0 2 7 13 6 3 0 2 7 0 2 7 1 2 7 0 2 7 1 2 4 0 2 7 5 31 3 12 16 2 17 18 2 17 9 2 13 6 3 0 2 7 6 2 7 5 31 3 0 2 7 0 2 7 0 2 7 0 2 7 1 2 7 1 2 7 0 2 7 1 2 7 1 2 7 0 2 7 12 16 2 1 2 4 0 2 7 1 2 7 1 2 7 0 40.2815956473350525
5 30 3 1 2 7 17 9 2 12 16 2 17 18 2 0 2 7 0 2 7 1 2 7 0 2 7 0 2 7 13 6 3 0 2 7 0 2 7 1 2 7 0 2 7 1 2 4 0 2 7 5 31 3 12 16 2 17 18 2 17 9 2 13 6 3 0 2 7 6 2 7 5 31 3 0 2 7 0 2 7 0 2 7 0 2 7 1 2 7 1 2 7 0 2 7 1 2 7 1 2 7 0 2 7 12 16 2 1 2 4 0 2 7 1 2 7 1 2 7 0 40.2815956473350525
5 30 3 1 2 7 17 9 2 12 16 2 17 18 2 0 2 7 0 2 7 1 2 7 0 2 7 0 2 7 13 6 3 0 2 7 0 2 7 1 2 7 0 2 7 1 2 4 0 2 7 5 31 3 12 16 2 17 18 2 17 9 2 13 6 3 0 2 7 6 2 7 5 31 3 0 2 7 0 2 7 0 2 7 0 2 7 1 2 7 1 2 7 0 2 7 1 2 7 1 2 7 0 2 7 12 16 2 1 2 4 0 2 7 1 2 7 1 2 7 0 40.2815956473350525
5 30 3 1 2 7 17 9 2 12 16 2 17 18 2 0 2 7 0 2 7 1 2 7 0 2 7 0 2 7 13 6 3 0 2 7 0 2 7 1 2 7 0 2 7 1 2 4 0 2 7 5 31 3 12 16 2 17 18 2 17 9 2 13 6 3 0 2 7 6 2 7 5 31 3 0 2 7 0 2 7 0 2 7 0 2 7 1 2 7 1 2 7 0 2 7 1 2 7 1 2 7 0 2 7 12 16 2 1 2 4 0 2 7 1 2 7 1 2 7 0 40.2815956473350525
5 30 3 1 2 7 17 9 2 12 16 2 17 18 2 0 2 7 0 2 7 1 2 7 0 2 7 0 2 7 13 6 3 0 2 7 0 2 7 1 2 7 0 2 7 1 2 4 0 2 7 5 31 3 12 16 2 17 18 2 17 9 2 13 6 3 0 2 7 6 2 7 5 31 3 0 2 7 0 2 7 0 2 7 0 2 7 1 2 7 1 2 7 0 2 7 1 2 7 1 2 7 0 2 7 12 16 2 1 2 4 0 2 7 1 2 7 1 2 7 0 40.2815956473350525
5 30 3 1 2 7 17 9 2 12 16 2 17 18 2 0 2 7 0 2 7 1 2 7 0 2 7 0 2 7 13 6 3 0 2 7 0 2 7 1 2 7 0 2 7 1 2 4 0 2 7 5 31 3 12 16 2 17 18 2 17 9 2 13 6 3 0 2 7 6 2 7 5 31 3 0 2 7 0 2 7 0 2 7 0 2 7 1 2 7 1 2 7 0 2 7 1 2 7 1 2 7 0 2 7 12 16 2 1 2 4 0 2 7 1 2 7 1 2 7 0 40.2815956473350525
5 30 3 1 2 7 17 9 2 12 16 2 17 18 2 0 2 7 0 2 7 1 2 7 0 2 7 0 2 7 13 6 3 0 2 7 0 2 7 1 2 7 0 2 7 1 2 4 0 2 7 5 31 3 12 16 2 17 18 2 17 9 2 13 6 3 0 2 7 6 2 7 5 31 3 0 2 7 0 2 7 0 2 7 0 2 7 1 2 7 1 2 7 0 2 7 1 2 7 1 2 7 0 2 7 12 16 2 1 2 4 0 2 7 1 2 7 1 2 7 0 40.2815956473350525
5 30 3 1 2 7 17 9 2 12 16 2 17 18 2 0 2 7 0 2 7 1 2 7 0 2 7 0 2 7 13 6 3 0 2 7 0 2 7 1 2 7 0 2 7 1 2 4 0 2 7 5 31 3 12 16 2 17 18 2 17 9 2 13 6 3 0 2 7 6 2 7 5 31 3 0 2 7 0 2 7 0 2 7 0 2 7 1 2 7 1 2 7 0 2 7 1 2 7 1 2 7 0 2 7 12 16 2 1 2 4 0 2 7 1 2 7 1 2 7 0 40.2815956473350525

