Current Evaluation = 180(180)
Front Size = 10
0 2 7 12 16 2 1 2 7 0 2 7 1 2 7 0 2 7 1 2 7 5 31 3 1 2 7 5 30 3 0 2 7 13 6 3 0 2 7 17 18 2 0 2 7 0 2 7 1 2 7 17 9 2 0 2 7 0 2 7 0 20.2646257877349854
0 2 7 12 16 2 1 2 7 0 2 7 1 2 7 0 2 7 1 2 7 5 31 3 1 2 7 5 30 3 0 2 7 13 6 3 0 2 7 17 18 2 0 2 7 0 2 7 1 2 7 17 9 2 0 2 7 0 2 7 0 20.2646257877349854
0 2 7 12 16 2 1 2 7 0 2 7 1 2 7 0 2 7 1 2 7 5 31 3 1 2 7 5 30 3 0 2 7 13 6 3 0 2 7 17 18 2 0 2 7 0 2 7 1 2 7 17 9 2 0 2 7 0 2 7 0 20.2646257877349854
0 2 7 12 16 2 1 2 7 0 2 7 1 2 7 0 2 7 1 2 7 5 31 3 1 2 7 5 30 3 0 2 7 13 6 3 0 2 7 17 18 2 0 2 7 0 2 7 1 2 7 17 9 2 0 2 7 0 2 7 0 20.2646257877349854
0 2 7 12 16 2 1 2 7 0 2 7 1 2 7 0 2 7 1 2 7 5 31 3 1 2 7 5 30 3 0 2 7 13 6 3 0 2 7 17 18 2 0 2 7 0 2 7 1 2 7 17 9 2 0 2 7 0 2 7 0 20.2646257877349854
0 2 7 12 16 2 1 2 7 0 2 7 1 2 7 0 2 7 1 2 7 5 31 3 1 2 7 5 30 3 0 2 7 13 6 3 0 2 7 17 18 2 0 2 7 0 2 7 1 2 7 17 9 2 0 2 7 0 2 7 0 20.2646257877349854
0 2 7 12 16 2 1 2 7 0 2 7 1 2 7 0 2 7 1 2 7 5 31 3 1 2 7 5 30 3 0 2 7 13 6 3 0 2 7 17 18 2 0 2 7 0 2 7 1 2 7 17 9 2 0 2 7 0 2 7 0 20.2646257877349854
0 2 7 12 16 2 1 2 7 0 2 7 1 2 7 0 2 7 1 2 7 5 31 3 1 2 7 5 30 3 0 2 7 13 6 3 0 2 7 17 18 2 0 2 7 0 2 7 1 2 7 17 9 2 0 2 7 0 2 7 0 20.2646257877349854
0 2 7 12 16 2 1 2 7 0 2 7 1 2 7 0 2 7 1 2 7 5 31 3 1 2 7 5 30 3 0 2 7 13 6 3 0 2 7 17 18 2 0 2 7 0 2 7 1 2 7 17 9 2 0 2 7 0 2 7 0 20.2646257877349854
0 2 7 12 16 2 1 2 7 0 2 7 1 2 7 0 2 7 1 2 7 5 31 3 1 2 7 5 30 3 0 2 7 13 6 3 0 2 7 17 18 2 0 2 7 0 2 7 1 2 7 17 9 2 0 2 7 0 2 7 0 20.2646257877349854

Current Evaluation = 360(360)
Front Size = 10
0 2 7 12 16 2 1 2 7 0 2 7 1 2 7 0 2 7 1 2 7 5 31 3 1 2 7 5 30 3 0 2 7 13 6 3 0 2 7 17 18 2 0 2 7 0 2 7 1 2 7 17 9 2 0 2 7 0 2 7 0 20.2646257877349854
0 2 7 12 16 2 1 2 7 0 2 7 1 2 7 0 2 7 1 2 7 5 31 3 1 2 7 5 30 3 0 2 7 13 6 3 0 2 7 17 18 2 0 2 7 0 2 7 1 2 7 17 9 2 0 2 7 0 2 7 0 20.2646257877349854
0 2 7 12 16 2 1 2 7 0 2 7 1 2 7 0 2 7 1 2 7 5 31 3 1 2 7 5 30 3 0 2 7 13 6 3 0 2 7 17 18 2 0 2 7 0 2 7 1 2 7 17 9 2 0 2 7 0 2 7 0 20.2646257877349854
0 2 7 12 16 2 1 2 7 0 2 7 1 2 7 0 2 7 1 2 7 5 31 3 1 2 7 5 30 3 0 2 7 13 6 3 0 2 7 17 18 2 0 2 7 0 2 7 1 2 7 17 9 2 0 2 7 0 2 7 0 20.2646257877349854
0 2 7 12 16 2 1 2 7 0 2 7 1 2 7 0 2 7 1 2 7 5 31 3 1 2 7 5 30 3 0 2 7 13 6 3 0 2 7 17 18 2 0 2 7 0 2 7 1 2 7 17 9 2 0 2 7 0 2 7 0 20.2646257877349854
0 2 7 12 16 2 1 2 7 0 2 7 1 2 7 0 2 7 1 2 7 5 31 3 1 2 7 5 30 3 0 2 7 13 6 3 0 2 7 17 18 2 0 2 7 0 2 7 1 2 7 17 9 2 0 2 7 0 2 7 0 20.2646257877349854
0 2 7 12 16 2 1 2 7 0 2 7 1 2 7 0 2 7 1 2 7 5 31 3 1 2 7 5 30 3 0 2 7 13 6 3 0 2 7 17 18 2 0 2 7 0 2 7 1 2 7 17 9 2 0 2 7 0 2 7 0 20.2646257877349854
0 2 7 12 16 2 1 2 7 0 2 7 1 2 7 0 2 7 1 2 7 5 31 3 1 2 7 5 30 3 0 2 7 13 6 3 0 2 7 17 18 2 0 2 7 0 2 7 1 2 7 17 9 2 0 2 7 0 2 7 0 20.2646257877349854
0 2 7 12 16 2 1 2 7 0 2 7 1 2 7 0 2 7 1 2 7 5 31 3 1 2 7 5 30 3 0 2 7 13 6 3 0 2 7 17 18 2 0 2 7 0 2 7 1 2 7 17 9 2 0 2 7 0 2 7 0 20.2646257877349854
0 2 7 12 16 2 1 2 7 0 2 7 1 2 7 0 2 7 1 2 7 5 31 3 1 2 7 5 30 3 0 2 7 13 6 3 0 2 7 17 18 2 0 2 7 0 2 7 1 2 7 17 9 2 0 2 7 0 2 7 0 20.2646257877349854

Current Evaluation = 540(540)
Front Size = 10
0 2 7 12 16 2 1 2 7 0 2 7 1 2 7 0 2 7 1 2 7 5 31 3 1 2 7 5 30 3 0 2 7 13 6 3 0 2 7 17 18 2 0 2 7 0 2 7 1 2 7 17 9 2 0 2 7 0 2 7 0 20.2646257877349854
0 2 7 12 16 2 1 2 7 0 2 7 1 2 7 0 2 7 1 2 7 5 31 3 1 2 7 5 30 3 0 2 7 13 6 3 0 2 7 17 18 2 0 2 7 0 2 7 1 2 7 17 9 2 0 2 7 0 2 7 0 20.2646257877349854
0 2 7 12 16 2 1 2 7 0 2 7 1 2 7 0 2 7 1 2 7 5 31 3 1 2 7 5 30 3 0 2 7 13 6 3 0 2 7 17 18 2 0 2 7 0 2 7 1 2 7 17 9 2 0 2 7 0 2 7 0 20.2646257877349854
0 2 7 12 16 2 1 2 7 0 2 7 1 2 7 0 2 7 1 2 7 5 31 3 1 2 7 5 30 3 0 2 7 13 6 3 0 2 7 17 18 2 0 2 7 0 2 7 1 2 7 17 9 2 0 2 7 0 2 7 0 20.2646257877349854
0 2 7 12 16 2 1 2 7 0 2 7 1 2 7 0 2 7 1 2 7 5 31 3 1 2 7 5 30 3 0 2 7 13 6 3 0 2 7 17 18 2 0 2 7 0 2 7 1 2 7 17 9 2 0 2 7 0 2 7 0 20.2646257877349854
0 2 7 12 16 2 1 2 7 0 2 7 1 2 7 0 2 7 1 2 7 5 31 3 1 2 7 5 30 3 0 2 7 13 6 3 0 2 7 17 18 2 0 2 7 0 2 7 1 2 7 17 9 2 0 2 7 0 2 7 0 20.2646257877349854
0 2 7 12 16 2 1 2 7 0 2 7 1 2 7 0 2 7 1 2 7 5 31 3 1 2 7 5 30 3 0 2 7 13 6 3 0 2 7 17 18 2 0 2 7 0 2 7 1 2 7 17 9 2 0 2 7 0 2 7 0 20.2646257877349854
0 2 7 12 16 2 1 2 7 0 2 7 1 2 7 0 2 7 1 2 7 5 31 3 1 2 7 5 30 3 0 2 7 13 6 3 0 2 7 17 18 2 0 2 7 0 2 7 1 2 7 17 9 2 0 2 7 0 2 7 0 20.2646257877349854
0 2 7 12 16 2 1 2 7 0 2 7 1 2 7 0 2 7 1 2 7 5 31 3 1 2 7 5 30 3 0 2 7 13 6 3 0 2 7 17 18 2 0 2 7 0 2 7 1 2 7 17 9 2 0 2 7 0 2 7 0 20.2646257877349854
0 2 7 12 16 2 1 2 7 0 2 7 1 2 7 0 2 7 1 2 7 5 31 3 1 2 7 5 30 3 0 2 7 13 6 3 0 2 7 17 18 2 0 2 7 0 2 7 1 2 7 17 9 2 0 2 7 0 2 7 0 20.2646257877349854

Current Evaluation = 720(720)
Front Size = 10
0 2 7 12 16 2 1 2 7 0 2 7 1 2 7 0 2 7 1 2 7 5 31 3 1 2 7 5 30 3 0 2 7 13 6 3 0 2 7 17 18 2 0 2 7 0 2 7 1 2 7 17 9 2 0 2 7 0 2 7 0 20.2646257877349854
0 2 7 12 16 2 1 2 7 0 2 7 1 2 7 0 2 7 1 2 7 5 31 3 1 2 7 5 30 3 0 2 7 13 6 3 0 2 7 17 18 2 0 2 7 0 2 7 1 2 7 17 9 2 0 2 7 0 2 7 0 20.2646257877349854
0 2 7 12 16 2 1 2 7 0 2 7 1 2 7 0 2 7 1 2 7 5 31 3 1 2 7 5 30 3 0 2 7 13 6 3 0 2 7 17 18 2 0 2 7 0 2 7 1 2 7 17 9 2 0 2 7 0 2 7 0 20.2646257877349854
0 2 7 12 16 2 1 2 7 0 2 7 1 2 7 0 2 7 1 2 7 5 31 3 1 2 7 5 30 3 0 2 7 13 6 3 0 2 7 17 18 2 0 2 7 0 2 7 1 2 7 17 9 2 0 2 7 0 2 7 0 20.2646257877349854
0 2 7 12 16 2 1 2 7 0 2 7 1 2 7 0 2 7 1 2 7 5 31 3 1 2 7 5 30 3 0 2 7 13 6 3 0 2 7 17 18 2 0 2 7 0 2 7 1 2 7 17 9 2 0 2 7 0 2 7 0 20.2646257877349854
0 2 7 12 16 2 1 2 7 0 2 7 1 2 7 0 2 7 1 2 7 5 31 3 1 2 7 5 30 3 0 2 7 13 6 3 0 2 7 17 18 2 0 2 7 0 2 7 1 2 7 17 9 2 0 2 7 0 2 7 0 20.2646257877349854
0 2 7 12 16 2 1 2 7 0 2 7 1 2 7 0 2 7 1 2 7 5 31 3 1 2 7 5 30 3 0 2 7 13 6 3 0 2 7 17 18 2 0 2 7 0 2 7 1 2 7 17 9 2 0 2 7 0 2 7 0 20.2646257877349854
0 2 7 12 16 2 1 2 7 0 2 7 1 2 7 0 2 7 1 2 7 5 31 3 1 2 7 5 30 3 0 2 7 13 6 3 0 2 7 17 18 2 0 2 7 0 2 7 1 2 7 17 9 2 0 2 7 0 2 7 0 20.2646257877349854
0 2 7 12 16 2 1 2 7 0 2 7 1 2 7 0 2 7 1 2 7 5 31 3 1 2 7 5 30 3 0 2 7 13 6 3 0 2 7 17 18 2 0 2 7 0 2 7 1 2 7 17 9 2 0 2 7 0 2 7 0 20.2646257877349854
0 2 7 12 16 2 1 2 7 0 2 7 1 2 7 0 2 7 1 2 7 5 31 3 1 2 7 5 30 3 0 2 7 13 6 3 0 2 7 17 18 2 0 2 7 0 2 7 1 2 7 17 9 2 0 2 7 0 2 7 0 20.2646257877349854

Current Evaluation = 900(900)
Front Size = 10
0 2 7 12 16 2 1 2 7 0 2 7 1 2 7 0 2 7 1 2 7 5 31 3 1 2 7 5 30 3 0 2 7 13 6 3 0 2 7 17 18 2 0 2 7 0 2 7 1 2 7 17 9 2 0 2 7 0 2 7 0 20.2646257877349854
0 2 7 12 16 2 1 2 7 0 2 7 1 2 7 0 2 7 1 2 7 5 31 3 1 2 7 5 30 3 0 2 7 13 6 3 0 2 7 17 18 2 0 2 7 0 2 7 1 2 7 17 9 2 0 2 7 0 2 7 0 20.2646257877349854
0 2 7 12 16 2 1 2 7 0 2 7 1 2 7 0 2 7 1 2 7 5 31 3 1 2 7 5 30 3 0 2 7 13 6 3 0 2 7 17 18 2 0 2 7 0 2 7 1 2 7 17 9 2 0 2 7 0 2 7 0 20.2646257877349854
0 2 7 12 16 2 1 2 7 0 2 7 1 2 7 0 2 7 1 2 7 5 31 3 1 2 7 5 30 3 0 2 7 13 6 3 0 2 7 17 18 2 0 2 7 0 2 7 1 2 7 17 9 2 0 2 7 0 2 7 0 20.2646257877349854
0 2 7 12 16 2 1 2 7 0 2 7 1 2 7 0 2 7 1 2 7 5 31 3 1 2 7 5 30 3 0 2 7 13 6 3 0 2 7 17 18 2 0 2 7 0 2 7 1 2 7 17 9 2 0 2 7 0 2 7 0 20.2646257877349854
0 2 7 12 16 2 1 2 7 0 2 7 1 2 7 0 2 7 1 2 7 5 31 3 1 2 7 5 30 3 0 2 7 13 6 3 0 2 7 17 18 2 0 2 7 0 2 7 1 2 7 17 9 2 0 2 7 0 2 7 0 20.2646257877349854
0 2 7 12 16 2 1 2 7 0 2 7 1 2 7 0 2 7 1 2 7 5 31 3 1 2 7 5 30 3 0 2 7 13 6 3 0 2 7 17 18 2 0 2 7 0 2 7 1 2 7 17 9 2 0 2 7 0 2 7 0 20.2646257877349854
0 2 7 12 16 2 1 2 7 0 2 7 1 2 7 0 2 7 1 2 7 5 31 3 1 2 7 5 30 3 0 2 7 13 6 3 0 2 7 17 18 2 0 2 7 0 2 7 1 2 7 17 9 2 0 2 7 0 2 7 0 20.2646257877349854
0 2 7 12 16 2 1 2 7 0 2 7 1 2 7 0 2 7 1 2 7 5 31 3 1 2 7 5 30 3 0 2 7 13 6 3 0 2 7 17 18 2 0 2 7 0 2 7 1 2 7 17 9 2 0 2 7 0 2 7 0 20.2646257877349854
0 2 7 12 16 2 1 2 7 0 2 7 1 2 7 0 2 7 1 2 7 5 31 3 1 2 7 5 30 3 0 2 7 13 6 3 0 2 7 17 18 2 0 2 7 0 2 7 1 2 7 17 9 2 0 2 7 0 2 7 0 20.2646257877349854

Current Evaluation = 1080(1080)
Front Size = 10
0 2 7 12 16 2 1 2 7 0 2 7 1 2 7 0 2 7 1 2 7 5 31 3 1 2 7 5 30 3 0 2 7 13 6 3 0 2 7 17 18 2 0 2 7 0 2 7 1 2 7 17 9 2 0 2 7 0 2 7 0 20.2646257877349854
0 2 7 12 16 2 1 2 7 0 2 7 1 2 7 0 2 7 1 2 7 5 31 3 1 2 7 5 30 3 0 2 7 13 6 3 0 2 7 17 18 2 0 2 7 0 2 7 1 2 7 17 9 2 0 2 7 0 2 7 0 20.2646257877349854
0 2 7 12 16 2 1 2 7 0 2 7 1 2 7 0 2 7 1 2 7 5 31 3 1 2 7 5 30 3 0 2 7 13 6 3 0 2 7 17 18 2 0 2 7 0 2 7 1 2 7 17 9 2 0 2 7 0 2 7 0 20.2646257877349854
0 2 7 12 16 2 1 2 7 0 2 7 1 2 7 0 2 7 1 2 7 5 31 3 1 2 7 5 30 3 0 2 7 13 6 3 0 2 7 17 18 2 0 2 7 0 2 7 1 2 7 17 9 2 0 2 7 0 2 7 0 20.2646257877349854
0 2 7 12 16 2 1 2 7 0 2 7 1 2 7 0 2 7 1 2 7 5 31 3 1 2 7 5 30 3 0 2 7 13 6 3 0 2 7 17 18 2 0 2 7 0 2 7 1 2 7 17 9 2 0 2 7 0 2 7 0 20.2646257877349854
0 2 7 12 16 2 1 2 7 0 2 7 1 2 7 0 2 7 1 2 7 5 31 3 1 2 7 5 30 3 0 2 7 13 6 3 0 2 7 17 18 2 0 2 7 0 2 7 1 2 7 17 9 2 0 2 7 0 2 7 0 20.2646257877349854
0 2 7 12 16 2 1 2 7 0 2 7 1 2 7 0 2 7 1 2 7 5 31 3 1 2 7 5 30 3 0 2 7 13 6 3 0 2 7 17 18 2 0 2 7 0 2 7 1 2 7 17 9 2 0 2 7 0 2 7 0 20.2646257877349854
0 2 7 12 16 2 1 2 7 0 2 7 1 2 7 0 2 7 1 2 7 5 31 3 1 2 7 5 30 3 0 2 7 13 6 3 0 2 7 17 18 2 0 2 7 0 2 7 1 2 7 17 9 2 0 2 7 0 2 7 0 20.2646257877349854
0 2 7 12 16 2 1 2 7 0 2 7 1 2 7 0 2 7 1 2 7 5 31 3 1 2 7 5 30 3 0 2 7 13 6 3 0 2 7 17 18 2 0 2 7 0 2 7 1 2 7 17 9 2 0 2 7 0 2 7 0 20.2646257877349854
0 2 7 12 16 2 1 2 7 0 2 7 1 2 7 0 2 7 1 2 7 5 31 3 1 2 7 5 30 3 0 2 7 13 6 3 0 2 7 17 18 2 0 2 7 0 2 7 1 2 7 17 9 2 0 2 7 0 2 7 0 20.2646257877349854

Current Evaluation = 1260(1260)
Front Size = 10
0 2 7 12 16 2 1 2 7 0 2 7 1 2 7 0 2 7 1 2 7 5 31 3 1 2 7 5 30 3 0 2 7 13 6 3 0 2 7 17 18 2 0 2 7 0 2 7 1 2 7 17 9 2 0 2 7 0 2 7 0 20.2646257877349854
0 2 7 12 16 2 1 2 7 0 2 7 1 2 7 0 2 7 1 2 7 5 31 3 1 2 7 5 30 3 0 2 7 13 6 3 0 2 7 17 18 2 0 2 7 0 2 7 1 2 7 17 9 2 0 2 7 0 2 7 0 20.2646257877349854
0 2 7 12 16 2 1 2 7 0 2 7 1 2 7 0 2 7 1 2 7 5 31 3 1 2 7 5 30 3 0 2 7 13 6 3 0 2 7 17 18 2 0 2 7 0 2 7 1 2 7 17 9 2 0 2 7 0 2 7 0 20.2646257877349854
0 2 7 12 16 2 1 2 7 0 2 7 1 2 7 0 2 7 1 2 7 5 31 3 1 2 7 5 30 3 0 2 7 13 6 3 0 2 7 17 18 2 0 2 7 0 2 7 1 2 7 17 9 2 0 2 7 0 2 7 0 20.2646257877349854
0 2 7 12 16 2 1 2 7 0 2 7 1 2 7 0 2 7 1 2 7 5 31 3 1 2 7 5 30 3 0 2 7 13 6 3 0 2 7 17 18 2 0 2 7 0 2 7 1 2 7 17 9 2 0 2 7 0 2 7 0 20.2646257877349854
0 2 7 12 16 2 1 2 7 0 2 7 1 2 7 0 2 7 1 2 7 5 31 3 1 2 7 5 30 3 0 2 7 13 6 3 0 2 7 17 18 2 0 2 7 0 2 7 1 2 7 17 9 2 0 2 7 0 2 7 0 20.2646257877349854
0 2 7 12 16 2 1 2 7 0 2 7 1 2 7 0 2 7 1 2 7 5 31 3 1 2 7 5 30 3 0 2 7 13 6 3 0 2 7 17 18 2 0 2 7 0 2 7 1 2 7 17 9 2 0 2 7 0 2 7 0 20.2646257877349854
0 2 7 12 16 2 1 2 7 0 2 7 1 2 7 0 2 7 1 2 7 5 31 3 1 2 7 5 30 3 0 2 7 13 6 3 0 2 7 17 18 2 0 2 7 0 2 7 1 2 7 17 9 2 0 2 7 0 2 7 0 20.2646257877349854
0 2 7 12 16 2 1 2 7 0 2 7 1 2 7 0 2 7 1 2 7 5 31 3 1 2 7 5 30 3 0 2 7 13 6 3 0 2 7 17 18 2 0 2 7 0 2 7 1 2 7 17 9 2 0 2 7 0 2 7 0 20.2646257877349854
0 2 7 12 16 2 1 2 7 0 2 7 1 2 7 0 2 7 1 2 7 5 31 3 1 2 7 5 30 3 0 2 7 13 6 3 0 2 7 17 18 2 0 2 7 0 2 7 1 2 7 17 9 2 0 2 7 0 2 7 0 20.2646257877349854

Current Evaluation = 1440(1440)
Front Size = 10
0 2 7 12 16 2 1 2 7 0 2 7 1 2 7 0 2 7 1 2 7 5 31 3 1 2 7 5 30 3 0 2 7 13 6 3 0 2 7 17 18 2 0 2 7 0 2 7 1 2 7 17 9 2 0 2 7 0 2 7 0 20.2646257877349854
0 2 7 12 16 2 1 2 7 0 2 7 1 2 7 0 2 7 1 2 7 5 31 3 1 2 7 5 30 3 0 2 7 13 6 3 0 2 7 17 18 2 0 2 7 0 2 7 1 2 7 17 9 2 0 2 7 0 2 7 0 20.2646257877349854
0 2 7 12 16 2 1 2 7 0 2 7 1 2 7 0 2 7 1 2 7 5 31 3 1 2 7 5 30 3 0 2 7 13 6 3 0 2 7 17 18 2 0 2 7 0 2 7 1 2 7 17 9 2 0 2 7 0 2 7 0 20.2646257877349854
0 2 7 12 16 2 1 2 7 0 2 7 1 2 7 0 2 7 1 2 7 5 31 3 1 2 7 5 30 3 0 2 7 13 6 3 0 2 7 17 18 2 0 2 7 0 2 7 1 2 7 17 9 2 0 2 7 0 2 7 0 20.2646257877349854
0 2 7 12 16 2 1 2 7 0 2 7 1 2 7 0 2 7 1 2 7 5 31 3 1 2 7 5 30 3 0 2 7 13 6 3 0 2 7 17 18 2 0 2 7 0 2 7 1 2 7 17 9 2 0 2 7 0 2 7 0 20.2646257877349854
0 2 7 12 16 2 1 2 7 0 2 7 1 2 7 0 2 7 1 2 7 5 31 3 1 2 7 5 30 3 0 2 7 13 6 3 0 2 7 17 18 2 0 2 7 0 2 7 1 2 7 17 9 2 0 2 7 0 2 7 0 20.2646257877349854
0 2 7 12 16 2 1 2 7 0 2 7 1 2 7 0 2 7 1 2 7 5 31 3 1 2 7 5 30 3 0 2 7 13 6 3 0 2 7 17 18 2 0 2 7 0 2 7 1 2 7 17 9 2 0 2 7 0 2 7 0 20.2646257877349854
0 2 7 12 16 2 1 2 7 0 2 7 1 2 7 0 2 7 1 2 7 5 31 3 1 2 7 5 30 3 0 2 7 13 6 3 0 2 7 17 18 2 0 2 7 0 2 7 1 2 7 17 9 2 0 2 7 0 2 7 0 20.2646257877349854
0 2 7 12 16 2 1 2 7 0 2 7 1 2 7 0 2 7 1 2 7 5 31 3 1 2 7 5 30 3 0 2 7 13 6 3 0 2 7 17 18 2 0 2 7 0 2 7 1 2 7 17 9 2 0 2 7 0 2 7 0 20.2646257877349854
0 2 7 12 16 2 1 2 7 0 2 7 1 2 7 0 2 7 1 2 7 5 31 3 1 2 7 5 30 3 0 2 7 13 6 3 0 2 7 17 18 2 0 2 7 0 2 7 1 2 7 17 9 2 0 2 7 0 2 7 0 20.2646257877349854

Current Evaluation = 1620(1620)
Front Size = 10
0 2 7 12 16 2 1 2 7 0 2 7 1 2 7 0 2 7 1 2 7 5 31 3 1 2 7 5 30 3 0 2 7 13 6 3 0 2 7 17 18 2 0 2 7 0 2 7 1 2 7 17 9 2 0 2 7 0 2 7 0 20.2646257877349854
0 2 7 12 16 2 1 2 7 0 2 7 1 2 7 0 2 7 1 2 7 5 31 3 1 2 7 5 30 3 0 2 7 13 6 3 0 2 7 17 18 2 0 2 7 0 2 7 1 2 7 17 9 2 0 2 7 0 2 7 0 20.2646257877349854
0 2 7 12 16 2 1 2 7 0 2 7 1 2 7 0 2 7 1 2 7 5 31 3 1 2 7 5 30 3 0 2 7 13 6 3 0 2 7 17 18 2 0 2 7 0 2 7 1 2 7 17 9 2 0 2 7 0 2 7 0 20.2646257877349854
0 2 7 12 16 2 1 2 7 0 2 7 1 2 7 0 2 7 1 2 7 5 31 3 1 2 7 5 30 3 0 2 7 13 6 3 0 2 7 17 18 2 0 2 7 0 2 7 1 2 7 17 9 2 0 2 7 0 2 7 0 20.2646257877349854
0 2 7 12 16 2 1 2 7 0 2 7 1 2 7 0 2 7 1 2 7 5 31 3 1 2 7 5 30 3 0 2 7 13 6 3 0 2 7 17 18 2 0 2 7 0 2 7 1 2 7 17 9 2 0 2 7 0 2 7 0 20.2646257877349854
0 2 7 12 16 2 1 2 7 0 2 7 1 2 7 0 2 7 1 2 7 5 31 3 1 2 7 5 30 3 0 2 7 13 6 3 0 2 7 17 18 2 0 2 7 0 2 7 1 2 7 17 9 2 0 2 7 0 2 7 0 20.2646257877349854
0 2 7 12 16 2 1 2 7 0 2 7 1 2 7 0 2 7 1 2 7 5 31 3 1 2 7 5 30 3 0 2 7 13 6 3 0 2 7 17 18 2 0 2 7 0 2 7 1 2 7 17 9 2 0 2 7 0 2 7 0 20.2646257877349854
0 2 7 12 16 2 1 2 7 0 2 7 1 2 7 0 2 7 1 2 7 5 31 3 1 2 7 5 30 3 0 2 7 13 6 3 0 2 7 17 18 2 0 2 7 0 2 7 1 2 7 17 9 2 0 2 7 0 2 7 0 20.2646257877349854
0 2 7 12 16 2 1 2 7 0 2 7 1 2 7 0 2 7 1 2 7 5 31 3 1 2 7 5 30 3 0 2 7 13 6 3 0 2 7 17 18 2 0 2 7 0 2 7 1 2 7 17 9 2 0 2 7 0 2 7 0 20.2646257877349854
0 2 7 12 16 2 1 2 7 0 2 7 1 2 7 0 2 7 1 2 7 5 31 3 1 2 7 5 30 3 0 2 7 13 6 3 0 2 7 17 18 2 0 2 7 0 2 7 1 2 7 17 9 2 0 2 7 0 2 7 0 20.2646257877349854

Current Evaluation = 1800(1800)
Front Size = 10
0 2 7 12 16 2 1 2 7 0 2 7 1 2 7 0 2 7 1 2 7 5 31 3 1 2 7 5 30 3 0 2 7 13 6 3 0 2 7 17 18 2 0 2 7 0 2 7 1 2 7 17 9 2 0 2 7 0 2 7 0 20.2646257877349854
0 2 7 12 16 2 1 2 7 0 2 7 1 2 7 0 2 7 1 2 7 5 31 3 1 2 7 5 30 3 0 2 7 13 6 3 0 2 7 17 18 2 0 2 7 0 2 7 1 2 7 17 9 2 0 2 7 0 2 7 0 20.2646257877349854
0 2 7 12 16 2 1 2 7 0 2 7 1 2 7 0 2 7 1 2 7 5 31 3 1 2 7 5 30 3 0 2 7 13 6 3 0 2 7 17 18 2 0 2 7 0 2 7 1 2 7 17 9 2 0 2 7 0 2 7 0 20.2646257877349854
0 2 7 12 16 2 1 2 7 0 2 7 1 2 7 0 2 7 1 2 7 5 31 3 1 2 7 5 30 3 0 2 7 13 6 3 0 2 7 17 18 2 0 2 7 0 2 7 1 2 7 17 9 2 0 2 7 0 2 7 0 20.2646257877349854
0 2 7 12 16 2 1 2 7 0 2 7 1 2 7 0 2 7 1 2 7 5 31 3 1 2 7 5 30 3 0 2 7 13 6 3 0 2 7 17 18 2 0 2 7 0 2 7 1 2 7 17 9 2 0 2 7 0 2 7 0 20.2646257877349854
0 2 7 12 16 2 1 2 7 0 2 7 1 2 7 0 2 7 1 2 7 5 31 3 1 2 7 5 30 3 0 2 7 13 6 3 0 2 7 17 18 2 0 2 7 0 2 7 1 2 7 17 9 2 0 2 7 0 2 7 0 20.2646257877349854
0 2 7 12 16 2 1 2 7 0 2 7 1 2 7 0 2 7 1 2 7 5 31 3 1 2 7 5 30 3 0 2 7 13 6 3 0 2 7 17 18 2 0 2 7 0 2 7 1 2 7 17 9 2 0 2 7 0 2 7 0 20.2646257877349854
0 2 7 12 16 2 1 2 7 0 2 7 1 2 7 0 2 7 1 2 7 5 31 3 1 2 7 5 30 3 0 2 7 13 6 3 0 2 7 17 18 2 0 2 7 0 2 7 1 2 7 17 9 2 0 2 7 0 2 7 0 20.2646257877349854
0 2 7 12 16 2 1 2 7 0 2 7 1 2 7 0 2 7 1 2 7 5 31 3 1 2 7 5 30 3 0 2 7 13 6 3 0 2 7 17 18 2 0 2 7 0 2 7 1 2 7 17 9 2 0 2 7 0 2 7 0 20.2646257877349854
0 2 7 12 16 2 1 2 7 0 2 7 1 2 7 0 2 7 1 2 7 5 31 3 1 2 7 5 30 3 0 2 7 13 6 3 0 2 7 17 18 2 0 2 7 0 2 7 1 2 7 17 9 2 0 2 7 0 2 7 0 20.2646257877349854

Current Evaluation = 1980(1980)
Front Size = 10
0 2 7 12 16 2 1 2 7 0 2 7 1 2 7 0 2 7 1 2 7 5 31 3 1 2 7 5 30 3 0 2 7 13 6 3 0 2 7 17 18 2 0 2 7 0 2 7 1 2 7 17 9 2 0 2 7 0 2 7 0 20.2646257877349854
0 2 7 12 16 2 1 2 7 0 2 7 1 2 7 0 2 7 1 2 7 5 31 3 1 2 7 5 30 3 0 2 7 13 6 3 0 2 7 17 18 2 0 2 7 0 2 7 1 2 7 17 9 2 0 2 7 0 2 7 0 20.2646257877349854
0 2 7 12 16 2 1 2 7 0 2 7 1 2 7 0 2 7 1 2 7 5 31 3 1 2 7 5 30 3 0 2 7 13 6 3 0 2 7 17 18 2 0 2 7 0 2 7 1 2 7 17 9 2 0 2 7 0 2 7 0 20.2646257877349854
0 2 7 12 16 2 1 2 7 0 2 7 1 2 7 0 2 7 1 2 7 5 31 3 1 2 7 5 30 3 0 2 7 13 6 3 0 2 7 17 18 2 0 2 7 0 2 7 1 2 7 17 9 2 0 2 7 0 2 7 0 20.2646257877349854
0 2 7 12 16 2 1 2 7 0 2 7 1 2 7 0 2 7 1 2 7 5 31 3 1 2 7 5 30 3 0 2 7 13 6 3 0 2 7 17 18 2 0 2 7 0 2 7 1 2 7 17 9 2 0 2 7 0 2 7 0 20.2646257877349854
0 2 7 12 16 2 1 2 7 0 2 7 1 2 7 0 2 7 1 2 7 5 31 3 1 2 7 5 30 3 0 2 7 13 6 3 0 2 7 17 18 2 0 2 7 0 2 7 1 2 7 17 9 2 0 2 7 0 2 7 0 20.2646257877349854
0 2 7 12 16 2 1 2 7 0 2 7 1 2 7 0 2 7 1 2 7 5 31 3 1 2 7 5 30 3 0 2 7 13 6 3 0 2 7 17 18 2 0 2 7 0 2 7 1 2 7 17 9 2 0 2 7 0 2 7 0 20.2646257877349854
0 2 7 12 16 2 1 2 7 0 2 7 1 2 7 0 2 7 1 2 7 5 31 3 1 2 7 5 30 3 0 2 7 13 6 3 0 2 7 17 18 2 0 2 7 0 2 7 1 2 7 17 9 2 0 2 7 0 2 7 0 20.2646257877349854
0 2 7 12 16 2 1 2 7 0 2 7 1 2 7 0 2 7 1 2 7 5 31 3 1 2 7 5 30 3 0 2 7 13 6 3 0 2 7 17 18 2 0 2 7 0 2 7 1 2 7 17 9 2 0 2 7 0 2 7 0 20.2646257877349854
0 2 7 12 16 2 1 2 7 0 2 7 1 2 7 0 2 7 1 2 7 5 31 3 1 2 7 5 30 3 0 2 7 13 6 3 0 2 7 17 18 2 0 2 7 0 2 7 1 2 7 17 9 2 0 2 7 0 2 7 0 20.2646257877349854

Current Evaluation = 2160(2160)
Front Size = 10
0 2 7 12 16 2 1 2 7 0 2 7 1 2 7 0 2 7 1 2 7 5 31 3 1 2 7 5 30 3 0 2 7 13 6 3 0 2 7 17 18 2 0 2 7 0 2 7 1 2 7 17 9 2 0 2 7 0 2 7 0 20.2646257877349854
0 2 7 12 16 2 1 2 7 0 2 7 1 2 7 0 2 7 1 2 7 5 31 3 1 2 7 5 30 3 0 2 7 13 6 3 0 2 7 17 18 2 0 2 7 0 2 7 1 2 7 17 9 2 0 2 7 0 2 7 0 20.2646257877349854
0 2 7 12 16 2 1 2 7 0 2 7 1 2 7 0 2 7 1 2 7 5 31 3 1 2 7 5 30 3 0 2 7 13 6 3 0 2 7 17 18 2 0 2 7 0 2 7 1 2 7 17 9 2 0 2 7 0 2 7 0 20.2646257877349854
0 2 7 12 16 2 1 2 7 0 2 7 1 2 7 0 2 7 1 2 7 5 31 3 1 2 7 5 30 3 0 2 7 13 6 3 0 2 7 17 18 2 0 2 7 0 2 7 1 2 7 17 9 2 0 2 7 0 2 7 0 20.2646257877349854
0 2 7 12 16 2 1 2 7 0 2 7 1 2 7 0 2 7 1 2 7 5 31 3 1 2 7 5 30 3 0 2 7 13 6 3 0 2 7 17 18 2 0 2 7 0 2 7 1 2 7 17 9 2 0 2 7 0 2 7 0 20.2646257877349854
0 2 7 12 16 2 1 2 7 0 2 7 1 2 7 0 2 7 1 2 7 5 31 3 1 2 7 5 30 3 0 2 7 13 6 3 0 2 7 17 18 2 0 2 7 0 2 7 1 2 7 17 9 2 0 2 7 0 2 7 0 20.2646257877349854
0 2 7 12 16 2 1 2 7 0 2 7 1 2 7 0 2 7 1 2 7 5 31 3 1 2 7 5 30 3 0 2 7 13 6 3 0 2 7 17 18 2 0 2 7 0 2 7 1 2 7 17 9 2 0 2 7 0 2 7 0 20.2646257877349854
0 2 7 12 16 2 1 2 7 0 2 7 1 2 7 0 2 7 1 2 7 5 31 3 1 2 7 5 30 3 0 2 7 13 6 3 0 2 7 17 18 2 0 2 7 0 2 7 1 2 7 17 9 2 0 2 7 0 2 7 0 20.2646257877349854
0 2 7 12 16 2 1 2 7 0 2 7 1 2 7 0 2 7 1 2 7 5 31 3 1 2 7 5 30 3 0 2 7 13 6 3 0 2 7 17 18 2 0 2 7 0 2 7 1 2 7 17 9 2 0 2 7 0 2 7 0 20.2646257877349854
0 2 7 12 16 2 1 2 7 0 2 7 1 2 7 0 2 7 1 2 7 5 31 3 1 2 7 5 30 3 0 2 7 13 6 3 0 2 7 17 18 2 0 2 7 0 2 7 1 2 7 17 9 2 0 2 7 0 2 7 0 20.2646257877349854

Current Evaluation = 2340(2340)
Front Size = 10
0 2 7 12 16 2 1 2 7 0 2 7 1 2 7 0 2 7 1 2 7 5 31 3 1 2 7 5 30 3 0 2 7 13 6 3 0 2 7 17 18 2 0 2 7 0 2 7 1 2 7 17 9 2 0 2 7 0 2 7 0 20.2646257877349854
0 2 7 12 16 2 1 2 7 0 2 7 1 2 7 0 2 7 1 2 7 5 31 3 1 2 7 5 30 3 0 2 7 13 6 3 0 2 7 17 18 2 0 2 7 0 2 7 1 2 7 17 9 2 0 2 7 0 2 7 0 20.2646257877349854
0 2 7 12 16 2 1 2 7 0 2 7 1 2 7 0 2 7 1 2 7 5 31 3 1 2 7 5 30 3 0 2 7 13 6 3 0 2 7 17 18 2 0 2 7 0 2 7 1 2 7 17 9 2 0 2 7 0 2 7 0 20.2646257877349854
0 2 7 12 16 2 1 2 7 0 2 7 1 2 7 0 2 7 1 2 7 5 31 3 1 2 7 5 30 3 0 2 7 13 6 3 0 2 7 17 18 2 0 2 7 0 2 7 1 2 7 17 9 2 0 2 7 0 2 7 0 20.2646257877349854
0 2 7 12 16 2 1 2 7 0 2 7 1 2 7 0 2 7 1 2 7 5 31 3 1 2 7 5 30 3 0 2 7 13 6 3 0 2 7 17 18 2 0 2 7 0 2 7 1 2 7 17 9 2 0 2 7 0 2 7 0 20.2646257877349854
0 2 7 12 16 2 1 2 7 0 2 7 1 2 7 0 2 7 1 2 7 5 31 3 1 2 7 5 30 3 0 2 7 13 6 3 0 2 7 17 18 2 0 2 7 0 2 7 1 2 7 17 9 2 0 2 7 0 2 7 0 20.2646257877349854
0 2 7 12 16 2 1 2 7 0 2 7 1 2 7 0 2 7 1 2 7 5 31 3 1 2 7 5 30 3 0 2 7 13 6 3 0 2 7 17 18 2 0 2 7 0 2 7 1 2 7 17 9 2 0 2 7 0 2 7 0 20.2646257877349854
0 2 7 12 16 2 1 2 7 0 2 7 1 2 7 0 2 7 1 2 7 5 31 3 1 2 7 5 30 3 0 2 7 13 6 3 0 2 7 17 18 2 0 2 7 0 2 7 1 2 7 17 9 2 0 2 7 0 2 7 0 20.2646257877349854
0 2 7 12 16 2 1 2 7 0 2 7 1 2 7 0 2 7 1 2 7 5 31 3 1 2 7 5 30 3 0 2 7 13 6 3 0 2 7 17 18 2 0 2 7 0 2 7 1 2 7 17 9 2 0 2 7 0 2 7 0 20.2646257877349854
0 2 7 12 16 2 1 2 7 0 2 7 1 2 7 0 2 7 1 2 7 5 31 3 1 2 7 5 30 3 0 2 7 13 6 3 0 2 7 17 18 2 0 2 7 0 2 7 1 2 7 17 9 2 0 2 7 0 2 7 0 20.2646257877349854

Current Evaluation = 2520(2520)
Front Size = 10
0 2 7 12 16 2 1 2 7 0 2 7 1 2 7 0 2 7 1 2 7 5 31 3 1 2 7 5 30 3 0 2 7 13 6 3 0 2 7 17 18 2 0 2 7 0 2 7 1 2 7 17 9 2 0 2 7 0 2 7 0 20.2646257877349854
0 2 7 12 16 2 1 2 7 0 2 7 1 2 7 0 2 7 1 2 7 5 31 3 1 2 7 5 30 3 0 2 7 13 6 3 0 2 7 17 18 2 0 2 7 0 2 7 1 2 7 17 9 2 0 2 7 0 2 7 0 20.2646257877349854
0 2 7 12 16 2 1 2 7 0 2 7 1 2 7 0 2 7 1 2 7 5 31 3 1 2 7 5 30 3 0 2 7 13 6 3 0 2 7 17 18 2 0 2 7 0 2 7 1 2 7 17 9 2 0 2 7 0 2 7 0 20.2646257877349854
0 2 7 12 16 2 1 2 7 0 2 7 1 2 7 0 2 7 1 2 7 5 31 3 1 2 7 5 30 3 0 2 7 13 6 3 0 2 7 17 18 2 0 2 7 0 2 7 1 2 7 17 9 2 0 2 7 0 2 7 0 20.2646257877349854
0 2 7 12 16 2 1 2 7 0 2 7 1 2 7 0 2 7 1 2 7 5 31 3 1 2 7 5 30 3 0 2 7 13 6 3 0 2 7 17 18 2 0 2 7 0 2 7 1 2 7 17 9 2 0 2 7 0 2 7 0 20.2646257877349854
0 2 7 12 16 2 1 2 7 0 2 7 1 2 7 0 2 7 1 2 7 5 31 3 1 2 7 5 30 3 0 2 7 13 6 3 0 2 7 17 18 2 0 2 7 0 2 7 1 2 7 17 9 2 0 2 7 0 2 7 0 20.2646257877349854
0 2 7 12 16 2 1 2 7 0 2 7 1 2 7 0 2 7 1 2 7 5 31 3 1 2 7 5 30 3 0 2 7 13 6 3 0 2 7 17 18 2 0 2 7 0 2 7 1 2 7 17 9 2 0 2 7 0 2 7 0 20.2646257877349854
0 2 7 12 16 2 1 2 7 0 2 7 1 2 7 0 2 7 1 2 7 5 31 3 1 2 7 5 30 3 0 2 7 13 6 3 0 2 7 17 18 2 0 2 7 0 2 7 1 2 7 17 9 2 0 2 7 0 2 7 0 20.2646257877349854
0 2 7 12 16 2 1 2 7 0 2 7 1 2 7 0 2 7 1 2 7 5 31 3 1 2 7 5 30 3 0 2 7 13 6 3 0 2 7 17 18 2 0 2 7 0 2 7 1 2 7 17 9 2 0 2 7 0 2 7 0 20.2646257877349854
0 2 7 12 16 2 1 2 7 0 2 7 1 2 7 0 2 7 1 2 7 5 31 3 1 2 7 5 30 3 0 2 7 13 6 3 0 2 7 17 18 2 0 2 7 0 2 7 1 2 7 17 9 2 0 2 7 0 2 7 0 20.2646257877349854

Current Evaluation = 2700(2700)
Front Size = 10
0 2 7 12 16 2 1 2 7 0 2 7 1 2 7 0 2 7 1 2 7 5 31 3 1 2 7 5 30 3 0 2 7 13 6 3 0 2 7 17 18 2 0 2 7 0 2 7 1 2 7 17 9 2 0 2 7 0 2 7 0 20.2646257877349854
0 2 7 12 16 2 1 2 7 0 2 7 1 2 7 0 2 7 1 2 7 5 31 3 1 2 7 5 30 3 0 2 7 13 6 3 0 2 7 17 18 2 0 2 7 0 2 7 1 2 7 17 9 2 0 2 7 0 2 7 0 20.2646257877349854
0 2 7 12 16 2 1 2 7 0 2 7 1 2 7 0 2 7 1 2 7 5 31 3 1 2 7 5 30 3 0 2 7 13 6 3 0 2 7 17 18 2 0 2 7 0 2 7 1 2 7 17 9 2 0 2 7 0 2 7 0 20.2646257877349854
0 2 7 12 16 2 1 2 7 0 2 7 1 2 7 0 2 7 1 2 7 5 31 3 1 2 7 5 30 3 0 2 7 13 6 3 0 2 7 17 18 2 0 2 7 0 2 7 1 2 7 17 9 2 0 2 7 0 2 7 0 20.2646257877349854
0 2 7 12 16 2 1 2 7 0 2 7 1 2 7 0 2 7 1 2 7 5 31 3 1 2 7 5 30 3 0 2 7 13 6 3 0 2 7 17 18 2 0 2 7 0 2 7 1 2 7 17 9 2 0 2 7 0 2 7 0 20.2646257877349854
0 2 7 12 16 2 1 2 7 0 2 7 1 2 7 0 2 7 1 2 7 5 31 3 1 2 7 5 30 3 0 2 7 13 6 3 0 2 7 17 18 2 0 2 7 0 2 7 1 2 7 17 9 2 0 2 7 0 2 7 0 20.2646257877349854
0 2 7 12 16 2 1 2 7 0 2 7 1 2 7 0 2 7 1 2 7 5 31 3 1 2 7 5 30 3 0 2 7 13 6 3 0 2 7 17 18 2 0 2 7 0 2 7 1 2 7 17 9 2 0 2 7 0 2 7 0 20.2646257877349854
0 2 7 12 16 2 1 2 7 0 2 7 1 2 7 0 2 7 1 2 7 5 31 3 1 2 7 5 30 3 0 2 7 13 6 3 0 2 7 17 18 2 0 2 7 0 2 7 1 2 7 17 9 2 0 2 7 0 2 7 0 20.2646257877349854
0 2 7 12 16 2 1 2 7 0 2 7 1 2 7 0 2 7 1 2 7 5 31 3 1 2 7 5 30 3 0 2 7 13 6 3 0 2 7 17 18 2 0 2 7 0 2 7 1 2 7 17 9 2 0 2 7 0 2 7 0 20.2646257877349854
0 2 7 12 16 2 1 2 7 0 2 7 1 2 7 0 2 7 1 2 7 5 31 3 1 2 7 5 30 3 0 2 7 13 6 3 0 2 7 17 18 2 0 2 7 0 2 7 1 2 7 17 9 2 0 2 7 0 2 7 0 20.2646257877349854

Current Evaluation = 2880(2880)
Front Size = 10
0 2 7 12 16 2 1 2 7 0 2 7 1 2 7 0 2 7 1 2 7 5 31 3 1 2 7 5 30 3 0 2 7 13 6 3 0 2 7 17 18 2 0 2 7 0 2 7 1 2 7 17 9 2 0 2 7 0 2 7 0 20.2646257877349854
0 2 7 12 16 2 1 2 7 0 2 7 1 2 7 0 2 7 1 2 7 5 31 3 1 2 7 5 30 3 0 2 7 13 6 3 0 2 7 17 18 2 0 2 7 0 2 7 1 2 7 17 9 2 0 2 7 0 2 7 0 20.2646257877349854
0 2 7 12 16 2 1 2 7 0 2 7 1 2 7 0 2 7 1 2 7 5 31 3 1 2 7 5 30 3 0 2 7 13 6 3 0 2 7 17 18 2 0 2 7 0 2 7 1 2 7 17 9 2 0 2 7 0 2 7 0 20.2646257877349854
0 2 7 12 16 2 1 2 7 0 2 7 1 2 7 0 2 7 1 2 7 5 31 3 1 2 7 5 30 3 0 2 7 13 6 3 0 2 7 17 18 2 0 2 7 0 2 7 1 2 7 17 9 2 0 2 7 0 2 7 0 20.2646257877349854
0 2 7 12 16 2 1 2 7 0 2 7 1 2 7 0 2 7 1 2 7 5 31 3 1 2 7 5 30 3 0 2 7 13 6 3 0 2 7 17 18 2 0 2 7 0 2 7 1 2 7 17 9 2 0 2 7 0 2 7 0 20.2646257877349854
0 2 7 12 16 2 1 2 7 0 2 7 1 2 7 0 2 7 1 2 7 5 31 3 1 2 7 5 30 3 0 2 7 13 6 3 0 2 7 17 18 2 0 2 7 0 2 7 1 2 7 17 9 2 0 2 7 0 2 7 0 20.2646257877349854
0 2 7 12 16 2 1 2 7 0 2 7 1 2 7 0 2 7 1 2 7 5 31 3 1 2 7 5 30 3 0 2 7 13 6 3 0 2 7 17 18 2 0 2 7 0 2 7 1 2 7 17 9 2 0 2 7 0 2 7 0 20.2646257877349854
0 2 7 12 16 2 1 2 7 0 2 7 1 2 7 0 2 7 1 2 7 5 31 3 1 2 7 5 30 3 0 2 7 13 6 3 0 2 7 17 18 2 0 2 7 0 2 7 1 2 7 17 9 2 0 2 7 0 2 7 0 20.2646257877349854
0 2 7 12 16 2 1 2 7 0 2 7 1 2 7 0 2 7 1 2 7 5 31 3 1 2 7 5 30 3 0 2 7 13 6 3 0 2 7 17 18 2 0 2 7 0 2 7 1 2 7 17 9 2 0 2 7 0 2 7 0 20.2646257877349854
0 2 7 12 16 2 1 2 7 0 2 7 1 2 7 0 2 7 1 2 7 5 31 3 1 2 7 5 30 3 0 2 7 13 6 3 0 2 7 17 18 2 0 2 7 0 2 7 1 2 7 17 9 2 0 2 7 0 2 7 0 20.2646257877349854

Current Evaluation = 3060(3060)
Front Size = 10
0 2 7 12 16 2 1 2 7 0 2 7 1 2 7 0 2 7 1 2 7 5 31 3 1 2 7 5 30 3 0 2 7 13 6 3 0 2 7 17 18 2 0 2 7 0 2 7 1 2 7 17 9 2 0 2 7 0 2 7 0 20.2646257877349854
0 2 7 12 16 2 1 2 7 0 2 7 1 2 7 0 2 7 1 2 7 5 31 3 1 2 7 5 30 3 0 2 7 13 6 3 0 2 7 17 18 2 0 2 7 0 2 7 1 2 7 17 9 2 0 2 7 0 2 7 0 20.2646257877349854
0 2 7 12 16 2 1 2 7 0 2 7 1 2 7 0 2 7 1 2 7 5 31 3 1 2 7 5 30 3 0 2 7 13 6 3 0 2 7 17 18 2 0 2 7 0 2 7 1 2 7 17 9 2 0 2 7 0 2 7 0 20.2646257877349854
0 2 7 12 16 2 1 2 7 0 2 7 1 2 7 0 2 7 1 2 7 5 31 3 1 2 7 5 30 3 0 2 7 13 6 3 0 2 7 17 18 2 0 2 7 0 2 7 1 2 7 17 9 2 0 2 7 0 2 7 0 20.2646257877349854
0 2 7 12 16 2 1 2 7 0 2 7 1 2 7 0 2 7 1 2 7 5 31 3 1 2 7 5 30 3 0 2 7 13 6 3 0 2 7 17 18 2 0 2 7 0 2 7 1 2 7 17 9 2 0 2 7 0 2 7 0 20.2646257877349854
0 2 7 12 16 2 1 2 7 0 2 7 1 2 7 0 2 7 1 2 7 5 31 3 1 2 7 5 30 3 0 2 7 13 6 3 0 2 7 17 18 2 0 2 7 0 2 7 1 2 7 17 9 2 0 2 7 0 2 7 0 20.2646257877349854
0 2 7 12 16 2 1 2 7 0 2 7 1 2 7 0 2 7 1 2 7 5 31 3 1 2 7 5 30 3 0 2 7 13 6 3 0 2 7 17 18 2 0 2 7 0 2 7 1 2 7 17 9 2 0 2 7 0 2 7 0 20.2646257877349854
0 2 7 12 16 2 1 2 7 0 2 7 1 2 7 0 2 7 1 2 7 5 31 3 1 2 7 5 30 3 0 2 7 13 6 3 0 2 7 17 18 2 0 2 7 0 2 7 1 2 7 17 9 2 0 2 7 0 2 7 0 20.2646257877349854
0 2 7 12 16 2 1 2 7 0 2 7 1 2 7 0 2 7 1 2 7 5 31 3 1 2 7 5 30 3 0 2 7 13 6 3 0 2 7 17 18 2 0 2 7 0 2 7 1 2 7 17 9 2 0 2 7 0 2 7 0 20.2646257877349854
0 2 7 12 16 2 1 2 7 0 2 7 1 2 7 0 2 7 1 2 7 5 31 3 1 2 7 5 30 3 0 2 7 13 6 3 0 2 7 17 18 2 0 2 7 0 2 7 1 2 7 17 9 2 0 2 7 0 2 7 0 20.2646257877349854

Current Evaluation = 3240(3240)
Front Size = 10
0 2 7 12 16 2 1 2 7 0 2 7 1 2 7 0 2 7 1 2 7 5 31 3 1 2 7 5 30 3 0 2 7 13 6 3 0 2 7 17 18 2 0 2 7 0 2 7 1 2 7 17 9 2 0 2 7 0 2 7 0 20.2646257877349854
0 2 7 12 16 2 1 2 7 0 2 7 1 2 7 0 2 7 1 2 7 5 31 3 1 2 7 5 30 3 0 2 7 13 6 3 0 2 7 17 18 2 0 2 7 0 2 7 1 2 7 17 9 2 0 2 7 0 2 7 0 20.2646257877349854
0 2 7 12 16 2 1 2 7 0 2 7 1 2 7 0 2 7 1 2 7 5 31 3 1 2 7 5 30 3 0 2 7 13 6 3 0 2 7 17 18 2 0 2 7 0 2 7 1 2 7 17 9 2 0 2 7 0 2 7 0 20.2646257877349854
0 2 7 12 16 2 1 2 7 0 2 7 1 2 7 0 2 7 1 2 7 5 31 3 1 2 7 5 30 3 0 2 7 13 6 3 0 2 7 17 18 2 0 2 7 0 2 7 1 2 7 17 9 2 0 2 7 0 2 7 0 20.2646257877349854
0 2 7 12 16 2 1 2 7 0 2 7 1 2 7 0 2 7 1 2 7 5 31 3 1 2 7 5 30 3 0 2 7 13 6 3 0 2 7 17 18 2 0 2 7 0 2 7 1 2 7 17 9 2 0 2 7 0 2 7 0 20.2646257877349854
0 2 7 12 16 2 1 2 7 0 2 7 1 2 7 0 2 7 1 2 7 5 31 3 1 2 7 5 30 3 0 2 7 13 6 3 0 2 7 17 18 2 0 2 7 0 2 7 1 2 7 17 9 2 0 2 7 0 2 7 0 20.2646257877349854
0 2 7 12 16 2 1 2 7 0 2 7 1 2 7 0 2 7 1 2 7 5 31 3 1 2 7 5 30 3 0 2 7 13 6 3 0 2 7 17 18 2 0 2 7 0 2 7 1 2 7 17 9 2 0 2 7 0 2 7 0 20.2646257877349854
0 2 7 12 16 2 1 2 7 0 2 7 1 2 7 0 2 7 1 2 7 5 31 3 1 2 7 5 30 3 0 2 7 13 6 3 0 2 7 17 18 2 0 2 7 0 2 7 1 2 7 17 9 2 0 2 7 0 2 7 0 20.2646257877349854
0 2 7 12 16 2 1 2 7 0 2 7 1 2 7 0 2 7 1 2 7 5 31 3 1 2 7 5 30 3 0 2 7 13 6 3 0 2 7 17 18 2 0 2 7 0 2 7 1 2 7 17 9 2 0 2 7 0 2 7 0 20.2646257877349854
0 2 7 12 16 2 1 2 7 0 2 7 1 2 7 0 2 7 1 2 7 5 31 3 1 2 7 5 30 3 0 2 7 13 6 3 0 2 7 17 18 2 0 2 7 0 2 7 1 2 7 17 9 2 0 2 7 0 2 7 0 20.2646257877349854

Current Evaluation = 3420(3420)
Front Size = 10
0 2 7 12 16 2 1 2 7 0 2 7 1 2 7 0 2 7 1 2 7 5 31 3 1 2 7 5 30 3 0 2 7 13 6 3 0 2 7 17 18 2 0 2 7 0 2 7 1 2 7 17 9 2 0 2 7 0 2 7 0 20.2646257877349854
0 2 7 12 16 2 1 2 7 0 2 7 1 2 7 0 2 7 1 2 7 5 31 3 1 2 7 5 30 3 0 2 7 13 6 3 0 2 7 17 18 2 0 2 7 0 2 7 1 2 7 17 9 2 0 2 7 0 2 7 0 20.2646257877349854
0 2 7 12 16 2 1 2 7 0 2 7 1 2 7 0 2 7 1 2 7 5 31 3 1 2 7 5 30 3 0 2 7 13 6 3 0 2 7 17 18 2 0 2 7 0 2 7 1 2 7 17 9 2 0 2 7 0 2 7 0 20.2646257877349854
0 2 7 12 16 2 1 2 7 0 2 7 1 2 7 0 2 7 1 2 7 5 31 3 1 2 7 5 30 3 0 2 7 13 6 3 0 2 7 17 18 2 0 2 7 0 2 7 1 2 7 17 9 2 0 2 7 0 2 7 0 20.2646257877349854
0 2 7 12 16 2 1 2 7 0 2 7 1 2 7 0 2 7 1 2 7 5 31 3 1 2 7 5 30 3 0 2 7 13 6 3 0 2 7 17 18 2 0 2 7 0 2 7 1 2 7 17 9 2 0 2 7 0 2 7 0 20.2646257877349854
0 2 7 12 16 2 1 2 7 0 2 7 1 2 7 0 2 7 1 2 7 5 31 3 1 2 7 5 30 3 0 2 7 13 6 3 0 2 7 17 18 2 0 2 7 0 2 7 1 2 7 17 9 2 0 2 7 0 2 7 0 20.2646257877349854
0 2 7 12 16 2 1 2 7 0 2 7 1 2 7 0 2 7 1 2 7 5 31 3 1 2 7 5 30 3 0 2 7 13 6 3 0 2 7 17 18 2 0 2 7 0 2 7 1 2 7 17 9 2 0 2 7 0 2 7 0 20.2646257877349854
0 2 7 12 16 2 1 2 7 0 2 7 1 2 7 0 2 7 1 2 7 5 31 3 1 2 7 5 30 3 0 2 7 13 6 3 0 2 7 17 18 2 0 2 7 0 2 7 1 2 7 17 9 2 0 2 7 0 2 7 0 20.2646257877349854
0 2 7 12 16 2 1 2 7 0 2 7 1 2 7 0 2 7 1 2 7 5 31 3 1 2 7 5 30 3 0 2 7 13 6 3 0 2 7 17 18 2 0 2 7 0 2 7 1 2 7 17 9 2 0 2 7 0 2 7 0 20.2646257877349854
0 2 7 12 16 2 1 2 7 0 2 7 1 2 7 0 2 7 1 2 7 5 31 3 1 2 7 5 30 3 0 2 7 13 6 3 0 2 7 17 18 2 0 2 7 0 2 7 1 2 7 17 9 2 0 2 7 0 2 7 0 20.2646257877349854

Current Evaluation = 3600(3600)
Front Size = 10
0 2 7 12 16 2 1 2 7 0 2 7 1 2 7 0 2 7 1 2 7 5 31 3 1 2 7 5 30 3 0 2 7 13 6 3 0 2 7 17 18 2 0 2 7 0 2 7 1 2 7 17 9 2 0 2 7 0 2 7 0 20.2646257877349854
0 2 7 12 16 2 1 2 7 0 2 7 1 2 7 0 2 7 1 2 7 5 31 3 1 2 7 5 30 3 0 2 7 13 6 3 0 2 7 17 18 2 0 2 7 0 2 7 1 2 7 17 9 2 0 2 7 0 2 7 0 20.2646257877349854
0 2 7 12 16 2 1 2 7 0 2 7 1 2 7 0 2 7 1 2 7 5 31 3 1 2 7 5 30 3 0 2 7 13 6 3 0 2 7 17 18 2 0 2 7 0 2 7 1 2 7 17 9 2 0 2 7 0 2 7 0 20.2646257877349854
0 2 7 12 16 2 1 2 7 0 2 7 1 2 7 0 2 7 1 2 7 5 31 3 1 2 7 5 30 3 0 2 7 13 6 3 0 2 7 17 18 2 0 2 7 0 2 7 1 2 7 17 9 2 0 2 7 0 2 7 0 20.2646257877349854
0 2 7 12 16 2 1 2 7 0 2 7 1 2 7 0 2 7 1 2 7 5 31 3 1 2 7 5 30 3 0 2 7 13 6 3 0 2 7 17 18 2 0 2 7 0 2 7 1 2 7 17 9 2 0 2 7 0 2 7 0 20.2646257877349854
0 2 7 12 16 2 1 2 7 0 2 7 1 2 7 0 2 7 1 2 7 5 31 3 1 2 7 5 30 3 0 2 7 13 6 3 0 2 7 17 18 2 0 2 7 0 2 7 1 2 7 17 9 2 0 2 7 0 2 7 0 20.2646257877349854
0 2 7 12 16 2 1 2 7 0 2 7 1 2 7 0 2 7 1 2 7 5 31 3 1 2 7 5 30 3 0 2 7 13 6 3 0 2 7 17 18 2 0 2 7 0 2 7 1 2 7 17 9 2 0 2 7 0 2 7 0 20.2646257877349854
0 2 7 12 16 2 1 2 7 0 2 7 1 2 7 0 2 7 1 2 7 5 31 3 1 2 7 5 30 3 0 2 7 13 6 3 0 2 7 17 18 2 0 2 7 0 2 7 1 2 7 17 9 2 0 2 7 0 2 7 0 20.2646257877349854
0 2 7 12 16 2 1 2 7 0 2 7 1 2 7 0 2 7 1 2 7 5 31 3 1 2 7 5 30 3 0 2 7 13 6 3 0 2 7 17 18 2 0 2 7 0 2 7 1 2 7 17 9 2 0 2 7 0 2 7 0 20.2646257877349854
0 2 7 12 16 2 1 2 7 0 2 7 1 2 7 0 2 7 1 2 7 5 31 3 1 2 7 5 30 3 0 2 7 13 6 3 0 2 7 17 18 2 0 2 7 0 2 7 1 2 7 17 9 2 0 2 7 0 2 7 0 20.2646257877349854

MonoObjective Genetic Algorithm
Number of Evaluations = 0
Mutation Probability = 0
Crossover Probability = 1
Population Size = 10
Survival Selection Type = 1

Time =  3609.22781586647034

Current Evaluation = 3510
Front Size = 10
0 2 7 12 16 2 1 2 7 0 2 7 1 2 7 0 2 7 1 2 7 5 31 3 1 2 7 5 30 3 0 2 7 13 6 3 0 2 7 17 18 2 0 2 7 0 2 7 1 2 7 17 9 2 0 2 7 0 2 7 0 20.2646257877349854
0 2 7 12 16 2 1 2 7 0 2 7 1 2 7 0 2 7 1 2 7 5 31 3 1 2 7 5 30 3 0 2 7 13 6 3 0 2 7 17 18 2 0 2 7 0 2 7 1 2 7 17 9 2 0 2 7 0 2 7 0 20.2646257877349854
0 2 7 12 16 2 1 2 7 0 2 7 1 2 7 0 2 7 1 2 7 5 31 3 1 2 7 5 30 3 0 2 7 13 6 3 0 2 7 17 18 2 0 2 7 0 2 7 1 2 7 17 9 2 0 2 7 0 2 7 0 20.2646257877349854
0 2 7 12 16 2 1 2 7 0 2 7 1 2 7 0 2 7 1 2 7 5 31 3 1 2 7 5 30 3 0 2 7 13 6 3 0 2 7 17 18 2 0 2 7 0 2 7 1 2 7 17 9 2 0 2 7 0 2 7 0 20.2646257877349854
0 2 7 12 16 2 1 2 7 0 2 7 1 2 7 0 2 7 1 2 7 5 31 3 1 2 7 5 30 3 0 2 7 13 6 3 0 2 7 17 18 2 0 2 7 0 2 7 1 2 7 17 9 2 0 2 7 0 2 7 0 20.2646257877349854
0 2 7 12 16 2 1 2 7 0 2 7 1 2 7 0 2 7 1 2 7 5 31 3 1 2 7 5 30 3 0 2 7 13 6 3 0 2 7 17 18 2 0 2 7 0 2 7 1 2 7 17 9 2 0 2 7 0 2 7 0 20.2646257877349854
0 2 7 12 16 2 1 2 7 0 2 7 1 2 7 0 2 7 1 2 7 5 31 3 1 2 7 5 30 3 0 2 7 13 6 3 0 2 7 17 18 2 0 2 7 0 2 7 1 2 7 17 9 2 0 2 7 0 2 7 0 20.2646257877349854
0 2 7 12 16 2 1 2 7 0 2 7 1 2 7 0 2 7 1 2 7 5 31 3 1 2 7 5 30 3 0 2 7 13 6 3 0 2 7 17 18 2 0 2 7 0 2 7 1 2 7 17 9 2 0 2 7 0 2 7 0 20.2646257877349854
0 2 7 12 16 2 1 2 7 0 2 7 1 2 7 0 2 7 1 2 7 5 31 3 1 2 7 5 30 3 0 2 7 13 6 3 0 2 7 17 18 2 0 2 7 0 2 7 1 2 7 17 9 2 0 2 7 0 2 7 0 20.2646257877349854
0 2 7 12 16 2 1 2 7 0 2 7 1 2 7 0 2 7 1 2 7 5 31 3 1 2 7 5 30 3 0 2 7 13 6 3 0 2 7 17 18 2 0 2 7 0 2 7 1 2 7 17 9 2 0 2 7 0 2 7 0 20.2646257877349854

