Current Evaluation = 900(900)
Front Size = 10
0 2 7 5 30 3 5 30 3 13 6 3 0 2 7 1 2 7 12 16 2 0 2 11 0 2 7 0 2 7 1 2 7 0 2 7 5 30 3 5 30 3 0 2 7 0 2 7 1 2 7 1 2 4 8 18 2 17 18 2 0 2 3 12 16 2 0 2 7 0 2 7 1 2 7 12 16 2 0 2 7 1 2 7 0 2 11 0 2 7 1 2 7 1 2 7 1 2 7 1 2 7 0 2 7 1 2 4 17 9 2 0 2 7 17 9 2 0 2 7 0 2 7 1 2 7 0 2 7 6 2 7 17 9 2 13 6 3 5 31 3 6 2 7 0 2 7 0 2 7 16 30 2 0 2 7 0 2 7 16 15 2 0 2 7 5 31 3 0 2 7 0 2 7 1 2 7 17 9 2 0 60.9180566072463989
1 2 7 5 30 3 5 30 3 13 6 3 0 2 7 1 2 7 12 16 2 0 2 4 0 2 7 0 2 7 0 2 7 0 2 7 5 30 3 5 31 3 0 2 7 0 2 7 0 2 7 0 2 7 5 31 3 17 18 2 0 2 7 12 16 2 0 2 7 6 2 7 0 2 4 12 16 2 0 2 7 0 2 7 1 2 7 1 2 7 1 2 7 1 2 7 1 2 7 1 2 7 0 2 7 1 2 7 17 9 2 1 2 7 1 2 7 0 2 7 17 9 2 0 2 7 0 2 7 0 2 7 0 2 7 0 2 7 16 24 2 0 2 7 0 2 4 17 18 2 1 2 7 8 18 2 13 6 3 1 2 7 5 30 3 16 19 11 0 2 7 1 2 7 0 2 7 17 9 2 0 60.9228853583335876
1 2 7 5 30 3 5 30 3 13 6 3 0 2 7 1 2 7 12 16 2 0 2 4 0 2 7 0 2 7 0 2 7 0 2 7 5 30 3 5 31 3 0 2 7 0 2 7 0 2 7 0 2 7 5 31 3 17 18 2 0 2 7 12 16 2 0 2 7 6 2 7 0 2 4 12 16 2 0 2 7 0 2 7 1 2 7 1 2 7 1 2 7 1 2 7 1 2 7 1 2 7 0 2 7 1 2 7 17 9 2 0 2 7 17 9 2 0 2 7 0 2 7 0 2 7 0 2 7 0 2 4 17 18 2 13 6 3 5 30 3 0 2 4 8 9 2 0 2 7 1 2 11 0 2 4 12 16 2 8 18 2 6 2 7 16 19 11 1 2 4 8 9 2 12 16 2 16 6 2 0.000270168525376911618 61.542702317237854
0 2 7 17 9 2 5 30 3 13 6 3 0 2 7 12 16 2 6 2 7 5 30 3 0 2 7 0 2 7 0 2 7 0 2 7 0 2 7 5 30 3 5 31 3 1 2 7 0 2 7 0 2 7 0 2 7 0 2 4 0 2 7 5 31 3 17 18 2 0 2 7 12 16 2 0 2 7 0 2 7 1 2 7 0 2 7 12 16 2 0 2 7 1 2 7 1 2 7 1 2 7 0 2 7 1 2 7 0 2 7 17 9 2 6 2 7 5 30 3 17 9 2 0 2 7 0 2 7 0 2 7 0 2 7 0 2 7 1 2 7 1 2 7 0 2 7 1 2 7 1 2 7 16 19 11 1 2 4 17 18 2 16 20 12 16 15 2 16 30 2 16 15 2 0 2 7 12 16 2 0.121771503757932234 60.8992801904678345
0 2 7 17 9 2 5 30 3 13 6 3 0 2 7 12 16 2 6 2 7 5 30 3 0 2 7 0 2 7 0 2 7 0 2 7 0 2 7 5 30 3 5 31 3 1 2 7 0 2 7 0 2 7 0 2 7 0 2 4 0 2 7 5 31 3 17 18 2 0 2 7 12 16 2 0 2 7 0 2 7 1 2 7 0 2 7 12 16 2 0 2 7 1 2 7 1 2 7 1 2 7 0 2 7 1 2 7 0 2 7 17 9 2 6 2 7 5 30 3 17 9 2 0 2 7 0 2 7 0 2 7 0 2 7 0 2 7 1 2 7 1 2 7 0 2 7 1 2 7 1 2 7 0 2 3 5 31 3 8 9 2 0 2 3 13 6 3 5 30 3 13 6 3 8 18 2 1 2 3 0.00223006553897359041 61.8604655265808105
6 2 7 0 2 7 5 31 3 12 16 2 1 2 7 1 2 7 6 2 7 1 2 7 0 2 7 5 30 3 0 2 7 0 2 7 17 9 2 0 2 7 0 2 7 0 2 7 5 30 3 0 2 7 0 2 7 0 2 7 1 2 7 1 2 7 0 2 7 1 2 4 1 2 7 13 6 3 1 2 7 0 2 7 17 18 2 0 2 7 0 2 7 5 30 3 0 2 7 17 9 2 12 16 2 0 2 7 0 2 7 1 2 7 1 2 7 0 2 7 0 2 4 0 2 7 16 15 2 8 9 2 5 31 3 12 16 2 5 30 3 0 2 3 1 2 3 0 2 7 0 2 3 0 2 7 0 2 4 12 16 2 17 9 2 16 30 2 8 18 2 0 2 7 0 2 4 1 2 7 1.99043722319835485e-06 61.6152034997940063
0 2 7 5 31 3 5 30 3 12 16 2 1 2 7 0 2 7 1 2 7 0 2 7 0 2 7 5 30 3 6 2 4 0 2 7 17 9 2 0 2 7 0 2 7 0 2 7 12 16 2 0 2 11 0 2 4 6 2 7 1 2 7 1 2 7 1 2 7 1 2 4 0 2 7 13 6 3 0 2 4 0 2 7 17 18 2 0 2 4 0 2 7 5 31 3 0 2 4 17 9 2 12 16 2 1 2 7 0 2 7 1 2 7 0 2 7 1 2 7 0 2 7 0 2 7 16 6 2 8 18 2 5 30 3 12 16 2 5 30 3 0 2 7 12 16 2 17 18 2 1 2 7 8 9 2 0 2 7 16 15 2 0 2 7 13 6 3 17 18 2 1 2 7 0 2 7 0 2 4 0 61.1437864303588867
0 2 7 17 9 2 5 30 3 5 30 3 13 6 3 0 2 7 12 16 2 0 2 7 0 2 11 0 2 7 0 2 7 0 2 7 5 30 3 5 31 3 0 2 7 0 2 7 0 2 7 0 2 7 0 2 7 0 2 7 12 16 2 8 18 2 1 2 7 0 2 7 0 2 7 0 2 7 1 2 7 1 2 7 1 2 4 1 2 7 0 2 11 0 2 4 17 9 2 0 2 7 0 2 7 5 31 3 0 2 4 17 9 2 0 2 7 16 6 2 6 2 11 0 2 7 5 30 3 1 2 7 12 16 2 0 2 7 1 2 7 16 19 11 16 19 11 1 2 7 1 2 7 0 2 7 1 2 7 0 2 7 1 2 7 1 2 7 17 18 2 0 2 7 8 18 2 1 2 7 0 61.8279054164886475
1 2 7 5 30 3 5 31 3 5 30 3 13 6 3 6 2 7 12 16 2 0 2 7 0 2 11 0 2 7 6 2 8 0 2 7 5 30 3 5 30 3 0 2 7 0 2 7 0 2 7 0 2 7 17 9 2 0 2 7 12 16 2 1 2 7 0 2 7 1 2 7 6 2 7 0 2 7 0 2 7 0 2 7 0 2 7 0 2 7 0 2 7 0 2 7 8 18 2 1 2 7 0 2 7 5 31 3 0 2 7 12 16 2 0 2 7 16 6 2 1 2 3 0 2 7 5 31 3 0 2 7 12 16 2 1 2 7 1 2 7 16 19 11 17 18 2 1 2 7 0 2 7 0 2 7 1 2 7 0 2 4 16 6 2 0 2 7 0 2 7 17 1 2 17 18 2 0 2 7 0 61.8939163684844971
0 2 7 17 9 2 16 19 11 5 30 3 13 6 3 0 2 7 12 16 2 6 2 7 5 30 3 0 2 7 0 2 7 0 2 7 0 2 7 0 2 7 5 30 3 5 31 3 1 2 7 0 2 7 0 2 7 0 2 7 0 2 4 0 2 7 5 31 3 17 18 2 0 2 7 12 16 2 0 2 7 0 2 7 1 2 7 0 2 7 12 16 2 0 2 7 1 2 7 1 2 7 1 2 7 0 2 7 1 2 7 0 2 7 17 9 2 17 18 2 5 30 3 17 9 2 0 2 7 0 2 7 0 2 7 0 2 7 0 2 7 1 2 7 1 2 7 1 2 7 13 6 3 1 2 7 8 18 2 0 2 4 1 2 7 0 2 7 5 30 3 1 2 7 0 2 7 1 2 7 0 61.4685892462730408

Current Evaluation = 1800(1800)
Front Size = 10
0 2 7 5 30 3 0 2 7 13 6 3 0 2 7 1 2 7 12 16 2 5 31 3 0 2 7 1 2 7 0 2 7 5 30 3 5 30 3 0 2 7 0 2 7 1 2 7 17 18 2 12 16 2 1 2 4 0 2 7 1 2 7 0 2 7 1 2 7 1 2 7 1 2 7 1 2 7 1 2 7 0 2 7 17 9 2 0 2 7 0 2 7 0 2 7 1 2 7 0 2 3 0 2 7 0 2 7 0 2 7 5 31 3 6 2 7 0 2 7 0 2 7 17 9 2 0 2 7 0 2 7 0 2 7 17 9 2 8 18 2 12 16 2 1 2 7 0 2 7 16 15 2 13 6 3 16 30 2 1 2 7 1 2 7 17 18 2 1 2 4 0 2 3 0 2 11 0 2 7 0 60.6809685826301575
0 2 7 1 2 4 0 2 7 13 6 3 0 2 7 1 2 7 12 16 2 0 2 7 5 31 3 0 2 7 1 2 7 0 2 7 5 30 3 5 30 3 0 2 7 0 2 7 1 2 7 17 18 2 12 16 2 1 2 4 0 2 7 1 2 7 0 2 7 1 2 7 1 2 7 1 2 7 1 2 7 1 2 7 0 2 7 17 9 2 0 2 7 0 2 7 0 2 11 1 2 7 0 2 3 0 2 7 0 2 7 0 2 7 0 2 7 5 31 3 0 2 7 6 2 7 0 2 7 0 2 7 17 9 2 0 2 7 0 2 7 0 2 3 5 30 3 17 9 2 8 18 2 12 16 2 1 2 7 0 2 7 16 15 2 13 6 3 16 30 2 1 2 7 1 2 7 17 18 2 0 60.6809685826301575
0 2 7 5 30 3 0 2 7 13 6 3 0 2 7 1 2 7 12 16 2 5 31 3 0 2 7 1 2 7 0 2 7 5 30 3 5 30 3 0 2 7 0 2 7 1 2 7 17 18 2 12 16 2 1 2 4 0 2 7 1 2 7 0 2 7 1 2 7 1 2 7 1 2 7 1 2 7 1 2 7 0 2 7 17 9 2 0 2 7 0 2 7 0 2 7 1 2 7 0 2 3 0 2 7 0 2 7 0 2 7 5 31 3 6 2 7 0 2 7 0 2 7 17 9 2 0 2 7 0 2 7 0 2 7 17 9 2 8 18 2 12 16 2 1 2 7 0 2 7 16 15 2 13 6 3 16 30 2 1 2 7 1 2 7 17 18 2 0 2 7 0 2 3 0 2 11 5 30 3 0 60.962163507938385
0 2 7 5 30 3 0 2 7 13 6 3 0 2 7 1 2 7 12 16 2 5 31 3 0 2 7 1 2 7 0 2 7 5 30 3 5 30 3 0 2 7 0 2 7 1 2 7 17 18 2 12 16 2 1 2 4 0 2 7 1 2 7 0 2 7 1 2 7 1 2 7 1 2 7 1 2 7 1 2 7 0 2 7 17 9 2 0 2 7 0 2 7 0 2 7 1 2 7 0 2 3 0 2 7 0 2 7 0 2 7 5 31 3 6 2 7 0 2 7 0 2 7 17 9 2 0 2 7 0 2 7 0 2 7 17 9 2 8 18 2 12 16 2 1 2 7 0 2 7 16 15 2 13 6 3 16 30 2 1 2 7 1 2 7 17 18 2 0 2 4 0 2 4 0 2 4 1 2 4 9.10873350326099352e-06 60.4213685393333435
0 2 7 5 30 3 0 2 7 13 6 3 0 2 7 1 2 7 12 16 2 5 31 3 0 2 7 1 2 7 0 2 7 5 30 3 5 30 3 0 2 7 0 2 7 1 2 7 17 18 2 12 16 2 1 2 4 0 2 7 1 2 7 0 2 7 1 2 7 1 2 7 1 2 7 1 2 7 1 2 7 0 2 7 17 9 2 0 2 7 0 2 7 0 2 7 1 2 7 0 2 3 0 2 7 0 2 7 0 2 7 5 31 3 6 2 7 0 2 7 0 2 7 17 9 2 0 2 7 0 2 7 0 2 7 17 9 2 8 18 2 12 16 2 1 2 7 0 2 7 16 15 2 13 6 3 16 30 2 1 2 7 1 2 7 17 18 2 0 2 4 0 2 4 0 2 4 5 30 3 0 60.702563464641571
0 2 7 5 30 3 13 6 3 0 2 7 17 9 2 12 16 2 0 2 7 5 30 3 0 2 7 5 30 3 1 2 7 0 2 7 17 18 2 12 16 2 0 2 4 0 2 7 0 2 7 12 16 2 1 2 7 0 2 7 0 2 7 17 9 2 0 2 7 0 2 7 0 2 7 0 2 7 0 2 7 17 9 2 13 6 3 0 2 7 1 2 7 0 2 7 8 18 2 1 2 7 1 2 7 1 2 7 1 2 7 1 2 7 0 2 7 5 31 3 0 2 7 17 18 2 5 30 3 5 30 3 1 2 7 1 2 7 0 2 7 0 2 7 0 2 7 0 2 7 0 2 7 1 2 11 0 2 4 0 2 11 16 30 2 5 30 3 1 2 7 16 15 2 6 2 4 16 19 11 0.0087900907472119906 61.112737238407135
0 2 7 5 30 3 13 6 3 0 2 7 17 9 2 12 16 2 0 2 7 5 30 3 0 2 7 5 30 3 1 2 7 0 2 7 17 18 2 12 16 2 0 2 4 0 2 7 0 2 7 12 16 2 1 2 7 0 2 7 0 2 7 17 9 2 0 2 7 0 2 7 0 2 7 0 2 7 0 2 7 17 9 2 13 6 3 0 2 7 1 2 7 0 2 7 8 18 2 1 2 7 1 2 7 1 2 7 1 2 7 1 2 7 0 2 7 5 31 3 0 2 7 17 18 2 5 30 3 5 30 3 1 2 7 1 2 7 0 2 7 0 2 7 0 2 7 0 2 7 0 2 7 1 2 4 1 2 4 1 2 11 1 2 7 13 6 3 8 18 2 17 9 2 1 2 7 0 2 7 7.99571341367606795e-05 60.7394253015518188
0 2 7 5 30 3 0 2 7 13 6 3 0 2 7 1 2 7 12 16 2 0 2 4 5 31 3 0 2 7 1 2 7 0 2 7 5 30 3 5 30 3 0 2 7 0 2 7 1 2 7 17 18 2 12 16 2 1 2 4 0 2 7 1 2 7 0 2 7 1 2 7 1 2 7 1 2 7 1 2 7 1 2 7 0 2 7 17 9 2 0 2 7 0 2 7 0 2 7 1 2 7 0 2 7 0 2 7 0 2 7 0 2 7 0 2 7 17 9 2 0 2 7 0 2 7 0 2 7 5 30 3 17 9 2 8 18 2 12 16 2 1 2 7 0 2 7 13 6 3 1 2 7 1 2 7 17 18 2 13 6 3 0 2 4 5 30 3 16 19 11 0 2 11 17 9 2 0 2 7 4.39247784320562359e-05 60.816230297088623
0 2 7 5 30 3 0 2 7 13 6 3 0 2 7 1 2 7 12 16 2 0 2 4 5 31 3 0 2 7 1 2 7 0 2 7 5 30 3 5 30 3 0 2 7 0 2 7 1 2 7 17 18 2 12 16 2 1 2 4 0 2 7 1 2 7 0 2 7 1 2 7 1 2 7 1 2 7 1 2 7 1 2 7 0 2 7 17 9 2 0 2 7 0 2 7 0 2 7 1 2 7 0 2 7 0 2 7 0 2 7 0 2 7 0 2 7 17 9 2 0 2 7 0 2 7 0 2 7 5 30 3 17 9 2 8 18 2 12 16 2 1 2 7 0 2 7 13 6 3 1 2 7 1 2 7 17 18 2 0 2 3 1 2 4 5 31 3 0 2 4 6 2 7 16 15 2 16 30 2 3.05878007009618906e-05 60.6320114731788635
1 2 4 5 30 3 13 6 3 0 2 7 17 18 2 1 2 7 5 31 3 0 2 7 5 30 3 0 2 7 17 18 2 12 16 2 0 2 7 0 2 7 0 2 7 12 16 2 0 2 7 1 2 11 13 6 3 0 2 7 0 2 7 0 2 7 1 2 7 0 2 7 17 9 2 13 6 3 1 2 7 1 2 7 0 2 7 0 2 7 1 2 7 17 9 2 0 2 7 0 2 7 5 30 3 1 2 7 0 2 4 0 2 7 0 2 7 0 2 7 0 2 7 1 2 7 0 2 7 0 2 7 17 9 2 1 2 7 0 2 4 12 16 2 5 30 3 1 2 4 1 2 4 5 30 3 17 18 2 6 2 7 5 31 3 1 2 4 0 2 7 1 2 7 12 16 2 17 9 2 0.00025006456806537337 60.8853792548179626

Current Evaluation = 2700(2700)
Front Size = 10
0 2 7 5 30 3 0 2 7 0 2 7 5 31 3 12 16 2 5 31 3 0 2 7 1 2 7 0 2 7 0 2 7 0 2 7 1 2 7 17 18 2 12 16 2 0 2 7 0 2 7 0 2 7 1 2 7 0 2 7 0 2 7 17 9 2 0 2 7 0 2 7 0 2 7 0 2 11 0 2 7 0 2 7 0 2 4 0 2 7 1 2 7 17 9 2 12 16 2 1 2 7 13 6 3 1 2 7 17 18 2 1 2 7 1 2 7 13 6 3 16 6 2 1 2 7 1 2 7 17 9 2 13 6 3 1 2 7 1 2 7 0 2 7 0 2 7 1 2 7 0 2 7 1 2 7 1 2 7 1 2 7 1 2 7 5 31 3 0 2 7 1 2 7 0 2 7 17 9 2 0 59.9741915464401245
1 2 4 1 2 4 13 6 3 1 2 7 12 16 2 0 2 7 5 30 3 12 16 2 0 2 7 0 2 7 0 2 7 5 31 3 0 2 7 0 2 7 0 2 3 17 18 2 12 16 2 0 2 7 1 2 7 0 2 7 1 2 7 1 2 7 0 2 7 1 2 7 0 2 7 17 9 2 0 2 7 1 2 7 0 2 7 0 2 4 0 2 7 1 2 7 17 9 2 0 2 3 0 2 7 17 9 2 17 18 2 1 2 7 1 2 3 13 6 3 1 2 7 5 31 3 1 2 7 0 2 7 0 2 7 12 16 2 0 2 4 1 2 7 13 6 3 1 2 3 16 6 2 0 2 7 0 2 7 17 9 2 1 2 7 1 2 7 1 2 7 1 2 7 0 2 4 0 2 7 0 59.9809155464172363
1 2 7 1 2 7 13 6 3 1 2 4 12 16 2 0 2 7 5 31 3 0 2 7 0 2 7 0 2 7 1 2 7 5 30 3 1 2 7 0 2 7 0 2 7 17 18 2 12 16 2 0 2 7 1 2 7 0 2 7 1 2 7 0 2 7 0 2 4 1 2 4 0 2 7 17 9 2 0 2 11 1 2 7 0 2 7 1 2 7 0 2 7 0 2 7 17 9 2 0 2 7 5 30 3 17 9 2 17 18 2 1 2 7 0 2 7 13 6 3 5 31 3 0 2 7 0 2 7 0 2 7 12 16 2 0 2 7 1 2 7 13 6 3 0 2 7 16 30 2 1 2 7 1 2 7 17 9 2 1 2 11 1 2 7 5 30 3 1 2 7 0 2 7 0 2 7 0 2 7 0 60.1593304872512817
1 2 7 1 2 7 13 6 3 0 2 3 12 16 2 0 2 4 5 31 3 0 2 7 0 2 4 0 2 7 1 2 7 5 30 3 1 2 7 0 2 7 1 2 7 17 18 2 12 16 2 0 2 7 1 2 7 0 2 7 1 2 7 0 2 7 0 2 7 1 2 7 1 2 7 17 9 2 1 2 7 0 2 7 0 2 7 1 2 7 0 2 7 0 2 7 17 9 2 0 2 7 5 30 3 17 9 2 17 18 2 1 2 7 0 2 7 13 6 3 5 31 3 1 2 7 0 2 7 0 2 4 12 16 2 0 2 7 1 2 7 13 6 3 0 2 7 16 6 2 1 2 7 1 2 7 17 9 2 1 2 7 0 2 7 5 30 3 0 2 4 0 2 11 0 2 7 0 2 7 0 60.175107479095459
0 2 7 5 30 3 0 2 7 16 6 2 5 31 3 12 16 2 5 30 3 0 2 7 1 2 7 1 2 11 1 2 7 0 2 7 0 2 11 17 18 2 12 16 2 1 2 7 0 2 7 6 2 4 0 2 7 0 2 7 0 2 7 17 9 2 1 2 4 0 2 7 0 2 7 0 2 7 1 2 7 0 2 7 0 2 7 0 2 7 0 2 7 17 9 2 12 16 2 0 2 7 13 6 3 1 2 7 17 18 2 0 2 7 0 2 4 1 2 7 16 6 2 1 2 11 6 2 7 8 9 2 13 6 3 0 2 7 1 2 7 0 2 7 0 2 4 5 30 3 5 30 3 12 16 2 0 2 3 1 2 7 5 30 3 17 9 2 0 2 4 0 2 11 0 2 7 5 31 3 0 61.4294383525848389
0 2 7 1 2 7 13 6 3 1 2 7 12 16 2 0 2 7 5 31 3 0 2 7 0 2 7 0 2 7 1 2 4 5 30 3 1 2 7 0 2 7 0 2 7 17 18 2 12 16 2 0 2 7 1 2 11 0 2 7 1 2 7 0 2 7 0 2 7 1 2 11 0 2 7 17 9 2 1 2 7 1 2 7 0 2 7 1 2 7 0 2 7 17 9 2 0 2 7 5 30 3 17 9 2 17 18 2 0 2 7 0 2 7 13 6 3 0 2 7 5 31 3 0 2 7 0 2 7 0 2 7 12 16 2 1 2 7 13 6 3 1 2 4 16 30 2 1 2 4 1 2 7 17 9 2 1 2 7 0 2 7 1 2 7 0 2 7 1 2 7 0 2 7 5 30 3 0 2 7 0 60.1593303680419922
1 2 7 1 2 7 13 6 3 1 2 7 12 16 2 1 2 7 5 31 3 0 2 7 0 2 7 0 2 7 0 2 7 5 30 3 1 2 7 0 2 7 0 2 7 17 18 2 12 16 2 0 2 7 1 2 7 0 2 7 1 2 7 0 2 7 0 2 3 12 16 2 0 2 4 17 9 2 0 2 7 1 2 7 0 2 7 1 2 4 0 2 7 17 9 2 0 2 4 5 30 3 17 9 2 17 18 2 1 2 7 0 2 7 13 6 3 0 2 7 5 31 3 0 2 7 0 2 7 0 2 7 12 16 2 0 2 7 13 6 3 1 2 7 16 30 2 0 2 7 1 2 7 17 9 2 1 2 4 1 2 7 1 2 7 0 2 7 1 2 7 1 2 4 1 2 3 0 2 4 0 59.9867335557937622
0 2 7 1 2 7 13 6 3 1 2 7 12 16 2 0 2 7 5 31 3 0 2 7 0 2 7 0 2 7 1 2 7 5 30 3 1 2 7 0 2 7 0 2 7 17 18 2 12 16 2 0 2 7 1 2 7 0 2 7 1 2 7 0 2 7 0 2 7 1 2 4 0 2 4 17 9 2 0 2 7 1 2 7 1 2 7 0 2 7 17 9 2 0 2 7 5 30 3 17 9 2 17 18 2 1 2 7 0 2 7 13 6 3 0 2 7 5 31 3 0 2 7 0 2 7 0 2 7 12 16 2 0 2 7 1 2 4 13 6 3 1 2 7 1 2 7 17 9 2 1 2 7 5 30 3 0 2 7 0 2 7 0 2 4 5 30 3 16 30 2 0 2 7 1 2 4 1 2 7 0 60.1813254356384277
0 2 7 1 2 7 13 6 3 1 2 7 12 16 2 0 2 7 5 31 3 0 2 7 0 2 7 0 2 7 1 2 7 5 30 3 1 2 7 0 2 7 0 2 7 17 18 2 12 16 2 0 2 7 1 2 7 0 2 7 1 2 11 0 2 4 0 2 7 1 2 7 0 2 7 17 9 2 0 2 7 1 2 7 1 2 7 0 2 7 17 9 2 0 2 7 5 30 3 17 9 2 17 18 2 1 2 7 0 2 7 13 6 3 0 2 7 5 31 3 0 2 7 0 2 7 0 2 7 12 16 2 0 2 4 1 2 7 13 6 3 1 2 7 1 2 7 17 9 2 1 2 7 5 30 3 0 2 7 0 2 7 1 2 7 1 2 11 0 2 7 0 2 4 1 2 7 16 30 2 0 60.1593303680419922
0 2 4 1 2 7 13 6 3 1 2 7 12 16 2 0 2 7 5 31 3 0 2 7 0 2 7 0 2 7 1 2 7 5 30 3 1 2 7 0 2 7 0 2 7 17 18 2 12 16 2 0 2 7 1 2 7 0 2 4 1 2 7 0 2 7 0 2 7 0 2 4 17 9 2 0 2 7 1 2 7 1 2 7 0 2 4 17 9 2 0 2 7 5 30 3 17 9 2 17 18 2 1 2 7 0 2 7 13 6 3 0 2 7 5 31 3 0 2 7 0 2 7 0 2 7 12 16 2 0 2 7 13 6 3 1 2 7 16 6 2 0 2 7 1 2 7 5 30 3 0 2 11 0 2 7 1 2 4 5 30 3 1 2 7 1 2 7 17 9 2 0 2 7 6 2 7 1 2 7 0 60.2925954461097717

Current Evaluation = 3600(3600)
Front Size = 10
0 2 7 0 2 7 0 2 7 1 2 7 5 31 3 12 16 2 5 31 3 0 2 7 1 2 7 1 2 7 0 2 7 0 2 4 1 2 7 17 18 2 12 16 2 0 2 7 0 2 7 12 16 2 0 2 7 0 2 7 17 9 2 1 2 7 0 2 7 0 2 7 0 2 7 0 2 7 0 2 7 0 2 7 0 2 7 1 2 7 17 9 2 12 16 2 1 2 7 13 6 3 1 2 7 17 18 2 1 2 4 1 2 7 13 6 3 16 6 2 1 2 7 17 9 2 13 6 3 1 2 7 1 2 4 1 2 7 0 2 7 1 2 7 1 2 7 0 2 7 5 31 3 0 2 7 0 2 7 1 2 7 1 2 7 0 2 7 0 2 7 0 2 7 1 2 7 17 9 2 0 59.7211945056915283
0 2 7 0 2 7 0 2 7 1 2 7 5 31 3 12 16 2 5 31 3 0 2 7 1 2 7 1 2 7 0 2 7 0 2 4 1 2 7 17 18 2 12 16 2 0 2 7 0 2 7 12 16 2 0 2 7 0 2 7 17 9 2 1 2 7 0 2 7 0 2 7 0 2 7 0 2 7 0 2 7 0 2 7 0 2 7 1 2 7 17 9 2 12 16 2 1 2 7 13 6 3 1 2 7 17 18 2 1 2 7 1 2 7 13 6 3 16 6 2 1 2 7 17 9 2 13 6 3 1 2 7 1 2 7 1 2 7 0 2 7 1 2 7 1 2 7 0 2 7 5 31 3 0 2 7 0 2 7 1 2 7 1 2 7 0 2 7 0 2 7 0 2 4 1 2 4 17 9 2 0 59.7211945056915283
1 2 4 1 2 7 13 6 3 1 2 7 12 16 2 1 2 7 5 31 3 0 2 4 0 2 7 0 2 7 5 31 3 1 2 7 0 2 7 17 18 2 12 16 2 0 2 7 1 2 7 0 2 7 0 2 7 0 2 7 12 16 2 1 2 7 17 9 2 0 2 7 1 2 7 0 2 7 0 2 7 0 2 7 17 9 2 0 2 7 17 9 2 17 18 2 1 2 7 0 2 7 13 6 3 0 2 7 5 31 3 0 2 7 0 2 7 12 16 2 0 2 7 13 6 3 1 2 7 1 2 7 1 2 7 1 2 7 1 2 7 0 2 7 0 2 7 16 6 2 0 2 7 0 2 7 0 2 7 1 2 7 0 2 7 1 2 4 1 2 7 1 2 7 1 2 7 17 9 2 0 59.7211945056915283
1 2 4 1 2 7 13 6 3 1 2 7 12 16 2 1 2 7 5 31 3 0 2 4 0 2 7 0 2 7 5 31 3 1 2 7 0 2 7 17 18 2 12 16 2 0 2 7 1 2 7 0 2 7 0 2 7 0 2 7 12 16 2 1 2 7 17 9 2 0 2 7 1 2 7 0 2 7 0 2 7 0 2 7 17 9 2 0 2 7 17 9 2 17 18 2 1 2 7 0 2 7 13 6 3 0 2 7 5 31 3 0 2 7 0 2 7 12 16 2 0 2 7 13 6 3 1 2 7 1 2 7 1 2 7 1 2 7 1 2 7 0 2 7 0 2 7 16 6 2 0 2 7 0 2 7 0 2 7 1 2 7 0 2 7 1 2 4 1 2 7 1 2 7 1 2 7 17 9 2 0 59.7211945056915283
1 2 4 1 2 7 13 6 3 1 2 7 12 16 2 1 2 7 5 31 3 0 2 4 0 2 7 0 2 7 5 31 3 1 2 7 0 2 7 17 18 2 12 16 2 0 2 7 1 2 7 0 2 7 0 2 7 0 2 7 12 16 2 1 2 7 17 9 2 0 2 7 1 2 7 0 2 7 0 2 7 0 2 7 17 9 2 0 2 7 17 9 2 17 18 2 1 2 7 0 2 7 13 6 3 0 2 7 5 31 3 0 2 7 0 2 7 12 16 2 0 2 7 13 6 3 1 2 7 1 2 7 1 2 7 1 2 7 1 2 7 0 2 7 0 2 7 16 6 2 0 2 7 0 2 7 0 2 7 1 2 7 0 2 7 1 2 4 1 2 7 1 2 7 1 2 7 17 9 2 0 59.7211945056915283
1 2 4 1 2 7 13 6 3 1 2 7 12 16 2 1 2 7 5 31 3 0 2 4 0 2 7 0 2 7 5 31 3 1 2 7 0 2 7 17 18 2 12 16 2 0 2 7 1 2 7 0 2 7 0 2 7 0 2 7 12 16 2 1 2 7 17 9 2 0 2 7 1 2 7 0 2 7 0 2 7 0 2 7 17 9 2 0 2 7 17 9 2 17 18 2 1 2 7 0 2 7 13 6 3 0 2 7 5 31 3 0 2 7 0 2 7 12 16 2 0 2 7 13 6 3 1 2 7 1 2 7 1 2 7 1 2 7 1 2 7 0 2 7 0 2 7 16 6 2 0 2 7 0 2 7 0 2 7 1 2 7 0 2 7 1 2 4 1 2 7 1 2 7 1 2 7 17 9 2 0 59.7211945056915283
0 2 7 0 2 7 0 2 7 1 2 7 5 31 3 12 16 2 5 31 3 0 2 7 1 2 7 1 2 7 0 2 7 0 2 4 1 2 7 17 18 2 12 16 2 0 2 7 0 2 7 12 16 2 0 2 7 0 2 7 17 9 2 1 2 7 0 2 7 0 2 7 0 2 7 0 2 7 0 2 7 0 2 7 0 2 7 1 2 7 17 9 2 12 16 2 1 2 7 13 6 3 1 2 7 17 18 2 1 2 7 1 2 7 13 6 3 16 6 2 1 2 7 17 9 2 13 6 3 1 2 7 1 2 7 1 2 7 0 2 7 1 2 7 1 2 7 0 2 7 5 31 3 0 2 7 0 2 7 1 2 7 0 2 7 0 2 7 1 2 4 17 9 2 1 2 7 0 2 4 0 59.7211945056915283
0 2 7 0 2 7 0 2 7 1 2 7 5 31 3 12 16 2 5 31 3 0 2 7 1 2 7 1 2 7 0 2 7 0 2 4 1 2 7 17 18 2 12 16 2 0 2 7 0 2 7 12 16 2 0 2 7 0 2 7 17 9 2 1 2 7 0 2 7 0 2 7 0 2 7 0 2 7 0 2 7 0 2 7 0 2 7 1 2 7 17 9 2 12 16 2 1 2 7 13 6 3 1 2 7 17 18 2 1 2 7 1 2 7 13 6 3 16 6 2 1 2 7 17 9 2 13 6 3 1 2 7 1 2 7 1 2 7 0 2 7 1 2 7 1 2 7 0 2 7 5 31 3 0 2 7 0 2 7 1 2 7 0 2 7 0 2 7 1 2 4 17 9 2 0 2 7 1 2 4 0 59.7211945056915283
1 2 4 1 2 7 13 6 3 1 2 7 12 16 2 1 2 7 5 31 3 0 2 4 0 2 7 0 2 7 5 31 3 1 2 7 0 2 7 17 18 2 12 16 2 0 2 7 1 2 7 0 2 7 0 2 7 0 2 7 12 16 2 1 2 7 17 9 2 0 2 7 1 2 7 0 2 7 0 2 7 0 2 7 17 9 2 0 2 7 17 9 2 17 18 2 1 2 7 0 2 7 13 6 3 0 2 7 5 31 3 0 2 7 0 2 7 12 16 2 0 2 7 13 6 3 1 2 7 1 2 7 1 2 7 1 2 7 1 2 7 0 2 7 0 2 7 16 6 2 0 2 7 0 2 7 0 2 7 1 2 7 0 2 7 1 2 4 1 2 7 1 2 7 1 2 7 17 9 2 0 59.7211945056915283
1 2 4 1 2 7 13 6 3 1 2 7 12 16 2 1 2 7 5 31 3 0 2 4 0 2 7 0 2 7 5 31 3 1 2 7 0 2 7 17 18 2 12 16 2 0 2 7 1 2 7 0 2 7 0 2 7 0 2 7 12 16 2 1 2 7 17 9 2 0 2 7 1 2 7 0 2 7 0 2 7 0 2 7 17 9 2 0 2 7 17 9 2 17 18 2 1 2 7 0 2 7 13 6 3 0 2 7 5 31 3 0 2 7 0 2 7 12 16 2 0 2 7 13 6 3 1 2 7 1 2 7 1 2 7 1 2 7 1 2 7 0 2 7 0 2 7 16 6 2 0 2 7 0 2 7 0 2 7 1 2 7 0 2 7 1 2 4 1 2 7 1 2 7 1 2 7 17 9 2 0 59.7211945056915283

Current Evaluation = 4500(4500)
Front Size = 10
1 2 4 1 2 7 13 6 3 1 2 7 12 16 2 1 2 7 5 31 3 0 2 4 0 2 7 0 2 7 5 31 3 1 2 7 0 2 7 17 18 2 12 16 2 0 2 7 1 2 7 0 2 7 0 2 7 0 2 7 12 16 2 1 2 7 17 9 2 0 2 7 1 2 7 0 2 7 0 2 7 0 2 7 17 9 2 0 2 7 17 9 2 17 18 2 1 2 7 0 2 7 13 6 3 0 2 7 5 31 3 0 2 7 0 2 7 12 16 2 0 2 7 13 6 3 0 2 7 1 2 7 1 2 7 1 2 7 1 2 7 0 2 7 0 2 7 16 6 2 0 2 7 0 2 7 0 2 7 1 2 7 1 2 7 1 2 7 1 2 7 17 9 2 1 2 4 1 2 7 0 59.7211945056915283
1 2 4 1 2 7 13 6 3 1 2 7 12 16 2 1 2 7 5 31 3 0 2 4 0 2 7 0 2 7 5 31 3 1 2 7 0 2 7 17 18 2 12 16 2 0 2 7 1 2 7 0 2 7 0 2 7 0 2 7 12 16 2 1 2 7 17 9 2 0 2 7 1 2 7 0 2 7 0 2 7 0 2 7 17 9 2 0 2 7 17 9 2 17 18 2 1 2 7 0 2 7 13 6 3 0 2 7 5 31 3 0 2 7 0 2 7 12 16 2 0 2 7 13 6 3 0 2 7 1 2 7 1 2 7 1 2 7 1 2 7 0 2 7 0 2 7 16 6 2 0 2 7 0 2 7 0 2 7 1 2 7 1 2 7 1 2 7 1 2 7 17 9 2 1 2 4 1 2 7 0 59.7211945056915283
1 2 4 1 2 7 13 6 3 1 2 7 12 16 2 1 2 7 5 31 3 0 2 4 0 2 7 0 2 7 5 31 3 1 2 7 0 2 7 17 18 2 12 16 2 0 2 7 1 2 7 0 2 7 0 2 7 0 2 7 12 16 2 1 2 7 17 9 2 0 2 7 1 2 7 0 2 7 0 2 7 0 2 7 17 9 2 0 2 7 17 9 2 17 18 2 1 2 7 0 2 7 13 6 3 0 2 7 5 31 3 0 2 7 0 2 7 12 16 2 0 2 7 13 6 3 0 2 7 1 2 7 1 2 7 1 2 7 1 2 7 0 2 7 0 2 7 16 6 2 0 2 7 0 2 7 0 2 7 1 2 7 1 2 7 1 2 7 1 2 7 17 9 2 1 2 4 1 2 7 0 59.7211945056915283
1 2 4 1 2 7 13 6 3 1 2 7 12 16 2 1 2 7 5 31 3 0 2 4 0 2 7 0 2 7 5 31 3 1 2 7 0 2 7 17 18 2 12 16 2 0 2 7 1 2 7 0 2 7 0 2 7 0 2 7 12 16 2 1 2 7 17 9 2 0 2 7 1 2 7 0 2 7 0 2 7 0 2 7 17 9 2 0 2 7 17 9 2 17 18 2 1 2 7 0 2 7 13 6 3 0 2 7 5 31 3 0 2 7 0 2 7 12 16 2 0 2 7 13 6 3 0 2 7 1 2 7 1 2 7 1 2 7 1 2 7 0 2 7 0 2 7 16 6 2 0 2 7 0 2 7 0 2 7 1 2 7 1 2 7 1 2 7 1 2 7 17 9 2 1 2 4 1 2 7 0 59.7211945056915283
1 2 4 1 2 7 13 6 3 1 2 7 12 16 2 1 2 7 5 31 3 0 2 4 0 2 7 0 2 7 5 31 3 1 2 7 0 2 7 17 18 2 12 16 2 0 2 7 1 2 7 0 2 7 0 2 7 0 2 7 12 16 2 1 2 7 17 9 2 0 2 7 1 2 7 0 2 7 0 2 7 0 2 7 17 9 2 0 2 7 17 9 2 17 18 2 1 2 7 0 2 7 13 6 3 0 2 7 5 31 3 0 2 7 0 2 7 12 16 2 0 2 7 13 6 3 0 2 7 1 2 7 1 2 7 1 2 7 1 2 7 0 2 7 0 2 7 16 6 2 0 2 7 0 2 7 0 2 7 1 2 7 1 2 7 1 2 7 1 2 7 17 9 2 1 2 4 1 2 7 0 59.7211945056915283
1 2 4 1 2 7 13 6 3 1 2 7 12 16 2 1 2 7 5 31 3 0 2 4 0 2 7 0 2 7 5 31 3 1 2 7 0 2 7 17 18 2 12 16 2 0 2 7 1 2 7 0 2 7 0 2 7 0 2 7 12 16 2 1 2 7 17 9 2 0 2 7 1 2 7 0 2 7 0 2 7 0 2 7 17 9 2 0 2 7 17 9 2 17 18 2 1 2 7 0 2 7 13 6 3 0 2 7 5 31 3 0 2 7 0 2 7 12 16 2 0 2 7 13 6 3 0 2 7 1 2 7 1 2 7 1 2 7 1 2 7 0 2 7 0 2 7 16 6 2 0 2 7 0 2 7 0 2 7 1 2 7 1 2 7 1 2 7 1 2 7 17 9 2 1 2 4 1 2 7 0 59.7211945056915283
1 2 4 1 2 7 13 6 3 1 2 7 12 16 2 1 2 7 5 31 3 0 2 4 0 2 7 0 2 7 5 31 3 1 2 7 0 2 7 17 18 2 12 16 2 0 2 7 1 2 7 0 2 7 0 2 7 0 2 7 12 16 2 1 2 7 17 9 2 0 2 7 1 2 7 0 2 7 0 2 7 0 2 7 17 9 2 0 2 7 17 9 2 17 18 2 1 2 7 0 2 7 13 6 3 0 2 7 5 31 3 0 2 7 0 2 7 12 16 2 0 2 7 13 6 3 0 2 7 1 2 7 1 2 7 1 2 7 1 2 7 0 2 7 0 2 7 16 6 2 0 2 7 0 2 7 0 2 7 1 2 7 1 2 7 1 2 7 1 2 7 17 9 2 1 2 4 1 2 7 0 59.7211945056915283
1 2 4 1 2 7 13 6 3 1 2 7 12 16 2 1 2 7 5 31 3 0 2 4 0 2 7 0 2 7 5 31 3 1 2 7 0 2 7 17 18 2 12 16 2 0 2 7 1 2 7 0 2 7 0 2 7 0 2 7 12 16 2 1 2 7 17 9 2 0 2 7 1 2 7 0 2 7 0 2 7 0 2 7 17 9 2 0 2 7 17 9 2 17 18 2 1 2 7 0 2 7 13 6 3 0 2 7 5 31 3 0 2 7 0 2 7 12 16 2 0 2 7 13 6 3 0 2 7 1 2 7 1 2 7 1 2 7 1 2 7 0 2 7 0 2 7 16 6 2 0 2 7 0 2 7 0 2 7 1 2 7 1 2 7 1 2 7 1 2 7 17 9 2 1 2 4 1 2 7 0 59.7211945056915283
1 2 4 1 2 7 13 6 3 1 2 7 12 16 2 1 2 7 5 31 3 0 2 4 0 2 7 0 2 7 5 31 3 1 2 7 0 2 7 17 18 2 12 16 2 0 2 7 1 2 7 0 2 7 0 2 7 0 2 7 12 16 2 1 2 7 17 9 2 0 2 7 1 2 7 0 2 7 0 2 7 0 2 7 17 9 2 0 2 7 17 9 2 17 18 2 1 2 7 0 2 7 13 6 3 0 2 7 5 31 3 0 2 7 0 2 7 12 16 2 0 2 7 13 6 3 0 2 7 1 2 7 1 2 7 1 2 7 1 2 7 0 2 7 0 2 7 16 6 2 0 2 7 0 2 7 0 2 7 1 2 7 1 2 7 1 2 7 1 2 7 17 9 2 1 2 4 1 2 7 0 59.7211945056915283
1 2 4 1 2 7 13 6 3 1 2 7 12 16 2 1 2 7 5 31 3 0 2 4 0 2 7 0 2 7 5 31 3 1 2 7 0 2 7 17 18 2 12 16 2 0 2 7 1 2 7 0 2 7 0 2 7 0 2 7 12 16 2 1 2 7 17 9 2 0 2 7 1 2 7 0 2 7 0 2 7 0 2 7 17 9 2 0 2 7 17 9 2 17 18 2 1 2 7 0 2 7 13 6 3 0 2 7 5 31 3 0 2 7 0 2 7 12 16 2 0 2 7 13 6 3 0 2 7 1 2 7 1 2 7 1 2 7 1 2 7 0 2 7 0 2 7 16 6 2 0 2 7 0 2 7 0 2 7 1 2 7 1 2 7 1 2 7 1 2 7 17 9 2 1 2 4 1 2 7 0 59.7211945056915283

Current Evaluation = 5400(5400)
Front Size = 10
1 2 4 1 2 7 13 6 3 1 2 7 12 16 2 1 2 7 5 31 3 0 2 4 0 2 7 0 2 7 5 31 3 1 2 7 0 2 7 17 18 2 12 16 2 0 2 7 1 2 7 0 2 7 0 2 7 0 2 7 12 16 2 1 2 7 17 9 2 0 2 7 1 2 7 0 2 7 0 2 7 0 2 7 17 9 2 0 2 7 17 9 2 17 18 2 1 2 7 0 2 7 13 6 3 0 2 7 5 31 3 0 2 7 0 2 7 12 16 2 0 2 7 13 6 3 0 2 7 1 2 7 1 2 7 1 2 7 1 2 7 0 2 7 0 2 7 16 6 2 0 2 7 0 2 7 0 2 7 1 2 7 1 2 7 1 2 7 1 2 7 17 9 2 1 2 4 1 2 7 0 59.7211945056915283
1 2 4 1 2 7 13 6 3 1 2 7 12 16 2 1 2 7 5 31 3 0 2 4 0 2 7 0 2 7 5 31 3 1 2 7 0 2 7 17 18 2 12 16 2 0 2 7 1 2 7 0 2 7 0 2 7 0 2 7 12 16 2 1 2 7 17 9 2 0 2 7 1 2 7 0 2 7 0 2 7 0 2 7 17 9 2 0 2 7 17 9 2 17 18 2 1 2 7 0 2 7 13 6 3 0 2 7 5 31 3 0 2 7 0 2 7 12 16 2 0 2 7 13 6 3 0 2 7 1 2 7 1 2 7 1 2 7 1 2 7 0 2 7 0 2 7 16 6 2 0 2 7 0 2 7 0 2 7 1 2 7 1 2 7 1 2 7 1 2 7 17 9 2 1 2 4 1 2 7 0 59.7211945056915283
1 2 4 1 2 7 13 6 3 1 2 7 12 16 2 1 2 7 5 31 3 0 2 4 0 2 7 0 2 7 5 31 3 1 2 7 0 2 7 17 18 2 12 16 2 0 2 7 1 2 7 0 2 7 0 2 7 0 2 7 12 16 2 1 2 7 17 9 2 0 2 7 1 2 7 0 2 7 0 2 7 0 2 7 17 9 2 0 2 7 17 9 2 17 18 2 1 2 7 0 2 7 13 6 3 0 2 7 5 31 3 0 2 7 0 2 7 12 16 2 0 2 7 13 6 3 0 2 7 1 2 7 1 2 7 1 2 7 1 2 7 0 2 7 0 2 7 16 6 2 0 2 7 0 2 7 0 2 7 1 2 7 1 2 7 1 2 7 1 2 7 17 9 2 1 2 4 1 2 7 0 59.7211945056915283
1 2 4 1 2 7 13 6 3 1 2 7 12 16 2 1 2 7 5 31 3 0 2 4 0 2 7 0 2 7 5 31 3 1 2 7 0 2 7 17 18 2 12 16 2 0 2 7 1 2 7 0 2 7 0 2 7 0 2 7 12 16 2 1 2 7 17 9 2 0 2 7 1 2 7 0 2 7 0 2 7 0 2 7 17 9 2 0 2 7 17 9 2 17 18 2 1 2 7 0 2 7 13 6 3 0 2 7 5 31 3 0 2 7 0 2 7 12 16 2 0 2 7 13 6 3 0 2 7 1 2 7 1 2 7 1 2 7 1 2 7 0 2 7 0 2 7 16 6 2 0 2 7 0 2 7 0 2 7 1 2 7 1 2 7 1 2 7 1 2 7 17 9 2 1 2 4 1 2 7 0 59.7211945056915283
1 2 4 1 2 7 13 6 3 1 2 7 12 16 2 1 2 7 5 31 3 0 2 4 0 2 7 0 2 7 5 31 3 1 2 7 0 2 7 17 18 2 12 16 2 0 2 7 1 2 7 0 2 7 0 2 7 0 2 7 12 16 2 1 2 7 17 9 2 0 2 7 1 2 7 0 2 7 0 2 7 0 2 7 17 9 2 0 2 7 17 9 2 17 18 2 1 2 7 0 2 7 13 6 3 0 2 7 5 31 3 0 2 7 0 2 7 12 16 2 0 2 7 13 6 3 0 2 7 1 2 7 1 2 7 1 2 7 1 2 7 0 2 7 0 2 7 16 6 2 0 2 7 0 2 7 0 2 7 1 2 7 1 2 7 1 2 7 1 2 7 17 9 2 1 2 4 1 2 7 0 59.7211945056915283
1 2 4 1 2 7 13 6 3 1 2 7 12 16 2 1 2 7 5 31 3 0 2 4 0 2 7 0 2 7 5 31 3 1 2 7 0 2 7 17 18 2 12 16 2 0 2 7 1 2 7 0 2 7 0 2 7 0 2 7 12 16 2 1 2 7 17 9 2 0 2 7 1 2 7 0 2 7 0 2 7 0 2 7 17 9 2 0 2 7 17 9 2 17 18 2 1 2 7 0 2 7 13 6 3 0 2 7 5 31 3 0 2 7 0 2 7 12 16 2 0 2 7 13 6 3 0 2 7 1 2 7 1 2 7 1 2 7 1 2 7 0 2 7 0 2 7 16 6 2 0 2 7 0 2 7 0 2 7 1 2 7 1 2 7 1 2 7 1 2 7 17 9 2 1 2 4 1 2 7 0 59.7211945056915283
1 2 4 1 2 7 13 6 3 1 2 7 12 16 2 1 2 7 5 31 3 0 2 4 0 2 7 0 2 7 5 31 3 1 2 7 0 2 7 17 18 2 12 16 2 0 2 7 1 2 7 0 2 7 0 2 7 0 2 7 12 16 2 1 2 7 17 9 2 0 2 7 1 2 7 0 2 7 0 2 7 0 2 7 17 9 2 0 2 7 17 9 2 17 18 2 1 2 7 0 2 7 13 6 3 0 2 7 5 31 3 0 2 7 0 2 7 12 16 2 0 2 7 13 6 3 0 2 7 1 2 7 1 2 7 1 2 7 1 2 7 0 2 7 0 2 7 16 6 2 0 2 7 0 2 7 0 2 7 1 2 7 1 2 7 1 2 7 1 2 7 17 9 2 1 2 4 1 2 7 0 59.7211945056915283
1 2 4 1 2 7 13 6 3 1 2 7 12 16 2 1 2 7 5 31 3 0 2 4 0 2 7 0 2 7 5 31 3 1 2 7 0 2 7 17 18 2 12 16 2 0 2 7 1 2 7 0 2 7 0 2 7 0 2 7 12 16 2 1 2 7 17 9 2 0 2 7 1 2 7 0 2 7 0 2 7 0 2 7 17 9 2 0 2 7 17 9 2 17 18 2 1 2 7 0 2 7 13 6 3 0 2 7 5 31 3 0 2 7 0 2 7 12 16 2 0 2 7 13 6 3 0 2 7 1 2 7 1 2 7 1 2 7 1 2 7 0 2 7 0 2 7 16 6 2 0 2 7 0 2 7 0 2 7 1 2 7 1 2 7 1 2 7 1 2 7 17 9 2 1 2 4 1 2 7 0 59.7211945056915283
1 2 4 1 2 7 13 6 3 1 2 7 12 16 2 1 2 7 5 31 3 0 2 4 0 2 7 0 2 7 5 31 3 1 2 7 0 2 7 17 18 2 12 16 2 0 2 7 1 2 7 0 2 7 0 2 7 0 2 7 12 16 2 1 2 7 17 9 2 0 2 7 1 2 7 0 2 7 0 2 7 0 2 7 17 9 2 0 2 7 17 9 2 17 18 2 1 2 7 0 2 7 13 6 3 0 2 7 5 31 3 0 2 7 0 2 7 12 16 2 0 2 7 13 6 3 0 2 7 1 2 7 1 2 7 1 2 7 1 2 7 0 2 7 0 2 7 16 6 2 0 2 7 0 2 7 0 2 7 1 2 7 1 2 7 1 2 7 1 2 7 17 9 2 1 2 4 1 2 7 0 59.7211945056915283
1 2 4 1 2 7 13 6 3 1 2 7 12 16 2 1 2 7 5 31 3 0 2 4 0 2 7 0 2 7 5 31 3 1 2 7 0 2 7 17 18 2 12 16 2 0 2 7 1 2 7 0 2 7 0 2 7 0 2 7 12 16 2 1 2 7 17 9 2 0 2 7 1 2 7 0 2 7 0 2 7 0 2 7 17 9 2 0 2 7 17 9 2 17 18 2 1 2 7 0 2 7 13 6 3 0 2 7 5 31 3 0 2 7 0 2 7 12 16 2 0 2 7 13 6 3 0 2 7 1 2 7 1 2 7 1 2 7 1 2 7 0 2 7 0 2 7 16 6 2 0 2 7 0 2 7 0 2 7 1 2 7 1 2 7 1 2 7 1 2 7 17 9 2 1 2 4 1 2 7 0 59.7211945056915283

Current Evaluation = 6300(6300)
Front Size = 10
1 2 4 1 2 7 13 6 3 1 2 7 12 16 2 1 2 7 5 31 3 0 2 4 0 2 7 0 2 7 5 31 3 1 2 7 0 2 7 17 18 2 12 16 2 0 2 7 1 2 7 0 2 7 0 2 7 0 2 7 12 16 2 1 2 7 17 9 2 0 2 7 1 2 7 0 2 7 0 2 7 0 2 7 17 9 2 0 2 7 17 9 2 17 18 2 1 2 7 0 2 7 13 6 3 0 2 7 5 31 3 0 2 7 0 2 7 12 16 2 0 2 7 13 6 3 0 2 7 1 2 7 1 2 7 1 2 7 1 2 7 0 2 7 0 2 7 16 6 2 0 2 7 0 2 7 0 2 7 1 2 7 1 2 7 1 2 7 1 2 7 17 9 2 1 2 4 1 2 7 0 59.7211945056915283
1 2 4 1 2 7 13 6 3 1 2 7 12 16 2 1 2 7 5 31 3 0 2 4 0 2 7 0 2 7 5 31 3 1 2 7 0 2 7 17 18 2 12 16 2 0 2 7 1 2 7 0 2 7 0 2 7 0 2 7 12 16 2 1 2 7 17 9 2 0 2 7 1 2 7 0 2 7 0 2 7 0 2 7 17 9 2 0 2 7 17 9 2 17 18 2 1 2 7 0 2 7 13 6 3 0 2 7 5 31 3 0 2 7 0 2 7 12 16 2 0 2 7 13 6 3 0 2 7 1 2 7 1 2 7 1 2 7 1 2 7 0 2 7 0 2 7 16 6 2 0 2 7 0 2 7 0 2 7 1 2 7 1 2 7 1 2 7 1 2 7 17 9 2 1 2 4 1 2 7 0 59.7211945056915283
1 2 4 1 2 7 13 6 3 1 2 7 12 16 2 1 2 7 5 31 3 0 2 4 0 2 7 0 2 7 5 31 3 1 2 7 0 2 7 17 18 2 12 16 2 0 2 7 1 2 7 0 2 7 0 2 7 0 2 7 12 16 2 1 2 7 17 9 2 0 2 7 1 2 7 0 2 7 0 2 7 0 2 7 17 9 2 0 2 7 17 9 2 17 18 2 1 2 7 0 2 7 13 6 3 0 2 7 5 31 3 0 2 7 0 2 7 12 16 2 0 2 7 13 6 3 0 2 7 1 2 7 1 2 7 1 2 7 1 2 7 0 2 7 0 2 7 16 6 2 0 2 7 0 2 7 0 2 7 1 2 7 1 2 7 1 2 7 1 2 7 17 9 2 1 2 4 1 2 7 0 59.7211945056915283
1 2 4 1 2 7 13 6 3 1 2 7 12 16 2 1 2 7 5 31 3 0 2 4 0 2 7 0 2 7 5 31 3 1 2 7 0 2 7 17 18 2 12 16 2 0 2 7 1 2 7 0 2 7 0 2 7 0 2 7 12 16 2 1 2 7 17 9 2 0 2 7 1 2 7 0 2 7 0 2 7 0 2 7 17 9 2 0 2 7 17 9 2 17 18 2 1 2 7 0 2 7 13 6 3 0 2 7 5 31 3 0 2 7 0 2 7 12 16 2 0 2 7 13 6 3 0 2 7 1 2 7 1 2 7 1 2 7 1 2 7 0 2 7 0 2 7 16 6 2 0 2 7 0 2 7 0 2 7 1 2 7 1 2 7 1 2 7 1 2 7 17 9 2 1 2 4 1 2 7 0 59.7211945056915283
1 2 4 1 2 7 13 6 3 1 2 7 12 16 2 1 2 7 5 31 3 0 2 4 0 2 7 0 2 7 5 31 3 1 2 7 0 2 7 17 18 2 12 16 2 0 2 7 1 2 7 0 2 7 0 2 7 0 2 7 12 16 2 1 2 7 17 9 2 0 2 7 1 2 7 0 2 7 0 2 7 0 2 7 17 9 2 0 2 7 17 9 2 17 18 2 1 2 7 0 2 7 13 6 3 0 2 7 5 31 3 0 2 7 0 2 7 12 16 2 0 2 7 13 6 3 0 2 7 1 2 7 1 2 7 1 2 7 1 2 7 0 2 7 0 2 7 16 6 2 0 2 7 0 2 7 0 2 7 1 2 7 1 2 7 1 2 7 1 2 7 17 9 2 1 2 4 1 2 7 0 59.7211945056915283
1 2 4 1 2 7 13 6 3 1 2 7 12 16 2 1 2 7 5 31 3 0 2 4 0 2 7 0 2 7 5 31 3 1 2 7 0 2 7 17 18 2 12 16 2 0 2 7 1 2 7 0 2 7 0 2 7 0 2 7 12 16 2 1 2 7 17 9 2 0 2 7 1 2 7 0 2 7 0 2 7 0 2 7 17 9 2 0 2 7 17 9 2 17 18 2 1 2 7 0 2 7 13 6 3 0 2 7 5 31 3 0 2 7 0 2 7 12 16 2 0 2 7 13 6 3 0 2 7 1 2 7 1 2 7 1 2 7 1 2 7 0 2 7 0 2 7 16 6 2 0 2 7 0 2 7 0 2 7 1 2 7 1 2 7 1 2 7 1 2 7 17 9 2 1 2 4 1 2 7 0 59.7211945056915283
1 2 4 1 2 7 13 6 3 1 2 7 12 16 2 1 2 7 5 31 3 0 2 4 0 2 7 0 2 7 5 31 3 1 2 7 0 2 7 17 18 2 12 16 2 0 2 7 1 2 7 0 2 7 0 2 7 0 2 7 12 16 2 1 2 7 17 9 2 0 2 7 1 2 7 0 2 7 0 2 7 0 2 7 17 9 2 0 2 7 17 9 2 17 18 2 1 2 7 0 2 7 13 6 3 0 2 7 5 31 3 0 2 7 0 2 7 12 16 2 0 2 7 13 6 3 0 2 7 1 2 7 1 2 7 1 2 7 1 2 7 0 2 7 0 2 7 16 6 2 0 2 7 0 2 7 0 2 7 1 2 7 1 2 7 1 2 7 1 2 7 17 9 2 1 2 4 1 2 7 0 59.7211945056915283
1 2 4 1 2 7 13 6 3 1 2 7 12 16 2 1 2 7 5 31 3 0 2 4 0 2 7 0 2 7 5 31 3 1 2 7 0 2 7 17 18 2 12 16 2 0 2 7 1 2 7 0 2 7 0 2 7 0 2 7 12 16 2 1 2 7 17 9 2 0 2 7 1 2 7 0 2 7 0 2 7 0 2 7 17 9 2 0 2 7 17 9 2 17 18 2 1 2 7 0 2 7 13 6 3 0 2 7 5 31 3 0 2 7 0 2 7 12 16 2 0 2 7 13 6 3 0 2 7 1 2 7 1 2 7 1 2 7 1 2 7 0 2 7 0 2 7 16 6 2 0 2 7 0 2 7 0 2 7 1 2 7 1 2 7 1 2 7 1 2 7 17 9 2 1 2 4 1 2 7 0 59.7211945056915283
1 2 4 1 2 7 13 6 3 1 2 7 12 16 2 1 2 7 5 31 3 0 2 4 0 2 7 0 2 7 5 31 3 1 2 7 0 2 7 17 18 2 12 16 2 0 2 7 1 2 7 0 2 7 0 2 7 0 2 7 12 16 2 1 2 7 17 9 2 0 2 7 1 2 7 0 2 7 0 2 7 0 2 7 17 9 2 0 2 7 17 9 2 17 18 2 1 2 7 0 2 7 13 6 3 0 2 7 5 31 3 0 2 7 0 2 7 12 16 2 0 2 7 13 6 3 0 2 7 1 2 7 1 2 7 1 2 7 1 2 7 0 2 7 0 2 7 16 6 2 0 2 7 0 2 7 0 2 7 1 2 7 1 2 7 1 2 7 1 2 7 17 9 2 1 2 4 1 2 7 0 59.7211945056915283
1 2 4 1 2 7 13 6 3 1 2 7 12 16 2 1 2 7 5 31 3 0 2 4 0 2 7 0 2 7 5 31 3 1 2 7 0 2 7 17 18 2 12 16 2 0 2 7 1 2 7 0 2 7 0 2 7 0 2 7 12 16 2 1 2 7 17 9 2 0 2 7 1 2 7 0 2 7 0 2 7 0 2 7 17 9 2 0 2 7 17 9 2 17 18 2 1 2 7 0 2 7 13 6 3 0 2 7 5 31 3 0 2 7 0 2 7 12 16 2 0 2 7 13 6 3 0 2 7 1 2 7 1 2 7 1 2 7 1 2 7 0 2 7 0 2 7 16 6 2 0 2 7 0 2 7 0 2 7 1 2 7 1 2 7 1 2 7 1 2 7 17 9 2 1 2 4 1 2 7 0 59.7211945056915283

Current Evaluation = 7200(7200)
Front Size = 10
1 2 4 1 2 7 13 6 3 1 2 7 12 16 2 1 2 7 5 31 3 0 2 4 0 2 7 0 2 7 5 31 3 1 2 7 0 2 7 17 18 2 12 16 2 0 2 7 1 2 7 0 2 7 0 2 7 0 2 7 12 16 2 1 2 7 17 9 2 0 2 7 1 2 7 0 2 7 0 2 7 0 2 7 17 9 2 0 2 7 17 9 2 17 18 2 1 2 7 0 2 7 13 6 3 0 2 7 5 31 3 0 2 7 0 2 7 12 16 2 0 2 7 13 6 3 0 2 7 1 2 7 1 2 7 1 2 7 1 2 7 0 2 7 0 2 7 16 6 2 0 2 7 0 2 7 0 2 7 1 2 7 1 2 7 1 2 7 1 2 7 17 9 2 1 2 4 1 2 7 0 59.7211945056915283
1 2 4 1 2 7 13 6 3 1 2 7 12 16 2 1 2 7 5 31 3 0 2 4 0 2 7 0 2 7 5 31 3 1 2 7 0 2 7 17 18 2 12 16 2 0 2 7 1 2 7 0 2 7 0 2 7 0 2 7 12 16 2 1 2 7 17 9 2 0 2 7 1 2 7 0 2 7 0 2 7 0 2 7 17 9 2 0 2 7 17 9 2 17 18 2 1 2 7 0 2 7 13 6 3 0 2 7 5 31 3 0 2 7 0 2 7 12 16 2 0 2 7 13 6 3 0 2 7 1 2 7 1 2 7 1 2 7 1 2 7 0 2 7 0 2 7 16 6 2 0 2 7 0 2 7 0 2 7 1 2 7 1 2 7 1 2 7 1 2 7 17 9 2 1 2 4 1 2 7 0 59.7211945056915283
1 2 4 1 2 7 13 6 3 1 2 7 12 16 2 1 2 7 5 31 3 0 2 4 0 2 7 0 2 7 5 31 3 1 2 7 0 2 7 17 18 2 12 16 2 0 2 7 1 2 7 0 2 7 0 2 7 0 2 7 12 16 2 1 2 7 17 9 2 0 2 7 1 2 7 0 2 7 0 2 7 0 2 7 17 9 2 0 2 7 17 9 2 17 18 2 1 2 7 0 2 7 13 6 3 0 2 7 5 31 3 0 2 7 0 2 7 12 16 2 0 2 7 13 6 3 0 2 7 1 2 7 1 2 7 1 2 7 1 2 7 0 2 7 0 2 7 16 6 2 0 2 7 0 2 7 0 2 7 1 2 7 1 2 7 1 2 7 1 2 7 17 9 2 1 2 4 1 2 7 0 59.7211945056915283
1 2 4 1 2 7 13 6 3 1 2 7 12 16 2 1 2 7 5 31 3 0 2 4 0 2 7 0 2 7 5 31 3 1 2 7 0 2 7 17 18 2 12 16 2 0 2 7 1 2 7 0 2 7 0 2 7 0 2 7 12 16 2 1 2 7 17 9 2 0 2 7 1 2 7 0 2 7 0 2 7 0 2 7 17 9 2 0 2 7 17 9 2 17 18 2 1 2 7 0 2 7 13 6 3 0 2 7 5 31 3 0 2 7 0 2 7 12 16 2 0 2 7 13 6 3 0 2 7 1 2 7 1 2 7 1 2 7 1 2 7 0 2 7 0 2 7 16 6 2 0 2 7 0 2 7 0 2 7 1 2 7 1 2 7 1 2 7 1 2 7 17 9 2 1 2 4 1 2 7 0 59.7211945056915283
1 2 4 1 2 7 13 6 3 1 2 7 12 16 2 1 2 7 5 31 3 0 2 4 0 2 7 0 2 7 5 31 3 1 2 7 0 2 7 17 18 2 12 16 2 0 2 7 1 2 7 0 2 7 0 2 7 0 2 7 12 16 2 1 2 7 17 9 2 0 2 7 1 2 7 0 2 7 0 2 7 0 2 7 17 9 2 0 2 7 17 9 2 17 18 2 1 2 7 0 2 7 13 6 3 0 2 7 5 31 3 0 2 7 0 2 7 12 16 2 0 2 7 13 6 3 0 2 7 1 2 7 1 2 7 1 2 7 1 2 7 0 2 7 0 2 7 16 6 2 0 2 7 0 2 7 0 2 7 1 2 7 1 2 7 1 2 7 1 2 7 17 9 2 1 2 4 1 2 7 0 59.7211945056915283
1 2 4 1 2 7 13 6 3 1 2 7 12 16 2 1 2 7 5 31 3 0 2 4 0 2 7 0 2 7 5 31 3 1 2 7 0 2 7 17 18 2 12 16 2 0 2 7 1 2 7 0 2 7 0 2 7 0 2 7 12 16 2 1 2 7 17 9 2 0 2 7 1 2 7 0 2 7 0 2 7 0 2 7 17 9 2 0 2 7 17 9 2 17 18 2 1 2 7 0 2 7 13 6 3 0 2 7 5 31 3 0 2 7 0 2 7 12 16 2 0 2 7 13 6 3 0 2 7 1 2 7 1 2 7 1 2 7 1 2 7 0 2 7 0 2 7 16 6 2 0 2 7 0 2 7 0 2 7 1 2 7 1 2 7 1 2 7 1 2 7 17 9 2 1 2 4 1 2 7 0 59.7211945056915283
1 2 4 1 2 7 13 6 3 1 2 7 12 16 2 1 2 7 5 31 3 0 2 4 0 2 7 0 2 7 5 31 3 1 2 7 0 2 7 17 18 2 12 16 2 0 2 7 1 2 7 0 2 7 0 2 7 0 2 7 12 16 2 1 2 7 17 9 2 0 2 7 1 2 7 0 2 7 0 2 7 0 2 7 17 9 2 0 2 7 17 9 2 17 18 2 1 2 7 0 2 7 13 6 3 0 2 7 5 31 3 0 2 7 0 2 7 12 16 2 0 2 7 13 6 3 0 2 7 1 2 7 1 2 7 1 2 7 1 2 7 0 2 7 0 2 7 16 6 2 0 2 7 0 2 7 0 2 7 1 2 7 1 2 7 1 2 7 1 2 7 17 9 2 1 2 4 1 2 7 0 59.7211945056915283
1 2 4 1 2 7 13 6 3 1 2 7 12 16 2 1 2 7 5 31 3 0 2 4 0 2 7 0 2 7 5 31 3 1 2 7 0 2 7 17 18 2 12 16 2 0 2 7 1 2 7 0 2 7 0 2 7 0 2 7 12 16 2 1 2 7 17 9 2 0 2 7 1 2 7 0 2 7 0 2 7 0 2 7 17 9 2 0 2 7 17 9 2 17 18 2 1 2 7 0 2 7 13 6 3 0 2 7 5 31 3 0 2 7 0 2 7 12 16 2 0 2 7 13 6 3 0 2 7 1 2 7 1 2 7 1 2 7 1 2 7 0 2 7 0 2 7 16 6 2 0 2 7 0 2 7 0 2 7 1 2 7 1 2 7 1 2 7 1 2 7 17 9 2 1 2 4 1 2 7 0 59.7211945056915283
1 2 4 1 2 7 13 6 3 1 2 7 12 16 2 1 2 7 5 31 3 0 2 4 0 2 7 0 2 7 5 31 3 1 2 7 0 2 7 17 18 2 12 16 2 0 2 7 1 2 7 0 2 7 0 2 7 0 2 7 12 16 2 1 2 7 17 9 2 0 2 7 1 2 7 0 2 7 0 2 7 0 2 7 17 9 2 0 2 7 17 9 2 17 18 2 1 2 7 0 2 7 13 6 3 0 2 7 5 31 3 0 2 7 0 2 7 12 16 2 0 2 7 13 6 3 0 2 7 1 2 7 1 2 7 1 2 7 1 2 7 0 2 7 0 2 7 16 6 2 0 2 7 0 2 7 0 2 7 1 2 7 1 2 7 1 2 7 1 2 7 17 9 2 1 2 4 1 2 7 0 59.7211945056915283
1 2 4 1 2 7 13 6 3 1 2 7 12 16 2 1 2 7 5 31 3 0 2 4 0 2 7 0 2 7 5 31 3 1 2 7 0 2 7 17 18 2 12 16 2 0 2 7 1 2 7 0 2 7 0 2 7 0 2 7 12 16 2 1 2 7 17 9 2 0 2 7 1 2 7 0 2 7 0 2 7 0 2 7 17 9 2 0 2 7 17 9 2 17 18 2 1 2 7 0 2 7 13 6 3 0 2 7 5 31 3 0 2 7 0 2 7 12 16 2 0 2 7 13 6 3 0 2 7 1 2 7 1 2 7 1 2 7 1 2 7 0 2 7 0 2 7 16 6 2 0 2 7 0 2 7 0 2 7 1 2 7 1 2 7 1 2 7 1 2 7 17 9 2 1 2 4 1 2 7 0 59.7211945056915283

Current Evaluation = 8100(8100)
Front Size = 10
1 2 4 1 2 7 13 6 3 1 2 7 12 16 2 1 2 7 5 31 3 0 2 4 0 2 7 0 2 7 5 31 3 1 2 7 0 2 7 17 18 2 12 16 2 0 2 7 1 2 7 0 2 7 0 2 7 0 2 7 12 16 2 1 2 7 17 9 2 0 2 7 1 2 7 0 2 7 0 2 7 0 2 7 17 9 2 0 2 7 17 9 2 17 18 2 1 2 7 0 2 7 13 6 3 0 2 7 5 31 3 0 2 7 0 2 7 12 16 2 0 2 7 13 6 3 0 2 7 1 2 7 1 2 7 1 2 7 1 2 7 0 2 7 0 2 7 16 6 2 0 2 7 0 2 7 0 2 7 1 2 7 1 2 7 1 2 7 1 2 7 17 9 2 1 2 4 1 2 7 0 59.7211945056915283
1 2 4 1 2 7 13 6 3 1 2 7 12 16 2 1 2 7 5 31 3 0 2 4 0 2 7 0 2 7 5 31 3 1 2 7 0 2 7 17 18 2 12 16 2 0 2 7 1 2 7 0 2 7 0 2 7 0 2 7 12 16 2 1 2 7 17 9 2 0 2 7 1 2 7 0 2 7 0 2 7 0 2 7 17 9 2 0 2 7 17 9 2 17 18 2 1 2 7 0 2 7 13 6 3 0 2 7 5 31 3 0 2 7 0 2 7 12 16 2 0 2 7 13 6 3 0 2 7 1 2 7 1 2 7 1 2 7 1 2 7 0 2 7 0 2 7 16 6 2 0 2 7 0 2 7 0 2 7 1 2 7 1 2 7 1 2 7 1 2 7 17 9 2 1 2 4 1 2 7 0 59.7211945056915283
1 2 4 1 2 7 13 6 3 1 2 7 12 16 2 1 2 7 5 31 3 0 2 4 0 2 7 0 2 7 5 31 3 1 2 7 0 2 7 17 18 2 12 16 2 0 2 7 1 2 7 0 2 7 0 2 7 0 2 7 12 16 2 1 2 7 17 9 2 0 2 7 1 2 7 0 2 7 0 2 7 0 2 7 17 9 2 0 2 7 17 9 2 17 18 2 1 2 7 0 2 7 13 6 3 0 2 7 5 31 3 0 2 7 0 2 7 12 16 2 0 2 7 13 6 3 0 2 7 1 2 7 1 2 7 1 2 7 1 2 7 0 2 7 0 2 7 16 6 2 0 2 7 0 2 7 0 2 7 1 2 7 1 2 7 1 2 7 1 2 7 17 9 2 1 2 4 1 2 7 0 59.7211945056915283
1 2 4 1 2 7 13 6 3 1 2 7 12 16 2 1 2 7 5 31 3 0 2 4 0 2 7 0 2 7 5 31 3 1 2 7 0 2 7 17 18 2 12 16 2 0 2 7 1 2 7 0 2 7 0 2 7 0 2 7 12 16 2 1 2 7 17 9 2 0 2 7 1 2 7 0 2 7 0 2 7 0 2 7 17 9 2 0 2 7 17 9 2 17 18 2 1 2 7 0 2 7 13 6 3 0 2 7 5 31 3 0 2 7 0 2 7 12 16 2 0 2 7 13 6 3 0 2 7 1 2 7 1 2 7 1 2 7 1 2 7 0 2 7 0 2 7 16 6 2 0 2 7 0 2 7 0 2 7 1 2 7 1 2 7 1 2 7 1 2 7 17 9 2 1 2 4 1 2 7 0 59.7211945056915283
1 2 4 1 2 7 13 6 3 1 2 7 12 16 2 1 2 7 5 31 3 0 2 4 0 2 7 0 2 7 5 31 3 1 2 7 0 2 7 17 18 2 12 16 2 0 2 7 1 2 7 0 2 7 0 2 7 0 2 7 12 16 2 1 2 7 17 9 2 0 2 7 1 2 7 0 2 7 0 2 7 0 2 7 17 9 2 0 2 7 17 9 2 17 18 2 1 2 7 0 2 7 13 6 3 0 2 7 5 31 3 0 2 7 0 2 7 12 16 2 0 2 7 13 6 3 0 2 7 1 2 7 1 2 7 1 2 7 1 2 7 0 2 7 0 2 7 16 6 2 0 2 7 0 2 7 0 2 7 1 2 7 1 2 7 1 2 7 1 2 7 17 9 2 1 2 4 1 2 7 0 59.7211945056915283
1 2 4 1 2 7 13 6 3 1 2 7 12 16 2 1 2 7 5 31 3 0 2 4 0 2 7 0 2 7 5 31 3 1 2 7 0 2 7 17 18 2 12 16 2 0 2 7 1 2 7 0 2 7 0 2 7 0 2 7 12 16 2 1 2 7 17 9 2 0 2 7 1 2 7 0 2 7 0 2 7 0 2 7 17 9 2 0 2 7 17 9 2 17 18 2 1 2 7 0 2 7 13 6 3 0 2 7 5 31 3 0 2 7 0 2 7 12 16 2 0 2 7 13 6 3 0 2 7 1 2 7 1 2 7 1 2 7 1 2 7 0 2 7 0 2 7 16 6 2 0 2 7 0 2 7 0 2 7 1 2 7 1 2 7 1 2 7 1 2 7 17 9 2 1 2 4 1 2 7 0 59.7211945056915283
1 2 4 1 2 7 13 6 3 1 2 7 12 16 2 1 2 7 5 31 3 0 2 4 0 2 7 0 2 7 5 31 3 1 2 7 0 2 7 17 18 2 12 16 2 0 2 7 1 2 7 0 2 7 0 2 7 0 2 7 12 16 2 1 2 7 17 9 2 0 2 7 1 2 7 0 2 7 0 2 7 0 2 7 17 9 2 0 2 7 17 9 2 17 18 2 1 2 7 0 2 7 13 6 3 0 2 7 5 31 3 0 2 7 0 2 7 12 16 2 0 2 7 13 6 3 0 2 7 1 2 7 1 2 7 1 2 7 1 2 7 0 2 7 0 2 7 16 6 2 0 2 7 0 2 7 0 2 7 1 2 7 1 2 7 1 2 7 1 2 7 17 9 2 1 2 4 1 2 7 0 59.7211945056915283
1 2 4 1 2 7 13 6 3 1 2 7 12 16 2 1 2 7 5 31 3 0 2 4 0 2 7 0 2 7 5 31 3 1 2 7 0 2 7 17 18 2 12 16 2 0 2 7 1 2 7 0 2 7 0 2 7 0 2 7 12 16 2 1 2 7 17 9 2 0 2 7 1 2 7 0 2 7 0 2 7 0 2 7 17 9 2 0 2 7 17 9 2 17 18 2 1 2 7 0 2 7 13 6 3 0 2 7 5 31 3 0 2 7 0 2 7 12 16 2 0 2 7 13 6 3 0 2 7 1 2 7 1 2 7 1 2 7 1 2 7 0 2 7 0 2 7 16 6 2 0 2 7 0 2 7 0 2 7 1 2 7 1 2 7 1 2 7 1 2 7 17 9 2 1 2 4 1 2 7 0 59.7211945056915283
1 2 4 1 2 7 13 6 3 1 2 7 12 16 2 1 2 7 5 31 3 0 2 4 0 2 7 0 2 7 5 31 3 1 2 7 0 2 7 17 18 2 12 16 2 0 2 7 1 2 7 0 2 7 0 2 7 0 2 7 12 16 2 1 2 7 17 9 2 0 2 7 1 2 7 0 2 7 0 2 7 0 2 7 17 9 2 0 2 7 17 9 2 17 18 2 1 2 7 0 2 7 13 6 3 0 2 7 5 31 3 0 2 7 0 2 7 12 16 2 0 2 7 13 6 3 0 2 7 1 2 7 1 2 7 1 2 7 1 2 7 0 2 7 0 2 7 16 6 2 0 2 7 0 2 7 0 2 7 1 2 7 1 2 7 1 2 7 1 2 7 17 9 2 1 2 4 1 2 7 0 59.7211945056915283
1 2 4 1 2 7 13 6 3 1 2 7 12 16 2 1 2 7 5 31 3 0 2 4 0 2 7 0 2 7 5 31 3 1 2 7 0 2 7 17 18 2 12 16 2 0 2 7 1 2 7 0 2 7 0 2 7 0 2 7 12 16 2 1 2 7 17 9 2 0 2 7 1 2 7 0 2 7 0 2 7 0 2 7 17 9 2 0 2 7 17 9 2 17 18 2 1 2 7 0 2 7 13 6 3 0 2 7 5 31 3 0 2 7 0 2 7 12 16 2 0 2 7 13 6 3 0 2 7 1 2 7 1 2 7 1 2 7 1 2 7 0 2 7 0 2 7 16 6 2 0 2 7 0 2 7 0 2 7 1 2 7 1 2 7 1 2 7 1 2 7 17 9 2 1 2 4 1 2 7 0 59.7211945056915283

Current Evaluation = 9000(9000)
Front Size = 10
1 2 4 1 2 7 13 6 3 1 2 7 12 16 2 1 2 7 5 31 3 0 2 4 0 2 7 0 2 7 5 31 3 1 2 7 0 2 7 17 18 2 12 16 2 0 2 7 1 2 7 0 2 7 0 2 7 0 2 7 12 16 2 1 2 7 17 9 2 0 2 7 1 2 7 0 2 7 0 2 7 0 2 7 17 9 2 0 2 7 17 9 2 17 18 2 1 2 7 0 2 7 13 6 3 0 2 7 5 31 3 0 2 7 0 2 7 12 16 2 0 2 7 13 6 3 0 2 7 1 2 7 1 2 7 1 2 7 1 2 7 0 2 7 0 2 7 16 6 2 0 2 7 0 2 7 0 2 7 1 2 7 1 2 7 1 2 7 1 2 7 17 9 2 1 2 4 1 2 7 0 59.7211945056915283
1 2 4 1 2 7 13 6 3 1 2 7 12 16 2 1 2 7 5 31 3 0 2 4 0 2 7 0 2 7 5 31 3 1 2 7 0 2 7 17 18 2 12 16 2 0 2 7 1 2 7 0 2 7 0 2 7 0 2 7 12 16 2 1 2 7 17 9 2 0 2 7 1 2 7 0 2 7 0 2 7 0 2 7 17 9 2 0 2 7 17 9 2 17 18 2 1 2 7 0 2 7 13 6 3 0 2 7 5 31 3 0 2 7 0 2 7 12 16 2 0 2 7 13 6 3 0 2 7 1 2 7 1 2 7 1 2 7 1 2 7 0 2 7 0 2 7 16 6 2 0 2 7 0 2 7 0 2 7 1 2 7 1 2 7 1 2 7 1 2 7 17 9 2 1 2 4 1 2 7 0 59.7211945056915283
1 2 4 1 2 7 13 6 3 1 2 7 12 16 2 1 2 7 5 31 3 0 2 4 0 2 7 0 2 7 5 31 3 1 2 7 0 2 7 17 18 2 12 16 2 0 2 7 1 2 7 0 2 7 0 2 7 0 2 7 12 16 2 1 2 7 17 9 2 0 2 7 1 2 7 0 2 7 0 2 7 0 2 7 17 9 2 0 2 7 17 9 2 17 18 2 1 2 7 0 2 7 13 6 3 0 2 7 5 31 3 0 2 7 0 2 7 12 16 2 0 2 7 13 6 3 0 2 7 1 2 7 1 2 7 1 2 7 1 2 7 0 2 7 0 2 7 16 6 2 0 2 7 0 2 7 0 2 7 1 2 7 1 2 7 1 2 7 1 2 7 17 9 2 1 2 4 1 2 7 0 59.7211945056915283
1 2 4 1 2 7 13 6 3 1 2 7 12 16 2 1 2 7 5 31 3 0 2 4 0 2 7 0 2 7 5 31 3 1 2 7 0 2 7 17 18 2 12 16 2 0 2 7 1 2 7 0 2 7 0 2 7 0 2 7 12 16 2 1 2 7 17 9 2 0 2 7 1 2 7 0 2 7 0 2 7 0 2 7 17 9 2 0 2 7 17 9 2 17 18 2 1 2 7 0 2 7 13 6 3 0 2 7 5 31 3 0 2 7 0 2 7 12 16 2 0 2 7 13 6 3 0 2 7 1 2 7 1 2 7 1 2 7 1 2 7 0 2 7 0 2 7 16 6 2 0 2 7 0 2 7 0 2 7 1 2 7 1 2 7 1 2 7 1 2 7 17 9 2 1 2 4 1 2 7 0 59.7211945056915283
1 2 4 1 2 7 13 6 3 1 2 7 12 16 2 1 2 7 5 31 3 0 2 4 0 2 7 0 2 7 5 31 3 1 2 7 0 2 7 17 18 2 12 16 2 0 2 7 1 2 7 0 2 7 0 2 7 0 2 7 12 16 2 1 2 7 17 9 2 0 2 7 1 2 7 0 2 7 0 2 7 0 2 7 17 9 2 0 2 7 17 9 2 17 18 2 1 2 7 0 2 7 13 6 3 0 2 7 5 31 3 0 2 7 0 2 7 12 16 2 0 2 7 13 6 3 0 2 7 1 2 7 1 2 7 1 2 7 1 2 7 0 2 7 0 2 7 16 6 2 0 2 7 0 2 7 0 2 7 1 2 7 1 2 7 1 2 7 1 2 7 17 9 2 1 2 4 1 2 7 0 59.7211945056915283
1 2 4 1 2 7 13 6 3 1 2 7 12 16 2 1 2 7 5 31 3 0 2 4 0 2 7 0 2 7 5 31 3 1 2 7 0 2 7 17 18 2 12 16 2 0 2 7 1 2 7 0 2 7 0 2 7 0 2 7 12 16 2 1 2 7 17 9 2 0 2 7 1 2 7 0 2 7 0 2 7 0 2 7 17 9 2 0 2 7 17 9 2 17 18 2 1 2 7 0 2 7 13 6 3 0 2 7 5 31 3 0 2 7 0 2 7 12 16 2 0 2 7 13 6 3 0 2 7 1 2 7 1 2 7 1 2 7 1 2 7 0 2 7 0 2 7 16 6 2 0 2 7 0 2 7 0 2 7 1 2 7 1 2 7 1 2 7 1 2 7 17 9 2 1 2 4 1 2 7 0 59.7211945056915283
1 2 4 1 2 7 13 6 3 1 2 7 12 16 2 1 2 7 5 31 3 0 2 4 0 2 7 0 2 7 5 31 3 1 2 7 0 2 7 17 18 2 12 16 2 0 2 7 1 2 7 0 2 7 0 2 7 0 2 7 12 16 2 1 2 7 17 9 2 0 2 7 1 2 7 0 2 7 0 2 7 0 2 7 17 9 2 0 2 7 17 9 2 17 18 2 1 2 7 0 2 7 13 6 3 0 2 7 5 31 3 0 2 7 0 2 7 12 16 2 0 2 7 13 6 3 0 2 7 1 2 7 1 2 7 1 2 7 1 2 7 0 2 7 0 2 7 16 6 2 0 2 7 0 2 7 0 2 7 1 2 7 1 2 7 1 2 7 1 2 7 17 9 2 1 2 4 1 2 7 0 59.7211945056915283
1 2 4 1 2 7 13 6 3 1 2 7 12 16 2 1 2 7 5 31 3 0 2 4 0 2 7 0 2 7 5 31 3 1 2 7 0 2 7 17 18 2 12 16 2 0 2 7 1 2 7 0 2 7 0 2 7 0 2 7 12 16 2 1 2 7 17 9 2 0 2 7 1 2 7 0 2 7 0 2 7 0 2 7 17 9 2 0 2 7 17 9 2 17 18 2 1 2 7 0 2 7 13 6 3 0 2 7 5 31 3 0 2 7 0 2 7 12 16 2 0 2 7 13 6 3 0 2 7 1 2 7 1 2 7 1 2 7 1 2 7 0 2 7 0 2 7 16 6 2 0 2 7 0 2 7 0 2 7 1 2 7 1 2 7 1 2 7 1 2 7 17 9 2 1 2 4 1 2 7 0 59.7211945056915283
1 2 4 1 2 7 13 6 3 1 2 7 12 16 2 1 2 7 5 31 3 0 2 4 0 2 7 0 2 7 5 31 3 1 2 7 0 2 7 17 18 2 12 16 2 0 2 7 1 2 7 0 2 7 0 2 7 0 2 7 12 16 2 1 2 7 17 9 2 0 2 7 1 2 7 0 2 7 0 2 7 0 2 7 17 9 2 0 2 7 17 9 2 17 18 2 1 2 7 0 2 7 13 6 3 0 2 7 5 31 3 0 2 7 0 2 7 12 16 2 0 2 7 13 6 3 0 2 7 1 2 7 1 2 7 1 2 7 1 2 7 0 2 7 0 2 7 16 6 2 0 2 7 0 2 7 0 2 7 1 2 7 1 2 7 1 2 7 1 2 7 17 9 2 1 2 4 1 2 7 0 59.7211945056915283
1 2 4 1 2 7 13 6 3 1 2 7 12 16 2 1 2 7 5 31 3 0 2 4 0 2 7 0 2 7 5 31 3 1 2 7 0 2 7 17 18 2 12 16 2 0 2 7 1 2 7 0 2 7 0 2 7 0 2 7 12 16 2 1 2 7 17 9 2 0 2 7 1 2 7 0 2 7 0 2 7 0 2 7 17 9 2 0 2 7 17 9 2 17 18 2 1 2 7 0 2 7 13 6 3 0 2 7 5 31 3 0 2 7 0 2 7 12 16 2 0 2 7 13 6 3 0 2 7 1 2 7 1 2 7 1 2 7 1 2 7 0 2 7 0 2 7 16 6 2 0 2 7 0 2 7 0 2 7 1 2 7 1 2 7 1 2 7 1 2 7 17 9 2 1 2 4 1 2 7 0 59.7211945056915283

Current Evaluation = 9900(9900)
Front Size = 10
1 2 4 1 2 7 13 6 3 1 2 7 12 16 2 1 2 7 5 31 3 0 2 4 0 2 7 0 2 7 5 31 3 1 2 7 0 2 7 17 18 2 12 16 2 0 2 7 1 2 7 0 2 7 0 2 7 0 2 7 12 16 2 1 2 7 17 9 2 0 2 7 1 2 7 0 2 7 0 2 7 0 2 7 17 9 2 0 2 7 17 9 2 17 18 2 1 2 7 0 2 7 13 6 3 0 2 7 5 31 3 0 2 7 0 2 7 12 16 2 0 2 7 13 6 3 0 2 7 1 2 7 1 2 7 1 2 7 1 2 7 0 2 7 0 2 7 16 6 2 0 2 7 0 2 7 0 2 7 1 2 7 1 2 7 1 2 7 1 2 7 17 9 2 1 2 4 1 2 7 0 59.7211945056915283
1 2 4 1 2 7 13 6 3 1 2 7 12 16 2 1 2 7 5 31 3 0 2 4 0 2 7 0 2 7 5 31 3 1 2 7 0 2 7 17 18 2 12 16 2 0 2 7 1 2 7 0 2 7 0 2 7 0 2 7 12 16 2 1 2 7 17 9 2 0 2 7 1 2 7 0 2 7 0 2 7 0 2 7 17 9 2 0 2 7 17 9 2 17 18 2 1 2 7 0 2 7 13 6 3 0 2 7 5 31 3 0 2 7 0 2 7 12 16 2 0 2 7 13 6 3 0 2 7 1 2 7 1 2 7 1 2 7 1 2 7 0 2 7 0 2 7 16 6 2 0 2 7 0 2 7 0 2 7 1 2 7 1 2 7 1 2 7 1 2 7 17 9 2 1 2 4 1 2 7 0 59.7211945056915283
1 2 4 1 2 7 13 6 3 1 2 7 12 16 2 1 2 7 5 31 3 0 2 4 0 2 7 0 2 7 5 31 3 1 2 7 0 2 7 17 18 2 12 16 2 0 2 7 1 2 7 0 2 7 0 2 7 0 2 7 12 16 2 1 2 7 17 9 2 0 2 7 1 2 7 0 2 7 0 2 7 0 2 7 17 9 2 0 2 7 17 9 2 17 18 2 1 2 7 0 2 7 13 6 3 0 2 7 5 31 3 0 2 7 0 2 7 12 16 2 0 2 7 13 6 3 0 2 7 1 2 7 1 2 7 1 2 7 1 2 7 0 2 7 0 2 7 16 6 2 0 2 7 0 2 7 0 2 7 1 2 7 1 2 7 1 2 7 1 2 7 17 9 2 1 2 4 1 2 7 0 59.7211945056915283
1 2 4 1 2 7 13 6 3 1 2 7 12 16 2 1 2 7 5 31 3 0 2 4 0 2 7 0 2 7 5 31 3 1 2 7 0 2 7 17 18 2 12 16 2 0 2 7 1 2 7 0 2 7 0 2 7 0 2 7 12 16 2 1 2 7 17 9 2 0 2 7 1 2 7 0 2 7 0 2 7 0 2 7 17 9 2 0 2 7 17 9 2 17 18 2 1 2 7 0 2 7 13 6 3 0 2 7 5 31 3 0 2 7 0 2 7 12 16 2 0 2 7 13 6 3 0 2 7 1 2 7 1 2 7 1 2 7 1 2 7 0 2 7 0 2 7 16 6 2 0 2 7 0 2 7 0 2 7 1 2 7 1 2 7 1 2 7 1 2 7 17 9 2 1 2 4 1 2 7 0 59.7211945056915283
1 2 4 1 2 7 13 6 3 1 2 7 12 16 2 1 2 7 5 31 3 0 2 4 0 2 7 0 2 7 5 31 3 1 2 7 0 2 7 17 18 2 12 16 2 0 2 7 1 2 7 0 2 7 0 2 7 0 2 7 12 16 2 1 2 7 17 9 2 0 2 7 1 2 7 0 2 7 0 2 7 0 2 7 17 9 2 0 2 7 17 9 2 17 18 2 1 2 7 0 2 7 13 6 3 0 2 7 5 31 3 0 2 7 0 2 7 12 16 2 0 2 7 13 6 3 0 2 7 1 2 7 1 2 7 1 2 7 1 2 7 0 2 7 0 2 7 16 6 2 0 2 7 0 2 7 0 2 7 1 2 7 1 2 7 1 2 7 1 2 7 17 9 2 1 2 4 1 2 7 0 59.7211945056915283
1 2 4 1 2 7 13 6 3 1 2 7 12 16 2 1 2 7 5 31 3 0 2 4 0 2 7 0 2 7 5 31 3 1 2 7 0 2 7 17 18 2 12 16 2 0 2 7 1 2 7 0 2 7 0 2 7 0 2 7 12 16 2 1 2 7 17 9 2 0 2 7 1 2 7 0 2 7 0 2 7 0 2 7 17 9 2 0 2 7 17 9 2 17 18 2 1 2 7 0 2 7 13 6 3 0 2 7 5 31 3 0 2 7 0 2 7 12 16 2 0 2 7 13 6 3 0 2 7 1 2 7 1 2 7 1 2 7 1 2 7 0 2 7 0 2 7 16 6 2 0 2 7 0 2 7 0 2 7 1 2 7 1 2 7 1 2 7 1 2 7 17 9 2 1 2 4 1 2 7 0 59.7211945056915283
1 2 4 1 2 7 13 6 3 1 2 7 12 16 2 1 2 7 5 31 3 0 2 4 0 2 7 0 2 7 5 31 3 1 2 7 0 2 7 17 18 2 12 16 2 0 2 7 1 2 7 0 2 7 0 2 7 0 2 7 12 16 2 1 2 7 17 9 2 0 2 7 1 2 7 0 2 7 0 2 7 0 2 7 17 9 2 0 2 7 17 9 2 17 18 2 1 2 7 0 2 7 13 6 3 0 2 7 5 31 3 0 2 7 0 2 7 12 16 2 0 2 7 13 6 3 0 2 7 1 2 7 1 2 7 1 2 7 1 2 7 0 2 7 0 2 7 16 6 2 0 2 7 0 2 7 0 2 7 1 2 7 1 2 7 1 2 7 1 2 7 17 9 2 1 2 4 1 2 7 0 59.7211945056915283
1 2 4 1 2 7 13 6 3 1 2 7 12 16 2 1 2 7 5 31 3 0 2 4 0 2 7 0 2 7 5 31 3 1 2 7 0 2 7 17 18 2 12 16 2 0 2 7 1 2 7 0 2 7 0 2 7 0 2 7 12 16 2 1 2 7 17 9 2 0 2 7 1 2 7 0 2 7 0 2 7 0 2 7 17 9 2 0 2 7 17 9 2 17 18 2 1 2 7 0 2 7 13 6 3 0 2 7 5 31 3 0 2 7 0 2 7 12 16 2 0 2 7 13 6 3 0 2 7 1 2 7 1 2 7 1 2 7 1 2 7 0 2 7 0 2 7 16 6 2 0 2 7 0 2 7 0 2 7 1 2 7 1 2 7 1 2 7 1 2 7 17 9 2 1 2 4 1 2 7 0 59.7211945056915283
1 2 4 1 2 7 13 6 3 1 2 7 12 16 2 1 2 7 5 31 3 0 2 4 0 2 7 0 2 7 5 31 3 1 2 7 0 2 7 17 18 2 12 16 2 0 2 7 1 2 7 0 2 7 0 2 7 0 2 7 12 16 2 1 2 7 17 9 2 0 2 7 1 2 7 0 2 7 0 2 7 0 2 7 17 9 2 0 2 7 17 9 2 17 18 2 1 2 7 0 2 7 13 6 3 0 2 7 5 31 3 0 2 7 0 2 7 12 16 2 0 2 7 13 6 3 0 2 7 1 2 7 1 2 7 1 2 7 1 2 7 0 2 7 0 2 7 16 6 2 0 2 7 0 2 7 0 2 7 1 2 7 1 2 7 1 2 7 1 2 7 17 9 2 1 2 4 1 2 7 0 59.7211945056915283
1 2 4 1 2 7 13 6 3 1 2 7 12 16 2 1 2 7 5 31 3 0 2 4 0 2 7 0 2 7 5 31 3 1 2 7 0 2 7 17 18 2 12 16 2 0 2 7 1 2 7 0 2 7 0 2 7 0 2 7 12 16 2 1 2 7 17 9 2 0 2 7 1 2 7 0 2 7 0 2 7 0 2 7 17 9 2 0 2 7 17 9 2 17 18 2 1 2 7 0 2 7 13 6 3 0 2 7 5 31 3 0 2 7 0 2 7 12 16 2 0 2 7 13 6 3 0 2 7 1 2 7 1 2 7 1 2 7 1 2 7 0 2 7 0 2 7 16 6 2 0 2 7 0 2 7 0 2 7 1 2 7 1 2 7 1 2 7 1 2 7 17 9 2 1 2 4 1 2 7 0 59.7211945056915283

Current Evaluation = 10800(10800)
Front Size = 10
1 2 4 1 2 7 13 6 3 1 2 7 12 16 2 1 2 7 5 31 3 0 2 4 0 2 7 0 2 7 5 31 3 1 2 7 0 2 7 17 18 2 12 16 2 0 2 7 1 2 7 0 2 7 0 2 7 0 2 7 12 16 2 1 2 7 17 9 2 0 2 7 1 2 7 0 2 7 0 2 7 0 2 7 17 9 2 0 2 7 17 9 2 17 18 2 1 2 7 0 2 7 13 6 3 0 2 7 5 31 3 0 2 7 0 2 7 12 16 2 0 2 7 13 6 3 0 2 7 1 2 7 1 2 7 1 2 7 1 2 7 0 2 7 0 2 7 16 6 2 0 2 7 0 2 7 0 2 7 1 2 7 1 2 7 1 2 7 1 2 7 17 9 2 1 2 4 1 2 7 0 59.7211945056915283
1 2 4 1 2 7 13 6 3 1 2 7 12 16 2 1 2 7 5 31 3 0 2 4 0 2 7 0 2 7 5 31 3 1 2 7 0 2 7 17 18 2 12 16 2 0 2 7 1 2 7 0 2 7 0 2 7 0 2 7 12 16 2 1 2 7 17 9 2 0 2 7 1 2 7 0 2 7 0 2 7 0 2 7 17 9 2 0 2 7 17 9 2 17 18 2 1 2 7 0 2 7 13 6 3 0 2 7 5 31 3 0 2 7 0 2 7 12 16 2 0 2 7 13 6 3 0 2 7 1 2 7 1 2 7 1 2 7 1 2 7 0 2 7 0 2 7 16 6 2 0 2 7 0 2 7 0 2 7 1 2 7 1 2 7 1 2 7 1 2 7 17 9 2 1 2 4 1 2 7 0 59.7211945056915283
1 2 4 1 2 7 13 6 3 1 2 7 12 16 2 1 2 7 5 31 3 0 2 4 0 2 7 0 2 7 5 31 3 1 2 7 0 2 7 17 18 2 12 16 2 0 2 7 1 2 7 0 2 7 0 2 7 0 2 7 12 16 2 1 2 7 17 9 2 0 2 7 1 2 7 0 2 7 0 2 7 0 2 7 17 9 2 0 2 7 17 9 2 17 18 2 1 2 7 0 2 7 13 6 3 0 2 7 5 31 3 0 2 7 0 2 7 12 16 2 0 2 7 13 6 3 0 2 7 1 2 7 1 2 7 1 2 7 1 2 7 0 2 7 0 2 7 16 6 2 0 2 7 0 2 7 0 2 7 1 2 7 1 2 7 1 2 7 1 2 7 17 9 2 1 2 4 1 2 7 0 59.7211945056915283
1 2 4 1 2 7 13 6 3 1 2 7 12 16 2 1 2 7 5 31 3 0 2 4 0 2 7 0 2 7 5 31 3 1 2 7 0 2 7 17 18 2 12 16 2 0 2 7 1 2 7 0 2 7 0 2 7 0 2 7 12 16 2 1 2 7 17 9 2 0 2 7 1 2 7 0 2 7 0 2 7 0 2 7 17 9 2 0 2 7 17 9 2 17 18 2 1 2 7 0 2 7 13 6 3 0 2 7 5 31 3 0 2 7 0 2 7 12 16 2 0 2 7 13 6 3 0 2 7 1 2 7 1 2 7 1 2 7 1 2 7 0 2 7 0 2 7 16 6 2 0 2 7 0 2 7 0 2 7 1 2 7 1 2 7 1 2 7 1 2 7 17 9 2 1 2 4 1 2 7 0 59.7211945056915283
1 2 4 1 2 7 13 6 3 1 2 7 12 16 2 1 2 7 5 31 3 0 2 4 0 2 7 0 2 7 5 31 3 1 2 7 0 2 7 17 18 2 12 16 2 0 2 7 1 2 7 0 2 7 0 2 7 0 2 7 12 16 2 1 2 7 17 9 2 0 2 7 1 2 7 0 2 7 0 2 7 0 2 7 17 9 2 0 2 7 17 9 2 17 18 2 1 2 7 0 2 7 13 6 3 0 2 7 5 31 3 0 2 7 0 2 7 12 16 2 0 2 7 13 6 3 0 2 7 1 2 7 1 2 7 1 2 7 1 2 7 0 2 7 0 2 7 16 6 2 0 2 7 0 2 7 0 2 7 1 2 7 1 2 7 1 2 7 1 2 7 17 9 2 1 2 4 1 2 7 0 59.7211945056915283
1 2 4 1 2 7 13 6 3 1 2 7 12 16 2 1 2 7 5 31 3 0 2 4 0 2 7 0 2 7 5 31 3 1 2 7 0 2 7 17 18 2 12 16 2 0 2 7 1 2 7 0 2 7 0 2 7 0 2 7 12 16 2 1 2 7 17 9 2 0 2 7 1 2 7 0 2 7 0 2 7 0 2 7 17 9 2 0 2 7 17 9 2 17 18 2 1 2 7 0 2 7 13 6 3 0 2 7 5 31 3 0 2 7 0 2 7 12 16 2 0 2 7 13 6 3 0 2 7 1 2 7 1 2 7 1 2 7 1 2 7 0 2 7 0 2 7 16 6 2 0 2 7 0 2 7 0 2 7 1 2 7 1 2 7 1 2 7 1 2 7 17 9 2 1 2 4 1 2 7 0 59.7211945056915283
1 2 4 1 2 7 13 6 3 1 2 7 12 16 2 1 2 7 5 31 3 0 2 4 0 2 7 0 2 7 5 31 3 1 2 7 0 2 7 17 18 2 12 16 2 0 2 7 1 2 7 0 2 7 0 2 7 0 2 7 12 16 2 1 2 7 17 9 2 0 2 7 1 2 7 0 2 7 0 2 7 0 2 7 17 9 2 0 2 7 17 9 2 17 18 2 1 2 7 0 2 7 13 6 3 0 2 7 5 31 3 0 2 7 0 2 7 12 16 2 0 2 7 13 6 3 0 2 7 1 2 7 1 2 7 1 2 7 1 2 7 0 2 7 0 2 7 16 6 2 0 2 7 0 2 7 0 2 7 1 2 7 1 2 7 1 2 7 1 2 7 17 9 2 1 2 4 1 2 7 0 59.7211945056915283
1 2 4 1 2 7 13 6 3 1 2 7 12 16 2 1 2 7 5 31 3 0 2 4 0 2 7 0 2 7 5 31 3 1 2 7 0 2 7 17 18 2 12 16 2 0 2 7 1 2 7 0 2 7 0 2 7 0 2 7 12 16 2 1 2 7 17 9 2 0 2 7 1 2 7 0 2 7 0 2 7 0 2 7 17 9 2 0 2 7 17 9 2 17 18 2 1 2 7 0 2 7 13 6 3 0 2 7 5 31 3 0 2 7 0 2 7 12 16 2 0 2 7 13 6 3 0 2 7 1 2 7 1 2 7 1 2 7 1 2 7 0 2 7 0 2 7 16 6 2 0 2 7 0 2 7 0 2 7 1 2 7 1 2 7 1 2 7 1 2 7 17 9 2 1 2 4 1 2 7 0 59.7211945056915283
1 2 4 1 2 7 13 6 3 1 2 7 12 16 2 1 2 7 5 31 3 0 2 4 0 2 7 0 2 7 5 31 3 1 2 7 0 2 7 17 18 2 12 16 2 0 2 7 1 2 7 0 2 7 0 2 7 0 2 7 12 16 2 1 2 7 17 9 2 0 2 7 1 2 7 0 2 7 0 2 7 0 2 7 17 9 2 0 2 7 17 9 2 17 18 2 1 2 7 0 2 7 13 6 3 0 2 7 5 31 3 0 2 7 0 2 7 12 16 2 0 2 7 13 6 3 0 2 7 1 2 7 1 2 7 1 2 7 1 2 7 0 2 7 0 2 7 16 6 2 0 2 7 0 2 7 0 2 7 1 2 7 1 2 7 1 2 7 1 2 7 17 9 2 1 2 4 1 2 7 0 59.7211945056915283
1 2 4 1 2 7 13 6 3 1 2 7 12 16 2 1 2 7 5 31 3 0 2 4 0 2 7 0 2 7 5 31 3 1 2 7 0 2 7 17 18 2 12 16 2 0 2 7 1 2 7 0 2 7 0 2 7 0 2 7 12 16 2 1 2 7 17 9 2 0 2 7 1 2 7 0 2 7 0 2 7 0 2 7 17 9 2 0 2 7 17 9 2 17 18 2 1 2 7 0 2 7 13 6 3 0 2 7 5 31 3 0 2 7 0 2 7 12 16 2 0 2 7 13 6 3 0 2 7 1 2 7 1 2 7 1 2 7 1 2 7 0 2 7 0 2 7 16 6 2 0 2 7 0 2 7 0 2 7 1 2 7 1 2 7 1 2 7 1 2 7 17 9 2 1 2 4 1 2 7 0 59.7211945056915283

Current Evaluation = 11700(11700)
Front Size = 10
1 2 4 1 2 7 13 6 3 1 2 7 12 16 2 1 2 7 5 31 3 0 2 4 0 2 7 0 2 7 5 31 3 1 2 7 0 2 7 17 18 2 12 16 2 0 2 7 1 2 7 0 2 7 0 2 7 0 2 7 12 16 2 1 2 7 17 9 2 0 2 7 1 2 7 0 2 7 0 2 7 0 2 7 17 9 2 0 2 7 17 9 2 17 18 2 1 2 7 0 2 7 13 6 3 0 2 7 5 31 3 0 2 7 0 2 7 12 16 2 0 2 7 13 6 3 0 2 7 1 2 7 1 2 7 1 2 7 1 2 7 0 2 7 0 2 7 16 6 2 0 2 7 0 2 7 0 2 7 1 2 7 1 2 7 1 2 7 1 2 7 17 9 2 1 2 4 1 2 7 0 59.7211945056915283
1 2 4 1 2 7 13 6 3 1 2 7 12 16 2 1 2 7 5 31 3 0 2 4 0 2 7 0 2 7 5 31 3 1 2 7 0 2 7 17 18 2 12 16 2 0 2 7 1 2 7 0 2 7 0 2 7 0 2 7 12 16 2 1 2 7 17 9 2 0 2 7 1 2 7 0 2 7 0 2 7 0 2 7 17 9 2 0 2 7 17 9 2 17 18 2 1 2 7 0 2 7 13 6 3 0 2 7 5 31 3 0 2 7 0 2 7 12 16 2 0 2 7 13 6 3 0 2 7 1 2 7 1 2 7 1 2 7 1 2 7 0 2 7 0 2 7 16 6 2 0 2 7 0 2 7 0 2 7 1 2 7 1 2 7 1 2 7 1 2 7 17 9 2 1 2 4 1 2 7 0 59.7211945056915283
1 2 4 1 2 7 13 6 3 1 2 7 12 16 2 1 2 7 5 31 3 0 2 4 0 2 7 0 2 7 5 31 3 1 2 7 0 2 7 17 18 2 12 16 2 0 2 7 1 2 7 0 2 7 0 2 7 0 2 7 12 16 2 1 2 7 17 9 2 0 2 7 1 2 7 0 2 7 0 2 7 0 2 7 17 9 2 0 2 7 17 9 2 17 18 2 1 2 7 0 2 7 13 6 3 0 2 7 5 31 3 0 2 7 0 2 7 12 16 2 0 2 7 13 6 3 0 2 7 1 2 7 1 2 7 1 2 7 1 2 7 0 2 7 0 2 7 16 6 2 0 2 7 0 2 7 0 2 7 1 2 7 1 2 7 1 2 7 1 2 7 17 9 2 1 2 4 1 2 7 0 59.7211945056915283
1 2 4 1 2 7 13 6 3 1 2 7 12 16 2 1 2 7 5 31 3 0 2 4 0 2 7 0 2 7 5 31 3 1 2 7 0 2 7 17 18 2 12 16 2 0 2 7 1 2 7 0 2 7 0 2 7 0 2 7 12 16 2 1 2 7 17 9 2 0 2 7 1 2 7 0 2 7 0 2 7 0 2 7 17 9 2 0 2 7 17 9 2 17 18 2 1 2 7 0 2 7 13 6 3 0 2 7 5 31 3 0 2 7 0 2 7 12 16 2 0 2 7 13 6 3 0 2 7 1 2 7 1 2 7 1 2 7 1 2 7 0 2 7 0 2 7 16 6 2 0 2 7 0 2 7 0 2 7 1 2 7 1 2 7 1 2 7 1 2 7 17 9 2 1 2 4 1 2 7 0 59.7211945056915283
1 2 4 1 2 7 13 6 3 1 2 7 12 16 2 1 2 7 5 31 3 0 2 4 0 2 7 0 2 7 5 31 3 1 2 7 0 2 7 17 18 2 12 16 2 0 2 7 1 2 7 0 2 7 0 2 7 0 2 7 12 16 2 1 2 7 17 9 2 0 2 7 1 2 7 0 2 7 0 2 7 0 2 7 17 9 2 0 2 7 17 9 2 17 18 2 1 2 7 0 2 7 13 6 3 0 2 7 5 31 3 0 2 7 0 2 7 12 16 2 0 2 7 13 6 3 0 2 7 1 2 7 1 2 7 1 2 7 1 2 7 0 2 7 0 2 7 16 6 2 0 2 7 0 2 7 0 2 7 1 2 7 1 2 7 1 2 7 1 2 7 17 9 2 1 2 4 1 2 7 0 59.7211945056915283
1 2 4 1 2 7 13 6 3 1 2 7 12 16 2 1 2 7 5 31 3 0 2 4 0 2 7 0 2 7 5 31 3 1 2 7 0 2 7 17 18 2 12 16 2 0 2 7 1 2 7 0 2 7 0 2 7 0 2 7 12 16 2 1 2 7 17 9 2 0 2 7 1 2 7 0 2 7 0 2 7 0 2 7 17 9 2 0 2 7 17 9 2 17 18 2 1 2 7 0 2 7 13 6 3 0 2 7 5 31 3 0 2 7 0 2 7 12 16 2 0 2 7 13 6 3 0 2 7 1 2 7 1 2 7 1 2 7 1 2 7 0 2 7 0 2 7 16 6 2 0 2 7 0 2 7 0 2 7 1 2 7 1 2 7 1 2 7 1 2 7 17 9 2 1 2 4 1 2 7 0 59.7211945056915283
1 2 4 1 2 7 13 6 3 1 2 7 12 16 2 1 2 7 5 31 3 0 2 4 0 2 7 0 2 7 5 31 3 1 2 7 0 2 7 17 18 2 12 16 2 0 2 7 1 2 7 0 2 7 0 2 7 0 2 7 12 16 2 1 2 7 17 9 2 0 2 7 1 2 7 0 2 7 0 2 7 0 2 7 17 9 2 0 2 7 17 9 2 17 18 2 1 2 7 0 2 7 13 6 3 0 2 7 5 31 3 0 2 7 0 2 7 12 16 2 0 2 7 13 6 3 0 2 7 1 2 7 1 2 7 1 2 7 1 2 7 0 2 7 0 2 7 16 6 2 0 2 7 0 2 7 0 2 7 1 2 7 1 2 7 1 2 7 1 2 7 17 9 2 1 2 4 1 2 7 0 59.7211945056915283
1 2 4 1 2 7 13 6 3 1 2 7 12 16 2 1 2 7 5 31 3 0 2 4 0 2 7 0 2 7 5 31 3 1 2 7 0 2 7 17 18 2 12 16 2 0 2 7 1 2 7 0 2 7 0 2 7 0 2 7 12 16 2 1 2 7 17 9 2 0 2 7 1 2 7 0 2 7 0 2 7 0 2 7 17 9 2 0 2 7 17 9 2 17 18 2 1 2 7 0 2 7 13 6 3 0 2 7 5 31 3 0 2 7 0 2 7 12 16 2 0 2 7 13 6 3 0 2 7 1 2 7 1 2 7 1 2 7 1 2 7 0 2 7 0 2 7 16 6 2 0 2 7 0 2 7 0 2 7 1 2 7 1 2 7 1 2 7 1 2 7 17 9 2 1 2 4 1 2 7 0 59.7211945056915283
1 2 4 1 2 7 13 6 3 1 2 7 12 16 2 1 2 7 5 31 3 0 2 4 0 2 7 0 2 7 5 31 3 1 2 7 0 2 7 17 18 2 12 16 2 0 2 7 1 2 7 0 2 7 0 2 7 0 2 7 12 16 2 1 2 7 17 9 2 0 2 7 1 2 7 0 2 7 0 2 7 0 2 7 17 9 2 0 2 7 17 9 2 17 18 2 1 2 7 0 2 7 13 6 3 0 2 7 5 31 3 0 2 7 0 2 7 12 16 2 0 2 7 13 6 3 0 2 7 1 2 7 1 2 7 1 2 7 1 2 7 0 2 7 0 2 7 16 6 2 0 2 7 0 2 7 0 2 7 1 2 7 1 2 7 1 2 7 1 2 7 17 9 2 1 2 4 1 2 7 0 59.7211945056915283
1 2 4 1 2 7 13 6 3 1 2 7 12 16 2 1 2 7 5 31 3 0 2 4 0 2 7 0 2 7 5 31 3 1 2 7 0 2 7 17 18 2 12 16 2 0 2 7 1 2 7 0 2 7 0 2 7 0 2 7 12 16 2 1 2 7 17 9 2 0 2 7 1 2 7 0 2 7 0 2 7 0 2 7 17 9 2 0 2 7 17 9 2 17 18 2 1 2 7 0 2 7 13 6 3 0 2 7 5 31 3 0 2 7 0 2 7 12 16 2 0 2 7 13 6 3 0 2 7 1 2 7 1 2 7 1 2 7 1 2 7 0 2 7 0 2 7 16 6 2 0 2 7 0 2 7 0 2 7 1 2 7 1 2 7 1 2 7 1 2 7 17 9 2 1 2 4 1 2 7 0 59.7211945056915283

Current Evaluation = 12600(12600)
Front Size = 10
1 2 4 1 2 7 13 6 3 1 2 7 12 16 2 1 2 7 5 31 3 0 2 4 0 2 7 0 2 7 5 31 3 1 2 7 0 2 7 17 18 2 12 16 2 0 2 7 1 2 7 0 2 7 0 2 7 0 2 7 12 16 2 1 2 7 17 9 2 0 2 7 1 2 7 0 2 7 0 2 7 0 2 7 17 9 2 0 2 7 17 9 2 17 18 2 1 2 7 0 2 7 13 6 3 0 2 7 5 31 3 0 2 7 0 2 7 12 16 2 0 2 7 13 6 3 0 2 7 1 2 7 1 2 7 1 2 7 1 2 7 0 2 7 0 2 7 16 6 2 0 2 7 0 2 7 0 2 7 1 2 7 1 2 7 1 2 7 1 2 7 17 9 2 1 2 4 1 2 7 0 59.7211945056915283
1 2 4 1 2 7 13 6 3 1 2 7 12 16 2 1 2 7 5 31 3 0 2 4 0 2 7 0 2 7 5 31 3 1 2 7 0 2 7 17 18 2 12 16 2 0 2 7 1 2 7 0 2 7 0 2 7 0 2 7 12 16 2 1 2 7 17 9 2 0 2 7 1 2 7 0 2 7 0 2 7 0 2 7 17 9 2 0 2 7 17 9 2 17 18 2 1 2 7 0 2 7 13 6 3 0 2 7 5 31 3 0 2 7 0 2 7 12 16 2 0 2 7 13 6 3 0 2 7 1 2 7 1 2 7 1 2 7 1 2 7 0 2 7 0 2 7 16 6 2 0 2 7 0 2 7 0 2 7 1 2 7 1 2 7 1 2 7 1 2 7 17 9 2 1 2 4 1 2 7 0 59.7211945056915283
1 2 4 1 2 7 13 6 3 1 2 7 12 16 2 1 2 7 5 31 3 0 2 4 0 2 7 0 2 7 5 31 3 1 2 7 0 2 7 17 18 2 12 16 2 0 2 7 1 2 7 0 2 7 0 2 7 0 2 7 12 16 2 1 2 7 17 9 2 0 2 7 1 2 7 0 2 7 0 2 7 0 2 7 17 9 2 0 2 7 17 9 2 17 18 2 1 2 7 0 2 7 13 6 3 0 2 7 5 31 3 0 2 7 0 2 7 12 16 2 0 2 7 13 6 3 0 2 7 1 2 7 1 2 7 1 2 7 1 2 7 0 2 7 0 2 7 16 6 2 0 2 7 0 2 7 0 2 7 1 2 7 1 2 7 1 2 7 1 2 7 17 9 2 1 2 4 1 2 7 0 59.7211945056915283
1 2 4 1 2 7 13 6 3 1 2 7 12 16 2 1 2 7 5 31 3 0 2 4 0 2 7 0 2 7 5 31 3 1 2 7 0 2 7 17 18 2 12 16 2 0 2 7 1 2 7 0 2 7 0 2 7 0 2 7 12 16 2 1 2 7 17 9 2 0 2 7 1 2 7 0 2 7 0 2 7 0 2 7 17 9 2 0 2 7 17 9 2 17 18 2 1 2 7 0 2 7 13 6 3 0 2 7 5 31 3 0 2 7 0 2 7 12 16 2 0 2 7 13 6 3 0 2 7 1 2 7 1 2 7 1 2 7 1 2 7 0 2 7 0 2 7 16 6 2 0 2 7 0 2 7 0 2 7 1 2 7 1 2 7 1 2 7 1 2 7 17 9 2 1 2 4 1 2 7 0 59.7211945056915283
1 2 4 1 2 7 13 6 3 1 2 7 12 16 2 1 2 7 5 31 3 0 2 4 0 2 7 0 2 7 5 31 3 1 2 7 0 2 7 17 18 2 12 16 2 0 2 7 1 2 7 0 2 7 0 2 7 0 2 7 12 16 2 1 2 7 17 9 2 0 2 7 1 2 7 0 2 7 0 2 7 0 2 7 17 9 2 0 2 7 17 9 2 17 18 2 1 2 7 0 2 7 13 6 3 0 2 7 5 31 3 0 2 7 0 2 7 12 16 2 0 2 7 13 6 3 0 2 7 1 2 7 1 2 7 1 2 7 1 2 7 0 2 7 0 2 7 16 6 2 0 2 7 0 2 7 0 2 7 1 2 7 1 2 7 1 2 7 1 2 7 17 9 2 1 2 4 1 2 7 0 59.7211945056915283
1 2 4 1 2 7 13 6 3 1 2 7 12 16 2 1 2 7 5 31 3 0 2 4 0 2 7 0 2 7 5 31 3 1 2 7 0 2 7 17 18 2 12 16 2 0 2 7 1 2 7 0 2 7 0 2 7 0 2 7 12 16 2 1 2 7 17 9 2 0 2 7 1 2 7 0 2 7 0 2 7 0 2 7 17 9 2 0 2 7 17 9 2 17 18 2 1 2 7 0 2 7 13 6 3 0 2 7 5 31 3 0 2 7 0 2 7 12 16 2 0 2 7 13 6 3 0 2 7 1 2 7 1 2 7 1 2 7 1 2 7 0 2 7 0 2 7 16 6 2 0 2 7 0 2 7 0 2 7 1 2 7 1 2 7 1 2 7 1 2 7 17 9 2 1 2 4 1 2 7 0 59.7211945056915283
1 2 4 1 2 7 13 6 3 1 2 7 12 16 2 1 2 7 5 31 3 0 2 4 0 2 7 0 2 7 5 31 3 1 2 7 0 2 7 17 18 2 12 16 2 0 2 7 1 2 7 0 2 7 0 2 7 0 2 7 12 16 2 1 2 7 17 9 2 0 2 7 1 2 7 0 2 7 0 2 7 0 2 7 17 9 2 0 2 7 17 9 2 17 18 2 1 2 7 0 2 7 13 6 3 0 2 7 5 31 3 0 2 7 0 2 7 12 16 2 0 2 7 13 6 3 0 2 7 1 2 7 1 2 7 1 2 7 1 2 7 0 2 7 0 2 7 16 6 2 0 2 7 0 2 7 0 2 7 1 2 7 1 2 7 1 2 7 1 2 7 17 9 2 1 2 4 1 2 7 0 59.7211945056915283
1 2 4 1 2 7 13 6 3 1 2 7 12 16 2 1 2 7 5 31 3 0 2 4 0 2 7 0 2 7 5 31 3 1 2 7 0 2 7 17 18 2 12 16 2 0 2 7 1 2 7 0 2 7 0 2 7 0 2 7 12 16 2 1 2 7 17 9 2 0 2 7 1 2 7 0 2 7 0 2 7 0 2 7 17 9 2 0 2 7 17 9 2 17 18 2 1 2 7 0 2 7 13 6 3 0 2 7 5 31 3 0 2 7 0 2 7 12 16 2 0 2 7 13 6 3 0 2 7 1 2 7 1 2 7 1 2 7 1 2 7 0 2 7 0 2 7 16 6 2 0 2 7 0 2 7 0 2 7 1 2 7 1 2 7 1 2 7 1 2 7 17 9 2 1 2 4 1 2 7 0 59.7211945056915283
1 2 4 1 2 7 13 6 3 1 2 7 12 16 2 1 2 7 5 31 3 0 2 4 0 2 7 0 2 7 5 31 3 1 2 7 0 2 7 17 18 2 12 16 2 0 2 7 1 2 7 0 2 7 0 2 7 0 2 7 12 16 2 1 2 7 17 9 2 0 2 7 1 2 7 0 2 7 0 2 7 0 2 7 17 9 2 0 2 7 17 9 2 17 18 2 1 2 7 0 2 7 13 6 3 0 2 7 5 31 3 0 2 7 0 2 7 12 16 2 0 2 7 13 6 3 0 2 7 1 2 7 1 2 7 1 2 7 1 2 7 0 2 7 0 2 7 16 6 2 0 2 7 0 2 7 0 2 7 1 2 7 1 2 7 1 2 7 1 2 7 17 9 2 1 2 4 1 2 7 0 59.7211945056915283
1 2 4 1 2 7 13 6 3 1 2 7 12 16 2 1 2 7 5 31 3 0 2 4 0 2 7 0 2 7 5 31 3 1 2 7 0 2 7 17 18 2 12 16 2 0 2 7 1 2 7 0 2 7 0 2 7 0 2 7 12 16 2 1 2 7 17 9 2 0 2 7 1 2 7 0 2 7 0 2 7 0 2 7 17 9 2 0 2 7 17 9 2 17 18 2 1 2 7 0 2 7 13 6 3 0 2 7 5 31 3 0 2 7 0 2 7 12 16 2 0 2 7 13 6 3 0 2 7 1 2 7 1 2 7 1 2 7 1 2 7 0 2 7 0 2 7 16 6 2 0 2 7 0 2 7 0 2 7 1 2 7 1 2 7 1 2 7 1 2 7 17 9 2 1 2 4 1 2 7 0 59.7211945056915283

Current Evaluation = 13500(13500)
Front Size = 10
1 2 4 1 2 7 13 6 3 1 2 7 12 16 2 1 2 7 5 31 3 0 2 4 0 2 7 0 2 7 5 31 3 1 2 7 0 2 7 17 18 2 12 16 2 0 2 7 1 2 7 0 2 7 0 2 7 0 2 7 12 16 2 1 2 7 17 9 2 0 2 7 1 2 7 0 2 7 0 2 7 0 2 7 17 9 2 0 2 7 17 9 2 17 18 2 1 2 7 0 2 7 13 6 3 0 2 7 5 31 3 0 2 7 0 2 7 12 16 2 0 2 7 13 6 3 0 2 7 1 2 7 1 2 7 1 2 7 1 2 7 0 2 7 0 2 7 16 6 2 0 2 7 0 2 7 0 2 7 1 2 7 1 2 7 1 2 7 1 2 7 17 9 2 1 2 4 1 2 7 0 59.7211945056915283
1 2 4 1 2 7 13 6 3 1 2 7 12 16 2 1 2 7 5 31 3 0 2 4 0 2 7 0 2 7 5 31 3 1 2 7 0 2 7 17 18 2 12 16 2 0 2 7 1 2 7 0 2 7 0 2 7 0 2 7 12 16 2 1 2 7 17 9 2 0 2 7 1 2 7 0 2 7 0 2 7 0 2 7 17 9 2 0 2 7 17 9 2 17 18 2 1 2 7 0 2 7 13 6 3 0 2 7 5 31 3 0 2 7 0 2 7 12 16 2 0 2 7 13 6 3 0 2 7 1 2 7 1 2 7 1 2 7 1 2 7 0 2 7 0 2 7 16 6 2 0 2 7 0 2 7 0 2 7 1 2 7 1 2 7 1 2 7 1 2 7 17 9 2 1 2 4 1 2 7 0 59.7211945056915283
1 2 4 1 2 7 13 6 3 1 2 7 12 16 2 1 2 7 5 31 3 0 2 4 0 2 7 0 2 7 5 31 3 1 2 7 0 2 7 17 18 2 12 16 2 0 2 7 1 2 7 0 2 7 0 2 7 0 2 7 12 16 2 1 2 7 17 9 2 0 2 7 1 2 7 0 2 7 0 2 7 0 2 7 17 9 2 0 2 7 17 9 2 17 18 2 1 2 7 0 2 7 13 6 3 0 2 7 5 31 3 0 2 7 0 2 7 12 16 2 0 2 7 13 6 3 0 2 7 1 2 7 1 2 7 1 2 7 1 2 7 0 2 7 0 2 7 16 6 2 0 2 7 0 2 7 0 2 7 1 2 7 1 2 7 1 2 7 1 2 7 17 9 2 1 2 4 1 2 7 0 59.7211945056915283
1 2 4 1 2 7 13 6 3 1 2 7 12 16 2 1 2 7 5 31 3 0 2 4 0 2 7 0 2 7 5 31 3 1 2 7 0 2 7 17 18 2 12 16 2 0 2 7 1 2 7 0 2 7 0 2 7 0 2 7 12 16 2 1 2 7 17 9 2 0 2 7 1 2 7 0 2 7 0 2 7 0 2 7 17 9 2 0 2 7 17 9 2 17 18 2 1 2 7 0 2 7 13 6 3 0 2 7 5 31 3 0 2 7 0 2 7 12 16 2 0 2 7 13 6 3 0 2 7 1 2 7 1 2 7 1 2 7 1 2 7 0 2 7 0 2 7 16 6 2 0 2 7 0 2 7 0 2 7 1 2 7 1 2 7 1 2 7 1 2 7 17 9 2 1 2 4 1 2 7 0 59.7211945056915283
1 2 4 1 2 7 13 6 3 1 2 7 12 16 2 1 2 7 5 31 3 0 2 4 0 2 7 0 2 7 5 31 3 1 2 7 0 2 7 17 18 2 12 16 2 0 2 7 1 2 7 0 2 7 0 2 7 0 2 7 12 16 2 1 2 7 17 9 2 0 2 7 1 2 7 0 2 7 0 2 7 0 2 7 17 9 2 0 2 7 17 9 2 17 18 2 1 2 7 0 2 7 13 6 3 0 2 7 5 31 3 0 2 7 0 2 7 12 16 2 0 2 7 13 6 3 0 2 7 1 2 7 1 2 7 1 2 7 1 2 7 0 2 7 0 2 7 16 6 2 0 2 7 0 2 7 0 2 7 1 2 7 1 2 7 1 2 7 1 2 7 17 9 2 1 2 4 1 2 7 0 59.7211945056915283
1 2 4 1 2 7 13 6 3 1 2 7 12 16 2 1 2 7 5 31 3 0 2 4 0 2 7 0 2 7 5 31 3 1 2 7 0 2 7 17 18 2 12 16 2 0 2 7 1 2 7 0 2 7 0 2 7 0 2 7 12 16 2 1 2 7 17 9 2 0 2 7 1 2 7 0 2 7 0 2 7 0 2 7 17 9 2 0 2 7 17 9 2 17 18 2 1 2 7 0 2 7 13 6 3 0 2 7 5 31 3 0 2 7 0 2 7 12 16 2 0 2 7 13 6 3 0 2 7 1 2 7 1 2 7 1 2 7 1 2 7 0 2 7 0 2 7 16 6 2 0 2 7 0 2 7 0 2 7 1 2 7 1 2 7 1 2 7 1 2 7 17 9 2 1 2 4 1 2 7 0 59.7211945056915283
1 2 4 1 2 7 13 6 3 1 2 7 12 16 2 1 2 7 5 31 3 0 2 4 0 2 7 0 2 7 5 31 3 1 2 7 0 2 7 17 18 2 12 16 2 0 2 7 1 2 7 0 2 7 0 2 7 0 2 7 12 16 2 1 2 7 17 9 2 0 2 7 1 2 7 0 2 7 0 2 7 0 2 7 17 9 2 0 2 7 17 9 2 17 18 2 1 2 7 0 2 7 13 6 3 0 2 7 5 31 3 0 2 7 0 2 7 12 16 2 0 2 7 13 6 3 0 2 7 1 2 7 1 2 7 1 2 7 1 2 7 0 2 7 0 2 7 16 6 2 0 2 7 0 2 7 0 2 7 1 2 7 1 2 7 1 2 7 1 2 7 17 9 2 1 2 4 1 2 7 0 59.7211945056915283
1 2 4 1 2 7 13 6 3 1 2 7 12 16 2 1 2 7 5 31 3 0 2 4 0 2 7 0 2 7 5 31 3 1 2 7 0 2 7 17 18 2 12 16 2 0 2 7 1 2 7 0 2 7 0 2 7 0 2 7 12 16 2 1 2 7 17 9 2 0 2 7 1 2 7 0 2 7 0 2 7 0 2 7 17 9 2 0 2 7 17 9 2 17 18 2 1 2 7 0 2 7 13 6 3 0 2 7 5 31 3 0 2 7 0 2 7 12 16 2 0 2 7 13 6 3 0 2 7 1 2 7 1 2 7 1 2 7 1 2 7 0 2 7 0 2 7 16 6 2 0 2 7 0 2 7 0 2 7 1 2 7 1 2 7 1 2 7 1 2 7 17 9 2 1 2 4 1 2 7 0 59.7211945056915283
1 2 4 1 2 7 13 6 3 1 2 7 12 16 2 1 2 7 5 31 3 0 2 4 0 2 7 0 2 7 5 31 3 1 2 7 0 2 7 17 18 2 12 16 2 0 2 7 1 2 7 0 2 7 0 2 7 0 2 7 12 16 2 1 2 7 17 9 2 0 2 7 1 2 7 0 2 7 0 2 7 0 2 7 17 9 2 0 2 7 17 9 2 17 18 2 1 2 7 0 2 7 13 6 3 0 2 7 5 31 3 0 2 7 0 2 7 12 16 2 0 2 7 13 6 3 0 2 7 1 2 7 1 2 7 1 2 7 1 2 7 0 2 7 0 2 7 16 6 2 0 2 7 0 2 7 0 2 7 1 2 7 1 2 7 1 2 7 1 2 7 17 9 2 1 2 4 1 2 7 0 59.7211945056915283
1 2 4 1 2 7 13 6 3 1 2 7 12 16 2 1 2 7 5 31 3 0 2 4 0 2 7 0 2 7 5 31 3 1 2 7 0 2 7 17 18 2 12 16 2 0 2 7 1 2 7 0 2 7 0 2 7 0 2 7 12 16 2 1 2 7 17 9 2 0 2 7 1 2 7 0 2 7 0 2 7 0 2 7 17 9 2 0 2 7 17 9 2 17 18 2 1 2 7 0 2 7 13 6 3 0 2 7 5 31 3 0 2 7 0 2 7 12 16 2 0 2 7 13 6 3 0 2 7 1 2 7 1 2 7 1 2 7 1 2 7 0 2 7 0 2 7 16 6 2 0 2 7 0 2 7 0 2 7 1 2 7 1 2 7 1 2 7 1 2 7 17 9 2 1 2 4 1 2 7 0 59.7211945056915283

Current Evaluation = 14400(14400)
Front Size = 10
1 2 4 1 2 7 13 6 3 1 2 7 12 16 2 1 2 7 5 31 3 0 2 4 0 2 7 0 2 7 5 31 3 1 2 7 0 2 7 17 18 2 12 16 2 0 2 7 1 2 7 0 2 7 0 2 7 0 2 7 12 16 2 1 2 7 17 9 2 0 2 7 1 2 7 0 2 7 0 2 7 0 2 7 17 9 2 0 2 7 17 9 2 17 18 2 1 2 7 0 2 7 13 6 3 0 2 7 5 31 3 0 2 7 0 2 7 12 16 2 0 2 7 13 6 3 0 2 7 1 2 7 1 2 7 1 2 7 1 2 7 0 2 7 0 2 7 16 6 2 0 2 7 0 2 7 0 2 7 1 2 7 1 2 7 1 2 7 1 2 7 17 9 2 1 2 4 1 2 7 0 59.7211945056915283
1 2 4 1 2 7 13 6 3 1 2 7 12 16 2 1 2 7 5 31 3 0 2 4 0 2 7 0 2 7 5 31 3 1 2 7 0 2 7 17 18 2 12 16 2 0 2 7 1 2 7 0 2 7 0 2 7 0 2 7 12 16 2 1 2 7 17 9 2 0 2 7 1 2 7 0 2 7 0 2 7 0 2 7 17 9 2 0 2 7 17 9 2 17 18 2 1 2 7 0 2 7 13 6 3 0 2 7 5 31 3 0 2 7 0 2 7 12 16 2 0 2 7 13 6 3 0 2 7 1 2 7 1 2 7 1 2 7 1 2 7 0 2 7 0 2 7 16 6 2 0 2 7 0 2 7 0 2 7 1 2 7 1 2 7 1 2 7 1 2 7 17 9 2 1 2 4 1 2 7 0 59.7211945056915283
1 2 4 1 2 7 13 6 3 1 2 7 12 16 2 1 2 7 5 31 3 0 2 4 0 2 7 0 2 7 5 31 3 1 2 7 0 2 7 17 18 2 12 16 2 0 2 7 1 2 7 0 2 7 0 2 7 0 2 7 12 16 2 1 2 7 17 9 2 0 2 7 1 2 7 0 2 7 0 2 7 0 2 7 17 9 2 0 2 7 17 9 2 17 18 2 1 2 7 0 2 7 13 6 3 0 2 7 5 31 3 0 2 7 0 2 7 12 16 2 0 2 7 13 6 3 0 2 7 1 2 7 1 2 7 1 2 7 1 2 7 0 2 7 0 2 7 16 6 2 0 2 7 0 2 7 0 2 7 1 2 7 1 2 7 1 2 7 1 2 7 17 9 2 1 2 4 1 2 7 0 59.7211945056915283
1 2 4 1 2 7 13 6 3 1 2 7 12 16 2 1 2 7 5 31 3 0 2 4 0 2 7 0 2 7 5 31 3 1 2 7 0 2 7 17 18 2 12 16 2 0 2 7 1 2 7 0 2 7 0 2 7 0 2 7 12 16 2 1 2 7 17 9 2 0 2 7 1 2 7 0 2 7 0 2 7 0 2 7 17 9 2 0 2 7 17 9 2 17 18 2 1 2 7 0 2 7 13 6 3 0 2 7 5 31 3 0 2 7 0 2 7 12 16 2 0 2 7 13 6 3 0 2 7 1 2 7 1 2 7 1 2 7 1 2 7 0 2 7 0 2 7 16 6 2 0 2 7 0 2 7 0 2 7 1 2 7 1 2 7 1 2 7 1 2 7 17 9 2 1 2 4 1 2 7 0 59.7211945056915283
1 2 4 1 2 7 13 6 3 1 2 7 12 16 2 1 2 7 5 31 3 0 2 4 0 2 7 0 2 7 5 31 3 1 2 7 0 2 7 17 18 2 12 16 2 0 2 7 1 2 7 0 2 7 0 2 7 0 2 7 12 16 2 1 2 7 17 9 2 0 2 7 1 2 7 0 2 7 0 2 7 0 2 7 17 9 2 0 2 7 17 9 2 17 18 2 1 2 7 0 2 7 13 6 3 0 2 7 5 31 3 0 2 7 0 2 7 12 16 2 0 2 7 13 6 3 0 2 7 1 2 7 1 2 7 1 2 7 1 2 7 0 2 7 0 2 7 16 6 2 0 2 7 0 2 7 0 2 7 1 2 7 1 2 7 1 2 7 1 2 7 17 9 2 1 2 4 1 2 7 0 59.7211945056915283
1 2 4 1 2 7 13 6 3 1 2 7 12 16 2 1 2 7 5 31 3 0 2 4 0 2 7 0 2 7 5 31 3 1 2 7 0 2 7 17 18 2 12 16 2 0 2 7 1 2 7 0 2 7 0 2 7 0 2 7 12 16 2 1 2 7 17 9 2 0 2 7 1 2 7 0 2 7 0 2 7 0 2 7 17 9 2 0 2 7 17 9 2 17 18 2 1 2 7 0 2 7 13 6 3 0 2 7 5 31 3 0 2 7 0 2 7 12 16 2 0 2 7 13 6 3 0 2 7 1 2 7 1 2 7 1 2 7 1 2 7 0 2 7 0 2 7 16 6 2 0 2 7 0 2 7 0 2 7 1 2 7 1 2 7 1 2 7 1 2 7 17 9 2 1 2 4 1 2 7 0 59.7211945056915283
1 2 4 1 2 7 13 6 3 1 2 7 12 16 2 1 2 7 5 31 3 0 2 4 0 2 7 0 2 7 5 31 3 1 2 7 0 2 7 17 18 2 12 16 2 0 2 7 1 2 7 0 2 7 0 2 7 0 2 7 12 16 2 1 2 7 17 9 2 0 2 7 1 2 7 0 2 7 0 2 7 0 2 7 17 9 2 0 2 7 17 9 2 17 18 2 1 2 7 0 2 7 13 6 3 0 2 7 5 31 3 0 2 7 0 2 7 12 16 2 0 2 7 13 6 3 0 2 7 1 2 7 1 2 7 1 2 7 1 2 7 0 2 7 0 2 7 16 6 2 0 2 7 0 2 7 0 2 7 1 2 7 1 2 7 1 2 7 1 2 7 17 9 2 1 2 4 1 2 7 0 59.7211945056915283
1 2 4 1 2 7 13 6 3 1 2 7 12 16 2 1 2 7 5 31 3 0 2 4 0 2 7 0 2 7 5 31 3 1 2 7 0 2 7 17 18 2 12 16 2 0 2 7 1 2 7 0 2 7 0 2 7 0 2 7 12 16 2 1 2 7 17 9 2 0 2 7 1 2 7 0 2 7 0 2 7 0 2 7 17 9 2 0 2 7 17 9 2 17 18 2 1 2 7 0 2 7 13 6 3 0 2 7 5 31 3 0 2 7 0 2 7 12 16 2 0 2 7 13 6 3 0 2 7 1 2 7 1 2 7 1 2 7 1 2 7 0 2 7 0 2 7 16 6 2 0 2 7 0 2 7 0 2 7 1 2 7 1 2 7 1 2 7 1 2 7 17 9 2 1 2 4 1 2 7 0 59.7211945056915283
1 2 4 1 2 7 13 6 3 1 2 7 12 16 2 1 2 7 5 31 3 0 2 4 0 2 7 0 2 7 5 31 3 1 2 7 0 2 7 17 18 2 12 16 2 0 2 7 1 2 7 0 2 7 0 2 7 0 2 7 12 16 2 1 2 7 17 9 2 0 2 7 1 2 7 0 2 7 0 2 7 0 2 7 17 9 2 0 2 7 17 9 2 17 18 2 1 2 7 0 2 7 13 6 3 0 2 7 5 31 3 0 2 7 0 2 7 12 16 2 0 2 7 13 6 3 0 2 7 1 2 7 1 2 7 1 2 7 1 2 7 0 2 7 0 2 7 16 6 2 0 2 7 0 2 7 0 2 7 1 2 7 1 2 7 1 2 7 1 2 7 17 9 2 1 2 4 1 2 7 0 59.7211945056915283
1 2 4 1 2 7 13 6 3 1 2 7 12 16 2 1 2 7 5 31 3 0 2 4 0 2 7 0 2 7 5 31 3 1 2 7 0 2 7 17 18 2 12 16 2 0 2 7 1 2 7 0 2 7 0 2 7 0 2 7 12 16 2 1 2 7 17 9 2 0 2 7 1 2 7 0 2 7 0 2 7 0 2 7 17 9 2 0 2 7 17 9 2 17 18 2 1 2 7 0 2 7 13 6 3 0 2 7 5 31 3 0 2 7 0 2 7 12 16 2 0 2 7 13 6 3 0 2 7 1 2 7 1 2 7 1 2 7 1 2 7 0 2 7 0 2 7 16 6 2 0 2 7 0 2 7 0 2 7 1 2 7 1 2 7 1 2 7 1 2 7 17 9 2 1 2 4 1 2 7 0 59.7211945056915283

Current Evaluation = 15300(15300)
Front Size = 10
1 2 4 1 2 7 13 6 3 1 2 7 12 16 2 1 2 7 5 31 3 0 2 4 0 2 7 0 2 7 5 31 3 1 2 7 0 2 7 17 18 2 12 16 2 0 2 7 1 2 7 0 2 7 0 2 7 0 2 7 12 16 2 1 2 7 17 9 2 0 2 7 1 2 7 0 2 7 0 2 7 0 2 7 17 9 2 0 2 7 17 9 2 17 18 2 1 2 7 0 2 7 13 6 3 0 2 7 5 31 3 0 2 7 0 2 7 12 16 2 0 2 7 13 6 3 0 2 7 1 2 7 1 2 7 1 2 7 1 2 7 0 2 7 0 2 7 16 6 2 0 2 7 0 2 7 0 2 7 1 2 7 1 2 7 1 2 7 1 2 7 17 9 2 1 2 4 1 2 7 0 59.7211945056915283
1 2 4 1 2 7 13 6 3 1 2 7 12 16 2 1 2 7 5 31 3 0 2 4 0 2 7 0 2 7 5 31 3 1 2 7 0 2 7 17 18 2 12 16 2 0 2 7 1 2 7 0 2 7 0 2 7 0 2 7 12 16 2 1 2 7 17 9 2 0 2 7 1 2 7 0 2 7 0 2 7 0 2 7 17 9 2 0 2 7 17 9 2 17 18 2 1 2 7 0 2 7 13 6 3 0 2 7 5 31 3 0 2 7 0 2 7 12 16 2 0 2 7 13 6 3 0 2 7 1 2 7 1 2 7 1 2 7 1 2 7 0 2 7 0 2 7 16 6 2 0 2 7 0 2 7 0 2 7 1 2 7 1 2 7 1 2 7 1 2 7 17 9 2 1 2 4 1 2 7 0 59.7211945056915283
1 2 4 1 2 7 13 6 3 1 2 7 12 16 2 1 2 7 5 31 3 0 2 4 0 2 7 0 2 7 5 31 3 1 2 7 0 2 7 17 18 2 12 16 2 0 2 7 1 2 7 0 2 7 0 2 7 0 2 7 12 16 2 1 2 7 17 9 2 0 2 7 1 2 7 0 2 7 0 2 7 0 2 7 17 9 2 0 2 7 17 9 2 17 18 2 1 2 7 0 2 7 13 6 3 0 2 7 5 31 3 0 2 7 0 2 7 12 16 2 0 2 7 13 6 3 0 2 7 1 2 7 1 2 7 1 2 7 1 2 7 0 2 7 0 2 7 16 6 2 0 2 7 0 2 7 0 2 7 1 2 7 1 2 7 1 2 7 1 2 7 17 9 2 1 2 4 1 2 7 0 59.7211945056915283
1 2 4 1 2 7 13 6 3 1 2 7 12 16 2 1 2 7 5 31 3 0 2 4 0 2 7 0 2 7 5 31 3 1 2 7 0 2 7 17 18 2 12 16 2 0 2 7 1 2 7 0 2 7 0 2 7 0 2 7 12 16 2 1 2 7 17 9 2 0 2 7 1 2 7 0 2 7 0 2 7 0 2 7 17 9 2 0 2 7 17 9 2 17 18 2 1 2 7 0 2 7 13 6 3 0 2 7 5 31 3 0 2 7 0 2 7 12 16 2 0 2 7 13 6 3 0 2 7 1 2 7 1 2 7 1 2 7 1 2 7 0 2 7 0 2 7 16 6 2 0 2 7 0 2 7 0 2 7 1 2 7 1 2 7 1 2 7 1 2 7 17 9 2 1 2 4 1 2 7 0 59.7211945056915283
1 2 4 1 2 7 13 6 3 1 2 7 12 16 2 1 2 7 5 31 3 0 2 4 0 2 7 0 2 7 5 31 3 1 2 7 0 2 7 17 18 2 12 16 2 0 2 7 1 2 7 0 2 7 0 2 7 0 2 7 12 16 2 1 2 7 17 9 2 0 2 7 1 2 7 0 2 7 0 2 7 0 2 7 17 9 2 0 2 7 17 9 2 17 18 2 1 2 7 0 2 7 13 6 3 0 2 7 5 31 3 0 2 7 0 2 7 12 16 2 0 2 7 13 6 3 0 2 7 1 2 7 1 2 7 1 2 7 1 2 7 0 2 7 0 2 7 16 6 2 0 2 7 0 2 7 0 2 7 1 2 7 1 2 7 1 2 7 1 2 7 17 9 2 1 2 4 1 2 7 0 59.7211945056915283
1 2 4 1 2 7 13 6 3 1 2 7 12 16 2 1 2 7 5 31 3 0 2 4 0 2 7 0 2 7 5 31 3 1 2 7 0 2 7 17 18 2 12 16 2 0 2 7 1 2 7 0 2 7 0 2 7 0 2 7 12 16 2 1 2 7 17 9 2 0 2 7 1 2 7 0 2 7 0 2 7 0 2 7 17 9 2 0 2 7 17 9 2 17 18 2 1 2 7 0 2 7 13 6 3 0 2 7 5 31 3 0 2 7 0 2 7 12 16 2 0 2 7 13 6 3 0 2 7 1 2 7 1 2 7 1 2 7 1 2 7 0 2 7 0 2 7 16 6 2 0 2 7 0 2 7 0 2 7 1 2 7 1 2 7 1 2 7 1 2 7 17 9 2 1 2 4 1 2 7 0 59.7211945056915283
1 2 4 1 2 7 13 6 3 1 2 7 12 16 2 1 2 7 5 31 3 0 2 4 0 2 7 0 2 7 5 31 3 1 2 7 0 2 7 17 18 2 12 16 2 0 2 7 1 2 7 0 2 7 0 2 7 0 2 7 12 16 2 1 2 7 17 9 2 0 2 7 1 2 7 0 2 7 0 2 7 0 2 7 17 9 2 0 2 7 17 9 2 17 18 2 1 2 7 0 2 7 13 6 3 0 2 7 5 31 3 0 2 7 0 2 7 12 16 2 0 2 7 13 6 3 0 2 7 1 2 7 1 2 7 1 2 7 1 2 7 0 2 7 0 2 7 16 6 2 0 2 7 0 2 7 0 2 7 1 2 7 1 2 7 1 2 7 1 2 7 17 9 2 1 2 4 1 2 7 0 59.7211945056915283
1 2 4 1 2 7 13 6 3 1 2 7 12 16 2 1 2 7 5 31 3 0 2 4 0 2 7 0 2 7 5 31 3 1 2 7 0 2 7 17 18 2 12 16 2 0 2 7 1 2 7 0 2 7 0 2 7 0 2 7 12 16 2 1 2 7 17 9 2 0 2 7 1 2 7 0 2 7 0 2 7 0 2 7 17 9 2 0 2 7 17 9 2 17 18 2 1 2 7 0 2 7 13 6 3 0 2 7 5 31 3 0 2 7 0 2 7 12 16 2 0 2 7 13 6 3 0 2 7 1 2 7 1 2 7 1 2 7 1 2 7 0 2 7 0 2 7 16 6 2 0 2 7 0 2 7 0 2 7 1 2 7 1 2 7 1 2 7 1 2 7 17 9 2 1 2 4 1 2 7 0 59.7211945056915283
1 2 4 1 2 7 13 6 3 1 2 7 12 16 2 1 2 7 5 31 3 0 2 4 0 2 7 0 2 7 5 31 3 1 2 7 0 2 7 17 18 2 12 16 2 0 2 7 1 2 7 0 2 7 0 2 7 0 2 7 12 16 2 1 2 7 17 9 2 0 2 7 1 2 7 0 2 7 0 2 7 0 2 7 17 9 2 0 2 7 17 9 2 17 18 2 1 2 7 0 2 7 13 6 3 0 2 7 5 31 3 0 2 7 0 2 7 12 16 2 0 2 7 13 6 3 0 2 7 1 2 7 1 2 7 1 2 7 1 2 7 0 2 7 0 2 7 16 6 2 0 2 7 0 2 7 0 2 7 1 2 7 1 2 7 1 2 7 1 2 7 17 9 2 1 2 4 1 2 7 0 59.7211945056915283
1 2 4 1 2 7 13 6 3 1 2 7 12 16 2 1 2 7 5 31 3 0 2 4 0 2 7 0 2 7 5 31 3 1 2 7 0 2 7 17 18 2 12 16 2 0 2 7 1 2 7 0 2 7 0 2 7 0 2 7 12 16 2 1 2 7 17 9 2 0 2 7 1 2 7 0 2 7 0 2 7 0 2 7 17 9 2 0 2 7 17 9 2 17 18 2 1 2 7 0 2 7 13 6 3 0 2 7 5 31 3 0 2 7 0 2 7 12 16 2 0 2 7 13 6 3 0 2 7 1 2 7 1 2 7 1 2 7 1 2 7 0 2 7 0 2 7 16 6 2 0 2 7 0 2 7 0 2 7 1 2 7 1 2 7 1 2 7 1 2 7 17 9 2 1 2 4 1 2 7 0 59.7211945056915283

Current Evaluation = 16200(16200)
Front Size = 10
1 2 4 1 2 7 13 6 3 1 2 7 12 16 2 1 2 7 5 31 3 0 2 4 0 2 7 0 2 7 5 31 3 1 2 7 0 2 7 17 18 2 12 16 2 0 2 7 1 2 7 0 2 7 0 2 7 0 2 7 12 16 2 1 2 7 17 9 2 0 2 7 1 2 7 0 2 7 0 2 7 0 2 7 17 9 2 0 2 7 17 9 2 17 18 2 1 2 7 0 2 7 13 6 3 0 2 7 5 31 3 0 2 7 0 2 7 12 16 2 0 2 7 13 6 3 0 2 7 1 2 7 1 2 7 1 2 7 1 2 7 0 2 7 0 2 7 16 6 2 0 2 7 0 2 7 0 2 7 1 2 7 1 2 7 1 2 7 1 2 7 17 9 2 1 2 4 1 2 7 0 59.7211945056915283
1 2 4 1 2 7 13 6 3 1 2 7 12 16 2 1 2 7 5 31 3 0 2 4 0 2 7 0 2 7 5 31 3 1 2 7 0 2 7 17 18 2 12 16 2 0 2 7 1 2 7 0 2 7 0 2 7 0 2 7 12 16 2 1 2 7 17 9 2 0 2 7 1 2 7 0 2 7 0 2 7 0 2 7 17 9 2 0 2 7 17 9 2 17 18 2 1 2 7 0 2 7 13 6 3 0 2 7 5 31 3 0 2 7 0 2 7 12 16 2 0 2 7 13 6 3 0 2 7 1 2 7 1 2 7 1 2 7 1 2 7 0 2 7 0 2 7 16 6 2 0 2 7 0 2 7 0 2 7 1 2 7 1 2 7 1 2 7 1 2 7 17 9 2 1 2 4 1 2 7 0 59.7211945056915283
1 2 4 1 2 7 13 6 3 1 2 7 12 16 2 1 2 7 5 31 3 0 2 4 0 2 7 0 2 7 5 31 3 1 2 7 0 2 7 17 18 2 12 16 2 0 2 7 1 2 7 0 2 7 0 2 7 0 2 7 12 16 2 1 2 7 17 9 2 0 2 7 1 2 7 0 2 7 0 2 7 0 2 7 17 9 2 0 2 7 17 9 2 17 18 2 1 2 7 0 2 7 13 6 3 0 2 7 5 31 3 0 2 7 0 2 7 12 16 2 0 2 7 13 6 3 0 2 7 1 2 7 1 2 7 1 2 7 1 2 7 0 2 7 0 2 7 16 6 2 0 2 7 0 2 7 0 2 7 1 2 7 1 2 7 1 2 7 1 2 7 17 9 2 1 2 4 1 2 7 0 59.7211945056915283
1 2 4 1 2 7 13 6 3 1 2 7 12 16 2 1 2 7 5 31 3 0 2 4 0 2 7 0 2 7 5 31 3 1 2 7 0 2 7 17 18 2 12 16 2 0 2 7 1 2 7 0 2 7 0 2 7 0 2 7 12 16 2 1 2 7 17 9 2 0 2 7 1 2 7 0 2 7 0 2 7 0 2 7 17 9 2 0 2 7 17 9 2 17 18 2 1 2 7 0 2 7 13 6 3 0 2 7 5 31 3 0 2 7 0 2 7 12 16 2 0 2 7 13 6 3 0 2 7 1 2 7 1 2 7 1 2 7 1 2 7 0 2 7 0 2 7 16 6 2 0 2 7 0 2 7 0 2 7 1 2 7 1 2 7 1 2 7 1 2 7 17 9 2 1 2 4 1 2 7 0 59.7211945056915283
1 2 4 1 2 7 13 6 3 1 2 7 12 16 2 1 2 7 5 31 3 0 2 4 0 2 7 0 2 7 5 31 3 1 2 7 0 2 7 17 18 2 12 16 2 0 2 7 1 2 7 0 2 7 0 2 7 0 2 7 12 16 2 1 2 7 17 9 2 0 2 7 1 2 7 0 2 7 0 2 7 0 2 7 17 9 2 0 2 7 17 9 2 17 18 2 1 2 7 0 2 7 13 6 3 0 2 7 5 31 3 0 2 7 0 2 7 12 16 2 0 2 7 13 6 3 0 2 7 1 2 7 1 2 7 1 2 7 1 2 7 0 2 7 0 2 7 16 6 2 0 2 7 0 2 7 0 2 7 1 2 7 1 2 7 1 2 7 1 2 7 17 9 2 1 2 4 1 2 7 0 59.7211945056915283
1 2 4 1 2 7 13 6 3 1 2 7 12 16 2 1 2 7 5 31 3 0 2 4 0 2 7 0 2 7 5 31 3 1 2 7 0 2 7 17 18 2 12 16 2 0 2 7 1 2 7 0 2 7 0 2 7 0 2 7 12 16 2 1 2 7 17 9 2 0 2 7 1 2 7 0 2 7 0 2 7 0 2 7 17 9 2 0 2 7 17 9 2 17 18 2 1 2 7 0 2 7 13 6 3 0 2 7 5 31 3 0 2 7 0 2 7 12 16 2 0 2 7 13 6 3 0 2 7 1 2 7 1 2 7 1 2 7 1 2 7 0 2 7 0 2 7 16 6 2 0 2 7 0 2 7 0 2 7 1 2 7 1 2 7 1 2 7 1 2 7 17 9 2 1 2 4 1 2 7 0 59.7211945056915283
1 2 4 1 2 7 13 6 3 1 2 7 12 16 2 1 2 7 5 31 3 0 2 4 0 2 7 0 2 7 5 31 3 1 2 7 0 2 7 17 18 2 12 16 2 0 2 7 1 2 7 0 2 7 0 2 7 0 2 7 12 16 2 1 2 7 17 9 2 0 2 7 1 2 7 0 2 7 0 2 7 0 2 7 17 9 2 0 2 7 17 9 2 17 18 2 1 2 7 0 2 7 13 6 3 0 2 7 5 31 3 0 2 7 0 2 7 12 16 2 0 2 7 13 6 3 0 2 7 1 2 7 1 2 7 1 2 7 1 2 7 0 2 7 0 2 7 16 6 2 0 2 7 0 2 7 0 2 7 1 2 7 1 2 7 1 2 7 1 2 7 17 9 2 1 2 4 1 2 7 0 59.7211945056915283
1 2 4 1 2 7 13 6 3 1 2 7 12 16 2 1 2 7 5 31 3 0 2 4 0 2 7 0 2 7 5 31 3 1 2 7 0 2 7 17 18 2 12 16 2 0 2 7 1 2 7 0 2 7 0 2 7 0 2 7 12 16 2 1 2 7 17 9 2 0 2 7 1 2 7 0 2 7 0 2 7 0 2 7 17 9 2 0 2 7 17 9 2 17 18 2 1 2 7 0 2 7 13 6 3 0 2 7 5 31 3 0 2 7 0 2 7 12 16 2 0 2 7 13 6 3 0 2 7 1 2 7 1 2 7 1 2 7 1 2 7 0 2 7 0 2 7 16 6 2 0 2 7 0 2 7 0 2 7 1 2 7 1 2 7 1 2 7 1 2 7 17 9 2 1 2 4 1 2 7 0 59.7211945056915283
1 2 4 1 2 7 13 6 3 1 2 7 12 16 2 1 2 7 5 31 3 0 2 4 0 2 7 0 2 7 5 31 3 1 2 7 0 2 7 17 18 2 12 16 2 0 2 7 1 2 7 0 2 7 0 2 7 0 2 7 12 16 2 1 2 7 17 9 2 0 2 7 1 2 7 0 2 7 0 2 7 0 2 7 17 9 2 0 2 7 17 9 2 17 18 2 1 2 7 0 2 7 13 6 3 0 2 7 5 31 3 0 2 7 0 2 7 12 16 2 0 2 7 13 6 3 0 2 7 1 2 7 1 2 7 1 2 7 1 2 7 0 2 7 0 2 7 16 6 2 0 2 7 0 2 7 0 2 7 1 2 7 1 2 7 1 2 7 1 2 7 17 9 2 1 2 4 1 2 7 0 59.7211945056915283
1 2 4 1 2 7 13 6 3 1 2 7 12 16 2 1 2 7 5 31 3 0 2 4 0 2 7 0 2 7 5 31 3 1 2 7 0 2 7 17 18 2 12 16 2 0 2 7 1 2 7 0 2 7 0 2 7 0 2 7 12 16 2 1 2 7 17 9 2 0 2 7 1 2 7 0 2 7 0 2 7 0 2 7 17 9 2 0 2 7 17 9 2 17 18 2 1 2 7 0 2 7 13 6 3 0 2 7 5 31 3 0 2 7 0 2 7 12 16 2 0 2 7 13 6 3 0 2 7 1 2 7 1 2 7 1 2 7 1 2 7 0 2 7 0 2 7 16 6 2 0 2 7 0 2 7 0 2 7 1 2 7 1 2 7 1 2 7 1 2 7 17 9 2 1 2 4 1 2 7 0 59.7211945056915283

Current Evaluation = 17100(17100)
Front Size = 10
1 2 4 1 2 7 13 6 3 1 2 7 12 16 2 1 2 7 5 31 3 0 2 4 0 2 7 0 2 7 5 31 3 1 2 7 0 2 7 17 18 2 12 16 2 0 2 7 1 2 7 0 2 7 0 2 7 0 2 7 12 16 2 1 2 7 17 9 2 0 2 7 1 2 7 0 2 7 0 2 7 0 2 7 17 9 2 0 2 7 17 9 2 17 18 2 1 2 7 0 2 7 13 6 3 0 2 7 5 31 3 0 2 7 0 2 7 12 16 2 0 2 7 13 6 3 0 2 7 1 2 7 1 2 7 1 2 7 1 2 7 0 2 7 0 2 7 16 6 2 0 2 7 0 2 7 0 2 7 1 2 7 1 2 7 1 2 7 1 2 7 17 9 2 1 2 4 1 2 7 0 59.7211945056915283
1 2 4 1 2 7 13 6 3 1 2 7 12 16 2 1 2 7 5 31 3 0 2 4 0 2 7 0 2 7 5 31 3 1 2 7 0 2 7 17 18 2 12 16 2 0 2 7 1 2 7 0 2 7 0 2 7 0 2 7 12 16 2 1 2 7 17 9 2 0 2 7 1 2 7 0 2 7 0 2 7 0 2 7 17 9 2 0 2 7 17 9 2 17 18 2 1 2 7 0 2 7 13 6 3 0 2 7 5 31 3 0 2 7 0 2 7 12 16 2 0 2 7 13 6 3 0 2 7 1 2 7 1 2 7 1 2 7 1 2 7 0 2 7 0 2 7 16 6 2 0 2 7 0 2 7 0 2 7 1 2 7 1 2 7 1 2 7 1 2 7 17 9 2 1 2 4 1 2 7 0 59.7211945056915283
1 2 4 1 2 7 13 6 3 1 2 7 12 16 2 1 2 7 5 31 3 0 2 4 0 2 7 0 2 7 5 31 3 1 2 7 0 2 7 17 18 2 12 16 2 0 2 7 1 2 7 0 2 7 0 2 7 0 2 7 12 16 2 1 2 7 17 9 2 0 2 7 1 2 7 0 2 7 0 2 7 0 2 7 17 9 2 0 2 7 17 9 2 17 18 2 1 2 7 0 2 7 13 6 3 0 2 7 5 31 3 0 2 7 0 2 7 12 16 2 0 2 7 13 6 3 0 2 7 1 2 7 1 2 7 1 2 7 1 2 7 0 2 7 0 2 7 16 6 2 0 2 7 0 2 7 0 2 7 1 2 7 1 2 7 1 2 7 1 2 7 17 9 2 1 2 4 1 2 7 0 59.7211945056915283
1 2 4 1 2 7 13 6 3 1 2 7 12 16 2 1 2 7 5 31 3 0 2 4 0 2 7 0 2 7 5 31 3 1 2 7 0 2 7 17 18 2 12 16 2 0 2 7 1 2 7 0 2 7 0 2 7 0 2 7 12 16 2 1 2 7 17 9 2 0 2 7 1 2 7 0 2 7 0 2 7 0 2 7 17 9 2 0 2 7 17 9 2 17 18 2 1 2 7 0 2 7 13 6 3 0 2 7 5 31 3 0 2 7 0 2 7 12 16 2 0 2 7 13 6 3 0 2 7 1 2 7 1 2 7 1 2 7 1 2 7 0 2 7 0 2 7 16 6 2 0 2 7 0 2 7 0 2 7 1 2 7 1 2 7 1 2 7 1 2 7 17 9 2 1 2 4 1 2 7 0 59.7211945056915283
1 2 4 1 2 7 13 6 3 1 2 7 12 16 2 1 2 7 5 31 3 0 2 4 0 2 7 0 2 7 5 31 3 1 2 7 0 2 7 17 18 2 12 16 2 0 2 7 1 2 7 0 2 7 0 2 7 0 2 7 12 16 2 1 2 7 17 9 2 0 2 7 1 2 7 0 2 7 0 2 7 0 2 7 17 9 2 0 2 7 17 9 2 17 18 2 1 2 7 0 2 7 13 6 3 0 2 7 5 31 3 0 2 7 0 2 7 12 16 2 0 2 7 13 6 3 0 2 7 1 2 7 1 2 7 1 2 7 1 2 7 0 2 7 0 2 7 16 6 2 0 2 7 0 2 7 0 2 7 1 2 7 1 2 7 1 2 7 1 2 7 17 9 2 1 2 4 1 2 7 0 59.7211945056915283
1 2 4 1 2 7 13 6 3 1 2 7 12 16 2 1 2 7 5 31 3 0 2 4 0 2 7 0 2 7 5 31 3 1 2 7 0 2 7 17 18 2 12 16 2 0 2 7 1 2 7 0 2 7 0 2 7 0 2 7 12 16 2 1 2 7 17 9 2 0 2 7 1 2 7 0 2 7 0 2 7 0 2 7 17 9 2 0 2 7 17 9 2 17 18 2 1 2 7 0 2 7 13 6 3 0 2 7 5 31 3 0 2 7 0 2 7 12 16 2 0 2 7 13 6 3 0 2 7 1 2 7 1 2 7 1 2 7 1 2 7 0 2 7 0 2 7 16 6 2 0 2 7 0 2 7 0 2 7 1 2 7 1 2 7 1 2 7 1 2 7 17 9 2 1 2 4 1 2 7 0 59.7211945056915283
1 2 4 1 2 7 13 6 3 1 2 7 12 16 2 1 2 7 5 31 3 0 2 4 0 2 7 0 2 7 5 31 3 1 2 7 0 2 7 17 18 2 12 16 2 0 2 7 1 2 7 0 2 7 0 2 7 0 2 7 12 16 2 1 2 7 17 9 2 0 2 7 1 2 7 0 2 7 0 2 7 0 2 7 17 9 2 0 2 7 17 9 2 17 18 2 1 2 7 0 2 7 13 6 3 0 2 7 5 31 3 0 2 7 0 2 7 12 16 2 0 2 7 13 6 3 0 2 7 1 2 7 1 2 7 1 2 7 1 2 7 0 2 7 0 2 7 16 6 2 0 2 7 0 2 7 0 2 7 1 2 7 1 2 7 1 2 7 1 2 7 17 9 2 1 2 4 1 2 7 0 59.7211945056915283
1 2 4 1 2 7 13 6 3 1 2 7 12 16 2 1 2 7 5 31 3 0 2 4 0 2 7 0 2 7 5 31 3 1 2 7 0 2 7 17 18 2 12 16 2 0 2 7 1 2 7 0 2 7 0 2 7 0 2 7 12 16 2 1 2 7 17 9 2 0 2 7 1 2 7 0 2 7 0 2 7 0 2 7 17 9 2 0 2 7 17 9 2 17 18 2 1 2 7 0 2 7 13 6 3 0 2 7 5 31 3 0 2 7 0 2 7 12 16 2 0 2 7 13 6 3 0 2 7 1 2 7 1 2 7 1 2 7 1 2 7 0 2 7 0 2 7 16 6 2 0 2 7 0 2 7 0 2 7 1 2 7 1 2 7 1 2 7 1 2 7 17 9 2 1 2 4 1 2 7 0 59.7211945056915283
1 2 4 1 2 7 13 6 3 1 2 7 12 16 2 1 2 7 5 31 3 0 2 4 0 2 7 0 2 7 5 31 3 1 2 7 0 2 7 17 18 2 12 16 2 0 2 7 1 2 7 0 2 7 0 2 7 0 2 7 12 16 2 1 2 7 17 9 2 0 2 7 1 2 7 0 2 7 0 2 7 0 2 7 17 9 2 0 2 7 17 9 2 17 18 2 1 2 7 0 2 7 13 6 3 0 2 7 5 31 3 0 2 7 0 2 7 12 16 2 0 2 7 13 6 3 0 2 7 1 2 7 1 2 7 1 2 7 1 2 7 0 2 7 0 2 7 16 6 2 0 2 7 0 2 7 0 2 7 1 2 7 1 2 7 1 2 7 1 2 7 17 9 2 1 2 4 1 2 7 0 59.7211945056915283
1 2 4 1 2 7 13 6 3 1 2 7 12 16 2 1 2 7 5 31 3 0 2 4 0 2 7 0 2 7 5 31 3 1 2 7 0 2 7 17 18 2 12 16 2 0 2 7 1 2 7 0 2 7 0 2 7 0 2 7 12 16 2 1 2 7 17 9 2 0 2 7 1 2 7 0 2 7 0 2 7 0 2 7 17 9 2 0 2 7 17 9 2 17 18 2 1 2 7 0 2 7 13 6 3 0 2 7 5 31 3 0 2 7 0 2 7 12 16 2 0 2 7 13 6 3 0 2 7 1 2 7 1 2 7 1 2 7 1 2 7 0 2 7 0 2 7 16 6 2 0 2 7 0 2 7 0 2 7 1 2 7 1 2 7 1 2 7 1 2 7 17 9 2 1 2 4 1 2 7 0 59.7211945056915283

Current Evaluation = 18000(18000)
Front Size = 10
1 2 4 1 2 7 13 6 3 1 2 7 12 16 2 1 2 7 5 31 3 0 2 4 0 2 7 0 2 7 5 31 3 1 2 7 0 2 7 17 18 2 12 16 2 0 2 7 1 2 7 0 2 7 0 2 7 0 2 7 12 16 2 1 2 7 17 9 2 0 2 7 1 2 7 0 2 7 0 2 7 0 2 7 17 9 2 0 2 7 17 9 2 17 18 2 1 2 7 0 2 7 13 6 3 0 2 7 5 31 3 0 2 7 0 2 7 12 16 2 0 2 7 13 6 3 0 2 7 1 2 7 1 2 7 1 2 7 1 2 7 0 2 7 0 2 7 16 6 2 0 2 7 0 2 7 0 2 7 1 2 7 1 2 7 1 2 7 1 2 7 17 9 2 1 2 4 1 2 7 0 59.7211945056915283
1 2 4 1 2 7 13 6 3 1 2 7 12 16 2 1 2 7 5 31 3 0 2 4 0 2 7 0 2 7 5 31 3 1 2 7 0 2 7 17 18 2 12 16 2 0 2 7 1 2 7 0 2 7 0 2 7 0 2 7 12 16 2 1 2 7 17 9 2 0 2 7 1 2 7 0 2 7 0 2 7 0 2 7 17 9 2 0 2 7 17 9 2 17 18 2 1 2 7 0 2 7 13 6 3 0 2 7 5 31 3 0 2 7 0 2 7 12 16 2 0 2 7 13 6 3 0 2 7 1 2 7 1 2 7 1 2 7 1 2 7 0 2 7 0 2 7 16 6 2 0 2 7 0 2 7 0 2 7 1 2 7 1 2 7 1 2 7 1 2 7 17 9 2 1 2 4 1 2 7 0 59.7211945056915283
1 2 4 1 2 7 13 6 3 1 2 7 12 16 2 1 2 7 5 31 3 0 2 4 0 2 7 0 2 7 5 31 3 1 2 7 0 2 7 17 18 2 12 16 2 0 2 7 1 2 7 0 2 7 0 2 7 0 2 7 12 16 2 1 2 7 17 9 2 0 2 7 1 2 7 0 2 7 0 2 7 0 2 7 17 9 2 0 2 7 17 9 2 17 18 2 1 2 7 0 2 7 13 6 3 0 2 7 5 31 3 0 2 7 0 2 7 12 16 2 0 2 7 13 6 3 0 2 7 1 2 7 1 2 7 1 2 7 1 2 7 0 2 7 0 2 7 16 6 2 0 2 7 0 2 7 0 2 7 1 2 7 1 2 7 1 2 7 1 2 7 17 9 2 1 2 4 1 2 7 0 59.7211945056915283
1 2 4 1 2 7 13 6 3 1 2 7 12 16 2 1 2 7 5 31 3 0 2 4 0 2 7 0 2 7 5 31 3 1 2 7 0 2 7 17 18 2 12 16 2 0 2 7 1 2 7 0 2 7 0 2 7 0 2 7 12 16 2 1 2 7 17 9 2 0 2 7 1 2 7 0 2 7 0 2 7 0 2 7 17 9 2 0 2 7 17 9 2 17 18 2 1 2 7 0 2 7 13 6 3 0 2 7 5 31 3 0 2 7 0 2 7 12 16 2 0 2 7 13 6 3 0 2 7 1 2 7 1 2 7 1 2 7 1 2 7 0 2 7 0 2 7 16 6 2 0 2 7 0 2 7 0 2 7 1 2 7 1 2 7 1 2 7 1 2 7 17 9 2 1 2 4 1 2 7 0 59.7211945056915283
1 2 4 1 2 7 13 6 3 1 2 7 12 16 2 1 2 7 5 31 3 0 2 4 0 2 7 0 2 7 5 31 3 1 2 7 0 2 7 17 18 2 12 16 2 0 2 7 1 2 7 0 2 7 0 2 7 0 2 7 12 16 2 1 2 7 17 9 2 0 2 7 1 2 7 0 2 7 0 2 7 0 2 7 17 9 2 0 2 7 17 9 2 17 18 2 1 2 7 0 2 7 13 6 3 0 2 7 5 31 3 0 2 7 0 2 7 12 16 2 0 2 7 13 6 3 0 2 7 1 2 7 1 2 7 1 2 7 1 2 7 0 2 7 0 2 7 16 6 2 0 2 7 0 2 7 0 2 7 1 2 7 1 2 7 1 2 7 1 2 7 17 9 2 1 2 4 1 2 7 0 59.7211945056915283
1 2 4 1 2 7 13 6 3 1 2 7 12 16 2 1 2 7 5 31 3 0 2 4 0 2 7 0 2 7 5 31 3 1 2 7 0 2 7 17 18 2 12 16 2 0 2 7 1 2 7 0 2 7 0 2 7 0 2 7 12 16 2 1 2 7 17 9 2 0 2 7 1 2 7 0 2 7 0 2 7 0 2 7 17 9 2 0 2 7 17 9 2 17 18 2 1 2 7 0 2 7 13 6 3 0 2 7 5 31 3 0 2 7 0 2 7 12 16 2 0 2 7 13 6 3 0 2 7 1 2 7 1 2 7 1 2 7 1 2 7 0 2 7 0 2 7 16 6 2 0 2 7 0 2 7 0 2 7 1 2 7 1 2 7 1 2 7 1 2 7 17 9 2 1 2 4 1 2 7 0 59.7211945056915283
1 2 4 1 2 7 13 6 3 1 2 7 12 16 2 1 2 7 5 31 3 0 2 4 0 2 7 0 2 7 5 31 3 1 2 7 0 2 7 17 18 2 12 16 2 0 2 7 1 2 7 0 2 7 0 2 7 0 2 7 12 16 2 1 2 7 17 9 2 0 2 7 1 2 7 0 2 7 0 2 7 0 2 7 17 9 2 0 2 7 17 9 2 17 18 2 1 2 7 0 2 7 13 6 3 0 2 7 5 31 3 0 2 7 0 2 7 12 16 2 0 2 7 13 6 3 0 2 7 1 2 7 1 2 7 1 2 7 1 2 7 0 2 7 0 2 7 16 6 2 0 2 7 0 2 7 0 2 7 1 2 7 1 2 7 1 2 7 1 2 7 17 9 2 1 2 4 1 2 7 0 59.7211945056915283
1 2 4 1 2 7 13 6 3 1 2 7 12 16 2 1 2 7 5 31 3 0 2 4 0 2 7 0 2 7 5 31 3 1 2 7 0 2 7 17 18 2 12 16 2 0 2 7 1 2 7 0 2 7 0 2 7 0 2 7 12 16 2 1 2 7 17 9 2 0 2 7 1 2 7 0 2 7 0 2 7 0 2 7 17 9 2 0 2 7 17 9 2 17 18 2 1 2 7 0 2 7 13 6 3 0 2 7 5 31 3 0 2 7 0 2 7 12 16 2 0 2 7 13 6 3 0 2 7 1 2 7 1 2 7 1 2 7 1 2 7 0 2 7 0 2 7 16 6 2 0 2 7 0 2 7 0 2 7 1 2 7 1 2 7 1 2 7 1 2 7 17 9 2 1 2 4 1 2 7 0 59.7211945056915283
1 2 4 1 2 7 13 6 3 1 2 7 12 16 2 1 2 7 5 31 3 0 2 4 0 2 7 0 2 7 5 31 3 1 2 7 0 2 7 17 18 2 12 16 2 0 2 7 1 2 7 0 2 7 0 2 7 0 2 7 12 16 2 1 2 7 17 9 2 0 2 7 1 2 7 0 2 7 0 2 7 0 2 7 17 9 2 0 2 7 17 9 2 17 18 2 1 2 7 0 2 7 13 6 3 0 2 7 5 31 3 0 2 7 0 2 7 12 16 2 0 2 7 13 6 3 0 2 7 1 2 7 1 2 7 1 2 7 1 2 7 0 2 7 0 2 7 16 6 2 0 2 7 0 2 7 0 2 7 1 2 7 1 2 7 1 2 7 1 2 7 17 9 2 1 2 4 1 2 7 0 59.7211945056915283
1 2 4 1 2 7 13 6 3 1 2 7 12 16 2 1 2 7 5 31 3 0 2 4 0 2 7 0 2 7 5 31 3 1 2 7 0 2 7 17 18 2 12 16 2 0 2 7 1 2 7 0 2 7 0 2 7 0 2 7 12 16 2 1 2 7 17 9 2 0 2 7 1 2 7 0 2 7 0 2 7 0 2 7 17 9 2 0 2 7 17 9 2 17 18 2 1 2 7 0 2 7 13 6 3 0 2 7 5 31 3 0 2 7 0 2 7 12 16 2 0 2 7 13 6 3 0 2 7 1 2 7 1 2 7 1 2 7 1 2 7 0 2 7 0 2 7 16 6 2 0 2 7 0 2 7 0 2 7 1 2 7 1 2 7 1 2 7 1 2 7 17 9 2 1 2 4 1 2 7 0 59.7211945056915283

MonoObjective Genetic Algorithm
Number of Evaluations = 0
Mutation Probability = 0
Crossover Probability = 1
Population Size = 10
Survival Selection Type = 1

Time =  18019.2204060554504

Current Evaluation = 2080
Front Size = 10
1 2 4 1 2 7 13 6 3 1 2 7 12 16 2 1 2 7 5 31 3 0 2 4 0 2 7 0 2 7 5 31 3 1 2 7 0 2 7 17 18 2 12 16 2 0 2 7 1 2 7 0 2 7 0 2 7 0 2 7 12 16 2 1 2 7 17 9 2 0 2 7 1 2 7 0 2 7 0 2 7 0 2 7 17 9 2 0 2 7 17 9 2 17 18 2 1 2 7 0 2 7 13 6 3 0 2 7 5 31 3 0 2 7 0 2 7 12 16 2 0 2 7 13 6 3 0 2 7 1 2 7 1 2 7 1 2 7 1 2 7 0 2 7 0 2 7 16 6 2 0 2 7 0 2 7 0 2 7 1 2 7 1 2 7 1 2 7 1 2 7 17 9 2 1 2 4 1 2 7 0 59.7211945056915283
1 2 4 1 2 7 13 6 3 1 2 7 12 16 2 1 2 7 5 31 3 0 2 4 0 2 7 0 2 7 5 31 3 1 2 7 0 2 7 17 18 2 12 16 2 0 2 7 1 2 7 0 2 7 0 2 7 0 2 7 12 16 2 1 2 7 17 9 2 0 2 7 1 2 7 0 2 7 0 2 7 0 2 7 17 9 2 0 2 7 17 9 2 17 18 2 1 2 7 0 2 7 13 6 3 0 2 7 5 31 3 0 2 7 0 2 7 12 16 2 0 2 7 13 6 3 0 2 7 1 2 7 1 2 7 1 2 7 1 2 7 0 2 7 0 2 7 16 6 2 0 2 7 0 2 7 0 2 7 1 2 7 1 2 7 1 2 7 1 2 7 17 9 2 1 2 4 1 2 7 0 59.7211945056915283
1 2 4 1 2 7 13 6 3 1 2 7 12 16 2 1 2 7 5 31 3 0 2 4 0 2 7 0 2 7 5 31 3 1 2 7 0 2 7 17 18 2 12 16 2 0 2 7 1 2 7 0 2 7 0 2 7 0 2 7 12 16 2 1 2 7 17 9 2 0 2 7 1 2 7 0 2 7 0 2 7 0 2 7 17 9 2 0 2 7 17 9 2 17 18 2 1 2 7 0 2 7 13 6 3 0 2 7 5 31 3 0 2 7 0 2 7 12 16 2 0 2 7 13 6 3 0 2 7 1 2 7 1 2 7 1 2 7 1 2 7 0 2 7 0 2 7 16 6 2 0 2 7 0 2 7 0 2 7 1 2 7 1 2 7 1 2 7 1 2 7 17 9 2 1 2 4 1 2 7 0 59.7211945056915283
1 2 4 1 2 7 13 6 3 1 2 7 12 16 2 1 2 7 5 31 3 0 2 4 0 2 7 0 2 7 5 31 3 1 2 7 0 2 7 17 18 2 12 16 2 0 2 7 1 2 7 0 2 7 0 2 7 0 2 7 12 16 2 1 2 7 17 9 2 0 2 7 1 2 7 0 2 7 0 2 7 0 2 7 17 9 2 0 2 7 17 9 2 17 18 2 1 2 7 0 2 7 13 6 3 0 2 7 5 31 3 0 2 7 0 2 7 12 16 2 0 2 7 13 6 3 0 2 7 1 2 7 1 2 7 1 2 7 1 2 7 0 2 7 0 2 7 16 6 2 0 2 7 0 2 7 0 2 7 1 2 7 1 2 7 1 2 7 1 2 7 17 9 2 1 2 4 1 2 7 0 59.7211945056915283
1 2 4 1 2 7 13 6 3 1 2 7 12 16 2 1 2 7 5 31 3 0 2 4 0 2 7 0 2 7 5 31 3 1 2 7 0 2 7 17 18 2 12 16 2 0 2 7 1 2 7 0 2 7 0 2 7 0 2 7 12 16 2 1 2 7 17 9 2 0 2 7 1 2 7 0 2 7 0 2 7 0 2 7 17 9 2 0 2 7 17 9 2 17 18 2 1 2 7 0 2 7 13 6 3 0 2 7 5 31 3 0 2 7 0 2 7 12 16 2 0 2 7 13 6 3 0 2 7 1 2 7 1 2 7 1 2 7 1 2 7 0 2 7 0 2 7 16 6 2 0 2 7 0 2 7 0 2 7 1 2 7 1 2 7 1 2 7 1 2 7 17 9 2 1 2 4 1 2 7 0 59.7211945056915283
1 2 4 1 2 7 13 6 3 1 2 7 12 16 2 1 2 7 5 31 3 0 2 4 0 2 7 0 2 7 5 31 3 1 2 7 0 2 7 17 18 2 12 16 2 0 2 7 1 2 7 0 2 7 0 2 7 0 2 7 12 16 2 1 2 7 17 9 2 0 2 7 1 2 7 0 2 7 0 2 7 0 2 7 17 9 2 0 2 7 17 9 2 17 18 2 1 2 7 0 2 7 13 6 3 0 2 7 5 31 3 0 2 7 0 2 7 12 16 2 0 2 7 13 6 3 0 2 7 1 2 7 1 2 7 1 2 7 1 2 7 0 2 7 0 2 7 16 6 2 0 2 7 0 2 7 0 2 7 1 2 7 1 2 7 1 2 7 1 2 7 17 9 2 1 2 4 1 2 7 0 59.7211945056915283
1 2 4 1 2 7 13 6 3 1 2 7 12 16 2 1 2 7 5 31 3 0 2 4 0 2 7 0 2 7 5 31 3 1 2 7 0 2 7 17 18 2 12 16 2 0 2 7 1 2 7 0 2 7 0 2 7 0 2 7 12 16 2 1 2 7 17 9 2 0 2 7 1 2 7 0 2 7 0 2 7 0 2 7 17 9 2 0 2 7 17 9 2 17 18 2 1 2 7 0 2 7 13 6 3 0 2 7 5 31 3 0 2 7 0 2 7 12 16 2 0 2 7 13 6 3 0 2 7 1 2 7 1 2 7 1 2 7 1 2 7 0 2 7 0 2 7 16 6 2 0 2 7 0 2 7 0 2 7 1 2 7 1 2 7 1 2 7 1 2 7 17 9 2 1 2 4 1 2 7 0 59.7211945056915283
1 2 4 1 2 7 13 6 3 1 2 7 12 16 2 1 2 7 5 31 3 0 2 4 0 2 7 0 2 7 5 31 3 1 2 7 0 2 7 17 18 2 12 16 2 0 2 7 1 2 7 0 2 7 0 2 7 0 2 7 12 16 2 1 2 7 17 9 2 0 2 7 1 2 7 0 2 7 0 2 7 0 2 7 17 9 2 0 2 7 17 9 2 17 18 2 1 2 7 0 2 7 13 6 3 0 2 7 5 31 3 0 2 7 0 2 7 12 16 2 0 2 7 13 6 3 0 2 7 1 2 7 1 2 7 1 2 7 1 2 7 0 2 7 0 2 7 16 6 2 0 2 7 0 2 7 0 2 7 1 2 7 1 2 7 1 2 7 1 2 7 17 9 2 1 2 4 1 2 7 0 59.7211945056915283
1 2 4 1 2 7 13 6 3 1 2 7 12 16 2 1 2 7 5 31 3 0 2 4 0 2 7 0 2 7 5 31 3 1 2 7 0 2 7 17 18 2 12 16 2 0 2 7 1 2 7 0 2 7 0 2 7 0 2 7 12 16 2 1 2 7 17 9 2 0 2 7 1 2 7 0 2 7 0 2 7 0 2 7 17 9 2 0 2 7 17 9 2 17 18 2 1 2 7 0 2 7 13 6 3 0 2 7 5 31 3 0 2 7 0 2 7 12 16 2 0 2 7 13 6 3 0 2 7 1 2 7 1 2 7 1 2 7 1 2 7 0 2 7 0 2 7 16 6 2 0 2 7 0 2 7 0 2 7 1 2 7 1 2 7 1 2 7 1 2 7 17 9 2 1 2 4 1 2 7 0 59.7211945056915283
1 2 4 1 2 7 13 6 3 1 2 7 12 16 2 1 2 7 5 31 3 0 2 4 0 2 7 0 2 7 5 31 3 1 2 7 0 2 7 17 18 2 12 16 2 0 2 7 1 2 7 0 2 7 0 2 7 0 2 7 12 16 2 1 2 7 17 9 2 0 2 7 1 2 7 0 2 7 0 2 7 0 2 7 17 9 2 0 2 7 17 9 2 17 18 2 1 2 7 0 2 7 13 6 3 0 2 7 5 31 3 0 2 7 0 2 7 12 16 2 0 2 7 13 6 3 0 2 7 1 2 7 1 2 7 1 2 7 1 2 7 0 2 7 0 2 7 16 6 2 0 2 7 0 2 7 0 2 7 1 2 7 1 2 7 1 2 7 1 2 7 17 9 2 1 2 4 1 2 7 0 59.7211945056915283

