Current Evaluation = 450(450)
Front Size = 10
1 2 11 0 2 4 1 2 3 17 18 2 8 9 2 1 2 7 0 2 7 17 9 2 0 2 7 0 2 7 1 2 7 5 31 3 0 2 7 0 2 7 12 16 2 16 30 2 0 2 7 0 2 7 0 2 7 5 30 3 0 2 7 0 2 7 1 2 7 0 2 4 0 2 7 1 2 3 0 2 4 1 2 7 0 2 7 1 2 7 17 18 2 1 2 7 5 31 3 0 2 7 1 2 7 1 2 7 1 2 7 0 2 7 1 2 4 0 2 7 0 40.7372218370437622
1 2 7 0 2 7 1 2 7 17 18 2 8 9 2 0 2 7 0 2 4 17 9 2 0 2 7 0 2 7 1 2 7 5 31 3 0 2 7 0 2 7 12 16 2 16 6 2 0 2 7 0 2 7 0 2 3 5 30 3 0 2 4 0 2 7 1 2 7 0 2 7 0 2 7 1 2 7 0 2 4 1 2 7 0 2 7 1 2 3 17 18 2 1 2 7 5 31 3 0 2 3 1 2 4 1 2 7 1 2 4 0 2 7 1 2 3 6 2 7 0 40.8292918801307678
17 18 2 5 31 3 1 2 7 6 2 4 0 2 7 5 31 3 0 2 7 1 2 7 1 2 7 0 2 7 0 2 7 1 2 7 16 6 2 0 2 7 5 30 3 12 16 2 1 2 7 1 2 4 0 2 7 0 2 7 0 2 7 0 2 7 0 2 7 1 2 3 0 2 7 0 2 7 0 2 7 0 2 7 5 31 3 16 20 12 0 2 7 0 2 7 0 2 7 0 2 7 17 9 2 16 6 2 5 31 3 1 2 4 0 2 7 0 2 7 0 40.9629817605018616
17 18 2 5 30 3 1 2 7 1 2 7 0 2 7 5 31 3 0 2 4 1 2 7 0 2 7 1 2 7 6 2 7 0 2 7 0 2 7 0 2 7 5 31 3 12 16 2 1 2 7 0 2 7 0 2 7 0 2 7 0 2 7 0 2 7 0 2 7 1 2 7 0 2 3 0 2 7 0 2 7 0 2 10 16 31 2 0 2 4 5 30 3 1 2 7 1 2 7 12 16 2 1 2 3 16 30 2 0 2 4 1 2 3 16 6 2 17 18 2 0.000769016317191555544 40.7689737677574158
1 2 7 1 2 7 0 2 7 17 18 2 0 2 3 1 2 7 17 9 2 0 2 3 0 2 7 1 2 7 5 31 3 0 2 3 0 2 7 12 16 2 16 6 2 0 2 7 0 2 7 0 2 4 5 30 3 8 9 2 0 2 7 1 2 7 0 2 7 0 2 3 1 2 3 0 2 7 1 2 7 5 31 3 0 2 7 1 2 7 0 2 7 0 2 7 1 2 7 16 6 2 0 2 3 1 2 3 0 2 7 0 2 7 1 2 7 1 2 7 0 41.0997598171234131
1 2 7 0 2 7 1 2 7 17 18 2 0 2 7 0 2 4 17 9 2 0 2 7 0 2 7 1 2 7 5 31 3 0 2 7 0 2 7 12 16 2 16 6 2 0 2 7 0 2 7 0 2 3 5 30 3 0 2 4 0 2 7 1 2 7 0 2 7 0 2 7 1 2 7 0 2 7 1 2 3 5 31 3 0 2 3 0 2 7 1 2 3 6 2 7 5 31 3 0 2 4 1 2 7 17 18 2 1 2 7 1 2 4 16 6 2 16 19 11 0.0358297025254996002 40.9812267422676086
6 2 7 1 2 7 5 31 3 0 2 7 0 2 7 0 2 7 5 31 3 0 2 7 1 2 7 1 2 7 16 6 2 6 2 7 0 2 7 1 2 7 0 2 4 5 31 3 1 2 7 5 31 3 12 16 2 1 2 7 0 2 7 0 2 7 0 2 7 0 2 7 0 2 7 0 2 7 0 2 7 0 2 7 0 2 7 17 9 2 1 2 7 0 2 7 17 18 2 0 2 7 1 2 7 16 6 2 0 2 7 0 2 7 0 2 7 1 2 7 0 40.7608457803726196
0 2 4 17 18 2 5 30 3 0 2 7 1 2 7 0 2 7 5 31 3 0 2 7 1 2 7 0 2 7 16 6 2 1 2 7 0 2 7 0 2 7 0 2 7 1 2 7 1 2 7 5 31 3 12 16 2 1 2 4 0 2 7 0 2 7 0 2 7 0 2 7 0 2 7 0 2 7 6 2 7 1 2 7 0 2 3 17 9 2 5 31 3 0 2 7 16 19 11 1 2 4 1 2 7 8 9 2 0 2 7 5 31 3 1 2 3 0 2 7 0.00266745013391422262 41.5542988181114197
1 2 7 0 2 7 1 2 7 17 18 2 8 9 2 0 2 7 0 2 4 17 9 2 0 2 7 0 2 7 1 2 7 5 31 3 0 2 7 0 2 7 12 16 2 16 6 2 0 2 7 0 2 7 0 2 3 5 30 3 0 2 4 0 2 7 1 2 7 0 2 7 0 2 7 1 2 7 0 2 4 1 2 7 0 2 7 1 2 3 17 18 2 1 2 7 5 31 3 0 2 3 1 2 4 1 2 7 1 2 4 0 2 7 1 2 3 6 2 7 0 40.8292918801307678
16 19 11 0 2 7 1 2 7 17 18 2 0 2 7 0 2 7 17 9 2 0 2 7 0 2 7 1 2 7 5 31 3 0 2 7 0 2 7 12 16 2 16 6 2 0 2 7 0 2 7 0 2 7 5 31 3 0 2 7 1 2 7 0 2 7 0 2 7 1 2 7 1 2 7 0 2 7 5 31 3 1 2 7 0 2 7 0 2 7 0 2 7 1 2 7 5 31 3 0 2 7 16 20 12 0 2 7 0 2 7 1 2 7 1 2 7 1 2 7 0 41.0513436794281006

Current Evaluation = 900(900)
Front Size = 10
5 31 3 0 2 7 0 2 7 1 2 7 5 31 3 0 2 7 0 2 7 16 6 2 0 2 7 0 2 7 5 31 3 1 2 7 0 2 7 0 2 7 0 2 7 1 2 7 0 2 7 0 2 7 16 6 2 0 2 7 17 18 2 0 2 7 1 2 7 0 2 7 0 2 7 0 2 7 0 2 7 0 2 7 1 2 7 1 2 7 1 2 7 17 9 2 16 31 2 1 2 7 1 2 7 1 2 7 0 2 7 0 2 7 5 30 3 1 2 7 0 40.3387407064437866
1 2 4 5 31 3 0 2 7 0 2 7 1 2 7 5 31 3 0 2 7 0 2 7 16 6 2 0 2 7 0 2 7 5 31 3 1 2 7 0 2 7 0 2 4 0 2 7 1 2 7 0 2 7 0 2 7 16 6 2 0 2 7 17 18 2 0 2 7 1 2 7 0 2 7 0 2 7 0 2 7 0 2 7 0 2 7 1 2 4 0 2 7 1 2 7 1 2 7 1 2 7 17 9 2 16 31 2 12 16 2 5 30 3 1 2 7 1 2 7 0 40.4265387058258057
1 2 4 5 31 3 0 2 7 0 2 7 1 2 7 5 31 3 0 2 7 0 2 7 16 6 2 0 2 7 0 2 7 5 31 3 1 2 7 0 2 7 0 2 4 0 2 7 1 2 7 0 2 7 0 2 7 16 6 2 0 2 7 17 18 2 0 2 7 1 2 7 0 2 7 0 2 7 0 2 7 0 2 7 0 2 7 1 2 4 0 2 7 1 2 7 1 2 7 1 2 7 17 9 2 16 31 2 12 16 2 5 30 3 1 2 7 1 2 7 0 40.4265387058258057
1 2 7 5 31 3 1 2 7 1 2 7 1 2 7 5 31 3 1 2 7 0 2 7 16 6 2 0 2 7 1 2 7 0 2 7 0 2 7 16 6 2 0 2 7 17 9 2 17 18 2 0 2 7 0 2 7 0 2 7 0 2 7 0 2 7 1 2 7 0 2 7 5 31 3 1 2 7 0 2 7 0 2 7 1 2 7 16 31 2 0 2 7 0 2 7 0 2 7 0 2 7 0 2 7 5 30 3 0 2 7 1 2 7 0 2 7 12 16 2 1.22392144112382066e-09 40.5570906400680542
1 2 7 5 31 3 1 2 7 1 2 7 1 2 7 5 31 3 1 2 7 0 2 7 16 6 2 0 2 7 1 2 7 0 2 7 0 2 7 16 6 2 0 2 7 17 9 2 17 18 2 0 2 7 0 2 7 0 2 7 0 2 7 0 2 7 1 2 7 0 2 7 5 31 3 1 2 7 0 2 7 0 2 7 1 2 7 16 31 2 0 2 7 0 2 7 0 2 7 0 2 7 0 2 7 5 30 3 1 2 4 1 2 4 0 2 4 1 2 7 4.69184111463392646e-05 40.2081887722015381
1 2 7 5 31 3 1 2 7 1 2 7 1 2 7 5 31 3 1 2 7 0 2 7 16 6 2 0 2 7 1 2 7 0 2 7 0 2 7 16 6 2 0 2 7 17 9 2 17 18 2 0 2 7 0 2 7 0 2 7 0 2 7 0 2 7 1 2 7 0 2 7 5 31 3 1 2 7 0 2 7 0 2 7 1 2 7 1 2 4 16 31 2 1 2 4 0 2 7 0 2 7 0 2 7 0 2 7 0 2 4 0 2 7 12 16 2 5 30 3 0 40.4265387058258057
1 2 7 5 31 3 1 2 7 1 2 7 1 2 7 5 31 3 1 2 7 0 2 7 16 6 2 0 2 7 1 2 7 0 2 7 0 2 7 16 6 2 0 2 7 17 9 2 17 18 2 0 2 7 0 2 7 0 2 7 0 2 7 0 2 7 1 2 7 0 2 7 5 31 3 1 2 7 0 2 7 0 2 7 1 2 7 1 2 4 16 31 2 1 2 4 0 2 7 0 2 7 0 2 7 0 2 7 0 2 4 0 2 7 12 16 2 5 30 3 0 40.4265387058258057
1 2 7 5 31 3 1 2 7 1 2 7 1 2 7 5 31 3 1 2 7 0 2 7 16 6 2 0 2 7 1 2 7 0 2 7 0 2 7 16 6 2 0 2 7 17 9 2 17 18 2 0 2 7 0 2 7 0 2 7 0 2 7 0 2 7 1 2 7 0 2 7 5 31 3 1 2 7 0 2 7 0 2 7 1 2 7 1 2 4 16 31 2 1 2 4 0 2 7 0 2 7 0 2 7 0 2 7 0 2 4 0 2 7 12 16 2 5 30 3 0 40.4265387058258057
1 2 7 5 31 3 1 2 7 1 2 7 1 2 7 5 31 3 1 2 7 0 2 7 16 6 2 0 2 7 1 2 7 0 2 7 0 2 7 16 6 2 0 2 7 17 9 2 17 18 2 0 2 7 0 2 7 0 2 7 0 2 7 0 2 7 1 2 7 0 2 7 5 31 3 1 2 7 0 2 7 0 2 7 1 2 7 1 2 4 16 31 2 1 2 4 0 2 7 0 2 7 0 2 7 0 2 7 0 2 4 0 2 7 12 16 2 5 30 3 0 40.4265387058258057
1 2 7 5 31 3 1 2 7 1 2 7 1 2 7 5 31 3 1 2 7 0 2 7 16 6 2 0 2 7 1 2 7 0 2 7 0 2 7 16 6 2 0 2 7 17 9 2 17 18 2 0 2 7 0 2 7 0 2 7 0 2 7 0 2 7 1 2 7 0 2 7 5 31 3 1 2 7 0 2 7 0 2 7 1 2 7 1 2 4 16 31 2 1 2 4 0 2 7 0 2 7 0 2 7 0 2 7 0 2 4 0 2 7 12 16 2 5 30 3 0 40.4265387058258057

Current Evaluation = 1350(1350)
Front Size = 10
1 2 7 5 31 3 1 2 7 1 2 7 1 2 7 5 31 3 1 2 7 0 2 7 16 6 2 0 2 7 0 2 7 0 2 7 0 2 7 16 6 2 0 2 7 17 9 2 17 18 2 0 2 7 0 2 7 0 2 7 0 2 7 0 2 7 1 2 7 0 2 7 5 31 3 1 2 7 0 2 7 0 2 7 1 2 7 16 31 2 0 2 7 0 2 7 0 2 7 5 30 3 1 2 7 1 2 7 1 2 7 0 2 7 0 2 7 0 2 7 0 40.3387407064437866
1 2 7 5 31 3 1 2 7 1 2 7 1 2 7 5 31 3 1 2 7 0 2 7 16 6 2 0 2 7 0 2 7 0 2 7 0 2 7 16 6 2 0 2 7 17 9 2 17 18 2 0 2 7 0 2 7 0 2 7 0 2 7 0 2 7 1 2 7 0 2 7 5 31 3 1 2 7 0 2 7 0 2 7 1 2 7 16 31 2 0 2 7 0 2 7 0 2 7 5 30 3 1 2 7 1 2 7 1 2 7 0 2 7 0 2 7 0 2 7 0 40.3387407064437866
1 2 7 5 31 3 1 2 7 1 2 7 0 2 7 5 31 3 1 2 7 0 2 7 16 6 2 0 2 7 1 2 7 0 2 7 0 2 7 16 6 2 0 2 7 17 9 2 17 18 2 0 2 7 0 2 7 0 2 7 0 2 7 0 2 7 1 2 7 0 2 7 5 31 3 1 2 7 0 2 7 0 2 7 1 2 7 16 31 2 0 2 7 0 2 7 0 2 7 0 2 7 5 30 3 1 2 7 1 2 7 1 2 7 0 2 7 0 2 7 0 40.3387407064437866
1 2 7 5 31 3 1 2 7 1 2 7 0 2 7 5 31 3 1 2 7 0 2 7 16 6 2 0 2 7 1 2 7 0 2 7 0 2 7 16 6 2 0 2 7 17 9 2 17 18 2 0 2 7 0 2 7 0 2 7 0 2 7 0 2 7 1 2 7 0 2 7 5 31 3 1 2 7 0 2 7 0 2 7 1 2 7 16 31 2 0 2 7 0 2 7 0 2 7 0 2 7 5 30 3 1 2 7 1 2 7 1 2 7 0 2 7 0 2 7 0 40.3387407064437866
1 2 7 5 31 3 1 2 7 1 2 7 1 2 7 5 31 3 1 2 7 0 2 7 16 6 2 0 2 7 0 2 7 0 2 7 0 2 7 16 6 2 0 2 7 17 9 2 17 18 2 0 2 7 0 2 7 0 2 7 0 2 7 0 2 7 1 2 7 0 2 7 5 31 3 1 2 7 0 2 7 0 2 7 1 2 7 16 31 2 0 2 7 0 2 7 0 2 7 5 30 3 1 2 7 1 2 7 1 2 7 0 2 7 0 2 7 0 2 7 0 40.3387407064437866
1 2 7 5 31 3 1 2 7 1 2 7 1 2 7 5 31 3 1 2 7 0 2 7 16 6 2 0 2 7 0 2 7 0 2 7 0 2 7 16 6 2 0 2 7 17 9 2 17 18 2 0 2 7 0 2 7 0 2 7 0 2 7 0 2 7 1 2 7 0 2 7 5 31 3 1 2 7 0 2 7 0 2 7 1 2 7 16 31 2 0 2 7 0 2 7 0 2 7 5 30 3 1 2 7 1 2 7 1 2 7 0 2 7 0 2 7 0 2 7 0 40.3387407064437866
1 2 7 5 31 3 1 2 7 1 2 7 1 2 7 5 31 3 1 2 7 0 2 7 16 6 2 0 2 7 0 2 7 0 2 7 0 2 7 16 6 2 0 2 7 17 9 2 17 18 2 0 2 7 0 2 7 0 2 7 0 2 7 0 2 7 1 2 7 0 2 7 5 31 3 1 2 7 0 2 7 0 2 7 1 2 7 16 31 2 0 2 7 0 2 7 0 2 7 5 30 3 1 2 7 1 2 7 1 2 7 0 2 7 0 2 7 0 2 7 0 40.3387407064437866
1 2 7 5 31 3 1 2 7 1 2 7 1 2 7 5 31 3 1 2 7 0 2 7 16 6 2 0 2 7 0 2 7 0 2 7 0 2 7 16 6 2 0 2 7 17 9 2 17 18 2 0 2 7 0 2 7 0 2 7 0 2 7 0 2 7 1 2 7 0 2 7 5 31 3 1 2 7 0 2 7 0 2 7 1 2 7 16 31 2 0 2 7 0 2 7 0 2 7 5 30 3 1 2 7 1 2 7 1 2 7 0 2 7 0 2 7 0 2 7 0 40.3387407064437866
1 2 7 5 31 3 1 2 7 1 2 7 1 2 7 5 31 3 1 2 7 0 2 7 16 6 2 0 2 7 0 2 7 0 2 7 0 2 7 16 6 2 0 2 7 17 9 2 17 18 2 0 2 7 0 2 7 0 2 7 0 2 7 0 2 7 1 2 7 0 2 7 5 31 3 1 2 7 0 2 7 0 2 7 1 2 7 16 31 2 0 2 7 0 2 7 0 2 7 5 30 3 1 2 7 1 2 7 1 2 7 0 2 7 0 2 7 0 2 7 0 40.3387407064437866
1 2 7 5 31 3 1 2 7 1 2 7 1 2 7 5 31 3 1 2 7 0 2 7 16 6 2 0 2 7 0 2 7 0 2 7 0 2 7 16 6 2 0 2 7 17 9 2 17 18 2 0 2 7 0 2 7 0 2 7 0 2 7 0 2 7 1 2 7 0 2 7 5 31 3 1 2 7 0 2 7 0 2 7 1 2 7 16 31 2 0 2 7 0 2 7 0 2 7 5 30 3 1 2 7 1 2 7 1 2 7 0 2 7 0 2 7 0 2 7 0 40.3387407064437866

Current Evaluation = 1800(1800)
Front Size = 10
1 2 7 5 31 3 1 2 7 1 2 7 1 2 7 5 31 3 1 2 7 0 2 7 16 6 2 0 2 7 0 2 7 0 2 7 0 2 7 16 6 2 0 2 7 17 9 2 17 18 2 0 2 7 0 2 7 0 2 7 0 2 7 0 2 7 1 2 7 0 2 7 5 31 3 1 2 7 0 2 7 0 2 7 1 2 7 16 31 2 0 2 7 0 2 7 0 2 7 5 30 3 1 2 7 1 2 7 1 2 7 0 2 7 0 2 7 0 2 7 0 40.3387407064437866
1 2 7 5 31 3 1 2 7 1 2 7 1 2 7 5 31 3 1 2 7 0 2 7 16 6 2 0 2 7 0 2 7 0 2 7 0 2 7 16 6 2 0 2 7 17 9 2 17 18 2 0 2 7 0 2 7 0 2 7 0 2 7 0 2 7 1 2 7 0 2 7 5 31 3 1 2 7 0 2 7 0 2 7 1 2 7 16 31 2 0 2 7 0 2 7 0 2 7 5 30 3 1 2 7 1 2 7 1 2 7 0 2 7 0 2 7 0 2 7 0 40.3387407064437866
1 2 7 5 31 3 1 2 7 1 2 7 1 2 7 5 31 3 1 2 7 0 2 7 16 6 2 0 2 7 0 2 7 0 2 7 0 2 7 16 6 2 0 2 7 17 9 2 17 18 2 0 2 7 0 2 7 0 2 7 0 2 7 0 2 7 1 2 7 0 2 7 5 31 3 1 2 7 0 2 7 0 2 7 1 2 7 16 31 2 0 2 7 0 2 7 0 2 7 5 30 3 1 2 7 1 2 7 1 2 7 0 2 7 0 2 7 0 2 7 0 40.3387407064437866
1 2 7 5 31 3 1 2 7 1 2 7 1 2 7 5 31 3 1 2 7 0 2 7 16 6 2 0 2 7 0 2 7 0 2 7 0 2 7 16 6 2 0 2 7 17 9 2 17 18 2 0 2 7 0 2 7 0 2 7 0 2 7 0 2 7 1 2 7 0 2 7 5 31 3 1 2 7 0 2 7 0 2 7 1 2 7 16 31 2 0 2 7 0 2 7 0 2 7 5 30 3 1 2 7 1 2 7 1 2 7 0 2 7 0 2 7 0 2 7 0 40.3387407064437866
1 2 7 5 31 3 1 2 7 1 2 7 1 2 7 5 31 3 1 2 7 0 2 7 16 6 2 0 2 7 0 2 7 0 2 7 0 2 7 16 6 2 0 2 7 17 9 2 17 18 2 0 2 7 0 2 7 0 2 7 0 2 7 0 2 7 1 2 7 0 2 7 5 31 3 1 2 7 0 2 7 0 2 7 1 2 7 16 31 2 0 2 7 0 2 7 0 2 7 5 30 3 1 2 7 1 2 7 1 2 7 0 2 7 0 2 7 0 2 7 0 40.3387407064437866
1 2 7 5 31 3 1 2 7 1 2 7 1 2 7 5 31 3 1 2 7 0 2 7 16 6 2 0 2 7 0 2 7 0 2 7 0 2 7 16 6 2 0 2 7 17 9 2 17 18 2 0 2 7 0 2 7 0 2 7 0 2 7 0 2 7 1 2 7 0 2 7 5 31 3 1 2 7 0 2 7 0 2 7 1 2 7 16 31 2 0 2 7 0 2 7 0 2 7 5 30 3 1 2 7 1 2 7 1 2 7 0 2 7 0 2 7 0 2 7 0 40.3387407064437866
1 2 7 5 31 3 1 2 7 1 2 7 1 2 7 5 31 3 1 2 7 0 2 7 16 6 2 0 2 7 0 2 7 0 2 7 0 2 7 16 6 2 0 2 7 17 9 2 17 18 2 0 2 7 0 2 7 0 2 7 0 2 7 0 2 7 1 2 7 0 2 7 5 31 3 1 2 7 0 2 7 0 2 7 1 2 7 16 31 2 0 2 7 0 2 7 0 2 7 5 30 3 1 2 7 1 2 7 1 2 7 0 2 7 0 2 7 0 2 7 0 40.3387407064437866
1 2 7 5 31 3 1 2 7 1 2 7 1 2 7 5 31 3 1 2 7 0 2 7 16 6 2 0 2 7 0 2 7 0 2 7 0 2 7 16 6 2 0 2 7 17 9 2 17 18 2 0 2 7 0 2 7 0 2 7 0 2 7 0 2 7 1 2 7 0 2 7 5 31 3 1 2 7 0 2 7 0 2 7 1 2 7 16 31 2 0 2 7 0 2 7 0 2 7 5 30 3 1 2 7 1 2 7 1 2 7 0 2 7 0 2 7 0 2 7 0 40.3387407064437866
1 2 7 5 31 3 1 2 7 1 2 7 1 2 7 5 31 3 1 2 7 0 2 7 16 6 2 0 2 7 0 2 7 0 2 7 0 2 7 16 6 2 0 2 7 17 9 2 17 18 2 0 2 7 0 2 7 0 2 7 0 2 7 0 2 7 1 2 7 0 2 7 5 31 3 1 2 7 0 2 7 0 2 7 1 2 7 16 31 2 0 2 7 0 2 7 0 2 7 5 30 3 1 2 7 1 2 7 1 2 7 0 2 7 0 2 7 0 2 7 0 40.3387407064437866
1 2 7 5 31 3 1 2 7 1 2 7 1 2 7 5 31 3 1 2 7 0 2 7 16 6 2 0 2 7 0 2 7 0 2 7 0 2 7 16 6 2 0 2 7 17 9 2 17 18 2 0 2 7 0 2 7 0 2 7 0 2 7 0 2 7 1 2 7 0 2 7 5 31 3 1 2 7 0 2 7 0 2 7 1 2 7 16 31 2 0 2 7 0 2 7 0 2 7 5 30 3 1 2 7 1 2 7 1 2 7 0 2 7 0 2 7 0 2 7 0 40.3387407064437866

Current Evaluation = 2250(2250)
Front Size = 10
1 2 7 5 31 3 1 2 7 1 2 7 1 2 7 5 31 3 1 2 7 0 2 7 16 6 2 0 2 7 0 2 7 0 2 7 0 2 7 16 6 2 0 2 7 17 9 2 17 18 2 0 2 7 0 2 7 0 2 7 0 2 7 0 2 7 1 2 7 0 2 7 5 31 3 1 2 7 0 2 7 0 2 7 1 2 7 16 31 2 0 2 7 0 2 7 0 2 7 5 30 3 1 2 7 1 2 7 1 2 7 0 2 7 0 2 7 0 2 7 0 40.3387407064437866
1 2 7 5 31 3 1 2 7 1 2 7 1 2 7 5 31 3 1 2 7 0 2 7 16 6 2 0 2 7 0 2 7 0 2 7 0 2 7 16 6 2 0 2 7 17 9 2 17 18 2 0 2 7 0 2 7 0 2 7 0 2 7 0 2 7 1 2 7 0 2 7 5 31 3 1 2 7 0 2 7 0 2 7 1 2 7 16 31 2 0 2 7 0 2 7 0 2 7 5 30 3 1 2 7 1 2 7 1 2 7 0 2 7 0 2 7 0 2 7 0 40.3387407064437866
1 2 7 5 31 3 1 2 7 1 2 7 1 2 7 5 31 3 1 2 7 0 2 7 16 6 2 0 2 7 0 2 7 0 2 7 0 2 7 16 6 2 0 2 7 17 9 2 17 18 2 0 2 7 0 2 7 0 2 7 0 2 7 0 2 7 1 2 7 0 2 7 5 31 3 1 2 7 0 2 7 0 2 7 1 2 7 16 31 2 0 2 7 0 2 7 0 2 7 5 30 3 1 2 7 1 2 7 1 2 7 0 2 7 0 2 7 0 2 7 0 40.3387407064437866
1 2 7 5 31 3 1 2 7 1 2 7 1 2 7 5 31 3 1 2 7 0 2 7 16 6 2 0 2 7 0 2 7 0 2 7 0 2 7 16 6 2 0 2 7 17 9 2 17 18 2 0 2 7 0 2 7 0 2 7 0 2 7 0 2 7 1 2 7 0 2 7 5 31 3 1 2 7 0 2 7 0 2 7 1 2 7 16 31 2 0 2 7 0 2 7 0 2 7 5 30 3 1 2 7 1 2 7 1 2 7 0 2 7 0 2 7 0 2 7 0 40.3387407064437866
1 2 7 5 31 3 1 2 7 1 2 7 1 2 7 5 31 3 1 2 7 0 2 7 16 6 2 0 2 7 0 2 7 0 2 7 0 2 7 16 6 2 0 2 7 17 9 2 17 18 2 0 2 7 0 2 7 0 2 7 0 2 7 0 2 7 1 2 7 0 2 7 5 31 3 1 2 7 0 2 7 0 2 7 1 2 7 16 31 2 0 2 7 0 2 7 0 2 7 5 30 3 1 2 7 1 2 7 1 2 7 0 2 7 0 2 7 0 2 7 0 40.3387407064437866
1 2 7 5 31 3 1 2 7 1 2 7 1 2 7 5 31 3 1 2 7 0 2 7 16 6 2 0 2 7 0 2 7 0 2 7 0 2 7 16 6 2 0 2 7 17 9 2 17 18 2 0 2 7 0 2 7 0 2 7 0 2 7 0 2 7 1 2 7 0 2 7 5 31 3 1 2 7 0 2 7 0 2 7 1 2 7 16 31 2 0 2 7 0 2 7 0 2 7 5 30 3 1 2 7 1 2 7 1 2 7 0 2 7 0 2 7 0 2 7 0 40.3387407064437866
1 2 7 5 31 3 1 2 7 1 2 7 1 2 7 5 31 3 1 2 7 0 2 7 16 6 2 0 2 7 0 2 7 0 2 7 0 2 7 16 6 2 0 2 7 17 9 2 17 18 2 0 2 7 0 2 7 0 2 7 0 2 7 0 2 7 1 2 7 0 2 7 5 31 3 1 2 7 0 2 7 0 2 7 1 2 7 16 31 2 0 2 7 0 2 7 0 2 7 5 30 3 1 2 7 1 2 7 1 2 7 0 2 7 0 2 7 0 2 7 0 40.3387407064437866
1 2 7 5 31 3 1 2 7 1 2 7 1 2 7 5 31 3 1 2 7 0 2 7 16 6 2 0 2 7 0 2 7 0 2 7 0 2 7 16 6 2 0 2 7 17 9 2 17 18 2 0 2 7 0 2 7 0 2 7 0 2 7 0 2 7 1 2 7 0 2 7 5 31 3 1 2 7 0 2 7 0 2 7 1 2 7 16 31 2 0 2 7 0 2 7 0 2 7 5 30 3 1 2 7 1 2 7 1 2 7 0 2 7 0 2 7 0 2 7 0 40.3387407064437866
1 2 7 5 31 3 1 2 7 1 2 7 1 2 7 5 31 3 1 2 7 0 2 7 16 6 2 0 2 7 0 2 7 0 2 7 0 2 7 16 6 2 0 2 7 17 9 2 17 18 2 0 2 7 0 2 7 0 2 7 0 2 7 0 2 7 1 2 7 0 2 7 5 31 3 1 2 7 0 2 7 0 2 7 1 2 7 16 31 2 0 2 7 0 2 7 0 2 7 5 30 3 1 2 7 1 2 7 1 2 7 0 2 7 0 2 7 0 2 7 0 40.3387407064437866
1 2 7 5 31 3 1 2 7 1 2 7 1 2 7 5 31 3 1 2 7 0 2 7 16 6 2 0 2 7 0 2 7 0 2 7 0 2 7 16 6 2 0 2 7 17 9 2 17 18 2 0 2 7 0 2 7 0 2 7 0 2 7 0 2 7 1 2 7 0 2 7 5 31 3 1 2 7 0 2 7 0 2 7 1 2 7 16 31 2 0 2 7 0 2 7 0 2 7 5 30 3 1 2 7 1 2 7 1 2 7 0 2 7 0 2 7 0 2 7 0 40.3387407064437866

Current Evaluation = 2700(2700)
Front Size = 10
1 2 7 5 31 3 1 2 7 1 2 7 1 2 7 5 31 3 1 2 7 0 2 7 16 6 2 0 2 7 0 2 7 0 2 7 0 2 7 16 6 2 0 2 7 17 9 2 17 18 2 0 2 7 0 2 7 0 2 7 0 2 7 0 2 7 1 2 7 0 2 7 5 31 3 1 2 7 0 2 7 0 2 7 1 2 7 16 31 2 0 2 7 0 2 7 0 2 7 5 30 3 1 2 7 1 2 7 1 2 7 0 2 7 0 2 7 0 2 7 0 40.3387407064437866
1 2 7 5 31 3 1 2 7 1 2 7 1 2 7 5 31 3 1 2 7 0 2 7 16 6 2 0 2 7 0 2 7 0 2 7 0 2 7 16 6 2 0 2 7 17 9 2 17 18 2 0 2 7 0 2 7 0 2 7 0 2 7 0 2 7 1 2 7 0 2 7 5 31 3 1 2 7 0 2 7 0 2 7 1 2 7 16 31 2 0 2 7 0 2 7 0 2 7 5 30 3 1 2 7 1 2 7 1 2 7 0 2 7 0 2 7 0 2 7 0 40.3387407064437866
1 2 7 5 31 3 1 2 7 1 2 7 1 2 7 5 31 3 1 2 7 0 2 7 16 6 2 0 2 7 0 2 7 0 2 7 0 2 7 16 6 2 0 2 7 17 9 2 17 18 2 0 2 7 0 2 7 0 2 7 0 2 7 0 2 7 1 2 7 0 2 7 5 31 3 1 2 7 0 2 7 0 2 7 1 2 7 16 31 2 0 2 7 0 2 7 0 2 7 5 30 3 1 2 7 1 2 7 1 2 7 0 2 7 0 2 7 0 2 7 0 40.3387407064437866
1 2 7 5 31 3 1 2 7 1 2 7 1 2 7 5 31 3 1 2 7 0 2 7 16 6 2 0 2 7 0 2 7 0 2 7 0 2 7 16 6 2 0 2 7 17 9 2 17 18 2 0 2 7 0 2 7 0 2 7 0 2 7 0 2 7 1 2 7 0 2 7 5 31 3 1 2 7 0 2 7 0 2 7 1 2 7 16 31 2 0 2 7 0 2 7 0 2 7 5 30 3 1 2 7 1 2 7 1 2 7 0 2 7 0 2 7 0 2 7 0 40.3387407064437866
1 2 7 5 31 3 1 2 7 1 2 7 1 2 7 5 31 3 1 2 7 0 2 7 16 6 2 0 2 7 0 2 7 0 2 7 0 2 7 16 6 2 0 2 7 17 9 2 17 18 2 0 2 7 0 2 7 0 2 7 0 2 7 0 2 7 1 2 7 0 2 7 5 31 3 1 2 7 0 2 7 0 2 7 1 2 7 16 31 2 0 2 7 0 2 7 0 2 7 5 30 3 1 2 7 1 2 7 1 2 7 0 2 7 0 2 7 0 2 7 0 40.3387407064437866
1 2 7 5 31 3 1 2 7 1 2 7 1 2 7 5 31 3 1 2 7 0 2 7 16 6 2 0 2 7 0 2 7 0 2 7 0 2 7 16 6 2 0 2 7 17 9 2 17 18 2 0 2 7 0 2 7 0 2 7 0 2 7 0 2 7 1 2 7 0 2 7 5 31 3 1 2 7 0 2 7 0 2 7 1 2 7 16 31 2 0 2 7 0 2 7 0 2 7 5 30 3 1 2 7 1 2 7 1 2 7 0 2 7 0 2 7 0 2 7 0 40.3387407064437866
1 2 7 5 31 3 1 2 7 1 2 7 1 2 7 5 31 3 1 2 7 0 2 7 16 6 2 0 2 7 0 2 7 0 2 7 0 2 7 16 6 2 0 2 7 17 9 2 17 18 2 0 2 7 0 2 7 0 2 7 0 2 7 0 2 7 1 2 7 0 2 7 5 31 3 1 2 7 0 2 7 0 2 7 1 2 7 16 31 2 0 2 7 0 2 7 0 2 7 5 30 3 1 2 7 1 2 7 1 2 7 0 2 7 0 2 7 0 2 7 0 40.3387407064437866
1 2 7 5 31 3 1 2 7 1 2 7 1 2 7 5 31 3 1 2 7 0 2 7 16 6 2 0 2 7 0 2 7 0 2 7 0 2 7 16 6 2 0 2 7 17 9 2 17 18 2 0 2 7 0 2 7 0 2 7 0 2 7 0 2 7 1 2 7 0 2 7 5 31 3 1 2 7 0 2 7 0 2 7 1 2 7 16 31 2 0 2 7 0 2 7 0 2 7 5 30 3 1 2 7 1 2 7 1 2 7 0 2 7 0 2 7 0 2 7 0 40.3387407064437866
1 2 7 5 31 3 1 2 7 1 2 7 1 2 7 5 31 3 1 2 7 0 2 7 16 6 2 0 2 7 0 2 7 0 2 7 0 2 7 16 6 2 0 2 7 17 9 2 17 18 2 0 2 7 0 2 7 0 2 7 0 2 7 0 2 7 1 2 7 0 2 7 5 31 3 1 2 7 0 2 7 0 2 7 1 2 7 16 31 2 0 2 7 0 2 7 0 2 7 5 30 3 1 2 7 1 2 7 1 2 7 0 2 7 0 2 7 0 2 7 0 40.3387407064437866
1 2 7 5 31 3 1 2 7 1 2 7 1 2 7 5 31 3 1 2 7 0 2 7 16 6 2 0 2 7 0 2 7 0 2 7 0 2 7 16 6 2 0 2 7 17 9 2 17 18 2 0 2 7 0 2 7 0 2 7 0 2 7 0 2 7 1 2 7 0 2 7 5 31 3 1 2 7 0 2 7 0 2 7 1 2 7 16 31 2 0 2 7 0 2 7 0 2 7 5 30 3 1 2 7 1 2 7 1 2 7 0 2 7 0 2 7 0 2 7 0 40.3387407064437866

Current Evaluation = 3150(3150)
Front Size = 10
1 2 7 5 31 3 1 2 7 1 2 7 1 2 7 5 31 3 1 2 7 0 2 7 16 6 2 0 2 7 0 2 7 0 2 7 0 2 7 16 6 2 0 2 7 17 9 2 17 18 2 0 2 7 0 2 7 0 2 7 0 2 7 0 2 7 1 2 7 0 2 7 5 31 3 1 2 7 0 2 7 0 2 7 1 2 7 16 31 2 0 2 7 0 2 7 0 2 7 5 30 3 1 2 7 1 2 7 1 2 7 0 2 7 0 2 7 0 2 7 0 40.3387407064437866
1 2 7 5 31 3 1 2 7 1 2 7 1 2 7 5 31 3 1 2 7 0 2 7 16 6 2 0 2 7 0 2 7 0 2 7 0 2 7 16 6 2 0 2 7 17 9 2 17 18 2 0 2 7 0 2 7 0 2 7 0 2 7 0 2 7 1 2 7 0 2 7 5 31 3 1 2 7 0 2 7 0 2 7 1 2 7 16 31 2 0 2 7 0 2 7 0 2 7 5 30 3 1 2 7 1 2 7 1 2 7 0 2 7 0 2 7 0 2 7 0 40.3387407064437866
1 2 7 5 31 3 1 2 7 1 2 7 1 2 7 5 31 3 1 2 7 0 2 7 16 6 2 0 2 7 0 2 7 0 2 7 0 2 7 16 6 2 0 2 7 17 9 2 17 18 2 0 2 7 0 2 7 0 2 7 0 2 7 0 2 7 1 2 7 0 2 7 5 31 3 1 2 7 0 2 7 0 2 7 1 2 7 16 31 2 0 2 7 0 2 7 0 2 7 5 30 3 1 2 7 1 2 7 1 2 7 0 2 7 0 2 7 0 2 7 0 40.3387407064437866
1 2 7 5 31 3 1 2 7 1 2 7 1 2 7 5 31 3 1 2 7 0 2 7 16 6 2 0 2 7 0 2 7 0 2 7 0 2 7 16 6 2 0 2 7 17 9 2 17 18 2 0 2 7 0 2 7 0 2 7 0 2 7 0 2 7 1 2 7 0 2 7 5 31 3 1 2 7 0 2 7 0 2 7 1 2 7 16 31 2 0 2 7 0 2 7 0 2 7 5 30 3 1 2 7 1 2 7 1 2 7 0 2 7 0 2 7 0 2 7 0 40.3387407064437866
1 2 7 5 31 3 1 2 7 1 2 7 1 2 7 5 31 3 1 2 7 0 2 7 16 6 2 0 2 7 0 2 7 0 2 7 0 2 7 16 6 2 0 2 7 17 9 2 17 18 2 0 2 7 0 2 7 0 2 7 0 2 7 0 2 7 1 2 7 0 2 7 5 31 3 1 2 7 0 2 7 0 2 7 1 2 7 16 31 2 0 2 7 0 2 7 0 2 7 5 30 3 1 2 7 1 2 7 1 2 7 0 2 7 0 2 7 0 2 7 0 40.3387407064437866
1 2 7 5 31 3 1 2 7 1 2 7 1 2 7 5 31 3 1 2 7 0 2 7 16 6 2 0 2 7 0 2 7 0 2 7 0 2 7 16 6 2 0 2 7 17 9 2 17 18 2 0 2 7 0 2 7 0 2 7 0 2 7 0 2 7 1 2 7 0 2 7 5 31 3 1 2 7 0 2 7 0 2 7 1 2 7 16 31 2 0 2 7 0 2 7 0 2 7 5 30 3 1 2 7 1 2 7 1 2 7 0 2 7 0 2 7 0 2 7 0 40.3387407064437866
1 2 7 5 31 3 1 2 7 1 2 7 1 2 7 5 31 3 1 2 7 0 2 7 16 6 2 0 2 7 0 2 7 0 2 7 0 2 7 16 6 2 0 2 7 17 9 2 17 18 2 0 2 7 0 2 7 0 2 7 0 2 7 0 2 7 1 2 7 0 2 7 5 31 3 1 2 7 0 2 7 0 2 7 1 2 7 16 31 2 0 2 7 0 2 7 0 2 7 5 30 3 1 2 7 1 2 7 1 2 7 0 2 7 0 2 7 0 2 7 0 40.3387407064437866
1 2 7 5 31 3 1 2 7 1 2 7 1 2 7 5 31 3 1 2 7 0 2 7 16 6 2 0 2 7 0 2 7 0 2 7 0 2 7 16 6 2 0 2 7 17 9 2 17 18 2 0 2 7 0 2 7 0 2 7 0 2 7 0 2 7 1 2 7 0 2 7 5 31 3 1 2 7 0 2 7 0 2 7 1 2 7 16 31 2 0 2 7 0 2 7 0 2 7 5 30 3 1 2 7 1 2 7 1 2 7 0 2 7 0 2 7 0 2 7 0 40.3387407064437866
1 2 7 5 31 3 1 2 7 1 2 7 1 2 7 5 31 3 1 2 7 0 2 7 16 6 2 0 2 7 0 2 7 0 2 7 0 2 7 16 6 2 0 2 7 17 9 2 17 18 2 0 2 7 0 2 7 0 2 7 0 2 7 0 2 7 1 2 7 0 2 7 5 31 3 1 2 7 0 2 7 0 2 7 1 2 7 16 31 2 0 2 7 0 2 7 0 2 7 5 30 3 1 2 7 1 2 7 1 2 7 0 2 7 0 2 7 0 2 7 0 40.3387407064437866
1 2 7 5 31 3 1 2 7 1 2 7 1 2 7 5 31 3 1 2 7 0 2 7 16 6 2 0 2 7 0 2 7 0 2 7 0 2 7 16 6 2 0 2 7 17 9 2 17 18 2 0 2 7 0 2 7 0 2 7 0 2 7 0 2 7 1 2 7 0 2 7 5 31 3 1 2 7 0 2 7 0 2 7 1 2 7 16 31 2 0 2 7 0 2 7 0 2 7 5 30 3 1 2 7 1 2 7 1 2 7 0 2 7 0 2 7 0 2 7 0 40.3387407064437866

Current Evaluation = 3600(3600)
Front Size = 10
1 2 7 5 31 3 1 2 7 1 2 7 1 2 7 5 31 3 1 2 7 0 2 7 16 6 2 0 2 7 0 2 7 0 2 7 0 2 7 16 6 2 0 2 7 17 9 2 17 18 2 0 2 7 0 2 7 0 2 7 0 2 7 0 2 7 1 2 7 0 2 7 5 31 3 1 2 7 0 2 7 0 2 7 1 2 7 16 31 2 0 2 7 0 2 7 0 2 7 5 30 3 1 2 7 1 2 7 1 2 7 0 2 7 0 2 7 0 2 7 0 40.3387407064437866
1 2 7 5 31 3 1 2 7 1 2 7 1 2 7 5 31 3 1 2 7 0 2 7 16 6 2 0 2 7 0 2 7 0 2 7 0 2 7 16 6 2 0 2 7 17 9 2 17 18 2 0 2 7 0 2 7 0 2 7 0 2 7 0 2 7 1 2 7 0 2 7 5 31 3 1 2 7 0 2 7 0 2 7 1 2 7 16 31 2 0 2 7 0 2 7 0 2 7 5 30 3 1 2 7 1 2 7 1 2 7 0 2 7 0 2 7 0 2 7 0 40.3387407064437866
1 2 7 5 31 3 1 2 7 1 2 7 1 2 7 5 31 3 1 2 7 0 2 7 16 6 2 0 2 7 0 2 7 0 2 7 0 2 7 16 6 2 0 2 7 17 9 2 17 18 2 0 2 7 0 2 7 0 2 7 0 2 7 0 2 7 1 2 7 0 2 7 5 31 3 1 2 7 0 2 7 0 2 7 1 2 7 16 31 2 0 2 7 0 2 7 0 2 7 5 30 3 1 2 7 1 2 7 1 2 7 0 2 7 0 2 7 0 2 7 0 40.3387407064437866
1 2 7 5 31 3 1 2 7 1 2 7 1 2 7 5 31 3 1 2 7 0 2 7 16 6 2 0 2 7 0 2 7 0 2 7 0 2 7 16 6 2 0 2 7 17 9 2 17 18 2 0 2 7 0 2 7 0 2 7 0 2 7 0 2 7 1 2 7 0 2 7 5 31 3 1 2 7 0 2 7 0 2 7 1 2 7 16 31 2 0 2 7 0 2 7 0 2 7 5 30 3 1 2 7 1 2 7 1 2 7 0 2 7 0 2 7 0 2 7 0 40.3387407064437866
1 2 7 5 31 3 1 2 7 1 2 7 1 2 7 5 31 3 1 2 7 0 2 7 16 6 2 0 2 7 0 2 7 0 2 7 0 2 7 16 6 2 0 2 7 17 9 2 17 18 2 0 2 7 0 2 7 0 2 7 0 2 7 0 2 7 1 2 7 0 2 7 5 31 3 1 2 7 0 2 7 0 2 7 1 2 7 16 31 2 0 2 7 0 2 7 0 2 7 5 30 3 1 2 7 1 2 7 1 2 7 0 2 7 0 2 7 0 2 7 0 40.3387407064437866
1 2 7 5 31 3 1 2 7 1 2 7 1 2 7 5 31 3 1 2 7 0 2 7 16 6 2 0 2 7 0 2 7 0 2 7 0 2 7 16 6 2 0 2 7 17 9 2 17 18 2 0 2 7 0 2 7 0 2 7 0 2 7 0 2 7 1 2 7 0 2 7 5 31 3 1 2 7 0 2 7 0 2 7 1 2 7 16 31 2 0 2 7 0 2 7 0 2 7 5 30 3 1 2 7 1 2 7 1 2 7 0 2 7 0 2 7 0 2 7 0 40.3387407064437866
1 2 7 5 31 3 1 2 7 1 2 7 1 2 7 5 31 3 1 2 7 0 2 7 16 6 2 0 2 7 0 2 7 0 2 7 0 2 7 16 6 2 0 2 7 17 9 2 17 18 2 0 2 7 0 2 7 0 2 7 0 2 7 0 2 7 1 2 7 0 2 7 5 31 3 1 2 7 0 2 7 0 2 7 1 2 7 16 31 2 0 2 7 0 2 7 0 2 7 5 30 3 1 2 7 1 2 7 1 2 7 0 2 7 0 2 7 0 2 7 0 40.3387407064437866
1 2 7 5 31 3 1 2 7 1 2 7 1 2 7 5 31 3 1 2 7 0 2 7 16 6 2 0 2 7 0 2 7 0 2 7 0 2 7 16 6 2 0 2 7 17 9 2 17 18 2 0 2 7 0 2 7 0 2 7 0 2 7 0 2 7 1 2 7 0 2 7 5 31 3 1 2 7 0 2 7 0 2 7 1 2 7 16 31 2 0 2 7 0 2 7 0 2 7 5 30 3 1 2 7 1 2 7 1 2 7 0 2 7 0 2 7 0 2 7 0 40.3387407064437866
1 2 7 5 31 3 1 2 7 1 2 7 1 2 7 5 31 3 1 2 7 0 2 7 16 6 2 0 2 7 0 2 7 0 2 7 0 2 7 16 6 2 0 2 7 17 9 2 17 18 2 0 2 7 0 2 7 0 2 7 0 2 7 0 2 7 1 2 7 0 2 7 5 31 3 1 2 7 0 2 7 0 2 7 1 2 7 16 31 2 0 2 7 0 2 7 0 2 7 5 30 3 1 2 7 1 2 7 1 2 7 0 2 7 0 2 7 0 2 7 0 40.3387407064437866
1 2 7 5 31 3 1 2 7 1 2 7 1 2 7 5 31 3 1 2 7 0 2 7 16 6 2 0 2 7 0 2 7 0 2 7 0 2 7 16 6 2 0 2 7 17 9 2 17 18 2 0 2 7 0 2 7 0 2 7 0 2 7 0 2 7 1 2 7 0 2 7 5 31 3 1 2 7 0 2 7 0 2 7 1 2 7 16 31 2 0 2 7 0 2 7 0 2 7 5 30 3 1 2 7 1 2 7 1 2 7 0 2 7 0 2 7 0 2 7 0 40.3387407064437866

Current Evaluation = 4050(4050)
Front Size = 10
1 2 7 5 31 3 1 2 7 1 2 7 1 2 7 5 31 3 1 2 7 0 2 7 16 6 2 0 2 7 0 2 7 0 2 7 0 2 7 16 6 2 0 2 7 17 9 2 17 18 2 0 2 7 0 2 7 0 2 7 0 2 7 0 2 7 1 2 7 0 2 7 5 31 3 1 2 7 0 2 7 0 2 7 1 2 7 16 31 2 0 2 7 0 2 7 0 2 7 5 30 3 1 2 7 1 2 7 1 2 7 0 2 7 0 2 7 0 2 7 0 40.3387407064437866
1 2 7 5 31 3 1 2 7 1 2 7 1 2 7 5 31 3 1 2 7 0 2 7 16 6 2 0 2 7 0 2 7 0 2 7 0 2 7 16 6 2 0 2 7 17 9 2 17 18 2 0 2 7 0 2 7 0 2 7 0 2 7 0 2 7 1 2 7 0 2 7 5 31 3 1 2 7 0 2 7 0 2 7 1 2 7 16 31 2 0 2 7 0 2 7 0 2 7 5 30 3 1 2 7 1 2 7 1 2 7 0 2 7 0 2 7 0 2 7 0 40.3387407064437866
1 2 7 5 31 3 1 2 7 1 2 7 1 2 7 5 31 3 1 2 7 0 2 7 16 6 2 0 2 7 0 2 7 0 2 7 0 2 7 16 6 2 0 2 7 17 9 2 17 18 2 0 2 7 0 2 7 0 2 7 0 2 7 0 2 7 1 2 7 0 2 7 5 31 3 1 2 7 0 2 7 0 2 7 1 2 7 16 31 2 0 2 7 0 2 7 0 2 7 5 30 3 1 2 7 1 2 7 1 2 7 0 2 7 0 2 7 0 2 7 0 40.3387407064437866
1 2 7 5 31 3 1 2 7 1 2 7 1 2 7 5 31 3 1 2 7 0 2 7 16 6 2 0 2 7 0 2 7 0 2 7 0 2 7 16 6 2 0 2 7 17 9 2 17 18 2 0 2 7 0 2 7 0 2 7 0 2 7 0 2 7 1 2 7 0 2 7 5 31 3 1 2 7 0 2 7 0 2 7 1 2 7 16 31 2 0 2 7 0 2 7 0 2 7 5 30 3 1 2 7 1 2 7 1 2 7 0 2 7 0 2 7 0 2 7 0 40.3387407064437866
1 2 7 5 31 3 1 2 7 1 2 7 1 2 7 5 31 3 1 2 7 0 2 7 16 6 2 0 2 7 0 2 7 0 2 7 0 2 7 16 6 2 0 2 7 17 9 2 17 18 2 0 2 7 0 2 7 0 2 7 0 2 7 0 2 7 1 2 7 0 2 7 5 31 3 1 2 7 0 2 7 0 2 7 1 2 7 16 31 2 0 2 7 0 2 7 0 2 7 5 30 3 1 2 7 1 2 7 1 2 7 0 2 7 0 2 7 0 2 7 0 40.3387407064437866
1 2 7 5 31 3 1 2 7 1 2 7 1 2 7 5 31 3 1 2 7 0 2 7 16 6 2 0 2 7 0 2 7 0 2 7 0 2 7 16 6 2 0 2 7 17 9 2 17 18 2 0 2 7 0 2 7 0 2 7 0 2 7 0 2 7 1 2 7 0 2 7 5 31 3 1 2 7 0 2 7 0 2 7 1 2 7 16 31 2 0 2 7 0 2 7 0 2 7 5 30 3 1 2 7 1 2 7 1 2 7 0 2 7 0 2 7 0 2 7 0 40.3387407064437866
1 2 7 5 31 3 1 2 7 1 2 7 1 2 7 5 31 3 1 2 7 0 2 7 16 6 2 0 2 7 0 2 7 0 2 7 0 2 7 16 6 2 0 2 7 17 9 2 17 18 2 0 2 7 0 2 7 0 2 7 0 2 7 0 2 7 1 2 7 0 2 7 5 31 3 1 2 7 0 2 7 0 2 7 1 2 7 16 31 2 0 2 7 0 2 7 0 2 7 5 30 3 1 2 7 1 2 7 1 2 7 0 2 7 0 2 7 0 2 7 0 40.3387407064437866
1 2 7 5 31 3 1 2 7 1 2 7 1 2 7 5 31 3 1 2 7 0 2 7 16 6 2 0 2 7 0 2 7 0 2 7 0 2 7 16 6 2 0 2 7 17 9 2 17 18 2 0 2 7 0 2 7 0 2 7 0 2 7 0 2 7 1 2 7 0 2 7 5 31 3 1 2 7 0 2 7 0 2 7 1 2 7 16 31 2 0 2 7 0 2 7 0 2 7 5 30 3 1 2 7 1 2 7 1 2 7 0 2 7 0 2 7 0 2 7 0 40.3387407064437866
1 2 7 5 31 3 1 2 7 1 2 7 1 2 7 5 31 3 1 2 7 0 2 7 16 6 2 0 2 7 0 2 7 0 2 7 0 2 7 16 6 2 0 2 7 17 9 2 17 18 2 0 2 7 0 2 7 0 2 7 0 2 7 0 2 7 1 2 7 0 2 7 5 31 3 1 2 7 0 2 7 0 2 7 1 2 7 16 31 2 0 2 7 0 2 7 0 2 7 5 30 3 1 2 7 1 2 7 1 2 7 0 2 7 0 2 7 0 2 7 0 40.3387407064437866
1 2 7 5 31 3 1 2 7 1 2 7 1 2 7 5 31 3 1 2 7 0 2 7 16 6 2 0 2 7 0 2 7 0 2 7 0 2 7 16 6 2 0 2 7 17 9 2 17 18 2 0 2 7 0 2 7 0 2 7 0 2 7 0 2 7 1 2 7 0 2 7 5 31 3 1 2 7 0 2 7 0 2 7 1 2 7 16 31 2 0 2 7 0 2 7 0 2 7 5 30 3 1 2 7 1 2 7 1 2 7 0 2 7 0 2 7 0 2 7 0 40.3387407064437866

Current Evaluation = 4500(4500)
Front Size = 10
1 2 7 5 31 3 1 2 7 1 2 7 1 2 7 5 31 3 1 2 7 0 2 7 16 6 2 0 2 7 0 2 7 0 2 7 0 2 7 16 6 2 0 2 7 17 9 2 17 18 2 0 2 7 0 2 7 0 2 7 0 2 7 0 2 7 1 2 7 0 2 7 5 31 3 1 2 7 0 2 7 0 2 7 1 2 7 16 31 2 0 2 7 0 2 7 0 2 7 5 30 3 1 2 7 1 2 7 1 2 7 0 2 7 0 2 7 0 2 7 0 40.3387407064437866
1 2 7 5 31 3 1 2 7 1 2 7 1 2 7 5 31 3 1 2 7 0 2 7 16 6 2 0 2 7 0 2 7 0 2 7 0 2 7 16 6 2 0 2 7 17 9 2 17 18 2 0 2 7 0 2 7 0 2 7 0 2 7 0 2 7 1 2 7 0 2 7 5 31 3 1 2 7 0 2 7 0 2 7 1 2 7 16 31 2 0 2 7 0 2 7 0 2 7 5 30 3 1 2 7 1 2 7 1 2 7 0 2 7 0 2 7 0 2 7 0 40.3387407064437866
1 2 7 5 31 3 1 2 7 1 2 7 1 2 7 5 31 3 1 2 7 0 2 7 16 6 2 0 2 7 0 2 7 0 2 7 0 2 7 16 6 2 0 2 7 17 9 2 17 18 2 0 2 7 0 2 7 0 2 7 0 2 7 0 2 7 1 2 7 0 2 7 5 31 3 1 2 7 0 2 7 0 2 7 1 2 7 16 31 2 0 2 7 0 2 7 0 2 7 5 30 3 1 2 7 1 2 7 1 2 7 0 2 7 0 2 7 0 2 7 0 40.3387407064437866
1 2 7 5 31 3 1 2 7 1 2 7 1 2 7 5 31 3 1 2 7 0 2 7 16 6 2 0 2 7 0 2 7 0 2 7 0 2 7 16 6 2 0 2 7 17 9 2 17 18 2 0 2 7 0 2 7 0 2 7 0 2 7 0 2 7 1 2 7 0 2 7 5 31 3 1 2 7 0 2 7 0 2 7 1 2 7 16 31 2 0 2 7 0 2 7 0 2 7 5 30 3 1 2 7 1 2 7 1 2 7 0 2 7 0 2 7 0 2 7 0 40.3387407064437866
1 2 7 5 31 3 1 2 7 1 2 7 1 2 7 5 31 3 1 2 7 0 2 7 16 6 2 0 2 7 0 2 7 0 2 7 0 2 7 16 6 2 0 2 7 17 9 2 17 18 2 0 2 7 0 2 7 0 2 7 0 2 7 0 2 7 1 2 7 0 2 7 5 31 3 1 2 7 0 2 7 0 2 7 1 2 7 16 31 2 0 2 7 0 2 7 0 2 7 5 30 3 1 2 7 1 2 7 1 2 7 0 2 7 0 2 7 0 2 7 0 40.3387407064437866
1 2 7 5 31 3 1 2 7 1 2 7 1 2 7 5 31 3 1 2 7 0 2 7 16 6 2 0 2 7 0 2 7 0 2 7 0 2 7 16 6 2 0 2 7 17 9 2 17 18 2 0 2 7 0 2 7 0 2 7 0 2 7 0 2 7 1 2 7 0 2 7 5 31 3 1 2 7 0 2 7 0 2 7 1 2 7 16 31 2 0 2 7 0 2 7 0 2 7 5 30 3 1 2 7 1 2 7 1 2 7 0 2 7 0 2 7 0 2 7 0 40.3387407064437866
1 2 7 5 31 3 1 2 7 1 2 7 1 2 7 5 31 3 1 2 7 0 2 7 16 6 2 0 2 7 0 2 7 0 2 7 0 2 7 16 6 2 0 2 7 17 9 2 17 18 2 0 2 7 0 2 7 0 2 7 0 2 7 0 2 7 1 2 7 0 2 7 5 31 3 1 2 7 0 2 7 0 2 7 1 2 7 16 31 2 0 2 7 0 2 7 0 2 7 5 30 3 1 2 7 1 2 7 1 2 7 0 2 7 0 2 7 0 2 7 0 40.3387407064437866
1 2 7 5 31 3 1 2 7 1 2 7 1 2 7 5 31 3 1 2 7 0 2 7 16 6 2 0 2 7 0 2 7 0 2 7 0 2 7 16 6 2 0 2 7 17 9 2 17 18 2 0 2 7 0 2 7 0 2 7 0 2 7 0 2 7 1 2 7 0 2 7 5 31 3 1 2 7 0 2 7 0 2 7 1 2 7 16 31 2 0 2 7 0 2 7 0 2 7 5 30 3 1 2 7 1 2 7 1 2 7 0 2 7 0 2 7 0 2 7 0 40.3387407064437866
1 2 7 5 31 3 1 2 7 1 2 7 1 2 7 5 31 3 1 2 7 0 2 7 16 6 2 0 2 7 0 2 7 0 2 7 0 2 7 16 6 2 0 2 7 17 9 2 17 18 2 0 2 7 0 2 7 0 2 7 0 2 7 0 2 7 1 2 7 0 2 7 5 31 3 1 2 7 0 2 7 0 2 7 1 2 7 16 31 2 0 2 7 0 2 7 0 2 7 5 30 3 1 2 7 1 2 7 1 2 7 0 2 7 0 2 7 0 2 7 0 40.3387407064437866
1 2 7 5 31 3 1 2 7 1 2 7 1 2 7 5 31 3 1 2 7 0 2 7 16 6 2 0 2 7 0 2 7 0 2 7 0 2 7 16 6 2 0 2 7 17 9 2 17 18 2 0 2 7 0 2 7 0 2 7 0 2 7 0 2 7 1 2 7 0 2 7 5 31 3 1 2 7 0 2 7 0 2 7 1 2 7 16 31 2 0 2 7 0 2 7 0 2 7 5 30 3 1 2 7 1 2 7 1 2 7 0 2 7 0 2 7 0 2 7 0 40.3387407064437866

Current Evaluation = 4950(4950)
Front Size = 10
1 2 7 5 31 3 1 2 7 1 2 7 1 2 7 5 31 3 1 2 7 0 2 7 16 6 2 0 2 7 0 2 7 0 2 7 0 2 7 16 6 2 0 2 7 17 9 2 17 18 2 0 2 7 0 2 7 0 2 7 0 2 7 0 2 7 1 2 7 0 2 7 5 31 3 1 2 7 0 2 7 0 2 7 1 2 7 16 31 2 0 2 7 0 2 7 0 2 7 5 30 3 1 2 7 1 2 7 1 2 7 0 2 7 0 2 7 0 2 7 0 40.3387407064437866
1 2 7 5 31 3 1 2 7 1 2 7 1 2 7 5 31 3 1 2 7 0 2 7 16 6 2 0 2 7 0 2 7 0 2 7 0 2 7 16 6 2 0 2 7 17 9 2 17 18 2 0 2 7 0 2 7 0 2 7 0 2 7 0 2 7 1 2 7 0 2 7 5 31 3 1 2 7 0 2 7 0 2 7 1 2 7 16 31 2 0 2 7 0 2 7 0 2 7 5 30 3 1 2 7 1 2 7 1 2 7 0 2 7 0 2 7 0 2 7 0 40.3387407064437866
1 2 7 5 31 3 1 2 7 1 2 7 1 2 7 5 31 3 1 2 7 0 2 7 16 6 2 0 2 7 0 2 7 0 2 7 0 2 7 16 6 2 0 2 7 17 9 2 17 18 2 0 2 7 0 2 7 0 2 7 0 2 7 0 2 7 1 2 7 0 2 7 5 31 3 1 2 7 0 2 7 0 2 7 1 2 7 16 31 2 0 2 7 0 2 7 0 2 7 5 30 3 1 2 7 1 2 7 1 2 7 0 2 7 0 2 7 0 2 7 0 40.3387407064437866
1 2 7 5 31 3 1 2 7 1 2 7 1 2 7 5 31 3 1 2 7 0 2 7 16 6 2 0 2 7 0 2 7 0 2 7 0 2 7 16 6 2 0 2 7 17 9 2 17 18 2 0 2 7 0 2 7 0 2 7 0 2 7 0 2 7 1 2 7 0 2 7 5 31 3 1 2 7 0 2 7 0 2 7 1 2 7 16 31 2 0 2 7 0 2 7 0 2 7 5 30 3 1 2 7 1 2 7 1 2 7 0 2 7 0 2 7 0 2 7 0 40.3387407064437866
1 2 7 5 31 3 1 2 7 1 2 7 1 2 7 5 31 3 1 2 7 0 2 7 16 6 2 0 2 7 0 2 7 0 2 7 0 2 7 16 6 2 0 2 7 17 9 2 17 18 2 0 2 7 0 2 7 0 2 7 0 2 7 0 2 7 1 2 7 0 2 7 5 31 3 1 2 7 0 2 7 0 2 7 1 2 7 16 31 2 0 2 7 0 2 7 0 2 7 5 30 3 1 2 7 1 2 7 1 2 7 0 2 7 0 2 7 0 2 7 0 40.3387407064437866
1 2 7 5 31 3 1 2 7 1 2 7 1 2 7 5 31 3 1 2 7 0 2 7 16 6 2 0 2 7 0 2 7 0 2 7 0 2 7 16 6 2 0 2 7 17 9 2 17 18 2 0 2 7 0 2 7 0 2 7 0 2 7 0 2 7 1 2 7 0 2 7 5 31 3 1 2 7 0 2 7 0 2 7 1 2 7 16 31 2 0 2 7 0 2 7 0 2 7 5 30 3 1 2 7 1 2 7 1 2 7 0 2 7 0 2 7 0 2 7 0 40.3387407064437866
1 2 7 5 31 3 1 2 7 1 2 7 1 2 7 5 31 3 1 2 7 0 2 7 16 6 2 0 2 7 0 2 7 0 2 7 0 2 7 16 6 2 0 2 7 17 9 2 17 18 2 0 2 7 0 2 7 0 2 7 0 2 7 0 2 7 1 2 7 0 2 7 5 31 3 1 2 7 0 2 7 0 2 7 1 2 7 16 31 2 0 2 7 0 2 7 0 2 7 5 30 3 1 2 7 1 2 7 1 2 7 0 2 7 0 2 7 0 2 7 0 40.3387407064437866
1 2 7 5 31 3 1 2 7 1 2 7 1 2 7 5 31 3 1 2 7 0 2 7 16 6 2 0 2 7 0 2 7 0 2 7 0 2 7 16 6 2 0 2 7 17 9 2 17 18 2 0 2 7 0 2 7 0 2 7 0 2 7 0 2 7 1 2 7 0 2 7 5 31 3 1 2 7 0 2 7 0 2 7 1 2 7 16 31 2 0 2 7 0 2 7 0 2 7 5 30 3 1 2 7 1 2 7 1 2 7 0 2 7 0 2 7 0 2 7 0 40.3387407064437866
1 2 7 5 31 3 1 2 7 1 2 7 1 2 7 5 31 3 1 2 7 0 2 7 16 6 2 0 2 7 0 2 7 0 2 7 0 2 7 16 6 2 0 2 7 17 9 2 17 18 2 0 2 7 0 2 7 0 2 7 0 2 7 0 2 7 1 2 7 0 2 7 5 31 3 1 2 7 0 2 7 0 2 7 1 2 7 16 31 2 0 2 7 0 2 7 0 2 7 5 30 3 1 2 7 1 2 7 1 2 7 0 2 7 0 2 7 0 2 7 0 40.3387407064437866
1 2 7 5 31 3 1 2 7 1 2 7 1 2 7 5 31 3 1 2 7 0 2 7 16 6 2 0 2 7 0 2 7 0 2 7 0 2 7 16 6 2 0 2 7 17 9 2 17 18 2 0 2 7 0 2 7 0 2 7 0 2 7 0 2 7 1 2 7 0 2 7 5 31 3 1 2 7 0 2 7 0 2 7 1 2 7 16 31 2 0 2 7 0 2 7 0 2 7 5 30 3 1 2 7 1 2 7 1 2 7 0 2 7 0 2 7 0 2 7 0 40.3387407064437866

Current Evaluation = 5400(5400)
Front Size = 10
1 2 7 5 31 3 1 2 7 1 2 7 1 2 7 5 31 3 1 2 7 0 2 7 16 6 2 0 2 7 0 2 7 0 2 7 0 2 7 16 6 2 0 2 7 17 9 2 17 18 2 0 2 7 0 2 7 0 2 7 0 2 7 0 2 7 1 2 7 0 2 7 5 31 3 1 2 7 0 2 7 0 2 7 1 2 7 16 31 2 0 2 7 0 2 7 0 2 7 5 30 3 1 2 7 1 2 7 1 2 7 0 2 7 0 2 7 0 2 7 0 40.3387407064437866
1 2 7 5 31 3 1 2 7 1 2 7 1 2 7 5 31 3 1 2 7 0 2 7 16 6 2 0 2 7 0 2 7 0 2 7 0 2 7 16 6 2 0 2 7 17 9 2 17 18 2 0 2 7 0 2 7 0 2 7 0 2 7 0 2 7 1 2 7 0 2 7 5 31 3 1 2 7 0 2 7 0 2 7 1 2 7 16 31 2 0 2 7 0 2 7 0 2 7 5 30 3 1 2 7 1 2 7 1 2 7 0 2 7 0 2 7 0 2 7 0 40.3387407064437866
1 2 7 5 31 3 1 2 7 1 2 7 1 2 7 5 31 3 1 2 7 0 2 7 16 6 2 0 2 7 0 2 7 0 2 7 0 2 7 16 6 2 0 2 7 17 9 2 17 18 2 0 2 7 0 2 7 0 2 7 0 2 7 0 2 7 1 2 7 0 2 7 5 31 3 1 2 7 0 2 7 0 2 7 1 2 7 16 31 2 0 2 7 0 2 7 0 2 7 5 30 3 1 2 7 1 2 7 1 2 7 0 2 7 0 2 7 0 2 7 0 40.3387407064437866
1 2 7 5 31 3 1 2 7 1 2 7 1 2 7 5 31 3 1 2 7 0 2 7 16 6 2 0 2 7 0 2 7 0 2 7 0 2 7 16 6 2 0 2 7 17 9 2 17 18 2 0 2 7 0 2 7 0 2 7 0 2 7 0 2 7 1 2 7 0 2 7 5 31 3 1 2 7 0 2 7 0 2 7 1 2 7 16 31 2 0 2 7 0 2 7 0 2 7 5 30 3 1 2 7 1 2 7 1 2 7 0 2 7 0 2 7 0 2 7 0 40.3387407064437866
1 2 7 5 31 3 1 2 7 1 2 7 1 2 7 5 31 3 1 2 7 0 2 7 16 6 2 0 2 7 0 2 7 0 2 7 0 2 7 16 6 2 0 2 7 17 9 2 17 18 2 0 2 7 0 2 7 0 2 7 0 2 7 0 2 7 1 2 7 0 2 7 5 31 3 1 2 7 0 2 7 0 2 7 1 2 7 16 31 2 0 2 7 0 2 7 0 2 7 5 30 3 1 2 7 1 2 7 1 2 7 0 2 7 0 2 7 0 2 7 0 40.3387407064437866
1 2 7 5 31 3 1 2 7 1 2 7 1 2 7 5 31 3 1 2 7 0 2 7 16 6 2 0 2 7 0 2 7 0 2 7 0 2 7 16 6 2 0 2 7 17 9 2 17 18 2 0 2 7 0 2 7 0 2 7 0 2 7 0 2 7 1 2 7 0 2 7 5 31 3 1 2 7 0 2 7 0 2 7 1 2 7 16 31 2 0 2 7 0 2 7 0 2 7 5 30 3 1 2 7 1 2 7 1 2 7 0 2 7 0 2 7 0 2 7 0 40.3387407064437866
1 2 7 5 31 3 1 2 7 1 2 7 1 2 7 5 31 3 1 2 7 0 2 7 16 6 2 0 2 7 0 2 7 0 2 7 0 2 7 16 6 2 0 2 7 17 9 2 17 18 2 0 2 7 0 2 7 0 2 7 0 2 7 0 2 7 1 2 7 0 2 7 5 31 3 1 2 7 0 2 7 0 2 7 1 2 7 16 31 2 0 2 7 0 2 7 0 2 7 5 30 3 1 2 7 1 2 7 1 2 7 0 2 7 0 2 7 0 2 7 0 40.3387407064437866
1 2 7 5 31 3 1 2 7 1 2 7 1 2 7 5 31 3 1 2 7 0 2 7 16 6 2 0 2 7 0 2 7 0 2 7 0 2 7 16 6 2 0 2 7 17 9 2 17 18 2 0 2 7 0 2 7 0 2 7 0 2 7 0 2 7 1 2 7 0 2 7 5 31 3 1 2 7 0 2 7 0 2 7 1 2 7 16 31 2 0 2 7 0 2 7 0 2 7 5 30 3 1 2 7 1 2 7 1 2 7 0 2 7 0 2 7 0 2 7 0 40.3387407064437866
1 2 7 5 31 3 1 2 7 1 2 7 1 2 7 5 31 3 1 2 7 0 2 7 16 6 2 0 2 7 0 2 7 0 2 7 0 2 7 16 6 2 0 2 7 17 9 2 17 18 2 0 2 7 0 2 7 0 2 7 0 2 7 0 2 7 1 2 7 0 2 7 5 31 3 1 2 7 0 2 7 0 2 7 1 2 7 16 31 2 0 2 7 0 2 7 0 2 7 5 30 3 1 2 7 1 2 7 1 2 7 0 2 7 0 2 7 0 2 7 0 40.3387407064437866
1 2 7 5 31 3 1 2 7 1 2 7 1 2 7 5 31 3 1 2 7 0 2 7 16 6 2 0 2 7 0 2 7 0 2 7 0 2 7 16 6 2 0 2 7 17 9 2 17 18 2 0 2 7 0 2 7 0 2 7 0 2 7 0 2 7 1 2 7 0 2 7 5 31 3 1 2 7 0 2 7 0 2 7 1 2 7 16 31 2 0 2 7 0 2 7 0 2 7 5 30 3 1 2 7 1 2 7 1 2 7 0 2 7 0 2 7 0 2 7 0 40.3387407064437866

Current Evaluation = 5850(5850)
Front Size = 10
1 2 7 5 31 3 1 2 7 1 2 7 1 2 7 5 31 3 1 2 7 0 2 7 16 6 2 0 2 7 0 2 7 0 2 7 0 2 7 16 6 2 0 2 7 17 9 2 17 18 2 0 2 7 0 2 7 0 2 7 0 2 7 0 2 7 1 2 7 0 2 7 5 31 3 1 2 7 0 2 7 0 2 7 1 2 7 16 31 2 0 2 7 0 2 7 0 2 7 5 30 3 1 2 7 1 2 7 1 2 7 0 2 7 0 2 7 0 2 7 0 40.3387407064437866
1 2 7 5 31 3 1 2 7 1 2 7 1 2 7 5 31 3 1 2 7 0 2 7 16 6 2 0 2 7 0 2 7 0 2 7 0 2 7 16 6 2 0 2 7 17 9 2 17 18 2 0 2 7 0 2 7 0 2 7 0 2 7 0 2 7 1 2 7 0 2 7 5 31 3 1 2 7 0 2 7 0 2 7 1 2 7 16 31 2 0 2 7 0 2 7 0 2 7 5 30 3 1 2 7 1 2 7 1 2 7 0 2 7 0 2 7 0 2 7 0 40.3387407064437866
1 2 7 5 31 3 1 2 7 1 2 7 1 2 7 5 31 3 1 2 7 0 2 7 16 6 2 0 2 7 0 2 7 0 2 7 0 2 7 16 6 2 0 2 7 17 9 2 17 18 2 0 2 7 0 2 7 0 2 7 0 2 7 0 2 7 1 2 7 0 2 7 5 31 3 1 2 7 0 2 7 0 2 7 1 2 7 16 31 2 0 2 7 0 2 7 0 2 7 5 30 3 1 2 7 1 2 7 1 2 7 0 2 7 0 2 7 0 2 7 0 40.3387407064437866
1 2 7 5 31 3 1 2 7 1 2 7 1 2 7 5 31 3 1 2 7 0 2 7 16 6 2 0 2 7 0 2 7 0 2 7 0 2 7 16 6 2 0 2 7 17 9 2 17 18 2 0 2 7 0 2 7 0 2 7 0 2 7 0 2 7 1 2 7 0 2 7 5 31 3 1 2 7 0 2 7 0 2 7 1 2 7 16 31 2 0 2 7 0 2 7 0 2 7 5 30 3 1 2 7 1 2 7 1 2 7 0 2 7 0 2 7 0 2 7 0 40.3387407064437866
1 2 7 5 31 3 1 2 7 1 2 7 1 2 7 5 31 3 1 2 7 0 2 7 16 6 2 0 2 7 0 2 7 0 2 7 0 2 7 16 6 2 0 2 7 17 9 2 17 18 2 0 2 7 0 2 7 0 2 7 0 2 7 0 2 7 1 2 7 0 2 7 5 31 3 1 2 7 0 2 7 0 2 7 1 2 7 16 31 2 0 2 7 0 2 7 0 2 7 5 30 3 1 2 7 1 2 7 1 2 7 0 2 7 0 2 7 0 2 7 0 40.3387407064437866
1 2 7 5 31 3 1 2 7 1 2 7 1 2 7 5 31 3 1 2 7 0 2 7 16 6 2 0 2 7 0 2 7 0 2 7 0 2 7 16 6 2 0 2 7 17 9 2 17 18 2 0 2 7 0 2 7 0 2 7 0 2 7 0 2 7 1 2 7 0 2 7 5 31 3 1 2 7 0 2 7 0 2 7 1 2 7 16 31 2 0 2 7 0 2 7 0 2 7 5 30 3 1 2 7 1 2 7 1 2 7 0 2 7 0 2 7 0 2 7 0 40.3387407064437866
1 2 7 5 31 3 1 2 7 1 2 7 1 2 7 5 31 3 1 2 7 0 2 7 16 6 2 0 2 7 0 2 7 0 2 7 0 2 7 16 6 2 0 2 7 17 9 2 17 18 2 0 2 7 0 2 7 0 2 7 0 2 7 0 2 7 1 2 7 0 2 7 5 31 3 1 2 7 0 2 7 0 2 7 1 2 7 16 31 2 0 2 7 0 2 7 0 2 7 5 30 3 1 2 7 1 2 7 1 2 7 0 2 7 0 2 7 0 2 7 0 40.3387407064437866
1 2 7 5 31 3 1 2 7 1 2 7 1 2 7 5 31 3 1 2 7 0 2 7 16 6 2 0 2 7 0 2 7 0 2 7 0 2 7 16 6 2 0 2 7 17 9 2 17 18 2 0 2 7 0 2 7 0 2 7 0 2 7 0 2 7 1 2 7 0 2 7 5 31 3 1 2 7 0 2 7 0 2 7 1 2 7 16 31 2 0 2 7 0 2 7 0 2 7 5 30 3 1 2 7 1 2 7 1 2 7 0 2 7 0 2 7 0 2 7 0 40.3387407064437866
1 2 7 5 31 3 1 2 7 1 2 7 1 2 7 5 31 3 1 2 7 0 2 7 16 6 2 0 2 7 0 2 7 0 2 7 0 2 7 16 6 2 0 2 7 17 9 2 17 18 2 0 2 7 0 2 7 0 2 7 0 2 7 0 2 7 1 2 7 0 2 7 5 31 3 1 2 7 0 2 7 0 2 7 1 2 7 16 31 2 0 2 7 0 2 7 0 2 7 5 30 3 1 2 7 1 2 7 1 2 7 0 2 7 0 2 7 0 2 7 0 40.3387407064437866
1 2 7 5 31 3 1 2 7 1 2 7 1 2 7 5 31 3 1 2 7 0 2 7 16 6 2 0 2 7 0 2 7 0 2 7 0 2 7 16 6 2 0 2 7 17 9 2 17 18 2 0 2 7 0 2 7 0 2 7 0 2 7 0 2 7 1 2 7 0 2 7 5 31 3 1 2 7 0 2 7 0 2 7 1 2 7 16 31 2 0 2 7 0 2 7 0 2 7 5 30 3 1 2 7 1 2 7 1 2 7 0 2 7 0 2 7 0 2 7 0 40.3387407064437866

Current Evaluation = 6300(6300)
Front Size = 10
1 2 7 5 31 3 1 2 7 1 2 7 1 2 7 5 31 3 1 2 7 0 2 7 16 6 2 0 2 7 0 2 7 0 2 7 0 2 7 16 6 2 0 2 7 17 9 2 17 18 2 0 2 7 0 2 7 0 2 7 0 2 7 0 2 7 1 2 7 0 2 7 5 31 3 1 2 7 0 2 7 0 2 7 1 2 7 16 31 2 0 2 7 0 2 7 0 2 7 5 30 3 1 2 7 1 2 7 1 2 7 0 2 7 0 2 7 0 2 7 0 40.3387407064437866
1 2 7 5 31 3 1 2 7 1 2 7 1 2 7 5 31 3 1 2 7 0 2 7 16 6 2 0 2 7 0 2 7 0 2 7 0 2 7 16 6 2 0 2 7 17 9 2 17 18 2 0 2 7 0 2 7 0 2 7 0 2 7 0 2 7 1 2 7 0 2 7 5 31 3 1 2 7 0 2 7 0 2 7 1 2 7 16 31 2 0 2 7 0 2 7 0 2 7 5 30 3 1 2 7 1 2 7 1 2 7 0 2 7 0 2 7 0 2 7 0 40.3387407064437866
1 2 7 5 31 3 1 2 7 1 2 7 1 2 7 5 31 3 1 2 7 0 2 7 16 6 2 0 2 7 0 2 7 0 2 7 0 2 7 16 6 2 0 2 7 17 9 2 17 18 2 0 2 7 0 2 7 0 2 7 0 2 7 0 2 7 1 2 7 0 2 7 5 31 3 1 2 7 0 2 7 0 2 7 1 2 7 16 31 2 0 2 7 0 2 7 0 2 7 5 30 3 1 2 7 1 2 7 1 2 7 0 2 7 0 2 7 0 2 7 0 40.3387407064437866
1 2 7 5 31 3 1 2 7 1 2 7 1 2 7 5 31 3 1 2 7 0 2 7 16 6 2 0 2 7 0 2 7 0 2 7 0 2 7 16 6 2 0 2 7 17 9 2 17 18 2 0 2 7 0 2 7 0 2 7 0 2 7 0 2 7 1 2 7 0 2 7 5 31 3 1 2 7 0 2 7 0 2 7 1 2 7 16 31 2 0 2 7 0 2 7 0 2 7 5 30 3 1 2 7 1 2 7 1 2 7 0 2 7 0 2 7 0 2 7 0 40.3387407064437866
1 2 7 5 31 3 1 2 7 1 2 7 1 2 7 5 31 3 1 2 7 0 2 7 16 6 2 0 2 7 0 2 7 0 2 7 0 2 7 16 6 2 0 2 7 17 9 2 17 18 2 0 2 7 0 2 7 0 2 7 0 2 7 0 2 7 1 2 7 0 2 7 5 31 3 1 2 7 0 2 7 0 2 7 1 2 7 16 31 2 0 2 7 0 2 7 0 2 7 5 30 3 1 2 7 1 2 7 1 2 7 0 2 7 0 2 7 0 2 7 0 40.3387407064437866
1 2 7 5 31 3 1 2 7 1 2 7 1 2 7 5 31 3 1 2 7 0 2 7 16 6 2 0 2 7 0 2 7 0 2 7 0 2 7 16 6 2 0 2 7 17 9 2 17 18 2 0 2 7 0 2 7 0 2 7 0 2 7 0 2 7 1 2 7 0 2 7 5 31 3 1 2 7 0 2 7 0 2 7 1 2 7 16 31 2 0 2 7 0 2 7 0 2 7 5 30 3 1 2 7 1 2 7 1 2 7 0 2 7 0 2 7 0 2 7 0 40.3387407064437866
1 2 7 5 31 3 1 2 7 1 2 7 1 2 7 5 31 3 1 2 7 0 2 7 16 6 2 0 2 7 0 2 7 0 2 7 0 2 7 16 6 2 0 2 7 17 9 2 17 18 2 0 2 7 0 2 7 0 2 7 0 2 7 0 2 7 1 2 7 0 2 7 5 31 3 1 2 7 0 2 7 0 2 7 1 2 7 16 31 2 0 2 7 0 2 7 0 2 7 5 30 3 1 2 7 1 2 7 1 2 7 0 2 7 0 2 7 0 2 7 0 40.3387407064437866
1 2 7 5 31 3 1 2 7 1 2 7 1 2 7 5 31 3 1 2 7 0 2 7 16 6 2 0 2 7 0 2 7 0 2 7 0 2 7 16 6 2 0 2 7 17 9 2 17 18 2 0 2 7 0 2 7 0 2 7 0 2 7 0 2 7 1 2 7 0 2 7 5 31 3 1 2 7 0 2 7 0 2 7 1 2 7 16 31 2 0 2 7 0 2 7 0 2 7 5 30 3 1 2 7 1 2 7 1 2 7 0 2 7 0 2 7 0 2 7 0 40.3387407064437866
1 2 7 5 31 3 1 2 7 1 2 7 1 2 7 5 31 3 1 2 7 0 2 7 16 6 2 0 2 7 0 2 7 0 2 7 0 2 7 16 6 2 0 2 7 17 9 2 17 18 2 0 2 7 0 2 7 0 2 7 0 2 7 0 2 7 1 2 7 0 2 7 5 31 3 1 2 7 0 2 7 0 2 7 1 2 7 16 31 2 0 2 7 0 2 7 0 2 7 5 30 3 1 2 7 1 2 7 1 2 7 0 2 7 0 2 7 0 2 7 0 40.3387407064437866
1 2 7 5 31 3 1 2 7 1 2 7 1 2 7 5 31 3 1 2 7 0 2 7 16 6 2 0 2 7 0 2 7 0 2 7 0 2 7 16 6 2 0 2 7 17 9 2 17 18 2 0 2 7 0 2 7 0 2 7 0 2 7 0 2 7 1 2 7 0 2 7 5 31 3 1 2 7 0 2 7 0 2 7 1 2 7 16 31 2 0 2 7 0 2 7 0 2 7 5 30 3 1 2 7 1 2 7 1 2 7 0 2 7 0 2 7 0 2 7 0 40.3387407064437866

Current Evaluation = 6750(6750)
Front Size = 10
1 2 7 5 31 3 1 2 7 1 2 7 1 2 7 5 31 3 1 2 7 0 2 7 16 6 2 0 2 7 0 2 7 0 2 7 0 2 7 16 6 2 0 2 7 17 9 2 17 18 2 0 2 7 0 2 7 0 2 7 0 2 7 0 2 7 1 2 7 0 2 7 5 31 3 1 2 7 0 2 7 0 2 7 1 2 7 16 31 2 0 2 7 0 2 7 0 2 7 5 30 3 1 2 7 1 2 7 1 2 7 0 2 7 0 2 7 0 2 7 0 40.3387407064437866
1 2 7 5 31 3 1 2 7 1 2 7 1 2 7 5 31 3 1 2 7 0 2 7 16 6 2 0 2 7 0 2 7 0 2 7 0 2 7 16 6 2 0 2 7 17 9 2 17 18 2 0 2 7 0 2 7 0 2 7 0 2 7 0 2 7 1 2 7 0 2 7 5 31 3 1 2 7 0 2 7 0 2 7 1 2 7 16 31 2 0 2 7 0 2 7 0 2 7 5 30 3 1 2 7 1 2 7 1 2 7 0 2 7 0 2 7 0 2 7 0 40.3387407064437866
1 2 7 5 31 3 1 2 7 1 2 7 1 2 7 5 31 3 1 2 7 0 2 7 16 6 2 0 2 7 0 2 7 0 2 7 0 2 7 16 6 2 0 2 7 17 9 2 17 18 2 0 2 7 0 2 7 0 2 7 0 2 7 0 2 7 1 2 7 0 2 7 5 31 3 1 2 7 0 2 7 0 2 7 1 2 7 16 31 2 0 2 7 0 2 7 0 2 7 5 30 3 1 2 7 1 2 7 1 2 7 0 2 7 0 2 7 0 2 7 0 40.3387407064437866
1 2 7 5 31 3 1 2 7 1 2 7 1 2 7 5 31 3 1 2 7 0 2 7 16 6 2 0 2 7 0 2 7 0 2 7 0 2 7 16 6 2 0 2 7 17 9 2 17 18 2 0 2 7 0 2 7 0 2 7 0 2 7 0 2 7 1 2 7 0 2 7 5 31 3 1 2 7 0 2 7 0 2 7 1 2 7 16 31 2 0 2 7 0 2 7 0 2 7 5 30 3 1 2 7 1 2 7 1 2 7 0 2 7 0 2 7 0 2 7 0 40.3387407064437866
1 2 7 5 31 3 1 2 7 1 2 7 1 2 7 5 31 3 1 2 7 0 2 7 16 6 2 0 2 7 0 2 7 0 2 7 0 2 7 16 6 2 0 2 7 17 9 2 17 18 2 0 2 7 0 2 7 0 2 7 0 2 7 0 2 7 1 2 7 0 2 7 5 31 3 1 2 7 0 2 7 0 2 7 1 2 7 16 31 2 0 2 7 0 2 7 0 2 7 5 30 3 1 2 7 1 2 7 1 2 7 0 2 7 0 2 7 0 2 7 0 40.3387407064437866
1 2 7 5 31 3 1 2 7 1 2 7 1 2 7 5 31 3 1 2 7 0 2 7 16 6 2 0 2 7 0 2 7 0 2 7 0 2 7 16 6 2 0 2 7 17 9 2 17 18 2 0 2 7 0 2 7 0 2 7 0 2 7 0 2 7 1 2 7 0 2 7 5 31 3 1 2 7 0 2 7 0 2 7 1 2 7 16 31 2 0 2 7 0 2 7 0 2 7 5 30 3 1 2 7 1 2 7 1 2 7 0 2 7 0 2 7 0 2 7 0 40.3387407064437866
1 2 7 5 31 3 1 2 7 1 2 7 1 2 7 5 31 3 1 2 7 0 2 7 16 6 2 0 2 7 0 2 7 0 2 7 0 2 7 16 6 2 0 2 7 17 9 2 17 18 2 0 2 7 0 2 7 0 2 7 0 2 7 0 2 7 1 2 7 0 2 7 5 31 3 1 2 7 0 2 7 0 2 7 1 2 7 16 31 2 0 2 7 0 2 7 0 2 7 5 30 3 1 2 7 1 2 7 1 2 7 0 2 7 0 2 7 0 2 7 0 40.3387407064437866
1 2 7 5 31 3 1 2 7 1 2 7 1 2 7 5 31 3 1 2 7 0 2 7 16 6 2 0 2 7 0 2 7 0 2 7 0 2 7 16 6 2 0 2 7 17 9 2 17 18 2 0 2 7 0 2 7 0 2 7 0 2 7 0 2 7 1 2 7 0 2 7 5 31 3 1 2 7 0 2 7 0 2 7 1 2 7 16 31 2 0 2 7 0 2 7 0 2 7 5 30 3 1 2 7 1 2 7 1 2 7 0 2 7 0 2 7 0 2 7 0 40.3387407064437866
1 2 7 5 31 3 1 2 7 1 2 7 1 2 7 5 31 3 1 2 7 0 2 7 16 6 2 0 2 7 0 2 7 0 2 7 0 2 7 16 6 2 0 2 7 17 9 2 17 18 2 0 2 7 0 2 7 0 2 7 0 2 7 0 2 7 1 2 7 0 2 7 5 31 3 1 2 7 0 2 7 0 2 7 1 2 7 16 31 2 0 2 7 0 2 7 0 2 7 5 30 3 1 2 7 1 2 7 1 2 7 0 2 7 0 2 7 0 2 7 0 40.3387407064437866
1 2 7 5 31 3 1 2 7 1 2 7 1 2 7 5 31 3 1 2 7 0 2 7 16 6 2 0 2 7 0 2 7 0 2 7 0 2 7 16 6 2 0 2 7 17 9 2 17 18 2 0 2 7 0 2 7 0 2 7 0 2 7 0 2 7 1 2 7 0 2 7 5 31 3 1 2 7 0 2 7 0 2 7 1 2 7 16 31 2 0 2 7 0 2 7 0 2 7 5 30 3 1 2 7 1 2 7 1 2 7 0 2 7 0 2 7 0 2 7 0 40.3387407064437866

Current Evaluation = 7200(7200)
Front Size = 10
1 2 7 5 31 3 1 2 7 1 2 7 1 2 7 5 31 3 1 2 7 0 2 7 16 6 2 0 2 7 0 2 7 0 2 7 0 2 7 16 6 2 0 2 7 17 9 2 17 18 2 0 2 7 0 2 7 0 2 7 0 2 7 0 2 7 1 2 7 0 2 7 5 31 3 1 2 7 0 2 7 0 2 7 1 2 7 16 31 2 0 2 7 0 2 7 0 2 7 5 30 3 1 2 7 1 2 7 1 2 7 0 2 7 0 2 7 0 2 7 0 40.3387407064437866
1 2 7 5 31 3 1 2 7 1 2 7 1 2 7 5 31 3 1 2 7 0 2 7 16 6 2 0 2 7 0 2 7 0 2 7 0 2 7 16 6 2 0 2 7 17 9 2 17 18 2 0 2 7 0 2 7 0 2 7 0 2 7 0 2 7 1 2 7 0 2 7 5 31 3 1 2 7 0 2 7 0 2 7 1 2 7 16 31 2 0 2 7 0 2 7 0 2 7 5 30 3 1 2 7 1 2 7 1 2 7 0 2 7 0 2 7 0 2 7 0 40.3387407064437866
1 2 7 5 31 3 1 2 7 1 2 7 1 2 7 5 31 3 1 2 7 0 2 7 16 6 2 0 2 7 0 2 7 0 2 7 0 2 7 16 6 2 0 2 7 17 9 2 17 18 2 0 2 7 0 2 7 0 2 7 0 2 7 0 2 7 1 2 7 0 2 7 5 31 3 1 2 7 0 2 7 0 2 7 1 2 7 16 31 2 0 2 7 0 2 7 0 2 7 5 30 3 1 2 7 1 2 7 1 2 7 0 2 7 0 2 7 0 2 7 0 40.3387407064437866
1 2 7 5 31 3 1 2 7 1 2 7 1 2 7 5 31 3 1 2 7 0 2 7 16 6 2 0 2 7 0 2 7 0 2 7 0 2 7 16 6 2 0 2 7 17 9 2 17 18 2 0 2 7 0 2 7 0 2 7 0 2 7 0 2 7 1 2 7 0 2 7 5 31 3 1 2 7 0 2 7 0 2 7 1 2 7 16 31 2 0 2 7 0 2 7 0 2 7 5 30 3 1 2 7 1 2 7 1 2 7 0 2 7 0 2 7 0 2 7 0 40.3387407064437866
1 2 7 5 31 3 1 2 7 1 2 7 1 2 7 5 31 3 1 2 7 0 2 7 16 6 2 0 2 7 0 2 7 0 2 7 0 2 7 16 6 2 0 2 7 17 9 2 17 18 2 0 2 7 0 2 7 0 2 7 0 2 7 0 2 7 1 2 7 0 2 7 5 31 3 1 2 7 0 2 7 0 2 7 1 2 7 16 31 2 0 2 7 0 2 7 0 2 7 5 30 3 1 2 7 1 2 7 1 2 7 0 2 7 0 2 7 0 2 7 0 40.3387407064437866
1 2 7 5 31 3 1 2 7 1 2 7 1 2 7 5 31 3 1 2 7 0 2 7 16 6 2 0 2 7 0 2 7 0 2 7 0 2 7 16 6 2 0 2 7 17 9 2 17 18 2 0 2 7 0 2 7 0 2 7 0 2 7 0 2 7 1 2 7 0 2 7 5 31 3 1 2 7 0 2 7 0 2 7 1 2 7 16 31 2 0 2 7 0 2 7 0 2 7 5 30 3 1 2 7 1 2 7 1 2 7 0 2 7 0 2 7 0 2 7 0 40.3387407064437866
1 2 7 5 31 3 1 2 7 1 2 7 1 2 7 5 31 3 1 2 7 0 2 7 16 6 2 0 2 7 0 2 7 0 2 7 0 2 7 16 6 2 0 2 7 17 9 2 17 18 2 0 2 7 0 2 7 0 2 7 0 2 7 0 2 7 1 2 7 0 2 7 5 31 3 1 2 7 0 2 7 0 2 7 1 2 7 16 31 2 0 2 7 0 2 7 0 2 7 5 30 3 1 2 7 1 2 7 1 2 7 0 2 7 0 2 7 0 2 7 0 40.3387407064437866
1 2 7 5 31 3 1 2 7 1 2 7 1 2 7 5 31 3 1 2 7 0 2 7 16 6 2 0 2 7 0 2 7 0 2 7 0 2 7 16 6 2 0 2 7 17 9 2 17 18 2 0 2 7 0 2 7 0 2 7 0 2 7 0 2 7 1 2 7 0 2 7 5 31 3 1 2 7 0 2 7 0 2 7 1 2 7 16 31 2 0 2 7 0 2 7 0 2 7 5 30 3 1 2 7 1 2 7 1 2 7 0 2 7 0 2 7 0 2 7 0 40.3387407064437866
1 2 7 5 31 3 1 2 7 1 2 7 1 2 7 5 31 3 1 2 7 0 2 7 16 6 2 0 2 7 0 2 7 0 2 7 0 2 7 16 6 2 0 2 7 17 9 2 17 18 2 0 2 7 0 2 7 0 2 7 0 2 7 0 2 7 1 2 7 0 2 7 5 31 3 1 2 7 0 2 7 0 2 7 1 2 7 16 31 2 0 2 7 0 2 7 0 2 7 5 30 3 1 2 7 1 2 7 1 2 7 0 2 7 0 2 7 0 2 7 0 40.3387407064437866
1 2 7 5 31 3 1 2 7 1 2 7 1 2 7 5 31 3 1 2 7 0 2 7 16 6 2 0 2 7 0 2 7 0 2 7 0 2 7 16 6 2 0 2 7 17 9 2 17 18 2 0 2 7 0 2 7 0 2 7 0 2 7 0 2 7 1 2 7 0 2 7 5 31 3 1 2 7 0 2 7 0 2 7 1 2 7 16 31 2 0 2 7 0 2 7 0 2 7 5 30 3 1 2 7 1 2 7 1 2 7 0 2 7 0 2 7 0 2 7 0 40.3387407064437866

Current Evaluation = 7650(7650)
Front Size = 10
1 2 7 5 31 3 1 2 7 1 2 7 1 2 7 5 31 3 1 2 7 0 2 7 16 6 2 0 2 7 0 2 7 0 2 7 0 2 7 16 6 2 0 2 7 17 9 2 17 18 2 0 2 7 0 2 7 0 2 7 0 2 7 0 2 7 1 2 7 0 2 7 5 31 3 1 2 7 0 2 7 0 2 7 1 2 7 16 31 2 0 2 7 0 2 7 0 2 7 5 30 3 1 2 7 1 2 7 1 2 7 0 2 7 0 2 7 0 2 7 0 40.3387407064437866
1 2 7 5 31 3 1 2 7 1 2 7 1 2 7 5 31 3 1 2 7 0 2 7 16 6 2 0 2 7 0 2 7 0 2 7 0 2 7 16 6 2 0 2 7 17 9 2 17 18 2 0 2 7 0 2 7 0 2 7 0 2 7 0 2 7 1 2 7 0 2 7 5 31 3 1 2 7 0 2 7 0 2 7 1 2 7 16 31 2 0 2 7 0 2 7 0 2 7 5 30 3 1 2 7 1 2 7 1 2 7 0 2 7 0 2 7 0 2 7 0 40.3387407064437866
1 2 7 5 31 3 1 2 7 1 2 7 1 2 7 5 31 3 1 2 7 0 2 7 16 6 2 0 2 7 0 2 7 0 2 7 0 2 7 16 6 2 0 2 7 17 9 2 17 18 2 0 2 7 0 2 7 0 2 7 0 2 7 0 2 7 1 2 7 0 2 7 5 31 3 1 2 7 0 2 7 0 2 7 1 2 7 16 31 2 0 2 7 0 2 7 0 2 7 5 30 3 1 2 7 1 2 7 1 2 7 0 2 7 0 2 7 0 2 7 0 40.3387407064437866
1 2 7 5 31 3 1 2 7 1 2 7 1 2 7 5 31 3 1 2 7 0 2 7 16 6 2 0 2 7 0 2 7 0 2 7 0 2 7 16 6 2 0 2 7 17 9 2 17 18 2 0 2 7 0 2 7 0 2 7 0 2 7 0 2 7 1 2 7 0 2 7 5 31 3 1 2 7 0 2 7 0 2 7 1 2 7 16 31 2 0 2 7 0 2 7 0 2 7 5 30 3 1 2 7 1 2 7 1 2 7 0 2 7 0 2 7 0 2 7 0 40.3387407064437866
1 2 7 5 31 3 1 2 7 1 2 7 1 2 7 5 31 3 1 2 7 0 2 7 16 6 2 0 2 7 0 2 7 0 2 7 0 2 7 16 6 2 0 2 7 17 9 2 17 18 2 0 2 7 0 2 7 0 2 7 0 2 7 0 2 7 1 2 7 0 2 7 5 31 3 1 2 7 0 2 7 0 2 7 1 2 7 16 31 2 0 2 7 0 2 7 0 2 7 5 30 3 1 2 7 1 2 7 1 2 7 0 2 7 0 2 7 0 2 7 0 40.3387407064437866
1 2 7 5 31 3 1 2 7 1 2 7 1 2 7 5 31 3 1 2 7 0 2 7 16 6 2 0 2 7 0 2 7 0 2 7 0 2 7 16 6 2 0 2 7 17 9 2 17 18 2 0 2 7 0 2 7 0 2 7 0 2 7 0 2 7 1 2 7 0 2 7 5 31 3 1 2 7 0 2 7 0 2 7 1 2 7 16 31 2 0 2 7 0 2 7 0 2 7 5 30 3 1 2 7 1 2 7 1 2 7 0 2 7 0 2 7 0 2 7 0 40.3387407064437866
1 2 7 5 31 3 1 2 7 1 2 7 1 2 7 5 31 3 1 2 7 0 2 7 16 6 2 0 2 7 0 2 7 0 2 7 0 2 7 16 6 2 0 2 7 17 9 2 17 18 2 0 2 7 0 2 7 0 2 7 0 2 7 0 2 7 1 2 7 0 2 7 5 31 3 1 2 7 0 2 7 0 2 7 1 2 7 16 31 2 0 2 7 0 2 7 0 2 7 5 30 3 1 2 7 1 2 7 1 2 7 0 2 7 0 2 7 0 2 7 0 40.3387407064437866
1 2 7 5 31 3 1 2 7 1 2 7 1 2 7 5 31 3 1 2 7 0 2 7 16 6 2 0 2 7 0 2 7 0 2 7 0 2 7 16 6 2 0 2 7 17 9 2 17 18 2 0 2 7 0 2 7 0 2 7 0 2 7 0 2 7 1 2 7 0 2 7 5 31 3 1 2 7 0 2 7 0 2 7 1 2 7 16 31 2 0 2 7 0 2 7 0 2 7 5 30 3 1 2 7 1 2 7 1 2 7 0 2 7 0 2 7 0 2 7 0 40.3387407064437866
1 2 7 5 31 3 1 2 7 1 2 7 1 2 7 5 31 3 1 2 7 0 2 7 16 6 2 0 2 7 0 2 7 0 2 7 0 2 7 16 6 2 0 2 7 17 9 2 17 18 2 0 2 7 0 2 7 0 2 7 0 2 7 0 2 7 1 2 7 0 2 7 5 31 3 1 2 7 0 2 7 0 2 7 1 2 7 16 31 2 0 2 7 0 2 7 0 2 7 5 30 3 1 2 7 1 2 7 1 2 7 0 2 7 0 2 7 0 2 7 0 40.3387407064437866
1 2 7 5 31 3 1 2 7 1 2 7 1 2 7 5 31 3 1 2 7 0 2 7 16 6 2 0 2 7 0 2 7 0 2 7 0 2 7 16 6 2 0 2 7 17 9 2 17 18 2 0 2 7 0 2 7 0 2 7 0 2 7 0 2 7 1 2 7 0 2 7 5 31 3 1 2 7 0 2 7 0 2 7 1 2 7 16 31 2 0 2 7 0 2 7 0 2 7 5 30 3 1 2 7 1 2 7 1 2 7 0 2 7 0 2 7 0 2 7 0 40.3387407064437866

Current Evaluation = 8100(8100)
Front Size = 10
1 2 7 5 31 3 1 2 7 1 2 7 1 2 7 5 31 3 1 2 7 0 2 7 16 6 2 0 2 7 0 2 7 0 2 7 0 2 7 16 6 2 0 2 7 17 9 2 17 18 2 0 2 7 0 2 7 0 2 7 0 2 7 0 2 7 1 2 7 0 2 7 5 31 3 1 2 7 0 2 7 0 2 7 1 2 7 16 31 2 0 2 7 0 2 7 0 2 7 5 30 3 1 2 7 1 2 7 1 2 7 0 2 7 0 2 7 0 2 7 0 40.3387407064437866
1 2 7 5 31 3 1 2 7 1 2 7 1 2 7 5 31 3 1 2 7 0 2 7 16 6 2 0 2 7 0 2 7 0 2 7 0 2 7 16 6 2 0 2 7 17 9 2 17 18 2 0 2 7 0 2 7 0 2 7 0 2 7 0 2 7 1 2 7 0 2 7 5 31 3 1 2 7 0 2 7 0 2 7 1 2 7 16 31 2 0 2 7 0 2 7 0 2 7 5 30 3 1 2 7 1 2 7 1 2 7 0 2 7 0 2 7 0 2 7 0 40.3387407064437866
1 2 7 5 31 3 1 2 7 1 2 7 1 2 7 5 31 3 1 2 7 0 2 7 16 6 2 0 2 7 0 2 7 0 2 7 0 2 7 16 6 2 0 2 7 17 9 2 17 18 2 0 2 7 0 2 7 0 2 7 0 2 7 0 2 7 1 2 7 0 2 7 5 31 3 1 2 7 0 2 7 0 2 7 1 2 7 16 31 2 0 2 7 0 2 7 0 2 7 5 30 3 1 2 7 1 2 7 1 2 7 0 2 7 0 2 7 0 2 7 0 40.3387407064437866
1 2 7 5 31 3 1 2 7 1 2 7 1 2 7 5 31 3 1 2 7 0 2 7 16 6 2 0 2 7 0 2 7 0 2 7 0 2 7 16 6 2 0 2 7 17 9 2 17 18 2 0 2 7 0 2 7 0 2 7 0 2 7 0 2 7 1 2 7 0 2 7 5 31 3 1 2 7 0 2 7 0 2 7 1 2 7 16 31 2 0 2 7 0 2 7 0 2 7 5 30 3 1 2 7 1 2 7 1 2 7 0 2 7 0 2 7 0 2 7 0 40.3387407064437866
1 2 7 5 31 3 1 2 7 1 2 7 1 2 7 5 31 3 1 2 7 0 2 7 16 6 2 0 2 7 0 2 7 0 2 7 0 2 7 16 6 2 0 2 7 17 9 2 17 18 2 0 2 7 0 2 7 0 2 7 0 2 7 0 2 7 1 2 7 0 2 7 5 31 3 1 2 7 0 2 7 0 2 7 1 2 7 16 31 2 0 2 7 0 2 7 0 2 7 5 30 3 1 2 7 1 2 7 1 2 7 0 2 7 0 2 7 0 2 7 0 40.3387407064437866
1 2 7 5 31 3 1 2 7 1 2 7 1 2 7 5 31 3 1 2 7 0 2 7 16 6 2 0 2 7 0 2 7 0 2 7 0 2 7 16 6 2 0 2 7 17 9 2 17 18 2 0 2 7 0 2 7 0 2 7 0 2 7 0 2 7 1 2 7 0 2 7 5 31 3 1 2 7 0 2 7 0 2 7 1 2 7 16 31 2 0 2 7 0 2 7 0 2 7 5 30 3 1 2 7 1 2 7 1 2 7 0 2 7 0 2 7 0 2 7 0 40.3387407064437866
1 2 7 5 31 3 1 2 7 1 2 7 1 2 7 5 31 3 1 2 7 0 2 7 16 6 2 0 2 7 0 2 7 0 2 7 0 2 7 16 6 2 0 2 7 17 9 2 17 18 2 0 2 7 0 2 7 0 2 7 0 2 7 0 2 7 1 2 7 0 2 7 5 31 3 1 2 7 0 2 7 0 2 7 1 2 7 16 31 2 0 2 7 0 2 7 0 2 7 5 30 3 1 2 7 1 2 7 1 2 7 0 2 7 0 2 7 0 2 7 0 40.3387407064437866
1 2 7 5 31 3 1 2 7 1 2 7 1 2 7 5 31 3 1 2 7 0 2 7 16 6 2 0 2 7 0 2 7 0 2 7 0 2 7 16 6 2 0 2 7 17 9 2 17 18 2 0 2 7 0 2 7 0 2 7 0 2 7 0 2 7 1 2 7 0 2 7 5 31 3 1 2 7 0 2 7 0 2 7 1 2 7 16 31 2 0 2 7 0 2 7 0 2 7 5 30 3 1 2 7 1 2 7 1 2 7 0 2 7 0 2 7 0 2 7 0 40.3387407064437866
1 2 7 5 31 3 1 2 7 1 2 7 1 2 7 5 31 3 1 2 7 0 2 7 16 6 2 0 2 7 0 2 7 0 2 7 0 2 7 16 6 2 0 2 7 17 9 2 17 18 2 0 2 7 0 2 7 0 2 7 0 2 7 0 2 7 1 2 7 0 2 7 5 31 3 1 2 7 0 2 7 0 2 7 1 2 7 16 31 2 0 2 7 0 2 7 0 2 7 5 30 3 1 2 7 1 2 7 1 2 7 0 2 7 0 2 7 0 2 7 0 40.3387407064437866
1 2 7 5 31 3 1 2 7 1 2 7 1 2 7 5 31 3 1 2 7 0 2 7 16 6 2 0 2 7 0 2 7 0 2 7 0 2 7 16 6 2 0 2 7 17 9 2 17 18 2 0 2 7 0 2 7 0 2 7 0 2 7 0 2 7 1 2 7 0 2 7 5 31 3 1 2 7 0 2 7 0 2 7 1 2 7 16 31 2 0 2 7 0 2 7 0 2 7 5 30 3 1 2 7 1 2 7 1 2 7 0 2 7 0 2 7 0 2 7 0 40.3387407064437866

Current Evaluation = 8550(8550)
Front Size = 10
1 2 7 5 31 3 1 2 7 1 2 7 1 2 7 5 31 3 1 2 7 0 2 7 16 6 2 0 2 7 0 2 7 0 2 7 0 2 7 16 6 2 0 2 7 17 9 2 17 18 2 0 2 7 0 2 7 0 2 7 0 2 7 0 2 7 1 2 7 0 2 7 5 31 3 1 2 7 0 2 7 0 2 7 1 2 7 16 31 2 0 2 7 0 2 7 0 2 7 5 30 3 1 2 7 1 2 7 1 2 7 0 2 7 0 2 7 0 2 7 0 40.3387407064437866
1 2 7 5 31 3 1 2 7 1 2 7 1 2 7 5 31 3 1 2 7 0 2 7 16 6 2 0 2 7 0 2 7 0 2 7 0 2 7 16 6 2 0 2 7 17 9 2 17 18 2 0 2 7 0 2 7 0 2 7 0 2 7 0 2 7 1 2 7 0 2 7 5 31 3 1 2 7 0 2 7 0 2 7 1 2 7 16 31 2 0 2 7 0 2 7 0 2 7 5 30 3 1 2 7 1 2 7 1 2 7 0 2 7 0 2 7 0 2 7 0 40.3387407064437866
1 2 7 5 31 3 1 2 7 1 2 7 1 2 7 5 31 3 1 2 7 0 2 7 16 6 2 0 2 7 0 2 7 0 2 7 0 2 7 16 6 2 0 2 7 17 9 2 17 18 2 0 2 7 0 2 7 0 2 7 0 2 7 0 2 7 1 2 7 0 2 7 5 31 3 1 2 7 0 2 7 0 2 7 1 2 7 16 31 2 0 2 7 0 2 7 0 2 7 5 30 3 1 2 7 1 2 7 1 2 7 0 2 7 0 2 7 0 2 7 0 40.3387407064437866
1 2 7 5 31 3 1 2 7 1 2 7 1 2 7 5 31 3 1 2 7 0 2 7 16 6 2 0 2 7 0 2 7 0 2 7 0 2 7 16 6 2 0 2 7 17 9 2 17 18 2 0 2 7 0 2 7 0 2 7 0 2 7 0 2 7 1 2 7 0 2 7 5 31 3 1 2 7 0 2 7 0 2 7 1 2 7 16 31 2 0 2 7 0 2 7 0 2 7 5 30 3 1 2 7 1 2 7 1 2 7 0 2 7 0 2 7 0 2 7 0 40.3387407064437866
1 2 7 5 31 3 1 2 7 1 2 7 1 2 7 5 31 3 1 2 7 0 2 7 16 6 2 0 2 7 0 2 7 0 2 7 0 2 7 16 6 2 0 2 7 17 9 2 17 18 2 0 2 7 0 2 7 0 2 7 0 2 7 0 2 7 1 2 7 0 2 7 5 31 3 1 2 7 0 2 7 0 2 7 1 2 7 16 31 2 0 2 7 0 2 7 0 2 7 5 30 3 1 2 7 1 2 7 1 2 7 0 2 7 0 2 7 0 2 7 0 40.3387407064437866
1 2 7 5 31 3 1 2 7 1 2 7 1 2 7 5 31 3 1 2 7 0 2 7 16 6 2 0 2 7 0 2 7 0 2 7 0 2 7 16 6 2 0 2 7 17 9 2 17 18 2 0 2 7 0 2 7 0 2 7 0 2 7 0 2 7 1 2 7 0 2 7 5 31 3 1 2 7 0 2 7 0 2 7 1 2 7 16 31 2 0 2 7 0 2 7 0 2 7 5 30 3 1 2 7 1 2 7 1 2 7 0 2 7 0 2 7 0 2 7 0 40.3387407064437866
1 2 7 5 31 3 1 2 7 1 2 7 1 2 7 5 31 3 1 2 7 0 2 7 16 6 2 0 2 7 0 2 7 0 2 7 0 2 7 16 6 2 0 2 7 17 9 2 17 18 2 0 2 7 0 2 7 0 2 7 0 2 7 0 2 7 1 2 7 0 2 7 5 31 3 1 2 7 0 2 7 0 2 7 1 2 7 16 31 2 0 2 7 0 2 7 0 2 7 5 30 3 1 2 7 1 2 7 1 2 7 0 2 7 0 2 7 0 2 7 0 40.3387407064437866
1 2 7 5 31 3 1 2 7 1 2 7 1 2 7 5 31 3 1 2 7 0 2 7 16 6 2 0 2 7 0 2 7 0 2 7 0 2 7 16 6 2 0 2 7 17 9 2 17 18 2 0 2 7 0 2 7 0 2 7 0 2 7 0 2 7 1 2 7 0 2 7 5 31 3 1 2 7 0 2 7 0 2 7 1 2 7 16 31 2 0 2 7 0 2 7 0 2 7 5 30 3 1 2 7 1 2 7 1 2 7 0 2 7 0 2 7 0 2 7 0 40.3387407064437866
1 2 7 5 31 3 1 2 7 1 2 7 1 2 7 5 31 3 1 2 7 0 2 7 16 6 2 0 2 7 0 2 7 0 2 7 0 2 7 16 6 2 0 2 7 17 9 2 17 18 2 0 2 7 0 2 7 0 2 7 0 2 7 0 2 7 1 2 7 0 2 7 5 31 3 1 2 7 0 2 7 0 2 7 1 2 7 16 31 2 0 2 7 0 2 7 0 2 7 5 30 3 1 2 7 1 2 7 1 2 7 0 2 7 0 2 7 0 2 7 0 40.3387407064437866
1 2 7 5 31 3 1 2 7 1 2 7 1 2 7 5 31 3 1 2 7 0 2 7 16 6 2 0 2 7 0 2 7 0 2 7 0 2 7 16 6 2 0 2 7 17 9 2 17 18 2 0 2 7 0 2 7 0 2 7 0 2 7 0 2 7 1 2 7 0 2 7 5 31 3 1 2 7 0 2 7 0 2 7 1 2 7 16 31 2 0 2 7 0 2 7 0 2 7 5 30 3 1 2 7 1 2 7 1 2 7 0 2 7 0 2 7 0 2 7 0 40.3387407064437866

Current Evaluation = 9000(9000)
Front Size = 10
1 2 7 5 31 3 1 2 7 1 2 7 1 2 7 5 31 3 1 2 7 0 2 7 16 6 2 0 2 7 0 2 7 0 2 7 0 2 7 16 6 2 0 2 7 17 9 2 17 18 2 0 2 7 0 2 7 0 2 7 0 2 7 0 2 7 1 2 7 0 2 7 5 31 3 1 2 7 0 2 7 0 2 7 1 2 7 16 31 2 0 2 7 0 2 7 0 2 7 5 30 3 1 2 7 1 2 7 1 2 7 0 2 7 0 2 7 0 2 7 0 40.3387407064437866
1 2 7 5 31 3 1 2 7 1 2 7 1 2 7 5 31 3 1 2 7 0 2 7 16 6 2 0 2 7 0 2 7 0 2 7 0 2 7 16 6 2 0 2 7 17 9 2 17 18 2 0 2 7 0 2 7 0 2 7 0 2 7 0 2 7 1 2 7 0 2 7 5 31 3 1 2 7 0 2 7 0 2 7 1 2 7 16 31 2 0 2 7 0 2 7 0 2 7 5 30 3 1 2 7 1 2 7 1 2 7 0 2 7 0 2 7 0 2 7 0 40.3387407064437866
1 2 7 5 31 3 1 2 7 1 2 7 1 2 7 5 31 3 1 2 7 0 2 7 16 6 2 0 2 7 0 2 7 0 2 7 0 2 7 16 6 2 0 2 7 17 9 2 17 18 2 0 2 7 0 2 7 0 2 7 0 2 7 0 2 7 1 2 7 0 2 7 5 31 3 1 2 7 0 2 7 0 2 7 1 2 7 16 31 2 0 2 7 0 2 7 0 2 7 5 30 3 1 2 7 1 2 7 1 2 7 0 2 7 0 2 7 0 2 7 0 40.3387407064437866
1 2 7 5 31 3 1 2 7 1 2 7 1 2 7 5 31 3 1 2 7 0 2 7 16 6 2 0 2 7 0 2 7 0 2 7 0 2 7 16 6 2 0 2 7 17 9 2 17 18 2 0 2 7 0 2 7 0 2 7 0 2 7 0 2 7 1 2 7 0 2 7 5 31 3 1 2 7 0 2 7 0 2 7 1 2 7 16 31 2 0 2 7 0 2 7 0 2 7 5 30 3 1 2 7 1 2 7 1 2 7 0 2 7 0 2 7 0 2 7 0 40.3387407064437866
1 2 7 5 31 3 1 2 7 1 2 7 1 2 7 5 31 3 1 2 7 0 2 7 16 6 2 0 2 7 0 2 7 0 2 7 0 2 7 16 6 2 0 2 7 17 9 2 17 18 2 0 2 7 0 2 7 0 2 7 0 2 7 0 2 7 1 2 7 0 2 7 5 31 3 1 2 7 0 2 7 0 2 7 1 2 7 16 31 2 0 2 7 0 2 7 0 2 7 5 30 3 1 2 7 1 2 7 1 2 7 0 2 7 0 2 7 0 2 7 0 40.3387407064437866
1 2 7 5 31 3 1 2 7 1 2 7 1 2 7 5 31 3 1 2 7 0 2 7 16 6 2 0 2 7 0 2 7 0 2 7 0 2 7 16 6 2 0 2 7 17 9 2 17 18 2 0 2 7 0 2 7 0 2 7 0 2 7 0 2 7 1 2 7 0 2 7 5 31 3 1 2 7 0 2 7 0 2 7 1 2 7 16 31 2 0 2 7 0 2 7 0 2 7 5 30 3 1 2 7 1 2 7 1 2 7 0 2 7 0 2 7 0 2 7 0 40.3387407064437866
1 2 7 5 31 3 1 2 7 1 2 7 1 2 7 5 31 3 1 2 7 0 2 7 16 6 2 0 2 7 0 2 7 0 2 7 0 2 7 16 6 2 0 2 7 17 9 2 17 18 2 0 2 7 0 2 7 0 2 7 0 2 7 0 2 7 1 2 7 0 2 7 5 31 3 1 2 7 0 2 7 0 2 7 1 2 7 16 31 2 0 2 7 0 2 7 0 2 7 5 30 3 1 2 7 1 2 7 1 2 7 0 2 7 0 2 7 0 2 7 0 40.3387407064437866
1 2 7 5 31 3 1 2 7 1 2 7 1 2 7 5 31 3 1 2 7 0 2 7 16 6 2 0 2 7 0 2 7 0 2 7 0 2 7 16 6 2 0 2 7 17 9 2 17 18 2 0 2 7 0 2 7 0 2 7 0 2 7 0 2 7 1 2 7 0 2 7 5 31 3 1 2 7 0 2 7 0 2 7 1 2 7 16 31 2 0 2 7 0 2 7 0 2 7 5 30 3 1 2 7 1 2 7 1 2 7 0 2 7 0 2 7 0 2 7 0 40.3387407064437866
1 2 7 5 31 3 1 2 7 1 2 7 1 2 7 5 31 3 1 2 7 0 2 7 16 6 2 0 2 7 0 2 7 0 2 7 0 2 7 16 6 2 0 2 7 17 9 2 17 18 2 0 2 7 0 2 7 0 2 7 0 2 7 0 2 7 1 2 7 0 2 7 5 31 3 1 2 7 0 2 7 0 2 7 1 2 7 16 31 2 0 2 7 0 2 7 0 2 7 5 30 3 1 2 7 1 2 7 1 2 7 0 2 7 0 2 7 0 2 7 0 40.3387407064437866
1 2 7 5 31 3 1 2 7 1 2 7 1 2 7 5 31 3 1 2 7 0 2 7 16 6 2 0 2 7 0 2 7 0 2 7 0 2 7 16 6 2 0 2 7 17 9 2 17 18 2 0 2 7 0 2 7 0 2 7 0 2 7 0 2 7 1 2 7 0 2 7 5 31 3 1 2 7 0 2 7 0 2 7 1 2 7 16 31 2 0 2 7 0 2 7 0 2 7 5 30 3 1 2 7 1 2 7 1 2 7 0 2 7 0 2 7 0 2 7 0 40.3387407064437866

MonoObjective Genetic Algorithm
Number of Evaluations = 0
Mutation Probability = 0
Crossover Probability = 1
Population Size = 10
Survival Selection Type = 1

Time =  9032.44235396385193

Current Evaluation = 2300
Front Size = 10
1 2 7 5 31 3 1 2 7 1 2 7 1 2 7 5 31 3 1 2 7 0 2 7 16 6 2 0 2 7 0 2 7 0 2 7 0 2 7 16 6 2 0 2 7 17 9 2 17 18 2 0 2 7 0 2 7 0 2 7 0 2 7 0 2 7 1 2 7 0 2 7 5 31 3 1 2 7 0 2 7 0 2 7 1 2 7 16 31 2 0 2 7 0 2 7 0 2 7 5 30 3 1 2 7 1 2 7 1 2 7 0 2 7 0 2 7 0 2 7 0 40.3387407064437866
1 2 7 5 31 3 1 2 7 1 2 7 1 2 7 5 31 3 1 2 7 0 2 7 16 6 2 0 2 7 0 2 7 0 2 7 0 2 7 16 6 2 0 2 7 17 9 2 17 18 2 0 2 7 0 2 7 0 2 7 0 2 7 0 2 7 1 2 7 0 2 7 5 31 3 1 2 7 0 2 7 0 2 7 1 2 7 16 31 2 0 2 7 0 2 7 0 2 7 5 30 3 1 2 7 1 2 7 1 2 7 0 2 7 0 2 7 0 2 7 0 40.3387407064437866
1 2 7 5 31 3 1 2 7 1 2 7 1 2 7 5 31 3 1 2 7 0 2 7 16 6 2 0 2 7 0 2 7 0 2 7 0 2 7 16 6 2 0 2 7 17 9 2 17 18 2 0 2 7 0 2 7 0 2 7 0 2 7 0 2 7 1 2 7 0 2 7 5 31 3 1 2 7 0 2 7 0 2 7 1 2 7 16 31 2 0 2 7 0 2 7 0 2 7 5 30 3 1 2 7 1 2 7 1 2 7 0 2 7 0 2 7 0 2 7 0 40.3387407064437866
1 2 7 5 31 3 1 2 7 1 2 7 1 2 7 5 31 3 1 2 7 0 2 7 16 6 2 0 2 7 0 2 7 0 2 7 0 2 7 16 6 2 0 2 7 17 9 2 17 18 2 0 2 7 0 2 7 0 2 7 0 2 7 0 2 7 1 2 7 0 2 7 5 31 3 1 2 7 0 2 7 0 2 7 1 2 7 16 31 2 0 2 7 0 2 7 0 2 7 5 30 3 1 2 7 1 2 7 1 2 7 0 2 7 0 2 7 0 2 7 0 40.3387407064437866
1 2 7 5 31 3 1 2 7 1 2 7 1 2 7 5 31 3 1 2 7 0 2 7 16 6 2 0 2 7 0 2 7 0 2 7 0 2 7 16 6 2 0 2 7 17 9 2 17 18 2 0 2 7 0 2 7 0 2 7 0 2 7 0 2 7 1 2 7 0 2 7 5 31 3 1 2 7 0 2 7 0 2 7 1 2 7 16 31 2 0 2 7 0 2 7 0 2 7 5 30 3 1 2 7 1 2 7 1 2 7 0 2 7 0 2 7 0 2 7 0 40.3387407064437866
1 2 7 5 31 3 1 2 7 1 2 7 1 2 7 5 31 3 1 2 7 0 2 7 16 6 2 0 2 7 0 2 7 0 2 7 0 2 7 16 6 2 0 2 7 17 9 2 17 18 2 0 2 7 0 2 7 0 2 7 0 2 7 0 2 7 1 2 7 0 2 7 5 31 3 1 2 7 0 2 7 0 2 7 1 2 7 16 31 2 0 2 7 0 2 7 0 2 7 5 30 3 1 2 7 1 2 7 1 2 7 0 2 7 0 2 7 0 2 7 0 40.3387407064437866
1 2 7 5 31 3 1 2 7 1 2 7 1 2 7 5 31 3 1 2 7 0 2 7 16 6 2 0 2 7 0 2 7 0 2 7 0 2 7 16 6 2 0 2 7 17 9 2 17 18 2 0 2 7 0 2 7 0 2 7 0 2 7 0 2 7 1 2 7 0 2 7 5 31 3 1 2 7 0 2 7 0 2 7 1 2 7 16 31 2 0 2 7 0 2 7 0 2 7 5 30 3 1 2 7 1 2 7 1 2 7 0 2 7 0 2 7 0 2 7 0 40.3387407064437866
1 2 7 5 31 3 1 2 7 1 2 7 1 2 7 5 31 3 1 2 7 0 2 7 16 6 2 0 2 7 0 2 7 0 2 7 0 2 7 16 6 2 0 2 7 17 9 2 17 18 2 0 2 7 0 2 7 0 2 7 0 2 7 0 2 7 1 2 7 0 2 7 5 31 3 1 2 7 0 2 7 0 2 7 1 2 7 16 31 2 0 2 7 0 2 7 0 2 7 5 30 3 1 2 7 1 2 7 1 2 7 0 2 7 0 2 7 0 2 7 0 40.3387407064437866
1 2 7 5 31 3 1 2 7 1 2 7 1 2 7 5 31 3 1 2 7 0 2 7 16 6 2 0 2 7 0 2 7 0 2 7 0 2 7 16 6 2 0 2 7 17 9 2 17 18 2 0 2 7 0 2 7 0 2 7 0 2 7 0 2 7 1 2 7 0 2 7 5 31 3 1 2 7 0 2 7 0 2 7 1 2 7 16 31 2 0 2 7 0 2 7 0 2 7 5 30 3 1 2 7 1 2 7 1 2 7 0 2 7 0 2 7 0 2 7 0 40.3387407064437866
1 2 7 5 31 3 1 2 7 1 2 7 1 2 7 5 31 3 1 2 7 0 2 7 16 6 2 0 2 7 0 2 7 0 2 7 0 2 7 16 6 2 0 2 7 17 9 2 17 18 2 0 2 7 0 2 7 0 2 7 0 2 7 0 2 7 1 2 7 0 2 7 5 31 3 1 2 7 0 2 7 0 2 7 1 2 7 16 31 2 0 2 7 0 2 7 0 2 7 5 30 3 1 2 7 1 2 7 1 2 7 0 2 7 0 2 7 0 2 7 0 40.3387407064437866

