Current Evaluation = 900(900)
Front Size = 10
0 2 4 1 2 7 17 18 2 17 9 2 0 2 7 1 2 7 0 2 7 0 2 7 0 2 7 5 30 3 17 9 2 0 2 10 17 9 2 8 9 2 0 2 7 1 2 7 1 2 7 0 2 7 0 2 4 1 2 7 16 19 11 0 2 7 1 2 7 0 2 4 12 16 2 0 2 4 0 2 7 1 2 7 0 2 10 0 2 4 0 2 7 5 30 3 13 6 3 0 2 7 1 2 7 12 16 2 6 2 7 0 2 7 5 31 3 1 2 7 5 31 3 0 2 7 0 2 7 5 30 3 0 2 7 0 2 7 0 2 7 0 2 7 5 31 3 0 2 7 5 30 3 1 2 7 0 2 7 0 2 7 1 2 7 0 2 7 1 2 7 16 6 2 16 6 2 12 16 2 0 61.5394763350486755
0 2 7 0 2 7 0 2 7 17 18 2 12 2 2 1 2 7 0 2 2 0 2 7 0 2 7 5 30 3 1 9 2 0 2 7 16 30 2 0 2 2 0 2 7 1 2 7 1 2 7 0 2 7 0 2 7 1 2 7 16 19 11 5 2 3 1 2 7 0 2 4 0 16 7 0 30 4 0 2 7 1 2 7 0 2 10 0 2 3 0 2 7 5 30 3 13 30 3 0 2 7 1 2 7 12 2 2 1 2 7 1 2 7 8 31 2 1 2 7 16 31 3 0 2 7 0 2 7 5 30 3 0 2 7 0 2 7 0 2 7 0 2 7 5 2 7 0 2 7 5 31 3 1 2 7 1 2 7 12 16 7 6 2 7 0 2 2 1 2 7 5 31 3 0 2 7 12 16 7 1251239.67409763904 61.9742578268051147
0 2 3 0 2 3 0 2 7 5 30 3 12 16 2 8 18 2 16 19 11 0 2 8 0 2 3 5 30 3 0 2 7 1 2 8 8 9 2 16 9 8 0 2 7 0 2 8 0 2 7 5 31 3 0 2 8 0 2 3 16 19 11 16 19 11 0 2 3 0 2 8 5 30 3 0 2 8 0 2 3 0 2 7 1 2 3 0 2 8 0 2 7 5 30 3 1 2 7 1 2 11 12 16 2 0 2 8 0 2 3 0 2 7 5 30 3 0 2 3 5 30 3 0 2 8 0 2 3 5 30 3 0 2 8 0 2 7 0 2 7 1 2 3 0 2 8 0 2 8 5 30 3 0 2 7 0 2 7 0 2 3 0 2 7 16 19 11 0 2 7 16 6 2 16 6 2 12 16 2 0 66.4739747047424316
0 2 4 1 2 7 16 18 11 17 18 2 12 2 7 0 2 3 1 2 7 0 2 7 0 2 7 5 30 3 16 19 2 0 2 7 0 9 7 1 9 7 0 2 3 1 2 7 0 2 7 0 2 7 0 2 4 1 2 7 12 19 11 0 2 4 1 2 7 1 2 4 12 16 4 0 2 7 0 2 7 1 2 7 0 2 10 0 2 4 1 2 7 5 30 3 17 9 3 0 2 7 0 2 7 1 2 7 6 2 7 0 2 7 5 31 3 1 2 7 5 30 3 0 2 7 0 2 2 5 30 3 0 2 3 0 2 7 0 2 7 0 2 7 5 2 3 0 2 7 5 30 3 0 2 7 1 2 3 0 2 4 5 2 3 0 2 4 0 2 7 16 2 2 16 6 2 12 31 2 1050628.29397901054 62.8664848208427429
0 2 7 1 2 7 17 18 2 17 18 2 16 6 2 0 2 7 0 2 7 0 2 7 0 2 7 5 31 3 0 2 3 0 2 7 8 9 2 12 16 2 0 2 7 0 2 7 1 2 7 1 2 7 0 2 7 17 9 2 12 16 2 0 2 10 0 2 11 16 18 11 0 2 7 0 2 7 0 2 7 1 2 7 1 2 7 0 2 7 0 2 7 5 30 3 8 18 2 0 2 4 0 2 7 12 16 2 1 2 7 0 2 7 1 2 7 1 2 4 5 31 3 0 2 7 1 2 7 5 31 3 0 2 7 0 2 4 1 2 7 1 2 7 5 30 3 0 2 7 5 30 3 1 2 7 0 2 7 1 2 7 0 2 7 1 2 4 0 2 7 0 2 7 16 19 11 16 6 2 0 61.9504584670066833
0 2 7 1 2 7 17 18 2 17 9 2 12 2 7 1 2 7 0 18 2 1 2 7 0 2 11 5 30 3 1 2 2 0 2 7 16 9 2 8 9 7 0 2 7 0 2 7 1 2 7 5 30 3 0 2 4 1 2 7 16 19 11 0 2 3 1 2 7 0 2 4 0 2 7 16 2 2 0 2 7 1 2 7 0 2 2 0 2 7 0 2 7 5 31 3 13 6 3 0 2 7 1 2 7 12 16 2 6 2 7 0 2 7 8 18 2 0 2 7 5 31 3 0 2 7 0 2 7 5 31 3 0 2 4 0 2 7 0 2 7 0 2 7 5 31 3 0 2 7 5 31 3 1 2 7 0 2 7 12 2 7 6 2 7 17 2 2 1 2 7 16 6 3 0 6 2 0 16 2 566292.106845760602 62.0483009815216064
0 2 4 0 2 7 0 2 7 17 18 2 0 16 2 0 2 7 17 2 7 0 2 7 0 2 7 5 30 3 17 9 7 0 2 10 17 30 2 0 2 2 0 2 7 1 2 7 1 2 7 0 2 7 0 2 7 0 2 7 16 19 11 5 30 7 0 2 4 0 2 7 12 16 2 0 6 4 0 2 7 1 2 7 17 18 10 0 2 4 0 2 7 5 30 3 5 30 3 0 2 7 1 2 7 0 2 7 1 2 11 1 2 7 5 31 3 1 2 7 13 6 3 1 2 7 6 2 7 5 30 3 0 2 7 1 2 7 1 2 7 0 2 7 0 2 7 0 2 11 5 30 3 0 2 7 1 2 7 0 16 2 1 2 7 0 18 7 0 2 7 5 30 2 16 2 7 12 2 7 972065.601713578566 61.265213668346405
9 2 7 1 2 7 0 2 7 16 6 2 0 2 3 0 2 7 0 2 7 5 30 3 1 2 7 5 31 3 0 2 7 0 2 7 16 6 2 0 2 7 0 2 7 0 2 7 0 2 7 16 19 11 16 19 11 0 2 3 0 2 3 0 2 7 6 2 3 0 2 3 0 2 7 16 6 2 0 2 3 0 2 7 0 2 7 0 2 7 0 2 11 5 30 3 5 30 3 0 2 7 0 2 3 5 30 3 0 2 7 0 2 3 0 2 7 0 2 7 5 31 3 12 16 2 0 2 3 5 30 3 16 19 11 12 16 2 0 2 7 1 2 3 1 2 3 0 2 3 5 30 3 0 2 7 16 19 11 0 2 3 1 2 11 0 2 7 0 2 3 5 30 3 0 2 3 0 2 3 0 64.7237861156463623
8 18 7 0 2 3 16 19 11 16 6 2 5 30 3 0 2 7 1 30 2 5 30 3 0 2 7 1 30 3 0 2 7 0 2 11 16 31 2 0 2 3 0 2 7 0 2 3 0 2 3 5 19 3 0 30 7 0 2 3 16 2 2 16 2 3 0 2 3 1 2 3 0 2 7 16 19 11 0 2 3 0 2 11 0 2 11 0 2 3 0 2 7 5 30 3 0 2 3 0 2 3 1 2 3 0 2 3 9 2 7 0 2 7 16 19 11 1 2 8 5 30 3 5 2 3 0 2 3 5 30 3 12 2 2 0 2 7 0 2 7 0 2 3 0 2 7 0 2 3 5 30 3 0 2 3 1 2 7 16 19 11 1 2 3 0 2 3 0 2 7 5 30 3 0 2 3 0 2 8 1450301.20100597269 65.3405358195304871
0 2 4 1 2 7 0 18 2 17 18 2 0 16 7 0 2 7 17 18 2 0 2 7 0 2 7 5 30 3 17 2 2 0 2 10 17 30 2 8 2 2 0 2 7 0 2 7 1 2 7 0 2 3 0 2 4 1 2 7 16 19 11 0 30 3 0 2 4 0 2 7 12 2 7 0 6 2 0 2 7 1 2 7 0 2 2 0 2 7 0 2 7 5 31 3 5 6 3 0 2 7 1 2 7 0 2 2 6 2 11 1 2 7 5 31 3 0 2 7 13 6 3 0 2 7 0 2 7 5 30 3 0 2 7 1 2 7 0 2 7 0 2 7 0 2 3 0 2 7 5 30 3 0 2 7 0 2 7 12 16 7 6 2 7 17 2 7 0 2 7 5 6 3 16 2 2 0 16 7 1187766.11689813947 61.9088907837867737

Current Evaluation = 1800(1800)
Front Size = 10
1 2 7 1 2 7 17 18 2 8 9 2 0 2 7 0 2 7 0 2 7 0 2 7 0 2 7 1 2 7 17 9 2 0 2 7 17 9 2 5 30 3 1 2 4 1 2 7 0 2 7 0 2 7 17 18 2 0 2 7 17 9 2 0 2 7 0 2 7 0 2 7 12 16 2 1 2 7 0 2 7 1 2 4 0 2 7 0 2 7 1 2 7 0 2 7 13 6 3 0 2 7 6 2 4 12 16 2 1 2 7 0 2 7 5 30 3 0 2 4 5 31 3 0 2 7 6 2 7 5 31 3 0 2 7 1 2 7 1 2 7 1 2 7 5 31 3 0 2 4 5 30 3 0 2 7 1 2 4 0 2 7 1 2 11 0 2 3 0 2 4 16 6 2 16 32 2 12 16 2 0 61.0581165552139282
1 2 7 0 2 7 17 18 2 5 31 3 0 2 7 0 2 7 1 2 7 0 2 7 0 2 7 0 2 7 17 18 2 0 2 7 17 9 2 8 9 2 0 2 7 1 2 7 1 2 7 0 2 7 0 2 7 0 2 7 16 19 11 1 2 3 0 2 3 0 2 7 12 16 2 0 2 7 0 2 7 1 2 7 1 2 7 1 2 7 1 2 7 0 2 7 13 6 3 1 2 7 0 2 7 12 16 2 0 2 7 1 2 7 5 30 3 1 2 7 5 31 3 0 2 7 8 9 2 5 30 3 0 2 7 1 2 7 0 2 7 1 2 3 5 30 3 0 2 3 1 2 7 0 2 3 0 2 7 0 2 3 0 2 7 16 19 12 0 2 3 16 6 2 16 6 2 12 16 2 0 61.8612264394760132
0 2 7 0 2 7 17 18 2 8 9 2 0 2 7 0 2 7 1 2 7 0 2 7 0 2 7 5 2 3 17 9 2 0 2 7 8 9 2 5 30 3 1 2 4 0 2 7 1 2 7 1 2 7 17 18 3 0 2 7 16 9 2 0 2 7 1 2 7 0 2 7 12 16 2 0 2 7 0 2 7 1 2 7 0 2 7 0 2 7 0 2 7 0 2 7 13 6 3 0 2 7 0 2 4 12 16 2 1 2 7 0 9 7 5 30 3 0 2 7 5 31 3 0 2 7 17 2 7 5 31 3 0 2 7 0 2 7 1 2 7 0 2 7 5 30 3 0 2 7 5 30 3 0 2 7 1 2 4 0 2 3 1 2 7 0 2 3 1 2 4 16 6 2 16 15 2 12 16 2 357633.819767448877 62.1578755974769592
0 2 4 1 2 7 17 18 2 17 9 2 0 2 7 0 2 7 0 2 7 1 2 7 0 2 3 5 30 3 17 9 2 0 2 7 17 9 2 8 9 2 0 2 4 0 2 7 0 2 7 1 2 7 0 2 7 1 2 7 16 19 11 0 2 4 1 2 7 0 2 7 12 16 2 5 2 3 0 2 7 0 2 7 0 2 4 8 18 7 0 2 7 0 2 7 13 6 3 6 2 7 0 2 7 12 16 2 1 2 7 1 2 7 5 30 3 1 2 7 5 30 3 0 2 7 17 18 2 5 30 3 0 2 7 0 2 7 1 2 7 0 2 7 5 31 3 0 2 7 5 30 3 1 2 7 0 2 7 0 2 7 1 2 7 1 2 7 0 2 7 13 6 2 0 2 2 12 16 2 266816.572298672632 61.9102503657341003
0 2 7 0 2 4 17 18 2 17 9 2 0 2 4 1 2 3 1 2 7 0 2 4 1 2 7 5 30 3 17 9 2 1 2 11 17 9 2 17 9 2 0 2 3 0 2 4 1 2 7 1 2 7 0 2 7 1 2 7 16 19 11 0 2 7 0 2 7 0 2 4 12 16 2 0 30 7 0 2 7 1 2 10 1 2 4 0 2 2 0 2 7 0 2 7 13 6 3 0 2 7 0 2 7 12 16 2 0 2 11 1 2 7 5 31 3 1 2 7 5 31 3 1 2 7 0 2 4 5 30 3 6 2 7 0 2 7 1 2 7 0 2 7 5 31 3 0 2 4 5 30 3 0 2 7 0 2 4 0 2 7 0 2 7 0 2 11 1 2 7 16 6 3 16 6 7 12 16 2 521162.517236070416 61.0585887432098389
0 2 7 0 2 7 17 18 2 17 9 2 0 2 3 0 2 7 1 2 7 1 2 3 5 31 3 5 30 3 5 30 3 0 2 7 8 9 2 8 9 2 1 2 7 1 2 7 0 2 7 0 2 7 1 2 3 0 2 7 16 19 11 0 2 7 0 2 7 16 19 11 12 16 2 1 2 7 0 2 7 1 2 7 1 2 7 0 2 7 0 2 7 0 2 7 0 2 7 0 2 7 0 2 7 12 16 2 0 2 3 8 9 2 5 30 3 1 2 7 5 30 3 0 2 7 16 6 2 5 30 3 0 2 7 0 2 7 0 2 7 0 2 7 5 30 3 0 2 7 5 30 3 0 2 7 0 2 7 0 2 7 1 2 11 0 2 7 0 2 7 16 24 2 0 2 3 16 19 11 0 63.043376088142395
0 2 7 0 2 7 17 18 2 8 9 2 1 2 7 0 2 7 1 2 7 1 2 4 0 2 7 5 30 3 17 9 2 0 2 7 17 9 2 0 2 7 0 2 7 0 2 7 1 2 7 1 2 7 5 30 7 0 2 4 16 19 11 1 2 7 1 2 7 1 2 11 12 16 2 1 2 7 0 2 7 1 2 7 0 2 7 0 2 7 0 2 7 0 2 7 13 6 3 1 2 7 1 2 7 12 16 2 1 2 7 0 2 7 5 31 3 1 2 7 5 31 3 0 2 7 17 18 2 5 30 3 6 2 7 0 2 7 1 2 7 0 2 7 5 30 3 0 2 7 5 30 3 1 2 7 0 2 7 0 2 7 0 2 7 1 2 7 1 2 7 16 31 2 16 15 2 12 2 2 50484.6723635269664 61.1363932490348816
1 2 7 0 2 7 17 18 2 17 9 2 1 2 7 0 2 7 0 2 7 1 2 7 0 2 7 5 2 7 17 9 2 0 2 7 17 9 2 5 2 7 1 2 7 1 2 7 1 2 7 1 2 7 17 2 2 0 2 7 17 19 2 1 2 7 0 2 7 0 19 11 12 16 2 1 2 7 0 2 7 1 2 7 0 2 7 0 2 7 0 2 7 0 2 7 13 6 3 0 2 7 1 2 7 12 16 2 0 2 7 0 2 7 5 30 3 0 2 4 5 31 3 0 2 7 8 2 7 5 31 3 0 2 7 0 2 7 1 2 7 1 2 7 5 30 3 0 2 4 5 30 3 0 2 7 1 2 4 1 2 7 1 2 11 0 2 3 0 2 7 16 6 2 16 32 2 12 16 2 427278.154870857601 62.1345486640930176
0 2 7 1 2 7 17 18 2 8 9 2 0 2 7 0 2 7 1 2 7 0 2 7 0 2 7 1 30 3 17 9 2 0 2 7 17 9 2 0 30 3 0 2 4 0 2 7 0 2 7 0 2 7 1 18 7 0 2 4 16 9 11 0 2 7 0 2 7 16 2 7 12 16 2 1 2 7 0 2 7 0 2 4 0 2 7 0 2 7 1 2 7 0 2 7 13 6 3 0 2 7 6 2 4 12 16 2 1 2 7 0 2 7 5 31 3 1 2 7 5 30 3 0 2 7 6 18 2 5 30 3 0 2 7 1 2 7 1 2 4 0 2 7 5 31 3 0 2 7 5 31 3 0 2 7 0 2 7 0 2 7 1 2 7 1 2 7 0 2 4 16 31 2 0 2 7 1 2 7 650381.573213247582 60.2896796464920044
0 2 7 0 2 4 17 18 2 17 9 2 0 2 7 0 2 3 0 2 7 1 2 7 1 2 3 5 30 3 17 9 2 0 2 11 17 9 2 17 9 2 0 2 4 0 2 7 1 2 7 1 2 7 0 2 7 1 2 7 16 19 11 0 2 7 1 2 7 0 2 4 12 16 2 0 30 3 0 2 7 1 2 10 1 2 4 0 18 2 0 2 7 0 2 7 13 6 3 6 2 7 0 2 7 12 16 2 0 2 11 1 2 7 5 31 3 1 2 7 5 31 3 0 2 7 17 18 4 5 30 3 0 2 7 0 2 7 1 2 7 0 2 7 5 31 3 0 2 4 5 30 3 0 2 7 0 2 4 0 2 7 1 2 7 1 2 7 1 2 7 16 6 2 0 2 2 12 16 2 355382.907089474669 61.1876947283744812

Current Evaluation = 2700(2700)
Front Size = 10
1 2 7 1 2 7 17 18 2 17 9 2 13 6 3 0 2 7 0 2 7 1 2 7 0 2 7 1 2 7 17 9 2 0 2 7 17 9 2 0 2 7 0 2 7 0 2 7 0 2 7 1 2 7 17 18 2 1 2 7 17 9 2 0 2 11 0 2 7 0 2 11 12 16 2 1 2 7 0 2 7 1 2 7 0 2 7 0 2 7 0 2 7 1 2 7 13 6 3 0 2 7 1 2 4 12 16 2 1 2 7 0 2 7 5 30 3 1 2 7 5 30 3 0 2 7 1 2 7 5 31 3 0 2 4 1 2 7 0 2 7 1 2 7 5 30 3 0 2 7 5 30 3 13 6 3 1 2 7 0 2 4 1 2 7 0 2 7 0 2 7 0 2 7 16 31 2 12 16 2 0 60.1593304872512817
1 2 7 1 2 7 17 18 2 17 9 2 0 2 7 1 2 4 0 2 7 1 2 4 0 2 7 1 2 7 0 2 7 0 2 7 17 9 2 0 2 7 1 2 7 1 2 7 0 2 7 0 2 7 17 18 2 0 2 7 17 9 2 0 2 7 0 2 7 0 2 4 1 2 7 1 2 7 0 2 7 1 2 4 0 2 4 0 2 7 0 2 7 0 2 7 13 6 3 0 2 7 1 2 7 12 16 2 1 2 7 0 2 7 5 30 3 0 2 7 5 31 3 0 2 7 0 2 4 5 31 3 0 2 7 1 2 4 1 2 7 1 2 4 5 31 3 0 2 7 5 30 3 1 2 7 1 2 7 0 2 7 1 2 7 0 2 7 0 2 7 16 30 2 16 31 2 12 16 2 0 60.3275526762008667
1 2 7 1 2 7 17 18 2 17 9 2 0 2 7 1 2 4 0 2 7 1 2 4 0 2 7 1 2 7 0 2 7 0 2 7 17 9 2 0 2 7 1 2 7 1 2 7 0 2 7 0 2 7 17 18 2 0 2 7 17 9 2 0 2 7 0 2 7 0 2 4 1 2 7 1 2 7 0 2 7 1 2 4 0 2 4 0 2 7 0 2 7 0 2 7 13 6 3 0 2 7 1 2 7 12 16 2 1 2 7 0 2 7 5 30 3 0 2 7 5 31 3 0 2 7 0 2 4 5 31 3 0 2 7 1 2 4 1 2 7 1 2 4 5 31 3 0 2 7 5 30 3 1 2 7 1 2 7 0 2 7 1 2 7 0 2 7 0 2 7 16 30 2 16 31 2 12 16 2 0 60.3275526762008667
0 2 7 12 16 2 17 18 2 17 9 2 0 2 7 9 2 7 1 2 7 1 2 7 0 2 7 0 2 7 9 2 7 0 2 11 17 9 2 1 2 7 0 2 7 0 2 3 0 2 7 0 2 7 17 18 2 0 2 3 17 9 2 0 2 7 0 2 11 1 2 7 1 2 7 0 2 7 0 2 3 1 2 3 0 2 4 0 2 7 9 2 7 0 2 7 13 6 3 0 2 7 1 2 7 12 16 2 15 2 11 0 2 7 5 30 3 0 2 4 5 30 3 0 2 7 1 2 4 5 30 3 0 2 7 1 2 7 1 2 7 0 2 3 5 30 3 0 2 3 5 31 3 5 30 3 0 2 7 0 2 11 1 2 7 1 2 7 9 2 7 6 3 2 16 6 2 12 16 2 0 62.8276385068893433
1 2 7 1 2 7 17 18 2 17 9 2 13 6 3 1 2 4 0 2 7 1 2 4 0 2 7 1 2 7 17 2 7 0 2 7 17 9 2 0 2 7 0 2 7 0 2 7 0 2 7 1 2 7 17 18 2 0 2 7 17 9 2 0 2 7 0 2 7 0 2 11 12 2 7 1 2 7 0 2 7 1 2 4 0 2 4 0 2 7 0 2 7 1 2 7 13 6 3 0 2 7 1 2 7 12 16 2 1 2 7 0 2 7 5 30 3 0 2 7 5 31 3 0 2 7 0 2 4 5 31 3 0 2 7 1 2 4 1 2 7 1 2 4 5 31 3 0 2 7 5 30 3 1 2 7 1 2 7 0 2 7 1 2 7 0 2 7 0 2 7 16 30 7 16 31 2 12 16 2 137658.562452772516 60.1180958151817322
1 2 7 1 2 7 17 18 2 17 9 2 0 2 7 1 2 4 0 2 7 1 2 7 0 2 7 1 2 7 17 2 2 0 2 7 17 9 2 0 2 7 1 2 7 1 2 7 0 2 7 1 2 7 17 18 2 0 2 7 17 9 2 0 2 7 0 2 7 0 2 4 1 16 7 1 2 7 0 2 7 1 2 4 0 2 4 0 2 7 0 2 7 0 2 7 13 6 3 0 2 7 1 2 7 12 16 2 1 2 7 0 2 7 5 30 3 1 2 7 5 30 3 0 2 7 0 2 7 5 31 3 0 2 7 1 2 7 1 2 7 1 2 4 5 30 3 0 2 7 5 30 3 13 6 3 1 2 7 0 2 4 1 2 7 0 2 7 0 2 7 0 2 2 16 31 2 12 16 2 146496.572988133557 60.2042804956436157
1 2 7 1 2 7 17 18 2 17 9 2 13 6 3 0 2 7 0 2 7 1 2 4 0 2 7 1 2 7 0 9 7 0 2 7 17 9 2 0 2 7 0 2 7 0 2 7 0 2 7 0 2 7 17 18 2 1 2 7 17 9 2 0 2 11 0 2 7 0 2 11 12 2 2 1 2 7 0 2 7 1 2 7 0 2 7 0 2 7 0 2 7 1 2 7 13 6 3 0 2 7 1 2 4 12 16 2 1 2 7 0 2 7 5 30 3 0 2 7 5 31 3 0 2 7 1 2 4 5 31 3 0 2 4 1 2 4 0 2 7 1 2 7 5 31 3 0 2 7 5 30 3 1 2 7 1 2 7 0 2 7 1 2 7 0 2 7 0 2 7 16 30 7 16 31 2 12 16 2 267295.98768164299 60.2826027870178223
1 2 7 1 2 7 17 18 2 17 9 2 0 2 7 1 2 4 0 2 7 1 2 4 0 2 7 1 2 7 17 9 2 0 2 7 17 9 2 0 2 7 0 2 7 1 2 7 0 2 7 1 2 7 17 18 2 0 2 7 17 9 2 0 2 7 0 2 7 0 2 4 12 16 2 1 2 7 0 2 7 1 2 7 0 2 7 0 2 7 0 2 7 1 2 7 13 6 3 0 2 7 1 2 7 12 16 2 1 2 7 0 2 7 5 30 3 0 2 7 5 31 3 0 2 7 1 2 7 5 31 3 0 2 4 1 2 4 1 2 7 1 2 4 5 31 3 0 2 7 5 30 3 1 2 7 1 2 7 0 2 7 1 2 7 0 2 7 0 2 7 0 30 2 16 31 2 12 16 2 109101.484730860553 60.3438595533370972
1 2 7 1 2 7 17 18 2 17 9 2 13 6 3 0 2 7 0 2 7 1 2 7 0 2 7 1 2 7 0 2 7 0 2 7 17 9 2 0 2 7 1 2 7 0 2 7 0 2 7 0 2 7 17 18 2 1 2 7 17 9 2 0 2 11 0 2 7 0 2 11 1 2 7 1 2 7 0 2 7 1 2 4 0 2 4 0 2 7 0 2 7 0 2 7 13 6 3 0 2 7 1 2 4 12 16 2 1 2 7 0 2 7 5 30 3 1 2 7 5 30 3 0 2 7 0 2 4 5 31 3 0 2 7 1 2 7 0 2 7 1 2 7 5 30 3 0 2 7 5 30 3 13 6 3 1 2 7 0 2 4 1 2 7 0 2 7 0 2 7 16 2 7 16 31 2 12 16 2 75211.639603753094 60.1430236101150513
1 2 4 1 2 7 17 9 2 17 9 2 5 30 3 0 2 7 0 2 7 0 2 7 1 2 7 1 2 3 16 19 11 0 2 7 17 9 2 1 2 7 0 2 3 1 2 7 0 2 7 0 2 7 17 18 2 0 2 7 8 9 2 0 2 7 0 2 7 0 2 7 1 2 4 1 2 7 0 2 7 0 2 7 0 2 7 1 2 7 16 9 11 1 2 7 13 6 3 0 2 7 0 2 7 12 16 2 0 2 7 5 31 3 5 30 3 0 2 7 5 31 3 1 2 7 1 2 7 16 19 11 0 2 7 0 2 7 1 2 7 0 2 4 5 30 3 1 2 7 5 30 3 0 2 7 1 2 7 0 2 7 0 2 3 0 2 7 0 2 7 0 2 7 0 2 7 12 16 2 0 61.8524263501167297

Current Evaluation = 3600(3600)
Front Size = 10
1 2 7 0 2 7 17 18 2 17 9 2 13 6 3 1 2 7 0 2 7 0 2 7 1 2 7 1 2 7 17 9 2 0 2 7 17 9 2 0 2 7 0 2 4 1 2 7 1 2 7 5 31 3 17 18 2 0 2 7 17 9 2 0 2 7 0 2 7 0 2 4 1 2 7 1 2 7 1 2 7 0 2 7 0 2 7 0 2 7 0 2 7 0 2 3 13 6 3 1 2 7 0 2 7 12 16 2 1 2 7 1 2 7 5 31 3 0 2 7 5 30 3 1 2 7 0 2 4 0 2 7 1 2 7 1 2 7 1 2 7 0 2 7 5 30 3 1 2 7 5 31 3 0 2 4 0 2 7 0 2 7 0 2 7 0 2 7 6 2 7 1 2 7 16 6 2 0 2 7 0 60.0775706171989441
0 2 7 0 2 11 17 18 2 17 18 2 13 6 3 0 2 11 5 30 3 1 2 4 0 2 7 1 2 7 17 9 2 0 2 7 17 9 2 1 2 7 1 2 7 1 2 7 12 18 2 0 30 3 17 19 11 0 2 7 17 9 2 0 2 7 1 2 7 0 2 7 0 2 7 0 2 7 0 2 7 0 2 7 1 2 7 0 2 7 0 2 7 0 2 7 5 2 7 0 2 7 1 2 7 12 16 2 0 2 11 0 2 7 5 30 3 1 2 7 5 30 3 0 2 7 5 2 7 1 2 7 1 2 7 8 2 2 0 2 7 0 2 7 5 31 3 1 2 7 5 30 3 0 2 7 0 31 3 17 18 7 1 2 7 0 2 7 0 2 7 16 19 7 0 6 7 16 19 11 1360845.25841594348 61.5245687365531921
0 2 7 1 2 7 17 18 2 17 9 2 5 31 3 0 2 7 5 30 3 1 2 7 0 2 7 0 2 7 0 2 3 12 16 2 17 18 2 0 2 7 0 2 7 13 6 3 16 18 11 5 30 3 16 19 11 0 2 7 17 9 2 0 2 7 0 2 7 1 2 7 13 6 3 1 2 7 1 2 7 0 2 7 0 2 4 0 2 7 1 2 7 1 2 7 0 2 3 1 2 7 0 2 7 12 16 2 0 2 7 1 2 7 5 30 3 0 2 7 6 2 7 0 2 7 0 2 7 0 2 3 0 2 4 12 16 2 0 2 7 0 2 7 5 31 3 1 2 7 5 30 3 0 2 7 16 19 11 0 2 7 0 2 7 1 2 7 0 2 7 0 2 7 1 2 7 5 30 3 0 61.9128202199935913
1 2 7 0 2 7 17 18 2 17 18 2 13 6 3 1 2 7 5 2 7 1 2 7 0 2 7 0 2 7 17 9 2 0 16 2 17 9 2 0 2 11 0 2 4 1 2 7 16 2 11 5 2 3 17 18 2 0 2 7 17 9 2 0 2 7 0 2 7 0 2 7 1 2 7 0 2 7 1 2 11 0 2 7 0 2 4 0 2 7 0 2 7 0 2 7 13 6 7 1 2 7 0 2 7 12 16 2 0 2 7 1 2 7 5 31 3 0 2 7 5 30 3 1 2 11 0 2 4 0 2 7 1 2 7 1 2 7 0 2 7 0 2 7 5 30 3 1 2 7 5 31 3 1 2 7 5 31 3 0 2 7 1 2 7 0 2 7 6 2 11 1 2 7 16 6 2 0 2 7 455242.119062124402 61.7828887701034546
0 2 3 0 2 7 17 18 2 17 9 2 13 6 3 5 31 3 1 2 7 0 2 7 1 2 7 0 2 7 17 9 2 1 2 7 17 9 2 0 2 7 0 2 3 0 2 7 16 18 11 6 2 7 17 18 2 0 2 7 8 9 2 1 2 7 0 2 7 0 2 7 0 2 7 1 2 7 0 2 7 1 2 7 1 2 7 0 2 3 0 2 7 0 2 7 0 2 7 1 2 4 1 2 7 12 16 2 1 2 7 0 2 7 5 30 3 1 2 7 5 30 3 0 2 7 0 2 7 1 2 7 0 2 3 0 2 7 0 2 7 0 2 3 5 30 3 1 2 7 5 31 3 1 2 7 0 2 7 1 2 7 0 2 3 0 2 7 1 2 7 1 2 4 16 15 2 0 2 4 0 61.1934536695480347
0 2 7 0 2 7 8 18 2 17 9 2 5 30 3 0 2 7 5 30 3 0 2 7 0 2 7 1 2 7 1 2 7 0 2 7 17 18 2 1 2 7 1 2 7 13 6 3 12 16 2 0 2 7 16 19 11 0 2 3 17 9 2 0 2 7 1 2 7 0 2 7 0 2 7 0 2 7 0 2 7 0 2 7 1 2 7 0 2 7 0 2 7 0 2 7 5 30 3 0 2 7 1 2 11 12 16 2 1 2 4 0 2 7 5 30 3 1 2 7 1 2 4 0 2 7 5 30 3 0 2 7 1 2 7 8 18 2 0 2 7 0 2 7 5 31 3 0 2 7 5 30 3 1 2 7 0 2 7 17 18 2 1 2 7 0 2 7 0 2 7 16 19 11 0 2 10 16 19 11 0 62.2053800821304321
0 2 7 0 2 7 8 18 2 17 9 2 5 30 3 0 2 7 5 30 3 0 2 7 0 2 7 1 2 7 1 2 7 0 2 3 17 18 2 1 2 7 1 2 7 13 6 3 12 16 2 5 30 3 16 19 11 0 2 7 17 9 2 0 2 7 1 2 7 0 2 7 0 2 7 0 2 7 0 2 7 0 2 7 1 2 7 0 2 7 0 2 7 0 2 11 6 2 7 0 2 7 1 2 7 12 16 2 0 2 11 0 2 4 5 30 3 1 2 7 1 2 4 0 2 7 5 30 3 1 2 7 1 2 7 8 18 2 0 2 7 0 2 3 5 31 3 0 2 7 5 30 3 0 2 7 0 2 7 17 18 2 1 2 11 0 2 7 0 2 7 16 19 11 0 2 7 16 19 11 0 62.4268732666969299
0 2 7 1 2 3 5 30 3 0 2 7 16 19 11 0 2 7 0 2 3 0 2 7 1 2 7 0 2 7 17 9 2 1 2 7 17 18 2 0 2 7 0 2 7 0 2 3 16 18 8 5 30 3 5 31 3 0 2 7 8 9 2 0 2 3 0 2 7 0 2 7 0 2 7 0 2 3 0 2 7 0 2 3 0 2 7 1 2 4 1 2 7 0 2 7 16 9 11 16 6 2 0 2 7 12 16 2 0 2 3 1 2 7 5 30 3 0 2 7 5 31 3 0 2 7 1 2 7 0 2 7 0 2 7 0 2 7 1 2 7 0 2 7 5 30 3 1 2 3 5 30 3 0 2 7 0 2 7 0 2 3 0 2 7 5 30 3 1 2 7 1 2 7 16 19 11 1 2 7 0 63.2179962992668152
0 2 7 0 2 7 17 30 3 17 9 2 13 6 3 6 2 11 5 31 3 0 2 7 0 2 7 0 2 7 16 9 11 12 16 7 17 9 2 1 2 11 0 2 7 0 2 7 1 18 11 0 2 3 17 2 2 0 2 7 8 9 2 0 2 7 0 2 7 0 2 7 1 2 7 1 2 7 1 2 7 0 2 7 0 2 7 0 2 7 0 2 7 0 2 3 0 2 7 1 2 7 0 2 7 12 16 2 1 2 7 0 2 7 5 31 3 1 16 7 5 30 3 0 2 11 0 2 7 0 2 2 1 19 11 1 2 7 0 2 7 0 2 7 5 30 3 1 2 7 1 2 3 0 30 3 0 31 7 1 2 7 0 2 7 0 2 3 6 2 7 1 2 7 16 6 2 1 30 7 1477149.21738345362 60.2934147119522095
0 2 7 1 2 7 8 18 2 17 18 2 5 31 3 0 2 7 5 30 3 0 2 7 6 2 7 0 2 7 0 2 7 12 16 2 17 9 2 0 2 7 0 2 3 0 2 7 0 2 7 0 2 7 17 18 2 9 2 7 17 9 2 0 2 7 1 2 7 1 2 3 1 2 7 0 2 7 17 22 2 0 2 7 0 2 7 0 2 3 1 2 7 0 2 7 0 2 7 1 2 7 1 2 7 12 16 2 0 2 7 0 2 7 5 31 3 0 2 4 5 30 3 6 2 4 0 2 7 0 2 3 1 2 7 1 2 7 0 2 7 1 2 7 5 30 3 6 2 7 5 30 3 0 2 7 1 2 7 1 2 7 1 2 7 16 18 11 0 2 7 0 2 7 16 15 2 1 2 7 0 62.126537561416626

Current Evaluation = 4500(4500)
Front Size = 10
1 2 7 0 2 7 17 18 2 17 9 2 13 6 3 1 2 7 0 2 7 0 2 7 1 2 7 1 2 7 17 9 2 0 2 7 17 9 2 0 2 7 0 2 4 1 2 7 1 2 7 5 31 3 17 18 2 0 2 7 17 9 2 0 2 7 0 2 7 0 2 4 1 2 7 1 2 7 1 2 7 0 2 7 0 2 7 0 2 7 0 2 7 0 2 3 13 6 3 1 2 7 0 2 7 12 16 2 1 2 7 1 2 7 5 31 3 0 2 7 5 30 3 1 2 7 0 2 4 0 2 7 1 2 7 1 2 7 1 2 7 0 2 7 5 30 3 1 2 7 5 31 3 0 2 4 0 2 7 0 2 7 0 2 7 0 2 7 6 2 7 1 2 7 16 6 2 0 2 7 0 60.0775706171989441
0 2 3 0 2 3 0 2 3 0 2 3 5 31 3 0 2 7 16 2 3 0 2 7 0 2 3 0 2 3 0 2 8 16 19 12 1 2 8 0 2 3 1 2 3 0 2 7 0 2 3 16 19 12 5 2 3 0 2 3 5 30 3 0 2 8 0 2 3 0 2 7 0 2 3 0 2 3 5 30 3 0 2 7 9 2 7 0 2 7 0 2 7 16 19 3 1 2 7 0 2 8 1 2 7 12 16 2 0 2 3 16 6 2 5 30 3 0 2 3 5 19 3 0 2 3 16 2 3 0 2 7 0 2 7 0 2 12 1 2 3 0 2 7 5 30 3 1 2 7 5 30 3 5 2 7 0 2 2 0 30 7 16 19 12 5 2 3 0 2 3 0 2 3 0 19 3 0 2 3 1463889.12548876554 67.6501374840736389
0 2 7 0 2 12 16 19 11 0 2 7 5 30 3 0 2 3 0 2 3 0 2 8 0 2 8 0 2 7 0 2 7 0 2 3 0 2 3 0 2 7 0 2 8 0 2 7 5 30 3 16 19 11 16 19 11 16 6 2 5 30 3 0 2 1 6 2 3 0 2 3 12 16 2 0 2 7 0 2 11 0 2 3 5 30 3 0 2 8 0 2 7 8 9 2 0 2 3 0 2 3 0 2 3 12 16 2 0 2 7 16 6 2 5 30 3 0 2 11 16 19 11 1 2 8 0 2 7 0 2 3 0 2 11 0 2 7 0 2 7 1 2 3 5 30 3 0 2 7 5 30 3 5 31 3 12 16 2 16 19 12 8 9 2 5 30 3 0 2 7 0 2 11 0 2 7 12 16 2 0 66.320002555847168
1 30 3 0 2 7 17 18 11 17 9 2 5 30 3 1 2 7 0 2 7 0 2 7 1 2 7 0 2 3 0 2 3 0 2 11 0 2 3 0 2 7 0 2 4 1 2 7 0 2 7 16 19 11 0 2 2 1 2 7 5 9 2 0 2 3 5 2 3 0 2 4 0 2 7 1 2 12 5 2 7 0 2 8 5 30 3 0 2 3 0 2 8 16 2 12 0 2 3 1 2 7 1 2 7 12 16 2 1 2 3 1 2 2 5 31 3 5 2 3 5 2 8 1 2 7 0 2 4 0 2 7 1 2 7 1 2 3 1 2 7 0 2 7 0 2 3 0 2 7 5 31 3 16 9 4 16 6 2 0 2 3 16 19 7 0 2 7 0 2 7 0 2 7 0 2 2 0 2 7 1612991.11757838004 65.3622093796730042
5 2 7 0 2 7 16 19 2 0 2 3 13 6 3 1 2 11 0 2 7 1 2 3 0 2 7 1 2 7 17 9 2 0 2 7 17 9 2 0 2 7 0 2 7 0 2 7 1 2 7 5 31 3 17 18 7 0 2 7 17 30 3 1 2 7 0 30 7 0 2 3 1 2 7 16 19 7 1 31 3 0 2 7 0 2 7 0 2 7 0 2 7 0 19 3 13 6 7 0 2 7 0 2 7 12 16 2 0 2 7 12 16 7 5 30 3 0 30 7 0 30 3 0 2 7 0 2 3 0 2 7 0 2 3 0 2 7 0 2 7 0 2 7 5 30 8 1 2 7 5 31 3 0 2 8 0 2 7 0 2 7 0 2 11 0 2 7 6 2 3 1 2 7 16 6 3 0 2 3 1814215.38969327346 60.6939617395401001
1 2 7 0 2 3 1 19 11 0 2 7 5 2 7 0 2 7 0 2 7 0 2 3 0 2 2 0 2 3 0 2 3 0 19 7 1 16 3 0 2 3 0 2 3 1 2 7 0 2 7 16 19 12 1 2 7 0 2 7 16 30 11 0 2 3 0 2 7 0 2 7 0 2 4 1 2 3 5 30 3 0 2 7 9 2 7 0 2 7 0 2 7 1 2 3 12 2 2 0 2 7 8 2 7 12 16 2 1 2 3 16 6 2 5 30 3 0 2 3 0 2 7 0 16 2 0 2 7 0 2 7 1 2 3 16 2 3 1 2 11 0 2 7 5 2 3 5 2 3 5 30 3 16 19 3 0 9 7 1 2 7 16 19 12 5 31 3 0 2 11 0 2 3 0 2 3 1 30 3 1430882.2544740045 65.0721333026885986
0 2 7 0 2 8 0 2 8 0 2 8 16 19 11 16 6 2 0 2 8 0 2 8 5 30 3 0 2 11 0 2 7 5 30 3 16 6 2 0 2 8 0 2 11 0 2 8 0 2 11 12 16 2 0 2 8 0 2 3 5 30 3 0 2 3 0 2 3 0 2 11 0 2 3 0 2 7 5 31 3 0 2 8 5 31 3 0 2 7 0 2 7 16 19 11 0 2 8 0 2 8 0 2 7 12 16 2 0 2 7 16 6 2 5 31 3 0 2 3 5 30 3 1 2 8 0 2 3 0 2 8 0 2 8 0 2 7 0 2 8 0 2 7 16 18 11 0 2 7 5 30 3 5 30 3 16 19 11 0 2 8 0 2 3 5 30 3 0 2 8 0 2 8 0 2 11 1 2 7 0 67.2256786227226257
0 2 3 1 2 7 0 2 7 0 2 7 5 30 3 1 2 3 6 2 7 1 2 7 0 2 7 5 30 3 0 2 11 0 2 3 0 2 11 0 2 7 0 2 7 12 16 2 0 2 11 16 9 11 5 30 3 6 2 7 16 19 11 0 2 3 0 2 7 0 2 7 0 2 7 12 16 2 5 31 3 0 2 11 5 30 3 0 2 11 0 2 7 16 19 11 0 2 3 0 2 3 0 2 11 12 16 2 0 2 7 16 19 11 0 2 11 5 30 3 16 19 11 0 2 7 0 2 3 1 2 3 0 2 7 0 2 7 0 2 7 0 2 7 8 18 2 0 2 3 5 30 3 0 2 7 17 18 2 5 30 3 16 19 11 5 30 3 0 2 7 0 2 7 1 2 7 0 2 7 0 65.194444477558136
1 2 7 1 2 3 16 18 8 16 19 12 16 6 2 9 2 7 0 2 3 0 2 7 0 2 11 0 2 3 0 2 3 0 2 3 0 2 3 0 2 12 1 2 3 0 2 3 1 2 3 0 2 3 0 2 7 0 2 3 0 2 3 0 2 7 0 2 3 0 2 7 5 30 3 0 2 3 0 2 7 0 2 3 5 30 3 0 2 12 0 2 7 0 2 11 0 2 3 1 2 3 0 2 3 12 16 2 0 2 3 16 19 12 5 30 3 1 2 7 5 30 3 0 2 7 16 19 11 0 2 3 0 2 7 0 2 3 0 2 6 1 2 3 5 30 3 0 2 7 5 30 3 5 31 3 17 9 2 5 30 3 16 19 12 0 2 3 1 2 7 0 2 7 1 2 7 0 2 3 1.70037419504829652e-08 65.8129258155822754
1 2 3 5 31 7 17 19 2 5 31 2 0 6 8 0 2 7 0 19 12 0 2 8 0 2 3 1 2 7 17 2 2 0 2 11 17 9 7 0 2 7 0 2 3 1 2 3 0 2 7 5 31 8 17 18 2 0 30 3 17 30 2 0 30 7 0 2 8 0 2 7 1 2 3 1 2 3 0 2 7 0 2 7 5 30 7 0 2 7 0 2 11 0 2 11 13 2 11 0 2 7 0 2 7 12 16 2 1 2 8 1 30 7 5 30 3 0 2 3 5 30 3 0 2 7 16 2 11 0 2 7 0 2 8 12 16 2 0 2 7 0 2 11 5 30 8 1 2 8 5 30 3 0 19 11 0 2 8 0 2 7 16 9 8 0 2 8 6 2 7 1 2 3 16 6 2 0 2 3 2580362.57240697369 63.3344839215278625

Current Evaluation = 5400(5400)
Front Size = 10
1 2 7 1 2 7 17 18 2 17 9 2 13 6 3 1 2 7 0 2 7 0 2 7 0 2 7 1 2 7 17 9 2 1 2 7 17 9 2 0 2 7 0 2 7 0 2 7 1 2 7 5 31 3 17 18 2 0 2 4 17 9 2 1 2 7 0 2 7 0 2 4 1 2 7 0 2 7 1 2 7 0 2 7 0 2 7 0 2 7 0 2 7 0 2 7 13 6 3 1 2 7 0 2 7 12 16 2 1 2 7 1 2 7 5 31 3 0 2 7 5 30 3 0 2 7 0 2 7 0 2 7 1 2 7 1 2 7 1 2 7 0 2 7 5 30 3 1 2 4 5 31 3 1 2 7 0 2 7 0 2 7 0 2 7 0 2 7 1 2 7 1 2 7 16 30 2 0 2 7 0 59.9859006404876709
1 2 7 1 2 7 17 18 2 17 9 2 5 30 3 1 2 7 0 2 3 1 9 7 5 19 11 1 2 7 17 18 2 5 30 3 17 18 2 0 2 7 0 2 7 0 2 7 1 2 7 5 30 3 17 18 2 0 2 7 8 9 2 0 2 7 0 2 7 0 2 7 1 2 7 0 2 7 1 2 7 0 2 7 6 2 7 0 2 7 0 2 7 0 2 7 13 6 3 1 2 4 0 2 7 12 16 2 1 2 7 1 2 7 5 30 3 0 2 7 5 30 3 0 2 7 0 2 7 0 2 3 1 2 4 1 2 7 0 2 7 0 2 7 5 30 3 1 2 7 5 30 3 1 2 7 0 2 7 0 2 7 0 2 7 0 2 7 1 2 7 0 2 7 16 30 2 0 2 7 205266.019735737442 61.3395143151283264
0 2 7 0 2 4 17 18 2 17 9 2 8 9 2 16 15 2 0 2 7 1 2 7 5 30 3 0 2 7 17 9 2 0 2 7 8 9 2 0 2 7 1 2 7 0 2 4 1 2 7 5 30 3 17 18 2 0 2 7 17 9 2 1 2 7 6 2 7 1 2 7 1 2 7 0 2 7 0 2 7 1 2 7 0 2 7 1 2 7 0 2 7 0 2 7 13 6 3 1 2 7 0 2 7 12 16 2 0 2 7 0 2 7 5 31 3 0 2 7 5 30 3 0 2 7 1 2 7 0 2 4 1 2 7 1 2 7 0 2 7 0 2 7 5 30 3 1 2 7 5 31 3 1 2 7 0 2 7 0 2 7 0 2 3 1 2 7 0 2 7 0 2 7 16 6 2 0 2 7 0 60.8072364926338196
0 2 7 6 2 7 17 18 2 17 9 2 16 9 11 1 2 2 0 2 7 0 2 7 5 2 7 0 2 7 17 9 2 5 30 7 17 9 2 0 2 10 0 2 7 0 2 7 1 2 7 5 2 3 5 18 2 0 2 4 17 9 7 0 2 7 0 2 7 0 2 7 0 2 7 0 2 7 1 2 7 1 2 7 0 2 7 5 30 3 0 2 7 0 2 7 5 2 7 1 2 7 1 2 7 12 16 2 0 2 11 0 2 7 5 31 3 0 2 7 5 30 3 0 2 7 1 2 7 1 2 7 1 2 7 0 2 7 1 2 7 0 2 7 5 30 3 17 2 2 5 30 3 1 2 7 1 2 7 0 2 7 0 2 7 0 2 7 0 2 7 1 2 7 16 15 2 6 2 7 1085035.22141568759 63.2898215651512146
1 2 7 0 2 3 16 19 11 5 30 3 0 2 7 16 18 11 0 2 3 0 2 3 1 2 7 0 2 3 17 18 2 0 2 7 8 9 2 0 2 7 1 2 7 0 2 7 0 2 7 16 30 2 0 2 7 0 2 7 0 2 3 1 2 3 1 2 3 1 2 7 0 2 3 0 2 3 0 2 3 0 2 7 5 30 3 5 31 3 0 2 3 1 2 7 5 30 3 0 2 7 1 2 3 12 16 2 12 16 2 0 2 7 5 30 3 1 2 7 5 30 3 1 2 7 1 2 3 0 2 3 0 2 3 1 2 7 0 2 7 0 2 3 16 19 11 16 18 11 5 30 3 0 2 3 0 2 7 0 2 3 0 2 3 0 2 7 1 2 7 0 2 7 16 6 2 0 2 7 0 63.7305525541305542
1 2 7 0 2 7 17 18 2 17 9 2 5 6 3 0 2 7 0 2 7 0 9 7 5 2 7 0 2 2 17 18 2 0 2 7 17 9 2 0 2 7 1 2 7 0 2 7 1 30 7 5 31 3 17 18 2 0 2 4 17 9 2 0 2 7 0 2 7 0 2 7 1 2 7 0 2 7 0 2 7 0 2 7 0 2 7 1 2 7 0 2 7 0 2 7 13 6 3 1 2 7 0 2 7 12 16 2 0 2 7 1 2 7 5 31 3 0 2 7 5 31 3 1 2 7 0 2 4 5 2 3 1 2 4 1 2 7 1 2 7 0 2 7 5 30 3 0 2 4 5 31 3 1 2 7 0 2 7 0 2 7 0 2 7 0 2 7 0 2 7 0 2 7 16 6 2 0 2 7 773263.545371319051 61.7899398803710938
0 2 7 0 2 7 17 18 2 17 9 2 1 2 7 6 2 4 0 2 7 0 2 7 0 2 7 5 31 3 17 9 2 0 2 7 8 9 2 0 2 7 0 2 7 1 2 4 0 2 3 5 30 3 8 18 2 0 2 7 17 18 2 0 2 7 1 2 7 0 2 7 1 2 7 0 2 7 1 2 7 1 2 7 0 2 7 0 2 3 0 2 7 0 2 7 13 6 3 0 2 7 0 2 4 12 16 2 17 9 2 1 2 7 5 30 3 0 2 7 5 30 3 5 30 3 0 2 7 16 19 11 0 2 7 0 2 7 1 2 11 0 2 7 5 30 3 1 2 7 5 30 3 1 2 4 0 2 7 0 2 7 0 2 4 0 2 7 1 2 7 1 2 7 16 15 2 1 2 7 0 61.564154326915741
0 2 7 0 2 7 17 18 2 8 18 2 0 2 3 5 30 3 0 2 7 0 2 7 1 2 7 1 2 7 17 18 2 13 6 3 17 9 2 1 2 3 1 2 7 0 2 3 1 2 7 0 2 7 17 18 2 1 2 3 0 2 7 1 2 3 1 2 4 0 2 7 0 2 7 1 2 7 0 2 7 0 2 7 0 2 7 5 31 3 0 2 7 0 2 7 1 2 7 0 2 7 0 2 7 12 16 2 1 2 3 0 2 7 5 31 3 1 2 7 1 2 7 0 2 3 1 2 7 1 2 7 0 2 7 0 2 4 1 2 7 0 2 7 5 30 3 1 2 7 16 18 11 0 2 7 0 2 7 0 2 7 1 2 7 17 18 2 1 2 7 0 2 7 16 15 2 0 2 7 0 61.0759657025337219
16 18 11 0 2 7 1 2 7 17 9 2 0 2 7 0 2 7 0 2 7 0 2 7 6 2 7 0 2 7 17 9 2 1 2 7 17 9 2 0 2 7 0 2 7 0 2 7 0 2 7 5 30 3 17 18 2 0 2 7 1 2 7 1 2 11 0 2 7 1 2 7 0 2 7 5 31 3 0 2 7 0 2 7 0 2 7 8 9 2 1 2 4 0 2 7 0 2 7 0 2 7 0 2 7 5 31 3 0 2 7 1 2 7 5 31 3 0 2 7 5 30 3 6 2 7 0 2 7 1 2 7 0 2 7 1 2 7 0 2 7 1 2 12 16 19 11 12 16 2 5 31 3 1 2 7 1 2 7 0 2 7 0 2 4 5 30 3 0 2 7 0 2 7 16 6 2 5 30 3 0 62.2385514378547668
1 2 7 1 2 7 17 18 2 17 9 2 13 9 11 8 18 7 0 2 7 0 2 7 1 2 7 0 2 7 8 9 2 5 2 7 17 9 2 1 2 10 0 2 7 0 2 7 5 2 3 0 30 7 17 18 2 0 2 10 17 9 2 0 2 7 12 2 4 1 2 7 1 2 7 0 2 7 1 2 11 0 2 7 0 2 7 1 2 7 0 2 7 0 2 7 13 31 3 1 2 7 1 2 7 12 16 2 0 2 7 1 2 3 5 30 3 0 2 4 5 31 3 1 2 3 0 2 4 1 2 3 1 2 7 0 2 7 1 2 7 0 2 7 5 31 3 0 2 7 5 30 3 1 2 7 1 2 7 0 2 7 0 2 7 0 2 7 0 2 7 1 2 7 16 6 2 0 2 7 903033.537211565534 61.4841427803039551

Current Evaluation = 6300(6300)
Front Size = 10
1 2 7 1 2 7 17 18 2 17 9 2 13 6 3 1 2 7 0 2 7 0 2 7 0 2 7 1 2 7 17 9 2 1 2 7 17 9 2 0 2 7 0 2 7 0 2 7 1 2 7 5 31 3 17 18 2 0 2 4 17 9 2 1 2 7 0 2 7 0 2 7 1 2 7 0 2 7 1 2 7 0 2 7 0 2 7 0 2 7 0 2 7 0 2 7 13 6 3 1 2 7 0 2 7 12 16 2 1 2 7 1 2 7 5 31 3 0 2 4 5 30 3 0 2 7 0 2 7 0 2 7 1 2 7 1 2 7 1 2 7 0 2 7 5 30 3 1 2 4 5 31 3 1 2 7 0 2 7 0 2 7 0 2 7 0 2 7 1 2 7 1 2 7 16 30 2 0 2 7 0 59.9859006404876709
1 2 7 1 2 7 17 18 2 17 9 2 13 6 3 1 2 7 0 2 7 0 2 7 0 2 7 1 2 7 17 9 2 1 2 7 17 9 2 0 2 7 0 2 7 0 2 7 1 2 7 5 31 3 17 18 2 0 2 4 17 9 2 1 2 7 0 2 7 0 2 4 1 2 7 0 2 7 1 2 7 0 2 7 0 2 7 0 2 7 0 2 7 0 2 7 13 6 3 1 2 7 0 2 7 12 16 2 1 2 7 1 2 7 5 31 3 0 2 7 5 30 3 0 2 7 0 2 7 0 2 7 1 2 7 1 2 7 1 2 7 0 2 7 5 30 3 1 2 4 5 31 3 1 2 7 0 2 7 0 2 7 0 2 7 0 2 7 1 2 7 1 2 7 16 30 2 0 2 7 0 59.9859006404876709
1 2 7 1 2 7 17 18 2 17 9 2 13 6 3 1 2 7 0 2 7 0 2 7 0 2 7 1 2 7 17 9 2 1 2 7 17 9 2 0 2 7 0 2 7 0 2 7 1 2 7 5 31 3 17 18 2 0 2 4 17 9 2 1 2 7 0 2 7 0 2 4 1 2 7 0 2 7 1 2 7 0 2 7 0 2 7 0 2 7 0 2 7 0 2 7 13 6 3 1 2 7 0 2 7 12 16 2 1 2 7 1 2 7 5 31 3 0 2 7 5 30 3 0 2 7 0 2 7 0 2 7 1 2 7 1 2 7 1 2 7 0 2 7 5 30 3 1 2 4 5 31 3 1 2 7 0 2 7 0 2 7 0 2 7 0 2 7 1 2 7 1 2 7 16 30 2 0 2 7 0 59.9859006404876709
1 2 7 1 2 7 17 18 2 17 9 2 13 6 3 1 2 7 0 2 7 0 2 7 0 2 7 1 2 7 17 9 2 1 2 7 17 9 2 0 2 7 0 2 7 0 2 7 1 2 7 5 31 3 17 18 2 0 2 4 17 9 2 1 2 7 0 2 7 0 2 4 1 2 7 0 2 7 1 2 7 0 2 7 0 2 7 0 2 7 0 2 7 0 2 7 13 6 3 1 2 7 0 2 7 12 16 2 1 2 7 1 2 7 5 31 3 0 2 7 5 30 3 0 2 7 0 2 7 0 2 7 1 2 7 1 2 7 1 2 7 0 2 7 5 30 3 1 2 4 5 31 3 1 2 7 0 2 7 0 2 7 0 2 7 0 2 7 1 2 7 1 2 7 16 30 2 0 2 7 0 59.9859006404876709
1 2 7 1 2 4 17 18 2 17 9 2 13 6 3 0 2 7 0 2 7 1 2 7 0 2 4 1 2 7 17 9 2 0 2 4 17 9 2 1 2 7 0 2 7 0 2 7 1 2 7 5 31 3 17 18 2 6 2 7 17 9 2 1 2 7 1 2 7 0 2 7 1 2 7 0 2 7 1 2 7 0 2 7 0 2 7 1 2 7 1 2 7 0 2 7 13 6 3 0 2 4 0 2 7 12 16 2 1 2 7 1 2 7 5 31 3 0 2 7 5 30 3 0 2 7 0 2 7 0 2 7 1 2 7 1 2 7 0 2 7 0 2 7 5 30 3 1 2 7 5 31 3 0 2 7 0 2 7 0 2 3 0 2 7 0 2 7 1 2 7 0 2 7 16 6 2 0 2 7 0 60.0775706171989441
1 2 7 1 2 7 17 18 2 17 9 2 13 6 3 1 2 3 0 2 4 0 2 7 0 2 3 1 2 7 17 9 2 1 2 7 17 9 2 0 2 7 0 2 7 0 2 7 1 2 7 5 31 3 17 18 2 0 2 4 17 9 2 1 2 7 0 2 7 0 2 4 1 2 7 0 2 7 1 2 7 0 2 4 0 2 7 0 2 7 0 2 7 0 2 7 13 6 3 1 2 7 0 2 7 12 16 2 1 2 7 1 2 7 5 31 3 0 2 7 5 30 3 0 2 3 0 2 7 0 2 7 1 2 7 0 2 7 1 2 7 0 2 7 5 30 3 1 2 4 5 30 3 1 2 7 0 2 7 0 2 7 1 2 7 0 2 7 1 2 7 1 2 7 16 30 2 0 2 7 3.35293097843240994e-06 60.145621657371521
1 2 7 1 2 7 17 18 2 17 9 2 13 6 3 1 2 7 0 2 7 0 2 7 0 2 7 1 2 7 17 9 2 1 2 7 17 9 2 0 2 7 0 2 7 0 2 7 1 2 7 5 31 3 17 18 2 0 2 4 17 9 2 1 2 7 0 2 7 0 2 7 1 2 4 0 2 4 1 2 7 0 2 4 0 2 7 1 2 7 0 2 4 0 2 3 13 6 3 1 2 4 0 2 7 12 16 2 1 2 7 1 2 4 5 31 3 0 2 4 5 30 3 0 2 7 0 2 7 0 2 7 1 2 4 0 2 4 1 2 7 0 2 7 5 30 3 1 2 7 5 30 3 1 2 7 0 2 7 0 2 7 0 2 7 0 2 7 1 2 7 1 2 7 17 9 2 0 2 7 0 60.0847896337509155
1 2 7 1 2 7 17 18 2 17 9 2 13 6 3 0 2 3 0 2 7 0 2 7 0 2 7 1 2 7 17 9 2 1 2 7 17 9 2 0 2 7 0 2 7 0 2 4 1 2 7 5 31 3 17 18 2 0 2 7 17 9 2 1 2 7 0 2 7 0 2 7 1 2 7 0 2 7 1 2 7 0 2 7 0 2 7 0 2 7 0 2 7 0 2 7 13 6 3 1 2 7 0 2 7 12 16 2 1 2 7 1 2 3 5 31 3 0 2 4 5 30 3 0 2 3 0 2 7 0 2 7 1 2 4 1 2 7 1 2 7 0 2 7 5 30 3 1 2 4 5 30 3 1 2 7 0 2 7 0 2 7 1 2 7 0 2 7 1 2 7 1 2 7 16 30 2 0 2 7 4.91192483372319685e-06 60.1656216382980347
1 2 7 1 2 7 17 18 2 17 9 2 13 6 3 0 2 7 0 2 4 0 2 7 0 2 3 1 2 7 17 9 2 1 2 3 17 9 2 0 2 7 0 2 7 0 2 4 1 2 7 5 31 3 17 18 2 0 2 7 17 9 2 1 2 7 0 2 7 0 2 4 1 2 4 0 2 7 1 2 7 0 2 3 0 2 7 1 2 7 0 2 7 0 2 3 13 6 3 1 2 7 0 2 7 12 16 2 1 2 7 1 2 7 5 31 3 0 2 7 5 30 3 0 2 7 0 2 7 0 2 7 1 2 7 0 2 7 1 2 7 0 2 4 5 30 3 1 2 3 5 30 3 1 2 7 0 2 7 0 2 7 1 2 7 0 2 7 1 2 7 1 2 4 16 30 2 0 2 7 0 60.3256217241287231
1 2 7 5 30 3 17 18 2 17 18 2 5 30 3 0 2 7 0 2 7 0 2 7 0 2 3 16 30 2 8 1 2 0 2 7 1 2 7 1 2 3 1 2 7 0 2 3 0 2 4 5 30 3 17 18 2 0 2 3 17 9 2 1 2 7 1 2 7 0 2 7 0 2 7 0 2 11 0 2 7 1 2 11 0 2 7 0 2 7 1 2 7 1 2 7 17 18 2 1 2 7 0 2 7 12 16 2 0 2 4 0 2 7 5 30 3 1 2 7 5 30 3 0 2 7 0 2 7 0 2 7 1 2 7 0 2 7 1 2 7 0 2 7 5 31 3 0 2 4 5 30 3 0 2 7 0 2 7 0 2 4 13 6 3 1 2 7 1 2 4 0 2 7 17 9 2 0 2 7 0 61.2811844348907471

Current Evaluation = 7200(7200)
Front Size = 10
1 2 7 1 2 7 17 18 2 17 9 2 13 6 3 1 2 7 0 2 7 0 2 7 0 2 7 1 2 7 17 9 2 0 2 4 17 9 2 0 2 7 1 2 7 0 2 7 1 2 7 5 31 3 17 18 2 0 2 7 17 9 2 1 2 7 0 2 7 0 2 7 1 2 7 0 2 7 1 2 7 0 2 7 0 2 7 0 2 7 0 2 3 0 2 4 13 6 3 1 2 4 0 2 7 12 16 2 1 2 7 1 2 7 5 31 3 0 2 7 1 2 3 0 2 7 0 2 7 0 2 7 1 2 7 1 2 7 1 2 7 1 2 7 5 30 3 1 2 7 5 31 3 1 2 7 0 2 7 0 2 7 0 2 7 0 2 7 0 2 7 1 2 7 16 6 2 0 2 7 0 59.9600826501846313
1 2 7 0 2 7 17 18 2 17 9 2 13 6 3 1 2 3 0 2 7 0 2 7 0 2 7 1 2 7 17 9 2 1 2 7 17 9 2 0 2 7 1 2 7 0 2 7 0 2 7 5 31 3 17 18 2 0 2 7 17 9 2 1 2 7 0 2 7 0 2 7 1 2 7 0 2 4 1 2 7 0 2 7 0 2 7 0 2 7 0 2 7 0 2 7 13 6 3 1 2 7 0 2 7 12 16 2 1 2 7 1 2 7 5 31 3 0 2 7 5 31 3 1 2 7 0 2 7 0 2 7 1 2 7 0 2 7 1 2 7 0 2 7 5 30 3 1 2 3 1 2 4 0 2 7 1 2 7 0 2 7 0 2 7 0 2 7 1 2 7 1 2 4 16 6 2 1 2 7 0 59.9600826501846313
1 2 7 1 2 7 17 18 2 17 9 2 13 6 3 1 2 7 0 2 7 0 2 7 0 2 7 1 2 7 17 9 2 0 2 4 17 9 2 0 2 7 1 2 7 0 2 7 1 2 7 5 31 3 17 18 2 0 2 7 17 9 2 1 2 7 0 2 7 0 2 7 1 2 7 0 2 7 1 2 7 0 2 7 0 2 7 0 2 7 0 2 3 0 2 4 13 6 3 1 2 4 0 2 7 12 16 2 1 2 7 1 2 7 5 31 3 0 2 7 1 2 3 0 2 7 0 2 7 0 2 7 1 2 7 1 2 7 1 2 7 1 2 7 5 30 3 1 2 7 5 31 3 1 2 7 0 2 7 0 2 7 0 2 7 0 2 7 0 2 7 1 2 7 16 6 2 0 2 7 0 59.9600826501846313
1 2 7 1 2 7 17 18 2 17 9 2 13 6 3 1 2 7 0 2 7 0 2 7 0 2 7 1 2 7 17 9 2 0 2 4 17 9 2 0 2 7 1 2 7 0 2 7 1 2 7 5 31 3 17 18 2 0 2 7 17 9 2 1 2 7 0 2 7 0 2 7 1 2 7 0 2 7 1 2 7 0 2 7 0 2 7 0 2 7 0 2 3 0 2 4 13 6 3 1 2 4 0 2 7 12 16 2 1 2 7 1 2 7 5 31 3 0 2 7 1 2 3 0 2 7 0 2 7 0 2 7 1 2 7 1 2 7 1 2 7 1 2 7 5 30 3 1 2 7 5 31 3 1 2 7 0 2 7 0 2 7 0 2 7 0 2 7 0 2 7 1 2 7 16 6 2 0 2 7 0 59.9600826501846313
1 2 7 1 2 7 17 18 2 17 9 2 13 6 3 0 2 7 0 2 7 0 2 7 6 2 4 1 2 7 17 9 2 0 2 7 17 9 2 0 2 7 0 2 7 0 2 7 0 2 7 5 31 3 17 18 2 0 2 7 17 9 2 1 2 4 1 2 7 0 2 7 1 2 7 0 2 7 1 2 7 1 2 7 0 2 7 0 2 7 0 2 3 0 2 7 13 6 3 1 2 7 0 2 4 12 16 2 1 2 4 1 2 7 5 31 3 0 2 7 5 30 3 0 2 7 0 2 7 0 2 7 1 2 7 1 2 7 1 2 7 1 2 7 5 30 3 1 2 7 5 31 3 0 2 7 1 2 7 0 2 7 1 2 7 0 2 7 0 2 7 0 2 7 16 6 2 0 2 7 0 60.0775706171989441
6 2 3 0 2 11 8 9 2 17 9 2 0 2 7 1 2 11 0 2 4 0 2 7 0 2 7 1 2 7 17 9 2 0 2 7 17 9 2 0 2 3 1 2 7 0 2 4 1 2 7 16 6 2 17 18 2 1 2 4 17 9 2 0 2 7 1 2 4 1 2 7 0 2 7 1 2 7 1 2 11 0 2 7 0 2 7 1 2 11 0 2 7 1 2 7 13 6 3 0 2 3 0 2 11 12 16 2 1 2 7 1 2 7 5 31 3 0 2 7 0 2 7 0 2 7 0 2 4 0 2 7 1 2 11 1 2 7 1 2 11 0 2 4 5 30 3 0 2 7 5 30 3 1 2 7 0 2 7 1 2 3 1 2 7 17 9 2 0 2 7 0 2 7 5 31 3 0 2 7 0 61.0887405872344971
1 2 7 0 2 7 17 18 2 17 9 2 13 6 3 1 2 7 0 2 3 0 2 7 0 2 7 1 2 7 17 9 2 0 2 7 17 9 2 0 2 7 0 2 7 0 2 7 1 2 7 5 31 3 17 18 2 0 2 7 17 9 2 1 2 7 0 2 7 0 2 7 1 2 7 0 2 7 1 2 7 0 2 4 0 2 7 0 2 7 1 2 7 6 2 7 13 6 3 1 2 7 0 2 7 12 16 2 1 2 7 1 2 7 5 30 3 0 2 4 0 2 7 0 2 7 0 2 7 0 2 7 0 2 4 1 2 7 1 2 7 1 2 4 5 31 3 1 2 7 5 30 3 1 2 7 0 2 7 0 2 7 0 2 7 5 31 3 1 2 7 1 2 7 16 6 2 0 2 7 0 60.0775706171989441
1 2 7 0 2 4 17 18 2 17 9 2 8 9 2 0 2 11 1 2 7 1 2 7 0 2 7 1 2 3 17 9 2 0 2 4 17 9 2 0 2 7 0 2 7 0 2 7 13 6 3 5 30 3 17 18 2 0 2 3 17 9 2 0 2 7 1 2 3 0 2 7 1 2 4 1 2 7 1 2 7 0 2 4 0 2 7 0 2 11 1 2 3 0 2 11 1 2 3 0 2 7 6 2 3 12 16 2 1 2 3 1 2 6 5 30 3 0 2 7 0 2 7 0 2 4 0 2 3 0 2 3 1 2 3 1 2 7 0 2 4 0 2 3 5 30 3 0 2 7 5 30 3 1 2 7 0 2 7 0 2 4 1 2 3 0 2 11 1 2 4 1 2 4 16 15 2 0 2 3 0 61.7626750469207764
1 2 7 1 2 7 17 18 2 17 9 2 13 6 3 1 2 7 0 2 7 0 2 7 0 2 7 1 2 7 17 9 2 0 2 4 17 9 2 0 2 7 1 2 7 0 2 7 1 2 7 5 31 3 17 18 2 0 2 7 17 9 2 1 2 7 0 2 7 0 2 7 1 2 7 0 2 7 1 2 7 0 2 7 0 2 7 0 2 7 0 2 3 0 2 4 13 6 3 1 2 4 0 2 7 12 16 2 1 2 7 1 2 7 5 31 3 0 2 7 1 2 3 0 2 7 0 2 7 0 2 7 1 2 7 1 2 7 1 2 7 1 2 7 5 30 3 1 2 7 5 31 3 1 2 7 0 2 7 0 2 7 0 2 7 0 2 7 0 2 7 1 2 7 16 6 2 0 2 7 0 59.9600826501846313
1 2 7 1 2 7 17 18 2 17 9 2 13 6 3 1 2 7 0 2 7 0 2 7 0 2 7 1 2 7 17 9 2 0 2 7 17 9 2 0 2 7 1 2 7 0 2 7 0 2 7 5 31 3 17 18 2 0 2 7 17 9 2 1 2 7 0 2 7 0 2 7 1 2 7 0 2 7 1 2 7 0 2 7 0 2 7 0 2 7 0 2 7 0 2 4 13 6 3 1 2 7 0 2 7 12 16 2 1 2 7 1 2 7 5 31 3 0 2 7 1 2 3 1 2 7 0 2 7 0 2 7 1 2 7 0 2 7 1 2 7 1 2 7 5 30 3 1 2 3 1 2 4 1 2 7 0 2 7 0 2 7 0 2 7 0 2 7 0 2 7 1 2 4 16 6 2 0 2 7 0.000919307800340777009 59.6691606044769287

Current Evaluation = 8100(8100)
Front Size = 10
1 2 7 1 2 7 17 18 2 17 9 2 13 6 3 1 2 7 0 2 7 0 2 7 0 2 7 1 2 7 17 9 2 0 2 4 17 9 2 0 2 7 1 2 7 0 2 7 1 2 7 5 31 3 17 18 2 0 2 7 17 9 2 1 2 7 0 2 7 0 2 7 1 2 7 0 2 7 1 2 7 0 2 7 0 2 7 0 2 7 0 2 3 0 2 4 13 6 3 1 2 4 0 2 7 12 16 2 1 2 7 1 2 7 5 31 3 0 2 7 1 2 3 0 2 7 0 2 7 0 2 7 1 2 7 1 2 7 1 2 7 1 2 7 5 30 3 1 2 7 5 31 3 1 2 7 0 2 7 0 2 7 0 2 7 0 2 7 0 2 7 1 2 7 16 6 2 0 2 7 0 59.9600826501846313
1 2 7 1 2 7 17 18 2 17 9 2 13 6 3 1 2 7 0 2 7 0 2 7 0 2 7 1 2 7 17 9 2 0 2 4 17 9 2 0 2 7 1 2 7 0 2 7 1 2 7 5 31 3 17 18 2 0 2 7 17 9 2 1 2 7 0 2 7 0 2 7 1 2 7 0 2 7 1 2 7 0 2 7 0 2 7 0 2 7 0 2 3 0 2 4 13 6 3 1 2 4 0 2 7 12 16 2 1 2 7 1 2 7 5 31 3 0 2 7 1 2 3 0 2 7 0 2 7 0 2 7 1 2 7 1 2 7 1 2 7 1 2 7 5 30 3 1 2 7 5 31 3 1 2 7 0 2 7 0 2 7 0 2 7 0 2 7 0 2 7 1 2 7 16 6 2 0 2 7 0 59.9600826501846313
1 2 7 1 2 7 17 18 2 17 9 2 13 6 3 1 2 7 0 2 7 0 2 7 0 2 7 1 2 7 17 9 2 0 2 4 17 9 2 0 2 7 1 2 7 0 2 7 1 2 7 5 31 3 17 18 2 0 2 7 17 9 2 1 2 7 0 2 7 0 2 7 1 2 7 0 2 7 1 2 7 0 2 7 0 2 7 0 2 7 0 2 3 0 2 4 13 6 3 1 2 4 0 2 7 12 16 2 1 2 7 1 2 7 5 31 3 0 2 7 1 2 3 0 2 7 0 2 7 0 2 7 1 2 7 1 2 7 1 2 7 1 2 7 5 30 3 1 2 7 5 31 3 1 2 7 0 2 7 0 2 7 0 2 7 0 2 7 0 2 7 1 2 7 16 6 2 0 2 7 0 59.9600826501846313
1 2 7 1 2 7 17 18 2 17 9 2 13 6 3 1 2 7 0 2 7 0 2 7 0 2 7 1 2 7 17 9 2 0 2 4 17 9 2 0 2 7 1 2 7 0 2 7 1 2 7 5 31 3 17 18 2 0 2 7 17 9 2 1 2 7 0 2 7 0 2 7 1 2 7 0 2 7 1 2 7 0 2 7 0 2 7 0 2 7 0 2 3 0 2 4 13 6 3 1 2 4 0 2 7 12 16 2 1 2 7 1 2 7 5 31 3 0 2 7 1 2 3 0 2 7 0 2 7 0 2 7 1 2 7 1 2 7 1 2 7 1 2 7 5 30 3 1 2 7 5 31 3 1 2 7 0 2 7 0 2 7 0 2 7 0 2 7 0 2 7 1 2 7 16 6 2 0 2 7 0 59.9600826501846313
1 2 7 1 2 7 17 18 2 17 9 2 13 6 3 1 2 7 0 2 7 0 2 7 0 2 7 1 2 7 17 9 2 0 2 4 17 9 2 0 2 7 1 2 7 0 2 7 1 2 7 5 31 3 17 18 2 0 2 7 17 9 2 1 2 7 0 2 7 0 2 7 1 2 7 0 2 7 1 2 7 0 2 7 0 2 7 0 2 7 0 2 3 0 2 4 13 6 3 1 2 4 0 2 7 12 16 2 1 2 7 1 2 7 5 31 3 0 2 7 1 2 3 0 2 7 0 2 7 0 2 7 1 2 7 1 2 7 1 2 7 1 2 7 5 30 3 1 2 7 5 31 3 1 2 7 0 2 7 0 2 7 0 2 7 0 2 7 0 2 7 1 2 7 16 6 2 0 2 7 0 59.9600826501846313
1 2 7 1 2 7 17 18 2 17 9 2 13 6 3 1 2 7 0 2 7 0 2 7 0 2 7 1 2 7 17 9 2 0 2 4 17 9 2 0 2 7 1 2 7 0 2 7 1 2 7 5 31 3 17 18 2 0 2 7 17 9 2 1 2 7 0 2 7 0 2 7 1 2 7 0 2 7 1 2 7 0 2 7 0 2 7 0 2 7 0 2 3 0 2 4 13 6 3 1 2 4 0 2 7 12 16 2 1 2 7 1 2 7 5 31 3 0 2 7 1 2 3 0 2 7 0 2 7 0 2 7 1 2 7 1 2 7 1 2 7 1 2 7 5 30 3 1 2 7 5 31 3 1 2 7 0 2 7 0 2 7 0 2 7 0 2 7 0 2 7 1 2 7 16 6 2 0 2 7 0 59.9600826501846313
1 2 7 1 2 7 17 18 2 17 9 2 13 6 3 1 2 7 0 2 7 0 2 7 0 2 7 1 2 7 17 9 2 0 2 4 17 9 2 0 2 7 1 2 7 0 2 7 1 2 7 5 31 3 17 18 2 0 2 7 17 9 2 1 2 7 0 2 7 0 2 7 1 2 7 0 2 7 1 2 7 0 2 7 0 2 7 0 2 7 0 2 3 0 2 4 13 6 3 1 2 4 0 2 7 12 16 2 1 2 7 1 2 7 5 31 3 0 2 7 1 2 3 0 2 7 0 2 7 0 2 7 1 2 7 1 2 7 1 2 7 1 2 7 5 30 3 1 2 7 5 31 3 1 2 7 0 2 7 0 2 7 0 2 7 0 2 7 0 2 7 1 2 7 16 6 2 0 2 7 0 59.9600826501846313
1 2 7 1 2 7 17 18 2 17 9 2 13 6 3 1 2 7 0 2 7 0 2 7 0 2 7 1 2 7 17 9 2 0 2 4 17 9 2 0 2 7 1 2 7 0 2 7 1 2 7 5 31 3 17 18 2 0 2 7 17 9 2 1 2 7 0 2 7 0 2 7 1 2 7 0 2 7 1 2 7 0 2 7 0 2 7 0 2 7 0 2 3 0 2 4 13 6 3 1 2 4 0 2 7 12 16 2 1 2 7 1 2 7 5 31 3 0 2 7 1 2 3 0 2 7 0 2 7 0 2 7 1 2 7 1 2 7 1 2 7 1 2 7 5 30 3 1 2 7 5 31 3 1 2 7 0 2 7 0 2 7 0 2 7 0 2 7 0 2 7 1 2 7 16 6 2 0 2 7 0 59.9600826501846313
1 2 7 1 2 7 17 18 2 17 9 2 13 6 3 1 2 7 0 2 7 0 2 7 0 2 7 1 2 7 17 9 2 0 2 4 17 9 2 0 2 7 1 2 7 0 2 7 1 2 7 5 31 3 17 18 2 0 2 7 17 9 2 1 2 7 0 2 7 0 2 7 1 2 7 0 2 7 1 2 7 0 2 7 0 2 7 0 2 7 0 2 3 0 2 4 13 6 3 1 2 4 0 2 7 12 16 2 1 2 7 1 2 7 5 31 3 0 2 7 1 2 3 0 2 7 0 2 7 0 2 7 1 2 7 1 2 7 1 2 7 1 2 7 5 30 3 1 2 7 5 31 3 1 2 7 0 2 7 0 2 7 0 2 7 0 2 7 0 2 7 1 2 7 16 6 2 0 2 7 0 59.9600826501846313
1 2 7 1 2 7 17 18 2 17 9 2 13 6 3 1 2 7 0 2 7 0 2 7 0 2 7 1 2 7 17 9 2 0 2 4 17 9 2 0 2 7 1 2 7 0 2 7 1 2 7 5 31 3 17 18 2 0 2 7 17 9 2 1 2 7 0 2 7 0 2 7 1 2 7 0 2 7 1 2 7 0 2 7 0 2 7 0 2 7 0 2 3 0 2 4 13 6 3 1 2 4 0 2 7 12 16 2 1 2 7 1 2 7 5 31 3 0 2 7 1 2 3 0 2 7 0 2 7 0 2 7 1 2 7 1 2 7 1 2 7 1 2 7 5 30 3 1 2 7 5 31 3 1 2 7 0 2 7 0 2 7 0 2 7 0 2 7 0 2 7 1 2 7 16 6 2 0 2 7 0 59.9600826501846313

Current Evaluation = 9000(9000)
Front Size = 10
1 2 7 1 2 7 17 18 2 17 9 2 13 6 3 1 2 7 0 2 7 0 2 7 0 2 7 1 2 7 17 9 2 0 2 4 17 9 2 0 2 7 1 2 7 0 2 7 1 2 7 5 31 3 17 18 2 0 2 7 17 9 2 1 2 7 0 2 7 0 2 7 1 2 7 0 2 7 1 2 7 0 2 7 0 2 7 0 2 7 0 2 3 0 2 4 13 6 3 1 2 4 0 2 7 12 16 2 1 2 7 1 2 7 5 31 3 0 2 7 1 2 3 0 2 7 0 2 7 0 2 7 1 2 7 1 2 7 1 2 7 1 2 7 5 30 3 1 2 7 5 31 3 1 2 7 0 2 7 0 2 7 0 2 7 0 2 7 0 2 7 1 2 7 16 6 2 0 2 7 0 59.9600826501846313
1 2 7 1 2 7 17 18 2 17 9 2 13 6 3 1 2 7 0 2 7 0 2 7 0 2 7 1 2 7 17 9 2 0 2 4 17 9 2 0 2 7 1 2 7 0 2 7 1 2 7 5 31 3 17 18 2 0 2 7 17 9 2 1 2 7 0 2 7 0 2 7 1 2 7 0 2 7 1 2 7 0 2 7 0 2 7 0 2 7 0 2 3 0 2 4 13 6 3 1 2 4 0 2 7 12 16 2 1 2 7 1 2 7 5 31 3 0 2 7 1 2 3 0 2 7 0 2 7 0 2 7 1 2 7 1 2 7 1 2 7 1 2 7 5 30 3 1 2 7 5 31 3 1 2 7 0 2 7 0 2 7 0 2 7 0 2 7 0 2 7 1 2 7 16 6 2 0 2 7 0 59.9600826501846313
1 2 7 1 2 7 17 18 2 17 9 2 13 6 3 1 2 7 0 2 7 0 2 7 0 2 7 1 2 7 17 9 2 0 2 4 17 9 2 0 2 7 1 2 7 0 2 7 1 2 7 5 31 3 17 18 2 0 2 7 17 9 2 1 2 7 0 2 7 0 2 7 1 2 7 0 2 7 1 2 7 0 2 7 0 2 7 0 2 7 0 2 3 0 2 4 13 6 3 1 2 4 0 2 7 12 16 2 1 2 7 1 2 7 5 31 3 0 2 7 1 2 3 0 2 7 0 2 7 0 2 7 1 2 7 1 2 7 1 2 7 1 2 7 5 30 3 1 2 7 5 31 3 1 2 7 0 2 7 0 2 7 0 2 7 0 2 7 0 2 7 1 2 7 16 6 2 0 2 7 0 59.9600826501846313
1 2 7 1 2 7 17 18 2 17 9 2 13 6 3 1 2 7 0 2 7 0 2 7 0 2 7 1 2 7 17 9 2 0 2 4 17 9 2 0 2 7 1 2 7 0 2 7 1 2 7 5 31 3 17 18 2 0 2 7 17 9 2 1 2 7 0 2 7 0 2 7 1 2 7 0 2 7 1 2 7 0 2 7 0 2 7 0 2 7 0 2 3 0 2 4 13 6 3 1 2 4 0 2 7 12 16 2 1 2 7 1 2 7 5 31 3 0 2 7 1 2 3 0 2 7 0 2 7 0 2 7 1 2 7 1 2 7 1 2 7 1 2 7 5 30 3 1 2 7 5 31 3 1 2 7 0 2 7 0 2 7 0 2 7 0 2 7 0 2 7 1 2 7 16 6 2 0 2 7 0 59.9600826501846313
1 2 7 1 2 7 17 18 2 17 9 2 13 6 3 1 2 7 0 2 7 0 2 7 0 2 7 1 2 7 17 9 2 0 2 4 17 9 2 0 2 7 1 2 7 0 2 7 1 2 7 5 31 3 17 18 2 0 2 7 17 9 2 1 2 7 0 2 7 0 2 7 1 2 7 0 2 7 1 2 7 0 2 7 0 2 7 0 2 7 0 2 3 0 2 4 13 6 3 1 2 4 0 2 7 12 16 2 1 2 7 1 2 7 5 31 3 0 2 7 1 2 3 0 2 7 0 2 7 0 2 7 1 2 7 1 2 7 1 2 7 1 2 7 5 30 3 1 2 7 5 31 3 1 2 7 0 2 7 0 2 7 0 2 7 0 2 7 0 2 7 1 2 7 16 6 2 0 2 7 0 59.9600826501846313
1 2 7 1 2 7 17 18 2 17 9 2 13 6 3 1 2 7 0 2 7 0 2 7 0 2 7 1 2 7 17 9 2 0 2 4 17 9 2 0 2 7 1 2 7 0 2 7 1 2 7 5 31 3 17 18 2 0 2 7 17 9 2 1 2 7 0 2 7 0 2 7 1 2 7 0 2 7 1 2 7 0 2 7 0 2 7 0 2 7 0 2 3 0 2 4 13 6 3 1 2 4 0 2 7 12 16 2 1 2 7 1 2 7 5 31 3 0 2 7 1 2 3 0 2 7 0 2 7 0 2 7 1 2 7 1 2 7 1 2 7 1 2 7 5 30 3 1 2 7 5 31 3 1 2 7 0 2 7 0 2 7 0 2 7 0 2 7 0 2 7 1 2 7 16 6 2 0 2 7 0 59.9600826501846313
1 2 7 1 2 7 17 18 2 17 9 2 13 6 3 1 2 7 0 2 7 0 2 7 0 2 7 1 2 7 17 9 2 0 2 4 17 9 2 0 2 7 1 2 7 0 2 7 1 2 7 5 31 3 17 18 2 0 2 7 17 9 2 1 2 7 0 2 7 0 2 7 1 2 7 0 2 7 1 2 7 0 2 7 0 2 7 0 2 7 0 2 3 0 2 4 13 6 3 1 2 4 0 2 7 12 16 2 1 2 7 1 2 7 5 31 3 0 2 7 1 2 3 0 2 7 0 2 7 0 2 7 1 2 7 1 2 7 1 2 7 1 2 7 5 30 3 1 2 7 5 31 3 1 2 7 0 2 7 0 2 7 0 2 7 0 2 7 0 2 7 1 2 7 16 6 2 0 2 7 0 59.9600826501846313
1 2 7 1 2 7 17 18 2 17 9 2 13 6 3 1 2 7 0 2 7 0 2 7 0 2 7 1 2 7 17 9 2 0 2 4 17 9 2 0 2 7 1 2 7 0 2 7 1 2 7 5 31 3 17 18 2 0 2 7 17 9 2 1 2 7 0 2 7 0 2 7 1 2 7 0 2 7 1 2 7 0 2 7 0 2 7 0 2 7 0 2 3 0 2 4 13 6 3 1 2 4 0 2 7 12 16 2 1 2 7 1 2 7 5 31 3 0 2 7 1 2 3 0 2 7 0 2 7 0 2 7 1 2 7 1 2 7 1 2 7 1 2 7 5 30 3 1 2 7 5 31 3 1 2 7 0 2 7 0 2 7 0 2 7 0 2 7 0 2 7 1 2 7 16 6 2 0 2 7 0 59.9600826501846313
1 2 7 1 2 7 17 18 2 17 9 2 13 6 3 1 2 7 0 2 7 0 2 7 0 2 7 1 2 7 17 9 2 0 2 4 17 9 2 0 2 7 1 2 7 0 2 7 1 2 7 5 31 3 17 18 2 0 2 7 17 9 2 1 2 7 0 2 7 0 2 7 1 2 7 0 2 7 1 2 7 0 2 7 0 2 7 0 2 7 0 2 3 0 2 4 13 6 3 1 2 4 0 2 7 12 16 2 1 2 7 1 2 7 5 31 3 0 2 7 1 2 3 0 2 7 0 2 7 0 2 7 1 2 7 1 2 7 1 2 7 1 2 7 5 30 3 1 2 7 5 31 3 1 2 7 0 2 7 0 2 7 0 2 7 0 2 7 0 2 7 1 2 7 16 6 2 0 2 7 0 59.9600826501846313
1 2 7 1 2 7 17 18 2 17 9 2 13 6 3 1 2 7 0 2 7 0 2 7 0 2 7 1 2 7 17 9 2 0 2 4 17 9 2 0 2 7 1 2 7 0 2 7 1 2 7 5 31 3 17 18 2 0 2 7 17 9 2 1 2 7 0 2 7 0 2 7 1 2 7 0 2 7 1 2 7 0 2 7 0 2 7 0 2 7 0 2 3 0 2 4 13 6 3 1 2 4 0 2 7 12 16 2 1 2 7 1 2 7 5 31 3 0 2 7 1 2 3 0 2 7 0 2 7 0 2 7 1 2 7 1 2 7 1 2 7 1 2 7 5 30 3 1 2 7 5 31 3 1 2 7 0 2 7 0 2 7 0 2 7 0 2 7 0 2 7 1 2 7 16 6 2 0 2 7 0 59.9600826501846313

Current Evaluation = 9900(9900)
Front Size = 10
1 2 7 1 2 7 17 18 2 17 9 2 13 6 3 1 2 7 0 2 7 0 2 7 0 2 7 1 2 7 17 9 2 0 2 4 17 9 2 0 2 7 1 2 7 0 2 7 1 2 7 5 31 3 17 18 2 0 2 7 17 9 2 1 2 7 0 2 7 0 2 7 1 2 7 0 2 7 1 2 7 0 2 7 0 2 7 0 2 7 0 2 3 0 2 4 13 6 3 1 2 4 0 2 7 12 16 2 1 2 7 1 2 7 5 31 3 0 2 7 1 2 3 0 2 7 0 2 7 0 2 7 1 2 7 1 2 7 1 2 7 1 2 7 5 30 3 1 2 7 5 31 3 1 2 7 0 2 7 0 2 7 0 2 7 0 2 7 0 2 7 1 2 7 16 6 2 0 2 7 0 59.9600826501846313
1 2 7 1 2 7 17 18 2 17 9 2 13 6 3 1 2 7 0 2 7 0 2 7 0 2 7 1 2 7 17 9 2 0 2 4 17 9 2 0 2 7 1 2 7 0 2 7 1 2 7 5 31 3 17 18 2 0 2 7 17 9 2 1 2 7 0 2 7 0 2 7 1 2 7 0 2 7 1 2 7 0 2 7 0 2 7 0 2 7 0 2 3 0 2 4 13 6 3 1 2 4 0 2 7 12 16 2 1 2 7 1 2 7 5 31 3 0 2 7 1 2 3 0 2 7 0 2 7 0 2 7 1 2 7 1 2 7 1 2 7 1 2 7 5 30 3 1 2 7 5 31 3 1 2 7 0 2 7 0 2 7 0 2 7 0 2 7 0 2 7 1 2 7 16 6 2 0 2 7 0 59.9600826501846313
1 2 7 1 2 7 17 18 2 17 9 2 13 6 3 1 2 7 0 2 7 0 2 7 0 2 7 1 2 7 17 9 2 0 2 4 17 9 2 0 2 7 1 2 7 0 2 7 1 2 7 5 31 3 17 18 2 0 2 7 17 9 2 1 2 7 0 2 7 0 2 7 1 2 7 0 2 7 1 2 7 0 2 7 0 2 7 0 2 7 0 2 3 0 2 4 13 6 3 1 2 4 0 2 7 12 16 2 1 2 7 1 2 7 5 31 3 0 2 7 1 2 3 0 2 7 0 2 7 0 2 7 1 2 7 1 2 7 1 2 7 1 2 7 5 30 3 1 2 7 5 31 3 1 2 7 0 2 7 0 2 7 0 2 7 0 2 7 0 2 7 1 2 7 16 6 2 0 2 7 0 59.9600826501846313
1 2 7 1 2 7 17 18 2 17 9 2 13 6 3 1 2 7 0 2 7 0 2 7 0 2 7 1 2 7 17 9 2 0 2 4 17 9 2 0 2 7 1 2 7 0 2 7 1 2 7 5 31 3 17 18 2 0 2 7 17 9 2 1 2 7 0 2 7 0 2 7 1 2 7 0 2 7 1 2 7 0 2 7 0 2 7 0 2 7 0 2 3 0 2 4 13 6 3 1 2 4 0 2 7 12 16 2 1 2 7 1 2 7 5 31 3 0 2 7 1 2 3 0 2 7 0 2 7 0 2 7 1 2 7 1 2 7 1 2 7 1 2 7 5 30 3 1 2 7 5 31 3 1 2 7 0 2 7 0 2 7 0 2 7 0 2 7 0 2 7 1 2 7 16 6 2 0 2 7 0 59.9600826501846313
1 2 7 1 2 7 17 18 2 17 9 2 13 6 3 1 2 7 0 2 7 0 2 7 0 2 7 1 2 7 17 9 2 0 2 4 17 9 2 0 2 7 1 2 7 0 2 7 1 2 7 5 31 3 17 18 2 0 2 7 17 9 2 1 2 7 0 2 7 0 2 7 1 2 7 0 2 7 1 2 7 0 2 7 0 2 7 0 2 7 0 2 3 0 2 4 13 6 3 1 2 4 0 2 7 12 16 2 1 2 7 1 2 7 5 31 3 0 2 7 1 2 3 0 2 7 0 2 7 0 2 7 1 2 7 1 2 7 1 2 7 1 2 7 5 30 3 1 2 7 5 31 3 1 2 7 0 2 7 0 2 7 0 2 7 0 2 7 0 2 7 1 2 7 16 6 2 0 2 7 0 59.9600826501846313
1 2 7 1 2 7 17 18 2 17 9 2 13 6 3 1 2 7 0 2 7 0 2 7 0 2 7 1 2 7 17 9 2 0 2 4 17 9 2 0 2 7 1 2 7 0 2 7 1 2 7 5 31 3 17 18 2 0 2 7 17 9 2 1 2 7 0 2 7 0 2 7 1 2 7 0 2 7 1 2 7 0 2 7 0 2 7 0 2 7 0 2 3 0 2 4 13 6 3 1 2 4 0 2 7 12 16 2 1 2 7 1 2 7 5 31 3 0 2 7 1 2 3 0 2 7 0 2 7 0 2 7 1 2 7 1 2 7 1 2 7 1 2 7 5 30 3 1 2 7 5 31 3 1 2 7 0 2 7 0 2 7 0 2 7 0 2 7 0 2 7 1 2 7 16 6 2 0 2 7 0 59.9600826501846313
1 2 7 1 2 7 17 18 2 17 9 2 13 6 3 1 2 7 0 2 7 0 2 7 0 2 7 1 2 7 17 9 2 0 2 4 17 9 2 0 2 7 1 2 7 0 2 7 1 2 7 5 31 3 17 18 2 0 2 7 17 9 2 1 2 7 0 2 7 0 2 7 1 2 7 0 2 7 1 2 7 0 2 7 0 2 7 0 2 7 0 2 3 0 2 4 13 6 3 1 2 4 0 2 7 12 16 2 1 2 7 1 2 7 5 31 3 0 2 7 1 2 3 0 2 7 0 2 7 0 2 7 1 2 7 1 2 7 1 2 7 1 2 7 5 30 3 1 2 7 5 31 3 1 2 7 0 2 7 0 2 7 0 2 7 0 2 7 0 2 7 1 2 7 16 6 2 0 2 7 0 59.9600826501846313
1 2 7 1 2 7 17 18 2 17 9 2 13 6 3 1 2 7 0 2 7 0 2 7 0 2 7 1 2 7 17 9 2 0 2 4 17 9 2 0 2 7 1 2 7 0 2 7 1 2 7 5 31 3 17 18 2 0 2 7 17 9 2 1 2 7 0 2 7 0 2 7 1 2 7 0 2 7 1 2 7 0 2 7 0 2 7 0 2 7 0 2 3 0 2 4 13 6 3 1 2 4 0 2 7 12 16 2 1 2 7 1 2 7 5 31 3 0 2 7 1 2 3 0 2 7 0 2 7 0 2 7 1 2 7 1 2 7 1 2 7 1 2 7 5 30 3 1 2 7 5 31 3 1 2 7 0 2 7 0 2 7 0 2 7 0 2 7 0 2 7 1 2 7 16 6 2 0 2 7 0 59.9600826501846313
1 2 7 1 2 7 17 18 2 17 9 2 13 6 3 1 2 7 0 2 7 0 2 7 0 2 7 1 2 7 17 9 2 0 2 4 17 9 2 0 2 7 1 2 7 0 2 7 1 2 7 5 31 3 17 18 2 0 2 7 17 9 2 1 2 7 0 2 7 0 2 7 1 2 7 0 2 7 1 2 7 0 2 7 0 2 7 0 2 7 0 2 3 0 2 4 13 6 3 1 2 4 0 2 7 12 16 2 1 2 7 1 2 7 5 31 3 0 2 7 1 2 3 0 2 7 0 2 7 0 2 7 1 2 7 1 2 7 1 2 7 1 2 7 5 30 3 1 2 7 5 31 3 1 2 7 0 2 7 0 2 7 0 2 7 0 2 7 0 2 7 1 2 7 16 6 2 0 2 7 0 59.9600826501846313
1 2 7 1 2 7 17 18 2 17 9 2 13 6 3 1 2 7 0 2 7 0 2 7 0 2 7 1 2 7 17 9 2 0 2 4 17 9 2 0 2 7 1 2 7 0 2 7 1 2 7 5 31 3 17 18 2 0 2 7 17 9 2 1 2 7 0 2 7 0 2 7 1 2 7 0 2 7 1 2 7 0 2 7 0 2 7 0 2 7 0 2 3 0 2 4 13 6 3 1 2 4 0 2 7 12 16 2 1 2 7 1 2 7 5 31 3 0 2 7 1 2 3 0 2 7 0 2 7 0 2 7 1 2 7 1 2 7 1 2 7 1 2 7 5 30 3 1 2 7 5 31 3 1 2 7 0 2 7 0 2 7 0 2 7 0 2 7 0 2 7 1 2 7 16 6 2 0 2 7 0 59.9600826501846313

Current Evaluation = 10800(10800)
Front Size = 10
1 2 7 1 2 7 17 18 2 17 9 2 13 6 3 1 2 7 0 2 7 0 2 7 0 2 7 1 2 7 17 9 2 0 2 4 17 9 2 0 2 7 1 2 7 0 2 7 1 2 7 5 31 3 17 18 2 0 2 7 17 9 2 1 2 7 0 2 7 0 2 7 1 2 7 0 2 7 1 2 7 0 2 7 0 2 7 0 2 7 0 2 3 0 2 4 13 6 3 1 2 4 0 2 7 12 16 2 1 2 7 1 2 7 5 31 3 0 2 7 1 2 3 0 2 7 0 2 7 0 2 7 1 2 7 1 2 7 1 2 7 1 2 7 5 30 3 1 2 7 5 31 3 1 2 7 0 2 7 0 2 7 0 2 7 0 2 7 0 2 7 1 2 7 16 6 2 0 2 7 0 59.9600826501846313
1 2 7 1 2 7 17 18 2 17 9 2 13 6 3 1 2 7 0 2 7 0 2 7 0 2 7 1 2 7 17 9 2 0 2 4 17 9 2 0 2 7 1 2 7 0 2 7 1 2 7 5 31 3 17 18 2 0 2 7 17 9 2 1 2 7 0 2 7 0 2 7 1 2 7 0 2 7 1 2 7 0 2 7 0 2 7 0 2 7 0 2 3 0 2 4 13 6 3 1 2 4 0 2 7 12 16 2 1 2 7 1 2 7 5 31 3 0 2 7 1 2 3 0 2 7 0 2 7 0 2 7 1 2 7 1 2 7 1 2 7 1 2 7 5 30 3 1 2 7 5 31 3 1 2 7 0 2 7 0 2 7 0 2 7 0 2 7 0 2 7 1 2 7 16 6 2 0 2 7 0 59.9600826501846313
1 2 7 1 2 7 17 18 2 17 9 2 13 6 3 1 2 7 0 2 7 0 2 7 0 2 7 1 2 7 17 9 2 0 2 4 17 9 2 0 2 7 1 2 7 0 2 7 1 2 7 5 31 3 17 18 2 0 2 7 17 9 2 1 2 7 0 2 7 0 2 7 1 2 7 0 2 7 1 2 7 0 2 7 0 2 7 0 2 7 0 2 3 0 2 4 13 6 3 1 2 4 0 2 7 12 16 2 1 2 7 1 2 7 5 31 3 0 2 7 1 2 3 0 2 7 0 2 7 0 2 7 1 2 7 1 2 7 1 2 7 1 2 7 5 30 3 1 2 7 5 31 3 1 2 7 0 2 7 0 2 7 0 2 7 0 2 7 0 2 7 1 2 7 16 6 2 0 2 7 0 59.9600826501846313
1 2 7 1 2 7 17 18 2 17 9 2 13 6 3 1 2 7 0 2 7 0 2 7 0 2 7 1 2 7 17 9 2 0 2 4 17 9 2 0 2 7 1 2 7 0 2 7 1 2 7 5 31 3 17 18 2 0 2 7 17 9 2 1 2 7 0 2 7 0 2 7 1 2 7 0 2 7 1 2 7 0 2 7 0 2 7 0 2 7 0 2 3 0 2 4 13 6 3 1 2 4 0 2 7 12 16 2 1 2 7 1 2 7 5 31 3 0 2 7 1 2 3 0 2 7 0 2 7 0 2 7 1 2 7 1 2 7 1 2 7 1 2 7 5 30 3 1 2 7 5 31 3 1 2 7 0 2 7 0 2 7 0 2 7 0 2 7 0 2 7 1 2 7 16 6 2 0 2 7 0 59.9600826501846313
1 2 7 1 2 7 17 18 2 17 9 2 13 6 3 1 2 7 0 2 7 0 2 7 0 2 7 1 2 7 17 9 2 0 2 4 17 9 2 0 2 7 1 2 7 0 2 7 1 2 7 5 31 3 17 18 2 0 2 7 17 9 2 1 2 7 0 2 7 0 2 7 1 2 7 0 2 7 1 2 7 0 2 7 0 2 7 0 2 7 0 2 3 0 2 4 13 6 3 1 2 4 0 2 7 12 16 2 1 2 7 1 2 7 5 31 3 0 2 7 1 2 3 0 2 7 0 2 7 0 2 7 1 2 7 1 2 7 1 2 7 1 2 7 5 30 3 1 2 7 5 31 3 1 2 7 0 2 7 0 2 7 0 2 7 0 2 7 0 2 7 1 2 7 16 6 2 0 2 7 0 59.9600826501846313
1 2 7 1 2 7 17 18 2 17 9 2 13 6 3 1 2 7 0 2 7 0 2 7 0 2 7 1 2 7 17 9 2 0 2 4 17 9 2 0 2 7 1 2 7 0 2 7 1 2 7 5 31 3 17 18 2 0 2 7 17 9 2 1 2 7 0 2 7 0 2 7 1 2 7 0 2 7 1 2 7 0 2 7 0 2 7 0 2 7 0 2 3 0 2 4 13 6 3 1 2 4 0 2 7 12 16 2 1 2 7 1 2 7 5 31 3 0 2 7 1 2 3 0 2 7 0 2 7 0 2 7 1 2 7 1 2 7 1 2 7 1 2 7 5 30 3 1 2 7 5 31 3 1 2 7 0 2 7 0 2 7 0 2 7 0 2 7 0 2 7 1 2 7 16 6 2 0 2 7 0 59.9600826501846313
1 2 7 1 2 7 17 18 2 17 9 2 13 6 3 1 2 7 0 2 7 0 2 7 0 2 7 1 2 7 17 9 2 0 2 4 17 9 2 0 2 7 1 2 7 0 2 7 1 2 7 5 31 3 17 18 2 0 2 7 17 9 2 1 2 7 0 2 7 0 2 7 1 2 7 0 2 7 1 2 7 0 2 7 0 2 7 0 2 7 0 2 3 0 2 4 13 6 3 1 2 4 0 2 7 12 16 2 1 2 7 1 2 7 5 31 3 0 2 7 1 2 3 0 2 7 0 2 7 0 2 7 1 2 7 1 2 7 1 2 7 1 2 7 5 30 3 1 2 7 5 31 3 1 2 7 0 2 7 0 2 7 0 2 7 0 2 7 0 2 7 1 2 7 16 6 2 0 2 7 0 59.9600826501846313
1 2 7 1 2 7 17 18 2 17 9 2 13 6 3 1 2 7 0 2 7 0 2 7 0 2 7 1 2 7 17 9 2 0 2 4 17 9 2 0 2 7 1 2 7 0 2 7 1 2 7 5 31 3 17 18 2 0 2 7 17 9 2 1 2 7 0 2 7 0 2 7 1 2 7 0 2 7 1 2 7 0 2 7 0 2 7 0 2 7 0 2 3 0 2 4 13 6 3 1 2 4 0 2 7 12 16 2 1 2 7 1 2 7 5 31 3 0 2 7 1 2 3 0 2 7 0 2 7 0 2 7 1 2 7 1 2 7 1 2 7 1 2 7 5 30 3 1 2 7 5 31 3 1 2 7 0 2 7 0 2 7 0 2 7 0 2 7 0 2 7 1 2 7 16 6 2 0 2 7 0 59.9600826501846313
1 2 7 1 2 7 17 18 2 17 9 2 13 6 3 1 2 7 0 2 7 0 2 7 0 2 7 1 2 7 17 9 2 0 2 4 17 9 2 0 2 7 1 2 7 0 2 7 1 2 7 5 31 3 17 18 2 0 2 7 17 9 2 1 2 7 0 2 7 0 2 7 1 2 7 0 2 7 1 2 7 0 2 7 0 2 7 0 2 7 0 2 3 0 2 4 13 6 3 1 2 4 0 2 7 12 16 2 1 2 7 1 2 7 5 31 3 0 2 7 1 2 3 0 2 7 0 2 7 0 2 7 1 2 7 1 2 7 1 2 7 1 2 7 5 30 3 1 2 7 5 31 3 1 2 7 0 2 7 0 2 7 0 2 7 0 2 7 0 2 7 1 2 7 16 6 2 0 2 7 0 59.9600826501846313
1 2 7 1 2 7 17 18 2 17 9 2 13 6 3 1 2 7 0 2 7 0 2 7 0 2 7 1 2 7 17 9 2 0 2 4 17 9 2 0 2 7 1 2 7 0 2 7 1 2 7 5 31 3 17 18 2 0 2 7 17 9 2 1 2 7 0 2 7 0 2 7 1 2 7 0 2 7 1 2 7 0 2 7 0 2 7 0 2 7 0 2 3 0 2 4 13 6 3 1 2 4 0 2 7 12 16 2 1 2 7 1 2 7 5 31 3 0 2 7 1 2 3 0 2 7 0 2 7 0 2 7 1 2 7 1 2 7 1 2 7 1 2 7 5 30 3 1 2 7 5 31 3 1 2 7 0 2 7 0 2 7 0 2 7 0 2 7 0 2 7 1 2 7 16 6 2 0 2 7 0 59.9600826501846313

Current Evaluation = 11700(11700)
Front Size = 10
1 2 7 1 2 7 17 18 2 17 9 2 13 6 3 1 2 7 0 2 7 0 2 7 1 2 7 1 2 7 17 9 2 0 2 7 17 9 2 0 2 7 1 2 7 1 2 7 1 2 7 5 31 3 17 18 2 0 2 7 17 9 2 1 2 7 0 2 7 0 2 7 1 2 7 0 2 7 0 2 7 0 2 7 0 2 7 0 2 7 0 2 3 0 2 7 13 6 3 1 2 4 0 2 7 12 16 2 1 2 7 1 2 7 5 31 3 0 2 7 1 2 7 0 2 7 0 2 7 0 2 7 1 2 7 1 2 7 0 2 7 1 2 7 5 30 3 1 2 7 5 31 3 1 2 7 0 2 7 0 2 7 0 2 7 0 2 7 0 2 7 1 2 7 16 24 2 0 2 7 0 59.9419176578521729
1 2 7 1 2 7 17 18 2 17 9 2 13 6 3 1 2 7 0 2 7 0 2 7 1 2 7 1 2 7 17 9 2 0 2 7 17 9 2 0 2 7 1 2 7 1 2 7 1 2 7 5 31 3 17 18 2 0 2 7 17 9 2 1 2 7 0 2 7 0 2 7 1 2 7 0 2 7 0 2 7 0 2 7 0 2 7 0 2 7 0 2 3 0 2 7 13 6 3 1 2 4 0 2 7 12 16 2 1 2 7 1 2 7 5 31 3 0 2 7 1 2 7 0 2 7 0 2 7 0 2 7 1 2 7 1 2 7 0 2 7 1 2 7 5 30 3 1 2 7 5 31 3 1 2 7 0 2 7 0 2 7 0 2 7 0 2 7 0 2 7 1 2 7 16 24 2 0 2 7 0 59.9419176578521729
1 2 7 0 2 3 17 18 2 17 9 2 13 6 3 1 2 7 0 2 7 0 2 7 1 2 7 1 2 7 17 9 2 0 2 7 17 9 2 0 2 7 1 2 7 1 2 7 1 2 7 5 31 3 17 18 2 0 2 7 17 9 2 1 2 7 0 2 7 0 2 7 1 2 7 0 2 7 1 2 7 0 2 7 0 2 7 0 2 7 0 2 7 0 2 7 13 6 3 1 2 7 0 2 4 12 16 2 1 2 7 1 2 7 5 31 3 0 2 7 1 2 7 0 2 7 0 2 7 0 2 7 1 2 7 1 2 7 0 2 7 1 2 7 5 30 3 1 2 7 5 31 3 1 2 7 0 2 7 0 2 7 0 2 7 0 2 7 0 2 7 1 2 7 16 24 2 0 2 7 0 59.9419176578521729
1 2 7 1 2 7 17 18 2 17 9 2 13 6 3 1 2 7 0 2 7 0 2 7 1 2 7 0 2 7 17 9 2 0 2 7 17 9 2 0 2 7 1 2 7 1 2 7 1 2 7 5 31 3 17 18 2 0 2 7 17 9 2 1 2 7 0 2 7 0 2 7 1 2 7 0 2 7 0 2 7 0 2 7 0 2 7 0 2 7 0 2 3 0 2 7 13 6 3 1 2 7 0 2 7 12 16 2 1 2 7 1 2 7 5 31 3 0 2 7 1 2 7 0 2 7 0 2 7 0 2 7 1 2 7 1 2 7 0 2 7 1 2 7 5 30 3 1 2 7 5 31 3 1 2 7 0 2 7 0 2 7 0 2 7 0 2 7 0 2 7 1 2 7 16 24 2 0 2 7 3.27156947226596838e-05 60.032469630241394
1 2 7 1 2 7 17 18 2 17 9 2 13 6 3 1 2 7 0 2 7 0 2 7 1 2 7 1 2 7 17 9 2 0 2 7 17 9 2 0 2 7 1 2 7 1 2 7 1 2 7 5 31 3 17 18 2 0 2 7 17 9 2 1 2 7 0 2 7 0 2 7 1 2 7 0 2 7 0 2 7 0 2 7 0 2 7 0 2 7 0 2 3 0 2 7 13 6 3 1 2 4 0 2 7 12 16 2 1 2 7 1 2 7 5 31 3 0 2 7 1 2 7 0 2 7 0 2 7 0 2 7 1 2 7 1 2 7 0 2 7 1 2 7 5 30 3 1 2 7 5 31 3 1 2 7 0 2 7 0 2 7 0 2 7 0 2 7 0 2 7 1 2 7 16 24 2 0 2 7 0 59.9419176578521729
1 2 7 1 2 7 17 18 2 17 9 2 13 6 3 1 2 7 0 2 7 0 2 7 1 2 7 1 2 7 17 9 2 0 2 7 17 9 2 0 2 7 1 2 7 1 2 7 1 2 7 5 31 3 17 18 2 0 2 7 17 9 2 1 2 7 0 2 7 0 2 7 1 2 7 0 2 7 0 2 7 0 2 7 0 2 7 0 2 7 0 2 3 0 2 7 13 6 3 1 2 4 0 2 7 12 16 2 1 2 7 1 2 7 5 31 3 0 2 7 1 2 7 0 2 7 0 2 7 0 2 7 1 2 7 1 2 7 0 2 7 1 2 7 5 30 3 1 2 7 5 31 3 1 2 7 0 2 7 0 2 7 0 2 7 0 2 7 0 2 7 1 2 7 16 24 2 0 2 7 0 59.9419176578521729
1 2 7 1 2 7 17 18 2 17 9 2 13 6 3 1 2 7 0 2 7 0 2 7 1 2 7 1 2 7 17 9 2 0 2 7 17 9 2 0 2 7 1 2 7 1 2 7 1 2 7 5 31 3 17 18 2 0 2 7 17 9 2 1 2 7 0 2 7 0 2 7 1 2 7 0 2 7 0 2 7 0 2 7 0 2 7 0 2 7 0 2 3 0 2 7 13 6 3 1 2 4 0 2 7 12 16 2 1 2 7 1 2 7 5 31 3 0 2 7 1 2 7 0 2 7 0 2 7 0 2 7 1 2 7 1 2 7 0 2 7 1 2 7 5 30 3 1 2 7 5 31 3 1 2 7 0 2 7 0 2 7 0 2 7 0 2 7 0 2 7 1 2 7 16 24 2 0 2 7 0 59.9419176578521729
1 2 7 1 2 7 17 18 2 17 9 2 13 6 3 1 2 7 0 2 7 0 2 7 1 2 7 0 2 7 17 9 2 0 2 7 17 9 2 0 2 7 1 2 7 1 2 7 1 2 7 5 31 3 17 18 2 0 2 7 17 9 2 1 2 7 0 2 7 0 2 7 1 2 7 0 2 7 0 2 7 0 2 7 0 2 7 0 2 7 0 2 3 0 2 4 13 6 3 1 2 7 0 2 7 12 16 2 1 2 7 1 2 7 5 31 3 0 2 7 1 2 7 0 2 7 0 2 7 0 2 7 1 2 7 1 2 7 0 2 7 1 2 7 5 30 3 1 2 7 5 31 3 1 2 7 0 2 7 0 2 7 0 2 7 0 2 7 0 2 7 1 2 7 16 24 2 0 2 7 3.27156947226596838e-05 60.0124696493148804
1 2 7 1 2 7 17 18 2 17 9 2 13 6 3 1 2 7 0 2 7 0 2 7 1 2 7 1 2 7 17 9 2 0 2 7 17 9 2 0 2 7 1 2 7 1 2 7 1 2 7 5 31 3 17 18 2 0 2 7 17 9 2 1 2 7 0 2 7 0 2 7 1 2 7 0 2 7 1 2 7 0 2 7 0 2 7 0 2 7 0 2 3 0 2 7 13 6 3 1 2 4 0 2 7 12 16 2 1 2 7 1 2 7 5 31 3 0 2 7 1 2 7 0 2 7 0 2 7 0 2 7 1 2 7 1 2 7 0 2 7 1 2 7 5 30 3 1 2 7 5 31 3 1 2 7 0 2 7 0 2 7 0 2 7 0 2 7 0 2 7 1 2 7 16 24 2 0 2 7 2.44930831222746214e-05 59.8713656663894653
1 2 4 1 2 4 17 18 2 17 9 2 12 16 2 0 2 4 0 2 4 0 2 7 0 2 7 1 2 10 17 9 2 0 2 7 17 9 2 1 2 4 1 2 7 1 2 4 1 2 7 5 31 3 17 18 2 0 2 7 17 18 2 0 2 4 0 2 7 0 2 7 1 2 7 0 2 7 0 2 4 0 2 4 12 16 2 0 2 10 1 2 7 0 2 4 13 6 3 0 2 7 1 2 7 12 16 2 1 2 7 1 2 7 5 31 3 0 2 10 1 2 7 1 2 7 0 2 7 0 2 7 0 2 7 1 2 7 0 2 4 1 2 4 5 30 3 1 2 4 5 31 3 0 2 7 0 2 7 1 2 7 0 2 4 0 2 7 0 2 7 1 2 7 17 9 2 0 2 7 0 60.6342127323150635

Current Evaluation = 12600(12600)
Front Size = 10
1 2 7 1 2 7 17 18 2 17 9 2 13 6 3 1 2 7 0 2 7 0 2 7 1 2 7 1 2 7 17 9 2 0 2 7 17 9 2 0 2 7 1 2 7 1 2 7 1 2 7 5 31 3 17 18 2 0 2 7 17 9 2 1 2 7 0 2 7 0 2 7 1 2 7 0 2 7 0 2 7 0 2 7 0 2 7 0 2 7 0 2 3 0 2 7 13 6 3 1 2 4 0 2 7 12 16 2 1 2 7 1 2 7 5 31 3 0 2 7 1 2 7 0 2 7 0 2 7 0 2 7 1 2 7 1 2 7 0 2 7 1 2 7 5 30 3 1 2 7 5 31 3 1 2 7 0 2 7 0 2 7 0 2 7 0 2 7 0 2 7 1 2 7 16 24 2 0 2 7 0 59.9419176578521729
1 2 7 1 2 7 17 18 2 17 9 2 13 6 3 1 2 7 0 2 7 0 2 7 1 2 7 1 2 7 17 9 2 0 2 7 17 9 2 0 2 7 1 2 7 1 2 7 1 2 7 5 31 3 17 18 2 0 2 7 17 9 2 1 2 7 0 2 7 0 2 7 1 2 7 0 2 7 0 2 7 0 2 7 0 2 7 0 2 7 0 2 3 0 2 7 13 6 3 1 2 4 0 2 7 12 16 2 1 2 7 1 2 7 5 31 3 0 2 7 1 2 7 0 2 7 0 2 7 0 2 7 1 2 7 1 2 7 0 2 7 1 2 7 5 30 3 1 2 7 5 31 3 1 2 7 0 2 7 0 2 7 0 2 7 0 2 7 0 2 7 1 2 7 16 24 2 0 2 7 0 59.9419176578521729
1 2 7 1 2 7 17 18 2 17 9 2 13 6 3 1 2 7 0 2 7 0 2 7 1 2 7 1 2 7 17 9 2 0 2 7 17 9 2 0 2 7 1 2 7 1 2 7 1 2 7 5 31 3 17 18 2 0 2 7 17 9 2 1 2 7 0 2 7 0 2 7 1 2 7 0 2 7 0 2 7 0 2 7 0 2 7 0 2 7 0 2 3 0 2 7 13 6 3 1 2 4 0 2 7 12 16 2 1 2 7 1 2 7 5 31 3 0 2 7 1 2 7 0 2 7 0 2 7 0 2 7 1 2 7 1 2 7 0 2 7 1 2 7 5 30 3 1 2 7 5 31 3 1 2 7 0 2 7 0 2 7 0 2 7 0 2 7 0 2 7 1 2 7 16 24 2 0 2 7 0 59.9419176578521729
1 2 7 1 2 7 17 18 2 17 9 2 13 6 3 1 2 7 0 2 7 0 2 7 1 2 7 1 2 7 17 9 2 0 2 7 17 9 2 0 2 7 1 2 7 1 2 7 1 2 7 5 31 3 17 18 2 0 2 7 17 9 2 1 2 7 0 2 7 0 2 7 1 2 7 0 2 7 0 2 7 0 2 7 0 2 7 0 2 7 0 2 3 0 2 7 13 6 3 1 2 4 0 2 7 12 16 2 1 2 7 1 2 7 5 31 3 0 2 7 1 2 7 0 2 7 0 2 7 0 2 7 1 2 7 1 2 7 0 2 7 1 2 7 5 30 3 1 2 7 5 31 3 1 2 7 0 2 7 0 2 7 0 2 7 0 2 7 0 2 7 1 2 7 16 24 2 0 2 7 0 59.9419176578521729
1 2 7 1 2 7 17 18 2 17 9 2 13 6 3 1 2 7 0 2 7 0 2 7 1 2 7 1 2 7 17 9 2 0 2 7 17 9 2 0 2 7 1 2 7 1 2 7 1 2 7 5 31 3 17 18 2 0 2 7 17 9 2 1 2 7 0 2 7 0 2 7 1 2 7 0 2 7 0 2 7 0 2 7 0 2 7 0 2 7 0 2 3 0 2 7 13 6 3 1 2 4 0 2 7 12 16 2 1 2 7 1 2 7 5 31 3 0 2 7 1 2 7 0 2 7 0 2 7 0 2 7 1 2 7 1 2 7 0 2 7 1 2 7 5 30 3 1 2 7 5 31 3 1 2 7 0 2 7 0 2 7 0 2 7 0 2 7 0 2 7 1 2 7 16 24 2 0 2 7 0 59.9419176578521729
1 2 7 1 2 7 17 18 2 17 9 2 13 6 3 1 2 7 0 2 7 0 2 7 1 2 7 1 2 7 17 9 2 0 2 7 17 9 2 0 2 7 1 2 7 1 2 7 1 2 7 5 31 3 17 18 2 0 2 7 17 9 2 1 2 7 0 2 7 0 2 7 1 2 7 0 2 7 0 2 7 0 2 7 0 2 7 0 2 7 0 2 3 0 2 7 13 6 3 1 2 4 0 2 7 12 16 2 1 2 7 1 2 7 5 31 3 0 2 7 1 2 7 0 2 7 0 2 7 0 2 7 1 2 7 1 2 7 0 2 7 1 2 7 5 30 3 1 2 7 5 31 3 1 2 7 0 2 7 0 2 7 0 2 7 0 2 7 0 2 7 1 2 7 16 24 2 0 2 7 0 59.9419176578521729
1 2 7 1 2 7 17 18 2 17 9 2 13 6 3 1 2 7 0 2 7 0 2 7 1 2 7 1 2 7 17 9 2 0 2 7 17 9 2 0 2 7 1 2 7 1 2 7 1 2 7 5 31 3 17 18 2 0 2 7 17 9 2 1 2 7 0 2 7 0 2 7 1 2 7 0 2 7 0 2 7 0 2 7 0 2 7 0 2 7 0 2 3 0 2 7 13 6 3 1 2 4 0 2 7 12 16 2 1 2 7 1 2 7 5 31 3 0 2 7 1 2 7 0 2 7 0 2 7 0 2 7 1 2 7 1 2 7 0 2 7 1 2 7 5 30 3 1 2 7 5 31 3 1 2 7 0 2 7 0 2 7 0 2 7 0 2 7 0 2 7 1 2 7 16 24 2 0 2 7 0 59.9419176578521729
1 2 7 1 2 7 17 18 2 17 9 2 13 6 3 1 2 7 0 2 7 0 2 7 1 2 7 1 2 7 17 9 2 0 2 7 17 9 2 0 2 7 1 2 7 1 2 7 1 2 7 5 31 3 17 18 2 0 2 7 17 9 2 1 2 7 0 2 7 0 2 7 1 2 7 0 2 7 0 2 7 0 2 7 0 2 7 0 2 7 0 2 3 0 2 7 13 6 3 1 2 4 0 2 7 12 16 2 1 2 7 1 2 7 5 31 3 0 2 7 1 2 7 0 2 7 0 2 7 0 2 7 1 2 7 1 2 7 0 2 7 1 2 7 5 30 3 1 2 7 5 31 3 1 2 7 0 2 7 0 2 7 0 2 7 0 2 7 0 2 7 1 2 7 16 24 2 0 2 7 0 59.9419176578521729
1 2 7 1 2 7 17 18 2 17 9 2 13 6 3 1 2 7 0 2 7 0 2 7 1 2 7 1 2 7 17 9 2 0 2 7 17 9 2 0 2 7 1 2 7 1 2 7 1 2 7 5 31 3 17 18 2 0 2 7 17 9 2 1 2 7 0 2 7 0 2 7 1 2 7 0 2 7 0 2 7 0 2 7 0 2 7 0 2 7 0 2 3 0 2 7 13 6 3 1 2 4 0 2 7 12 16 2 1 2 7 1 2 7 5 31 3 0 2 7 1 2 7 0 2 7 0 2 7 0 2 7 1 2 7 1 2 7 0 2 7 1 2 7 5 30 3 1 2 7 5 31 3 1 2 7 0 2 7 0 2 7 0 2 7 0 2 7 0 2 7 1 2 7 16 24 2 0 2 7 0 59.9419176578521729
1 2 7 1 2 7 17 18 2 17 9 2 13 6 3 1 2 7 0 2 7 0 2 7 1 2 7 1 2 7 17 9 2 0 2 7 17 9 2 0 2 7 1 2 7 1 2 7 1 2 7 5 31 3 17 18 2 0 2 7 17 9 2 1 2 7 0 2 7 0 2 7 1 2 7 0 2 7 0 2 7 0 2 7 0 2 7 0 2 7 0 2 3 0 2 7 13 6 3 1 2 4 0 2 7 12 16 2 1 2 7 1 2 7 5 31 3 0 2 7 1 2 7 0 2 7 0 2 7 0 2 7 1 2 7 1 2 7 0 2 7 1 2 7 5 30 3 1 2 7 5 31 3 1 2 7 0 2 7 0 2 7 0 2 7 0 2 7 0 2 7 1 2 7 16 24 2 0 2 7 0 59.9419176578521729

Current Evaluation = 13500(13500)
Front Size = 10
1 2 7 1 2 7 17 18 2 17 9 2 13 6 3 1 2 7 0 2 7 0 2 7 1 2 7 1 2 7 17 9 2 0 2 7 17 9 2 0 2 7 1 2 7 1 2 7 1 2 7 5 31 3 17 18 2 0 2 7 17 9 2 1 2 7 0 2 7 0 2 7 1 2 7 0 2 7 0 2 7 0 2 7 0 2 7 0 2 7 0 2 3 0 2 7 13 6 3 1 2 4 0 2 7 12 16 2 1 2 7 1 2 7 5 31 3 0 2 7 1 2 7 0 2 7 0 2 7 0 2 7 1 2 7 1 2 7 0 2 7 1 2 7 5 30 3 1 2 7 5 31 3 1 2 7 0 2 7 0 2 7 0 2 7 0 2 7 0 2 7 1 2 7 16 24 2 0 2 7 0 59.9419176578521729
1 2 7 1 2 7 17 18 2 17 9 2 13 6 3 1 2 7 0 2 7 0 2 7 1 2 7 1 2 7 17 9 2 0 2 7 17 9 2 0 2 7 1 2 7 1 2 7 1 2 7 5 31 3 17 18 2 0 2 7 17 9 2 1 2 7 0 2 7 0 2 7 1 2 7 0 2 7 0 2 7 0 2 7 0 2 7 0 2 7 0 2 3 0 2 7 13 6 3 1 2 4 0 2 7 12 16 2 1 2 7 1 2 7 5 31 3 0 2 7 1 2 7 0 2 7 0 2 7 0 2 7 1 2 7 1 2 7 0 2 7 1 2 7 5 30 3 1 2 7 5 31 3 1 2 7 0 2 7 0 2 7 0 2 7 0 2 7 0 2 7 1 2 7 16 24 2 0 2 7 0 59.9419176578521729
1 2 7 1 2 7 17 18 2 17 9 2 13 6 3 1 2 7 0 2 7 0 2 7 1 2 7 1 2 7 17 9 2 0 2 7 17 9 2 0 2 7 1 2 7 1 2 7 1 2 7 5 31 3 17 18 2 0 2 7 17 9 2 1 2 7 0 2 7 0 2 7 1 2 7 0 2 7 0 2 7 0 2 7 0 2 7 0 2 7 0 2 3 0 2 7 13 6 3 1 2 4 0 2 7 12 16 2 1 2 7 1 2 7 5 31 3 0 2 7 1 2 7 0 2 7 0 2 7 0 2 7 1 2 7 1 2 7 0 2 7 1 2 7 5 30 3 1 2 7 5 31 3 1 2 7 0 2 7 0 2 7 0 2 7 0 2 7 0 2 7 1 2 7 16 24 2 0 2 7 0 59.9419176578521729
1 2 7 1 2 7 17 18 2 17 9 2 13 6 3 1 2 7 0 2 7 0 2 7 1 2 7 1 2 7 17 9 2 0 2 7 17 9 2 0 2 7 1 2 7 1 2 7 1 2 7 5 31 3 17 18 2 0 2 7 17 9 2 1 2 7 0 2 7 0 2 7 1 2 7 0 2 7 0 2 7 0 2 7 0 2 7 0 2 7 0 2 3 0 2 7 13 6 3 1 2 4 0 2 7 12 16 2 1 2 7 1 2 7 5 31 3 0 2 7 1 2 7 0 2 7 0 2 7 0 2 7 1 2 7 1 2 7 0 2 7 1 2 7 5 30 3 1 2 7 5 31 3 1 2 7 0 2 7 0 2 7 0 2 7 0 2 7 0 2 7 1 2 7 16 24 2 0 2 7 0 59.9419176578521729
1 2 7 1 2 7 17 18 2 17 9 2 13 6 3 1 2 7 0 2 7 0 2 7 1 2 7 1 2 7 17 9 2 0 2 7 17 9 2 0 2 7 1 2 7 1 2 7 1 2 7 5 31 3 17 18 2 0 2 7 17 9 2 1 2 7 0 2 7 0 2 7 1 2 7 0 2 7 0 2 7 0 2 7 0 2 7 0 2 7 0 2 3 0 2 7 13 6 3 1 2 4 0 2 7 12 16 2 1 2 7 1 2 7 5 31 3 0 2 7 1 2 7 0 2 7 0 2 7 0 2 7 1 2 7 1 2 7 0 2 7 1 2 7 5 30 3 1 2 7 5 31 3 1 2 7 0 2 7 0 2 7 0 2 7 0 2 7 0 2 7 1 2 7 16 24 2 0 2 7 0 59.9419176578521729
1 2 7 1 2 7 17 18 2 17 9 2 13 6 3 1 2 7 0 2 7 0 2 7 1 2 7 1 2 7 17 9 2 0 2 7 17 9 2 0 2 7 1 2 7 1 2 7 1 2 7 5 31 3 17 18 2 0 2 7 17 9 2 1 2 7 0 2 7 0 2 7 1 2 7 0 2 7 0 2 7 0 2 7 0 2 7 0 2 7 0 2 3 0 2 7 13 6 3 1 2 4 0 2 7 12 16 2 1 2 7 1 2 7 5 31 3 0 2 7 1 2 7 0 2 7 0 2 7 0 2 7 1 2 7 1 2 7 0 2 7 1 2 7 5 30 3 1 2 7 5 31 3 1 2 7 0 2 7 0 2 7 0 2 7 0 2 7 0 2 7 1 2 7 16 24 2 0 2 7 0 59.9419176578521729
1 2 7 1 2 7 17 18 2 17 9 2 13 6 3 1 2 7 0 2 7 0 2 7 1 2 7 1 2 7 17 9 2 0 2 7 17 9 2 0 2 7 1 2 7 1 2 7 1 2 7 5 31 3 17 18 2 0 2 7 17 9 2 1 2 7 0 2 7 0 2 7 1 2 7 0 2 7 0 2 7 0 2 7 0 2 7 0 2 7 0 2 3 0 2 7 13 6 3 1 2 4 0 2 7 12 16 2 1 2 7 1 2 7 5 31 3 0 2 7 1 2 7 0 2 7 0 2 7 0 2 7 1 2 7 1 2 7 0 2 7 1 2 7 5 30 3 1 2 7 5 31 3 1 2 7 0 2 7 0 2 7 0 2 7 0 2 7 0 2 7 1 2 7 16 24 2 0 2 7 0 59.9419176578521729
1 2 7 1 2 7 17 18 2 17 9 2 13 6 3 1 2 7 0 2 7 0 2 7 1 2 7 1 2 7 17 9 2 0 2 7 17 9 2 0 2 7 1 2 7 1 2 7 1 2 7 5 31 3 17 18 2 0 2 7 17 9 2 1 2 7 0 2 7 0 2 7 1 2 7 0 2 7 0 2 7 0 2 7 0 2 7 0 2 7 0 2 3 0 2 7 13 6 3 1 2 4 0 2 7 12 16 2 1 2 7 1 2 7 5 31 3 0 2 7 1 2 7 0 2 7 0 2 7 0 2 7 1 2 7 1 2 7 0 2 7 1 2 7 5 30 3 1 2 7 5 31 3 1 2 7 0 2 7 0 2 7 0 2 7 0 2 7 0 2 7 1 2 7 16 24 2 0 2 7 0 59.9419176578521729
1 2 7 1 2 7 17 18 2 17 9 2 13 6 3 1 2 7 0 2 7 0 2 7 1 2 7 1 2 7 17 9 2 0 2 7 17 9 2 0 2 7 1 2 7 1 2 7 1 2 7 5 31 3 17 18 2 0 2 7 17 9 2 1 2 7 0 2 7 0 2 7 1 2 7 0 2 7 0 2 7 0 2 7 0 2 7 0 2 7 0 2 3 0 2 7 13 6 3 1 2 4 0 2 7 12 16 2 1 2 7 1 2 7 5 31 3 0 2 7 1 2 7 0 2 7 0 2 7 0 2 7 1 2 7 1 2 7 0 2 7 1 2 7 5 30 3 1 2 7 5 31 3 1 2 7 0 2 7 0 2 7 0 2 7 0 2 7 0 2 7 1 2 7 16 24 2 0 2 7 0 59.9419176578521729
1 2 7 1 2 7 17 18 2 17 9 2 13 6 3 1 2 7 0 2 7 0 2 7 1 2 7 1 2 7 17 9 2 0 2 7 17 9 2 0 2 7 1 2 7 1 2 7 1 2 7 5 31 3 17 18 2 0 2 7 17 9 2 1 2 7 0 2 7 0 2 7 1 2 7 0 2 7 0 2 7 0 2 7 0 2 7 0 2 7 0 2 3 0 2 7 13 6 3 1 2 4 0 2 7 12 16 2 1 2 7 1 2 7 5 31 3 0 2 7 1 2 7 0 2 7 0 2 7 0 2 7 1 2 7 1 2 7 0 2 7 1 2 7 5 30 3 1 2 7 5 31 3 1 2 7 0 2 7 0 2 7 0 2 7 0 2 7 0 2 7 1 2 7 16 24 2 0 2 7 0 59.9419176578521729

Current Evaluation = 14400(14400)
Front Size = 10
1 2 7 1 2 7 17 18 2 17 9 2 13 6 3 1 2 7 0 2 7 0 2 7 1 2 7 1 2 7 17 9 2 0 2 7 17 9 2 0 2 7 1 2 7 1 2 7 1 2 7 5 31 3 17 18 2 0 2 7 17 9 2 1 2 7 0 2 7 0 2 7 1 2 7 0 2 7 0 2 7 0 2 7 0 2 7 0 2 7 0 2 3 0 2 7 13 6 3 1 2 4 0 2 7 12 16 2 1 2 7 1 2 7 5 31 3 0 2 7 1 2 7 0 2 7 0 2 7 0 2 7 1 2 7 1 2 7 0 2 7 1 2 7 5 30 3 1 2 7 5 31 3 1 2 7 0 2 7 0 2 7 0 2 7 0 2 7 0 2 7 1 2 7 16 24 2 0 2 7 0 59.9419176578521729
1 2 7 1 2 7 17 18 2 17 9 2 13 6 3 1 2 7 0 2 7 0 2 7 1 2 7 1 2 7 17 9 2 0 2 7 17 9 2 0 2 7 1 2 7 1 2 7 1 2 7 5 31 3 17 18 2 0 2 7 17 9 2 1 2 7 0 2 7 0 2 7 1 2 7 0 2 7 0 2 7 0 2 7 0 2 7 0 2 7 0 2 3 0 2 7 13 6 3 1 2 4 0 2 7 12 16 2 1 2 7 1 2 7 5 31 3 0 2 7 1 2 7 0 2 7 0 2 7 0 2 7 1 2 7 1 2 7 0 2 7 1 2 7 5 30 3 1 2 7 5 31 3 1 2 7 0 2 7 0 2 7 0 2 7 0 2 7 0 2 7 1 2 7 16 24 2 0 2 7 0 59.9419176578521729
1 2 7 1 2 7 17 18 2 17 9 2 13 6 3 1 2 7 0 2 7 0 2 7 1 2 7 1 2 7 17 9 2 0 2 7 17 9 2 0 2 7 1 2 7 1 2 7 1 2 7 5 31 3 17 18 2 0 2 7 17 9 2 1 2 7 0 2 7 0 2 7 1 2 7 0 2 7 0 2 7 0 2 7 0 2 7 0 2 7 0 2 3 0 2 7 13 6 3 1 2 4 0 2 7 12 16 2 1 2 7 1 2 7 5 31 3 0 2 7 1 2 7 0 2 7 0 2 7 0 2 7 1 2 7 1 2 7 0 2 7 1 2 7 5 30 3 1 2 7 5 31 3 1 2 7 0 2 7 0 2 7 0 2 7 0 2 7 0 2 7 1 2 7 16 24 2 0 2 7 0 59.9419176578521729
1 2 7 1 2 7 17 18 2 17 9 2 13 6 3 1 2 7 0 2 7 0 2 7 1 2 7 1 2 7 17 9 2 0 2 7 17 9 2 0 2 7 1 2 7 1 2 7 1 2 7 5 31 3 17 18 2 0 2 7 17 9 2 1 2 7 0 2 7 0 2 7 1 2 7 0 2 7 0 2 7 0 2 7 0 2 7 0 2 7 0 2 3 0 2 7 13 6 3 1 2 4 0 2 7 12 16 2 1 2 7 1 2 7 5 31 3 0 2 7 1 2 7 0 2 7 0 2 7 0 2 7 1 2 7 1 2 7 0 2 7 1 2 7 5 30 3 1 2 7 5 31 3 1 2 7 0 2 7 0 2 7 0 2 7 0 2 7 0 2 7 1 2 7 16 24 2 0 2 7 0 59.9419176578521729
1 2 7 1 2 7 17 18 2 17 9 2 13 6 3 1 2 7 0 2 7 0 2 7 1 2 7 1 2 7 17 9 2 0 2 7 17 9 2 0 2 7 1 2 7 1 2 7 1 2 7 5 31 3 17 18 2 0 2 7 17 9 2 1 2 7 0 2 7 0 2 7 1 2 7 0 2 7 0 2 7 0 2 7 0 2 7 0 2 7 0 2 3 0 2 7 13 6 3 1 2 4 0 2 7 12 16 2 1 2 7 1 2 7 5 31 3 0 2 7 1 2 7 0 2 7 0 2 7 0 2 7 1 2 7 1 2 7 0 2 7 1 2 7 5 30 3 1 2 7 5 31 3 1 2 7 0 2 7 0 2 7 0 2 7 0 2 7 0 2 7 1 2 7 16 24 2 0 2 7 0 59.9419176578521729
1 2 7 1 2 7 17 18 2 17 9 2 13 6 3 1 2 7 0 2 7 0 2 7 1 2 7 1 2 7 17 9 2 0 2 7 17 9 2 0 2 7 1 2 7 1 2 7 1 2 7 5 31 3 17 18 2 0 2 7 17 9 2 1 2 7 0 2 7 0 2 7 1 2 7 0 2 7 0 2 7 0 2 7 0 2 7 0 2 7 0 2 3 0 2 7 13 6 3 1 2 4 0 2 7 12 16 2 1 2 7 1 2 7 5 31 3 0 2 7 1 2 7 0 2 7 0 2 7 0 2 7 1 2 7 1 2 7 0 2 7 1 2 7 5 30 3 1 2 7 5 31 3 1 2 7 0 2 7 0 2 7 0 2 7 0 2 7 0 2 7 1 2 7 16 24 2 0 2 7 0 59.9419176578521729
1 2 7 1 2 7 17 18 2 17 9 2 13 6 3 1 2 7 0 2 7 0 2 7 1 2 7 1 2 7 17 9 2 0 2 7 17 9 2 0 2 7 1 2 7 1 2 7 1 2 7 5 31 3 17 18 2 0 2 7 17 9 2 1 2 7 0 2 7 0 2 7 1 2 7 0 2 7 0 2 7 0 2 7 0 2 7 0 2 7 0 2 3 0 2 7 13 6 3 1 2 4 0 2 7 12 16 2 1 2 7 1 2 7 5 31 3 0 2 7 1 2 7 0 2 7 0 2 7 0 2 7 1 2 7 1 2 7 0 2 7 1 2 7 5 30 3 1 2 7 5 31 3 1 2 7 0 2 7 0 2 7 0 2 7 0 2 7 0 2 7 1 2 7 16 24 2 0 2 7 0 59.9419176578521729
1 2 7 1 2 7 17 18 2 17 9 2 13 6 3 1 2 7 0 2 7 0 2 7 1 2 7 1 2 7 17 9 2 0 2 7 17 9 2 0 2 7 1 2 7 1 2 7 1 2 7 5 31 3 17 18 2 0 2 7 17 9 2 1 2 7 0 2 7 0 2 7 1 2 7 0 2 7 0 2 7 0 2 7 0 2 7 0 2 7 0 2 3 0 2 7 13 6 3 1 2 4 0 2 7 12 16 2 1 2 7 1 2 7 5 31 3 0 2 7 1 2 7 0 2 7 0 2 7 0 2 7 1 2 7 1 2 7 0 2 7 1 2 7 5 30 3 1 2 7 5 31 3 1 2 7 0 2 7 0 2 7 0 2 7 0 2 7 0 2 7 1 2 7 16 24 2 0 2 7 0 59.9419176578521729
1 2 7 1 2 7 17 18 2 17 9 2 13 6 3 1 2 7 0 2 7 0 2 7 1 2 7 1 2 7 17 9 2 0 2 7 17 9 2 0 2 7 1 2 7 1 2 7 1 2 7 5 31 3 17 18 2 0 2 7 17 9 2 1 2 7 0 2 7 0 2 7 1 2 7 0 2 7 0 2 7 0 2 7 0 2 7 0 2 7 0 2 3 0 2 7 13 6 3 1 2 4 0 2 7 12 16 2 1 2 7 1 2 7 5 31 3 0 2 7 1 2 7 0 2 7 0 2 7 0 2 7 1 2 7 1 2 7 0 2 7 1 2 7 5 30 3 1 2 7 5 31 3 1 2 7 0 2 7 0 2 7 0 2 7 0 2 7 0 2 7 1 2 7 16 24 2 0 2 7 0 59.9419176578521729
1 2 7 1 2 7 17 18 2 17 9 2 13 6 3 1 2 7 0 2 7 0 2 7 1 2 7 1 2 7 17 9 2 0 2 7 17 9 2 0 2 7 1 2 7 1 2 7 1 2 7 5 31 3 17 18 2 0 2 7 17 9 2 1 2 7 0 2 7 0 2 7 1 2 7 0 2 7 0 2 7 0 2 7 0 2 7 0 2 7 0 2 3 0 2 7 13 6 3 1 2 4 0 2 7 12 16 2 1 2 7 1 2 7 5 31 3 0 2 7 1 2 7 0 2 7 0 2 7 0 2 7 1 2 7 1 2 7 0 2 7 1 2 7 5 30 3 1 2 7 5 31 3 1 2 7 0 2 7 0 2 7 0 2 7 0 2 7 0 2 7 1 2 7 16 24 2 0 2 7 0 59.9419176578521729

Current Evaluation = 15300(15300)
Front Size = 10
1 2 7 1 2 7 17 18 2 17 9 2 13 6 3 1 2 7 0 2 7 0 2 7 1 2 7 1 2 7 17 9 2 0 2 7 17 9 2 0 2 7 1 2 7 1 2 7 1 2 7 5 31 3 17 18 2 0 2 7 17 9 2 1 2 7 0 2 7 0 2 7 1 2 7 0 2 7 0 2 7 0 2 7 0 2 7 0 2 7 0 2 3 0 2 7 13 6 3 1 2 4 0 2 7 12 16 2 1 2 7 1 2 7 5 31 3 0 2 7 1 2 7 0 2 7 0 2 7 0 2 7 1 2 7 1 2 7 0 2 7 1 2 7 5 30 3 1 2 7 5 31 3 1 2 7 0 2 7 0 2 7 0 2 7 0 2 7 0 2 7 1 2 7 16 24 2 0 2 7 0 59.9419176578521729
1 2 7 1 2 7 17 18 2 17 9 2 13 6 3 1 2 7 0 2 7 0 2 7 1 2 7 1 2 7 17 9 2 0 2 7 17 9 2 0 2 7 1 2 7 1 2 7 1 2 7 5 31 3 17 18 2 0 2 7 17 9 2 1 2 7 0 2 7 0 2 7 1 2 7 0 2 7 0 2 7 0 2 7 0 2 7 0 2 7 0 2 3 0 2 7 13 6 3 1 2 4 0 2 7 12 16 2 1 2 7 1 2 7 5 31 3 0 2 7 1 2 7 0 2 7 0 2 7 0 2 7 1 2 7 1 2 7 0 2 7 1 2 7 5 30 3 1 2 7 5 31 3 1 2 7 0 2 7 0 2 7 0 2 7 0 2 7 0 2 7 1 2 7 16 24 2 0 2 7 0 59.9419176578521729
1 2 7 1 2 7 17 18 2 17 9 2 13 6 3 1 2 7 0 2 7 0 2 7 1 2 7 1 2 7 17 9 2 0 2 7 17 9 2 0 2 7 1 2 7 1 2 7 1 2 7 5 31 3 17 18 2 0 2 7 17 9 2 1 2 7 0 2 7 0 2 7 1 2 7 0 2 7 0 2 7 0 2 7 0 2 7 0 2 7 0 2 3 0 2 7 13 6 3 1 2 4 0 2 7 12 16 2 1 2 7 1 2 7 5 31 3 0 2 7 1 2 7 0 2 7 0 2 7 0 2 7 1 2 7 1 2 7 0 2 7 1 2 7 5 30 3 1 2 7 5 31 3 1 2 7 0 2 7 0 2 7 0 2 7 0 2 7 0 2 7 1 2 7 16 24 2 0 2 7 0 59.9419176578521729
1 2 7 1 2 7 17 18 2 17 9 2 13 6 3 1 2 7 0 2 7 0 2 7 1 2 7 1 2 7 17 9 2 0 2 7 17 9 2 0 2 7 1 2 7 1 2 7 1 2 7 5 31 3 17 18 2 0 2 7 17 9 2 1 2 7 0 2 7 0 2 7 1 2 7 0 2 7 0 2 7 0 2 7 0 2 7 0 2 7 0 2 3 0 2 7 13 6 3 1 2 4 0 2 7 12 16 2 1 2 7 1 2 7 5 31 3 0 2 7 1 2 7 0 2 7 0 2 7 0 2 7 1 2 7 1 2 7 0 2 7 1 2 7 5 30 3 1 2 7 5 31 3 1 2 7 0 2 7 0 2 7 0 2 7 0 2 7 0 2 7 1 2 7 16 24 2 0 2 7 0 59.9419176578521729
1 2 7 1 2 7 17 18 2 17 9 2 13 6 3 1 2 7 0 2 7 0 2 7 1 2 7 1 2 7 17 9 2 0 2 7 17 9 2 0 2 7 1 2 7 1 2 7 1 2 7 5 31 3 17 18 2 0 2 7 17 9 2 1 2 7 0 2 7 0 2 7 1 2 7 0 2 7 0 2 7 0 2 7 0 2 7 0 2 7 0 2 3 0 2 7 13 6 3 1 2 4 0 2 7 12 16 2 1 2 7 1 2 7 5 31 3 0 2 7 1 2 7 0 2 7 0 2 7 0 2 7 1 2 7 1 2 7 0 2 7 1 2 7 5 30 3 1 2 7 5 31 3 1 2 7 0 2 7 0 2 7 0 2 7 0 2 7 0 2 7 1 2 7 16 24 2 0 2 7 0 59.9419176578521729
1 2 7 1 2 7 17 18 2 17 9 2 13 6 3 1 2 7 0 2 7 0 2 7 1 2 7 1 2 7 17 9 2 0 2 7 17 9 2 0 2 7 1 2 7 1 2 7 1 2 7 5 31 3 17 18 2 0 2 7 17 9 2 1 2 7 0 2 7 0 2 7 1 2 7 0 2 7 0 2 7 0 2 7 0 2 7 0 2 7 0 2 3 0 2 7 13 6 3 1 2 4 0 2 7 12 16 2 1 2 7 1 2 7 5 31 3 0 2 7 1 2 7 0 2 7 0 2 7 0 2 7 1 2 7 1 2 7 0 2 7 1 2 7 5 30 3 1 2 7 5 31 3 1 2 7 0 2 7 0 2 7 0 2 7 0 2 7 0 2 7 1 2 7 16 24 2 0 2 7 0 59.9419176578521729
1 2 7 1 2 7 17 18 2 17 9 2 13 6 3 1 2 7 0 2 7 0 2 7 1 2 7 1 2 7 17 9 2 0 2 7 17 9 2 0 2 7 1 2 7 1 2 7 1 2 7 5 31 3 17 18 2 0 2 7 17 9 2 1 2 7 0 2 7 0 2 7 1 2 7 0 2 7 0 2 7 0 2 7 0 2 7 0 2 7 0 2 3 0 2 7 13 6 3 1 2 4 0 2 7 12 16 2 1 2 7 1 2 7 5 31 3 0 2 7 1 2 7 0 2 7 0 2 7 0 2 7 1 2 7 1 2 7 0 2 7 1 2 7 5 30 3 1 2 7 5 31 3 1 2 7 0 2 7 0 2 7 0 2 7 0 2 7 0 2 7 1 2 7 16 24 2 0 2 7 0 59.9419176578521729
1 2 7 1 2 7 17 18 2 17 9 2 13 6 3 1 2 7 0 2 7 0 2 7 1 2 7 1 2 7 17 9 2 0 2 7 17 9 2 0 2 7 1 2 7 1 2 7 1 2 7 5 31 3 17 18 2 0 2 7 17 9 2 1 2 7 0 2 7 0 2 7 1 2 7 0 2 7 0 2 7 0 2 7 0 2 7 0 2 7 0 2 3 0 2 7 13 6 3 1 2 4 0 2 7 12 16 2 1 2 7 1 2 7 5 31 3 0 2 7 1 2 7 0 2 7 0 2 7 0 2 7 1 2 7 1 2 7 0 2 7 1 2 7 5 30 3 1 2 7 5 31 3 1 2 7 0 2 7 0 2 7 0 2 7 0 2 7 0 2 7 1 2 7 16 24 2 0 2 7 0 59.9419176578521729
1 2 7 1 2 7 17 18 2 17 9 2 13 6 3 1 2 7 0 2 7 0 2 7 1 2 7 1 2 7 17 9 2 0 2 7 17 9 2 0 2 7 1 2 7 1 2 7 1 2 7 5 31 3 17 18 2 0 2 7 17 9 2 1 2 7 0 2 7 0 2 7 1 2 7 0 2 7 0 2 7 0 2 7 0 2 7 0 2 7 0 2 3 0 2 7 13 6 3 1 2 4 0 2 7 12 16 2 1 2 7 1 2 7 5 31 3 0 2 7 1 2 7 0 2 7 0 2 7 0 2 7 1 2 7 1 2 7 0 2 7 1 2 7 5 30 3 1 2 7 5 31 3 1 2 7 0 2 7 0 2 7 0 2 7 0 2 7 0 2 7 1 2 7 16 24 2 0 2 7 0 59.9419176578521729
1 2 7 1 2 7 17 18 2 17 9 2 13 6 3 1 2 7 0 2 7 0 2 7 1 2 7 1 2 7 17 9 2 0 2 7 17 9 2 0 2 7 1 2 7 1 2 7 1 2 7 5 31 3 17 18 2 0 2 7 17 9 2 1 2 7 0 2 7 0 2 7 1 2 7 0 2 7 0 2 7 0 2 7 0 2 7 0 2 7 0 2 3 0 2 7 13 6 3 1 2 4 0 2 7 12 16 2 1 2 7 1 2 7 5 31 3 0 2 7 1 2 7 0 2 7 0 2 7 0 2 7 1 2 7 1 2 7 0 2 7 1 2 7 5 30 3 1 2 7 5 31 3 1 2 7 0 2 7 0 2 7 0 2 7 0 2 7 0 2 7 1 2 7 16 24 2 0 2 7 0 59.9419176578521729

Current Evaluation = 16200(16200)
Front Size = 10
1 2 7 1 2 7 17 18 2 17 9 2 13 6 3 1 2 7 0 2 7 0 2 7 1 2 7 1 2 7 17 9 2 0 2 7 17 9 2 0 2 7 1 2 7 1 2 7 1 2 7 5 31 3 17 18 2 0 2 7 17 9 2 1 2 7 0 2 7 0 2 7 1 2 7 0 2 7 0 2 7 0 2 7 0 2 7 0 2 7 0 2 3 0 2 7 13 6 3 1 2 4 0 2 7 12 16 2 1 2 7 1 2 7 5 31 3 0 2 7 1 2 7 0 2 7 0 2 7 0 2 7 1 2 7 1 2 7 0 2 7 1 2 7 5 30 3 1 2 7 5 31 3 1 2 7 0 2 7 0 2 7 0 2 7 0 2 7 0 2 7 1 2 7 16 24 2 0 2 7 0 59.9419176578521729
1 2 7 1 2 7 17 18 2 17 9 2 13 6 3 1 2 7 0 2 7 0 2 7 1 2 7 1 2 7 17 9 2 0 2 7 17 9 2 0 2 7 1 2 7 1 2 7 1 2 7 5 31 3 17 18 2 0 2 7 17 9 2 1 2 7 0 2 7 0 2 7 1 2 7 0 2 7 0 2 7 0 2 7 0 2 7 0 2 7 0 2 3 0 2 7 13 6 3 1 2 4 0 2 7 12 16 2 1 2 7 1 2 7 5 31 3 0 2 7 1 2 7 0 2 7 0 2 7 0 2 7 1 2 7 1 2 7 0 2 7 1 2 7 5 30 3 1 2 7 5 31 3 1 2 7 0 2 7 0 2 7 0 2 7 0 2 7 0 2 7 1 2 7 16 24 2 0 2 7 0 59.9419176578521729
1 2 7 1 2 7 17 18 2 17 9 2 13 6 3 1 2 7 0 2 7 0 2 7 1 2 7 1 2 7 17 9 2 0 2 7 17 9 2 0 2 7 1 2 7 1 2 7 1 2 7 5 31 3 17 18 2 0 2 7 17 9 2 1 2 7 0 2 7 0 2 7 1 2 7 0 2 7 0 2 7 0 2 7 0 2 7 0 2 7 0 2 3 0 2 7 13 6 3 1 2 4 0 2 7 12 16 2 1 2 7 1 2 7 5 31 3 0 2 7 1 2 7 0 2 7 0 2 7 0 2 7 1 2 7 1 2 7 0 2 7 1 2 7 5 30 3 1 2 7 5 31 3 1 2 7 0 2 7 0 2 7 0 2 7 0 2 7 0 2 7 1 2 7 16 24 2 0 2 7 0 59.9419176578521729
1 2 7 1 2 7 17 18 2 17 9 2 13 6 3 1 2 7 0 2 7 0 2 7 1 2 7 1 2 7 17 9 2 0 2 7 17 9 2 0 2 7 1 2 7 1 2 7 1 2 7 5 31 3 17 18 2 0 2 7 17 9 2 1 2 7 0 2 7 0 2 7 1 2 7 0 2 7 0 2 7 0 2 7 0 2 7 0 2 7 0 2 3 0 2 7 13 6 3 1 2 4 0 2 7 12 16 2 1 2 7 1 2 7 5 31 3 0 2 7 1 2 7 0 2 7 0 2 7 0 2 7 1 2 7 1 2 7 0 2 7 1 2 7 5 30 3 1 2 7 5 31 3 1 2 7 0 2 7 0 2 7 0 2 7 0 2 7 0 2 7 1 2 7 16 24 2 0 2 7 0 59.9419176578521729
1 2 7 1 2 7 17 18 2 17 9 2 13 6 3 1 2 7 0 2 7 0 2 7 1 2 7 1 2 7 17 9 2 0 2 7 17 9 2 0 2 7 1 2 7 1 2 7 1 2 7 5 31 3 17 18 2 0 2 7 17 9 2 1 2 7 0 2 7 0 2 7 1 2 7 0 2 7 0 2 7 0 2 7 0 2 7 0 2 7 0 2 3 0 2 7 13 6 3 1 2 4 0 2 7 12 16 2 1 2 7 1 2 7 5 31 3 0 2 7 1 2 7 0 2 7 0 2 7 0 2 7 1 2 7 1 2 7 0 2 7 1 2 7 5 30 3 1 2 7 5 31 3 1 2 7 0 2 7 0 2 7 0 2 7 0 2 7 0 2 7 1 2 7 16 24 2 0 2 7 0 59.9419176578521729
1 2 7 1 2 7 17 18 2 17 9 2 13 6 3 1 2 7 0 2 7 0 2 7 1 2 7 1 2 7 17 9 2 0 2 7 17 9 2 0 2 7 1 2 7 1 2 7 1 2 7 5 31 3 17 18 2 0 2 7 17 9 2 1 2 7 0 2 7 0 2 7 1 2 7 0 2 7 0 2 7 0 2 7 0 2 7 0 2 7 0 2 3 0 2 7 13 6 3 1 2 4 0 2 7 12 16 2 1 2 7 1 2 7 5 31 3 0 2 7 1 2 7 0 2 7 0 2 7 0 2 7 1 2 7 1 2 7 0 2 7 1 2 7 5 30 3 1 2 7 5 31 3 1 2 7 0 2 7 0 2 7 0 2 7 0 2 7 0 2 7 1 2 7 16 24 2 0 2 7 0 59.9419176578521729
1 2 7 1 2 7 17 18 2 17 9 2 13 6 3 1 2 7 0 2 7 0 2 7 1 2 7 1 2 7 17 9 2 0 2 7 17 9 2 0 2 7 1 2 7 1 2 7 1 2 7 5 31 3 17 18 2 0 2 7 17 9 2 1 2 7 0 2 7 0 2 7 1 2 7 0 2 7 0 2 7 0 2 7 0 2 7 0 2 7 0 2 3 0 2 7 13 6 3 1 2 4 0 2 7 12 16 2 1 2 7 1 2 7 5 31 3 0 2 7 1 2 7 0 2 7 0 2 7 0 2 7 1 2 7 1 2 7 0 2 7 1 2 7 5 30 3 1 2 7 5 31 3 1 2 7 0 2 7 0 2 7 0 2 7 0 2 7 0 2 7 1 2 7 16 24 2 0 2 7 0 59.9419176578521729
1 2 7 1 2 7 17 18 2 17 9 2 13 6 3 1 2 7 0 2 7 0 2 7 1 2 7 1 2 7 17 9 2 0 2 7 17 9 2 0 2 7 1 2 7 1 2 7 1 2 7 5 31 3 17 18 2 0 2 7 17 9 2 1 2 7 0 2 7 0 2 7 1 2 7 0 2 7 0 2 7 0 2 7 0 2 7 0 2 7 0 2 3 0 2 7 13 6 3 1 2 4 0 2 7 12 16 2 1 2 7 1 2 7 5 31 3 0 2 7 1 2 7 0 2 7 0 2 7 0 2 7 1 2 7 1 2 7 0 2 7 1 2 7 5 30 3 1 2 7 5 31 3 1 2 7 0 2 7 0 2 7 0 2 7 0 2 7 0 2 7 1 2 7 16 24 2 0 2 7 0 59.9419176578521729
1 2 7 1 2 7 17 18 2 17 9 2 13 6 3 1 2 7 0 2 7 0 2 7 1 2 7 1 2 7 17 9 2 0 2 7 17 9 2 0 2 7 1 2 7 1 2 7 1 2 7 5 31 3 17 18 2 0 2 7 17 9 2 1 2 7 0 2 7 0 2 7 1 2 7 0 2 7 0 2 7 0 2 7 0 2 7 0 2 7 0 2 3 0 2 7 13 6 3 1 2 4 0 2 7 12 16 2 1 2 7 1 2 7 5 31 3 0 2 7 1 2 7 0 2 7 0 2 7 0 2 7 1 2 7 1 2 7 0 2 7 1 2 7 5 30 3 1 2 7 5 31 3 1 2 7 0 2 7 0 2 7 0 2 7 0 2 7 0 2 7 1 2 7 16 24 2 0 2 7 0 59.9419176578521729
1 2 7 1 2 7 17 18 2 17 9 2 13 6 3 1 2 7 0 2 7 0 2 7 1 2 7 1 2 7 17 9 2 0 2 7 17 9 2 0 2 7 1 2 7 1 2 7 1 2 7 5 31 3 17 18 2 0 2 7 17 9 2 1 2 7 0 2 7 0 2 7 1 2 7 0 2 7 0 2 7 0 2 7 0 2 7 0 2 7 0 2 3 0 2 7 13 6 3 1 2 4 0 2 7 12 16 2 1 2 7 1 2 7 5 31 3 0 2 7 1 2 7 0 2 7 0 2 7 0 2 7 1 2 7 1 2 7 0 2 7 1 2 7 5 30 3 1 2 7 5 31 3 1 2 7 0 2 7 0 2 7 0 2 7 0 2 7 0 2 7 1 2 7 16 24 2 0 2 7 0 59.9419176578521729

Current Evaluation = 17100(17100)
Front Size = 10
1 2 7 1 2 7 17 18 2 17 9 2 13 6 3 1 2 7 0 2 7 0 2 7 1 2 7 1 2 7 17 9 2 0 2 7 17 9 2 0 2 7 1 2 7 1 2 7 1 2 7 5 31 3 17 18 2 0 2 7 17 9 2 1 2 7 0 2 7 0 2 7 1 2 7 0 2 7 0 2 7 0 2 7 0 2 7 0 2 7 0 2 3 0 2 7 13 6 3 1 2 4 0 2 7 12 16 2 1 2 7 1 2 7 5 31 3 0 2 7 1 2 7 0 2 7 0 2 7 0 2 7 1 2 7 1 2 7 0 2 7 1 2 7 5 30 3 1 2 7 5 31 3 1 2 7 0 2 7 0 2 7 0 2 7 0 2 7 0 2 7 1 2 7 16 24 2 0 2 7 0 59.9419176578521729
1 2 7 1 2 7 17 18 2 17 9 2 13 6 3 1 2 7 0 2 7 0 2 7 1 2 7 1 2 7 17 9 2 0 2 7 17 9 2 0 2 7 1 2 7 1 2 7 1 2 7 5 31 3 17 18 2 0 2 7 17 9 2 1 2 7 0 2 7 0 2 7 1 2 7 0 2 7 0 2 7 0 2 7 0 2 7 0 2 7 0 2 3 0 2 7 13 6 3 1 2 4 0 2 7 12 16 2 1 2 7 1 2 7 5 31 3 0 2 7 1 2 7 0 2 7 0 2 7 0 2 7 1 2 7 1 2 7 0 2 7 1 2 7 5 30 3 1 2 7 5 31 3 1 2 7 0 2 7 0 2 7 0 2 7 0 2 7 0 2 7 1 2 7 16 24 2 0 2 7 0 59.9419176578521729
1 2 7 1 2 7 17 18 2 17 9 2 13 6 3 1 2 7 0 2 7 0 2 7 1 2 7 1 2 7 17 9 2 0 2 7 17 9 2 0 2 7 1 2 7 1 2 7 1 2 7 5 31 3 17 18 2 0 2 7 17 9 2 1 2 7 0 2 7 0 2 7 1 2 7 0 2 7 0 2 7 0 2 7 0 2 7 0 2 7 0 2 3 0 2 7 13 6 3 1 2 4 0 2 7 12 16 2 1 2 7 1 2 7 5 31 3 0 2 7 1 2 7 0 2 7 0 2 7 0 2 7 1 2 7 1 2 7 0 2 7 1 2 7 5 30 3 1 2 7 5 31 3 1 2 7 0 2 7 0 2 7 0 2 7 0 2 7 0 2 7 1 2 7 16 24 2 0 2 7 0 59.9419176578521729
1 2 7 1 2 7 17 18 2 17 9 2 13 6 3 1 2 7 0 2 7 0 2 7 1 2 7 1 2 7 17 9 2 0 2 7 17 9 2 0 2 7 1 2 7 1 2 7 1 2 7 5 31 3 17 18 2 0 2 7 17 9 2 1 2 7 0 2 7 0 2 7 1 2 7 0 2 7 0 2 7 0 2 7 0 2 7 0 2 7 0 2 3 0 2 7 13 6 3 1 2 4 0 2 7 12 16 2 1 2 7 1 2 7 5 31 3 0 2 7 1 2 7 0 2 7 0 2 7 0 2 7 1 2 7 1 2 7 0 2 7 1 2 7 5 30 3 1 2 7 5 31 3 1 2 7 0 2 7 0 2 7 0 2 7 0 2 7 0 2 7 1 2 7 16 24 2 0 2 7 0 59.9419176578521729
1 2 7 1 2 7 17 18 2 17 9 2 13 6 3 1 2 7 0 2 7 0 2 7 1 2 7 1 2 7 17 9 2 0 2 7 17 9 2 0 2 7 1 2 7 1 2 7 1 2 7 5 31 3 17 18 2 0 2 7 17 9 2 1 2 7 0 2 7 0 2 7 1 2 7 0 2 7 0 2 7 0 2 7 0 2 7 0 2 7 0 2 3 0 2 7 13 6 3 1 2 4 0 2 7 12 16 2 1 2 7 1 2 7 5 31 3 0 2 7 1 2 7 0 2 7 0 2 7 0 2 7 1 2 7 1 2 7 0 2 7 1 2 7 5 30 3 1 2 7 5 31 3 1 2 7 0 2 7 0 2 7 0 2 7 0 2 7 0 2 7 1 2 7 16 24 2 0 2 7 0 59.9419176578521729
1 2 7 1 2 7 17 18 2 17 9 2 13 6 3 1 2 7 0 2 7 0 2 7 1 2 7 1 2 7 17 9 2 0 2 7 17 9 2 0 2 7 1 2 7 1 2 7 1 2 7 5 31 3 17 18 2 0 2 7 17 9 2 1 2 7 0 2 7 0 2 7 1 2 7 0 2 7 0 2 7 0 2 7 0 2 7 0 2 7 0 2 3 0 2 7 13 6 3 1 2 4 0 2 7 12 16 2 1 2 7 1 2 7 5 31 3 0 2 7 1 2 7 0 2 7 0 2 7 0 2 7 1 2 7 1 2 7 0 2 7 1 2 7 5 30 3 1 2 7 5 31 3 1 2 7 0 2 7 0 2 7 0 2 7 0 2 7 0 2 7 1 2 7 16 24 2 0 2 7 0 59.9419176578521729
1 2 7 1 2 7 17 18 2 17 9 2 13 6 3 1 2 7 0 2 7 0 2 7 1 2 7 1 2 7 17 9 2 0 2 7 17 9 2 0 2 7 1 2 7 1 2 7 1 2 7 5 31 3 17 18 2 0 2 7 17 9 2 1 2 7 0 2 7 0 2 7 1 2 7 0 2 7 0 2 7 0 2 7 0 2 7 0 2 7 0 2 3 0 2 7 13 6 3 1 2 4 0 2 7 12 16 2 1 2 7 1 2 7 5 31 3 0 2 7 1 2 7 0 2 7 0 2 7 0 2 7 1 2 7 1 2 7 0 2 7 1 2 7 5 30 3 1 2 7 5 31 3 1 2 7 0 2 7 0 2 7 0 2 7 0 2 7 0 2 7 1 2 7 16 24 2 0 2 7 0 59.9419176578521729
1 2 7 1 2 7 17 18 2 17 9 2 13 6 3 1 2 7 0 2 7 0 2 7 1 2 7 1 2 7 17 9 2 0 2 7 17 9 2 0 2 7 1 2 7 1 2 7 1 2 7 5 31 3 17 18 2 0 2 7 17 9 2 1 2 7 0 2 7 0 2 7 1 2 7 0 2 7 0 2 7 0 2 7 0 2 7 0 2 7 0 2 3 0 2 7 13 6 3 1 2 4 0 2 7 12 16 2 1 2 7 1 2 7 5 31 3 0 2 7 1 2 7 0 2 7 0 2 7 0 2 7 1 2 7 1 2 7 0 2 7 1 2 7 5 30 3 1 2 7 5 31 3 1 2 7 0 2 7 0 2 7 0 2 7 0 2 7 0 2 7 1 2 7 16 24 2 0 2 7 0 59.9419176578521729
1 2 7 1 2 7 17 18 2 17 9 2 13 6 3 1 2 7 0 2 7 0 2 7 1 2 7 1 2 7 17 9 2 0 2 7 17 9 2 0 2 7 1 2 7 1 2 7 1 2 7 5 31 3 17 18 2 0 2 7 17 9 2 1 2 7 0 2 7 0 2 7 1 2 7 0 2 7 0 2 7 0 2 7 0 2 7 0 2 7 0 2 3 0 2 7 13 6 3 1 2 4 0 2 7 12 16 2 1 2 7 1 2 7 5 31 3 0 2 7 1 2 7 0 2 7 0 2 7 0 2 7 1 2 7 1 2 7 0 2 7 1 2 7 5 30 3 1 2 7 5 31 3 1 2 7 0 2 7 0 2 7 0 2 7 0 2 7 0 2 7 1 2 7 16 24 2 0 2 7 0 59.9419176578521729
1 2 7 1 2 7 17 18 2 17 9 2 13 6 3 1 2 7 0 2 7 0 2 7 1 2 7 1 2 7 17 9 2 0 2 7 17 9 2 0 2 7 1 2 7 1 2 7 1 2 7 5 31 3 17 18 2 0 2 7 17 9 2 1 2 7 0 2 7 0 2 7 1 2 7 0 2 7 0 2 7 0 2 7 0 2 7 0 2 7 0 2 3 0 2 7 13 6 3 1 2 4 0 2 7 12 16 2 1 2 7 1 2 7 5 31 3 0 2 7 1 2 7 0 2 7 0 2 7 0 2 7 1 2 7 1 2 7 0 2 7 1 2 7 5 30 3 1 2 7 5 31 3 1 2 7 0 2 7 0 2 7 0 2 7 0 2 7 0 2 7 1 2 7 16 24 2 0 2 7 0 59.9419176578521729

Current Evaluation = 18000(18000)
Front Size = 10
1 2 7 1 2 7 17 18 2 17 9 2 13 6 3 1 2 7 0 2 7 0 2 7 1 2 7 1 2 7 17 9 2 0 2 7 17 9 2 0 2 7 1 2 7 1 2 7 1 2 7 5 31 3 17 18 2 0 2 7 17 9 2 1 2 7 0 2 7 0 2 7 1 2 7 0 2 7 0 2 7 0 2 7 0 2 7 0 2 7 0 2 3 0 2 7 13 6 3 1 2 4 0 2 7 12 16 2 1 2 7 1 2 7 5 31 3 0 2 7 1 2 7 0 2 7 0 2 7 0 2 7 1 2 7 1 2 7 0 2 7 1 2 7 5 30 3 1 2 7 5 31 3 1 2 7 0 2 7 0 2 7 0 2 7 0 2 7 0 2 7 1 2 7 16 24 2 0 2 7 0 59.9419176578521729
1 2 7 1 2 7 17 18 2 17 9 2 13 6 3 1 2 7 0 2 7 0 2 7 1 2 7 1 2 7 17 9 2 0 2 7 17 9 2 0 2 7 1 2 7 1 2 7 1 2 7 5 31 3 17 18 2 0 2 7 17 9 2 1 2 7 0 2 7 0 2 7 1 2 7 0 2 7 0 2 7 0 2 7 0 2 7 0 2 7 0 2 3 0 2 7 13 6 3 1 2 4 0 2 7 12 16 2 1 2 7 1 2 7 5 31 3 0 2 7 1 2 7 0 2 7 0 2 7 0 2 7 1 2 7 1 2 7 0 2 7 1 2 7 5 30 3 1 2 7 5 31 3 1 2 7 0 2 7 0 2 7 0 2 7 0 2 7 0 2 7 1 2 7 16 24 2 0 2 7 0 59.9419176578521729
1 2 7 1 2 7 17 18 2 17 9 2 13 6 3 1 2 7 0 2 7 0 2 7 1 2 7 1 2 7 17 9 2 0 2 7 17 9 2 0 2 7 1 2 7 1 2 7 1 2 7 5 31 3 17 18 2 0 2 7 17 9 2 1 2 7 0 2 7 0 2 7 1 2 7 0 2 7 0 2 7 0 2 7 0 2 7 0 2 7 0 2 3 0 2 7 13 6 3 1 2 4 0 2 7 12 16 2 1 2 7 1 2 7 5 31 3 0 2 7 1 2 7 0 2 7 0 2 7 0 2 7 1 2 7 1 2 7 0 2 7 1 2 7 5 30 3 1 2 7 5 31 3 1 2 7 0 2 7 0 2 7 0 2 7 0 2 7 0 2 7 1 2 7 16 24 2 0 2 7 0 59.9419176578521729
1 2 7 1 2 7 17 18 2 17 9 2 13 6 3 1 2 7 0 2 7 0 2 7 1 2 7 1 2 7 17 9 2 0 2 7 17 9 2 0 2 7 1 2 7 1 2 7 1 2 7 5 31 3 17 18 2 0 2 7 17 9 2 1 2 7 0 2 7 0 2 7 1 2 7 0 2 7 0 2 7 0 2 7 0 2 7 0 2 7 0 2 3 0 2 7 13 6 3 1 2 4 0 2 7 12 16 2 1 2 7 1 2 7 5 31 3 0 2 7 1 2 7 0 2 7 0 2 7 0 2 7 1 2 7 1 2 7 0 2 7 1 2 7 5 30 3 1 2 7 5 31 3 1 2 7 0 2 7 0 2 7 0 2 7 0 2 7 0 2 7 1 2 7 16 24 2 0 2 7 0 59.9419176578521729
1 2 7 1 2 7 17 18 2 17 9 2 13 6 3 1 2 7 0 2 7 0 2 7 1 2 7 1 2 7 17 9 2 0 2 7 17 9 2 0 2 7 1 2 7 1 2 7 1 2 7 5 31 3 17 18 2 0 2 7 17 9 2 1 2 7 0 2 7 0 2 7 1 2 7 0 2 7 0 2 7 0 2 7 0 2 7 0 2 7 0 2 3 0 2 7 13 6 3 1 2 4 0 2 7 12 16 2 1 2 7 1 2 7 5 31 3 0 2 7 1 2 7 0 2 7 0 2 7 0 2 7 1 2 7 1 2 7 0 2 7 1 2 7 5 30 3 1 2 7 5 31 3 1 2 7 0 2 7 0 2 7 0 2 7 0 2 7 0 2 7 1 2 7 16 24 2 0 2 7 0 59.9419176578521729
1 2 7 1 2 7 17 18 2 17 9 2 13 6 3 1 2 7 0 2 7 0 2 7 1 2 7 1 2 7 17 9 2 0 2 7 17 9 2 0 2 7 1 2 7 1 2 7 1 2 7 5 31 3 17 18 2 0 2 7 17 9 2 1 2 7 0 2 7 0 2 7 1 2 7 0 2 7 0 2 7 0 2 7 0 2 7 0 2 7 0 2 3 0 2 7 13 6 3 1 2 4 0 2 7 12 16 2 1 2 7 1 2 7 5 31 3 0 2 7 1 2 7 0 2 7 0 2 7 0 2 7 1 2 7 1 2 7 0 2 7 1 2 7 5 30 3 1 2 7 5 31 3 1 2 7 0 2 7 0 2 7 0 2 7 0 2 7 0 2 7 1 2 7 16 24 2 0 2 7 0 59.9419176578521729
1 2 7 1 2 7 17 18 2 17 9 2 13 6 3 1 2 7 0 2 7 0 2 7 1 2 7 1 2 7 17 9 2 0 2 7 17 9 2 0 2 7 1 2 7 1 2 7 1 2 7 5 31 3 17 18 2 0 2 7 17 9 2 1 2 7 0 2 7 0 2 7 1 2 7 0 2 7 0 2 7 0 2 7 0 2 7 0 2 7 0 2 3 0 2 7 13 6 3 1 2 4 0 2 7 12 16 2 1 2 7 1 2 7 5 31 3 0 2 7 1 2 7 0 2 7 0 2 7 0 2 7 1 2 7 1 2 7 0 2 7 1 2 7 5 30 3 1 2 7 5 31 3 1 2 7 0 2 7 0 2 7 0 2 7 0 2 7 0 2 7 1 2 7 16 24 2 0 2 7 0 59.9419176578521729
1 2 7 1 2 7 17 18 2 17 9 2 13 6 3 1 2 7 0 2 7 0 2 7 1 2 7 1 2 7 17 9 2 0 2 7 17 9 2 0 2 7 1 2 7 1 2 7 1 2 7 5 31 3 17 18 2 0 2 7 17 9 2 1 2 7 0 2 7 0 2 7 1 2 7 0 2 7 0 2 7 0 2 7 0 2 7 0 2 7 0 2 3 0 2 7 13 6 3 1 2 4 0 2 7 12 16 2 1 2 7 1 2 7 5 31 3 0 2 7 1 2 7 0 2 7 0 2 7 0 2 7 1 2 7 1 2 7 0 2 7 1 2 7 5 30 3 1 2 7 5 31 3 1 2 7 0 2 7 0 2 7 0 2 7 0 2 7 0 2 7 1 2 7 16 24 2 0 2 7 0 59.9419176578521729
1 2 7 1 2 7 17 18 2 17 9 2 13 6 3 1 2 7 0 2 7 0 2 7 1 2 7 1 2 7 17 9 2 0 2 7 17 9 2 0 2 7 1 2 7 1 2 7 1 2 7 5 31 3 17 18 2 0 2 7 17 9 2 1 2 7 0 2 7 0 2 7 1 2 7 0 2 7 0 2 7 0 2 7 0 2 7 0 2 7 0 2 3 0 2 7 13 6 3 1 2 4 0 2 7 12 16 2 1 2 7 1 2 7 5 31 3 0 2 7 1 2 7 0 2 7 0 2 7 0 2 7 1 2 7 1 2 7 0 2 7 1 2 7 5 30 3 1 2 7 5 31 3 1 2 7 0 2 7 0 2 7 0 2 7 0 2 7 0 2 7 1 2 7 16 24 2 0 2 7 0 59.9419176578521729
1 2 7 1 2 7 17 18 2 17 9 2 13 6 3 1 2 7 0 2 7 0 2 7 1 2 7 1 2 7 17 9 2 0 2 7 17 9 2 0 2 7 1 2 7 1 2 7 1 2 7 5 31 3 17 18 2 0 2 7 17 9 2 1 2 7 0 2 7 0 2 7 1 2 7 0 2 7 0 2 7 0 2 7 0 2 7 0 2 7 0 2 3 0 2 7 13 6 3 1 2 4 0 2 7 12 16 2 1 2 7 1 2 7 5 31 3 0 2 7 1 2 7 0 2 7 0 2 7 0 2 7 1 2 7 1 2 7 0 2 7 1 2 7 5 30 3 1 2 7 5 31 3 1 2 7 0 2 7 0 2 7 0 2 7 0 2 7 0 2 7 1 2 7 16 24 2 0 2 7 0 59.9419176578521729

MonoObjective Genetic Algorithm
Number of Evaluations = 0
Mutation Probability = 0
Crossover Probability = 1
Population Size = 10
Survival Selection Type = 1

Time =  18028.9253101348877

Current Evaluation = 2100
Front Size = 10
1 2 7 1 2 7 17 18 2 17 9 2 13 6 3 1 2 7 0 2 7 0 2 7 1 2 7 1 2 7 17 9 2 0 2 7 17 9 2 0 2 7 1 2 7 1 2 7 1 2 7 5 31 3 17 18 2 0 2 7 17 9 2 1 2 7 0 2 7 0 2 7 1 2 7 0 2 7 0 2 7 0 2 7 0 2 7 0 2 7 0 2 3 0 2 7 13 6 3 1 2 4 0 2 7 12 16 2 1 2 7 1 2 7 5 31 3 0 2 7 1 2 7 0 2 7 0 2 7 0 2 7 1 2 7 1 2 7 0 2 7 1 2 7 5 30 3 1 2 7 5 31 3 1 2 7 0 2 7 0 2 7 0 2 7 0 2 7 0 2 7 1 2 7 16 24 2 0 2 7 0 59.9419176578521729
1 2 7 1 2 7 17 18 2 17 9 2 13 6 3 1 2 7 0 2 7 0 2 7 1 2 7 1 2 7 17 9 2 0 2 7 17 9 2 0 2 7 1 2 7 1 2 7 1 2 7 5 31 3 17 18 2 0 2 7 17 9 2 1 2 7 0 2 7 0 2 7 1 2 7 0 2 7 0 2 7 0 2 7 0 2 7 0 2 7 0 2 3 0 2 7 13 6 3 1 2 4 0 2 7 12 16 2 1 2 7 1 2 7 5 31 3 0 2 7 1 2 7 0 2 7 0 2 7 0 2 7 1 2 7 1 2 7 0 2 7 1 2 7 5 30 3 1 2 7 5 31 3 1 2 7 0 2 7 0 2 7 0 2 7 0 2 7 0 2 7 1 2 7 16 24 2 0 2 7 0 59.9419176578521729
1 2 7 1 2 7 17 18 2 17 9 2 13 6 3 1 2 7 0 2 7 0 2 7 1 2 7 1 2 7 17 9 2 0 2 7 17 9 2 0 2 7 1 2 7 1 2 7 1 2 7 5 31 3 17 18 2 0 2 7 17 9 2 1 2 7 0 2 7 0 2 7 1 2 7 0 2 7 0 2 7 0 2 7 0 2 7 0 2 7 0 2 3 0 2 7 13 6 3 1 2 4 0 2 7 12 16 2 1 2 7 1 2 7 5 31 3 0 2 7 1 2 7 0 2 7 0 2 7 0 2 7 1 2 7 1 2 7 0 2 7 1 2 7 5 30 3 1 2 7 5 31 3 1 2 7 0 2 7 0 2 7 0 2 7 0 2 7 0 2 7 1 2 7 16 24 2 0 2 7 0 59.9419176578521729
1 2 7 1 2 7 17 18 2 17 9 2 13 6 3 1 2 7 0 2 7 0 2 7 1 2 7 1 2 7 17 9 2 0 2 7 17 9 2 0 2 7 1 2 7 1 2 7 1 2 7 5 31 3 17 18 2 0 2 7 17 9 2 1 2 7 0 2 7 0 2 7 1 2 7 0 2 7 0 2 7 0 2 7 0 2 7 0 2 7 0 2 3 0 2 7 13 6 3 1 2 4 0 2 7 12 16 2 1 2 7 1 2 7 5 31 3 0 2 7 1 2 7 0 2 7 0 2 7 0 2 7 1 2 7 1 2 7 0 2 7 1 2 7 5 30 3 1 2 7 5 31 3 1 2 7 0 2 7 0 2 7 0 2 7 0 2 7 0 2 7 1 2 7 16 24 2 0 2 7 0 59.9419176578521729
1 2 7 1 2 7 17 18 2 17 9 2 13 6 3 1 2 7 0 2 7 0 2 7 1 2 7 1 2 7 17 9 2 0 2 7 17 9 2 0 2 7 1 2 7 1 2 7 1 2 7 5 31 3 17 18 2 0 2 7 17 9 2 1 2 7 0 2 7 0 2 7 1 2 7 0 2 7 0 2 7 0 2 7 0 2 7 0 2 7 0 2 3 0 2 7 13 6 3 1 2 4 0 2 7 12 16 2 1 2 7 1 2 7 5 31 3 0 2 7 1 2 7 0 2 7 0 2 7 0 2 7 1 2 7 1 2 7 0 2 7 1 2 7 5 30 3 1 2 7 5 31 3 1 2 7 0 2 7 0 2 7 0 2 7 0 2 7 0 2 7 1 2 7 16 24 2 0 2 7 0 59.9419176578521729
1 2 7 1 2 7 17 18 2 17 9 2 13 6 3 1 2 7 0 2 7 0 2 7 1 2 7 1 2 7 17 9 2 0 2 7 17 9 2 0 2 7 1 2 7 1 2 7 1 2 7 5 31 3 17 18 2 0 2 7 17 9 2 1 2 7 0 2 7 0 2 7 1 2 7 0 2 7 0 2 7 0 2 7 0 2 7 0 2 7 0 2 3 0 2 7 13 6 3 1 2 4 0 2 7 12 16 2 1 2 7 1 2 7 5 31 3 0 2 7 1 2 7 0 2 7 0 2 7 0 2 7 1 2 7 1 2 7 0 2 7 1 2 7 5 30 3 1 2 7 5 31 3 1 2 7 0 2 7 0 2 7 0 2 7 0 2 7 0 2 7 1 2 7 16 24 2 0 2 7 0 59.9419176578521729
1 2 7 1 2 7 17 18 2 17 9 2 13 6 3 1 2 7 0 2 7 0 2 7 1 2 7 1 2 7 17 9 2 0 2 7 17 9 2 0 2 7 1 2 7 1 2 7 1 2 7 5 31 3 17 18 2 0 2 7 17 9 2 1 2 7 0 2 7 0 2 7 1 2 7 0 2 7 0 2 7 0 2 7 0 2 7 0 2 7 0 2 3 0 2 7 13 6 3 1 2 4 0 2 7 12 16 2 1 2 7 1 2 7 5 31 3 0 2 7 1 2 7 0 2 7 0 2 7 0 2 7 1 2 7 1 2 7 0 2 7 1 2 7 5 30 3 1 2 7 5 31 3 1 2 7 0 2 7 0 2 7 0 2 7 0 2 7 0 2 7 1 2 7 16 24 2 0 2 7 0 59.9419176578521729
1 2 7 1 2 7 17 18 2 17 9 2 13 6 3 1 2 7 0 2 7 0 2 7 1 2 7 1 2 7 17 9 2 0 2 7 17 9 2 0 2 7 1 2 7 1 2 7 1 2 7 5 31 3 17 18 2 0 2 7 17 9 2 1 2 7 0 2 7 0 2 7 1 2 7 0 2 7 0 2 7 0 2 7 0 2 7 0 2 7 0 2 3 0 2 7 13 6 3 1 2 4 0 2 7 12 16 2 1 2 7 1 2 7 5 31 3 0 2 7 1 2 7 0 2 7 0 2 7 0 2 7 1 2 7 1 2 7 0 2 7 1 2 7 5 30 3 1 2 7 5 31 3 1 2 7 0 2 7 0 2 7 0 2 7 0 2 7 0 2 7 1 2 7 16 24 2 0 2 7 0 59.9419176578521729
1 2 7 1 2 7 17 18 2 17 9 2 13 6 3 1 2 7 0 2 7 0 2 7 1 2 7 1 2 7 17 9 2 0 2 7 17 9 2 0 2 7 1 2 7 1 2 7 1 2 7 5 31 3 17 18 2 0 2 7 17 9 2 1 2 7 0 2 7 0 2 7 1 2 7 0 2 7 0 2 7 0 2 7 0 2 7 0 2 7 0 2 3 0 2 7 13 6 3 1 2 4 0 2 7 12 16 2 1 2 7 1 2 7 5 31 3 0 2 7 1 2 7 0 2 7 0 2 7 0 2 7 1 2 7 1 2 7 0 2 7 1 2 7 5 30 3 1 2 7 5 31 3 1 2 7 0 2 7 0 2 7 0 2 7 0 2 7 0 2 7 1 2 7 16 24 2 0 2 7 0 59.9419176578521729
1 2 7 1 2 7 17 18 2 17 9 2 13 6 3 1 2 7 0 2 7 0 2 7 1 2 7 1 2 7 17 9 2 0 2 7 17 9 2 0 2 7 1 2 7 1 2 7 1 2 7 5 31 3 17 18 2 0 2 7 17 9 2 1 2 7 0 2 7 0 2 7 1 2 7 0 2 7 0 2 7 0 2 7 0 2 7 0 2 7 0 2 3 0 2 7 13 6 3 1 2 4 0 2 7 12 16 2 1 2 7 1 2 7 5 31 3 0 2 7 1 2 7 0 2 7 0 2 7 0 2 7 1 2 7 1 2 7 0 2 7 1 2 7 5 30 3 1 2 7 5 31 3 1 2 7 0 2 7 0 2 7 0 2 7 0 2 7 0 2 7 1 2 7 16 24 2 0 2 7 0 59.9419176578521729

