Current Evaluation = 450(450)
Front Size = 10
16 6 2 1 2 7 0 2 7 0 2 7 0 2 3 16 6 2 17 18 2 1 2 7 1 2 7 1 2 7 0 2 7 1 2 7 1 2 7 0 2 7 5 31 3 17 9 2 0 2 4 12 16 2 0 2 7 0 2 7 0 2 3 6 2 7 1 2 7 0 2 7 5 31 3 0 2 4 0 2 7 0 2 7 0 2 7 0 2 7 0 2 7 0 2 4 0 2 7 1 2 7 5 31 3 16 6 2 6 2 7 0 2 7 5 31 3 1 2 7 0 40.6145018339157104
8 18 2 16 19 11 0 2 7 0 2 3 0 2 7 1 2 3 0 2 7 1 2 7 16 6 2 0 2 7 0 2 7 0 2 3 1 2 3 0 2 7 1 2 3 0 2 7 5 30 3 5 30 3 0 2 7 17 18 2 0 2 3 0 2 7 1 2 3 1 2 7 0 2 7 8 18 2 0 2 7 5 30 3 1 2 7 0 2 3 0 2 3 0 2 7 1 2 7 0 2 7 12 16 2 0 2 3 12 16 2 5 30 3 16 19 11 1 2 3 0 42.4504605531692505
16 9 1 1 2 12 1 2 3 0 2 3 1 2 3 16 9 12 0 2 12 0 2 12 0 2 12 16 18 1 1 2 3 0 2 3 1 2 3 1 2 3 0 2 3 5 30 3 0 2 3 1 2 3 1 2 3 1 2 3 0 2 1 0 2 3 1 2 3 0 2 3 0 2 3 1 2 3 0 2 3 0 2 3 1 2 11 1 2 12 1 2 3 1 2 3 1 2 11 1 2 3 1 2 12 16 9 1 1 2 3 1 2 3 0 2 3 0 2 3 0.00602534580878605775 43.721535325050354
0 2 3 0 2 7 0 2 3 16 15 2 16 19 12 0 2 3 0 2 3 0 2 3 12 16 2 0 2 7 0 2 3 0 2 7 5 30 3 16 19 12 0 2 3 0 2 7 5 31 3 5 30 3 0 2 3 0 2 7 0 2 7 1 2 7 0 2 3 0 2 7 0 2 3 16 19 12 0 2 3 0 2 11 0 2 3 5 30 3 5 30 3 0 2 3 0 2 7 1 2 3 16 6 2 9 2 7 0 2 3 0 2 3 5 30 3 0 2 7 0 43.9845538139343262
5 31 3 8 18 2 16 19 12 5 16 3 5 30 3 0 2 8 1 2 3 0 2 8 0 2 2 16 19 11 0 2 8 1 2 8 5 30 7 1 2 3 16 19 7 5 2 3 16 19 12 16 2 7 1 2 7 5 30 3 8 18 2 0 2 8 12 2 2 17 9 8 0 2 7 0 2 3 0 2 8 0 30 3 8 2 8 1 2 3 12 2 8 5 30 8 0 30 8 16 6 8 0 2 8 0 2 8 0 2 3 0 2 8 8 9 3 0 2 8 1056198.22190647572 45.2815046310424805
16 16 2 1 31 7 5 2 7 0 2 7 5 2 7 16 30 7 5 18 3 1 2 7 8 2 7 1 16 7 0 2 7 1 30 7 1 2 11 0 2 7 5 2 3 17 9 7 5 30 11 17 9 8 0 2 7 0 2 11 0 2 3 6 2 8 1 2 7 0 2 7 5 2 3 0 6 4 0 9 7 0 2 7 0 31 3 0 2 3 0 2 3 5 2 4 0 2 7 1 30 8 0 31 3 0 2 8 6 2 7 1 19 7 0 2 3 1 2 7 3063152.35231300397 42.2671147584915161
12 16 2 0 2 3 0 2 3 0 2 11 13 6 3 16 19 11 5 30 3 0 2 11 0 2 7 16 19 11 0 2 11 5 30 3 5 30 3 17 9 2 0 2 3 0 2 11 5 30 3 0 2 11 5 30 3 5 30 3 0 2 6 16 6 2 0 2 8 0 2 11 0 2 3 0 2 11 12 16 2 0 2 11 0 2 3 0 2 7 12 16 2 12 16 2 12 16 2 0 2 11 0 2 11 0 2 11 0 2 10 0 2 7 0 2 8 0 2 8 0 44.5736120939254761
16 19 11 0 2 7 0 2 8 0 2 3 5 30 3 0 2 3 0 2 7 0 2 7 16 19 11 0 2 11 0 2 7 5 30 3 0 2 11 0 2 3 0 2 8 5 30 3 5 30 3 5 30 3 0 2 11 0 2 3 1 2 3 0 2 8 0 2 7 0 2 8 0 2 7 0 2 8 0 2 7 5 30 3 0 2 7 0 2 11 16 19 11 0 2 11 0 2 7 0 2 11 16 19 11 0 2 7 0 2 7 5 30 3 16 19 11 0 2 8 9.85354909273772323e-05 44.6949189901351929
0 2 2 1 2 7 0 2 7 0 15 7 0 2 12 16 6 3 0 18 3 0 2 7 1 16 2 1 2 7 0 2 3 1 2 7 1 2 3 0 19 7 0 31 3 17 9 7 5 31 3 5 16 3 0 2 3 0 2 7 0 2 7 6 2 7 0 2 7 0 2 7 0 2 3 16 19 12 0 2 3 0 2 7 0 2 3 5 30 7 5 2 3 0 2 4 0 2 7 1 2 7 16 31 2 16 6 7 6 2 7 0 2 3 5 31 3 1 2 7 1060923.02282123943 41.816511332988739
1 30 3 0 30 8 8 2 2 0 2 2 16 19 3 0 2 8 8 18 2 1 2 7 16 6 2 0 2 7 8 2 2 8 2 7 1 2 3 8 19 2 1 2 8 0 2 3 5 31 3 12 16 3 0 2 7 1 2 7 0 2 2 0 6 2 0 2 8 0 2 3 0 2 3 12 16 8 0 2 3 0 2 2 0 2 3 5 9 3 5 30 12 0 2 7 0 2 8 0 2 8 12 16 2 0 2 8 16 9 2 0 2 4 1 30 3 0 2 7 1068686.76939813374 43.1315315961837769

Current Evaluation = 900(900)
Front Size = 10
16 6 2 1 2 7 0 2 7 0 2 7 0 2 7 16 31 2 17 18 2 1 2 7 1 2 7 1 2 7 0 2 7 1 2 7 1 2 7 0 2 7 5 30 3 17 9 2 0 2 7 12 16 2 0 2 4 0 2 7 0 2 7 0 2 7 1 2 7 0 2 7 5 31 3 1 2 4 0 2 7 0 2 7 0 2 7 0 2 7 0 2 7 0 2 7 0 2 7 1 2 7 5 31 3 16 6 2 1 2 7 0 2 4 5 31 3 1 2 7 0 40.4265387058258057
0 2 3 0 2 7 0 2 3 16 15 2 16 19 12 0 2 3 0 2 3 0 2 3 12 16 2 0 2 7 0 2 3 0 2 7 5 30 3 16 19 12 0 2 3 0 2 7 5 31 3 5 30 3 0 2 3 0 2 7 0 2 7 1 2 7 0 2 3 0 2 7 0 2 3 16 19 12 0 2 3 0 2 11 0 2 3 5 30 3 5 30 3 0 2 3 0 2 7 1 2 3 16 6 2 9 2 7 0 2 3 0 2 3 5 30 3 0 2 7 0 43.9845538139343262
5 31 3 8 18 2 16 19 12 5 16 3 5 30 3 0 2 8 1 2 3 0 2 8 0 2 2 16 19 11 0 2 8 1 2 8 5 30 7 1 2 3 16 19 7 5 2 3 16 19 12 16 2 7 1 2 7 5 30 3 8 18 2 0 2 8 12 2 2 17 9 8 0 2 7 0 2 3 0 2 8 0 30 3 8 2 8 1 2 3 12 2 8 5 30 8 0 30 8 16 6 8 0 2 8 0 2 8 0 2 3 0 2 8 8 9 3 0 2 8 1056198.22190647572 45.2815046310424805
8 18 2 16 19 11 0 2 7 0 2 3 0 2 7 1 2 3 0 2 7 1 2 7 16 6 2 0 2 7 0 2 7 0 2 3 1 2 3 0 2 7 1 2 3 0 2 7 5 30 3 5 30 3 0 2 7 17 18 2 0 2 3 0 2 7 1 2 3 1 2 7 0 2 7 8 18 2 0 2 7 5 30 3 1 2 7 0 2 3 0 2 3 0 2 7 1 2 7 0 2 7 12 16 2 0 2 3 12 16 2 5 30 3 16 19 11 1 2 3 0 42.4504605531692505
16 9 1 1 2 12 1 2 3 0 2 3 1 2 3 16 9 12 0 2 12 0 2 12 0 2 12 16 18 1 1 2 3 0 2 3 1 2 3 1 2 3 0 2 3 5 30 3 0 2 3 1 2 3 1 2 3 1 2 3 0 2 1 0 2 3 1 2 3 0 2 3 0 2 3 1 2 3 0 2 3 0 2 3 1 2 11 1 2 12 1 2 3 1 2 3 1 2 11 1 2 3 1 2 12 16 9 1 1 2 3 1 2 3 0 2 3 0 2 3 0.00602534580878605775 43.721535325050354
12 16 2 0 2 3 0 2 3 0 2 11 13 6 3 16 19 11 5 30 3 0 2 11 0 2 7 16 19 11 0 2 11 5 30 3 5 30 3 17 9 2 0 2 3 0 2 11 5 30 3 0 2 11 5 30 3 5 30 3 0 2 6 16 6 2 0 2 8 0 2 11 0 2 3 0 2 11 12 16 2 0 2 11 0 2 3 0 2 7 12 16 2 12 16 2 12 16 2 0 2 11 0 2 11 0 2 11 0 2 10 0 2 7 0 2 8 0 2 8 0 44.5736120939254761
16 6 2 0 2 3 0 2 7 0 2 7 13 6 7 16 19 2 5 18 3 0 2 11 0 2 7 16 2 7 0 2 7 1 2 3 5 30 3 17 9 7 5 30 3 17 9 11 0 30 7 12 2 2 0 2 4 5 30 3 0 2 7 16 2 7 0 2 7 0 2 11 0 31 3 0 2 4 0 16 7 0 2 11 0 2 3 0 2 7 0 2 7 0 16 7 0 16 2 1 2 11 5 2 11 16 6 2 0 2 7 0 2 7 0 31 8 0 2 8 1736361.14485683944 41.6590338945388794
16 31 2 8 18 2 0 19 7 0 16 7 5 2 3 0 2 2 1 18 3 1 2 8 0 2 2 16 19 11 0 2 7 1 2 7 5 2 7 1 2 3 16 31 3 5 2 3 16 19 12 16 2 7 1 2 7 5 2 7 0 2 2 0 2 8 12 2 7 0 2 8 0 2 7 0 2 3 0 2 8 0 2 3 8 2 7 0 2 7 12 2 8 0 30 4 0 30 8 1 6 8 0 31 8 0 6 2 0 2 3 0 2 7 8 31 3 0 2 8 2639937.11637563305 42.8909249305725098
16 6 2 0 2 8 0 2 7 0 2 7 0 2 7 16 19 11 0 2 7 0 2 11 16 19 11 16 18 8 16 19 11 1 2 8 0 2 7 0 2 11 0 2 8 5 30 3 5 30 3 0 2 3 0 2 7 0 2 8 0 2 11 5 30 3 0 2 8 0 2 8 0 2 8 0 2 8 0 2 7 0 2 11 0 2 8 5 30 3 1 2 8 0 2 8 0 2 7 0 2 8 0 2 8 0 2 7 5 31 3 5 30 3 0 2 8 5 31 3 0.000136370865427453113 45.0534423589706421
12 2 3 0 2 3 0 2 3 16 2 2 16 19 3 16 19 3 0 30 3 0 2 11 0 2 7 0 2 7 0 2 3 5 30 3 5 30 3 16 19 12 0 2 3 0 2 11 5 30 3 5 30 3 5 2 3 5 2 7 0 2 7 1 6 7 0 2 8 0 2 11 0 2 3 0 2 12 12 16 3 0 2 11 0 2 3 0 2 7 12 16 3 0 16 3 0 16 2 1 2 3 0 6 2 9 2 7 0 2 3 0 2 3 5 2 8 0 2 7 1653936.30331347277 45.2425364255905151

Current Evaluation = 1350(1350)
Front Size = 10
16 6 2 1 2 7 0 2 7 0 2 7 0 2 7 16 31 2 17 18 2 1 2 7 1 2 7 1 2 7 0 2 7 1 2 7 1 2 7 0 2 7 5 30 3 17 9 2 0 2 7 12 16 2 0 2 4 0 2 7 0 2 7 0 2 7 1 2 7 0 2 7 5 31 3 1 2 4 0 2 7 0 2 7 0 2 7 0 2 7 0 2 7 0 2 7 0 2 7 1 2 7 5 31 3 16 6 2 1 2 7 0 2 4 5 31 3 1 2 7 0 40.4265387058258057
16 9 1 1 2 12 1 2 3 0 2 3 1 2 3 16 9 12 0 2 12 0 2 12 0 2 12 16 18 1 1 2 3 0 2 3 1 2 3 1 2 3 0 2 3 5 30 3 0 2 3 1 2 3 1 2 3 1 2 3 0 2 1 0 2 3 1 2 3 0 2 3 0 2 3 1 2 3 0 2 3 0 2 3 1 2 11 1 2 12 1 2 3 1 2 3 1 2 11 1 2 3 1 2 12 16 9 1 1 2 3 1 2 3 0 2 3 0 2 3 0.00602534580878605775 43.721535325050354
0 2 7 1 2 3 0 2 3 0 2 7 0 2 3 5 30 3 0 2 7 1 2 3 0 2 3 16 9 11 0 2 7 16 9 8 5 30 3 0 2 3 0 2 7 5 30 3 0 2 3 0 2 4 1 2 3 1 2 7 12 16 2 0 2 3 16 6 2 0 2 3 0 2 3 1 2 7 1 2 7 0 2 7 0 2 3 1 2 3 16 18 11 0 2 3 0 2 3 5 31 3 12 16 2 0 2 7 1 2 3 0 2 7 12 16 2 1 2 3 0 43.1047917604446411
5 31 3 8 18 2 16 19 12 5 16 3 5 30 3 0 2 8 1 2 3 0 2 8 0 2 2 16 19 11 0 2 8 1 2 8 5 30 7 1 2 3 16 19 7 5 2 3 16 19 12 16 2 7 1 2 7 5 30 3 8 18 2 0 2 8 12 2 2 17 9 8 0 2 7 0 2 3 0 2 8 0 30 3 8 2 8 1 2 3 12 2 8 5 30 8 0 30 8 16 6 8 0 2 8 0 2 8 0 2 3 0 2 8 8 9 3 0 2 8 1056198.22190647572 45.2815046310424805
0 2 7 0 2 7 1 2 7 5 30 3 5 30 3 0 2 7 0 2 11 1 2 7 0 2 7 0 2 7 0 2 3 6 2 7 0 2 3 1 2 7 17 18 2 5 30 3 16 19 11 1 2 7 0 2 7 5 30 3 17 9 2 0 2 7 0 2 3 0 2 7 0 2 7 0 2 7 0 2 7 1 2 11 1 2 7 0 2 7 0 2 7 16 19 11 8 9 2 16 6 2 0 2 11 0 2 3 5 30 3 0 2 11 0 2 7 5 31 3 0 42.2964206337928772
12 16 2 0 2 3 0 2 3 0 2 11 13 6 3 16 19 11 5 30 3 0 2 11 0 2 7 16 19 11 0 2 11 5 30 3 5 30 3 17 9 2 0 2 3 0 2 11 5 30 3 0 2 11 5 30 3 5 30 3 0 2 6 16 6 2 0 2 8 0 2 11 0 2 3 0 2 11 12 16 2 0 2 11 0 2 3 0 2 7 12 16 2 12 16 2 12 16 2 0 2 11 0 2 11 0 2 11 0 2 10 0 2 7 0 2 8 0 2 8 0 44.5736120939254761
0 2 7 1 2 3 0 2 3 0 2 7 0 18 2 17 30 3 6 2 8 1 2 7 16 6 3 16 9 11 5 30 3 0 9 11 0 30 3 0 2 8 0 2 11 5 31 3 0 2 3 0 2 4 0 2 3 0 2 8 0 2 8 6 2 8 0 6 8 0 2 3 0 2 3 16 19 7 0 2 7 12 16 7 0 2 11 1 2 3 0 18 11 0 2 8 0 2 11 0 31 3 12 16 3 0 2 11 0 2 3 0 2 3 12 16 3 0 2 8 1231229.42830488272 42.4993979334831238
0 2 7 0 2 7 0 2 8 0 2 8 17 18 2 17 18 2 6 2 8 0 2 7 16 6 2 16 19 11 5 30 3 0 2 11 0 2 8 0 2 8 0 2 11 5 31 3 5 30 3 6 2 8 0 2 8 0 2 8 0 2 8 6 2 8 0 2 8 0 2 8 0 2 12 16 19 11 0 2 8 12 16 2 0 2 11 5 30 3 0 2 8 0 2 8 0 2 11 0 2 11 5 31 3 6 2 11 0 2 7 5 30 3 5 31 3 0 2 8 7.11551603473860599e-07 45.3021029233932495
0 9 1 1 2 7 1 2 7 5 30 3 1 2 3 0 9 7 0 2 12 1 2 7 0 2 12 16 18 7 1 2 3 0 2 7 1 2 3 1 2 7 17 2 3 5 30 3 0 19 3 1 2 3 0 2 7 1 2 3 0 2 1 0 2 7 1 2 3 0 2 3 0 2 3 0 2 7 0 2 3 1 2 3 1 2 11 0 2 7 0 2 7 1 19 11 8 2 2 1 2 2 0 2 11 16 2 3 5 30 3 0 2 11 0 2 7 5 31 3 607426.596777926199 43.0375621914863586
0 2 7 1 2 3 1 2 7 0 30 7 5 30 3 5 2 3 0 2 7 1 2 7 0 2 7 16 2 11 0 2 7 6 2 7 0 30 3 1 2 3 17 18 2 5 30 3 0 19 3 0 2 7 1 2 3 5 2 7 12 16 2 0 2 7 16 6 3 0 2 7 0 2 3 0 2 7 1 2 7 1 2 11 0 2 3 1 2 3 0 2 7 0 2 3 8 9 3 16 31 2 12 2 2 0 2 7 5 2 3 0 2 7 0 2 2 5 2 3 1703259.61328310659 43.1539331674575806

Current Evaluation = 1800(1800)
Front Size = 10
16 6 2 1 2 7 0 2 7 0 2 7 0 2 7 16 31 2 17 18 2 1 2 7 1 2 7 1 2 7 0 2 7 1 2 7 1 2 7 0 2 7 5 30 3 17 9 2 0 2 7 12 16 2 0 2 4 0 2 7 0 2 7 0 2 7 1 2 7 0 2 7 5 31 3 1 2 4 0 2 7 0 2 7 0 2 7 0 2 7 0 2 7 0 2 7 0 2 7 1 2 7 5 31 3 16 6 2 1 2 7 0 2 4 5 31 3 1 2 7 0 40.4265387058258057
0 2 7 1 2 3 1 2 3 0 2 3 5 30 3 16 19 12 0 2 7 12 16 2 16 19 11 0 2 3 5 30 3 0 2 3 0 2 7 0 2 3 0 2 3 5 30 3 0 2 7 1 2 7 0 2 3 0 2 3 0 2 7 1 2 7 0 2 3 1 2 7 0 2 3 8 18 2 0 2 3 12 16 2 0 2 3 16 18 8 1 2 3 0 2 3 0 2 3 0 2 7 5 30 3 1 2 7 0 2 3 5 30 3 16 6 2 0 2 7 0 43.4643806219100952
0 2 7 0 2 7 0 2 7 6 2 7 0 2 7 1 2 7 0 2 7 0 2 7 5 31 3 16 19 11 5 31 3 0 2 7 0 2 7 0 2 7 1 2 7 5 30 3 17 9 2 1 2 7 0 2 7 0 2 7 0 2 7 0 2 7 16 6 2 0 2 7 0 2 7 12 16 2 0 2 7 12 16 2 6 2 7 16 19 11 16 19 11 0 2 7 0 2 7 0 2 7 5 31 3 0 2 7 0 2 7 5 31 3 5 30 3 6 2 7 0 42.2263974547386169
5 30 3 0 2 3 0 2 8 1 2 8 16 19 11 1 2 8 12 16 2 5 30 3 0 2 8 16 19 11 0 2 8 5 30 3 0 2 8 5 30 3 16 19 11 5 30 3 8 9 2 0 2 8 0 2 8 0 2 8 0 2 8 0 2 8 12 16 2 0 2 3 0 2 3 0 2 8 8 18 2 0 2 8 0 2 7 0 2 3 16 9 8 0 2 8 0 2 3 0 2 8 0 2 3 5 30 3 0 2 8 0 2 8 12 16 2 0 2 11 0 46.1822853088378906
5 31 3 1 2 7 0 2 7 0 2 3 16 9 11 0 2 7 17 18 2 5 30 3 0 2 7 17 18 2 0 2 7 5 30 3 9 2 7 0 2 6 5 31 3 12 16 2 1 2 7 12 16 2 0 2 7 1 2 7 0 2 7 1 2 7 12 16 2 9 2 7 0 2 7 0 2 7 0 2 7 0 2 3 1 2 7 0 2 7 6 2 7 0 2 3 0 2 7 0 2 7 0 2 7 16 30 2 1 2 4 1 2 7 2 3 3 1 2 11 0 42.2757877111434937
0 2 7 0 2 7 1 2 7 1 2 3 16 19 11 0 2 3 0 2 7 12 16 2 1 2 3 16 30 2 5 30 3 1 2 7 0 2 7 0 2 7 6 2 3 5 30 3 17 9 2 1 2 3 0 2 7 0 2 7 0 2 7 0 2 7 0 2 7 0 2 7 0 2 3 1 2 4 1 2 3 12 16 2 0 2 7 16 19 11 8 18 2 0 2 7 0 2 7 0 2 7 5 31 3 0 2 3 0 2 7 5 30 3 5 30 3 0 2 7 0 42.379597544670105
0 2 7 1 2 3 0 2 3 0 2 7 0 18 2 17 30 3 6 2 8 1 2 7 16 6 3 16 9 11 5 30 3 0 9 11 0 30 3 0 2 8 0 2 11 5 31 3 0 2 3 0 2 4 0 2 3 0 2 8 0 2 8 6 2 8 0 6 8 0 2 3 0 2 3 16 19 7 0 2 7 12 16 7 0 2 11 1 2 3 0 18 11 0 2 8 0 2 11 0 31 3 12 16 3 0 2 11 0 2 3 0 2 3 12 16 3 0 2 8 1231229.42830488272 42.4993979334831238
16 9 1 1 2 12 1 2 3 0 2 3 1 2 3 16 9 12 0 2 12 0 2 12 0 2 12 16 18 1 1 2 3 0 2 3 1 2 3 1 2 3 0 2 3 5 30 3 0 2 3 1 2 3 1 2 3 1 2 3 0 2 1 0 2 3 1 2 3 0 2 3 0 2 3 1 2 3 0 2 3 0 2 3 1 2 11 1 2 12 1 2 3 1 2 3 1 2 11 1 2 3 1 2 12 16 9 1 1 2 3 1 2 3 0 2 3 0 2 3 0.00602534580878605775 43.721535325050354
5 31 3 8 18 2 16 19 12 5 16 3 5 30 3 0 2 8 1 2 3 0 2 8 0 2 2 16 19 11 0 2 8 1 2 8 5 30 7 1 2 3 16 19 7 5 2 3 16 19 12 16 2 7 1 2 7 5 30 3 8 18 2 0 2 8 12 2 2 17 9 8 0 2 7 0 2 3 0 2 8 0 30 3 8 2 8 1 2 3 12 2 8 5 30 8 0 30 8 16 6 8 0 2 8 0 2 8 0 2 3 0 2 8 8 9 3 0 2 8 1056198.22190647572 45.2815046310424805
0 2 7 0 2 7 0 2 8 0 2 8 17 18 2 17 18 2 6 2 8 0 2 7 16 6 2 16 19 11 5 30 3 0 2 11 0 2 8 0 2 8 0 2 11 5 31 3 5 30 3 6 2 8 0 2 8 0 2 8 0 2 8 6 2 8 0 2 8 0 2 8 0 2 12 16 19 11 0 2 8 12 16 2 0 2 11 5 30 3 0 2 8 0 2 8 0 2 11 0 2 11 5 31 3 6 2 11 0 2 7 5 30 3 5 31 3 0 2 8 7.11551603473860599e-07 45.3021029233932495

Current Evaluation = 2250(2250)
Front Size = 10
16 6 2 1 2 7 0 2 7 0 2 7 0 2 7 16 31 2 17 18 2 1 2 7 1 2 7 1 2 7 0 2 7 1 2 7 1 2 7 0 2 7 5 30 3 17 9 2 0 2 7 12 16 2 0 2 4 0 2 7 0 2 7 0 2 7 1 2 7 0 2 7 5 31 3 1 2 4 0 2 7 0 2 7 0 2 7 0 2 7 0 2 7 0 2 7 0 2 7 1 2 7 5 31 3 16 6 2 1 2 7 0 2 4 5 31 3 1 2 7 0 40.4265387058258057
17 9 2 0 2 3 1 2 7 0 2 7 0 2 7 12 16 2 5 30 3 16 19 11 0 2 7 16 19 11 13 6 3 0 2 3 0 2 7 0 2 7 0 2 7 6 2 7 0 2 7 0 2 3 0 2 7 1 2 3 1 2 7 0 2 7 0 2 7 0 2 7 8 9 2 5 30 3 1 2 7 0 2 3 0 2 7 5 30 3 12 16 2 0 2 7 1 2 7 1 2 7 17 18 2 5 30 3 0 2 3 1 2 3 5 30 3 0 2 7 0 42.0762954354286194
0 2 3 1 2 8 0 2 11 0 2 8 0 2 7 12 16 2 5 30 3 5 30 3 0 2 8 16 19 11 5 30 3 0 2 7 0 2 3 0 2 11 12 16 2 1 2 3 0 2 8 0 2 3 0 2 7 0 2 7 0 2 11 0 2 7 0 2 8 0 2 8 0 2 7 16 19 11 16 9 11 0 2 3 0 2 7 5 30 3 12 16 2 0 2 11 0 2 11 0 2 7 8 18 2 5 30 3 0 2 3 16 19 11 5 30 3 0 2 3 0 44.8766319155693054
16 9 1 1 2 12 1 2 3 0 2 3 1 2 3 16 9 12 0 2 12 0 2 12 0 2 12 16 18 1 1 2 3 0 2 3 1 2 3 1 2 3 0 2 3 5 30 3 0 2 3 1 2 3 1 2 3 1 2 3 0 2 1 0 2 3 1 2 3 0 2 3 0 2 3 1 2 3 0 2 3 0 2 3 1 2 11 1 2 12 1 2 3 1 2 3 1 2 11 1 2 3 1 2 12 16 9 1 1 2 3 1 2 3 0 2 3 0 2 3 0.00602534580878605775 43.721535325050354
5 30 3 0 2 12 1 2 8 0 2 8 16 2 3 1 2 12 0 2 2 5 30 12 0 2 12 16 18 11 1 2 8 0 30 3 0 2 8 1 2 3 16 19 11 5 30 3 0 9 3 0 2 8 0 2 8 1 2 3 0 2 1 0 2 8 1 16 2 0 2 3 0 2 3 0 2 8 8 18 3 0 2 8 0 2 11 0 2 3 16 9 8 1 2 3 0 2 11 0 2 3 1 2 12 5 9 1 0 2 3 1 2 8 12 16 2 0 2 11 664234.480450123083 45.1088554263114929
0 2 7 0 2 3 0 2 3 0 2 8 0 2 2 0 18 2 5 31 8 16 2 11 1 6 2 5 19 11 5 30 3 1 2 11 0 2 8 0 2 7 0 16 11 5 2 7 1 2 3 0 2 7 0 2 8 0 2 8 0 2 7 6 2 8 0 2 8 0 2 8 0 2 12 0 2 11 0 2 8 12 16 7 0 2 4 5 30 7 12 2 8 0 2 8 0 2 3 0 2 7 5 18 3 0 2 11 6 2 7 16 30 11 5 31 3 0 2 7 753011.494215999264 45.2130996584892273
0 2 7 0 2 7 0 2 8 0 2 8 17 18 2 17 18 2 6 2 8 0 2 7 16 6 2 16 19 11 5 30 3 0 2 11 0 2 8 0 2 8 0 2 11 5 31 3 5 30 3 6 2 8 0 2 8 0 2 8 0 2 8 6 2 8 0 2 8 0 2 8 0 2 12 16 19 11 0 2 8 12 16 2 0 2 11 5 30 3 0 2 8 0 2 8 0 2 11 0 2 11 5 31 3 6 2 11 0 2 7 5 30 3 5 31 3 0 2 8 7.11551603473860599e-07 45.3021029233932495
0 2 7 0 2 10 0 2 10 0 2 10 16 19 11 0 2 4 17 9 2 17 18 2 0 2 7 0 2 7 5 31 3 6 2 3 0 2 7 0 2 11 12 16 2 17 9 2 0 2 3 0 2 4 8 18 2 0 2 7 0 2 10 1 2 4 12 16 2 1 2 4 1 2 7 0 2 7 0 2 7 1 2 7 1 2 11 0 2 7 1 2 7 0 2 3 0 2 7 0 2 7 5 30 3 1 2 7 1 2 7 5 30 3 5 30 3 1 2 7 0 41.9801596403121948
0 2 7 1 2 7 0 2 3 1 2 7 16 9 11 0 2 3 16 18 11 1 2 3 1 2 3 16 19 12 5 30 3 0 2 3 0 2 7 0 2 3 0 2 3 1 2 7 16 9 11 0 2 3 0 2 7 0 2 3 1 2 7 0 2 3 12 16 2 0 2 3 12 16 2 5 30 3 0 2 7 12 16 2 1 2 3 0 2 7 0 2 7 0 2 7 0 2 7 0 2 3 5 31 3 1 2 3 0 2 7 5 30 3 5 30 3 0 2 7 0 43.4106367230415344
16 19 11 0 2 8 0 2 8 0 2 7 5 30 3 0 2 11 0 2 3 5 31 3 0 2 8 16 19 11 16 19 11 0 2 8 0 2 7 0 2 7 5 30 3 0 2 7 5 30 3 0 2 7 0 2 7 1 2 11 0 2 8 0 2 7 0 2 7 0 2 7 0 2 3 16 19 11 16 19 11 0 2 3 0 2 8 0 2 8 0 2 7 0 2 11 0 2 8 0 2 7 5 30 3 5 30 3 0 2 7 0 2 8 5 30 3 0 2 8 7.58833610115001317e-05 44.9131979942321777

Current Evaluation = 2700(2700)
Front Size = 10
16 6 2 1 2 7 0 2 7 0 2 7 0 2 7 16 31 2 17 18 2 1 2 7 1 2 7 1 2 7 0 2 7 1 2 7 1 2 7 0 2 7 5 30 3 17 9 2 0 2 7 12 16 2 0 2 4 0 2 7 0 2 7 0 2 7 1 2 7 0 2 7 5 31 3 1 2 4 0 2 7 0 2 7 0 2 7 0 2 7 0 2 7 0 2 7 0 2 7 1 2 7 5 31 3 16 6 2 1 2 7 0 2 4 5 31 3 1 2 7 0 40.4265387058258057
0 2 7 0 2 7 6 2 7 0 2 3 0 2 7 0 2 3 0 2 3 5 30 3 16 6 2 16 19 11 5 30 3 0 2 7 6 2 7 1 2 7 1 2 7 0 2 3 16 6 2 0 2 7 1 2 3 0 2 11 0 2 3 0 2 7 5 31 3 1 2 3 0 2 7 0 2 7 0 2 7 1 2 11 6 2 3 0 2 11 0 2 3 0 2 7 0 2 7 0 2 11 5 31 3 12 16 2 5 30 3 17 9 2 5 30 3 0 2 7 0 42.6099817752838135
12 16 2 0 2 7 0 2 7 0 2 7 0 2 7 16 15 2 17 18 2 8 18 2 1 2 7 0 2 7 16 19 11 0 2 7 0 2 7 0 2 7 0 2 3 1 2 7 5 31 3 17 18 2 1 2 7 0 2 7 0 2 7 1 2 7 1 2 4 1 2 7 5 30 3 0 2 7 1 2 7 0 2 7 0 2 7 0 2 7 12 16 2 0 2 3 6 2 7 1 2 7 5 30 3 0 2 3 8 9 2 0 2 7 5 30 3 0 2 7 0 41.6877135634422302
0 2 7 0 2 10 0 2 10 0 2 10 16 19 11 0 2 4 17 9 2 17 18 2 0 2 7 0 2 7 5 31 3 6 2 3 0 2 7 0 2 11 12 16 2 17 9 2 0 2 3 0 2 4 8 18 2 0 2 7 0 2 10 1 2 4 12 16 2 1 2 4 1 2 7 0 2 7 0 2 7 1 2 7 1 2 11 0 2 7 1 2 7 0 2 3 0 2 7 0 2 7 5 30 3 1 2 7 1 2 7 5 30 3 5 30 3 1 2 7 0 41.9801596403121948
0 2 7 0 2 7 0 2 8 0 2 8 17 18 2 17 18 2 6 2 8 0 2 7 16 6 2 16 19 11 5 30 3 0 2 11 0 2 8 0 2 8 0 2 11 5 31 3 5 30 3 6 2 8 0 2 8 0 2 8 0 2 8 6 2 8 0 2 8 0 2 8 0 2 12 16 19 11 0 2 8 12 16 2 0 2 11 5 30 3 0 2 8 0 2 8 0 2 11 0 2 11 5 31 3 6 2 11 0 2 7 5 30 3 5 31 3 0 2 8 7.11551603473860599e-07 45.3021029233932495
5 30 3 1 2 7 0 2 3 0 2 3 16 18 8 0 2 3 0 2 7 5 30 3 1 2 3 16 19 12 0 2 3 0 2 7 0 2 7 1 2 3 16 19 11 5 31 3 5 30 3 0 2 3 16 19 12 0 2 3 0 2 12 0 2 3 0 2 3 1 2 3 0 2 3 0 2 3 0 2 7 0 2 7 0 2 3 0 2 3 5 30 3 0 2 3 0 2 11 5 30 3 0 2 7 16 19 12 0 2 7 0 2 3 12 16 2 0 2 7 2.88950637707532132e-06 44.4306638240814209
5 30 3 0 2 12 1 2 8 0 2 8 16 2 3 1 2 12 0 2 2 5 30 12 0 2 12 16 18 11 1 2 8 0 30 3 0 2 8 1 2 3 16 19 11 5 30 3 0 9 3 0 2 8 0 2 8 1 2 3 0 2 1 0 2 8 1 16 2 0 2 3 0 2 3 0 2 8 8 18 3 0 2 8 0 2 11 0 2 3 16 9 8 1 2 3 0 2 11 0 2 3 1 2 12 5 9 1 0 2 3 1 2 8 12 16 2 0 2 11 664234.480450123083 45.1088554263114929
0 2 7 0 2 7 0 2 7 0 2 7 17 18 2 17 18 2 0 2 7 0 2 7 13 6 3 16 19 12 5 30 3 1 2 3 0 2 7 0 2 7 0 2 7 5 30 3 5 30 3 1 2 7 0 2 7 0 2 7 0 2 7 1 2 3 0 2 7 0 2 7 1 2 7 16 19 12 0 2 3 12 16 2 0 2 7 5 31 3 0 2 3 0 2 7 0 2 7 0 2 7 5 30 3 1 2 11 0 2 3 16 19 12 5 31 3 0 2 3 0 42.6011146306991577
16 9 1 1 2 12 1 2 3 0 2 3 1 2 3 16 9 12 0 2 12 0 2 12 0 2 12 16 18 1 1 2 3 0 2 3 1 2 3 1 2 3 0 2 3 5 30 3 0 2 3 1 2 3 1 2 3 1 2 3 0 2 1 0 2 3 1 2 3 0 2 3 0 2 3 1 2 3 0 2 3 0 2 3 1 2 11 1 2 12 1 2 3 1 2 3 1 2 11 1 2 3 1 2 12 16 9 1 1 2 3 1 2 3 0 2 3 0 2 3 0.00602534580878605775 43.721535325050354
16 9 1 1 2 7 0 2 7 0 2 7 0 2 7 16 9 2 17 18 2 0 2 12 1 2 12 1 18 7 0 2 3 1 2 3 1 2 7 1 2 7 0 2 3 5 30 3 0 2 3 12 16 3 0 2 4 0 2 7 0 2 7 0 2 3 1 2 7 0 2 3 0 31 3 1 2 4 0 2 3 0 2 7 0 2 11 1 2 12 0 2 7 0 2 3 0 2 11 1 2 7 5 31 3 16 6 1 1 2 7 1 2 4 0 2 3 1 2 3 292575.458314989286 41.7217071652412415

Current Evaluation = 3150(3150)
Front Size = 10
16 6 2 1 2 7 0 2 7 0 2 7 0 2 7 16 31 2 17 18 2 1 2 7 1 2 7 1 2 7 0 2 7 1 2 7 1 2 7 0 2 7 5 30 3 17 9 2 0 2 7 12 16 2 0 2 4 0 2 7 0 2 7 0 2 7 1 2 7 0 2 7 5 31 3 1 2 4 0 2 7 0 2 7 0 2 7 0 2 7 0 2 7 0 2 7 0 2 7 1 2 7 5 31 3 16 6 2 1 2 7 0 2 4 5 31 3 1 2 7 0 40.4265387058258057
16 9 1 1 2 12 1 2 3 0 2 3 1 2 3 16 9 12 0 2 12 0 2 12 0 2 12 16 18 1 1 2 3 0 2 3 1 2 3 1 2 3 0 2 3 5 30 3 0 2 3 1 2 3 1 2 3 1 2 3 0 2 1 0 2 3 1 2 3 0 2 3 0 2 3 1 2 3 0 2 3 0 2 3 1 2 11 1 2 12 1 2 3 1 2 3 1 2 11 1 2 3 1 2 12 16 9 1 1 2 3 1 2 3 0 2 3 0 2 3 0.00602534580878605775 43.721535325050354
0 2 3 1 2 7 5 30 3 0 2 7 0 2 3 0 2 7 12 16 2 0 2 7 0 2 3 16 9 11 17 9 2 1 2 3 0 2 7 0 2 3 0 2 7 17 9 2 0 2 7 12 16 2 0 2 7 0 2 7 1 2 4 0 2 7 0 2 4 1 2 4 0 2 3 1 2 11 1 2 4 1 2 3 1 2 7 1 2 7 1 2 7 0 2 7 1 2 4 1 2 7 5 31 3 12 16 2 0 2 4 0 2 4 5 31 3 12 16 2 0 42.0470617413520813
17 18 2 1 2 7 5 30 3 0 2 7 1 2 4 16 9 11 0 2 7 0 2 3 0 2 3 8 18 2 0 2 7 1 2 7 0 2 3 0 2 3 1 2 7 17 9 2 0 2 3 12 16 2 6 2 7 0 2 7 0 2 7 0 2 7 0 2 7 6 2 7 0 2 3 0 2 7 5 30 3 0 2 3 5 31 3 1 2 7 0 2 7 1 2 7 0 2 7 0 2 7 5 30 3 16 15 2 0 2 7 0 2 7 5 30 3 1 2 7 0 41.9589657187461853
0 2 7 0 2 7 5 31 3 5 30 3 0 2 7 0 2 7 17 18 2 0 2 7 1 2 4 5 30 3 16 15 2 16 19 11 0 2 7 1 2 7 0 2 7 5 31 3 1 2 7 8 9 2 0 2 7 0 2 7 0 2 7 1 2 7 1 2 7 0 2 7 17 18 2 0 2 7 1 2 7 5 30 3 0 2 7 1 2 7 0 2 7 0 2 7 1 2 7 0 2 7 0 2 7 0 2 7 0 2 7 0 2 7 6 2 4 17 18 2 0 41.2072336077690125
1 2 3 0 2 7 5 30 3 0 2 7 0 2 3 8 9 2 0 2 7 0 2 3 0 2 7 16 19 11 16 6 2 0 2 3 0 2 7 0 2 7 1 2 7 1 2 7 1 2 3 12 16 2 0 2 7 1 2 7 0 2 7 0 2 7 16 6 2 0 2 7 5 31 3 0 2 7 0 2 7 1 2 7 0 2 7 0 2 7 0 2 3 0 2 7 1 2 3 0 2 7 5 30 3 16 6 2 1 2 3 1 2 7 5 31 3 17 18 2 0 41.4777736663818359
0 2 11 0 2 8 0 2 11 0 2 7 16 19 13 0 2 7 6 2 8 0 2 7 0 2 8 16 19 11 16 19 11 0 2 8 0 2 3 0 2 8 0 2 7 5 30 3 5 30 3 12 16 2 0 2 3 0 2 8 0 2 11 0 2 11 5 31 3 0 2 8 5 30 3 0 2 8 0 2 8 0 2 8 0 2 3 5 30 3 0 2 11 0 2 7 0 2 11 0 2 11 5 30 3 0 2 11 16 19 11 17 18 2 5 30 3 0 2 8 4.0493442198840805e-07 45.5408306121826172
16 9 8 0 2 3 0 2 3 5 30 3 1 2 8 16 9 8 5 31 3 5 31 3 0 2 3 16 19 12 0 2 3 0 2 7 1 2 3 0 2 3 1 2 3 1 2 7 1 2 3 0 2 7 0 2 3 0 2 3 1 2 3 0 2 7 1 2 12 1 2 7 0 2 3 0 2 3 0 2 3 0 2 3 17 9 2 0 2 7 0 2 3 1 2 7 5 30 3 0 2 12 1 2 3 16 19 12 1 2 3 0 2 3 0 2 3 0 2 3 9.06592131840061203e-05 43.8601031303405762
16 9 3 1 2 7 1 2 3 0 2 3 0 2 3 16 2 7 12 2 2 0 2 7 0 2 12 16 9 1 17 2 2 0 2 3 0 2 3 0 2 3 0 2 3 17 30 3 0 2 7 1 2 3 1 2 7 1 2 7 1 2 1 0 2 3 1 2 4 0 2 3 0 2 3 1 2 3 1 2 3 0 2 3 1 2 7 1 2 7 1 2 3 1 2 3 1 2 4 1 2 3 5 2 3 12 9 2 1 2 3 1 2 4 5 2 3 12 16 2 755623.79842401878 43.0985144376754761
0 2 7 0 2 7 5 30 3 0 2 7 0 2 3 0 2 7 0 2 2 0 2 7 0 2 3 16 18 8 17 16 2 0 2 3 0 2 11 0 30 3 0 2 3 5 9 3 0 2 7 12 16 2 0 2 8 0 2 7 0 2 4 1 2 7 0 2 7 0 2 7 1 2 3 0 2 11 1 2 4 0 2 7 0 2 7 1 2 7 0 2 7 0 2 7 16 2 11 0 2 7 5 30 3 16 19 2 0 2 4 0 2 3 5 31 3 12 19 2 469543.515642287151 43.0346387624740601

Current Evaluation = 3600(3600)
Front Size = 10
16 6 2 1 2 7 0 2 7 0 2 7 0 2 7 16 31 2 17 18 2 1 2 7 1 2 7 1 2 7 0 2 7 1 2 7 1 2 7 0 2 7 5 30 3 17 9 2 0 2 7 12 16 2 0 2 4 0 2 7 0 2 7 0 2 7 1 2 7 0 2 7 5 31 3 1 2 4 0 2 7 0 2 7 0 2 7 0 2 7 0 2 7 0 2 7 0 2 7 1 2 7 5 31 3 16 6 2 1 2 7 0 2 4 5 31 3 1 2 7 0 40.4265387058258057
0 2 7 0 2 3 16 19 11 1 2 7 1 2 7 16 19 11 0 2 7 0 2 7 0 2 7 5 30 3 0 2 3 0 2 7 0 2 3 0 2 7 0 2 7 5 30 3 1 2 3 16 9 11 1 2 7 0 2 7 17 18 2 0 2 7 5 30 3 0 2 7 5 31 3 1 2 7 0 2 3 0 2 7 0 2 7 0 2 3 0 2 7 5 30 3 0 2 7 0 2 7 5 30 3 1 2 3 0 2 7 0 2 3 16 19 11 0 2 7 0 42.7723024487495422
0 2 11 0 2 8 0 2 11 0 2 7 16 19 13 0 2 7 6 2 8 0 2 7 0 2 8 16 19 11 16 19 11 0 2 8 0 2 3 0 2 8 0 2 7 5 30 3 5 30 3 12 16 2 0 2 3 0 2 8 0 2 11 0 2 11 5 31 3 0 2 8 5 30 3 0 2 8 0 2 8 0 2 8 0 2 3 5 30 3 0 2 11 0 2 7 0 2 11 0 2 11 5 30 3 0 2 11 16 19 11 17 18 2 5 30 3 0 2 8 4.0493442198840805e-07 45.5408306121826172
16 9 1 1 2 12 1 2 3 0 2 3 1 2 3 16 9 12 0 2 12 0 2 12 0 2 12 16 18 1 1 2 3 0 2 3 1 2 3 1 2 3 0 2 3 5 30 3 0 2 3 1 2 3 1 2 3 1 2 3 0 2 1 0 2 3 1 2 3 0 2 3 0 2 3 1 2 3 0 2 3 0 2 3 1 2 11 1 2 12 1 2 3 1 2 3 1 2 11 1 2 3 1 2 12 16 9 1 1 2 3 1 2 3 0 2 3 0 2 3 0.00602534580878605775 43.721535325050354
0 2 11 0 2 8 0 31 11 5 30 7 0 19 13 0 2 7 17 18 2 0 2 7 0 2 4 5 30 11 16 19 2 16 2 8 0 2 3 1 2 8 0 2 7 5 31 3 5 2 3 8 9 2 0 2 7 0 2 7 0 2 11 1 2 7 1 31 3 0 2 8 5 18 3 0 2 8 0 2 8 5 2 3 0 2 7 5 2 7 0 2 7 0 2 7 1 2 11 0 2 7 5 2 7 0 2 7 16 2 11 17 18 7 5 2 3 17 2 8 1660571.00354977022 45.6163185238838196
0 2 7 0 2 7 5 2 3 0 2 3 16 2 7 0 2 7 6 2 8 0 2 7 1 2 8 16 19 3 16 15 11 0 19 11 0 2 7 0 2 7 0 2 7 5 30 3 1 30 7 12 16 2 0 2 3 0 2 8 0 2 7 0 2 11 5 2 7 0 2 7 17 30 2 0 2 7 1 2 7 0 30 8 0 2 3 1 30 3 0 2 11 0 2 7 0 2 7 0 2 11 0 30 3 0 2 11 0 19 7 0 2 2 6 30 4 0 18 2 2177032.21527965786 41.1317464113235474
0 16 7 0 2 3 16 19 7 1 2 3 1 2 3 16 9 11 0 2 3 0 2 3 0 2 7 5 2 7 12 2 2 0 2 3 0 2 3 0 19 11 0 2 3 5 30 3 1 2 3 16 9 11 1 2 7 0 16 7 17 2 2 0 2 3 1 2 3 0 2 7 0 2 3 1 2 3 1 2 7 0 2 7 0 2 3 0 2 7 0 2 7 0 2 3 0 2 7 5 30 7 1 2 7 1 18 8 0 2 7 1 2 7 5 19 3 16 9 7 704922.172332935967 43.2816779613494873
17 9 2 0 2 3 5 30 3 1 2 7 1 2 7 0 2 7 12 16 2 0 2 7 0 2 7 0 2 7 1 2 7 0 2 4 0 2 3 0 2 3 1 2 7 5 30 3 1 2 7 1 2 7 0 2 7 0 2 7 17 9 2 0 2 7 12 16 2 0 2 7 0 2 7 8 9 2 5 30 3 1 2 7 1 2 7 16 19 11 0 2 7 0 2 7 0 2 7 13 6 3 5 31 3 16 30 2 0 2 3 0 2 7 1 2 7 12 16 2 0 41.3656575679779053
0 2 7 0 2 3 5 31 3 12 30 2 0 2 7 0 2 7 17 2 7 0 2 3 0 2 7 5 2 3 16 18 2 0 19 7 0 2 4 17 18 7 0 2 7 5 31 3 5 2 3 8 9 2 1 2 7 6 2 7 0 2 7 1 2 7 1 2 7 1 2 7 0 18 2 0 2 7 1 2 7 5 2 3 1 2 7 12 2 2 0 2 7 1 2 7 1 2 4 0 2 7 0 2 7 0 2 7 0 2 7 0 2 7 6 2 7 17 18 2 948312.609239508165 42.2602364420890808
0 2 7 0 2 7 5 30 3 5 16 3 17 9 2 0 2 4 0 18 2 1 2 7 1 2 4 0 30 3 16 15 11 16 2 11 1 2 7 1 2 2 13 6 3 5 31 3 1 30 7 12 16 2 0 2 7 0 2 7 0 2 4 0 2 3 1 2 11 0 2 3 17 2 7 1 2 4 0 2 7 1 30 3 0 2 7 1 16 7 0 2 3 0 2 7 1 2 7 0 2 7 0 2 7 0 2 4 1 2 7 0 2 3 0 2 4 17 18 2 1097888.37737776968 40.377531886100769

Current Evaluation = 4050(4050)
Front Size = 10
16 6 2 1 2 7 0 2 7 0 2 7 0 2 7 16 31 2 17 18 2 1 2 7 1 2 7 1 2 7 0 2 7 1 2 7 1 2 7 0 2 7 5 30 3 17 9 2 0 2 7 12 16 2 0 2 4 0 2 7 0 2 7 0 2 7 1 2 7 0 2 7 5 31 3 1 2 4 0 2 7 0 2 7 0 2 7 0 2 7 0 2 7 0 2 7 0 2 7 1 2 7 5 31 3 16 6 2 1 2 7 0 2 4 5 31 3 1 2 7 0 40.4265387058258057
16 9 1 1 2 12 1 2 3 0 2 3 1 2 3 16 9 12 0 2 12 0 2 12 0 2 12 16 18 1 1 2 3 0 2 3 1 2 3 1 2 3 0 2 3 5 30 3 0 2 3 1 2 3 1 2 3 1 2 3 0 2 1 0 2 3 1 2 3 0 2 3 0 2 3 1 2 3 0 2 3 0 2 3 1 2 11 1 2 12 1 2 3 1 2 3 1 2 11 1 2 3 1 2 12 16 9 1 1 2 3 1 2 3 0 2 3 0 2 3 0.00602534580878605775 43.721535325050354
17 9 2 0 2 7 5 30 3 1 2 7 1 2 4 0 2 4 12 16 2 0 2 7 0 2 7 0 2 4 0 2 7 1 2 4 1 2 7 1 2 7 0 2 7 5 31 3 1 2 7 0 2 7 0 2 4 1 2 4 17 9 2 1 2 7 12 16 2 0 2 7 0 2 7 8 9 2 0 2 4 0 2 10 1 2 7 17 9 2 0 2 7 1 2 7 0 2 7 13 6 3 5 30 3 17 9 2 0 2 7 0 2 7 1 2 7 12 16 2 0 40.6450196504592896
0 2 11 0 2 8 0 2 11 0 2 7 16 19 13 0 2 7 6 2 8 0 2 7 0 2 8 16 19 11 16 19 11 0 2 8 0 2 3 0 2 8 0 2 7 5 30 3 5 30 3 12 16 2 0 2 3 0 2 8 0 2 11 0 2 11 5 31 3 0 2 8 5 30 3 0 2 8 0 2 8 0 2 8 0 2 3 5 30 3 0 2 11 0 2 7 0 2 11 0 2 11 5 30 3 0 2 11 16 19 11 17 18 2 5 30 3 0 2 8 4.0493442198840805e-07 45.5408306121826172
17 18 2 0 2 11 6 2 7 0 2 7 0 2 7 0 2 7 1 2 11 0 2 7 0 2 11 0 2 7 0 2 7 0 2 7 0 2 3 6 2 7 0 2 11 16 19 11 0 2 7 12 16 2 0 2 7 0 2 11 5 31 3 1 2 7 5 31 3 12 16 2 0 2 7 0 2 7 17 9 2 0 2 11 6 2 7 5 30 3 1 2 7 1 2 7 0 2 7 13 6 3 5 30 3 5 30 3 0 2 7 12 16 2 5 30 3 16 6 2 0 42.2169297337532043
16 30 2 0 2 3 0 2 7 1 2 7 0 2 10 16 19 11 12 16 2 0 2 4 0 2 7 6 2 3 0 2 3 0 2 7 1 2 7 1 2 7 0 2 7 5 31 3 0 2 7 12 16 2 0 2 7 0 2 7 0 2 7 0 2 7 12 16 2 6 2 3 5 30 3 0 2 7 0 2 3 0 2 7 0 2 7 5 30 3 0 2 7 0 2 7 0 2 3 1 2 7 5 31 3 16 6 2 12 16 2 1 2 7 5 31 3 16 18 8 0 42.4795194864273071
16 6 2 0 2 3 0 2 3 16 19 12 0 2 7 16 19 11 0 2 7 0 2 3 0 2 3 16 19 12 0 2 3 0 2 7 1 2 11 0 2 7 0 2 3 5 30 3 9 2 7 12 16 2 1 2 3 0 2 3 0 2 3 0 2 3 1 2 3 0 2 3 5 30 3 0 2 3 0 2 3 0 2 7 0 2 12 5 30 3 0 2 3 0 2 7 0 2 3 0 2 3 5 31 3 5 30 3 16 19 12 0 2 7 5 30 3 0 2 7 0 44.350111722946167
16 6 7 1 2 7 0 2 3 0 2 7 0 2 7 16 19 2 17 2 7 1 2 7 1 2 12 1 2 1 5 31 7 1 2 7 1 2 3 0 2 3 5 30 3 17 9 3 0 2 3 1 2 7 0 2 4 0 2 7 0 2 7 0 2 7 1 2 7 0 2 7 5 31 3 1 2 4 0 2 7 0 2 3 1 2 7 1 2 7 0 2 3 0 2 7 0 2 7 1 2 3 5 9 3 5 6 3 13 6 3 0 2 4 5 31 3 1 2 7 148838.844186907168 41.9888941049575806
17 9 2 1 2 3 1 2 7 0 2 7 1 2 7 5 30 3 0 2 7 0 2 3 0 2 7 0 2 11 1 2 7 0 2 7 0 2 7 1 2 11 0 2 7 8 18 2 0 2 7 12 16 2 0 2 7 0 2 7 16 19 11 0 2 7 0 2 7 12 16 2 8 18 2 0 2 3 12 16 2 0 2 7 0 2 7 5 30 3 0 2 7 1 2 7 0 2 7 5 30 3 5 30 3 16 6 2 8 9 2 0 2 7 5 30 3 16 19 11 0 42.4530103206634521
17 9 2 0 2 7 0 2 7 0 2 7 0 2 7 0 2 7 12 16 2 0 2 7 0 2 7 0 2 7 6 2 7 0 2 7 0 2 7 6 2 7 6 2 11 0 2 7 1 2 11 0 2 7 0 2 11 5 31 3 0 2 7 0 2 7 16 6 2 0 2 7 0 2 7 0 2 7 16 19 11 1 2 7 6 2 7 5 31 3 1 2 7 0 2 7 0 2 7 16 19 11 5 30 3 17 18 2 5 31 3 1 2 7 5 31 3 5 30 3 0 42.0505296587944031

Current Evaluation = 4500(4500)
Front Size = 10
16 6 2 1 2 7 0 2 7 0 2 7 0 2 7 16 31 2 17 18 2 1 2 7 1 2 7 1 2 7 0 2 7 1 2 7 1 2 7 0 2 7 5 30 3 17 9 2 0 2 7 12 16 2 0 2 4 0 2 7 0 2 7 0 2 7 1 2 7 0 2 7 5 31 3 1 2 4 0 2 7 0 2 7 0 2 7 0 2 7 0 2 7 0 2 7 0 2 7 1 2 7 5 31 3 16 6 2 1 2 7 0 2 4 5 31 3 1 2 7 0 40.4265387058258057
0 2 11 0 2 8 0 2 11 0 2 7 16 19 13 0 2 7 6 2 8 0 2 7 0 2 8 16 19 11 16 19 11 0 2 8 0 2 3 0 2 8 0 2 7 5 30 3 5 30 3 12 16 2 0 2 3 0 2 8 0 2 11 0 2 11 5 31 3 0 2 8 5 30 3 0 2 8 0 2 8 0 2 8 0 2 3 5 30 3 0 2 11 0 2 7 0 2 11 0 2 11 5 30 3 0 2 11 16 19 11 17 18 2 5 30 3 0 2 8 4.0493442198840805e-07 45.5408306121826172
16 6 2 0 2 3 0 2 3 16 19 12 0 2 7 16 19 11 0 2 7 0 2 3 0 2 3 16 19 12 0 2 3 0 2 7 1 2 11 0 2 7 0 2 3 5 30 3 9 2 7 12 16 2 1 2 3 0 2 3 0 2 3 0 2 3 1 2 3 0 2 3 5 30 3 0 2 3 0 2 3 0 2 7 0 2 12 5 30 3 0 2 3 0 2 7 0 2 3 0 2 3 5 31 3 5 30 3 16 19 12 0 2 7 5 30 3 0 2 7 0 44.350111722946167
16 9 1 1 2 12 1 2 3 0 2 3 1 2 3 16 9 12 0 2 12 0 2 12 0 2 12 16 18 1 1 2 3 0 2 3 1 2 3 1 2 3 0 2 3 5 30 3 0 2 3 1 2 3 1 2 3 1 2 3 0 2 1 0 2 3 1 2 3 0 2 3 0 2 3 1 2 3 0 2 3 0 2 3 1 2 11 1 2 12 1 2 3 1 2 3 1 2 11 1 2 3 1 2 12 16 9 1 1 2 3 1 2 3 0 2 3 0 2 3 0.00602534580878605775 43.721535325050354
17 9 2 0 2 7 5 30 3 1 2 7 1 2 4 0 2 4 12 16 2 0 2 7 0 2 7 0 2 4 0 2 7 1 2 4 1 2 7 1 2 7 0 2 7 5 31 3 1 2 7 0 2 7 0 2 4 1 2 4 17 9 2 1 2 7 12 16 2 0 2 7 0 2 7 8 9 2 0 2 4 0 2 10 1 2 7 17 9 2 0 2 7 1 2 7 0 2 7 13 6 3 5 30 3 17 9 2 0 2 7 0 2 7 1 2 7 12 16 2 0 40.6450196504592896
0 2 7 0 2 7 16 19 11 0 2 7 0 2 1 0 2 7 12 16 2 0 2 7 0 2 7 1 2 7 0 2 7 6 2 7 0 2 7 8 18 2 15 2 11 5 30 3 0 2 4 0 2 7 0 2 7 0 2 11 17 18 2 0 2 7 12 16 2 1 2 10 5 30 3 1 2 7 0 2 7 0 2 11 0 2 7 0 2 7 1 2 7 0 2 7 12 16 2 8 18 2 5 30 3 5 30 3 5 30 3 17 9 2 1 2 7 16 19 11 0 42.5890864729881287
12 16 2 0 2 7 0 2 7 16 19 13 0 2 7 1 2 7 0 2 7 0 2 7 0 2 7 0 2 7 0 2 7 1 2 7 1 2 7 0 2 7 0 2 7 16 6 2 0 2 7 12 16 2 1 2 7 0 2 7 0 2 7 0 2 7 5 30 3 0 2 7 5 31 3 16 6 2 0 2 7 6 2 7 1 2 7 0 2 7 6 2 7 0 2 4 0 2 7 5 31 3 5 31 3 0 2 7 16 19 13 17 18 2 5 31 3 0 2 7 0 41.6298596858978271
16 16 2 12 16 7 5 30 7 16 2 13 0 2 7 16 19 11 0 2 7 0 2 7 0 2 3 16 9 7 0 2 7 1 2 7 1 2 13 0 30 7 5 30 7 5 6 3 0 2 7 0 2 2 0 2 7 0 2 7 0 2 7 0 2 7 0 2 3 0 2 3 5 30 3 16 16 2 0 2 7 0 2 7 1 2 3 0 2 7 0 2 11 0 2 3 0 2 8 5 31 7 5 31 3 0 2 3 16 19 11 0 18 2 5 31 3 0 2 7 766769.35462803382 43.1990157961845398
17 6 2 0 2 3 0 30 3 16 19 7 1 2 4 0 2 4 0 2 2 0 2 7 0 2 7 0 31 3 0 2 4 0 2 3 1 2 7 0 2 7 16 6 2 5 2 7 1 2 7 12 16 2 0 2 4 1 2 7 17 2 3 0 2 7 0 2 7 1 2 7 0 2 7 1 9 7 0 2 4 0 2 10 1 2 3 0 9 3 0 16 7 0 2 7 0 2 7 13 30 3 5 31 3 17 6 2 0 2 2 0 2 7 5 30 7 1 16 7 1045312.77456980257 40.0118299722671509
16 6 2 0 2 3 0 2 7 16 19 11 0 2 3 0 2 7 0 2 3 0 2 7 0 2 7 5 31 3 0 2 4 0 2 3 1 2 3 0 2 7 16 6 2 0 2 7 0 2 7 12 16 2 0 2 7 1 2 7 0 2 3 0 2 7 0 2 7 1 2 7 5 31 3 1 2 7 0 2 7 0 2 7 0 2 3 0 2 3 12 16 2 0 2 7 1 2 7 5 30 3 5 31 3 16 6 2 16 30 2 0 2 7 5 30 3 1 2 7 0 41.8157286643981934

Current Evaluation = 4950(4950)
Front Size = 10
16 6 2 1 2 7 0 2 7 0 2 7 0 2 7 16 31 2 17 18 2 1 2 7 1 2 7 1 2 7 0 2 7 1 2 7 1 2 7 0 2 7 5 30 3 17 9 2 0 2 7 12 16 2 0 2 4 0 2 7 0 2 7 0 2 7 1 2 7 0 2 7 5 31 3 1 2 4 0 2 7 0 2 7 0 2 7 0 2 7 0 2 7 0 2 7 0 2 7 1 2 7 5 31 3 16 6 2 1 2 7 0 2 4 5 31 3 1 2 7 0 40.4265387058258057
16 6 2 5 30 3 6 2 3 6 2 7 0 2 7 16 19 11 16 19 11 0 2 7 0 2 7 0 2 7 6 2 7 5 31 3 0 2 7 1 2 3 17 18 2 5 31 3 0 2 7 0 2 7 12 16 2 0 2 7 0 2 7 1 2 7 0 2 7 0 2 7 0 2 7 0 2 3 1 2 7 0 2 7 5 30 3 0 2 7 0 2 7 5 30 3 1 2 7 0 2 7 5 31 3 16 19 12 0 2 7 0 2 7 0 2 3 0 2 7 0 42.3211685419082642
16 9 1 1 2 12 1 2 3 0 2 3 1 2 3 16 9 12 0 2 12 0 2 12 0 2 12 16 18 1 1 2 3 0 2 3 1 2 3 1 2 3 0 2 3 5 30 3 0 2 3 1 2 3 1 2 3 1 2 3 0 2 1 0 2 3 1 2 3 0 2 3 0 2 3 1 2 3 0 2 3 0 2 3 1 2 11 1 2 12 1 2 3 1 2 3 1 2 11 1 2 3 1 2 12 16 9 1 1 2 3 1 2 3 0 2 3 0 2 3 0.00602534580878605775 43.721535325050354
1 2 7 0 2 7 0 2 7 0 2 3 16 19 11 16 19 12 0 2 3 0 2 7 0 2 3 16 19 11 0 2 7 1 2 3 0 2 7 0 2 12 5 31 3 5 30 3 0 2 12 12 16 2 0 2 3 0 2 3 6 2 3 0 2 3 0 2 3 0 2 3 5 30 3 1 2 7 0 2 3 0 2 3 0 2 3 5 30 3 0 2 11 0 2 7 0 2 3 0 2 7 5 30 3 16 6 2 16 19 11 0 2 3 5 30 3 0 2 3 3.56685840015680483e-07 44.0673396587371826
0 2 11 0 2 8 0 2 11 0 2 7 16 19 13 0 2 7 6 2 8 0 2 7 0 2 8 16 19 11 16 19 11 0 2 8 0 2 3 0 2 8 0 2 7 5 30 3 5 30 3 12 16 2 0 2 3 0 2 8 0 2 11 0 2 11 5 31 3 0 2 8 5 30 3 0 2 8 0 2 8 0 2 8 0 2 3 5 30 3 0 2 11 0 2 7 0 2 11 0 2 11 5 30 3 0 2 11 16 19 11 17 18 2 5 30 3 0 2 8 4.0493442198840805e-07 45.5408306121826172
17 9 2 1 2 7 5 2 3 1 2 8 0 2 7 0 2 7 0 16 2 0 2 3 1 2 7 0 2 12 0 2 11 13 6 8 0 2 8 0 2 7 16 2 4 5 31 3 12 16 7 0 2 7 0 2 3 1 2 7 17 9 2 0 2 7 5 30 2 0 2 7 1 2 7 5 30 7 0 2 3 0 2 7 1 2 3 17 9 3 5 30 7 0 2 7 0 2 7 5 30 3 16 19 3 17 30 3 0 2 7 0 2 8 1 31 4 0 2 8 999384.404919267981 42.2521911263465881
16 6 1 1 2 7 1 2 7 0 2 7 1 2 7 16 31 2 0 2 2 1 2 12 0 2 7 1 2 1 0 2 3 0 2 3 1 2 3 0 2 3 5 30 3 17 9 2 0 2 7 1 16 3 0 2 4 1 2 7 0 2 7 0 2 7 1 2 7 0 2 3 0 31 3 1 2 4 0 2 7 0 2 7 1 2 7 1 2 7 0 2 3 0 2 7 0 2 7 1 2 7 1 2 3 16 9 1 1 2 3 0 2 3 0 31 3 0 2 7 431272.525282277144 40.7569871544837952
16 6 1 1 2 7 1 2 3 0 2 7 1 2 3 16 31 12 0 2 2 0 2 12 0 2 12 16 18 1 1 2 3 1 2 7 1 2 7 0 2 7 5 2 3 17 9 2 0 2 7 12 16 3 1 2 3 1 2 3 0 2 7 0 2 3 1 2 3 0 2 3 0 31 3 1 2 4 0 2 3 0 2 7 1 2 11 1 2 12 0 2 3 1 2 3 0 2 7 1 2 7 1 31 12 16 9 2 1 2 3 1 2 3 5 2 3 0 2 3 854120.005480433232 42.296691358089447
16 19 12 0 2 8 0 30 8 0 2 7 0 2 7 0 2 7 12 2 12 0 2 7 0 2 4 16 19 7 0 2 3 0 2 3 0 2 7 1 2 3 0 9 8 5 31 3 1 2 2 0 2 7 1 2 7 1 2 3 0 2 8 1 2 3 12 16 3 0 2 3 0 2 8 1 2 3 0 2 7 0 2 4 0 2 7 0 2 2 0 2 3 6 2 7 0 2 4 13 6 3 5 30 12 5 9 2 0 2 8 16 9 7 5 2 3 12 16 2 1180944.56187259732 43.3795834183692932
16 19 12 0 2 8 0 2 8 0 2 8 0 2 7 0 2 7 0 2 12 0 2 3 1 2 7 16 19 12 0 2 11 0 2 8 0 2 8 0 2 3 16 9 8 5 31 3 12 16 2 0 2 7 0 2 3 1 2 3 0 2 8 0 2 3 5 30 3 0 2 3 1 2 8 1 2 7 0 2 3 0 2 7 0 2 3 0 2 3 5 30 3 0 2 7 0 2 7 5 30 3 16 19 12 5 30 3 0 2 8 16 9 8 5 31 3 0 2 8 5.37899976898240898e-05 45.0787103176116943

Current Evaluation = 5400(5400)
Front Size = 10
16 6 2 1 2 7 0 2 7 0 2 7 0 2 7 16 31 2 17 18 2 1 2 7 1 2 7 1 2 7 0 2 7 1 2 7 1 2 7 0 2 7 5 30 3 17 9 2 0 2 7 12 16 2 0 2 4 0 2 7 0 2 7 0 2 7 1 2 7 0 2 7 5 31 3 1 2 4 0 2 7 0 2 7 0 2 7 0 2 7 0 2 7 0 2 7 0 2 7 1 2 7 5 31 3 16 6 2 1 2 7 0 2 4 5 31 3 1 2 7 0 40.4265387058258057
0 2 3 0 2 7 0 2 7 0 2 7 1 2 7 5 31 3 16 6 2 1 2 3 0 2 7 1 2 7 0 2 4 1 2 3 0 2 7 1 2 3 0 2 7 1 2 7 0 2 4 0 2 3 0 2 7 0 2 7 1 2 3 0 2 7 17 18 2 0 2 7 0 2 3 1 2 3 16 9 11 5 31 3 0 2 7 0 2 7 1 2 7 0 2 3 1 2 7 17 9 2 5 30 3 12 16 2 0 2 7 1 2 7 1 2 3 1 2 7 0 41.5271719098091125
16 6 2 5 30 3 0 2 7 0 2 7 0 2 7 17 1 2 5 31 3 0 2 7 1 2 11 0 2 7 0 2 7 5 30 3 16 19 11 1 2 7 0 2 7 0 2 7 0 2 7 6 2 7 0 2 7 0 2 7 0 2 7 0 2 7 12 16 2 1 2 7 0 2 7 0 2 7 0 2 7 5 30 3 5 31 3 0 2 7 0 2 7 12 16 2 0 2 7 17 9 2 5 31 3 16 6 2 0 2 7 6 2 7 0 2 7 0 2 7 0 41.6497724056243896
16 6 2 5 31 3 0 2 7 0 2 7 0 2 7 17 18 2 6 2 4 1 2 7 0 2 7 0 2 7 1 2 7 5 31 3 16 6 2 0 2 7 0 2 7 0 2 7 0 2 4 6 2 7 1 2 7 0 2 7 1 2 4 0 2 7 16 6 2 1 2 7 0 2 7 0 2 7 0 2 7 5 31 3 5 30 3 0 2 7 0 2 7 12 16 2 0 2 7 17 9 2 5 31 3 1 2 7 0 2 7 0 2 7 0 2 7 1 2 11 0 40.8458486795425415
0 2 7 5 31 3 0 2 7 1 2 7 0 2 3 17 18 2 5 31 3 1 2 7 0 2 7 16 19 11 16 19 11 0 2 7 16 19 11 1 2 7 0 2 7 1 2 7 0 2 7 5 30 3 6 2 7 0 2 7 0 2 7 1 2 7 12 16 2 0 2 7 0 2 7 0 2 7 0 2 7 0 2 7 5 30 3 0 2 7 0 2 7 5 30 3 0 2 7 0 2 3 5 30 3 16 9 11 0 2 3 0 2 7 0 2 7 1 2 3 0 42.5261204242706299
0 2 11 0 2 8 0 2 11 0 2 7 16 19 13 0 2 7 6 2 8 0 2 7 0 2 8 16 19 11 16 19 11 0 2 8 0 2 3 0 2 8 0 2 7 5 30 3 5 30 3 12 16 2 0 2 3 0 2 8 0 2 11 0 2 11 5 31 3 0 2 8 5 30 3 0 2 8 0 2 8 0 2 8 0 2 3 5 30 3 0 2 11 0 2 7 0 2 11 0 2 11 5 30 3 0 2 11 16 19 11 17 18 2 5 30 3 0 2 8 4.0493442198840805e-07 45.5408306121826172
0 2 11 0 2 11 0 2 7 0 2 3 0 2 11 17 9 2 0 2 11 0 2 7 0 2 3 0 2 7 1 2 11 0 2 7 16 19 11 0 2 7 1 2 8 0 2 7 0 2 3 0 2 11 0 2 7 0 2 7 0 2 3 1 2 11 12 16 2 8 9 2 16 9 11 5 30 3 5 30 3 5 30 3 0 2 11 0 2 7 1 2 11 0 2 3 5 30 3 12 16 2 5 30 3 0 2 7 0 2 7 16 19 11 5 30 3 0 2 7 0 43.8530705571174622
16 9 1 1 2 12 1 2 3 0 2 3 1 2 3 16 9 12 0 2 12 0 2 12 0 2 12 16 18 1 1 2 3 0 2 3 1 2 3 1 2 3 0 2 3 5 30 3 0 2 3 1 2 3 1 2 3 1 2 3 0 2 1 0 2 3 1 2 3 0 2 3 0 2 3 1 2 3 0 2 3 0 2 3 1 2 11 1 2 12 1 2 3 1 2 3 1 2 11 1 2 3 1 2 12 16 9 1 1 2 3 1 2 3 0 2 3 0 2 3 0.00602534580878605775 43.721535325050354
16 2 3 1 2 7 0 2 7 0 2 3 1 2 3 5 9 12 0 6 2 1 2 3 0 2 12 1 2 1 1 2 4 0 2 3 1 2 7 1 2 3 0 2 7 1 2 3 0 2 4 0 2 3 1 2 7 1 2 3 0 2 3 0 2 3 1 2 2 0 2 3 0 2 3 1 2 3 16 9 11 0 2 3 0 2 11 1 2 12 1 2 3 1 2 3 1 2 7 1 9 2 1 30 12 16 9 2 0 2 7 1 2 3 1 2 3 1 2 3 718289.39478897443 41.8609094023704529
16 6 2 5 2 7 0 2 7 0 2 7 0 2 7 16 31 2 6 2 2 1 2 7 1 2 7 1 2 7 1 2 7 5 31 3 1 6 2 0 2 7 0 30 3 0 2 2 0 2 7 6 2 2 1 2 7 0 2 7 1 2 7 0 2 7 16 6 2 0 2 7 0 31 3 0 2 4 0 2 7 5 2 3 0 2 3 0 2 7 0 2 7 12 16 2 0 2 7 17 9 2 5 31 3 16 6 2 1 2 7 0 2 7 5 31 3 1 2 7 906441.511110113584 40.5785681009292603

Current Evaluation = 5850(5850)
Front Size = 10
5 31 3 1 2 7 0 2 7 1 2 7 1 2 7 5 31 3 0 2 7 0 2 7 0 2 7 0 2 7 0 2 7 0 2 7 1 2 7 0 2 7 17 18 2 1 2 7 0 2 7 17 1 2 0 2 7 0 2 7 0 2 7 0 2 7 17 18 2 1 2 7 1 2 7 5 31 3 1 2 7 0 2 7 0 2 7 0 2 7 1 2 7 0 2 7 0 2 7 17 18 2 5 30 3 16 30 2 0 2 7 1 2 7 1 2 7 6 2 7 0 40.40948885679245
16 19 11 0 2 8 0 2 8 0 2 7 16 19 11 5 30 3 0 2 7 0 2 8 0 2 8 0 2 8 1 2 8 1 2 8 0 2 11 0 2 3 1 2 3 16 18 8 0 2 11 5 30 3 0 2 11 0 2 7 1 2 8 0 2 8 12 16 2 0 2 8 5 30 3 5 30 3 8 9 2 0 2 7 0 2 3 12 16 2 0 2 8 0 2 8 0 2 3 5 30 3 5 30 3 0 2 8 0 2 11 8 9 2 17 9 2 0 2 7 0 45.2133241891860962
16 31 2 0 2 7 0 2 7 1 2 7 0 2 7 5 30 3 17 18 2 16 6 2 0 2 7 0 2 7 0 2 7 0 2 7 0 2 7 1 2 7 5 31 3 1 2 7 1 2 7 12 16 2 0 2 7 1 2 7 16 6 2 0 2 7 0 2 4 0 2 7 17 9 2 1 2 7 0 2 7 0 2 7 0 2 7 0 2 7 1 2 7 0 2 7 1 2 7 1 2 7 5 31 3 1 2 4 1 2 4 0 2 7 5 31 3 0 2 7 0 40.4265387058258057
16 6 2 0 2 7 0 2 7 17 18 2 1 2 7 8 9 2 0 2 7 1 2 7 0 2 11 5 30 3 13 6 3 17 9 2 1 2 7 0 2 7 0 2 4 5 31 3 0 2 7 0 2 7 1 2 7 0 2 7 0 2 7 1 2 7 5 31 3 0 2 7 0 2 7 1 2 7 0 2 7 5 30 3 0 2 7 0 2 7 1 2 7 5 30 3 1 2 11 17 9 2 17 9 2 0 2 7 1 2 4 1 2 11 0 2 7 0 2 7 0 40.792198657989502
17 18 2 5 30 3 0 2 7 1 2 7 0 2 7 17 18 2 5 31 3 1 2 7 0 2 7 1 2 7 0 2 7 0 2 3 1 2 7 0 2 7 1 2 7 0 2 4 0 2 7 1 2 7 0 2 7 13 6 3 1 2 7 1 2 3 12 16 2 0 2 7 0 2 4 0 2 7 0 2 7 5 30 3 5 30 3 6 2 7 0 2 3 1 2 7 0 2 7 17 9 2 5 30 3 16 31 2 0 2 7 0 2 7 1 2 7 0 2 7 0 40.8608606457710266
0 2 3 0 2 7 0 2 7 0 2 7 1 2 7 5 31 3 16 6 2 1 2 3 0 2 7 1 2 7 0 2 4 1 2 3 0 2 7 1 2 3 0 2 7 1 2 7 0 2 4 0 2 3 0 2 7 0 2 7 1 2 3 0 2 7 17 18 2 0 2 7 0 2 3 1 2 3 16 9 11 5 31 3 0 2 7 0 2 7 1 2 7 0 2 3 1 2 7 17 9 2 5 30 3 12 16 2 0 2 7 1 2 7 1 2 3 1 2 7 0 41.5271719098091125
16 19 11 5 30 3 1 2 3 1 2 7 1 2 3 0 2 3 5 31 3 0 2 3 0 2 7 5 30 3 0 2 3 1 2 7 16 19 11 12 16 2 0 2 7 0 2 3 0 2 3 0 2 7 0 2 3 0 2 7 0 2 7 0 2 7 16 18 11 0 2 7 1 2 7 0 2 3 6 2 3 0 2 7 0 2 7 0 2 7 5 30 3 12 16 2 0 2 3 0 2 3 0 2 3 16 6 2 0 2 3 0 2 3 5 30 3 1 2 7 0 43.2196995615959167
12 16 2 0 2 7 1 2 7 0 2 3 1 2 7 16 30 2 17 9 2 1 2 7 0 2 7 0 2 7 0 2 7 1 2 7 1 2 3 0 2 7 5 30 3 1 2 7 0 2 4 12 16 2 0 2 7 1 2 7 0 2 7 0 2 7 13 6 3 0 2 7 0 2 3 5 30 3 0 2 7 0 2 7 0 2 7 16 30 2 17 18 2 0 2 7 0 2 7 5 30 3 5 31 3 0 2 7 1 2 7 1 2 7 5 31 3 0 2 7 0 40.9543017148971558
16 9 1 1 2 12 1 2 3 0 2 3 1 2 3 16 9 12 0 2 12 0 2 12 0 2 12 16 18 1 1 2 3 0 2 3 1 2 3 1 2 3 0 2 3 5 30 3 0 2 3 1 2 3 1 2 3 1 2 3 0 2 1 0 2 3 1 2 3 0 2 3 0 2 3 1 2 3 0 2 3 0 2 3 1 2 11 1 2 12 1 2 3 1 2 3 1 2 11 1 2 3 1 2 12 16 9 1 1 2 3 1 2 3 0 2 3 0 2 3 0.00602534580878605775 43.721535325050354
16 18 11 0 2 8 0 2 8 1 2 7 16 2 11 5 30 3 5 2 3 1 2 8 0 2 7 1 2 8 1 2 7 0 2 8 0 2 11 0 2 7 1 2 3 16 18 8 0 2 7 5 30 7 0 2 7 13 6 7 1 2 7 1 2 8 12 16 2 0 2 8 5 30 4 0 2 3 8 2 7 5 2 7 5 30 3 12 2 7 0 2 3 0 2 8 0 2 7 17 30 3 5 30 3 16 31 8 0 2 11 0 2 7 1 9 2 0 2 7 803921.499488299596 43.4891781210899353

Current Evaluation = 6300(6300)
Front Size = 10
5 31 3 1 2 7 0 2 7 1 2 7 1 2 7 5 31 3 0 2 7 0 2 7 0 2 7 0 2 7 0 2 7 0 2 7 1 2 7 0 2 7 17 18 2 1 2 7 0 2 7 17 1 2 0 2 7 0 2 7 0 2 7 0 2 7 17 18 2 1 2 7 1 2 7 5 31 3 1 2 7 0 2 7 0 2 7 0 2 7 1 2 7 0 2 7 0 2 7 17 18 2 5 30 3 16 30 2 0 2 7 1 2 7 1 2 7 6 2 7 0 40.40948885679245
1 2 3 0 2 7 0 2 7 16 19 11 0 2 7 8 18 2 0 2 4 0 2 7 1 2 7 1 2 7 0 2 7 0 2 7 1 2 7 1 2 7 16 19 11 5 30 3 0 2 7 16 6 2 0 2 3 0 2 3 1 2 7 0 2 7 17 18 2 0 2 7 5 30 3 1 2 3 0 2 7 5 30 3 0 2 7 0 2 3 0 2 7 0 2 3 0 2 11 17 18 2 5 31 3 0 2 7 1 2 3 1 2 7 1 2 7 0 2 3 0 41.8083857297897339
16 6 2 1 2 7 0 2 7 17 18 2 0 2 7 8 9 2 0 2 7 1 2 7 0 2 7 5 30 3 13 6 3 17 9 2 1 2 7 0 2 7 0 2 4 5 31 3 0 2 7 0 2 7 1 2 11 0 2 4 0 2 7 1 2 7 5 31 3 0 2 7 0 2 7 1 2 7 0 2 7 5 30 3 0 2 7 0 2 7 1 2 11 5 30 3 0 2 7 17 9 2 17 9 2 0 2 7 1 2 11 1 2 7 1 2 7 0 2 7 0 40.7921985387802124
16 9 1 1 2 12 1 2 3 0 2 3 1 2 3 16 9 12 0 2 12 0 2 12 0 2 12 16 18 1 1 2 3 0 2 3 1 2 3 1 2 3 0 2 3 5 30 3 0 2 3 1 2 3 1 2 3 1 2 3 0 2 1 0 2 3 1 2 3 0 2 3 0 2 3 1 2 3 0 2 3 0 2 3 1 2 11 1 2 12 1 2 3 1 2 3 1 2 11 1 2 3 1 2 12 16 9 1 1 2 3 1 2 3 0 2 3 0 2 3 0.00602534580878605775 43.721535325050354
0 2 7 5 30 3 0 2 7 16 19 11 1 2 7 5 31 3 0 2 7 1 2 7 0 2 3 8 9 2 0 2 7 1 2 7 0 2 7 0 2 11 16 19 11 5 30 3 0 2 7 16 19 11 1 2 7 0 2 7 0 2 7 0 2 7 17 18 2 1 2 11 6 2 3 5 30 3 0 2 7 5 30 3 0 2 10 0 2 7 1 2 7 0 2 7 0 2 7 17 18 2 5 30 3 0 2 7 0 2 7 0 2 7 0 2 7 0 2 7 0 42.3170703649520874
16 19 11 1 2 12 0 2 12 5 30 3 0 2 3 16 19 11 0 2 12 0 2 7 0 2 3 0 2 3 0 2 3 0 2 3 0 2 7 1 2 3 0 2 8 0 2 3 0 2 3 17 9 2 5 30 3 0 2 3 1 2 3 0 2 3 9 2 7 0 2 3 0 2 7 16 19 12 0 2 11 0 2 8 0 2 3 0 2 7 1 2 3 5 30 3 0 2 8 0 2 7 5 31 3 16 19 12 0 2 7 5 30 3 5 30 3 0 2 3 0 44.8107531070709229
16 9 2 0 2 7 1 2 3 1 2 3 1 2 3 5 30 12 17 18 12 16 6 12 0 2 12 0 18 7 0 2 7 0 2 7 1 2 3 1 2 7 5 31 3 5 30 7 0 2 7 1 16 3 1 2 7 1 2 3 0 6 2 0 2 3 1 2 4 0 2 3 0 2 2 1 2 3 0 2 3 0 2 3 1 2 7 1 2 7 1 2 7 1 2 7 1 2 11 1 2 7 1 2 3 16 2 1 1 2 4 1 2 7 0 2 3 0 2 7 483813.235230743885 41.3046131730079651
16 2 7 1 2 7 0 2 7 17 18 11 1 2 7 8 31 3 0 2 7 1 2 7 0 2 3 5 9 3 0 2 3 17 9 2 0 2 7 0 2 7 0 2 4 5 30 3 0 2 7 0 2 11 1 2 7 0 2 7 0 2 7 0 2 7 17 18 3 1 2 11 6 2 7 5 2 3 0 2 7 5 30 3 0 2 10 0 2 7 1 2 11 5 2 3 0 2 7 17 9 2 17 9 3 0 2 7 0 2 7 1 2 7 1 2 7 0 2 7 703931.314068739186 42.5389190912246704
16 2 7 5 2 3 0 2 7 16 2 7 1 2 7 5 31 3 17 2 2 1 2 2 0 2 7 0 2 2 0 2 7 0 2 7 0 2 7 1 2 7 16 31 3 5 30 3 0 2 7 12 16 11 1 2 7 0 2 7 16 6 7 0 2 7 17 2 4 1 2 11 6 2 3 1 30 3 0 2 7 5 30 7 0 2 10 0 2 7 1 2 7 0 2 7 1 2 7 1 18 2 5 30 3 1 2 4 1 2 7 0 2 7 5 31 7 0 2 7 859025.537378684152 41.3637017011642456
16 9 12 1 2 7 1 2 3 0 2 7 17 2 3 5 30 7 17 2 7 0 2 12 0 2 7 5 31 3 0 2 7 1 2 7 17 2 3 0 2 7 5 2 3 5 31 7 0 2 7 1 2 3 1 2 7 0 2 7 0 6 7 0 2 3 1 2 7 0 2 7 0 2 2 1 2 3 0 2 7 0 2 3 1 2 7 1 2 7 1 2 3 12 2 7 1 31 11 0 2 7 1 2 3 16 2 2 1 2 4 0 2 7 0 19 3 0 2 7 1251097.30699708126 41.9066243767738342

Current Evaluation = 6750(6750)
Front Size = 10
5 31 3 1 2 7 0 2 7 1 2 7 1 2 7 13 6 3 0 2 7 0 2 7 0 2 7 0 2 7 0 2 7 0 2 7 1 2 7 1 2 7 17 18 2 1 2 7 0 2 7 17 9 2 0 2 7 1 2 7 0 2 7 0 2 4 17 18 2 0 2 7 1 2 7 5 31 3 0 2 7 0 2 7 0 2 7 0 2 7 1 2 7 0 2 7 0 2 7 17 18 2 5 31 3 16 6 2 1 2 11 1 2 7 1 2 7 1 2 7 0 40.0670827627182007
1 2 3 0 2 7 0 2 7 16 19 11 0 2 7 8 18 2 0 2 4 0 2 7 1 2 7 1 2 7 0 2 7 0 2 7 1 2 7 1 2 7 16 19 11 5 30 3 0 2 7 16 6 2 0 2 3 0 2 3 1 2 7 0 2 7 17 18 2 0 2 7 5 30 3 1 2 3 0 2 7 5 30 3 0 2 7 0 2 3 0 2 7 0 2 3 0 2 11 17 18 2 5 31 3 0 2 7 1 2 3 1 2 7 1 2 7 0 2 3 0 41.8083857297897339
16 6 2 0 2 7 0 2 3 0 2 7 6 2 7 5 30 3 1 2 7 1 2 7 1 2 7 16 30 2 5 30 3 0 2 7 0 2 7 0 2 7 17 18 2 0 2 7 0 2 7 0 2 7 6 2 11 1 2 7 0 2 7 5 31 3 0 2 7 0 2 7 0 2 7 5 30 3 0 2 7 0 2 7 12 16 2 0 2 7 0 2 7 5 31 3 0 2 3 0 2 7 1 2 7 16 19 11 0 2 7 5 31 3 0 2 7 16 19 11 0 41.82984858751297
5 30 3 0 2 3 1 2 3 5 30 3 12 16 2 5 31 3 0 2 3 16 19 11 0 2 3 16 19 12 0 2 7 0 2 3 0 2 3 1 2 7 16 19 12 5 30 3 0 2 12 5 30 3 0 2 3 0 2 7 0 2 3 0 2 7 0 2 3 1 2 3 0 2 7 0 2 7 0 2 3 0 2 3 0 2 3 0 2 7 0 2 3 0 2 7 0 2 3 1 2 7 5 30 3 16 9 12 16 19 12 0 2 7 0 2 8 0 2 3 2.15778116205353711e-06 44.3440638780593872
16 31 2 0 2 7 0 2 7 0 2 7 0 2 7 5 30 3 1 2 4 0 2 3 1 2 7 16 6 2 1 2 7 0 2 7 0 2 7 0 2 7 17 18 2 0 2 7 0 2 7 17 18 2 0 2 3 1 2 7 0 2 7 1 2 7 0 2 3 1 2 7 1 2 7 5 31 3 1 2 7 1 2 7 1 2 7 0 2 7 0 2 3 5 31 3 1 2 3 1 2 3 0 2 3 16 6 2 0 2 3 0 2 7 0 2 7 1 2 7 0 40.6867148876190186
16 9 1 1 2 12 1 2 3 0 2 3 1 2 3 16 9 12 0 2 12 0 2 12 0 2 12 16 18 1 1 2 3 0 2 3 1 2 3 1 2 3 0 2 3 5 30 3 0 2 3 1 2 3 1 2 3 1 2 3 0 2 1 0 2 3 1 2 3 0 2 3 0 2 3 1 2 3 0 2 3 0 2 3 1 2 11 1 2 12 1 2 3 1 2 3 1 2 11 1 2 3 1 2 12 16 9 1 1 2 3 1 2 3 0 2 3 0 2 3 0.00602534580878605775 43.721535325050354
5 30 3 0 2 7 0 2 7 17 9 2 1 2 7 5 31 3 1 2 4 16 19 11 0 2 7 1 2 7 0 2 7 1 2 7 0 2 7 0 2 7 5 30 3 1 2 7 0 2 7 5 30 3 1 2 7 13 6 3 0 2 7 0 2 7 0 2 7 0 2 7 16 6 2 0 2 7 0 2 7 0 2 7 1 2 7 0 2 7 0 2 7 0 2 7 1 2 7 17 18 2 5 31 3 0 2 7 17 18 2 1 2 7 0 2 7 0 2 7 0 40.6927565336227417
16 9 3 0 2 12 0 2 7 0 2 3 1 2 7 16 9 12 0 2 4 0 19 12 0 2 7 1 2 1 1 2 7 1 2 7 0 2 7 0 2 7 5 2 3 1 30 7 0 2 3 1 30 3 1 2 7 13 6 3 0 2 1 0 2 3 1 2 7 0 2 7 16 6 2 1 2 3 0 2 7 0 2 7 1 2 7 1 2 12 0 2 7 0 2 7 1 2 7 1 18 3 1 2 12 16 2 1 17 2 3 1 2 7 0 2 3 0 2 7 999287.17486393021 40.7342323660850525
16 6 2 0 2 7 0 2 7 0 2 7 0 2 7 5 31 3 1 2 7 0 2 7 1 2 3 16 6 2 0 2 7 0 2 7 0 2 3 1 2 7 17 18 2 0 2 3 0 2 7 17 18 2 0 2 7 0 2 4 0 2 7 1 2 7 1 2 7 1 2 3 1 2 7 5 31 3 1 2 7 1 2 7 1 2 3 0 2 7 0 2 4 5 31 3 1 2 7 0 2 7 0 2 3 16 6 2 1 2 7 0 2 3 0 2 3 0 2 7 0 40.7726439237594604
5 31 3 1 2 7 0 2 7 0 2 7 0 2 4 0 2 7 0 2 4 0 2 7 0 2 7 0 2 7 0 2 7 0 2 3 0 2 7 1 2 4 17 9 2 1 2 7 16 20 12 17 9 2 1 2 7 0 2 7 0 2 7 1 2 7 0 2 7 1 2 7 1 2 7 5 31 3 0 2 7 1 2 7 16 19 11 0 2 7 1 2 7 0 2 7 0 2 7 17 18 2 5 31 3 1 2 7 5 30 3 0 2 7 0 2 7 1 2 7 0 40.9765057563781738

Current Evaluation = 7200(7200)
Front Size = 10
5 31 3 1 2 7 0 2 7 1 2 7 1 2 7 13 6 3 0 2 7 0 2 7 0 2 7 0 2 7 0 2 7 0 2 7 1 2 7 1 2 7 17 18 2 1 2 7 0 2 7 17 9 2 0 2 7 1 2 7 0 2 7 0 2 4 17 18 2 0 2 7 1 2 7 5 31 3 0 2 7 0 2 7 0 2 7 0 2 7 1 2 7 0 2 7 0 2 7 17 18 2 5 31 3 16 6 2 1 2 11 1 2 7 1 2 7 1 2 7 0 40.0670827627182007
16 6 2 0 2 7 0 2 7 0 2 7 1 2 7 5 30 3 0 2 7 1 2 4 1 2 3 1 2 7 0 2 7 16 19 11 0 2 7 0 2 7 17 18 2 1 2 7 0 2 3 17 18 2 5 30 3 6 2 7 6 2 7 5 31 3 5 31 3 0 2 7 0 2 7 5 31 3 16 6 2 0 2 7 0 2 7 0 2 3 0 2 7 0 2 7 0 2 7 1 2 4 1 2 3 0 2 7 0 2 7 0 2 7 0 2 7 1 2 7 0 41.2134697437286377
5 30 3 0 2 7 0 2 7 0 2 7 1 2 7 16 6 2 1 2 7 0 2 7 0 2 7 1 2 7 0 2 7 0 2 7 0 2 3 1 2 3 8 18 2 12 16 2 1 2 3 17 18 2 8 9 2 5 30 3 0 2 7 0 2 7 17 9 2 0 2 7 1 2 3 0 2 7 1 2 7 0 2 3 1 2 7 0 2 3 8 9 2 0 2 7 0 2 7 12 16 2 5 30 3 16 15 2 1 2 7 0 2 7 1 2 4 0 2 3 0 41.4373496770858765
5 30 3 0 2 7 0 2 7 1 2 11 0 2 7 5 30 3 1 2 7 0 2 7 6 2 7 0 2 7 0 2 7 1 2 7 1 2 7 1 2 7 8 18 2 0 2 7 0 2 7 17 9 2 0 2 11 5 30 3 0 2 7 0 2 7 17 9 2 5 31 3 6 2 7 8 9 2 0 2 7 1 2 7 0 2 7 0 2 7 17 18 2 0 2 3 1 2 7 0 2 7 5 30 3 16 15 2 0 2 7 1 2 7 0 2 7 0 2 7 0 41.3456426858901978
5 31 3 1 2 3 0 2 7 1 2 3 5 30 3 0 2 3 1 2 7 0 2 3 0 2 7 16 19 11 0 2 7 0 2 7 0 2 7 0 2 7 16 6 2 16 19 11 0 2 7 16 19 11 5 31 3 16 6 2 0 2 7 1 2 7 0 2 7 0 2 3 5 30 3 0 2 7 0 2 3 0 2 3 12 16 2 0 2 7 5 30 3 0 2 7 0 2 7 0 2 7 0 2 3 5 30 3 0 2 3 0 2 7 0 2 7 0 2 3 0 42.8864754438400269
16 6 2 0 2 7 0 2 7 0 2 7 0 2 7 5 31 3 1 2 3 1 2 7 1 2 7 16 31 2 1 2 7 0 2 7 0 2 7 0 2 3 17 18 2 0 2 7 0 2 7 17 18 2 0 2 7 0 2 7 0 2 3 1 2 3 0 2 7 1 2 4 1 2 3 5 31 3 1 2 7 0 2 3 1 2 7 0 2 7 1 2 3 5 30 3 1 2 7 0 2 7 0 2 7 16 6 2 1 2 3 0 2 7 1 2 7 0 2 7 0 40.6867148876190186
16 9 1 1 2 12 1 2 3 0 2 3 1 2 3 16 9 12 0 2 12 0 2 12 0 2 12 16 18 1 1 2 3 0 2 3 1 2 3 1 2 3 0 2 3 5 30 3 0 2 3 1 2 3 1 2 3 1 2 3 0 2 1 0 2 3 1 2 3 0 2 3 0 2 3 1 2 3 0 2 3 0 2 3 1 2 11 1 2 12 1 2 3 1 2 3 1 2 11 1 2 3 1 2 12 16 9 1 1 2 3 1 2 3 0 2 3 0 2 3 0.00602534580878605775 43.721535325050354
1 2 7 0 2 3 0 2 3 0 2 7 12 16 2 16 6 2 16 6 2 1 2 7 0 2 7 0 2 3 5 30 3 5 31 3 1 2 7 1 2 3 0 2 3 16 6 2 0 2 7 0 2 7 16 30 2 0 2 7 1 2 7 0 2 7 0 2 3 5 31 3 0 2 3 0 2 7 0 2 3 0 2 3 1 2 3 1 2 3 0 2 13 0 2 3 0 2 3 12 16 2 5 30 3 1 2 3 0 2 7 0 2 3 6 2 11 0 2 3 8.02167052041390413e-09 42.262537956237793
5 31 3 0 2 7 5 31 3 0 2 7 17 1 2 0 2 7 0 2 7 0 2 7 0 2 7 1 2 7 1 2 7 1 2 3 1 2 7 1 2 7 5 30 3 1 2 7 5 30 3 0 2 7 17 9 2 0 2 4 0 2 7 0 2 4 1 2 3 1 2 7 0 2 7 1 2 7 16 19 11 0 2 7 0 2 7 0 2 7 0 2 7 0 2 7 17 18 2 17 18 2 1 2 7 0 2 7 0 2 7 0 2 7 6 2 7 0 2 7 0 40.9409887194633484
5 31 3 0 2 7 1 2 7 0 2 7 1 2 7 0 2 7 0 2 7 0 2 7 1 2 7 5 31 3 0 2 7 0 2 7 1 2 7 0 2 7 17 18 2 0 2 7 1 2 7 12 16 2 0 2 7 16 20 12 1 2 7 1 2 7 17 9 2 0 2 7 0 2 7 16 6 2 1 2 7 0 2 7 0 2 7 0 2 7 0 2 7 1 2 7 0 2 7 0 2 7 1 2 7 5 31 3 0 2 7 16 19 11 5 31 3 0 2 7 0 41.0513436794281006

Current Evaluation = 7650(7650)
Front Size = 10
5 31 3 1 2 7 0 2 7 1 2 7 1 2 7 13 6 3 0 2 7 0 2 7 0 2 7 0 2 7 0 2 7 0 2 7 1 2 7 1 2 7 17 18 2 1 2 7 0 2 7 17 9 2 0 2 7 1 2 7 0 2 7 0 2 4 17 18 2 0 2 7 1 2 7 5 31 3 0 2 7 0 2 7 0 2 7 0 2 7 1 2 7 0 2 7 0 2 7 17 18 2 5 31 3 16 6 2 1 2 11 1 2 7 1 2 7 1 2 7 0 40.0670827627182007
16 9 1 1 2 12 1 2 3 0 2 3 1 2 3 16 9 12 0 2 12 0 2 12 0 2 12 16 18 1 1 2 3 0 2 3 1 2 3 1 2 3 0 2 3 5 30 3 0 2 3 1 2 3 1 2 3 1 2 3 0 2 1 0 2 3 1 2 3 0 2 3 0 2 3 1 2 3 0 2 3 0 2 3 1 2 11 1 2 12 1 2 3 1 2 3 1 2 11 1 2 3 1 2 12 16 9 1 1 2 3 1 2 3 0 2 3 0 2 3 0.00602534580878605775 43.721535325050354
16 6 2 0 2 7 0 2 7 0 2 7 0 2 7 5 31 3 1 2 3 1 2 7 1 2 7 16 31 2 1 2 7 0 2 7 0 2 7 0 2 3 17 18 2 0 2 7 0 2 7 17 18 2 0 2 7 0 2 7 0 2 3 1 2 3 0 2 7 1 2 4 1 2 3 5 31 3 1 2 7 0 2 3 1 2 7 0 2 7 1 2 3 5 30 3 1 2 7 0 2 7 0 2 7 16 6 2 1 2 3 0 2 7 1 2 7 0 2 7 0 40.6867148876190186
5 31 3 8 9 2 0 2 3 0 2 3 1 2 7 16 6 2 0 2 3 0 2 7 0 2 3 1 2 7 1 2 7 0 2 7 0 2 7 17 9 2 16 6 2 1 2 7 0 2 3 0 2 7 5 31 3 1 2 7 0 2 3 1 2 7 0 2 7 0 2 7 0 2 7 5 30 3 16 19 11 0 2 7 16 6 2 0 2 7 1 2 7 0 2 7 1 2 7 1 2 7 0 2 7 0 2 3 0 2 7 0 2 3 12 16 2 5 30 3 0 41.4777736663818359
5 30 3 1 2 3 0 2 3 0 2 3 0 2 3 5 30 3 0 2 3 0 2 3 0 2 3 0 2 3 0 2 3 0 2 7 0 2 3 1 2 12 0 2 3 16 6 2 0 2 3 12 16 2 0 2 3 1 2 3 0 2 11 9 2 7 1 2 7 0 2 3 1 2 3 5 30 3 16 19 12 0 2 3 1 2 3 16 18 8 1 2 3 5 31 3 0 2 3 0 2 3 1 2 7 16 6 2 0 2 3 1 2 7 12 16 2 0 2 3 2.83428961513584909e-06 43.8011230230331421
1 2 3 0 2 7 0 2 3 0 2 7 16 19 11 16 19 12 12 16 2 0 2 3 0 2 7 16 19 11 1 2 11 1 2 3 0 2 7 5 30 3 5 30 3 16 19 12 0 2 7 0 2 3 5 30 3 5 30 3 0 2 3 0 2 7 0 2 3 0 2 3 0 2 3 0 2 3 5 30 3 0 2 7 0 2 7 0 2 7 0 2 3 0 2 7 1 2 11 16 6 2 0 2 3 0 2 3 0 2 3 0 2 7 0 2 7 5 31 3 0 43.7780464887619019
5 31 3 1 2 4 1 2 7 0 2 7 5 31 3 8 18 2 0 2 7 0 2 3 0 2 3 1 2 7 0 2 7 1 2 7 0 2 4 0 2 7 1 2 7 17 18 2 0 2 7 0 2 7 16 18 12 0 2 3 1 2 7 0 2 3 0 2 7 1 2 7 0 2 7 5 30 3 1 2 7 1 2 3 0 2 7 0 2 7 0 2 3 0 2 11 1 2 7 12 16 2 12 16 2 16 6 2 1 2 7 0 2 7 17 18 2 1 2 3 0 41.6117749214172363
0 2 7 1 2 7 16 6 2 0 2 7 1 2 7 16 20 12 5 31 3 0 2 7 0 2 7 0 2 7 0 2 7 1 2 7 0 2 7 0 2 7 5 31 3 0 2 7 1 2 7 12 16 2 5 31 3 5 31 3 0 2 7 0 2 7 17 9 2 1 2 7 1 2 7 0 2 7 0 2 7 0 2 7 0 2 7 0 2 7 0 2 7 1 2 7 1 2 7 16 19 11 17 9 2 0 2 7 0 2 7 1 2 7 1 2 7 0 2 7 0 41.0513436794281006
5 31 3 1 2 7 0 2 7 1 2 7 1 2 7 8 18 2 0 2 7 0 2 3 0 2 7 1 2 7 0 2 7 0 2 7 1 2 7 1 2 7 1 18 7 17 2 2 0 2 7 17 9 2 0 2 12 1 2 3 1 2 7 0 2 3 17 2 2 0 2 7 1 2 7 5 31 3 1 2 7 1 2 3 0 2 7 0 2 7 1 2 7 0 2 11 0 2 7 17 16 2 12 16 2 16 6 2 1 2 7 0 2 7 17 2 7 1 2 7 156839.97034337197 41.0078049898147583
5 9 1 1 2 7 1 31 3 0 2 7 17 1 3 0 9 7 0 2 12 0 2 7 0 2 7 1 18 1 1 2 3 0 2 3 1 2 3 1 2 7 0 2 3 1 2 3 5 30 3 1 2 3 1 2 3 0 2 3 0 2 1 0 2 4 1 2 3 1 2 3 0 2 3 1 2 3 16 2 11 0 2 7 1 2 7 1 2 7 0 2 7 1 2 3 17 18 2 17 2 3 1 2 7 16 9 1 0 2 7 1 2 3 6 2 7 0 2 7 536894.392581361579 41.9006119966506958

Current Evaluation = 8100(8100)
Front Size = 10
5 31 3 1 2 7 0 2 7 1 2 7 1 2 7 13 6 3 0 2 7 0 2 7 0 2 7 0 2 7 0 2 7 0 2 7 1 2 7 1 2 7 17 18 2 1 2 7 0 2 7 17 9 2 0 2 7 1 2 7 0 2 7 0 2 4 17 18 2 0 2 7 1 2 7 5 31 3 0 2 7 0 2 7 0 2 7 0 2 7 1 2 7 0 2 7 0 2 7 17 18 2 5 31 3 16 6 2 1 2 11 1 2 7 1 2 7 1 2 7 0 40.0670827627182007
5 31 3 0 2 7 0 2 3 1 2 7 16 6 2 17 9 2 0 2 7 1 2 7 0 2 4 0 2 3 0 2 7 5 31 3 1 2 7 0 2 7 1 2 3 17 9 2 0 2 7 17 9 2 1 2 4 1 2 4 0 2 7 0 2 7 6 2 7 1 2 11 0 2 4 5 31 3 1 2 7 0 2 7 0 2 11 1 2 7 0 2 7 0 2 7 0 2 7 0 2 7 1 2 3 16 6 2 1 2 7 0 2 7 1 2 7 0 2 7 0 40.6413759589195251
5 30 3 1 2 7 0 2 7 0 2 3 12 16 2 16 6 2 5 30 3 0 2 7 8 18 2 5 30 3 17 9 2 1 2 11 0 2 7 0 2 3 0 2 7 16 19 11 1 2 7 12 16 2 0 2 7 1 2 7 0 2 7 0 2 4 0 2 7 0 2 7 17 18 2 5 30 3 0 2 3 0 2 7 0 2 7 1 2 7 5 30 3 1 2 7 0 2 7 13 6 3 0 2 7 8 9 2 0 2 7 12 16 2 0 2 7 1 2 7 0 41.6853553056716919
5 30 3 0 2 7 1 2 7 0 2 7 13 6 3 17 18 2 5 30 3 0 2 7 1 2 7 0 2 7 1 2 11 0 2 7 0 2 7 0 2 7 1 2 7 17 9 2 0 2 7 17 9 2 1 2 7 0 2 7 0 2 7 1 2 7 0 2 7 1 2 7 0 2 7 5 31 3 1 2 7 0 2 7 1 2 7 0 2 7 0 2 4 1 2 7 16 19 11 5 31 3 0 2 7 17 9 2 0 2 4 0 2 7 1 2 7 0 2 4 0 40.6244006156921387
5 30 3 5 30 3 0 2 3 0 2 7 16 19 11 5 31 3 0 2 7 0 2 7 0 2 3 5 30 3 0 2 11 0 2 7 0 2 7 0 2 7 0 2 7 16 19 11 0 2 11 16 19 11 1 2 3 16 19 11 0 2 7 0 2 7 0 2 7 0 2 7 0 2 7 5 30 3 1 2 7 0 2 3 0 2 3 0 2 3 12 16 2 0 2 3 0 2 7 1 2 3 0 2 7 16 6 2 0 2 3 0 2 3 0 2 3 5 30 3 0 43.5217984914779663
5 30 3 1 2 7 0 2 7 0 2 7 0 2 7 0 2 7 16 19 11 0 2 7 1 2 7 16 19 11 0 2 7 1 2 7 6 2 7 0 2 7 16 6 2 17 18 2 5 31 3 0 2 7 0 2 7 17 18 2 0 2 10 6 2 7 0 2 7 0 2 7 0 2 7 5 31 3 0 2 7 0 2 7 0 2 7 1 2 7 5 30 3 0 2 7 0 2 7 5 30 3 0 2 7 1 2 7 1 2 7 5 31 3 0 2 7 0 2 7 0 41.6050665378570557
5 31 3 0 2 7 0 2 7 0 2 3 16 6 2 5 31 3 0 2 3 0 2 7 0 2 7 5 30 3 0 2 7 5 31 3 0 2 7 5 30 3 0 2 3 16 19 11 0 2 3 16 19 11 0 2 7 1 2 7 0 2 7 0 2 7 16 6 2 0 2 7 1 2 7 12 16 2 0 2 3 1 2 7 0 2 7 0 2 7 6 2 3 1 2 7 0 2 7 0 2 7 0 2 3 16 6 2 0 2 7 0 2 7 1 2 7 12 16 2 0 42.1132484674453735
5 31 3 0 2 7 0 2 8 0 2 8 5 30 3 5 30 3 0 2 3 0 2 8 0 2 7 5 31 3 0 2 7 0 2 3 0 2 8 0 2 7 0 2 8 1 2 3 0 2 3 16 19 12 1 2 3 0 2 8 5 30 3 0 2 3 0 2 7 0 2 3 12 16 2 5 30 3 0 2 7 0 2 7 0 2 7 0 2 7 1 2 3 0 2 8 0 2 7 16 19 12 16 9 8 12 16 2 0 2 7 0 2 7 0 2 7 16 19 12 0 44.6565871238708496
5 30 3 5 30 3 0 2 3 0 2 3 0 2 7 16 19 11 0 2 3 0 2 7 0 2 3 0 2 3 16 19 11 0 2 3 0 2 3 5 31 3 1 2 11 16 9 8 1 2 3 16 19 12 0 2 3 0 2 7 0 2 7 0 2 3 0 2 3 0 2 7 1 2 3 5 30 3 0 2 3 1 2 11 0 2 3 0 2 7 0 2 7 5 30 3 0 2 3 0 2 7 12 16 2 16 6 2 0 2 12 0 2 7 0 2 7 5 30 3 5.09295469615318842e-07 43.9376134872436523
5 30 3 5 30 3 0 2 8 0 2 11 16 19 11 5 31 3 0 2 7 0 2 3 0 2 8 5 30 3 0 2 8 0 2 3 0 2 7 5 30 3 0 2 11 16 19 11 0 2 8 16 19 11 0 2 8 16 19 11 0 2 3 0 2 11 0 2 3 0 2 7 0 2 8 5 30 3 0 2 8 0 2 8 0 2 8 0 2 7 0 2 11 9 2 7 0 2 11 0 2 7 0 2 8 16 6 2 0 2 8 0 2 8 0 2 8 5 30 3 8.50571657836662366e-05 45.5544135570526123

Current Evaluation = 8550(8550)
Front Size = 10
5 31 3 1 2 7 0 2 7 1 2 7 1 2 7 13 6 3 0 2 7 0 2 7 0 2 7 0 2 7 0 2 7 0 2 7 1 2 7 1 2 7 17 18 2 1 2 7 0 2 7 17 9 2 0 2 7 1 2 7 0 2 7 0 2 4 17 18 2 0 2 7 1 2 7 5 31 3 0 2 7 0 2 7 0 2 7 0 2 7 1 2 7 0 2 7 0 2 7 17 18 2 5 31 3 16 6 2 1 2 11 1 2 7 1 2 7 1 2 7 0 40.0670827627182007
5 31 3 0 2 7 0 2 7 0 2 7 0 2 7 1 2 7 16 6 2 1 2 7 0 2 7 5 31 3 1 2 7 0 2 7 0 2 7 5 31 3 0 2 7 16 6 2 1 2 7 12 16 2 6 2 7 17 9 2 1 2 7 0 2 4 16 6 2 0 2 7 0 2 7 5 31 3 0 2 7 0 2 7 0 2 7 0 2 7 0 2 7 0 2 7 0 2 7 0 2 7 1 2 7 16 31 2 5 30 3 1 2 7 0 2 7 12 16 2 0 40.8894166350364685
5 30 3 5 30 3 0 2 7 0 2 7 0 2 3 16 19 11 16 19 11 0 2 3 0 2 7 5 30 3 0 2 3 0 2 7 0 2 7 5 31 3 1 2 3 16 6 2 0 2 7 16 19 11 0 2 3 16 19 11 0 2 7 0 2 7 1 2 7 0 2 8 0 2 7 5 30 3 0 2 3 0 2 3 5 30 3 0 2 7 0 2 7 0 2 3 0 2 7 0 2 3 1 2 11 12 16 2 0 2 3 0 2 7 0 2 7 0 2 7 0 43.4763983488082886
5 30 3 1 2 7 5 31 3 0 2 7 16 9 8 0 2 7 16 6 2 0 2 8 0 2 7 5 31 3 0 2 13 0 2 7 0 2 3 0 2 3 0 2 7 1 2 7 16 19 13 12 16 2 0 2 8 0 2 7 0 2 3 0 2 8 16 6 2 5 30 3 0 2 7 5 30 3 0 2 3 1 2 7 0 2 7 12 16 2 0 2 8 0 2 7 0 2 13 0 2 8 0 2 7 5 31 3 0 2 7 0 2 7 0 2 3 16 19 13 0 43.6888719797134399
5 31 3 17 9 2 0 2 7 0 2 7 0 2 7 16 19 11 6 2 7 6 2 7 1 2 7 5 31 3 1 2 7 0 2 7 5 31 3 0 2 7 0 2 7 0 2 7 0 2 7 16 19 11 0 2 7 16 19 11 0 2 7 0 2 11 0 2 7 1 2 7 0 2 7 5 30 3 6 2 11 0 2 7 5 30 3 0 2 7 0 2 7 0 2 7 0 2 7 1 2 7 5 30 3 17 9 2 0 2 7 0 2 7 12 16 2 0 2 7 0 42.3107595443725586
5 30 3 5 30 3 0 2 8 0 2 11 16 19 11 5 31 3 0 2 7 0 2 3 0 2 8 5 30 3 0 2 8 0 2 3 0 2 7 5 30 3 0 2 11 16 19 11 0 2 8 16 19 11 0 2 8 16 19 11 0 2 3 0 2 11 0 2 3 0 2 7 0 2 8 5 30 3 0 2 8 0 2 8 0 2 8 0 2 7 0 2 11 9 2 7 0 2 11 0 2 7 0 2 8 16 6 2 0 2 8 0 2 8 0 2 8 5 30 3 8.50571657836662366e-05 45.5544135570526123
5 30 3 0 2 7 1 2 7 0 2 7 13 6 3 17 18 2 5 30 3 0 2 7 1 2 7 0 2 7 1 2 11 0 2 7 0 2 7 0 2 7 1 2 7 17 9 2 0 2 7 17 9 2 1 2 7 0 2 7 0 2 7 1 2 7 0 2 7 1 2 7 0 2 7 5 31 3 1 2 7 0 2 7 1 2 7 0 2 7 0 2 4 1 2 7 16 19 11 5 31 3 0 2 7 17 9 2 0 2 4 0 2 7 1 2 7 0 2 4 0 40.6244006156921387
5 30 3 0 2 7 0 2 4 0 2 7 0 2 2 16 19 7 0 2 3 9 2 7 0 2 7 16 31 2 0 2 8 0 2 3 0 2 3 5 2 8 0 19 7 1 6 7 5 2 7 1 2 3 1 2 7 0 9 7 5 30 7 1 2 7 0 2 3 0 2 3 0 2 7 5 31 3 1 2 3 6 2 3 0 2 4 0 2 7 0 16 7 0 2 3 16 6 2 0 2 7 0 2 3 5 6 2 5 31 3 0 2 7 0 2 7 0 2 2 1460190.88900528196 43.167971134185791
5 30 3 1 30 7 0 2 8 0 2 7 0 19 7 5 2 7 0 19 7 0 2 3 0 2 8 5 30 3 0 2 7 1 2 3 6 2 7 5 30 3 16 2 2 16 19 11 0 31 8 16 19 7 0 2 8 17 18 11 0 2 3 0 2 11 0 2 7 0 2 7 0 2 8 5 30 3 0 2 7 0 2 8 0 2 7 0 2 7 5 30 11 0 2 7 0 2 11 5 30 7 0 2 8 16 2 7 1 2 8 0 31 3 0 2 7 0 30 3 1937672.54456134955 42.81109219789505
5 31 3 0 2 7 0 2 7 0 2 7 0 2 7 5 2 3 0 2 2 0 2 3 0 2 8 5 31 3 0 2 8 0 2 3 0 2 7 5 30 3 1 2 11 16 6 11 6 2 8 16 16 2 1 2 7 17 9 2 0 2 3 1 2 11 0 2 3 0 2 7 0 2 7 5 30 3 0 2 8 6 2 7 0 2 8 0 2 7 0 2 7 9 2 7 0 2 11 0 2 4 0 2 8 16 24 2 5 2 3 0 2 7 0 2 8 5 16 3 469898.667559676513 44.9368636608123779

Current Evaluation = 9000(9000)
Front Size = 10
5 31 3 1 2 7 0 2 7 1 2 7 1 2 7 13 6 3 0 2 7 0 2 7 0 2 7 0 2 7 0 2 7 0 2 7 1 2 7 1 2 7 17 18 2 1 2 7 0 2 7 17 9 2 0 2 7 1 2 7 0 2 7 0 2 4 17 18 2 0 2 7 1 2 7 5 31 3 0 2 7 0 2 7 0 2 7 0 2 7 1 2 7 0 2 7 0 2 7 17 18 2 5 31 3 16 6 2 1 2 11 1 2 7 1 2 7 1 2 7 0 40.0670827627182007
5 30 3 0 2 3 0 2 3 0 2 7 16 19 12 5 30 3 0 2 7 1 2 3 0 2 7 0 2 3 0 2 7 1 2 7 0 2 3 0 2 7 0 2 3 16 19 12 16 19 12 5 30 3 0 2 3 0 2 3 1 2 3 12 16 2 0 2 3 5 31 3 0 2 3 5 30 3 16 19 12 0 2 7 0 2 3 0 2 7 0 2 7 0 2 3 0 2 3 0 2 11 0 2 7 16 18 8 0 2 3 5 30 3 1 2 12 0 2 3 2.15778116205353711e-06 44.3440638780593872
5 30 3 0 2 7 5 30 3 6 2 3 16 19 11 5 31 3 1 2 7 1 2 7 0 2 7 17 9 2 0 2 7 0 2 7 0 2 7 0 2 3 0 2 7 0 2 7 16 19 11 12 16 2 0 2 7 1 2 7 0 2 7 0 2 7 0 2 7 1 2 7 0 2 3 5 30 3 16 18 11 0 2 7 1 2 7 16 19 11 0 2 7 1 2 7 0 2 7 0 2 7 5 31 3 5 30 3 0 2 3 0 2 7 0 2 7 0 2 7 0 42.5261203646659851
5 31 3 1 2 7 0 2 7 1 2 7 0 2 7 5 31 3 0 2 7 1 2 7 0 2 7 1 2 7 0 2 4 0 2 7 1 2 7 0 2 7 0 2 7 0 2 4 0 2 7 17 9 2 0 2 4 17 9 2 0 2 4 17 18 2 0 2 7 0 2 7 6 2 7 5 30 3 12 16 2 1 2 7 0 2 4 1 2 7 0 2 7 5 30 3 6 2 7 1 2 7 17 9 2 13 6 3 1 2 7 0 2 7 0 2 1 12 16 2 0 40.8684767484664917
5 31 3 0 2 7 6 2 7 5 31 3 0 2 7 5 31 3 0 2 7 1 2 7 0 2 7 0 2 7 0 2 7 0 2 7 1 2 7 0 2 7 16 19 11 0 2 7 0 2 7 17 9 2 0 2 7 0 2 7 1 2 7 0 2 7 0 2 7 1 2 7 0 2 7 5 31 3 16 6 2 1 2 4 0 2 4 1 2 7 0 2 7 0 2 7 1 2 7 1 2 7 17 9 2 16 6 2 0 2 7 1 2 7 0 2 7 12 16 2 0 40.8946107029914856
5 30 3 1 2 7 0 2 3 1 2 7 0 2 7 5 31 3 1 2 7 1 2 11 0 2 7 16 19 11 0 2 7 0 2 7 0 2 7 0 2 7 17 18 2 0 2 7 6 2 7 5 30 3 0 2 7 6 2 7 1 2 7 0 2 7 0 2 7 12 16 2 0 2 4 5 31 3 0 2 7 1 2 7 0 2 7 0 2 7 0 2 7 16 6 2 0 2 7 16 19 11 17 18 2 5 31 3 1 2 7 0 2 7 0 2 4 0 2 4 0 41.5772695541381836
5 30 3 5 30 3 0 2 8 0 2 11 16 19 11 5 31 3 0 2 7 0 2 3 0 2 8 5 30 3 0 2 8 0 2 3 0 2 7 5 30 3 0 2 11 16 19 11 0 2 8 16 19 11 0 2 8 16 19 11 0 2 3 0 2 11 0 2 3 0 2 7 0 2 8 5 30 3 0 2 8 0 2 8 0 2 8 0 2 7 0 2 11 9 2 7 0 2 11 0 2 7 0 2 8 16 6 2 0 2 8 0 2 8 0 2 8 5 30 3 8.50571657836662366e-05 45.5544135570526123
5 30 3 0 2 7 5 30 3 0 2 3 16 19 11 5 30 3 0 2 7 0 2 7 0 2 7 17 9 2 0 2 7 1 2 3 0 2 7 0 2 11 0 2 7 1 2 7 16 19 11 12 16 2 0 2 7 1 2 7 8 9 2 0 2 3 1 2 7 5 30 3 0 2 7 5 31 3 16 6 2 0 2 11 0 2 7 16 19 11 0 2 3 0 2 11 0 2 3 0 2 7 0 2 3 5 30 3 0 2 7 1 2 7 0 2 7 6 2 7 0 42.7772296071052551
5 30 3 1 2 3 0 2 7 1 2 7 16 19 12 5 31 3 0 2 7 1 2 7 0 2 7 0 2 7 0 2 4 1 2 7 0 2 7 0 2 7 0 2 3 0 19 12 0 19 12 17 9 3 0 2 4 17 2 2 1 2 4 17 16 2 0 2 7 0 31 3 6 2 3 5 30 3 16 19 2 1 2 7 0 2 4 1 2 7 0 2 7 0 30 3 0 2 7 1 2 7 17 2 7 16 18 3 0 2 7 5 30 7 1 2 12 12 16 3 857693.966179047362 41.3840568065643311
5 30 3 1 2 7 0 30 3 0 2 7 16 2 11 5 31 3 0 2 7 1 2 7 0 2 7 17 9 7 0 2 4 6 2 7 1 2 7 0 2 7 0 2 7 0 2 4 16 2 7 12 16 2 0 2 1 1 2 2 0 2 11 17 18 2 0 2 11 5 2 3 6 2 7 5 30 3 16 16 11 0 2 7 1 2 3 1 2 7 0 2 7 5 30 3 6 2 7 0 2 7 0 9 2 5 30 3 1 2 7 0 2 7 0 2 7 0 16 2 768662.924608634086 42.3317689299583435

MonoObjective Genetic Algorithm
Number of Evaluations = 0
Mutation Probability = 0
Crossover Probability = 1
Population Size = 10
Survival Selection Type = 16

Time =  9026.25487804412842

Current Evaluation = 2020
Front Size = 10
5 31 3 1 2 7 0 2 7 1 2 7 1 2 7 13 6 3 0 2 7 0 2 7 0 2 7 0 2 7 0 2 7 0 2 7 1 2 7 1 2 7 17 18 2 1 2 7 0 2 7 17 9 2 0 2 7 1 2 7 0 2 7 0 2 4 17 18 2 0 2 7 1 2 7 5 31 3 0 2 7 0 2 7 0 2 7 0 2 7 1 2 7 0 2 7 0 2 7 17 18 2 5 31 3 16 6 2 1 2 11 1 2 7 1 2 7 1 2 7 0 40.0670827627182007
5 30 3 0 2 3 0 2 3 0 2 7 16 19 12 5 30 3 0 2 7 1 2 3 0 2 7 0 2 3 0 2 7 1 2 7 0 2 3 0 2 7 0 2 3 16 19 12 16 19 12 5 30 3 0 2 3 0 2 3 1 2 3 12 16 2 0 2 3 5 31 3 0 2 3 5 30 3 16 19 12 0 2 7 0 2 3 0 2 7 0 2 7 0 2 3 0 2 3 0 2 11 0 2 7 16 18 8 0 2 3 5 30 3 1 2 12 0 2 3 2.15778116205353711e-06 44.3440638780593872
5 30 3 0 2 7 5 30 3 6 2 3 16 19 11 5 31 3 1 2 7 1 2 7 0 2 7 17 9 2 0 2 7 0 2 7 0 2 7 0 2 3 0 2 7 0 2 7 16 19 11 12 16 2 0 2 7 1 2 7 0 2 7 0 2 7 0 2 7 1 2 7 0 2 3 5 30 3 16 18 11 0 2 7 1 2 7 16 19 11 0 2 7 1 2 7 0 2 7 0 2 7 5 31 3 5 30 3 0 2 3 0 2 7 0 2 7 0 2 7 0 42.5261203646659851
5 31 3 1 2 7 0 2 7 1 2 7 0 2 7 5 31 3 0 2 7 1 2 7 0 2 7 1 2 7 0 2 4 0 2 7 1 2 7 0 2 7 0 2 7 0 2 4 0 2 7 17 9 2 0 2 4 17 9 2 0 2 4 17 18 2 0 2 7 0 2 7 6 2 7 5 30 3 12 16 2 1 2 7 0 2 4 1 2 7 0 2 7 5 30 3 6 2 7 1 2 7 17 9 2 13 6 3 1 2 7 0 2 7 0 2 1 12 16 2 0 40.8684767484664917
5 31 3 0 2 7 6 2 7 5 31 3 0 2 7 5 31 3 0 2 7 1 2 7 0 2 7 0 2 7 0 2 7 0 2 7 1 2 7 0 2 7 16 19 11 0 2 7 0 2 7 17 9 2 0 2 7 0 2 7 1 2 7 0 2 7 0 2 7 1 2 7 0 2 7 5 31 3 16 6 2 1 2 4 0 2 4 1 2 7 0 2 7 0 2 7 1 2 7 1 2 7 17 9 2 16 6 2 0 2 7 1 2 7 0 2 7 12 16 2 0 40.8946107029914856
5 30 3 1 2 7 0 2 3 1 2 7 0 2 7 5 31 3 1 2 7 1 2 11 0 2 7 16 19 11 0 2 7 0 2 7 0 2 7 0 2 7 17 18 2 0 2 7 6 2 7 5 30 3 0 2 7 6 2 7 1 2 7 0 2 7 0 2 7 12 16 2 0 2 4 5 31 3 0 2 7 1 2 7 0 2 7 0 2 7 0 2 7 16 6 2 0 2 7 16 19 11 17 18 2 5 31 3 1 2 7 0 2 7 0 2 4 0 2 4 0 41.5772695541381836
5 30 3 5 30 3 0 2 8 0 2 11 16 19 11 5 31 3 0 2 7 0 2 3 0 2 8 5 30 3 0 2 8 0 2 3 0 2 7 5 30 3 0 2 11 16 19 11 0 2 8 16 19 11 0 2 8 16 19 11 0 2 3 0 2 11 0 2 3 0 2 7 0 2 8 5 30 3 0 2 8 0 2 8 0 2 8 0 2 7 0 2 11 9 2 7 0 2 11 0 2 7 0 2 8 16 6 2 0 2 8 0 2 8 0 2 8 5 30 3 8.50571657836662366e-05 45.5544135570526123
5 30 3 0 2 7 5 30 3 0 2 3 16 19 11 5 30 3 0 2 7 0 2 7 0 2 7 17 9 2 0 2 7 1 2 3 0 2 7 0 2 11 0 2 7 1 2 7 16 19 11 12 16 2 0 2 7 1 2 7 8 9 2 0 2 3 1 2 7 5 30 3 0 2 7 5 31 3 16 6 2 0 2 11 0 2 7 16 19 11 0 2 3 0 2 11 0 2 3 0 2 7 0 2 3 5 30 3 0 2 7 1 2 7 0 2 7 6 2 7 0 42.7772296071052551
5 30 3 1 2 3 0 2 7 1 2 7 16 19 12 5 31 3 0 2 7 1 2 7 0 2 7 0 2 7 0 2 4 1 2 7 0 2 7 0 2 7 0 2 3 0 19 12 0 19 12 17 9 3 0 2 4 17 2 2 1 2 4 17 16 2 0 2 7 0 31 3 6 2 3 5 30 3 16 19 2 1 2 7 0 2 4 1 2 7 0 2 7 0 30 3 0 2 7 1 2 7 17 2 7 16 18 3 0 2 7 5 30 7 1 2 12 12 16 3 857693.966179047362 41.3840568065643311
5 30 3 1 2 7 0 30 3 0 2 7 16 2 11 5 31 3 0 2 7 1 2 7 0 2 7 17 9 7 0 2 4 6 2 7 1 2 7 0 2 7 0 2 7 0 2 4 16 2 7 12 16 2 0 2 1 1 2 2 0 2 11 17 18 2 0 2 11 5 2 3 6 2 7 5 30 3 16 16 11 0 2 7 1 2 3 1 2 7 0 2 7 5 30 3 6 2 7 0 2 7 0 9 2 5 30 3 1 2 7 0 2 7 0 2 7 0 16 2 768662.924608634086 42.3317689299583435

