Current Evaluation = 900(900)
Front Size = 10
0 2 4 0 2 7 8 9 2 13 6 3 16 19 11 5 30 3 0 2 4 0 2 7 0 2 7 12 16 2 0 2 7 1 2 7 0 2 7 5 30 3 5 30 3 0 2 7 1 2 7 1 2 7 0 2 7 17 18 2 0 2 7 8 18 2 17 18 2 5 30 3 17 9 2 1 2 7 12 16 2 0 2 7 0 2 11 12 16 2 12 16 2 0 2 7 1 2 4 0 2 7 5 30 3 0 2 7 13 6 3 1 2 7 16 19 11 0 2 7 0 2 7 1 2 7 0 2 7 0 2 7 0 2 7 0 2 7 0 2 7 16 19 11 0 2 7 5 30 3 16 6 2 0 2 4 12 16 2 0 2 7 5 31 3 0 2 7 1 2 7 12 16 2 1 2 7 0 2 7 0 62.3187979459762573
0 2 10 0 2 7 13 6 3 1 2 3 12 16 2 0 2 3 16 30 2 5 31 3 5 31 3 1 2 7 0 2 3 0 2 7 0 2 7 12 16 2 0 2 3 0 2 7 16 18 11 1 2 3 0 2 3 16 9 11 0 2 7 17 18 2 0 2 3 1 2 7 0 2 7 16 9 11 5 30 3 0 2 3 1 2 3 0 2 7 0 2 3 0 2 7 1 2 7 5 30 3 16 19 11 0 2 7 0 2 7 12 16 2 0 2 7 16 6 2 0 2 7 0 2 7 5 30 3 1 2 7 0 2 7 1 2 3 6 2 7 5 30 3 0 2 7 12 16 2 0 2 3 0 2 7 0 2 7 0 2 4 5 30 3 0 2 7 5 30 3 12 16 2 1 2 3 0 2 7 0 63.5767403841018677
0 2 8 0 2 7 0 2 7 13 6 3 16 19 11 16 19 11 5 30 3 5 30 3 0 2 3 12 16 2 16 15 2 5 30 3 0 2 7 5 30 3 5 30 3 1 2 8 0 2 7 0 2 7 0 2 8 17 9 2 12 16 2 16 19 11 8 18 2 5 30 3 16 19 12 0 2 3 12 16 2 0 2 11 0 2 3 0 2 7 0 2 8 0 2 3 1 2 3 0 2 7 8 18 2 0 2 7 0 2 7 0 2 7 0 2 7 0 2 7 0 2 8 5 30 3 12 16 2 0 2 7 0 2 11 0 2 3 0 2 7 0 2 3 0 2 11 5 30 3 16 6 2 6 2 3 5 30 3 0 2 7 0 2 3 0 2 3 0 2 8 0 2 7 0 2 8 0 2 8 0 65.6932135820388794
0 2 8 0 2 8 16 19 11 5 31 3 12 16 2 0 2 7 0 2 11 0 2 7 0 2 11 5 30 3 0 2 8 0 2 3 0 2 8 5 31 3 0 2 3 0 2 11 16 6 2 0 2 7 0 2 11 16 19 11 0 2 7 0 2 8 5 31 3 0 2 8 16 19 11 5 30 3 0 2 11 0 2 7 16 6 2 6 2 3 0 2 3 0 2 3 16 9 8 5 30 3 0 2 7 0 2 12 0 2 8 12 16 2 0 2 7 16 6 2 5 30 3 0 2 8 0 2 8 0 2 11 0 2 7 0 2 3 0 2 7 12 16 2 0 2 8 0 2 1 5 30 3 0 2 8 0 2 11 0 2 11 5 30 3 0 2 8 5 30 3 0 2 3 0 2 8 0 2 8 0 67.4649215936660767
8 9 2 0 2 7 1 2 3 16 19 11 1 2 3 1 2 7 0 2 3 0 2 7 0 2 7 0 2 3 16 6 2 0 2 3 0 2 3 0 2 7 0 2 3 16 19 12 16 19 12 0 2 3 0 2 7 12 16 2 0 2 3 5 30 3 16 19 11 0 2 7 12 16 2 0 2 7 0 2 7 16 19 12 0 2 3 5 30 3 0 2 7 5 30 3 0 2 3 16 9 12 6 2 3 6 2 3 1 2 7 1 2 3 5 30 3 5 30 3 0 2 7 1 2 7 12 16 2 5 30 3 0 2 3 0 2 3 0 2 3 5 30 3 0 2 7 5 31 3 0 2 3 0 2 3 0 2 3 0 2 3 0 2 7 0 2 7 0 2 7 0 2 3 1 2 3 0 2 3 0 65.5153064727783203
8 18 2 6 2 8 8 18 2 2 3 3 16 15 2 8 18 2 8 9 2 5 30 3 0 2 8 12 16 2 8 9 2 16 15 2 6 2 8 16 19 12 6 2 8 16 19 12 8 9 2 0 2 8 8 18 2 16 15 2 8 9 2 5 30 3 6 2 8 8 9 2 5 30 3 6 2 8 8 9 2 8 18 2 6 2 8 5 30 3 0 2 8 8 9 2 8 18 2 6 3 2 8 9 2 6 2 8 6 2 8 6 2 12 0 2 12 5 30 3 0 2 8 16 19 12 8 9 2 0 2 8 0 2 8 16 19 12 12 16 2 6 2 12 8 18 2 5 30 3 6 2 8 6 2 8 5 30 3 6 2 8 0 2 12 12 16 2 8 9 2 8 9 2 0 2 8 8 18 2 0.0639206154954174988 66.2931101322174072
0 2 3 0 2 3 8 9 2 13 6 3 16 19 12 5 30 3 5 30 3 0 2 8 0 2 8 12 16 2 16 6 2 1 2 8 0 2 13 5 30 3 5 30 3 0 2 8 1 2 8 0 2 8 1 2 7 17 18 2 0 2 8 8 18 2 8 18 2 5 30 3 8 9 2 0 2 8 12 16 2 0 2 3 0 2 3 12 16 2 12 16 2 8 9 2 0 2 8 0 2 3 5 30 3 0 2 3 16 6 2 1 2 3 16 19 12 0 2 8 0 2 3 0 2 13 0 2 3 0 2 3 0 2 8 0 2 8 1 2 8 16 19 12 0 2 3 5 30 3 16 6 2 0 2 3 12 16 2 0 2 3 5 30 3 0 2 8 0 2 8 12 16 2 0 2 8 0 2 8 1.65497372151839142e-08 66.9737392663955688
12 16 2 5 31 3 8 18 7 2 3 7 0 2 3 8 18 2 5 30 2 5 30 3 8 9 2 12 16 7 8 9 2 0 2 7 1 2 3 16 6 12 1 2 7 1 2 12 16 19 11 0 2 8 0 18 3 16 15 2 8 2 2 5 2 7 6 2 3 8 2 7 1 2 3 6 2 11 16 9 2 0 18 2 0 2 8 5 30 2 6 2 3 12 16 2 0 2 7 6 3 7 0 2 2 6 2 8 0 2 7 12 16 2 0 2 12 16 31 3 0 2 8 16 2 12 5 30 2 0 2 3 0 2 8 16 19 3 0 2 7 6 30 12 0 2 2 8 9 3 6 2 8 6 2 8 0 30 3 6 2 3 5 30 3 12 16 3 0 2 3 8 9 2 0 2 8 1 2 2 1665215.2504754879 64.76408451795578
8 2 2 0 2 7 1 2 2 13 6 11 1 19 3 1 2 7 0 2 4 0 2 7 0 2 7 12 2 2 0 6 7 0 2 3 0 2 3 5 30 3 0 2 3 16 19 7 1 2 7 0 2 7 0 2 7 17 18 2 0 2 3 8 18 2 17 18 2 5 30 3 17 9 2 1 2 7 0 16 2 16 19 7 0 2 3 12 16 2 12 2 7 5 30 7 1 2 4 0 2 12 6 30 3 0 2 7 13 6 7 1 2 3 5 30 3 0 30 7 0 2 7 1 2 7 12 2 7 0 30 3 0 2 3 0 2 3 0 2 7 5 30 3 0 2 7 5 31 3 0 2 2 0 2 3 0 16 2 0 2 3 0 31 3 0 2 7 1 2 7 12 2 2 1 2 7 0 2 7 1797361.50153741892 61.3914287686347961
0 2 10 0 2 7 8 6 2 1 30 3 16 16 2 5 2 3 17 30 2 5 16 3 0 31 7 1 2 7 0 2 3 0 2 7 0 2 7 12 30 3 5 2 3 0 2 7 16 18 11 0 2 3 5 30 3 16 9 2 0 2 11 1 18 2 0 30 3 0 2 11 0 2 7 16 30 11 5 16 3 0 2 3 8 2 3 0 2 7 0 2 2 1 2 3 17 9 7 5 2 7 16 19 11 0 2 7 12 2 7 12 19 11 0 2 7 16 6 2 0 2 7 0 2 7 6 30 3 1 2 12 0 2 3 1 2 3 0 2 7 0 30 3 0 2 11 12 16 2 0 2 3 0 2 11 0 2 11 0 2 4 5 30 3 0 2 7 6 30 3 12 2 8 1 2 8 0 2 11 2400469.26730981143 63.301784336566925

Current Evaluation = 1800(1800)
Front Size = 10
0 2 7 0 2 7 8 9 2 13 6 3 16 9 11 5 30 3 0 2 7 0 2 7 0 2 7 12 16 2 0 2 7 1 2 7 0 2 7 5 30 3 5 30 3 0 2 7 1 2 7 1 2 7 0 2 7 17 18 2 0 2 7 17 18 2 17 18 2 5 30 3 17 9 2 1 2 7 12 16 2 0 2 7 0 2 7 12 16 2 12 16 2 0 2 4 1 2 7 0 2 7 5 30 3 0 2 7 13 6 3 0 2 7 16 19 11 0 2 4 0 2 7 1 2 7 0 2 7 1 2 7 0 2 7 0 2 7 0 2 4 13 6 3 0 2 4 5 30 3 16 6 2 1 2 11 12 16 2 0 2 7 5 31 3 0 2 7 1 2 7 12 16 2 1 2 7 0 2 7 0 61.5761099457740784
0 2 7 0 2 3 0 2 3 1 2 3 16 6 2 0 2 3 0 2 11 1 2 3 0 2 7 12 16 2 0 2 3 5 31 3 0 2 3 16 9 8 1 2 7 0 2 3 0 2 7 1 2 7 0 2 7 1 2 7 0 2 4 5 31 3 1 2 7 5 30 3 0 2 3 5 30 3 0 2 3 0 2 3 0 2 3 5 30 3 0 2 7 0 2 7 16 19 11 0 2 7 0 2 3 0 2 3 5 30 3 0 2 3 0 2 11 0 2 7 0 2 3 16 6 2 0 2 7 5 30 3 1 2 7 16 19 11 0 2 7 12 16 2 0 2 7 0 2 3 16 30 2 1 2 7 5 30 3 0 2 3 0 2 3 0 2 7 1 2 3 16 6 2 0 2 3 0 2 7 0 64.2092216014862061
16 19 11 0 2 7 0 2 7 0 2 7 16 30 2 5 30 3 0 2 7 5 31 3 0 2 7 12 16 2 1 2 7 16 6 2 0 2 7 5 30 3 5 30 3 0 2 7 0 2 7 0 2 7 1 2 3 0 2 7 0 2 7 5 30 3 0 2 7 5 31 3 16 6 2 1 2 7 1 2 7 0 2 7 0 2 7 5 31 3 0 2 3 12 16 2 0 2 7 0 2 7 0 2 7 8 18 2 8 9 2 0 2 7 0 2 7 1 2 7 0 2 7 1 2 7 0 2 7 0 2 7 0 2 7 16 19 11 1 2 3 0 2 7 0 2 3 16 6 2 17 9 2 1 2 7 5 30 3 0 2 7 1 2 3 0 2 7 6 2 4 12 16 2 0 2 3 0 2 7 0 62.6483193039894104
0 2 7 1 2 8 8 9 2 8 18 2 0 2 8 5 30 3 0 2 8 0 2 8 0 2 3 12 16 2 16 19 12 8 9 2 0 2 8 0 2 8 8 18 2 16 9 8 0 2 3 1 2 3 0 2 7 0 2 3 0 2 7 0 2 7 1 2 7 16 19 12 5 30 3 0 2 8 12 16 2 0 2 7 0 2 3 5 30 3 12 16 2 0 2 8 16 19 12 0 2 3 16 19 13 0 2 7 0 2 8 0 2 3 0 2 3 5 30 3 0 2 8 5 31 3 0 2 3 0 2 7 1 2 3 0 2 8 12 16 2 5 30 3 0 2 7 5 30 3 16 19 13 0 2 8 12 16 2 0 2 7 16 19 13 5 30 3 0 2 8 12 16 2 0 2 8 0 2 8 0 67.8788843154907227
0 18 7 6 2 7 8 18 2 13 6 3 16 15 11 8 18 2 0 2 2 5 30 7 0 2 8 12 16 2 8 2 7 1 2 7 6 2 7 5 30 3 5 2 3 0 2 7 8 2 2 0 2 7 8 2 7 17 18 2 0 2 7 17 18 2 6 18 2 5 30 2 17 9 2 6 2 7 8 9 2 0 2 7 6 2 8 5 30 3 0 2 2 0 2 2 1 2 2 6 2 2 8 9 3 6 2 8 13 2 3 6 2 12 0 2 11 5 2 3 0 2 8 16 2 7 0 9 2 0 2 8 0 2 8 16 19 12 0 16 2 6 2 12 8 18 4 5 30 3 6 2 2 6 2 8 12 30 2 6 2 8 0 31 12 0 16 2 8 2 2 12 16 2 1 2 8 0 2 2 1904631.49445223995 64.3109843730926514
17 9 2 0 2 7 12 16 2 0 2 7 16 6 2 12 16 2 1 2 4 5 30 3 1 2 7 12 16 2 0 2 3 5 30 3 6 2 4 0 2 7 0 2 7 1 2 11 0 2 7 0 2 7 0 2 7 6 2 7 0 2 7 0 2 7 0 2 7 5 30 3 1 2 4 17 9 2 0 2 7 0 2 7 0 2 7 5 31 3 0 2 4 0 2 3 1 2 7 0 2 11 5 31 3 16 18 11 2 3 3 0 2 7 6 2 3 6 2 11 1 2 3 1 2 7 16 9 11 0 2 7 0 2 7 0 2 7 0 2 11 0 2 7 1 2 7 5 31 3 17 9 2 6 2 7 5 31 3 1 2 7 0 2 7 0 2 7 0 2 7 12 16 2 0 2 7 0 2 7 0 63.0708757042884827
8 18 2 6 2 8 8 18 2 2 3 3 16 15 2 8 18 2 8 9 2 5 30 3 0 2 8 12 16 2 8 9 2 16 15 2 6 2 8 16 19 12 6 2 8 16 19 12 8 9 2 0 2 8 8 18 2 16 15 2 8 9 2 5 30 3 6 2 8 8 9 2 5 30 3 6 2 8 8 9 2 8 18 2 6 2 8 5 30 3 0 2 8 8 9 2 8 18 2 6 3 2 8 9 2 6 2 8 6 2 8 6 2 12 0 2 12 5 30 3 0 2 8 16 19 12 8 9 2 0 2 8 0 2 8 16 19 12 12 16 2 6 2 12 8 18 2 5 30 3 6 2 8 6 2 8 5 30 3 6 2 8 0 2 12 12 16 2 8 9 2 8 9 2 0 2 8 8 18 2 0.0639206154954174988 66.2931101322174072
8 18 2 6 2 8 8 19 2 0 3 3 16 15 2 8 18 2 8 9 11 5 30 3 0 2 8 12 16 2 17 9 2 16 6 2 0 2 8 16 19 3 6 2 3 16 19 3 8 9 2 0 2 8 8 18 7 16 16 2 8 9 2 5 30 3 6 2 7 5 30 2 5 19 3 6 2 8 0 2 7 6 2 2 0 2 8 5 30 3 0 2 8 8 2 7 8 2 2 0 2 7 8 9 2 0 2 8 6 2 7 0 2 3 0 2 7 1 2 11 1 2 8 5 30 3 12 16 2 1 2 7 0 2 7 16 19 11 0 16 7 0 2 7 8 2 2 0 2 3 16 2 8 6 2 8 5 30 3 0 2 8 0 2 3 12 2 2 0 2 7 0 9 8 0 2 8 0 18 3 860151.338896625908 66.1662994623184204
16 2 11 0 2 7 8 9 2 0 6 7 16 30 2 5 30 3 0 2 7 5 31 7 0 2 7 12 16 2 0 2 7 1 6 2 0 2 7 5 30 3 5 30 3 0 2 7 0 2 7 0 2 7 1 2 7 0 18 2 0 2 7 5 30 2 0 2 2 5 31 3 16 9 2 1 2 7 1 16 2 0 2 7 0 2 7 12 16 3 12 2 2 12 2 2 1 2 7 0 2 7 0 2 3 8 2 2 8 9 2 0 2 7 16 2 11 1 2 7 0 2 7 1 2 7 0 2 7 1 2 7 0 2 7 16 2 11 0 2 3 13 6 3 0 2 4 16 30 3 16 9 2 1 2 7 12 30 2 0 2 7 1 2 3 0 2 7 1 2 7 12 16 2 1 2 7 0 2 7 1307013.31182858022 61.5601626038551331
0 2 7 0 2 7 8 9 2 13 6 3 16 9 12 5 30 3 5 2 3 0 2 7 0 2 7 12 16 2 0 2 7 1 2 8 0 2 7 5 30 3 5 30 3 0 2 7 1 2 8 1 2 8 1 2 7 17 18 2 0 2 7 17 18 2 8 18 2 5 30 3 8 9 2 1 2 7 12 16 2 0 2 7 0 2 3 12 16 2 12 16 2 0 2 2 0 2 7 0 2 7 5 30 3 0 2 3 13 6 2 0 2 7 16 19 11 0 2 8 0 2 7 1 2 13 0 2 3 1 2 7 0 2 8 0 2 8 1 2 4 16 6 3 0 2 3 5 30 3 16 6 2 1 2 11 12 16 2 0 2 7 5 30 3 0 2 7 1 2 7 12 16 2 1 2 7 0 2 7 265675.045816672791 63.9331163167953491

Current Evaluation = 2700(2700)
Front Size = 10
0 2 7 0 2 7 8 9 2 13 6 3 16 19 11 5 30 3 0 2 7 0 2 7 0 2 7 12 16 2 0 2 7 1 2 7 0 2 7 5 30 3 5 31 3 0 2 7 1 2 7 1 2 7 0 2 7 17 18 2 0 2 7 17 18 2 17 18 2 5 30 3 17 9 2 1 2 7 12 16 2 0 2 7 0 2 7 12 16 2 12 16 2 0 2 7 1 2 7 0 2 7 5 30 3 0 2 7 13 6 3 0 2 7 17 1 2 0 2 7 0 2 7 1 2 7 0 2 7 1 2 7 0 2 7 0 2 7 1 2 7 13 6 3 0 2 7 5 30 3 16 6 2 1 2 7 12 16 2 0 2 7 5 30 3 0 2 7 0 2 7 12 16 2 6 2 7 0 2 7 0 61.3230809569358826
17 9 2 0 2 7 0 2 7 16 18 11 1 2 3 0 2 7 5 30 3 5 31 3 0 2 4 12 16 2 0 2 7 16 6 2 0 2 7 5 30 3 0 2 7 16 19 11 0 2 7 0 2 4 6 2 7 0 2 4 16 9 11 1 2 7 1 2 3 0 2 7 0 2 7 1 2 3 12 16 2 0 2 7 0 2 7 12 16 2 16 6 2 1 2 7 0 2 7 0 2 11 0 2 7 0 2 7 5 31 3 0 2 7 1 2 3 0 2 3 0 2 3 1 2 3 8 9 2 1 2 7 1 2 7 0 2 7 0 2 7 0 2 3 0 2 7 5 30 3 16 24 2 0 2 3 12 16 2 0 2 7 5 31 3 0 2 7 0 2 7 12 16 2 1 2 3 1 2 3 0 63.1816685795783997
0 2 7 1 2 8 8 9 2 8 18 2 0 2 8 5 30 3 0 2 8 0 2 8 0 2 3 12 16 2 16 19 12 8 9 2 0 2 8 0 2 8 8 18 2 16 9 8 0 2 3 1 2 3 0 2 7 0 2 3 0 2 7 0 2 7 1 2 7 16 19 12 5 30 3 0 2 8 12 16 2 0 2 7 0 2 3 5 30 3 12 16 2 0 2 8 16 19 12 0 2 3 16 19 13 0 2 7 0 2 8 0 2 3 0 2 3 5 30 3 0 2 8 5 31 3 0 2 3 0 2 7 1 2 3 0 2 8 12 16 2 5 30 3 0 2 7 5 30 3 16 19 13 0 2 8 12 16 2 0 2 7 16 19 13 5 30 3 0 2 8 12 16 2 0 2 8 0 2 8 0 67.8788843154907227
12 16 2 0 2 3 1 2 3 0 2 3 0 2 3 1 2 7 1 2 3 1 2 7 1 2 3 12 16 2 0 2 7 5 30 3 0 2 3 5 30 3 0 2 3 0 2 3 0 2 3 0 2 3 1 2 3 0 2 3 0 2 7 8 9 2 0 2 3 5 30 3 16 6 2 5 30 3 16 19 11 0 2 3 0 2 3 8 9 2 0 2 3 0 2 3 0 2 3 5 30 3 16 6 2 0 2 3 0 2 3 0 2 7 0 2 7 12 16 2 1 2 7 0 2 3 16 19 12 0 2 3 1 2 3 1 2 7 16 6 2 1 2 7 1 2 3 0 2 7 16 19 12 0 2 3 5 30 3 0 2 3 0 2 3 16 9 8 0 2 3 0 2 7 1 2 7 0 2 7 0 64.7188526391983032
12 16 2 0 2 3 0 2 3 16 19 11 16 6 2 8 18 2 5 30 3 0 2 7 1 2 7 12 16 2 0 2 7 0 2 7 0 2 3 5 30 3 0 2 3 1 2 7 0 2 7 0 2 12 16 6 2 1 2 3 0 2 11 16 9 12 0 2 7 5 30 3 0 2 7 5 30 3 1 2 3 5 30 3 0 2 7 8 9 2 0 2 7 5 30 3 0 2 7 0 2 7 12 16 2 0 2 3 16 19 11 0 2 7 1 2 3 5 31 3 0 2 7 0 2 3 0 2 3 0 2 7 0 2 3 16 6 2 8 18 2 0 2 7 0 2 3 16 6 2 1 2 7 0 2 7 5 30 3 0 2 3 0 2 7 12 16 2 0 2 3 1 2 3 0 2 3 1 2 7 0 64.1624263525009155
12 16 2 0 2 8 12 16 2 16 19 11 16 6 2 8 18 2 5 30 3 5 31 3 6 2 11 12 16 2 0 2 7 5 30 3 0 2 7 5 31 3 0 2 8 5 30 3 0 2 7 6 2 11 16 19 11 6 2 11 17 18 2 16 19 11 0 2 11 5 30 3 0 2 8 5 30 3 0 2 7 6 2 11 0 2 7 8 9 2 0 2 7 12 16 2 0 2 7 16 19 11 8 9 2 0 2 11 0 2 7 0 2 7 0 2 11 0 2 7 0 2 11 0 2 11 1 2 7 0 2 11 0 2 8 0 2 7 12 16 2 0 2 7 0 2 7 0 2 8 0 2 8 16 6 2 5 30 3 0 2 11 0 2 11 12 16 2 0 2 8 5 30 3 6 2 11 0 2 7 0 65.9839880466461182
12 16 2 1 2 7 1 2 7 5 30 3 0 2 7 5 31 3 1 2 3 0 2 3 0 2 3 12 16 2 1 2 3 16 6 2 1 2 3 5 30 3 0 2 7 0 2 3 1 2 3 0 2 7 0 2 7 0 2 7 0 2 7 16 9 11 1 2 7 16 18 11 16 18 11 0 2 3 17 22 2 1 2 7 0 2 3 17 18 2 5 30 3 12 16 2 0 2 7 1 2 3 0 2 3 0 2 7 0 2 7 1 2 3 0 2 7 0 2 7 0 2 7 0 2 3 1 2 7 0 2 7 0 2 7 1 2 7 0 2 3 0 2 7 1 2 7 5 31 3 16 30 2 0 2 3 12 16 2 1 2 7 1 2 7 0 2 3 0 2 7 12 16 2 0 2 7 1 2 7 0 63.285939633846283
8 18 2 6 2 8 8 18 2 2 3 3 16 15 2 8 18 2 8 9 2 5 30 3 0 2 8 12 16 2 8 9 2 16 15 2 6 2 8 16 19 12 6 2 8 16 19 12 8 9 2 0 2 8 8 18 2 16 15 2 8 9 2 5 30 3 6 2 8 8 9 2 5 30 3 6 2 8 8 9 2 8 18 2 6 2 8 5 30 3 0 2 8 8 9 2 8 18 2 6 3 2 8 9 2 6 2 8 6 2 8 6 2 12 0 2 12 5 30 3 0 2 8 16 19 12 8 9 2 0 2 8 0 2 8 16 19 12 12 16 2 6 2 12 8 18 2 5 30 3 6 2 8 6 2 8 5 30 3 6 2 8 0 2 12 12 16 2 8 9 2 8 9 2 0 2 8 8 18 2 0.0639206154954174988 66.2931101322174072
1 2 4 0 2 3 1 2 3 0 2 7 16 19 11 17 9 2 0 2 11 1 2 3 0 2 3 12 16 2 1 2 7 16 6 2 0 2 3 5 30 3 0 2 4 0 2 7 1 2 7 0 2 7 0 2 3 0 2 3 0 2 3 1 2 3 1 2 3 16 9 11 16 6 2 0 2 3 12 16 2 1 2 3 1 2 3 12 16 2 5 31 3 0 2 3 0 2 3 0 2 7 0 2 3 0 2 3 5 30 3 0 2 7 0 2 3 0 2 3 1 2 3 6 2 7 16 6 2 0 2 7 0 2 3 1 2 7 8 9 2 13 6 3 0 2 3 5 30 3 16 6 2 1 2 4 12 16 2 0 2 7 5 30 3 0 2 3 0 2 7 12 16 2 0 2 3 0 2 7 0 63.344672679901123
0 18 7 6 2 7 8 18 2 13 6 3 16 15 11 8 18 2 0 2 2 5 30 7 0 2 8 12 16 2 8 2 7 1 2 7 6 2 7 5 30 3 5 2 3 0 2 7 8 2 2 0 2 7 8 2 7 17 18 2 0 2 7 17 18 2 6 18 2 5 30 2 17 9 2 6 2 7 8 9 2 0 2 7 6 2 8 5 30 3 0 2 2 0 2 2 1 2 2 6 2 2 8 9 3 6 2 8 13 2 3 6 2 12 0 2 11 5 2 3 0 2 8 16 2 7 0 9 2 0 2 8 0 2 8 16 19 12 0 16 2 6 2 12 8 18 4 5 30 3 6 2 2 6 2 8 12 30 2 6 2 8 0 31 12 0 16 2 8 2 2 12 16 2 1 2 8 0 2 2 1904631.49445223995 64.3109843730926514

Current Evaluation = 3600(3600)
Front Size = 10
0 2 7 0 2 7 8 9 2 13 6 3 16 19 11 5 30 3 0 2 7 0 2 7 0 2 7 12 16 2 0 2 7 1 2 7 0 2 7 5 30 3 5 31 3 0 2 7 1 2 7 1 2 7 0 2 7 17 18 2 0 2 7 17 18 2 17 18 2 5 30 3 17 9 2 1 2 7 12 16 2 0 2 7 0 2 7 12 16 2 12 16 2 0 2 7 1 2 7 0 2 7 5 30 3 0 2 7 13 6 3 0 2 7 17 1 2 0 2 7 0 2 7 1 2 7 0 2 7 1 2 7 0 2 7 0 2 7 1 2 7 13 6 3 0 2 7 5 30 3 16 6 2 1 2 7 12 16 2 0 2 7 5 30 3 0 2 7 0 2 7 12 16 2 6 2 7 0 2 7 0 61.3230809569358826
1 2 8 0 2 8 8 18 2 5 30 3 16 6 2 1 2 8 0 2 3 5 30 3 0 2 11 12 16 2 5 30 3 0 2 3 0 2 3 16 19 12 0 2 3 16 19 12 0 2 3 0 2 8 8 18 2 16 6 2 0 2 7 5 30 3 0 2 3 0 2 3 5 30 3 0 2 7 0 2 8 16 19 12 0 2 8 5 30 3 0 2 3 0 2 8 0 2 3 0 2 3 1 2 8 0 2 7 1 2 11 0 2 8 0 2 8 5 30 3 0 2 8 16 19 11 8 9 2 0 2 8 0 2 8 16 19 12 12 16 2 0 2 8 0 2 3 5 30 3 0 2 3 0 2 3 5 30 3 0 2 3 0 2 3 12 16 2 0 2 8 0 2 3 0 2 8 0 2 3 0 67.8075342178344727
5 2 4 0 2 3 8 2 3 0 2 8 0 19 4 17 30 3 0 2 8 1 30 3 0 2 7 12 6 2 1 2 7 16 19 11 0 2 7 0 2 3 0 2 4 0 2 7 0 2 2 0 2 7 8 2 3 0 9 3 0 2 3 1 2 3 17 2 3 0 9 2 1 6 3 0 2 7 0 16 2 5 30 7 13 2 8 12 2 8 5 31 8 0 2 3 0 2 3 0 2 7 0 30 3 0 2 8 5 2 3 0 2 8 0 2 3 1 2 3 0 2 3 6 2 3 16 6 3 1 2 7 0 2 3 16 2 7 12 16 2 13 6 7 0 2 8 5 9 3 16 2 4 0 2 7 12 30 3 0 2 7 5 30 3 0 2 2 0 18 7 12 2 2 1 2 3 0 2 7 2516775.23204167048 63.7469277381896973
1 2 7 0 2 3 1 2 3 1 2 3 0 2 3 5 30 3 0 2 3 0 2 7 0 2 3 12 16 2 0 2 7 16 6 2 0 2 3 1 2 3 0 2 3 0 2 3 1 2 3 0 2 7 0 2 3 16 6 2 0 2 3 1 2 3 16 18 8 1 2 3 16 6 2 1 2 7 12 16 2 0 2 3 1 2 7 0 2 3 0 2 3 5 30 3 0 2 3 0 2 3 16 19 12 0 2 7 0 2 3 0 2 7 0 2 7 1 2 7 1 2 3 16 6 2 0 2 3 0 2 3 0 2 3 0 2 7 1 2 7 0 2 7 1 2 7 16 18 8 5 31 3 0 2 7 5 30 3 5 31 3 0 2 7 5 31 3 0 2 3 0 2 3 0 2 7 0 2 7 5.92652855209758513e-06 64.0755507946014404
0 2 7 1 2 3 0 2 7 1 2 3 16 19 11 1 2 7 0 2 7 5 31 3 0 2 7 12 16 2 0 2 7 1 2 3 1 2 7 1 2 3 0 2 3 0 2 7 16 19 11 5 30 3 0 2 4 16 30 2 17 18 2 5 30 3 0 2 3 0 2 7 5 30 3 6 2 7 0 2 7 0 2 3 1 2 7 5 30 3 1 2 7 16 31 2 0 2 4 1 2 7 0 2 3 6 2 3 0 2 7 0 2 7 0 2 7 5 30 3 0 2 3 17 18 2 8 9 2 6 2 7 0 2 4 0 2 7 12 16 2 1 2 7 0 2 11 0 2 3 0 2 11 0 2 3 5 30 3 0 2 7 0 2 7 12 16 2 0 2 3 0 2 7 1 2 4 0 2 7 0 63.2884806394577026
0 2 8 0 2 11 8 18 2 0 2 8 16 6 2 5 30 3 0 2 8 5 30 3 0 2 8 12 16 2 0 2 8 16 6 2 0 2 8 16 19 11 0 2 11 16 19 11 8 9 2 0 2 8 8 18 2 16 6 2 0 2 8 5 30 3 0 2 8 0 2 8 5 30 3 0 2 11 0 2 8 5 30 3 0 2 8 0 2 8 0 2 8 5 30 3 5 31 3 0 2 8 0 2 8 0 2 8 0 2 8 0 2 8 0 2 8 5 30 3 0 2 8 16 19 11 0 2 8 0 2 8 0 2 8 16 19 11 12 16 2 0 2 11 0 2 8 5 30 3 0 2 11 0 2 8 5 30 3 0 2 8 0 2 8 12 16 2 0 2 8 0 2 3 0 2 8 0 2 8 1.07866138860666953e-05 68.9730154275894165
8 18 7 6 2 8 8 9 2 13 3 3 16 19 2 8 18 3 8 2 7 5 30 3 0 2 7 12 16 2 8 2 7 1 15 2 6 2 7 5 30 12 5 2 3 16 2 12 8 9 2 1 2 8 8 18 2 16 15 2 0 9 2 17 30 3 17 18 8 8 9 2 17 30 2 1 2 8 12 16 2 0 18 2 6 2 8 5 16 3 0 16 2 8 9 2 1 2 7 6 3 2 5 9 2 6 2 7 13 2 8 6 2 7 0 2 2 5 2 7 0 2 8 1 19 12 0 9 2 1 2 7 0 2 7 0 19 12 1 2 7 13 6 12 0 18 2 5 30 3 6 2 8 6 2 8 12 16 2 6 2 8 5 2 12 12 2 7 0 9 2 8 9 2 0 2 8 0 2 7 2635769.05462963739 64.8215787410736084
8 18 2 0 2 7 0 2 3 0 2 7 16 19 11 8 18 2 1 2 7 5 30 3 0 2 7 12 16 2 8 18 2 16 6 2 0 2 7 16 19 11 1 2 7 16 19 11 1 2 7 16 19 11 0 2 3 16 6 2 12 16 2 5 30 3 0 2 7 0 2 7 5 30 3 0 2 7 0 2 3 0 2 4 1 2 7 5 30 3 0 2 7 12 16 2 0 2 7 12 16 2 0 2 7 1 2 7 0 2 3 0 2 3 0 2 7 5 30 3 0 2 7 16 19 11 5 30 3 0 2 7 0 2 3 0 2 3 12 16 2 0 2 7 0 2 7 0 2 3 1 2 7 0 2 7 5 30 3 0 2 7 0 2 3 12 16 2 0 2 3 8 9 2 1 2 7 0 2 4 0 64.2512378692626953
8 18 2 6 2 8 8 18 2 2 3 3 16 15 2 8 18 2 8 9 2 5 30 3 0 2 8 12 16 2 8 9 2 16 15 2 6 2 8 16 19 12 6 2 8 16 19 12 8 9 2 0 2 8 8 18 2 16 15 2 8 9 2 5 30 3 6 2 8 8 9 2 5 30 3 6 2 8 8 9 2 8 18 2 6 2 8 5 30 3 0 2 8 8 9 2 8 18 2 6 3 2 8 9 2 6 2 8 6 2 8 6 2 12 0 2 12 5 30 3 0 2 8 16 19 12 8 9 2 0 2 8 0 2 8 16 19 12 12 16 2 6 2 12 8 18 2 5 30 3 6 2 8 6 2 8 5 30 3 6 2 8 0 2 12 12 16 2 8 9 2 8 9 2 0 2 8 8 18 2 0.0639206154954174988 66.2931101322174072
0 2 7 0 2 11 8 9 2 0 2 3 16 19 11 5 30 3 0 2 7 5 2 3 0 2 7 12 16 2 0 2 8 1 2 2 0 2 7 16 30 11 0 2 3 0 2 11 1 2 2 0 2 8 0 2 2 16 6 2 0 2 8 5 30 3 17 18 2 5 2 3 17 30 2 0 2 7 12 16 8 5 30 3 0 2 8 0 16 2 0 2 8 0 30 3 1 31 3 0 2 8 0 2 3 0 2 8 13 6 3 0 2 7 17 1 2 5 2 3 0 2 7 16 2 11 0 2 8 0 2 7 0 2 8 16 19 7 12 2 2 0 2 11 0 2 7 5 30 3 0 6 2 1 2 7 12 16 2 0 2 7 5 30 3 0 2 7 0 2 7 12 2 2 0 2 8 0 2 8 1451968.39695505612 65.1150825023651123

Current Evaluation = 4500(4500)
Front Size = 10
0 2 7 0 2 7 8 9 2 13 6 3 16 19 11 5 30 3 0 2 7 0 2 7 0 2 7 12 16 2 0 2 7 1 2 7 0 2 7 5 30 3 5 31 3 0 2 7 1 2 7 1 2 7 0 2 7 17 18 2 0 2 7 17 18 2 17 18 2 5 30 3 17 9 2 1 2 7 12 16 2 0 2 7 0 2 7 12 16 2 12 16 2 0 2 7 1 2 7 0 2 7 5 30 3 0 2 7 13 6 3 0 2 7 17 1 2 0 2 7 0 2 7 1 2 7 0 2 7 1 2 7 0 2 7 0 2 7 1 2 7 13 6 3 0 2 7 5 30 3 16 6 2 1 2 7 12 16 2 0 2 7 5 30 3 0 2 7 0 2 7 12 16 2 6 2 7 0 2 7 0 61.3230809569358826
1 2 7 0 2 3 1 2 3 16 6 2 16 9 11 17 9 2 1 2 3 5 30 3 0 2 3 0 2 3 1 2 7 16 19 11 0 2 7 5 30 3 1 2 7 0 2 3 0 2 7 6 2 3 0 2 3 16 15 2 12 16 2 5 30 3 8 9 2 0 2 3 1 2 7 0 2 7 0 2 7 0 2 7 5 31 3 0 2 7 0 2 7 12 16 2 8 9 2 0 2 7 17 18 2 0 2 7 0 2 7 0 2 7 0 2 4 1 2 7 0 2 7 1 2 3 1 2 3 0 2 7 17 18 2 1 2 7 1 2 4 0 2 7 0 2 3 0 2 7 1 2 3 1 2 7 0 2 4 0 2 7 5 30 3 1 2 3 0 2 4 0 2 3 1 2 7 0 2 7 0 62.63578861951828
0 2 8 0 2 3 0 2 3 0 2 3 16 6 2 0 2 8 0 2 3 5 30 3 0 2 3 1 2 3 12 16 2 16 30 2 1 2 3 16 19 11 0 2 11 16 19 12 0 2 3 0 2 3 0 2 3 16 6 2 1 2 8 5 30 3 0 2 7 0 2 8 5 30 3 0 2 7 0 2 3 5 30 3 0 2 12 16 19 12 0 2 8 0 2 3 0 2 3 0 2 7 5 30 3 0 2 11 0 2 3 1 2 7 0 2 3 8 18 2 0 2 3 5 30 3 5 30 3 0 2 3 0 2 11 0 2 3 1 2 8 0 2 8 0 2 8 0 2 3 0 2 3 0 2 7 5 31 3 0 2 3 9 2 7 12 16 2 0 2 3 5 30 3 0 2 8 16 19 12 1.49024187898748573e-12 66.976243257522583
0 2 7 0 2 7 8 18 7 15 2 11 16 15 11 8 2 2 8 9 2 5 30 3 0 2 3 12 16 2 0 9 7 16 2 4 6 2 8 16 19 3 17 18 8 16 19 7 8 31 2 13 6 3 8 18 2 16 15 2 8 9 11 8 30 3 6 2 8 8 9 3 5 30 2 6 2 7 8 2 2 8 18 3 6 2 7 5 2 3 1 2 8 12 16 2 8 18 2 0 2 7 0 2 3 6 2 7 5 2 8 0 2 7 0 2 12 5 30 3 12 2 8 6 19 12 0 9 7 0 2 8 0 2 8 0 2 12 0 16 7 6 2 7 1 2 7 5 30 3 16 6 8 0 2 8 5 30 2 1 2 7 5 2 12 12 16 7 1 2 2 8 30 2 0 2 7 1 2 2 2083092.46712238155 64.7891603112220764
8 18 2 6 2 8 8 18 2 2 3 3 16 15 2 8 18 2 8 9 2 5 30 3 0 2 8 12 16 2 8 9 2 16 15 2 6 2 8 16 19 12 6 2 8 16 19 12 8 9 2 0 2 8 8 18 2 16 15 2 8 9 2 5 30 3 6 2 8 8 9 2 5 30 3 6 2 8 8 9 2 8 18 2 6 2 8 5 30 3 0 2 8 8 9 2 8 18 2 6 3 2 8 9 2 6 2 8 6 2 8 6 2 12 0 2 12 5 30 3 0 2 8 16 19 12 8 9 2 0 2 8 0 2 8 16 19 12 12 16 2 6 2 12 8 18 2 5 30 3 6 2 8 6 2 8 5 30 3 6 2 8 0 2 12 12 16 2 8 9 2 8 9 2 0 2 8 8 18 2 0.0639206154954174988 66.2931101322174072
1 2 7 0 2 7 0 2 7 16 19 11 15 2 12 16 19 12 6 2 7 5 30 3 0 2 7 12 16 2 1 2 7 16 19 11 1 2 7 8 9 2 0 2 3 0 2 7 0 2 7 16 6 2 0 2 3 5 30 3 1 2 11 0 2 7 12 16 2 16 19 11 5 30 3 0 2 11 0 2 11 0 2 3 5 30 3 0 2 7 0 2 7 17 9 2 8 18 2 16 19 11 0 2 3 0 2 7 5 30 3 1 2 3 0 2 3 1 2 7 0 2 7 0 2 7 0 2 7 0 2 3 0 2 7 8 18 2 12 16 2 0 2 7 0 2 7 5 30 3 0 2 7 0 2 7 5 30 3 0 2 3 0 2 3 12 16 2 5 30 3 0 2 3 0 2 7 0 2 11 0 64.8185612559318542
0 2 8 0 2 11 8 18 2 0 2 8 16 6 2 5 30 3 0 2 8 5 30 3 0 2 8 12 16 2 0 2 8 16 6 2 0 2 8 16 19 11 0 2 11 16 19 11 8 9 2 0 2 8 8 18 2 16 6 2 0 2 8 5 30 3 0 2 8 0 2 8 5 30 3 0 2 11 0 2 8 5 30 3 0 2 8 0 2 8 0 2 8 5 30 3 5 31 3 0 2 8 0 2 8 0 2 8 0 2 8 0 2 8 0 2 8 5 30 3 0 2 8 16 19 11 0 2 8 0 2 8 0 2 8 16 19 11 12 16 2 0 2 11 0 2 8 5 30 3 0 2 11 0 2 8 5 30 3 0 2 8 0 2 8 12 16 2 0 2 8 0 2 3 0 2 8 0 2 8 1.07866138860666953e-05 68.9730154275894165
0 2 7 0 2 7 8 9 8 13 6 12 16 19 11 5 30 3 0 2 3 0 2 3 0 2 3 12 2 7 0 2 3 1 19 7 0 2 7 5 30 3 5 2 3 0 2 12 0 2 7 16 19 12 0 2 3 17 31 3 12 2 2 0 18 2 12 18 2 5 2 7 8 9 2 0 2 7 12 2 8 5 2 3 1 2 7 16 16 2 12 16 2 1 2 11 1 2 3 0 2 7 5 30 3 0 2 8 13 30 3 0 2 3 17 2 3 0 2 8 0 2 7 1 2 8 0 2 7 0 2 7 0 2 8 0 2 7 0 2 7 13 6 7 0 2 7 0 2 3 0 6 2 0 2 7 12 30 3 1 2 3 0 2 3 12 16 2 5 2 3 1 2 3 0 2 7 0 2 8 1408821.25842979155 65.1207502484321594
1 2 7 0 2 3 5 31 3 1 2 3 1 2 3 1 2 3 0 2 7 5 30 3 0 2 3 0 2 7 1 2 3 0 2 3 5 30 3 0 2 3 16 6 2 0 2 3 12 16 2 0 2 3 16 18 12 16 6 2 1 2 7 0 2 7 1 2 7 16 19 12 0 2 3 0 2 7 0 2 7 16 19 12 0 2 7 0 2 7 0 2 7 16 19 12 15 2 12 0 2 3 1 2 7 0 2 3 0 2 7 0 2 7 0 2 3 5 30 3 5 30 3 5 31 3 0 2 7 0 2 7 0 2 7 1 2 3 0 2 3 0 2 7 1 2 7 5 30 3 0 2 7 0 2 3 0 2 7 0 2 3 5 30 3 0 2 7 0 2 7 17 9 2 0 2 3 0 2 3 0 64.4093347787857056
0 2 8 16 19 12 8 2 7 13 6 8 0 19 11 5 2 3 0 2 7 0 2 8 0 2 7 0 2 2 0 2 7 1 2 12 0 2 7 5 31 3 5 31 3 0 2 7 1 2 7 1 2 7 0 2 7 0 18 3 0 2 8 17 18 12 16 18 2 0 30 3 17 9 2 1 2 7 12 2 3 5 2 3 0 2 7 12 30 3 12 2 12 5 30 7 5 2 7 0 2 7 5 30 8 0 2 7 0 2 8 12 16 7 17 2 2 0 2 8 0 2 7 1 2 12 0 2 7 0 2 7 0 30 3 0 2 7 1 2 12 13 6 11 0 2 7 5 30 3 16 19 2 1 2 8 12 30 3 0 2 7 0 2 3 0 2 8 0 16 7 12 2 2 0 2 3 0 2 7 1889770.12756940769 64.4604034423828125

Current Evaluation = 5400(5400)
Front Size = 10
0 2 4 0 2 4 17 1 2 13 6 3 6 2 7 5 31 3 0 2 7 0 2 7 0 2 7 12 16 2 0 2 7 1 2 7 0 2 7 5 30 3 5 31 3 0 2 7 1 2 7 1 2 7 0 2 4 17 18 2 0 2 4 17 18 2 17 18 2 5 30 3 17 9 2 0 2 7 12 16 2 1 2 7 0 2 7 12 16 2 12 16 2 0 2 7 1 2 7 1 2 7 5 30 3 0 2 7 13 6 3 1 2 7 17 9 2 0 2 7 0 2 7 0 2 4 0 2 7 6 2 7 0 2 7 0 2 7 6 2 7 13 6 3 0 2 7 5 30 3 16 6 2 1 2 7 12 16 2 0 2 7 5 30 3 0 2 7 0 2 7 12 16 2 1 2 7 0 2 7 0 60.9195302128791809
0 2 3 0 2 7 0 2 3 0 2 7 5 30 3 5 30 3 0 2 7 5 30 3 0 2 3 0 2 11 0 2 7 12 16 2 0 2 3 5 30 3 0 2 3 0 2 7 0 2 11 1 2 3 0 2 7 16 6 2 17 18 2 0 2 11 0 2 3 16 19 11 1 2 7 0 2 3 0 2 7 9 2 7 0 2 3 5 30 3 5 31 3 16 6 2 0 2 3 0 2 3 0 2 7 0 2 7 0 2 3 1 2 7 0 2 7 1 2 11 1 2 3 16 19 11 0 2 3 0 2 3 9 2 7 1 2 11 5 30 3 1 2 7 0 2 3 1 2 7 0 2 7 0 2 7 5 30 3 0 2 7 0 2 7 16 19 11 5 30 3 0 2 3 0 2 11 16 9 8 0 65.1951833963394165
8 18 2 6 2 8 8 18 2 2 3 3 16 15 2 8 18 2 8 9 2 5 30 3 0 2 8 12 16 2 8 9 2 16 15 2 6 2 8 16 19 12 6 2 8 16 19 12 8 9 2 0 2 8 8 18 2 16 15 2 8 9 2 5 30 3 6 2 8 8 9 2 5 30 3 6 2 8 8 9 2 8 18 2 6 2 8 5 30 3 0 2 8 8 9 2 8 18 2 6 3 2 8 9 2 6 2 8 6 2 8 6 2 12 0 2 12 5 30 3 0 2 8 16 19 12 8 9 2 0 2 8 0 2 8 16 19 12 12 16 2 6 2 12 8 18 2 5 30 3 6 2 8 6 2 8 5 30 3 6 2 8 0 2 12 12 16 2 8 9 2 8 9 2 0 2 8 8 18 2 0.0639206154954174988 66.2931101322174072
0 2 8 0 2 11 8 18 2 0 2 8 16 6 2 5 30 3 0 2 8 5 30 3 0 2 8 12 16 2 0 2 8 16 6 2 0 2 8 16 19 11 0 2 11 16 19 11 8 9 2 0 2 8 8 18 2 16 6 2 0 2 8 5 30 3 0 2 8 0 2 8 5 30 3 0 2 11 0 2 8 5 30 3 0 2 8 0 2 8 0 2 8 5 30 3 5 31 3 0 2 8 0 2 8 0 2 8 0 2 8 0 2 8 0 2 8 5 30 3 0 2 8 16 19 11 0 2 8 0 2 8 0 2 8 16 19 11 12 16 2 0 2 11 0 2 8 5 30 3 0 2 11 0 2 8 5 30 3 0 2 8 0 2 8 12 16 2 0 2 8 0 2 3 0 2 8 0 2 8 1.07866138860666953e-05 68.9730154275894165
0 2 7 0 2 3 0 2 3 0 2 3 16 6 2 8 18 2 0 2 3 5 30 3 0 2 3 0 2 8 5 30 3 16 19 12 0 2 3 6 2 8 0 2 8 12 16 2 8 9 2 0 2 3 1 2 3 16 6 2 0 2 3 1 2 3 12 16 2 0 2 3 5 30 3 1 2 7 16 9 8 16 19 12 0 2 3 16 6 2 8 9 2 1 2 8 0 2 8 5 30 3 5 30 3 0 2 3 1 2 3 0 2 3 0 2 3 5 30 3 0 2 3 0 2 3 1 2 8 1 2 8 0 2 3 5 30 3 1 2 3 16 19 12 0 2 3 0 2 3 0 2 3 0 2 3 0 2 3 0 2 8 5 30 3 12 16 2 0 2 3 0 2 3 0 2 3 0 2 3 0 66.5883408784866333
1 2 7 0 2 3 1 2 3 16 6 2 16 9 11 17 9 2 1 2 3 5 30 3 0 2 3 0 2 3 1 2 7 16 19 11 0 2 7 5 30 3 1 2 7 0 2 3 0 2 7 6 2 3 0 2 3 16 15 2 12 16 2 5 30 3 8 9 2 0 2 3 1 2 7 0 2 7 0 2 7 0 2 7 5 31 3 0 2 7 0 2 7 12 16 2 8 9 2 0 2 7 17 18 2 0 2 7 0 2 7 0 2 7 0 2 4 1 2 7 0 2 7 1 2 3 1 2 3 0 2 7 17 18 2 1 2 7 1 2 4 0 2 7 0 2 3 0 2 7 1 2 3 1 2 7 0 2 4 0 2 7 5 30 3 1 2 3 0 2 4 0 2 3 1 2 7 0 2 7 0 62.63578861951828
5 30 3 0 2 7 0 2 7 1 2 7 16 19 11 5 31 3 0 2 7 12 16 2 0 2 7 12 16 2 1 2 7 0 2 7 0 2 7 5 30 3 1 2 7 0 2 11 0 2 7 1 2 7 1 2 7 16 6 2 8 18 2 8 18 2 1 2 7 17 9 2 0 2 7 0 2 7 1 2 11 0 2 7 1 2 7 5 31 3 0 2 7 5 30 3 0 2 7 1 2 7 0 2 7 0 2 7 1 2 7 0 2 7 1 2 7 0 2 7 0 2 7 17 18 2 0 2 7 16 19 11 12 16 2 0 2 7 5 30 3 0 2 7 0 2 7 0 2 7 0 2 7 1 2 7 5 30 3 0 2 7 0 2 7 16 18 11 0 2 7 0 2 7 0 2 7 16 31 2 0 62.4344871640205383
5 18 3 6 2 8 0 18 7 2 3 7 16 15 11 8 31 3 0 2 2 12 30 3 0 2 8 12 16 2 8 2 2 0 2 2 6 2 7 16 30 12 1 2 8 0 2 11 0 2 7 1 2 7 8 18 7 16 15 2 8 9 2 8 30 2 6 2 8 17 9 2 0 30 7 0 2 7 1 2 2 8 2 7 6 2 8 5 31 3 0 2 7 5 30 3 8 2 2 1 3 7 0 9 2 0 2 7 6 2 8 0 2 12 1 2 12 0 2 7 0 2 7 17 18 12 0 2 7 0 19 8 0 16 8 0 19 12 12 30 2 0 2 7 0 2 7 0 2 7 6 2 7 6 2 8 5 30 3 0 2 7 0 2 12 12 18 2 8 2 2 0 9 2 0 2 8 8 31 2 1875810.09985766956 62.5002428293228149
5 2 8 0 2 7 5 2 3 1 2 8 16 19 11 8 31 3 0 2 7 5 16 2 0 2 3 12 16 2 5 2 7 0 2 7 0 2 7 5 30 3 1 2 3 0 16 11 5 30 3 0 2 7 1 2 2 16 6 2 8 2 2 0 18 2 0 2 7 0 9 2 0 2 7 0 2 8 1 2 8 16 19 7 0 2 3 16 19 12 0 2 2 5 31 3 0 2 7 1 2 7 0 19 12 0 2 7 0 2 8 0 2 7 0 2 7 0 2 3 0 2 7 1 18 8 0 2 7 0 19 3 12 2 8 5 2 7 5 2 3 0 2 7 0 2 8 0 9 2 0 2 8 1 2 8 5 30 3 0 2 7 5 2 3 16 16 2 0 2 8 0 2 7 1 2 3 0 31 2 2225020.89145579748 67.9786874055862427
0 2 8 0 2 8 5 30 3 0 2 8 16 19 12 8 18 2 0 2 7 5 30 3 0 2 3 0 2 3 5 30 3 0 2 7 0 2 3 1 2 8 0 2 3 12 16 2 5 30 3 0 2 8 8 18 2 16 6 2 0 2 3 0 2 8 0 2 8 0 2 3 5 30 3 1 2 8 1 2 8 16 19 12 0 2 3 16 19 12 17 18 2 5 31 3 0 2 7 16 19 12 16 19 12 0 2 7 0 2 8 0 2 3 0 2 8 5 30 3 0 2 8 1 2 8 0 2 8 0 2 3 0 2 8 5 30 3 0 2 7 0 2 8 0 2 8 8 9 2 0 2 8 0 2 8 0 2 3 0 2 7 5 30 3 12 16 2 0 2 8 0 2 7 1 2 3 0 2 8 0 67.8784545660018921

Current Evaluation = 6300(6300)
Front Size = 10
0 2 4 0 2 7 17 18 2 13 6 3 1 2 3 5 31 3 0 2 7 0 2 4 0 2 7 12 16 2 0 2 7 1 2 4 0 2 7 5 30 3 0 2 7 6 2 4 1 2 7 1 2 4 0 2 4 17 18 2 13 6 3 17 18 2 17 18 2 5 30 3 17 9 2 0 2 7 12 16 2 1 2 7 0 2 12 12 16 2 12 16 2 0 2 7 1 2 6 1 2 7 5 30 3 0 2 7 13 6 3 1 2 7 17 9 2 0 2 7 0 2 7 0 2 4 0 2 7 0 2 7 1 2 7 0 2 7 1 2 7 13 6 3 0 2 7 5 30 3 16 6 2 1 2 7 12 16 2 0 2 4 5 30 3 0 2 7 0 2 7 12 16 2 1 2 7 0 2 7 0 60.6585752367973328
8 18 2 6 2 8 8 18 2 2 2 7 16 15 2 1 18 2 8 9 7 5 30 3 0 2 8 12 16 2 6 2 7 16 18 11 6 2 8 5 19 3 6 31 8 0 19 7 8 2 4 0 2 7 1 2 2 16 18 2 8 9 2 5 30 7 6 2 2 0 2 2 1 30 7 6 2 7 0 2 2 1 18 2 6 2 7 5 2 7 1 2 7 0 2 2 0 2 2 6 3 7 8 31 3 0 2 7 6 2 7 0 2 4 17 9 12 0 30 3 0 2 7 16 2 12 8 9 2 0 2 7 0 2 8 16 19 12 1 2 2 6 2 12 8 18 7 1 30 7 0 2 7 6 2 7 12 16 2 0 2 8 0 2 3 0 16 2 8 9 7 8 19 2 0 2 7 0 18 7 2214755.29555722279 61.9572126269340515
1 2 7 0 2 7 1 2 7 17 18 2 5 31 3 1 2 7 1 2 4 5 31 3 0 2 7 0 2 7 0 2 7 16 30 2 0 2 7 5 30 3 0 2 7 0 2 7 1 2 3 0 2 7 17 9 2 17 18 2 1 2 7 0 2 7 17 9 2 0 2 4 5 30 3 0 2 7 1 2 3 0 2 7 0 2 7 1 2 7 0 2 7 0 2 4 0 2 7 1 2 7 5 30 3 0 2 7 0 2 7 0 2 7 0 2 7 1 2 7 1 2 7 16 9 11 0 2 7 8 9 2 1 2 7 16 19 11 5 31 3 0 2 7 0 2 7 1 2 7 0 2 4 1 2 7 1 2 7 0 2 7 5 30 3 0 2 7 0 2 7 0 2 7 1 2 7 0 2 7 0 61.618164598941803
0 2 7 1 2 7 0 2 7 0 2 7 17 18 2 12 16 2 0 2 7 0 2 7 0 2 3 0 2 7 1 2 11 1 2 7 0 2 7 0 2 7 6 2 7 16 6 2 0 2 4 0 2 7 1 2 7 8 18 2 8 18 2 16 19 11 17 18 2 5 30 3 0 2 7 1 2 7 1 2 7 5 30 3 0 2 7 6 2 7 12 16 2 0 2 7 0 2 7 1 2 7 5 30 3 0 2 7 5 31 3 0 2 7 0 2 7 0 2 7 0 2 7 1 2 7 0 2 7 0 2 7 16 19 11 16 6 2 0 2 7 5 31 3 0 2 7 5 30 3 5 31 3 0 2 7 12 16 2 0 2 7 5 30 3 16 9 11 0 2 7 0 2 7 1 2 11 0 2 11 0 62.8632451891899109
16 6 2 0 2 3 0 2 7 0 2 7 16 6 2 12 16 2 1 2 7 0 2 3 0 2 7 1 2 7 0 2 7 8 18 2 0 2 7 0 2 4 1 2 3 17 9 2 0 2 7 0 2 7 0 2 3 17 9 2 1 2 7 5 30 3 0 2 7 0 2 7 6 2 3 0 2 7 1 2 3 5 30 3 0 2 3 0 2 7 8 9 2 1 2 7 5 30 3 0 2 7 0 2 7 5 30 3 0 2 7 1 2 7 1 2 3 0 2 3 0 2 7 0 2 3 0 2 3 0 2 3 16 19 11 16 19 12 1 2 7 12 16 2 0 2 7 1 2 7 0 2 3 1 2 3 1 2 7 0 2 7 1 2 7 16 19 11 5 31 3 0 2 7 0 2 7 5 31 3 0 63.1551665067672729
16 19 11 6 2 3 12 16 2 0 2 7 16 19 11 0 2 7 12 16 2 5 30 3 0 2 7 16 18 11 0 2 7 16 19 11 0 2 3 5 30 3 0 2 7 0 2 3 1 2 3 0 2 3 1 2 7 1 2 7 16 18 11 0 2 3 0 2 7 16 18 11 0 2 7 1 2 3 8 18 2 0 2 3 0 2 3 0 2 3 12 16 2 5 30 3 0 2 3 1 2 7 5 30 3 0 2 7 0 2 7 0 2 3 12 16 2 1 2 7 0 2 3 1 2 3 5 30 3 0 2 7 16 19 11 0 2 7 0 2 3 0 2 3 0 2 3 0 2 7 0 2 7 0 2 3 0 2 3 0 2 3 5 30 3 5 30 3 5 30 3 0 2 4 0 2 7 1 2 3 0 65.3895161747932434
6 2 7 0 2 7 17 18 2 16 19 11 0 2 11 16 6 2 0 2 11 5 31 3 0 2 8 16 19 11 5 30 3 0 2 8 6 2 8 0 2 8 5 30 3 0 2 11 0 2 11 0 2 11 0 2 8 16 19 11 0 2 3 0 2 11 5 30 3 12 16 2 0 2 8 0 2 7 16 19 11 5 30 3 0 2 7 12 16 2 8 9 2 0 2 11 0 2 11 0 2 11 5 30 3 0 2 8 0 2 7 0 2 11 6 2 8 0 2 11 0 2 8 0 2 8 0 2 8 0 2 11 0 2 3 5 30 3 0 2 3 5 30 3 0 2 8 0 2 8 16 31 2 0 2 7 12 16 2 0 2 8 5 30 3 5 30 3 0 2 11 0 2 8 0 2 8 0 2 8 0 67.6904249787330627
0 2 7 0 2 3 0 2 2 0 2 7 16 6 11 8 18 2 1 2 3 5 30 3 0 2 3 1 2 7 5 2 3 16 18 12 0 2 7 6 30 3 0 31 8 12 2 7 0 2 2 0 2 3 1 2 3 16 18 2 0 2 3 1 2 3 12 9 2 0 2 3 1 2 3 1 2 7 0 9 4 1 19 12 0 2 7 16 6 2 8 9 2 0 2 7 0 2 8 5 30 7 5 31 3 0 2 7 0 2 3 0 2 3 17 2 2 0 2 4 0 2 3 0 2 3 1 2 8 1 2 8 1 2 3 6 30 3 1 2 3 5 31 3 0 2 7 1 2 7 0 2 3 1 2 3 12 16 3 0 2 8 5 31 3 0 16 7 0 2 7 0 19 11 0 2 3 0 2 3 1389335.41462438158 63.8795963525772095
1 6 7 0 2 8 8 18 2 1 2 7 16 15 2 0 9 3 8 18 7 6 30 3 5 2 7 6 2 11 0 18 8 16 18 2 0 2 7 5 30 3 12 16 7 0 2 7 0 2 7 0 2 7 1 2 4 1 2 7 1 2 3 5 30 3 0 2 7 0 18 2 17 9 2 0 2 7 1 2 7 0 2 7 0 2 7 0 2 1 12 2 7 0 2 3 0 2 3 0 2 4 16 19 7 0 31 3 1 2 7 0 2 7 5 30 3 0 2 7 0 2 4 0 2 7 0 2 7 6 2 7 0 2 4 5 16 2 1 2 7 17 16 2 0 2 3 1 2 7 0 2 7 6 2 7 12 16 2 0 2 7 0 2 3 17 2 7 5 2 3 0 2 7 0 2 7 17 30 2 1680393.53608349175 62.4383319616317749
1 2 4 0 2 7 17 2 7 13 6 3 5 2 3 1 2 7 1 2 4 0 2 3 0 2 7 0 16 2 0 2 7 16 2 4 0 2 7 5 30 3 0 2 7 6 2 4 1 2 3 1 2 7 17 2 4 17 18 2 1 2 3 0 18 7 17 9 2 5 2 4 17 30 3 0 2 7 12 16 3 0 2 7 0 2 7 1 2 7 12 2 2 0 2 4 1 2 7 1 2 7 5 30 3 0 2 7 13 2 3 1 2 7 0 9 2 1 2 7 1 2 7 16 9 4 0 2 7 8 9 2 1 2 7 0 19 7 5 31 7 0 6 3 0 2 7 1 2 3 16 6 4 1 2 7 12 16 7 0 2 7 5 30 3 0 2 7 0 2 7 0 16 7 1 2 7 0 2 7 1930313.96673689317 61.1202532649040222

Current Evaluation = 7200(7200)
Front Size = 10
0 2 4 0 2 7 17 18 2 13 6 3 1 2 3 5 31 3 0 2 7 0 2 4 0 2 7 12 16 2 0 2 7 1 2 4 0 2 7 5 30 3 0 2 7 6 2 4 1 2 7 1 2 4 0 2 4 17 18 2 13 6 3 17 18 2 17 18 2 5 30 3 17 9 2 0 2 7 12 16 2 1 2 7 0 2 12 12 16 2 12 16 2 0 2 7 1 2 6 1 2 7 5 30 3 0 2 7 13 6 3 1 2 7 17 9 2 0 2 7 0 2 7 0 2 4 0 2 7 0 2 7 1 2 7 0 2 7 1 2 7 13 6 3 0 2 7 5 30 3 16 6 2 1 2 7 12 16 2 0 2 4 5 30 3 0 2 7 0 2 7 12 16 2 1 2 7 0 2 7 0 60.6585752367973328
1 2 7 0 2 4 17 18 2 0 2 7 17 18 2 0 2 7 5 30 3 17 9 2 0 2 7 17 9 2 0 2 7 0 2 4 0 2 7 0 2 7 5 30 3 1 2 7 1 2 7 0 2 4 5 31 3 16 19 11 13 6 3 0 2 7 1 2 7 5 31 3 0 2 7 1 2 7 0 2 7 0 2 7 1 2 7 0 2 7 17 9 2 5 30 3 12 16 2 1 2 7 0 2 7 1 2 7 15 2 11 1 2 7 0 2 7 1 2 7 0 2 4 0 2 7 16 9 11 0 2 7 0 2 4 0 2 4 0 2 7 12 16 2 0 2 4 1 2 7 6 2 7 0 2 7 12 16 2 1 2 7 0 2 7 5 31 3 0 2 7 0 2 7 1 2 4 1 2 11 0 61.6413294076919556
1 2 7 0 2 7 1 2 3 0 2 7 17 9 2 0 2 3 0 2 3 1 2 7 1 2 3 0 2 3 1 2 11 16 18 11 0 2 3 1 2 3 0 2 4 1 2 4 1 2 3 0 2 11 1 2 7 0 2 3 0 2 4 0 2 3 1 2 3 0 2 4 1 2 7 1 2 3 17 18 2 0 2 7 5 30 3 0 2 4 16 6 2 0 2 4 1 2 7 1 2 7 1 2 4 0 2 3 0 2 3 1 2 7 12 16 2 5 31 3 0 2 7 0 2 7 5 30 3 1 2 7 0 2 3 1 2 7 0 2 11 17 9 2 0 2 11 0 2 4 0 2 7 1 2 3 12 16 2 0 2 7 17 9 2 1 2 7 0 2 4 0 2 3 1 2 7 5 31 3 0 62.6098111271858215
0 2 7 0 2 7 16 19 11 0 2 7 1 2 3 17 18 2 5 31 3 8 9 2 0 2 7 0 2 7 0 2 7 0 2 3 0 2 7 1 2 3 1 2 7 1 2 3 1 2 7 0 2 3 1 2 7 6 2 11 16 19 11 0 2 3 16 6 2 5 30 3 12 16 2 1 2 7 0 2 7 0 2 7 16 6 2 1 2 7 17 9 2 5 31 3 0 2 3 0 2 3 0 2 7 0 2 7 0 2 4 1 2 7 0 2 7 1 2 3 0 2 7 0 2 3 5 30 3 0 2 7 0 2 7 1 2 7 5 30 3 1 2 7 5 30 3 0 2 7 16 6 2 0 2 3 12 16 2 0 2 7 8 9 2 0 2 7 1 2 7 0 2 7 0 2 3 0 2 7 0 62.6755164861679077
6 2 7 0 2 7 17 18 2 16 19 11 0 2 11 16 6 2 0 2 11 5 31 3 0 2 8 16 19 11 5 30 3 0 2 8 6 2 8 0 2 8 5 30 3 0 2 11 0 2 11 0 2 11 0 2 8 16 19 11 0 2 3 0 2 11 5 30 3 12 16 2 0 2 8 0 2 7 16 19 11 5 30 3 0 2 7 12 16 2 8 9 2 0 2 11 0 2 11 0 2 11 5 30 3 0 2 8 0 2 7 0 2 11 6 2 8 0 2 11 0 2 8 0 2 8 0 2 8 0 2 11 0 2 3 5 30 3 0 2 3 5 30 3 0 2 8 0 2 8 16 31 2 0 2 7 12 16 2 0 2 8 5 30 3 5 30 3 0 2 11 0 2 8 0 2 8 0 2 8 0 67.6904249787330627
0 2 7 0 2 7 8 18 2 0 2 7 0 2 7 12 16 2 16 6 2 0 2 4 0 2 7 12 16 2 0 2 7 0 2 7 0 2 7 1 2 7 0 2 4 0 2 7 1 2 7 1 2 7 0 2 7 0 2 4 16 31 2 1 2 7 1 2 7 5 31 3 12 16 2 0 2 7 0 2 7 0 2 7 5 31 3 12 16 2 12 16 2 0 2 4 0 2 7 1 2 7 5 30 3 17 9 2 16 9 11 1 2 7 17 9 2 0 2 7 0 2 7 0 2 7 0 2 7 0 2 7 1 2 7 1 2 7 1 2 4 5 31 3 0 2 7 16 19 11 16 6 2 1 2 4 12 16 2 0 2 7 5 31 3 1 2 4 1 2 7 0 2 7 0 2 7 1 2 4 0 61.7777463793754578
0 2 7 0 2 7 0 2 7 0 2 7 17 18 2 0 2 7 5 30 3 17 9 2 1 2 11 6 2 4 0 2 7 16 6 2 0 2 7 0 2 7 16 19 11 0 2 7 5 31 3 0 2 7 0 2 7 12 16 2 6 2 7 6 2 7 1 2 7 1 2 7 0 2 7 0 2 7 16 19 11 0 2 7 5 30 3 0 2 7 17 9 2 0 2 7 0 2 7 1 2 7 6 2 7 1 2 7 1 2 7 0 2 7 0 2 7 16 15 2 0 2 10 1 2 7 5 31 3 0 2 7 0 2 7 0 2 10 5 30 3 12 16 2 5 30 3 0 2 7 0 2 7 5 30 3 12 16 2 0 2 7 8 9 2 8 18 2 0 2 7 0 2 7 0 2 7 5 31 3 0 62.6999452114105225
16 19 11 0 2 7 0 2 7 0 2 7 17 18 2 0 2 7 5 31 3 16 30 2 0 2 7 0 2 7 0 2 7 16 19 11 1 2 7 0 2 7 0 2 7 0 2 4 1 2 7 1 2 4 1 2 7 0 2 7 1 2 7 1 2 7 0 2 7 0 2 7 1 2 7 0 2 7 16 9 11 0 2 7 5 30 3 0 2 7 8 9 2 0 2 7 0 2 7 0 2 7 0 2 7 0 2 7 0 2 3 0 2 7 1 2 3 5 31 3 0 2 7 1 2 7 5 30 3 6 2 7 1 2 7 1 2 4 5 31 3 12 16 2 5 30 3 1 2 7 1 2 4 0 2 7 12 16 2 0 2 7 17 9 2 17 18 2 0 2 7 0 2 7 0 2 3 5 30 3 0 62.2932164669036865
0 2 3 0 2 7 16 18 11 12 16 2 5 30 3 16 30 2 1 2 3 5 31 3 1 2 7 12 16 2 5 30 3 0 2 3 0 2 7 0 2 3 16 9 11 1 2 7 1 2 7 0 2 7 0 2 3 16 30 2 6 2 7 6 2 7 17 18 2 0 2 7 0 2 7 0 2 7 1 2 3 0 2 7 0 2 7 12 16 2 17 9 2 0 2 7 2 3 3 1 2 7 5 30 3 1 2 7 1 2 7 0 2 7 0 2 7 0 2 7 0 2 7 0 2 7 1 2 7 0 2 7 0 2 3 0 2 7 1 2 3 5 31 3 0 2 7 0 2 7 0 2 3 0 2 7 12 16 2 1 2 7 5 31 3 5 30 3 0 2 3 0 2 7 0 2 7 12 2 7 0 63.1693747043609619
0 2 7 1 2 7 17 2 2 0 2 7 17 18 7 0 2 7 5 30 3 1 2 7 1 2 11 16 6 4 1 2 3 1 6 2 0 2 7 0 2 3 16 19 3 1 2 7 5 31 7 0 2 7 0 2 7 16 9 2 6 2 2 1 2 7 17 2 7 1 30 7 12 2 7 0 2 3 16 19 11 0 2 7 0 2 3 0 16 7 17 9 2 0 2 7 0 2 7 0 2 3 6 30 7 0 2 7 1 2 7 0 2 7 1 2 7 16 15 2 0 2 3 1 2 7 1 2 3 0 2 3 0 2 3 0 2 3 0 2 7 1 16 7 1 2 3 0 2 7 0 2 7 5 30 7 12 16 2 1 2 7 5 9 3 8 31 2 0 2 3 0 2 7 1 2 4 5 2 7 1306092.89714374882 61.3984376192092896

Current Evaluation = 8100(8100)
Front Size = 10
0 2 7 0 2 4 17 18 2 13 6 3 1 2 7 5 31 3 0 2 7 0 2 4 0 2 7 12 16 2 0 2 7 1 2 4 0 2 7 5 30 3 0 2 7 1 2 7 1 2 7 1 2 7 0 2 4 17 18 2 13 6 3 17 18 2 17 18 2 5 30 3 17 9 2 0 2 7 12 16 2 1 2 7 0 2 7 12 16 2 12 16 2 0 2 7 1 2 7 1 2 7 5 30 3 0 2 7 13 6 3 1 2 7 17 9 2 0 2 7 0 2 7 0 2 4 6 2 7 0 2 7 1 2 4 0 2 7 1 2 7 13 6 3 0 2 7 5 31 3 16 6 2 0 2 7 12 16 2 0 2 7 5 30 3 0 2 7 0 2 4 12 16 2 1 2 7 0 2 7 0 60.4458542466163635
0 2 4 0 2 7 8 9 2 0 2 7 12 16 2 5 30 3 0 2 7 0 2 7 0 2 7 0 2 4 0 2 7 0 2 7 0 2 7 16 9 11 6 2 7 1 2 7 17 9 2 2 3 3 1 2 7 17 9 2 16 30 2 16 19 11 0 2 7 5 31 3 1 2 7 13 6 3 1 2 7 0 2 7 0 2 4 12 16 2 12 16 2 0 2 7 0 2 7 0 2 7 5 30 3 5 30 3 12 16 2 1 2 7 1 2 7 0 2 7 0 2 7 0 2 7 0 2 7 1 2 7 1 2 7 0 2 7 8 18 2 5 30 3 6 2 7 5 31 3 17 9 2 0 2 7 12 16 2 0 2 7 12 16 2 1 2 7 1 2 4 12 16 2 0 2 7 0 2 4 0 62.3204643130302429
0 2 7 0 2 3 17 18 2 16 19 11 1 2 7 16 19 11 0 2 3 0 2 3 0 2 7 8 18 2 0 2 3 0 2 7 0 2 7 0 2 3 0 2 7 0 2 7 1 2 3 0 2 7 1 2 3 1 2 7 5 30 3 1 2 7 5 30 3 0 2 3 5 30 3 0 2 7 1 2 3 16 19 11 0 2 7 8 9 2 16 15 2 0 2 7 0 2 7 0 2 7 0 2 3 1 2 3 5 30 3 0 2 7 0 2 3 0 2 3 0 2 7 0 2 7 1 2 3 0 2 7 1 2 3 5 30 3 1 2 3 16 18 8 0 2 3 5 30 3 16 6 2 0 2 3 12 16 2 0 2 3 5 30 3 0 2 7 0 2 7 12 16 2 0 2 7 0 2 3 0 64.3225322961807251
0 2 7 1 2 3 0 2 7 0 2 7 5 30 3 5 31 3 5 31 3 5 30 3 0 2 7 17 18 2 0 2 7 0 2 7 0 2 7 0 2 7 16 6 2 0 2 7 0 2 3 0 2 11 1 2 7 6 2 11 0 2 7 6 2 11 5 30 3 6 2 7 0 2 7 0 2 7 0 2 11 5 31 3 8 9 2 12 16 2 16 6 2 0 2 11 0 2 11 1 2 3 0 2 7 17 9 2 6 2 7 0 2 11 0 2 11 0 2 7 0 2 11 0 2 7 16 18 11 6 2 7 1 2 11 0 2 3 0 2 7 5 30 3 1 2 7 0 2 7 5 30 3 0 2 7 12 16 2 12 16 2 5 30 3 16 19 11 0 2 11 16 19 11 0 2 7 0 2 7 0 64.1168668270111084
6 2 7 0 2 7 17 18 2 16 19 11 0 2 11 16 6 2 0 2 11 5 31 3 0 2 8 16 19 11 5 30 3 0 2 8 6 2 8 0 2 8 5 30 3 0 2 11 0 2 11 0 2 11 0 2 8 16 19 11 0 2 3 0 2 11 5 30 3 12 16 2 0 2 8 0 2 7 16 19 11 5 30 3 0 2 7 12 16 2 8 9 2 0 2 11 0 2 11 0 2 11 5 30 3 0 2 8 0 2 7 0 2 11 6 2 8 0 2 11 0 2 8 0 2 8 0 2 8 0 2 11 0 2 3 5 30 3 0 2 3 5 30 3 0 2 8 0 2 8 16 31 2 0 2 7 12 16 2 0 2 8 5 30 3 5 30 3 0 2 11 0 2 8 0 2 8 0 2 8 0 67.6904249787330627
1 2 7 0 2 7 8 18 2 16 19 7 0 2 2 1 6 3 0 2 7 5 9 4 0 2 8 5 19 11 1 2 3 0 2 4 0 2 7 0 2 3 8 2 7 1 2 3 1 2 7 1 2 7 0 2 7 0 18 7 5 6 3 0 2 7 1 2 3 5 30 3 0 2 2 0 2 7 16 2 2 8 2 2 0 2 12 16 6 2 16 6 2 0 2 3 1 2 6 1 2 7 5 30 3 0 2 3 0 2 3 1 2 7 1 2 7 0 2 3 1 2 7 0 2 4 0 9 11 0 2 7 1 2 7 12 16 2 1 2 7 5 2 3 0 2 3 5 30 8 17 9 2 1 2 7 12 16 2 0 2 7 5 2 3 16 2 7 0 2 7 0 2 3 0 2 8 0 2 7 1453968.54550404707 64.6789683699607849
0 2 4 0 2 4 17 18 2 0 6 7 12 2 2 5 31 3 0 2 7 0 2 4 0 2 7 12 2 4 0 2 7 1 2 4 0 2 7 16 30 11 0 2 7 1 2 7 1 2 7 1 3 7 1 2 7 17 9 2 16 6 3 16 19 11 0 2 2 5 31 3 17 2 7 13 2 3 1 2 2 1 2 7 0 2 4 12 16 2 12 16 2 0 2 7 1 2 7 1 2 7 5 30 3 0 2 7 13 6 3 1 2 7 1 9 7 0 2 7 0 2 7 0 2 7 6 2 7 1 2 7 1 2 4 0 2 7 1 2 2 13 30 3 0 2 7 5 31 3 17 6 2 0 2 7 12 16 2 0 2 7 12 30 3 1 2 7 1 2 4 12 16 2 1 2 7 0 2 7 1346687.80879331729 59.5446287393569946
0 2 7 0 2 4 17 9 2 13 6 2 0 2 7 16 31 3 0 2 7 0 2 7 0 2 7 16 19 2 5 31 3 1 2 7 0 2 7 1 30 3 0 2 7 1 2 7 1 2 7 0 2 7 0 2 4 8 18 2 13 6 2 1 18 7 17 2 7 5 30 3 0 9 7 0 2 7 12 2 2 1 2 2 12 2 2 12 16 11 12 16 3 0 2 7 0 2 7 0 2 7 5 30 3 0 2 7 0 6 3 1 2 7 17 9 2 0 2 7 0 2 7 0 2 4 6 2 3 0 2 7 0 2 7 0 2 2 1 2 7 5 30 3 5 2 3 0 2 3 16 6 2 0 2 7 12 16 2 0 2 7 5 2 3 0 2 7 0 2 4 12 2 2 0 2 7 0 2 7 1347003.42921758769 61.83621746301651
6 2 7 0 2 7 17 18 2 13 19 7 1 2 2 8 6 3 0 30 7 5 9 4 0 2 8 12 19 11 0 2 3 1 2 4 0 2 7 5 2 3 0 2 7 0 2 11 1 2 7 1 2 4 0 2 4 17 18 7 13 6 3 0 18 2 16 6 3 5 30 3 0 2 2 0 2 7 0 2 2 1 2 7 0 2 12 12 16 7 12 2 2 0 2 7 1 2 6 1 2 7 5 30 3 0 2 7 0 2 3 1 2 7 17 2 7 1 2 7 1 2 7 0 2 4 0 2 7 0 2 7 1 2 7 0 30 3 0 2 7 5 30 3 0 2 8 5 30 8 17 6 2 0 2 7 12 16 2 0 2 8 5 30 7 16 2 11 0 2 7 0 16 3 0 2 8 1 2 7 1689037.04538037931 62.1999180316925049
0 2 7 0 2 4 8 18 2 13 6 2 0 2 7 5 18 3 0 2 7 0 2 7 0 2 7 16 19 11 0 31 7 0 2 4 0 2 7 5 2 3 5 2 7 1 2 7 1 2 7 1 2 7 0 2 7 17 18 2 17 18 3 17 2 2 17 2 2 5 30 3 17 2 7 0 2 7 1 16 7 1 15 7 0 16 7 16 16 11 12 30 3 0 2 7 0 2 7 0 2 7 5 30 3 0 2 7 13 6 3 0 2 7 17 9 2 0 2 7 1 2 7 0 16 4 5 2 7 1 2 7 0 2 4 12 2 7 1 2 7 5 30 3 5 2 7 0 2 7 16 30 2 0 2 7 12 16 2 0 2 7 6 2 3 0 2 7 0 2 4 12 16 7 0 2 3 0 2 7 1868135.41421185737 62.7372207641601562

Current Evaluation = 9000(9000)
Front Size = 10
0 2 4 0 2 7 17 18 2 13 6 3 1 2 7 5 31 3 0 2 7 0 2 7 0 2 7 12 16 2 0 2 7 1 2 7 0 2 7 0 2 4 0 2 7 1 2 7 6 2 7 1 2 7 0 2 4 17 18 2 13 6 3 17 18 2 17 18 2 5 30 3 17 9 2 0 2 7 12 16 2 1 2 7 1 2 7 12 16 2 12 16 2 0 2 7 1 2 7 1 2 7 5 30 3 0 2 7 13 6 3 1 2 7 17 9 2 0 2 7 1 2 7 0 2 4 1 2 7 0 2 3 1 2 7 0 2 7 1 2 7 13 6 3 0 2 7 5 31 3 16 6 2 0 2 7 12 16 2 0 2 4 5 30 3 0 2 7 0 2 7 12 16 2 1 2 7 0 2 4 0 60.2341073155403137
0 2 7 8 9 2 16 19 11 1 2 7 6 2 7 0 2 7 17 9 2 0 2 4 0 2 3 1 2 7 1 2 7 0 2 7 0 2 7 1 2 4 0 2 3 1 2 7 0 2 3 0 2 4 0 2 7 1 2 7 5 31 3 16 6 2 0 2 7 0 2 7 0 2 7 0 2 7 5 31 3 1 2 7 0 2 7 12 16 2 12 16 2 1 2 7 0 2 7 0 2 3 1 2 7 0 2 7 0 2 4 1 2 4 1 2 7 0 2 7 1 2 7 0 2 7 0 2 7 0 2 7 0 2 3 17 18 2 0 2 7 16 6 2 0 2 7 8 9 2 5 30 3 1 2 7 17 18 2 1 2 7 5 30 3 0 2 7 0 2 7 5 31 3 16 6 2 5 30 3 0 61.6635845303535461
0 2 11 0 2 7 0 2 3 1 2 7 0 2 7 16 19 11 0 2 7 12 16 2 0 2 3 12 16 2 0 2 7 0 2 7 1 2 7 16 19 11 16 31 2 0 2 3 5 30 3 6 2 3 0 2 7 1 2 7 1 2 3 0 2 7 16 9 11 0 2 7 0 2 3 0 2 3 16 30 2 0 2 7 0 2 3 16 6 2 16 6 2 1 2 7 1 2 7 0 2 3 5 31 3 0 2 3 0 2 3 5 30 3 5 30 3 0 2 7 0 2 7 0 2 3 0 2 4 0 2 7 8 9 2 5 30 3 0 2 3 0 2 3 0 2 3 5 30 3 0 2 7 0 2 3 12 16 2 1 2 3 5 30 3 0 2 3 1 2 7 12 16 2 1 2 7 1 2 7 0 63.7130394577980042
6 2 7 0 2 7 0 2 7 1 2 11 0 2 3 5 30 3 12 2 11 16 2 11 0 2 8 16 19 3 0 2 3 0 2 3 0 2 7 0 31 3 0 2 7 0 2 11 0 2 3 0 2 3 0 2 7 0 19 2 0 2 7 0 2 11 16 30 3 5 31 7 0 2 8 0 2 7 16 6 11 5 2 3 0 2 4 12 6 2 16 6 2 0 2 7 0 2 11 0 2 11 5 30 3 0 2 7 16 9 7 0 2 3 17 9 2 0 2 11 1 2 3 0 2 7 0 2 7 0 2 11 0 2 7 1 2 3 0 2 3 0 19 7 1 2 7 5 30 8 16 6 2 0 2 7 12 16 2 1 2 8 5 30 3 0 30 7 0 2 3 0 9 8 0 2 7 0 2 3 1428035.27649144642 63.2455762624740601
0 2 4 0 2 7 1 2 3 13 6 3 1 2 7 1 2 4 0 2 7 0 2 7 0 2 7 17 9 2 0 2 4 15 2 11 0 2 3 5 30 3 0 2 7 1 2 7 0 2 7 0 2 7 0 2 7 17 9 2 5 30 3 12 16 2 17 18 2 0 2 7 0 2 7 0 2 7 17 9 2 0 2 7 1 2 7 12 16 2 12 16 2 0 2 7 0 2 10 0 2 7 5 30 3 0 2 7 16 19 11 0 2 7 8 9 2 1 2 7 1 2 7 0 2 10 1 2 7 0 2 7 0 2 3 1 2 4 5 30 3 5 30 3 0 2 10 5 30 3 16 31 2 0 2 7 12 16 2 0 2 7 5 30 3 1 2 7 1 2 7 0 2 7 16 19 11 0 2 7 0 62.4362450838088989
0 2 3 0 2 7 0 2 7 5 31 3 1 2 7 0 2 7 1 2 4 8 18 2 1 2 7 12 16 2 1 2 3 0 2 7 0 2 7 5 31 3 0 2 4 0 2 7 5 30 3 0 2 7 0 2 7 6 2 7 16 19 11 12 16 2 8 1 2 0 2 7 1 2 7 0 2 4 16 6 2 0 2 7 0 2 7 12 16 2 12 16 2 0 2 7 1 2 3 0 2 7 5 30 3 0 2 7 0 2 7 0 2 3 17 9 2 0 2 7 0 2 7 1 2 7 1 2 7 0 2 4 17 18 2 16 19 11 5 30 3 1 2 7 1 2 3 16 18 8 1 2 7 0 2 7 12 16 2 0 2 7 5 30 3 0 2 7 0 2 7 17 9 2 0 2 7 0 2 7 0 62.787726104259491
5 30 3 0 2 3 5 30 3 16 19 11 0 2 8 5 30 3 0 2 3 0 2 3 0 2 7 16 6 2 0 2 3 0 2 3 0 2 3 9 2 7 5 30 3 0 2 3 0 2 7 1 2 3 0 2 7 16 19 11 0 2 3 0 2 8 5 30 3 0 2 7 0 2 3 0 2 3 0 2 11 5 30 3 0 2 11 16 6 2 16 19 11 0 2 6 0 2 8 1 2 8 5 30 3 0 2 3 16 19 11 1 2 8 1 2 3 5 30 3 0 2 3 0 2 3 0 2 11 0 2 3 0 2 8 5 30 3 0 2 12 0 2 13 8 18 2 0 2 11 0 2 3 0 2 3 12 16 2 0 2 3 16 6 2 0 2 8 0 2 3 0 2 3 12 16 2 0 2 7 2.12951984351299224e-09 66.865892767906189
1 2 7 0 2 7 17 18 2 13 6 3 1 2 7 1 2 7 17 9 2 17 18 2 0 2 7 12 16 2 0 2 4 0 2 4 1 2 7 5 31 3 0 2 4 0 2 7 0 2 7 0 2 7 1 2 7 1 2 7 5 30 3 12 16 2 17 18 2 0 2 7 13 6 3 0 2 7 5 30 3 0 2 7 5 30 3 12 16 2 12 16 2 0 2 7 0 2 7 1 2 7 5 30 3 0 2 7 0 2 4 1 2 7 17 18 2 0 2 7 1 2 4 0 2 7 0 2 7 0 2 7 17 9 2 0 2 7 0 2 7 0 2 7 0 2 7 16 19 11 6 2 9 0 2 7 12 16 2 1 2 7 5 31 3 0 2 7 1 2 4 1 2 7 6 2 7 0 2 7 0 61.2660052180290222
0 2 3 0 2 7 0 2 7 5 31 3 1 2 7 5 2 7 1 2 7 0 18 7 1 2 7 12 16 2 1 2 3 1 2 7 0 2 7 5 2 4 0 2 4 0 2 7 5 30 7 0 2 7 0 2 4 17 18 2 16 19 11 17 16 2 17 1 2 5 2 7 1 9 2 0 2 7 16 16 2 0 2 7 0 2 7 12 16 2 12 16 2 0 2 7 1 2 3 0 2 7 5 30 3 0 2 7 13 6 3 1 2 7 17 9 2 0 2 7 1 2 7 0 2 7 1 2 7 0 2 4 17 2 7 16 2 7 5 30 7 13 6 7 1 2 3 5 31 3 16 2 7 0 2 7 12 16 2 0 2 7 5 30 3 0 2 7 0 2 7 17 9 2 0 2 7 0 2 4 763584.077125482261 63.0039375424385071
0 2 7 8 2 7 16 2 7 0 2 7 0 2 3 1 2 3 12 16 7 0 2 7 1 2 7 0 2 2 0 19 11 0 2 7 1 2 3 1 2 7 0 19 4 0 2 7 0 2 7 0 2 7 0 2 3 17 9 2 5 31 7 0 2 2 0 2 7 5 30 3 1 2 4 1 2 7 16 6 2 0 2 3 0 2 7 12 16 2 16 6 2 0 2 3 1 2 3 16 19 7 5 30 3 0 2 7 13 6 3 0 2 7 17 9 2 1 2 3 1 2 3 0 2 7 5 2 3 0 2 3 0 2 7 5 30 7 0 2 3 16 2 7 1 2 7 0 30 3 16 6 2 0 2 7 1 16 2 0 2 7 5 30 3 0 2 7 0 2 7 5 30 3 0 2 3 0 2 7 1110840.30240685027 62.4573667645454407

Current Evaluation = 9900(9900)
Front Size = 10
0 2 4 0 2 7 17 18 2 13 6 3 1 2 7 5 31 3 0 2 7 0 2 7 0 2 7 12 16 2 0 2 7 1 2 7 0 2 7 0 2 4 0 2 7 1 2 7 6 2 7 1 2 7 0 2 4 17 18 2 13 6 3 17 18 2 17 18 2 5 30 3 17 9 2 0 2 7 12 16 2 1 2 7 1 2 7 12 16 2 12 16 2 0 2 7 1 2 7 1 2 7 5 30 3 0 2 7 13 6 3 1 2 7 17 9 2 0 2 7 1 2 7 0 2 4 1 2 7 0 2 3 1 2 7 0 2 7 1 2 7 13 6 3 0 2 7 5 31 3 16 6 2 0 2 7 12 16 2 0 2 4 5 30 3 0 2 7 0 2 7 12 16 2 1 2 7 0 2 4 0 60.2341073155403137
0 2 11 6 2 7 17 18 2 5 31 3 1 2 7 0 2 7 0 2 11 8 18 2 0 2 7 1 2 7 0 2 4 0 2 7 1 2 11 5 31 3 0 2 7 0 2 7 6 2 7 0 2 4 0 2 7 1 2 7 0 2 7 17 18 2 17 9 2 0 2 4 1 2 7 0 2 7 1 2 7 5 30 3 5 30 3 12 16 2 0 2 7 5 30 3 0 2 7 1 2 11 5 30 3 0 2 7 0 2 7 1 2 7 17 1 2 0 2 4 0 2 7 0 2 4 1 2 11 1 2 7 0 2 3 16 19 11 1 2 3 0 2 7 0 2 7 0 2 7 0 2 7 1 2 3 17 9 2 0 2 3 17 18 2 0 2 7 1 2 7 1 2 7 6 2 4 0 2 7 0 62.0208136439323425
0 2 3 0 2 3 5 31 3 0 2 3 5 31 3 0 2 4 0 2 3 1 2 4 0 2 7 16 6 2 16 18 11 1 2 7 1 2 3 1 2 3 0 2 7 0 2 7 6 2 3 0 2 3 0 2 3 17 18 2 1 2 7 16 6 2 5 30 3 1 2 7 1 2 7 0 2 7 16 30 2 0 2 7 0 2 4 16 6 2 0 2 3 0 2 7 0 2 3 0 2 3 1 2 7 1 2 7 1 2 7 0 2 7 0 2 7 0 2 7 0 2 7 1 2 3 0 2 4 0 2 3 0 2 7 12 16 2 1 2 7 5 31 3 1 2 7 12 16 2 16 6 2 0 2 7 0 2 3 1 2 3 0 2 3 0 2 3 12 16 2 5 30 3 8 9 2 12 16 2 0 62.4976927638053894
5 30 3 0 2 3 5 30 3 16 19 11 0 2 8 5 30 3 0 2 3 0 2 3 0 2 7 16 6 2 0 2 3 0 2 3 0 2 3 9 2 7 5 30 3 0 2 3 0 2 7 1 2 3 0 2 7 16 19 11 0 2 3 0 2 8 5 30 3 0 2 7 0 2 3 0 2 3 0 2 11 5 30 3 0 2 11 16 6 2 16 19 11 0 2 6 0 2 8 1 2 8 5 30 3 0 2 3 16 19 11 1 2 8 1 2 3 5 30 3 0 2 3 0 2 3 0 2 11 0 2 3 0 2 8 5 30 3 0 2 12 0 2 13 8 18 2 0 2 11 0 2 3 0 2 3 12 16 2 0 2 3 16 6 2 0 2 8 0 2 3 0 2 3 12 16 2 0 2 7 2.12951984351299224e-09 66.865892767906189
0 2 7 5 30 3 0 2 3 5 30 3 1 2 3 0 2 7 0 2 7 1 2 7 0 2 11 16 24 2 1 2 7 1 2 7 0 2 3 5 30 3 5 30 3 0 2 3 0 2 7 0 2 3 12 16 2 16 19 11 0 2 3 0 2 7 16 19 11 0 2 3 0 2 7 0 2 3 0 2 7 5 30 3 5 30 3 16 19 11 16 19 11 5 31 3 0 2 3 0 2 7 5 30 3 0 2 7 16 19 11 0 2 7 0 2 3 5 30 3 0 2 7 0 2 7 0 2 7 0 2 7 0 2 3 0 2 7 1 2 7 0 2 3 0 2 7 0 2 3 0 2 7 0 2 3 12 16 2 0 2 3 16 19 11 0 2 7 0 2 7 0 2 3 0 2 7 0 2 7 0 65.2169880867004395
5 30 4 17 9 2 16 30 3 16 19 11 0 2 11 5 30 7 0 2 3 0 18 2 0 2 7 16 2 7 0 2 3 0 2 7 0 2 3 9 30 7 5 30 7 0 2 7 0 2 7 1 2 3 0 2 7 1 2 11 0 2 3 8 2 8 17 30 2 0 2 7 1 2 3 0 2 3 0 2 11 5 30 3 5 30 3 16 16 2 1 19 11 0 2 6 0 2 7 1 2 7 5 30 3 0 2 3 16 2 11 0 2 8 17 2 3 1 2 7 0 2 3 0 2 7 1 2 11 1 2 7 0 2 4 16 30 11 0 2 12 0 2 2 8 18 2 0 2 11 0 2 7 0 2 7 12 2 7 1 2 7 16 9 2 0 2 8 0 2 7 0 30 3 12 2 2 0 2 7 1177378.74766620947 62.9655357599258423
0 2 7 0 2 7 16 6 2 5 30 7 6 2 3 5 30 7 16 19 11 1 2 4 0 2 7 1 2 7 1 2 7 0 2 7 0 2 7 1 2 7 17 18 3 1 2 7 0 2 3 0 2 4 0 2 7 17 18 2 5 30 3 8 18 2 0 2 7 0 2 11 0 2 2 0 2 7 1 31 11 1 2 7 0 2 7 0 16 7 12 16 2 1 2 7 0 2 7 0 2 3 5 2 7 0 2 7 1 2 4 1 2 4 1 2 3 0 2 7 0 2 7 0 2 7 0 2 7 0 2 11 0 2 7 0 18 2 1 2 7 16 6 2 0 2 4 8 9 2 5 30 3 0 2 7 17 18 2 8 2 7 5 30 3 0 2 7 0 2 7 5 31 11 16 6 2 5 30 3 508585.019220680813 62.0282846689224243
0 2 7 8 9 2 16 19 11 1 2 7 6 2 7 0 2 7 17 9 2 0 2 4 0 2 3 1 2 7 1 2 7 0 2 7 0 2 7 1 2 4 0 2 3 1 2 7 0 2 3 0 2 4 0 2 7 1 2 7 5 31 3 16 6 2 0 2 7 0 2 7 0 2 7 0 2 7 5 31 3 1 2 7 0 2 7 12 16 2 12 16 2 1 2 7 0 2 7 0 2 3 1 2 7 0 2 7 0 2 4 1 2 4 1 2 7 0 2 7 1 2 7 0 2 7 0 2 7 0 2 7 0 2 3 17 18 2 0 2 7 16 6 2 0 2 7 8 9 2 5 30 3 1 2 7 17 18 2 1 2 7 5 30 3 0 2 7 0 2 7 5 31 3 16 6 2 5 30 3 0 61.6635845303535461
0 2 4 8 9 2 16 19 11 5 2 7 6 2 7 0 2 7 0 2 7 17 2 4 0 2 7 1 2 7 0 2 7 0 2 7 1 2 7 1 2 3 1 2 7 0 2 7 0 2 3 0 2 4 0 2 7 1 2 7 0 2 3 8 6 2 17 2 2 0 2 4 0 2 7 0 2 7 5 31 7 5 31 3 5 2 3 12 16 2 12 16 4 13 6 7 0 2 7 1 2 3 5 2 7 0 2 7 0 2 4 0 2 4 17 2 7 0 2 7 1 2 7 0 2 7 0 2 7 1 2 7 0 2 4 17 19 2 0 2 4 12 6 2 1 2 11 0 9 2 0 30 3 1 2 7 17 2 7 1 2 7 5 30 2 0 2 7 0 2 7 5 31 3 16 2 7 8 18 2 1215925.01804480702 62.6777333617210388
0 2 4 17 9 2 16 19 11 5 30 3 0 2 11 0 2 7 0 2 7 17 18 2 1 2 7 0 2 7 0 2 7 0 2 7 1 2 7 5 30 3 1 2 7 0 2 7 1 2 7 0 2 4 0 2 7 1 2 7 0 2 3 8 18 2 17 9 2 0 2 4 1 2 7 0 2 7 0 2 7 5 31 3 5 30 3 12 16 2 1 2 4 13 6 3 0 2 7 1 2 7 5 30 3 0 2 4 0 2 7 0 2 7 17 9 2 1 2 7 1 2 7 0 2 7 1 2 7 1 2 7 0 2 4 16 19 11 0 2 4 12 16 2 1 2 11 0 2 7 0 2 7 0 2 7 0 2 7 1 2 7 17 9 2 0 2 7 0 2 7 5 30 3 1 2 7 8 18 2 0 61.6571743488311768

Current Evaluation = 10800(10800)
Front Size = 10
0 2 7 0 2 7 17 18 2 13 6 3 1 2 7 5 31 3 0 2 7 0 2 7 0 2 7 12 16 2 0 2 7 1 2 7 0 2 7 0 2 4 0 2 7 1 2 7 1 2 7 1 2 7 0 2 7 17 18 2 13 6 3 17 18 2 17 18 2 5 30 3 17 9 2 0 2 7 12 16 2 1 2 7 1 2 7 12 16 2 12 16 2 0 2 7 1 2 7 1 2 7 5 31 3 0 2 7 13 6 3 1 2 7 17 9 2 0 2 7 1 2 7 0 2 7 1 2 7 0 2 7 1 2 7 0 2 7 1 2 7 13 6 3 0 2 7 1 2 7 16 6 2 0 2 7 12 16 2 0 2 7 5 31 3 0 2 7 0 2 7 12 16 2 1 2 7 0 2 4 0 60.0768983364105225
0 2 4 0 2 7 17 18 2 13 6 3 1 2 7 5 31 3 0 2 7 0 2 7 0 2 7 12 16 2 0 2 7 1 2 7 0 2 7 0 2 4 0 2 7 1 2 7 6 2 7 1 2 7 0 2 4 17 18 2 13 6 3 17 18 2 17 18 2 5 30 3 17 9 2 0 2 7 12 16 2 1 2 7 1 2 7 12 16 2 12 16 2 0 2 7 1 2 7 1 2 7 5 30 3 0 2 7 13 6 3 1 2 7 17 9 2 0 2 7 1 2 7 0 2 4 1 2 7 0 2 3 1 2 7 0 2 7 1 2 7 13 6 3 0 2 7 5 31 3 16 6 2 0 2 7 12 16 2 0 2 4 5 30 3 0 2 7 0 2 7 12 16 2 1 2 7 0 2 4 0 60.2341073155403137
6 2 7 0 2 7 16 18 11 0 2 7 1 2 7 5 31 3 0 2 7 0 2 7 0 2 7 12 16 2 0 2 7 0 2 7 0 2 7 0 2 7 5 30 3 0 2 7 6 2 7 0 2 7 0 2 7 17 18 2 0 2 7 17 18 2 16 9 11 16 19 11 5 31 3 1 2 3 12 16 2 0 2 7 1 2 7 12 16 2 0 2 7 5 30 3 0 2 7 0 2 7 5 31 3 1 2 4 0 2 7 5 31 3 1 2 3 0 2 7 1 2 7 0 2 4 1 2 7 0 2 7 0 2 7 1 2 7 1 2 4 1 2 7 1 2 7 0 2 7 16 6 2 0 2 3 0 2 3 0 2 3 5 30 3 0 2 7 0 2 7 16 19 11 0 2 7 0 2 7 0 62.8576884269714355
1 2 7 0 2 4 17 9 2 1 2 7 6 2 11 0 2 7 1 2 7 1 2 7 1 2 7 16 19 11 0 2 7 1 2 7 0 2 7 0 2 3 5 30 3 0 2 7 0 2 7 0 2 7 0 2 7 17 18 2 13 6 3 17 18 2 12 16 2 5 30 3 0 2 7 0 2 7 0 2 7 0 2 7 1 2 7 12 16 2 17 18 2 0 2 7 1 2 7 0 2 10 5 30 3 0 2 4 16 18 11 0 2 7 16 19 11 1 2 7 1 2 7 0 2 7 5 31 3 0 2 7 0 2 4 0 2 7 0 2 7 5 31 3 5 30 3 0 2 4 0 2 4 0 2 7 12 16 2 1 2 7 8 9 2 0 2 7 0 2 7 5 30 3 0 2 7 1 2 7 0 62.2218642830848694
12 16 2 0 2 7 13 6 3 17 18 2 1 2 7 5 30 3 0 2 7 0 2 7 5 30 3 1 2 7 1 2 7 1 2 3 0 2 7 0 2 3 5 31 3 6 2 7 0 2 7 0 2 7 0 2 7 1 2 7 0 2 7 17 18 2 17 18 2 0 2 7 0 2 7 0 2 11 0 2 7 1 2 7 0 2 7 16 15 2 0 2 4 0 2 7 1 2 7 0 2 7 5 30 3 0 2 7 0 2 7 0 2 7 16 19 11 0 2 7 1 2 7 0 2 7 0 2 7 1 2 3 0 2 3 16 18 11 0 2 7 5 31 3 17 18 2 0 2 7 0 2 7 1 2 7 12 16 2 1 2 7 8 18 2 0 2 7 1 2 7 5 30 3 6 2 3 1 2 3 0 62.0215024948120117
0 2 3 16 19 11 5 30 3 1 2 7 1 2 3 0 2 7 1 2 7 0 2 7 1 2 7 0 2 3 0 2 3 0 2 7 0 2 7 1 2 3 5 30 3 0 2 7 5 30 3 1 2 7 0 2 7 17 9 2 0 2 7 0 2 3 17 18 2 1 2 7 0 2 7 0 2 7 16 6 2 0 2 7 0 2 3 12 16 2 5 31 3 5 30 3 1 2 7 0 2 3 16 19 11 6 2 3 0 2 3 0 2 3 0 2 7 16 9 11 0 2 7 1 2 7 0 2 7 0 2 3 0 2 7 16 19 11 1 2 4 5 30 3 1 2 3 8 18 2 0 2 3 1 2 7 1 2 7 0 2 7 0 2 3 0 2 3 0 2 7 5 30 3 0 2 3 0 2 7 0 63.6022964119911194
5 30 3 16 19 11 16 6 2 1 2 3 0 2 7 5 30 3 0 2 4 0 2 7 0 2 7 0 2 7 0 2 7 1 2 7 0 2 7 0 2 7 5 30 3 0 2 3 0 2 7 0 2 7 0 2 7 0 2 7 5 30 3 16 19 11 0 2 7 0 2 7 0 2 3 0 2 3 0 2 7 5 31 3 12 16 2 12 16 2 5 30 3 0 2 3 0 2 7 0 2 7 12 16 2 1 2 7 0 2 7 6 2 7 0 2 3 16 19 11 1 2 7 6 2 7 0 2 3 0 2 7 1 2 7 17 9 2 0 2 7 16 6 2 5 31 3 1 2 7 6 2 7 0 2 3 0 2 3 0 2 7 17 1 2 5 31 3 0 2 3 0 2 7 0 2 7 0 2 7 0 63.4276732802391052
6 2 7 16 19 11 5 30 3 5 30 3 0 2 7 0 2 8 0 2 7 0 2 11 0 2 8 16 19 11 0 2 11 0 2 3 0 2 7 0 2 11 5 30 3 0 2 8 1 2 3 0 2 3 0 2 8 8 18 2 5 30 3 0 2 8 0 2 11 0 2 11 0 2 8 0 2 11 17 18 2 0 2 11 5 30 3 12 16 2 5 30 3 5 31 3 0 2 7 0 2 8 16 19 11 0 2 11 0 2 8 0 2 8 0 2 11 16 19 11 0 2 7 0 2 11 0 2 7 0 2 7 5 30 3 16 19 11 0 2 7 5 30 3 0 2 12 0 2 11 0 2 8 0 2 8 0 2 7 0 2 3 17 18 2 1 2 11 0 2 8 5 30 3 0 2 7 6 2 8 0 67.3493226170539856
12 2 2 0 2 7 13 6 3 5 30 2 0 2 7 5 30 3 0 2 7 0 2 7 5 30 3 16 2 7 1 2 11 1 2 3 0 2 7 0 2 3 5 31 3 6 2 7 0 2 3 0 2 7 0 2 7 1 2 7 0 2 3 17 2 8 0 18 11 0 2 7 0 2 7 0 2 11 17 2 7 1 2 11 5 2 7 12 15 2 0 2 4 0 31 7 1 2 7 0 2 7 16 19 3 0 2 7 0 2 7 0 2 7 16 19 11 0 2 7 1 2 7 0 2 7 0 2 7 1 2 3 0 2 3 16 19 11 0 2 7 5 31 3 0 2 2 0 2 7 0 2 7 1 2 7 12 16 7 1 2 7 8 18 2 0 2 11 1 2 8 5 30 3 6 2 3 1 2 3 899389.754985001171 63.6053889393806458
12 16 2 0 2 7 0 2 7 8 9 2 1 2 3 5 30 3 0 2 3 0 2 3 5 30 3 0 2 3 1 2 3 0 2 7 0 2 7 5 31 3 5 30 3 0 2 7 1 2 3 0 2 7 6 2 7 0 2 7 1 2 7 16 6 2 17 18 2 0 2 3 0 2 3 0 2 7 0 2 7 0 2 3 16 19 11 16 18 11 5 30 3 1 2 7 0 2 7 0 2 7 5 30 3 0 2 3 0 2 7 1 2 7 0 2 7 16 19 11 0 2 7 0 2 3 1 2 3 1 2 3 0 2 7 16 19 11 0 2 3 5 30 3 16 18 11 0 2 7 0 2 7 0 2 3 0 2 3 12 16 2 0 2 3 0 2 7 1 2 7 5 30 3 0 2 7 1 2 7 0 64.239819347858429

Current Evaluation = 11700(11700)
Front Size = 10
0 2 7 0 2 7 17 18 2 13 6 3 1 2 7 5 31 3 0 2 7 0 2 7 0 2 7 12 16 2 0 2 7 1 2 7 0 2 7 0 2 4 0 2 7 1 2 7 1 2 7 1 2 7 0 2 7 17 18 2 13 6 3 17 18 2 17 18 2 5 30 3 17 9 2 0 2 7 12 16 2 1 2 7 1 2 7 12 16 2 12 16 2 0 2 7 1 2 7 1 2 7 5 31 3 0 2 7 13 6 3 1 2 7 17 9 2 0 2 7 1 2 7 0 2 7 1 2 7 0 2 7 1 2 7 0 2 7 1 2 7 13 6 3 0 2 7 1 2 7 16 6 2 0 2 7 12 16 2 0 2 7 5 31 3 0 2 7 0 2 7 12 16 2 1 2 7 0 2 4 0 60.0768983364105225
0 2 3 5 31 3 1 2 7 0 2 4 0 2 7 13 6 3 0 2 7 1 2 7 5 31 3 0 2 7 0 2 7 1 2 4 1 2 7 0 2 7 5 30 3 0 2 7 17 18 2 0 2 7 0 2 7 1 2 7 1 2 7 17 9 2 17 18 2 0 2 7 0 2 7 0 2 7 0 2 4 0 2 4 0 2 7 16 6 2 1 2 7 0 2 4 1 2 7 1 2 7 5 31 3 1 2 3 1 2 7 0 2 7 5 30 3 6 2 7 0 2 7 0 2 4 0 2 7 1 2 7 0 2 4 16 19 11 0 2 7 5 30 3 17 18 2 6 2 7 1 2 7 0 2 7 12 16 2 0 2 4 17 18 2 0 2 3 1 2 3 1 2 7 0 2 7 0 2 7 0 61.1298606395721436
5 30 3 17 9 2 0 2 7 0 2 3 0 2 3 1 2 7 5 30 3 0 2 3 1 2 3 0 2 3 0 2 7 0 2 7 0 2 7 12 16 2 5 30 3 0 2 7 16 19 11 16 19 11 12 16 2 1 2 7 0 2 7 16 30 2 1 2 3 1 2 7 0 2 7 0 2 11 0 2 3 0 2 7 0 2 3 16 6 2 0 2 7 0 2 3 1 2 7 1 2 3 5 30 3 1 2 3 0 2 7 0 2 7 16 19 11 0 2 7 12 16 2 0 2 3 1 2 4 0 2 7 16 6 2 8 18 2 1 2 7 5 30 3 8 9 2 1 2 7 0 2 3 0 2 7 0 2 7 0 2 3 5 30 3 0 2 3 5 30 3 8 9 2 0 2 7 0 2 3 0 63.628697395324707
5 31 3 16 18 8 5 30 3 0 2 3 0 2 7 5 30 3 0 2 7 0 2 7 5 31 3 0 2 3 0 2 8 1 2 3 1 2 3 0 2 7 5 30 3 0 2 3 5 30 3 0 2 7 0 2 7 0 2 7 0 2 7 0 2 3 5 30 3 1 2 7 0 2 3 9 2 7 0 2 8 0 2 8 1 2 3 16 6 2 0 2 3 0 2 7 0 2 3 0 2 8 16 19 12 0 2 7 0 2 7 0 2 3 16 19 12 0 2 7 12 16 2 0 2 12 0 2 7 0 2 3 0 2 3 16 19 12 0 2 8 5 30 3 17 18 2 16 19 11 1 2 3 1 2 3 0 2 7 0 2 7 0 2 3 0 2 8 0 2 3 5 31 3 0 2 3 1 2 8 0 66.3924310207366943
0 2 7 1 2 7 1 2 7 16 9 11 0 2 7 13 6 3 0 2 7 1 2 7 5 31 3 0 2 7 0 2 7 0 2 7 1 2 7 0 2 7 5 31 3 0 2 7 0 2 3 0 2 7 0 2 3 1 2 7 0 2 7 17 9 2 17 18 2 0 2 7 0 2 7 0 2 7 0 2 7 0 2 3 0 2 7 16 6 2 1 2 7 1 2 7 1 2 7 1 2 11 5 30 3 1 2 7 1 2 7 0 2 3 5 31 3 6 2 7 0 2 7 0 2 7 0 2 7 1 2 7 0 2 7 16 19 11 0 2 7 5 30 3 17 18 2 0 2 7 1 2 7 1 2 7 12 16 2 1 2 7 17 18 2 0 2 7 1 2 7 1 2 3 0 2 3 0 2 3 0 61.51939857006073
0 2 7 1 2 7 12 16 2 16 19 11 0 2 7 17 18 2 0 2 7 0 2 4 5 31 3 0 2 7 1 2 11 1 2 7 0 2 7 6 2 4 5 31 3 0 2 7 1 2 7 0 2 7 0 2 7 0 2 7 0 2 7 17 9 2 17 18 2 0 2 7 0 2 7 0 2 11 0 2 4 0 2 11 0 2 11 16 30 2 0 2 4 6 2 7 1 2 7 1 2 7 5 30 3 13 6 3 1 2 7 0 2 4 5 31 3 0 2 7 1 2 7 1 2 7 0 2 7 0 2 3 0 2 7 5 30 3 6 2 3 5 30 3 17 18 2 1 2 7 1 2 7 1 2 7 12 16 2 1 2 4 17 18 2 0 2 3 0 2 4 1 2 7 0 2 7 0 2 7 0 61.5369747877120972
0 2 7 5 31 3 0 2 7 16 9 11 0 2 7 8 18 2 1 2 7 1 2 7 5 31 3 0 2 7 1 2 3 1 2 7 1 2 4 0 2 7 5 30 3 0 2 7 1 2 7 0 2 7 0 2 7 1 2 7 0 2 4 17 9 2 17 18 2 0 2 7 0 2 7 0 2 7 0 2 7 0 2 7 0 2 4 16 6 2 1 2 4 0 2 7 1 2 3 1 2 7 5 30 3 1 2 7 1 2 7 0 2 7 5 31 3 0 2 7 1 2 4 0 2 7 0 2 3 1 2 7 0 2 4 16 19 11 0 2 7 5 30 3 17 18 2 0 2 7 1 2 7 0 2 7 12 16 2 0 2 7 17 18 2 0 2 7 0 2 4 1 2 7 0 2 7 0 2 7 0 61.6506965756416321
1 2 3 1 2 7 1 2 4 0 2 7 0 2 7 5 30 3 0 2 7 1 2 7 5 30 3 0 2 7 0 2 7 1 2 7 0 2 3 0 2 3 0 2 7 0 2 7 0 2 3 5 31 3 0 2 7 12 16 2 12 16 2 5 30 3 8 9 2 0 2 7 16 18 11 0 2 7 17 18 2 0 2 7 15 2 11 16 30 2 0 2 7 0 2 3 0 2 7 0 2 7 5 30 3 5 30 3 17 18 2 0 2 7 16 18 11 1 2 7 0 2 7 0 2 7 0 2 7 0 2 7 0 2 7 1 2 7 1 2 7 5 31 3 0 2 7 0 2 7 1 2 7 0 2 7 12 16 2 1 2 7 1 2 7 1 2 7 0 2 7 16 19 11 1 2 3 0 2 7 0 62.8831593990325928
6 2 7 16 19 11 5 30 3 5 30 3 0 2 7 0 2 8 0 2 7 0 2 11 0 2 8 16 19 11 0 2 11 0 2 3 0 2 7 0 2 11 5 30 3 0 2 8 1 2 3 0 2 3 0 2 8 8 18 2 5 30 3 0 2 8 0 2 11 0 2 11 0 2 8 0 2 11 17 18 2 0 2 11 5 30 3 12 16 2 5 30 3 5 31 3 0 2 7 0 2 8 16 19 11 0 2 11 0 2 8 0 2 8 0 2 11 16 19 11 0 2 7 0 2 11 0 2 7 0 2 7 5 30 3 16 19 11 0 2 7 5 30 3 0 2 12 0 2 11 0 2 8 0 2 8 0 2 7 0 2 3 17 18 2 1 2 11 0 2 8 5 30 3 0 2 7 6 2 8 0 67.3493226170539856
1 2 3 1 2 3 0 2 7 0 2 3 0 2 7 5 30 3 1 2 3 0 2 7 1 2 3 0 2 3 0 2 3 0 2 3 1 2 3 0 2 3 0 2 3 1 2 3 0 2 3 0 2 3 1 2 3 1 2 3 0 2 3 5 31 3 16 18 12 1 2 3 16 18 12 0 2 3 0 2 3 0 2 3 16 19 12 16 6 2 12 16 2 0 2 7 0 2 3 0 2 3 5 30 3 0 2 3 16 15 2 0 2 3 0 2 3 0 2 3 0 2 7 1 2 3 1 2 3 1 2 3 5 31 3 16 9 12 0 2 3 16 18 8 1 2 3 0 2 3 12 16 2 5 30 3 0 2 3 0 2 3 5 30 3 0 2 3 0 2 3 0 2 7 0 2 7 0 2 3 5.65983506874306896e-05 65.7460461854934692

Current Evaluation = 12600(12600)
Front Size = 10
0 2 7 0 2 7 17 18 2 13 6 3 1 2 7 5 31 3 0 2 7 0 2 7 0 2 7 12 16 2 0 2 7 1 2 7 0 2 7 0 2 4 0 2 7 1 2 7 1 2 7 1 2 7 0 2 7 17 18 2 13 6 3 17 18 2 17 18 2 5 30 3 17 9 2 0 2 7 12 16 2 1 2 7 1 2 7 12 16 2 12 16 2 0 2 7 1 2 7 1 2 7 5 31 3 0 2 7 13 6 3 1 2 7 17 9 2 0 2 7 1 2 7 0 2 7 1 2 7 0 2 7 1 2 7 0 2 7 1 2 7 13 6 3 0 2 7 1 2 7 16 6 2 0 2 7 12 16 2 0 2 7 5 31 3 0 2 7 0 2 7 12 16 2 1 2 7 0 2 4 0 60.0768983364105225
12 16 2 5 30 3 16 9 11 16 19 11 0 2 3 16 6 2 1 2 7 0 2 7 1 2 3 0 2 3 0 2 7 1 2 7 16 19 11 0 2 7 0 2 3 0 2 7 0 2 3 0 2 7 0 2 7 5 30 3 1 2 3 5 30 3 0 2 7 0 2 3 0 2 3 0 2 7 0 2 7 0 2 7 0 2 3 16 19 11 16 9 11 0 2 3 1 2 3 1 2 7 12 16 2 1 2 3 0 2 3 5 31 3 5 30 3 0 2 3 1 2 7 0 2 7 0 2 3 0 2 3 0 2 3 16 9 11 0 2 7 5 30 3 0 2 3 0 2 4 0 2 3 0 2 7 12 16 2 0 2 3 1 2 7 5 30 3 0 2 7 5 30 3 0 2 7 0 2 3 0 64.9466013312339783
1 2 7 0 2 7 1 2 7 16 9 11 1 2 7 5 30 3 0 2 3 0 2 4 5 2 7 17 9 7 0 2 7 0 2 3 0 2 3 0 2 7 1 2 7 0 2 3 0 2 7 0 2 10 5 30 3 1 2 3 1 2 7 0 2 7 17 9 2 0 2 7 0 2 10 16 2 2 0 2 4 0 2 11 0 2 7 5 31 2 0 2 7 1 2 4 0 2 7 1 2 7 5 31 3 0 2 4 0 2 7 1 2 4 5 31 3 1 2 7 17 9 2 1 2 7 1 2 7 0 2 7 16 18 11 12 16 2 0 2 4 5 31 3 16 30 2 1 2 7 1 2 7 0 2 7 0 2 3 0 2 7 0 2 7 0 2 4 1 2 7 12 16 2 0 2 7 17 18 7 663703.630842342856 62.6818130016326904
0 2 3 0 2 8 5 30 3 8 9 2 0 2 8 5 30 3 0 2 3 0 2 3 0 2 7 0 2 3 0 2 3 0 2 7 0 2 8 0 2 7 16 19 12 0 2 3 1 2 8 0 2 7 0 2 3 5 31 3 16 19 12 16 18 8 5 30 3 5 30 3 8 18 2 0 2 3 12 16 2 1 2 8 0 2 7 16 6 2 1 2 7 0 2 3 0 2 7 0 2 3 5 30 3 0 2 8 0 2 7 1 2 8 16 19 12 0 2 8 0 2 3 0 2 3 0 2 7 0 2 3 0 2 8 0 2 8 0 2 8 5 30 3 1 2 3 5 30 3 16 6 2 0 2 3 12 16 2 0 2 8 0 2 7 0 2 3 0 2 8 16 19 12 5 30 3 1 2 3 5.28967134521035393e-06 66.8638250827789307
0 2 7 0 2 7 17 18 2 5 30 3 0 2 7 5 30 3 0 2 7 0 2 7 0 2 7 12 16 2 0 2 4 1 2 4 1 2 7 0 2 7 1 2 7 0 2 4 1 2 7 0 2 7 0 2 4 16 19 11 13 6 3 17 18 2 17 18 2 5 30 3 17 9 2 0 2 4 5 31 3 1 2 7 1 2 7 12 16 2 12 16 2 0 2 7 1 2 4 1 2 7 5 30 3 0 2 7 13 6 3 0 2 7 17 9 2 6 2 7 1 2 4 0 2 7 0 2 7 1 2 4 1 2 7 0 2 7 1 2 7 0 2 7 0 2 7 0 2 7 16 6 2 0 2 7 12 16 2 0 2 7 5 31 3 0 2 7 0 2 7 8 18 2 1 2 7 0 2 11 0 61.0990003943443298
0 2 7 0 2 3 0 2 7 17 18 11 0 2 3 5 30 3 5 30 3 1 2 7 1 2 3 0 2 2 0 2 7 0 2 3 16 18 3 1 2 3 0 2 7 0 2 4 0 2 7 0 2 10 5 9 11 17 2 2 1 2 7 0 2 7 1 18 7 0 2 7 0 2 3 16 15 2 0 2 3 0 2 7 0 2 7 0 31 7 1 2 7 0 2 4 0 2 3 0 2 7 5 30 3 0 2 11 0 2 3 1 2 4 5 31 3 1 2 7 17 2 7 0 2 3 1 2 4 0 2 7 5 31 3 12 9 2 0 2 3 5 30 3 5 2 3 1 2 7 0 2 7 1 2 7 0 2 7 6 2 7 0 2 3 6 2 4 1 2 7 16 31 2 0 2 7 0 2 7 878614.459697998594 63.3782251477241516
0 2 3 0 2 8 0 2 7 8 9 11 1 2 8 5 30 3 0 2 3 0 2 4 0 2 3 0 2 3 1 2 7 0 2 7 0 2 8 0 2 7 1 2 7 0 2 3 1 2 3 0 2 7 0 30 3 0 2 3 16 2 12 16 18 8 5 9 3 5 30 3 0 2 2 0 31 3 0 2 2 1 2 11 0 2 7 16 6 2 0 2 7 0 2 7 0 2 7 1 2 3 5 30 3 0 2 4 0 2 3 1 2 8 16 19 12 0 2 8 17 2 2 1 2 3 0 2 7 0 2 3 0 19 8 12 2 2 0 2 8 5 30 3 16 2 3 1 30 7 16 2 2 0 2 3 12 2 7 0 2 8 0 2 7 0 2 7 0 2 7 1 2 3 5 30 3 1 2 7 1652564.54121493385 64.4121381640434265
0 2 7 0 2 3 0 2 7 16 18 11 0 2 3 5 30 3 1 2 7 0 2 7 1 31 3 0 2 2 1 2 7 1 2 3 6 2 3 1 2 3 0 2 7 0 2 7 1 2 3 0 2 7 5 30 3 0 2 3 0 2 7 1 2 7 17 18 2 0 2 7 0 2 7 1 31 4 0 2 7 0 2 4 0 2 7 17 9 3 1 2 3 0 2 7 1 2 3 0 2 3 16 30 2 1 2 4 0 2 3 1 2 7 5 30 3 1 2 7 17 9 2 1 2 3 0 2 4 1 2 7 16 19 11 12 16 2 1 2 7 5 30 3 0 2 7 1 2 7 0 2 7 1 2 4 0 2 7 0 2 7 0 2 3 0 2 7 0 2 3 1 2 3 0 2 7 0 2 2 359745.517605087196 61.5779118537902832
1 2 7 0 2 3 0 2 7 17 9 2 0 2 7 5 30 3 5 30 3 1 2 7 1 2 3 0 2 3 0 2 7 0 2 3 16 18 11 0 2 3 0 2 7 0 2 4 0 2 7 0 2 7 16 9 11 17 18 2 1 2 7 0 2 7 1 2 7 0 2 7 5 30 3 16 15 2 0 2 3 0 2 7 1 2 7 0 2 7 1 2 7 0 2 3 0 2 3 1 2 7 5 30 3 0 2 11 0 2 3 6 2 7 5 30 3 1 2 7 1 2 7 0 2 7 1 2 7 0 2 7 5 31 3 17 9 2 0 2 3 5 30 3 5 31 3 0 2 7 0 2 7 0 2 7 0 2 7 6 2 7 1 2 7 6 2 7 0 2 7 16 31 2 0 2 7 0 2 7 0 62.5589017271995544
0 2 7 12 16 2 8 18 2 12 16 2 0 2 7 5 30 3 0 2 3 1 2 7 0 2 7 0 2 4 0 2 7 0 2 11 1 2 7 0 2 7 16 19 11 0 2 11 0 2 4 0 2 7 0 2 3 17 18 2 5 30 3 17 18 2 8 18 2 5 30 3 8 9 2 0 2 7 12 16 2 1 2 10 0 2 3 16 6 2 6 2 3 1 2 3 0 2 3 0 2 3 5 30 3 0 2 7 16 19 11 0 2 7 8 9 2 1 2 7 0 2 7 0 2 4 0 2 7 1 2 3 0 2 3 0 2 7 0 2 7 5 30 3 5 30 3 1 2 7 16 6 2 0 2 7 12 16 2 1 2 7 5 30 3 1 2 7 0 2 7 16 15 2 0 2 7 0 2 7 0 63.3062512874603271

Current Evaluation = 13500(13500)
Front Size = 10
0 2 7 0 2 7 17 18 2 13 6 3 1 2 7 5 31 3 0 2 7 0 2 7 0 2 7 12 16 2 0 2 7 1 2 7 0 2 7 0 2 4 0 2 7 1 2 7 1 2 7 1 2 7 0 2 7 17 18 2 13 6 3 17 18 2 17 18 2 5 30 3 17 9 2 0 2 7 12 16 2 1 2 7 1 2 7 12 16 2 12 16 2 0 2 7 1 2 7 1 2 7 5 31 3 0 2 7 13 6 3 1 2 7 17 9 2 0 2 7 1 2 7 0 2 7 1 2 7 0 2 7 1 2 7 0 2 7 1 2 7 13 6 3 0 2 7 1 2 7 16 6 2 0 2 7 12 16 2 0 2 7 5 31 3 0 2 7 0 2 7 12 16 2 1 2 7 0 2 4 0 60.0768983364105225
1 2 7 0 2 7 0 2 3 16 6 2 5 30 3 5 31 3 0 2 7 6 2 7 0 2 7 1 2 7 0 2 7 0 2 3 0 2 7 0 2 7 0 2 4 5 31 3 0 2 3 0 2 7 5 31 3 0 2 7 16 19 11 16 6 2 0 2 7 0 2 7 0 2 7 0 2 3 12 16 2 1 2 3 0 2 7 12 16 2 0 2 7 0 2 7 0 2 7 1 2 3 0 2 7 0 2 7 16 19 11 1 2 7 17 18 2 1 2 3 0 2 3 0 2 7 5 30 3 0 2 7 1 2 7 0 2 7 0 2 3 5 30 3 1 2 7 0 2 7 5 31 3 0 2 3 16 6 2 1 2 7 0 2 7 1 2 3 0 2 7 0 2 7 16 6 2 0 2 4 0 62.7484764456748962
0 2 7 0 2 3 0 2 11 12 16 2 0 2 11 5 30 3 0 2 11 0 2 7 0 2 11 1 2 7 17 9 2 0 2 7 16 6 2 0 2 7 0 2 7 0 2 7 0 2 7 0 2 7 0 2 7 8 18 2 16 19 11 16 6 2 5 30 3 0 2 7 8 9 2 0 2 7 12 16 2 0 2 11 0 2 11 17 18 2 0 2 7 0 2 7 0 2 7 0 2 7 5 31 3 0 2 7 5 30 3 0 2 7 16 19 11 0 2 11 0 2 7 0 2 11 5 30 3 0 2 7 0 2 11 1 2 7 1 2 7 5 30 3 0 2 3 5 31 3 5 30 3 1 2 7 12 16 2 6 2 11 6 2 7 0 2 7 6 2 7 16 19 11 5 30 3 1 2 7 0 64.053391695022583
1 2 7 0 2 3 1 2 7 12 30 3 1 2 4 5 18 3 0 2 11 0 2 7 8 9 2 0 2 11 0 2 7 0 2 4 16 15 2 0 2 3 0 2 7 0 2 7 1 2 7 16 2 2 0 2 7 17 18 2 5 2 3 8 18 2 0 2 4 0 2 3 0 2 7 12 16 7 17 18 2 0 2 7 1 2 7 12 16 2 0 2 7 1 2 7 1 2 7 1 2 7 2 3 3 1 2 7 17 9 2 0 2 7 5 2 3 9 2 7 0 2 7 6 2 4 5 31 3 0 2 4 8 2 2 1 2 4 1 2 4 5 30 3 0 2 3 1 2 7 5 30 3 0 2 7 1 2 2 0 2 7 5 31 3 1 2 7 0 2 7 13 6 7 17 18 2 1 2 3 1048270.74210245092 63.3576602339744568
0 2 7 12 16 2 17 18 2 16 19 11 0 2 4 5 30 3 0 2 4 0 2 4 17 18 2 12 16 2 1 2 7 0 2 7 5 30 3 1 2 7 0 2 4 0 2 7 0 2 7 0 2 7 0 2 7 17 18 2 1 2 7 8 18 2 17 18 2 5 31 3 5 30 3 1 2 4 12 16 2 0 2 7 0 2 4 6 2 7 1 2 4 1 2 7 0 2 4 1 2 7 12 16 2 0 2 4 13 6 3 1 2 7 17 9 2 0 2 3 1 2 7 1 2 7 0 2 7 0 2 7 0 2 7 0 2 7 0 2 7 13 6 3 0 2 4 0 2 7 1 2 7 1 2 7 12 16 2 1 2 7 5 31 3 1 2 7 16 6 2 0 2 7 0 2 7 0 2 7 0 60.9460033774375916
17 9 2 0 2 7 1 2 7 12 16 2 13 6 3 5 31 3 0 2 7 0 2 7 17 18 2 0 2 7 0 2 7 0 2 7 16 6 2 0 2 7 0 2 7 0 2 7 0 2 7 0 2 7 0 2 7 0 2 7 5 30 3 17 18 2 0 2 7 1 2 7 17 18 2 1 2 7 12 16 2 1 2 7 1 2 7 5 30 3 1 2 4 1 2 7 0 2 7 16 18 11 12 16 2 0 2 7 17 9 2 0 2 7 13 6 3 0 2 7 0 2 7 0 2 7 5 30 3 8 1 2 0 2 7 0 2 7 0 2 7 5 30 3 1 2 7 1 2 7 5 31 3 0 2 7 12 16 2 6 2 3 5 30 3 0 2 7 1 2 7 0 2 7 5 30 3 0 2 7 0 61.5954130291938782
1 2 7 6 2 7 1 2 7 12 16 2 17 18 2 5 31 3 0 2 11 6 2 7 8 9 2 0 2 7 0 2 7 0 2 7 16 6 2 0 2 4 0 2 7 0 2 7 0 2 4 0 2 7 1 2 7 17 18 2 0 2 7 0 2 7 0 2 4 0 2 7 0 2 7 12 16 2 17 18 2 6 2 7 1 2 7 12 16 2 0 2 7 1 2 7 0 2 7 1 2 7 2 3 3 1 2 7 17 9 2 0 2 7 5 31 3 9 2 7 0 2 7 6 2 4 5 31 3 0 2 4 6 2 7 0 2 4 1 2 4 5 30 3 0 2 7 1 2 7 5 30 3 1 2 7 1 2 11 0 2 7 5 31 3 0 2 7 0 2 7 1 2 7 17 18 2 0 2 7 0 61.9546927809715271
17 9 2 0 2 7 0 2 7 12 16 2 0 2 7 5 31 3 1 2 7 1 2 7 1 3 2 0 2 7 0 2 4 6 2 7 16 30 2 1 2 4 6 2 7 0 2 3 0 2 7 0 2 7 0 2 7 8 18 2 5 30 3 17 18 2 0 2 7 1 2 7 17 9 2 0 2 4 12 16 2 0 2 7 6 2 7 12 16 2 0 2 7 1 2 7 0 2 7 0 2 7 12 16 2 0 2 7 17 9 2 1 2 7 8 9 2 1 2 7 0 2 7 6 2 7 5 31 3 1 2 4 0 2 4 0 2 7 0 2 7 5 30 3 0 2 7 0 2 7 5 30 3 0 2 7 12 16 2 0 2 7 16 19 11 6 2 7 1 2 7 1 2 4 5 31 3 0 2 7 0 61.9747905135154724
0 2 7 0 2 3 1 2 7 5 30 3 1 2 4 17 18 2 0 2 7 0 2 7 0 2 4 1 2 11 0 2 7 0 2 4 16 15 2 0 2 3 0 2 4 0 2 10 1 2 7 16 6 2 0 2 7 17 9 2 5 30 3 8 18 2 0 2 7 0 2 3 0 2 4 0 2 7 17 18 2 0 2 7 1 2 7 12 16 2 0 2 7 0 2 7 1 2 7 1 2 7 1 2 7 0 2 7 17 9 2 0 2 7 0 2 7 1 2 7 0 2 7 0 2 4 5 31 3 0 2 7 8 9 2 1 2 7 1 2 7 5 30 3 0 2 3 6 2 4 5 30 3 0 2 7 12 16 2 0 2 7 5 30 3 1 2 7 1 2 7 13 6 3 17 18 2 1 2 3 0 61.398907482624054
0 2 7 13 2 7 0 2 3 12 6 2 1 30 7 5 31 3 0 2 7 1 2 7 0 9 7 1 2 7 0 2 7 0 2 4 0 2 2 0 2 7 1 2 4 5 31 3 0 2 7 0 2 7 5 2 3 0 2 7 0 2 11 16 2 7 0 2 7 1 2 7 17 9 2 12 2 3 12 16 2 0 2 3 0 2 7 12 16 2 0 2 7 0 2 7 0 2 7 1 2 7 16 18 11 0 2 7 5 31 11 1 2 7 17 18 11 1 2 7 0 2 3 0 2 7 5 30 3 0 2 7 0 2 7 0 2 7 1 2 7 5 30 3 13 2 7 0 2 7 5 31 3 1 2 3 0 6 2 1 18 2 0 2 3 1 2 3 0 2 7 1 2 7 5 6 2 0 2 4 1885660.65933592967 62.6485179662704468

Current Evaluation = 14400(14400)
Front Size = 10
0 2 7 0 2 7 17 18 2 13 6 3 1 2 7 5 31 3 0 2 7 0 2 7 0 2 7 12 16 2 0 2 7 1 2 7 0 2 7 0 2 4 0 2 7 1 2 7 1 2 7 1 2 7 0 2 7 17 18 2 13 6 3 17 18 2 17 18 2 5 30 3 17 9 2 0 2 7 12 16 2 1 2 7 1 2 7 12 16 2 12 16 2 0 2 7 1 2 7 1 2 7 5 31 3 0 2 7 13 6 3 1 2 7 17 9 2 0 2 7 1 2 7 0 2 7 1 2 7 0 2 7 1 2 7 0 2 7 1 2 7 13 6 3 0 2 7 1 2 7 16 6 2 0 2 7 12 16 2 0 2 7 5 31 3 0 2 7 0 2 7 12 16 2 1 2 7 0 2 4 0 60.0768983364105225
0 2 7 0 2 7 1 2 7 12 16 2 1 2 7 8 18 2 0 2 4 1 2 7 17 18 2 0 2 7 16 19 11 0 2 7 16 6 2 0 2 4 1 2 7 12 16 2 0 2 7 1 2 7 1 2 3 0 2 3 6 2 3 17 18 2 0 2 7 0 2 7 0 2 7 0 2 7 12 16 2 5 31 3 0 2 7 17 18 2 0 2 4 1 2 7 0 2 7 0 2 7 1 2 7 1 2 7 16 6 2 0 2 3 13 6 3 1 2 4 0 2 7 0 2 7 5 30 3 17 18 2 13 6 3 1 2 7 0 2 7 5 31 3 1 2 7 0 2 7 5 30 3 0 2 7 12 16 2 0 2 7 5 30 3 0 2 7 0 2 7 1 2 7 5 30 3 0 2 7 0 61.2756092548370361
0 2 7 0 2 7 0 2 7 12 16 2 0 2 4 8 9 2 1 2 7 0 2 7 17 18 2 0 2 7 16 6 2 1 2 7 16 15 2 0 2 7 0 2 7 12 16 2 0 2 7 1 2 4 1 2 11 0 2 7 1 2 7 17 18 2 0 2 7 0 2 7 17 9 2 6 2 7 12 16 2 0 2 7 0 2 4 8 18 2 16 6 2 1 2 7 0 2 7 0 2 7 12 16 2 0 2 4 8 18 2 0 2 7 13 6 3 1 2 7 0 2 7 0 2 7 5 30 3 17 18 2 5 30 3 0 2 7 0 2 4 5 30 3 1 2 7 0 2 4 5 31 3 0 2 7 12 16 2 1 2 7 5 30 3 1 2 7 0 2 7 0 2 7 5 31 3 1 2 7 0 61.4696982502937317
17 9 2 0 2 4 0 2 7 12 16 2 5 31 3 0 2 4 6 2 7 0 2 7 17 18 2 0 2 7 0 2 7 0 2 7 16 15 2 0 2 4 1 2 7 16 6 2 1 2 7 1 2 7 0 2 7 1 2 7 16 6 2 17 18 2 0 2 7 0 2 7 8 18 2 5 30 3 12 16 2 0 2 7 1 2 7 0 2 7 1 2 7 0 2 7 0 2 7 0 2 3 8 18 2 1 2 7 0 2 3 1 2 4 13 6 3 0 2 7 0 2 7 0 2 3 5 30 3 17 18 2 13 6 3 0 2 3 0 2 7 5 30 3 12 16 2 0 2 7 5 30 3 1 2 7 12 16 2 0 2 7 5 30 3 1 2 7 0 2 7 6 2 3 5 30 3 0 2 7 0 61.4135132431983948
0 2 3 1 2 3 16 18 11 0 2 3 0 2 3 16 19 12 9 2 7 0 2 3 0 2 3 0 2 3 0 2 3 1 2 7 1 2 3 1 2 3 0 2 3 16 19 12 0 2 7 5 30 3 0 2 3 0 2 7 5 30 3 0 2 8 0 2 3 0 2 3 17 9 2 0 2 3 16 19 12 5 30 3 0 2 8 16 6 2 5 30 3 0 2 3 0 2 12 0 2 3 0 2 11 0 2 3 0 2 7 5 30 3 0 2 11 0 2 3 0 2 3 0 2 3 5 30 3 0 2 7 0 2 7 0 2 12 0 2 12 5 30 3 1 2 3 0 2 7 16 19 11 1 2 11 12 16 2 1 2 3 5 31 3 0 2 3 0 2 3 0 2 3 0 2 7 1 2 12 0 66.5428780913352966
1 2 7 0 2 7 0 2 7 16 6 2 5 30 3 5 31 3 0 2 7 1 2 7 12 16 2 1 2 7 0 2 7 0 2 3 0 2 3 16 24 2 6 2 4 5 31 3 0 2 3 0 2 7 5 31 3 0 2 3 0 2 4 17 9 2 0 2 4 1 2 3 0 2 7 0 2 7 12 16 2 1 2 7 1 2 3 12 16 2 1 2 7 0 2 7 0 2 7 1 2 7 0 2 7 0 2 7 16 9 11 0 2 3 17 18 2 0 2 4 0 2 3 0 2 7 5 30 3 0 2 7 1 2 7 0 2 3 0 2 3 6 2 7 1 2 7 0 2 3 5 31 3 1 2 7 16 30 2 0 2 4 0 2 7 1 2 7 0 2 7 1 2 7 16 6 2 0 2 3 0 62.1894828677177429
0 2 3 0 2 7 0 2 7 16 9 11 1 2 3 5 30 3 0 2 7 0 2 3 0 2 7 12 16 2 0 2 3 1 2 3 1 2 7 0 2 3 0 2 3 0 2 7 1 2 3 1 2 3 0 2 7 8 18 2 16 19 11 16 31 2 12 16 2 5 30 3 17 9 2 0 2 7 12 16 2 0 2 7 0 2 3 12 16 2 0 2 7 1 2 3 0 2 7 0 2 3 5 30 3 1 2 7 1 2 3 0 2 3 5 30 3 1 2 7 1 2 7 0 2 7 16 19 11 0 2 7 0 2 7 1 2 3 1 2 7 13 6 3 0 2 7 0 2 7 16 9 11 0 2 3 12 16 2 0 2 7 5 30 3 0 2 7 0 2 3 16 6 2 5 30 3 0 2 7 0 63.4916642904281616
0 2 4 17 2 4 0 2 7 16 6 3 5 31 3 5 30 3 6 2 7 0 2 7 0 2 7 12 16 2 0 2 3 1 2 7 0 2 11 0 2 4 1 2 7 1 6 7 0 2 7 1 2 7 0 2 7 17 2 7 5 6 3 0 18 2 17 2 2 5 31 3 17 18 2 0 2 4 12 16 2 1 2 7 1 2 4 0 2 7 1 2 2 0 2 7 1 2 7 16 2 7 8 16 2 0 2 7 0 31 3 1 2 2 17 6 2 0 2 7 1 2 7 0 2 7 0 2 3 17 9 2 1 2 7 1 2 7 0 2 7 0 6 3 12 2 2 1 2 7 16 6 3 0 2 7 12 16 2 0 2 7 5 30 3 1 2 7 0 2 7 12 2 4 1 2 4 0 2 4 1109090.58876775461 60.7904098629951477
0 9 2 0 2 7 0 2 7 16 16 2 1 31 3 5 2 4 0 2 7 0 2 7 0 18 2 0 16 2 0 2 7 1 2 3 1 2 2 0 2 4 1 2 7 0 2 7 1 2 3 1 2 3 0 2 7 1 18 2 16 6 2 16 18 2 12 16 2 5 30 3 17 18 2 5 2 7 12 16 2 0 2 7 1 2 7 12 2 7 1 2 7 1 2 3 0 2 7 0 2 3 5 30 3 1 2 7 1 2 3 0 2 4 13 6 3 1 2 7 1 2 7 0 2 3 16 19 3 17 18 2 13 2 3 1 2 3 0 2 7 13 6 3 0 16 7 0 2 7 5 9 11 1 2 7 12 16 2 0 2 7 5 30 3 0 2 7 0 2 3 16 2 2 5 30 3 0 2 7 1514303.8313546225 62.746727466583252
0 2 4 17 18 2 0 2 7 16 19 11 1 2 7 5 30 3 0 2 7 0 2 4 0 2 3 12 16 2 0 2 3 0 2 7 0 2 11 0 2 7 1 2 7 1 2 7 0 2 7 0 2 7 0 2 7 0 2 7 5 31 3 0 2 7 1 2 4 5 31 3 8 18 2 0 2 4 12 16 2 0 2 7 1 2 4 0 2 7 12 16 2 1 2 7 1 2 7 16 18 11 12 16 2 0 2 7 5 31 3 16 6 2 17 18 2 8 9 2 1 2 7 0 2 7 0 2 7 17 9 2 1 2 7 1 2 7 0 2 7 0 2 7 0 2 7 1 2 7 16 6 2 0 2 4 12 16 2 0 2 7 5 30 3 1 2 4 1 2 7 1 2 4 0 2 4 0 2 4 0 61.9814115166664124

Current Evaluation = 15300(15300)
Front Size = 10
0 2 7 0 2 7 17 18 2 13 6 3 1 2 7 5 31 3 0 2 7 0 2 7 0 2 7 12 16 2 0 2 7 1 2 7 0 2 7 0 2 4 0 2 7 1 2 7 1 2 7 1 2 7 0 2 7 17 18 2 13 6 3 17 18 2 17 18 2 5 30 3 17 9 2 0 2 7 12 16 2 1 2 7 1 2 7 12 16 2 12 16 2 0 2 7 1 2 7 1 2 7 5 31 3 0 2 7 13 6 3 1 2 7 17 9 2 0 2 7 1 2 7 0 2 7 1 2 7 0 2 7 1 2 7 0 2 7 1 2 7 13 6 3 0 2 7 1 2 7 16 6 2 0 2 7 12 16 2 0 2 7 5 31 3 0 2 7 0 2 7 12 16 2 1 2 7 0 2 4 0 60.0768983364105225
1 2 7 0 2 7 0 2 7 16 6 2 5 30 3 5 31 3 0 2 7 1 2 7 12 16 2 1 2 7 0 2 7 0 2 3 0 2 3 16 24 2 6 2 4 5 31 3 0 2 3 0 2 7 5 31 3 0 2 3 0 2 4 17 9 2 0 2 4 1 2 3 0 2 7 0 2 7 12 16 2 1 2 7 1 2 3 12 16 2 1 2 7 0 2 7 0 2 7 1 2 7 0 2 7 0 2 7 16 9 11 0 2 3 17 18 2 0 2 4 0 2 3 0 2 7 5 30 3 0 2 7 1 2 7 0 2 3 0 2 3 6 2 7 1 2 7 0 2 3 5 31 3 1 2 7 16 30 2 0 2 4 0 2 7 1 2 7 0 2 7 1 2 7 16 6 2 0 2 3 0 62.1894828677177429
0 2 7 0 2 7 17 18 2 0 2 7 0 2 7 5 30 3 1 2 7 1 2 4 1 2 7 12 16 2 1 2 7 1 2 7 0 2 7 0 2 4 1 2 7 1 2 7 1 2 7 1 2 7 0 2 7 1 2 7 13 6 3 17 18 2 0 2 7 5 31 3 17 9 2 17 18 2 8 9 2 0 2 7 5 31 3 1 2 7 12 16 2 12 16 2 1 2 3 1 2 7 0 2 4 0 2 7 13 6 3 0 2 3 17 18 2 0 2 7 0 2 7 1 2 7 1 2 4 0 2 7 1 2 7 0 2 7 0 2 7 16 19 11 0 2 7 0 2 7 16 6 2 0 2 7 12 16 2 1 2 7 5 30 3 0 2 4 0 2 4 0 2 3 0 2 7 0 2 7 0 60.7701654434204102
0 2 3 16 6 2 0 2 7 8 18 2 1 2 7 5 31 3 0 2 7 0 2 7 17 18 2 12 16 2 0 2 7 0 2 3 1 2 4 0 2 7 6 2 7 5 30 3 6 2 4 0 2 7 0 2 7 1 2 3 5 30 3 0 2 7 0 2 7 1 2 7 0 2 7 0 2 4 17 18 2 1 2 3 16 6 2 0 2 11 12 16 2 16 19 11 0 2 7 16 19 11 0 2 7 1 2 3 8 18 2 1 2 3 1 2 7 5 31 3 0 2 7 0 2 7 0 2 7 0 2 7 0 2 7 0 2 7 12 16 2 5 30 3 1 2 4 0 2 7 16 6 2 1 2 7 12 16 2 1 2 7 5 31 3 0 2 7 0 2 7 0 2 4 0 2 7 0 2 7 0 62.4382364749908447
0 2 7 16 18 11 1 2 7 16 18 11 0 2 3 5 30 3 0 2 3 0 2 3 0 2 4 12 16 2 0 2 7 0 2 7 1 2 7 0 2 3 1 2 4 0 2 3 0 2 7 1 2 4 0 2 3 1 2 7 5 30 3 0 2 3 1 2 3 0 2 3 1 2 4 0 2 7 8 9 2 1 2 7 5 30 3 0 2 7 12 16 2 0 2 3 0 2 3 16 18 11 0 2 3 0 2 7 16 6 2 17 9 2 1 2 3 17 9 2 1 2 3 0 2 3 1 2 7 0 2 3 0 2 3 1 2 7 0 2 3 5 31 3 0 2 3 1 2 7 16 15 2 0 2 7 12 16 2 1 2 7 5 30 3 1 2 7 0 2 3 0 2 7 0 2 7 0 2 7 0 63.2973857522010803
0 2 3 0 2 3 0 2 3 16 19 11 16 19 11 5 30 3 0 2 11 0 2 3 0 2 12 1 2 3 0 2 3 5 30 3 0 2 7 9 2 7 0 2 3 0 2 3 0 2 3 1 2 3 9 2 7 0 2 11 16 19 11 16 6 2 0 2 3 5 30 3 1 2 3 0 2 3 0 2 3 0 2 7 5 30 3 12 16 2 5 30 3 0 2 3 0 2 7 0 2 7 0 2 11 0 2 3 5 30 3 0 2 11 5 30 3 0 2 3 0 2 11 0 2 3 0 2 3 1 2 3 0 2 7 0 2 3 0 2 7 0 2 7 1 2 7 16 19 11 16 6 2 0 2 3 0 2 7 0 2 7 5 30 3 0 2 7 0 2 3 16 19 11 5 30 3 0 2 7 6.22051750775185108e-06 66.1220525503158569
1 2 7 0 2 7 0 2 7 1 2 7 5 30 3 5 31 3 0 2 7 1 2 4 12 16 2 1 2 4 0 2 7 0 2 7 0 2 7 16 30 2 1 2 7 5 31 3 0 2 7 0 2 7 5 31 3 0 2 7 0 2 7 16 19 11 0 2 7 1 2 7 17 9 2 0 2 3 12 16 2 1 2 7 1 2 7 12 16 2 1 2 7 0 2 7 0 2 7 1 2 7 0 2 7 0 2 7 17 9 2 0 2 7 8 18 2 0 2 4 0 2 7 1 2 7 5 30 3 0 2 4 1 2 4 0 2 7 0 2 7 0 2 7 1 2 7 0 2 4 5 31 3 1 2 7 16 30 2 0 2 7 0 2 4 17 9 2 0 2 7 1 2 7 16 30 2 0 2 7 0 61.3359847068786621
0 2 7 0 2 7 0 2 7 16 6 11 5 30 3 5 31 3 0 2 7 1 2 3 0 2 2 1 2 2 0 2 7 0 2 3 0 2 7 16 24 3 0 2 3 5 2 7 0 2 3 0 2 7 0 2 7 0 2 3 16 19 4 16 31 2 0 16 4 5 2 3 17 9 2 0 2 7 12 16 2 0 2 7 0 2 3 12 16 2 0 2 7 0 2 3 0 2 7 1 2 3 5 30 3 0 2 7 1 2 11 0 2 3 17 30 2 0 2 7 0 2 7 0 2 7 16 30 3 0 2 7 1 2 7 1 2 3 1 2 3 6 2 3 1 2 7 0 2 7 16 9 3 0 2 7 12 30 2 0 2 4 5 2 7 0 2 7 0 2 3 16 6 7 5 30 2 0 2 7 1022181.27196685737 62.9575919508934021
1 2 7 0 2 7 0 2 3 16 19 12 0 2 3 5 30 3 0 2 8 1 2 3 0 2 7 0 2 3 0 2 7 0 2 7 0 2 3 0 2 7 0 2 3 0 2 3 0 2 3 0 2 7 0 2 3 0 2 7 16 19 11 12 16 2 0 2 3 0 2 7 12 16 2 1 2 3 16 19 12 0 2 7 5 30 3 5 30 3 5 30 3 0 2 3 0 2 3 1 2 12 0 2 11 0 2 3 5 30 3 0 2 3 5 30 3 16 9 8 5 31 3 0 2 7 0 2 7 0 2 3 0 2 3 0 2 7 0 2 3 1 2 8 0 2 3 16 19 11 16 6 2 0 2 7 5 30 3 0 2 7 5 31 3 0 2 7 0 2 7 16 19 11 0 2 3 1 2 3 0 66.1130474805831909
1 2 7 16 2 7 1 18 2 0 2 2 0 2 3 5 30 3 1 2 4 1 2 7 0 2 7 0 16 3 1 2 7 0 2 11 6 2 7 0 2 4 0 2 7 16 30 2 1 2 7 0 2 4 0 2 7 1 2 7 13 6 2 17 18 2 0 2 3 5 2 3 16 18 2 17 2 7 0 16 2 1 2 3 5 31 3 1 2 7 12 2 2 0 9 8 0 2 7 1 2 7 5 31 3 0 2 7 5 31 3 16 30 2 0 2 2 16 2 7 0 2 3 0 2 7 1 2 7 0 2 3 0 2 7 0 2 7 0 2 3 1 2 7 5 30 3 0 9 3 16 30 2 0 2 11 12 16 2 0 2 7 5 30 3 1 2 4 0 2 7 1 2 7 0 2 7 0 2 7 659790.571619423223 62.2245913147926331

Current Evaluation = 16200(16200)
Front Size = 10
0 2 7 0 2 7 17 18 2 13 6 3 1 2 7 5 31 3 0 2 7 0 2 7 0 2 7 12 16 2 0 2 7 1 2 7 0 2 7 0 2 4 0 2 7 1 2 7 1 2 7 1 2 7 0 2 7 17 18 2 13 6 3 17 18 2 17 18 2 5 30 3 17 9 2 0 2 7 12 16 2 1 2 7 1 2 7 12 16 2 12 16 2 0 2 7 1 2 7 1 2 7 5 31 3 0 2 7 13 6 3 1 2 7 17 9 2 0 2 7 1 2 7 0 2 7 1 2 7 0 2 7 1 2 7 0 2 7 1 2 7 13 6 3 0 2 7 1 2 7 16 6 2 0 2 7 12 16 2 0 2 7 5 31 3 0 2 7 0 2 7 12 16 2 1 2 7 0 2 4 0 60.0768983364105225
1 2 7 0 2 7 0 2 7 16 6 2 5 30 3 5 31 3 0 2 7 1 2 7 12 16 2 1 2 7 0 2 7 0 2 3 0 2 3 16 24 2 6 2 4 5 31 3 0 2 3 0 2 7 5 31 3 0 2 3 0 2 4 17 9 2 0 2 4 1 2 3 0 2 7 0 2 7 12 16 2 1 2 7 1 2 3 12 16 2 1 2 7 0 2 7 0 2 7 1 2 7 0 2 7 0 2 7 16 9 11 0 2 3 17 18 2 0 2 4 0 2 3 0 2 7 5 30 3 0 2 7 1 2 7 0 2 3 0 2 3 6 2 7 1 2 7 0 2 3 5 31 3 1 2 7 16 30 2 0 2 4 0 2 7 1 2 7 0 2 7 1 2 7 16 6 2 0 2 3 0 62.1894828677177429
0 2 4 6 2 7 17 18 2 2 3 3 1 2 7 5 30 3 0 2 4 1 2 7 0 2 7 12 16 2 0 2 7 1 2 7 12 16 2 0 2 7 0 2 7 0 2 7 0 2 7 12 16 2 1 2 4 17 18 2 13 6 3 17 18 2 17 18 2 5 30 3 1 2 7 0 2 7 12 16 2 0 2 7 6 2 7 0 2 7 12 16 2 0 2 7 1 2 3 0 2 7 5 31 3 1 2 7 13 6 3 0 2 7 17 9 2 1 2 4 0 2 7 1 2 7 0 2 7 6 2 7 0 2 7 1 2 3 0 2 7 5 31 3 0 2 7 6 2 4 16 30 2 0 2 3 12 16 2 0 2 7 5 30 3 1 2 7 0 2 7 15 2 11 0 2 4 1 2 4 0 61.2944645881652832
0 2 7 5 30 3 17 9 2 0 2 7 16 18 11 5 31 3 0 2 7 1 2 11 0 2 7 12 16 2 0 2 7 1 2 7 0 2 7 16 19 11 0 2 7 1 2 7 0 2 7 1 2 7 0 2 7 16 19 11 0 2 7 12 16 2 12 16 2 5 30 3 8 9 2 0 2 7 12 16 2 0 2 7 0 2 7 12 16 2 6 2 7 0 2 7 0 2 7 6 2 7 5 30 3 0 2 7 1 2 7 0 2 7 5 31 3 0 2 7 0 2 7 0 2 7 16 19 11 1 2 7 0 2 7 0 2 7 0 2 7 0 2 7 0 2 7 5 31 3 16 30 2 0 2 7 12 16 2 0 2 7 16 19 11 0 2 7 5 30 3 8 9 2 5 30 3 0 2 7 0 63.7316269278526306
0 2 7 0 2 7 17 18 2 16 19 11 0 2 7 5 30 3 0 2 7 5 30 3 1 2 7 12 16 2 0 2 7 0 2 3 1 2 7 0 2 3 0 2 7 1 2 7 0 2 3 1 2 7 0 2 3 17 18 2 13 6 3 17 18 2 8 18 2 0 2 7 0 2 7 0 2 7 17 9 2 1 2 7 5 30 3 0 2 4 12 16 2 0 2 11 0 2 3 1 2 3 0 2 7 1 2 7 16 19 11 1 2 7 5 30 3 8 18 2 1 2 7 0 2 7 1 2 7 0 2 7 0 2 3 0 2 7 0 2 7 0 2 7 1 2 7 0 2 7 16 6 2 0 2 3 1 2 7 1 2 7 5 31 3 1 2 7 0 2 7 1 2 7 0 2 4 1 2 11 0 61.9921884536743164
0 2 7 0 2 7 17 18 2 5 30 3 1 2 4 5 30 3 1 2 7 0 2 7 0 2 7 17 18 2 0 2 7 0 2 7 1 2 7 1 2 7 0 2 7 1 2 7 0 2 7 0 2 7 0 2 7 17 18 2 13 6 3 17 18 2 17 18 2 5 30 3 0 2 7 0 2 7 12 16 2 0 2 7 0 2 7 5 30 3 12 16 2 0 2 7 1 2 7 1 2 7 5 30 3 0 2 7 13 6 3 1 2 4 17 9 2 5 31 3 0 2 7 1 2 7 0 2 7 0 2 7 0 2 4 0 2 7 0 2 7 13 6 3 0 2 7 1 2 4 16 6 2 0 2 7 12 16 2 1 2 7 5 31 3 6 2 7 1 2 4 1 2 7 0 2 7 0 2 4 0 60.5047423243522644
0 2 7 1 2 7 17 9 2 17 18 2 0 2 7 5 31 3 0 2 7 1 2 7 1 2 7 12 16 2 0 2 7 0 2 7 12 16 2 1 2 7 0 2 7 1 2 7 1 2 7 0 2 4 0 2 4 1 2 7 13 6 3 17 18 2 17 18 2 1 2 7 1 2 7 0 2 7 12 16 2 0 2 7 0 2 7 1 2 7 12 16 2 0 2 7 1 2 7 0 2 7 17 9 2 0 2 7 1 2 7 0 2 7 0 2 7 13 6 3 1 2 7 0 2 4 0 2 7 0 2 7 0 2 7 1 2 7 1 2 7 5 31 3 0 2 7 0 2 7 0 2 7 1 2 4 12 16 2 16 19 11 5 31 3 5 31 3 0 2 4 1 2 7 0 2 7 16 18 11 0 61.0564854741096497
0 2 3 0 2 7 0 2 3 0 2 3 16 18 8 5 31 3 0 2 7 0 2 3 0 2 3 5 30 3 0 2 3 5 30 3 5 31 3 5 30 3 0 2 3 0 2 3 0 2 3 0 2 3 0 2 7 1 2 7 16 19 12 0 2 12 0 2 3 0 2 12 1 2 7 1 2 3 0 2 8 0 2 7 12 16 2 12 16 2 16 19 12 1 2 3 0 2 3 0 2 3 5 30 3 0 2 3 0 2 3 16 19 12 1 2 3 0 2 3 0 2 7 0 2 3 0 2 3 0 2 12 0 2 3 1 2 12 0 2 3 5 30 3 1 2 3 0 2 3 16 9 8 0 2 3 0 2 3 16 19 12 5 30 3 0 2 7 0 2 3 1 2 7 16 6 2 0 2 3 2.5909613596216925e-06 66.6532679796218872
0 2 7 0 2 7 0 18 7 16 6 11 5 2 3 5 31 3 0 2 7 1 2 3 0 2 7 1 2 2 0 2 7 0 2 3 0 2 7 0 2 3 0 2 3 5 2 7 1 2 3 1 2 7 0 2 7 17 2 2 16 19 3 16 18 2 17 16 4 5 2 3 17 9 2 0 2 7 12 16 2 0 2 7 1 2 3 12 16 2 0 16 2 0 2 3 1 2 7 1 2 3 5 31 3 0 2 7 13 6 11 0 2 3 17 9 2 0 2 7 0 2 7 0 2 7 1 2 7 0 2 7 1 2 7 1 2 3 1 2 3 6 2 3 1 2 7 0 2 7 16 9 3 0 2 7 12 30 2 0 2 4 5 2 3 0 2 7 0 2 7 12 6 2 5 2 2 0 2 7 1851268.12270632549 64.2061143517494202
0 2 7 16 2 11 1 2 2 2 18 11 0 2 7 5 30 3 0 2 3 0 2 7 0 2 7 12 16 2 0 2 7 1 2 7 12 16 2 0 2 7 0 2 4 0 2 3 0 2 7 1 16 2 1 2 3 17 2 7 13 30 3 0 2 2 1 18 2 5 2 3 1 2 7 0 2 7 12 9 2 1 2 7 5 30 7 0 2 7 12 16 2 0 2 3 0 2 3 16 18 11 5 31 3 1 2 7 13 6 3 17 2 7 17 2 2 1 9 4 1 2 3 0 2 7 0 2 7 6 2 3 0 2 3 1 2 3 0 2 7 5 31 3 0 2 7 1 2 7 16 15 2 0 2 3 12 16 2 0 2 7 5 30 3 1 2 7 0 2 7 15 2 11 0 2 7 0 2 7 755875.929566968349 63.1244555115699768

Current Evaluation = 17100(17100)
Front Size = 10
0 2 7 0 2 7 17 18 2 13 6 3 1 2 7 5 31 3 0 2 7 0 2 7 0 2 7 12 16 2 0 2 7 1 2 7 0 2 7 0 2 4 0 2 7 1 2 7 1 2 7 1 2 7 0 2 7 17 18 2 13 6 3 17 18 2 17 18 2 5 30 3 17 9 2 0 2 7 12 16 2 1 2 7 1 2 7 12 16 2 12 16 2 0 2 7 1 2 7 1 2 7 5 31 3 0 2 7 13 6 3 1 2 7 17 9 2 0 2 7 1 2 7 0 2 7 1 2 7 0 2 7 1 2 7 0 2 7 1 2 7 13 6 3 0 2 7 1 2 7 16 6 2 0 2 7 12 16 2 0 2 7 5 31 3 0 2 7 0 2 7 12 16 2 1 2 7 0 2 4 0 60.0768983364105225
0 2 7 1 2 7 17 18 2 13 6 3 1 2 7 5 30 3 0 2 7 1 2 7 0 2 7 12 16 2 0 2 7 1 2 7 0 2 7 1 2 7 0 2 7 0 2 7 0 2 7 6 2 7 12 16 2 17 18 2 13 6 3 5 31 3 8 18 2 0 2 7 17 9 2 0 2 7 12 16 2 1 2 7 0 2 7 0 2 7 12 16 2 0 2 7 1 2 7 1 2 7 5 30 3 0 2 7 5 30 3 1 2 7 17 18 2 0 2 7 5 31 3 0 2 7 1 2 7 0 2 7 1 2 4 17 18 2 1 2 7 1 2 11 0 2 7 0 2 7 16 32 2 0 2 7 16 9 11 0 2 7 5 30 3 0 2 7 0 2 7 0 2 11 1 2 7 0 2 4 0 61.2085204124450684
0 2 4 6 2 7 0 18 2 2 3 3 1 30 7 5 30 3 0 2 7 1 2 7 12 2 2 12 2 7 0 2 7 1 2 7 0 16 2 16 2 7 6 2 7 0 31 3 0 2 3 0 2 2 1 2 4 17 2 2 13 6 3 17 18 2 0 2 4 1 2 3 1 2 7 0 2 7 12 16 2 1 2 7 6 2 7 0 2 2 1 16 2 0 2 7 1 2 7 1 2 7 5 2 3 0 2 7 13 6 3 0 2 3 17 9 2 0 2 4 0 2 3 0 2 7 5 30 7 6 2 7 1 2 7 0 2 3 0 2 3 6 31 7 1 2 7 6 2 3 16 30 2 0 2 3 16 16 2 0 2 4 5 30 3 1 2 7 0 2 7 1 2 11 16 6 2 1 2 4 1170602.90567124682 60.230705201625824
1 2 3 0 2 3 0 2 3 0 2 3 0 2 3 1 2 3 5 30 3 16 6 2 0 2 3 1 2 7 0 2 3 1 2 3 0 2 3 0 2 7 0 2 3 1 2 7 12 16 2 0 2 7 8 18 2 0 2 7 16 19 11 5 30 3 5 30 3 0 2 7 8 9 2 12 16 2 1 2 3 0 2 7 0 2 3 1 2 7 12 16 2 16 6 2 0 2 3 0 2 7 5 31 3 0 2 7 16 19 11 0 2 7 0 2 3 5 30 3 0 2 3 0 2 3 0 2 7 0 2 3 0 2 7 6 2 7 0 2 7 1 2 3 0 2 7 5 30 3 16 6 2 16 6 2 16 19 11 0 2 7 5 30 3 0 2 7 0 2 3 0 2 7 1 2 3 0 2 7 0 63.9745543599128723
0 2 7 0 2 7 17 18 7 13 6 4 0 2 11 5 30 3 0 2 7 1 2 7 0 2 7 12 16 2 0 2 7 0 2 7 0 16 2 1 2 11 1 2 10 0 2 7 0 2 7 0 2 7 0 2 7 17 18 7 5 31 2 17 18 2 17 18 2 5 30 3 17 18 2 16 19 3 12 16 2 0 2 7 0 2 7 0 2 7 12 16 2 1 2 4 0 2 7 0 2 7 16 30 2 5 31 7 16 19 11 0 2 7 0 2 7 0 2 7 0 2 7 0 2 7 13 6 7 0 2 4 0 2 7 6 2 7 1 2 4 1 30 3 1 2 7 1 2 3 16 6 2 0 2 4 12 16 2 1 2 7 5 30 3 0 2 7 1 2 3 6 18 2 0 2 7 0 2 11 549532.755805047695 60.4694004654884338
0 2 7 0 2 4 8 18 2 0 2 4 1 2 3 5 30 3 0 2 7 0 2 3 0 2 4 12 16 2 0 2 7 1 2 7 0 2 4 0 2 4 0 2 7 1 2 7 0 2 4 12 2 7 0 2 7 17 18 2 13 6 3 17 18 2 17 18 2 5 30 7 1 9 2 1 2 7 12 16 2 1 2 3 1 2 7 0 2 7 12 16 2 0 2 7 0 2 4 1 2 7 5 31 3 0 2 7 13 31 3 0 2 7 17 9 2 0 2 7 0 2 7 0 2 7 0 2 7 0 2 3 0 2 7 0 2 7 1 2 7 13 2 3 0 2 7 1 2 7 16 6 2 0 2 7 1 16 2 0 2 3 5 31 3 1 2 7 0 2 7 1 16 7 0 2 7 0 2 4 640825.693175076507 61.186510443687439
1 2 3 1 2 3 0 2 4 0 2 3 0 2 3 5 30 3 13 6 3 16 2 2 0 2 3 1 2 2 1 2 3 0 2 3 0 2 3 0 2 7 0 2 3 1 2 7 17 16 2 0 2 7 0 18 2 0 2 7 5 19 3 5 30 2 5 30 2 0 2 3 8 9 7 0 16 2 1 2 3 0 2 4 0 2 7 1 2 7 12 16 2 16 6 2 0 2 3 0 2 7 16 31 11 0 2 11 16 19 11 1 2 7 0 2 7 1 2 11 0 2 7 1 2 7 0 2 7 0 2 3 5 2 3 0 2 7 1 2 7 17 2 2 0 2 7 0 30 3 16 6 2 1 6 7 12 19 11 0 2 7 5 30 3 0 2 11 0 2 3 0 2 7 1 2 7 0 2 7 1695219.94068947644 62.9432618618011475
0 2 7 1 2 11 0 2 4 0 2 7 0 2 7 5 30 3 13 6 3 0 2 7 0 2 4 12 16 2 1 2 7 0 2 3 1 2 7 0 2 7 1 2 7 0 2 7 17 18 2 0 2 7 0 2 7 17 18 2 5 31 3 17 9 2 8 9 2 5 30 3 0 2 7 0 2 7 8 18 2 0 2 4 1 2 7 0 2 7 12 16 2 15 2 12 1 2 7 0 2 11 16 19 11 1 2 11 5 30 3 1 2 7 0 2 7 1 2 11 0 2 7 1 2 7 16 6 2 1 2 4 5 30 3 0 2 7 1 2 3 17 9 2 0 2 7 0 2 7 16 6 2 1 2 7 12 16 2 0 2 7 5 30 3 0 2 11 0 2 7 0 2 7 0 2 7 0 2 3 0 62.0288803577423096
0 2 7 1 2 7 17 18 2 13 6 3 1 2 7 5 31 3 0 2 7 0 2 7 0 2 7 12 16 2 0 2 7 1 2 7 1 2 7 0 2 7 0 2 3 1 2 7 1 2 7 1 16 2 1 2 7 17 18 2 13 6 3 17 18 2 17 18 2 0 2 3 17 2 7 0 2 7 17 9 2 1 2 7 0 2 7 12 16 2 12 16 2 0 2 4 1 2 7 1 2 7 5 30 3 1 2 7 5 6 3 1 2 7 17 18 2 0 2 7 1 2 7 1 2 4 1 2 7 0 2 7 1 2 7 1 2 3 15 2 11 0 6 7 0 2 7 0 2 7 16 6 2 0 2 7 12 2 3 1 2 7 5 30 3 0 2 7 0 2 4 12 2 2 1 2 7 1 2 4 507633.019528272038 60.1448544859886169
0 2 7 1 2 4 8 2 4 0 2 4 1 2 3 5 30 3 13 2 3 0 2 7 0 2 4 12 16 2 0 2 7 0 2 3 1 2 7 0 2 7 0 2 7 0 2 7 0 18 2 0 2 2 0 2 7 17 18 2 5 6 3 17 9 2 8 18 2 0 30 3 1 2 7 1 2 7 8 18 2 1 2 3 0 2 7 0 2 7 12 16 2 0 2 12 1 2 4 0 2 11 5 30 11 1 2 7 5 31 3 1 2 7 0 18 7 1 2 7 0 2 7 1 2 4 0 6 2 1 2 4 0 2 3 1 2 7 15 2 3 0 2 7 0 2 7 0 2 7 16 6 2 0 2 7 1 16 2 0 2 7 5 30 3 1 2 11 0 2 4 0 2 7 0 2 7 1 2 3 1047283.78370722383 61.7237001061439514

Current Evaluation = 18000(18000)
Front Size = 10
0 2 7 0 2 7 17 18 2 13 6 3 1 2 7 5 31 3 0 2 7 0 2 7 0 2 7 12 16 2 0 2 7 1 2 7 0 2 7 0 2 4 0 2 7 1 2 7 1 2 7 1 2 7 0 2 7 17 18 2 13 6 3 17 18 2 17 18 2 5 30 3 17 9 2 0 2 7 12 16 2 1 2 7 1 2 7 12 16 2 12 16 2 0 2 7 1 2 7 1 2 7 5 31 3 0 2 7 13 6 3 1 2 7 17 9 2 0 2 7 1 2 7 0 2 7 1 2 7 0 2 7 1 2 7 0 2 7 1 2 7 13 6 3 0 2 7 1 2 7 16 6 2 0 2 7 12 16 2 0 2 7 5 31 3 0 2 7 0 2 7 12 16 2 1 2 7 0 2 4 0 60.0768983364105225
0 2 7 1 2 7 0 2 7 8 9 2 0 2 7 5 30 3 13 6 3 0 2 7 0 2 7 12 16 2 0 2 7 0 2 7 0 2 4 1 2 7 0 2 4 0 2 7 0 2 4 0 2 7 17 18 2 17 18 2 13 6 3 5 30 3 17 18 2 12 16 2 17 9 2 0 2 7 12 16 2 0 2 7 0 2 7 0 2 7 12 16 2 0 2 4 1 2 7 0 2 7 5 30 3 0 2 7 5 30 3 0 2 7 8 18 2 0 2 7 5 30 3 0 2 7 5 30 3 0 2 7 0 2 7 8 18 2 1 2 11 0 2 7 1 2 7 6 2 7 16 15 2 0 2 7 17 9 2 1 2 7 5 30 3 1 2 11 6 2 7 1 2 7 16 15 2 1 2 7 0 61.4827700853347778
1 2 3 0 2 3 1 2 3 16 9 11 0 2 3 5 30 3 8 18 2 1 2 3 1 2 3 12 16 2 0 2 3 0 2 3 1 2 3 0 2 3 0 2 3 0 2 3 1 2 3 1 2 7 16 6 2 12 16 2 16 18 11 0 2 3 16 15 2 0 2 3 0 2 7 0 2 7 0 2 3 12 16 2 1 2 3 1 2 7 12 16 2 16 18 11 0 2 3 0 2 3 5 30 3 0 2 7 5 30 3 0 2 3 0 2 7 0 2 3 0 2 3 0 2 3 5 30 3 0 2 3 0 2 7 0 2 3 0 2 7 0 2 3 1 2 3 0 2 3 16 6 2 1 2 3 16 18 12 0 2 3 5 30 3 1 2 3 0 2 7 0 2 3 1 2 3 1 2 3 0 64.7724918723106384
1 2 7 0 2 7 5 30 3 0 2 7 0 2 7 5 31 3 8 9 2 0 2 7 1 2 7 12 16 2 0 2 3 1 2 7 5 30 3 0 2 7 0 2 7 5 31 3 0 2 7 0 2 7 0 2 7 0 2 7 5 30 3 17 18 2 0 2 7 0 2 7 0 2 7 8 18 2 1 2 3 1 2 7 0 2 7 12 16 2 16 6 2 6 2 3 0 2 3 0 2 7 1 2 4 5 30 3 5 31 3 0 2 7 0 2 7 1 2 7 1 2 7 0 2 7 16 6 2 0 2 3 0 2 7 0 2 7 1 2 11 16 9 1 0 2 7 0 2 7 16 6 2 1 2 7 16 6 2 0 2 7 5 30 3 1 2 7 0 2 7 0 2 3 17 18 2 0 2 7 0 62.3331022262573242
1 2 3 0 2 7 0 2 7 17 2 2 0 2 7 5 31 3 8 9 2 6 2 7 0 2 4 12 2 2 0 2 3 1 2 7 0 2 3 1 2 7 0 2 3 0 31 3 6 2 7 0 2 3 0 18 2 16 19 11 5 30 3 17 18 2 16 15 2 0 16 7 0 2 7 5 30 2 12 2 3 1 2 7 0 2 7 12 16 7 12 6 2 6 2 3 0 2 3 0 2 7 5 30 4 5 30 8 5 31 3 0 2 7 0 2 7 0 2 3 1 2 3 0 2 7 16 30 3 0 2 3 0 2 7 0 2 7 0 2 3 16 2 1 0 2 3 0 2 7 16 6 2 1 6 2 0 2 2 0 2 7 5 30 3 1 2 3 0 2 4 1 2 3 0 2 4 0 2 7 1028029.47959061805 62.6638039350509644
0 2 4 1 2 7 0 2 7 5 30 3 0 2 7 5 30 3 13 6 3 0 2 7 1 2 4 1 2 7 0 2 7 0 2 7 0 2 7 1 2 7 0 2 7 0 2 7 0 2 4 1 2 7 17 18 2 12 16 2 1 2 7 17 18 2 17 9 2 12 16 2 0 2 7 0 2 7 1 2 4 0 2 7 1 2 7 0 2 7 12 16 2 0 2 11 1 2 7 1 2 7 5 30 3 0 2 7 13 6 3 1 2 7 17 18 2 0 2 7 5 30 3 0 2 7 5 30 3 0 2 7 0 2 4 17 18 2 0 2 7 5 31 3 0 2 7 0 2 7 16 30 2 0 2 7 8 18 2 0 2 7 5 31 3 1 2 7 0 2 7 0 2 11 16 19 11 1 2 7 0 61.3603274822235107
0 2 7 0 2 11 0 2 3 5 30 3 1 2 7 16 19 11 1 2 7 16 6 2 1 2 7 5 30 3 0 2 3 0 2 3 1 2 3 0 2 7 0 2 7 1 2 7 0 2 7 0 2 3 0 2 3 5 30 3 0 2 11 16 9 11 16 30 2 5 30 3 16 19 11 5 31 3 12 16 2 0 2 3 0 2 3 0 2 7 12 16 2 0 2 3 0 2 7 0 2 7 1 2 7 5 30 3 0 2 7 0 2 7 1 2 3 5 30 3 0 2 3 0 2 3 5 30 3 0 2 3 0 2 3 0 2 7 0 2 7 0 2 11 0 2 3 0 2 3 0 2 3 0 2 3 16 30 2 0 2 7 5 30 3 0 2 11 0 2 11 16 19 11 0 2 3 0 2 11 0 64.9349628090858459
1 2 3 6 2 7 0 2 7 17 9 2 0 2 4 5 31 3 8 18 2 6 2 7 0 2 4 1 2 3 0 2 3 0 2 7 0 2 7 1 2 7 1 2 3 0 2 7 6 2 7 0 2 3 8 18 2 16 19 11 17 9 2 0 2 3 16 15 2 12 16 2 0 2 7 5 30 3 12 16 2 0 2 7 0 2 7 0 2 7 12 16 2 0 2 11 0 2 7 0 2 7 5 30 3 16 18 8 5 30 3 0 2 3 0 2 3 0 2 3 5 30 3 1 2 3 5 30 3 1 2 3 0 2 7 0 2 11 0 2 3 1 2 7 0 2 3 0 2 3 16 6 2 16 6 2 0 2 11 1 2 11 5 30 3 0 2 3 0 2 4 1 2 7 0 2 4 0 2 7 0 63.6488756537437439
6 2 7 0 2 3 17 18 2 5 30 3 1 2 7 5 30 3 0 2 3 0 2 7 0 2 7 12 9 2 0 2 7 17 2 7 1 2 7 0 2 7 0 2 7 1 2 3 1 2 7 1 2 3 1 2 7 17 31 3 0 2 3 0 2 2 17 2 7 5 30 3 0 2 2 0 2 7 1 16 4 1 2 7 0 2 7 0 16 7 12 16 2 16 2 11 1 2 7 0 2 7 5 31 3 0 2 11 13 6 3 0 2 4 17 2 2 0 2 7 1 2 3 0 2 7 1 31 3 1 2 7 1 2 7 0 2 7 1 2 7 0 2 3 0 2 7 16 2 11 16 6 2 0 16 2 12 9 2 0 2 7 0 2 7 0 2 7 0 2 7 12 16 2 0 2 11 1 2 4 830482.341635812423 61.7286117672920227
1 2 7 6 2 7 5 30 3 0 9 7 0 2 4 5 31 3 8 18 2 0 2 7 1 2 7 1 16 3 0 2 3 0 2 7 5 30 7 0 2 7 1 2 7 5 2 7 0 2 7 0 2 7 8 2 7 0 2 7 17 9 2 0 2 3 0 2 7 12 2 2 0 2 7 8 18 3 1 16 2 0 2 7 0 2 7 0 2 2 16 16 2 0 2 11 0 2 7 0 2 7 1 2 3 16 18 3 5 30 3 0 2 3 0 2 3 1 2 7 5 30 7 1 2 3 5 6 2 1 2 3 0 2 7 0 2 11 1 2 11 1 9 7 0 2 7 0 2 3 16 6 2 16 2 7 16 6 11 1 2 11 5 30 3 0 2 7 0 2 7 0 2 7 17 18 2 0 2 7 846124.56666859996 63.3181746602058411

MonoObjective Genetic Algorithm
Number of Evaluations = 0
Mutation Probability = 0
Crossover Probability = 1
Population Size = 10
Survival Selection Type = 16

Time =  18019.1925709247589

Current Evaluation = 2070
Front Size = 10
0 2 7 0 2 7 17 18 2 13 6 3 1 2 7 5 31 3 0 2 7 0 2 7 0 2 7 12 16 2 0 2 7 1 2 7 0 2 7 0 2 4 0 2 7 1 2 7 1 2 7 1 2 7 0 2 7 17 18 2 13 6 3 17 18 2 17 18 2 5 30 3 17 9 2 0 2 7 12 16 2 1 2 7 1 2 7 12 16 2 12 16 2 0 2 7 1 2 7 1 2 7 5 31 3 0 2 7 13 6 3 1 2 7 17 9 2 0 2 7 1 2 7 0 2 7 1 2 7 0 2 7 1 2 7 0 2 7 1 2 7 13 6 3 0 2 7 1 2 7 16 6 2 0 2 7 12 16 2 0 2 7 5 31 3 0 2 7 0 2 7 12 16 2 1 2 7 0 2 4 0 60.0768983364105225
0 2 7 1 2 7 0 2 7 8 9 2 0 2 7 5 30 3 13 6 3 0 2 7 0 2 7 12 16 2 0 2 7 0 2 7 0 2 4 1 2 7 0 2 4 0 2 7 0 2 4 0 2 7 17 18 2 17 18 2 13 6 3 5 30 3 17 18 2 12 16 2 17 9 2 0 2 7 12 16 2 0 2 7 0 2 7 0 2 7 12 16 2 0 2 4 1 2 7 0 2 7 5 30 3 0 2 7 5 30 3 0 2 7 8 18 2 0 2 7 5 30 3 0 2 7 5 30 3 0 2 7 0 2 7 8 18 2 1 2 11 0 2 7 1 2 7 6 2 7 16 15 2 0 2 7 17 9 2 1 2 7 5 30 3 1 2 11 6 2 7 1 2 7 16 15 2 1 2 7 0 61.4827700853347778
1 2 3 0 2 3 1 2 3 16 9 11 0 2 3 5 30 3 8 18 2 1 2 3 1 2 3 12 16 2 0 2 3 0 2 3 1 2 3 0 2 3 0 2 3 0 2 3 1 2 3 1 2 7 16 6 2 12 16 2 16 18 11 0 2 3 16 15 2 0 2 3 0 2 7 0 2 7 0 2 3 12 16 2 1 2 3 1 2 7 12 16 2 16 18 11 0 2 3 0 2 3 5 30 3 0 2 7 5 30 3 0 2 3 0 2 7 0 2 3 0 2 3 0 2 3 5 30 3 0 2 3 0 2 7 0 2 3 0 2 7 0 2 3 1 2 3 0 2 3 16 6 2 1 2 3 16 18 12 0 2 3 5 30 3 1 2 3 0 2 7 0 2 3 1 2 3 1 2 3 0 64.7724918723106384
1 2 7 0 2 7 5 30 3 0 2 7 0 2 7 5 31 3 8 9 2 0 2 7 1 2 7 12 16 2 0 2 3 1 2 7 5 30 3 0 2 7 0 2 7 5 31 3 0 2 7 0 2 7 0 2 7 0 2 7 5 30 3 17 18 2 0 2 7 0 2 7 0 2 7 8 18 2 1 2 3 1 2 7 0 2 7 12 16 2 16 6 2 6 2 3 0 2 3 0 2 7 1 2 4 5 30 3 5 31 3 0 2 7 0 2 7 1 2 7 1 2 7 0 2 7 16 6 2 0 2 3 0 2 7 0 2 7 1 2 11 16 9 1 0 2 7 0 2 7 16 6 2 1 2 7 16 6 2 0 2 7 5 30 3 1 2 7 0 2 7 0 2 3 17 18 2 0 2 7 0 62.3331022262573242
1 2 3 0 2 7 0 2 7 17 2 2 0 2 7 5 31 3 8 9 2 6 2 7 0 2 4 12 2 2 0 2 3 1 2 7 0 2 3 1 2 7 0 2 3 0 31 3 6 2 7 0 2 3 0 18 2 16 19 11 5 30 3 17 18 2 16 15 2 0 16 7 0 2 7 5 30 2 12 2 3 1 2 7 0 2 7 12 16 7 12 6 2 6 2 3 0 2 3 0 2 7 5 30 4 5 30 8 5 31 3 0 2 7 0 2 7 0 2 3 1 2 3 0 2 7 16 30 3 0 2 3 0 2 7 0 2 7 0 2 3 16 2 1 0 2 3 0 2 7 16 6 2 1 6 2 0 2 2 0 2 7 5 30 3 1 2 3 0 2 4 1 2 3 0 2 4 0 2 7 1028029.47959061805 62.6638039350509644
0 2 4 1 2 7 0 2 7 5 30 3 0 2 7 5 30 3 13 6 3 0 2 7 1 2 4 1 2 7 0 2 7 0 2 7 0 2 7 1 2 7 0 2 7 0 2 7 0 2 4 1 2 7 17 18 2 12 16 2 1 2 7 17 18 2 17 9 2 12 16 2 0 2 7 0 2 7 1 2 4 0 2 7 1 2 7 0 2 7 12 16 2 0 2 11 1 2 7 1 2 7 5 30 3 0 2 7 13 6 3 1 2 7 17 18 2 0 2 7 5 30 3 0 2 7 5 30 3 0 2 7 0 2 4 17 18 2 0 2 7 5 31 3 0 2 7 0 2 7 16 30 2 0 2 7 8 18 2 0 2 7 5 31 3 1 2 7 0 2 7 0 2 11 16 19 11 1 2 7 0 61.3603274822235107
0 2 7 0 2 11 0 2 3 5 30 3 1 2 7 16 19 11 1 2 7 16 6 2 1 2 7 5 30 3 0 2 3 0 2 3 1 2 3 0 2 7 0 2 7 1 2 7 0 2 7 0 2 3 0 2 3 5 30 3 0 2 11 16 9 11 16 30 2 5 30 3 16 19 11 5 31 3 12 16 2 0 2 3 0 2 3 0 2 7 12 16 2 0 2 3 0 2 7 0 2 7 1 2 7 5 30 3 0 2 7 0 2 7 1 2 3 5 30 3 0 2 3 0 2 3 5 30 3 0 2 3 0 2 3 0 2 7 0 2 7 0 2 11 0 2 3 0 2 3 0 2 3 0 2 3 16 30 2 0 2 7 5 30 3 0 2 11 0 2 11 16 19 11 0 2 3 0 2 11 0 64.9349628090858459
1 2 3 6 2 7 0 2 7 17 9 2 0 2 4 5 31 3 8 18 2 6 2 7 0 2 4 1 2 3 0 2 3 0 2 7 0 2 7 1 2 7 1 2 3 0 2 7 6 2 7 0 2 3 8 18 2 16 19 11 17 9 2 0 2 3 16 15 2 12 16 2 0 2 7 5 30 3 12 16 2 0 2 7 0 2 7 0 2 7 12 16 2 0 2 11 0 2 7 0 2 7 5 30 3 16 18 8 5 30 3 0 2 3 0 2 3 0 2 3 5 30 3 1 2 3 5 30 3 1 2 3 0 2 7 0 2 11 0 2 3 1 2 7 0 2 3 0 2 3 16 6 2 16 6 2 0 2 11 1 2 11 5 30 3 0 2 3 0 2 4 1 2 7 0 2 4 0 2 7 0 63.6488756537437439
6 2 7 0 2 3 17 18 2 5 30 3 1 2 7 5 30 3 0 2 3 0 2 7 0 2 7 12 9 2 0 2 7 17 2 7 1 2 7 0 2 7 0 2 7 1 2 3 1 2 7 1 2 3 1 2 7 17 31 3 0 2 3 0 2 2 17 2 7 5 30 3 0 2 2 0 2 7 1 16 4 1 2 7 0 2 7 0 16 7 12 16 2 16 2 11 1 2 7 0 2 7 5 31 3 0 2 11 13 6 3 0 2 4 17 2 2 0 2 7 1 2 3 0 2 7 1 31 3 1 2 7 1 2 7 0 2 7 1 2 7 0 2 3 0 2 7 16 2 11 16 6 2 0 16 2 12 9 2 0 2 7 0 2 7 0 2 7 0 2 7 12 16 2 0 2 11 1 2 4 830482.341635812423 61.7286117672920227
1 2 7 6 2 7 5 30 3 0 9 7 0 2 4 5 31 3 8 18 2 0 2 7 1 2 7 1 16 3 0 2 3 0 2 7 5 30 7 0 2 7 1 2 7 5 2 7 0 2 7 0 2 7 8 2 7 0 2 7 17 9 2 0 2 3 0 2 7 12 2 2 0 2 7 8 18 3 1 16 2 0 2 7 0 2 7 0 2 2 16 16 2 0 2 11 0 2 7 0 2 7 1 2 3 16 18 3 5 30 3 0 2 3 0 2 3 1 2 7 5 30 7 1 2 3 5 6 2 1 2 3 0 2 7 0 2 11 1 2 11 1 9 7 0 2 7 0 2 3 16 6 2 16 2 7 16 6 11 1 2 11 5 30 3 0 2 7 0 2 7 0 2 7 17 18 2 0 2 7 846124.56666859996 63.3181746602058411

