71 26 12 18 3 38 14 3 70 7 1 9 8 25 40 5 36 0 16 10 2 30 28 5 77 3 11 15 26 45 38 18 9 3 14 4 28 24 8 27 39 33 9 19 29 17 42 48 59 18 11 2 10 17 45 26 67 34 19 0 15 10 7 12 61 6 8 17 25 23 14 37 23 14 1 11 9 36 15 0 68 36 5 14 34 16 16 6 44 31 4 18 21 44 47 22 54 15 11 8 8 41 30 10 59 14 9 16 46 29 31 34 28 22 15 12 2 7 40 35 73 36 1 2 26 5 18 23 39 18 1 11 11 28 9 50 64 5 18 15 21 9 35 32 38 11 15 2 25 31 18 36 38 14 4 3 10 42 12 3 2742167168480454.5000000000
56 25 11 14 40 9 27 10 6 3 18 2 7 40 8 3 18 28 4 9 25 44 28 28 50 6 3 8 27 5 39 9 11 14 7 10 14 36 34 27 45 17 5 18 18 1 43 53 78 25 2 6 45 9 38 40 64 32 13 17 19 22 15 48 26 32 15 14 0 5 25 7 58 5 17 15 16 4 46 29 60 9 7 3 42 9 36 26 32 33 13 7 40 19 43 12 78 20 17 5 26 10 39 44 49 0 4 8 20 12 2 35 58 36 9 17 44 19 32 6 61 21 18 8 20 9 47 9 9 27 15 10 6 25 9 29 14 26 15 17 10 24 16 48 15 19 5 1 30 11 43 14 20 34 11 0 31 33 36 4 2682267570631127.5000000000
73 15 6 16 42 1 7 40 56 19 19 16 36 27 20 39 63 24 7 9 41 35 21 40 14 31 14 7 32 15 1 44 34 10 10 1 12 9 45 19 50 13 8 1 23 35 3 24 44 1 2 16 26 11 47 56 52 13 18 11 0 42 8 55 55 8 11 1 4 33 26 1 74 17 11 5 28 29 19 1 46 4 18 2 0 47 44 6 0 11 16 5 39 27 24 23 62 16 12 0 24 50 13 11 30 0 10 16 8 13 19 54 46 35 3 8 24 28 44 17 6 16 15 0 13 26 16 38 52 11 13 0 28 8 2 43 46 7 0 8 8 0 20 6 58 5 18 3 2 47 45 14 5 25 4 5 20 19 41 54 2734104758974451.5000000000
71 14 10 13 22 46 47 1 28 27 0 9 37 5 27 15 54 35 18 8 13 48 30 7 37 36 0 11 42 47 32 7 60 20 2 18 21 10 48 48 67 13 9 2 1 39 42 56 8 19 19 18 34 18 21 52 36 33 15 0 25 35 37 7 66 10 6 10 31 15 28 9 38 1 6 15 19 33 31 33 75 13 15 11 47 39 8 33 47 10 10 17 28 34 24 16 18 2 3 12 40 23 19 46 43 24 9 19 42 38 1 52 19 5 17 9 22 17 47 40 46 7 17 9 25 50 28 49 20 9 14 16 42 35 43 48 7 27 0 4 33 45 13 21 74 11 9 2 1 36 19 13 55 31 5 16 49 38 0 35 3078831495626660.0000000000
31 29 4 3 13 6 44 58 34 23 19 1 26 32 31 27 50 29 13 14 16 45 38 56 31 3 17 6 2 45 20 25 37 0 9 16 2 12 5 8 2 14 19 5 10 22 30 10 1 23 1 7 40 32 33 57 61 33 8 13 24 39 15 35 44 24 19 17 23 20 11 25 20 21 3 11 48 6 1 34 20 36 4 7 5 3 6 0 12 17 6 9 12 33 6 16 45 1 19 15 25 22 29 38 52 36 0 13 50 38 15 44 4 33 19 6 13 41 6 33 43 30 18 19 27 28 43 29 47 4 19 4 2 46 9 51 73 31 6 11 23 35 34 34 24 8 0 11 21 42 22 8 68 16 17 9 6 8 33 36 2802579296121605.5000000000
7 3 0 17 39 27 39 35 22 25 12 16 40 4 22 3 43 32 3 0 34 19 9 39 46 20 0 15 33 9 6 45 15 34 12 8 17 20 46 18 32 11 4 16 11 31 40 30 63 18 0 11 39 24 36 41 68 31 14 10 28 39 23 42 27 25 5 11 47 12 17 55 6 22 0 9 0 34 34 52 0 34 18 3 31 0 48 10 65 14 18 17 17 8 33 31 60 6 0 7 1 20 20 24 8 5 18 3 32 7 1 22 75 5 5 4 7 19 35 54 56 24 4 5 5 9 12 56 20 15 9 15 0 34 29 31 48 0 17 10 12 8 15 33 28 5 6 13 5 50 6 22 51 14 19 1 25 15 45 18 2249338198567309.2500000000
58 18 1 16 50 48 32 54 72 7 7 9 47 21 25 19 50 27 19 18 11 43 38 48 68 33 2 16 45 28 11 6 18 18 0 8 23 0 4 51 71 33 5 15 4 45 9 57 20 25 8 2 21 34 0 54 76 3 11 17 34 7 38 36 21 34 6 9 29 6 46 33 45 5 12 18 32 1 24 26 12 3 8 7 48 45 22 26 37 35 17 19 2 22 15 34 19 18 2 11 28 10 25 12 9 10 3 4 9 7 12 38 14 32 10 19 25 22 46 57 28 6 18 15 13 45 10 28 72 14 19 15 2 49 24 30 1 6 17 7 42 39 47 23 4 1 19 15 48 37 11 10 7 3 6 9 14 17 33 54 2956814433745843.0000000000
49 8 7 10 24 11 10 14 42 7 11 0 28 29 43 12 68 25 0 16 39 32 29 36 54 14 19 13 8 20 11 26 29 7 7 18 46 38 26 45 56 1 0 19 34 7 25 42 21 25 15 13 37 15 4 45 9 27 9 13 15 49 35 47 14 32 15 2 28 8 32 55 59 19 11 18 4 42 22 12 11 31 7 1 50 9 46 53 6 2 4 17 3 2 11 39 75 36 12 5 44 24 41 31 70 7 4 5 45 20 8 50 70 17 5 2 37 9 35 29 2 5 2 8 43 11 29 25 42 36 6 14 15 33 5 29 56 2 19 17 28 34 20 21 51 11 17 9 48 9 39 4 61 9 12 10 10 31 4 35 2353767356196792.0000000000
58 20 7 19 9 44 45 52 69 27 1 13 40 36 39 35 6 21 2 3 33 13 43 24 30 10 10 4 14 48 42 19 36 20 16 4 40 42 35 12 1 16 16 12 38 31 17 44 32 11 16 0 24 13 41 22 66 24 9 7 39 34 35 5 44 23 16 14 31 21 10 43 26 34 7 5 9 25 19 4 17 32 14 19 40 18 28 20 67 1 9 7 33 38 28 35 44 22 17 13 23 42 8 55 10 4 11 16 47 27 32 15 27 29 14 15 7 3 27 33 73 14 2 11 20 27 8 33 34 34 0 8 26 40 30 33 35 30 4 18 10 24 35 49 59 23 5 3 21 45 7 26 0 11 2 15 39 48 29 4 2929879658490344.0000000000
23 27 4 6 38 29 41 38 28 34 2 5 21 41 10 6 42 3 12 3 49 2 39 35 65 13 9 16 17 22 9 21 24 10 6 7 9 13 10 26 22 26 1 7 19 30 39 25 50 22 19 4 28 48 0 54 20 3 16 0 35 0 25 16 55 7 2 3 44 41 32 17 74 29 18 13 47 23 30 16 73 20 4 13 23 41 11 39 65 10 10 14 32 43 9 58 13 4 17 19 7 19 42 46 26 5 18 6 47 11 21 39 40 27 2 6 49 1 3 26 27 11 17 5 42 26 1 28 45 30 3 13 46 22 45 30 65 23 3 2 21 41 11 36 68 8 13 4 29 17 26 28 15 9 5 11 11 2 28 22 2432584830807216.5000000000
56 19 0 16 12 19 4 23 19 33 7 13 26 15 18 23 65 16 5 14 0 48 4 35 19 4 15 8 23 43 39 9 10 32 17 12 6 10 5 23 19 4 11 1 38 44 39 9 56 19 0 16 12 19 4 23 19 33 3 13 26 15 18 23 65 12 6 19 14 48 4 11 19 4 15 8 23 43 39 9 10 32 12 17 10 6 5 23 19 4 14 10 44 38 39 9 56 19 0 16 12 19 4 23 19 33 11 13 26 15 18 23 65 33 3 4 14 48 47 48 19 4 15 8 23 43 39 9 10 32 12 1 10 6 5 23 19 4 7 17 38 44 39 9 56 19 16 0 19 12 4 23 65 16 14 5 48 0 4 35 8240578.3277500011
65 33 11 4 14 48 47 48 56 19 1 0 19 12 4 23 19 4 10 8 38 43 39 9 10 32 17 12 6 10 5 23 19 33 7 13 26 15 18 23 19 4 15 16 23 44 39 9 65 16 5 14 0 48 4 35 56 19 0 1 12 19 4 23 19 4 8 11 43 38 39 9 10 32 12 17 10 6 5 23 19 33 3 13 26 15 18 23 19 4 15 16 23 44 39 9 65 33 4 7 48 14 47 48 56 19 1 0 19 12 4 23 19 4 8 10 43 38 39 9 10 32 14 17 10 6 5 23 19 33 11 13 26 15 18 23 65 16 12 5 48 0 4 35 19 4 15 16 23 44 39 9 56 19 0 1 12 19 4 23 8243278.3737500012
56 19 0 8 12 19 4 23 19 4 15 1 23 44 39 9 56 12 14 18 0 14 4 23 10 32 16 12 6 10 5 23 19 33 13 7 15 26 18 23 19 4 10 17 38 43 39 9 56 19 8 0 19 12 4 23 65 12 19 6 48 14 4 11 19 4 15 1 23 44 39 9 10 32 16 14 6 10 5 23 19 33 13 3 15 26 18 23 19 4 11 17 38 43 39 9 56 19 0 8 12 19 4 23 65 16 12 5 48 0 4 35 19 4 1 15 44 23 39 9 10 32 16 14 6 10 5 23 19 33 13 7 15 26 18 23 19 4 10 17 38 43 39 9 56 19 8 0 19 12 4 23 65 33 4 3 48 14 47 48 8243393.2157499995
56 12 14 9 0 14 4 23 56 19 8 0 19 12 4 23 19 4 15 17 23 43 39 9 19 4 11 12 38 44 39 9 19 33 7 13 26 15 18 23 65 12 19 6 48 14 4 11 10 32 1 14 6 10 5 23 56 19 16 0 19 12 4 23 19 4 15 8 23 43 39 9 19 4 10 12 38 44 39 9 19 33 13 3 15 26 18 23 65 16 17 5 14 0 4 35 10 32 1 14 6 10 5 23 56 19 16 0 19 12 4 23 19 4 8 15 43 23 39 9 19 4 12 11 44 38 39 9 19 33 13 7 15 26 18 23 65 12 19 6 48 14 4 11 10 32 17 14 6 10 5 23 56 19 0 1 12 19 4 23 8245870.3870000001
65 33 4 3 48 14 47 48 56 19 8 0 19 12 4 23 19 33 11 13 26 15 18 23 19 4 15 16 23 43 39 9 19 4 7 17 38 44 39 9 10 32 12 1 10 6 5 23 65 16 5 14 0 48 4 35 56 19 0 8 12 19 4 23 19 33 13 3 15 26 18 23 19 4 15 16 23 43 39 9 19 4 10 17 38 44 39 9 10 32 1 12 6 10 5 23 65 12 6 19 14 48 4 11 56 19 0 8 12 19 4 23 19 33 13 11 15 26 18 23 19 4 7 15 38 23 39 9 19 4 16 17 44 43 39 9 10 32 14 1 10 6 5 23 65 16 5 12 0 48 4 35 56 19 0 8 12 19 4 23 8247710.9539999999
56 19 0 17 12 19 4 23 65 16 5 14 0 48 4 35 19 4 15 8 23 43 39 9 19 4 10 16 38 44 39 9 10 32 12 1 10 6 5 23 19 33 13 11 15 26 18 23 56 19 0 17 12 19 4 23 65 33 4 7 48 14 47 48 19 4 15 14 23 44 39 9 19 4 10 16 38 43 39 9 10 32 12 1 10 6 5 23 19 33 3 13 26 15 18 23 56 19 0 8 12 19 4 23 10 27 17 11 14 48 47 47 19 4 15 14 23 44 39 9 19 4 10 16 38 43 39 9 10 32 1 12 6 10 5 23 19 33 7 13 26 15 18 23 56 19 8 0 19 12 4 23 10 27 4 17 48 14 47 47 8254415.8870000001
56 19 1 0 19 12 4 23 19 4 11 8 38 44 39 9 65 16 5 14 0 48 4 35 19 33 13 7 15 26 18 23 19 4 15 17 23 43 39 9 10 32 16 12 6 10 5 23 56 19 1 0 19 12 4 23 19 4 10 8 38 44 39 9 65 16 14 5 48 0 4 35 19 33 3 13 26 15 18 23 19 4 15 17 23 43 39 9 10 32 16 12 6 10 5 23 56 19 0 1 12 19 4 23 65 33 11 4 14 48 47 48 19 4 14 10 44 38 39 9 19 33 7 13 26 15 18 23 19 4 17 15 43 23 39 9 10 32 12 8 10 6 5 23 56 19 0 16 12 19 4 23 65 33 4 11 48 14 47 48 8254595.8317500008
10 32 15 14 10 23 5 23 56 19 8 0 19 12 4 23 19 4 10 16 38 43 39 9 19 33 13 7 15 26 18 23 65 12 6 19 14 48 4 11 10 32 12 1 10 6 5 23 19 4 15 17 23 44 39 9 56 19 0 16 12 19 4 23 19 4 8 11 43 38 39 9 19 33 7 13 26 15 18 23 65 16 14 5 48 0 4 35 10 32 1 12 6 10 5 23 19 4 15 17 23 44 39 9 56 19 16 0 19 12 4 23 19 4 8 11 43 38 39 9 19 33 3 13 26 15 18 23 65 16 5 14 0 48 4 35 10 32 1 12 6 10 5 23 19 4 15 17 23 44 39 9 56 19 0 16 12 19 4 23 8256150.5822499990
10 27 1 4 14 48 47 47 56 19 8 0 19 12 4 23 19 4 15 17 23 43 39 9 19 33 13 7 15 26 18 23 19 4 10 12 38 44 39 9 10 32 14 16 10 6 5 23 65 33 11 2 14 48 47 11 56 19 0 8 12 19 4 23 19 4 15 17 23 43 39 9 19 33 3 13 26 15 18 23 19 4 10 1 38 44 39 9 65 16 5 12 0 48 4 35 10 32 14 8 10 6 5 23 56 19 16 0 19 12 4 23 19 4 15 17 23 43 39 9 19 33 13 7 15 26 18 23 19 4 11 1 38 44 39 9 65 16 5 12 0 48 4 35 10 32 8 14 6 10 5 23 56 19 0 16 12 19 4 23 8257138.3527499996
56 19 0 16 12 19 4 23 19 4 15 8 23 43 39 9 65 33 7 4 14 48 47 48 19 33 13 11 15 26 18 23 19 4 10 1 38 44 39 9 10 32 17 12 6 10 5 23 56 19 0 16 12 19 4 23 19 4 8 15 43 23 39 9 65 33 2 3 48 14 4 11 19 33 7 13 26 15 18 23 19 4 10 1 38 44 39 9 10 32 17 14 6 10 5 23 56 19 16 0 19 12 4 23 19 4 15 8 23 43 39 9 56 12 9 12 14 0 4 23 19 33 13 11 15 26 18 23 19 4 1 10 44 38 39 9 10 32 17 14 6 10 5 23 56 19 0 16 12 19 4 23 65 16 12 8 48 14 47 35 8257275.6210000003
56 19 0 16 12 19 4 23 19 33 7 13 26 15 18 23 65 16 5 12 0 48 4 35 19 4 15 8 23 43 39 9 10 32 17 14 6 10 5 23 19 4 11 1 38 44 39 9 56 19 0 16 12 19 4 23 19 33 3 13 26 15 18 23 65 12 6 19 14 48 4 11 19 4 15 8 23 43 39 9 10 32 12 17 10 6 5 23 19 4 14 10 44 38 39 9 56 19 0 1 12 19 4 23 19 33 11 13 26 15 18 23 65 33 3 4 14 48 47 48 19 4 15 8 23 43 39 9 10 32 12 16 10 6 5 23 19 4 7 17 38 44 39 9 56 19 1 0 19 12 4 23 65 16 14 5 48 0 4 35 8236078.3282500003
56 19 1 0 19 12 4 23 19 4 10 8 38 44 39 9 65 33 4 3 48 14 47 48 19 33 13 7 15 26 18 23 19 4 15 17 23 43 39 9 10 32 16 12 6 10 5 23 56 19 1 0 19 12 4 23 65 16 14 5 48 0 4 35 19 4 10 8 38 44 39 9 19 33 3 13 26 15 18 23 19 4 15 17 23 43 39 9 10 32 16 12 6 10 5 23 56 19 0 1 12 19 4 23 65 33 11 4 14 48 47 48 19 4 14 10 44 38 39 9 19 33 7 13 26 15 18 23 19 4 8 15 43 23 39 9 10 32 17 12 6 10 5 23 56 19 0 16 12 19 4 23 65 16 1 5 14 0 4 35 8242178.1177500002
65 33 11 4 14 48 47 48 56 19 1 0 19 12 4 23 19 4 10 8 38 43 39 9 10 32 17 12 6 10 5 23 19 33 7 13 26 15 18 23 65 16 16 5 14 0 4 35 19 4 15 14 23 44 39 9 56 19 0 1 12 19 4 23 19 4 8 11 43 38 39 9 10 32 12 17 10 6 5 23 19 33 3 13 26 15 18 23 65 33 4 7 48 14 47 48 19 4 15 16 23 44 39 9 56 19 1 0 19 12 4 23 19 4 8 10 43 38 39 9 10 32 14 17 10 6 5 23 19 33 11 13 26 15 18 23 65 16 12 5 48 0 4 35 19 4 15 16 23 44 39 9 56 19 0 1 12 19 4 23 8242448.0370000005
56 19 0 8 12 19 4 23 19 4 15 1 23 44 39 9 56 12 14 18 0 14 4 23 10 32 16 12 6 10 5 23 19 33 13 7 15 26 18 23 19 4 10 17 38 43 39 9 56 19 8 0 19 12 4 23 65 12 19 6 48 14 4 11 19 4 15 1 23 44 39 9 10 32 16 14 6 10 5 23 19 33 13 3 15 26 18 23 19 4 11 17 38 43 39 9 56 19 0 8 12 19 4 23 65 16 12 5 48 0 4 35 19 4 1 15 44 23 39 9 10 32 16 14 6 10 5 23 19 33 13 7 15 26 18 23 19 4 10 17 38 43 39 9 56 19 8 0 19 12 4 23 65 33 4 3 48 14 47 48 8243393.2157499995
65 16 5 16 0 14 4 35 56 19 0 1 12 19 4 23 10 32 14 8 10 6 5 23 19 4 11 17 38 44 39 9 19 33 13 3 15 26 18 23 65 33 7 4 14 48 47 48 19 4 16 15 43 23 39 9 56 19 1 0 19 12 4 23 10 32 8 12 6 10 5 23 19 4 10 14 38 44 39 9 19 33 11 13 26 15 18 23 65 12 19 6 48 14 4 11 19 4 15 17 23 43 39 9 56 19 0 16 12 19 4 23 10 32 8 12 6 10 5 23 19 4 1 10 44 38 39 9 19 33 7 13 26 15 18 23 65 16 5 14 0 48 4 35 19 4 15 17 23 43 39 9 56 19 0 16 12 19 4 23 8243955.5737500004
56 12 14 9 0 14 4 23 56 19 8 0 19 12 4 23 19 4 15 17 23 43 39 9 19 4 11 12 38 44 39 9 19 33 7 13 26 15 18 23 65 12 19 6 48 14 4 11 10 32 1 14 6 10 5 23 56 19 16 0 19 12 4 23 19 4 15 8 23 43 39 9 19 4 10 12 38 44 39 9 19 33 13 3 15 26 18 23 65 16 17 5 14 0 4 35 10 32 1 14 6 10 5 23 56 19 16 0 19 12 4 23 19 4 8 15 43 23 39 9 19 4 12 11 44 38 39 9 19 33 13 7 15 26 18 23 65 12 19 6 48 14 4 11 10 32 17 14 6 10 5 23 56 19 0 1 12 19 4 23 8245870.3870000001
65 33 4 3 48 14 47 48 56 19 8 0 19 12 4 23 19 33 11 13 26 15 18 23 19 4 15 16 23 43 39 9 19 4 7 17 38 44 39 9 10 32 12 1 10 6 5 23 65 16 5 14 0 48 4 35 56 19 0 8 12 19 4 23 19 33 13 3 15 26 18 23 19 4 15 16 23 43 39 9 19 4 10 17 38 44 39 9 10 32 1 12 6 10 5 23 65 12 6 19 14 48 4 11 56 19 0 8 12 19 4 23 19 33 13 11 15 26 18 23 19 4 7 15 38 23 39 9 19 4 16 17 44 43 39 9 10 32 14 1 10 6 5 23 65 16 5 12 0 48 4 35 56 19 0 8 12 19 4 23 8247710.9539999999
56 19 17 0 19 12 4 23 10 32 14 16 10 6 5 23 65 33 4 7 48 14 47 48 19 33 3 13 26 15 18 23 19 4 10 1 38 44 39 9 19 4 15 8 23 43 39 9 56 19 0 17 12 19 4 23 10 32 12 16 10 6 5 23 65 16 14 5 48 0 4 35 19 33 11 13 26 15 18 23 19 4 1 7 44 38 39 9 19 4 15 8 23 43 39 9 56 19 0 17 12 19 4 23 65 33 4 3 48 14 47 48 10 32 12 16 10 6 5 23 19 33 13 11 15 26 18 23 19 4 10 1 38 44 39 9 19 4 15 8 23 43 39 9 56 19 0 17 12 19 4 23 56 12 18 14 14 0 4 23 8248140.5922499988
56 19 0 17 12 19 4 23 65 16 5 14 0 48 4 35 19 4 15 8 23 43 39 9 19 4 10 16 38 44 39 9 10 32 12 1 10 6 5 23 19 33 13 11 15 26 18 23 56 19 0 17 12 19 4 23 65 33 4 7 48 14 47 48 19 4 15 14 23 44 39 9 19 4 10 16 38 43 39 9 10 32 12 1 10 6 5 23 19 33 3 13 26 15 18 23 56 19 0 8 12 19 4 23 10 27 17 11 14 48 47 47 19 4 15 14 23 44 39 9 19 4 10 16 38 43 39 9 10 32 1 12 6 10 5 23 19 33 7 13 26 15 18 23 56 19 8 0 19 12 4 23 10 27 4 17 48 14 47 47 8254415.8870000001
56 19 0 8 12 19 4 23 19 4 10 16 38 43 39 9 65 16 14 5 48 0 4 35 19 33 3 13 26 15 18 23 10 32 12 1 10 6 5 23 19 4 15 17 23 44 39 9 56 19 8 0 19 12 4 23 19 4 16 7 43 38 39 9 65 16 5 14 0 48 4 35 19 33 13 11 15 26 18 23 10 32 1 12 6 10 5 23 19 4 17 15 44 23 39 9 56 19 16 0 19 12 4 23 19 4 8 10 43 38 39 9 65 16 14 5 48 0 4 35 19 33 3 13 26 15 18 23 10 32 1 12 6 10 5 23 19 4 15 16 23 44 39 9 56 19 17 0 19 12 4 23 10 27 8 4 14 48 47 47 8255540.7680000002
56 19 0 16 12 19 4 23 19 33 7 13 26 15 18 23 65 16 5 12 0 48 4 35 19 4 15 8 23 43 39 9 10 32 17 14 6 10 5 23 19 4 11 1 38 44 39 9 56 19 0 16 12 19 4 23 19 33 3 13 26 15 18 23 65 12 6 19 14 48 4 11 19 4 15 8 23 43 39 9 10 32 12 17 10 6 5 23 19 4 14 10 44 38 39 9 56 19 0 1 12 19 4 23 19 33 11 13 26 15 18 23 65 33 3 4 14 48 47 48 19 4 15 16 23 43 39 9 10 32 12 8 10 6 5 23 19 4 7 17 38 44 39 9 56 19 1 0 19 12 4 23 65 16 14 5 48 0 4 35 8233828.3285000008
56 19 0 1 12 19 4 23 19 4 12 10 44 38 39 9 65 16 16 5 14 0 4 35 19 33 11 13 26 15 18 23 10 32 14 17 10 6 5 23 19 4 8 15 43 23 39 9 56 19 0 1 12 19 4 23 19 4 7 12 38 44 39 9 65 12 6 19 14 48 4 11 19 33 3 13 26 15 18 23 10 32 14 16 10 6 5 23 19 4 15 17 23 43 39 9 56 19 8 0 19 12 4 23 19 4 10 1 38 44 39 9 65 33 7 4 14 48 47 48 19 33 11 13 26 15 18 23 10 32 12 16 10 6 5 23 19 4 15 17 23 43 39 9 56 19 0 8 12 19 4 23 65 16 5 14 0 48 4 35 8236080.5779999997
56 19 1 0 19 12 4 23 19 4 10 8 38 44 39 9 65 33 4 3 48 14 47 48 19 33 13 11 15 26 18 23 19 4 15 17 23 43 39 9 10 32 16 12 6 10 5 23 56 19 1 0 19 12 4 23 65 16 14 5 48 0 4 35 19 4 7 8 38 44 39 9 19 33 3 13 26 15 18 23 19 4 15 17 23 43 39 9 10 32 16 12 6 10 5 23 56 19 0 1 12 19 4 23 65 33 11 4 14 48 47 48 19 4 14 10 44 38 39 9 19 33 7 13 26 15 18 23 19 4 8 15 43 23 39 9 10 32 17 12 6 10 5 23 56 19 0 16 12 19 4 23 65 16 1 5 14 0 4 35 8239928.1179999998
56 19 17 0 19 12 4 23 19 4 8 11 43 38 39 9 56 12 12 9 0 14 4 23 10 32 14 1 10 6 5 23 19 33 13 7 15 26 18 23 19 4 16 15 44 23 39 9 56 19 0 17 12 19 4 23 19 4 10 8 38 43 39 9 65 33 3 4 14 48 47 48 10 32 1 12 6 10 5 23 19 33 13 11 15 26 18 23 19 4 15 14 23 44 39 9 56 19 16 0 19 12 4 23 19 4 17 7 43 38 39 9 65 16 5 8 0 14 4 35 10 32 1 12 6 10 5 23 19 33 3 13 26 15 18 23 19 4 14 15 44 23 39 9 56 19 16 0 19 12 4 23 65 33 4 11 48 14 47 48 8241145.3322500000
65 33 11 4 14 48 47 48 56 19 1 0 19 12 4 23 19 4 10 8 38 43 39 9 10 32 17 12 6 10 5 23 19 33 7 13 26 15 18 23 65 16 16 5 14 0 4 35 19 4 15 14 23 44 39 9 56 19 0 1 12 19 4 23 19 4 8 11 43 38 39 9 10 32 12 17 10 6 5 23 19 33 3 13 26 15 18 23 65 12 6 19 14 48 4 11 19 4 15 16 23 44 39 9 56 19 1 0 19 12 4 23 19 4 8 10 43 38 39 9 10 32 14 17 10 6 5 23 19 33 11 13 26 15 18 23 65 16 12 5 48 0 4 35 19 4 15 16 23 44 39 9 56 19 0 1 12 19 4 23 8242043.0860000001
56 19 0 8 12 19 4 23 19 4 15 1 23 44 39 9 56 12 14 18 0 14 4 23 10 32 16 12 6 10 5 23 19 33 13 7 15 26 18 23 19 4 10 17 38 43 39 9 56 19 8 0 19 12 4 23 65 12 19 6 48 14 4 11 19 4 15 1 23 44 39 9 10 32 16 14 6 10 5 23 19 33 13 3 15 26 18 23 19 4 11 17 38 43 39 9 56 19 0 8 12 19 4 23 65 16 12 5 48 0 4 35 19 4 1 15 44 23 39 9 10 32 16 14 6 10 5 23 19 33 13 7 15 26 18 23 19 4 10 17 38 43 39 9 56 19 8 0 19 12 4 23 65 33 4 3 48 14 47 48 8243393.2157499995
65 16 5 16 0 14 4 35 56 19 0 1 12 19 4 23 10 32 14 8 10 6 5 23 19 4 11 17 38 44 39 9 19 33 13 3 15 26 18 23 65 33 7 4 14 48 47 48 19 4 16 15 43 23 39 9 56 19 1 0 19 12 4 23 10 32 8 12 6 10 5 23 19 4 10 14 38 44 39 9 19 33 11 13 26 15 18 23 65 12 19 6 48 14 4 11 19 4 15 17 23 43 39 9 56 19 0 16 12 19 4 23 10 32 8 12 6 10 5 23 19 4 1 10 44 38 39 9 19 33 7 13 26 15 18 23 65 16 5 14 0 48 4 35 19 4 15 17 23 43 39 9 56 19 0 16 12 19 4 23 8243955.5737500004
56 12 14 9 0 14 4 23 56 19 8 0 19 12 4 23 19 4 15 17 23 43 39 9 19 4 11 12 38 44 39 9 19 33 7 13 26 15 18 23 65 12 19 6 48 14 4 11 10 32 1 14 6 10 5 23 56 19 16 0 19 12 4 23 19 4 15 8 23 43 39 9 19 4 10 12 38 44 39 9 19 33 13 3 15 26 18 23 65 16 17 5 14 0 4 35 10 32 1 14 6 10 5 23 56 19 16 0 19 12 4 23 19 4 8 15 43 23 39 9 19 4 12 11 44 38 39 9 19 33 13 7 15 26 18 23 65 12 19 6 48 14 4 11 10 32 17 14 6 10 5 23 56 19 0 1 12 19 4 23 8245870.3870000001
65 33 4 3 48 14 47 48 56 19 8 0 19 12 4 23 19 33 11 13 26 15 18 23 19 4 15 16 23 43 39 9 19 4 7 17 38 44 39 9 10 32 12 1 10 6 5 23 65 16 5 14 0 48 4 35 56 19 0 8 12 19 4 23 19 33 13 3 15 26 18 23 19 4 15 16 23 43 39 9 19 4 10 17 38 44 39 9 10 32 1 12 6 10 5 23 65 12 6 19 14 48 4 11 56 19 0 8 12 19 4 23 19 33 13 11 15 26 18 23 19 4 7 15 38 23 39 9 19 4 16 17 44 43 39 9 10 32 14 1 10 6 5 23 65 16 5 12 0 48 4 35 56 19 0 8 12 19 4 23 8247710.9539999999
65 33 2 3 48 14 47 11 56 19 0 16 12 19 4 23 19 4 15 8 23 43 39 9 19 33 13 7 15 26 18 23 10 32 14 17 10 6 5 23 19 4 12 10 44 38 39 9 65 33 11 4 14 48 47 48 56 19 1 0 19 12 4 23 19 4 15 16 23 43 39 9 19 33 3 13 26 15 18 23 10 32 17 14 6 10 5 23 65 16 5 12 0 48 4 35 19 4 10 8 38 44 39 9 56 19 0 1 12 19 4 23 19 4 15 16 23 43 39 9 19 33 7 13 26 15 18 23 10 32 17 14 6 10 5 23 56 12 9 12 14 0 4 23 19 4 11 8 38 44 39 9 56 19 0 1 12 19 4 23 8247825.6492499998
56 19 0 16 12 19 4 23 19 33 7 13 26 15 18 23 65 16 5 12 0 48 4 35 19 4 15 8 23 43 39 9 10 32 17 14 6 10 5 23 19 4 11 1 38 44 39 9 56 19 0 16 12 19 4 23 19 33 3 13 26 15 18 23 65 12 6 19 14 48 4 11 19 4 15 8 23 43 39 9 10 32 12 17 10 6 5 23 19 4 14 10 44 38 39 9 56 19 0 1 12 19 4 23 19 33 11 13 26 15 18 23 65 33 3 4 14 48 47 48 19 4 15 16 23 43 39 9 10 32 12 8 10 6 5 23 19 4 7 17 38 44 39 9 56 19 1 0 19 12 4 23 65 16 14 5 48 0 4 35 8233828.3285000008
56 19 0 1 12 19 4 23 19 4 12 10 44 38 39 9 65 16 16 5 14 0 4 35 19 33 11 13 26 15 18 23 10 32 14 17 10 6 5 23 19 4 8 15 43 23 39 9 56 19 0 1 12 19 4 23 19 4 7 12 38 44 39 9 65 12 6 19 14 48 4 11 19 33 3 13 26 15 18 23 10 32 14 16 10 6 5 23 19 4 15 17 23 43 39 9 56 19 8 0 19 12 4 23 19 4 10 1 38 44 39 9 65 33 7 4 14 48 47 48 19 33 11 13 26 15 18 23 10 32 12 16 10 6 5 23 19 4 15 17 23 43 39 9 56 19 0 8 12 19 4 23 65 16 5 14 0 48 4 35 8236080.5779999997
65 33 4 3 48 14 47 48 56 19 1 0 19 12 4 23 19 4 14 11 44 38 39 9 10 32 12 8 10 6 5 23 19 33 7 13 26 15 18 23 65 16 17 5 14 0 4 35 19 4 15 16 23 43 39 9 56 19 0 1 12 19 4 23 19 4 14 10 44 38 39 9 10 32 8 12 6 10 5 23 19 33 13 3 15 26 18 23 65 12 6 19 14 48 4 11 19 4 15 17 23 43 39 9 56 19 0 16 12 19 4 23 19 4 1 11 44 38 39 9 10 32 8 14 6 10 5 23 19 33 7 13 26 15 18 23 65 16 5 12 0 48 4 35 19 4 15 17 23 43 39 9 56 19 0 16 12 19 4 23 8237543.0865000002
56 19 1 0 19 12 4 23 19 4 10 8 38 44 39 9 65 33 4 3 48 14 47 48 19 33 13 11 15 26 18 23 19 4 15 17 23 43 39 9 10 32 16 12 6 10 5 23 56 19 1 0 19 12 4 23 65 16 14 5 48 0 4 35 19 4 7 8 38 44 39 9 19 33 3 13 26 15 18 23 19 4 15 17 23 43 39 9 10 32 16 12 6 10 5 23 56 19 0 1 12 19 4 23 65 33 11 4 14 48 47 48 19 4 14 10 44 38 39 9 19 33 7 13 26 15 18 23 19 4 8 15 43 23 39 9 10 32 17 12 6 10 5 23 56 19 0 16 12 19 4 23 65 16 1 5 14 0 4 35 8239928.1179999998
56 19 17 0 19 12 4 23 19 4 8 11 43 38 39 9 56 12 12 9 0 14 4 23 10 32 14 1 10 6 5 23 19 33 13 7 15 26 18 23 19 4 16 15 44 23 39 9 56 19 0 17 12 19 4 23 19 4 10 8 38 43 39 9 65 33 3 4 14 48 47 48 10 32 1 12 6 10 5 23 19 33 13 11 15 26 18 23 19 4 15 14 23 44 39 9 56 19 16 0 19 12 4 23 19 4 17 7 43 38 39 9 65 16 5 8 0 14 4 35 10 32 1 12 6 10 5 23 19 33 3 13 26 15 18 23 19 4 14 15 44 23 39 9 56 19 16 0 19 12 4 23 65 33 4 11 48 14 47 48 8241145.3322500000
65 33 11 4 14 48 47 48 56 19 1 0 19 12 4 23 19 4 10 8 38 43 39 9 10 32 17 12 6 10 5 23 19 33 7 13 26 15 18 23 65 16 16 5 14 0 4 35 19 4 15 14 23 44 39 9 56 19 0 1 12 19 4 23 19 4 8 11 43 38 39 9 10 32 12 17 10 6 5 23 19 33 3 13 26 15 18 23 65 12 6 19 14 48 4 11 19 4 15 16 23 44 39 9 56 19 1 0 19 12 4 23 19 4 8 10 43 38 39 9 10 32 14 17 10 6 5 23 19 33 11 13 26 15 18 23 65 16 12 5 48 0 4 35 19 4 15 16 23 44 39 9 56 19 0 1 12 19 4 23 8242043.0860000001
56 19 0 8 12 19 4 23 19 4 15 1 23 44 39 9 65 16 14 5 48 0 4 35 10 32 16 12 6 10 5 23 19 33 13 7 15 26 18 23 19 4 10 17 38 43 39 9 56 19 8 0 19 12 4 23 65 12 19 6 48 14 4 11 19 4 15 1 23 44 39 9 10 32 16 14 6 10 5 23 19 33 13 3 15 26 18 23 19 4 11 17 38 43 39 9 56 19 0 8 12 19 4 23 65 16 12 5 48 0 4 35 19 4 1 15 44 23 39 9 10 32 16 14 6 10 5 23 19 33 13 7 15 26 18 23 19 4 10 17 38 43 39 9 56 19 8 0 19 12 4 23 65 33 4 3 48 14 47 48 8243165.9217499997
65 33 11 2 14 48 4 11 56 19 0 1 12 19 4 23 19 4 16 10 44 38 39 9 19 33 7 13 26 15 18 23 10 32 8 12 6 10 5 23 19 4 15 17 23 43 39 9 56 12 14 9 0 14 4 23 56 19 1 0 19 12 4 23 19 4 16 11 44 38 39 9 19 33 13 3 15 26 18 23 10 32 8 12 6 10 5 23 19 4 15 17 23 43 39 9 65 12 19 6 48 14 4 11 56 19 0 1 12 19 4 23 19 4 14 10 44 38 39 9 19 33 11 13 26 15 18 23 10 32 8 12 6 10 5 23 65 16 5 16 0 14 4 35 19 4 15 17 23 43 39 9 56 19 1 0 19 12 4 23 8243642.9872500002
65 16 12 5 48 0 4 35 56 19 0 1 12 19 4 23 10 32 14 8 10 6 5 23 19 4 15 17 23 43 39 9 19 4 11 16 38 44 39 9 65 33 7 4 14 48 47 48 19 33 3 13 26 15 18 23 56 19 0 1 12 19 4 23 10 32 8 12 6 10 5 23 19 4 15 17 23 43 39 9 19 4 14 10 44 38 39 9 65 12 6 19 14 48 4 11 19 33 7 13 26 15 18 23 56 19 0 1 12 19 4 23 10 32 12 16 10 6 5 23 19 4 15 17 23 43 39 9 19 4 14 11 44 38 39 9 65 16 8 5 14 0 4 35 19 33 3 13 26 15 18 23 56 19 1 0 19 12 4 23 8245440.5707499990
56 12 14 9 0 14 4 23 56 19 8 0 19 12 4 23 19 4 15 17 23 43 39 9 19 4 11 12 38 44 39 9 19 33 7 13 26 15 18 23 65 12 19 6 48 14 4 11 10 32 1 14 6 10 5 23 56 19 16 0 19 12 4 23 19 4 15 8 23 43 39 9 19 4 10 12 38 44 39 9 19 33 13 3 15 26 18 23 65 16 17 5 14 0 4 35 10 32 1 14 6 10 5 23 56 19 16 0 19 12 4 23 19 4 8 15 43 23 39 9 19 4 12 11 44 38 39 9 19 33 13 7 15 26 18 23 65 12 19 6 48 14 4 11 10 32 17 14 6 10 5 23 56 19 0 1 12 19 4 23 8245870.3870000001
56 19 0 16 12 19 4 23 19 33 7 13 26 15 18 23 65 16 5 12 0 48 4 35 19 4 15 8 23 43 39 9 10 32 17 14 6 10 5 23 19 4 11 1 38 44 39 9 56 19 0 16 12 19 4 23 19 33 3 13 26 15 18 23 65 12 6 19 14 48 4 11 19 4 15 8 23 43 39 9 10 32 12 17 10 6 5 23 19 4 14 10 44 38 39 9 56 19 0 1 12 19 4 23 19 33 11 13 26 15 18 23 65 33 3 4 14 48 47 48 19 4 15 16 23 43 39 9 10 32 12 8 10 6 5 23 19 4 7 17 38 44 39 9 56 19 1 0 19 12 4 23 65 16 14 5 48 0 4 35 8233828.3285000008
56 19 0 1 12 19 4 23 19 4 12 10 44 38 39 9 65 16 16 5 14 0 4 35 19 33 11 13 26 15 18 23 10 32 14 17 10 6 5 23 19 4 8 15 43 23 39 9 56 19 0 1 12 19 4 23 19 4 7 12 38 44 39 9 65 12 6 19 14 48 4 11 19 33 3 13 26 15 18 23 10 32 14 16 10 6 5 23 19 4 15 17 23 43 39 9 56 19 8 0 19 12 4 23 19 4 10 1 38 44 39 9 65 33 7 4 14 48 47 48 19 33 11 13 26 15 18 23 10 32 12 16 10 6 5 23 19 4 15 17 23 43 39 9 56 19 0 8 12 19 4 23 65 16 5 14 0 48 4 35 8236080.5779999997
65 33 4 3 48 14 47 48 56 19 1 0 19 12 4 23 19 4 14 11 44 38 39 9 10 32 12 8 10 6 5 23 19 33 7 13 26 15 18 23 65 16 17 5 14 0 4 35 19 4 15 16 23 43 39 9 56 19 0 1 12 19 4 23 19 4 14 10 44 38 39 9 10 32 8 12 6 10 5 23 19 33 13 3 15 26 18 23 65 12 6 19 14 48 4 11 19 4 15 17 23 43 39 9 56 19 0 16 12 19 4 23 19 4 1 11 44 38 39 9 10 32 8 14 6 10 5 23 19 33 7 13 26 15 18 23 65 16 5 12 0 48 4 35 19 4 15 17 23 43 39 9 56 19 0 16 12 19 4 23 8237543.0865000002
56 19 1 0 19 12 4 23 19 4 10 8 38 44 39 9 65 12 6 19 14 48 4 11 19 33 13 11 15 26 18 23 19 4 15 17 23 43 39 9 10 32 16 12 6 10 5 23 56 19 1 0 19 12 4 23 65 16 14 5 48 0 4 35 19 4 7 8 38 44 39 9 19 33 3 13 26 15 18 23 19 4 15 17 23 43 39 9 10 32 16 12 6 10 5 23 56 19 0 1 12 19 4 23 65 33 11 4 14 48 47 48 19 4 14 10 44 38 39 9 19 33 7 13 26 15 18 23 19 4 8 15 43 23 39 9 10 32 17 12 6 10 5 23 56 19 0 16 12 19 4 23 65 16 1 5 14 0 4 35 8239523.1669999994
56 19 17 0 19 12 4 23 19 4 8 11 43 38 39 9 56 12 12 9 0 14 4 23 10 32 14 1 10 6 5 23 19 33 13 7 15 26 18 23 19 4 16 15 44 23 39 9 56 19 0 17 12 19 4 23 19 4 10 8 38 43 39 9 65 33 3 4 14 48 47 48 10 32 1 12 6 10 5 23 19 33 13 11 15 26 18 23 19 4 15 14 23 44 39 9 56 19 16 0 19 12 4 23 19 4 17 7 43 38 39 9 65 16 5 8 0 14 4 35 10 32 1 12 6 10 5 23 19 33 3 13 26 15 18 23 19 4 14 15 44 23 39 9 56 19 16 0 19 12 4 23 65 33 4 11 48 14 47 48 8241145.3322500000
56 12 12 9 0 14 4 23 56 19 16 0 19 12 4 23 19 33 13 3 15 26 18 23 19 4 15 17 23 44 39 9 19 4 8 11 43 38 39 9 10 32 1 14 6 10 5 23 65 33 4 7 48 14 47 48 56 19 0 16 12 19 4 23 19 33 3 13 26 15 18 23 19 4 10 12 38 44 39 9 19 4 17 15 43 23 39 9 10 32 1 14 6 10 5 23 65 12 6 19 14 48 4 11 56 19 8 0 19 12 4 23 19 33 11 13 26 15 18 23 19 4 16 7 44 38 39 9 19 4 15 17 23 43 39 9 10 32 1 12 6 10 5 23 65 16 5 14 0 48 4 35 56 19 8 0 19 12 4 23 8241413.2262499994
65 33 11 4 14 48 47 48 56 19 1 0 19 12 4 23 19 4 10 8 38 43 39 9 10 32 17 12 6 10 5 23 19 33 7 13 26 15 18 23 65 16 16 5 14 0 4 35 19 4 15 14 23 44 39 9 56 19 0 1 12 19 4 23 19 4 8 11 43 38 39 9 10 32 12 17 10 6 5 23 19 33 3 13 26 15 18 23 65 12 6 19 14 48 4 11 19 4 15 16 23 44 39 9 56 19 1 0 19 12 4 23 19 4 8 10 43 38 39 9 10 32 14 17 10 6 5 23 19 33 11 13 26 15 18 23 65 16 12 5 48 0 4 35 19 4 15 16 23 44 39 9 56 19 0 1 12 19 4 23 8242043.0860000001
56 19 16 0 19 12 4 23 19 4 15 14 23 44 39 9 65 33 4 3 48 14 47 48 19 4 7 17 38 43 39 9 19 33 13 11 15 26 18 23 10 32 1 12 6 10 5 23 56 19 0 8 12 19 4 23 19 4 16 15 44 23 39 9 56 12 14 9 0 14 4 23 19 4 10 17 38 43 39 9 19 33 13 7 15 26 18 23 10 32 1 12 6 10 5 23 56 19 8 0 19 12 4 23 65 33 3 4 14 48 47 48 19 4 15 16 23 44 39 9 19 4 17 10 43 38 39 9 19 33 13 11 15 26 18 23 10 32 1 14 6 10 5 23 56 19 8 0 19 12 4 23 65 16 5 12 0 48 4 35 8242853.1169999996
56 19 0 8 12 19 4 23 19 4 15 1 23 44 39 9 65 16 14 5 48 0 4 35 10 32 16 12 6 10 5 23 19 33 13 7 15 26 18 23 19 4 10 17 38 43 39 9 56 19 8 0 19 12 4 23 65 12 19 6 48 14 4 11 19 4 15 1 23 44 39 9 10 32 16 14 6 10 5 23 19 33 13 3 15 26 18 23 19 4 11 17 38 43 39 9 56 19 0 8 12 19 4 23 65 16 12 5 48 0 4 35 19 4 1 15 44 23 39 9 10 32 16 14 6 10 5 23 19 33 13 7 15 26 18 23 19 4 10 17 38 43 39 9 56 19 8 0 19 12 4 23 65 33 4 3 48 14 47 48 8243165.9217499997
65 33 11 2 14 48 4 11 56 19 0 1 12 19 4 23 19 4 16 10 44 38 39 9 19 33 7 13 26 15 18 23 10 32 8 12 6 10 5 23 19 4 15 17 23 43 39 9 56 12 14 9 0 14 4 23 56 19 1 0 19 12 4 23 19 4 16 11 44 38 39 9 19 33 13 3 15 26 18 23 10 32 8 12 6 10 5 23 19 4 15 17 23 43 39 9 65 12 19 6 48 14 4 11 56 19 0 1 12 19 4 23 19 4 14 10 44 38 39 9 19 33 11 13 26 15 18 23 10 32 8 12 6 10 5 23 65 16 5 16 0 14 4 35 19 4 15 17 23 43 39 9 56 19 1 0 19 12 4 23 8243642.9872500002
