4897604993517.9375000000
4902745264469.1816406250
5032288545200.5966796875
4973747208949.8056640625
4623917481422.9697265625
4698137334483.9794921875
5027639654317.8144531250
4676411704851.8203125000
5077946033952.0195312500
4885942542370.1416015625
4642099575763.2548828125
4648252427729.0019531250
4246641200654.9609375000
4604267206065.0478515625
4193287803612.6655273438
4508798753582.4052734375
4647030911628.0273437500
4849748520793.6650390625
5003923318046.8261718750
4607331781253.9599609375
4685880479856.6376953125
4446279800689.0097656250
5347994164173.2148437500
3645501174461.4438476562
4771508866115.8349609375
4745986908412.3066406250
4922673562306.0009765625
4811023044442.7626953125
4835669091906.1201171875
5293942153185.2998046875
5135748453962.6416015625
4950057693681.1347656250
4694336618140.2001953125
4527750395091.6533203125
4716500737297.0576171875
