5 31 3 12 16 2 5 31 3 12 16 2 12 16 2 5 31 3 5 30 3 17 18 2 5 30 3 1 2 11 17 9 2 0 2 7 13 6 3 1 2 7 6 2 7 17 9 2 1 2 7 0 2 7 1 2 7 1 2 7 0 2 7 1 2 7 16 19 11 1 2 4 17 18 2 1 2 7 0 2 1 0 2 7 0 2 7 0 2 7 0 2 7 1 2 7 1 2 7 0 2 7 1 2 11 0 2 3 0 2 7 0 2 7 0 2 4 6 2 7 6 2 7 0 2 7 0 2 7 0 2 3 0 2 7 16 6 2 0 2 4 12 16 2 0 2 7 0 2 7 1 2 4 1 2 7 0 2 7 0 2 7 0 2 7 17 18 2 0 2 7 0 2 4 0 2 7 13 6 3 0 61.3214654326438904
12 16 2 5 30 3 0 2 7 5 30 3 12 16 2 12 16 2 1 2 7 0 2 7 0 2 7 16 19 11 0 2 7 0 2 7 1 2 7 1 2 7 0 2 7 1 2 7 0 2 7 0 2 11 0 2 7 0 2 7 0 2 7 5 30 3 5 30 3 1 2 7 0 2 7 1 2 7 16 15 2 8 18 2 0 2 3 0 2 7 17 9 2 5 30 3 0 2 7 1 2 7 0 2 7 8 9 2 0 2 7 8 18 2 1 2 7 1 2 7 0 2 7 0 2 7 0 2 4 1 2 7 0 2 7 0 2 7 5 30 3 0 2 7 17 18 2 6 2 7 0 2 7 17 18 2 0 2 7 5 31 3 0 2 7 0 2 4 16 19 11 16 19 11 0 2 7 8 9 2 0 62.8242211937904358
12 16 2 5 30 3 12 16 2 5 30 3 12 16 2 12 16 2 0 2 3 0 2 7 0 2 3 0 2 7 16 19 11 0 2 3 0 2 7 0 2 3 0 2 3 0 2 7 1 2 7 0 2 7 0 2 4 1 2 3 1 2 1 0 2 7 0 2 7 0 2 3 0 2 3 0 2 3 0 2 11 0 2 7 0 2 7 0 2 11 1 2 11 0 2 4 5 30 3 0 2 3 0 2 3 5 30 3 1 2 7 0 2 7 1 2 7 6 2 3 16 6 2 0 2 3 8 18 2 1 2 7 6 2 7 1 2 1 0 2 7 17 9 2 1 2 3 5 30 3 0 2 3 0 2 7 0 2 3 16 18 11 1 2 3 16 18 11 5 31 3 16 9 11 17 18 2 1 2 1 0 64.5764267444610596
8 18 2 12 16 2 16 6 2 0 2 10 12 16 2 0 2 7 12 16 2 0 2 3 0 2 7 0 2 11 5 30 3 5 30 3 0 2 3 5 30 3 0 2 7 0 2 11 0 2 7 0 2 3 16 19 11 5 30 3 0 2 11 5 30 3 12 16 2 5 30 3 1 2 7 1 2 7 8 18 2 16 19 11 12 16 2 0 2 7 1 2 7 0 2 7 0 2 7 0 2 7 0 2 7 16 19 11 0 2 3 0 2 7 12 16 2 0 2 11 5 30 3 5 30 3 1 2 3 0 2 11 0 2 7 1 2 7 16 6 2 0 2 7 0 2 7 8 18 2 8 9 2 6 2 7 0 2 7 0 2 3 0 2 3 0 2 3 16 19 11 0 2 3 16 6 2 0 2 3 0 64.7148762345314026
8 9 2 5 30 3 5 30 3 12 16 2 5 30 3 5 30 3 8 18 2 5 30 3 5 30 3 0 2 7 0 2 3 0 2 7 0 2 3 12 16 2 5 30 3 0 2 8 0 2 7 0 2 3 1 2 8 0 2 8 0 2 8 0 2 8 0 2 8 16 15 2 0 2 8 12 16 2 8 18 2 1 2 8 0 2 8 8 18 2 16 6 2 8 18 2 0 2 7 12 16 2 16 19 11 1 2 8 0 2 7 0 2 7 0 2 3 0 2 8 0 2 7 16 19 12 5 30 3 0 2 8 0 2 3 0 2 7 0 2 8 16 6 2 0 2 7 1 2 7 17 18 2 0 2 8 0 2 7 16 19 12 0 2 7 0 2 8 1 2 8 12 16 2 8 9 2 0 2 7 0 66.1905248165130615
0 2 8 0 2 8 16 19 1 1 2 8 0 2 8 0 2 8 8 9 2 0 2 8 8 9 2 5 30 3 8 9 2 8 18 2 8 18 2 5 30 3 0 2 8 0 2 8 8 18 2 5 30 3 0 2 8 16 19 12 8 18 2 0 2 8 1 2 8 0 2 8 12 16 2 5 30 3 0 2 8 5 30 3 8 9 2 12 16 2 16 19 12 12 16 2 0 2 8 0 2 8 12 16 2 0 2 8 0 2 8 0 2 8 16 19 12 5 30 3 16 19 12 16 19 12 0 2 8 0 2 8 0 2 8 0 2 8 0 2 8 5 30 3 0 2 8 0 2 8 0 2 8 16 19 12 5 30 3 0 2 8 0 2 8 1 2 8 1 2 8 8 9 2 8 9 2 0 2 8 0.00154581093833113773 69.4051613807678223
8 18 2 5 31 3 12 16 2 16 6 2 1 2 7 12 16 2 0 2 7 12 16 2 0 2 7 0 2 7 0 2 7 5 30 3 5 30 3 0 2 7 5 30 3 0 2 7 1 2 7 0 2 7 0 2 7 0 2 7 16 19 11 5 30 3 0 2 7 5 30 3 8 9 2 5 30 3 8 9 2 5 31 3 0 2 4 8 18 2 1 2 7 0 2 11 6 2 8 0 2 4 8 18 2 16 19 12 0 2 1 0 2 4 12 16 2 1 2 8 8 18 2 8 9 2 0 2 7 0 2 8 1 2 7 13 6 3 0 2 7 0 2 8 0 2 7 0 2 7 0 2 1 17 9 2 1 2 7 16 19 11 16 19 12 1 2 7 0 2 3 6 2 1 0 2 7 0 2 8 0.0101788094916219918 64.662578821182251
0 2 3 0 2 3 5 30 3 5 30 3 12 16 2 16 6 2 1 2 7 17 18 2 12 16 2 0 2 3 0 2 3 12 16 2 12 16 2 1 2 3 12 16 2 8 9 2 0 2 7 0 2 4 0 2 8 0 2 4 0 2 7 0 2 13 0 2 7 5 30 3 5 31 3 0 2 7 0 2 8 0 2 8 16 9 11 8 18 2 5 30 3 8 9 2 1 2 11 8 9 2 1 2 7 0 2 7 0 2 7 0 2 3 6 2 7 16 19 12 1 2 7 1 2 4 5 31 3 0 2 3 1 2 7 0 2 7 0 2 7 5 31 3 0 2 7 0 2 4 5 30 3 16 6 2 1 2 7 0 2 3 0 2 7 0 2 8 1 2 7 12 16 2 0 2 7 0 2 8 0.0142015684625445664 64.8886518478393555
8 9 2 8 9 2 5 30 3 16 19 12 0 2 8 16 15 2 8 9 2 0 2 8 8 9 2 5 30 3 8 9 2 0 2 8 0 2 8 16 19 1 6 2 1 8 18 2 6 2 8 8 18 2 16 15 2 8 18 2 8 9 2 8 9 2 8 18 2 5 30 3 0 2 8 12 16 2 0 2 1 8 9 2 8 18 2 6 2 8 8 18 2 0 2 8 8 18 2 0 2 1 0 2 8 1 2 8 5 30 3 0 2 1 8 9 2 8 9 2 16 19 12 6 2 8 0 2 8 0 2 1 0 2 8 16 19 1 0 2 8 0 2 8 16 19 12 8 18 2 0 2 1 0 2 8 5 30 3 8 18 2 5 30 3 5 30 3 8 18 2 0 2 8 1 2 8 8 18 2 0.037747481860475246 67.8953555822372437
8 9 2 5 30 3 5 30 3 12 16 2 5 30 3 5 30 3 8 18 2 5 30 3 5 30 3 8 18 2 16 19 1 0 2 8 0 2 7 8 18 2 16 15 2 0 2 7 0 2 7 8 18 2 8 9 2 16 19 12 0 2 7 12 16 2 8 18 2 5 30 3 1 2 8 6 2 1 5 31 3 1 2 7 8 9 2 8 18 2 0 2 7 8 9 2 16 19 12 5 31 3 0 2 1 0 2 7 8 9 2 0 2 11 16 19 11 1 2 7 0 2 8 16 30 2 0 2 7 0 2 8 8 18 2 8 18 2 0 2 7 0 2 7 16 6 2 6 2 8 1 2 8 0 2 8 0 2 7 0 2 8 0 2 1 0 2 8 8 9 2 12 16 2 8 9 2 1 2 10 0.0539340732399235731 65.9581714868545532
5 31 3 12 16 2 5 31 3 12 16 2 12 16 2 5 30 3 5 30 3 17 18 2 5 30 3 1 2 7 17 9 2 1 2 7 13 6 3 13 6 3 0 2 4 17 9 2 1 2 7 1 2 7 0 2 7 1 2 7 0 2 7 1 2 11 16 19 11 1 2 7 17 18 2 1 2 7 0 2 7 0 2 7 0 2 7 0 2 3 0 2 7 1 2 7 0 2 7 0 2 7 1 2 7 0 2 7 0 2 7 0 2 7 0 2 7 0 2 7 1 2 7 1 2 7 0 2 7 1 2 7 0 2 7 16 30 2 0 2 7 12 16 2 0 2 7 0 2 3 6 2 7 1 2 7 0 2 7 0 2 7 0 2 7 17 18 2 1 2 7 0 2 7 0 2 7 13 6 3 0 60.6564323306083679
5 30 3 5 30 3 0 2 4 5 30 3 12 16 2 0 2 7 12 16 2 0 2 7 1 2 7 1 2 7 17 18 2 0 2 7 1 2 7 17 18 2 0 2 4 0 2 7 0 2 7 0 2 7 0 2 7 0 2 7 1 2 7 1 2 3 12 16 2 6 2 7 16 19 11 1 2 4 1 2 4 1 2 11 0 2 7 0 2 7 0 2 7 0 2 4 8 18 2 5 31 3 12 16 2 16 20 12 1 2 7 0 2 7 0 2 7 0 2 4 0 2 7 0 2 3 16 6 2 0 2 7 0 2 7 1 2 7 12 16 2 1 2 4 17 9 2 0 2 7 0 2 11 13 6 3 17 9 2 0 2 7 0 2 1 0 2 7 5 31 3 5 31 3 0 2 4 6 2 7 0 62.1399484872817993
12 16 2 5 31 3 12 16 2 5 30 3 12 16 2 1 2 7 0 2 7 0 2 10 0 2 7 16 9 11 0 2 7 1 2 7 0 2 3 0 2 7 0 2 4 1 2 4 0 2 7 17 18 2 0 2 3 0 2 4 0 2 7 1 2 7 0 2 3 0 2 7 0 2 7 0 2 3 0 2 3 5 30 3 0 2 7 0 2 7 5 31 3 1 2 3 1 2 7 1 2 4 16 6 2 0 2 7 1 2 7 1 2 7 17 9 2 0 2 3 5 30 3 0 2 4 0 2 4 1 2 7 12 16 2 0 2 7 1 2 3 0 2 3 0 2 3 8 9 2 17 18 2 0 2 4 1 2 7 0 2 7 1 2 4 16 18 11 1 2 3 16 19 11 1 2 4 0 2 4 0 62.7351466417312622
1 2 7 16 19 11 1 2 11 1 2 7 0 2 7 0 2 7 12 16 2 0 2 7 0 2 10 0 2 7 12 16 2 0 2 7 0 2 7 0 2 7 0 2 7 0 2 7 0 2 11 0 2 7 5 30 3 0 2 7 0 2 7 5 30 3 6 2 7 5 30 3 5 30 3 0 2 4 5 30 3 5 30 3 1 2 7 0 2 7 0 2 7 17 18 2 0 2 7 1 2 11 5 30 3 0 2 7 1 2 7 17 18 2 16 19 11 17 9 2 1 2 7 0 2 7 16 6 2 5 31 3 8 18 2 1 2 7 0 2 7 8 18 2 0 2 7 0 2 7 0 2 7 0 2 3 0 2 7 16 19 11 1 2 7 0 2 7 1 2 11 8 9 2 0 2 3 0 2 7 0 63.1438730359077454
5 30 3 5 30 3 1 2 7 5 30 3 12 16 2 5 30 3 5 30 3 5 30 3 17 9 2 16 19 12 12 16 2 1 2 3 0 2 7 0 2 7 6 2 11 8 9 2 0 2 3 0 2 1 17 18 2 0 2 7 0 2 3 8 18 2 0 2 3 16 6 2 17 18 2 1 2 7 1 2 7 1 2 7 0 2 3 0 2 12 0 2 11 0 2 7 0 2 7 0 2 7 1 2 11 0 2 11 0 2 12 1 2 11 1 2 7 12 16 2 0 2 4 16 19 11 0 2 7 0 2 3 1 2 7 0 2 7 16 19 11 1 2 7 0 2 3 0 2 7 8 18 2 0 2 8 0 2 7 0 2 3 5 30 3 0 2 3 8 18 2 0 2 11 0 2 7 0 2 4 0 64.4678026437759399
12 16 2 5 30 3 12 16 2 5 30 3 12 16 2 12 16 2 0 2 3 0 2 7 0 2 3 0 2 7 16 19 11 0 2 3 0 2 7 0 2 3 0 2 3 0 2 7 1 2 7 0 2 7 0 2 4 1 2 3 1 2 1 0 2 7 0 2 7 0 2 3 0 2 3 0 2 3 0 2 11 0 2 7 0 2 7 0 2 11 1 2 11 0 2 4 5 30 3 0 2 3 0 2 3 5 30 3 1 2 7 0 2 7 1 2 7 6 2 3 16 6 2 0 2 3 8 18 2 1 2 7 6 2 7 1 2 1 0 2 7 17 9 2 1 2 3 5 30 3 0 2 3 0 2 7 0 2 3 16 18 11 1 2 3 16 18 11 5 31 3 16 9 11 17 18 2 1 2 1 0 64.5764267444610596
8 9 2 5 30 3 5 30 3 12 16 2 5 30 3 5 30 3 8 18 2 5 30 3 5 30 3 0 2 7 0 2 3 0 2 7 0 2 3 12 16 2 5 30 3 0 2 8 0 2 7 0 2 3 1 2 8 0 2 8 0 2 8 0 2 8 0 2 8 16 15 2 0 2 8 12 16 2 8 18 2 1 2 8 0 2 8 8 18 2 16 6 2 8 18 2 0 2 7 12 16 2 16 19 11 1 2 8 0 2 7 0 2 7 0 2 3 0 2 8 0 2 7 16 19 12 5 30 3 0 2 8 0 2 3 0 2 7 0 2 8 16 6 2 0 2 7 1 2 7 17 18 2 0 2 8 0 2 7 16 19 12 0 2 7 0 2 8 1 2 8 12 16 2 8 9 2 0 2 7 0 66.1905248165130615
12 16 2 12 16 2 5 30 3 12 16 2 5 30 3 5 30 3 12 16 2 8 9 2 5 31 3 1 2 7 8 9 2 0 2 10 0 2 8 16 9 11 0 2 7 16 19 1 16 19 12 0 2 7 5 30 3 5 30 3 0 2 8 17 18 2 1 2 8 0 2 8 0 2 7 1 2 7 0 2 3 0 2 7 16 19 12 8 9 2 0 2 3 0 2 7 0 2 7 0 2 8 0 2 8 1 2 7 1 2 4 16 6 2 0 2 8 1 2 7 1 2 7 17 9 2 0 2 8 0 2 4 0 2 8 0 2 8 0 2 7 1 2 3 0 2 3 1 2 8 8 18 2 0 2 8 1 2 7 0 2 8 8 18 2 0 2 8 8 9 2 0 2 8 0 2 8 5 30 3 0.000401038480088224375 65.9412714838981628
0 2 8 0 2 8 16 19 1 1 2 8 0 2 8 0 2 8 8 9 2 0 2 8 8 9 2 5 30 3 8 9 2 8 18 2 8 18 2 5 30 3 0 2 8 0 2 8 8 18 2 5 30 3 0 2 8 16 19 12 8 18 2 0 2 8 1 2 8 0 2 8 12 16 2 5 30 3 0 2 8 5 30 3 8 9 2 12 16 2 16 19 12 12 16 2 0 2 8 0 2 8 12 16 2 0 2 8 0 2 8 0 2 8 16 19 12 5 30 3 16 19 12 16 19 12 0 2 8 0 2 8 0 2 8 0 2 8 0 2 8 5 30 3 0 2 8 0 2 8 0 2 8 16 19 12 5 30 3 0 2 8 0 2 8 1 2 8 1 2 8 8 9 2 8 9 2 0 2 8 0.00154581093833113773 69.4051613807678223
8 18 2 5 31 3 12 16 2 16 6 2 1 2 7 12 16 2 0 2 7 12 16 2 0 2 7 0 2 7 0 2 7 5 30 3 5 30 3 0 2 7 5 30 3 0 2 7 1 2 7 0 2 7 0 2 7 0 2 7 16 19 11 5 30 3 0 2 7 5 30 3 8 9 2 5 30 3 8 9 2 5 31 3 0 2 4 8 18 2 1 2 7 0 2 11 6 2 8 0 2 4 8 18 2 16 19 12 0 2 1 0 2 4 12 16 2 1 2 8 8 18 2 8 9 2 0 2 7 0 2 8 1 2 7 13 6 3 0 2 7 0 2 8 0 2 7 0 2 7 0 2 1 17 9 2 1 2 7 16 19 11 16 19 12 1 2 7 0 2 3 6 2 1 0 2 7 0 2 8 0.0101788094916219918 64.662578821182251
5 31 3 12 16 2 12 16 2 12 16 2 5 30 3 5 31 3 17 18 2 5 30 3 1 2 7 17 9 2 1 2 7 13 6 3 0 2 7 17 9 2 1 2 7 1 2 7 0 2 4 1 2 7 0 2 4 0 2 7 1 2 7 0 2 7 0 2 7 0 2 7 0 2 7 0 2 7 0 2 7 0 2 7 0 2 7 1 2 7 0 2 7 0 2 7 0 2 7 0 2 7 0 2 7 16 30 2 0 2 7 12 16 2 0 2 7 0 2 7 0 2 7 0 2 7 0 2 7 0 2 7 17 9 2 13 6 3 1 2 7 17 18 2 5 30 3 1 2 7 6 2 7 1 2 7 1 2 7 5 31 3 1 2 7 1 2 7 1 2 7 16 6 2 0 2 7 13 6 3 0 60.3324564099311829
5 31 3 12 16 2 5 30 3 12 16 2 12 16 2 5 31 3 0 2 4 17 18 2 5 31 3 6 2 7 17 9 2 6 2 7 6 2 7 0 2 4 0 2 4 0 2 7 0 2 4 1 2 7 5 30 3 17 18 2 0 2 4 0 2 7 0 2 7 0 2 7 0 2 7 0 2 7 0 2 7 5 31 3 0 2 4 1 2 7 0 2 7 0 2 3 0 2 7 1 2 4 0 2 7 1 2 4 0 2 7 0 2 7 1 2 7 0 2 7 0 2 7 1 2 7 1 2 7 1 2 7 0 2 7 0 2 7 17 9 2 16 19 11 16 6 2 0 2 7 12 16 2 0 2 7 0 2 7 16 15 2 1 2 3 6 2 3 1 2 7 0 2 7 6 2 7 13 6 3 0 61.5824655294418335
5 30 3 5 31 3 12 16 2 5 30 3 0 2 3 0 2 3 1 2 7 0 2 7 12 16 2 0 2 7 12 16 2 0 2 7 0 2 7 16 20 12 0 2 7 0 2 7 0 2 7 0 2 11 0 2 3 0 2 7 17 18 2 0 2 7 0 2 3 0 2 7 0 2 3 0 2 7 13 6 3 5 30 3 1 2 7 1 2 3 0 2 3 0 2 3 1 2 7 1 2 3 16 30 2 0 2 3 17 9 2 0 2 7 0 2 7 1 2 7 1 2 3 5 30 3 0 2 7 0 2 7 0 2 7 5 30 3 16 6 2 13 6 3 12 16 2 1 2 3 16 15 2 0 2 7 0 2 3 8 18 2 1 2 7 0 2 7 1 2 7 1 2 7 1 2 7 17 9 2 0 62.0504895448684692
5 30 3 12 16 2 5 30 3 0 2 7 1 2 7 0 2 7 0 2 7 12 16 2 0 2 7 12 16 2 0 2 7 0 2 7 0 2 7 0 2 7 0 2 7 0 2 7 1 2 4 1 2 7 8 18 2 1 2 7 1 2 7 1 2 7 0 2 7 0 2 7 5 30 3 0 2 7 0 2 7 0 2 7 1 2 3 1 2 7 0 2 7 17 9 2 1 2 7 1 2 7 5 30 3 16 15 2 1 2 7 0 2 7 1 2 7 0 2 7 16 19 11 8 18 2 13 6 3 8 18 2 0 2 7 5 30 3 0 2 8 0 2 11 15 2 11 17 18 2 16 19 11 0 2 7 0 2 7 0 2 7 17 9 2 0 2 7 5 30 3 0 2 7 0 2 7 17 9 2 0 62.1633962392807007
5 30 3 5 30 3 1 2 7 5 30 3 12 16 2 5 30 3 5 30 3 5 30 3 17 9 2 16 19 12 12 16 2 1 2 3 0 2 7 0 2 7 6 2 11 8 9 2 0 2 3 0 2 1 17 18 2 0 2 7 0 2 3 8 18 2 0 2 3 16 6 2 17 18 2 1 2 7 1 2 7 1 2 7 0 2 3 0 2 12 0 2 11 0 2 7 0 2 7 0 2 7 1 2 11 0 2 11 0 2 12 1 2 11 1 2 7 12 16 2 0 2 4 16 19 11 0 2 7 0 2 3 1 2 7 0 2 7 16 19 11 1 2 7 0 2 3 0 2 7 8 18 2 0 2 8 0 2 7 0 2 3 5 30 3 0 2 3 8 18 2 0 2 11 0 2 7 0 2 4 0 64.4678026437759399
12 16 2 5 30 3 12 16 2 5 30 3 12 16 2 12 16 2 0 2 3 0 2 7 0 2 3 0 2 7 16 19 11 0 2 3 0 2 7 0 2 3 0 2 3 0 2 7 1 2 7 0 2 7 0 2 4 1 2 3 1 2 1 0 2 7 0 2 7 0 2 3 0 2 3 0 2 3 0 2 11 0 2 7 0 2 7 0 2 11 1 2 11 0 2 4 5 30 3 0 2 3 0 2 3 5 30 3 1 2 7 0 2 7 1 2 7 6 2 3 16 6 2 0 2 3 8 18 2 1 2 7 6 2 7 1 2 1 0 2 7 17 9 2 1 2 3 5 30 3 0 2 3 0 2 7 0 2 3 16 18 11 1 2 3 16 18 11 5 31 3 16 9 11 17 18 2 1 2 1 0 64.5764267444610596
8 9 2 5 30 3 5 30 3 12 16 2 5 30 3 5 30 3 8 18 2 5 30 3 5 30 3 0 2 7 0 2 3 0 2 7 0 2 3 12 16 2 5 30 3 0 2 8 0 2 7 0 2 3 1 2 8 0 2 8 0 2 8 0 2 8 0 2 8 16 15 2 0 2 8 12 16 2 8 18 2 1 2 8 0 2 8 8 18 2 16 6 2 8 18 2 0 2 7 12 16 2 16 19 11 1 2 8 0 2 7 0 2 7 0 2 3 0 2 8 0 2 7 16 19 12 5 30 3 0 2 8 0 2 3 0 2 7 0 2 8 16 6 2 0 2 7 1 2 7 17 18 2 0 2 8 0 2 7 16 19 12 0 2 7 0 2 8 1 2 8 12 16 2 8 9 2 0 2 7 0 66.1905248165130615
5 30 3 5 30 3 12 16 2 5 30 3 0 2 7 0 2 3 0 2 7 0 2 3 12 16 2 0 2 7 12 16 2 0 2 7 12 16 2 16 19 11 0 2 7 0 2 7 0 2 7 0 2 7 0 2 7 1 2 7 17 18 2 0 2 7 0 2 7 0 2 7 8 9 2 5 30 3 8 18 2 5 30 3 0 2 7 5 30 3 1 2 7 0 2 7 17 9 2 1 2 7 1 2 11 0 2 8 0 2 8 1 2 7 0 2 8 5 31 3 1 2 8 0 2 8 0 2 7 1 2 7 8 18 2 1 2 7 0 2 3 0 2 8 16 19 12 0 2 7 0 2 7 1 2 7 0 2 8 1 2 7 17 18 2 16 19 12 0 2 8 5 31 3 12 16 2 13 6 3 3.34426817489308493e-07 64.7535586357116699
12 16 2 12 16 2 5 30 3 12 16 2 5 30 3 5 30 3 12 16 2 8 9 2 5 31 3 1 2 7 8 9 2 0 2 10 0 2 8 16 9 11 0 2 7 16 19 1 16 19 12 0 2 7 5 30 3 5 30 3 0 2 8 17 18 2 1 2 8 0 2 8 0 2 7 1 2 7 0 2 3 0 2 7 16 19 12 8 9 2 0 2 3 0 2 7 0 2 7 0 2 8 0 2 8 1 2 7 1 2 4 16 6 2 0 2 8 1 2 7 1 2 7 17 9 2 0 2 8 0 2 4 0 2 8 0 2 8 0 2 7 1 2 3 0 2 3 1 2 8 8 18 2 0 2 8 1 2 7 0 2 8 8 18 2 0 2 8 8 9 2 0 2 8 0 2 8 5 30 3 0.000401038480088224375 65.9412714838981628
5 30 3 5 30 3 12 16 2 5 30 3 0 2 7 0 2 7 0 2 7 0 2 7 12 16 2 0 2 7 12 16 2 0 2 7 12 16 2 16 19 11 16 15 2 0 2 7 0 2 7 0 2 7 0 2 7 0 2 7 17 18 2 0 2 7 0 2 7 0 2 7 8 9 2 5 30 3 8 18 2 5 30 3 5 30 3 0 2 3 0 2 7 0 2 7 1 2 7 0 2 3 8 18 2 0 2 7 0 2 7 16 19 11 0 2 7 16 19 11 0 2 7 12 16 2 0 2 7 1 2 7 16 6 2 5 30 3 6 2 3 1 2 3 0 2 10 5 31 3 0 2 7 1 2 7 6 2 7 16 6 2 0 2 7 0 2 11 0 2 7 1 2 7 8 9 2 0 2 7 0 63.5553789734840393
5 31 3 12 16 2 12 16 2 12 16 2 5 30 3 5 31 3 17 18 2 5 30 3 1 2 7 17 9 2 1 2 7 13 6 3 0 2 7 17 9 2 1 2 7 1 2 7 0 2 7 0 2 7 0 2 7 0 2 7 1 2 7 0 2 7 0 2 7 0 2 7 1 2 7 1 2 7 0 2 7 0 2 7 0 2 7 1 2 7 0 2 7 0 2 7 0 2 7 0 2 7 1 2 7 16 30 2 0 2 4 12 16 2 0 2 7 0 2 7 0 2 7 0 2 7 0 2 7 0 2 7 17 9 2 13 6 3 1 2 7 17 18 2 1 2 7 1 2 7 0 2 7 1 2 7 1 2 7 5 31 3 0 2 7 1 2 7 1 2 7 16 6 2 0 2 7 13 6 3 0 60.1149684190750122
5 31 3 12 16 2 5 30 3 12 16 2 12 16 2 0 2 4 17 18 2 16 24 2 0 2 7 0 2 4 0 2 3 0 2 4 0 2 4 1 2 7 5 31 3 17 18 2 0 2 7 0 2 3 0 2 7 0 2 7 0 2 3 1 2 7 1 2 4 0 2 7 0 2 7 1 2 7 0 2 7 1 2 7 1 2 7 1 2 7 0 2 3 0 2 7 1 2 7 1 2 4 1 2 4 1 2 7 17 9 2 17 18 2 0 2 3 1 2 7 1 2 7 13 6 3 0 2 7 5 31 3 0 2 7 1 2 4 0 2 7 0 2 4 0 2 4 0 2 7 0 2 4 0 2 7 16 9 11 12 16 2 1 2 7 0 2 7 17 9 2 1 2 4 1 2 7 1 2 7 0 61.13603276014328
16 31 2 5 30 3 12 16 2 12 16 2 0 2 7 17 18 2 0 2 7 0 2 7 0 2 7 1 2 7 17 18 2 0 2 3 0 2 4 0 2 3 0 2 3 0 2 7 1 2 7 0 2 3 0 2 7 1 2 3 0 2 7 1 2 7 1 2 7 1 2 7 6 2 4 1 2 7 1 2 7 17 9 2 13 6 3 0 2 4 0 2 7 0 2 3 0 2 7 0 2 7 0 2 7 17 9 2 5 30 3 16 30 2 16 15 2 0 2 7 5 31 3 1 2 7 0 2 3 0 2 7 1 2 3 0 2 7 1 2 7 1 2 3 5 30 3 8 18 2 1 2 7 0 2 7 0 2 7 5 30 3 0 2 7 0 2 7 1 2 7 0 2 7 1 2 7 1 2 3 0 61.2660416960716248
5 31 3 12 16 2 5 30 3 12 16 2 12 16 2 5 31 3 0 2 4 17 18 2 5 31 3 6 2 4 17 9 2 6 2 4 0 2 7 0 2 4 0 2 7 1 2 7 0 2 3 1 2 7 5 30 3 17 18 2 0 2 4 0 2 7 0 2 7 0 2 7 0 2 7 0 2 7 0 2 7 5 31 3 6 2 7 1 2 7 0 2 7 0 2 7 0 2 7 1 2 4 0 2 7 1 2 4 0 2 7 0 2 7 1 2 7 0 2 7 0 2 7 1 2 7 1 2 7 1 2 7 0 2 7 0 2 7 17 9 2 16 19 11 17 18 2 0 2 7 0 2 4 0 2 7 0 2 7 16 15 2 1 2 7 6 2 4 1 2 7 0 2 7 6 2 7 13 6 3 0 61.3479066491127014
5 30 3 12 16 2 5 30 3 1 2 7 12 16 2 0 2 11 12 16 2 1 2 1 1 2 4 1 2 7 0 2 4 0 2 4 0 2 4 0 2 7 17 18 2 0 2 7 1 2 7 0 2 4 13 6 3 0 2 7 0 2 7 17 9 2 0 2 7 0 2 7 1 2 4 0 2 7 0 2 7 0 2 7 16 6 2 0 2 4 1 2 10 0 2 7 1 2 11 1 2 7 0 2 7 17 9 2 1 2 7 0 2 7 0 2 7 0 2 11 17 9 2 1 2 11 0 2 4 17 18 2 0 2 7 5 31 3 0 2 4 0 2 11 0 2 4 8 18 2 5 30 3 0 2 7 1 2 7 1 2 3 1 2 7 5 30 3 17 18 2 1 2 4 8 18 2 1 2 7 0 61.4836686849594116
5 30 3 12 16 2 5 30 3 12 16 2 12 16 2 17 18 2 0 2 3 1 2 3 5 30 3 8 18 2 0 2 7 0 2 3 0 2 3 1 2 3 0 2 7 0 2 3 1 2 3 0 2 7 1 2 7 0 2 3 1 2 7 0 2 3 1 2 7 5 31 3 0 2 3 0 2 3 0 2 7 0 2 7 16 9 8 12 16 2 0 2 3 0 2 7 16 15 2 1 2 7 1 2 3 1 2 3 8 9 2 0 2 3 0 2 7 1 2 7 0 2 3 16 6 2 16 6 2 0 2 7 0 2 7 16 6 2 0 2 3 1 2 7 0 2 3 1 2 7 13 6 3 1 2 7 0 2 7 0 2 3 0 2 7 0 2 7 17 9 2 1 2 3 1 2 3 0 2 7 0 62.6377686262130737
12 16 2 5 30 3 12 16 2 12 16 2 17 18 2 0 2 7 1 2 7 5 30 3 0 2 7 1 2 11 1 2 7 1 2 7 0 2 7 0 2 7 0 2 7 0 2 7 6 2 7 0 2 7 0 2 7 0 2 10 16 9 11 16 32 2 12 16 2 16 6 2 5 30 3 5 31 3 0 2 7 5 31 3 1 2 11 8 9 2 0 2 7 1 2 10 0 2 7 16 18 11 5 30 3 0 2 7 0 2 7 0 2 7 0 2 7 12 16 2 17 18 2 16 31 2 0 2 7 1 2 7 0 2 7 0 2 7 5 31 3 6 2 7 0 2 7 0 2 7 1 2 7 0 2 7 5 30 3 0 2 7 0 2 10 0 2 7 1 2 7 0 2 7 0 2 7 0 2 7 0 62.7475122213363647
0 2 1 5 31 3 12 16 2 5 31 3 5 30 3 8 18 2 5 30 3 1 2 7 0 2 7 0 2 7 0 2 7 12 16 2 0 2 7 0 2 7 12 16 2 1 2 7 0 2 7 12 16 2 16 19 11 0 2 7 0 2 7 0 2 7 0 2 7 0 2 7 0 2 4 1 2 7 1 2 7 17 18 2 0 2 7 1 2 7 0 2 7 17 9 2 1 2 7 5 30 3 0 2 7 1 2 7 0 2 7 0 2 7 0 2 7 1 2 7 16 6 2 0 2 7 16 18 11 0 2 7 0 2 7 8 18 2 8 18 2 1 2 7 0 2 4 16 19 11 0 2 7 16 19 11 0 2 3 1 2 7 1 2 7 0 2 7 0 2 4 5 30 3 12 16 2 0 2 7 0 62.9999931454658508
5 30 3 5 30 3 5 31 3 5 30 3 5 30 3 17 18 2 5 30 3 0 2 7 0 2 7 0 2 7 16 6 2 12 16 2 6 2 7 0 2 7 12 16 2 16 6 2 0 2 3 12 16 2 16 19 11 0 2 7 0 2 7 0 2 7 0 2 7 0 2 7 0 2 3 0 2 3 0 2 7 8 18 2 0 2 3 0 2 7 0 2 7 1 2 7 5 30 3 1 2 7 1 2 3 1 2 3 0 2 7 0 2 7 1 2 11 0 2 7 1 2 7 0 2 7 8 9 2 1 2 11 0 2 7 16 19 11 0 2 3 1 2 7 0 2 3 0 2 11 5 30 3 0 2 3 0 2 7 16 6 2 0 2 7 16 19 11 0 2 3 0 2 7 0 2 7 8 9 2 0 63.6915931105613708
5 30 3 5 30 3 1 2 7 5 30 3 12 16 2 5 30 3 5 30 3 5 30 3 17 9 2 16 19 12 12 16 2 1 2 3 0 2 7 0 2 7 6 2 11 8 9 2 0 2 3 0 2 1 17 18 2 0 2 7 0 2 3 8 18 2 0 2 3 16 6 2 17 18 2 1 2 7 1 2 7 1 2 7 0 2 3 0 2 12 0 2 11 0 2 7 0 2 7 0 2 7 1 2 11 0 2 11 0 2 12 1 2 11 1 2 7 12 16 2 0 2 4 16 19 11 0 2 7 0 2 3 1 2 7 0 2 7 16 19 11 1 2 7 0 2 3 0 2 7 8 18 2 0 2 8 0 2 7 0 2 3 5 30 3 0 2 3 8 18 2 0 2 11 0 2 7 0 2 4 0 64.4678026437759399
5 31 3 12 16 2 12 16 2 12 16 2 5 30 3 5 31 3 17 18 2 5 30 3 1 2 7 17 9 2 1 2 7 13 6 3 0 2 7 17 9 2 1 2 7 1 2 7 0 2 7 0 2 7 0 2 7 0 2 7 1 2 7 0 2 7 0 2 7 0 2 7 1 2 7 1 2 7 0 2 7 0 2 7 0 2 7 1 2 7 0 2 7 0 2 7 0 2 7 0 2 7 1 2 7 16 30 2 0 2 4 12 16 2 0 2 7 0 2 7 0 2 7 0 2 7 0 2 7 0 2 7 17 9 2 13 6 3 1 2 7 17 18 2 1 2 7 1 2 7 0 2 7 1 2 7 1 2 7 5 31 3 0 2 7 1 2 7 1 2 7 16 6 2 0 2 7 13 6 3 0 60.1149684190750122
5 31 3 12 16 2 12 16 2 12 16 2 5 30 3 5 30 3 17 18 2 1 2 7 1 2 7 17 9 2 0 2 7 13 6 3 0 2 4 17 9 2 0 2 7 1 2 7 0 2 7 0 2 3 0 2 7 0 2 4 16 31 2 0 2 3 1 2 7 0 2 3 1 2 7 1 2 4 0 2 7 0 2 7 0 2 7 1 2 7 0 2 7 1 2 11 0 2 4 1 2 4 6 2 7 0 2 3 0 2 4 0 2 4 1 2 7 0 2 7 0 2 7 0 2 7 17 18 2 0 2 7 5 31 3 1 2 7 12 16 2 1 2 7 13 6 3 0 2 7 1 2 7 0 2 7 16 6 2 1 2 7 1 2 7 1 2 7 0 2 7 17 18 2 0 2 7 1 2 7 0 60.5013055205345154
5 31 3 12 16 2 12 16 2 5 30 3 17 18 2 5 30 3 1 2 7 17 9 2 1 2 7 13 6 3 0 2 7 17 9 2 1 2 3 1 2 7 0 2 7 0 2 7 0 2 3 0 2 7 1 2 7 0 2 7 0 2 7 0 2 7 1 2 7 1 2 3 0 2 7 0 2 7 0 2 7 1 2 7 0 2 7 0 2 7 0 2 7 0 2 7 1 2 7 16 30 2 0 2 3 0 2 7 0 2 7 0 2 3 0 2 3 1 2 3 17 18 2 1 2 7 1 2 7 5 30 3 1 2 3 12 16 2 0 2 7 16 15 2 1 2 3 13 6 3 0 2 3 1 2 7 1 2 3 0 2 7 0 2 7 0 2 3 1 2 3 16 6 2 0 2 7 8 18 2 0 61.179810643196106
1 2 11 5 31 3 12 16 2 12 16 2 0 2 4 5 31 3 0 2 7 0 2 7 1 2 7 16 6 2 0 2 7 0 2 7 0 2 7 0 2 7 0 2 7 0 2 7 6 2 7 1 2 7 0 2 4 0 2 7 0 2 7 8 9 2 0 2 7 0 2 4 0 2 7 0 2 7 5 30 3 0 2 7 5 31 3 0 2 7 0 2 11 1 2 4 17 18 2 1 2 11 12 16 2 0 2 4 13 6 3 1 2 7 1 2 4 0 2 7 17 18 2 1 2 7 0 2 7 5 31 3 0 2 7 0 2 7 1 2 4 0 2 7 0 2 7 6 2 7 17 9 2 17 9 2 0 2 7 16 6 2 16 6 2 1 2 7 12 16 2 5 30 3 1 2 7 1 2 4 0 61.267601490020752
5 30 3 12 16 2 5 30 3 1 2 7 12 16 2 0 2 7 12 16 2 1 2 11 1 2 11 0 2 7 0 2 11 0 2 7 0 2 4 0 2 7 17 18 2 0 2 7 1 2 4 0 2 4 13 6 3 0 2 7 0 2 7 17 9 2 0 2 7 0 2 3 1 2 4 0 2 4 0 2 4 0 2 7 16 6 2 0 2 4 1 2 11 0 2 7 1 2 4 1 2 7 0 2 7 17 9 2 1 2 1 0 2 7 0 2 4 0 2 11 17 9 2 1 2 7 1 2 4 17 18 2 0 2 7 5 31 3 0 2 4 0 2 7 0 2 7 8 18 2 5 30 3 0 2 7 1 2 7 1 2 7 1 2 7 5 30 3 17 18 2 1 2 10 8 18 2 1 2 7 0 61.4836685657501221
1 2 7 5 30 3 12 16 2 12 16 2 17 1 2 0 2 10 1 2 7 5 30 3 0 2 7 1 2 7 0 2 7 0 2 7 0 2 7 0 2 7 0 2 7 0 2 7 1 2 7 0 2 7 5 30 3 0 2 7 5 30 3 0 2 7 0 2 3 0 2 11 0 2 7 0 2 3 0 2 7 17 9 2 0 2 7 0 2 7 0 2 7 0 2 7 5 31 3 0 2 7 5 31 3 0 2 7 0 2 7 1 2 3 0 2 10 1 2 7 17 18 2 1 2 7 8 9 2 16 6 2 12 16 2 16 30 2 1 2 4 13 6 3 1 2 7 16 30 2 6 2 7 0 2 11 12 16 2 5 30 3 5 30 3 0 2 7 0 2 11 17 18 2 1 2 7 0 2 7 0 62.0186426043510437
12 16 2 5 30 3 12 16 2 12 16 2 17 18 2 0 2 7 1 2 7 5 30 3 0 2 7 1 2 11 1 2 7 1 2 7 0 2 7 0 2 7 0 2 7 0 2 7 6 2 7 0 2 7 0 2 7 0 2 10 16 9 11 16 32 2 12 16 2 16 6 2 5 30 3 5 31 3 0 2 7 5 31 3 1 2 11 8 9 2 0 2 7 1 2 10 0 2 7 16 18 11 5 30 3 0 2 7 0 2 7 0 2 7 0 2 7 12 16 2 17 18 2 16 31 2 0 2 7 1 2 7 0 2 7 0 2 7 5 31 3 6 2 7 0 2 7 0 2 7 1 2 7 0 2 7 5 30 3 0 2 7 0 2 10 0 2 7 1 2 7 0 2 7 0 2 7 0 2 7 0 62.7475122213363647
0 2 1 5 31 3 12 16 2 5 31 3 5 30 3 8 18 2 5 30 3 1 2 7 0 2 7 0 2 7 0 2 7 12 16 2 0 2 7 0 2 7 12 16 2 1 2 7 0 2 7 12 16 2 16 19 11 0 2 7 0 2 7 0 2 7 0 2 7 0 2 7 0 2 4 1 2 7 1 2 7 17 18 2 0 2 7 1 2 7 0 2 7 17 9 2 1 2 7 5 30 3 0 2 7 1 2 7 0 2 7 0 2 7 0 2 7 1 2 7 16 6 2 0 2 7 16 18 11 0 2 7 0 2 7 8 18 2 8 18 2 1 2 7 0 2 4 16 19 11 0 2 7 16 19 11 0 2 3 1 2 7 1 2 7 0 2 7 0 2 4 5 30 3 12 16 2 0 2 7 0 62.9999931454658508
5 30 3 5 30 3 5 31 3 5 30 3 5 30 3 17 18 2 5 30 3 0 2 7 0 2 7 0 2 7 16 6 2 12 16 2 6 2 7 0 2 7 12 16 2 16 6 2 0 2 3 12 16 2 16 19 11 0 2 7 0 2 7 0 2 7 0 2 7 0 2 7 0 2 3 0 2 3 0 2 7 8 18 2 0 2 3 0 2 7 0 2 7 1 2 7 5 30 3 1 2 7 1 2 3 1 2 3 0 2 7 0 2 7 1 2 11 0 2 7 1 2 7 0 2 7 8 9 2 1 2 11 0 2 7 16 19 11 0 2 3 1 2 7 0 2 3 0 2 11 5 30 3 0 2 3 0 2 7 16 6 2 0 2 7 16 19 11 0 2 3 0 2 7 0 2 7 8 9 2 0 63.6915931105613708
5 30 3 12 16 2 12 16 2 0 2 3 17 18 2 0 2 7 0 2 7 0 2 3 1 2 7 0 2 4 0 2 7 0 2 3 1 2 3 1 2 7 0 2 3 0 2 7 1 2 4 1 2 3 1 2 7 0 2 3 1 2 7 1 2 7 1 2 7 17 9 2 13 6 3 0 2 7 0 2 7 0 2 7 0 2 7 0 2 7 5 30 3 16 6 2 0 2 3 5 31 3 1 2 3 0 2 3 0 2 3 0 2 7 1 2 3 5 31 3 8 18 2 1 2 7 0 2 3 12 16 2 0 2 3 1 2 7 1 2 3 16 6 2 12 16 2 16 6 2 0 2 7 0 2 7 16 9 11 1 2 3 16 6 2 0 2 7 0 2 3 1 2 3 0 2 7 0 2 7 0 62.0769026875495911
5 31 3 12 16 2 12 16 2 12 16 2 0 2 7 17 9 2 17 18 2 1 2 4 17 9 2 1 2 7 13 6 3 0 2 7 17 9 2 0 2 7 1 2 7 0 2 7 0 2 7 0 2 7 1 2 7 0 2 7 1 2 7 1 2 7 1 2 7 0 2 7 0 2 7 0 2 7 0 2 7 12 16 2 6 2 4 1 2 7 0 2 4 17 18 2 0 2 7 5 31 3 1 2 7 1 2 7 13 6 3 1 2 7 16 6 2 0 2 7 1 2 7 5 31 3 0 2 7 0 2 7 0 2 4 5 30 3 0 2 7 0 2 7 17 9 2 0 2 7 1 2 7 0 2 7 0 2 7 1 2 7 1 2 7 13 6 3 1 2 7 0 2 7 0 2 7 1 2 7 0 59.938682496547699
1 2 7 5 31 3 12 16 2 12 16 2 5 31 3 0 2 7 0 2 4 16 6 2 0 2 7 1 2 7 0 2 7 17 18 2 0 2 4 0 2 4 1 2 7 1 2 7 0 2 7 0 2 7 1 2 7 0 2 4 0 2 3 0 2 3 5 30 3 12 16 2 13 6 3 0 2 7 0 2 7 1 2 7 8 9 2 0 2 7 1 2 11 12 16 2 0 2 3 17 18 2 0 2 7 0 2 3 0 2 7 0 2 7 6 2 7 1 2 7 0 2 7 1 2 4 0 2 7 0 2 4 1 2 7 0 2 7 0 2 7 1 2 7 0 2 7 17 9 2 0 2 4 16 30 2 1 2 7 5 30 3 1 2 3 5 31 3 16 6 2 17 9 2 1 2 4 1 2 4 0 61.1047056317329407
5 31 3 12 16 2 12 16 2 5 30 3 17 18 2 5 30 3 1 2 7 17 9 2 1 2 7 13 6 3 0 2 7 17 9 2 1 2 3 1 2 7 0 2 7 0 2 7 0 2 3 0 2 7 1 2 7 0 2 7 0 2 7 0 2 7 1 2 7 1 2 3 0 2 7 0 2 7 0 2 7 1 2 7 0 2 7 0 2 7 0 2 7 0 2 7 1 2 7 16 30 2 0 2 3 0 2 7 0 2 7 0 2 3 0 2 3 1 2 3 17 18 2 1 2 7 1 2 7 5 30 3 1 2 3 12 16 2 0 2 7 16 15 2 1 2 3 13 6 3 0 2 3 1 2 7 1 2 3 0 2 7 0 2 7 0 2 3 1 2 3 16 6 2 0 2 7 8 18 2 0 61.179810643196106
0 2 7 16 6 2 5 31 3 12 16 2 0 2 7 5 30 3 1 2 7 1 2 3 1 2 7 1 2 7 1 2 11 0 2 7 0 2 11 0 2 3 0 2 7 0 2 7 1 2 7 0 2 7 6 2 7 0 2 7 0 2 7 17 9 2 1 2 3 0 2 7 0 2 7 0 2 4 5 30 3 0 2 7 5 30 3 0 2 3 0 2 7 0 2 7 8 18 2 0 2 7 16 30 2 12 16 2 16 6 2 0 2 7 13 6 3 0 2 7 12 16 2 1 2 7 17 18 2 0 2 7 12 16 2 0 2 11 5 30 3 5 30 3 17 18 2 13 6 3 0 2 7 0 2 7 0 2 11 16 30 2 1 2 7 1 2 7 5 31 3 5 30 3 0 2 7 0 2 7 0 61.6865565180778503
5 31 3 1 2 7 17 18 2 0 2 7 0 2 4 1 2 7 16 15 2 12 16 2 0 2 7 12 16 2 1 2 7 12 16 2 0 2 7 16 6 2 0 2 3 0 2 3 0 2 7 0 2 7 0 2 4 1 2 7 1 2 4 1 2 7 1 2 7 0 2 7 1 2 7 1 2 7 0 2 3 0 2 7 1 2 7 1 2 7 0 2 7 0 2 4 0 2 7 5 30 3 0 2 7 5 30 3 1 2 7 16 19 11 17 9 2 0 2 7 12 16 2 17 9 2 8 18 2 0 2 7 0 2 7 0 2 4 8 9 2 0 2 7 0 2 7 1 2 7 0 2 7 0 2 7 5 31 3 1 2 7 0 2 7 16 18 11 0 2 7 5 30 3 0 2 7 8 9 2 0 62.0297273993492126
5 30 3 12 16 2 12 16 2 0 2 3 17 18 2 0 2 7 0 2 7 0 2 3 1 2 7 0 2 4 0 2 7 0 2 3 1 2 3 1 2 7 0 2 3 0 2 7 1 2 4 1 2 3 1 2 7 0 2 3 1 2 7 1 2 7 1 2 7 17 9 2 13 6 3 0 2 7 0 2 7 0 2 7 0 2 7 0 2 7 5 30 3 16 6 2 0 2 3 5 31 3 1 2 3 0 2 3 0 2 3 0 2 7 1 2 3 5 31 3 8 18 2 1 2 7 0 2 3 12 16 2 0 2 3 1 2 7 1 2 3 16 6 2 12 16 2 16 6 2 0 2 7 0 2 7 16 9 11 1 2 3 16 6 2 0 2 7 0 2 3 1 2 3 0 2 7 0 2 7 0 62.0769026875495911
5 30 3 12 16 2 12 16 2 5 30 3 17 18 2 5 30 3 1 2 11 0 2 7 0 2 7 0 2 7 0 2 7 1 2 7 1 2 7 0 2 3 0 2 7 0 2 7 0 2 11 0 2 7 0 2 7 0 2 4 0 2 10 0 2 7 0 2 11 0 2 10 0 2 10 0 2 7 1 2 7 0 2 7 0 2 11 0 2 7 0 2 7 0 2 11 5 30 3 12 16 2 0 2 11 0 2 7 1 2 7 5 31 3 0 2 7 16 6 2 5 30 3 8 18 2 17 18 2 0 2 11 1 2 7 1 2 7 0 2 7 8 9 2 0 2 11 16 6 2 0 2 7 5 30 3 1 2 7 5 30 3 16 19 11 8 9 2 17 9 2 1 2 7 16 9 11 1 2 7 0 63.331847608089447
5 30 3 5 30 3 5 31 3 5 30 3 5 30 3 17 18 2 5 30 3 0 2 7 0 2 7 0 2 7 16 6 2 12 16 2 6 2 7 0 2 7 12 16 2 16 6 2 0 2 3 12 16 2 16 19 11 0 2 7 0 2 7 0 2 7 0 2 7 0 2 7 0 2 3 0 2 3 0 2 7 8 18 2 0 2 3 0 2 7 0 2 7 1 2 7 5 30 3 1 2 7 1 2 3 1 2 3 0 2 7 0 2 7 1 2 11 0 2 7 1 2 7 0 2 7 8 9 2 1 2 11 0 2 7 16 19 11 0 2 3 1 2 7 0 2 3 0 2 11 5 30 3 0 2 3 0 2 7 16 6 2 0 2 7 16 19 11 0 2 3 0 2 7 0 2 7 8 9 2 0 63.6915931105613708
1 2 7 5 30 3 12 16 2 12 16 2 1 2 7 5 30 3 0 2 7 1 2 7 0 2 7 0 2 7 0 2 7 0 2 7 0 2 7 0 2 7 1 2 7 0 2 7 5 30 3 0 2 7 5 30 3 0 2 7 0 2 3 0 2 11 0 2 7 0 2 7 17 9 2 0 2 7 0 2 7 0 2 7 0 2 7 5 31 3 1 2 7 17 18 2 1 2 7 16 6 2 12 16 2 1 2 4 13 6 3 1 2 7 0 2 11 17 18 2 0 2 4 8 18 2 0 2 3 0 2 7 8 18 2 0 2 4 0 2 4 1 2 3 0 2 10 8 9 2 17 9 2 16 30 2 6 2 7 1 2 11 0 2 4 17 18 2 1 2 4 1 2 11 17 9 2 0 2 7 0.0146102097624364619 61.3885496258735657
1 2 3 5 31 3 12 16 2 12 16 2 5 31 3 0 2 7 0 2 7 1 2 7 16 6 2 0 2 7 0 2 7 0 2 7 17 18 2 0 2 7 0 2 7 1 2 7 1 2 7 0 2 7 0 2 7 1 2 7 0 2 7 0 2 7 5 31 3 0 2 7 5 30 3 0 2 7 17 18 2 12 16 2 13 6 3 1 2 4 0 2 7 17 18 2 1 2 7 0 2 7 0 2 7 1 2 7 0 2 7 0 2 7 8 9 2 17 9 2 0 2 7 16 6 2 16 6 2 0 2 7 5 30 3 1 2 7 0 2 7 1 2 7 0 2 7 0 2 4 13 6 3 1 2 4 0 2 7 0 2 7 6 2 7 5 30 3 1 2 7 1 2 7 12 16 2 0 2 7 0 60.7300383448600769
5 31 3 12 16 2 12 16 2 12 16 2 0 2 7 17 9 2 17 18 2 1 2 4 17 9 2 1 2 7 13 6 3 0 2 7 17 9 2 0 2 7 1 2 7 0 2 7 0 2 7 0 2 7 1 2 7 0 2 7 1 2 7 1 2 7 1 2 7 0 2 7 0 2 7 0 2 7 0 2 7 12 16 2 6 2 4 1 2 7 0 2 4 17 18 2 0 2 7 5 31 3 1 2 7 1 2 7 13 6 3 1 2 7 16 6 2 0 2 7 1 2 7 5 31 3 0 2 7 0 2 7 0 2 4 5 30 3 0 2 7 0 2 7 17 9 2 0 2 7 1 2 7 0 2 7 0 2 7 1 2 7 1 2 7 13 6 3 1 2 7 0 2 7 0 2 7 1 2 7 0 59.938682496547699
5 31 3 12 16 2 0 2 7 0 2 7 1 2 7 0 2 3 0 2 7 0 2 7 1 2 7 12 16 2 1 2 7 1 2 4 0 2 4 0 2 7 0 2 7 1 2 4 1 2 3 0 2 7 1 2 7 17 18 2 5 31 3 1 2 7 12 16 2 0 2 7 1 2 7 0 2 7 0 2 7 0 2 7 0 2 7 0 2 7 1 2 4 12 16 2 5 30 3 0 2 7 17 9 2 0 2 7 1 2 7 1 2 7 0 2 7 1 2 7 16 30 2 0 2 7 0 2 11 16 15 2 0 2 7 1 2 7 5 30 3 17 9 2 0 2 7 0 2 4 17 18 2 0 2 7 1 2 7 8 18 2 6 2 7 13 6 3 13 6 3 17 18 2 0 2 7 5 30 3 0 60.7687665820121765
0 2 7 16 6 2 5 31 3 12 16 2 0 2 7 5 30 3 1 2 7 1 2 7 1 2 7 0 2 7 0 2 7 0 2 7 1 2 7 0 2 4 6 2 7 0 2 7 17 9 2 0 2 7 0 2 7 5 30 3 0 2 7 5 30 3 0 2 7 0 2 7 0 2 7 12 16 2 16 6 2 0 2 7 13 6 3 1 2 7 12 16 2 1 2 7 17 18 2 0 2 7 5 30 3 13 6 3 0 2 7 0 2 7 1 2 7 6 2 7 5 31 3 6 2 7 0 2 7 1 2 7 1 2 7 0 2 7 0 2 7 0 2 7 1 2 7 0 2 7 0 2 7 17 18 2 16 6 2 5 31 3 0 2 4 0 2 7 17 18 2 0 2 7 0 2 7 5 31 3 0 60.9536903500556946
5 31 3 12 16 2 12 16 2 12 16 2 0 2 7 17 9 2 17 18 2 0 2 11 0 2 7 1 2 7 1 2 7 0 2 7 1 2 7 1 2 7 1 2 7 1 2 4 0 2 7 1 2 4 0 2 1 1 2 7 1 2 7 0 2 4 0 2 7 0 2 7 12 16 2 0 2 7 1 2 7 8 18 2 1 2 7 5 30 3 13 6 3 16 6 2 0 2 7 0 2 7 0 2 7 5 31 3 0 2 7 0 2 7 0 2 7 0 2 7 0 2 7 0 2 7 0 2 7 0 2 7 0 2 4 0 2 7 1 2 11 1 2 7 12 16 2 8 18 2 1 2 7 16 6 2 17 9 2 0 2 4 0 2 4 1 2 7 17 9 2 5 31 3 16 6 2 0 2 4 0 61.0793495178222656
5 30 3 12 16 2 12 16 2 12 16 2 0 2 7 8 9 2 17 9 2 17 18 2 1 2 7 13 6 3 0 2 7 0 2 3 0 2 7 0 2 7 1 2 7 0 2 7 6 2 7 0 2 3 0 2 7 0 2 7 1 2 7 0 2 7 1 2 7 0 2 7 0 2 3 1 2 7 8 18 2 1 2 7 1 2 7 0 2 7 13 6 3 1 2 7 16 6 2 1 2 7 0 2 7 0 2 7 5 31 3 0 2 7 0 2 7 0 2 3 16 15 2 0 2 7 5 30 3 17 9 2 12 16 2 0 2 7 0 2 7 0 2 3 1 2 11 5 30 3 0 2 3 17 9 2 0 2 7 1 2 7 1 2 3 1 2 3 1 2 3 1 2 7 0 2 7 16 6 2 0 61.1626834273338318
5 31 3 12 16 2 12 16 2 12 16 2 1 2 7 17 9 2 17 18 2 1 2 7 0 2 11 16 18 11 0 2 7 1 2 7 1 2 7 1 2 3 0 2 7 5 30 3 1 2 7 0 2 3 1 2 7 1 2 7 0 2 7 0 2 7 0 2 3 0 2 3 0 2 11 12 16 2 0 2 3 0 2 7 1 2 7 5 31 3 1 2 3 16 6 2 0 2 4 0 2 3 0 2 7 5 30 3 0 2 7 1 2 3 1 2 7 0 2 4 1 2 7 13 6 3 1 2 3 0 2 7 0 2 4 1 2 7 0 2 3 0 2 3 17 9 2 16 6 2 1 2 7 0 2 3 0 2 4 0 2 7 0 2 11 16 6 2 0 2 7 0 2 7 0 2 3 8 18 2 0 62.0394938588142395
5 30 3 12 16 2 12 16 2 0 2 3 17 18 2 0 2 7 0 2 7 0 2 3 1 2 7 0 2 4 0 2 7 0 2 3 1 2 3 1 2 7 0 2 3 0 2 7 1 2 4 1 2 3 1 2 7 0 2 3 1 2 7 1 2 7 1 2 7 17 9 2 13 6 3 0 2 7 0 2 7 0 2 7 0 2 7 0 2 7 5 30 3 16 6 2 0 2 3 5 31 3 1 2 3 0 2 3 0 2 3 0 2 7 1 2 3 5 31 3 8 18 2 1 2 7 0 2 3 12 16 2 0 2 3 1 2 7 1 2 3 16 6 2 12 16 2 16 6 2 0 2 7 0 2 7 16 9 11 1 2 3 16 6 2 0 2 7 0 2 3 1 2 3 0 2 7 0 2 7 0 62.0769026875495911
5 30 3 12 16 2 0 2 7 0 2 7 16 15 2 0 2 7 0 2 11 1 2 7 0 2 7 0 2 3 0 2 11 1 2 7 0 2 7 5 30 3 12 16 2 0 2 11 1 2 7 0 2 4 0 2 7 0 2 7 6 2 7 0 2 7 1 2 7 0 2 7 0 2 7 1 2 7 17 9 2 8 18 2 16 31 2 5 30 3 5 31 3 1 2 7 12 16 2 8 18 2 0 2 4 0 2 7 0 2 7 0 2 7 5 30 3 6 2 7 0 2 7 0 2 7 1 2 7 0 2 7 8 18 2 12 16 2 5 31 3 0 2 7 17 9 2 0 2 7 1 2 7 1 2 7 0 2 4 16 19 11 0 2 7 17 9 2 1 2 11 16 6 2 1 2 7 0 2 7 0 62.2755935192108154
1 2 7 12 16 2 12 16 2 5 30 3 17 9 2 5 31 3 0 2 7 8 9 2 5 30 3 0 2 7 0 2 7 0 2 7 0 2 7 16 6 2 0 2 7 12 16 2 1 2 7 17 9 2 0 2 7 1 2 7 1 2 7 0 2 7 0 2 7 16 15 2 6 2 7 1 2 7 0 2 7 0 2 7 0 2 7 1 2 7 0 2 7 8 1 2 0 2 7 16 6 2 0 2 7 5 30 3 0 2 7 12 16 2 0 2 7 0 2 7 1 2 7 0 2 3 0 2 7 5 30 3 17 9 2 8 18 2 0 2 7 16 19 11 0 2 7 5 31 3 0 2 7 1 2 7 6 2 7 0 2 7 0 2 3 0 2 7 5 30 3 0 2 7 0 2 7 0 2 3 0 62.3322941064834595
0 2 7 16 6 2 5 31 3 12 16 2 0 2 7 5 30 3 1 2 7 1 2 3 1 2 7 1 2 7 1 2 11 0 2 7 0 2 11 0 2 3 0 2 7 0 2 7 1 2 7 0 2 7 6 2 7 0 2 7 0 2 7 17 9 2 1 2 3 0 2 7 0 2 7 0 2 4 5 30 3 0 2 7 5 30 3 0 2 3 0 2 7 0 2 7 8 18 2 0 2 7 16 30 2 12 16 2 16 6 2 0 2 7 13 6 3 0 2 7 12 16 2 1 2 7 17 18 2 0 2 7 12 16 2 0 2 11 5 30 3 5 30 3 17 18 2 13 6 3 0 2 7 0 2 7 0 2 11 16 30 2 1 2 7 1 2 7 5 31 3 5 30 3 0 2 7 0 2 7 0 61.6865565180778503
5 31 3 12 16 2 12 16 2 12 16 2 17 18 2 17 9 2 17 18 2 1 2 4 0 2 7 0 2 7 1 2 7 1 2 7 1 2 7 1 2 7 0 2 7 0 2 4 0 2 7 1 2 7 12 16 2 0 2 7 1 2 7 1 2 7 5 30 3 13 6 3 16 6 2 1 2 7 6 2 4 5 31 3 1 2 7 0 2 7 0 2 7 0 2 7 0 2 7 1 2 7 0 2 7 1 2 7 1 2 7 17 9 2 0 2 7 17 9 2 0 2 7 13 6 3 0 2 7 0 2 7 0 2 7 0 2 7 0 2 7 0 2 4 5 31 3 0 2 7 1 2 7 13 6 3 1 2 7 0 2 7 0 2 7 1 2 7 17 9 2 0 2 7 1 2 7 0 2 7 0 59.938682496547699
5 31 3 12 16 2 12 16 2 12 16 2 17 18 2 17 9 2 17 18 2 1 2 7 0 2 7 1 2 7 8 18 2 0 2 7 1 2 7 1 2 7 1 2 7 0 2 7 0 2 1 1 2 4 0 2 4 0 2 4 1 2 4 12 16 2 0 2 7 1 2 7 1 2 7 5 30 3 13 6 3 16 6 2 0 2 7 0 2 4 0 2 7 5 31 3 0 2 7 0 2 7 0 2 7 0 2 4 0 2 7 0 2 7 1 2 4 0 2 7 0 2 7 0 2 4 0 2 7 1 2 7 17 9 2 1 2 7 17 9 2 5 30 3 0 2 7 13 6 3 0 2 7 17 18 2 1 2 4 1 2 7 1 2 7 0 2 7 0 2 7 1 2 7 1 2 7 0 2 4 0 60.4231065511703491
0 2 7 16 6 2 5 31 3 12 16 2 0 2 7 5 30 3 1 2 7 1 2 7 1 2 4 0 2 7 0 2 7 0 2 7 1 2 7 0 2 7 6 2 7 0 2 7 17 9 2 0 2 7 0 2 7 5 30 3 0 2 7 0 2 7 0 2 7 0 2 7 1 2 7 12 16 2 16 6 2 0 2 7 13 6 3 1 2 7 12 16 2 1 2 7 17 18 2 0 2 7 5 30 3 13 6 3 0 2 7 0 2 7 1 2 7 0 2 7 5 31 3 6 2 7 0 2 7 1 2 7 1 2 7 0 2 7 0 2 7 0 2 7 1 2 7 0 2 7 0 2 7 17 18 2 16 6 2 5 31 3 1 2 7 0 2 4 17 18 2 0 2 7 0 2 7 5 31 3 0 60.7162023782730103
1 2 7 16 31 2 16 6 2 12 16 2 0 2 7 0 2 7 1 2 7 1 2 7 0 2 7 1 2 4 0 2 7 0 2 7 0 2 7 0 2 7 0 2 4 17 9 2 0 2 7 0 2 3 0 2 3 1 2 7 1 2 3 17 18 2 12 16 2 13 6 3 12 16 2 17 18 2 12 16 2 6 2 7 0 2 7 0 2 7 1 2 3 1 2 7 5 31 3 0 2 4 0 2 7 1 2 3 16 6 2 0 2 4 0 2 4 1 2 3 0 2 4 0 2 7 0 2 7 1 2 7 1 2 7 0 2 7 0 2 3 5 31 3 17 9 2 0 2 3 1 2 7 0 2 7 0 2 7 1 2 7 12 16 2 1 2 7 13 6 3 1 2 7 5 30 3 5 30 3 0 60.8362645506858826
5 30 3 12 16 2 12 16 2 12 16 2 0 2 7 8 9 2 17 9 2 17 18 2 0 2 7 13 6 3 0 2 7 0 2 7 0 2 7 0 2 7 0 2 7 0 2 7 1 2 7 1 2 7 0 2 7 1 2 7 0 2 7 0 2 7 6 2 7 0 2 7 1 2 7 0 2 7 8 18 2 1 2 7 0 2 4 0 2 7 13 6 3 0 2 11 16 6 2 1 2 7 5 31 3 0 2 7 5 30 3 0 2 7 0 2 7 0 2 7 16 15 2 1 2 7 5 30 3 17 9 2 12 16 2 0 2 7 0 2 7 0 2 7 1 2 7 5 31 3 12 16 2 17 9 2 0 2 7 1 2 7 1 2 7 1 2 7 1 2 3 1 2 7 0 2 7 16 30 2 0 60.8871304392814636
5 30 3 12 16 2 12 16 2 12 16 2 0 2 7 17 9 2 12 16 2 1 2 4 0 2 7 13 6 3 0 2 7 0 2 4 1 2 7 1 2 4 0 2 7 0 2 7 1 2 7 0 2 7 1 2 4 1 2 4 0 2 7 1 2 7 12 16 2 0 2 7 0 2 7 12 16 2 0 2 7 1 2 4 6 2 4 17 18 2 0 2 7 5 31 3 1 2 7 0 2 7 16 6 2 0 2 4 5 31 3 1 2 7 0 2 7 0 2 4 5 31 3 8 18 2 17 9 2 0 2 7 0 2 7 17 18 2 0 2 7 0 2 7 1 2 7 16 6 2 1 2 11 1 2 7 0 2 7 0 2 7 0 2 7 1 2 7 1 2 7 0 2 7 0 2 7 8 18 2 0 61.1046324372291565
0 2 7 16 6 2 5 31 3 12 16 2 0 2 7 5 30 3 0 2 3 1 2 3 1 2 7 1 2 7 0 2 7 6 2 4 0 2 4 0 2 3 0 2 7 0 2 7 0 2 7 0 2 7 0 2 3 17 9 2 1 2 4 0 2 7 1 2 7 0 2 7 5 30 3 0 2 10 0 2 7 17 18 2 12 16 2 15 2 11 13 6 3 12 16 2 0 2 11 17 18 2 12 16 2 0 2 11 0 2 7 0 2 7 0 2 7 5 30 3 1 2 7 1 2 7 5 31 3 0 2 7 0 2 7 0 2 7 16 6 2 0 2 7 0 2 7 0 2 3 1 2 4 5 30 3 17 18 2 13 6 3 0 2 7 6 2 4 16 6 2 5 30 3 1 2 7 1 2 7 0 61.5779914855957031
5 31 3 12 16 2 12 16 2 12 16 2 1 2 7 17 9 2 17 18 2 1 2 7 0 2 11 16 18 11 0 2 7 1 2 7 1 2 7 1 2 3 0 2 7 5 30 3 1 2 7 0 2 3 1 2 7 1 2 7 0 2 7 0 2 7 0 2 3 0 2 3 0 2 11 12 16 2 0 2 3 0 2 7 1 2 7 5 31 3 1 2 3 16 6 2 0 2 4 0 2 3 0 2 7 5 30 3 0 2 7 1 2 3 1 2 7 0 2 4 1 2 7 13 6 3 1 2 3 0 2 7 0 2 4 1 2 7 0 2 3 0 2 3 17 9 2 16 6 2 1 2 7 0 2 3 0 2 4 0 2 7 0 2 11 16 6 2 0 2 7 0 2 7 0 2 3 8 18 2 0 62.0394938588142395
5 30 3 12 16 2 12 16 2 0 2 3 17 18 2 0 2 7 0 2 7 0 2 3 1 2 7 0 2 4 0 2 7 0 2 3 1 2 3 1 2 7 0 2 3 0 2 7 1 2 4 1 2 3 1 2 7 0 2 3 1 2 7 1 2 7 1 2 7 17 9 2 13 6 3 0 2 7 0 2 7 0 2 7 0 2 7 0 2 7 5 30 3 16 6 2 0 2 3 5 31 3 1 2 3 0 2 3 0 2 3 0 2 7 1 2 3 5 31 3 8 18 2 1 2 7 0 2 3 12 16 2 0 2 3 1 2 7 1 2 3 16 6 2 12 16 2 16 6 2 0 2 7 0 2 7 16 9 11 1 2 3 16 6 2 0 2 7 0 2 3 1 2 3 0 2 7 0 2 7 0 62.0769026875495911
5 31 3 12 16 2 12 16 2 12 16 2 1 2 7 17 9 2 17 18 2 1 2 4 1 2 3 0 2 4 1 2 7 0 2 7 1 2 7 0 2 7 5 31 3 1 2 7 0 2 11 0 2 7 1 2 7 1 2 4 6 2 7 0 2 7 0 2 7 0 2 7 12 16 2 0 2 7 0 2 7 5 31 3 16 6 2 0 2 3 0 2 3 5 30 3 0 2 7 13 6 3 1 2 7 16 6 2 0 2 4 16 6 2 0 2 7 0 2 7 5 30 3 1 2 7 1 2 7 1 2 11 1 2 7 0 2 3 0 2 7 8 18 2 0 2 4 0 2 3 1 2 4 0 2 3 0 2 7 17 18 2 0 2 4 0 2 7 0 2 7 0 2 4 6 2 4 17 18 2 0 61.3159756660461426
5 31 3 12 16 2 12 16 2 12 16 2 17 18 2 17 9 2 17 18 2 1 2 4 0 2 7 0 2 7 1 2 7 1 2 7 1 2 7 1 2 7 0 2 7 0 2 4 0 2 7 1 2 7 12 16 2 0 2 7 1 2 7 1 2 7 5 30 3 13 6 3 16 6 2 1 2 7 6 2 4 5 31 3 1 2 7 0 2 7 0 2 7 0 2 7 0 2 7 1 2 7 0 2 7 1 2 7 1 2 7 17 9 2 0 2 7 17 9 2 0 2 7 13 6 3 0 2 7 0 2 7 0 2 7 0 2 7 0 2 7 0 2 4 5 31 3 0 2 7 1 2 7 13 6 3 1 2 7 0 2 7 0 2 7 1 2 7 17 9 2 0 2 7 1 2 7 0 2 7 0 59.938682496547699
5 31 3 12 16 2 12 16 2 12 16 2 17 18 2 17 9 2 17 18 2 1 2 7 1 2 4 1 2 7 17 18 2 0 2 7 1 2 7 1 2 7 1 2 4 0 2 7 0 2 7 0 2 7 0 2 7 1 2 7 12 16 2 1 2 7 5 30 3 13 6 3 16 6 2 0 2 7 0 2 7 5 30 3 0 2 7 0 2 7 0 2 7 0 2 7 0 2 7 0 2 7 1 2 7 0 2 7 1 2 7 1 2 7 0 2 7 1 2 7 0 2 7 13 6 3 0 2 7 0 2 7 1 2 7 0 2 4 0 2 4 1 2 4 1 2 7 1 2 4 5 31 3 0 2 1 17 18 2 0 2 4 8 18 2 1 2 4 17 9 2 0 2 4 0 2 4 0 2 7 0 60.4231065511703491
5 31 3 12 16 2 12 16 2 12 16 2 17 18 2 17 9 2 17 18 2 1 2 7 1 2 4 1 2 7 17 18 2 0 2 7 1 2 7 1 2 7 1 2 7 0 2 7 0 2 7 0 2 7 0 2 7 1 2 7 12 16 2 0 2 3 1 2 3 1 2 7 5 30 3 13 6 3 16 6 2 0 2 7 0 2 7 0 2 3 5 30 3 0 2 7 16 31 2 0 2 7 0 2 7 0 2 7 0 2 7 1 2 11 0 2 7 1 2 7 0 2 7 1 2 7 1 2 7 0 2 7 5 30 3 0 2 11 17 18 2 1 2 3 1 2 7 0 2 7 13 6 3 0 2 7 0 2 7 0 2 7 0 2 7 0 2 7 13 6 3 1 2 7 1 2 3 0 2 7 0 60.4526944160461426
1 2 7 16 6 2 12 16 2 0 2 7 0 2 7 1 2 7 1 2 7 0 2 7 1 2 4 0 2 7 0 2 7 0 2 7 0 2 7 0 2 4 17 9 2 0 2 7 1 2 7 17 18 2 12 16 2 13 6 3 12 16 2 17 18 2 12 16 2 0 2 7 0 2 7 1 2 7 5 31 3 0 2 4 0 2 7 0 2 7 0 2 7 1 2 7 1 2 7 0 2 7 5 31 3 17 9 2 1 2 7 0 2 7 0 2 7 1 2 7 1 2 7 13 6 3 1 2 7 5 30 3 0 2 7 0 2 3 13 6 3 1 2 3 17 9 2 1 2 3 1 2 3 16 6 2 0 2 7 0 2 4 1 2 3 0 2 4 0 2 3 0 2 3 12 16 2 5 30 3 0 60.6272214651107788
0 2 7 5 30 3 12 16 2 0 2 7 5 30 3 0 2 7 0 2 7 1 2 7 0 2 7 0 2 7 1 2 7 0 2 7 0 2 7 0 2 7 0 2 7 0 2 7 17 9 2 0 2 7 0 2 7 1 2 7 0 2 4 5 31 3 0 2 7 0 2 7 17 18 2 0 2 7 13 6 3 12 16 2 1 2 4 17 18 2 12 16 2 0 2 7 0 2 7 0 2 7 0 2 7 5 30 3 1 2 7 0 2 7 0 2 7 0 2 7 16 6 2 0 2 7 1 2 7 1 2 7 13 6 3 1 2 7 0 2 7 16 6 2 1 2 7 16 31 2 6 2 7 0 2 7 1 2 7 1 2 7 5 31 3 1 2 7 5 31 3 17 9 2 5 30 3 1 2 7 0 60.7045323252677917
5 30 3 12 16 2 12 16 2 12 16 2 0 2 7 17 9 2 12 16 2 1 2 4 0 2 7 13 6 3 0 2 7 0 2 4 1 2 7 1 2 4 0 2 7 0 2 7 1 2 7 0 2 7 1 2 4 1 2 4 0 2 7 1 2 7 12 16 2 0 2 7 0 2 7 12 16 2 0 2 7 1 2 4 6 2 4 17 18 2 0 2 7 5 31 3 1 2 7 0 2 7 16 6 2 0 2 4 5 31 3 1 2 7 0 2 7 0 2 4 5 31 3 8 18 2 17 9 2 0 2 7 0 2 7 17 18 2 0 2 7 0 2 7 1 2 7 16 6 2 1 2 11 1 2 7 0 2 7 0 2 7 0 2 7 1 2 7 1 2 7 0 2 7 0 2 7 8 18 2 0 61.1046324372291565
0 2 7 16 6 2 5 31 3 12 16 2 0 2 7 5 30 3 0 2 3 1 2 3 1 2 7 1 2 7 0 2 7 6 2 4 0 2 4 0 2 3 0 2 7 0 2 7 0 2 7 0 2 7 0 2 3 17 9 2 1 2 4 0 2 7 1 2 7 0 2 7 5 30 3 0 2 10 0 2 7 17 18 2 12 16 2 15 2 11 13 6 3 12 16 2 0 2 11 17 18 2 12 16 2 0 2 11 0 2 7 0 2 7 0 2 7 5 30 3 1 2 7 1 2 7 5 31 3 0 2 7 0 2 7 0 2 7 16 6 2 0 2 7 0 2 7 0 2 3 1 2 4 5 30 3 17 18 2 13 6 3 0 2 7 6 2 4 16 6 2 5 30 3 1 2 7 1 2 7 0 61.5779914855957031
5 31 3 12 16 2 12 16 2 12 16 2 1 2 7 17 9 2 17 18 2 1 2 7 0 2 11 16 18 11 0 2 7 1 2 7 1 2 7 1 2 3 0 2 7 5 30 3 1 2 7 0 2 3 1 2 7 1 2 7 0 2 7 0 2 7 0 2 3 0 2 3 0 2 11 12 16 2 0 2 3 0 2 7 1 2 7 5 31 3 1 2 3 16 6 2 0 2 4 0 2 3 0 2 7 5 30 3 0 2 7 1 2 3 1 2 7 0 2 4 1 2 7 13 6 3 1 2 3 0 2 7 0 2 4 1 2 7 0 2 3 0 2 3 17 9 2 16 6 2 1 2 7 0 2 3 0 2 4 0 2 7 0 2 11 16 6 2 0 2 7 0 2 7 0 2 3 8 18 2 0 62.0394938588142395
5 31 3 12 16 2 12 16 2 12 16 2 1 2 7 17 9 2 17 18 2 1 2 7 0 2 7 1 2 7 1 2 7 0 2 7 5 30 3 1 2 7 1 2 7 1 2 7 0 2 7 0 2 7 12 16 2 0 2 7 1 2 7 5 31 3 16 6 2 0 2 4 0 2 7 0 2 7 1 2 7 0 2 4 1 2 7 13 6 3 0 2 7 1 2 7 17 9 2 1 2 7 0 2 7 0 2 7 0 2 7 0 2 11 16 18 11 0 2 7 0 2 7 0 2 3 6 2 4 0 2 11 0 2 3 13 6 3 13 6 3 5 30 3 1 2 7 17 9 2 0 2 4 0 2 3 0 2 7 16 6 2 0 2 3 0 2 4 0 2 11 1 2 7 5 31 3 8 18 2 0.000467147224571522733 60.9366698265075684
5 30 3 12 16 2 12 16 2 12 16 2 0 2 7 8 9 2 17 9 2 17 18 2 0 2 7 13 6 3 0 2 7 0 2 7 0 2 7 0 2 7 0 2 7 0 2 7 1 2 7 1 2 7 0 2 7 1 2 7 0 2 7 0 2 7 6 2 7 0 2 7 1 2 7 0 2 7 8 18 2 1 2 7 0 2 4 0 2 7 13 6 3 0 2 11 16 6 2 1 2 7 5 31 3 0 2 7 5 30 3 0 2 7 0 2 7 0 2 7 16 15 2 1 2 7 5 30 3 17 9 2 12 16 2 0 2 7 0 2 7 0 2 7 1 2 7 5 31 3 12 16 2 17 9 2 0 2 7 1 2 7 1 2 7 1 2 7 1 2 3 1 2 7 0 2 7 16 30 2 0 60.8871304392814636
5 31 3 12 16 2 12 16 2 12 16 2 17 18 2 17 9 2 17 18 2 1 2 7 0 2 7 5 31 3 1 2 7 0 2 7 0 2 7 0 2 7 0 2 7 0 2 7 1 2 7 1 2 7 12 16 2 1 2 7 5 30 3 13 6 3 16 6 2 0 2 4 0 2 7 0 2 7 1 2 7 0 2 7 1 2 7 0 2 7 0 2 7 1 2 7 6 2 7 0 2 7 1 2 7 0 2 7 13 6 3 0 2 7 1 2 7 0 2 7 0 2 7 13 6 3 1 2 7 0 2 7 1 2 4 0 2 7 1 2 7 0 2 4 1 2 7 17 18 2 5 31 3 0 2 7 17 9 2 0 2 7 1 2 7 1 2 7 0 2 7 0 2 7 17 9 2 1 2 4 0 59.938682496547699
5 30 3 12 16 2 12 16 2 12 16 2 0 2 7 17 9 2 12 16 2 0 2 7 0 2 4 6 2 7 13 6 3 0 2 7 1 2 4 1 2 4 1 2 7 0 2 7 1 2 4 1 2 7 0 2 4 0 2 4 0 2 7 0 2 7 1 2 7 0 2 7 1 2 7 17 18 2 0 2 7 5 31 3 1 2 7 0 2 7 16 6 2 1 2 7 5 31 3 0 2 7 0 2 4 0 2 7 5 31 3 17 9 2 0 2 4 1 2 7 17 18 2 0 2 7 0 2 4 1 2 7 0 2 7 1 2 4 1 2 7 1 2 7 1 2 4 0 2 7 1 2 7 0 2 7 17 9 2 0 2 7 1 2 4 0 2 3 0 2 7 0 2 7 13 6 3 17 18 2 0 60.2408736348152161
5 30 3 12 16 2 12 16 2 12 16 2 17 18 2 17 9 2 17 18 2 1 2 7 1 2 7 1 2 7 17 18 2 0 2 7 13 6 3 1 2 3 1 2 7 1 2 4 0 2 7 0 2 7 0 2 7 1 2 7 12 16 2 1 2 7 5 30 3 13 6 3 16 15 2 0 2 7 0 2 7 5 30 3 0 2 7 0 2 7 0 2 7 0 2 4 0 2 7 0 2 7 1 2 7 0 2 7 0 2 7 1 2 7 0 2 7 0 2 7 0 2 7 13 6 3 0 2 7 0 2 7 0 2 7 1 2 7 0 2 7 1 2 7 1 2 7 1 2 3 5 31 3 0 2 7 17 18 2 0 2 7 8 18 2 1 2 3 17 9 2 1 2 7 0 2 7 6 2 4 0 60.3246694207191467
1 2 4 16 6 2 12 16 2 0 2 3 1 2 3 1 2 7 1 2 7 0 2 7 1 2 7 0 2 3 0 2 3 0 2 4 1 2 7 0 2 7 17 9 2 1 2 7 1 2 7 17 18 2 12 16 2 13 6 3 12 16 2 17 18 2 12 16 2 0 2 7 0 2 7 1 2 7 0 2 7 0 2 7 0 2 7 0 2 7 0 2 7 1 2 7 1 2 7 0 2 7 5 30 3 17 9 2 1 2 3 0 2 7 1 2 3 1 2 7 1 2 7 13 6 3 1 2 7 5 31 3 1 2 7 0 2 4 13 6 3 0 2 4 17 9 2 0 2 7 1 2 3 16 6 2 0 2 7 0 2 3 0 2 7 0 2 7 0 2 7 0 2 7 12 16 2 5 31 3 0 60.415474534034729
5 30 3 12 16 2 12 16 2 0 2 7 8 18 2 17 9 2 17 18 2 5 30 3 0 2 7 0 2 7 0 2 4 1 2 4 0 2 7 0 2 7 0 2 4 0 2 7 0 2 7 12 16 2 0 2 7 0 2 7 5 31 3 0 2 7 0 2 7 1 2 4 0 2 7 5 30 3 1 2 7 1 2 7 1 2 3 0 2 7 1 2 11 0 2 7 1 2 4 1 2 7 1 2 3 1 2 4 1 2 4 0 2 7 1 2 7 0 2 7 0 2 7 0 2 7 1 2 3 17 9 2 1 2 4 1 2 7 1 2 7 16 31 2 12 16 2 0 2 7 0 2 7 16 6 2 0 2 7 17 18 2 0 2 7 13 6 3 0 2 7 16 31 2 5 30 3 0 2 4 0 60.8930354118347168
5 31 3 12 16 2 12 16 2 0 2 7 17 18 2 17 9 2 17 18 2 5 30 3 0 2 7 0 2 11 17 18 2 0 2 4 1 2 7 0 2 7 0 2 3 0 2 4 0 2 3 0 2 3 1 2 7 1 2 7 12 16 2 0 2 4 1 2 7 1 2 7 5 30 3 13 6 3 16 30 2 0 2 7 0 2 7 0 2 7 5 30 3 0 2 3 1 2 7 1 2 7 0 2 4 0 2 7 0 2 7 1 2 7 0 2 7 5 30 3 0 2 7 1 2 7 5 30 3 1 2 7 0 2 7 0 2 3 16 30 2 0 2 7 0 2 7 1 2 7 0 2 7 5 31 3 1 2 4 0 2 7 16 30 2 1 2 3 13 6 3 0 2 7 0 2 7 1 2 7 0 61.0965276956558228
5 30 3 12 16 2 12 16 2 12 16 2 0 2 7 17 9 2 12 16 2 1 2 4 0 2 7 13 6 3 0 2 7 0 2 4 1 2 7 1 2 4 0 2 7 0 2 7 1 2 7 0 2 7 1 2 4 1 2 4 0 2 7 1 2 7 12 16 2 0 2 7 0 2 7 12 16 2 0 2 7 1 2 4 6 2 4 17 18 2 0 2 7 5 31 3 1 2 7 0 2 7 16 6 2 0 2 4 5 31 3 1 2 7 0 2 7 0 2 4 5 31 3 8 18 2 17 9 2 0 2 7 0 2 7 17 18 2 0 2 7 0 2 7 1 2 7 16 6 2 1 2 11 1 2 7 0 2 7 0 2 7 0 2 7 1 2 7 1 2 7 0 2 7 0 2 7 8 18 2 0 61.1046324372291565
0 2 7 16 19 11 5 31 3 8 9 2 1 2 7 5 30 3 0 2 3 0 2 7 1 2 7 1 2 7 0 2 7 0 2 7 1 2 7 0 2 7 0 2 7 1 2 7 0 2 7 0 2 7 17 9 2 0 2 7 1 2 7 0 2 7 5 30 3 0 2 7 17 18 2 12 16 2 13 6 3 12 16 2 0 2 7 17 9 2 12 16 2 0 2 7 0 2 7 0 2 7 5 30 3 1 2 4 0 2 7 5 30 3 0 2 7 1 2 7 0 2 7 16 6 2 0 2 7 0 2 7 0 2 7 13 6 3 16 30 2 1 2 7 1 2 7 0 2 7 1 2 7 1 2 4 1 2 7 0 2 7 0 2 7 5 31 3 17 18 2 0 2 7 0 2 7 5 30 3 0 61.1173362731933594
0 2 3 1 2 7 12 16 2 0 2 7 5 30 3 0 2 7 0 2 7 1 2 7 0 2 7 0 2 7 1 2 7 0 2 7 0 2 7 0 2 7 0 2 3 0 2 7 8 9 2 0 2 7 0 2 7 1 2 7 0 2 7 5 31 3 1 2 7 0 2 11 17 18 2 0 2 7 13 6 3 12 16 2 0 2 3 17 18 2 12 16 2 0 2 4 0 2 7 0 2 7 5 31 3 1 2 3 16 6 2 1 2 7 1 2 7 13 6 3 1 2 7 16 6 2 5 30 3 5 30 3 0 2 7 1 2 7 0 2 3 0 2 3 0 2 7 16 6 2 1 2 3 16 6 2 0 2 7 0 2 3 12 16 2 0 2 3 1 2 7 1 2 7 17 9 2 1 2 3 0 61.2986325025558472
5 31 3 12 16 2 12 16 2 12 16 2 17 18 2 17 9 2 17 18 2 1 2 7 1 2 7 1 2 7 17 18 2 0 2 7 1 2 7 1 2 7 1 2 7 0 2 4 0 2 7 0 2 3 0 2 7 1 2 4 12 16 2 1 2 4 5 30 3 13 6 3 16 32 2 0 2 7 0 2 7 5 30 3 0 2 7 0 2 7 0 2 7 0 2 4 0 2 7 0 2 7 1 2 7 0 2 4 1 2 7 1 2 7 0 2 7 1 2 7 0 2 4 13 6 3 0 2 7 0 2 7 0 2 7 1 2 7 0 2 7 1 2 7 1 2 7 1 2 7 5 31 3 0 2 7 17 18 2 0 2 7 8 18 2 1 2 7 17 9 2 1 2 4 0 2 7 0 2 7 0 60.3726595640182495
5 31 3 12 16 2 12 16 2 12 16 2 17 18 2 17 9 2 17 18 2 1 2 7 0 2 7 5 31 3 1 2 7 0 2 7 0 2 7 0 2 7 0 2 7 0 2 7 1 2 7 1 2 7 12 16 2 1 2 7 5 30 3 13 6 3 16 6 2 0 2 4 0 2 7 0 2 7 1 2 7 0 2 7 1 2 7 0 2 7 0 2 7 1 2 7 6 2 7 0 2 7 1 2 7 0 2 7 13 6 3 0 2 7 1 2 7 0 2 7 0 2 7 13 6 3 1 2 7 0 2 7 1 2 4 0 2 7 1 2 7 0 2 4 1 2 7 17 18 2 5 31 3 0 2 7 17 9 2 0 2 7 1 2 7 1 2 7 0 2 7 0 2 7 17 9 2 1 2 4 0 59.938682496547699
5 30 3 12 16 2 12 16 2 0 2 7 17 9 2 17 18 2 5 31 3 0 2 7 0 2 4 0 2 7 0 2 7 0 2 7 0 2 4 0 2 7 13 6 3 12 16 2 0 2 7 1 2 4 0 2 7 0 2 4 1 2 4 1 2 7 1 2 4 1 2 7 1 2 7 0 2 7 0 2 7 1 2 7 0 2 7 1 2 7 0 2 4 0 2 7 1 2 7 17 9 2 1 2 4 12 16 2 0 2 7 0 2 7 0 2 7 17 18 2 0 2 7 1 2 7 0 2 7 0 2 7 13 6 3 1 2 7 0 2 7 0 2 4 1 2 4 0 2 7 17 18 2 17 18 2 5 30 3 1 2 7 5 31 3 1 2 7 1 2 4 1 2 7 16 31 2 1 2 4 0 60.1292035579681396
5 30 3 12 16 2 12 16 2 12 16 2 0 2 4 17 9 2 0 2 7 0 2 7 0 2 7 13 6 3 0 2 7 1 2 4 1 2 7 0 2 7 1 2 7 1 2 7 1 2 4 0 2 7 0 2 11 0 2 7 0 2 7 1 2 7 0 2 7 1 2 7 17 18 2 0 2 7 5 30 3 1 2 7 0 2 7 1 2 7 5 31 3 6 2 7 0 2 7 0 2 7 17 9 2 1 2 7 13 6 3 17 18 2 0 2 7 1 2 4 0 2 7 1 2 7 1 2 11 1 2 7 0 2 7 1 2 7 0 2 7 13 6 3 17 18 2 17 18 2 1 2 4 5 31 3 0 2 7 1 2 7 0 2 7 1 2 11 17 9 2 0 2 7 0 2 7 0 2 11 0 60.2022445797920227
5 30 3 12 16 2 12 16 2 12 16 2 17 18 2 17 9 2 17 18 2 1 2 7 1 2 7 1 2 7 17 18 2 0 2 7 13 6 3 1 2 3 1 2 7 1 2 4 0 2 7 0 2 7 0 2 7 1 2 7 12 16 2 1 2 7 5 30 3 13 6 3 16 15 2 0 2 7 0 2 7 5 30 3 0 2 7 0 2 7 0 2 7 0 2 4 0 2 7 0 2 7 1 2 7 0 2 7 0 2 7 1 2 7 0 2 7 0 2 7 0 2 7 13 6 3 0 2 7 0 2 7 0 2 7 1 2 7 0 2 7 1 2 7 1 2 7 1 2 3 5 31 3 0 2 7 17 18 2 0 2 7 8 18 2 1 2 3 17 9 2 1 2 7 0 2 7 6 2 4 0 60.3246694207191467
1 2 4 16 6 2 12 16 2 0 2 3 1 2 3 1 2 7 1 2 7 0 2 7 1 2 7 0 2 3 0 2 3 0 2 4 1 2 7 0 2 7 17 9 2 1 2 7 1 2 7 17 18 2 12 16 2 13 6 3 12 16 2 17 18 2 12 16 2 0 2 7 0 2 7 1 2 7 0 2 7 0 2 7 0 2 7 0 2 7 0 2 7 1 2 7 1 2 7 0 2 7 5 30 3 17 9 2 1 2 3 0 2 7 1 2 3 1 2 7 1 2 7 13 6 3 1 2 7 5 31 3 1 2 7 0 2 4 13 6 3 0 2 4 17 9 2 0 2 7 1 2 3 16 6 2 0 2 7 0 2 3 0 2 7 0 2 7 0 2 7 0 2 7 12 16 2 5 31 3 0 60.415474534034729
1 2 11 0 2 7 12 16 2 0 2 7 1 2 7 0 2 4 0 2 3 1 2 7 0 2 7 16 6 2 1 2 7 17 18 2 1 2 7 1 2 4 17 18 2 12 16 2 13 6 3 1 2 7 17 18 2 12 16 2 0 2 7 0 2 4 0 2 11 0 2 7 0 2 7 0 2 7 0 2 7 0 2 7 5 31 3 17 9 2 0 2 4 1 2 7 1 2 7 5 30 3 17 9 2 0 2 4 17 18 2 1 2 7 1 2 7 0 2 7 0 2 7 1 2 7 0 2 7 0 2 3 0 2 7 1 2 7 5 30 3 0 2 11 1 2 7 0 2 7 13 6 3 0 2 7 0 2 7 1 2 4 0 2 4 1 2 7 6 2 7 15 2 11 5 31 3 1 2 7 0 60.5718416571617126
5 30 3 12 16 2 12 16 2 0 2 7 17 9 2 17 18 2 5 30 3 0 2 7 5 31 3 1 2 7 0 2 4 0 2 7 0 2 7 0 2 4 13 6 3 12 16 2 0 2 7 1 2 7 0 2 7 0 2 7 0 2 7 0 2 7 1 2 7 5 31 3 1 2 7 0 2 7 1 2 7 0 2 7 0 2 7 0 2 7 1 2 4 0 2 7 1 2 11 0 2 7 17 18 2 0 2 4 1 2 7 0 2 7 0 2 4 13 6 3 0 2 7 0 2 7 6 2 7 17 18 2 0 2 7 16 6 2 1 2 7 0 2 7 1 2 11 6 2 7 17 9 2 13 6 3 1 2 11 5 30 3 5 30 3 1 2 4 1 2 4 0 2 7 12 16 2 17 9 2 0 60.6464382410049438
5 30 3 12 16 2 12 16 2 0 2 7 8 18 2 17 9 2 17 18 2 5 31 3 0 2 7 0 2 7 0 2 7 0 2 7 0 2 7 0 2 7 0 2 7 13 6 3 12 16 2 0 2 4 1 2 7 5 30 3 0 2 4 0 2 4 0 2 7 5 30 3 1 2 7 1 2 7 1 2 4 1 2 7 0 2 7 0 2 7 1 2 7 0 2 7 1 2 7 0 2 4 0 2 7 5 30 3 1 2 7 17 9 2 1 2 1 1 2 7 12 16 2 0 2 4 0 2 7 0 2 4 17 18 2 0 2 7 1 2 7 0 2 7 0 2 7 13 6 3 1 2 7 0 2 7 5 30 3 0 2 4 1 2 7 16 6 2 1 2 7 16 31 2 0 2 7 17 18 2 0 60.8168803453445435
5 30 3 12 16 2 12 16 2 0 2 7 8 18 2 17 9 2 17 18 2 5 30 3 0 2 7 0 2 7 0 2 4 1 2 4 0 2 7 0 2 7 0 2 4 0 2 7 0 2 7 12 16 2 0 2 7 0 2 7 5 31 3 0 2 7 0 2 7 1 2 4 0 2 7 5 30 3 1 2 7 1 2 7 1 2 3 0 2 7 1 2 11 0 2 7 1 2 4 1 2 7 1 2 3 1 2 4 1 2 4 0 2 7 1 2 7 0 2 7 0 2 7 0 2 7 1 2 3 17 9 2 1 2 4 1 2 7 1 2 7 16 31 2 12 16 2 0 2 7 0 2 7 16 6 2 0 2 7 17 18 2 0 2 7 13 6 3 0 2 7 16 31 2 5 30 3 0 2 4 0 60.8930354118347168
5 30 3 12 16 2 12 16 2 0 2 7 17 9 2 17 18 2 5 31 3 0 2 7 5 31 3 1 2 7 0 2 7 0 2 7 0 2 7 0 2 7 13 6 3 12 16 2 0 2 7 0 2 7 5 30 3 0 2 7 0 2 7 0 2 7 5 30 3 0 2 7 0 2 7 5 31 3 1 2 7 0 2 4 0 2 7 6 2 7 1 2 7 0 2 7 6 2 7 1 2 7 5 30 3 0 2 7 1 2 7 0 2 7 17 18 2 0 2 7 1 2 7 0 2 7 0 2 4 13 6 3 1 2 7 5 30 3 0 2 7 1 2 7 17 18 2 0 2 7 16 6 2 1 2 7 0 2 7 16 31 2 0 2 7 0 2 7 1 2 7 16 6 2 0 2 7 1 2 7 0 60.9420202970504761
0 2 7 12 16 2 12 16 2 0 2 7 17 9 2 17 18 2 5 31 3 0 2 4 5 31 3 0 2 4 0 2 7 0 2 7 0 2 7 1 2 7 13 6 3 12 16 2 1 2 7 1 2 7 1 2 7 1 2 7 0 2 7 0 2 7 1 2 7 0 2 7 0 2 7 1 2 7 0 2 7 1 2 7 1 2 7 1 2 7 0 2 7 1 2 7 17 18 2 1 2 4 1 2 7 0 2 7 0 2 7 13 6 3 0 2 7 0 2 7 17 18 2 0 2 7 1 2 7 1 2 7 17 9 2 1 2 7 1 2 7 12 16 2 0 2 7 13 6 3 1 2 7 16 6 2 5 31 3 17 18 2 0 2 7 0 2 7 0 2 7 1 2 7 0 2 7 0 2 7 0 59.7211945056915283
5 31 3 12 16 2 12 16 2 12 16 2 17 18 2 17 9 2 17 18 2 1 2 7 5 30 3 1 2 7 1 2 3 0 2 7 0 2 7 1 2 4 0 2 4 1 2 7 0 2 7 12 16 2 0 2 7 13 6 3 0 2 7 0 2 7 1 2 7 1 2 7 1 2 7 0 2 7 1 2 7 0 2 7 0 2 3 0 2 3 13 6 3 0 2 7 0 2 4 0 2 4 0 2 7 1 2 4 1 2 7 17 18 2 0 2 7 17 9 2 0 2 7 1 2 7 16 6 2 1 2 3 13 6 3 1 2 7 1 2 7 5 31 3 1 2 7 1 2 7 0 2 7 1 2 7 0 2 7 0 2 7 0 2 7 1 2 7 0 2 7 0 2 7 0 2 7 17 9 2 0 59.9809155464172363
5 30 3 12 16 2 12 16 2 12 16 2 1 2 4 17 9 2 0 2 7 0 2 7 0 2 7 13 6 3 0 2 7 1 2 7 1 2 7 0 2 7 1 2 7 0 2 7 0 2 4 0 2 7 0 2 7 0 2 7 0 2 4 1 2 7 0 2 4 1 2 4 17 18 2 0 2 7 5 30 3 1 2 7 0 2 7 1 2 7 5 31 3 0 2 7 0 2 7 5 30 3 17 9 2 1 2 7 13 6 3 17 18 2 0 2 7 1 2 4 0 2 7 1 2 7 0 2 7 1 2 7 0 2 7 0 2 7 0 2 4 13 6 3 17 18 2 17 18 2 1 2 7 5 31 3 1 2 7 1 2 7 1 2 7 1 2 4 17 9 2 0 2 4 0 2 7 0 2 7 0 60.0792984962463379
5 31 3 12 16 2 12 16 2 12 16 2 17 18 2 17 9 2 17 18 2 1 2 7 0 2 7 5 31 3 0 2 7 1 2 4 0 2 7 0 2 7 0 2 7 1 2 7 0 2 7 5 30 3 13 6 3 1 2 3 0 2 7 0 2 7 0 2 4 1 2 7 0 2 7 1 2 3 0 2 7 0 2 7 0 2 7 0 2 7 0 2 7 0 2 7 13 6 3 1 2 3 1 2 7 0 2 7 0 2 7 13 6 3 1 2 11 0 2 7 1 2 7 1 2 7 17 18 2 1 2 7 17 9 2 1 2 7 1 2 7 17 9 2 0 2 7 1 2 4 1 2 7 1 2 7 16 6 2 0 2 7 1 2 7 0 2 7 0 2 7 5 30 3 0 2 7 0 2 7 0 60.1339124441146851
1 2 11 0 2 7 12 16 2 0 2 7 1 2 7 0 2 4 0 2 3 1 2 7 0 2 7 16 6 2 1 2 7 17 18 2 1 2 7 1 2 4 17 18 2 12 16 2 13 6 3 1 2 7 17 18 2 12 16 2 0 2 7 0 2 4 0 2 11 0 2 7 0 2 7 0 2 7 0 2 7 0 2 7 5 31 3 17 9 2 0 2 4 1 2 7 1 2 7 5 30 3 17 9 2 0 2 4 17 18 2 1 2 7 1 2 7 0 2 7 0 2 7 1 2 7 0 2 7 0 2 3 0 2 7 1 2 7 5 30 3 0 2 11 1 2 7 0 2 7 13 6 3 0 2 7 0 2 7 1 2 4 0 2 4 1 2 7 6 2 7 15 2 11 5 31 3 1 2 7 0 60.5718416571617126
5 30 3 12 16 2 12 16 2 0 2 7 17 9 2 17 18 2 5 30 3 0 2 7 5 31 3 1 2 7 0 2 4 0 2 7 0 2 7 0 2 4 13 6 3 12 16 2 0 2 7 1 2 7 0 2 7 0 2 7 0 2 7 0 2 7 1 2 7 5 31 3 1 2 7 0 2 7 1 2 7 0 2 7 0 2 7 0 2 7 1 2 4 0 2 7 1 2 11 0 2 7 17 18 2 0 2 4 1 2 7 0 2 7 0 2 4 13 6 3 0 2 7 0 2 7 6 2 7 17 18 2 0 2 7 16 6 2 1 2 7 0 2 7 1 2 11 6 2 7 17 9 2 13 6 3 1 2 11 5 30 3 5 30 3 1 2 4 1 2 4 0 2 7 12 16 2 17 9 2 0 60.6464382410049438
0 2 4 12 16 2 12 16 2 0 2 7 17 9 2 17 18 2 5 31 3 0 2 4 0 2 7 0 2 4 0 2 7 0 2 7 1 2 7 13 6 3 12 16 2 1 2 7 1 2 4 1 2 7 1 2 7 0 2 7 0 2 7 1 2 7 0 2 7 0 2 4 6 2 7 0 2 7 1 2 7 1 2 7 1 2 7 0 2 7 1 2 7 17 18 2 1 2 4 1 2 11 0 2 7 0 2 7 13 6 3 0 2 7 0 2 7 17 18 2 0 2 10 17 9 2 12 16 2 0 2 7 16 6 2 0 2 7 0 2 7 0 2 4 5 30 3 1 2 7 5 30 3 5 30 3 0 2 4 1 2 7 5 31 3 5 30 3 0 2 7 16 31 2 0 2 7 0 2 7 0 60.728247344493866
5 30 3 12 16 2 12 16 2 0 2 7 8 18 2 17 9 2 17 18 2 5 30 3 0 2 7 0 2 7 0 2 4 1 2 4 0 2 7 0 2 7 0 2 4 0 2 7 0 2 7 12 16 2 0 2 7 0 2 7 5 31 3 0 2 7 0 2 7 1 2 4 0 2 7 5 30 3 1 2 7 1 2 7 1 2 3 0 2 7 1 2 11 0 2 7 1 2 4 1 2 7 1 2 3 1 2 4 1 2 4 0 2 7 1 2 7 0 2 7 0 2 7 0 2 7 1 2 3 17 9 2 1 2 4 1 2 7 1 2 7 16 31 2 12 16 2 0 2 7 0 2 7 16 6 2 0 2 7 17 18 2 0 2 7 13 6 3 0 2 7 16 31 2 5 30 3 0 2 4 0 60.8930354118347168
5 31 3 12 16 2 12 16 2 12 16 2 17 18 2 17 9 2 17 18 2 1 2 7 0 2 7 5 31 3 0 2 7 1 2 7 0 2 7 0 2 7 1 2 7 1 2 7 0 2 7 5 30 3 13 6 3 1 2 7 0 2 7 0 2 7 0 2 7 1 2 7 0 2 7 0 2 7 0 2 7 0 2 7 0 2 4 0 2 7 0 2 7 0 2 7 13 6 3 1 2 7 1 2 7 0 2 7 0 2 7 13 6 3 1 2 7 0 2 4 1 2 7 1 2 7 1 2 7 17 9 2 1 2 7 17 9 2 0 2 7 0 2 7 0 2 4 16 30 2 0 2 11 0 2 11 17 18 2 16 6 2 5 30 3 1 2 7 5 30 3 1 2 7 16 6 2 0 2 7 0.0444274443177031103 59.687746524810791
5 31 3 12 16 2 12 16 2 12 16 2 17 18 2 17 9 2 17 18 2 0 2 7 0 2 7 5 30 3 0 2 7 1 2 7 0 2 7 0 2 7 0 2 7 1 2 7 0 2 7 5 30 3 13 6 3 0 2 7 1 2 7 0 2 7 1 2 7 0 2 7 0 2 4 0 2 7 1 2 7 6 2 4 0 2 7 0 2 7 13 6 3 1 2 7 0 2 7 0 2 7 13 6 3 1 2 4 0 2 7 1 2 7 0 2 4 17 18 2 0 2 7 17 9 2 17 9 2 5 31 3 1 2 7 16 6 2 0 2 7 0 2 7 5 30 3 5 30 3 5 30 3 0 2 4 0 2 4 1 2 7 1 2 7 0 2 7 1 2 7 1 2 7 0 2 7 0 2 7 0 60.5047423243522644
0 2 7 12 16 2 12 16 2 0 2 7 17 9 2 17 18 2 5 31 3 0 2 7 5 31 3 0 2 7 0 2 7 0 2 7 0 2 7 1 2 7 13 6 3 12 16 2 1 2 7 1 2 7 1 2 7 1 2 7 0 2 7 0 2 7 1 2 7 0 2 7 0 2 7 1 2 7 0 2 7 1 2 7 1 2 7 1 2 7 0 2 7 1 2 7 17 18 2 1 2 4 1 2 7 0 2 7 0 2 7 13 6 3 0 2 7 0 2 7 17 18 2 0 2 7 17 9 2 0 2 7 13 6 3 17 18 2 0 2 7 0 2 7 0 2 7 0 2 7 1 2 4 1 2 7 0 2 7 1 2 7 12 16 2 1 2 7 16 6 2 5 31 3 1 2 7 1 2 4 0 59.7211945056915283
5 30 3 12 16 2 12 16 2 12 16 2 1 2 4 17 9 2 0 2 4 0 2 7 0 2 4 13 6 3 0 2 7 1 2 7 1 2 7 0 2 7 1 2 7 0 2 7 0 2 7 0 2 7 0 2 7 0 2 7 1 2 4 0 2 7 17 18 2 0 2 7 1 2 7 0 2 7 1 2 4 5 31 3 0 2 7 0 2 4 17 9 2 1 2 7 13 6 3 17 18 2 0 2 7 0 2 7 1 2 4 1 2 7 1 2 7 0 2 7 0 2 4 13 6 3 17 18 2 1 2 7 5 31 3 1 2 7 1 2 7 1 2 7 17 9 2 0 2 4 1 2 7 17 18 2 1 2 7 0 2 4 1 2 7 0 2 7 0 2 7 12 16 2 0 2 7 5 30 3 0 59.9459015130996704
5 30 3 12 16 2 12 16 2 12 16 2 1 2 4 17 9 2 0 2 7 0 2 7 0 2 7 13 6 3 0 2 7 1 2 7 1 2 7 0 2 7 1 2 4 0 2 7 0 2 3 0 2 7 0 2 7 0 2 7 0 2 4 1 2 7 0 2 7 1 2 4 17 18 2 0 2 7 1 2 7 0 2 7 1 2 7 5 31 3 0 2 7 0 2 7 17 9 2 1 2 7 13 6 3 17 18 2 0 2 7 0 2 7 1 2 7 0 2 7 1 2 7 0 2 7 0 2 7 13 6 3 17 18 2 1 2 7 5 31 3 1 2 7 1 2 7 1 2 7 17 9 2 0 2 7 1 2 7 1 2 3 16 6 2 1 2 3 0 2 3 12 16 2 0 2 4 1 2 7 0 59.9809155464172363
5 31 3 12 16 2 12 16 2 12 16 2 17 18 2 17 9 2 17 18 2 1 2 7 0 2 7 5 31 3 0 2 7 1 2 4 0 2 7 0 2 7 0 2 7 1 2 7 0 2 7 5 30 3 13 6 3 1 2 3 0 2 7 0 2 7 0 2 4 1 2 7 0 2 7 1 2 3 0 2 7 0 2 7 0 2 7 0 2 7 0 2 7 0 2 7 13 6 3 1 2 3 1 2 7 0 2 7 0 2 7 13 6 3 1 2 11 0 2 7 1 2 7 1 2 7 17 18 2 1 2 7 17 9 2 1 2 7 1 2 7 17 9 2 0 2 7 1 2 4 1 2 7 1 2 7 16 6 2 0 2 7 1 2 7 0 2 7 0 2 7 5 30 3 0 2 7 0 2 7 0 60.1339124441146851
5 30 3 12 16 2 12 16 2 12 16 2 1 2 7 17 9 2 0 2 7 1 2 7 0 2 7 13 6 3 1 2 7 1 2 4 1 2 7 0 2 7 0 2 7 0 2 7 0 2 4 0 2 7 0 2 7 0 2 7 1 2 7 17 9 2 17 18 2 0 2 7 0 2 7 0 2 7 1 2 7 5 31 3 0 2 4 0 2 7 17 9 2 1 2 11 13 6 3 17 18 2 0 2 7 0 2 4 1 2 11 0 2 7 1 2 7 0 2 7 13 6 3 17 18 2 0 2 7 5 31 3 1 2 11 0 2 7 1 2 7 1 2 7 0 2 7 0 2 7 0 2 7 1 2 7 1 2 7 1 2 7 0 2 7 17 9 2 1 2 11 6 2 4 5 30 3 1 2 7 0 60.2022443413734436
0 2 7 12 16 2 12 16 2 1 2 7 17 9 2 17 18 2 5 31 3 1 2 7 5 30 3 0 2 7 0 2 7 0 2 3 0 2 7 1 2 7 13 6 3 12 16 2 0 2 7 1 2 4 1 2 7 1 2 7 0 2 1 0 2 11 6 2 7 0 2 7 0 2 7 1 2 7 0 2 4 1 2 7 1 2 7 0 2 7 0 2 4 0 2 7 17 18 2 1 2 7 1 2 7 0 2 3 0 2 7 13 6 3 1 2 7 1 2 7 17 18 2 0 2 7 0 2 7 1 2 7 17 9 2 0 2 7 1 2 7 12 16 2 5 30 3 5 31 3 13 6 3 0 2 7 0 2 7 17 18 2 0 2 7 0 2 7 16 30 2 1 2 7 1 2 7 0 2 7 0 60.3176266551017761
1 2 11 0 2 7 12 16 2 0 2 7 1 2 7 0 2 4 0 2 3 1 2 7 0 2 7 16 6 2 1 2 7 17 18 2 1 2 7 1 2 4 17 18 2 12 16 2 13 6 3 1 2 7 17 18 2 12 16 2 0 2 7 0 2 4 0 2 11 0 2 7 0 2 7 0 2 7 0 2 7 0 2 7 5 31 3 17 9 2 0 2 4 1 2 7 1 2 7 5 30 3 17 9 2 0 2 4 17 18 2 1 2 7 1 2 7 0 2 7 0 2 7 1 2 7 0 2 7 0 2 3 0 2 7 1 2 7 5 30 3 0 2 11 1 2 7 0 2 7 13 6 3 0 2 7 0 2 7 1 2 4 0 2 4 1 2 7 6 2 7 15 2 11 5 31 3 1 2 7 0 60.5718416571617126
5 30 3 12 16 2 12 16 2 0 2 7 17 9 2 17 18 2 5 30 3 0 2 7 5 31 3 1 2 7 0 2 4 0 2 7 0 2 7 0 2 4 13 6 3 12 16 2 0 2 7 1 2 7 0 2 7 0 2 7 0 2 7 0 2 7 1 2 7 5 31 3 1 2 7 0 2 7 1 2 7 0 2 7 0 2 7 0 2 7 1 2 4 0 2 7 1 2 11 0 2 7 17 18 2 0 2 4 1 2 7 0 2 7 0 2 4 13 6 3 0 2 7 0 2 7 6 2 7 17 18 2 0 2 7 16 6 2 1 2 7 0 2 7 1 2 11 6 2 7 17 9 2 13 6 3 1 2 11 5 30 3 5 30 3 1 2 4 1 2 4 0 2 7 12 16 2 17 9 2 0 60.6464382410049438
5 30 3 12 16 2 12 16 2 0 2 7 8 18 2 17 9 2 17 18 2 5 30 3 0 2 7 0 2 7 0 2 4 1 2 4 0 2 7 0 2 7 0 2 4 0 2 7 0 2 7 12 16 2 0 2 7 0 2 7 5 31 3 0 2 7 0 2 7 1 2 4 0 2 7 5 30 3 1 2 7 1 2 7 1 2 3 0 2 7 1 2 11 0 2 7 1 2 4 1 2 7 1 2 3 1 2 4 1 2 4 0 2 7 1 2 7 0 2 7 0 2 7 0 2 7 1 2 3 17 9 2 1 2 4 1 2 7 1 2 7 16 31 2 12 16 2 0 2 7 0 2 7 16 6 2 0 2 7 17 18 2 0 2 7 13 6 3 0 2 7 16 31 2 5 30 3 0 2 4 0 60.8930354118347168
5 30 3 12 16 2 12 16 2 12 16 2 1 2 7 17 9 2 0 2 7 0 2 4 0 2 7 13 6 3 0 2 7 1 2 7 1 2 7 1 2 7 1 2 7 0 2 7 0 2 7 0 2 4 0 2 7 0 2 7 0 2 7 1 2 7 0 2 7 1 2 4 17 18 2 1 2 7 1 2 7 0 2 7 0 2 4 5 31 3 5 31 3 0 2 4 17 9 2 1 2 7 13 6 3 17 18 2 0 2 7 0 2 7 1 2 7 0 2 7 17 18 2 1 2 4 1 2 4 1 2 4 1 2 7 6 2 7 1 2 7 16 6 2 0 2 4 0 2 4 0 2 7 0 2 4 0 2 7 5 31 3 0 2 4 0 2 3 1 2 7 0 2 7 12 16 2 17 18 2 0 60.2408736348152161
12 16 2 12 16 2 12 16 2 1 2 4 17 9 2 0 2 7 0 2 7 0 2 7 13 6 3 0 2 7 1 2 7 1 2 7 0 2 7 1 2 7 0 2 7 0 2 7 0 2 7 0 2 7 1 2 7 0 2 7 1 2 4 17 18 2 0 2 7 1 2 7 0 2 7 1 2 7 5 31 3 0 2 7 0 2 7 17 9 2 1 2 7 13 6 3 17 18 2 0 2 7 0 2 7 1 2 7 0 2 7 1 2 7 0 2 7 0 2 7 13 6 3 17 18 2 1 2 7 5 31 3 1 2 7 1 2 7 1 2 7 0 2 7 1 2 7 16 6 2 12 16 2 1 2 7 5 31 3 0 2 7 0 2 7 17 9 2 1 2 7 0 2 7 1 2 7 0 2 4 0 59.7211945056915283
5 31 3 12 16 2 12 16 2 12 16 2 1 2 7 0 2 7 0 2 7 13 6 3 0 2 7 1 2 7 1 2 7 0 2 7 0 2 7 0 2 7 1 2 7 0 2 7 0 2 7 1 2 7 0 2 4 17 18 2 1 2 7 0 2 7 1 2 7 5 30 3 17 9 2 1 2 7 13 6 3 17 18 2 0 2 7 1 2 7 0 2 7 17 18 2 1 2 7 1 2 7 1 2 7 0 2 7 1 2 7 0 2 7 1 2 7 0 2 7 13 6 3 0 2 4 17 9 2 0 2 7 0 2 7 0 2 7 0 2 7 5 31 3 0 2 4 0 2 4 0 2 7 17 18 2 1 2 7 1 2 7 1 2 4 1 2 4 0 2 7 17 9 2 5 30 3 1 2 4 0 59.7875515222549438
5 31 3 12 16 2 12 16 2 12 16 2 1 2 7 16 6 2 1 2 7 0 2 7 0 2 7 13 6 3 0 2 3 1 2 3 1 2 7 1 2 7 1 2 7 0 2 7 0 2 7 0 2 7 1 2 7 0 2 7 0 2 7 1 2 7 0 2 4 0 2 4 17 18 2 1 2 7 1 2 7 0 2 7 1 2 7 5 31 3 5 30 3 0 2 3 17 9 2 1 2 7 13 6 3 17 18 2 0 2 7 0 2 4 1 2 7 0 2 7 17 18 2 1 2 7 1 2 7 1 2 7 0 2 7 1 2 7 0 2 4 0 2 7 1 2 7 0 2 3 0 2 7 0 2 4 12 16 2 17 18 2 13 6 3 1 2 7 0 2 7 17 9 2 0 2 7 0 2 7 0 59.9809155464172363
5 31 3 12 16 2 12 16 2 12 16 2 1 2 3 16 6 2 1 2 7 0 2 7 0 2 7 13 6 3 0 2 7 1 2 7 1 2 7 0 2 7 0 2 7 0 2 7 1 2 7 0 2 7 0 2 7 1 2 7 0 2 4 17 18 2 1 2 3 1 2 7 0 2 7 1 2 7 5 30 3 17 9 2 1 2 7 13 6 3 17 18 2 0 2 7 1 2 7 0 2 7 17 18 2 1 2 7 1 2 7 1 2 7 0 2 7 1 2 7 0 2 7 1 2 7 0 2 7 12 16 2 13 6 3 0 2 4 17 9 2 0 2 7 0 2 7 0 2 7 1 2 3 0 2 7 5 31 3 0 2 4 0 2 4 0 2 4 1 2 3 0 2 7 17 18 2 1 2 7 0 59.9809155464172363
12 16 2 12 16 2 12 16 2 1 2 4 17 9 2 0 2 7 0 2 7 0 2 7 13 6 3 0 2 7 1 2 7 1 2 7 0 2 7 1 2 4 0 2 7 0 2 7 0 2 4 0 2 7 1 2 7 0 2 7 1 2 4 17 18 2 0 2 7 1 2 7 0 2 7 1 2 7 5 31 3 0 2 7 0 2 7 17 9 2 1 2 7 13 6 3 17 18 2 0 2 7 0 2 7 1 2 7 0 2 7 1 2 7 0 2 7 0 2 3 13 6 3 17 18 2 1 2 7 5 31 3 1 2 7 1 2 7 1 2 7 0 2 7 1 2 7 16 6 2 12 16 2 1 2 7 5 30 3 0 2 3 0 2 4 1 2 7 17 18 2 1 2 3 0 2 3 0 2 7 0 59.9809155464172363
5 31 3 12 16 2 12 16 2 12 16 2 17 18 2 17 9 2 17 18 2 1 2 7 0 2 7 5 31 3 0 2 7 1 2 4 0 2 7 0 2 7 0 2 7 1 2 7 0 2 7 5 30 3 13 6 3 1 2 3 0 2 7 0 2 7 0 2 4 1 2 7 0 2 7 1 2 3 0 2 7 0 2 7 0 2 7 0 2 7 0 2 7 0 2 7 13 6 3 1 2 3 1 2 7 0 2 7 0 2 7 13 6 3 1 2 11 0 2 7 1 2 7 1 2 7 17 18 2 1 2 7 17 9 2 1 2 7 1 2 7 17 9 2 0 2 7 1 2 4 1 2 7 1 2 7 16 6 2 0 2 7 1 2 7 0 2 7 0 2 7 5 30 3 0 2 7 0 2 7 0 60.1339124441146851
5 30 3 12 16 2 12 16 2 12 16 2 1 2 7 17 9 2 0 2 7 1 2 7 0 2 7 13 6 3 1 2 7 1 2 4 1 2 7 0 2 7 0 2 7 0 2 7 0 2 4 0 2 7 0 2 7 0 2 7 1 2 7 17 9 2 17 18 2 0 2 7 0 2 7 0 2 7 1 2 7 5 31 3 0 2 4 0 2 7 17 9 2 1 2 11 13 6 3 17 18 2 0 2 7 0 2 4 1 2 11 0 2 7 1 2 7 0 2 7 13 6 3 17 18 2 0 2 7 5 31 3 1 2 11 0 2 7 1 2 7 1 2 7 0 2 7 0 2 7 0 2 7 1 2 7 1 2 7 1 2 7 0 2 7 17 9 2 1 2 11 6 2 4 5 30 3 1 2 7 0 60.2022443413734436
5 31 3 12 16 2 12 16 2 12 16 2 17 9 2 0 2 7 1 2 7 0 2 7 13 6 3 1 2 7 1 2 7 1 2 7 0 2 7 1 2 4 0 2 7 0 2 7 0 2 7 0 2 7 0 2 7 0 2 4 17 18 2 0 2 7 1 2 4 0 2 4 5 30 3 0 2 7 0 2 7 17 9 2 1 2 7 13 6 3 17 18 2 0 2 7 0 2 7 1 2 7 1 2 7 0 2 7 1 2 7 17 18 2 1 2 4 5 31 3 1 2 7 1 2 7 1 2 7 0 2 7 1 2 7 17 18 2 1 2 4 0 2 7 1 2 4 0 2 4 0 2 4 0 2 7 0 2 3 16 6 2 0 2 4 0 2 4 12 16 2 0 2 4 5 31 3 6 2 7 0 60.2408736348152161
0 2 7 12 16 2 12 16 2 1 2 7 17 9 2 17 18 2 5 31 3 1 2 7 5 30 3 0 2 7 0 2 7 0 2 3 0 2 7 1 2 7 13 6 3 12 16 2 0 2 7 1 2 4 1 2 7 1 2 7 0 2 1 0 2 11 6 2 7 0 2 7 0 2 7 1 2 7 0 2 4 1 2 7 1 2 7 0 2 7 0 2 4 0 2 7 17 18 2 1 2 7 1 2 7 0 2 3 0 2 7 13 6 3 1 2 7 1 2 7 17 18 2 0 2 7 0 2 7 1 2 7 17 9 2 0 2 7 1 2 7 12 16 2 5 30 3 5 31 3 13 6 3 0 2 7 0 2 7 17 18 2 0 2 7 0 2 7 16 30 2 1 2 7 1 2 7 0 2 7 0 60.3176266551017761
12 16 2 12 16 2 12 16 2 1 2 4 17 9 2 0 2 7 0 2 7 0 2 7 13 6 3 0 2 7 1 2 7 1 2 7 0 2 7 1 2 4 0 2 7 0 2 7 0 2 4 0 2 7 1 2 7 0 2 7 17 18 2 0 2 7 1 2 7 0 2 7 1 2 7 5 31 3 0 2 7 0 2 7 17 9 2 1 2 7 13 6 3 17 18 2 0 2 7 0 2 7 1 2 7 0 2 7 1 2 7 0 2 7 13 6 3 17 18 2 1 2 7 5 31 3 1 2 7 1 2 7 1 2 7 0 2 7 16 6 2 5 30 3 1 2 3 0 2 7 1 2 3 0 2 7 1 2 7 0 2 7 0 2 7 0 2 3 0 2 7 1 2 7 17 18 2 0 2 3 0.000589443511686327465 59.9436695575714111
12 16 2 12 16 2 12 16 2 17 9 2 0 2 4 0 2 7 0 2 7 13 6 3 0 2 7 1 2 7 0 2 7 0 2 7 0 2 7 0 2 7 0 2 7 1 2 7 17 18 2 0 2 7 1 2 7 0 2 7 1 2 7 5 31 3 0 2 7 1 2 7 17 9 2 1 2 7 13 6 3 17 18 2 0 2 7 1 2 7 1 2 7 0 2 7 1 2 7 0 2 7 13 6 3 17 18 2 0 2 7 5 31 3 1 2 7 1 2 7 1 2 7 1 2 7 16 6 2 12 16 2 1 2 7 5 31 3 0 2 7 0 2 7 1 2 7 1 2 7 0 2 7 1 2 7 0 2 7 0 2 7 0 2 7 17 9 2 1 2 4 1 2 4 0 2 7 0 2 7 0 59.7211945056915283
12 16 2 12 16 2 12 16 2 17 9 2 0 2 4 0 2 7 0 2 7 13 6 3 0 2 7 1 2 7 0 2 7 0 2 7 0 2 7 0 2 7 0 2 7 1 2 7 17 18 2 0 2 7 1 2 7 0 2 7 1 2 7 5 31 3 0 2 7 1 2 7 17 9 2 1 2 7 13 6 3 17 18 2 0 2 7 1 2 7 1 2 7 0 2 7 1 2 7 0 2 7 13 6 3 17 18 2 0 2 7 5 31 3 1 2 7 1 2 7 1 2 7 1 2 7 16 6 2 12 16 2 1 2 7 5 31 3 0 2 7 0 2 7 1 2 7 1 2 7 0 2 7 1 2 7 0 2 7 0 2 7 0 2 7 0 2 4 0 2 4 17 18 2 1 2 7 1 2 7 0 59.7211945056915283
12 16 2 12 16 2 12 16 2 1 2 4 0 2 7 0 2 7 13 6 3 0 2 7 1 2 7 1 2 4 0 2 7 0 2 7 0 2 7 1 2 7 0 2 7 0 2 4 1 2 7 0 2 7 17 18 2 1 2 7 0 2 7 1 2 7 17 9 2 13 6 3 17 18 2 0 2 7 0 2 7 17 18 2 1 2 4 1 2 7 1 2 7 0 2 7 1 2 4 1 2 7 13 6 3 0 2 7 17 9 2 0 2 7 0 2 7 1 2 7 0 2 7 5 31 3 0 2 7 17 9 2 0 2 7 0 2 7 1 2 7 1 2 7 1 2 7 1 2 7 1 2 7 0 2 7 5 31 3 5 30 3 5 30 3 0 2 4 0 2 4 1 2 7 0 2 7 17 9 2 0 59.7875515222549438
5 31 3 12 16 2 12 16 2 12 16 2 1 2 7 1 2 7 0 2 7 0 2 4 13 6 3 1 2 7 1 2 7 1 2 7 0 2 7 0 2 7 0 2 7 1 2 7 0 2 7 0 2 7 1 2 7 0 2 4 0 2 4 17 18 2 1 2 7 1 2 7 0 2 7 1 2 4 5 31 3 5 30 3 17 9 2 1 2 7 13 6 3 17 18 2 0 2 4 0 2 4 1 2 7 0 2 4 17 18 2 1 2 7 1 2 7 1 2 7 0 2 7 0 2 7 0 2 7 13 6 3 0 2 7 17 9 2 0 2 7 0 2 7 0 2 7 0 2 7 1 2 4 1 2 4 1 2 7 0 2 4 0 2 7 0 2 7 17 9 2 12 16 2 17 18 2 5 30 3 0 59.9459015130996704
5 31 3 12 16 2 12 16 2 12 16 2 1 2 7 16 6 2 1 2 7 0 2 7 0 2 7 13 6 3 0 2 3 1 2 3 1 2 7 1 2 7 1 2 7 0 2 7 0 2 7 0 2 7 1 2 7 0 2 7 0 2 7 1 2 7 0 2 4 0 2 4 17 18 2 1 2 7 1 2 7 0 2 7 1 2 7 5 31 3 5 30 3 0 2 3 17 9 2 1 2 7 13 6 3 17 18 2 0 2 7 0 2 4 1 2 7 0 2 7 17 18 2 1 2 7 1 2 7 1 2 7 0 2 7 1 2 7 0 2 4 0 2 7 1 2 7 0 2 3 0 2 7 0 2 4 12 16 2 17 18 2 13 6 3 1 2 7 0 2 7 17 9 2 0 2 7 0 2 7 0 59.9809155464172363
5 31 3 12 16 2 12 16 2 12 16 2 1 2 4 16 6 2 0 2 7 0 2 7 0 2 7 13 6 3 1 2 7 1 2 3 1 2 7 1 2 7 0 2 7 0 2 7 0 2 7 1 2 7 0 2 7 0 2 7 1 2 7 0 2 7 17 18 2 1 2 7 1 2 4 0 2 7 1 2 7 5 31 3 5 30 3 17 9 2 1 2 7 13 6 3 17 18 2 0 2 7 1 2 7 0 2 7 17 18 2 0 2 3 0 2 7 0 2 7 13 6 3 0 2 7 17 9 2 0 2 7 0 2 7 0 2 7 1 2 4 0 2 4 1 2 7 1 2 3 0 2 7 1 2 3 1 2 7 0 2 7 17 9 2 0 2 7 0 2 7 12 16 2 1 2 7 1 2 4 0 59.9809155464172363
12 16 2 12 16 2 12 16 2 17 9 2 0 2 4 0 2 7 0 2 7 13 6 3 0 2 7 1 2 7 0 2 7 0 2 7 0 2 7 0 2 7 0 2 4 1 2 7 17 18 2 0 2 7 1 2 3 0 2 7 1 2 3 5 31 3 0 2 7 1 2 7 17 9 2 1 2 7 13 6 3 17 18 2 0 2 7 1 2 7 1 2 7 0 2 7 1 2 7 0 2 7 13 6 3 17 18 2 0 2 7 5 31 3 1 2 7 1 2 7 1 2 7 1 2 7 16 6 2 12 16 2 1 2 7 0 2 7 1 2 7 1 2 7 1 2 7 5 30 3 0 2 4 0 2 7 1 2 3 0 2 7 0 2 4 17 9 2 0 2 3 1 2 4 0 2 7 0 2 7 0 59.9809155464172363
5 30 3 12 16 2 12 16 2 12 16 2 17 9 2 0 2 7 1 2 7 1 2 4 13 6 3 1 2 4 5 30 3 1 2 7 0 2 7 1 2 7 0 2 7 0 2 7 0 2 4 0 2 7 0 2 7 0 2 4 17 18 2 0 2 7 0 2 7 0 2 3 5 30 3 0 2 7 0 2 4 17 9 2 1 2 7 13 6 3 17 18 2 0 2 7 0 2 4 1 2 3 1 2 4 0 2 3 0 2 7 17 18 2 1 2 4 5 31 3 1 2 7 1 2 7 1 2 7 0 2 4 1 2 7 17 18 2 1 2 7 0 2 4 1 2 4 1 2 7 0 2 7 0 2 7 12 16 2 0 2 4 0 2 3 13 6 3 1 2 4 17 9 2 1 2 7 0 2 7 0 60.1856225728988647
5 30 3 12 16 2 12 16 2 12 16 2 1 2 7 17 9 2 0 2 7 1 2 7 0 2 7 13 6 3 1 2 7 1 2 4 1 2 7 0 2 7 0 2 7 0 2 7 0 2 4 0 2 7 0 2 7 0 2 7 1 2 7 17 9 2 17 18 2 0 2 7 0 2 7 0 2 7 1 2 7 5 31 3 0 2 4 0 2 7 17 9 2 1 2 11 13 6 3 17 18 2 0 2 7 0 2 4 1 2 11 0 2 7 1 2 7 0 2 7 13 6 3 17 18 2 0 2 7 5 31 3 1 2 11 0 2 7 1 2 7 1 2 7 0 2 7 0 2 7 0 2 7 1 2 7 1 2 7 1 2 7 0 2 7 17 9 2 1 2 11 6 2 4 5 30 3 1 2 7 0 60.2022443413734436
5 31 3 12 16 2 12 16 2 12 16 2 17 9 2 0 2 7 1 2 7 0 2 7 13 6 3 1 2 7 1 2 7 1 2 7 0 2 7 1 2 4 0 2 7 0 2 7 0 2 7 0 2 7 0 2 7 0 2 4 17 18 2 0 2 7 1 2 4 0 2 4 5 30 3 0 2 7 0 2 7 17 9 2 1 2 7 13 6 3 17 18 2 0 2 7 0 2 7 1 2 7 1 2 7 0 2 7 1 2 7 17 18 2 1 2 4 5 31 3 1 2 7 1 2 7 1 2 7 0 2 7 1 2 7 17 18 2 1 2 4 0 2 7 1 2 4 0 2 4 0 2 4 0 2 7 0 2 3 16 6 2 0 2 4 0 2 4 12 16 2 0 2 4 5 31 3 6 2 7 0 60.2408736348152161
5 31 3 12 16 2 12 16 2 12 16 2 16 6 2 0 2 7 0 2 7 0 2 7 13 6 3 1 2 7 1 2 7 1 2 7 0 2 7 0 2 7 0 2 7 1 2 7 0 2 7 0 2 7 1 2 7 0 2 7 17 18 2 1 2 7 0 2 7 1 2 7 5 31 3 17 9 2 1 2 7 13 6 3 17 18 2 0 2 7 1 2 7 0 2 7 17 18 2 0 2 7 0 2 7 13 6 3 0 2 7 17 9 2 0 2 7 0 2 7 0 2 7 0 2 7 1 2 7 0 2 7 1 2 7 0 2 7 0 2 7 12 16 2 1 2 7 0 2 7 1 2 7 1 2 4 1 2 7 0 2 7 1 2 4 5 31 3 1 2 7 17 18 2 1 2 7 1 2 4 0 59.7211945056915283
5 31 3 12 16 2 12 16 2 12 16 2 16 6 2 0 2 7 0 2 7 0 2 7 13 6 3 1 2 7 1 2 7 0 2 7 0 2 7 0 2 7 1 2 7 0 2 7 0 2 7 1 2 7 0 2 4 17 18 2 1 2 7 0 2 7 5 31 3 17 9 2 1 2 7 13 6 3 17 18 2 0 2 7 1 2 7 0 2 7 17 18 2 0 2 4 13 6 3 0 2 7 17 9 2 0 2 7 1 2 7 0 2 7 12 16 2 1 2 7 1 2 7 1 2 7 17 18 2 1 2 7 0 2 7 1 2 7 0 2 7 0 2 7 0 2 7 0 2 7 1 2 7 0 2 7 0 2 7 1 2 7 1 2 7 5 31 3 0 2 7 1 2 4 1 2 7 1 2 7 0 59.7211945056915283
5 31 3 12 16 2 12 16 2 12 16 2 1 2 7 1 2 7 0 2 7 0 2 4 13 6 3 1 2 7 1 2 7 1 2 7 0 2 7 0 2 7 0 2 7 1 2 7 0 2 7 0 2 7 1 2 7 0 2 4 0 2 4 17 18 2 1 2 7 1 2 7 0 2 7 1 2 4 5 31 3 5 30 3 17 9 2 1 2 7 13 6 3 17 18 2 1 2 7 17 18 2 1 2 7 1 2 7 1 2 7 0 2 7 0 2 7 0 2 7 13 6 3 0 2 7 17 9 2 0 2 7 0 2 7 0 2 7 0 2 7 1 2 7 1 2 4 1 2 7 0 2 7 0 2 7 17 9 2 5 30 3 0 2 4 17 9 2 0 2 7 1 2 4 0 2 7 0 2 7 0 59.7875515222549438
5 31 3 12 16 2 12 16 2 12 16 2 1 2 7 1 2 7 0 2 7 0 2 7 13 6 3 1 2 7 1 2 7 1 2 4 0 2 7 1 2 7 0 2 7 1 2 11 0 2 7 0 2 7 1 2 4 0 2 7 0 2 7 17 18 2 1 2 7 1 2 7 0 2 7 1 2 7 5 31 3 5 30 3 17 9 2 0 2 7 13 6 3 17 18 2 1 2 7 17 18 2 1 2 7 1 2 7 0 2 7 0 2 11 1 2 7 13 6 3 0 2 7 17 9 2 0 2 7 0 2 4 0 2 7 0 2 7 0 2 7 0 2 7 17 9 2 0 2 7 0 2 7 0 2 7 0 2 4 1 2 7 1 2 7 1 2 7 1 2 11 0 2 7 1 2 7 17 18 2 0 59.885156512260437
5 31 3 12 16 2 12 16 2 12 16 2 1 2 7 16 6 2 1 2 7 0 2 7 0 2 7 13 6 3 1 2 7 1 2 7 1 2 7 0 2 7 0 2 7 0 2 4 0 2 7 0 2 7 0 2 7 1 2 7 0 2 7 0 2 4 17 18 2 1 2 7 1 2 7 0 2 7 1 2 7 5 31 3 5 30 3 17 9 2 1 2 7 13 6 3 17 18 2 0 2 7 0 2 7 1 2 7 0 2 7 17 18 2 1 2 7 6 2 7 1 2 7 0 2 7 1 2 7 0 2 7 0 2 7 12 16 2 13 6 3 0 2 4 17 9 2 0 2 7 0 2 7 0 2 7 1 2 7 1 2 7 0 2 4 5 31 3 17 9 2 0 2 7 1 2 7 0 2 7 0 59.938682496547699
5 31 3 12 16 2 12 16 2 12 16 2 16 6 2 0 2 7 0 2 7 0 2 7 13 6 3 1 2 7 1 2 7 1 2 7 0 2 7 0 2 7 0 2 7 6 2 7 1 2 7 0 2 7 5 31 3 0 2 7 17 18 2 0 2 7 0 2 7 1 2 7 5 31 3 17 9 2 0 2 7 13 6 3 17 18 2 0 2 7 1 2 7 0 2 7 17 18 2 1 2 7 0 2 7 13 6 3 0 2 7 17 9 2 0 2 7 0 2 7 0 2 7 1 2 7 0 2 7 0 2 7 0 2 7 0 2 7 12 16 2 1 2 7 1 2 7 0 2 7 1 2 7 0 2 7 5 30 3 1 2 4 1 2 4 1 2 4 1 2 4 17 9 2 1 2 7 1 2 7 0 59.938682496547699
5 31 3 12 16 2 12 16 2 12 16 2 1 2 7 1 2 7 0 2 7 0 2 4 13 6 3 1 2 7 1 2 7 1 2 7 0 2 7 0 2 7 0 2 7 1 2 7 0 2 7 0 2 7 1 2 7 0 2 4 0 2 4 17 18 2 1 2 7 1 2 7 0 2 7 1 2 4 5 31 3 5 30 3 17 9 2 1 2 7 13 6 3 17 18 2 0 2 4 0 2 4 1 2 7 0 2 4 17 18 2 1 2 7 1 2 7 1 2 7 0 2 7 0 2 7 0 2 7 13 6 3 0 2 7 17 9 2 0 2 7 0 2 7 0 2 7 0 2 7 1 2 4 1 2 4 1 2 7 0 2 4 0 2 7 0 2 7 17 9 2 12 16 2 17 18 2 5 30 3 0 59.9459015130996704
5 31 3 12 16 2 12 16 2 12 16 2 16 6 2 0 2 7 0 2 7 0 2 7 13 6 3 1 2 7 1 2 7 1 2 3 0 2 7 0 2 7 0 2 7 1 2 7 0 2 7 0 2 7 1 2 7 0 2 4 17 18 2 1 2 7 0 2 7 1 2 3 5 31 3 17 9 2 1 2 4 13 6 3 17 18 2 0 2 7 1 2 7 0 2 7 17 18 2 0 2 4 0 2 3 13 6 3 0 2 7 17 9 2 0 2 7 1 2 7 1 2 7 12 16 2 1 2 4 1 2 7 1 2 7 1 2 7 17 18 2 1 2 4 1 2 7 0 2 7 1 2 7 0 2 7 0 2 7 0 2 7 0 2 7 1 2 7 0 2 7 0 2 7 0 2 3 5 30 3 0 59.9809155464172363
5 31 3 12 16 2 12 16 2 12 16 2 1 2 7 16 6 2 1 2 7 0 2 7 0 2 7 13 6 3 0 2 3 1 2 3 1 2 7 1 2 7 1 2 7 0 2 7 0 2 7 0 2 7 1 2 7 0 2 7 0 2 7 1 2 7 0 2 4 0 2 4 17 18 2 1 2 7 1 2 7 0 2 7 1 2 7 5 31 3 5 30 3 0 2 3 17 9 2 1 2 7 13 6 3 17 18 2 0 2 7 0 2 4 1 2 7 0 2 7 17 18 2 1 2 7 1 2 7 1 2 7 0 2 7 1 2 7 0 2 4 0 2 7 1 2 7 0 2 3 0 2 7 0 2 4 12 16 2 17 18 2 13 6 3 1 2 7 0 2 7 17 9 2 0 2 7 0 2 7 0 59.9809155464172363
12 16 2 12 16 2 12 16 2 17 9 2 0 2 4 0 2 7 0 2 7 13 6 3 0 2 7 1 2 7 0 2 7 0 2 7 0 2 7 0 2 7 0 2 4 1 2 7 17 18 2 0 2 7 1 2 3 0 2 7 1 2 3 5 31 3 0 2 7 1 2 7 17 9 2 1 2 7 13 6 3 17 18 2 0 2 7 1 2 7 1 2 7 0 2 7 1 2 7 0 2 7 13 6 3 17 18 2 0 2 7 5 31 3 1 2 7 1 2 7 1 2 7 1 2 7 16 6 2 12 16 2 1 2 7 0 2 7 1 2 7 1 2 7 1 2 7 5 30 3 0 2 4 0 2 7 1 2 3 0 2 7 0 2 4 17 9 2 0 2 3 1 2 4 0 2 7 0 2 7 0 59.9809155464172363
5 31 3 12 16 2 12 16 2 12 16 2 1 2 7 1 2 7 0 2 7 0 2 7 13 6 3 0 2 7 1 2 7 0 2 7 0 2 7 0 2 7 0 2 7 1 2 7 0 2 7 1 2 7 1 2 7 17 18 2 1 2 7 1 2 7 0 2 7 1 2 7 5 31 3 17 9 2 1 2 4 13 6 3 17 18 2 1 2 7 17 18 2 1 2 7 1 2 7 1 2 7 0 2 7 0 2 7 0 2 7 13 6 3 0 2 7 17 9 2 0 2 7 0 2 7 0 2 4 0 2 7 1 2 7 1 2 4 1 2 7 0 2 7 0 2 7 0 2 7 0 2 7 0 2 7 16 6 2 12 16 2 0 2 7 17 9 2 5 31 3 1 2 7 0 2 7 1 2 7 0 59.7211945056915283
5 31 3 12 16 2 12 16 2 1 2 7 1 2 7 0 2 7 0 2 7 13 6 3 1 2 7 1 2 4 1 2 7 5 30 3 0 2 7 1 2 7 0 2 4 0 2 4 1 2 7 0 2 7 17 18 2 1 2 7 1 2 7 0 2 7 1 2 7 5 31 3 5 30 3 17 9 2 0 2 7 13 6 3 17 18 2 1 2 7 17 18 2 1 2 7 0 2 7 0 2 7 13 6 3 0 2 7 17 9 2 0 2 7 0 2 7 0 2 7 0 2 7 0 2 7 17 9 2 1 2 7 0 2 7 0 2 4 0 2 7 1 2 7 1 2 7 1 2 7 1 2 7 1 2 7 17 18 2 0 2 4 0 2 7 0 2 7 12 16 2 1 2 4 0 2 4 0 2 7 0 59.7875515222549438
5 31 3 12 16 2 12 16 2 0 2 7 1 2 7 1 2 7 0 2 7 13 6 3 1 2 7 1 2 7 1 2 4 0 2 7 1 2 7 0 2 7 1 2 4 0 2 7 1 2 7 0 2 7 0 2 7 0 2 7 17 18 2 1 2 7 1 2 7 0 2 4 0 2 7 5 31 3 5 30 3 17 9 2 0 2 7 13 6 3 17 18 2 1 2 7 17 18 2 0 2 7 1 2 4 0 2 4 0 2 7 1 2 7 13 6 3 0 2 4 17 9 2 0 2 7 0 2 7 0 2 7 0 2 7 1 2 7 17 9 2 0 2 7 0 2 7 0 2 7 1 2 7 1 2 4 0 2 7 1 2 7 5 30 3 17 18 2 12 16 2 0 2 7 1 2 7 1 2 7 0 59.7875515222549438
5 31 3 12 16 2 12 16 2 12 16 2 1 2 7 1 2 7 0 2 7 0 2 4 13 6 3 1 2 7 1 2 7 1 2 7 0 2 7 0 2 7 0 2 7 1 2 7 0 2 7 0 2 7 1 2 7 0 2 4 0 2 4 17 18 2 1 2 7 1 2 7 0 2 7 1 2 4 5 31 3 5 30 3 17 9 2 1 2 7 13 6 3 17 18 2 1 2 7 17 18 2 1 2 7 1 2 7 1 2 7 0 2 7 0 2 7 0 2 7 13 6 3 0 2 7 17 9 2 0 2 7 0 2 7 0 2 7 0 2 7 1 2 7 1 2 4 1 2 7 0 2 7 0 2 7 17 9 2 5 30 3 0 2 4 17 9 2 0 2 7 1 2 4 0 2 7 0 2 7 0 59.7875515222549438
5 31 3 12 16 2 12 16 2 1 2 7 1 2 7 0 2 7 0 2 7 13 6 3 1 2 7 1 2 4 1 2 7 1 2 7 0 2 7 1 2 7 0 2 7 0 2 7 1 2 7 0 2 3 0 2 7 17 18 2 1 2 7 1 2 7 0 2 7 1 2 7 5 31 3 5 30 3 17 9 2 0 2 7 13 6 3 17 18 2 1 2 7 17 18 2 1 2 7 0 2 7 0 2 7 1 2 11 13 6 3 0 2 7 17 9 2 0 2 7 0 2 7 0 2 7 0 2 7 0 2 7 17 9 2 0 2 7 0 2 7 0 2 7 0 2 4 1 2 7 1 2 7 1 2 7 1 2 7 1 2 7 17 18 2 0 2 7 1 2 11 0 2 3 0 2 7 1 2 7 0 59.8072065114974976
5 31 3 12 16 2 12 16 2 12 16 2 1 2 7 1 2 7 0 2 7 0 2 7 13 6 3 1 2 7 1 2 4 1 2 7 1 2 4 1 2 7 0 2 7 1 2 7 0 2 7 0 2 7 1 2 7 0 2 7 0 2 7 17 18 2 1 2 7 1 2 7 0 2 7 1 2 7 5 31 3 5 30 3 17 9 2 0 2 7 13 6 3 17 18 2 1 2 7 17 18 2 1 2 4 1 2 7 0 2 7 0 2 7 1 2 7 13 6 3 0 2 7 17 9 2 0 2 7 0 2 1 0 2 7 0 2 7 0 2 7 0 2 7 17 9 2 0 2 7 0 2 7 0 2 7 0 2 4 0 2 11 1 2 7 1 2 7 1 2 7 0 2 7 1 2 7 17 18 2 0 59.8809566497802734
5 31 3 12 16 2 12 16 2 12 16 2 1 2 7 1 2 7 0 2 7 0 2 7 13 6 3 1 2 7 1 2 7 1 2 4 0 2 7 1 2 7 0 2 7 1 2 11 0 2 7 0 2 7 1 2 11 0 2 7 0 2 7 17 18 2 1 2 7 1 2 7 0 2 7 1 2 7 5 31 3 5 30 3 17 9 2 0 2 7 13 6 3 17 18 2 1 2 7 17 18 2 1 2 7 1 2 7 0 2 7 0 2 4 1 2 7 13 6 3 0 2 7 17 9 2 0 2 7 0 2 4 0 2 7 0 2 7 0 2 7 0 2 7 17 9 2 0 2 7 0 2 7 0 2 7 0 2 4 1 2 7 1 2 7 1 2 7 1 2 11 0 2 7 1 2 7 17 18 2 0 59.8851563930511475
5 31 3 12 16 2 12 16 2 12 16 2 16 6 2 0 2 7 0 2 7 0 2 7 13 6 3 1 2 7 1 2 7 1 2 7 0 2 7 0 2 7 0 2 7 1 2 7 0 2 7 0 2 7 1 2 7 0 2 7 17 18 2 1 2 7 0 2 7 1 2 7 5 31 3 17 9 2 1 2 7 13 6 3 17 18 2 0 2 7 1 2 7 0 2 7 17 18 2 0 2 7 0 2 7 13 6 3 0 2 7 17 9 2 0 2 7 0 2 7 0 2 7 0 2 7 1 2 7 0 2 7 1 2 7 0 2 7 0 2 7 12 16 2 1 2 7 0 2 7 1 2 7 1 2 4 0 2 7 1 2 4 5 31 3 1 2 4 17 9 2 5 30 3 6 2 7 1 2 4 0 59.938682496547699
5 31 3 12 16 2 12 16 2 12 16 2 1 2 7 16 6 2 1 2 7 0 2 7 0 2 7 13 6 3 1 2 7 1 2 7 1 2 7 0 2 7 0 2 7 0 2 4 0 2 7 0 2 7 0 2 7 1 2 7 0 2 7 0 2 4 17 18 2 1 2 7 1 2 7 0 2 7 1 2 7 5 31 3 5 30 3 17 9 2 1 2 7 13 6 3 17 18 2 0 2 7 0 2 7 1 2 7 0 2 7 17 18 2 1 2 7 6 2 7 1 2 7 0 2 7 1 2 7 0 2 7 0 2 7 12 16 2 13 6 3 0 2 4 17 9 2 0 2 7 0 2 7 0 2 7 1 2 7 1 2 7 0 2 4 5 31 3 17 9 2 0 2 7 1 2 7 0 2 7 0 59.938682496547699
5 31 3 12 16 2 12 16 2 12 16 2 1 2 7 1 2 7 0 2 7 1 2 7 13 6 3 1 2 7 1 2 7 1 2 7 0 2 7 0 2 7 0 2 4 0 2 7 0 2 7 0 2 7 1 2 7 0 2 7 17 18 2 1 2 7 5 31 3 0 2 7 1 2 7 5 31 3 5 30 3 17 9 2 1 2 7 13 6 3 17 18 2 0 2 7 6 2 7 1 2 7 0 2 7 17 18 2 1 2 7 1 2 7 0 2 7 1 2 4 0 2 7 0 2 7 13 6 3 17 9 2 0 2 7 0 2 7 0 2 7 0 2 7 1 2 7 17 9 2 0 2 7 1 2 7 0 2 7 16 6 2 0 2 7 0 2 7 12 16 2 0 2 4 1 2 4 0 2 7 0 59.938682496547699
5 31 3 12 16 2 12 16 2 12 16 2 1 2 7 1 2 7 0 2 7 0 2 7 13 6 3 0 2 7 1 2 7 0 2 7 0 2 7 0 2 7 0 2 7 1 2 7 0 2 7 1 2 7 1 2 7 17 18 2 1 2 7 1 2 7 0 2 7 1 2 7 5 31 3 17 9 2 1 2 4 13 6 3 17 18 2 1 2 7 17 18 2 1 2 7 1 2 7 1 2 7 0 2 7 0 2 7 0 2 7 13 6 3 0 2 7 17 9 2 0 2 7 0 2 7 0 2 4 0 2 7 1 2 7 1 2 4 1 2 7 0 2 7 0 2 7 0 2 7 0 2 7 0 2 7 16 6 2 12 16 2 0 2 7 17 9 2 5 31 3 1 2 7 0 2 7 1 2 7 0 59.7211945056915283
5 31 3 12 16 2 12 16 2 0 2 7 0 2 7 1 2 4 0 2 7 13 6 3 1 2 7 1 2 7 0 2 7 0 2 7 1 2 7 0 2 7 1 2 7 0 2 7 1 2 7 0 2 7 0 2 7 0 2 7 17 18 2 1 2 7 0 2 7 0 2 7 5 31 3 17 9 2 0 2 4 13 6 3 17 18 2 1 2 7 17 18 2 0 2 7 0 2 7 0 2 7 1 2 7 13 6 3 17 9 2 1 2 7 0 2 7 1 2 7 1 2 7 17 9 2 0 2 7 0 2 7 1 2 7 0 2 7 1 2 7 12 16 2 1 2 7 1 2 7 0 2 7 1 2 7 0 2 4 0 2 7 12 16 2 16 6 2 5 31 3 0 2 7 1 2 7 1 2 7 0 59.7211945056915283
5 30 3 12 16 2 12 16 2 12 16 2 1 2 7 1 2 7 0 2 7 0 2 4 13 6 3 1 2 7 0 2 7 0 2 7 1 2 7 0 2 7 1 2 7 1 2 7 0 2 7 0 2 7 17 18 2 0 2 4 1 2 7 0 2 7 0 2 4 5 31 3 17 18 2 1 2 7 13 6 3 17 18 2 1 2 4 17 18 2 1 2 7 1 2 7 1 2 7 0 2 7 0 2 7 0 2 7 13 6 3 1 2 4 17 9 2 0 2 7 0 2 7 0 2 7 0 2 7 1 2 7 1 2 7 0 2 7 1 2 7 17 9 2 0 2 7 0 2 7 0 2 7 0 2 4 5 31 3 5 30 3 1 2 7 0 2 7 0 2 7 1 2 7 17 9 2 1 2 4 0 59.7875515222549438
5 31 3 12 16 2 12 16 2 1 2 4 1 2 7 0 2 7 5 30 3 13 6 3 1 2 7 1 2 7 5 30 3 0 2 7 1 2 7 1 2 7 0 2 7 0 2 7 17 18 2 1 2 7 0 2 7 0 2 4 1 2 7 5 31 3 17 9 2 1 2 7 13 6 3 17 18 2 1 2 7 17 18 2 1 2 7 0 2 4 0 2 7 13 6 3 0 2 4 17 9 2 0 2 4 0 2 7 0 2 7 0 2 7 17 9 2 1 2 7 0 2 7 0 2 7 0 2 7 1 2 7 0 2 7 1 2 7 17 9 2 0 2 7 0 2 4 0 2 4 0 2 7 0 2 7 1 2 7 1 2 7 0 2 7 1 2 7 1 2 7 1 2 7 12 16 2 0 2 7 0 59.7875515222549438
5 31 3 12 16 2 12 16 2 0 2 7 0 2 7 1 2 4 0 2 7 13 6 3 1 2 7 1 2 7 0 2 7 0 2 7 1 2 7 0 2 7 1 2 7 0 2 7 1 2 7 0 2 7 0 2 7 0 2 4 17 18 2 1 2 7 0 2 7 0 2 7 0 2 4 5 31 3 5 30 3 17 9 2 0 2 7 13 6 3 17 18 2 1 2 7 17 18 2 0 2 7 0 2 7 0 2 7 1 2 7 13 6 3 17 9 2 1 2 7 0 2 7 1 2 7 0 2 4 1 2 7 17 9 2 0 2 7 0 2 7 1 2 7 0 2 7 1 2 7 12 16 2 1 2 4 1 2 7 17 9 2 1 2 4 0 2 7 1 2 4 1 2 7 0 2 7 5 30 3 0 59.7875515222549438
5 31 3 12 16 2 12 16 2 1 2 7 1 2 7 0 2 7 0 2 7 13 6 3 1 2 7 1 2 11 1 2 7 5 30 3 0 2 7 1 2 7 0 2 4 1 2 7 0 2 7 17 18 2 1 2 7 1 2 7 0 2 7 1 2 7 5 31 3 17 9 2 0 2 7 13 6 3 17 18 2 1 2 7 17 18 2 1 2 7 0 2 7 0 2 7 13 6 3 0 2 7 17 9 2 0 2 7 0 2 7 0 2 3 0 2 7 0 2 7 17 9 2 1 2 7 0 2 7 0 2 7 1 2 7 1 2 7 1 2 7 1 2 7 1 2 7 17 18 2 0 2 7 0 2 7 0 2 3 0 2 4 0 2 7 1 2 11 1 2 7 0 2 7 1 2 7 0 2 7 0 59.8072065114974976
5 30 3 12 16 2 12 16 2 1 2 7 1 2 7 0 2 7 0 2 4 13 6 3 1 2 7 0 2 7 0 2 7 1 2 7 0 2 7 1 2 7 1 2 7 0 2 7 0 2 7 17 18 2 1 2 7 0 2 7 5 31 3 17 18 2 1 2 7 13 6 3 17 18 2 17 18 2 1 2 7 1 2 7 1 2 7 0 2 7 0 2 7 0 2 3 13 6 3 17 9 2 0 2 7 0 2 7 0 2 7 0 2 7 1 2 7 0 2 7 1 2 7 17 9 2 0 2 7 0 2 7 0 2 7 5 31 3 1 2 7 0 2 7 0 2 7 0 2 7 17 9 2 1 2 7 0 2 7 0 2 7 1 2 11 1 2 11 1 2 7 1 2 7 1 2 4 1 2 3 0 59.8072065114974976
5 31 3 12 16 2 12 16 2 1 2 7 1 2 7 0 2 7 0 2 7 13 6 3 1 2 4 1 2 11 1 2 7 5 30 3 0 2 7 1 2 7 0 2 4 1 2 7 0 2 7 17 18 2 1 2 7 1 2 7 0 2 7 1 2 7 5 31 3 17 9 2 0 2 7 13 6 3 17 18 2 1 2 7 17 18 2 1 2 7 0 2 7 0 2 7 13 6 3 0 2 7 17 9 2 0 2 7 0 2 7 0 2 7 0 2 7 17 9 2 1 2 7 0 2 7 0 2 7 1 2 7 1 2 7 1 2 7 1 2 7 17 18 2 0 2 7 0 2 7 0 2 7 0 2 3 1 2 11 0 2 7 0 2 7 1 2 7 1 2 7 0 2 7 0 2 3 1 2 7 0 59.8072065114974976
5 30 3 12 16 2 12 16 2 1 2 7 1 2 7 0 2 7 0 2 4 13 6 3 1 2 7 0 2 7 0 2 7 1 2 7 0 2 7 1 2 7 1 2 7 0 2 7 0 2 7 17 18 2 0 2 4 1 2 7 0 2 7 5 31 3 17 18 2 1 2 7 13 6 3 17 18 2 17 18 2 1 2 7 1 2 7 1 2 7 0 2 7 0 2 7 0 2 3 13 6 3 17 9 2 0 2 7 0 2 7 0 2 7 0 2 7 1 2 7 1 2 3 0 2 7 1 2 7 17 9 2 0 2 7 0 2 7 0 2 7 5 31 3 1 2 7 0 2 7 0 2 7 1 2 7 17 9 2 1 2 7 0 2 7 0 2 7 1 2 11 1 2 11 1 2 7 1 2 7 0 59.8072065114974976
5 31 3 12 16 2 12 16 2 1 2 7 1 2 7 0 2 7 0 2 7 0 2 7 13 6 3 1 2 7 1 2 7 0 2 7 0 2 7 0 2 7 1 2 7 0 2 4 0 2 7 1 2 7 17 18 2 1 2 7 1 2 7 0 2 7 1 2 7 5 31 3 17 9 2 1 2 7 13 6 3 17 18 2 1 2 7 17 18 2 1 2 7 1 2 3 1 2 3 0 2 7 0 2 7 0 2 7 13 6 3 0 2 7 17 9 2 0 2 7 0 2 7 0 2 7 0 2 7 0 2 4 1 2 7 0 2 7 0 2 7 17 9 2 1 2 7 0 2 7 0 2 7 0 2 11 0 2 7 5 30 3 1 2 7 1 2 7 17 18 2 1 2 11 1 2 7 1 2 7 0 59.8072066307067871
5 31 3 12 16 2 12 16 2 0 2 7 0 2 7 1 2 4 0 2 7 13 6 3 1 2 7 1 2 7 0 2 7 0 2 7 1 2 7 0 2 7 1 2 7 0 2 7 1 2 7 0 2 7 0 2 7 0 2 7 17 18 2 1 2 7 0 2 7 0 2 7 5 31 3 17 9 2 0 2 4 13 6 3 17 18 2 1 2 7 17 18 2 0 2 7 0 2 7 0 2 7 1 2 7 13 6 3 17 9 2 1 2 7 0 2 7 1 2 7 1 2 7 17 9 2 0 2 7 0 2 7 1 2 7 0 2 7 1 2 7 12 16 2 1 2 7 1 2 7 0 2 7 1 2 7 0 2 4 0 2 7 12 16 2 16 6 2 5 31 3 0 2 7 1 2 7 1 2 7 0 59.7211945056915283
5 31 3 12 16 2 12 16 2 0 2 7 0 2 7 1 2 7 0 2 7 13 6 3 1 2 7 1 2 7 0 2 7 0 2 7 1 2 7 0 2 7 1 2 7 0 2 7 1 2 7 0 2 7 0 2 7 0 2 7 17 18 2 1 2 7 0 2 7 0 2 7 5 31 3 17 9 2 0 2 4 13 6 3 17 18 2 1 2 7 17 18 2 0 2 7 0 2 7 0 2 7 1 2 7 13 6 3 17 9 2 1 2 7 0 2 7 1 2 4 1 2 7 17 9 2 0 2 7 0 2 7 1 2 7 0 2 7 1 2 7 12 16 2 0 2 7 1 2 7 0 2 7 1 2 7 0 2 7 12 16 2 16 6 2 5 31 3 0 2 7 1 2 7 1 2 4 1 2 7 0 59.7211945056915283
5 31 3 12 16 2 12 16 2 1 2 4 1 2 7 0 2 7 5 30 3 13 6 3 1 2 7 1 2 7 5 30 3 0 2 7 0 2 7 1 2 7 0 2 7 0 2 7 17 18 2 1 2 7 0 2 7 0 2 7 1 2 7 5 31 3 17 9 2 1 2 7 13 6 3 17 18 2 1 2 7 17 18 2 1 2 7 0 2 7 0 2 7 13 6 3 0 2 7 17 9 2 0 2 4 0 2 7 0 2 7 0 2 7 17 9 2 1 2 7 0 2 4 0 2 7 0 2 7 1 2 7 0 2 7 1 2 7 0 2 7 0 2 7 0 2 7 1 2 4 1 2 7 0 2 7 12 16 2 1 2 7 1 2 4 0 2 4 0 2 7 17 18 2 1 2 7 1 2 4 0 59.7875515222549438
5 31 3 12 16 2 12 16 2 1 2 4 1 2 7 0 2 7 5 30 3 13 6 3 1 2 7 1 2 7 5 30 3 0 2 7 1 2 7 1 2 7 0 2 7 0 2 7 17 18 2 1 2 7 0 2 7 0 2 7 1 2 7 5 31 3 17 9 2 1 2 7 13 6 3 17 18 2 1 2 7 17 18 2 1 2 7 0 2 4 0 2 7 13 6 3 0 2 4 17 9 2 0 2 4 0 2 7 0 2 7 0 2 7 17 9 2 1 2 7 0 2 7 0 2 7 0 2 7 1 2 7 0 2 7 1 2 7 0 2 7 0 2 7 0 2 7 1 2 7 1 2 7 0 2 7 1 2 7 12 16 2 0 2 4 1 2 7 0 2 4 17 9 2 1 2 7 0 2 4 0 59.7875515222549438
5 31 3 12 16 2 12 16 2 1 2 4 1 2 7 0 2 7 5 30 3 13 6 3 1 2 7 1 2 7 5 30 3 0 2 7 1 2 7 1 2 7 0 2 7 0 2 7 17 18 2 1 2 7 0 2 7 0 2 7 1 2 7 5 31 3 17 9 2 1 2 4 13 6 3 17 18 2 1 2 7 17 18 2 1 2 7 0 2 7 0 2 7 13 6 3 0 2 7 17 9 2 0 2 7 0 2 7 0 2 7 0 2 7 17 9 2 1 2 7 0 2 7 0 2 7 0 2 7 1 2 7 0 2 7 1 2 7 0 2 7 0 2 4 0 2 7 1 2 4 1 2 7 0 2 7 12 16 2 1 2 7 0 2 4 0 2 4 1 2 7 17 9 2 1 2 7 0 2 4 0 59.7875515222549438
5 31 3 12 16 2 12 16 2 1 2 4 1 2 7 0 2 7 5 30 3 13 6 3 1 2 7 1 2 7 5 30 3 0 2 7 1 2 7 1 2 7 0 2 7 0 2 7 17 18 2 1 2 7 0 2 7 0 2 7 1 2 7 5 31 3 17 9 2 1 2 7 13 6 3 17 18 2 1 2 7 17 18 2 1 2 7 0 2 4 0 2 7 13 6 3 0 2 7 17 9 2 0 2 4 0 2 7 0 2 7 0 2 7 17 9 2 1 2 7 0 2 7 0 2 7 0 2 7 1 2 7 0 2 7 1 2 7 0 2 7 0 2 7 0 2 7 1 2 7 1 2 7 0 2 7 12 16 2 17 9 2 1 2 7 1 2 7 0 2 4 0 2 4 1 2 4 0 2 4 0 59.7875515222549438
5 31 3 12 16 2 12 16 2 1 2 4 1 2 7 0 2 7 5 30 3 13 6 3 1 2 7 1 2 7 5 30 3 0 2 7 1 2 7 1 2 7 0 2 7 0 2 7 17 18 2 1 2 7 0 2 7 0 2 7 1 2 7 5 31 3 17 9 2 1 2 7 13 6 3 17 18 2 1 2 7 17 18 2 1 2 7 0 2 4 0 2 7 13 6 3 0 2 4 17 9 2 0 2 4 0 2 7 0 2 7 0 2 7 17 9 2 1 2 7 0 2 7 0 2 7 0 2 7 1 2 7 0 2 7 1 2 7 0 2 7 0 2 7 0 2 7 1 2 7 1 2 7 0 2 7 12 16 2 0 2 7 0 2 7 1 2 4 1 2 7 17 18 2 1 2 4 0 2 4 0 59.7875515222549438
5 31 3 12 16 2 12 16 2 1 2 7 1 2 7 0 2 7 0 2 7 13 6 3 1 2 7 1 2 11 1 2 7 5 30 3 0 2 7 1 2 7 0 2 4 1 2 7 0 2 7 17 18 2 1 2 7 1 2 7 0 2 7 1 2 7 5 31 3 17 9 2 0 2 7 13 6 3 17 18 2 1 2 7 17 18 2 1 2 7 0 2 7 0 2 7 13 6 3 0 2 7 17 9 2 0 2 7 0 2 7 0 2 3 0 2 7 0 2 7 17 9 2 1 2 7 0 2 7 0 2 7 1 2 7 1 2 7 1 2 7 1 2 7 1 2 7 17 18 2 0 2 7 0 2 7 0 2 3 0 2 4 0 2 7 1 2 11 1 2 7 0 2 7 1 2 7 0 2 7 0 59.8072065114974976
5 30 3 12 16 2 12 16 2 1 2 7 1 2 7 0 2 7 0 2 4 13 6 3 1 2 7 0 2 7 0 2 7 1 2 7 0 2 7 1 2 7 1 2 7 0 2 7 0 2 7 17 18 2 1 2 7 0 2 7 5 31 3 17 18 2 1 2 7 13 6 3 17 18 2 17 18 2 1 2 7 1 2 7 1 2 7 0 2 7 0 2 7 0 2 3 13 6 3 17 9 2 0 2 7 0 2 7 0 2 7 0 2 7 1 2 7 0 2 7 1 2 7 17 9 2 0 2 7 0 2 7 0 2 7 5 31 3 1 2 7 0 2 7 0 2 7 0 2 7 17 9 2 1 2 7 0 2 7 0 2 7 1 2 11 1 2 11 1 2 7 1 2 7 1 2 4 1 2 3 0 59.8072065114974976
5 31 3 12 16 2 12 16 2 1 2 7 1 2 7 0 2 7 0 2 7 13 6 3 1 2 4 1 2 11 1 2 7 5 30 3 0 2 7 1 2 7 0 2 4 1 2 7 0 2 7 17 18 2 1 2 7 1 2 7 0 2 7 1 2 7 5 31 3 17 9 2 0 2 7 13 6 3 17 18 2 1 2 7 17 18 2 1 2 7 0 2 7 0 2 7 13 6 3 0 2 7 17 9 2 0 2 7 0 2 7 0 2 7 0 2 7 17 9 2 1 2 7 0 2 7 0 2 7 1 2 7 1 2 7 1 2 7 1 2 7 17 18 2 0 2 7 0 2 7 0 2 7 0 2 3 1 2 11 0 2 7 0 2 7 1 2 7 1 2 7 0 2 7 0 2 3 1 2 7 0 59.8072065114974976
5 31 3 12 16 2 12 16 2 0 2 7 0 2 7 1 2 7 0 2 7 13 6 3 1 2 7 1 2 7 0 2 7 0 2 7 1 2 7 0 2 7 1 2 7 0 2 7 1 2 7 0 2 7 0 2 7 0 2 7 17 18 2 1 2 7 0 2 7 0 2 7 5 31 3 17 9 2 0 2 4 13 6 3 17 18 2 1 2 7 17 18 2 0 2 7 0 2 7 0 2 7 1 2 7 13 6 3 17 9 2 1 2 7 0 2 7 1 2 4 1 2 7 17 9 2 0 2 7 0 2 7 1 2 7 0 2 7 1 2 7 12 16 2 0 2 7 1 2 7 1 2 7 1 2 7 0 2 7 0 2 7 12 16 2 16 6 2 5 31 3 1 2 7 0 2 4 1 2 7 0 59.7211945056915283
5 31 3 12 16 2 12 16 2 0 2 7 0 2 7 1 2 7 0 2 7 13 6 3 1 2 7 1 2 7 0 2 7 0 2 7 1 2 7 0 2 7 1 2 7 0 2 7 1 2 7 0 2 7 0 2 7 0 2 7 17 18 2 1 2 7 0 2 7 0 2 7 5 31 3 17 9 2 0 2 7 13 6 3 17 18 2 1 2 7 17 18 2 0 2 4 0 2 7 0 2 7 1 2 7 13 6 3 17 9 2 1 2 7 0 2 7 1 2 7 1 2 7 17 9 2 0 2 7 0 2 4 1 2 7 0 2 7 1 2 7 12 16 2 0 2 7 1 2 7 1 2 7 1 2 7 0 2 4 0 2 7 0 2 7 12 16 2 16 6 2 5 31 3 1 2 7 1 2 7 0 59.7211945056915283
5 31 3 12 16 2 12 16 2 0 2 7 0 2 7 1 2 7 0 2 7 13 6 3 1 2 7 1 2 7 0 2 7 0 2 7 1 2 7 0 2 7 1 2 7 0 2 7 1 2 7 0 2 7 0 2 7 0 2 7 17 18 2 1 2 7 0 2 7 0 2 7 5 31 3 17 9 2 0 2 4 13 6 3 17 18 2 1 2 7 17 18 2 0 2 7 0 2 7 0 2 7 1 2 7 13 6 3 17 9 2 1 2 7 0 2 7 1 2 4 1 2 7 17 9 2 0 2 7 0 2 7 1 2 7 0 2 7 1 2 7 12 16 2 0 2 7 1 2 7 1 2 7 1 2 7 0 2 7 0 2 7 12 16 2 16 6 2 5 31 3 1 2 7 1 2 4 0 2 7 0 59.7211945056915283
5 31 3 12 16 2 12 16 2 1 2 4 1 2 7 0 2 7 5 30 3 13 6 3 1 2 7 1 2 7 0 2 7 1 2 7 1 2 7 0 2 7 0 2 7 17 18 2 1 2 7 0 2 7 0 2 4 1 2 7 5 31 3 17 9 2 13 6 3 17 18 2 1 2 7 17 18 2 1 2 7 0 2 7 0 2 4 13 6 3 0 2 7 17 9 2 0 2 7 0 2 7 0 2 7 0 2 7 17 9 2 1 2 7 0 2 7 0 2 7 0 2 7 1 2 7 0 2 7 1 2 7 0 2 7 0 2 4 0 2 7 0 2 7 1 2 7 1 2 4 1 2 7 5 30 3 12 16 2 1 2 7 0 2 4 1 2 7 0 2 4 1 2 7 0 2 7 17 18 2 0 59.7875515222549438
5 31 3 12 16 2 12 16 2 1 2 4 1 2 7 0 2 7 5 30 3 13 6 3 1 2 7 1 2 7 5 30 3 0 2 7 1 2 7 1 2 7 0 2 7 0 2 7 17 18 2 1 2 7 0 2 7 0 2 7 1 2 4 5 31 3 17 9 2 1 2 7 13 6 3 17 18 2 1 2 7 17 18 2 1 2 7 0 2 7 0 2 4 13 6 3 0 2 4 17 9 2 0 2 7 0 2 7 0 2 7 0 2 7 17 9 2 1 2 7 0 2 7 0 2 7 0 2 7 1 2 7 0 2 7 1 2 7 0 2 7 0 2 7 1 2 7 1 2 7 1 2 7 0 2 7 12 16 2 0 2 7 0 2 7 1 2 4 1 2 4 17 18 2 0 2 4 0 2 7 0 59.7875515222549438
5 31 3 12 16 2 12 16 2 1 2 4 1 2 7 0 2 7 5 30 3 13 6 3 1 2 7 1 2 7 0 2 7 1 2 7 1 2 7 0 2 7 0 2 7 17 18 2 1 2 7 0 2 7 0 2 4 1 2 7 5 31 3 17 9 2 13 6 3 17 18 2 1 2 7 17 18 2 1 2 7 0 2 7 0 2 4 13 6 3 0 2 7 17 9 2 0 2 7 0 2 7 0 2 7 0 2 7 17 9 2 1 2 7 0 2 7 0 2 7 0 2 7 1 2 7 0 2 7 1 2 7 0 2 7 0 2 4 0 2 7 1 2 4 0 2 7 1 2 7 1 2 7 1 2 7 5 30 3 0 2 7 1 2 4 12 16 2 1 2 7 0 2 7 17 9 2 0 2 4 0 59.7875515222549438
5 31 3 12 16 2 12 16 2 1 2 4 1 2 7 0 2 7 13 6 3 1 2 7 1 2 7 0 2 7 1 2 7 1 2 7 0 2 7 0 2 7 17 18 2 1 2 7 0 2 7 0 2 7 1 2 7 5 31 3 17 9 2 1 2 7 13 6 3 17 18 2 1 2 7 17 18 2 1 2 7 0 2 4 0 2 7 13 6 3 0 2 4 17 9 2 0 2 7 0 2 7 0 2 7 17 9 2 1 2 7 0 2 7 0 2 7 0 2 7 1 2 7 0 2 7 1 2 7 0 2 7 0 2 7 0 2 7 1 2 7 1 2 7 0 2 4 1 2 7 12 16 2 1 2 7 1 2 7 5 30 3 5 30 3 0 2 4 0 2 7 0 2 4 17 9 2 0 2 4 0 59.7875515222549438
5 31 3 12 16 2 12 16 2 1 2 7 1 2 7 0 2 7 0 2 7 13 6 3 1 2 7 1 2 4 5 30 3 5 30 3 1 2 7 0 2 7 1 2 7 0 2 4 17 18 2 1 2 7 0 2 7 1 2 7 5 31 3 17 9 2 0 2 4 13 6 3 17 18 2 1 2 7 17 18 2 1 2 7 0 2 4 0 2 7 13 6 3 0 2 4 17 9 2 0 2 7 0 2 7 0 2 4 0 2 7 17 9 2 1 2 7 0 2 7 0 2 7 0 2 7 1 2 7 1 2 7 1 2 7 17 18 2 0 2 7 0 2 7 0 2 7 0 2 7 1 2 7 1 2 7 1 2 7 12 16 2 0 2 7 0 2 7 0 2 7 0 2 4 1 2 7 1 2 7 0 59.7875515222549438
5 31 3 12 16 2 12 16 2 1 2 4 1 2 7 0 2 7 5 30 3 13 6 3 1 2 7 1 2 7 0 2 7 1 2 7 1 2 7 0 2 7 0 2 7 17 18 2 1 2 7 0 2 7 0 2 4 1 2 7 5 31 3 17 9 2 13 6 3 17 18 2 1 2 7 17 18 2 1 2 7 0 2 7 0 2 4 13 6 3 0 2 7 17 9 2 0 2 7 0 2 7 0 2 7 0 2 7 17 9 2 1 2 7 0 2 7 0 2 7 0 2 7 1 2 7 0 2 7 1 2 7 0 2 7 0 2 4 0 2 7 0 2 7 1 2 7 1 2 7 1 2 7 5 30 3 12 16 2 1 2 7 0 2 4 1 2 7 0 2 7 1 2 4 0 2 4 17 9 2 0 59.7875515222549438
5 31 3 12 16 2 12 16 2 1 2 4 1 2 7 0 2 7 5 30 3 13 6 3 1 2 7 1 2 7 5 30 3 0 2 7 1 2 7 1 2 7 0 2 7 0 2 7 17 18 2 1 2 7 0 2 7 0 2 7 1 2 7 5 31 3 17 9 2 1 2 7 13 6 3 17 18 2 1 2 7 17 18 2 1 2 7 0 2 4 0 2 7 13 6 3 0 2 4 17 9 2 0 2 4 0 2 7 0 2 7 0 2 7 17 9 2 1 2 7 0 2 7 0 2 7 0 2 7 1 2 7 0 2 7 1 2 7 0 2 7 0 2 7 0 2 7 1 2 7 1 2 7 0 2 7 12 16 2 0 2 7 0 2 7 1 2 4 1 2 4 17 18 2 0 2 4 1 2 7 0 59.7875515222549438
MonoObjective Genetic Algorithm
Number of Evaluations = 0
Mutation Probability = 0
Crossover Probability = 1
Population Size = 10
Survival Selection Type = 19
Time =  18014.8071310520172
5 31 3 12 16 2 12 16 2 0 2 7 0 2 7 1 2 7 0 2 7 13 6 3 1 2 7 1 2 7 0 2 7 0 2 7 1 2 7 0 2 7 1 2 7 0 2 7 1 2 7 0 2 7 0 2 7 0 2 7 17 18 2 1 2 7 0 2 7 0 2 7 5 31 3 17 9 2 0 2 4 13 6 3 17 18 2 1 2 7 17 18 2 0 2 7 0 2 7 0 2 7 1 2 7 13 6 3 17 9 2 1 2 7 0 2 7 1 2 4 1 2 7 17 9 2 0 2 7 0 2 7 1 2 7 0 2 7 1 2 7 12 16 2 0 2 7 1 2 7 1 2 7 1 2 7 0 2 7 0 2 7 12 16 2 16 6 2 5 31 3 1 2 7 0 2 4 1 2 7 0 59.7211945056915283
5 31 3 12 16 2 12 16 2 0 2 7 0 2 7 1 2 7 0 2 7 13 6 3 1 2 7 1 2 7 0 2 7 0 2 7 1 2 7 0 2 7 1 2 7 0 2 7 1 2 7 0 2 7 0 2 7 0 2 7 17 18 2 1 2 7 0 2 7 0 2 7 5 31 3 17 9 2 0 2 7 13 6 3 17 18 2 1 2 7 17 18 2 0 2 4 0 2 7 0 2 7 1 2 7 13 6 3 17 9 2 1 2 7 0 2 7 1 2 7 1 2 7 17 9 2 0 2 7 0 2 4 1 2 7 0 2 7 1 2 7 12 16 2 0 2 7 1 2 7 1 2 7 1 2 7 0 2 4 0 2 7 0 2 7 12 16 2 16 6 2 5 31 3 1 2 7 1 2 7 0 59.7211945056915283
5 31 3 12 16 2 12 16 2 0 2 7 0 2 7 1 2 7 0 2 7 13 6 3 1 2 7 1 2 7 0 2 7 0 2 7 1 2 7 0 2 7 1 2 7 0 2 7 1 2 7 0 2 7 0 2 7 0 2 7 17 18 2 1 2 7 0 2 7 0 2 7 5 31 3 17 9 2 0 2 4 13 6 3 17 18 2 1 2 7 17 18 2 0 2 7 0 2 7 0 2 7 1 2 7 13 6 3 17 9 2 1 2 7 0 2 7 1 2 4 1 2 7 17 9 2 0 2 7 0 2 7 1 2 7 0 2 7 1 2 7 12 16 2 0 2 7 1 2 7 1 2 7 1 2 7 0 2 7 0 2 7 12 16 2 16 6 2 5 31 3 1 2 7 1 2 4 0 2 7 0 59.7211945056915283
5 31 3 12 16 2 12 16 2 1 2 4 1 2 7 0 2 7 5 30 3 13 6 3 1 2 7 1 2 7 0 2 7 1 2 7 1 2 7 0 2 7 0 2 7 17 18 2 1 2 7 0 2 7 0 2 4 1 2 7 5 31 3 17 9 2 13 6 3 17 18 2 1 2 7 17 18 2 1 2 7 0 2 7 0 2 4 13 6 3 0 2 7 17 9 2 0 2 7 0 2 7 0 2 7 0 2 7 17 9 2 1 2 7 0 2 7 0 2 7 0 2 7 1 2 7 0 2 7 1 2 7 0 2 7 0 2 4 0 2 7 0 2 7 1 2 7 1 2 4 1 2 7 5 30 3 12 16 2 1 2 7 0 2 4 1 2 7 0 2 4 1 2 7 0 2 7 17 18 2 0 59.7875515222549438
5 31 3 12 16 2 12 16 2 1 2 4 1 2 7 0 2 7 5 30 3 13 6 3 1 2 7 1 2 7 5 30 3 0 2 7 1 2 7 1 2 7 0 2 7 0 2 7 17 18 2 1 2 7 0 2 7 0 2 7 1 2 4 5 31 3 17 9 2 1 2 7 13 6 3 17 18 2 1 2 7 17 18 2 1 2 7 0 2 7 0 2 4 13 6 3 0 2 4 17 9 2 0 2 7 0 2 7 0 2 7 0 2 7 17 9 2 1 2 7 0 2 7 0 2 7 0 2 7 1 2 7 0 2 7 1 2 7 0 2 7 0 2 7 1 2 7 1 2 7 1 2 7 0 2 7 12 16 2 0 2 7 0 2 7 1 2 4 1 2 4 17 18 2 0 2 4 0 2 7 0 59.7875515222549438
5 31 3 12 16 2 12 16 2 1 2 4 1 2 7 0 2 7 5 30 3 13 6 3 1 2 7 1 2 7 0 2 7 1 2 7 1 2 7 0 2 7 0 2 7 17 18 2 1 2 7 0 2 7 0 2 4 1 2 7 5 31 3 17 9 2 13 6 3 17 18 2 1 2 7 17 18 2 1 2 7 0 2 7 0 2 4 13 6 3 0 2 7 17 9 2 0 2 7 0 2 7 0 2 7 0 2 7 17 9 2 1 2 7 0 2 7 0 2 7 0 2 7 1 2 7 0 2 7 1 2 7 0 2 7 0 2 4 0 2 7 1 2 4 0 2 7 1 2 7 1 2 7 1 2 7 5 30 3 0 2 7 1 2 4 12 16 2 1 2 7 0 2 7 17 9 2 0 2 4 0 59.7875515222549438
5 31 3 12 16 2 12 16 2 1 2 4 1 2 7 0 2 7 13 6 3 1 2 7 1 2 7 0 2 7 1 2 7 1 2 7 0 2 7 0 2 7 17 18 2 1 2 7 0 2 7 0 2 7 1 2 7 5 31 3 17 9 2 1 2 7 13 6 3 17 18 2 1 2 7 17 18 2 1 2 7 0 2 4 0 2 7 13 6 3 0 2 4 17 9 2 0 2 7 0 2 7 0 2 7 17 9 2 1 2 7 0 2 7 0 2 7 0 2 7 1 2 7 0 2 7 1 2 7 0 2 7 0 2 7 0 2 7 1 2 7 1 2 7 0 2 4 1 2 7 12 16 2 1 2 7 1 2 7 5 30 3 5 30 3 0 2 4 0 2 7 0 2 4 17 9 2 0 2 4 0 59.7875515222549438
5 31 3 12 16 2 12 16 2 1 2 7 1 2 7 0 2 7 0 2 7 13 6 3 1 2 7 1 2 4 5 30 3 5 30 3 1 2 7 0 2 7 1 2 7 0 2 4 17 18 2 1 2 7 0 2 7 1 2 7 5 31 3 17 9 2 0 2 4 13 6 3 17 18 2 1 2 7 17 18 2 1 2 7 0 2 4 0 2 7 13 6 3 0 2 4 17 9 2 0 2 7 0 2 7 0 2 4 0 2 7 17 9 2 1 2 7 0 2 7 0 2 7 0 2 7 1 2 7 1 2 7 1 2 7 17 18 2 0 2 7 0 2 7 0 2 7 0 2 7 1 2 7 1 2 7 1 2 7 12 16 2 0 2 7 0 2 7 0 2 7 0 2 4 1 2 7 1 2 7 0 59.7875515222549438
5 31 3 12 16 2 12 16 2 1 2 4 1 2 7 0 2 7 5 30 3 13 6 3 1 2 7 1 2 7 0 2 7 1 2 7 1 2 7 0 2 7 0 2 7 17 18 2 1 2 7 0 2 7 0 2 4 1 2 7 5 31 3 17 9 2 13 6 3 17 18 2 1 2 7 17 18 2 1 2 7 0 2 7 0 2 4 13 6 3 0 2 7 17 9 2 0 2 7 0 2 7 0 2 7 0 2 7 17 9 2 1 2 7 0 2 7 0 2 7 0 2 7 1 2 7 0 2 7 1 2 7 0 2 7 0 2 4 0 2 7 0 2 7 1 2 7 1 2 7 1 2 7 5 30 3 12 16 2 1 2 7 0 2 4 1 2 7 0 2 7 1 2 4 0 2 4 17 9 2 0 59.7875515222549438
5 31 3 12 16 2 12 16 2 1 2 4 1 2 7 0 2 7 5 30 3 13 6 3 1 2 7 1 2 7 5 30 3 0 2 7 1 2 7 1 2 7 0 2 7 0 2 7 17 18 2 1 2 7 0 2 7 0 2 7 1 2 7 5 31 3 17 9 2 1 2 7 13 6 3 17 18 2 1 2 7 17 18 2 1 2 7 0 2 4 0 2 7 13 6 3 0 2 4 17 9 2 0 2 4 0 2 7 0 2 7 0 2 7 17 9 2 1 2 7 0 2 7 0 2 7 0 2 7 1 2 7 0 2 7 1 2 7 0 2 7 0 2 7 0 2 7 1 2 7 1 2 7 0 2 7 12 16 2 0 2 7 0 2 7 1 2 4 1 2 4 17 18 2 0 2 4 1 2 7 0 59.7875515222549438
