1 2 7 0 2 7 0 2 4 1 2 7 1 2 4 1 2 4 0 2 7 0 2 7 0 2 4 1 2 7 0 2 7 12 16 2 0 2 11 17 18 2 0 2 11 0 2 4 0 2 7 0 2 7 0 2 4 1 2 4 1 2 7 12 16 2 0 2 7 0 2 11 0 2 7 0 2 7 0 2 7 0 2 4 1 2 7 17 18 2 13 6 3 17 18 2 1 2 4 5 31 3 17 9 2 5 30 3 1 2 7 0 2 7 1 2 7 17 9 2 1 2 7 1 2 7 1 2 7 1 2 7 1 2 4 1 2 7 1 2 7 0 2 7 0 2 7 0 2 11 5 30 3 6 2 3 0 2 3 13 6 3 1 2 7 0 2 7 0 2 7 17 18 2 17 18 2 5 31 3 0 60.4460859298706055
1 2 7 1 2 7 0 2 7 1 2 4 1 2 7 0 2 7 0 2 7 0 2 7 0 2 7 0 2 4 0 2 7 12 16 2 0 2 7 17 18 2 0 2 7 0 2 4 0 2 7 0 2 7 0 2 7 0 2 7 0 2 7 12 16 2 0 2 7 0 2 7 0 2 7 0 2 7 0 2 4 0 2 7 1 2 7 17 18 2 13 6 3 17 18 2 1 2 11 1 2 7 5 31 3 0 2 7 17 9 2 17 18 2 5 30 3 0 2 7 1 2 7 0 2 7 5 30 3 1 2 7 1 2 11 5 30 3 1 2 7 17 9 2 13 6 3 1 2 7 1 2 7 1 2 7 1 2 7 0 2 7 0 2 7 1 2 4 12 16 2 8 1 2 17 18 2 5 30 3 0 60.6019191741943359
12 16 2 5 31 3 5 30 3 1 2 7 17 18 2 5 31 3 0 2 7 0 2 7 0 2 7 0 2 7 12 16 2 0 2 4 0 2 7 0 2 4 0 2 7 0 2 7 0 2 7 1 2 7 12 16 2 0 2 11 0 2 7 0 2 7 0 2 7 0 2 7 1 2 4 17 18 2 0 2 7 0 2 7 1 2 7 1 2 7 0 2 7 1 2 7 0 2 4 17 9 2 12 16 2 1 2 7 0 2 7 1 2 7 0 2 7 8 18 2 13 6 3 1 2 7 1 2 7 0 2 7 16 6 2 1 2 7 17 9 2 5 30 3 0 2 7 1 2 7 0 2 7 17 18 2 1 2 7 1 2 7 16 6 2 13 6 3 1 2 7 0 2 4 5 31 3 1 2 4 0 60.5653895139694214
12 16 2 5 31 3 5 31 3 1 2 4 17 18 2 0 2 4 0 2 4 1 2 4 0 2 7 0 2 7 12 16 2 0 2 7 0 2 4 1 2 7 0 2 7 0 2 7 0 2 7 1 2 7 12 16 2 0 2 7 1 2 7 0 2 7 0 2 4 0 2 7 1 2 7 17 18 2 1 2 7 0 2 7 1 2 7 1 2 4 0 2 4 1 2 7 0 2 7 17 9 2 12 16 2 6 2 7 0 2 3 1 2 7 0 2 7 8 18 2 0 2 7 0 2 7 1 2 7 0 2 4 16 6 2 1 2 4 17 9 2 5 30 3 0 2 7 0 2 7 0 2 4 17 18 2 0 2 7 1 2 3 16 15 2 13 6 3 1 2 7 1 2 7 5 31 3 0 2 7 0 60.7858186364173889
12 16 2 0 2 7 1 2 4 5 31 3 1 2 7 0 2 3 1 2 7 0 2 4 12 16 2 0 2 7 0 2 7 1 2 3 0 2 7 0 2 7 1 2 7 0 2 7 0 2 7 0 2 3 0 2 4 0 2 7 1 2 7 0 2 7 0 2 7 17 1 2 5 30 3 1 2 4 1 2 7 5 30 3 0 2 7 0 2 7 0 2 7 0 2 7 0 2 7 6 2 7 13 6 3 1 2 7 1 2 7 0 2 7 1 2 7 17 18 2 1 2 7 16 6 2 17 18 2 1 2 7 5 30 3 17 9 2 17 9 2 8 9 2 0 2 7 1 2 7 1 2 7 0 2 7 0 2 7 5 31 3 0 2 4 0 2 7 17 18 2 0 2 4 5 30 3 0 2 7 0 60.9605365395545959
12 16 2 0 2 7 0 2 7 1 2 7 1 2 4 1 2 7 0 2 7 1 2 7 1 2 4 5 30 3 0 2 7 0 2 7 0 2 10 0 2 7 1 2 4 12 16 2 0 2 7 1 2 4 17 18 2 0 2 7 0 2 7 0 2 4 0 2 7 0 2 4 0 2 7 1 2 7 12 16 2 0 2 4 1 2 7 0 2 4 0 2 7 0 2 7 0 2 7 1 2 7 8 18 2 16 6 2 0 2 4 17 9 2 1 2 7 1 2 11 1 2 4 1 2 4 0 2 7 5 31 3 0 2 4 16 6 2 0 2 7 17 9 2 17 18 2 0 2 11 5 31 3 1 2 7 1 2 7 0 2 7 1 2 4 12 16 2 5 31 3 8 18 2 17 18 2 0 2 10 0 61.1494296789169312
12 16 2 5 31 3 5 31 3 5 30 3 17 18 2 0 2 7 0 2 7 0 2 7 0 2 7 0 2 7 12 16 2 0 2 7 0 2 4 1 2 7 0 2 4 0 2 7 0 2 7 1 2 7 12 16 2 0 2 7 1 2 7 0 2 4 0 2 4 0 2 4 0 2 7 1 2 7 17 18 2 0 2 4 1 2 7 1 2 10 1 2 7 0 2 7 1 2 7 0 2 7 16 20 12 0 2 7 0 2 7 17 9 2 12 16 2 8 9 2 0 2 7 0 2 7 0 2 7 1 2 7 1 2 7 8 18 2 0 2 4 0 2 7 0 2 7 1 2 4 0 2 7 16 6 2 17 1 2 1 2 4 1 2 7 1 2 7 17 9 2 5 30 3 5 31 3 12 16 2 0 61.4770565032958984
0 2 7 5 31 3 5 30 3 16 19 11 0 2 4 0 2 7 12 16 2 1 2 7 0 2 4 0 2 7 0 2 7 0 2 4 0 2 4 0 2 7 1 2 7 0 2 7 0 2 7 1 2 7 6 2 7 1 2 7 0 2 4 0 2 7 5 30 3 0 2 7 1 2 7 0 2 7 0 2 4 17 9 2 12 16 2 17 9 2 1 2 7 1 2 7 0 2 7 0 2 4 0 2 7 0 2 4 0 2 7 1 2 7 1 2 7 0 2 7 0 2 7 1 2 7 1 2 7 1 2 7 0 2 7 1 2 7 0 2 7 0 2 7 17 18 2 0 2 7 1 2 7 8 18 2 5 30 3 5 31 3 13 6 3 5 31 3 1 2 7 16 6 2 17 18 2 17 18 2 0 61.0251705050468445
0 2 7 5 31 3 5 30 3 17 18 2 0 2 7 0 2 7 12 16 2 1 2 7 6 2 4 0 2 4 6 2 7 0 2 7 0 2 7 0 2 7 0 2 3 0 2 7 0 2 7 1 2 4 0 2 7 0 2 7 6 2 7 1 2 7 1 2 4 8 18 2 5 31 3 1 2 7 0 2 7 0 2 4 5 30 3 0 2 7 1 2 7 0 2 7 0 2 7 17 9 2 12 16 2 17 9 2 1 2 7 1 2 7 0 2 7 0 2 7 5 31 3 17 9 2 0 2 4 0 2 7 5 31 3 0 2 7 1 2 7 16 18 11 16 6 2 0 2 7 16 15 2 0 2 11 0 2 7 0 2 7 1 2 7 1 2 7 1 2 7 0 2 7 1 2 7 0 2 7 0 61.5241427421569824
12 16 2 0 2 7 0 2 7 5 30 3 1 2 7 0 2 7 1 2 7 1 2 4 12 16 2 0 2 7 0 2 7 1 2 7 0 2 7 0 2 7 1 2 7 0 2 7 0 2 11 0 2 7 0 2 7 0 2 7 1 2 7 0 2 7 0 2 7 17 1 2 5 30 3 1 2 11 1 2 7 5 30 3 0 2 7 1 2 7 0 2 7 0 2 7 0 2 7 1 2 7 13 6 3 1 2 7 1 2 7 0 2 4 1 2 7 17 18 2 1 2 3 16 6 2 17 18 2 0 2 7 5 30 3 17 9 2 17 9 2 8 9 2 0 2 7 1 2 7 0 2 4 0 2 7 0 2 7 5 31 3 0 2 4 8 9 2 17 18 2 0 2 7 5 30 3 0 2 11 0 61.1465694904327393
12 16 2 5 30 3 5 31 3 1 2 7 17 18 2 5 31 3 0 2 7 0 2 7 0 2 7 0 2 7 12 16 2 0 2 7 0 2 7 0 2 7 0 2 7 0 2 4 1 2 7 0 2 7 13 6 3 0 2 7 0 2 7 1 2 7 17 18 2 0 2 7 1 2 7 1 2 7 1 2 4 1 2 7 13 6 3 1 2 7 17 9 2 1 2 7 0 2 7 1 2 7 0 2 7 1 2 7 17 9 2 0 2 7 17 18 2 1 2 7 1 2 7 0 2 7 5 31 3 1 2 7 16 6 2 1 2 7 0 2 4 0 2 7 1 2 4 1 2 7 17 18 2 0 2 7 0 2 7 0 2 7 0 2 7 0 2 7 12 16 2 13 6 3 6 2 7 12 16 2 0 59.938682496547699
12 16 2 5 30 3 5 31 3 1 2 7 17 18 2 5 31 3 0 2 7 0 2 7 0 2 7 0 2 7 12 16 2 0 2 7 0 2 7 0 2 7 0 2 7 0 2 4 1 2 7 0 2 7 13 6 3 12 16 2 0 2 7 0 2 7 1 2 7 17 18 2 0 2 7 1 2 7 1 2 7 1 2 4 1 2 7 13 6 3 1 2 7 17 9 2 1 2 7 0 2 7 13 6 3 1 2 7 0 2 7 1 2 7 17 9 2 0 2 7 17 18 2 1 2 7 1 2 7 6 2 7 12 16 2 0 2 7 1 2 7 0 2 7 1 2 4 17 18 2 0 2 7 0 2 7 0 2 7 0 2 7 0 2 7 5 31 3 16 6 2 1 2 7 0 2 4 1 2 7 0 59.938682496547699
12 16 2 5 31 3 5 31 3 1 2 7 17 18 2 0 2 4 0 2 7 1 2 7 0 2 7 0 2 7 0 2 7 0 2 7 0 2 7 1 2 7 0 2 7 0 2 7 1 2 7 1 2 7 0 2 7 0 2 3 1 2 7 0 2 7 1 2 7 17 18 2 1 2 7 0 2 7 1 2 7 1 2 7 0 2 7 1 2 7 0 2 7 17 9 2 13 6 3 1 2 7 1 2 7 1 2 7 17 9 2 5 30 3 17 18 2 13 6 3 17 18 2 16 6 2 5 31 3 1 2 7 0 2 7 0 2 7 1 2 7 0 2 4 1 2 7 0 2 7 1 2 7 0 2 7 0 2 7 0 2 7 0 2 7 0 2 7 0 2 7 1 2 7 1 2 3 0 2 4 0 59.9600826501846313
12 16 2 5 31 3 5 31 3 1 2 7 17 18 2 0 2 4 0 2 7 1 2 7 0 2 7 0 2 7 0 2 7 0 2 7 0 2 7 1 2 7 0 2 7 0 2 3 1 2 7 1 2 7 0 2 7 0 2 3 1 2 7 0 2 7 1 2 7 17 18 2 1 2 7 0 2 7 1 2 7 1 2 7 0 2 7 1 2 7 0 2 7 17 9 2 13 6 3 1 2 7 1 2 7 1 2 7 17 9 2 5 30 3 17 18 2 13 6 3 17 18 2 16 6 2 5 31 3 1 2 7 0 2 7 0 2 7 1 2 7 0 2 4 1 2 7 0 2 7 1 2 7 0 2 7 0 2 7 0 2 7 0 2 7 0 2 7 1 2 7 0 2 4 0 2 7 1 2 7 0 59.9600826501846313
12 16 2 5 30 3 5 31 3 1 2 7 17 18 2 5 31 3 0 2 7 0 2 7 0 2 7 0 2 7 12 16 2 0 2 7 0 2 7 0 2 7 0 2 7 0 2 4 1 2 7 0 2 7 13 6 3 12 16 2 0 2 7 0 2 7 1 2 7 17 18 2 0 2 7 1 2 7 1 2 7 1 2 4 1 2 7 13 6 3 1 2 7 17 9 2 1 2 7 0 2 7 13 6 3 1 2 7 0 2 7 1 2 7 17 9 2 0 2 7 17 18 2 1 2 7 1 2 7 6 2 7 12 16 2 0 2 7 5 31 3 1 2 7 16 6 2 1 2 7 0 2 4 0 2 7 1 2 4 1 2 7 17 18 2 0 2 7 0 2 7 0 2 7 0 2 7 0 2 7 0 59.938682496547699
12 16 2 5 31 3 5 31 3 1 2 7 17 18 2 0 2 4 0 2 7 1 2 7 0 2 7 0 2 7 0 2 7 0 2 7 0 2 7 1 2 7 0 2 7 0 2 7 1 2 7 1 2 3 0 2 7 0 2 7 0 2 7 0 2 7 1 2 7 17 18 2 1 2 7 0 2 7 1 2 7 1 2 7 0 2 7 1 2 7 0 2 7 17 9 2 13 6 3 1 2 7 1 2 7 1 2 7 17 9 2 5 30 3 17 18 2 13 6 3 17 18 2 16 6 2 5 31 3 1 2 7 0 2 7 0 2 7 0 2 7 1 2 7 1 2 7 0 2 7 1 2 7 0 2 7 0 2 7 0 2 7 0 2 4 0 2 4 1 2 7 1 2 7 0 2 3 1 2 7 0 59.9600826501846313
12 16 2 5 31 3 5 31 3 1 2 7 17 18 2 0 2 7 0 2 7 1 2 7 0 2 7 0 2 7 0 2 7 0 2 7 0 2 7 1 2 7 0 2 4 0 2 7 0 2 7 1 2 7 0 2 7 1 2 3 0 2 7 0 2 7 0 2 7 1 2 7 17 18 2 1 2 7 0 2 7 1 2 7 0 2 7 1 2 7 0 2 7 17 9 2 13 6 3 1 2 7 1 2 3 0 2 7 0 2 7 1 2 7 17 9 2 5 30 3 0 2 7 17 18 2 13 6 3 1 2 7 1 2 7 1 2 7 0 2 7 0 2 7 17 18 2 0 2 7 16 6 2 5 31 3 0 2 7 1 2 7 0 2 7 0 2 4 1 2 7 1 2 4 1 2 7 1 2 7 0 59.9600826501846313
12 16 2 5 31 3 5 31 3 1 2 7 17 18 2 0 2 7 0 2 7 1 2 7 0 2 7 0 2 7 0 2 7 0 2 7 0 2 7 1 2 7 0 2 7 0 2 7 1 2 7 1 2 7 0 2 7 0 2 7 0 2 7 0 2 7 1 2 3 17 18 2 1 2 7 0 2 7 1 2 7 1 2 7 0 2 7 1 2 7 0 2 7 17 9 2 13 6 3 1 2 7 1 2 7 1 2 7 1 2 7 17 9 2 5 30 3 17 18 2 13 6 3 17 18 2 16 6 2 5 31 3 1 2 3 1 2 7 0 2 7 0 2 7 1 2 7 1 2 7 1 2 7 0 2 7 1 2 7 0 2 7 0 2 4 0 2 7 0 2 4 0 2 7 0 2 7 0 2 4 0 59.9600826501846313
12 16 2 5 31 3 5 31 3 1 2 7 17 18 2 0 2 7 0 2 7 1 2 7 0 2 4 0 2 7 0 2 7 0 2 7 0 2 7 1 2 7 0 2 7 0 2 7 0 2 7 1 2 7 0 2 7 0 2 7 0 2 7 0 2 7 1 2 7 17 18 2 1 2 7 0 2 3 1 2 7 1 2 7 0 2 7 1 2 7 0 2 7 17 9 2 13 6 3 1 2 7 1 2 7 1 2 7 17 9 2 5 30 3 17 18 2 13 6 3 17 18 2 16 6 2 5 31 3 1 2 7 0 2 7 0 2 7 0 2 7 1 2 7 1 2 7 0 2 7 1 2 7 0 2 4 0 2 7 0 2 7 0 2 3 0 2 4 1 2 7 1 2 7 1 2 7 1 2 7 0 59.9600826501846313
12 16 2 5 31 3 5 31 3 1 2 7 17 18 2 0 2 4 0 2 7 1 2 7 0 2 7 0 2 7 0 2 7 0 2 7 0 2 7 1 2 7 0 2 7 0 2 7 1 2 7 1 2 7 0 2 7 0 2 3 1 2 7 0 2 7 1 2 7 17 18 2 1 2 7 0 2 7 1 2 7 1 2 7 0 2 7 1 2 7 0 2 7 17 9 2 13 6 3 1 2 7 1 2 7 1 2 7 17 9 2 5 30 3 17 18 2 13 6 3 17 18 2 16 6 2 5 31 3 1 2 7 0 2 7 0 2 7 1 2 7 0 2 4 1 2 7 0 2 7 1 2 7 0 2 7 0 2 7 0 2 7 0 2 7 0 2 7 1 2 7 0 2 4 0 2 7 1 2 3 0 59.9600826501846313
12 16 2 5 31 3 1 2 7 17 18 2 5 31 3 0 2 7 0 2 7 0 2 7 0 2 4 12 16 2 0 2 7 0 2 7 0 2 7 0 2 7 1 2 7 0 2 7 13 6 3 12 16 2 0 2 7 0 2 7 1 2 7 17 18 2 0 2 7 1 2 7 1 2 7 1 2 7 1 2 7 13 6 3 1 2 7 17 9 2 1 2 7 0 2 4 13 6 3 1 2 7 0 2 4 1 2 7 17 9 2 0 2 7 17 18 2 0 2 7 1 2 7 12 16 2 0 2 7 1 2 7 0 2 7 17 18 2 0 2 7 0 2 7 0 2 7 0 2 7 0 2 7 5 31 3 16 6 2 1 2 7 1 2 7 1 2 7 1 2 7 0 2 7 1 2 7 1 2 7 0 59.7211945056915283
12 16 2 1 2 7 5 31 3 1 2 4 17 18 2 5 31 3 0 2 7 0 2 7 0 2 7 0 2 7 12 16 2 0 2 7 0 2 7 0 2 7 0 2 7 0 2 7 1 2 7 0 2 7 13 6 3 12 16 2 0 2 7 0 2 7 1 2 7 17 18 2 0 2 7 1 2 4 1 2 7 1 2 7 1 2 7 13 6 3 1 2 7 17 9 2 1 2 7 0 2 7 13 6 3 1 2 7 0 2 7 1 2 7 17 9 2 0 2 7 17 18 2 1 2 7 1 2 7 0 2 7 12 16 2 0 2 7 1 2 7 0 2 7 1 2 4 17 18 2 0 2 7 0 2 7 1 2 7 0 2 7 0 2 7 5 31 3 16 6 2 1 2 7 0 2 7 1 2 7 0 59.7211945056915283
12 16 2 1 2 4 5 31 3 1 2 7 17 18 2 5 31 3 0 2 7 0 2 7 0 2 7 0 2 7 12 16 2 0 2 7 0 2 4 0 2 7 0 2 7 0 2 7 1 2 7 0 2 7 13 6 3 12 16 2 0 2 7 0 2 4 1 2 7 17 18 2 0 2 7 1 2 7 1 2 7 1 2 7 1 2 7 13 6 3 1 2 7 17 9 2 1 2 7 0 2 7 13 6 3 1 2 7 0 2 7 1 2 7 17 9 2 0 2 7 17 18 2 1 2 7 1 2 7 0 2 7 12 16 2 0 2 7 1 2 7 0 2 7 17 18 2 0 2 7 0 2 7 0 2 7 0 2 7 5 31 3 16 6 2 1 2 7 1 2 7 1 2 7 0 2 7 1 2 7 0 59.7211945056915283
12 16 2 1 2 7 5 31 3 1 2 4 17 18 2 5 31 3 0 2 7 0 2 7 0 2 7 0 2 7 12 16 2 0 2 7 0 2 7 0 2 7 0 2 4 0 2 7 1 2 7 0 2 7 13 6 3 12 16 2 0 2 7 0 2 7 1 2 7 17 18 2 0 2 7 1 2 7 1 2 7 1 2 7 13 6 3 1 2 7 17 9 2 1 2 7 0 2 7 13 6 3 1 2 7 0 2 7 1 2 7 17 9 2 0 2 7 17 18 2 1 2 7 1 2 7 0 2 7 12 16 2 0 2 7 0 2 7 0 2 7 17 18 2 0 2 7 0 2 7 1 2 7 0 2 7 5 31 3 16 6 2 1 2 7 1 2 7 1 2 4 1 2 7 0 2 7 1 2 7 0 59.7211945056915283
12 16 2 5 31 3 1 2 7 17 18 2 5 31 3 0 2 7 0 2 7 0 2 7 0 2 7 12 16 2 0 2 7 0 2 7 0 2 7 0 2 7 0 2 4 1 2 7 0 2 7 13 6 3 12 16 2 0 2 7 0 2 7 1 2 7 17 18 2 0 2 7 1 2 7 1 2 7 1 2 7 1 2 7 13 6 3 1 2 7 17 9 2 1 2 7 0 2 7 13 6 3 1 2 7 0 2 7 1 2 7 17 9 2 0 2 7 17 18 2 1 2 7 1 2 7 12 16 2 0 2 7 1 2 7 0 2 7 17 18 2 0 2 7 0 2 7 0 2 7 0 2 7 0 2 7 5 31 3 16 6 2 1 2 7 0 2 4 1 2 7 1 2 7 1 2 7 1 2 4 0 59.7211945056915283
12 16 2 1 2 7 5 31 3 1 2 4 17 18 2 5 31 3 0 2 7 0 2 7 0 2 7 0 2 7 12 16 2 0 2 7 0 2 7 0 2 7 0 2 7 0 2 7 1 2 7 0 2 7 13 6 3 12 16 2 0 2 7 0 2 7 1 2 7 17 18 2 0 2 7 1 2 4 1 2 7 1 2 7 1 2 7 13 6 3 1 2 7 17 9 2 1 2 7 0 2 7 13 6 3 1 2 7 0 2 7 1 2 7 17 9 2 0 2 7 17 18 2 1 2 7 1 2 7 0 2 7 12 16 2 0 2 7 1 2 7 0 2 7 1 2 4 17 18 2 0 2 7 0 2 7 1 2 7 0 2 7 0 2 7 5 31 3 16 6 2 1 2 7 0 2 7 1 2 7 0 59.7211945056915283
12 16 2 1 2 7 5 31 3 1 2 4 17 18 2 5 31 3 0 2 7 0 2 7 0 2 7 0 2 7 12 16 2 0 2 7 0 2 7 0 2 7 0 2 7 0 2 7 1 2 7 0 2 7 13 6 3 12 16 2 0 2 7 0 2 7 1 2 7 17 18 2 0 2 7 1 2 4 1 2 7 1 2 7 1 2 7 13 6 3 1 2 7 17 9 2 1 2 7 0 2 7 13 6 3 1 2 7 0 2 7 1 2 7 17 9 2 0 2 7 17 18 2 1 2 7 1 2 7 0 2 7 12 16 2 0 2 7 1 2 7 0 2 7 1 2 4 17 18 2 0 2 7 0 2 7 1 2 7 0 2 7 0 2 7 5 31 3 16 6 2 1 2 7 0 2 7 1 2 7 0 59.7211945056915283
12 16 2 5 31 3 1 2 7 17 18 2 5 31 3 0 2 7 0 2 7 0 2 7 0 2 7 12 16 2 0 2 7 0 2 7 0 2 7 0 2 7 1 2 7 0 2 7 13 6 3 12 16 2 0 2 7 0 2 7 1 2 7 17 18 2 0 2 7 1 2 7 1 2 7 1 2 4 1 2 7 13 6 3 1 2 7 17 9 2 1 2 7 0 2 7 13 6 3 1 2 7 0 2 7 1 2 7 17 9 2 1 2 7 17 18 2 1 2 7 1 2 7 12 16 2 0 2 7 5 31 3 1 2 7 16 6 2 1 2 7 0 2 7 1 2 7 17 18 2 0 2 7 0 2 7 0 2 4 0 2 7 0 2 7 1 2 7 0 2 7 1 2 7 0 2 4 0 2 7 0 59.7211945056915283
12 16 2 1 2 7 5 31 3 1 2 4 17 18 2 5 31 3 0 2 7 0 2 7 0 2 7 0 2 7 12 16 2 0 2 7 0 2 7 0 2 7 0 2 7 0 2 7 1 2 7 0 2 7 13 6 3 12 16 2 0 2 7 0 2 7 1 2 7 17 18 2 0 2 7 1 2 4 1 2 7 1 2 7 1 2 7 13 6 3 1 2 7 17 9 2 1 2 7 0 2 7 13 6 3 1 2 7 0 2 7 1 2 7 17 9 2 0 2 7 17 18 2 1 2 7 1 2 7 0 2 7 12 16 2 0 2 7 1 2 7 0 2 7 1 2 4 17 18 2 0 2 7 0 2 7 1 2 7 0 2 7 0 2 7 5 31 3 16 6 2 1 2 7 0 2 7 1 2 7 0 59.7211945056915283
12 16 2 1 2 7 5 31 3 1 2 4 17 18 2 5 31 3 0 2 7 0 2 7 0 2 7 0 2 7 12 16 2 0 2 7 0 2 7 0 2 7 0 2 7 0 2 7 1 2 7 0 2 7 13 6 3 12 16 2 0 2 7 0 2 7 1 2 7 17 18 2 0 2 7 1 2 4 1 2 7 1 2 7 1 2 7 13 6 3 1 2 7 17 9 2 1 2 7 0 2 7 13 6 3 1 2 7 0 2 7 1 2 7 17 9 2 0 2 7 17 18 2 1 2 7 1 2 7 0 2 7 12 16 2 0 2 7 1 2 7 0 2 7 1 2 4 17 18 2 0 2 7 0 2 7 1 2 7 0 2 7 0 2 7 5 31 3 16 6 2 1 2 7 0 2 7 1 2 7 0 59.7211945056915283
12 16 2 5 31 3 1 2 7 17 18 2 5 31 3 0 2 7 0 2 7 0 2 7 0 2 7 12 16 2 0 2 7 0 2 7 0 2 7 0 2 7 1 2 7 0 2 7 13 6 3 12 16 2 0 2 7 0 2 7 1 2 7 17 18 2 0 2 7 1 2 7 1 2 7 1 2 4 1 2 7 13 6 3 1 2 7 17 9 2 1 2 7 0 2 7 13 6 3 1 2 7 0 2 7 1 2 7 17 9 2 1 2 7 17 18 2 1 2 7 1 2 7 12 16 2 0 2 7 5 31 3 1 2 7 16 6 2 1 2 7 0 2 7 1 2 7 17 18 2 0 2 7 0 2 7 0 2 7 0 2 7 0 2 7 0 2 7 1 2 4 0 2 7 1 2 4 0 2 7 0 59.7211945056915283
12 16 2 1 2 7 5 31 3 1 2 4 17 18 2 5 31 3 0 2 7 0 2 7 0 2 7 0 2 7 12 16 2 0 2 7 0 2 7 0 2 7 0 2 7 0 2 7 1 2 7 0 2 7 13 6 3 12 16 2 0 2 7 0 2 7 1 2 7 17 18 2 0 2 7 1 2 4 1 2 7 1 2 7 1 2 7 13 6 3 1 2 7 17 9 2 1 2 7 0 2 7 13 6 3 1 2 7 0 2 7 1 2 7 17 9 2 0 2 7 17 18 2 1 2 7 1 2 7 0 2 7 12 16 2 0 2 7 1 2 7 0 2 7 1 2 4 17 18 2 0 2 7 0 2 7 1 2 7 0 2 7 0 2 7 5 31 3 16 6 2 1 2 7 0 2 7 1 2 7 0 59.7211945056915283
12 16 2 1 2 4 5 31 3 1 2 7 17 18 2 5 31 3 0 2 7 0 2 7 0 2 7 0 2 7 12 16 2 0 2 7 0 2 4 0 2 7 0 2 7 0 2 7 1 2 7 0 2 7 13 6 3 12 16 2 0 2 7 0 2 4 1 2 7 17 18 2 0 2 7 1 2 7 1 2 7 1 2 7 1 2 7 13 6 3 1 2 7 17 9 2 1 2 7 0 2 7 13 6 3 1 2 7 0 2 7 1 2 7 17 9 2 0 2 7 17 18 2 1 2 7 1 2 7 0 2 7 12 16 2 0 2 7 1 2 7 0 2 7 17 18 2 0 2 7 0 2 7 0 2 7 0 2 7 5 31 3 16 6 2 1 2 7 1 2 7 1 2 7 0 2 7 1 2 7 0 59.7211945056915283
12 16 2 1 2 7 5 31 3 1 2 4 17 18 2 5 31 3 0 2 7 0 2 7 0 2 7 0 2 7 12 16 2 0 2 7 0 2 7 0 2 7 0 2 4 0 2 7 1 2 7 0 2 7 13 6 3 12 16 2 0 2 7 0 2 7 1 2 7 17 18 2 0 2 7 1 2 7 1 2 7 1 2 7 13 6 3 1 2 7 17 9 2 1 2 7 0 2 7 13 6 3 1 2 7 0 2 7 1 2 7 17 9 2 0 2 7 17 18 2 1 2 7 1 2 7 0 2 7 12 16 2 0 2 7 0 2 7 0 2 7 17 18 2 0 2 7 0 2 7 1 2 7 0 2 7 5 31 3 16 6 2 1 2 7 1 2 7 1 2 4 1 2 7 0 2 7 1 2 7 0 59.7211945056915283
12 16 2 5 31 3 1 2 7 17 18 2 5 31 3 0 2 7 0 2 7 0 2 7 0 2 7 12 16 2 0 2 7 0 2 7 0 2 7 0 2 7 0 2 4 1 2 7 0 2 7 13 6 3 12 16 2 0 2 7 0 2 7 1 2 7 17 18 2 0 2 7 1 2 7 1 2 7 1 2 7 1 2 7 13 6 3 1 2 7 17 9 2 1 2 7 0 2 7 13 6 3 1 2 7 0 2 7 1 2 7 17 9 2 0 2 7 17 18 2 1 2 7 1 2 7 12 16 2 0 2 7 1 2 7 0 2 7 17 18 2 0 2 7 0 2 7 0 2 7 0 2 7 0 2 7 5 31 3 16 6 2 1 2 7 0 2 4 1 2 7 1 2 7 1 2 7 1 2 4 0 59.7211945056915283
12 16 2 1 2 7 5 31 3 1 2 4 17 18 2 5 31 3 0 2 7 0 2 7 0 2 7 0 2 7 12 16 2 0 2 7 0 2 7 0 2 7 0 2 7 0 2 7 1 2 7 0 2 7 13 6 3 12 16 2 0 2 7 0 2 7 1 2 7 17 18 2 0 2 7 1 2 4 1 2 7 1 2 7 1 2 7 13 6 3 1 2 7 17 9 2 1 2 7 0 2 7 13 6 3 1 2 7 0 2 7 1 2 7 17 9 2 0 2 7 17 18 2 1 2 7 1 2 7 0 2 7 12 16 2 0 2 7 1 2 7 0 2 7 1 2 4 17 18 2 0 2 7 0 2 7 1 2 7 0 2 7 0 2 7 5 31 3 16 6 2 1 2 7 0 2 7 1 2 7 0 59.7211945056915283
12 16 2 1 2 7 5 31 3 1 2 4 17 18 2 5 31 3 0 2 7 0 2 7 0 2 7 0 2 7 12 16 2 0 2 7 0 2 7 0 2 7 0 2 7 0 2 7 1 2 7 0 2 7 13 6 3 12 16 2 0 2 7 0 2 7 1 2 7 17 18 2 0 2 7 1 2 4 1 2 7 1 2 7 1 2 7 13 6 3 1 2 7 17 9 2 1 2 7 0 2 7 13 6 3 1 2 7 0 2 7 1 2 7 17 9 2 0 2 7 17 18 2 1 2 7 1 2 7 0 2 7 12 16 2 0 2 7 1 2 7 0 2 7 1 2 4 17 18 2 0 2 7 0 2 7 1 2 7 0 2 7 0 2 7 5 31 3 16 6 2 1 2 7 0 2 7 1 2 7 0 59.7211945056915283
12 16 2 5 31 3 1 2 7 17 18 2 5 31 3 0 2 7 0 2 7 0 2 7 0 2 7 12 16 2 0 2 7 0 2 7 0 2 7 0 2 7 1 2 7 0 2 7 13 6 3 12 16 2 0 2 7 0 2 7 1 2 7 17 18 2 0 2 7 1 2 7 1 2 7 1 2 4 1 2 7 13 6 3 1 2 7 17 9 2 1 2 7 0 2 7 13 6 3 1 2 7 0 2 7 1 2 7 17 9 2 1 2 7 17 18 2 1 2 7 1 2 7 12 16 2 0 2 7 5 31 3 1 2 7 16 6 2 1 2 7 0 2 7 1 2 7 17 18 2 0 2 7 0 2 7 0 2 4 0 2 7 0 2 7 1 2 7 0 2 7 1 2 7 0 2 4 0 2 7 0 59.7211945056915283
12 16 2 1 2 7 5 31 3 1 2 4 17 18 2 5 31 3 0 2 7 0 2 7 0 2 7 0 2 7 12 16 2 0 2 7 0 2 7 0 2 7 0 2 7 0 2 7 1 2 7 0 2 7 13 6 3 12 16 2 0 2 7 0 2 7 1 2 7 17 18 2 0 2 7 1 2 4 1 2 7 1 2 7 1 2 7 13 6 3 1 2 7 17 9 2 1 2 7 0 2 7 13 6 3 1 2 7 0 2 7 1 2 7 17 9 2 0 2 7 17 18 2 1 2 7 1 2 7 0 2 7 12 16 2 0 2 7 1 2 7 0 2 7 1 2 4 17 18 2 0 2 7 0 2 7 1 2 7 0 2 7 0 2 7 5 31 3 16 6 2 1 2 7 0 2 7 1 2 7 0 59.7211945056915283
12 16 2 1 2 7 5 31 3 1 2 4 17 18 2 5 31 3 0 2 7 0 2 7 0 2 7 0 2 7 12 16 2 0 2 7 0 2 7 0 2 7 0 2 7 0 2 7 1 2 7 0 2 7 13 6 3 12 16 2 0 2 7 0 2 7 1 2 7 17 18 2 0 2 7 1 2 4 1 2 7 1 2 7 1 2 7 13 6 3 1 2 7 17 9 2 1 2 7 0 2 7 13 6 3 1 2 7 0 2 7 1 2 7 17 9 2 0 2 7 17 18 2 1 2 7 1 2 7 0 2 7 12 16 2 0 2 7 1 2 7 0 2 7 1 2 4 17 18 2 0 2 7 0 2 7 1 2 7 0 2 7 0 2 7 5 31 3 16 6 2 1 2 7 0 2 7 1 2 7 0 59.7211945056915283
12 16 2 1 2 7 5 31 3 1 2 4 17 18 2 5 31 3 0 2 7 0 2 7 0 2 7 0 2 7 12 16 2 0 2 7 0 2 7 0 2 7 0 2 7 0 2 7 1 2 7 0 2 7 13 6 3 12 16 2 0 2 7 0 2 7 1 2 7 17 18 2 0 2 7 1 2 7 1 2 7 1 2 7 13 6 3 1 2 7 17 9 2 1 2 7 0 2 7 13 6 3 1 2 7 0 2 7 1 2 7 17 9 2 0 2 7 17 18 2 1 2 4 1 2 7 0 2 7 12 16 2 0 2 7 1 2 7 0 2 7 17 18 2 0 2 7 0 2 7 1 2 7 0 2 7 5 31 3 16 6 2 1 2 7 1 2 7 1 2 7 1 2 7 0 2 7 0 2 4 0 59.7211945056915283
12 16 2 1 2 7 5 31 3 1 2 4 17 18 2 5 31 3 0 2 7 0 2 7 0 2 7 0 2 7 12 16 2 0 2 7 0 2 7 0 2 7 0 2 7 0 2 7 1 2 7 0 2 7 13 6 3 12 16 2 0 2 7 0 2 7 1 2 7 17 18 2 0 2 7 1 2 4 1 2 7 1 2 7 1 2 7 13 6 3 1 2 7 17 9 2 1 2 7 0 2 7 13 6 3 1 2 7 0 2 7 1 2 7 17 9 2 0 2 7 17 18 2 1 2 7 1 2 7 0 2 7 12 16 2 0 2 7 1 2 7 0 2 7 1 2 4 17 18 2 0 2 7 0 2 7 1 2 7 0 2 7 0 2 7 5 31 3 16 6 2 1 2 7 0 2 7 1 2 7 0 59.7211945056915283
12 16 2 1 2 4 5 31 3 1 2 7 17 18 2 5 31 3 0 2 7 0 2 7 0 2 7 0 2 7 12 16 2 0 2 7 0 2 4 0 2 7 0 2 7 0 2 7 1 2 7 0 2 7 13 6 3 12 16 2 0 2 7 0 2 4 1 2 7 17 18 2 0 2 7 1 2 7 1 2 7 1 2 7 1 2 7 13 6 3 1 2 7 17 9 2 1 2 7 0 2 7 13 6 3 1 2 7 0 2 7 1 2 7 17 9 2 0 2 7 17 18 2 1 2 7 1 2 7 0 2 7 12 16 2 0 2 7 1 2 7 0 2 7 17 18 2 0 2 7 0 2 7 0 2 7 0 2 7 5 31 3 16 6 2 1 2 7 1 2 7 1 2 7 0 2 7 1 2 7 0 59.7211945056915283
12 16 2 1 2 7 5 31 3 1 2 4 17 18 2 5 31 3 0 2 7 0 2 7 0 2 7 0 2 7 12 16 2 0 2 7 0 2 7 0 2 7 0 2 4 0 2 7 1 2 7 0 2 7 13 6 3 12 16 2 0 2 7 0 2 7 1 2 7 17 18 2 0 2 7 1 2 7 1 2 7 1 2 7 13 6 3 1 2 7 17 9 2 1 2 7 0 2 7 13 6 3 1 2 7 0 2 7 1 2 7 17 9 2 0 2 7 17 18 2 1 2 7 1 2 7 0 2 7 12 16 2 0 2 7 0 2 7 0 2 7 17 18 2 0 2 7 0 2 7 1 2 7 0 2 7 5 31 3 16 6 2 1 2 7 1 2 7 1 2 4 1 2 7 0 2 7 1 2 7 0 59.7211945056915283
12 16 2 5 31 3 1 2 7 17 18 2 5 31 3 0 2 7 0 2 7 0 2 7 0 2 7 12 16 2 0 2 7 0 2 7 0 2 7 0 2 7 0 2 4 1 2 7 0 2 7 13 6 3 12 16 2 0 2 7 0 2 7 1 2 7 17 18 2 0 2 7 1 2 7 1 2 7 1 2 7 1 2 7 13 6 3 1 2 7 17 9 2 1 2 7 0 2 7 13 6 3 1 2 7 0 2 7 1 2 7 17 9 2 0 2 7 17 18 2 1 2 7 1 2 7 12 16 2 0 2 7 1 2 7 0 2 7 17 18 2 0 2 7 0 2 7 0 2 7 0 2 7 0 2 7 5 31 3 16 6 2 1 2 7 0 2 4 1 2 7 1 2 7 1 2 7 1 2 4 0 59.7211945056915283
12 16 2 1 2 7 5 31 3 1 2 4 17 18 2 5 31 3 0 2 7 0 2 7 0 2 7 0 2 7 12 16 2 0 2 7 0 2 7 0 2 7 0 2 7 0 2 7 1 2 7 0 2 7 13 6 3 12 16 2 0 2 7 0 2 7 1 2 7 17 18 2 0 2 7 1 2 4 1 2 7 1 2 7 1 2 7 13 6 3 1 2 7 17 9 2 1 2 7 0 2 7 13 6 3 1 2 7 0 2 7 1 2 7 17 9 2 0 2 7 17 18 2 1 2 7 1 2 7 0 2 7 12 16 2 0 2 7 1 2 7 0 2 7 1 2 4 17 18 2 0 2 7 0 2 7 1 2 7 0 2 7 0 2 7 5 31 3 16 6 2 1 2 7 0 2 7 1 2 7 0 59.7211945056915283
12 16 2 1 2 7 5 31 3 1 2 4 17 18 2 5 31 3 0 2 7 0 2 7 0 2 7 0 2 7 12 16 2 0 2 7 0 2 7 0 2 7 0 2 7 0 2 7 1 2 7 0 2 7 13 6 3 12 16 2 0 2 7 0 2 7 1 2 7 17 18 2 0 2 7 1 2 4 1 2 7 1 2 7 1 2 7 13 6 3 1 2 7 17 9 2 1 2 7 0 2 7 13 6 3 1 2 7 0 2 7 1 2 7 17 9 2 0 2 7 17 18 2 1 2 7 1 2 7 0 2 7 12 16 2 0 2 7 1 2 7 0 2 7 1 2 4 17 18 2 0 2 7 0 2 7 1 2 7 0 2 7 0 2 7 5 31 3 16 6 2 1 2 7 0 2 7 1 2 7 0 59.7211945056915283
12 16 2 5 31 3 1 2 7 17 18 2 5 31 3 0 2 7 0 2 7 0 2 7 0 2 7 12 16 2 0 2 7 0 2 7 0 2 7 0 2 7 1 2 7 0 2 7 13 6 3 12 16 2 0 2 7 0 2 7 1 2 7 17 18 2 0 2 7 1 2 7 1 2 7 1 2 4 1 2 7 13 6 3 1 2 7 17 9 2 1 2 7 0 2 7 13 6 3 1 2 7 0 2 7 1 2 7 17 9 2 1 2 7 17 18 2 1 2 7 1 2 7 12 16 2 0 2 7 5 31 3 1 2 7 16 6 2 1 2 7 0 2 7 1 2 7 17 18 2 0 2 7 0 2 7 0 2 4 0 2 7 0 2 7 1 2 7 0 2 7 1 2 7 0 2 4 0 2 7 0 59.7211945056915283
12 16 2 1 2 7 5 31 3 1 2 4 17 18 2 5 31 3 0 2 7 0 2 7 0 2 7 0 2 7 12 16 2 0 2 7 0 2 7 0 2 7 0 2 7 0 2 7 1 2 7 0 2 7 13 6 3 12 16 2 0 2 7 0 2 7 1 2 7 17 18 2 0 2 7 1 2 4 1 2 7 1 2 7 1 2 7 13 6 3 1 2 7 17 9 2 1 2 7 0 2 7 13 6 3 1 2 7 0 2 7 1 2 7 17 9 2 0 2 7 17 18 2 1 2 7 1 2 7 0 2 7 12 16 2 0 2 7 1 2 7 0 2 7 1 2 4 17 18 2 0 2 7 0 2 7 1 2 7 0 2 7 0 2 7 5 31 3 16 6 2 1 2 7 0 2 7 1 2 7 0 59.7211945056915283
12 16 2 1 2 7 5 31 3 1 2 4 17 18 2 5 31 3 0 2 7 0 2 7 0 2 7 0 2 7 12 16 2 0 2 7 0 2 7 0 2 7 0 2 7 0 2 7 1 2 7 0 2 7 13 6 3 12 16 2 0 2 7 0 2 7 1 2 7 17 18 2 0 2 7 1 2 4 1 2 7 1 2 7 1 2 7 13 6 3 1 2 7 17 9 2 1 2 7 0 2 7 13 6 3 1 2 7 0 2 7 1 2 7 17 9 2 0 2 7 17 18 2 1 2 7 1 2 7 0 2 7 12 16 2 0 2 7 1 2 7 0 2 7 1 2 4 17 18 2 0 2 7 0 2 7 1 2 7 0 2 7 0 2 7 5 31 3 16 6 2 1 2 7 0 2 7 1 2 7 0 59.7211945056915283
12 16 2 1 2 7 5 31 3 1 2 4 17 18 2 5 31 3 0 2 7 0 2 7 0 2 7 0 2 7 12 16 2 0 2 7 0 2 7 0 2 7 0 2 7 0 2 7 1 2 7 0 2 7 13 6 3 12 16 2 0 2 7 0 2 7 1 2 7 17 18 2 0 2 7 1 2 7 1 2 7 1 2 7 13 6 3 1 2 7 17 9 2 1 2 7 0 2 7 13 6 3 1 2 7 0 2 7 1 2 7 17 9 2 0 2 7 17 18 2 1 2 7 1 2 7 0 2 7 12 16 2 0 2 7 1 2 7 0 2 7 17 18 2 0 2 7 0 2 7 0 2 7 0 2 7 5 31 3 16 6 2 1 2 7 1 2 7 1 2 4 1 2 4 0 2 7 1 2 7 0 59.7211945056915283
12 16 2 1 2 7 5 31 3 1 2 4 17 18 2 5 31 3 0 2 7 0 2 7 0 2 7 0 2 7 12 16 2 0 2 7 0 2 7 0 2 7 0 2 7 0 2 7 1 2 7 0 2 7 13 6 3 12 16 2 0 2 7 0 2 7 1 2 7 17 18 2 0 2 7 1 2 4 1 2 7 1 2 7 1 2 7 13 6 3 1 2 7 17 9 2 1 2 7 0 2 7 13 6 3 1 2 7 0 2 7 1 2 7 17 9 2 0 2 7 17 18 2 1 2 7 1 2 7 0 2 7 12 16 2 0 2 7 1 2 7 0 2 7 1 2 4 17 18 2 0 2 7 0 2 7 1 2 7 0 2 7 0 2 7 5 31 3 16 6 2 1 2 7 0 2 7 1 2 7 0 59.7211945056915283
12 16 2 1 2 4 5 31 3 1 2 7 17 18 2 5 31 3 0 2 7 0 2 7 0 2 7 0 2 7 12 16 2 0 2 7 0 2 4 0 2 7 0 2 7 0 2 7 1 2 7 0 2 7 13 6 3 12 16 2 0 2 7 0 2 4 1 2 7 17 18 2 0 2 7 1 2 7 1 2 7 1 2 7 1 2 7 13 6 3 1 2 7 17 9 2 1 2 7 0 2 7 13 6 3 1 2 7 0 2 7 1 2 7 17 9 2 0 2 7 17 18 2 1 2 7 1 2 7 0 2 7 12 16 2 0 2 7 1 2 7 0 2 7 17 18 2 0 2 7 0 2 7 0 2 7 0 2 7 5 31 3 16 6 2 1 2 7 1 2 7 1 2 7 0 2 7 1 2 7 0 59.7211945056915283
12 16 2 1 2 7 5 31 3 1 2 4 17 18 2 5 31 3 0 2 7 0 2 7 0 2 7 0 2 7 12 16 2 0 2 7 0 2 7 0 2 7 0 2 4 0 2 7 1 2 7 0 2 7 13 6 3 12 16 2 0 2 7 0 2 7 1 2 7 17 18 2 0 2 7 1 2 7 1 2 7 1 2 7 13 6 3 1 2 7 17 9 2 1 2 7 0 2 7 13 6 3 1 2 7 0 2 7 1 2 7 17 9 2 0 2 7 17 18 2 1 2 7 1 2 7 0 2 7 12 16 2 0 2 7 0 2 7 0 2 7 17 18 2 0 2 7 0 2 7 1 2 7 0 2 7 5 31 3 16 6 2 1 2 7 1 2 7 1 2 4 1 2 7 0 2 7 1 2 7 0 59.7211945056915283
12 16 2 5 31 3 1 2 7 17 18 2 5 31 3 0 2 7 0 2 7 0 2 7 0 2 7 12 16 2 0 2 7 0 2 7 0 2 7 0 2 7 0 2 4 1 2 7 0 2 7 13 6 3 12 16 2 0 2 7 0 2 7 1 2 7 17 18 2 0 2 7 1 2 7 1 2 7 1 2 7 1 2 7 13 6 3 1 2 7 17 9 2 1 2 7 0 2 7 13 6 3 1 2 7 0 2 7 1 2 7 17 9 2 0 2 7 17 18 2 1 2 7 1 2 7 12 16 2 0 2 7 1 2 7 0 2 7 17 18 2 0 2 7 0 2 7 0 2 7 0 2 7 0 2 7 5 31 3 16 6 2 1 2 7 0 2 4 1 2 7 1 2 7 1 2 7 1 2 4 0 59.7211945056915283
12 16 2 1 2 7 5 31 3 1 2 4 17 18 2 5 31 3 0 2 7 0 2 7 0 2 7 0 2 7 12 16 2 0 2 7 0 2 7 0 2 7 0 2 7 0 2 7 1 2 7 0 2 7 13 6 3 12 16 2 0 2 7 0 2 7 1 2 7 17 18 2 0 2 7 1 2 4 1 2 7 1 2 7 1 2 7 13 6 3 1 2 7 17 9 2 1 2 7 0 2 7 13 6 3 1 2 7 0 2 7 1 2 7 17 9 2 0 2 7 17 18 2 1 2 7 1 2 7 0 2 7 12 16 2 0 2 7 1 2 7 0 2 7 1 2 4 17 18 2 0 2 7 0 2 7 1 2 7 0 2 7 0 2 7 5 31 3 16 6 2 1 2 7 0 2 7 1 2 7 0 59.7211945056915283
12 16 2 1 2 7 5 31 3 1 2 4 17 18 2 5 31 3 0 2 7 0 2 7 0 2 7 0 2 7 12 16 2 0 2 7 0 2 7 0 2 7 0 2 7 0 2 7 1 2 7 0 2 7 13 6 3 12 16 2 0 2 7 0 2 7 1 2 7 17 18 2 0 2 7 1 2 4 1 2 7 1 2 7 1 2 7 13 6 3 1 2 7 17 9 2 1 2 7 0 2 7 13 6 3 1 2 7 0 2 7 1 2 7 17 9 2 0 2 7 17 18 2 1 2 7 1 2 7 0 2 7 12 16 2 0 2 7 1 2 7 0 2 7 1 2 4 17 18 2 0 2 7 0 2 7 1 2 7 0 2 7 0 2 7 5 31 3 16 6 2 1 2 7 0 2 7 1 2 7 0 59.7211945056915283
12 16 2 5 31 3 1 2 7 17 18 2 5 31 3 0 2 7 0 2 7 0 2 7 0 2 7 12 16 2 0 2 7 0 2 7 0 2 7 0 2 7 1 2 7 0 2 7 13 6 3 12 16 2 0 2 7 0 2 7 1 2 7 17 18 2 0 2 7 1 2 7 1 2 7 1 2 4 1 2 7 13 6 3 1 2 7 17 9 2 1 2 7 0 2 7 13 6 3 1 2 7 0 2 7 1 2 7 17 9 2 1 2 7 17 18 2 1 2 7 1 2 7 12 16 2 0 2 7 5 31 3 1 2 7 16 6 2 1 2 7 0 2 7 1 2 7 17 18 2 0 2 7 0 2 7 0 2 4 0 2 7 0 2 7 1 2 7 0 2 7 1 2 7 0 2 4 0 2 7 0 59.7211945056915283
12 16 2 1 2 7 5 31 3 1 2 4 17 18 2 5 31 3 0 2 7 0 2 7 0 2 7 0 2 7 12 16 2 0 2 7 0 2 7 0 2 7 0 2 7 0 2 7 1 2 7 0 2 7 13 6 3 12 16 2 0 2 7 0 2 7 1 2 7 17 18 2 0 2 7 1 2 4 1 2 7 1 2 7 1 2 7 13 6 3 1 2 7 17 9 2 1 2 7 0 2 7 13 6 3 1 2 7 0 2 7 1 2 7 17 9 2 0 2 7 17 18 2 1 2 7 1 2 7 0 2 7 12 16 2 0 2 7 1 2 7 0 2 7 1 2 4 17 18 2 0 2 7 0 2 7 1 2 7 0 2 7 0 2 7 5 31 3 16 6 2 1 2 7 0 2 7 1 2 7 0 59.7211945056915283
12 16 2 1 2 7 5 31 3 1 2 4 17 18 2 5 31 3 0 2 7 0 2 7 0 2 7 0 2 7 12 16 2 0 2 7 0 2 7 0 2 7 0 2 7 0 2 7 1 2 7 0 2 7 13 6 3 12 16 2 0 2 7 0 2 7 1 2 7 17 18 2 0 2 7 1 2 4 1 2 7 1 2 7 1 2 7 13 6 3 1 2 7 17 9 2 1 2 7 0 2 7 13 6 3 1 2 7 0 2 7 1 2 7 17 9 2 0 2 7 17 18 2 1 2 7 1 2 7 0 2 7 12 16 2 0 2 7 1 2 7 0 2 7 1 2 4 17 18 2 0 2 7 0 2 7 1 2 7 0 2 7 0 2 7 5 31 3 16 6 2 1 2 7 0 2 7 1 2 7 0 59.7211945056915283
12 16 2 1 2 7 5 31 3 1 2 4 17 18 2 5 31 3 0 2 7 0 2 7 0 2 7 0 2 7 12 16 2 0 2 7 0 2 7 0 2 7 0 2 7 0 2 7 1 2 7 0 2 7 13 6 3 12 16 2 0 2 7 0 2 7 1 2 7 17 18 2 0 2 7 1 2 4 1 2 7 1 2 7 1 2 7 13 6 3 1 2 7 17 9 2 1 2 7 0 2 7 13 6 3 1 2 7 0 2 7 1 2 7 17 9 2 0 2 7 17 18 2 1 2 7 1 2 7 0 2 7 12 16 2 0 2 7 1 2 7 0 2 7 1 2 4 17 18 2 0 2 7 0 2 7 1 2 7 0 2 7 0 2 7 5 31 3 16 6 2 1 2 7 0 2 7 1 2 7 0 59.7211945056915283
12 16 2 1 2 7 5 31 3 1 2 4 17 18 2 5 31 3 0 2 7 0 2 7 0 2 7 0 2 7 12 16 2 0 2 7 0 2 7 0 2 7 0 2 7 0 2 7 1 2 7 0 2 7 13 6 3 12 16 2 0 2 7 0 2 7 1 2 7 17 18 2 0 2 7 1 2 4 1 2 7 1 2 7 1 2 7 13 6 3 1 2 7 17 9 2 1 2 7 0 2 7 13 6 3 1 2 7 0 2 7 1 2 7 17 9 2 0 2 7 17 18 2 1 2 7 1 2 7 0 2 7 12 16 2 0 2 7 1 2 7 0 2 7 1 2 4 17 18 2 0 2 7 0 2 7 1 2 7 0 2 7 0 2 7 5 31 3 16 6 2 1 2 7 0 2 7 1 2 7 0 59.7211945056915283
12 16 2 1 2 4 5 31 3 1 2 7 17 18 2 5 31 3 0 2 7 0 2 7 0 2 7 0 2 7 12 16 2 0 2 7 0 2 4 0 2 7 0 2 7 0 2 7 1 2 7 0 2 7 13 6 3 12 16 2 0 2 7 0 2 4 1 2 7 17 18 2 0 2 7 1 2 7 1 2 7 1 2 7 1 2 7 13 6 3 1 2 7 17 9 2 1 2 7 0 2 7 13 6 3 1 2 7 0 2 7 1 2 7 17 9 2 0 2 7 17 18 2 1 2 7 1 2 7 0 2 7 12 16 2 0 2 7 1 2 7 0 2 7 17 18 2 0 2 7 0 2 7 0 2 7 0 2 7 5 31 3 16 6 2 1 2 7 1 2 7 1 2 7 0 2 7 1 2 7 0 59.7211945056915283
12 16 2 1 2 7 5 31 3 1 2 4 17 18 2 5 31 3 0 2 7 0 2 7 0 2 7 0 2 7 12 16 2 0 2 7 0 2 7 0 2 7 0 2 4 0 2 7 1 2 7 0 2 7 13 6 3 12 16 2 0 2 7 0 2 7 1 2 7 17 18 2 0 2 7 1 2 7 1 2 7 1 2 7 13 6 3 1 2 7 17 9 2 1 2 7 0 2 7 13 6 3 1 2 7 0 2 7 1 2 7 17 9 2 0 2 7 17 18 2 1 2 7 1 2 7 0 2 7 12 16 2 0 2 7 0 2 7 0 2 7 17 18 2 0 2 7 0 2 7 1 2 7 0 2 7 5 31 3 16 6 2 1 2 7 1 2 7 1 2 4 1 2 7 0 2 7 1 2 7 0 59.7211945056915283
12 16 2 5 31 3 1 2 7 17 18 2 5 31 3 0 2 7 0 2 7 0 2 7 0 2 7 12 16 2 0 2 7 0 2 7 0 2 7 0 2 7 0 2 4 1 2 7 0 2 7 13 6 3 12 16 2 0 2 7 0 2 7 1 2 7 17 18 2 0 2 7 1 2 7 1 2 7 1 2 7 1 2 7 13 6 3 1 2 7 17 9 2 1 2 7 0 2 7 13 6 3 1 2 7 0 2 7 1 2 7 17 9 2 0 2 7 17 18 2 1 2 7 1 2 7 12 16 2 0 2 7 1 2 7 0 2 7 17 18 2 0 2 7 0 2 7 0 2 7 0 2 7 0 2 7 5 31 3 16 6 2 1 2 7 0 2 4 1 2 7 1 2 7 1 2 7 1 2 4 0 59.7211945056915283
12 16 2 1 2 7 5 31 3 1 2 4 17 18 2 5 31 3 0 2 7 0 2 7 0 2 7 0 2 7 12 16 2 0 2 7 0 2 7 0 2 7 0 2 7 0 2 7 1 2 7 0 2 7 13 6 3 12 16 2 0 2 7 0 2 7 1 2 7 17 18 2 0 2 7 1 2 4 1 2 7 1 2 7 1 2 7 13 6 3 1 2 7 17 9 2 1 2 7 0 2 7 13 6 3 1 2 7 0 2 7 1 2 7 17 9 2 0 2 7 17 18 2 1 2 7 1 2 7 0 2 7 12 16 2 0 2 7 1 2 7 0 2 7 1 2 4 17 18 2 0 2 7 0 2 7 1 2 7 0 2 7 0 2 7 5 31 3 16 6 2 1 2 7 0 2 7 1 2 7 0 59.7211945056915283
12 16 2 1 2 7 5 31 3 1 2 4 17 18 2 5 31 3 0 2 7 0 2 7 0 2 7 0 2 7 12 16 2 0 2 7 0 2 7 0 2 7 0 2 7 0 2 7 1 2 7 0 2 7 13 6 3 12 16 2 0 2 7 0 2 7 1 2 7 17 18 2 0 2 7 1 2 4 1 2 7 1 2 7 1 2 7 13 6 3 1 2 7 17 9 2 1 2 7 0 2 7 13 6 3 1 2 7 0 2 7 1 2 7 17 9 2 0 2 7 17 18 2 1 2 7 1 2 7 0 2 7 12 16 2 0 2 7 1 2 7 0 2 7 1 2 4 17 18 2 0 2 7 0 2 7 1 2 7 0 2 7 0 2 7 5 31 3 16 6 2 1 2 7 0 2 7 1 2 7 0 59.7211945056915283
12 16 2 5 31 3 1 2 7 17 18 2 5 31 3 0 2 7 0 2 7 0 2 7 0 2 7 12 16 2 0 2 7 0 2 7 0 2 7 0 2 7 1 2 7 0 2 7 13 6 3 12 16 2 0 2 7 0 2 7 1 2 7 17 18 2 0 2 7 1 2 7 1 2 7 1 2 4 1 2 7 13 6 3 1 2 7 17 9 2 1 2 7 0 2 7 13 6 3 1 2 7 0 2 7 1 2 7 17 9 2 1 2 7 17 18 2 1 2 7 1 2 7 12 16 2 0 2 7 5 31 3 1 2 7 16 6 2 1 2 7 0 2 7 1 2 7 17 18 2 0 2 7 0 2 7 0 2 4 0 2 7 0 2 7 1 2 7 0 2 7 1 2 7 0 2 4 0 2 7 0 59.7211945056915283
12 16 2 1 2 7 5 31 3 1 2 4 17 18 2 5 31 3 0 2 7 0 2 7 0 2 7 0 2 7 12 16 2 0 2 7 0 2 7 0 2 7 0 2 7 0 2 7 1 2 7 0 2 7 13 6 3 12 16 2 0 2 7 0 2 7 1 2 7 17 18 2 0 2 7 1 2 4 1 2 7 1 2 7 1 2 7 13 6 3 1 2 7 17 9 2 1 2 7 0 2 7 13 6 3 1 2 7 0 2 7 1 2 7 17 9 2 0 2 7 17 18 2 1 2 7 1 2 7 0 2 7 12 16 2 0 2 7 1 2 7 0 2 7 1 2 4 17 18 2 0 2 7 0 2 7 1 2 7 0 2 7 0 2 7 5 31 3 16 6 2 1 2 7 0 2 7 1 2 7 0 59.7211945056915283
12 16 2 1 2 7 5 31 3 1 2 4 17 18 2 5 31 3 0 2 7 0 2 7 0 2 7 0 2 7 12 16 2 0 2 7 0 2 7 0 2 7 0 2 7 0 2 7 1 2 7 0 2 7 13 6 3 12 16 2 0 2 7 0 2 7 1 2 7 17 18 2 0 2 7 1 2 4 1 2 7 1 2 7 1 2 7 13 6 3 1 2 7 17 9 2 1 2 7 0 2 7 13 6 3 1 2 7 0 2 7 1 2 7 17 9 2 0 2 7 17 18 2 1 2 7 1 2 7 0 2 7 12 16 2 0 2 7 1 2 7 0 2 7 1 2 4 17 18 2 0 2 7 0 2 7 1 2 7 0 2 7 0 2 7 5 31 3 16 6 2 1 2 7 0 2 7 1 2 7 0 59.7211945056915283
12 16 2 1 2 7 5 31 3 1 2 4 17 18 2 5 31 3 0 2 7 0 2 7 0 2 7 0 2 7 12 16 2 0 2 7 0 2 7 0 2 7 0 2 7 0 2 7 1 2 7 0 2 7 13 6 3 12 16 2 0 2 7 0 2 7 1 2 7 17 18 2 0 2 7 1 2 7 1 2 7 1 2 7 13 6 3 1 2 7 17 9 2 1 2 7 0 2 7 13 6 3 1 2 7 0 2 7 1 2 7 17 9 2 0 2 7 17 18 2 1 2 7 1 2 7 0 2 7 12 16 2 0 2 7 1 2 7 0 2 7 17 18 2 0 2 7 0 2 7 1 2 7 0 2 7 5 31 3 16 6 2 1 2 7 1 2 7 0 2 4 1 2 4 1 2 7 0 2 7 0 59.7211945056915283
12 16 2 1 2 7 5 31 3 1 2 4 17 18 2 5 31 3 0 2 7 0 2 7 0 2 7 0 2 7 12 16 2 0 2 7 0 2 7 0 2 7 0 2 7 0 2 7 1 2 7 0 2 7 13 6 3 12 16 2 0 2 7 0 2 7 1 2 7 17 18 2 0 2 7 1 2 4 1 2 7 1 2 7 1 2 7 13 6 3 1 2 7 17 9 2 1 2 7 0 2 7 13 6 3 1 2 7 0 2 7 1 2 7 17 9 2 0 2 7 17 18 2 1 2 7 1 2 7 0 2 7 12 16 2 0 2 7 1 2 7 0 2 7 1 2 4 17 18 2 0 2 7 0 2 7 1 2 7 0 2 7 0 2 7 5 31 3 16 6 2 1 2 7 0 2 7 1 2 7 0 59.7211945056915283
12 16 2 1 2 4 5 31 3 1 2 7 17 18 2 5 31 3 0 2 7 0 2 7 0 2 7 0 2 7 12 16 2 0 2 7 0 2 4 0 2 7 0 2 7 0 2 7 1 2 7 0 2 7 13 6 3 12 16 2 0 2 7 0 2 4 1 2 7 17 18 2 0 2 7 1 2 7 1 2 7 1 2 7 1 2 7 13 6 3 1 2 7 17 9 2 1 2 7 0 2 7 13 6 3 1 2 7 0 2 7 1 2 7 17 9 2 0 2 7 17 18 2 1 2 7 1 2 7 0 2 7 12 16 2 0 2 7 1 2 7 0 2 7 17 18 2 0 2 7 0 2 7 0 2 7 0 2 7 5 31 3 16 6 2 1 2 7 1 2 7 1 2 7 0 2 7 1 2 7 0 59.7211945056915283
12 16 2 1 2 7 5 31 3 1 2 4 17 18 2 5 31 3 0 2 7 0 2 7 0 2 7 0 2 7 12 16 2 0 2 7 0 2 7 0 2 7 0 2 4 0 2 7 1 2 7 0 2 7 13 6 3 12 16 2 0 2 7 0 2 7 1 2 7 17 18 2 0 2 7 1 2 7 1 2 7 1 2 7 13 6 3 1 2 7 17 9 2 1 2 7 0 2 7 13 6 3 1 2 7 0 2 7 1 2 7 17 9 2 0 2 7 17 18 2 1 2 7 1 2 7 0 2 7 12 16 2 0 2 7 0 2 7 0 2 7 17 18 2 0 2 7 0 2 7 1 2 7 0 2 7 5 31 3 16 6 2 1 2 7 1 2 7 1 2 4 1 2 7 0 2 7 1 2 7 0 59.7211945056915283
12 16 2 5 31 3 1 2 7 17 18 2 5 31 3 0 2 7 0 2 7 0 2 7 0 2 7 12 16 2 0 2 7 0 2 7 0 2 7 0 2 7 0 2 4 1 2 7 0 2 7 13 6 3 12 16 2 0 2 7 0 2 7 1 2 7 17 18 2 0 2 7 1 2 7 1 2 7 1 2 7 1 2 7 13 6 3 1 2 7 17 9 2 1 2 7 0 2 7 13 6 3 1 2 7 0 2 7 1 2 7 17 9 2 0 2 7 17 18 2 1 2 7 1 2 7 12 16 2 0 2 7 1 2 7 0 2 7 17 18 2 0 2 7 0 2 7 0 2 7 0 2 7 0 2 7 5 31 3 16 6 2 1 2 7 0 2 4 1 2 7 1 2 7 1 2 7 1 2 4 0 59.7211945056915283
12 16 2 1 2 7 5 31 3 1 2 4 17 18 2 5 31 3 0 2 7 0 2 7 0 2 7 0 2 7 12 16 2 0 2 7 0 2 7 0 2 7 0 2 7 0 2 7 1 2 7 0 2 7 13 6 3 12 16 2 0 2 7 0 2 7 1 2 7 17 18 2 0 2 7 1 2 4 1 2 7 1 2 7 1 2 7 13 6 3 1 2 7 17 9 2 1 2 7 0 2 7 13 6 3 1 2 7 0 2 7 1 2 7 17 9 2 0 2 7 17 18 2 1 2 7 1 2 7 0 2 7 12 16 2 0 2 7 1 2 7 0 2 7 1 2 4 17 18 2 0 2 7 0 2 7 1 2 7 0 2 7 0 2 7 5 31 3 16 6 2 1 2 7 0 2 7 1 2 7 0 59.7211945056915283
12 16 2 1 2 7 5 31 3 1 2 4 17 18 2 5 31 3 0 2 7 0 2 7 0 2 7 0 2 7 12 16 2 0 2 7 0 2 7 0 2 7 0 2 7 0 2 7 1 2 7 0 2 7 13 6 3 12 16 2 0 2 7 0 2 7 1 2 7 17 18 2 0 2 7 1 2 4 1 2 7 1 2 7 1 2 7 13 6 3 1 2 7 17 9 2 1 2 7 0 2 7 13 6 3 1 2 7 0 2 7 1 2 7 17 9 2 0 2 7 17 18 2 1 2 7 1 2 7 0 2 7 12 16 2 0 2 7 1 2 7 0 2 7 1 2 4 17 18 2 0 2 7 0 2 7 1 2 7 0 2 7 0 2 7 5 31 3 16 6 2 1 2 7 0 2 7 1 2 7 0 59.7211945056915283
12 16 2 5 31 3 1 2 7 17 18 2 5 31 3 0 2 7 0 2 7 0 2 7 0 2 7 12 16 2 0 2 7 0 2 7 0 2 7 0 2 7 1 2 7 0 2 7 13 6 3 12 16 2 0 2 7 0 2 7 1 2 7 17 18 2 0 2 7 1 2 7 1 2 7 1 2 4 1 2 7 13 6 3 1 2 7 17 9 2 1 2 7 0 2 7 13 6 3 1 2 7 0 2 7 1 2 7 17 9 2 1 2 7 17 18 2 1 2 7 1 2 7 12 16 2 0 2 7 5 31 3 1 2 7 16 6 2 1 2 7 0 2 7 1 2 7 17 18 2 0 2 7 0 2 7 0 2 4 0 2 7 0 2 7 1 2 7 0 2 7 1 2 7 0 2 4 0 2 7 0 59.7211945056915283
12 16 2 1 2 7 5 31 3 1 2 4 17 18 2 5 31 3 0 2 7 0 2 7 0 2 7 0 2 7 12 16 2 0 2 7 0 2 7 0 2 7 0 2 7 0 2 7 1 2 7 0 2 7 13 6 3 12 16 2 0 2 7 0 2 7 1 2 7 17 18 2 0 2 7 1 2 4 1 2 7 1 2 7 1 2 7 13 6 3 1 2 7 17 9 2 1 2 7 0 2 7 13 6 3 1 2 7 0 2 7 1 2 7 17 9 2 0 2 7 17 18 2 1 2 7 1 2 7 0 2 7 12 16 2 0 2 7 1 2 7 0 2 7 1 2 4 17 18 2 0 2 7 0 2 7 1 2 7 0 2 7 0 2 7 5 31 3 16 6 2 1 2 7 0 2 7 1 2 7 0 59.7211945056915283
12 16 2 1 2 7 5 31 3 1 2 4 17 18 2 5 31 3 0 2 7 0 2 7 0 2 7 0 2 7 12 16 2 0 2 7 0 2 7 0 2 7 0 2 7 0 2 7 1 2 7 0 2 7 13 6 3 12 16 2 0 2 7 0 2 7 1 2 7 17 18 2 0 2 7 1 2 4 1 2 7 1 2 7 1 2 7 13 6 3 1 2 7 17 9 2 1 2 7 0 2 7 13 6 3 1 2 7 0 2 7 1 2 7 17 9 2 0 2 7 17 18 2 1 2 7 1 2 7 0 2 7 12 16 2 0 2 7 1 2 7 0 2 7 1 2 4 17 18 2 0 2 7 0 2 7 1 2 7 0 2 7 0 2 7 5 31 3 16 6 2 1 2 7 0 2 7 1 2 7 0 59.7211945056915283
12 16 2 1 2 7 5 31 3 1 2 4 17 18 2 5 31 3 0 2 7 0 2 7 0 2 7 0 2 7 12 16 2 0 2 7 0 2 7 0 2 7 0 2 7 0 2 7 1 2 7 0 2 7 13 6 3 12 16 2 0 2 7 0 2 7 1 2 7 17 18 2 0 2 7 1 2 4 1 2 7 1 2 7 1 2 7 13 6 3 1 2 4 17 9 2 1 2 7 0 2 7 13 6 3 1 2 7 0 2 7 1 2 7 17 9 2 0 2 7 17 18 2 1 2 7 1 2 7 0 2 7 12 16 2 0 2 7 1 2 7 0 2 7 17 18 2 0 2 7 0 2 7 1 2 7 0 2 7 0 2 7 5 31 3 16 6 2 1 2 7 1 2 7 1 2 7 0 2 7 0 59.7211945056915283
12 16 2 1 2 7 5 31 3 1 2 4 17 18 2 5 31 3 0 2 7 0 2 7 0 2 7 0 2 7 12 16 2 0 2 7 0 2 7 0 2 7 0 2 7 0 2 7 1 2 7 0 2 7 13 6 3 12 16 2 0 2 7 0 2 7 1 2 7 17 18 2 0 2 7 1 2 4 1 2 7 1 2 7 1 2 7 13 6 3 1 2 7 17 9 2 1 2 7 0 2 7 13 6 3 1 2 7 0 2 7 1 2 7 17 9 2 0 2 7 17 18 2 1 2 7 1 2 7 0 2 7 12 16 2 0 2 7 1 2 7 0 2 7 1 2 4 17 18 2 0 2 7 0 2 7 1 2 7 0 2 7 0 2 7 5 31 3 16 6 2 1 2 7 0 2 7 1 2 7 0 59.7211945056915283
12 16 2 1 2 4 5 31 3 1 2 7 17 18 2 5 31 3 0 2 7 0 2 7 0 2 7 0 2 7 12 16 2 0 2 7 0 2 4 0 2 7 0 2 7 0 2 7 1 2 7 0 2 7 13 6 3 12 16 2 0 2 7 0 2 4 1 2 7 17 18 2 0 2 7 1 2 7 1 2 7 1 2 7 1 2 7 13 6 3 1 2 7 17 9 2 1 2 7 0 2 7 13 6 3 1 2 7 0 2 7 1 2 7 17 9 2 0 2 7 17 18 2 1 2 7 1 2 7 0 2 7 12 16 2 0 2 7 1 2 7 0 2 7 17 18 2 0 2 7 0 2 7 0 2 7 0 2 7 5 31 3 16 6 2 1 2 7 1 2 7 1 2 7 0 2 7 1 2 7 0 59.7211945056915283
12 16 2 1 2 7 5 31 3 1 2 4 17 18 2 5 31 3 0 2 7 0 2 7 0 2 7 0 2 7 12 16 2 0 2 7 0 2 7 0 2 7 0 2 4 0 2 7 1 2 7 0 2 7 13 6 3 12 16 2 0 2 7 0 2 7 1 2 7 17 18 2 0 2 7 1 2 7 1 2 7 1 2 7 13 6 3 1 2 7 17 9 2 1 2 7 0 2 7 13 6 3 1 2 7 0 2 7 1 2 7 17 9 2 0 2 7 17 18 2 1 2 7 1 2 7 0 2 7 12 16 2 0 2 7 0 2 7 0 2 7 17 18 2 0 2 7 0 2 7 1 2 7 0 2 7 5 31 3 16 6 2 1 2 7 1 2 7 1 2 4 1 2 7 0 2 7 1 2 7 0 59.7211945056915283
12 16 2 5 31 3 1 2 7 17 18 2 5 31 3 0 2 7 0 2 7 0 2 7 0 2 7 12 16 2 0 2 7 0 2 7 0 2 7 0 2 7 0 2 4 1 2 7 0 2 7 13 6 3 12 16 2 0 2 7 0 2 7 1 2 7 17 18 2 0 2 7 1 2 7 1 2 7 1 2 7 1 2 7 13 6 3 1 2 7 17 9 2 1 2 7 0 2 7 13 6 3 1 2 7 0 2 7 1 2 7 17 9 2 0 2 7 17 18 2 1 2 7 1 2 7 12 16 2 0 2 7 1 2 7 0 2 7 17 18 2 0 2 7 0 2 7 0 2 7 0 2 7 0 2 7 5 31 3 16 6 2 1 2 7 0 2 4 1 2 7 1 2 7 1 2 7 1 2 4 0 59.7211945056915283
12 16 2 1 2 7 5 31 3 1 2 4 17 18 2 5 31 3 0 2 7 0 2 7 0 2 7 0 2 7 12 16 2 0 2 7 0 2 7 0 2 7 0 2 7 0 2 7 1 2 7 0 2 7 13 6 3 12 16 2 0 2 7 0 2 7 1 2 7 17 18 2 0 2 7 1 2 4 1 2 7 1 2 7 1 2 7 13 6 3 1 2 7 17 9 2 1 2 7 0 2 7 13 6 3 1 2 7 0 2 7 1 2 7 17 9 2 0 2 7 17 18 2 1 2 7 1 2 7 0 2 7 12 16 2 0 2 7 1 2 7 0 2 7 1 2 4 17 18 2 0 2 7 0 2 7 1 2 7 0 2 7 0 2 7 5 31 3 16 6 2 1 2 7 0 2 7 1 2 7 0 59.7211945056915283
12 16 2 1 2 7 5 31 3 1 2 4 17 18 2 5 31 3 0 2 7 0 2 7 0 2 7 0 2 7 12 16 2 0 2 7 0 2 7 0 2 7 0 2 7 0 2 7 1 2 7 0 2 7 13 6 3 12 16 2 0 2 7 0 2 7 1 2 7 17 18 2 0 2 7 1 2 4 1 2 7 1 2 7 1 2 7 13 6 3 1 2 7 17 9 2 1 2 7 0 2 7 13 6 3 1 2 7 0 2 7 1 2 7 17 9 2 0 2 7 17 18 2 1 2 7 1 2 7 0 2 7 12 16 2 0 2 7 1 2 7 0 2 7 1 2 4 17 18 2 0 2 7 0 2 7 1 2 7 0 2 7 0 2 7 5 31 3 16 6 2 1 2 7 0 2 7 1 2 7 0 59.7211945056915283
12 16 2 5 31 3 1 2 7 17 18 2 5 31 3 0 2 7 0 2 7 0 2 7 0 2 7 12 16 2 0 2 7 0 2 7 0 2 7 0 2 7 1 2 7 0 2 7 13 6 3 12 16 2 0 2 7 0 2 7 1 2 7 17 18 2 0 2 7 1 2 7 1 2 7 1 2 4 1 2 7 13 6 3 1 2 7 17 9 2 1 2 7 0 2 7 13 6 3 1 2 7 0 2 7 1 2 7 17 9 2 1 2 7 17 18 2 1 2 7 1 2 7 12 16 2 0 2 7 5 31 3 1 2 7 16 6 2 1 2 7 0 2 7 1 2 7 17 18 2 0 2 7 0 2 7 0 2 4 0 2 7 0 2 7 1 2 7 0 2 7 1 2 7 0 2 4 0 2 7 0 59.7211945056915283
12 16 2 1 2 7 5 31 3 1 2 4 17 18 2 5 31 3 0 2 7 0 2 7 0 2 7 0 2 7 12 16 2 0 2 7 0 2 7 0 2 7 0 2 7 0 2 7 1 2 7 0 2 7 13 6 3 12 16 2 0 2 7 0 2 7 1 2 7 17 18 2 0 2 7 1 2 4 1 2 7 1 2 7 1 2 7 13 6 3 1 2 7 17 9 2 1 2 7 0 2 7 13 6 3 1 2 7 0 2 7 1 2 7 17 9 2 0 2 7 17 18 2 1 2 7 1 2 7 0 2 7 12 16 2 0 2 7 1 2 7 0 2 7 1 2 4 17 18 2 0 2 7 0 2 7 1 2 7 0 2 7 0 2 7 5 31 3 16 6 2 1 2 7 0 2 7 1 2 7 0 59.7211945056915283
12 16 2 1 2 7 5 31 3 1 2 4 17 18 2 5 31 3 0 2 7 0 2 7 0 2 7 0 2 7 12 16 2 0 2 7 0 2 7 0 2 7 0 2 7 0 2 7 1 2 7 0 2 7 13 6 3 12 16 2 0 2 7 0 2 7 1 2 7 17 18 2 0 2 7 1 2 4 1 2 7 1 2 7 1 2 7 13 6 3 1 2 7 17 9 2 1 2 7 0 2 7 13 6 3 1 2 7 0 2 7 1 2 7 17 9 2 0 2 7 17 18 2 1 2 7 1 2 7 0 2 7 12 16 2 0 2 7 1 2 7 0 2 7 1 2 4 17 18 2 0 2 7 0 2 7 1 2 7 0 2 7 0 2 7 5 31 3 16 6 2 1 2 7 0 2 7 1 2 7 0 59.7211945056915283
12 16 2 1 2 7 5 31 3 1 2 4 17 18 2 5 31 3 0 2 7 0 2 7 0 2 7 0 2 7 12 16 2 0 2 7 0 2 7 0 2 7 0 2 7 0 2 7 1 2 7 0 2 7 13 6 3 12 16 2 0 2 7 0 2 7 1 2 7 17 18 2 0 2 7 1 2 4 1 2 7 1 2 7 1 2 7 13 6 3 1 2 7 17 9 2 1 2 7 0 2 7 13 6 3 1 2 7 0 2 7 1 2 7 17 9 2 0 2 7 17 18 2 1 2 7 1 2 7 0 2 7 12 16 2 0 2 7 1 2 7 0 2 7 1 2 4 17 18 2 0 2 7 0 2 7 1 2 7 0 2 7 0 2 7 5 31 3 16 6 2 1 2 7 0 2 7 1 2 7 0 59.7211945056915283
12 16 2 1 2 7 5 31 3 1 2 4 17 18 2 5 31 3 0 2 7 0 2 7 0 2 7 0 2 7 12 16 2 0 2 7 0 2 7 0 2 7 0 2 7 0 2 7 1 2 7 0 2 7 13 6 3 12 16 2 0 2 7 0 2 7 1 2 7 17 18 2 0 2 7 1 2 4 1 2 7 1 2 7 1 2 7 13 6 3 1 2 7 17 9 2 1 2 7 0 2 7 13 6 3 1 2 7 0 2 7 1 2 7 17 9 2 0 2 7 17 18 2 1 2 7 1 2 7 0 2 7 12 16 2 0 2 7 1 2 7 0 2 7 1 2 4 17 18 2 0 2 7 0 2 7 1 2 7 0 2 7 0 2 7 5 31 3 16 6 2 1 2 7 0 2 7 1 2 7 0 59.7211945056915283
12 16 2 1 2 4 5 31 3 1 2 7 17 18 2 5 31 3 0 2 7 0 2 7 0 2 7 0 2 7 12 16 2 0 2 7 0 2 4 0 2 7 0 2 7 0 2 7 1 2 7 0 2 7 13 6 3 12 16 2 0 2 7 0 2 4 1 2 7 17 18 2 0 2 7 1 2 7 1 2 7 1 2 7 1 2 7 13 6 3 1 2 7 17 9 2 1 2 7 0 2 7 13 6 3 1 2 7 0 2 7 1 2 7 17 9 2 0 2 7 17 18 2 1 2 7 1 2 7 0 2 7 12 16 2 0 2 7 1 2 7 0 2 7 17 18 2 0 2 7 0 2 7 0 2 7 0 2 7 5 31 3 16 6 2 1 2 7 1 2 7 1 2 7 0 2 7 1 2 7 0 59.7211945056915283
12 16 2 1 2 7 5 31 3 1 2 4 17 18 2 5 31 3 0 2 7 0 2 7 0 2 7 0 2 7 12 16 2 0 2 7 0 2 7 0 2 7 0 2 4 0 2 7 1 2 7 0 2 7 13 6 3 12 16 2 0 2 7 0 2 7 1 2 7 17 18 2 0 2 7 1 2 7 1 2 7 1 2 7 13 6 3 1 2 7 17 9 2 1 2 7 0 2 7 13 6 3 1 2 7 0 2 7 1 2 7 17 9 2 0 2 7 17 18 2 1 2 7 1 2 7 0 2 7 12 16 2 0 2 7 0 2 7 0 2 7 17 18 2 0 2 7 0 2 7 1 2 7 0 2 7 5 31 3 16 6 2 1 2 7 1 2 7 1 2 4 1 2 7 0 2 7 1 2 7 0 59.7211945056915283
12 16 2 5 31 3 1 2 7 17 18 2 5 31 3 0 2 7 0 2 7 0 2 7 0 2 7 12 16 2 0 2 7 0 2 7 0 2 7 0 2 7 0 2 4 1 2 7 0 2 7 13 6 3 12 16 2 0 2 7 0 2 7 1 2 7 17 18 2 0 2 7 1 2 7 1 2 7 1 2 7 1 2 7 13 6 3 1 2 7 17 9 2 1 2 7 0 2 7 13 6 3 1 2 7 0 2 7 1 2 7 17 9 2 0 2 7 17 18 2 1 2 7 1 2 7 12 16 2 0 2 7 1 2 7 0 2 7 17 18 2 0 2 7 0 2 7 0 2 7 0 2 7 0 2 7 5 31 3 16 6 2 1 2 7 0 2 4 1 2 7 1 2 7 1 2 7 1 2 4 0 59.7211945056915283
12 16 2 1 2 7 5 31 3 1 2 4 17 18 2 5 31 3 0 2 7 0 2 7 0 2 7 0 2 7 12 16 2 0 2 7 0 2 7 0 2 7 0 2 7 0 2 7 1 2 7 0 2 7 13 6 3 12 16 2 0 2 7 0 2 7 1 2 7 17 18 2 0 2 7 1 2 4 1 2 7 1 2 7 1 2 7 13 6 3 1 2 7 17 9 2 1 2 7 0 2 7 13 6 3 1 2 7 0 2 7 1 2 7 17 9 2 0 2 7 17 18 2 1 2 7 1 2 7 0 2 7 12 16 2 0 2 7 1 2 7 0 2 7 1 2 4 17 18 2 0 2 7 0 2 7 1 2 7 0 2 7 0 2 7 5 31 3 16 6 2 1 2 7 0 2 7 1 2 7 0 59.7211945056915283
12 16 2 1 2 7 5 31 3 1 2 4 17 18 2 5 31 3 0 2 7 0 2 7 0 2 7 0 2 7 12 16 2 0 2 7 0 2 7 0 2 7 0 2 7 0 2 7 1 2 7 0 2 7 13 6 3 12 16 2 0 2 7 0 2 7 1 2 7 17 18 2 0 2 7 1 2 4 1 2 7 1 2 7 1 2 7 13 6 3 1 2 7 17 9 2 1 2 7 0 2 7 13 6 3 1 2 7 0 2 7 1 2 7 17 9 2 0 2 7 17 18 2 1 2 7 1 2 7 0 2 7 12 16 2 0 2 7 1 2 7 0 2 7 1 2 4 17 18 2 0 2 7 0 2 7 1 2 7 0 2 7 0 2 7 5 31 3 16 6 2 1 2 7 0 2 7 1 2 7 0 59.7211945056915283
12 16 2 5 31 3 1 2 7 17 18 2 5 31 3 0 2 7 0 2 7 0 2 7 0 2 7 12 16 2 0 2 7 0 2 7 0 2 7 0 2 7 1 2 7 0 2 7 13 6 3 12 16 2 0 2 7 0 2 7 1 2 7 17 18 2 0 2 7 1 2 7 1 2 7 1 2 4 1 2 7 13 6 3 1 2 7 17 9 2 1 2 7 0 2 7 13 6 3 1 2 7 0 2 7 1 2 7 17 9 2 1 2 7 17 18 2 1 2 7 1 2 7 12 16 2 0 2 7 5 31 3 1 2 7 16 6 2 1 2 7 0 2 7 1 2 7 17 18 2 0 2 7 0 2 7 0 2 4 0 2 7 0 2 7 1 2 7 0 2 7 1 2 7 0 2 4 0 2 7 0 59.7211945056915283
12 16 2 1 2 7 5 31 3 1 2 4 17 18 2 5 31 3 0 2 7 0 2 7 0 2 7 0 2 7 12 16 2 0 2 7 0 2 7 0 2 7 0 2 7 0 2 7 1 2 7 0 2 7 13 6 3 12 16 2 0 2 7 0 2 7 1 2 7 17 18 2 0 2 7 1 2 4 1 2 7 1 2 7 1 2 7 13 6 3 1 2 7 17 9 2 1 2 7 0 2 7 13 6 3 1 2 7 0 2 7 1 2 7 17 9 2 0 2 7 17 18 2 1 2 7 1 2 7 0 2 7 12 16 2 0 2 7 1 2 7 0 2 7 1 2 4 17 18 2 0 2 7 0 2 7 1 2 7 0 2 7 0 2 7 5 31 3 16 6 2 1 2 7 0 2 7 1 2 7 0 59.7211945056915283
12 16 2 1 2 7 5 31 3 1 2 4 17 18 2 5 31 3 0 2 7 0 2 7 0 2 7 0 2 7 12 16 2 0 2 7 0 2 7 0 2 7 0 2 7 0 2 7 1 2 7 0 2 7 13 6 3 12 16 2 0 2 7 0 2 7 1 2 7 17 18 2 0 2 7 1 2 4 1 2 7 1 2 7 1 2 7 13 6 3 1 2 7 17 9 2 1 2 7 0 2 7 13 6 3 1 2 7 0 2 7 1 2 7 17 9 2 0 2 7 17 18 2 1 2 7 1 2 7 0 2 7 12 16 2 0 2 7 1 2 7 0 2 7 1 2 4 17 18 2 0 2 7 0 2 7 1 2 7 0 2 7 0 2 7 5 31 3 16 6 2 1 2 7 0 2 7 1 2 7 0 59.7211945056915283
12 16 2 5 31 3 1 2 7 17 18 2 5 31 3 0 2 7 0 2 7 0 2 7 0 2 7 12 16 2 0 2 7 0 2 7 0 2 7 0 2 7 1 2 7 0 2 7 13 6 3 12 16 2 0 2 7 0 2 7 1 2 7 17 18 2 0 2 7 1 2 7 1 2 7 1 2 4 1 2 7 13 6 3 1 2 7 17 9 2 1 2 7 0 2 7 13 6 3 1 2 7 0 2 7 1 2 7 17 9 2 1 2 7 17 18 2 1 2 7 1 2 7 12 16 2 0 2 7 5 31 3 1 2 7 16 6 2 1 2 7 0 2 7 1 2 7 17 18 2 0 2 7 0 2 7 0 2 4 0 2 7 0 2 7 1 2 7 0 2 7 0 2 7 1 2 4 0 2 7 0 59.7211945056915283
12 16 2 1 2 7 5 31 3 1 2 4 17 18 2 5 31 3 0 2 7 0 2 7 0 2 7 0 2 7 12 16 2 0 2 7 0 2 7 0 2 7 0 2 7 0 2 7 1 2 7 0 2 7 13 6 3 12 16 2 0 2 7 0 2 7 1 2 7 17 18 2 0 2 7 1 2 4 1 2 7 1 2 7 1 2 7 13 6 3 1 2 7 17 9 2 1 2 7 0 2 7 13 6 3 1 2 7 0 2 7 1 2 7 17 9 2 0 2 7 17 18 2 1 2 7 1 2 7 0 2 7 12 16 2 0 2 7 1 2 7 0 2 7 1 2 4 17 18 2 0 2 7 0 2 7 1 2 7 0 2 7 0 2 7 5 31 3 16 6 2 1 2 7 0 2 7 1 2 7 0 59.7211945056915283
12 16 2 1 2 4 5 31 3 1 2 7 17 18 2 5 31 3 0 2 7 0 2 7 0 2 7 0 2 7 12 16 2 0 2 7 0 2 4 0 2 7 0 2 7 0 2 7 1 2 7 0 2 7 13 6 3 12 16 2 0 2 7 0 2 4 1 2 7 17 18 2 0 2 7 1 2 7 1 2 7 1 2 7 1 2 7 13 6 3 1 2 7 17 9 2 1 2 7 0 2 7 13 6 3 1 2 7 0 2 7 1 2 7 17 9 2 0 2 7 17 18 2 1 2 7 1 2 7 0 2 7 12 16 2 0 2 7 1 2 7 0 2 7 17 18 2 0 2 7 0 2 7 0 2 7 0 2 7 5 31 3 16 6 2 1 2 7 1 2 7 1 2 7 0 2 7 1 2 7 0 59.7211945056915283
12 16 2 1 2 7 5 31 3 1 2 4 17 18 2 5 31 3 0 2 7 0 2 7 0 2 7 0 2 7 12 16 2 0 2 7 0 2 7 0 2 7 0 2 4 0 2 7 1 2 7 0 2 7 13 6 3 12 16 2 0 2 7 0 2 7 1 2 7 17 18 2 0 2 7 1 2 7 1 2 7 1 2 7 13 6 3 1 2 7 17 9 2 1 2 7 0 2 7 13 6 3 1 2 7 0 2 7 1 2 7 17 9 2 0 2 7 17 18 2 1 2 7 1 2 7 0 2 7 12 16 2 0 2 7 0 2 7 0 2 7 17 18 2 0 2 7 0 2 7 1 2 7 0 2 7 5 31 3 16 6 2 1 2 7 1 2 7 1 2 4 1 2 7 0 2 7 1 2 7 0 59.7211945056915283
12 16 2 5 31 3 1 2 7 17 18 2 5 31 3 0 2 7 0 2 7 0 2 7 0 2 7 12 16 2 0 2 7 0 2 7 0 2 7 0 2 7 0 2 4 1 2 7 0 2 7 13 6 3 12 16 2 0 2 7 0 2 7 1 2 7 17 18 2 0 2 7 1 2 7 1 2 7 1 2 7 1 2 7 13 6 3 1 2 7 17 9 2 1 2 7 0 2 7 13 6 3 1 2 7 0 2 7 1 2 7 17 9 2 0 2 7 17 18 2 1 2 7 1 2 7 12 16 2 0 2 7 1 2 7 0 2 7 17 18 2 0 2 7 0 2 7 0 2 7 0 2 7 0 2 7 5 31 3 16 6 2 1 2 7 0 2 4 1 2 7 1 2 7 1 2 7 1 2 4 0 59.7211945056915283
12 16 2 1 2 7 5 31 3 1 2 4 17 18 2 5 31 3 0 2 7 0 2 7 0 2 7 0 2 7 12 16 2 0 2 7 0 2 7 0 2 7 0 2 7 0 2 7 1 2 7 0 2 7 13 6 3 12 16 2 0 2 7 0 2 7 1 2 7 17 18 2 0 2 7 1 2 4 1 2 7 1 2 7 1 2 7 13 6 3 1 2 7 17 9 2 1 2 7 0 2 7 13 6 3 1 2 7 0 2 7 1 2 7 17 9 2 0 2 7 17 18 2 1 2 7 1 2 7 0 2 7 12 16 2 0 2 7 1 2 7 0 2 7 1 2 4 17 18 2 0 2 7 0 2 7 1 2 7 0 2 7 0 2 7 5 31 3 16 6 2 1 2 7 0 2 7 1 2 7 0 59.7211945056915283
12 16 2 1 2 7 5 31 3 1 2 4 17 18 2 5 31 3 0 2 7 0 2 7 0 2 7 0 2 7 12 16 2 0 2 7 0 2 7 0 2 7 0 2 7 0 2 7 1 2 7 0 2 7 13 6 3 12 16 2 0 2 7 0 2 7 1 2 7 17 18 2 0 2 7 1 2 4 1 2 7 1 2 7 1 2 7 13 6 3 1 2 7 17 9 2 1 2 7 0 2 7 13 6 3 1 2 7 0 2 7 1 2 7 17 9 2 0 2 7 17 18 2 1 2 7 1 2 7 0 2 7 12 16 2 0 2 7 1 2 7 0 2 7 1 2 4 17 18 2 0 2 7 0 2 7 1 2 7 0 2 7 0 2 7 5 31 3 16 6 2 1 2 7 0 2 7 1 2 7 0 59.7211945056915283
12 16 2 5 31 3 1 2 7 17 18 2 5 31 3 0 2 7 0 2 7 0 2 7 0 2 7 12 16 2 0 2 7 0 2 7 0 2 7 0 2 7 1 2 7 0 2 7 13 6 3 12 16 2 0 2 7 0 2 7 1 2 7 17 18 2 0 2 7 1 2 7 1 2 7 1 2 4 1 2 7 13 6 3 1 2 7 17 9 2 1 2 7 0 2 7 13 6 3 1 2 7 0 2 7 1 2 7 17 9 2 1 2 7 17 18 2 1 2 7 1 2 7 12 16 2 0 2 7 5 31 3 1 2 7 16 6 2 1 2 7 0 2 7 1 2 7 17 18 2 0 2 7 0 2 7 0 2 4 0 2 7 0 2 7 1 2 7 0 2 7 1 2 7 0 2 4 0 2 7 0 59.7211945056915283
12 16 2 1 2 7 5 31 3 1 2 4 17 18 2 5 31 3 0 2 7 0 2 7 0 2 7 0 2 7 12 16 2 0 2 7 0 2 7 0 2 7 0 2 7 0 2 7 1 2 7 0 2 7 13 6 3 12 16 2 0 2 7 0 2 7 1 2 7 17 18 2 0 2 7 1 2 4 1 2 7 1 2 7 1 2 7 13 6 3 1 2 7 17 9 2 1 2 7 0 2 7 13 6 3 1 2 7 0 2 7 1 2 7 17 9 2 0 2 7 17 18 2 1 2 7 1 2 7 0 2 7 12 16 2 0 2 7 1 2 7 0 2 7 1 2 4 17 18 2 0 2 7 0 2 7 1 2 7 0 2 7 0 2 7 5 31 3 16 6 2 1 2 7 0 2 7 1 2 7 0 59.7211945056915283
12 16 2 1 2 7 5 31 3 1 2 4 17 18 2 5 31 3 0 2 7 0 2 7 0 2 7 0 2 7 12 16 2 0 2 7 0 2 7 0 2 7 0 2 7 0 2 7 1 2 7 0 2 7 13 6 3 12 16 2 0 2 7 0 2 7 1 2 7 17 18 2 0 2 7 1 2 4 1 2 7 1 2 7 1 2 7 13 6 3 1 2 7 17 9 2 1 2 7 0 2 7 13 6 3 1 2 7 0 2 7 1 2 7 17 9 2 0 2 7 17 18 2 1 2 7 1 2 7 0 2 7 12 16 2 0 2 7 1 2 7 0 2 7 1 2 4 17 18 2 0 2 7 0 2 7 1 2 7 0 2 7 0 2 7 5 31 3 16 6 2 1 2 7 0 2 7 1 2 7 0 59.7211945056915283
12 16 2 1 2 7 5 31 3 1 2 4 17 18 2 5 31 3 0 2 7 0 2 7 0 2 7 0 2 7 12 16 2 0 2 7 0 2 7 0 2 7 0 2 7 0 2 7 1 2 7 0 2 7 13 6 3 12 16 2 0 2 7 0 2 7 1 2 7 17 18 2 0 2 7 1 2 4 1 2 7 1 2 7 1 2 7 13 6 3 1 2 7 17 9 2 1 2 7 0 2 7 13 6 3 1 2 7 0 2 7 1 2 7 17 9 2 0 2 7 17 18 2 1 2 7 1 2 7 0 2 7 12 16 2 0 2 7 1 2 7 0 2 7 1 2 4 17 18 2 0 2 7 0 2 7 1 2 7 0 2 7 0 2 7 5 31 3 16 6 2 1 2 7 0 2 7 1 2 7 0 59.7211945056915283
12 16 2 1 2 7 5 31 3 1 2 4 17 18 2 5 31 3 0 2 7 0 2 7 0 2 7 0 2 7 12 16 2 0 2 7 0 2 7 0 2 7 0 2 7 0 2 7 1 2 7 0 2 7 13 6 3 12 16 2 0 2 7 0 2 7 1 2 7 17 18 2 0 2 7 1 2 4 1 2 7 1 2 7 1 2 7 13 6 3 1 2 7 17 9 2 1 2 7 0 2 7 13 6 3 1 2 7 0 2 7 1 2 7 17 9 2 0 2 7 17 18 2 1 2 7 1 2 7 0 2 7 12 16 2 0 2 7 1 2 7 0 2 7 1 2 4 17 18 2 0 2 7 0 2 7 1 2 7 0 2 7 0 2 7 5 31 3 16 6 2 1 2 7 0 2 7 1 2 7 0 59.7211945056915283
12 16 2 1 2 4 5 31 3 1 2 7 17 18 2 5 31 3 0 2 7 0 2 7 0 2 7 0 2 7 12 16 2 0 2 7 0 2 4 0 2 7 0 2 7 0 2 7 1 2 7 0 2 7 13 6 3 12 16 2 0 2 7 0 2 4 1 2 7 17 18 2 0 2 7 1 2 7 1 2 7 1 2 7 1 2 7 13 6 3 1 2 7 17 9 2 1 2 7 0 2 7 13 6 3 1 2 7 0 2 7 1 2 7 17 9 2 0 2 7 17 18 2 1 2 7 1 2 7 0 2 7 12 16 2 0 2 7 1 2 7 0 2 7 17 18 2 0 2 7 0 2 7 0 2 7 0 2 7 5 31 3 16 6 2 1 2 7 1 2 7 1 2 7 0 2 7 1 2 7 0 59.7211945056915283
12 16 2 1 2 7 5 31 3 1 2 4 17 18 2 5 31 3 0 2 7 0 2 7 0 2 7 0 2 7 12 16 2 0 2 7 0 2 7 0 2 7 0 2 4 0 2 7 1 2 7 0 2 7 13 6 3 12 16 2 0 2 7 0 2 7 1 2 7 17 18 2 0 2 7 1 2 7 1 2 7 1 2 7 13 6 3 1 2 7 17 9 2 1 2 7 0 2 7 13 6 3 1 2 7 0 2 7 1 2 7 17 9 2 0 2 7 17 18 2 1 2 7 1 2 7 0 2 7 12 16 2 0 2 7 0 2 7 0 2 7 17 18 2 0 2 7 0 2 7 1 2 7 0 2 7 5 31 3 16 6 2 1 2 7 1 2 7 1 2 4 1 2 7 0 2 7 1 2 7 0 59.7211945056915283
12 16 2 5 31 3 1 2 7 17 18 2 5 31 3 0 2 7 0 2 7 0 2 7 0 2 7 12 16 2 0 2 7 0 2 7 0 2 7 0 2 7 0 2 4 1 2 7 0 2 7 13 6 3 12 16 2 0 2 7 0 2 7 1 2 7 17 18 2 0 2 7 1 2 7 1 2 7 1 2 7 1 2 7 13 6 3 1 2 7 17 9 2 1 2 7 0 2 7 13 6 3 1 2 7 0 2 7 1 2 7 17 9 2 0 2 7 17 18 2 1 2 7 1 2 7 12 16 2 0 2 7 1 2 7 0 2 7 17 18 2 0 2 7 0 2 7 0 2 7 0 2 7 0 2 7 5 31 3 16 6 2 1 2 7 0 2 4 1 2 7 1 2 7 1 2 7 1 2 4 0 59.7211945056915283
12 16 2 1 2 7 5 31 3 1 2 4 17 18 2 5 31 3 0 2 7 0 2 7 0 2 7 0 2 7 12 16 2 0 2 7 0 2 7 0 2 7 0 2 7 0 2 7 1 2 7 0 2 7 13 6 3 12 16 2 0 2 7 0 2 7 1 2 7 17 18 2 0 2 7 1 2 4 1 2 7 1 2 7 1 2 7 13 6 3 1 2 7 17 9 2 1 2 7 0 2 7 13 6 3 1 2 7 0 2 7 1 2 7 17 9 2 0 2 7 17 18 2 1 2 7 1 2 7 0 2 7 12 16 2 0 2 7 1 2 7 0 2 7 1 2 4 17 18 2 0 2 7 0 2 7 1 2 7 0 2 7 0 2 7 5 31 3 16 6 2 1 2 7 0 2 7 1 2 7 0 59.7211945056915283
12 16 2 1 2 7 5 31 3 1 2 4 17 18 2 5 31 3 0 2 7 0 2 7 0 2 7 0 2 7 12 16 2 0 2 7 0 2 7 0 2 7 0 2 7 0 2 7 1 2 7 0 2 7 13 6 3 12 16 2 0 2 7 0 2 7 1 2 7 17 18 2 0 2 7 1 2 4 1 2 7 1 2 7 1 2 7 13 6 3 1 2 7 17 9 2 1 2 7 0 2 7 13 6 3 1 2 7 0 2 7 1 2 7 17 9 2 0 2 7 17 18 2 1 2 7 1 2 7 0 2 7 12 16 2 0 2 7 1 2 7 0 2 7 1 2 4 17 18 2 0 2 7 0 2 7 1 2 7 0 2 7 0 2 7 5 31 3 16 6 2 1 2 7 0 2 7 1 2 7 0 59.7211945056915283
12 16 2 5 31 3 1 2 7 17 18 2 5 31 3 0 2 7 0 2 7 0 2 7 0 2 7 12 16 2 0 2 7 0 2 7 0 2 7 0 2 7 1 2 7 0 2 7 13 6 3 12 16 2 0 2 7 0 2 7 1 2 7 17 18 2 0 2 7 1 2 7 1 2 7 1 2 4 1 2 7 13 6 3 1 2 7 17 9 2 1 2 7 0 2 7 13 6 3 1 2 7 0 2 7 1 2 7 17 9 2 1 2 7 17 18 2 1 2 7 1 2 7 12 16 2 0 2 7 5 31 3 1 2 7 16 6 2 1 2 7 0 2 7 1 2 7 17 18 2 0 2 7 0 2 7 0 2 4 0 2 7 0 2 7 1 2 7 0 2 7 1 2 7 0 2 4 0 2 7 0 59.7211945056915283
12 16 2 1 2 7 5 31 3 1 2 4 17 18 2 5 31 3 0 2 7 0 2 7 0 2 7 0 2 7 12 16 2 0 2 7 0 2 7 0 2 7 0 2 7 0 2 7 1 2 7 0 2 7 13 6 3 12 16 2 0 2 7 0 2 7 1 2 7 17 18 2 0 2 7 1 2 4 1 2 7 1 2 7 1 2 7 13 6 3 1 2 7 17 9 2 1 2 7 0 2 7 13 6 3 1 2 7 0 2 7 1 2 7 17 9 2 0 2 7 17 18 2 1 2 7 1 2 7 0 2 7 12 16 2 0 2 7 1 2 7 0 2 7 1 2 4 17 18 2 0 2 7 0 2 7 1 2 7 0 2 7 0 2 7 5 31 3 16 6 2 1 2 7 0 2 7 1 2 7 0 59.7211945056915283
12 16 2 1 2 7 5 31 3 1 2 4 17 18 2 5 31 3 0 2 7 0 2 7 0 2 7 0 2 7 12 16 2 0 2 7 0 2 7 0 2 7 0 2 7 0 2 7 1 2 7 0 2 7 13 6 3 12 16 2 0 2 7 0 2 7 1 2 7 17 18 2 0 2 7 1 2 4 1 2 7 1 2 7 1 2 7 13 6 3 1 2 7 17 9 2 1 2 7 0 2 7 13 6 3 1 2 7 0 2 7 1 2 7 17 9 2 0 2 7 17 18 2 1 2 7 1 2 7 0 2 7 12 16 2 0 2 7 1 2 7 0 2 7 1 2 4 17 18 2 0 2 7 0 2 7 1 2 7 0 2 7 0 2 7 5 31 3 16 6 2 1 2 7 0 2 7 1 2 7 0 59.7211945056915283
12 16 2 5 31 3 1 2 7 17 18 2 5 31 3 0 2 7 0 2 7 0 2 7 0 2 7 12 16 2 0 2 7 0 2 7 0 2 7 0 2 7 0 2 4 1 2 7 0 2 7 13 6 3 12 16 2 0 2 7 0 2 7 1 2 7 17 18 2 0 2 7 1 2 7 1 2 7 1 2 7 1 2 7 13 6 3 1 2 7 17 9 2 1 2 7 0 2 7 13 6 3 1 2 7 0 2 7 1 2 7 17 9 2 0 2 7 17 18 2 1 2 7 1 2 7 12 16 2 0 2 7 1 2 7 0 2 7 17 18 2 0 2 7 0 2 7 0 2 7 0 2 7 0 2 7 5 31 3 16 6 2 1 2 7 1 2 7 1 2 7 1 2 4 0 2 7 1 2 4 0 59.7211945056915283
12 16 2 1 2 7 5 31 3 1 2 4 17 18 2 5 31 3 0 2 7 0 2 7 0 2 7 0 2 7 12 16 2 0 2 7 0 2 7 0 2 7 0 2 7 0 2 7 1 2 7 0 2 7 13 6 3 12 16 2 0 2 7 0 2 7 1 2 7 17 18 2 0 2 7 1 2 4 1 2 7 1 2 7 1 2 7 13 6 3 1 2 7 17 9 2 1 2 7 0 2 7 13 6 3 1 2 7 0 2 7 1 2 7 17 9 2 0 2 7 17 18 2 1 2 7 1 2 7 0 2 7 12 16 2 0 2 7 1 2 7 0 2 7 1 2 4 17 18 2 0 2 7 0 2 7 1 2 7 0 2 7 0 2 7 5 31 3 16 6 2 1 2 7 0 2 7 1 2 7 0 59.7211945056915283
12 16 2 1 2 4 5 31 3 1 2 7 17 18 2 5 31 3 0 2 7 0 2 7 0 2 7 0 2 7 12 16 2 0 2 7 0 2 4 0 2 7 0 2 7 0 2 7 1 2 7 0 2 7 13 6 3 12 16 2 0 2 7 0 2 4 1 2 7 17 18 2 0 2 7 1 2 7 1 2 7 1 2 7 1 2 7 13 6 3 1 2 7 17 9 2 1 2 7 0 2 7 13 6 3 1 2 7 0 2 7 1 2 7 17 9 2 0 2 7 17 18 2 1 2 7 1 2 7 0 2 7 12 16 2 0 2 7 1 2 7 0 2 7 17 18 2 0 2 7 0 2 7 0 2 7 0 2 7 5 31 3 16 6 2 1 2 7 1 2 7 1 2 7 0 2 7 1 2 7 0 59.7211945056915283
12 16 2 1 2 7 5 31 3 1 2 4 17 18 2 5 31 3 0 2 7 0 2 7 0 2 7 0 2 7 12 16 2 0 2 7 0 2 7 0 2 7 0 2 4 0 2 7 1 2 7 0 2 7 13 6 3 12 16 2 0 2 7 0 2 7 1 2 7 17 18 2 0 2 7 1 2 7 1 2 7 1 2 7 13 6 3 1 2 7 17 9 2 1 2 7 0 2 7 13 6 3 1 2 7 0 2 7 1 2 7 17 9 2 0 2 7 17 18 2 1 2 7 1 2 7 0 2 7 12 16 2 0 2 7 0 2 7 0 2 7 17 18 2 0 2 7 0 2 7 1 2 7 0 2 7 5 31 3 16 6 2 1 2 7 1 2 7 1 2 4 1 2 7 0 2 7 1 2 7 0 59.7211945056915283
12 16 2 5 31 3 1 2 7 17 18 2 5 31 3 0 2 7 0 2 7 0 2 7 0 2 7 12 16 2 0 2 7 0 2 7 0 2 7 0 2 7 0 2 4 1 2 7 0 2 7 13 6 3 12 16 2 0 2 7 0 2 7 1 2 7 17 18 2 0 2 7 1 2 7 1 2 7 1 2 7 1 2 7 13 6 3 1 2 7 17 9 2 1 2 7 0 2 7 13 6 3 1 2 7 0 2 7 1 2 7 17 9 2 0 2 7 17 18 2 1 2 7 1 2 7 12 16 2 0 2 7 1 2 7 0 2 7 17 18 2 0 2 7 0 2 7 0 2 7 0 2 7 0 2 7 5 31 3 16 6 2 1 2 7 0 2 4 1 2 7 1 2 7 1 2 7 1 2 4 0 59.7211945056915283
12 16 2 1 2 7 5 31 3 1 2 4 17 18 2 5 31 3 0 2 7 0 2 7 0 2 7 0 2 7 12 16 2 0 2 7 0 2 7 0 2 7 0 2 7 0 2 7 1 2 7 0 2 7 13 6 3 12 16 2 0 2 7 0 2 7 1 2 7 17 18 2 0 2 7 1 2 4 1 2 7 1 2 7 1 2 7 13 6 3 1 2 7 17 9 2 1 2 7 0 2 7 13 6 3 1 2 7 0 2 7 1 2 7 17 9 2 0 2 7 17 18 2 1 2 7 1 2 7 0 2 7 12 16 2 0 2 7 1 2 7 0 2 7 1 2 4 17 18 2 0 2 7 0 2 7 1 2 7 0 2 7 0 2 7 5 31 3 16 6 2 1 2 7 0 2 7 1 2 7 0 59.7211945056915283
12 16 2 1 2 7 5 31 3 1 2 4 17 18 2 5 31 3 0 2 7 0 2 7 0 2 7 0 2 7 12 16 2 0 2 7 0 2 7 0 2 7 0 2 7 0 2 7 1 2 7 0 2 7 13 6 3 12 16 2 0 2 7 0 2 7 1 2 7 17 18 2 0 2 7 1 2 4 1 2 7 1 2 7 1 2 7 13 6 3 1 2 7 17 9 2 1 2 7 0 2 7 13 6 3 1 2 7 0 2 7 1 2 7 17 9 2 0 2 7 17 18 2 1 2 7 1 2 7 0 2 7 12 16 2 0 2 7 1 2 7 0 2 7 1 2 4 17 18 2 0 2 7 0 2 7 1 2 7 0 2 7 0 2 7 5 31 3 16 6 2 1 2 7 0 2 7 1 2 7 0 59.7211945056915283
12 16 2 5 31 3 1 2 7 17 18 2 5 31 3 0 2 7 0 2 7 0 2 7 0 2 7 12 16 2 0 2 7 0 2 7 0 2 7 0 2 7 1 2 7 0 2 7 13 6 3 12 16 2 0 2 7 0 2 7 1 2 7 17 18 2 0 2 7 1 2 7 1 2 7 1 2 4 1 2 7 13 6 3 1 2 7 17 9 2 1 2 7 0 2 7 13 6 3 1 2 7 0 2 7 1 2 7 17 9 2 1 2 7 17 18 2 1 2 7 1 2 7 12 16 2 0 2 7 5 31 3 1 2 7 16 6 2 1 2 7 0 2 7 1 2 7 17 18 2 0 2 7 0 2 7 0 2 4 0 2 7 0 2 7 1 2 7 0 2 7 1 2 7 0 2 4 0 2 7 0 59.7211945056915283
12 16 2 1 2 7 5 31 3 1 2 4 17 18 2 5 31 3 0 2 7 0 2 7 0 2 7 0 2 7 12 16 2 0 2 7 0 2 7 0 2 7 0 2 7 0 2 7 1 2 7 0 2 7 13 6 3 12 16 2 0 2 7 0 2 7 1 2 7 17 18 2 0 2 7 1 2 4 1 2 7 1 2 7 1 2 7 13 6 3 1 2 7 17 9 2 1 2 7 0 2 7 13 6 3 1 2 7 0 2 7 1 2 7 17 9 2 0 2 7 17 18 2 1 2 7 1 2 7 0 2 7 12 16 2 0 2 7 1 2 7 0 2 7 1 2 4 17 18 2 0 2 7 0 2 7 1 2 7 0 2 7 0 2 7 5 31 3 16 6 2 1 2 7 0 2 7 1 2 7 0 59.7211945056915283
12 16 2 1 2 7 5 31 3 1 2 4 17 18 2 5 31 3 0 2 7 0 2 7 0 2 7 0 2 7 12 16 2 0 2 7 0 2 7 0 2 7 0 2 7 0 2 7 1 2 7 0 2 7 13 6 3 12 16 2 0 2 7 0 2 7 1 2 7 17 18 2 0 2 7 1 2 4 1 2 7 1 2 7 1 2 7 13 6 3 1 2 7 17 9 2 1 2 7 0 2 7 13 6 3 1 2 7 0 2 7 1 2 7 17 9 2 0 2 7 17 18 2 1 2 7 1 2 7 0 2 7 12 16 2 0 2 7 1 2 7 0 2 7 1 2 4 17 18 2 0 2 7 0 2 7 1 2 7 0 2 7 0 2 7 5 31 3 16 6 2 1 2 7 0 2 7 1 2 7 0 59.7211945056915283
12 16 2 1 2 4 5 31 3 1 2 7 17 18 2 5 31 3 0 2 7 0 2 7 0 2 7 0 2 7 12 16 2 0 2 7 0 2 7 0 2 7 0 2 7 1 2 7 0 2 7 13 6 3 12 16 2 0 2 7 1 2 7 17 18 2 0 2 7 1 2 7 1 2 7 1 2 7 1 2 7 13 6 3 1 2 7 17 9 2 1 2 7 0 2 7 13 6 3 1 2 7 0 2 7 1 2 7 17 9 2 0 2 7 17 18 2 1 2 7 1 2 7 0 2 7 12 16 2 0 2 7 1 2 7 0 2 7 17 18 2 0 2 7 0 2 7 0 2 7 0 2 7 5 31 3 16 6 2 1 2 7 1 2 7 0 2 7 0 2 7 0 2 4 1 2 4 1 2 7 0 59.7211945056915283
12 16 2 1 2 7 5 31 3 1 2 4 17 18 2 5 31 3 0 2 7 0 2 7 0 2 7 0 2 7 12 16 2 0 2 7 0 2 7 0 2 7 0 2 7 0 2 7 1 2 7 0 2 7 13 6 3 12 16 2 0 2 7 0 2 7 1 2 7 17 18 2 0 2 7 1 2 4 1 2 7 1 2 7 1 2 7 13 6 3 1 2 7 17 9 2 1 2 7 0 2 7 13 6 3 1 2 7 0 2 7 1 2 7 17 9 2 0 2 7 17 18 2 1 2 7 1 2 7 0 2 7 12 16 2 0 2 7 1 2 7 0 2 7 1 2 4 17 18 2 0 2 7 0 2 7 1 2 7 0 2 7 0 2 7 5 31 3 16 6 2 1 2 7 0 2 7 1 2 7 0 59.7211945056915283
12 16 2 1 2 4 5 31 3 1 2 7 17 18 2 5 31 3 0 2 7 0 2 7 0 2 7 0 2 7 12 16 2 0 2 7 0 2 4 0 2 7 0 2 7 0 2 7 1 2 7 0 2 7 13 6 3 12 16 2 0 2 7 0 2 4 1 2 7 17 18 2 0 2 7 1 2 7 1 2 7 1 2 7 1 2 7 13 6 3 1 2 7 17 9 2 1 2 7 0 2 7 13 6 3 1 2 7 0 2 7 1 2 7 17 9 2 0 2 7 17 18 2 1 2 7 1 2 7 0 2 7 12 16 2 0 2 7 1 2 7 0 2 7 17 18 2 0 2 7 0 2 7 0 2 7 0 2 7 5 31 3 16 6 2 1 2 7 1 2 7 1 2 7 0 2 7 1 2 7 0 59.7211945056915283
12 16 2 1 2 7 5 31 3 1 2 4 17 18 2 5 31 3 0 2 7 0 2 7 0 2 7 0 2 7 12 16 2 0 2 7 0 2 7 0 2 7 0 2 4 0 2 7 1 2 7 0 2 7 13 6 3 12 16 2 0 2 7 0 2 7 1 2 7 17 18 2 0 2 7 1 2 7 1 2 7 1 2 7 13 6 3 1 2 7 17 9 2 1 2 7 0 2 7 13 6 3 1 2 7 0 2 7 1 2 7 17 9 2 0 2 7 17 18 2 1 2 7 1 2 7 0 2 7 12 16 2 0 2 7 0 2 7 0 2 7 17 18 2 0 2 7 0 2 7 1 2 7 0 2 7 5 31 3 16 6 2 1 2 7 1 2 7 1 2 4 1 2 7 0 2 7 1 2 7 0 59.7211945056915283
12 16 2 5 31 3 1 2 7 17 18 2 5 31 3 0 2 7 0 2 7 0 2 7 0 2 7 12 16 2 0 2 7 0 2 7 0 2 7 0 2 7 0 2 4 1 2 7 0 2 7 13 6 3 12 16 2 0 2 7 0 2 7 1 2 7 17 18 2 0 2 7 1 2 7 1 2 7 1 2 7 1 2 7 13 6 3 1 2 7 17 9 2 1 2 7 0 2 7 13 6 3 1 2 7 0 2 7 1 2 7 17 9 2 0 2 7 17 18 2 1 2 7 1 2 7 12 16 2 0 2 7 1 2 7 0 2 7 17 18 2 0 2 7 0 2 7 0 2 7 0 2 7 0 2 7 5 31 3 16 6 2 1 2 7 0 2 4 1 2 7 1 2 7 1 2 7 1 2 4 0 59.7211945056915283
12 16 2 1 2 7 5 31 3 1 2 4 17 18 2 5 31 3 0 2 7 0 2 7 0 2 7 0 2 7 12 16 2 0 2 7 0 2 7 0 2 7 0 2 7 0 2 7 1 2 7 0 2 7 13 6 3 12 16 2 0 2 7 0 2 7 1 2 7 17 18 2 0 2 7 1 2 4 1 2 7 1 2 7 1 2 7 13 6 3 1 2 7 17 9 2 1 2 7 0 2 7 13 6 3 1 2 7 0 2 7 1 2 7 17 9 2 0 2 7 17 18 2 1 2 7 1 2 7 0 2 7 12 16 2 0 2 7 1 2 7 0 2 7 1 2 4 17 18 2 0 2 7 0 2 7 1 2 7 0 2 7 0 2 7 5 31 3 16 6 2 1 2 7 0 2 7 1 2 7 0 59.7211945056915283
12 16 2 1 2 7 5 31 3 1 2 4 17 18 2 5 31 3 0 2 7 0 2 7 0 2 7 0 2 7 12 16 2 0 2 7 0 2 7 0 2 7 0 2 7 0 2 7 1 2 7 0 2 7 13 6 3 12 16 2 0 2 7 0 2 7 1 2 7 17 18 2 0 2 7 1 2 4 1 2 7 1 2 7 1 2 7 13 6 3 1 2 7 17 9 2 1 2 7 0 2 7 13 6 3 1 2 7 0 2 7 1 2 7 17 9 2 0 2 7 17 18 2 1 2 7 1 2 7 0 2 7 12 16 2 0 2 7 1 2 7 0 2 7 1 2 4 17 18 2 0 2 7 0 2 7 1 2 7 0 2 7 0 2 7 5 31 3 16 6 2 1 2 7 0 2 7 1 2 7 0 59.7211945056915283
12 16 2 5 31 3 1 2 7 17 18 2 5 31 3 0 2 7 0 2 7 0 2 7 0 2 7 12 16 2 0 2 7 0 2 7 0 2 7 0 2 7 1 2 7 0 2 7 13 6 3 12 16 2 0 2 7 0 2 7 1 2 7 17 18 2 0 2 7 1 2 7 1 2 7 1 2 4 1 2 7 13 6 3 1 2 7 17 9 2 1 2 7 0 2 7 13 6 3 1 2 7 0 2 7 1 2 7 17 9 2 1 2 7 17 18 2 1 2 7 1 2 7 12 16 2 0 2 7 5 31 3 1 2 7 16 6 2 1 2 7 0 2 7 1 2 7 17 18 2 0 2 7 0 2 7 0 2 4 0 2 7 0 2 7 1 2 7 0 2 7 1 2 7 0 2 4 0 2 7 0 59.7211945056915283
12 16 2 1 2 7 5 31 3 1 2 4 17 18 2 5 31 3 0 2 7 0 2 7 0 2 7 0 2 7 12 16 2 0 2 7 0 2 7 0 2 7 0 2 7 0 2 7 1 2 7 0 2 7 13 6 3 12 16 2 0 2 7 0 2 7 1 2 7 17 18 2 0 2 7 1 2 4 1 2 7 1 2 7 1 2 7 13 6 3 1 2 7 17 9 2 1 2 7 0 2 7 13 6 3 1 2 7 0 2 7 1 2 7 17 9 2 0 2 7 17 18 2 1 2 7 1 2 7 0 2 7 12 16 2 0 2 7 1 2 7 0 2 7 1 2 4 17 18 2 0 2 7 0 2 7 1 2 7 0 2 7 0 2 7 5 31 3 16 6 2 1 2 7 0 2 7 1 2 7 0 59.7211945056915283
12 16 2 1 2 7 5 31 3 1 2 4 17 18 2 5 31 3 0 2 7 0 2 7 0 2 7 0 2 7 12 16 2 0 2 7 0 2 7 0 2 7 0 2 7 0 2 7 1 2 7 0 2 7 13 6 3 12 16 2 0 2 7 0 2 7 1 2 7 17 18 2 0 2 7 1 2 4 1 2 7 1 2 7 1 2 7 13 6 3 1 2 7 17 9 2 1 2 7 0 2 7 13 6 3 1 2 7 0 2 7 1 2 7 17 9 2 0 2 7 17 18 2 1 2 7 1 2 7 0 2 7 12 16 2 0 2 7 1 2 7 0 2 7 1 2 4 17 18 2 0 2 7 0 2 7 1 2 7 0 2 7 0 2 7 5 31 3 16 6 2 1 2 7 0 2 7 1 2 7 0 59.7211945056915283
12 16 2 1 2 7 5 31 3 1 2 4 17 18 2 5 31 3 0 2 7 0 2 7 0 2 7 0 2 7 12 16 2 0 2 7 0 2 7 0 2 7 0 2 7 0 2 7 1 2 7 0 2 7 13 6 3 12 16 2 0 2 7 0 2 7 1 2 7 17 18 2 0 2 7 1 2 4 1 2 7 1 2 7 1 2 7 13 6 3 1 2 7 17 9 2 1 2 7 0 2 7 13 6 3 1 2 7 0 2 7 1 2 7 17 9 2 0 2 7 17 18 2 1 2 7 1 2 7 0 2 7 12 16 2 0 2 7 1 2 7 0 2 7 1 2 4 17 18 2 0 2 7 0 2 7 1 2 7 0 2 7 0 2 7 5 31 3 16 6 2 1 2 7 0 2 7 1 2 7 0 59.7211945056915283
12 16 2 1 2 7 5 31 3 1 2 4 17 18 2 5 31 3 0 2 7 0 2 7 0 2 7 0 2 7 12 16 2 0 2 7 0 2 7 0 2 7 0 2 7 0 2 7 1 2 7 0 2 7 13 6 3 12 16 2 0 2 7 0 2 7 1 2 7 17 18 2 0 2 7 1 2 4 1 2 7 1 2 7 1 2 7 13 6 3 1 2 7 17 9 2 1 2 7 0 2 7 13 6 3 1 2 7 0 2 7 1 2 7 17 9 2 0 2 7 17 18 2 1 2 7 1 2 7 0 2 7 12 16 2 0 2 7 1 2 7 0 2 7 1 2 4 17 18 2 0 2 7 0 2 7 1 2 7 0 2 7 0 2 7 5 31 3 16 6 2 1 2 7 0 2 7 1 2 7 0 59.7211945056915283
12 16 2 1 2 4 5 31 3 1 2 7 17 18 2 5 31 3 0 2 7 0 2 7 0 2 7 0 2 7 12 16 2 0 2 7 0 2 4 0 2 7 0 2 7 0 2 7 1 2 7 0 2 7 13 6 3 12 16 2 0 2 7 0 2 4 1 2 7 17 18 2 0 2 7 1 2 7 1 2 7 1 2 7 1 2 7 13 6 3 1 2 7 17 9 2 1 2 7 0 2 7 13 6 3 1 2 7 0 2 7 1 2 7 17 9 2 0 2 7 17 18 2 1 2 7 1 2 7 0 2 7 12 16 2 0 2 7 1 2 7 0 2 7 17 18 2 0 2 7 0 2 7 0 2 7 0 2 7 5 31 3 16 6 2 1 2 7 1 2 7 1 2 7 0 2 7 1 2 7 0 59.7211945056915283
12 16 2 1 2 7 5 31 3 1 2 4 17 18 2 5 31 3 0 2 7 0 2 7 0 2 7 0 2 7 12 16 2 0 2 7 0 2 7 0 2 7 0 2 4 0 2 7 1 2 7 0 2 7 13 6 3 12 16 2 0 2 7 0 2 7 1 2 7 17 18 2 0 2 7 1 2 7 1 2 7 1 2 7 13 6 3 1 2 7 17 9 2 1 2 7 0 2 7 13 6 3 1 2 7 0 2 7 1 2 7 17 9 2 0 2 7 17 18 2 1 2 7 1 2 7 0 2 7 12 16 2 0 2 7 0 2 7 0 2 7 17 18 2 0 2 7 0 2 7 1 2 7 0 2 7 5 31 3 16 6 2 1 2 7 1 2 7 1 2 4 1 2 7 0 2 7 1 2 7 0 59.7211945056915283
12 16 2 5 31 3 1 2 7 17 18 2 5 31 3 0 2 7 0 2 7 0 2 7 0 2 7 12 16 2 0 2 7 0 2 7 0 2 7 0 2 7 0 2 4 1 2 7 0 2 7 13 6 3 12 16 2 0 2 7 0 2 7 1 2 7 17 18 2 0 2 7 1 2 7 1 2 7 1 2 7 1 2 7 13 6 3 1 2 7 17 9 2 1 2 7 0 2 7 13 6 3 1 2 7 0 2 7 1 2 7 17 9 2 0 2 7 17 18 2 1 2 7 1 2 7 12 16 2 0 2 7 1 2 7 0 2 7 17 18 2 0 2 7 0 2 7 0 2 7 0 2 7 0 2 7 5 31 3 16 6 2 1 2 7 0 2 4 1 2 7 1 2 7 1 2 7 1 2 4 0 59.7211945056915283
12 16 2 1 2 7 5 31 3 1 2 4 17 18 2 5 31 3 0 2 7 0 2 7 0 2 7 0 2 7 12 16 2 0 2 7 0 2 7 0 2 7 0 2 7 0 2 7 1 2 7 0 2 7 13 6 3 12 16 2 0 2 7 0 2 7 1 2 7 17 18 2 0 2 7 1 2 4 1 2 7 1 2 7 1 2 7 13 6 3 1 2 7 17 9 2 1 2 7 0 2 7 13 6 3 1 2 7 0 2 7 1 2 7 17 9 2 0 2 7 17 18 2 1 2 7 1 2 7 0 2 7 12 16 2 0 2 7 1 2 7 0 2 7 1 2 4 17 18 2 0 2 7 0 2 7 1 2 7 0 2 7 0 2 7 5 31 3 16 6 2 1 2 7 0 2 7 1 2 7 0 59.7211945056915283
12 16 2 1 2 7 5 31 3 1 2 4 17 18 2 5 31 3 0 2 7 0 2 7 0 2 7 0 2 7 12 16 2 0 2 7 0 2 7 0 2 7 0 2 7 0 2 7 1 2 7 0 2 7 13 6 3 12 16 2 0 2 7 0 2 7 1 2 7 17 18 2 0 2 7 1 2 4 1 2 7 1 2 7 1 2 7 13 6 3 1 2 7 17 9 2 1 2 7 0 2 7 13 6 3 1 2 7 0 2 7 1 2 7 17 9 2 0 2 7 17 18 2 1 2 7 1 2 7 0 2 7 12 16 2 0 2 7 1 2 7 0 2 7 1 2 4 17 18 2 0 2 7 0 2 7 1 2 7 0 2 7 0 2 7 5 31 3 16 6 2 1 2 7 0 2 7 1 2 7 0 59.7211945056915283
12 16 2 5 31 3 1 2 7 17 18 2 5 31 3 0 2 7 0 2 7 0 2 7 0 2 7 12 16 2 0 2 7 0 2 7 0 2 7 0 2 7 1 2 7 0 2 7 13 6 3 12 16 2 0 2 7 0 2 7 1 2 7 17 18 2 0 2 7 1 2 7 1 2 7 1 2 4 1 2 7 13 6 3 1 2 7 17 9 2 1 2 7 0 2 7 13 6 3 1 2 7 0 2 7 1 2 7 17 9 2 1 2 7 17 18 2 1 2 7 1 2 7 12 16 2 0 2 7 5 31 3 1 2 7 16 6 2 1 2 7 0 2 7 1 2 7 17 18 2 0 2 7 0 2 7 0 2 4 0 2 7 0 2 7 1 2 7 0 2 7 1 2 7 0 2 4 0 2 7 0 59.7211945056915283
12 16 2 1 2 7 5 31 3 1 2 4 17 18 2 5 31 3 0 2 7 0 2 7 0 2 7 0 2 7 12 16 2 0 2 7 0 2 7 0 2 7 0 2 7 0 2 7 1 2 7 0 2 7 13 6 3 12 16 2 0 2 7 0 2 7 1 2 7 17 18 2 0 2 7 1 2 4 1 2 7 1 2 7 1 2 7 13 6 3 1 2 7 17 9 2 1 2 7 0 2 7 13 6 3 1 2 7 0 2 7 1 2 7 17 9 2 0 2 7 17 18 2 1 2 7 1 2 7 0 2 7 12 16 2 0 2 7 1 2 7 0 2 7 1 2 4 17 18 2 0 2 7 0 2 7 1 2 7 0 2 7 0 2 7 5 31 3 16 6 2 1 2 7 0 2 7 1 2 7 0 59.7211945056915283
12 16 2 1 2 7 5 31 3 1 2 4 17 18 2 5 31 3 0 2 7 0 2 7 0 2 7 0 2 7 12 16 2 0 2 7 0 2 7 0 2 7 0 2 7 0 2 7 1 2 7 0 2 7 13 6 3 12 16 2 0 2 7 0 2 7 1 2 7 17 18 2 0 2 7 1 2 4 1 2 7 1 2 7 1 2 7 13 6 3 1 2 7 17 9 2 1 2 7 0 2 7 13 6 3 1 2 7 0 2 7 1 2 7 17 9 2 0 2 7 17 18 2 1 2 7 1 2 7 0 2 7 12 16 2 0 2 7 1 2 7 0 2 7 1 2 4 17 18 2 0 2 7 0 2 7 1 2 7 0 2 7 0 2 7 5 31 3 16 6 2 1 2 7 0 2 7 1 2 7 0 59.7211945056915283
12 16 2 1 2 4 5 31 3 1 2 4 17 18 2 5 31 3 0 2 7 0 2 7 0 2 7 0 2 7 12 16 2 0 2 7 0 2 7 0 2 7 0 2 7 0 2 7 1 2 7 0 2 7 13 6 3 12 16 2 0 2 7 0 2 7 1 2 7 17 18 2 0 2 7 1 2 7 1 2 7 1 2 4 13 6 3 1 2 7 17 9 2 1 2 7 0 2 7 13 6 3 1 2 7 0 2 7 1 2 7 17 9 2 0 2 7 17 18 2 1 2 7 1 2 7 0 2 7 12 16 2 0 2 7 1 2 7 0 2 7 17 18 2 0 2 7 0 2 7 1 2 7 0 2 7 5 31 3 16 6 2 1 2 7 1 2 7 0 2 7 1 2 7 1 2 7 0 2 7 0 59.7211945056915283
12 16 2 1 2 7 5 31 3 1 2 4 17 18 2 5 31 3 0 2 7 0 2 7 0 2 7 0 2 7 12 16 2 0 2 7 0 2 7 0 2 7 0 2 7 0 2 7 1 2 7 0 2 7 13 6 3 12 16 2 0 2 7 0 2 7 1 2 7 17 18 2 0 2 7 1 2 4 1 2 7 1 2 7 1 2 7 13 6 3 1 2 7 17 9 2 1 2 7 0 2 7 13 6 3 1 2 7 0 2 7 1 2 7 17 9 2 0 2 7 17 18 2 1 2 7 1 2 7 0 2 7 12 16 2 0 2 7 1 2 7 0 2 7 1 2 4 17 18 2 0 2 7 0 2 7 1 2 7 0 2 7 0 2 7 5 31 3 16 6 2 1 2 7 0 2 7 1 2 7 0 59.7211945056915283
12 16 2 1 2 4 5 31 3 1 2 7 17 18 2 5 31 3 0 2 7 0 2 7 0 2 7 0 2 7 12 16 2 0 2 7 0 2 4 0 2 7 0 2 7 0 2 7 1 2 7 0 2 7 13 6 3 12 16 2 0 2 7 0 2 4 1 2 7 17 18 2 0 2 7 1 2 7 1 2 7 1 2 7 1 2 7 13 6 3 1 2 7 17 9 2 1 2 7 0 2 7 13 6 3 1 2 7 0 2 7 1 2 7 17 9 2 0 2 7 17 18 2 1 2 7 1 2 7 0 2 7 12 16 2 0 2 7 1 2 7 0 2 7 17 18 2 0 2 7 0 2 7 0 2 7 0 2 7 5 31 3 16 6 2 1 2 7 1 2 7 1 2 7 0 2 7 1 2 7 0 59.7211945056915283
12 16 2 1 2 7 5 31 3 1 2 4 17 18 2 5 31 3 0 2 7 0 2 7 0 2 7 0 2 7 12 16 2 0 2 7 0 2 7 0 2 7 0 2 4 0 2 7 1 2 7 0 2 7 13 6 3 12 16 2 0 2 7 0 2 7 1 2 7 17 18 2 0 2 7 1 2 7 1 2 7 1 2 7 13 6 3 1 2 7 17 9 2 1 2 7 0 2 7 13 6 3 1 2 7 0 2 7 1 2 7 17 9 2 0 2 7 17 18 2 1 2 7 1 2 7 0 2 7 12 16 2 0 2 7 0 2 7 0 2 7 17 18 2 0 2 7 0 2 7 1 2 7 0 2 7 5 31 3 16 6 2 1 2 7 1 2 7 1 2 4 1 2 7 0 2 7 1 2 7 0 59.7211945056915283
12 16 2 5 31 3 1 2 7 17 18 2 5 31 3 0 2 7 0 2 7 0 2 7 0 2 7 12 16 2 0 2 7 0 2 7 0 2 7 0 2 7 0 2 4 1 2 7 0 2 7 13 6 3 12 16 2 0 2 7 0 2 7 1 2 7 17 18 2 0 2 7 1 2 7 1 2 7 1 2 7 1 2 7 13 6 3 1 2 7 17 9 2 1 2 7 0 2 7 13 6 3 1 2 7 0 2 7 1 2 7 17 9 2 0 2 7 17 18 2 1 2 7 1 2 7 12 16 2 0 2 7 1 2 7 0 2 7 17 18 2 0 2 7 0 2 7 0 2 7 0 2 7 0 2 7 5 31 3 16 6 2 1 2 7 0 2 4 1 2 7 1 2 7 1 2 7 1 2 4 0 59.7211945056915283
12 16 2 1 2 7 5 31 3 1 2 4 17 18 2 5 31 3 0 2 7 0 2 7 0 2 7 0 2 7 12 16 2 0 2 7 0 2 7 0 2 7 0 2 7 0 2 7 1 2 7 0 2 7 13 6 3 12 16 2 0 2 7 0 2 7 1 2 7 17 18 2 0 2 7 1 2 4 1 2 7 1 2 7 1 2 7 13 6 3 1 2 7 17 9 2 1 2 7 0 2 7 13 6 3 1 2 7 0 2 7 1 2 7 17 9 2 0 2 7 17 18 2 1 2 7 1 2 7 0 2 7 12 16 2 0 2 7 1 2 7 0 2 7 1 2 4 17 18 2 0 2 7 0 2 7 1 2 7 0 2 7 0 2 7 5 31 3 16 6 2 1 2 7 0 2 7 1 2 7 0 59.7211945056915283
12 16 2 1 2 7 5 31 3 1 2 4 17 18 2 5 31 3 0 2 7 0 2 7 0 2 7 0 2 7 12 16 2 0 2 7 0 2 7 0 2 7 0 2 7 0 2 7 1 2 7 0 2 7 13 6 3 12 16 2 0 2 7 0 2 7 1 2 7 17 18 2 0 2 7 1 2 4 1 2 7 1 2 7 1 2 7 13 6 3 1 2 7 17 9 2 1 2 7 0 2 7 13 6 3 1 2 7 0 2 7 1 2 7 17 9 2 0 2 7 17 18 2 1 2 7 1 2 7 0 2 7 12 16 2 0 2 7 1 2 7 0 2 7 1 2 4 17 18 2 0 2 7 0 2 7 1 2 7 0 2 7 0 2 7 5 31 3 16 6 2 1 2 7 0 2 7 1 2 7 0 59.7211945056915283
12 16 2 5 31 3 1 2 7 17 18 2 5 31 3 0 2 7 0 2 7 0 2 7 0 2 7 12 16 2 0 2 7 0 2 7 0 2 7 0 2 7 1 2 7 0 2 7 13 6 3 12 16 2 0 2 7 0 2 7 1 2 7 17 18 2 0 2 7 1 2 7 1 2 7 1 2 4 1 2 7 13 6 3 1 2 7 17 9 2 1 2 7 0 2 7 13 6 3 1 2 7 0 2 7 1 2 7 17 9 2 1 2 7 17 18 2 1 2 7 1 2 7 12 16 2 0 2 7 5 31 3 1 2 7 16 6 2 1 2 7 0 2 7 1 2 7 17 18 2 0 2 7 0 2 7 0 2 4 0 2 7 0 2 7 1 2 7 0 2 7 1 2 7 0 2 4 0 2 7 0 59.7211945056915283
12 16 2 1 2 7 5 31 3 1 2 4 17 18 2 5 31 3 0 2 7 0 2 7 0 2 7 0 2 7 12 16 2 0 2 7 0 2 7 0 2 7 0 2 7 0 2 7 1 2 7 0 2 7 13 6 3 12 16 2 0 2 7 0 2 7 1 2 7 17 18 2 0 2 7 1 2 4 1 2 7 1 2 7 1 2 7 13 6 3 1 2 7 17 9 2 1 2 7 0 2 7 13 6 3 1 2 7 0 2 7 1 2 7 17 9 2 0 2 7 17 18 2 1 2 7 1 2 7 0 2 7 12 16 2 0 2 7 1 2 7 0 2 7 1 2 4 17 18 2 0 2 7 0 2 7 1 2 7 0 2 7 0 2 7 5 31 3 16 6 2 1 2 7 0 2 7 1 2 7 0 59.7211945056915283
12 16 2 1 2 7 5 31 3 1 2 4 17 18 2 5 31 3 0 2 7 0 2 7 0 2 7 0 2 7 12 16 2 0 2 7 0 2 7 0 2 7 0 2 7 0 2 7 1 2 7 0 2 7 13 6 3 12 16 2 0 2 7 0 2 7 1 2 7 17 18 2 0 2 7 1 2 4 1 2 7 1 2 7 1 2 7 13 6 3 1 2 7 17 9 2 1 2 7 0 2 7 13 6 3 1 2 7 0 2 7 1 2 7 17 9 2 0 2 7 17 18 2 1 2 7 1 2 7 0 2 7 12 16 2 0 2 7 1 2 7 0 2 7 1 2 4 17 18 2 0 2 7 0 2 7 1 2 7 0 2 7 0 2 7 5 31 3 16 6 2 1 2 7 0 2 7 1 2 7 0 59.7211945056915283
12 16 2 1 2 7 5 31 3 1 2 4 17 18 2 5 31 3 0 2 7 0 2 7 0 2 7 0 2 7 12 16 2 0 2 7 0 2 7 0 2 7 0 2 7 0 2 7 1 2 7 0 2 7 13 6 3 12 16 2 0 2 7 0 2 7 1 2 7 17 18 2 0 2 7 1 2 7 1 2 7 1 2 7 13 6 3 1 2 7 17 9 2 1 2 7 0 2 7 13 6 3 1 2 7 0 2 7 1 2 7 17 9 2 0 2 7 17 18 2 1 2 7 1 2 7 0 2 7 12 16 2 0 2 7 1 2 7 0 2 7 17 18 2 0 2 7 0 2 7 1 2 7 0 2 7 5 31 3 16 6 2 1 2 7 1 2 7 1 2 4 1 2 4 0 2 7 0 2 7 0 59.7211945056915283
12 16 2 1 2 7 5 31 3 1 2 4 17 18 2 5 31 3 0 2 7 0 2 7 0 2 7 0 2 7 12 16 2 0 2 7 0 2 7 0 2 7 0 2 7 0 2 7 1 2 7 0 2 7 13 6 3 12 16 2 0 2 7 0 2 7 1 2 7 17 18 2 0 2 7 1 2 4 1 2 7 1 2 7 1 2 7 13 6 3 1 2 7 17 9 2 1 2 7 0 2 7 13 6 3 1 2 7 0 2 7 1 2 7 17 9 2 0 2 7 17 18 2 1 2 7 1 2 7 0 2 7 12 16 2 0 2 7 1 2 7 0 2 7 1 2 4 17 18 2 0 2 7 0 2 7 1 2 7 0 2 7 0 2 7 5 31 3 16 6 2 1 2 7 0 2 7 1 2 7 0 59.7211945056915283
12 16 2 1 2 4 5 31 3 1 2 7 17 18 2 5 31 3 0 2 7 0 2 7 0 2 7 0 2 7 12 16 2 0 2 7 0 2 4 0 2 7 0 2 7 0 2 7 1 2 7 0 2 7 13 6 3 12 16 2 0 2 7 0 2 4 1 2 7 17 18 2 0 2 7 1 2 7 1 2 7 1 2 7 1 2 7 13 6 3 1 2 7 17 9 2 1 2 7 0 2 7 13 6 3 1 2 7 0 2 7 1 2 7 17 9 2 0 2 7 17 18 2 1 2 7 1 2 7 0 2 7 12 16 2 0 2 7 1 2 7 0 2 7 17 18 2 0 2 7 0 2 7 0 2 7 0 2 7 5 31 3 16 6 2 1 2 7 1 2 7 1 2 7 0 2 7 1 2 7 0 59.7211945056915283
12 16 2 1 2 7 5 31 3 1 2 4 17 18 2 5 31 3 0 2 7 0 2 7 0 2 7 0 2 7 12 16 2 0 2 7 0 2 7 0 2 7 0 2 4 0 2 7 1 2 7 0 2 7 13 6 3 12 16 2 0 2 7 0 2 7 1 2 7 17 18 2 0 2 7 1 2 7 1 2 7 1 2 7 13 6 3 1 2 7 17 9 2 1 2 7 0 2 7 13 6 3 1 2 7 0 2 7 1 2 7 17 9 2 0 2 7 17 18 2 1 2 7 1 2 7 0 2 7 12 16 2 0 2 7 0 2 7 0 2 7 17 18 2 0 2 7 0 2 7 1 2 7 0 2 7 5 31 3 16 6 2 1 2 7 1 2 7 1 2 4 1 2 7 0 2 7 1 2 7 0 59.7211945056915283
12 16 2 5 31 3 1 2 7 17 18 2 5 31 3 0 2 7 0 2 7 0 2 7 0 2 7 12 16 2 0 2 7 0 2 7 0 2 7 0 2 7 0 2 4 1 2 7 0 2 7 13 6 3 12 16 2 0 2 7 0 2 7 1 2 7 17 18 2 0 2 7 1 2 7 1 2 7 1 2 7 1 2 7 13 6 3 1 2 7 17 9 2 1 2 7 0 2 7 13 6 3 1 2 7 0 2 7 1 2 7 17 9 2 0 2 7 17 18 2 1 2 7 1 2 7 12 16 2 0 2 7 1 2 7 0 2 7 17 18 2 0 2 7 0 2 7 0 2 7 0 2 7 0 2 7 5 31 3 16 6 2 1 2 7 0 2 4 1 2 7 1 2 7 1 2 7 1 2 4 0 59.7211945056915283
12 16 2 1 2 7 5 31 3 1 2 4 17 18 2 5 31 3 0 2 7 0 2 7 0 2 7 0 2 7 12 16 2 0 2 7 0 2 7 0 2 7 0 2 7 0 2 7 1 2 7 0 2 7 13 6 3 12 16 2 0 2 7 0 2 7 1 2 7 17 18 2 0 2 7 1 2 4 1 2 7 1 2 7 1 2 7 13 6 3 1 2 7 17 9 2 1 2 7 0 2 7 13 6 3 1 2 7 0 2 7 1 2 7 17 9 2 0 2 7 17 18 2 1 2 7 1 2 7 0 2 7 12 16 2 0 2 7 1 2 7 0 2 7 1 2 4 17 18 2 0 2 7 0 2 7 1 2 7 0 2 7 0 2 7 5 31 3 16 6 2 1 2 7 0 2 7 1 2 7 0 59.7211945056915283
12 16 2 1 2 7 5 31 3 1 2 4 17 18 2 5 31 3 0 2 7 0 2 7 0 2 7 0 2 7 12 16 2 0 2 7 0 2 7 0 2 7 0 2 7 0 2 7 1 2 7 0 2 7 13 6 3 12 16 2 0 2 7 0 2 7 1 2 7 17 18 2 0 2 7 1 2 4 1 2 7 1 2 7 1 2 7 13 6 3 1 2 7 17 9 2 1 2 7 0 2 7 13 6 3 1 2 7 0 2 7 1 2 7 17 9 2 0 2 7 17 18 2 1 2 7 1 2 7 0 2 7 12 16 2 0 2 7 1 2 7 0 2 7 1 2 4 17 18 2 0 2 7 0 2 7 1 2 7 0 2 7 0 2 7 5 31 3 16 6 2 1 2 7 0 2 7 1 2 7 0 59.7211945056915283
12 16 2 5 31 3 1 2 7 17 18 2 5 31 3 0 2 7 0 2 7 0 2 7 0 2 7 12 16 2 0 2 7 0 2 7 0 2 7 0 2 7 1 2 7 0 2 7 13 6 3 12 16 2 0 2 7 0 2 7 1 2 7 17 18 2 0 2 7 1 2 7 1 2 7 1 2 4 1 2 7 13 6 3 1 2 7 17 9 2 1 2 7 0 2 7 13 6 3 1 2 7 0 2 7 1 2 7 17 9 2 1 2 7 17 18 2 1 2 7 1 2 7 12 16 2 0 2 7 5 31 3 1 2 7 16 6 2 1 2 7 0 2 7 1 2 7 17 18 2 0 2 7 0 2 7 0 2 4 0 2 7 0 2 7 1 2 7 0 2 7 1 2 7 0 2 4 0 2 7 0 59.7211945056915283
12 16 2 1 2 7 5 31 3 1 2 4 17 18 2 5 31 3 0 2 7 0 2 7 0 2 7 0 2 7 12 16 2 0 2 7 0 2 7 0 2 7 0 2 7 0 2 7 1 2 7 0 2 7 13 6 3 12 16 2 0 2 7 0 2 7 1 2 7 17 18 2 0 2 7 1 2 4 1 2 7 1 2 7 1 2 7 13 6 3 1 2 7 17 9 2 1 2 7 0 2 7 13 6 3 1 2 7 0 2 7 1 2 7 17 9 2 0 2 7 17 18 2 1 2 7 1 2 7 0 2 7 12 16 2 0 2 7 1 2 7 0 2 7 1 2 4 17 18 2 0 2 7 0 2 7 1 2 7 0 2 7 0 2 7 5 31 3 16 6 2 1 2 7 0 2 7 1 2 7 0 59.7211945056915283
12 16 2 1 2 7 5 31 3 1 2 4 17 18 2 5 31 3 0 2 7 0 2 7 0 2 7 0 2 7 12 16 2 0 2 7 0 2 7 0 2 7 0 2 7 0 2 7 1 2 7 0 2 7 13 6 3 12 16 2 0 2 7 0 2 7 1 2 7 17 18 2 0 2 7 1 2 4 1 2 7 1 2 7 1 2 7 13 6 3 1 2 7 17 9 2 1 2 7 0 2 7 13 6 3 1 2 7 0 2 7 1 2 7 17 9 2 0 2 7 17 18 2 1 2 7 1 2 7 0 2 7 12 16 2 0 2 7 1 2 7 0 2 7 1 2 4 17 18 2 0 2 7 0 2 7 1 2 7 0 2 7 0 2 7 5 31 3 16 6 2 1 2 7 0 2 7 1 2 7 0 59.7211945056915283
12 16 2 1 2 7 5 31 3 1 2 4 17 18 2 5 31 3 0 2 7 0 2 7 0 2 7 0 2 7 12 16 2 0 2 7 0 2 7 0 2 7 0 2 7 0 2 7 1 2 7 0 2 7 13 6 3 12 16 2 0 2 7 0 2 7 1 2 7 17 18 2 0 2 7 1 2 4 1 2 7 1 2 7 1 2 7 13 6 3 1 2 7 17 9 2 1 2 7 0 2 7 13 6 3 1 2 7 0 2 7 1 2 7 17 9 2 0 2 7 17 18 2 1 2 7 1 2 7 0 2 7 12 16 2 0 2 7 1 2 7 0 2 7 1 2 4 17 18 2 0 2 7 0 2 7 1 2 7 0 2 7 0 2 7 5 31 3 16 6 2 1 2 7 0 2 7 1 2 7 0 59.7211945056915283
12 16 2 1 2 7 5 31 3 1 2 4 17 18 2 5 31 3 0 2 7 0 2 7 0 2 7 0 2 7 12 16 2 0 2 7 0 2 7 0 2 7 0 2 7 0 2 7 1 2 7 0 2 7 13 6 3 12 16 2 0 2 7 0 2 7 1 2 7 17 18 2 0 2 7 1 2 4 1 2 7 1 2 7 1 2 7 13 6 3 1 2 7 17 9 2 1 2 7 0 2 7 13 6 3 1 2 7 0 2 7 1 2 7 17 9 2 0 2 7 17 18 2 1 2 7 1 2 7 0 2 7 12 16 2 0 2 7 1 2 7 0 2 7 1 2 4 17 18 2 0 2 7 0 2 7 1 2 7 0 2 7 0 2 7 5 31 3 16 6 2 1 2 7 0 2 7 1 2 7 0 59.7211945056915283
12 16 2 1 2 4 5 31 3 1 2 7 17 18 2 5 31 3 0 2 7 0 2 7 0 2 7 0 2 7 12 16 2 0 2 7 0 2 4 0 2 7 0 2 7 0 2 7 1 2 7 0 2 7 13 6 3 12 16 2 0 2 7 0 2 4 1 2 7 17 18 2 0 2 7 1 2 7 1 2 7 1 2 7 1 2 7 13 6 3 1 2 7 17 9 2 1 2 7 0 2 7 13 6 3 1 2 7 0 2 7 1 2 7 17 9 2 0 2 7 17 18 2 1 2 7 1 2 7 0 2 7 12 16 2 0 2 7 1 2 7 0 2 7 17 18 2 0 2 7 0 2 7 0 2 7 0 2 7 5 31 3 16 6 2 1 2 7 1 2 7 1 2 7 0 2 7 1 2 7 0 59.7211945056915283
12 16 2 1 2 7 5 31 3 1 2 4 17 18 2 5 31 3 0 2 7 0 2 7 0 2 7 0 2 7 12 16 2 0 2 7 0 2 7 0 2 7 0 2 4 0 2 7 1 2 7 0 2 7 13 6 3 12 16 2 0 2 7 0 2 7 1 2 7 17 18 2 0 2 7 1 2 7 1 2 7 1 2 7 13 6 3 1 2 7 17 9 2 1 2 7 0 2 7 13 6 3 1 2 7 0 2 7 1 2 7 17 9 2 0 2 7 17 18 2 1 2 7 1 2 7 0 2 7 12 16 2 0 2 7 0 2 7 0 2 7 17 18 2 0 2 7 0 2 7 1 2 7 0 2 7 5 31 3 16 6 2 1 2 7 1 2 7 1 2 4 1 2 7 0 2 7 1 2 7 0 59.7211945056915283
12 16 2 5 31 3 1 2 7 17 18 2 5 31 3 0 2 7 0 2 7 0 2 7 0 2 7 12 16 2 0 2 7 0 2 7 0 2 7 0 2 7 0 2 4 1 2 7 0 2 7 13 6 3 12 16 2 0 2 7 0 2 7 1 2 7 17 18 2 0 2 7 1 2 7 1 2 7 1 2 7 1 2 7 13 6 3 1 2 7 17 9 2 1 2 7 0 2 7 13 6 3 1 2 7 0 2 7 1 2 7 17 9 2 0 2 7 17 18 2 1 2 7 1 2 7 12 16 2 0 2 7 1 2 7 0 2 7 17 18 2 0 2 7 0 2 7 0 2 7 0 2 7 0 2 7 5 31 3 16 6 2 1 2 7 0 2 4 1 2 7 1 2 7 1 2 7 1 2 4 0 59.7211945056915283
12 16 2 1 2 7 5 31 3 1 2 4 17 18 2 5 31 3 0 2 7 0 2 7 0 2 7 0 2 7 12 16 2 0 2 7 0 2 7 0 2 7 0 2 7 0 2 7 1 2 7 0 2 7 13 6 3 12 16 2 0 2 7 0 2 7 1 2 7 17 18 2 0 2 7 1 2 4 1 2 7 1 2 7 1 2 7 13 6 3 1 2 7 17 9 2 1 2 7 0 2 7 13 6 3 1 2 7 0 2 7 1 2 7 17 9 2 0 2 7 17 18 2 1 2 7 1 2 7 0 2 7 12 16 2 0 2 7 1 2 7 0 2 7 1 2 4 17 18 2 0 2 7 0 2 7 1 2 7 0 2 7 0 2 7 5 31 3 16 6 2 1 2 7 0 2 7 1 2 7 0 59.7211945056915283
12 16 2 1 2 7 5 31 3 1 2 4 17 18 2 5 31 3 0 2 7 0 2 7 0 2 7 0 2 7 12 16 2 0 2 7 0 2 7 0 2 7 0 2 7 0 2 7 1 2 7 0 2 7 13 6 3 12 16 2 0 2 7 0 2 7 1 2 7 17 18 2 0 2 7 1 2 4 1 2 7 1 2 7 1 2 7 13 6 3 1 2 7 17 9 2 1 2 7 0 2 7 13 6 3 1 2 7 0 2 7 1 2 7 17 9 2 0 2 7 17 18 2 1 2 7 1 2 7 0 2 7 12 16 2 0 2 7 1 2 7 0 2 7 1 2 4 17 18 2 0 2 7 0 2 7 1 2 7 0 2 7 0 2 7 5 31 3 16 6 2 1 2 7 0 2 7 1 2 7 0 59.7211945056915283
12 16 2 5 31 3 1 2 7 17 18 2 5 31 3 0 2 7 0 2 7 0 2 7 0 2 7 12 16 2 0 2 7 0 2 7 0 2 7 0 2 7 1 2 7 0 2 7 13 6 3 12 16 2 0 2 7 0 2 7 1 2 7 17 18 2 0 2 7 1 2 7 1 2 7 1 2 4 1 2 7 13 6 3 1 2 7 17 9 2 1 2 7 0 2 7 13 6 3 1 2 7 0 2 7 1 2 7 17 9 2 1 2 7 17 18 2 1 2 7 1 2 7 12 16 2 0 2 7 5 31 3 1 2 7 16 6 2 1 2 7 0 2 7 1 2 7 17 18 2 0 2 7 0 2 7 0 2 4 0 2 7 0 2 7 1 2 7 0 2 7 1 2 7 0 2 4 0 2 7 0 59.7211945056915283
12 16 2 1 2 7 5 31 3 1 2 4 17 18 2 5 31 3 0 2 7 0 2 7 0 2 7 0 2 7 12 16 2 0 2 7 0 2 7 0 2 7 0 2 7 0 2 7 1 2 7 0 2 7 13 6 3 12 16 2 0 2 7 0 2 7 1 2 7 17 18 2 0 2 7 1 2 4 1 2 7 1 2 7 1 2 7 13 6 3 1 2 7 17 9 2 1 2 7 0 2 7 13 6 3 1 2 7 0 2 7 1 2 7 17 9 2 0 2 7 17 18 2 1 2 7 1 2 7 0 2 7 12 16 2 0 2 7 1 2 7 0 2 7 1 2 4 17 18 2 0 2 7 0 2 7 1 2 7 0 2 7 0 2 7 5 31 3 16 6 2 1 2 7 0 2 7 1 2 7 0 59.7211945056915283
12 16 2 1 2 7 5 31 3 1 2 4 17 18 2 5 31 3 0 2 7 0 2 7 0 2 7 0 2 7 12 16 2 0 2 7 0 2 7 0 2 7 0 2 7 0 2 7 1 2 7 0 2 7 13 6 3 12 16 2 0 2 7 0 2 7 1 2 7 17 18 2 0 2 7 1 2 4 1 2 7 1 2 7 1 2 7 13 6 3 1 2 7 17 9 2 1 2 7 0 2 7 13 6 3 1 2 7 0 2 7 1 2 7 17 9 2 0 2 7 17 18 2 1 2 7 1 2 7 0 2 7 12 16 2 0 2 7 1 2 7 0 2 7 1 2 4 17 18 2 0 2 7 0 2 7 1 2 7 0 2 7 0 2 7 5 31 3 16 6 2 1 2 7 0 2 7 1 2 7 0 59.7211945056915283
12 16 2 5 31 3 1 2 7 17 18 2 5 31 3 0 2 7 0 2 7 0 2 7 0 2 7 12 16 2 0 2 7 0 2 7 0 2 7 0 2 7 1 2 7 0 2 7 13 6 3 12 16 2 0 2 7 0 2 7 1 2 7 17 18 2 0 2 7 1 2 7 1 2 7 1 2 7 1 2 7 13 6 3 1 2 7 17 9 2 1 2 7 0 2 7 13 6 3 1 2 7 0 2 7 1 2 7 17 9 2 0 2 7 17 18 2 1 2 7 1 2 7 12 16 2 0 2 7 1 2 7 0 2 7 17 18 2 0 2 7 0 2 7 0 2 7 0 2 7 0 2 7 5 31 3 16 6 2 1 2 7 1 2 7 1 2 4 0 2 4 0 2 4 1 2 7 1 2 7 0 59.7211945056915283
12 16 2 1 2 7 5 31 3 1 2 4 17 18 2 5 31 3 0 2 7 0 2 7 0 2 7 0 2 7 12 16 2 0 2 7 0 2 7 0 2 7 0 2 7 0 2 7 1 2 7 0 2 7 13 6 3 12 16 2 0 2 7 0 2 7 1 2 7 17 18 2 0 2 7 1 2 4 1 2 7 1 2 7 1 2 7 13 6 3 1 2 7 17 9 2 1 2 7 0 2 7 13 6 3 1 2 7 0 2 7 1 2 7 17 9 2 0 2 7 17 18 2 1 2 7 1 2 7 0 2 7 12 16 2 0 2 7 1 2 7 0 2 7 1 2 4 17 18 2 0 2 7 0 2 7 1 2 7 0 2 7 0 2 7 5 31 3 16 6 2 1 2 7 0 2 7 1 2 7 0 59.7211945056915283
12 16 2 1 2 4 5 31 3 1 2 7 17 18 2 5 31 3 0 2 7 0 2 7 0 2 7 0 2 7 12 16 2 0 2 7 0 2 4 0 2 7 0 2 7 0 2 7 1 2 7 0 2 7 13 6 3 12 16 2 0 2 7 0 2 4 1 2 7 17 18 2 0 2 7 1 2 7 1 2 7 1 2 7 1 2 7 13 6 3 1 2 7 17 9 2 1 2 7 0 2 7 13 6 3 1 2 7 0 2 7 1 2 7 17 9 2 0 2 7 17 18 2 1 2 7 1 2 7 0 2 7 12 16 2 0 2 7 1 2 7 0 2 7 17 18 2 0 2 7 0 2 7 0 2 7 0 2 7 5 31 3 16 6 2 1 2 7 1 2 7 1 2 7 0 2 7 1 2 7 0 59.7211945056915283
12 16 2 1 2 7 5 31 3 1 2 4 17 18 2 5 31 3 0 2 7 0 2 7 0 2 7 0 2 7 12 16 2 0 2 7 0 2 7 0 2 7 0 2 4 0 2 7 1 2 7 0 2 7 13 6 3 12 16 2 0 2 7 0 2 7 1 2 7 17 18 2 0 2 7 1 2 7 1 2 7 1 2 7 13 6 3 1 2 7 17 9 2 1 2 7 0 2 7 13 6 3 1 2 7 0 2 7 1 2 7 17 9 2 0 2 7 17 18 2 1 2 7 1 2 7 0 2 7 12 16 2 0 2 7 0 2 7 0 2 7 17 18 2 0 2 7 0 2 7 1 2 7 0 2 7 5 31 3 16 6 2 1 2 7 1 2 7 1 2 4 1 2 7 0 2 7 1 2 7 0 59.7211945056915283
12 16 2 5 31 3 1 2 7 17 18 2 5 31 3 0 2 7 0 2 7 0 2 7 0 2 7 12 16 2 0 2 7 0 2 7 0 2 7 0 2 7 0 2 4 1 2 7 0 2 7 13 6 3 12 16 2 0 2 7 0 2 7 1 2 7 17 18 2 0 2 7 1 2 7 1 2 7 1 2 7 1 2 7 13 6 3 1 2 7 17 9 2 1 2 7 0 2 7 13 6 3 1 2 7 0 2 7 1 2 7 17 9 2 0 2 7 17 18 2 1 2 7 1 2 7 12 16 2 0 2 7 1 2 7 0 2 7 17 18 2 0 2 7 0 2 7 0 2 7 0 2 7 0 2 7 5 31 3 16 6 2 1 2 7 0 2 4 1 2 7 1 2 7 1 2 7 1 2 4 0 59.7211945056915283
12 16 2 1 2 7 5 31 3 1 2 4 17 18 2 5 31 3 0 2 7 0 2 7 0 2 7 0 2 7 12 16 2 0 2 7 0 2 7 0 2 7 0 2 7 0 2 7 1 2 7 0 2 7 13 6 3 12 16 2 0 2 7 0 2 7 1 2 7 17 18 2 0 2 7 1 2 4 1 2 7 1 2 7 1 2 7 13 6 3 1 2 7 17 9 2 1 2 7 0 2 7 13 6 3 1 2 7 0 2 7 1 2 7 17 9 2 0 2 7 17 18 2 1 2 7 1 2 7 0 2 7 12 16 2 0 2 7 1 2 7 0 2 7 1 2 4 17 18 2 0 2 7 0 2 7 1 2 7 0 2 7 0 2 7 5 31 3 16 6 2 1 2 7 0 2 7 1 2 7 0 59.7211945056915283
12 16 2 1 2 7 5 31 3 1 2 4 17 18 2 5 31 3 0 2 7 0 2 7 0 2 7 0 2 7 12 16 2 0 2 7 0 2 7 0 2 7 0 2 7 0 2 7 1 2 7 0 2 7 13 6 3 12 16 2 0 2 7 0 2 7 1 2 7 17 18 2 0 2 7 1 2 4 1 2 7 1 2 7 1 2 7 13 6 3 1 2 7 17 9 2 1 2 7 0 2 7 13 6 3 1 2 7 0 2 7 1 2 7 17 9 2 0 2 7 17 18 2 1 2 7 1 2 7 0 2 7 12 16 2 0 2 7 1 2 7 0 2 7 1 2 4 17 18 2 0 2 7 0 2 7 1 2 7 0 2 7 0 2 7 5 31 3 16 6 2 1 2 7 0 2 7 1 2 7 0 59.7211945056915283
12 16 2 5 31 3 1 2 7 17 18 2 5 31 3 0 2 7 0 2 7 0 2 7 0 2 7 12 16 2 0 2 7 0 2 7 0 2 7 0 2 7 1 2 7 0 2 7 13 6 3 12 16 2 0 2 7 0 2 7 1 2 7 17 18 2 0 2 7 1 2 7 1 2 7 1 2 4 1 2 7 13 6 3 1 2 7 17 9 2 1 2 7 0 2 7 13 6 3 1 2 7 0 2 7 1 2 7 17 9 2 1 2 7 17 18 2 1 2 7 1 2 7 12 16 2 0 2 7 5 31 3 1 2 7 16 6 2 1 2 7 0 2 7 1 2 7 17 18 2 0 2 7 0 2 7 0 2 4 0 2 7 0 2 7 1 2 7 0 2 7 1 2 7 0 2 4 0 2 7 0 59.7211945056915283
12 16 2 1 2 7 5 31 3 1 2 4 17 18 2 5 31 3 0 2 7 0 2 7 0 2 7 0 2 7 12 16 2 0 2 7 0 2 7 0 2 7 0 2 7 0 2 7 1 2 7 0 2 7 13 6 3 12 16 2 0 2 7 0 2 7 1 2 7 17 18 2 0 2 7 1 2 4 1 2 7 1 2 7 1 2 7 13 6 3 1 2 7 17 9 2 1 2 7 0 2 7 13 6 3 1 2 7 0 2 7 1 2 7 17 9 2 0 2 7 17 18 2 1 2 7 1 2 7 0 2 7 12 16 2 0 2 7 1 2 7 0 2 7 1 2 4 17 18 2 0 2 7 0 2 7 1 2 7 0 2 7 0 2 7 5 31 3 16 6 2 1 2 7 0 2 7 1 2 7 0 59.7211945056915283
12 16 2 1 2 7 5 31 3 1 2 4 17 18 2 5 31 3 0 2 7 0 2 7 0 2 7 0 2 7 12 16 2 0 2 7 0 2 7 0 2 7 0 2 7 0 2 7 1 2 7 0 2 7 13 6 3 12 16 2 0 2 7 0 2 7 1 2 7 17 18 2 0 2 7 1 2 4 1 2 7 1 2 7 1 2 7 13 6 3 1 2 7 17 9 2 1 2 7 0 2 7 13 6 3 1 2 7 0 2 7 1 2 7 17 9 2 0 2 7 17 18 2 1 2 7 1 2 7 0 2 7 12 16 2 0 2 7 1 2 7 0 2 7 1 2 4 17 18 2 0 2 7 0 2 7 1 2 7 0 2 7 0 2 7 5 31 3 16 6 2 1 2 7 0 2 7 1 2 7 0 59.7211945056915283
12 16 2 0 2 7 5 31 3 1 2 7 17 18 2 5 31 3 0 2 7 0 2 7 0 2 7 0 2 7 12 16 2 0 2 7 0 2 7 0 2 7 0 2 7 1 2 7 0 2 7 13 6 3 12 16 2 0 2 7 1 2 7 17 18 2 0 2 7 1 2 7 1 2 7 1 2 7 1 2 7 13 6 3 1 2 7 17 9 2 1 2 7 0 2 7 13 6 3 1 2 7 0 2 7 1 2 7 17 9 2 0 2 7 17 18 2 1 2 7 1 2 7 0 2 4 12 16 2 0 2 7 1 2 7 0 2 7 17 18 2 0 2 7 0 2 7 0 2 7 0 2 7 5 31 3 16 6 2 1 2 7 1 2 7 0 2 7 0 2 4 1 2 4 1 2 7 1 2 7 0 59.7211945056915283
12 16 2 1 2 7 5 31 3 1 2 4 17 18 2 5 31 3 0 2 7 0 2 7 0 2 7 0 2 7 12 16 2 0 2 7 0 2 7 0 2 7 0 2 7 0 2 7 1 2 7 0 2 7 13 6 3 12 16 2 0 2 7 0 2 7 1 2 7 17 18 2 0 2 7 1 2 4 1 2 7 1 2 7 1 2 7 13 6 3 1 2 7 17 9 2 1 2 7 0 2 7 13 6 3 1 2 7 0 2 7 1 2 7 17 9 2 0 2 7 17 18 2 1 2 7 1 2 7 0 2 7 12 16 2 0 2 7 1 2 7 0 2 7 1 2 4 17 18 2 0 2 7 0 2 7 1 2 7 0 2 7 0 2 7 5 31 3 16 6 2 1 2 7 0 2 7 1 2 7 0 59.7211945056915283
12 16 2 1 2 4 5 31 3 1 2 7 17 18 2 5 31 3 0 2 7 0 2 7 0 2 7 0 2 7 12 16 2 0 2 7 0 2 4 0 2 7 0 2 7 0 2 7 1 2 7 0 2 7 13 6 3 12 16 2 0 2 7 0 2 4 1 2 7 17 18 2 0 2 7 1 2 7 1 2 7 1 2 7 1 2 7 13 6 3 1 2 7 17 9 2 1 2 7 0 2 7 13 6 3 1 2 7 0 2 7 1 2 7 17 9 2 0 2 7 17 18 2 1 2 7 1 2 7 0 2 7 12 16 2 0 2 7 1 2 7 0 2 7 17 18 2 0 2 7 0 2 7 0 2 7 0 2 7 5 31 3 16 6 2 1 2 7 1 2 7 1 2 7 0 2 7 1 2 7 0 59.7211945056915283
12 16 2 1 2 7 5 31 3 1 2 4 17 18 2 5 31 3 0 2 7 0 2 7 0 2 7 0 2 7 12 16 2 0 2 7 0 2 7 0 2 7 0 2 4 0 2 7 1 2 7 0 2 7 13 6 3 12 16 2 0 2 7 0 2 7 1 2 7 17 18 2 0 2 7 1 2 7 1 2 7 1 2 7 13 6 3 1 2 7 17 9 2 1 2 7 0 2 7 13 6 3 1 2 7 0 2 7 1 2 7 17 9 2 0 2 7 17 18 2 1 2 7 1 2 7 0 2 7 12 16 2 0 2 7 0 2 7 0 2 7 17 18 2 0 2 7 0 2 7 1 2 7 0 2 7 5 31 3 16 6 2 1 2 7 1 2 7 1 2 4 1 2 7 0 2 7 1 2 7 0 59.7211945056915283
12 16 2 5 31 3 1 2 7 17 18 2 5 31 3 0 2 7 0 2 7 0 2 7 0 2 7 12 16 2 0 2 7 0 2 7 0 2 7 0 2 7 0 2 4 1 2 7 0 2 7 13 6 3 12 16 2 0 2 7 0 2 7 1 2 7 17 18 2 0 2 7 1 2 7 1 2 7 1 2 7 1 2 7 13 6 3 1 2 7 17 9 2 1 2 7 0 2 7 13 6 3 1 2 7 0 2 7 1 2 7 17 9 2 0 2 7 17 18 2 1 2 7 1 2 7 12 16 2 0 2 7 1 2 7 0 2 7 17 18 2 0 2 7 0 2 7 0 2 7 0 2 7 0 2 7 5 31 3 16 6 2 1 2 7 0 2 4 1 2 7 1 2 7 1 2 7 1 2 4 0 59.7211945056915283
12 16 2 1 2 7 5 31 3 1 2 4 17 18 2 5 31 3 0 2 7 0 2 7 0 2 7 0 2 7 12 16 2 0 2 7 0 2 7 0 2 7 0 2 7 0 2 7 1 2 7 0 2 7 13 6 3 12 16 2 0 2 7 0 2 7 1 2 7 17 18 2 0 2 7 1 2 4 1 2 7 1 2 7 1 2 7 13 6 3 1 2 7 17 9 2 1 2 7 0 2 7 13 6 3 1 2 7 0 2 7 1 2 7 17 9 2 0 2 7 17 18 2 1 2 7 1 2 7 0 2 7 12 16 2 0 2 7 1 2 7 0 2 7 1 2 4 17 18 2 0 2 7 0 2 7 1 2 7 0 2 7 0 2 7 5 31 3 16 6 2 1 2 7 0 2 7 1 2 7 0 59.7211945056915283
12 16 2 1 2 7 5 31 3 1 2 4 17 18 2 5 31 3 0 2 7 0 2 7 0 2 7 0 2 7 12 16 2 0 2 7 0 2 7 0 2 7 0 2 7 0 2 7 1 2 7 0 2 7 13 6 3 12 16 2 0 2 7 0 2 7 1 2 7 17 18 2 0 2 7 1 2 4 1 2 7 1 2 7 1 2 7 13 6 3 1 2 7 17 9 2 1 2 7 0 2 7 13 6 3 1 2 7 0 2 7 1 2 7 17 9 2 0 2 7 17 18 2 1 2 7 1 2 7 0 2 7 12 16 2 0 2 7 1 2 7 0 2 7 1 2 4 17 18 2 0 2 7 0 2 7 1 2 7 0 2 7 0 2 7 5 31 3 16 6 2 1 2 7 0 2 7 1 2 7 0 59.7211945056915283
12 16 2 5 31 3 1 2 7 17 18 2 5 31 3 0 2 7 0 2 7 0 2 7 0 2 7 12 16 2 0 2 7 0 2 7 0 2 7 0 2 7 1 2 7 0 2 7 13 6 3 12 16 2 0 2 7 0 2 7 1 2 7 17 18 2 0 2 7 1 2 7 1 2 7 1 2 4 1 2 7 13 6 3 1 2 7 17 9 2 1 2 7 0 2 7 13 6 3 1 2 7 0 2 7 1 2 7 17 9 2 1 2 7 17 18 2 1 2 7 1 2 7 12 16 2 0 2 7 5 31 3 1 2 7 16 6 2 1 2 7 0 2 7 1 2 7 17 18 2 0 2 7 0 2 7 0 2 4 0 2 7 0 2 7 1 2 7 0 2 7 1 2 7 0 2 4 0 2 7 0 59.7211945056915283
12 16 2 1 2 7 5 31 3 1 2 4 17 18 2 5 31 3 0 2 7 0 2 7 0 2 7 0 2 7 12 16 2 0 2 7 0 2 7 0 2 7 0 2 7 0 2 7 1 2 7 0 2 7 13 6 3 12 16 2 0 2 7 0 2 7 1 2 7 17 18 2 0 2 7 1 2 4 1 2 7 1 2 7 1 2 7 13 6 3 1 2 7 17 9 2 1 2 7 0 2 7 13 6 3 1 2 7 0 2 7 1 2 7 17 9 2 0 2 7 17 18 2 1 2 7 1 2 7 0 2 7 12 16 2 0 2 7 1 2 7 0 2 7 1 2 4 17 18 2 0 2 7 0 2 7 1 2 7 0 2 7 0 2 7 5 31 3 16 6 2 1 2 7 0 2 7 1 2 7 0 59.7211945056915283
12 16 2 1 2 7 5 31 3 1 2 4 17 18 2 5 31 3 0 2 7 0 2 7 0 2 7 0 2 7 12 16 2 0 2 7 0 2 7 0 2 7 0 2 7 0 2 7 1 2 7 0 2 7 13 6 3 12 16 2 0 2 7 0 2 7 1 2 7 17 18 2 0 2 7 1 2 4 1 2 7 1 2 7 1 2 7 13 6 3 1 2 7 17 9 2 1 2 7 0 2 7 13 6 3 1 2 7 0 2 7 1 2 7 17 9 2 0 2 7 17 18 2 1 2 7 1 2 7 0 2 7 12 16 2 0 2 7 1 2 7 0 2 7 1 2 4 17 18 2 0 2 7 0 2 7 1 2 7 0 2 7 0 2 7 5 31 3 16 6 2 1 2 7 0 2 7 1 2 7 0 59.7211945056915283
MonoObjective Genetic Algorithm
Number of Evaluations = 0
Mutation Probability = 0
Crossover Probability = 1
Population Size = 10
Survival Selection Type = 18
Time =  18053.4539661407471
12 16 2 0 2 7 5 31 3 1 2 7 17 18 2 5 31 3 0 2 7 0 2 7 0 2 7 0 2 7 12 16 2 0 2 7 0 2 7 0 2 7 0 2 7 1 2 7 0 2 7 13 6 3 12 16 2 0 2 7 1 2 7 17 18 2 0 2 7 1 2 7 1 2 7 1 2 7 1 2 7 13 6 3 1 2 7 17 9 2 1 2 7 0 2 7 13 6 3 1 2 7 0 2 7 1 2 7 17 9 2 0 2 7 17 18 2 1 2 7 1 2 7 0 2 4 12 16 2 0 2 7 1 2 7 0 2 7 17 18 2 0 2 7 0 2 7 0 2 7 0 2 7 5 31 3 16 6 2 1 2 7 1 2 7 0 2 7 0 2 4 1 2 4 1 2 7 1 2 7 0 59.7211945056915283
12 16 2 1 2 7 5 31 3 1 2 4 17 18 2 5 31 3 0 2 7 0 2 7 0 2 7 0 2 7 12 16 2 0 2 7 0 2 7 0 2 7 0 2 7 0 2 7 1 2 7 0 2 7 13 6 3 12 16 2 0 2 7 0 2 7 1 2 7 17 18 2 0 2 7 1 2 4 1 2 7 1 2 7 1 2 7 13 6 3 1 2 7 17 9 2 1 2 7 0 2 7 13 6 3 1 2 7 0 2 7 1 2 7 17 9 2 0 2 7 17 18 2 1 2 7 1 2 7 0 2 7 12 16 2 0 2 7 1 2 7 0 2 7 1 2 4 17 18 2 0 2 7 0 2 7 1 2 7 0 2 7 0 2 7 5 31 3 16 6 2 1 2 7 0 2 7 1 2 7 0 59.7211945056915283
12 16 2 1 2 4 5 31 3 1 2 7 17 18 2 5 31 3 0 2 7 0 2 7 0 2 7 0 2 7 12 16 2 0 2 7 0 2 4 0 2 7 0 2 7 0 2 7 1 2 7 0 2 7 13 6 3 12 16 2 0 2 7 0 2 4 1 2 7 17 18 2 0 2 7 1 2 7 1 2 7 1 2 7 1 2 7 13 6 3 1 2 7 17 9 2 1 2 7 0 2 7 13 6 3 1 2 7 0 2 7 1 2 7 17 9 2 0 2 7 17 18 2 1 2 7 1 2 7 0 2 7 12 16 2 0 2 7 1 2 7 0 2 7 17 18 2 0 2 7 0 2 7 0 2 7 0 2 7 5 31 3 16 6 2 1 2 7 1 2 7 1 2 7 0 2 7 1 2 7 0 59.7211945056915283
12 16 2 1 2 7 5 31 3 1 2 4 17 18 2 5 31 3 0 2 7 0 2 7 0 2 7 0 2 7 12 16 2 0 2 7 0 2 7 0 2 7 0 2 4 0 2 7 1 2 7 0 2 7 13 6 3 12 16 2 0 2 7 0 2 7 1 2 7 17 18 2 0 2 7 1 2 7 1 2 7 1 2 7 13 6 3 1 2 7 17 9 2 1 2 7 0 2 7 13 6 3 1 2 7 0 2 7 1 2 7 17 9 2 0 2 7 17 18 2 1 2 7 1 2 7 0 2 7 12 16 2 0 2 7 0 2 7 0 2 7 17 18 2 0 2 7 0 2 7 1 2 7 0 2 7 5 31 3 16 6 2 1 2 7 1 2 7 1 2 4 1 2 7 0 2 7 1 2 7 0 59.7211945056915283
12 16 2 5 31 3 1 2 7 17 18 2 5 31 3 0 2 7 0 2 7 0 2 7 0 2 7 12 16 2 0 2 7 0 2 7 0 2 7 0 2 7 0 2 4 1 2 7 0 2 7 13 6 3 12 16 2 0 2 7 0 2 7 1 2 7 17 18 2 0 2 7 1 2 7 1 2 7 1 2 7 1 2 7 13 6 3 1 2 7 17 9 2 1 2 7 0 2 7 13 6 3 1 2 7 0 2 7 1 2 7 17 9 2 0 2 7 17 18 2 1 2 7 1 2 7 12 16 2 0 2 7 1 2 7 0 2 7 17 18 2 0 2 7 0 2 7 0 2 7 0 2 7 0 2 7 5 31 3 16 6 2 1 2 7 0 2 4 1 2 7 1 2 7 1 2 7 1 2 4 0 59.7211945056915283
12 16 2 1 2 7 5 31 3 1 2 4 17 18 2 5 31 3 0 2 7 0 2 7 0 2 7 0 2 7 12 16 2 0 2 7 0 2 7 0 2 7 0 2 7 0 2 7 1 2 7 0 2 7 13 6 3 12 16 2 0 2 7 0 2 7 1 2 7 17 18 2 0 2 7 1 2 4 1 2 7 1 2 7 1 2 7 13 6 3 1 2 7 17 9 2 1 2 7 0 2 7 13 6 3 1 2 7 0 2 7 1 2 7 17 9 2 0 2 7 17 18 2 1 2 7 1 2 7 0 2 7 12 16 2 0 2 7 1 2 7 0 2 7 1 2 4 17 18 2 0 2 7 0 2 7 1 2 7 0 2 7 0 2 7 5 31 3 16 6 2 1 2 7 0 2 7 1 2 7 0 59.7211945056915283
12 16 2 1 2 7 5 31 3 1 2 4 17 18 2 5 31 3 0 2 7 0 2 7 0 2 7 0 2 7 12 16 2 0 2 7 0 2 7 0 2 7 0 2 7 0 2 7 1 2 7 0 2 7 13 6 3 12 16 2 0 2 7 0 2 7 1 2 7 17 18 2 0 2 7 1 2 4 1 2 7 1 2 7 1 2 7 13 6 3 1 2 7 17 9 2 1 2 7 0 2 7 13 6 3 1 2 7 0 2 7 1 2 7 17 9 2 0 2 7 17 18 2 1 2 7 1 2 7 0 2 7 12 16 2 0 2 7 1 2 7 0 2 7 1 2 4 17 18 2 0 2 7 0 2 7 1 2 7 0 2 7 0 2 7 5 31 3 16 6 2 1 2 7 0 2 7 1 2 7 0 59.7211945056915283
12 16 2 5 31 3 1 2 7 17 18 2 5 31 3 0 2 7 0 2 7 0 2 7 0 2 7 12 16 2 0 2 7 0 2 7 0 2 7 0 2 7 1 2 7 0 2 7 13 6 3 12 16 2 0 2 7 0 2 7 1 2 7 17 18 2 0 2 7 1 2 7 1 2 7 1 2 4 1 2 7 13 6 3 1 2 7 17 9 2 1 2 7 0 2 7 13 6 3 1 2 7 0 2 7 1 2 7 17 9 2 1 2 7 17 18 2 1 2 7 1 2 7 12 16 2 0 2 7 5 31 3 1 2 7 16 6 2 1 2 7 0 2 7 1 2 7 17 18 2 0 2 7 0 2 7 0 2 4 0 2 7 0 2 7 1 2 7 0 2 7 1 2 7 0 2 4 0 2 7 0 59.7211945056915283
12 16 2 1 2 7 5 31 3 1 2 4 17 18 2 5 31 3 0 2 7 0 2 7 0 2 7 0 2 7 12 16 2 0 2 7 0 2 7 0 2 7 0 2 7 0 2 7 1 2 7 0 2 7 13 6 3 12 16 2 0 2 7 0 2 7 1 2 7 17 18 2 0 2 7 1 2 4 1 2 7 1 2 7 1 2 7 13 6 3 1 2 7 17 9 2 1 2 7 0 2 7 13 6 3 1 2 7 0 2 7 1 2 7 17 9 2 0 2 7 17 18 2 1 2 7 1 2 7 0 2 7 12 16 2 0 2 7 1 2 7 0 2 7 1 2 4 17 18 2 0 2 7 0 2 7 1 2 7 0 2 7 0 2 7 5 31 3 16 6 2 1 2 7 0 2 7 1 2 7 0 59.7211945056915283
12 16 2 1 2 7 5 31 3 1 2 4 17 18 2 5 31 3 0 2 7 0 2 7 0 2 7 0 2 7 12 16 2 0 2 7 0 2 7 0 2 7 0 2 7 0 2 7 1 2 7 0 2 7 13 6 3 12 16 2 0 2 7 0 2 7 1 2 7 17 18 2 0 2 7 1 2 4 1 2 7 1 2 7 1 2 7 13 6 3 1 2 7 17 9 2 1 2 7 0 2 7 13 6 3 1 2 7 0 2 7 1 2 7 17 9 2 0 2 7 17 18 2 1 2 7 1 2 7 0 2 7 12 16 2 0 2 7 1 2 7 0 2 7 1 2 4 17 18 2 0 2 7 0 2 7 1 2 7 0 2 7 0 2 7 5 31 3 16 6 2 1 2 7 0 2 7 1 2 7 0 59.7211945056915283
