0 2 7 0 2 7 5 31 3 0 2 4 0 2 7 13 6 3 0 2 7 1 2 7 5 30 3 17 9 2 1 2 7 1 2 7 17 9 2 0 2 7 0 2 7 1 2 7 17 18 2 0 2 7 0 2 7 1 2 7 0 2 7 0 2 7 0 2 7 0 2 7 0 2 7 0 2 7 5 30 3 1 2 7 0 2 7 0 2 7 0 2 4 16 6 2 1 2 7 1 2 7 5 31 3 1 2 7 1 2 4 5 30 3 0 2 7 17 9 2 0 40.4201456308364868
0 2 7 1 2 7 1 2 7 17 9 2 1 2 4 1 2 7 0 2 7 1 2 7 1 2 7 0 2 7 5 30 3 13 6 3 0 2 7 1 2 7 0 2 4 1 2 7 5 30 3 1 2 3 0 2 7 0 2 7 1 2 7 5 31 3 0 2 7 1 2 7 12 16 2 0 2 7 17 9 2 0 2 7 17 18 2 0 2 7 0 2 4 1 2 7 0 2 7 1 2 7 0 2 7 17 18 2 0 2 7 0 2 7 0 2 3 8 18 2 0 40.4343197345733643
0 2 7 0 2 7 5 30 3 12 16 2 5 31 3 0 2 7 1 2 7 1 2 4 13 6 3 0 2 7 0 2 7 0 2 7 1 2 7 5 30 3 17 9 2 1 2 7 0 2 7 12 16 2 0 2 7 1 2 7 0 2 7 17 18 2 1 2 7 0 2 7 17 18 2 13 6 3 1 2 7 0 2 7 0 2 7 0 2 7 1 2 7 0 2 7 5 30 3 17 18 2 8 9 2 12 16 2 1 2 4 1 2 7 0 2 4 0 2 7 0 40.5700235366821289
0 2 7 1 2 7 1 2 7 17 9 2 1 2 4 1 2 7 1 2 7 1 2 7 1 2 7 0 2 7 5 30 3 13 6 3 0 2 7 1 2 7 0 2 3 1 2 7 5 30 3 0 2 7 0 2 7 1 2 7 5 31 3 0 2 7 1 2 4 12 16 2 0 2 7 0 2 7 17 18 2 0 2 7 0 2 4 1 2 7 0 2 3 1 2 7 0 2 7 17 18 2 0 2 7 0 2 7 17 18 2 0 2 7 0 2 7 8 9 2 0 40.4343197345733643
0 2 7 1 2 7 1 2 7 17 9 2 1 2 4 1 2 7 1 2 7 1 2 7 1 2 7 0 2 7 5 30 3 13 6 3 0 2 7 1 2 7 0 2 3 1 2 7 5 30 3 0 2 7 0 2 7 1 2 7 5 31 3 0 2 7 12 16 2 0 2 7 0 2 7 17 18 2 0 2 7 0 2 4 1 2 7 1 2 7 0 2 7 17 18 2 0 2 7 0 2 7 0 2 7 0 2 7 1 2 4 0 2 3 17 18 2 8 9 2 0 40.4343197345733643
0 2 4 1 2 7 1 2 7 17 9 2 1 2 4 1 2 7 0 2 7 1 2 7 1 2 7 0 2 7 5 30 3 13 6 3 0 2 7 1 2 7 0 2 4 1 2 7 5 30 3 0 2 7 0 2 7 1 2 7 5 31 3 0 2 7 1 2 7 12 16 2 0 2 7 0 2 7 17 18 2 0 2 7 0 2 7 1 2 7 0 2 7 1 2 7 0 2 7 17 18 2 0 2 7 0 2 3 0 2 3 8 9 2 17 18 2 1 2 7 0 40.4343197345733643
0 2 4 1 2 7 1 2 7 17 9 2 1 2 7 1 2 3 0 2 7 1 2 7 0 2 7 0 2 7 5 30 3 13 6 3 0 2 7 1 2 7 1 2 7 5 30 3 0 2 7 0 2 7 1 2 7 5 31 3 0 2 7 1 2 4 12 16 2 0 2 7 0 2 7 17 18 2 0 2 7 0 2 7 1 2 7 0 2 7 1 2 7 0 2 7 17 18 2 0 2 7 0 2 7 0 2 3 8 9 2 17 18 2 1 2 4 1 2 7 0 40.4343197345733643
0 2 7 1 2 7 1 2 7 17 9 2 1 2 4 1 2 7 1 2 7 1 2 7 1 2 7 0 2 7 5 30 3 13 6 3 0 2 7 1 2 7 0 2 3 1 2 7 5 30 3 0 2 7 0 2 7 1 2 7 5 31 3 0 2 7 12 16 2 0 2 7 0 2 7 17 18 2 0 2 7 0 2 4 1 2 7 1 2 7 0 2 7 17 18 2 0 2 7 0 2 7 0 2 7 0 2 7 17 9 2 0 2 4 1 2 3 8 18 2 0 40.4343197345733643
1 2 7 0 2 10 5 30 3 12 16 2 5 30 3 0 2 7 0 2 4 1 2 7 13 6 3 0 2 7 1 2 7 0 2 4 0 2 7 5 30 3 17 9 2 0 2 7 0 2 4 12 16 2 1 2 4 1 2 7 0 2 7 17 18 2 1 2 7 0 2 7 5 31 3 13 6 3 1 2 7 0 2 7 0 2 7 0 2 7 0 2 7 6 2 7 1 2 7 17 18 2 17 9 2 12 16 2 0 2 7 0 2 7 1 2 7 0 2 11 0 40.6266636252403259
0 2 4 0 2 4 1 2 4 12 16 2 5 31 3 0 2 7 1 2 7 1 2 7 13 6 3 1 2 7 0 2 7 0 2 7 1 2 7 5 30 3 17 9 2 1 2 7 0 2 3 0 2 7 1 2 7 0 2 7 17 18 2 1 2 7 0 2 7 17 18 2 0 2 7 0 2 7 0 2 7 0 2 7 1 2 7 8 9 2 1 2 7 0 2 3 0 2 7 0 2 7 1 2 7 5 30 3 17 18 2 1 2 7 1 2 7 0 2 7 0 40.4343197345733643
0 2 7 0 2 7 0 2 7 17 9 2 1 2 7 0 2 7 1 2 4 1 2 7 0 2 7 1 2 7 13 6 3 0 2 7 0 2 7 0 2 7 5 31 3 0 2 7 1 2 7 5 31 3 0 2 7 0 2 7 17 18 2 0 2 7 1 2 7 1 2 7 17 18 2 1 2 7 1 2 7 0 2 7 16 6 2 17 9 2 1 2 7 1 2 11 5 31 3 0 2 7 0 2 7 0 2 7 1 2 7 0 2 7 0 2 7 1 2 7 0 40.0670827627182007
0 2 7 0 2 7 1 2 7 17 9 2 1 2 7 0 2 7 1 2 7 0 2 7 0 2 7 1 2 7 13 6 3 0 2 7 0 2 7 1 2 7 5 31 3 1 2 7 0 2 7 1 2 7 5 31 3 0 2 7 1 2 7 1 2 7 0 2 7 17 18 2 0 2 7 0 2 7 0 2 7 0 2 4 1 2 7 17 18 2 1 2 7 1 2 7 5 31 3 0 2 7 17 9 2 1 2 11 0 2 7 16 6 2 0 2 7 0 2 7 0 40.0670827627182007
0 2 7 0 2 7 1 2 7 17 9 2 1 2 7 0 2 7 1 2 7 0 2 7 0 2 7 1 2 7 13 6 3 0 2 7 0 2 7 1 2 7 5 31 3 1 2 7 0 2 7 1 2 7 5 31 3 0 2 7 1 2 7 1 2 7 0 2 7 17 18 2 0 2 7 0 2 7 0 2 7 0 2 4 1 2 7 17 18 2 1 2 7 1 2 7 5 31 3 0 2 7 17 9 2 1 2 11 0 2 7 16 6 2 0 2 7 0 2 7 0 40.0670827627182007
0 2 7 0 2 7 0 2 7 17 9 2 1 2 7 0 2 7 1 2 7 1 2 7 0 2 7 0 2 7 13 6 3 0 2 7 0 2 7 0 2 7 5 31 3 0 2 7 1 2 7 5 31 3 0 2 7 1 2 7 0 2 7 17 18 2 0 2 7 1 2 7 1 2 4 5 31 3 17 18 2 0 2 7 1 2 7 0 2 7 1 2 7 1 2 7 16 6 2 17 9 2 0 2 7 1 2 11 1 2 7 0 2 7 1 2 7 0 2 7 0 40.0670827627182007
0 2 7 0 2 7 1 2 7 17 9 2 1 2 7 0 2 7 0 2 7 0 2 7 0 2 7 1 2 7 13 6 3 0 2 7 1 2 7 0 2 7 5 31 3 1 2 11 0 2 7 1 2 7 5 31 3 0 2 7 0 2 7 0 2 7 0 2 7 17 18 2 0 2 7 1 2 7 1 2 4 0 2 7 17 18 2 0 2 7 1 2 7 1 2 7 1 2 7 17 9 2 5 31 3 16 6 2 1 2 7 0 2 7 0 2 7 1 2 7 0 40.0670827627182007
0 2 7 0 2 7 1 2 7 17 9 2 1 2 11 0 2 7 1 2 7 0 2 7 0 2 7 5 31 3 13 6 3 1 2 7 0 2 7 1 2 7 5 31 3 1 2 7 0 2 7 1 2 7 1 2 7 0 2 7 0 2 7 1 2 7 0 2 7 17 18 2 0 2 7 0 2 7 0 2 4 0 2 7 1 2 7 17 18 2 1 2 7 1 2 7 5 31 3 0 2 7 17 9 2 1 2 7 0 2 7 0 2 7 0 2 7 16 6 2 0 40.0670827627182007
0 2 7 0 2 7 1 2 7 17 9 2 1 2 11 0 2 7 1 2 7 0 2 7 0 2 7 5 31 3 13 6 3 1 2 7 0 2 7 1 2 7 5 31 3 1 2 7 0 2 7 1 2 7 1 2 7 0 2 7 0 2 7 1 2 7 0 2 7 17 18 2 0 2 7 0 2 7 0 2 4 0 2 7 1 2 7 17 18 2 1 2 7 1 2 7 5 31 3 0 2 7 17 9 2 1 2 7 0 2 7 0 2 7 0 2 7 16 6 2 0 40.0670827627182007
0 2 7 0 2 7 0 2 7 17 9 2 1 2 7 0 2 7 1 2 7 1 2 7 0 2 7 1 2 7 13 6 3 0 2 7 0 2 7 0 2 7 5 31 3 0 2 7 1 2 7 5 31 3 0 2 7 0 2 4 0 2 7 17 18 2 0 2 7 1 2 7 1 2 7 17 18 2 1 2 7 1 2 7 0 2 7 16 6 2 17 9 2 1 2 7 1 2 11 5 31 3 0 2 7 0 2 7 0 2 7 1 2 7 1 2 7 0 2 7 0 40.0670827627182007
0 2 7 0 2 7 1 2 7 17 9 2 1 2 11 0 2 7 1 2 7 0 2 7 0 2 7 5 31 3 13 6 3 1 2 7 0 2 7 1 2 7 5 31 3 1 2 7 0 2 7 1 2 7 1 2 7 0 2 7 0 2 7 1 2 7 0 2 7 17 18 2 0 2 7 0 2 7 0 2 4 0 2 7 1 2 7 17 18 2 1 2 7 1 2 7 5 31 3 0 2 7 17 9 2 1 2 7 0 2 7 0 2 7 0 2 7 16 6 2 0 40.0670827627182007
0 2 7 0 2 7 0 2 7 17 9 2 1 2 7 0 2 7 1 2 7 1 2 7 0 2 7 0 2 7 13 6 3 0 2 7 0 2 7 0 2 7 5 31 3 0 2 7 1 2 7 5 31 3 0 2 7 1 2 7 0 2 7 17 18 2 1 2 7 1 2 7 5 31 3 17 18 2 0 2 7 1 2 7 0 2 7 1 2 7 1 2 7 16 6 2 17 9 2 0 2 7 1 2 11 1 2 7 0 2 7 1 2 4 0 2 7 0 2 7 0 40.0670827627182007
0 2 7 0 2 7 0 2 7 17 9 2 1 2 7 0 2 7 1 2 7 1 2 7 0 2 7 0 2 7 13 6 3 0 2 7 0 2 7 0 2 7 5 31 3 0 2 7 1 2 7 5 31 3 0 2 7 1 2 7 0 2 7 17 18 2 1 2 7 1 2 7 5 31 3 17 18 2 0 2 7 1 2 7 0 2 7 1 2 7 1 2 7 16 6 2 17 9 2 0 2 7 1 2 11 1 2 7 0 2 7 1 2 4 0 2 7 0 2 7 0 40.0670827627182007
0 2 7 0 2 7 1 2 7 17 9 2 1 2 7 0 2 7 1 2 7 0 2 7 0 2 7 1 2 7 13 6 3 0 2 7 0 2 7 1 2 7 5 31 3 1 2 7 0 2 7 1 2 7 5 31 3 0 2 7 1 2 7 1 2 7 0 2 7 17 18 2 0 2 7 0 2 7 0 2 7 0 2 4 1 2 7 17 18 2 1 2 7 1 2 7 5 31 3 0 2 7 17 9 2 1 2 11 0 2 7 16 6 2 0 2 7 0 2 7 0 40.0670827627182007
0 2 7 0 2 7 1 2 7 17 9 2 1 2 7 0 2 7 1 2 7 0 2 7 0 2 7 1 2 7 13 6 3 0 2 7 0 2 7 1 2 7 5 31 3 1 2 7 0 2 7 1 2 7 5 31 3 0 2 7 1 2 7 1 2 7 0 2 7 17 18 2 0 2 7 0 2 7 0 2 7 0 2 4 1 2 7 17 18 2 1 2 7 1 2 7 5 31 3 0 2 7 17 9 2 1 2 11 0 2 7 16 6 2 0 2 7 0 2 7 0 40.0670827627182007
0 2 7 0 2 7 0 2 7 17 9 2 1 2 7 0 2 7 1 2 7 1 2 7 0 2 7 0 2 7 13 6 3 0 2 7 0 2 7 0 2 7 5 31 3 0 2 7 1 2 7 5 31 3 0 2 7 1 2 7 0 2 7 17 18 2 0 2 7 1 2 7 1 2 4 5 31 3 17 18 2 0 2 7 1 2 7 0 2 7 1 2 7 1 2 7 16 6 2 17 9 2 0 2 7 1 2 11 1 2 7 0 2 7 1 2 7 0 2 7 0 40.0670827627182007
0 2 7 0 2 7 1 2 7 17 9 2 1 2 7 0 2 7 0 2 7 0 2 7 0 2 7 1 2 7 13 6 3 0 2 7 1 2 7 0 2 7 5 31 3 1 2 11 0 2 7 1 2 7 5 31 3 0 2 7 0 2 7 0 2 7 0 2 7 17 18 2 0 2 7 1 2 7 1 2 4 0 2 7 17 18 2 0 2 7 1 2 7 1 2 7 1 2 7 17 9 2 5 31 3 16 6 2 1 2 7 0 2 7 0 2 7 1 2 7 0 40.0670827627182007
0 2 7 0 2 7 1 2 7 17 9 2 1 2 11 0 2 7 1 2 7 0 2 7 0 2 7 5 31 3 13 6 3 1 2 7 0 2 7 1 2 7 5 31 3 1 2 7 0 2 7 1 2 7 1 2 7 0 2 7 0 2 7 1 2 7 0 2 7 17 18 2 0 2 7 0 2 7 0 2 4 0 2 7 1 2 7 17 18 2 1 2 7 1 2 7 5 31 3 0 2 7 17 9 2 1 2 7 0 2 7 0 2 7 0 2 7 16 6 2 0 40.0670827627182007
0 2 7 0 2 7 1 2 7 17 9 2 1 2 11 0 2 7 1 2 7 0 2 7 0 2 7 5 31 3 13 6 3 1 2 7 0 2 7 1 2 7 5 31 3 1 2 7 0 2 7 1 2 7 1 2 7 0 2 7 0 2 7 1 2 7 0 2 7 17 18 2 0 2 7 0 2 7 0 2 4 0 2 7 1 2 7 17 18 2 1 2 7 1 2 7 5 31 3 0 2 7 17 9 2 1 2 7 0 2 7 0 2 7 0 2 7 16 6 2 0 40.0670827627182007
0 2 7 0 2 7 0 2 7 17 9 2 1 2 7 0 2 7 1 2 7 1 2 7 0 2 7 1 2 7 13 6 3 0 2 7 0 2 7 0 2 7 5 31 3 0 2 7 1 2 7 5 31 3 0 2 7 0 2 4 0 2 7 17 18 2 0 2 7 1 2 7 1 2 7 17 18 2 1 2 7 1 2 7 0 2 7 16 6 2 17 9 2 1 2 7 1 2 11 5 31 3 0 2 7 0 2 7 0 2 7 1 2 7 1 2 7 0 2 7 0 40.0670827627182007
0 2 7 0 2 7 1 2 7 17 9 2 1 2 11 0 2 7 1 2 7 0 2 7 0 2 7 5 31 3 13 6 3 1 2 7 0 2 7 1 2 7 5 31 3 1 2 7 0 2 7 1 2 7 1 2 7 0 2 7 0 2 7 1 2 7 0 2 7 17 18 2 0 2 7 0 2 7 0 2 4 0 2 7 1 2 7 17 18 2 1 2 7 1 2 7 5 31 3 0 2 7 17 9 2 1 2 7 0 2 7 0 2 7 0 2 7 16 6 2 0 40.0670827627182007
0 2 7 0 2 7 0 2 7 17 9 2 1 2 7 0 2 7 1 2 7 1 2 7 0 2 7 0 2 7 13 6 3 0 2 7 0 2 7 0 2 7 5 31 3 0 2 7 1 2 7 5 31 3 0 2 7 1 2 7 0 2 7 17 18 2 1 2 7 1 2 7 5 31 3 17 18 2 0 2 7 1 2 7 0 2 7 1 2 7 1 2 7 16 6 2 17 9 2 0 2 7 1 2 11 1 2 7 0 2 7 1 2 4 0 2 7 0 2 7 0 40.0670827627182007
0 2 7 0 2 7 0 2 7 17 9 2 1 2 7 0 2 7 1 2 7 1 2 7 0 2 7 0 2 7 13 6 3 0 2 7 0 2 7 0 2 7 5 31 3 0 2 7 1 2 7 5 31 3 0 2 7 1 2 7 0 2 7 17 18 2 0 2 7 1 2 7 5 31 3 17 18 2 0 2 7 1 2 7 0 2 7 1 2 7 1 2 7 16 6 2 17 9 2 0 2 7 1 2 11 1 2 7 0 2 7 1 2 7 1 2 4 0 2 7 0 40.0670827627182007
0 2 7 0 2 7 1 2 7 17 9 2 1 2 7 0 2 7 1 2 7 0 2 7 0 2 7 1 2 7 13 6 3 0 2 7 0 2 7 1 2 7 5 31 3 1 2 7 0 2 7 1 2 7 5 31 3 0 2 7 1 2 7 1 2 7 0 2 7 17 18 2 0 2 7 0 2 7 0 2 7 0 2 4 1 2 7 17 18 2 1 2 7 1 2 7 5 31 3 0 2 7 17 9 2 1 2 11 0 2 7 16 6 2 0 2 7 0 2 7 0 40.0670827627182007
0 2 7 0 2 7 1 2 7 17 9 2 1 2 7 0 2 7 1 2 7 0 2 7 0 2 7 1 2 7 13 6 3 0 2 7 0 2 7 1 2 7 5 31 3 1 2 7 0 2 7 1 2 7 5 31 3 0 2 7 1 2 7 1 2 7 0 2 7 17 18 2 0 2 7 0 2 7 0 2 7 0 2 4 1 2 7 17 18 2 1 2 7 1 2 7 5 31 3 0 2 7 17 9 2 1 2 11 0 2 7 16 6 2 0 2 7 0 2 7 0 40.0670827627182007
0 2 7 0 2 7 0 2 7 17 9 2 1 2 7 0 2 7 1 2 7 1 2 7 0 2 7 0 2 7 13 6 3 0 2 7 0 2 7 0 2 7 5 31 3 0 2 7 1 2 7 5 31 3 0 2 7 1 2 7 0 2 7 17 18 2 0 2 7 1 2 7 1 2 4 5 31 3 17 18 2 0 2 7 1 2 7 0 2 7 1 2 7 1 2 7 16 6 2 17 9 2 0 2 7 1 2 11 1 2 7 0 2 7 1 2 7 0 2 7 0 40.0670827627182007
0 2 7 0 2 7 1 2 7 17 9 2 1 2 7 0 2 7 0 2 7 0 2 7 0 2 7 1 2 7 13 6 3 0 2 7 1 2 7 0 2 7 5 31 3 1 2 11 0 2 7 1 2 7 5 31 3 0 2 7 0 2 7 0 2 7 0 2 7 17 18 2 0 2 7 1 2 7 1 2 4 0 2 7 17 18 2 0 2 7 1 2 7 1 2 7 1 2 7 17 9 2 5 31 3 16 6 2 1 2 7 0 2 7 0 2 7 1 2 7 0 40.0670827627182007
0 2 7 0 2 7 1 2 7 17 9 2 1 2 11 0 2 7 1 2 7 0 2 7 0 2 7 5 31 3 13 6 3 1 2 7 0 2 7 1 2 7 5 31 3 1 2 7 0 2 7 1 2 7 1 2 7 0 2 7 0 2 7 1 2 7 0 2 7 17 18 2 0 2 7 0 2 7 0 2 4 0 2 7 1 2 7 17 18 2 1 2 7 1 2 7 5 31 3 0 2 7 17 9 2 1 2 7 0 2 7 0 2 7 0 2 7 16 6 2 0 40.0670827627182007
0 2 7 0 2 7 1 2 7 17 9 2 1 2 11 0 2 7 1 2 7 0 2 7 0 2 7 5 31 3 13 6 3 1 2 7 0 2 7 1 2 7 5 31 3 1 2 7 0 2 7 1 2 7 1 2 7 0 2 7 0 2 7 1 2 7 0 2 7 17 18 2 0 2 7 0 2 7 0 2 4 0 2 7 1 2 7 17 18 2 1 2 7 1 2 7 5 31 3 0 2 7 17 9 2 1 2 7 0 2 7 0 2 7 0 2 7 16 6 2 0 40.0670827627182007
0 2 7 0 2 7 0 2 7 17 9 2 1 2 7 0 2 7 1 2 7 1 2 7 0 2 7 1 2 7 13 6 3 0 2 7 0 2 7 0 2 7 5 31 3 0 2 7 1 2 7 5 31 3 0 2 7 0 2 4 0 2 7 17 18 2 0 2 7 1 2 7 1 2 7 17 18 2 1 2 7 1 2 7 0 2 7 16 6 2 17 9 2 1 2 7 1 2 11 5 31 3 0 2 7 0 2 7 0 2 7 1 2 7 1 2 7 0 2 7 0 40.0670827627182007
0 2 7 0 2 7 1 2 7 17 9 2 1 2 11 0 2 7 1 2 7 0 2 7 0 2 7 5 31 3 13 6 3 1 2 7 0 2 7 1 2 7 5 31 3 1 2 7 0 2 7 1 2 7 1 2 7 0 2 7 0 2 7 1 2 7 0 2 7 17 18 2 0 2 7 0 2 7 0 2 4 0 2 7 1 2 7 17 18 2 1 2 7 1 2 7 5 31 3 0 2 7 17 9 2 1 2 7 0 2 7 0 2 7 0 2 7 16 6 2 0 40.0670827627182007
0 2 7 0 2 7 0 2 7 17 9 2 1 2 7 0 2 7 1 2 7 1 2 7 0 2 7 0 2 7 13 6 3 0 2 7 0 2 7 0 2 7 5 31 3 0 2 7 1 2 7 5 31 3 0 2 7 1 2 7 0 2 7 17 18 2 1 2 7 1 2 7 5 31 3 17 18 2 0 2 7 1 2 7 0 2 7 1 2 7 1 2 7 16 6 2 17 9 2 0 2 7 1 2 11 1 2 7 0 2 7 1 2 4 0 2 7 0 2 7 0 40.0670827627182007
0 2 7 0 2 7 0 2 7 17 9 2 1 2 7 0 2 7 1 2 7 1 2 7 0 2 7 1 2 7 13 6 3 0 2 7 0 2 7 0 2 7 5 31 3 0 2 7 1 2 7 5 31 3 0 2 7 0 2 7 17 18 2 0 2 7 1 2 7 1 2 7 17 18 2 1 2 7 1 2 7 0 2 7 16 6 2 17 9 2 1 2 7 1 2 11 5 31 3 0 2 7 0 2 7 0 2 7 1 2 7 0 2 7 1 2 4 0 2 7 0 40.0670827627182007
0 2 7 0 2 7 1 2 7 17 9 2 1 2 7 0 2 7 1 2 7 0 2 7 0 2 7 1 2 7 13 6 3 0 2 7 0 2 7 1 2 7 5 31 3 1 2 7 0 2 7 1 2 7 5 31 3 0 2 7 1 2 7 1 2 7 0 2 7 17 18 2 0 2 7 0 2 7 0 2 7 0 2 4 1 2 7 17 18 2 1 2 7 1 2 7 5 31 3 0 2 7 17 9 2 1 2 11 0 2 7 16 6 2 0 2 7 0 2 7 0 40.0670827627182007
0 2 7 0 2 7 1 2 7 17 9 2 1 2 7 0 2 7 1 2 7 0 2 7 0 2 7 1 2 7 13 6 3 0 2 7 0 2 7 1 2 7 5 31 3 1 2 7 0 2 7 1 2 7 5 31 3 0 2 7 1 2 7 1 2 7 0 2 7 17 18 2 0 2 7 0 2 7 0 2 7 0 2 4 1 2 7 17 18 2 1 2 7 1 2 7 5 31 3 0 2 7 17 9 2 1 2 11 0 2 7 16 6 2 0 2 7 0 2 7 0 40.0670827627182007
0 2 7 0 2 7 0 2 7 17 9 2 1 2 7 0 2 7 1 2 7 1 2 7 0 2 7 0 2 7 13 6 3 0 2 7 0 2 7 0 2 7 5 31 3 0 2 7 1 2 7 5 31 3 0 2 7 1 2 7 0 2 7 17 18 2 0 2 7 1 2 7 1 2 4 5 31 3 17 18 2 0 2 7 1 2 7 0 2 7 1 2 7 1 2 7 16 6 2 17 9 2 0 2 7 1 2 11 1 2 7 0 2 7 1 2 7 0 2 7 0 40.0670827627182007
0 2 7 0 2 7 1 2 7 17 9 2 1 2 7 0 2 7 0 2 7 0 2 7 0 2 7 1 2 7 13 6 3 0 2 7 1 2 7 0 2 7 5 31 3 1 2 11 0 2 7 1 2 7 5 31 3 0 2 7 0 2 7 0 2 7 0 2 7 17 18 2 0 2 7 1 2 7 1 2 4 0 2 7 17 18 2 0 2 7 1 2 7 1 2 7 1 2 7 17 9 2 5 31 3 16 6 2 1 2 7 0 2 7 0 2 7 1 2 7 0 40.0670827627182007
0 2 7 0 2 7 1 2 7 17 9 2 1 2 11 0 2 7 1 2 7 0 2 7 0 2 7 5 31 3 13 6 3 1 2 7 0 2 7 1 2 7 5 31 3 1 2 7 0 2 7 1 2 7 1 2 7 0 2 7 0 2 7 1 2 7 0 2 7 17 18 2 0 2 7 0 2 7 0 2 4 0 2 7 1 2 7 17 18 2 1 2 7 1 2 7 5 31 3 0 2 7 17 9 2 1 2 7 0 2 7 0 2 7 0 2 7 16 6 2 0 40.0670827627182007
0 2 7 0 2 7 1 2 7 17 9 2 1 2 11 0 2 7 1 2 7 0 2 7 0 2 7 5 31 3 13 6 3 1 2 7 0 2 7 1 2 7 5 31 3 1 2 7 0 2 7 1 2 7 1 2 7 0 2 7 0 2 7 1 2 7 0 2 7 17 18 2 0 2 7 0 2 7 0 2 4 0 2 7 1 2 7 17 18 2 1 2 7 1 2 7 5 31 3 0 2 7 17 9 2 1 2 7 0 2 7 0 2 7 0 2 7 16 6 2 0 40.0670827627182007
0 2 7 0 2 7 0 2 7 17 9 2 1 2 7 0 2 7 1 2 7 1 2 7 0 2 7 1 2 7 13 6 3 0 2 7 0 2 7 0 2 7 5 31 3 0 2 7 1 2 7 5 31 3 0 2 7 0 2 4 0 2 7 17 18 2 0 2 7 1 2 7 1 2 7 17 18 2 1 2 7 1 2 7 0 2 7 16 6 2 17 9 2 1 2 7 1 2 11 5 31 3 0 2 7 0 2 7 0 2 7 1 2 7 1 2 7 0 2 7 0 40.0670827627182007
0 2 7 0 2 7 1 2 7 17 9 2 1 2 11 0 2 7 1 2 7 0 2 7 0 2 7 5 31 3 13 6 3 1 2 7 0 2 7 1 2 7 5 31 3 1 2 7 0 2 7 1 2 7 1 2 7 0 2 7 0 2 7 1 2 7 0 2 7 17 18 2 0 2 7 0 2 7 0 2 4 0 2 7 1 2 7 17 18 2 1 2 7 1 2 7 5 31 3 0 2 7 17 9 2 1 2 7 0 2 7 0 2 7 0 2 7 16 6 2 0 40.0670827627182007
0 2 7 0 2 7 0 2 7 17 9 2 1 2 7 0 2 7 1 2 7 1 2 7 0 2 7 0 2 7 13 6 3 0 2 7 0 2 7 0 2 7 5 31 3 0 2 7 1 2 7 5 31 3 0 2 7 1 2 7 0 2 7 17 18 2 1 2 7 1 2 7 5 31 3 17 18 2 0 2 7 1 2 7 0 2 7 1 2 7 1 2 7 16 6 2 17 9 2 0 2 7 1 2 11 1 2 7 0 2 7 1 2 4 0 2 7 0 2 7 0 40.0670827627182007
0 2 7 0 2 7 1 2 7 17 9 2 1 2 7 0 2 7 1 2 7 0 2 7 0 2 7 1 2 7 13 6 3 0 2 7 0 2 7 1 2 7 5 31 3 1 2 7 0 2 7 1 2 7 5 31 3 0 2 7 1 2 7 1 2 7 0 2 7 17 18 2 0 2 7 0 2 7 0 2 7 1 2 7 17 18 2 1 2 7 5 31 3 0 2 7 17 9 2 1 2 11 0 2 7 16 6 2 0 2 7 0 2 7 0 2 7 1 2 4 0 40.0670827627182007
0 2 7 0 2 7 1 2 7 17 9 2 1 2 7 0 2 7 1 2 7 0 2 7 0 2 7 1 2 7 13 6 3 0 2 7 0 2 7 1 2 7 5 31 3 1 2 7 0 2 7 1 2 7 5 31 3 0 2 7 1 2 7 1 2 7 0 2 7 17 18 2 0 2 7 0 2 7 0 2 7 0 2 4 1 2 7 17 18 2 1 2 7 1 2 7 5 31 3 0 2 7 17 9 2 1 2 11 0 2 7 16 6 2 0 2 7 0 2 7 0 40.0670827627182007
0 2 7 0 2 7 1 2 7 17 9 2 1 2 7 0 2 7 1 2 7 0 2 7 0 2 7 1 2 7 13 6 3 0 2 7 0 2 7 1 2 7 5 31 3 1 2 7 0 2 7 1 2 7 5 31 3 0 2 7 1 2 7 1 2 7 0 2 7 17 18 2 0 2 7 0 2 7 0 2 7 0 2 4 1 2 7 17 18 2 1 2 7 1 2 7 5 31 3 0 2 7 17 9 2 1 2 11 0 2 7 16 6 2 0 2 7 0 2 7 0 40.0670827627182007
0 2 7 0 2 7 0 2 7 17 9 2 1 2 7 0 2 7 1 2 7 1 2 7 0 2 7 0 2 7 13 6 3 0 2 7 0 2 7 0 2 7 5 31 3 0 2 7 1 2 7 5 31 3 0 2 7 1 2 7 0 2 7 17 18 2 0 2 7 1 2 7 1 2 4 5 31 3 17 18 2 0 2 7 1 2 7 0 2 7 1 2 7 1 2 7 16 6 2 17 9 2 0 2 7 1 2 11 1 2 7 0 2 7 1 2 7 0 2 7 0 40.0670827627182007
0 2 7 0 2 7 1 2 7 17 9 2 1 2 7 0 2 7 0 2 7 0 2 7 0 2 7 1 2 7 13 6 3 0 2 7 1 2 7 0 2 7 5 31 3 1 2 11 0 2 7 1 2 7 5 31 3 0 2 7 0 2 7 0 2 7 0 2 7 17 18 2 0 2 7 1 2 7 1 2 4 0 2 7 17 18 2 0 2 7 1 2 7 1 2 7 1 2 7 17 9 2 5 31 3 16 6 2 1 2 7 0 2 7 0 2 7 1 2 7 0 40.0670827627182007
0 2 7 0 2 7 1 2 7 17 9 2 1 2 11 0 2 7 1 2 7 0 2 7 0 2 7 5 31 3 13 6 3 1 2 7 0 2 7 1 2 7 5 31 3 1 2 7 0 2 7 1 2 7 1 2 7 0 2 7 0 2 7 1 2 7 0 2 7 17 18 2 0 2 7 0 2 7 0 2 4 0 2 7 1 2 7 17 18 2 1 2 7 1 2 7 5 31 3 0 2 7 17 9 2 1 2 7 0 2 7 0 2 7 0 2 7 16 6 2 0 40.0670827627182007
0 2 7 0 2 7 1 2 7 17 9 2 1 2 11 0 2 7 1 2 7 0 2 7 0 2 7 5 31 3 13 6 3 1 2 7 0 2 7 1 2 7 5 31 3 1 2 7 0 2 7 1 2 7 1 2 7 0 2 7 0 2 7 1 2 7 0 2 7 17 18 2 0 2 7 0 2 7 0 2 4 0 2 7 1 2 7 17 18 2 1 2 7 1 2 7 5 31 3 0 2 7 17 9 2 1 2 7 0 2 7 0 2 7 0 2 7 16 6 2 0 40.0670827627182007
0 2 7 0 2 7 0 2 7 17 9 2 1 2 7 0 2 7 1 2 7 1 2 7 0 2 7 1 2 7 13 6 3 0 2 7 0 2 7 0 2 7 5 31 3 0 2 7 1 2 7 5 31 3 0 2 7 0 2 4 0 2 7 17 18 2 0 2 7 1 2 7 1 2 7 17 18 2 1 2 7 1 2 7 0 2 7 16 6 2 17 9 2 1 2 7 1 2 11 5 31 3 0 2 7 0 2 7 0 2 7 1 2 7 1 2 7 0 2 7 0 40.0670827627182007
0 2 7 0 2 7 1 2 7 17 9 2 1 2 11 0 2 7 1 2 7 0 2 7 0 2 7 5 31 3 13 6 3 1 2 7 0 2 7 1 2 7 5 31 3 1 2 7 0 2 7 1 2 7 1 2 7 0 2 7 0 2 7 1 2 7 0 2 7 17 18 2 0 2 7 0 2 7 0 2 4 0 2 7 1 2 7 17 18 2 1 2 7 1 2 7 5 31 3 0 2 7 17 9 2 1 2 7 0 2 7 0 2 7 0 2 7 16 6 2 0 40.0670827627182007
0 2 7 0 2 7 0 2 7 17 9 2 1 2 7 0 2 7 1 2 7 1 2 7 0 2 7 0 2 7 13 6 3 0 2 7 0 2 7 0 2 7 5 31 3 0 2 7 1 2 7 5 31 3 0 2 7 1 2 7 0 2 7 17 18 2 1 2 7 1 2 7 5 31 3 17 18 2 0 2 7 1 2 7 0 2 7 1 2 7 1 2 7 16 6 2 17 9 2 0 2 7 1 2 11 1 2 7 0 2 7 1 2 4 0 2 7 0 2 7 0 40.0670827627182007
0 2 7 0 2 7 1 2 7 17 9 2 1 2 7 0 2 7 1 2 7 0 2 7 0 2 7 1 2 7 13 6 3 0 2 7 0 2 7 1 2 7 5 31 3 1 2 7 0 2 7 1 2 7 5 31 3 0 2 7 1 2 7 1 2 7 0 2 7 17 18 2 0 2 7 0 2 7 0 2 7 0 2 4 1 2 7 17 18 2 1 2 7 1 2 7 5 31 3 0 2 7 17 9 2 1 2 11 0 2 7 16 6 2 0 2 7 0 2 7 0 40.0670827627182007
0 2 7 0 2 7 1 2 7 17 9 2 1 2 7 0 2 7 1 2 7 0 2 7 0 2 7 1 2 7 13 6 3 0 2 7 0 2 7 1 2 7 5 31 3 1 2 7 0 2 7 1 2 7 5 31 3 0 2 7 1 2 7 1 2 7 0 2 7 17 18 2 0 2 7 0 2 7 0 2 7 0 2 4 1 2 7 17 18 2 1 2 7 1 2 7 5 31 3 0 2 7 17 9 2 1 2 11 0 2 7 16 6 2 0 2 7 0 2 7 0 40.0670827627182007
0 2 7 0 2 7 1 2 7 17 9 2 1 2 7 0 2 7 1 2 7 0 2 7 0 2 7 1 2 7 13 6 3 0 2 7 0 2 7 1 2 7 5 31 3 1 2 7 0 2 7 1 2 7 5 31 3 0 2 7 1 2 7 1 2 7 0 2 7 17 18 2 0 2 7 0 2 7 0 2 7 0 2 4 1 2 7 17 18 2 1 2 7 1 2 7 5 31 3 0 2 7 17 9 2 1 2 11 0 2 7 16 6 2 0 2 7 0 2 7 0 40.0670827627182007
0 2 7 0 2 7 0 2 7 17 9 2 1 2 7 0 2 7 1 2 7 1 2 7 0 2 7 0 2 7 13 6 3 0 2 7 0 2 7 0 2 7 5 31 3 0 2 7 1 2 7 5 31 3 0 2 7 1 2 7 0 2 7 17 18 2 0 2 7 1 2 7 1 2 4 5 31 3 17 18 2 0 2 7 1 2 7 0 2 7 1 2 7 1 2 7 16 6 2 17 9 2 0 2 7 1 2 11 1 2 7 0 2 7 1 2 7 0 2 7 0 40.0670827627182007
0 2 7 0 2 7 1 2 7 17 9 2 1 2 7 0 2 7 0 2 7 0 2 7 0 2 7 1 2 7 13 6 3 0 2 7 1 2 7 0 2 7 5 31 3 1 2 11 0 2 7 1 2 7 5 31 3 0 2 7 0 2 7 0 2 7 0 2 7 17 18 2 0 2 7 1 2 7 1 2 4 0 2 7 17 18 2 0 2 7 1 2 7 1 2 7 1 2 7 17 9 2 5 31 3 16 6 2 1 2 7 0 2 7 0 2 7 1 2 7 0 40.0670827627182007
0 2 7 0 2 7 1 2 7 17 9 2 1 2 11 0 2 7 1 2 7 0 2 7 0 2 7 5 31 3 13 6 3 1 2 7 0 2 7 1 2 7 5 31 3 1 2 7 0 2 7 1 2 7 1 2 7 0 2 7 0 2 7 1 2 7 0 2 7 17 18 2 0 2 7 0 2 7 0 2 4 0 2 7 1 2 7 17 18 2 1 2 7 1 2 7 5 31 3 0 2 7 17 9 2 1 2 7 0 2 7 0 2 7 0 2 7 16 6 2 0 40.0670827627182007
0 2 7 0 2 7 1 2 7 17 9 2 1 2 11 0 2 7 1 2 7 0 2 7 0 2 7 5 31 3 13 6 3 1 2 7 0 2 7 1 2 7 5 31 3 1 2 7 0 2 7 1 2 7 1 2 7 0 2 7 0 2 7 1 2 7 0 2 7 17 18 2 0 2 7 0 2 7 0 2 4 0 2 7 1 2 7 17 18 2 1 2 7 1 2 7 5 31 3 0 2 7 17 9 2 1 2 7 0 2 7 0 2 7 0 2 7 16 6 2 0 40.0670827627182007
0 2 7 0 2 7 0 2 7 17 9 2 1 2 7 0 2 7 1 2 7 1 2 7 0 2 7 1 2 7 13 6 3 0 2 7 0 2 7 0 2 7 5 31 3 0 2 7 1 2 7 5 31 3 0 2 7 0 2 4 0 2 7 17 18 2 0 2 7 1 2 7 1 2 7 17 18 2 1 2 7 1 2 7 0 2 7 16 6 2 17 9 2 1 2 7 1 2 11 5 31 3 0 2 7 0 2 7 0 2 7 1 2 7 1 2 7 0 2 7 0 40.0670827627182007
0 2 7 0 2 7 1 2 7 17 9 2 1 2 11 0 2 7 1 2 7 0 2 7 0 2 7 5 31 3 13 6 3 1 2 7 0 2 7 1 2 7 5 31 3 1 2 7 0 2 7 1 2 7 1 2 7 0 2 7 0 2 7 1 2 7 0 2 7 17 18 2 0 2 7 0 2 7 0 2 4 0 2 7 1 2 7 17 18 2 1 2 7 1 2 7 5 31 3 0 2 7 17 9 2 1 2 7 0 2 7 0 2 7 0 2 7 16 6 2 0 40.0670827627182007
0 2 7 0 2 7 0 2 7 17 9 2 1 2 7 0 2 7 1 2 7 1 2 7 0 2 7 0 2 7 13 6 3 0 2 7 0 2 7 0 2 7 5 31 3 0 2 7 1 2 7 5 31 3 0 2 7 1 2 7 0 2 7 17 18 2 1 2 7 1 2 7 5 31 3 17 18 2 0 2 7 1 2 7 0 2 7 1 2 7 1 2 7 16 6 2 17 9 2 0 2 7 1 2 11 1 2 7 0 2 7 1 2 4 0 2 7 0 2 7 0 40.0670827627182007
0 2 7 0 2 7 1 2 7 17 9 2 1 2 11 0 2 7 1 2 7 0 2 7 0 2 7 5 31 3 13 6 3 1 2 7 0 2 7 1 2 7 5 31 3 1 2 7 0 2 7 1 2 7 1 2 7 0 2 7 0 2 7 1 2 7 0 2 7 17 18 2 0 2 7 0 2 7 0 2 7 1 2 7 17 18 2 1 2 7 1 2 7 5 31 3 0 2 7 17 9 2 0 2 7 0 2 7 0 2 7 16 6 2 0 2 7 1 2 4 0 40.0670827627182007
0 2 7 0 2 7 1 2 7 17 9 2 1 2 7 0 2 7 1 2 7 0 2 7 0 2 7 1 2 7 13 6 3 0 2 7 0 2 7 1 2 7 5 31 3 1 2 7 0 2 7 1 2 7 5 31 3 0 2 7 1 2 7 1 2 7 0 2 7 17 18 2 0 2 7 0 2 7 0 2 7 0 2 4 1 2 7 17 18 2 1 2 7 1 2 7 5 31 3 0 2 7 17 9 2 1 2 11 0 2 7 16 6 2 0 2 7 0 2 7 0 40.0670827627182007
0 2 7 0 2 7 1 2 7 17 9 2 1 2 7 0 2 7 1 2 7 0 2 7 0 2 7 1 2 7 13 6 3 0 2 7 0 2 7 1 2 7 5 31 3 1 2 7 0 2 7 1 2 7 5 31 3 0 2 7 1 2 7 1 2 7 0 2 7 17 18 2 0 2 7 0 2 7 0 2 7 0 2 4 1 2 7 17 18 2 1 2 7 1 2 7 5 31 3 0 2 7 17 9 2 1 2 11 0 2 7 16 6 2 0 2 7 0 2 7 0 40.0670827627182007
0 2 7 0 2 7 0 2 7 17 9 2 1 2 7 0 2 7 1 2 7 1 2 7 0 2 7 0 2 7 13 6 3 0 2 7 0 2 7 0 2 7 5 31 3 0 2 7 1 2 7 5 31 3 0 2 7 1 2 7 0 2 7 17 18 2 0 2 7 1 2 7 1 2 4 5 31 3 17 18 2 0 2 7 1 2 7 0 2 7 1 2 7 1 2 7 16 6 2 17 9 2 0 2 7 1 2 11 1 2 7 0 2 7 1 2 7 0 2 7 0 40.0670827627182007
0 2 7 0 2 7 1 2 7 17 9 2 1 2 7 0 2 7 0 2 7 0 2 7 0 2 7 1 2 7 13 6 3 0 2 7 1 2 7 0 2 7 5 31 3 1 2 11 0 2 7 1 2 7 5 31 3 0 2 7 0 2 7 0 2 7 0 2 7 17 18 2 0 2 7 1 2 7 1 2 4 0 2 7 17 18 2 0 2 7 1 2 7 1 2 7 1 2 7 17 9 2 5 31 3 16 6 2 1 2 7 0 2 7 0 2 7 1 2 7 0 40.0670827627182007
0 2 7 0 2 7 1 2 7 17 9 2 1 2 11 0 2 7 1 2 7 0 2 7 0 2 7 5 31 3 13 6 3 1 2 7 0 2 7 1 2 7 5 31 3 1 2 7 0 2 7 1 2 7 1 2 7 0 2 7 0 2 7 1 2 7 0 2 7 17 18 2 0 2 7 0 2 7 0 2 4 0 2 7 1 2 7 17 18 2 1 2 7 1 2 7 5 31 3 0 2 7 17 9 2 1 2 7 0 2 7 0 2 7 0 2 7 16 6 2 0 40.0670827627182007
0 2 7 0 2 7 1 2 7 17 9 2 1 2 11 0 2 7 1 2 7 0 2 7 0 2 7 5 31 3 13 6 3 1 2 7 0 2 7 1 2 7 5 31 3 1 2 7 0 2 7 1 2 7 1 2 7 0 2 7 0 2 7 1 2 7 0 2 7 17 18 2 0 2 7 0 2 7 0 2 4 0 2 7 1 2 7 17 18 2 1 2 7 1 2 7 5 31 3 0 2 7 17 9 2 1 2 7 0 2 7 0 2 7 0 2 7 16 6 2 0 40.0670827627182007
0 2 7 0 2 7 0 2 7 17 9 2 1 2 7 0 2 7 1 2 7 1 2 7 0 2 7 1 2 7 13 6 3 0 2 7 0 2 7 0 2 7 5 31 3 0 2 7 1 2 7 5 31 3 0 2 7 0 2 4 0 2 7 17 18 2 0 2 7 1 2 7 1 2 7 17 18 2 1 2 7 1 2 7 0 2 7 16 6 2 17 9 2 1 2 7 1 2 11 5 31 3 0 2 7 0 2 7 0 2 7 1 2 7 1 2 7 0 2 7 0 40.0670827627182007
0 2 7 0 2 7 1 2 7 17 9 2 1 2 11 0 2 7 1 2 7 0 2 7 0 2 7 5 31 3 13 6 3 1 2 7 0 2 7 1 2 7 5 31 3 1 2 7 0 2 7 1 2 7 1 2 7 0 2 7 0 2 7 1 2 7 0 2 7 17 18 2 0 2 7 0 2 7 0 2 4 0 2 7 1 2 7 17 18 2 1 2 7 1 2 7 5 31 3 0 2 7 17 9 2 1 2 7 0 2 7 0 2 7 0 2 7 16 6 2 0 40.0670827627182007
0 2 7 0 2 7 0 2 7 17 9 2 1 2 7 0 2 7 1 2 7 1 2 7 0 2 7 0 2 7 13 6 3 0 2 7 0 2 7 0 2 7 5 31 3 0 2 7 1 2 7 5 31 3 0 2 7 1 2 7 0 2 7 17 18 2 1 2 7 1 2 7 5 31 3 17 18 2 0 2 7 1 2 7 0 2 7 1 2 7 1 2 7 16 6 2 17 9 2 0 2 7 1 2 11 1 2 7 0 2 7 1 2 4 0 2 7 0 2 7 0 40.0670827627182007
0 2 7 0 2 7 0 2 7 17 9 2 1 2 7 0 2 7 1 2 7 1 2 7 0 2 7 1 2 7 13 6 3 0 2 7 0 2 7 0 2 7 5 31 3 0 2 7 1 2 7 5 31 3 0 2 7 0 2 4 0 2 7 17 18 2 0 2 7 1 2 7 1 2 7 17 18 2 1 2 7 1 2 7 0 2 7 16 6 2 17 9 2 1 2 7 1 2 11 5 31 3 0 2 7 0 2 7 0 2 7 1 2 7 1 2 7 0 2 7 0 40.0670827627182007
0 2 7 0 2 7 1 2 7 17 9 2 1 2 7 0 2 7 1 2 7 0 2 7 0 2 7 1 2 7 13 6 3 0 2 7 0 2 7 1 2 7 5 31 3 1 2 7 0 2 7 1 2 7 5 31 3 0 2 7 1 2 7 1 2 7 0 2 7 17 18 2 0 2 7 0 2 7 0 2 7 0 2 4 1 2 7 17 18 2 1 2 7 1 2 7 5 31 3 0 2 7 17 9 2 1 2 11 0 2 7 16 6 2 0 2 7 0 2 7 0 40.0670827627182007
0 2 7 0 2 7 1 2 7 17 9 2 1 2 7 0 2 7 1 2 7 0 2 7 0 2 7 1 2 7 13 6 3 0 2 7 0 2 7 1 2 7 5 31 3 1 2 7 0 2 7 1 2 7 5 31 3 0 2 7 1 2 7 1 2 7 0 2 7 17 18 2 0 2 7 0 2 7 0 2 7 0 2 4 1 2 7 17 18 2 1 2 7 1 2 7 5 31 3 0 2 7 17 9 2 1 2 11 0 2 7 16 6 2 0 2 7 0 2 7 0 40.0670827627182007
0 2 7 0 2 7 0 2 7 17 9 2 1 2 7 0 2 7 1 2 7 1 2 7 0 2 7 0 2 7 13 6 3 0 2 7 0 2 7 0 2 7 5 31 3 0 2 7 1 2 7 5 31 3 0 2 7 1 2 7 0 2 7 17 18 2 0 2 7 1 2 7 1 2 4 5 31 3 17 18 2 0 2 7 1 2 7 0 2 7 1 2 7 1 2 7 16 6 2 17 9 2 0 2 7 1 2 11 1 2 7 0 2 7 1 2 7 0 2 7 0 40.0670827627182007
0 2 7 0 2 7 1 2 7 17 9 2 1 2 7 0 2 7 0 2 7 0 2 7 0 2 7 1 2 7 13 6 3 0 2 7 1 2 7 0 2 7 5 31 3 1 2 11 0 2 7 1 2 7 5 31 3 0 2 7 0 2 7 0 2 7 0 2 7 17 18 2 0 2 7 1 2 7 1 2 4 0 2 7 17 18 2 0 2 7 1 2 7 1 2 7 1 2 7 17 9 2 5 31 3 16 6 2 1 2 7 0 2 7 0 2 7 1 2 7 0 40.0670827627182007
0 2 7 0 2 7 1 2 7 17 9 2 1 2 11 0 2 7 1 2 7 0 2 7 0 2 7 5 31 3 13 6 3 1 2 7 0 2 7 1 2 7 5 31 3 1 2 7 0 2 7 1 2 7 1 2 7 0 2 7 0 2 7 1 2 7 0 2 7 17 18 2 0 2 7 0 2 7 0 2 4 0 2 7 1 2 7 17 18 2 1 2 7 1 2 7 5 31 3 0 2 7 17 9 2 1 2 7 0 2 7 0 2 7 0 2 7 16 6 2 0 40.0670827627182007
0 2 7 0 2 7 1 2 7 17 9 2 1 2 11 0 2 7 1 2 7 0 2 7 0 2 7 5 31 3 13 6 3 1 2 7 0 2 7 1 2 7 5 31 3 1 2 7 0 2 7 1 2 7 1 2 7 0 2 7 0 2 7 1 2 7 0 2 7 17 18 2 0 2 7 0 2 7 0 2 4 0 2 7 1 2 7 17 18 2 1 2 7 1 2 7 5 31 3 0 2 7 17 9 2 1 2 7 0 2 7 0 2 7 0 2 7 16 6 2 0 40.0670827627182007
0 2 7 0 2 7 0 2 7 17 9 2 1 2 7 0 2 7 1 2 7 1 2 7 0 2 7 1 2 7 13 6 3 0 2 7 0 2 7 0 2 7 5 31 3 0 2 7 1 2 7 5 31 3 0 2 7 0 2 4 0 2 7 17 18 2 0 2 7 1 2 7 1 2 7 17 18 2 1 2 7 1 2 7 0 2 7 16 6 2 17 9 2 1 2 7 1 2 11 5 31 3 0 2 7 0 2 7 0 2 7 1 2 7 1 2 7 0 2 7 0 40.0670827627182007
0 2 7 0 2 7 1 2 7 17 9 2 1 2 11 0 2 7 1 2 7 0 2 7 0 2 7 5 31 3 13 6 3 1 2 7 0 2 7 1 2 7 5 31 3 1 2 7 0 2 7 1 2 7 1 2 7 0 2 7 0 2 7 1 2 7 0 2 7 17 18 2 0 2 7 0 2 7 0 2 4 0 2 7 1 2 7 17 18 2 1 2 7 1 2 7 5 31 3 0 2 7 17 9 2 1 2 7 0 2 7 0 2 7 0 2 7 16 6 2 0 40.0670827627182007
0 2 7 0 2 7 0 2 7 17 9 2 1 2 7 0 2 7 1 2 7 1 2 7 0 2 7 0 2 7 13 6 3 0 2 7 0 2 7 0 2 7 5 31 3 0 2 7 1 2 7 5 31 3 0 2 7 1 2 7 0 2 7 17 18 2 1 2 7 1 2 7 5 31 3 17 18 2 0 2 7 1 2 7 0 2 7 1 2 7 1 2 7 16 6 2 17 9 2 0 2 7 1 2 11 1 2 7 0 2 7 1 2 4 0 2 7 0 2 7 0 40.0670827627182007
0 2 7 0 2 7 0 2 7 17 9 2 1 2 7 0 2 7 1 2 7 1 2 7 0 2 7 0 2 7 13 6 3 0 2 7 0 2 7 0 2 7 5 31 3 0 2 7 1 2 7 5 31 3 0 2 7 1 2 7 0 2 7 17 18 2 0 2 7 1 2 7 5 31 3 17 18 2 0 2 7 1 2 7 0 2 7 1 2 7 1 2 7 16 6 2 17 9 2 0 2 7 1 2 11 1 2 7 0 2 7 1 2 7 1 2 4 0 2 7 0 40.0670827627182007
0 2 7 0 2 7 1 2 7 17 9 2 1 2 7 0 2 7 1 2 7 0 2 7 0 2 7 1 2 7 13 6 3 0 2 7 0 2 7 1 2 7 5 31 3 1 2 7 0 2 7 1 2 7 5 31 3 0 2 7 1 2 7 1 2 7 0 2 7 17 18 2 0 2 7 0 2 7 0 2 7 0 2 4 1 2 7 17 18 2 1 2 7 1 2 7 5 31 3 0 2 7 17 9 2 1 2 11 0 2 7 16 6 2 0 2 7 0 2 7 0 40.0670827627182007
0 2 7 0 2 7 1 2 7 17 9 2 1 2 7 0 2 7 1 2 7 0 2 7 0 2 7 1 2 7 13 6 3 0 2 7 0 2 7 1 2 7 5 31 3 1 2 7 0 2 7 1 2 7 5 31 3 0 2 7 1 2 7 1 2 7 0 2 7 17 18 2 0 2 7 0 2 7 0 2 7 0 2 4 1 2 7 17 18 2 1 2 7 1 2 7 5 31 3 0 2 7 17 9 2 1 2 11 0 2 7 16 6 2 0 2 7 0 2 7 0 40.0670827627182007
0 2 7 0 2 7 0 2 7 17 9 2 1 2 7 0 2 7 1 2 7 1 2 7 0 2 7 0 2 7 13 6 3 0 2 7 0 2 7 0 2 7 5 31 3 0 2 7 1 2 7 5 31 3 0 2 7 1 2 7 0 2 7 17 18 2 0 2 7 1 2 7 1 2 4 5 31 3 17 18 2 0 2 7 1 2 7 0 2 7 1 2 7 1 2 7 16 6 2 17 9 2 0 2 7 1 2 11 1 2 7 0 2 7 1 2 7 0 2 7 0 40.0670827627182007
0 2 7 0 2 7 1 2 7 17 9 2 1 2 7 0 2 7 0 2 7 0 2 7 0 2 7 1 2 7 13 6 3 0 2 7 1 2 7 0 2 7 5 31 3 1 2 11 0 2 7 1 2 7 5 31 3 0 2 7 0 2 7 0 2 7 0 2 7 17 18 2 0 2 7 1 2 7 1 2 4 0 2 7 17 18 2 0 2 7 1 2 7 1 2 7 1 2 7 17 9 2 5 31 3 16 6 2 1 2 7 0 2 7 0 2 7 1 2 7 0 40.0670827627182007
0 2 7 0 2 7 1 2 7 17 9 2 1 2 11 0 2 7 1 2 7 0 2 7 0 2 7 5 31 3 13 6 3 1 2 7 0 2 7 1 2 7 5 31 3 1 2 7 0 2 7 1 2 7 1 2 7 0 2 7 0 2 7 1 2 7 0 2 7 17 18 2 0 2 7 0 2 7 0 2 4 0 2 7 1 2 7 17 18 2 1 2 7 1 2 7 5 31 3 0 2 7 17 9 2 1 2 7 0 2 7 0 2 7 0 2 7 16 6 2 0 40.0670827627182007
0 2 7 0 2 7 1 2 7 17 9 2 1 2 11 0 2 7 1 2 7 0 2 7 0 2 7 5 31 3 13 6 3 1 2 7 0 2 7 1 2 7 5 31 3 1 2 7 0 2 7 1 2 7 1 2 7 0 2 7 0 2 7 1 2 7 0 2 7 17 18 2 0 2 7 0 2 7 0 2 4 0 2 7 1 2 7 17 18 2 1 2 7 1 2 7 5 31 3 0 2 7 17 9 2 1 2 7 0 2 7 0 2 7 0 2 7 16 6 2 0 40.0670827627182007
0 2 7 0 2 7 0 2 7 17 9 2 1 2 7 0 2 7 1 2 7 1 2 7 0 2 7 1 2 7 13 6 3 0 2 7 0 2 7 0 2 7 5 31 3 0 2 7 1 2 7 5 31 3 0 2 7 0 2 4 0 2 7 17 18 2 0 2 7 1 2 7 1 2 7 17 18 2 1 2 7 1 2 7 0 2 7 16 6 2 17 9 2 1 2 7 1 2 11 5 31 3 0 2 7 0 2 7 0 2 7 1 2 7 1 2 7 0 2 7 0 40.0670827627182007
0 2 7 0 2 7 1 2 7 17 9 2 1 2 11 0 2 7 1 2 7 0 2 7 0 2 7 5 31 3 13 6 3 1 2 7 0 2 7 1 2 7 5 31 3 1 2 7 0 2 7 1 2 7 1 2 7 0 2 7 0 2 7 1 2 7 0 2 7 17 18 2 0 2 7 0 2 7 0 2 4 0 2 7 1 2 7 17 18 2 1 2 7 1 2 7 5 31 3 0 2 7 17 9 2 1 2 7 0 2 7 0 2 7 0 2 7 16 6 2 0 40.0670827627182007
0 2 7 0 2 7 0 2 7 17 9 2 1 2 7 0 2 7 1 2 7 1 2 7 0 2 7 0 2 7 13 6 3 0 2 7 0 2 7 0 2 7 5 31 3 0 2 7 1 2 7 5 31 3 0 2 7 1 2 7 0 2 7 17 18 2 1 2 7 1 2 7 5 31 3 17 18 2 0 2 7 1 2 7 0 2 7 1 2 7 1 2 7 16 6 2 17 9 2 0 2 7 1 2 11 1 2 7 0 2 7 1 2 4 0 2 7 0 2 7 0 40.0670827627182007
0 2 7 0 2 7 1 2 7 17 9 2 1 2 11 0 2 7 1 2 7 0 2 7 0 2 7 5 31 3 13 6 3 1 2 7 0 2 7 1 2 7 5 31 3 1 2 7 0 2 7 1 2 7 1 2 7 0 2 7 0 2 7 1 2 7 0 2 7 17 18 2 0 2 7 0 2 7 0 2 4 0 2 7 1 2 7 17 18 2 1 2 7 1 2 7 5 31 3 0 2 7 17 9 2 1 2 7 0 2 7 0 2 7 0 2 7 16 6 2 0 40.0670827627182007
0 2 7 0 2 7 1 2 7 17 9 2 1 2 7 0 2 7 1 2 7 0 2 7 0 2 7 1 2 7 13 6 3 0 2 7 0 2 7 1 2 7 5 31 3 1 2 7 0 2 7 1 2 7 5 31 3 0 2 7 1 2 7 1 2 7 0 2 7 17 18 2 0 2 7 0 2 7 0 2 7 0 2 4 1 2 7 17 18 2 1 2 7 1 2 7 5 31 3 0 2 7 17 9 2 1 2 11 0 2 7 16 6 2 0 2 7 0 2 7 0 40.0670827627182007
0 2 7 0 2 7 1 2 7 17 9 2 1 2 7 0 2 7 1 2 7 0 2 7 0 2 7 1 2 7 13 6 3 0 2 7 0 2 7 1 2 7 5 31 3 1 2 7 0 2 7 1 2 7 5 31 3 0 2 7 1 2 7 1 2 7 0 2 7 17 18 2 0 2 7 0 2 7 0 2 7 0 2 4 1 2 7 17 18 2 1 2 7 1 2 7 5 31 3 0 2 7 17 9 2 1 2 11 0 2 7 16 6 2 0 2 7 0 2 7 0 40.0670827627182007
0 2 7 0 2 7 0 2 7 17 9 2 1 2 7 0 2 7 1 2 7 1 2 7 0 2 7 0 2 7 13 6 3 0 2 7 0 2 7 0 2 7 5 31 3 0 2 7 1 2 7 5 31 3 0 2 7 1 2 7 0 2 7 17 18 2 0 2 7 1 2 7 1 2 4 5 31 3 17 18 2 0 2 7 1 2 7 0 2 7 1 2 7 1 2 7 16 6 2 17 9 2 0 2 7 1 2 11 1 2 7 0 2 7 1 2 7 0 2 7 0 40.0670827627182007
0 2 7 0 2 7 1 2 7 17 9 2 1 2 7 0 2 7 0 2 7 0 2 7 0 2 7 1 2 7 13 6 3 0 2 7 1 2 7 0 2 7 5 31 3 1 2 11 0 2 7 1 2 7 5 31 3 0 2 7 0 2 7 0 2 7 0 2 7 17 18 2 0 2 7 1 2 7 1 2 4 0 2 7 17 18 2 0 2 7 1 2 7 1 2 7 1 2 7 17 9 2 5 31 3 16 6 2 1 2 7 0 2 7 0 2 7 1 2 7 0 40.0670827627182007
0 2 7 0 2 7 1 2 7 17 9 2 1 2 11 0 2 7 1 2 7 0 2 7 0 2 7 5 31 3 13 6 3 1 2 7 0 2 7 1 2 7 5 31 3 1 2 7 0 2 7 1 2 7 1 2 7 0 2 7 0 2 7 1 2 7 0 2 7 17 18 2 0 2 7 0 2 7 0 2 4 0 2 7 1 2 7 17 18 2 1 2 7 1 2 7 5 31 3 0 2 7 17 9 2 1 2 7 0 2 7 0 2 7 0 2 7 16 6 2 0 40.0670827627182007
0 2 7 0 2 7 1 2 7 17 9 2 1 2 11 0 2 7 1 2 7 0 2 7 0 2 7 5 31 3 13 6 3 1 2 7 0 2 7 1 2 7 5 31 3 1 2 7 0 2 7 1 2 7 1 2 7 0 2 7 0 2 7 1 2 7 0 2 7 17 18 2 0 2 7 0 2 7 0 2 4 0 2 7 1 2 7 17 18 2 1 2 7 1 2 7 5 31 3 0 2 7 17 9 2 1 2 7 0 2 7 0 2 7 0 2 7 16 6 2 0 40.0670827627182007
0 2 7 0 2 7 0 2 7 17 9 2 1 2 7 0 2 7 1 2 7 1 2 7 0 2 7 1 2 7 13 6 3 0 2 7 0 2 7 0 2 7 5 31 3 0 2 7 1 2 7 5 31 3 0 2 7 0 2 4 0 2 7 17 18 2 0 2 7 1 2 7 1 2 7 17 18 2 1 2 7 1 2 7 0 2 7 16 6 2 17 9 2 1 2 7 1 2 11 5 31 3 0 2 7 0 2 7 0 2 7 1 2 7 1 2 7 0 2 7 0 40.0670827627182007
0 2 7 0 2 7 1 2 7 17 9 2 1 2 11 0 2 7 1 2 7 0 2 7 0 2 7 5 31 3 13 6 3 1 2 7 0 2 7 1 2 7 5 31 3 1 2 7 0 2 7 1 2 7 1 2 7 0 2 7 0 2 7 1 2 7 0 2 7 17 18 2 0 2 7 0 2 7 0 2 4 0 2 7 1 2 7 17 18 2 1 2 7 1 2 7 5 31 3 0 2 7 17 9 2 1 2 7 0 2 7 0 2 7 0 2 7 16 6 2 0 40.0670827627182007
0 2 7 0 2 7 0 2 7 17 9 2 1 2 7 0 2 7 1 2 7 1 2 7 0 2 7 0 2 7 13 6 3 0 2 7 0 2 7 0 2 7 5 31 3 0 2 7 1 2 7 5 31 3 0 2 7 1 2 7 0 2 7 17 18 2 1 2 7 1 2 7 5 31 3 17 18 2 0 2 7 1 2 7 0 2 7 1 2 7 1 2 7 16 6 2 17 9 2 0 2 7 1 2 11 1 2 7 0 2 7 1 2 4 0 2 7 0 2 7 0 40.0670827627182007
0 2 7 0 2 7 1 2 7 17 9 2 1 2 7 0 2 7 1 2 7 0 2 7 0 2 7 1 2 7 13 6 3 0 2 7 0 2 7 1 2 7 5 31 3 1 2 7 0 2 7 1 2 7 5 31 3 0 2 7 1 2 7 1 2 7 0 2 7 17 18 2 0 2 7 0 2 7 0 2 7 0 2 4 1 2 7 17 18 2 1 2 7 1 2 7 5 31 3 0 2 7 17 9 2 1 2 11 0 2 7 16 6 2 0 2 7 0 2 7 0 40.0670827627182007
0 2 7 0 2 7 1 2 7 17 9 2 1 2 7 0 2 7 1 2 7 0 2 7 0 2 7 1 2 7 13 6 3 0 2 7 0 2 7 1 2 7 5 31 3 1 2 7 0 2 7 1 2 7 5 31 3 0 2 7 1 2 7 1 2 7 0 2 7 17 18 2 0 2 7 0 2 7 0 2 7 0 2 4 1 2 7 17 18 2 1 2 7 1 2 7 5 31 3 0 2 7 17 9 2 1 2 11 0 2 7 16 6 2 0 2 7 0 2 7 0 40.0670827627182007
0 2 7 0 2 7 1 2 7 17 9 2 1 2 7 0 2 7 1 2 7 0 2 7 0 2 7 1 2 7 13 6 3 0 2 7 0 2 7 1 2 7 5 31 3 1 2 7 0 2 7 1 2 7 5 31 3 0 2 7 1 2 7 1 2 7 0 2 7 17 18 2 0 2 7 0 2 7 0 2 7 0 2 4 1 2 7 17 18 2 1 2 7 1 2 7 5 31 3 0 2 7 17 9 2 1 2 11 0 2 7 16 6 2 0 2 7 0 2 7 0 40.0670827627182007
0 2 7 0 2 7 0 2 7 17 9 2 1 2 7 0 2 7 1 2 7 1 2 7 0 2 7 0 2 7 13 6 3 0 2 7 0 2 7 0 2 7 5 31 3 0 2 7 1 2 7 5 31 3 0 2 7 1 2 7 0 2 7 17 18 2 0 2 7 1 2 7 1 2 4 5 31 3 17 18 2 0 2 7 1 2 7 0 2 7 1 2 7 1 2 7 16 6 2 17 9 2 0 2 7 1 2 11 1 2 7 0 2 7 1 2 7 0 2 7 0 40.0670827627182007
0 2 7 0 2 7 1 2 7 17 9 2 1 2 7 0 2 7 0 2 7 0 2 7 0 2 7 1 2 7 13 6 3 0 2 7 1 2 7 0 2 7 5 31 3 1 2 11 0 2 7 1 2 7 5 31 3 0 2 7 0 2 7 0 2 7 0 2 7 17 18 2 0 2 7 1 2 7 1 2 4 0 2 7 17 18 2 0 2 7 1 2 7 1 2 7 1 2 7 17 9 2 5 31 3 16 6 2 1 2 7 0 2 7 0 2 7 1 2 7 0 40.0670827627182007
0 2 7 0 2 7 1 2 7 17 9 2 1 2 11 0 2 7 1 2 7 0 2 7 0 2 7 5 31 3 13 6 3 1 2 7 0 2 7 1 2 7 5 31 3 1 2 7 0 2 7 1 2 7 1 2 7 0 2 7 0 2 7 1 2 7 0 2 7 17 18 2 0 2 7 0 2 7 0 2 4 0 2 7 1 2 7 17 18 2 1 2 7 1 2 7 5 31 3 0 2 7 17 9 2 1 2 7 0 2 7 0 2 7 0 2 7 16 6 2 0 40.0670827627182007
0 2 7 0 2 7 1 2 7 17 9 2 1 2 11 0 2 7 1 2 7 0 2 7 0 2 7 5 31 3 13 6 3 1 2 7 0 2 7 1 2 7 5 31 3 1 2 7 0 2 7 1 2 7 1 2 7 0 2 7 0 2 7 1 2 7 0 2 7 17 18 2 0 2 7 0 2 7 0 2 4 0 2 7 1 2 7 17 18 2 1 2 7 1 2 7 5 31 3 0 2 7 17 9 2 1 2 7 0 2 7 0 2 7 0 2 7 16 6 2 0 40.0670827627182007
0 2 7 0 2 7 0 2 7 17 9 2 1 2 7 0 2 7 1 2 7 1 2 7 0 2 7 1 2 7 13 6 3 0 2 7 0 2 7 0 2 7 5 31 3 0 2 7 1 2 7 5 31 3 0 2 7 0 2 4 0 2 7 17 18 2 0 2 7 1 2 7 1 2 7 17 18 2 1 2 7 1 2 7 0 2 7 16 6 2 17 9 2 1 2 7 1 2 11 5 31 3 0 2 7 0 2 7 0 2 7 1 2 7 1 2 7 0 2 7 0 40.0670827627182007
0 2 7 0 2 7 1 2 7 17 9 2 1 2 11 0 2 7 1 2 7 0 2 7 0 2 7 5 31 3 13 6 3 1 2 7 0 2 7 1 2 7 5 31 3 1 2 7 0 2 7 1 2 7 1 2 7 0 2 7 0 2 7 1 2 7 0 2 7 17 18 2 0 2 7 0 2 7 0 2 4 0 2 7 1 2 7 17 18 2 1 2 7 1 2 7 5 31 3 0 2 7 17 9 2 1 2 7 0 2 7 0 2 7 0 2 7 16 6 2 0 40.0670827627182007
0 2 7 0 2 7 0 2 7 17 9 2 1 2 7 0 2 7 1 2 7 1 2 7 0 2 7 0 2 7 13 6 3 0 2 7 0 2 7 0 2 7 5 31 3 0 2 7 1 2 7 5 31 3 0 2 7 1 2 7 0 2 7 17 18 2 1 2 7 1 2 7 5 31 3 17 18 2 0 2 7 1 2 7 0 2 7 1 2 7 1 2 7 16 6 2 17 9 2 0 2 7 1 2 11 1 2 7 0 2 7 1 2 4 0 2 7 0 2 7 0 40.0670827627182007
0 2 7 0 2 7 0 2 7 17 9 2 1 2 7 0 2 7 1 2 7 1 2 7 0 2 7 0 2 7 13 6 3 0 2 7 0 2 7 0 2 7 5 31 3 0 2 7 1 2 7 5 31 3 0 2 7 1 2 7 0 2 7 17 18 2 1 2 7 1 2 7 5 31 3 17 18 2 0 2 7 1 2 7 0 2 7 1 2 7 1 2 7 16 6 2 17 9 2 0 2 7 1 2 11 1 2 7 0 2 7 0 2 7 1 2 4 0 2 7 0 40.0670827627182007
0 2 7 0 2 7 1 2 7 17 9 2 1 2 7 0 2 7 1 2 7 0 2 7 0 2 7 1 2 7 13 6 3 0 2 7 0 2 7 1 2 7 5 31 3 1 2 7 0 2 7 1 2 7 5 31 3 0 2 7 1 2 7 1 2 7 0 2 7 17 18 2 0 2 7 0 2 7 0 2 7 0 2 4 1 2 7 17 18 2 1 2 7 1 2 7 5 31 3 0 2 7 17 9 2 1 2 11 0 2 7 16 6 2 0 2 7 0 2 7 0 40.0670827627182007
0 2 7 0 2 7 1 2 7 17 9 2 1 2 7 0 2 7 1 2 7 0 2 7 0 2 7 1 2 7 13 6 3 0 2 7 0 2 7 1 2 7 5 31 3 1 2 7 0 2 7 1 2 7 5 31 3 0 2 7 1 2 7 1 2 7 0 2 7 17 18 2 0 2 7 0 2 7 0 2 7 0 2 4 1 2 7 17 18 2 1 2 7 1 2 7 5 31 3 0 2 7 17 9 2 1 2 11 0 2 7 16 6 2 0 2 7 0 2 7 0 40.0670827627182007
0 2 7 0 2 7 0 2 7 17 9 2 1 2 7 0 2 7 1 2 7 1 2 7 0 2 7 0 2 7 13 6 3 0 2 7 0 2 7 0 2 7 5 31 3 0 2 7 1 2 7 5 31 3 0 2 7 1 2 7 0 2 7 17 18 2 0 2 7 1 2 7 1 2 4 5 31 3 17 18 2 0 2 7 1 2 7 0 2 7 1 2 7 1 2 7 16 6 2 17 9 2 0 2 7 1 2 11 1 2 7 0 2 7 1 2 7 0 2 7 0 40.0670827627182007
0 2 7 0 2 7 1 2 7 17 9 2 1 2 7 0 2 7 0 2 7 0 2 7 0 2 7 1 2 7 13 6 3 0 2 7 1 2 7 0 2 7 5 31 3 1 2 11 0 2 7 1 2 7 5 31 3 0 2 7 0 2 7 0 2 7 0 2 7 17 18 2 0 2 7 1 2 7 1 2 4 0 2 7 17 18 2 0 2 7 1 2 7 1 2 7 1 2 7 17 9 2 5 31 3 16 6 2 1 2 7 0 2 7 0 2 7 1 2 7 0 40.0670827627182007
0 2 7 0 2 7 1 2 7 17 9 2 1 2 11 0 2 7 1 2 7 0 2 7 0 2 7 5 31 3 13 6 3 1 2 7 0 2 7 1 2 7 5 31 3 1 2 7 0 2 7 1 2 7 1 2 7 0 2 7 0 2 7 1 2 7 0 2 7 17 18 2 0 2 7 0 2 7 0 2 4 0 2 7 1 2 7 17 18 2 1 2 7 1 2 7 5 31 3 0 2 7 17 9 2 1 2 7 0 2 7 0 2 7 0 2 7 16 6 2 0 40.0670827627182007
0 2 7 0 2 7 1 2 7 17 9 2 1 2 11 0 2 7 1 2 7 0 2 7 0 2 7 5 31 3 13 6 3 1 2 7 0 2 7 1 2 7 5 31 3 1 2 7 0 2 7 1 2 7 1 2 7 0 2 7 0 2 7 1 2 7 0 2 7 17 18 2 0 2 7 0 2 7 0 2 4 0 2 7 1 2 7 17 18 2 1 2 7 1 2 7 5 31 3 0 2 7 17 9 2 1 2 7 0 2 7 0 2 7 0 2 7 16 6 2 0 40.0670827627182007
0 2 7 0 2 7 0 2 7 17 9 2 1 2 7 0 2 7 1 2 7 1 2 7 0 2 7 1 2 7 13 6 3 0 2 7 0 2 7 0 2 7 5 31 3 0 2 7 1 2 7 5 31 3 0 2 7 0 2 4 0 2 7 17 18 2 0 2 7 1 2 7 1 2 7 17 18 2 1 2 7 1 2 7 0 2 7 16 6 2 17 9 2 1 2 7 1 2 11 5 31 3 0 2 7 0 2 7 0 2 7 1 2 7 1 2 7 0 2 7 0 40.0670827627182007
0 2 7 0 2 7 1 2 7 17 9 2 1 2 11 0 2 7 1 2 7 0 2 7 0 2 7 5 31 3 13 6 3 1 2 7 0 2 7 1 2 7 5 31 3 1 2 7 0 2 7 1 2 7 1 2 7 0 2 7 0 2 7 1 2 7 0 2 7 17 18 2 0 2 7 0 2 7 0 2 4 0 2 7 1 2 7 17 18 2 1 2 7 1 2 7 5 31 3 0 2 7 17 9 2 1 2 7 0 2 7 0 2 7 0 2 7 16 6 2 0 40.0670827627182007
0 2 7 0 2 7 0 2 7 17 9 2 1 2 7 0 2 7 1 2 7 1 2 7 0 2 7 0 2 7 13 6 3 0 2 7 0 2 7 0 2 7 5 31 3 0 2 7 1 2 7 5 31 3 0 2 7 1 2 7 0 2 7 17 18 2 1 2 7 1 2 7 5 31 3 17 18 2 0 2 7 1 2 7 0 2 7 1 2 7 1 2 7 16 6 2 17 9 2 0 2 7 1 2 11 1 2 7 0 2 7 1 2 4 0 2 7 0 2 7 0 40.0670827627182007
0 2 7 0 2 7 1 2 7 17 9 2 1 2 7 0 2 7 0 2 7 0 2 7 0 2 7 1 2 7 13 6 3 0 2 7 1 2 7 0 2 7 5 31 3 1 2 11 0 2 7 1 2 7 5 31 3 0 2 7 0 2 7 0 2 7 0 2 7 17 18 2 0 2 7 1 2 7 1 2 4 0 2 7 17 18 2 0 2 7 1 2 7 1 2 7 1 2 7 17 9 2 5 31 3 16 6 2 1 2 7 0 2 7 0 2 7 1 2 7 0 40.0670827627182007
0 2 7 0 2 7 1 2 7 17 9 2 1 2 7 0 2 7 1 2 7 0 2 7 0 2 7 1 2 7 13 6 3 0 2 7 0 2 7 1 2 7 5 31 3 1 2 7 0 2 7 1 2 7 5 31 3 0 2 7 1 2 7 1 2 7 0 2 7 17 18 2 0 2 7 0 2 7 0 2 7 0 2 4 1 2 7 17 18 2 1 2 7 1 2 7 5 31 3 0 2 7 17 9 2 1 2 11 0 2 7 16 6 2 0 2 7 0 2 7 0 40.0670827627182007
0 2 7 0 2 7 1 2 7 17 9 2 1 2 7 0 2 7 1 2 7 0 2 7 0 2 7 1 2 7 13 6 3 0 2 7 0 2 7 1 2 7 5 31 3 1 2 7 0 2 7 1 2 7 5 31 3 0 2 7 1 2 7 1 2 7 0 2 7 17 18 2 0 2 7 0 2 7 0 2 7 0 2 4 1 2 7 17 18 2 1 2 7 1 2 7 5 31 3 0 2 7 17 9 2 1 2 11 0 2 7 16 6 2 0 2 7 0 2 7 0 40.0670827627182007
0 2 7 0 2 7 0 2 7 17 9 2 1 2 7 0 2 7 1 2 7 1 2 7 0 2 7 0 2 7 13 6 3 0 2 7 0 2 7 0 2 7 5 31 3 0 2 7 1 2 7 5 31 3 0 2 7 1 2 7 0 2 7 17 18 2 0 2 7 1 2 7 1 2 4 5 31 3 17 18 2 0 2 7 1 2 7 0 2 7 1 2 7 1 2 7 16 6 2 17 9 2 0 2 7 1 2 11 1 2 7 0 2 7 1 2 7 0 2 7 0 40.0670827627182007
0 2 7 0 2 7 1 2 7 17 9 2 1 2 7 0 2 7 0 2 7 0 2 7 0 2 7 1 2 7 13 6 3 0 2 7 1 2 7 0 2 7 5 31 3 1 2 11 0 2 7 1 2 7 5 31 3 0 2 7 0 2 7 0 2 7 0 2 7 17 18 2 0 2 7 1 2 7 1 2 4 0 2 7 17 18 2 0 2 7 1 2 7 1 2 7 1 2 7 17 9 2 5 31 3 16 6 2 1 2 7 0 2 7 0 2 7 1 2 7 0 40.0670827627182007
0 2 7 0 2 7 1 2 7 17 9 2 1 2 11 0 2 7 1 2 7 0 2 7 0 2 7 5 31 3 13 6 3 1 2 7 0 2 7 1 2 7 5 31 3 1 2 7 0 2 7 1 2 7 1 2 7 0 2 7 0 2 7 1 2 7 0 2 7 17 18 2 0 2 7 0 2 7 0 2 4 0 2 7 1 2 7 17 18 2 1 2 7 1 2 7 5 31 3 0 2 7 17 9 2 1 2 7 0 2 7 0 2 7 0 2 7 16 6 2 0 40.0670827627182007
0 2 7 0 2 7 1 2 7 17 9 2 1 2 11 0 2 7 1 2 7 0 2 7 0 2 7 5 31 3 13 6 3 1 2 7 0 2 7 1 2 7 5 31 3 1 2 7 0 2 7 1 2 7 1 2 7 0 2 7 0 2 7 1 2 7 0 2 7 17 18 2 0 2 7 0 2 7 0 2 4 0 2 7 1 2 7 17 18 2 1 2 7 1 2 7 5 31 3 0 2 7 17 9 2 1 2 7 0 2 7 0 2 7 0 2 7 16 6 2 0 40.0670827627182007
0 2 7 0 2 7 0 2 7 17 9 2 1 2 7 0 2 7 1 2 7 1 2 7 0 2 7 1 2 7 13 6 3 0 2 7 0 2 7 0 2 7 5 31 3 0 2 7 1 2 7 5 31 3 0 2 7 0 2 4 0 2 7 17 18 2 0 2 7 1 2 7 1 2 7 17 18 2 1 2 7 1 2 7 0 2 7 16 6 2 17 9 2 1 2 7 1 2 11 5 31 3 0 2 7 0 2 7 0 2 7 1 2 7 1 2 7 0 2 7 0 40.0670827627182007
0 2 7 0 2 7 1 2 7 17 9 2 1 2 11 0 2 7 1 2 7 0 2 7 0 2 7 5 31 3 13 6 3 1 2 7 0 2 7 1 2 7 5 31 3 1 2 7 0 2 7 1 2 7 1 2 7 0 2 7 0 2 7 1 2 7 0 2 7 17 18 2 0 2 7 0 2 7 0 2 4 0 2 7 1 2 7 17 18 2 1 2 7 1 2 7 5 31 3 0 2 7 17 9 2 1 2 7 0 2 7 0 2 7 0 2 7 16 6 2 0 40.0670827627182007
0 2 7 0 2 7 0 2 7 17 9 2 1 2 7 0 2 7 1 2 7 1 2 7 0 2 7 0 2 7 13 6 3 0 2 7 0 2 7 0 2 7 5 31 3 0 2 7 1 2 7 5 31 3 0 2 7 1 2 7 0 2 7 17 18 2 1 2 7 1 2 7 5 31 3 17 18 2 0 2 7 1 2 7 0 2 7 1 2 7 1 2 7 16 6 2 17 9 2 0 2 7 1 2 11 1 2 7 0 2 7 1 2 4 0 2 7 0 2 7 0 40.0670827627182007
0 2 7 0 2 7 1 2 7 17 9 2 1 2 7 0 2 7 1 2 7 0 2 7 0 2 7 1 2 7 13 6 3 0 2 7 0 2 7 1 2 7 5 31 3 1 2 7 0 2 7 1 2 7 5 31 3 0 2 7 1 2 7 1 2 7 0 2 7 17 18 2 0 2 7 0 2 7 0 2 7 1 2 7 17 18 2 1 2 7 5 31 3 0 2 7 17 9 2 1 2 11 0 2 7 16 6 2 0 2 7 0 2 7 0 2 4 1 2 7 0 40.0670827627182007
0 2 7 0 2 7 1 2 7 17 9 2 1 2 7 0 2 7 1 2 7 0 2 7 0 2 7 1 2 7 13 6 3 0 2 7 0 2 7 1 2 7 5 31 3 1 2 7 0 2 7 1 2 7 5 31 3 0 2 7 1 2 7 1 2 7 0 2 7 17 18 2 0 2 7 0 2 7 0 2 7 0 2 4 1 2 7 17 18 2 1 2 7 1 2 7 5 31 3 0 2 7 17 9 2 1 2 11 0 2 7 16 6 2 0 2 7 0 2 7 0 40.0670827627182007
0 2 7 0 2 7 1 2 7 17 9 2 1 2 7 0 2 7 1 2 7 0 2 7 0 2 7 1 2 7 13 6 3 0 2 7 0 2 7 1 2 7 5 31 3 1 2 7 0 2 7 1 2 7 5 31 3 0 2 7 1 2 7 1 2 7 0 2 7 17 18 2 0 2 7 0 2 7 0 2 7 0 2 4 1 2 7 17 18 2 1 2 7 1 2 7 5 31 3 0 2 7 17 9 2 1 2 11 0 2 7 16 6 2 0 2 7 0 2 7 0 40.0670827627182007
0 2 7 0 2 7 0 2 7 17 9 2 1 2 7 0 2 7 1 2 7 1 2 7 0 2 7 0 2 7 13 6 3 0 2 7 0 2 7 0 2 7 5 31 3 0 2 7 1 2 7 5 31 3 0 2 7 1 2 7 0 2 7 17 18 2 0 2 7 1 2 7 1 2 4 5 31 3 17 18 2 0 2 7 1 2 7 0 2 7 1 2 7 1 2 7 16 6 2 17 9 2 0 2 7 1 2 11 1 2 7 0 2 7 1 2 7 0 2 7 0 40.0670827627182007
0 2 7 0 2 7 1 2 7 17 9 2 1 2 7 0 2 7 0 2 7 0 2 7 0 2 7 1 2 7 13 6 3 0 2 7 1 2 7 0 2 7 5 31 3 1 2 11 0 2 7 1 2 7 5 31 3 0 2 7 0 2 7 0 2 7 0 2 7 17 18 2 0 2 7 1 2 7 1 2 4 0 2 7 17 18 2 0 2 7 1 2 7 1 2 7 1 2 7 17 9 2 5 31 3 16 6 2 1 2 7 0 2 7 0 2 7 1 2 7 0 40.0670827627182007
0 2 7 0 2 7 1 2 7 17 9 2 1 2 11 0 2 7 1 2 7 0 2 7 0 2 7 5 31 3 13 6 3 1 2 7 0 2 7 1 2 7 5 31 3 1 2 7 0 2 7 1 2 7 1 2 7 0 2 7 0 2 7 1 2 7 0 2 7 17 18 2 0 2 7 0 2 7 0 2 4 0 2 7 1 2 7 17 18 2 1 2 7 1 2 7 5 31 3 0 2 7 17 9 2 1 2 7 0 2 7 0 2 7 0 2 7 16 6 2 0 40.0670827627182007
0 2 7 0 2 7 1 2 7 17 9 2 1 2 11 0 2 7 1 2 7 0 2 7 0 2 7 5 31 3 13 6 3 1 2 7 0 2 7 1 2 7 5 31 3 1 2 7 0 2 7 1 2 7 1 2 7 0 2 7 0 2 7 1 2 7 0 2 7 17 18 2 0 2 7 0 2 7 0 2 4 0 2 7 1 2 7 17 18 2 1 2 7 1 2 7 5 31 3 0 2 7 17 9 2 1 2 7 0 2 7 0 2 7 0 2 7 16 6 2 0 40.0670827627182007
0 2 7 0 2 7 0 2 7 17 9 2 1 2 7 0 2 7 1 2 7 1 2 7 0 2 7 1 2 7 13 6 3 0 2 7 0 2 7 0 2 7 5 31 3 0 2 7 1 2 7 5 31 3 0 2 7 0 2 4 0 2 7 17 18 2 0 2 7 1 2 7 1 2 7 17 18 2 1 2 7 1 2 7 0 2 7 16 6 2 17 9 2 1 2 7 1 2 11 5 31 3 0 2 7 0 2 7 0 2 7 1 2 7 1 2 7 0 2 7 0 40.0670827627182007
0 2 7 0 2 7 1 2 7 17 9 2 1 2 11 0 2 7 1 2 7 0 2 7 0 2 7 5 31 3 13 6 3 1 2 7 0 2 7 1 2 7 5 31 3 1 2 7 0 2 7 1 2 7 1 2 7 0 2 7 0 2 7 1 2 7 0 2 7 17 18 2 0 2 7 0 2 7 0 2 4 0 2 7 1 2 7 17 18 2 1 2 7 1 2 7 5 31 3 0 2 7 17 9 2 1 2 7 0 2 7 0 2 7 0 2 7 16 6 2 0 40.0670827627182007
0 2 7 0 2 7 0 2 7 17 9 2 1 2 7 0 2 7 1 2 7 1 2 7 0 2 7 0 2 7 13 6 3 0 2 7 0 2 7 0 2 7 5 31 3 0 2 7 1 2 7 5 31 3 0 2 7 1 2 7 0 2 7 17 18 2 1 2 7 1 2 7 5 31 3 17 18 2 0 2 7 1 2 7 0 2 7 1 2 7 1 2 7 16 6 2 17 9 2 0 2 7 1 2 11 1 2 7 0 2 7 1 2 4 0 2 7 0 2 7 0 40.0670827627182007
0 2 7 0 2 7 1 2 7 17 9 2 1 2 11 0 2 7 1 2 7 0 2 7 0 2 7 5 31 3 13 6 3 1 2 7 0 2 4 1 2 7 5 31 3 1 2 7 0 2 7 1 2 7 1 2 7 0 2 7 0 2 7 1 2 7 0 2 7 17 18 2 0 2 7 0 2 7 0 2 7 1 2 7 17 18 2 1 2 7 1 2 7 5 31 3 0 2 7 17 9 2 1 2 7 0 2 7 0 2 7 16 6 2 0 2 7 0 2 7 0 40.0670827627182007
0 2 7 0 2 7 1 2 7 17 9 2 1 2 7 0 2 7 1 2 7 0 2 7 0 2 7 1 2 7 13 6 3 0 2 7 0 2 7 1 2 7 5 31 3 1 2 7 0 2 7 1 2 7 5 31 3 0 2 7 1 2 7 1 2 7 0 2 7 17 18 2 0 2 7 0 2 7 0 2 7 0 2 4 1 2 7 17 18 2 1 2 7 1 2 7 5 31 3 0 2 7 17 9 2 1 2 11 0 2 7 16 6 2 0 2 7 0 2 7 0 40.0670827627182007
0 2 7 0 2 7 1 2 7 17 9 2 1 2 7 0 2 7 1 2 7 0 2 7 0 2 7 1 2 7 13 6 3 0 2 7 0 2 7 1 2 7 5 31 3 1 2 7 0 2 7 1 2 7 5 31 3 0 2 7 1 2 7 1 2 7 0 2 7 17 18 2 0 2 7 0 2 7 0 2 7 0 2 4 1 2 7 17 18 2 1 2 7 1 2 7 5 31 3 0 2 7 17 9 2 1 2 11 0 2 7 16 6 2 0 2 7 0 2 7 0 40.0670827627182007
0 2 7 0 2 7 0 2 7 17 9 2 1 2 7 0 2 7 1 2 7 1 2 7 0 2 7 0 2 7 13 6 3 0 2 7 0 2 7 0 2 7 5 31 3 0 2 7 1 2 7 5 31 3 0 2 7 1 2 7 0 2 7 17 18 2 0 2 7 1 2 7 1 2 4 5 31 3 17 18 2 0 2 7 1 2 7 0 2 7 1 2 7 1 2 7 16 6 2 17 9 2 0 2 7 1 2 11 1 2 7 0 2 7 1 2 7 0 2 7 0 40.0670827627182007
0 2 7 0 2 7 1 2 7 17 9 2 1 2 7 0 2 7 0 2 7 0 2 7 0 2 7 1 2 7 13 6 3 0 2 7 1 2 7 0 2 7 5 31 3 1 2 11 0 2 7 1 2 7 5 31 3 0 2 7 0 2 7 0 2 7 0 2 7 17 18 2 0 2 7 1 2 7 1 2 4 0 2 7 17 18 2 0 2 7 1 2 7 1 2 7 1 2 7 17 9 2 5 31 3 16 6 2 1 2 7 0 2 7 0 2 7 1 2 7 0 40.0670827627182007
0 2 7 0 2 7 1 2 7 17 9 2 1 2 11 0 2 7 1 2 7 0 2 7 0 2 7 5 31 3 13 6 3 1 2 7 0 2 7 1 2 7 5 31 3 1 2 7 0 2 7 1 2 7 1 2 7 0 2 7 0 2 7 1 2 7 0 2 7 17 18 2 0 2 7 0 2 7 0 2 4 0 2 7 1 2 7 17 18 2 1 2 7 1 2 7 5 31 3 0 2 7 17 9 2 1 2 7 0 2 7 0 2 7 0 2 7 16 6 2 0 40.0670827627182007
0 2 7 0 2 7 1 2 7 17 9 2 1 2 11 0 2 7 1 2 7 0 2 7 0 2 7 5 31 3 13 6 3 1 2 7 0 2 7 1 2 7 5 31 3 1 2 7 0 2 7 1 2 7 1 2 7 0 2 7 0 2 7 1 2 7 0 2 7 17 18 2 0 2 7 0 2 7 0 2 4 0 2 7 1 2 7 17 18 2 1 2 7 1 2 7 5 31 3 0 2 7 17 9 2 1 2 7 0 2 7 0 2 7 0 2 7 16 6 2 0 40.0670827627182007
0 2 7 0 2 7 0 2 7 17 9 2 1 2 7 0 2 7 1 2 7 1 2 7 0 2 7 1 2 7 13 6 3 0 2 7 0 2 7 0 2 7 5 31 3 0 2 7 1 2 7 5 31 3 0 2 7 0 2 4 0 2 7 17 18 2 0 2 7 1 2 7 1 2 7 17 18 2 1 2 7 1 2 7 0 2 7 16 6 2 17 9 2 1 2 7 1 2 11 5 31 3 0 2 7 0 2 7 0 2 7 1 2 7 1 2 7 0 2 7 0 40.0670827627182007
0 2 7 0 2 7 1 2 7 17 9 2 1 2 11 0 2 7 1 2 7 0 2 7 0 2 7 5 31 3 13 6 3 1 2 7 0 2 7 1 2 7 5 31 3 1 2 7 0 2 7 1 2 7 1 2 7 0 2 7 0 2 7 1 2 7 0 2 7 17 18 2 0 2 7 0 2 7 0 2 4 0 2 7 1 2 7 17 18 2 1 2 7 1 2 7 5 31 3 0 2 7 17 9 2 1 2 7 0 2 7 0 2 7 0 2 7 16 6 2 0 40.0670827627182007
0 2 7 0 2 7 0 2 7 17 9 2 1 2 7 0 2 7 1 2 7 1 2 7 0 2 7 0 2 7 13 6 3 0 2 7 0 2 7 0 2 7 5 31 3 0 2 7 1 2 7 5 31 3 0 2 7 1 2 7 0 2 7 17 18 2 1 2 7 1 2 7 5 31 3 17 18 2 0 2 7 1 2 7 0 2 7 1 2 7 1 2 7 16 6 2 17 9 2 0 2 7 1 2 11 1 2 7 0 2 7 1 2 4 0 2 7 0 2 7 0 40.0670827627182007
0 2 7 0 2 7 0 2 7 17 9 2 1 2 7 0 2 7 1 2 7 1 2 7 0 2 7 0 2 7 13 6 3 0 2 7 0 2 7 0 2 7 5 31 3 0 2 7 1 2 7 5 31 3 0 2 7 1 2 7 0 2 7 17 18 2 1 2 7 1 2 7 5 31 3 17 18 2 0 2 7 1 2 7 0 2 7 1 2 7 1 2 7 16 6 2 17 9 2 0 2 7 1 2 11 1 2 7 0 2 7 0 2 7 1 2 7 0 2 4 0 40.0670827627182007
0 2 7 0 2 7 1 2 7 17 9 2 1 2 7 0 2 7 1 2 7 0 2 7 0 2 7 1 2 7 13 6 3 0 2 7 0 2 7 1 2 7 5 31 3 1 2 7 0 2 7 1 2 7 5 31 3 0 2 7 1 2 7 1 2 7 0 2 7 17 18 2 0 2 7 0 2 7 0 2 7 0 2 4 1 2 7 17 18 2 1 2 7 1 2 7 5 31 3 0 2 7 17 9 2 1 2 11 0 2 7 16 6 2 0 2 7 0 2 7 0 40.0670827627182007
0 2 7 0 2 7 1 2 7 17 9 2 1 2 7 0 2 7 1 2 7 0 2 7 0 2 7 1 2 7 13 6 3 0 2 7 0 2 7 1 2 7 5 31 3 1 2 7 0 2 7 1 2 7 5 31 3 0 2 7 1 2 7 1 2 7 0 2 7 17 18 2 0 2 7 0 2 7 0 2 7 0 2 4 1 2 7 17 18 2 1 2 7 1 2 7 5 31 3 0 2 7 17 9 2 1 2 11 0 2 7 16 6 2 0 2 7 0 2 7 0 40.0670827627182007
0 2 7 0 2 7 0 2 7 17 9 2 1 2 7 0 2 7 1 2 7 1 2 7 0 2 7 0 2 7 13 6 3 0 2 7 0 2 7 0 2 7 5 31 3 0 2 7 1 2 7 5 31 3 0 2 7 1 2 7 0 2 7 17 18 2 0 2 7 1 2 7 1 2 4 5 31 3 17 18 2 0 2 7 1 2 7 0 2 7 1 2 7 1 2 7 16 6 2 17 9 2 0 2 7 1 2 11 1 2 7 0 2 7 1 2 7 0 2 7 0 40.0670827627182007
0 2 7 0 2 7 1 2 7 17 9 2 1 2 7 0 2 7 0 2 7 0 2 7 0 2 7 1 2 7 13 6 3 0 2 7 1 2 7 0 2 7 5 31 3 1 2 11 0 2 7 1 2 7 5 31 3 0 2 7 0 2 7 0 2 7 0 2 7 17 18 2 0 2 7 1 2 7 1 2 4 0 2 7 17 18 2 0 2 7 1 2 7 1 2 7 1 2 7 17 9 2 5 31 3 16 6 2 1 2 7 0 2 7 0 2 7 1 2 7 0 40.0670827627182007
0 2 7 0 2 7 1 2 7 17 9 2 1 2 11 0 2 7 1 2 7 0 2 7 0 2 7 5 31 3 13 6 3 1 2 7 0 2 7 1 2 7 5 31 3 1 2 7 0 2 7 1 2 7 1 2 7 0 2 7 0 2 7 1 2 7 0 2 7 17 18 2 0 2 7 0 2 7 0 2 4 0 2 7 1 2 7 17 18 2 1 2 7 1 2 7 5 31 3 0 2 7 17 9 2 1 2 7 0 2 7 0 2 7 0 2 7 16 6 2 0 40.0670827627182007
0 2 7 0 2 7 1 2 7 17 9 2 1 2 11 0 2 7 1 2 7 0 2 7 0 2 7 5 31 3 13 6 3 1 2 7 0 2 7 1 2 7 5 31 3 1 2 7 0 2 7 1 2 7 1 2 7 0 2 7 0 2 7 1 2 7 0 2 7 17 18 2 0 2 7 0 2 7 0 2 4 0 2 7 1 2 7 17 18 2 1 2 7 1 2 7 5 31 3 0 2 7 17 9 2 1 2 7 0 2 7 0 2 7 0 2 7 16 6 2 0 40.0670827627182007
0 2 7 0 2 7 0 2 7 17 9 2 1 2 7 0 2 7 1 2 7 1 2 7 0 2 7 1 2 7 13 6 3 0 2 7 0 2 7 0 2 7 5 31 3 0 2 7 1 2 7 5 31 3 0 2 7 0 2 4 0 2 7 17 18 2 0 2 7 1 2 7 1 2 7 17 18 2 1 2 7 1 2 7 0 2 7 16 6 2 17 9 2 1 2 7 1 2 11 5 31 3 0 2 7 0 2 7 0 2 7 1 2 7 1 2 7 0 2 7 0 40.0670827627182007
0 2 7 0 2 7 1 2 7 17 9 2 1 2 11 0 2 7 1 2 7 0 2 7 0 2 7 5 31 3 13 6 3 1 2 7 0 2 7 1 2 7 5 31 3 1 2 7 0 2 7 1 2 7 1 2 7 0 2 7 0 2 7 1 2 7 0 2 7 17 18 2 0 2 7 0 2 7 0 2 4 0 2 7 1 2 7 17 18 2 1 2 7 1 2 7 5 31 3 0 2 7 17 9 2 1 2 7 0 2 7 0 2 7 0 2 7 16 6 2 0 40.0670827627182007
0 2 7 0 2 7 0 2 7 17 9 2 1 2 7 0 2 7 1 2 7 1 2 7 0 2 7 0 2 7 13 6 3 0 2 7 0 2 7 0 2 7 5 31 3 0 2 7 1 2 7 5 31 3 0 2 7 1 2 7 0 2 7 17 18 2 1 2 7 1 2 7 5 31 3 17 18 2 0 2 7 1 2 7 0 2 7 1 2 7 1 2 7 16 6 2 17 9 2 0 2 7 1 2 11 1 2 7 0 2 7 1 2 4 0 2 7 0 2 7 0 40.0670827627182007
0 2 7 0 2 7 0 2 7 17 9 2 1 2 7 0 2 7 1 2 7 1 2 7 0 2 7 0 2 7 13 6 3 0 2 7 0 2 7 0 2 7 5 31 3 0 2 7 1 2 7 5 31 3 0 2 7 1 2 7 0 2 7 17 18 2 1 2 7 1 2 7 5 31 3 17 18 2 0 2 7 1 2 7 0 2 7 1 2 7 1 2 7 16 6 2 17 9 2 0 2 7 1 2 7 1 2 7 0 2 7 0 2 7 1 2 11 0 2 4 0 40.0670827627182007
0 2 7 0 2 7 1 2 7 17 9 2 1 2 7 0 2 7 1 2 7 0 2 7 0 2 7 1 2 7 13 6 3 0 2 7 0 2 7 1 2 7 5 31 3 1 2 7 0 2 7 1 2 7 5 31 3 0 2 7 1 2 7 1 2 7 0 2 7 17 18 2 0 2 7 0 2 7 0 2 7 0 2 4 1 2 7 17 18 2 1 2 7 1 2 7 5 31 3 0 2 7 17 9 2 1 2 11 0 2 7 16 6 2 0 2 7 0 2 7 0 40.0670827627182007
0 2 7 0 2 7 1 2 7 17 9 2 1 2 7 0 2 7 1 2 7 0 2 7 0 2 7 1 2 7 13 6 3 0 2 7 0 2 7 1 2 7 5 31 3 1 2 7 0 2 7 1 2 7 5 31 3 0 2 7 1 2 7 1 2 7 0 2 7 17 18 2 0 2 7 0 2 7 0 2 7 0 2 4 1 2 7 17 18 2 1 2 7 1 2 7 5 31 3 0 2 7 17 9 2 1 2 11 0 2 7 16 6 2 0 2 7 0 2 7 0 40.0670827627182007
0 2 7 0 2 7 0 2 7 17 9 2 1 2 7 0 2 7 1 2 7 1 2 7 0 2 7 0 2 7 13 6 3 0 2 7 0 2 7 0 2 7 5 31 3 0 2 7 1 2 7 5 31 3 0 2 7 1 2 7 0 2 7 17 18 2 0 2 7 1 2 7 1 2 4 5 31 3 17 18 2 0 2 7 1 2 7 0 2 7 1 2 7 1 2 7 16 6 2 17 9 2 0 2 7 1 2 11 1 2 7 0 2 7 1 2 7 0 2 7 0 40.0670827627182007
0 2 7 0 2 7 1 2 7 17 9 2 1 2 7 0 2 7 0 2 7 0 2 7 0 2 7 1 2 7 13 6 3 0 2 7 1 2 7 0 2 7 5 31 3 1 2 11 0 2 7 1 2 7 5 31 3 0 2 7 0 2 7 0 2 7 0 2 7 17 18 2 0 2 7 1 2 7 1 2 4 0 2 7 17 18 2 0 2 7 1 2 7 1 2 7 1 2 7 17 9 2 5 31 3 16 6 2 1 2 7 0 2 7 0 2 7 1 2 7 0 40.0670827627182007
0 2 7 0 2 7 1 2 7 17 9 2 1 2 11 0 2 7 1 2 7 0 2 7 0 2 7 5 31 3 13 6 3 1 2 7 0 2 7 1 2 7 5 31 3 1 2 7 0 2 7 1 2 7 1 2 7 0 2 7 0 2 7 1 2 7 0 2 7 17 18 2 0 2 7 0 2 7 0 2 4 0 2 7 1 2 7 17 18 2 1 2 7 1 2 7 5 31 3 0 2 7 17 9 2 1 2 7 0 2 7 0 2 7 0 2 7 16 6 2 0 40.0670827627182007
0 2 7 0 2 7 1 2 7 17 9 2 1 2 11 0 2 7 1 2 7 0 2 7 0 2 7 5 31 3 13 6 3 1 2 7 0 2 7 1 2 7 5 31 3 1 2 7 0 2 7 1 2 7 1 2 7 0 2 7 0 2 7 1 2 7 0 2 7 17 18 2 0 2 7 0 2 7 0 2 4 0 2 7 1 2 7 17 18 2 1 2 7 1 2 7 5 31 3 0 2 7 17 9 2 1 2 7 0 2 7 0 2 7 0 2 7 16 6 2 0 40.0670827627182007
0 2 7 0 2 7 0 2 7 17 9 2 1 2 7 0 2 7 1 2 7 1 2 7 0 2 7 1 2 7 13 6 3 0 2 7 0 2 7 0 2 7 5 31 3 0 2 7 1 2 7 5 31 3 0 2 7 0 2 4 0 2 7 17 18 2 0 2 7 1 2 7 1 2 7 17 18 2 1 2 7 1 2 7 0 2 7 16 6 2 17 9 2 1 2 7 1 2 11 5 31 3 0 2 7 0 2 7 0 2 7 1 2 7 1 2 7 0 2 7 0 40.0670827627182007
0 2 7 0 2 7 1 2 7 17 9 2 1 2 11 0 2 7 1 2 7 0 2 7 0 2 7 5 31 3 13 6 3 1 2 7 0 2 7 1 2 7 5 31 3 1 2 7 0 2 7 1 2 7 1 2 7 0 2 7 0 2 7 1 2 7 0 2 7 17 18 2 0 2 7 0 2 7 0 2 4 0 2 7 1 2 7 17 18 2 1 2 7 1 2 7 5 31 3 0 2 7 17 9 2 1 2 7 0 2 7 0 2 7 0 2 7 16 6 2 0 40.0670827627182007
0 2 7 0 2 7 0 2 7 17 9 2 1 2 7 0 2 7 1 2 7 1 2 7 0 2 7 0 2 7 13 6 3 0 2 7 0 2 7 0 2 7 5 31 3 0 2 7 1 2 7 5 31 3 0 2 7 1 2 7 0 2 7 17 18 2 1 2 7 1 2 7 5 31 3 17 18 2 0 2 7 1 2 7 0 2 7 1 2 7 1 2 7 16 6 2 17 9 2 0 2 7 1 2 11 1 2 7 0 2 7 1 2 4 0 2 7 0 2 7 0 40.0670827627182007
0 2 7 0 2 7 1 2 7 17 9 2 1 2 7 0 2 7 1 2 7 0 2 7 0 2 7 1 2 7 13 6 3 0 2 7 0 2 7 1 2 7 5 31 3 1 2 7 0 2 7 1 2 7 5 31 3 0 2 7 1 2 7 1 2 7 0 2 7 17 18 2 0 2 7 0 2 7 0 2 7 0 2 4 1 2 7 17 18 2 1 2 7 1 2 7 5 31 3 0 2 7 17 9 2 1 2 11 0 2 7 16 6 2 0 2 7 0 2 7 0 40.0670827627182007
0 2 7 0 2 7 1 2 7 17 9 2 1 2 7 0 2 7 1 2 7 0 2 7 0 2 7 1 2 7 13 6 3 0 2 7 0 2 7 1 2 7 5 31 3 1 2 7 0 2 7 1 2 7 5 31 3 0 2 7 1 2 7 1 2 7 0 2 7 17 18 2 0 2 7 0 2 7 0 2 7 0 2 4 1 2 7 17 18 2 1 2 7 1 2 7 5 31 3 0 2 7 17 9 2 1 2 11 0 2 7 16 6 2 0 2 7 0 2 7 0 40.0670827627182007
0 2 7 0 2 7 1 2 7 17 9 2 1 2 7 0 2 7 1 2 7 0 2 7 0 2 7 1 2 7 13 6 3 0 2 7 0 2 7 1 2 7 5 31 3 1 2 7 0 2 7 1 2 7 5 31 3 0 2 7 1 2 7 1 2 7 0 2 7 17 18 2 0 2 7 0 2 7 0 2 7 0 2 4 1 2 7 17 18 2 1 2 7 1 2 7 5 31 3 0 2 7 17 9 2 1 2 11 0 2 7 16 6 2 0 2 7 0 2 7 0 40.0670827627182007
0 2 7 0 2 7 0 2 7 17 9 2 1 2 7 0 2 7 1 2 7 1 2 7 0 2 7 0 2 7 13 6 3 0 2 7 0 2 7 0 2 7 5 31 3 0 2 7 1 2 7 5 31 3 0 2 7 1 2 7 0 2 7 17 18 2 0 2 7 1 2 7 1 2 4 5 31 3 17 18 2 0 2 7 1 2 7 0 2 7 1 2 7 1 2 7 16 6 2 17 9 2 0 2 7 1 2 11 1 2 7 0 2 7 1 2 7 0 2 7 0 40.0670827627182007
0 2 7 0 2 7 1 2 7 17 9 2 1 2 7 0 2 7 0 2 7 0 2 7 0 2 7 1 2 7 13 6 3 0 2 7 1 2 7 0 2 7 5 31 3 1 2 11 0 2 7 1 2 7 5 31 3 0 2 7 0 2 7 0 2 7 0 2 7 17 18 2 0 2 7 1 2 7 1 2 4 0 2 7 17 18 2 0 2 7 1 2 7 1 2 7 1 2 7 17 9 2 5 31 3 16 6 2 1 2 7 0 2 7 0 2 7 1 2 7 0 40.0670827627182007
0 2 7 0 2 7 1 2 7 17 9 2 1 2 11 0 2 7 1 2 7 0 2 7 0 2 7 5 31 3 13 6 3 1 2 7 0 2 7 1 2 7 5 31 3 1 2 7 0 2 7 1 2 7 1 2 7 0 2 7 0 2 7 1 2 7 0 2 7 17 18 2 0 2 7 0 2 7 0 2 4 0 2 7 1 2 7 17 18 2 1 2 7 1 2 7 5 31 3 0 2 7 17 9 2 1 2 7 0 2 7 0 2 7 0 2 7 16 6 2 0 40.0670827627182007
0 2 7 0 2 7 1 2 7 17 9 2 1 2 11 0 2 7 1 2 7 0 2 7 0 2 7 5 31 3 13 6 3 1 2 7 0 2 7 1 2 7 5 31 3 1 2 7 0 2 7 1 2 7 1 2 7 0 2 7 0 2 7 1 2 7 0 2 7 17 18 2 0 2 7 0 2 7 0 2 4 0 2 7 1 2 7 17 18 2 1 2 7 1 2 7 5 31 3 0 2 7 17 9 2 1 2 7 0 2 7 0 2 7 0 2 7 16 6 2 0 40.0670827627182007
0 2 7 0 2 7 0 2 7 17 9 2 1 2 7 0 2 7 1 2 7 1 2 7 0 2 7 1 2 7 13 6 3 0 2 7 0 2 7 0 2 7 5 31 3 0 2 7 1 2 7 5 31 3 0 2 7 0 2 4 0 2 7 17 18 2 0 2 7 1 2 7 1 2 7 17 18 2 1 2 7 1 2 7 0 2 7 16 6 2 17 9 2 1 2 7 1 2 11 5 31 3 0 2 7 0 2 7 0 2 7 1 2 7 1 2 7 0 2 7 0 40.0670827627182007
0 2 7 0 2 7 1 2 7 17 9 2 1 2 11 0 2 7 1 2 7 0 2 7 0 2 7 5 31 3 13 6 3 1 2 7 0 2 7 1 2 7 5 31 3 1 2 7 0 2 7 1 2 7 1 2 7 0 2 7 0 2 7 1 2 7 0 2 7 17 18 2 0 2 7 0 2 7 0 2 4 0 2 7 1 2 7 17 18 2 1 2 7 1 2 7 5 31 3 0 2 7 17 9 2 1 2 7 0 2 7 0 2 7 0 2 7 16 6 2 0 40.0670827627182007
0 2 7 0 2 7 0 2 7 17 9 2 1 2 7 0 2 7 1 2 7 1 2 7 0 2 7 0 2 7 13 6 3 0 2 7 0 2 7 0 2 7 5 31 3 0 2 7 1 2 7 5 31 3 0 2 7 1 2 7 0 2 7 17 18 2 1 2 7 1 2 7 5 31 3 17 18 2 0 2 7 1 2 7 0 2 7 1 2 7 1 2 7 16 6 2 17 9 2 0 2 7 1 2 11 1 2 7 0 2 7 1 2 4 0 2 7 0 2 7 0 40.0670827627182007
0 2 7 0 2 7 0 2 7 17 9 2 1 2 7 0 2 7 1 2 7 1 2 7 0 2 7 0 2 7 13 6 3 0 2 7 0 2 7 0 2 7 5 31 3 0 2 7 1 2 7 5 31 3 0 2 7 1 2 7 0 2 7 17 18 2 0 2 7 1 2 7 5 31 3 17 18 2 0 2 7 1 2 7 0 2 7 1 2 7 1 2 7 16 6 2 17 9 2 0 2 7 1 2 11 1 2 7 0 2 7 1 2 7 1 2 4 0 2 7 0 40.0670827627182007
0 2 7 0 2 7 1 2 7 17 9 2 1 2 7 0 2 7 1 2 7 0 2 7 0 2 7 1 2 7 13 6 3 0 2 7 0 2 7 1 2 7 5 31 3 1 2 7 0 2 7 1 2 7 5 31 3 0 2 7 1 2 7 1 2 7 0 2 7 17 18 2 0 2 7 0 2 7 0 2 7 0 2 4 1 2 7 17 18 2 1 2 7 1 2 7 5 31 3 0 2 7 17 9 2 1 2 11 0 2 7 16 6 2 0 2 7 0 2 7 0 40.0670827627182007
0 2 7 0 2 7 1 2 7 17 9 2 1 2 7 0 2 7 1 2 7 0 2 7 0 2 7 1 2 7 13 6 3 0 2 7 0 2 7 1 2 7 5 31 3 1 2 7 0 2 7 1 2 7 5 31 3 0 2 7 1 2 7 1 2 7 0 2 7 17 18 2 0 2 7 0 2 7 0 2 7 0 2 4 1 2 7 17 18 2 1 2 7 1 2 7 5 31 3 0 2 7 17 9 2 1 2 11 0 2 7 16 6 2 0 2 7 0 2 7 0 40.0670827627182007
0 2 7 0 2 7 0 2 7 17 9 2 1 2 7 0 2 7 1 2 7 1 2 7 0 2 7 0 2 7 13 6 3 0 2 7 0 2 7 0 2 7 5 31 3 0 2 7 1 2 7 5 31 3 0 2 7 1 2 7 0 2 7 17 18 2 0 2 7 1 2 7 1 2 4 5 31 3 17 18 2 0 2 7 1 2 7 0 2 7 1 2 7 1 2 7 16 6 2 17 9 2 0 2 7 1 2 11 1 2 7 0 2 7 1 2 7 0 2 7 0 40.0670827627182007
0 2 7 0 2 7 1 2 7 17 9 2 1 2 7 0 2 7 0 2 7 0 2 7 0 2 7 1 2 7 13 6 3 0 2 7 1 2 7 0 2 7 5 31 3 1 2 11 0 2 7 1 2 7 5 31 3 0 2 7 0 2 7 0 2 7 0 2 7 17 18 2 0 2 7 1 2 7 1 2 4 0 2 7 17 18 2 0 2 7 1 2 7 1 2 7 1 2 7 17 9 2 5 31 3 16 6 2 1 2 7 0 2 7 0 2 7 1 2 7 0 40.0670827627182007
0 2 7 0 2 7 1 2 7 17 9 2 1 2 11 0 2 7 1 2 7 0 2 7 0 2 7 5 31 3 13 6 3 1 2 7 0 2 7 1 2 7 5 31 3 1 2 7 0 2 7 1 2 7 1 2 7 0 2 7 0 2 7 1 2 7 0 2 7 17 18 2 0 2 7 0 2 7 0 2 4 0 2 7 1 2 7 17 18 2 1 2 7 1 2 7 5 31 3 0 2 7 17 9 2 1 2 7 0 2 7 0 2 7 0 2 7 16 6 2 0 40.0670827627182007
0 2 7 0 2 7 1 2 7 17 9 2 1 2 11 0 2 7 1 2 7 0 2 7 0 2 7 5 31 3 13 6 3 1 2 7 0 2 7 1 2 7 5 31 3 1 2 7 0 2 7 1 2 7 1 2 7 0 2 7 0 2 7 1 2 7 0 2 7 17 18 2 0 2 7 0 2 7 0 2 4 0 2 7 1 2 7 17 18 2 1 2 7 1 2 7 5 31 3 0 2 7 17 9 2 1 2 7 0 2 7 0 2 7 0 2 7 16 6 2 0 40.0670827627182007
0 2 7 0 2 7 0 2 7 17 9 2 1 2 7 0 2 7 1 2 7 1 2 7 0 2 7 1 2 7 13 6 3 0 2 7 0 2 7 0 2 7 5 31 3 0 2 7 1 2 7 5 31 3 0 2 7 0 2 4 0 2 7 17 18 2 0 2 7 1 2 7 1 2 7 17 18 2 1 2 7 1 2 7 0 2 7 16 6 2 17 9 2 1 2 7 1 2 11 5 31 3 0 2 7 0 2 7 0 2 7 1 2 7 1 2 7 0 2 7 0 40.0670827627182007
0 2 7 0 2 7 1 2 7 17 9 2 1 2 11 0 2 7 1 2 7 0 2 7 0 2 7 5 31 3 13 6 3 1 2 7 0 2 7 1 2 7 5 31 3 1 2 7 0 2 7 1 2 7 1 2 7 0 2 7 0 2 7 1 2 7 0 2 7 17 18 2 0 2 7 0 2 7 0 2 4 0 2 7 1 2 7 17 18 2 1 2 7 1 2 7 5 31 3 0 2 7 17 9 2 1 2 7 0 2 7 0 2 7 0 2 7 16 6 2 0 40.0670827627182007
0 2 7 0 2 7 0 2 7 17 9 2 1 2 7 0 2 7 1 2 7 1 2 7 0 2 7 0 2 7 13 6 3 0 2 7 0 2 7 0 2 7 5 31 3 0 2 7 1 2 7 5 31 3 0 2 7 1 2 7 0 2 7 17 18 2 1 2 7 1 2 7 5 31 3 17 18 2 0 2 7 1 2 7 0 2 7 1 2 7 1 2 7 16 6 2 17 9 2 0 2 7 1 2 11 1 2 7 0 2 7 1 2 4 0 2 7 0 2 7 0 40.0670827627182007
MonoObjective Genetic Algorithm
Number of Evaluations = 0
Mutation Probability = 0
Crossover Probability = 1
Population Size = 10
Survival Selection Type = 18
Time =  9003.35594797134399
0 2 7 0 2 7 0 2 7 17 9 2 1 2 7 0 2 7 1 2 7 1 2 7 0 2 7 0 2 7 13 6 3 0 2 7 0 2 7 0 2 7 5 31 3 0 2 7 1 2 7 5 31 3 0 2 7 1 2 7 0 2 7 17 18 2 0 2 7 1 2 7 5 31 3 17 18 2 0 2 7 1 2 7 0 2 7 1 2 7 1 2 7 16 6 2 17 9 2 0 2 7 1 2 11 1 2 7 0 2 7 1 2 7 1 2 4 0 2 7 0 40.0670827627182007
0 2 7 0 2 7 1 2 7 17 9 2 1 2 7 0 2 7 1 2 7 0 2 7 0 2 7 1 2 7 13 6 3 0 2 7 0 2 7 1 2 7 5 31 3 1 2 7 0 2 7 1 2 7 5 31 3 0 2 7 1 2 7 1 2 7 0 2 7 17 18 2 0 2 7 0 2 7 0 2 7 0 2 4 1 2 7 17 18 2 1 2 7 1 2 7 5 31 3 0 2 7 17 9 2 1 2 11 0 2 7 16 6 2 0 2 7 0 2 7 0 40.0670827627182007
0 2 7 0 2 7 1 2 7 17 9 2 1 2 7 0 2 7 1 2 7 0 2 7 0 2 7 1 2 7 13 6 3 0 2 7 0 2 7 1 2 7 5 31 3 1 2 7 0 2 7 1 2 7 5 31 3 0 2 7 1 2 7 1 2 7 0 2 7 17 18 2 0 2 7 0 2 7 0 2 7 0 2 4 1 2 7 17 18 2 1 2 7 1 2 7 5 31 3 0 2 7 17 9 2 1 2 11 0 2 7 16 6 2 0 2 7 0 2 7 0 40.0670827627182007
0 2 7 0 2 7 0 2 7 17 9 2 1 2 7 0 2 7 1 2 7 1 2 7 0 2 7 0 2 7 13 6 3 0 2 7 0 2 7 0 2 7 5 31 3 0 2 7 1 2 7 5 31 3 0 2 7 1 2 7 0 2 7 17 18 2 0 2 7 1 2 7 1 2 4 5 31 3 17 18 2 0 2 7 1 2 7 0 2 7 1 2 7 1 2 7 16 6 2 17 9 2 0 2 7 1 2 11 1 2 7 0 2 7 1 2 7 0 2 7 0 40.0670827627182007
0 2 7 0 2 7 1 2 7 17 9 2 1 2 7 0 2 7 0 2 7 0 2 7 0 2 7 1 2 7 13 6 3 0 2 7 1 2 7 0 2 7 5 31 3 1 2 11 0 2 7 1 2 7 5 31 3 0 2 7 0 2 7 0 2 7 0 2 7 17 18 2 0 2 7 1 2 7 1 2 4 0 2 7 17 18 2 0 2 7 1 2 7 1 2 7 1 2 7 17 9 2 5 31 3 16 6 2 1 2 7 0 2 7 0 2 7 1 2 7 0 40.0670827627182007
0 2 7 0 2 7 1 2 7 17 9 2 1 2 11 0 2 7 1 2 7 0 2 7 0 2 7 5 31 3 13 6 3 1 2 7 0 2 7 1 2 7 5 31 3 1 2 7 0 2 7 1 2 7 1 2 7 0 2 7 0 2 7 1 2 7 0 2 7 17 18 2 0 2 7 0 2 7 0 2 4 0 2 7 1 2 7 17 18 2 1 2 7 1 2 7 5 31 3 0 2 7 17 9 2 1 2 7 0 2 7 0 2 7 0 2 7 16 6 2 0 40.0670827627182007
0 2 7 0 2 7 1 2 7 17 9 2 1 2 11 0 2 7 1 2 7 0 2 7 0 2 7 5 31 3 13 6 3 1 2 7 0 2 7 1 2 7 5 31 3 1 2 7 0 2 7 1 2 7 1 2 7 0 2 7 0 2 7 1 2 7 0 2 7 17 18 2 0 2 7 0 2 7 0 2 4 0 2 7 1 2 7 17 18 2 1 2 7 1 2 7 5 31 3 0 2 7 17 9 2 1 2 7 0 2 7 0 2 7 0 2 7 16 6 2 0 40.0670827627182007
0 2 7 0 2 7 0 2 7 17 9 2 1 2 7 0 2 7 1 2 7 1 2 7 0 2 7 1 2 7 13 6 3 0 2 7 0 2 7 0 2 7 5 31 3 0 2 7 1 2 7 5 31 3 0 2 7 0 2 4 0 2 7 17 18 2 0 2 7 1 2 7 1 2 7 17 18 2 1 2 7 1 2 7 0 2 7 16 6 2 17 9 2 1 2 7 1 2 11 5 31 3 0 2 7 0 2 7 0 2 7 1 2 7 1 2 7 0 2 7 0 40.0670827627182007
0 2 7 0 2 7 1 2 7 17 9 2 1 2 11 0 2 7 1 2 7 0 2 7 0 2 7 5 31 3 13 6 3 1 2 7 0 2 7 1 2 7 5 31 3 1 2 7 0 2 7 1 2 7 1 2 7 0 2 7 0 2 7 1 2 7 0 2 7 17 18 2 0 2 7 0 2 7 0 2 4 0 2 7 1 2 7 17 18 2 1 2 7 1 2 7 5 31 3 0 2 7 17 9 2 1 2 7 0 2 7 0 2 7 0 2 7 16 6 2 0 40.0670827627182007
0 2 7 0 2 7 0 2 7 17 9 2 1 2 7 0 2 7 1 2 7 1 2 7 0 2 7 0 2 7 13 6 3 0 2 7 0 2 7 0 2 7 5 31 3 0 2 7 1 2 7 5 31 3 0 2 7 1 2 7 0 2 7 17 18 2 1 2 7 1 2 7 5 31 3 17 18 2 0 2 7 1 2 7 0 2 7 1 2 7 1 2 7 16 6 2 17 9 2 0 2 7 1 2 11 1 2 7 0 2 7 1 2 4 0 2 7 0 2 7 0 40.0670827627182007
