5 30 3 0 2 7 16 6 2 12 16 2 17 9 2 0 2 3 1 2 7 1 2 7 1 2 7 1 2 7 17 18 2 1 2 4 0 2 7 0 2 7 0 2 7 13 6 3 12 16 2 0 2 7 0 2 7 0 2 7 0 2 7 0 2 7 0 2 7 16 18 11 1 2 4 0 2 7 1 2 7 0 2 7 5 31 3 0 2 7 0 2 7 0 2 7 0 2 7 5 30 3 5 30 3 1 2 7 0 2 7 0 2 7 1 2 7 0 2 7 1 2 7 5 31 3 12 16 2 5 30 3 16 31 2 0 2 7 17 18 2 17 9 2 1 2 7 0 2 7 0 2 7 5 30 3 0 2 7 1 2 7 0 2 7 13 6 3 1 2 7 0 2 7 1 2 7 0 2 7 0 60.9991772770881653
5 31 3 1 2 7 16 24 2 12 16 2 17 9 2 0 2 11 5 30 3 0 2 7 1 2 3 1 2 7 17 18 2 0 2 7 0 2 7 0 2 3 0 2 7 13 6 3 12 16 2 0 2 7 0 2 7 1 2 7 0 2 3 1 2 7 0 2 3 1 2 7 0 2 11 8 18 2 0 2 4 1 2 7 0 2 7 6 2 7 1 2 7 0 2 7 0 2 7 5 31 3 5 30 3 1 2 4 0 2 7 0 2 7 0 2 7 1 2 7 6 2 7 5 30 3 12 16 2 5 30 3 16 30 2 1 2 7 17 18 2 17 9 2 0 2 7 1 2 7 0 2 7 5 30 3 0 2 7 0 2 3 0 2 7 0 2 4 6 2 7 0 2 3 0 2 11 0 2 4 0 62.0084318518638611
5 30 3 0 2 7 5 30 3 8 9 2 1 2 7 0 2 7 5 30 3 0 2 7 0 2 7 1 2 7 17 18 2 5 31 3 0 2 7 1 2 7 0 2 3 8 9 2 12 16 2 0 2 7 0 2 7 0 2 7 0 2 3 1 2 3 1 2 7 0 2 7 0 2 7 1 2 7 17 1 2 1 2 3 0 2 7 0 2 7 0 2 4 0 2 3 0 2 3 5 30 3 5 30 3 0 2 7 16 19 11 1 2 7 1 2 7 17 18 2 0 2 4 1 2 3 12 16 2 5 30 3 16 6 2 0 2 7 1 2 4 17 18 2 1 2 7 0 2 7 0 2 7 16 30 2 0 2 3 1 2 7 0 2 3 0 2 7 0 2 7 0 2 7 0 2 7 0 2 4 0 62.2645984888076782
5 31 3 16 19 1 0 2 3 1 2 3 0 2 3 5 31 3 17 18 2 0 2 7 0 2 7 0 2 7 1 2 7 16 9 11 12 16 2 1 2 7 0 2 7 0 2 7 0 2 7 16 6 2 16 9 11 0 2 7 8 9 2 1 2 7 1 2 7 0 2 7 12 16 2 5 30 3 0 2 7 0 2 7 0 2 3 1 2 7 1 2 7 8 9 2 16 6 2 0 2 7 1 2 7 0 2 7 0 2 7 5 31 3 0 2 7 1 2 3 12 16 2 0 2 7 0 2 7 5 30 3 12 16 2 0 2 7 0 2 7 1 2 7 0 2 7 0 2 3 0 2 7 12 16 2 0 2 3 0 2 7 0 2 7 1 2 7 0 2 3 1 2 7 16 6 2 1 2 3 0 62.8113985061645508
5 31 3 0 2 7 5 30 3 0 2 7 16 9 11 1 2 7 5 30 3 0 2 7 1 2 7 0 2 7 17 9 2 0 2 7 1 2 3 0 2 7 1 2 7 16 6 2 12 16 2 0 2 3 0 2 7 0 2 7 0 2 7 1 2 7 1 2 7 0 2 7 0 2 7 0 2 7 1 2 7 0 2 7 0 2 3 0 2 7 0 2 7 0 2 7 0 2 3 1 2 4 5 30 3 0 2 7 16 19 11 0 2 7 0 2 7 12 16 2 0 2 7 1 2 3 5 31 3 5 30 3 5 31 3 0 2 7 1 2 7 17 9 2 1 2 7 0 2 7 1 2 7 16 30 2 0 2 7 0 2 7 0 2 7 16 19 11 8 9 2 0 2 7 1 2 3 0 2 7 0 62.5436844229698181
1 2 4 0 2 7 16 6 2 12 16 2 17 9 2 0 2 11 0 2 11 1 2 7 0 2 7 1 2 11 8 18 2 0 2 7 0 2 11 6 2 7 0 2 4 8 9 2 12 16 2 0 2 7 0 2 7 1 2 7 1 2 7 0 2 7 0 2 4 15 2 11 1 2 7 0 2 7 1 2 4 0 2 4 16 19 11 1 2 7 0 2 7 0 2 7 0 2 7 5 31 3 5 30 3 0 2 7 0 2 7 0 2 7 0 2 7 1 2 7 0 2 7 5 31 3 12 16 2 5 30 3 16 15 2 0 2 7 17 18 2 17 9 2 5 30 3 6 2 7 0 2 4 5 30 3 0 2 7 1 2 7 0 2 7 17 18 2 0 2 7 0 2 4 0 2 7 1 2 7 0 62.1136765480041504
5 30 3 0 2 7 16 6 2 12 16 2 17 9 2 0 2 3 1 2 7 1 2 7 1 2 7 1 2 7 17 18 2 0 2 7 0 2 7 0 2 7 0 2 7 13 6 3 12 16 2 0 2 3 0 2 7 0 2 7 0 2 7 0 2 7 0 2 7 0 2 4 0 2 7 0 2 7 1 2 7 0 2 4 5 31 3 0 2 7 16 15 2 0 2 7 0 2 7 5 30 3 5 30 3 0 2 7 0 2 7 0 2 7 6 2 7 0 2 7 1 2 7 5 31 3 12 16 2 5 30 3 16 31 2 0 2 7 17 18 2 17 9 2 1 2 7 6 2 7 0 2 7 5 30 3 1 2 7 1 2 7 0 2 3 13 6 3 1 2 7 0 2 7 1 2 7 0 2 7 0 61.0938383340835571
5 31 3 0 2 7 16 6 2 0 2 7 16 6 2 0 2 7 5 30 3 0 2 7 0 2 11 0 2 11 1 2 7 0 2 7 1 2 7 17 18 2 0 2 7 16 19 11 12 16 2 0 2 7 6 2 7 1 2 7 1 2 11 0 2 7 0 2 7 0 2 7 0 2 7 0 2 7 5 31 3 1 2 7 16 19 11 0 2 7 0 2 7 1 2 7 0 2 7 17 9 2 5 31 3 0 2 7 0 2 7 0 2 7 0 2 7 1 2 7 0 2 7 5 30 3 5 30 3 5 30 3 5 31 3 0 2 7 0 2 7 8 9 2 6 2 7 6 2 7 6 2 7 5 30 3 0 2 7 0 2 7 1 2 11 0 2 7 17 18 2 0 2 7 0 2 7 0 2 7 0 62.6395263671875
5 30 3 0 2 7 16 32 2 12 16 2 1 2 7 1 2 7 5 30 3 0 2 7 0 2 7 1 2 7 8 18 2 6 2 7 0 2 7 0 2 7 0 2 7 17 18 2 12 16 2 0 2 7 0 2 7 1 2 10 0 2 4 0 2 7 0 2 7 0 2 7 1 2 4 1 2 7 17 18 2 0 2 7 0 2 7 0 2 7 0 2 7 0 2 7 16 6 2 5 31 3 5 31 3 1 2 7 0 2 7 0 2 7 1 2 4 1 2 7 0 2 7 5 30 3 12 16 2 5 30 3 16 31 2 0 2 7 17 18 2 17 9 2 1 2 7 8 9 2 0 2 7 5 30 3 0 2 7 0 2 7 1 2 7 1 2 7 0 2 7 0 2 11 1 2 10 0 2 7 0 61.6778464913368225
5 30 3 1 2 7 16 6 2 12 16 2 17 18 2 1 2 7 0 2 7 1 2 7 0 2 11 0 2 7 17 18 2 0 2 7 0 2 7 1 2 7 0 2 7 8 9 2 12 16 2 0 2 7 0 2 7 1 2 7 1 2 7 0 2 7 1 2 7 0 2 7 1 2 4 0 2 7 5 30 3 0 2 7 16 19 11 1 2 4 0 2 7 0 2 7 0 2 7 5 31 3 5 30 3 0 2 7 1 2 4 0 2 7 0 2 7 0 2 7 0 2 7 5 30 3 12 16 2 5 30 3 16 6 2 0 2 11 17 18 2 8 18 2 6 2 7 8 9 2 0 2 7 5 31 3 0 2 7 0 2 7 0 2 11 16 19 11 0 2 11 0 2 7 0 2 7 1 2 4 0 62.4509055018424988
12 16 2 0 2 4 0 2 7 12 16 2 0 2 7 0 2 7 17 18 2 0 2 7 1 2 7 0 2 7 17 18 2 0 2 7 0 2 7 0 2 7 0 2 7 13 6 3 12 16 2 1 2 7 1 2 7 0 2 7 1 2 7 1 2 7 1 2 7 5 30 3 6 2 7 0 2 7 1 2 7 1 2 4 0 2 7 0 2 7 17 9 2 0 2 7 16 6 2 13 6 3 5 31 3 0 2 4 0 2 7 0 2 7 0 2 4 0 2 7 1 2 4 5 31 3 12 16 2 5 31 3 16 15 2 1 2 7 17 18 2 17 9 2 1 2 7 6 2 7 0 2 7 12 16 2 0 2 7 0 2 7 8 9 2 0 2 7 1 2 7 1 2 4 1 2 7 0 2 7 0 60.5182704925537109
5 31 3 0 2 7 16 31 2 12 16 2 0 2 7 0 2 7 5 30 3 0 2 7 0 2 7 0 2 7 17 18 2 0 2 7 1 2 7 0 2 3 0 2 7 13 6 3 12 16 2 0 2 7 0 2 7 1 2 7 0 2 7 1 2 7 1 2 7 1 2 7 0 2 7 0 2 7 17 18 2 0 2 7 1 2 7 5 31 3 0 2 7 0 2 7 16 30 2 13 6 3 5 30 3 0 2 7 0 2 7 0 2 4 0 2 7 0 2 3 1 2 7 1 2 7 12 16 2 5 30 3 16 6 2 1 2 11 17 18 2 17 9 2 1 2 7 1 2 7 0 2 7 5 30 3 0 2 7 1 2 7 1 2 7 0 2 7 0 2 3 1 2 7 1 2 7 0 2 4 0 60.7309883832931519
17 18 2 0 2 7 16 30 2 12 16 2 17 9 2 0 2 7 1 2 7 0 2 7 1 2 7 0 2 7 17 18 2 1 2 11 0 2 7 0 2 7 0 2 7 13 6 3 12 16 2 0 2 7 1 2 7 0 2 7 0 2 4 0 2 7 0 2 7 0 2 4 1 2 7 0 2 7 0 2 7 1 2 7 5 30 3 0 2 7 0 2 7 0 2 7 1 2 7 1 2 7 5 30 3 0 2 7 1 2 4 6 2 7 1 2 7 0 2 7 1 2 7 5 31 3 12 16 2 5 30 3 16 30 2 0 2 7 17 18 2 17 9 2 1 2 7 1 2 7 0 2 7 5 31 3 0 2 7 1 2 7 0 2 7 13 6 3 1 2 4 0 2 4 5 31 3 0 2 11 0 60.5801206231117249
5 31 3 0 2 7 16 31 2 12 16 2 0 2 7 0 2 7 1 2 3 0 2 7 0 2 7 0 2 3 17 18 2 0 2 4 1 2 7 0 2 7 0 2 7 13 6 3 12 16 2 0 2 7 0 2 7 1 2 7 0 2 7 1 2 7 1 2 7 1 2 7 0 2 7 0 2 7 17 18 2 0 2 7 1 2 7 5 31 3 0 2 7 0 2 7 16 30 2 13 6 3 5 30 3 0 2 7 0 2 7 0 2 7 0 2 3 0 2 7 1 2 7 5 30 3 12 16 2 5 30 3 16 6 2 1 2 3 17 18 2 17 9 2 1 2 7 1 2 4 0 2 7 5 30 3 0 2 7 1 2 7 1 2 7 0 2 7 0 2 7 1 2 7 1 2 4 0 2 7 0 60.7113884687423706
5 31 3 0 2 7 16 31 2 12 16 2 0 2 7 0 2 7 5 30 3 0 2 7 0 2 7 0 2 7 17 18 2 0 2 7 1 2 4 0 2 3 0 2 7 13 6 3 12 16 2 0 2 7 0 2 7 1 2 7 0 2 7 1 2 7 1 2 7 1 2 7 0 2 7 0 2 7 17 18 2 0 2 7 1 2 7 5 31 3 0 2 7 0 2 7 16 30 2 13 6 3 5 30 3 0 2 7 0 2 7 0 2 7 0 2 7 0 2 3 1 2 7 1 2 7 12 16 2 5 30 3 16 6 2 1 2 11 17 18 2 17 9 2 1 2 7 1 2 7 0 2 7 5 30 3 0 2 7 1 2 7 1 2 7 0 2 7 0 2 3 1 2 7 1 2 7 0 2 4 0 60.7309883832931519
5 31 3 0 2 7 16 31 2 12 16 2 0 2 7 0 2 7 5 30 3 0 2 7 0 2 7 0 2 7 17 18 2 0 2 7 1 2 4 0 2 4 0 2 7 13 6 3 12 16 2 0 2 7 0 2 7 1 2 7 0 2 7 1 2 7 1 2 7 1 2 7 0 2 7 0 2 7 17 18 2 0 2 3 1 2 7 5 31 3 0 2 7 0 2 7 16 30 2 13 6 3 5 30 3 0 2 7 0 2 7 0 2 7 0 2 7 0 2 3 1 2 7 1 2 7 12 16 2 5 30 3 16 6 2 1 2 7 17 18 2 17 9 2 1 2 7 1 2 7 0 2 7 5 30 3 0 2 7 1 2 4 1 2 7 0 2 7 0 2 3 1 2 7 1 2 7 0 2 3 0 60.7113884687423706
5 31 3 0 2 7 16 31 2 12 16 2 0 2 7 0 2 7 5 30 3 0 2 7 0 2 7 0 2 7 17 18 2 0 2 7 1 2 7 0 2 4 0 2 7 13 6 3 12 16 2 0 2 7 0 2 7 1 2 7 0 2 7 1 2 7 1 2 7 1 2 7 0 2 7 0 2 7 17 18 2 0 2 3 1 2 7 5 31 3 0 2 7 0 2 7 16 30 2 13 6 3 5 30 3 0 2 7 0 2 7 0 2 4 0 2 7 0 2 3 1 2 7 1 2 7 12 16 2 5 30 3 16 6 2 1 2 7 17 18 2 17 9 2 1 2 7 1 2 7 0 2 7 5 30 3 0 2 7 1 2 4 1 2 7 0 2 7 0 2 3 1 2 7 1 2 7 0 2 3 0 60.7113884687423706
5 31 3 0 2 7 16 31 2 12 16 2 0 2 7 0 2 7 5 30 3 0 2 7 0 2 7 0 2 7 17 18 2 0 2 7 1 2 4 0 2 4 0 2 4 13 6 3 12 16 2 0 2 7 0 2 7 1 2 7 0 2 7 1 2 7 1 2 7 1 2 7 0 2 7 0 2 7 17 18 2 0 2 3 1 2 7 5 31 3 0 2 7 0 2 7 16 30 2 13 6 3 5 30 3 0 2 7 0 2 7 0 2 7 0 2 7 0 2 7 1 2 7 5 30 3 12 16 2 5 30 3 16 6 2 1 2 3 17 18 2 17 9 2 1 2 7 1 2 7 0 2 7 5 30 3 0 2 7 1 2 7 1 2 7 0 2 7 0 2 7 1 2 7 1 2 4 0 2 7 0 60.752583384513855
5 31 3 0 2 7 16 31 2 12 16 2 0 2 7 0 2 7 5 30 3 0 2 7 0 2 7 0 2 7 17 18 2 0 2 7 1 2 7 0 2 4 0 2 4 13 6 3 12 16 2 0 2 7 0 2 7 1 2 7 0 2 7 1 2 7 1 2 7 1 2 7 0 2 7 0 2 7 17 18 2 0 2 3 1 2 7 5 31 3 0 2 7 0 2 7 16 30 2 13 6 3 5 30 3 0 2 7 0 2 7 0 2 7 0 2 7 0 2 7 1 2 7 5 30 3 12 16 2 5 30 3 16 6 2 1 2 3 17 18 2 17 9 2 1 2 7 1 2 7 0 2 7 5 30 3 0 2 7 1 2 7 1 2 7 0 2 7 0 2 7 1 2 7 1 2 4 0 2 4 0 60.752583384513855
5 31 3 0 2 7 16 31 2 12 16 2 0 2 7 0 2 7 5 30 3 0 2 7 0 2 7 0 2 7 17 18 2 0 2 7 1 2 4 0 2 3 0 2 7 13 6 3 12 16 2 0 2 7 0 2 7 1 2 7 0 2 7 1 2 7 1 2 7 1 2 7 0 2 7 0 2 7 17 18 2 0 2 7 1 2 7 5 31 3 0 2 7 0 2 7 16 30 2 13 6 3 5 30 3 0 2 7 0 2 7 0 2 4 0 2 7 0 2 3 1 2 7 1 2 7 12 16 2 5 30 3 16 6 2 1 2 11 17 18 2 17 9 2 1 2 7 1 2 7 0 2 7 5 30 3 0 2 7 1 2 7 1 2 7 0 2 7 0 2 3 1 2 7 1 2 7 0 2 7 0 60.7309883832931519
12 16 2 1 2 7 0 2 7 12 16 2 0 2 7 1 2 7 17 18 2 0 2 7 1 2 7 0 2 4 1 2 7 0 2 7 0 2 7 0 2 3 0 2 7 13 6 3 12 16 2 1 2 7 1 2 7 0 2 7 1 2 7 1 2 7 13 6 3 5 31 3 1 2 3 1 2 7 0 2 7 0 2 7 0 2 7 0 2 7 17 9 2 1 2 7 16 6 2 13 6 3 0 2 7 0 2 7 0 2 7 1 2 7 1 2 4 1 2 7 1 2 7 5 31 3 12 16 2 5 31 3 16 6 2 0 2 7 17 18 2 17 9 2 0 2 3 0 2 7 0 2 7 12 16 2 0 2 7 0 2 7 17 9 2 1 2 7 1 2 7 1 2 7 0 2 7 0 2 7 0 60.0557534694671631
12 16 2 1 2 7 1 2 7 5 31 3 1 2 7 0 2 7 17 18 2 0 2 7 1 2 7 0 2 7 1 2 7 0 2 7 0 2 7 0 2 7 0 2 7 13 6 3 12 16 2 1 2 7 0 2 7 0 2 7 1 2 7 1 2 7 13 6 3 5 30 3 0 2 7 1 2 7 0 2 7 1 2 4 0 2 7 0 2 7 17 9 2 0 2 7 16 6 2 13 6 3 5 30 3 0 2 7 0 2 7 1 2 7 0 2 7 0 2 7 1 2 7 5 31 3 12 16 2 5 31 3 16 30 2 0 2 7 17 18 2 17 9 2 1 2 7 0 2 7 0 2 7 12 16 2 0 2 7 0 2 7 17 9 2 1 2 7 1 2 7 1 2 7 0 2 7 0 2 7 0 60.1149684190750122
12 16 2 0 2 7 1 2 4 12 16 2 1 2 7 0 2 4 17 18 2 0 2 7 6 2 7 0 2 7 1 2 7 0 2 7 0 2 7 0 2 4 1 2 7 13 6 3 12 16 2 1 2 7 1 2 7 0 2 7 0 2 7 1 2 7 1 2 7 5 31 3 0 2 7 1 2 7 0 2 4 0 2 7 0 2 7 1 2 7 17 9 2 0 2 7 16 6 2 13 6 3 5 31 3 0 2 7 0 2 7 1 2 7 0 2 7 0 2 7 0 2 7 5 31 3 12 16 2 5 31 3 16 30 2 1 2 7 17 18 2 17 9 2 1 2 7 1 2 7 1 2 4 0 2 7 0 2 7 0 2 7 17 9 2 0 2 7 1 2 7 1 2 7 0 2 7 0 2 7 0 60.1419846415519714
12 16 2 1 2 7 0 2 7 12 16 2 0 2 7 1 2 7 17 18 2 1 2 7 1 2 7 1 2 7 1 2 7 0 2 7 0 2 7 0 2 7 1 2 7 13 6 3 12 16 2 1 2 3 1 2 4 0 2 7 0 2 7 1 2 7 13 6 3 5 31 3 0 2 7 1 2 7 1 2 7 0 2 7 0 2 7 0 2 7 17 9 2 0 2 7 16 6 2 13 6 3 0 2 3 0 2 7 0 2 7 1 2 3 1 2 7 0 2 7 0 2 4 5 31 3 12 16 2 5 31 3 16 6 2 1 2 7 17 18 2 17 9 2 0 2 7 0 2 7 1 2 7 12 16 2 0 2 7 0 2 7 17 9 2 0 2 7 1 2 7 1 2 7 0 2 7 0 2 7 0 60.0557534694671631
12 16 2 0 2 7 0 2 7 12 16 2 1 2 7 0 2 7 17 18 2 0 2 7 0 2 4 1 2 7 1 2 7 0 2 7 0 2 7 0 2 7 0 2 7 13 6 3 12 16 2 1 2 7 1 2 7 1 2 7 0 2 7 1 2 7 1 2 7 5 31 3 0 2 7 0 2 7 0 2 7 1 2 7 0 2 7 1 2 7 17 9 2 0 2 7 16 6 2 13 6 3 5 30 3 0 2 4 0 2 7 8 9 2 0 2 7 0 2 7 0 2 4 5 31 3 12 16 2 5 31 3 16 6 2 1 2 7 17 18 2 17 9 2 1 2 7 1 2 7 1 2 7 0 2 7 0 2 7 0 2 7 17 9 2 0 2 7 1 2 4 1 2 4 0 2 7 1 2 7 0 60.2245944738388062
12 16 2 0 2 7 0 2 7 12 16 2 0 2 7 1 2 7 17 18 2 0 2 7 1 2 7 0 2 7 1 2 7 0 2 7 0 2 4 0 2 7 0 2 7 13 6 3 12 16 2 1 2 7 0 2 7 0 2 7 1 2 4 1 2 7 13 6 3 5 31 3 1 2 7 1 2 7 0 2 7 1 2 7 0 2 7 0 2 7 17 9 2 1 2 7 16 6 2 13 6 3 0 2 7 0 2 7 0 2 7 1 2 3 0 2 7 1 2 7 1 2 7 5 31 3 12 16 2 5 31 3 16 6 2 0 2 7 17 18 2 17 9 2 0 2 7 0 2 3 0 2 3 12 16 2 0 2 7 1 2 7 17 9 2 1 2 7 1 2 7 1 2 7 0 2 7 1 2 7 0 60.0557534694671631
12 16 2 1 2 7 1 2 7 5 31 3 1 2 7 0 2 7 17 18 2 0 2 7 1 2 7 0 2 7 1 2 7 0 2 7 0 2 7 0 2 7 0 2 7 13 6 3 12 16 2 1 2 7 0 2 7 0 2 7 1 2 7 1 2 7 13 6 3 5 30 3 0 2 7 1 2 7 0 2 7 1 2 4 0 2 7 0 2 7 17 9 2 0 2 7 16 6 2 13 6 3 5 30 3 0 2 7 0 2 7 1 2 7 0 2 7 0 2 7 1 2 7 5 31 3 12 16 2 5 31 3 16 30 2 0 2 7 17 18 2 17 9 2 1 2 7 0 2 7 0 2 7 12 16 2 0 2 7 0 2 7 17 9 2 1 2 7 1 2 7 1 2 7 0 2 7 0 2 7 0 60.1149684190750122
12 16 2 0 2 7 0 2 7 12 16 2 6 2 7 1 2 7 17 18 2 0 2 7 1 2 7 0 2 7 1 2 7 0 2 4 0 2 7 0 2 7 0 2 7 13 6 3 12 16 2 1 2 7 0 2 7 0 2 7 1 2 3 1 2 7 13 6 3 5 31 3 1 2 4 1 2 7 0 2 7 1 2 7 0 2 7 0 2 7 17 9 2 1 2 7 16 6 2 13 6 3 5 30 3 0 2 7 0 2 3 1 2 7 0 2 7 1 2 7 1 2 7 5 31 3 12 16 2 5 31 3 16 6 2 0 2 7 17 18 2 17 9 2 0 2 7 0 2 7 0 2 7 12 16 2 0 2 7 0 2 7 17 9 2 1 2 4 1 2 7 1 2 7 0 2 7 0 2 7 0 60.1732414364814758
12 16 2 0 2 7 0 2 7 12 16 2 6 2 7 1 2 7 17 18 2 0 2 7 1 2 7 0 2 7 1 2 7 0 2 4 0 2 7 0 2 7 0 2 7 13 6 3 12 16 2 1 2 7 0 2 7 0 2 7 1 2 3 1 2 7 13 6 3 5 31 3 1 2 4 1 2 7 0 2 7 1 2 7 0 2 7 0 2 7 17 9 2 1 2 7 16 6 2 13 6 3 5 30 3 0 2 7 0 2 3 1 2 7 0 2 7 1 2 7 1 2 7 5 31 3 12 16 2 5 31 3 16 6 2 0 2 7 17 18 2 17 9 2 0 2 7 0 2 7 0 2 7 12 16 2 0 2 7 0 2 7 17 9 2 1 2 4 1 2 7 1 2 7 0 2 7 0 2 7 0 60.1732414364814758
12 16 2 1 2 7 1 2 7 5 31 3 1 2 7 0 2 7 17 18 2 0 2 7 1 2 7 0 2 7 1 2 7 0 2 7 0 2 7 0 2 7 0 2 7 13 6 3 12 16 2 1 2 7 0 2 7 0 2 7 1 2 7 1 2 7 13 6 3 5 30 3 0 2 7 1 2 7 0 2 7 1 2 4 0 2 7 0 2 7 17 9 2 0 2 7 16 6 2 13 6 3 5 30 3 0 2 7 0 2 7 1 2 7 0 2 7 0 2 7 1 2 7 5 31 3 12 16 2 5 31 3 16 30 2 0 2 7 17 18 2 17 9 2 1 2 7 0 2 7 0 2 7 12 16 2 0 2 7 0 2 7 17 9 2 1 2 7 1 2 7 1 2 7 0 2 7 0 2 7 0 60.1149684190750122
12 16 2 0 2 7 0 2 7 12 16 2 1 2 7 1 2 7 17 18 2 6 2 7 1 2 7 0 2 7 1 2 7 0 2 7 0 2 7 0 2 7 1 2 7 13 6 3 0 2 7 1 2 4 0 2 7 0 2 7 1 2 4 0 2 7 13 6 3 5 31 3 0 2 7 1 2 7 0 2 7 1 2 7 0 2 7 0 2 7 17 9 2 1 2 7 17 9 2 13 6 3 0 2 7 0 2 7 0 2 7 1 2 7 0 2 7 0 2 4 1 2 7 5 31 3 12 16 2 5 30 3 16 6 2 0 2 7 17 18 2 17 9 2 0 2 7 5 31 3 0 2 7 12 16 2 0 2 7 1 2 4 17 9 2 1 2 7 1 2 7 1 2 7 0 2 7 1 2 7 0 59.938682496547699
12 16 2 0 2 7 0 2 7 12 16 2 0 2 7 1 2 7 17 18 2 1 2 7 1 2 7 0 2 7 1 2 7 0 2 7 0 2 7 0 2 7 0 2 7 13 6 3 0 2 7 0 2 7 0 2 7 0 2 7 1 2 7 1 2 7 13 6 3 5 31 3 0 2 7 1 2 7 0 2 7 1 2 7 0 2 7 0 2 7 17 9 2 1 2 7 16 6 2 13 6 3 5 30 3 0 2 7 0 2 7 1 2 7 0 2 7 1 2 7 1 2 3 5 31 3 12 16 2 5 31 3 16 6 2 0 2 7 17 18 2 17 9 2 1 2 7 0 2 7 0 2 7 12 16 2 1 2 7 1 2 7 17 9 2 1 2 7 1 2 7 0 2 7 0 2 7 0 2 7 0 60.0091503858566284
12 16 2 0 2 7 0 2 7 12 16 2 1 2 7 1 2 7 17 18 2 1 2 7 1 2 4 0 2 7 1 2 7 0 2 4 0 2 4 0 2 7 1 2 7 13 6 3 0 2 4 1 2 7 0 2 7 0 2 7 1 2 3 0 2 7 13 6 3 5 31 3 1 2 7 1 2 7 0 2 7 1 2 7 0 2 7 0 2 7 17 9 2 1 2 7 17 9 2 13 6 3 0 2 7 0 2 7 0 2 7 1 2 7 0 2 3 0 2 7 1 2 7 5 31 3 12 16 2 5 30 3 16 6 2 0 2 7 17 18 2 17 9 2 0 2 3 0 2 7 0 2 4 12 16 2 0 2 7 1 2 7 17 9 2 1 2 7 1 2 7 1 2 3 0 2 7 1 2 7 0 59.9809155464172363
12 16 2 0 2 7 0 2 7 12 16 2 1 2 7 1 2 7 17 18 2 1 2 7 5 31 3 0 2 7 1 2 7 0 2 7 0 2 7 0 2 7 1 2 7 13 6 3 0 2 7 1 2 7 0 2 7 0 2 7 0 2 4 0 2 7 13 6 3 5 31 3 1 2 7 1 2 7 0 2 4 1 2 7 0 2 7 0 2 4 17 9 2 1 2 7 17 9 2 13 6 3 0 2 7 6 2 7 0 2 7 1 2 7 0 2 7 0 2 7 1 2 7 5 31 3 12 16 2 5 30 3 16 6 2 0 2 7 17 18 2 17 9 2 0 2 7 0 2 7 0 2 7 12 16 2 0 2 4 1 2 7 17 9 2 1 2 7 1 2 7 1 2 7 0 2 7 1 2 7 0 59.938682496547699
12 16 2 0 2 7 1 2 7 12 16 2 1 2 7 1 2 7 17 18 2 1 2 7 1 2 7 0 2 7 1 2 7 0 2 7 0 2 7 0 2 7 0 2 7 13 6 3 0 2 7 1 2 7 1 2 7 0 2 7 1 2 7 0 2 7 13 6 3 5 31 3 1 2 7 1 2 7 0 2 7 1 2 7 0 2 7 0 2 7 17 9 2 0 2 7 16 6 2 13 6 3 5 30 3 0 2 7 0 2 7 1 2 7 0 2 3 1 2 7 1 2 7 5 31 3 12 16 2 5 31 3 16 6 2 0 2 7 17 18 2 17 9 2 0 2 7 0 2 7 0 2 7 12 16 2 0 2 7 0 2 7 17 9 2 1 2 7 1 2 7 0 2 7 0 2 7 0 2 7 0 60.0091503858566284
12 16 2 0 2 7 0 2 7 12 16 2 0 2 7 1 2 7 17 18 2 0 2 7 0 2 7 0 2 7 1 2 7 0 2 7 0 2 7 0 2 7 1 2 7 13 6 3 12 16 2 1 2 7 1 2 7 0 2 7 0 2 7 1 2 7 13 6 3 5 31 3 1 2 7 1 2 7 1 2 7 1 2 7 0 2 7 0 2 7 17 9 2 0 2 3 16 6 2 13 6 3 0 2 7 0 2 7 0 2 7 1 2 7 0 2 7 1 2 7 1 2 7 5 31 3 5 30 3 5 31 3 16 6 2 0 2 7 17 18 2 17 9 2 0 2 7 0 2 7 0 2 7 12 16 2 0 2 7 0 2 7 17 9 2 1 2 7 1 2 7 1 2 7 0 2 7 1 2 7 0 60.0091503858566284
12 16 2 0 2 7 0 2 7 12 16 2 0 2 7 1 2 7 17 18 2 0 2 7 0 2 7 0 2 7 1 2 7 0 2 7 0 2 7 0 2 7 1 2 7 13 6 3 12 16 2 1 2 7 1 2 7 0 2 7 0 2 7 1 2 7 13 6 3 5 31 3 1 2 7 1 2 7 1 2 7 1 2 7 0 2 7 0 2 7 17 9 2 0 2 3 16 6 2 13 6 3 0 2 7 0 2 7 0 2 7 1 2 7 0 2 7 1 2 7 1 2 7 5 31 3 5 30 3 5 31 3 16 6 2 0 2 7 17 18 2 17 9 2 0 2 7 0 2 7 0 2 7 12 16 2 0 2 7 0 2 7 17 9 2 1 2 7 1 2 7 1 2 7 0 2 7 1 2 7 0 60.0091503858566284
12 16 2 0 2 7 1 2 7 12 16 2 1 2 7 1 2 7 17 18 2 1 2 7 1 2 7 0 2 7 1 2 7 0 2 7 0 2 7 0 2 7 0 2 7 13 6 3 0 2 7 1 2 7 1 2 7 0 2 7 1 2 7 0 2 7 13 6 3 5 31 3 1 2 7 1 2 7 0 2 7 1 2 7 0 2 7 0 2 7 17 9 2 0 2 7 16 6 2 13 6 3 5 30 3 0 2 7 0 2 7 1 2 7 0 2 3 1 2 7 1 2 7 5 31 3 12 16 2 5 31 3 16 6 2 0 2 7 17 18 2 17 9 2 0 2 7 0 2 7 0 2 7 12 16 2 0 2 7 0 2 7 17 9 2 1 2 7 1 2 7 0 2 7 0 2 7 0 2 7 0 60.0091503858566284
12 16 2 0 2 7 1 2 7 12 16 2 1 2 7 1 2 7 17 18 2 1 2 7 1 2 7 0 2 7 1 2 7 0 2 7 0 2 7 0 2 7 0 2 7 13 6 3 0 2 7 1 2 7 1 2 7 0 2 7 1 2 7 0 2 7 13 6 3 5 31 3 1 2 7 1 2 7 0 2 7 1 2 7 0 2 7 0 2 7 17 9 2 0 2 7 16 6 2 13 6 3 5 30 3 0 2 7 0 2 7 1 2 7 0 2 3 1 2 7 1 2 7 5 31 3 12 16 2 5 31 3 16 6 2 0 2 7 17 18 2 17 9 2 0 2 7 0 2 7 0 2 7 12 16 2 0 2 7 0 2 7 17 9 2 1 2 7 1 2 7 0 2 7 0 2 7 0 2 7 0 60.0091503858566284
12 16 2 0 2 7 1 2 7 12 16 2 1 2 7 1 2 7 17 18 2 1 2 7 1 2 7 0 2 7 1 2 7 0 2 7 0 2 7 0 2 7 0 2 7 13 6 3 0 2 7 1 2 7 1 2 7 0 2 7 1 2 7 0 2 7 13 6 3 5 31 3 1 2 7 1 2 7 0 2 7 1 2 7 0 2 7 0 2 7 17 9 2 0 2 7 16 6 2 13 6 3 5 30 3 0 2 7 0 2 7 1 2 7 0 2 3 1 2 7 1 2 7 5 31 3 12 16 2 5 31 3 16 6 2 0 2 7 17 18 2 17 9 2 0 2 7 0 2 7 0 2 7 12 16 2 0 2 7 0 2 7 17 9 2 1 2 7 1 2 7 0 2 7 0 2 7 0 2 7 0 60.0091503858566284
12 16 2 1 2 7 0 2 7 12 16 2 1 2 7 0 2 4 17 18 2 1 2 7 5 31 3 0 2 7 1 2 7 0 2 7 0 2 7 0 2 7 0 2 4 13 6 3 0 2 7 1 2 7 0 2 7 1 2 7 0 2 7 1 2 7 13 6 3 5 31 3 1 2 7 1 2 7 0 2 7 1 2 7 0 2 7 0 2 7 17 9 2 1 2 7 17 9 2 13 6 3 0 2 7 0 2 7 0 2 7 1 2 7 0 2 7 0 2 7 1 2 7 5 31 3 12 16 2 1 2 7 16 6 2 0 2 7 17 18 2 17 9 2 0 2 7 0 2 7 0 2 7 12 16 2 0 2 7 1 2 7 17 9 2 1 2 7 1 2 7 1 2 7 0 2 4 1 2 7 0 59.7211945056915283
12 16 2 1 2 7 0 2 7 12 16 2 1 2 7 0 2 4 17 18 2 1 2 7 5 31 3 0 2 7 1 2 7 0 2 7 0 2 7 0 2 7 0 2 4 13 6 3 0 2 7 1 2 7 0 2 7 1 2 7 0 2 7 1 2 7 13 6 3 5 31 3 1 2 7 1 2 7 0 2 7 1 2 7 0 2 7 0 2 7 17 9 2 1 2 7 17 9 2 13 6 3 0 2 7 0 2 7 0 2 7 1 2 7 0 2 7 0 2 7 1 2 7 5 31 3 12 16 2 1 2 7 16 6 2 0 2 7 17 18 2 17 9 2 0 2 7 0 2 7 0 2 7 12 16 2 0 2 7 1 2 7 17 9 2 1 2 7 1 2 7 1 2 7 0 2 4 1 2 7 0 59.7211945056915283
12 16 2 1 2 7 0 2 7 12 16 2 1 2 7 0 2 4 17 18 2 1 2 7 5 31 3 0 2 7 1 2 7 0 2 7 0 2 7 0 2 7 0 2 4 13 6 3 0 2 7 1 2 7 0 2 7 1 2 7 0 2 7 1 2 7 13 6 3 5 31 3 1 2 7 1 2 7 0 2 7 1 2 7 0 2 7 0 2 7 17 9 2 1 2 7 17 9 2 13 6 3 0 2 7 0 2 7 0 2 7 1 2 7 0 2 7 0 2 7 1 2 7 5 31 3 12 16 2 1 2 7 16 6 2 0 2 7 17 18 2 17 9 2 0 2 7 0 2 7 0 2 7 12 16 2 0 2 7 1 2 7 17 9 2 1 2 7 1 2 7 1 2 7 0 2 4 1 2 7 0 59.7211945056915283
12 16 2 1 2 7 0 2 7 12 16 2 1 2 7 0 2 4 17 18 2 1 2 7 5 31 3 0 2 7 1 2 7 0 2 7 0 2 7 0 2 7 0 2 4 13 6 3 0 2 7 1 2 7 0 2 7 1 2 7 0 2 7 1 2 7 13 6 3 5 31 3 1 2 7 1 2 7 0 2 7 1 2 7 0 2 7 0 2 7 17 9 2 1 2 7 17 9 2 13 6 3 0 2 7 0 2 7 0 2 7 1 2 7 0 2 7 0 2 7 1 2 7 5 31 3 12 16 2 1 2 7 16 6 2 0 2 7 17 18 2 17 9 2 0 2 7 0 2 7 0 2 7 12 16 2 0 2 7 1 2 7 17 9 2 1 2 7 1 2 7 1 2 7 0 2 4 1 2 7 0 59.7211945056915283
12 16 2 1 2 7 0 2 7 12 16 2 1 2 7 0 2 4 17 18 2 1 2 7 5 31 3 0 2 7 1 2 7 0 2 7 0 2 7 0 2 7 0 2 4 13 6 3 0 2 7 1 2 7 0 2 7 1 2 7 0 2 7 1 2 7 13 6 3 5 31 3 1 2 7 1 2 7 0 2 7 1 2 7 0 2 7 0 2 7 17 9 2 1 2 7 17 9 2 13 6 3 0 2 7 0 2 7 0 2 7 1 2 7 0 2 7 0 2 7 1 2 7 5 31 3 12 16 2 1 2 7 16 6 2 0 2 7 17 18 2 17 9 2 0 2 7 0 2 7 0 2 7 12 16 2 0 2 7 1 2 7 17 9 2 1 2 7 1 2 7 1 2 7 0 2 4 1 2 7 0 59.7211945056915283
12 16 2 1 2 7 0 2 7 12 16 2 1 2 7 0 2 4 17 18 2 1 2 7 5 31 3 0 2 7 1 2 7 0 2 7 0 2 7 0 2 7 0 2 4 13 6 3 0 2 7 1 2 7 0 2 7 1 2 7 0 2 7 1 2 7 13 6 3 5 31 3 1 2 7 1 2 7 0 2 7 1 2 7 0 2 7 0 2 7 17 9 2 1 2 7 17 9 2 13 6 3 0 2 7 0 2 7 0 2 7 1 2 7 0 2 7 0 2 7 1 2 7 5 31 3 12 16 2 1 2 7 16 6 2 0 2 7 17 18 2 17 9 2 0 2 7 0 2 7 0 2 7 12 16 2 0 2 7 1 2 7 17 9 2 1 2 7 1 2 7 1 2 7 0 2 4 1 2 7 0 59.7211945056915283
12 16 2 1 2 7 0 2 7 12 16 2 1 2 7 0 2 4 17 18 2 1 2 7 5 31 3 0 2 7 1 2 7 0 2 7 0 2 7 0 2 7 0 2 4 13 6 3 0 2 7 1 2 7 0 2 7 1 2 7 0 2 7 1 2 7 13 6 3 5 31 3 1 2 7 1 2 7 0 2 7 1 2 7 0 2 7 0 2 7 17 9 2 1 2 7 17 9 2 13 6 3 0 2 7 0 2 7 0 2 7 1 2 7 0 2 7 0 2 7 1 2 7 5 31 3 12 16 2 1 2 7 16 6 2 0 2 7 17 18 2 17 9 2 0 2 7 0 2 7 0 2 7 12 16 2 0 2 7 1 2 7 17 9 2 1 2 7 1 2 7 1 2 7 0 2 4 1 2 7 0 59.7211945056915283
12 16 2 1 2 7 0 2 7 12 16 2 1 2 7 0 2 4 17 18 2 1 2 7 5 31 3 0 2 7 1 2 7 0 2 7 0 2 7 0 2 7 0 2 4 13 6 3 0 2 7 1 2 7 0 2 7 1 2 7 0 2 7 1 2 7 13 6 3 5 31 3 1 2 7 1 2 7 0 2 7 1 2 7 0 2 7 0 2 7 17 9 2 1 2 7 17 9 2 13 6 3 0 2 7 0 2 7 0 2 7 1 2 7 0 2 7 0 2 7 1 2 7 5 31 3 12 16 2 1 2 7 16 6 2 0 2 7 17 18 2 17 9 2 0 2 7 0 2 7 0 2 7 12 16 2 0 2 7 1 2 7 17 9 2 1 2 7 1 2 7 1 2 7 0 2 4 1 2 7 0 59.7211945056915283
12 16 2 1 2 7 0 2 7 12 16 2 1 2 7 0 2 4 17 18 2 1 2 7 5 31 3 0 2 7 1 2 7 0 2 7 0 2 7 0 2 7 0 2 4 13 6 3 0 2 7 1 2 7 0 2 7 1 2 7 0 2 7 1 2 7 13 6 3 5 31 3 1 2 7 1 2 7 0 2 7 1 2 7 0 2 7 0 2 7 17 9 2 1 2 7 17 9 2 13 6 3 0 2 7 0 2 7 0 2 7 1 2 7 0 2 7 0 2 7 1 2 7 5 31 3 12 16 2 1 2 7 16 6 2 0 2 7 17 18 2 17 9 2 0 2 7 0 2 7 0 2 7 12 16 2 0 2 7 1 2 7 17 9 2 1 2 7 1 2 7 1 2 7 0 2 4 1 2 7 0 59.7211945056915283
12 16 2 1 2 7 0 2 7 12 16 2 1 2 7 0 2 4 17 18 2 1 2 7 5 31 3 0 2 7 1 2 7 0 2 7 0 2 7 0 2 7 0 2 4 13 6 3 0 2 7 1 2 7 0 2 7 1 2 7 0 2 7 1 2 7 13 6 3 5 31 3 1 2 7 1 2 7 0 2 7 1 2 7 0 2 7 0 2 7 17 9 2 1 2 7 17 9 2 13 6 3 0 2 7 0 2 7 0 2 7 1 2 7 0 2 7 0 2 7 1 2 7 5 31 3 12 16 2 1 2 7 16 6 2 0 2 7 17 18 2 17 9 2 0 2 7 0 2 7 0 2 7 12 16 2 0 2 7 1 2 7 17 9 2 1 2 7 1 2 7 1 2 7 0 2 4 1 2 7 0 59.7211945056915283
12 16 2 1 2 7 0 2 7 12 16 2 1 2 7 0 2 4 17 18 2 1 2 7 5 31 3 0 2 7 1 2 7 0 2 7 0 2 7 0 2 7 0 2 4 13 6 3 0 2 7 1 2 7 0 2 7 1 2 7 0 2 7 1 2 7 13 6 3 5 31 3 1 2 7 1 2 7 0 2 7 1 2 7 0 2 7 0 2 7 17 9 2 1 2 7 17 9 2 13 6 3 0 2 7 0 2 7 0 2 7 1 2 7 0 2 7 0 2 7 1 2 7 5 31 3 12 16 2 1 2 7 16 6 2 0 2 7 17 18 2 17 9 2 0 2 7 0 2 7 0 2 7 12 16 2 0 2 7 1 2 7 17 9 2 1 2 7 1 2 7 1 2 7 0 2 4 1 2 7 0 59.7211945056915283
12 16 2 1 2 7 0 2 7 12 16 2 1 2 7 0 2 4 17 18 2 1 2 7 5 31 3 0 2 7 1 2 7 0 2 7 0 2 7 0 2 7 0 2 4 13 6 3 0 2 7 1 2 7 0 2 7 1 2 7 0 2 7 1 2 7 13 6 3 5 31 3 1 2 7 1 2 7 0 2 7 1 2 7 0 2 7 0 2 7 17 9 2 1 2 7 17 9 2 13 6 3 0 2 7 0 2 7 0 2 7 1 2 7 0 2 7 0 2 7 1 2 7 5 31 3 12 16 2 1 2 7 16 6 2 0 2 7 17 18 2 17 9 2 0 2 7 0 2 7 0 2 7 12 16 2 0 2 7 1 2 7 17 9 2 1 2 7 1 2 7 1 2 7 0 2 4 1 2 7 0 59.7211945056915283
12 16 2 1 2 7 0 2 7 12 16 2 1 2 7 0 2 4 17 18 2 1 2 7 5 31 3 0 2 7 1 2 7 0 2 7 0 2 7 0 2 7 0 2 4 13 6 3 0 2 7 1 2 7 0 2 7 1 2 7 0 2 7 1 2 7 13 6 3 5 31 3 1 2 7 1 2 7 0 2 7 1 2 7 0 2 7 0 2 7 17 9 2 1 2 7 17 9 2 13 6 3 0 2 7 0 2 7 0 2 7 1 2 7 0 2 7 0 2 7 1 2 7 5 31 3 12 16 2 1 2 7 16 6 2 0 2 7 17 18 2 17 9 2 0 2 7 0 2 7 0 2 7 12 16 2 0 2 7 1 2 7 17 9 2 1 2 7 1 2 7 1 2 7 0 2 4 1 2 7 0 59.7211945056915283
12 16 2 1 2 7 0 2 7 12 16 2 1 2 7 0 2 4 17 18 2 1 2 7 5 31 3 0 2 7 1 2 7 0 2 7 0 2 7 0 2 7 0 2 4 13 6 3 0 2 7 1 2 7 0 2 7 1 2 7 0 2 7 1 2 7 13 6 3 5 31 3 1 2 7 1 2 7 0 2 7 1 2 7 0 2 7 0 2 7 17 9 2 1 2 7 17 9 2 13 6 3 0 2 7 0 2 7 0 2 7 1 2 7 0 2 7 0 2 7 1 2 7 5 31 3 12 16 2 1 2 7 16 6 2 0 2 7 17 18 2 17 9 2 0 2 7 0 2 7 0 2 7 12 16 2 0 2 7 1 2 7 17 9 2 1 2 7 1 2 7 1 2 7 0 2 4 1 2 7 0 59.7211945056915283
12 16 2 1 2 7 0 2 7 12 16 2 1 2 7 0 2 4 17 18 2 1 2 7 5 31 3 0 2 7 1 2 7 0 2 7 0 2 7 0 2 7 0 2 4 13 6 3 0 2 7 1 2 7 0 2 7 1 2 7 0 2 7 1 2 7 13 6 3 5 31 3 1 2 7 1 2 7 0 2 7 1 2 7 0 2 7 0 2 7 17 9 2 1 2 7 17 9 2 13 6 3 0 2 7 0 2 7 0 2 7 1 2 7 0 2 7 0 2 7 1 2 7 5 31 3 12 16 2 1 2 7 16 6 2 0 2 7 17 18 2 17 9 2 0 2 7 0 2 7 0 2 7 12 16 2 0 2 7 1 2 7 17 9 2 1 2 7 1 2 7 1 2 7 0 2 4 1 2 7 0 59.7211945056915283
12 16 2 1 2 7 0 2 7 12 16 2 1 2 7 0 2 4 17 18 2 1 2 7 5 31 3 0 2 7 1 2 7 0 2 7 0 2 7 0 2 7 0 2 4 13 6 3 0 2 7 1 2 7 0 2 7 1 2 7 0 2 7 1 2 7 13 6 3 5 31 3 1 2 7 1 2 7 0 2 7 1 2 7 0 2 7 0 2 7 17 9 2 1 2 7 17 9 2 13 6 3 0 2 7 0 2 7 0 2 7 1 2 7 0 2 7 0 2 7 1 2 7 5 31 3 12 16 2 1 2 7 16 6 2 0 2 7 17 18 2 17 9 2 0 2 7 0 2 7 0 2 7 12 16 2 0 2 7 1 2 7 17 9 2 1 2 7 1 2 7 1 2 7 0 2 4 1 2 7 0 59.7211945056915283
12 16 2 1 2 7 0 2 7 12 16 2 1 2 7 0 2 4 17 18 2 1 2 7 5 31 3 0 2 7 1 2 7 0 2 7 0 2 7 0 2 7 0 2 4 13 6 3 0 2 7 1 2 7 0 2 7 1 2 7 0 2 7 1 2 7 13 6 3 5 31 3 1 2 7 1 2 7 0 2 7 1 2 7 0 2 7 0 2 7 17 9 2 1 2 7 17 9 2 13 6 3 0 2 7 0 2 7 0 2 7 1 2 7 0 2 7 0 2 7 1 2 7 5 31 3 12 16 2 1 2 7 16 6 2 0 2 7 17 18 2 17 9 2 0 2 7 0 2 7 0 2 7 12 16 2 0 2 7 1 2 7 17 9 2 1 2 7 1 2 7 1 2 7 0 2 4 1 2 7 0 59.7211945056915283
12 16 2 1 2 7 0 2 7 12 16 2 1 2 7 0 2 4 17 18 2 1 2 7 5 31 3 0 2 7 1 2 7 0 2 7 0 2 7 0 2 7 0 2 4 13 6 3 0 2 7 1 2 7 0 2 7 1 2 7 0 2 7 1 2 7 13 6 3 5 31 3 1 2 7 1 2 7 0 2 7 1 2 7 0 2 7 0 2 7 17 9 2 1 2 7 17 9 2 13 6 3 0 2 7 0 2 7 0 2 7 1 2 7 0 2 7 0 2 7 1 2 7 5 31 3 12 16 2 1 2 7 16 6 2 0 2 7 17 18 2 17 9 2 0 2 7 0 2 7 0 2 7 12 16 2 0 2 7 1 2 7 17 9 2 1 2 7 1 2 7 1 2 7 0 2 4 1 2 7 0 59.7211945056915283
12 16 2 1 2 7 0 2 7 12 16 2 1 2 7 0 2 4 17 18 2 1 2 7 5 31 3 0 2 7 1 2 7 0 2 7 0 2 7 0 2 7 0 2 4 13 6 3 0 2 7 1 2 7 0 2 7 1 2 7 0 2 7 1 2 7 13 6 3 5 31 3 1 2 7 1 2 7 0 2 7 1 2 7 0 2 7 0 2 7 17 9 2 1 2 7 17 9 2 13 6 3 0 2 7 0 2 7 0 2 7 1 2 7 0 2 7 0 2 7 1 2 7 5 31 3 12 16 2 1 2 7 16 6 2 0 2 7 17 18 2 17 9 2 0 2 7 0 2 7 0 2 7 12 16 2 0 2 7 1 2 7 17 9 2 1 2 7 1 2 7 1 2 7 0 2 4 1 2 7 0 59.7211945056915283
12 16 2 1 2 7 0 2 7 12 16 2 1 2 7 0 2 4 17 18 2 1 2 7 5 31 3 0 2 7 1 2 7 0 2 7 0 2 7 0 2 7 0 2 4 13 6 3 0 2 7 1 2 7 0 2 7 1 2 7 0 2 7 1 2 7 13 6 3 5 31 3 1 2 7 1 2 7 0 2 7 1 2 7 0 2 7 0 2 7 17 9 2 1 2 7 17 9 2 13 6 3 0 2 7 0 2 7 0 2 7 1 2 7 0 2 7 0 2 7 1 2 7 5 31 3 12 16 2 1 2 7 16 6 2 0 2 7 17 18 2 17 9 2 0 2 7 0 2 7 0 2 7 12 16 2 0 2 7 1 2 7 17 9 2 1 2 7 1 2 7 1 2 7 0 2 4 1 2 7 0 59.7211945056915283
12 16 2 1 2 7 0 2 7 12 16 2 1 2 7 0 2 4 17 18 2 1 2 7 5 31 3 0 2 7 1 2 7 0 2 7 0 2 7 0 2 7 0 2 4 13 6 3 0 2 7 1 2 7 0 2 7 1 2 7 0 2 7 1 2 7 13 6 3 5 31 3 1 2 7 1 2 7 0 2 7 1 2 7 0 2 7 0 2 7 17 9 2 1 2 7 17 9 2 13 6 3 0 2 7 0 2 7 0 2 7 1 2 7 0 2 7 0 2 7 1 2 7 5 31 3 12 16 2 1 2 7 16 6 2 0 2 7 17 18 2 17 9 2 0 2 7 0 2 7 0 2 7 12 16 2 0 2 7 1 2 7 17 9 2 1 2 7 1 2 7 1 2 7 0 2 4 1 2 7 0 59.7211945056915283
12 16 2 1 2 7 0 2 7 12 16 2 1 2 7 0 2 4 17 18 2 1 2 7 5 31 3 0 2 7 1 2 7 0 2 7 0 2 7 0 2 7 0 2 4 13 6 3 0 2 7 1 2 7 0 2 7 1 2 7 0 2 7 1 2 7 13 6 3 5 31 3 1 2 7 1 2 7 0 2 7 1 2 7 0 2 7 0 2 7 17 9 2 1 2 7 17 9 2 13 6 3 0 2 7 0 2 7 0 2 7 1 2 7 0 2 7 0 2 7 1 2 7 5 31 3 12 16 2 1 2 7 16 6 2 0 2 7 17 18 2 17 9 2 0 2 7 0 2 7 0 2 7 12 16 2 0 2 7 1 2 7 17 9 2 1 2 7 1 2 7 1 2 7 0 2 4 1 2 7 0 59.7211945056915283
12 16 2 1 2 7 0 2 7 12 16 2 1 2 7 0 2 4 17 18 2 1 2 7 5 31 3 0 2 7 1 2 7 0 2 7 0 2 7 0 2 7 0 2 4 13 6 3 0 2 7 1 2 7 0 2 7 1 2 7 0 2 7 1 2 7 13 6 3 5 31 3 1 2 7 1 2 7 0 2 7 1 2 7 0 2 7 0 2 7 17 9 2 1 2 7 17 9 2 13 6 3 0 2 7 0 2 7 0 2 7 1 2 7 0 2 7 0 2 7 1 2 7 5 31 3 12 16 2 1 2 7 16 6 2 0 2 7 17 18 2 17 9 2 0 2 7 0 2 7 0 2 7 12 16 2 0 2 7 1 2 7 17 9 2 1 2 7 1 2 7 1 2 7 0 2 4 1 2 7 0 59.7211945056915283
12 16 2 1 2 7 0 2 7 12 16 2 1 2 7 0 2 4 17 18 2 1 2 7 5 31 3 0 2 7 1 2 7 0 2 7 0 2 7 0 2 7 0 2 4 13 6 3 0 2 7 1 2 7 0 2 7 1 2 7 0 2 7 1 2 7 13 6 3 5 31 3 1 2 7 1 2 7 0 2 7 1 2 7 0 2 7 0 2 7 17 9 2 1 2 7 17 9 2 13 6 3 0 2 7 0 2 7 0 2 7 1 2 7 0 2 7 0 2 7 1 2 7 5 31 3 12 16 2 1 2 7 16 6 2 0 2 7 17 18 2 17 9 2 0 2 7 0 2 7 0 2 7 12 16 2 0 2 7 1 2 7 17 9 2 1 2 7 1 2 7 1 2 7 0 2 4 1 2 7 0 59.7211945056915283
12 16 2 1 2 7 0 2 7 12 16 2 1 2 7 0 2 4 17 18 2 1 2 7 5 31 3 0 2 7 1 2 7 0 2 7 0 2 7 0 2 7 0 2 4 13 6 3 0 2 7 1 2 7 0 2 7 1 2 7 0 2 7 1 2 7 13 6 3 5 31 3 1 2 7 1 2 7 0 2 7 1 2 7 0 2 7 0 2 7 17 9 2 1 2 7 17 9 2 13 6 3 0 2 7 0 2 7 0 2 7 1 2 7 0 2 7 0 2 7 1 2 7 5 31 3 12 16 2 1 2 7 16 6 2 0 2 7 17 18 2 17 9 2 0 2 7 0 2 7 0 2 7 12 16 2 0 2 7 1 2 7 17 9 2 1 2 7 1 2 7 1 2 7 0 2 4 1 2 7 0 59.7211945056915283
12 16 2 1 2 7 0 2 7 12 16 2 1 2 7 0 2 4 17 18 2 1 2 7 5 31 3 0 2 7 1 2 7 0 2 7 0 2 7 0 2 7 0 2 4 13 6 3 0 2 7 1 2 7 0 2 7 1 2 7 0 2 7 1 2 7 13 6 3 5 31 3 1 2 7 1 2 7 0 2 7 1 2 7 0 2 7 0 2 7 17 9 2 1 2 7 17 9 2 13 6 3 0 2 7 0 2 7 0 2 7 1 2 7 0 2 7 0 2 7 1 2 7 5 31 3 12 16 2 1 2 7 16 6 2 0 2 7 17 18 2 17 9 2 0 2 7 0 2 7 0 2 7 12 16 2 0 2 7 1 2 7 17 9 2 1 2 7 1 2 7 1 2 7 0 2 4 1 2 7 0 59.7211945056915283
12 16 2 1 2 7 0 2 7 12 16 2 1 2 7 0 2 4 17 18 2 1 2 7 5 31 3 0 2 7 1 2 7 0 2 7 0 2 7 0 2 7 0 2 4 13 6 3 0 2 7 1 2 7 0 2 7 1 2 7 0 2 7 1 2 7 13 6 3 5 31 3 1 2 7 1 2 7 0 2 7 1 2 7 0 2 7 0 2 7 17 9 2 1 2 7 17 9 2 13 6 3 0 2 7 0 2 7 0 2 7 1 2 7 0 2 7 0 2 7 1 2 7 5 31 3 12 16 2 1 2 7 16 6 2 0 2 7 17 18 2 17 9 2 0 2 7 0 2 7 0 2 7 12 16 2 0 2 7 1 2 7 17 9 2 1 2 7 1 2 7 1 2 7 0 2 4 1 2 7 0 59.7211945056915283
12 16 2 1 2 7 0 2 7 12 16 2 1 2 7 0 2 4 17 18 2 1 2 7 5 31 3 0 2 7 1 2 7 0 2 7 0 2 7 0 2 7 0 2 4 13 6 3 0 2 7 1 2 7 0 2 7 1 2 7 0 2 7 1 2 7 13 6 3 5 31 3 1 2 7 1 2 7 0 2 7 1 2 7 0 2 7 0 2 7 17 9 2 1 2 7 17 9 2 13 6 3 0 2 7 0 2 7 0 2 7 1 2 7 0 2 7 0 2 7 1 2 7 5 31 3 12 16 2 1 2 7 16 6 2 0 2 7 17 18 2 17 9 2 0 2 7 0 2 7 0 2 7 12 16 2 0 2 7 1 2 7 17 9 2 1 2 7 1 2 7 1 2 7 0 2 4 1 2 7 0 59.7211945056915283
12 16 2 1 2 7 0 2 7 12 16 2 1 2 7 0 2 4 17 18 2 1 2 7 5 31 3 0 2 7 1 2 7 0 2 7 0 2 7 0 2 7 0 2 4 13 6 3 0 2 7 1 2 7 0 2 7 1 2 7 0 2 7 1 2 7 13 6 3 5 31 3 1 2 7 1 2 7 0 2 7 1 2 7 0 2 7 0 2 7 17 9 2 1 2 7 17 9 2 13 6 3 0 2 7 0 2 7 0 2 7 1 2 7 0 2 7 0 2 7 1 2 7 5 31 3 12 16 2 1 2 7 16 6 2 0 2 7 17 18 2 17 9 2 0 2 7 0 2 7 0 2 7 12 16 2 0 2 7 1 2 7 17 9 2 1 2 7 1 2 7 1 2 7 0 2 4 1 2 7 0 59.7211945056915283
12 16 2 1 2 7 0 2 7 12 16 2 1 2 7 0 2 4 17 18 2 1 2 7 5 31 3 0 2 7 1 2 7 0 2 7 0 2 7 0 2 7 0 2 4 13 6 3 0 2 7 1 2 7 0 2 7 1 2 7 0 2 7 1 2 7 13 6 3 5 31 3 1 2 7 1 2 7 0 2 7 1 2 7 0 2 7 0 2 7 17 9 2 1 2 7 17 9 2 13 6 3 0 2 7 0 2 7 0 2 7 1 2 7 0 2 7 0 2 7 1 2 7 5 31 3 12 16 2 1 2 7 16 6 2 0 2 7 17 18 2 17 9 2 0 2 7 0 2 7 0 2 7 12 16 2 0 2 7 1 2 7 17 9 2 1 2 7 1 2 7 1 2 7 0 2 4 1 2 7 0 59.7211945056915283
12 16 2 1 2 7 0 2 7 12 16 2 1 2 7 0 2 4 17 18 2 1 2 7 5 31 3 0 2 7 1 2 7 0 2 7 0 2 7 0 2 7 0 2 4 13 6 3 0 2 7 1 2 7 0 2 7 1 2 7 0 2 7 1 2 7 13 6 3 5 31 3 1 2 7 1 2 7 0 2 7 1 2 7 0 2 7 0 2 7 17 9 2 1 2 7 17 9 2 13 6 3 0 2 7 0 2 7 0 2 7 1 2 7 0 2 7 0 2 7 1 2 7 5 31 3 12 16 2 1 2 7 16 6 2 0 2 7 17 18 2 17 9 2 0 2 7 0 2 7 0 2 7 12 16 2 0 2 7 1 2 7 17 9 2 1 2 7 1 2 7 1 2 7 0 2 4 1 2 7 0 59.7211945056915283
12 16 2 1 2 7 0 2 7 12 16 2 1 2 7 0 2 4 17 18 2 1 2 7 5 31 3 0 2 7 1 2 7 0 2 7 0 2 7 0 2 7 0 2 4 13 6 3 0 2 7 1 2 7 0 2 7 1 2 7 0 2 7 1 2 7 13 6 3 5 31 3 1 2 7 1 2 7 0 2 7 1 2 7 0 2 7 0 2 7 17 9 2 1 2 7 17 9 2 13 6 3 0 2 7 0 2 7 0 2 7 1 2 7 0 2 7 0 2 7 1 2 7 5 31 3 12 16 2 1 2 7 16 6 2 0 2 7 17 18 2 17 9 2 0 2 7 0 2 7 0 2 7 12 16 2 0 2 7 1 2 7 17 9 2 1 2 7 1 2 7 1 2 7 0 2 4 1 2 7 0 59.7211945056915283
12 16 2 1 2 7 0 2 7 12 16 2 1 2 7 0 2 4 17 18 2 1 2 7 5 31 3 0 2 7 1 2 7 0 2 7 0 2 7 0 2 7 0 2 4 13 6 3 0 2 7 1 2 7 0 2 7 1 2 7 0 2 7 1 2 7 13 6 3 5 31 3 1 2 7 1 2 7 0 2 7 1 2 7 0 2 7 0 2 7 17 9 2 1 2 7 17 9 2 13 6 3 0 2 7 0 2 7 0 2 7 1 2 7 0 2 7 0 2 7 1 2 7 5 31 3 12 16 2 1 2 7 16 6 2 0 2 7 17 18 2 17 9 2 0 2 7 0 2 7 0 2 7 12 16 2 0 2 7 1 2 7 17 9 2 1 2 7 1 2 7 1 2 7 0 2 4 1 2 7 0 59.7211945056915283
12 16 2 1 2 7 0 2 7 12 16 2 1 2 7 0 2 4 17 18 2 1 2 7 5 31 3 0 2 7 1 2 7 0 2 7 0 2 7 0 2 7 0 2 4 13 6 3 0 2 7 1 2 7 0 2 7 1 2 7 0 2 7 1 2 7 13 6 3 5 31 3 1 2 7 1 2 7 0 2 7 1 2 7 0 2 7 0 2 7 17 9 2 1 2 7 17 9 2 13 6 3 0 2 7 0 2 7 0 2 7 1 2 7 0 2 7 0 2 7 1 2 7 5 31 3 12 16 2 1 2 7 16 6 2 0 2 7 17 18 2 17 9 2 0 2 7 0 2 7 0 2 7 12 16 2 0 2 7 1 2 7 17 9 2 1 2 7 1 2 7 1 2 7 0 2 4 1 2 7 0 59.7211945056915283
12 16 2 1 2 7 0 2 7 12 16 2 1 2 7 0 2 4 17 18 2 1 2 7 5 31 3 0 2 7 1 2 7 0 2 7 0 2 7 0 2 7 0 2 4 13 6 3 0 2 7 1 2 7 0 2 7 1 2 7 0 2 7 1 2 7 13 6 3 5 31 3 1 2 7 1 2 7 0 2 7 1 2 7 0 2 7 0 2 7 17 9 2 1 2 7 17 9 2 13 6 3 0 2 7 0 2 7 0 2 7 1 2 7 0 2 7 0 2 7 1 2 7 5 31 3 12 16 2 1 2 7 16 6 2 0 2 7 17 18 2 17 9 2 0 2 7 0 2 7 0 2 7 12 16 2 0 2 7 1 2 7 17 9 2 1 2 7 1 2 7 1 2 7 0 2 4 1 2 7 0 59.7211945056915283
12 16 2 1 2 7 0 2 7 12 16 2 1 2 7 0 2 4 17 18 2 1 2 7 5 31 3 0 2 7 1 2 7 0 2 7 0 2 7 0 2 7 0 2 4 13 6 3 0 2 7 1 2 7 0 2 7 1 2 7 0 2 7 1 2 7 13 6 3 5 31 3 1 2 7 1 2 7 0 2 7 1 2 7 0 2 7 0 2 7 17 9 2 1 2 7 17 9 2 13 6 3 0 2 7 0 2 7 0 2 7 1 2 7 0 2 7 0 2 7 1 2 7 5 31 3 12 16 2 1 2 7 16 6 2 0 2 7 17 18 2 17 9 2 0 2 7 0 2 7 0 2 7 12 16 2 0 2 7 1 2 7 17 9 2 1 2 7 1 2 7 1 2 7 0 2 4 1 2 7 0 59.7211945056915283
12 16 2 1 2 7 0 2 7 12 16 2 1 2 7 0 2 4 17 18 2 1 2 7 5 31 3 0 2 7 1 2 7 0 2 7 0 2 7 0 2 7 0 2 4 13 6 3 0 2 7 1 2 7 0 2 7 1 2 7 0 2 7 1 2 7 13 6 3 5 31 3 1 2 7 1 2 7 0 2 7 1 2 7 0 2 7 0 2 7 17 9 2 1 2 7 17 9 2 13 6 3 0 2 7 0 2 7 0 2 7 1 2 7 0 2 7 0 2 7 1 2 7 5 31 3 12 16 2 1 2 7 16 6 2 0 2 7 17 18 2 17 9 2 0 2 7 0 2 7 0 2 7 12 16 2 0 2 7 1 2 7 17 9 2 1 2 7 1 2 7 1 2 7 0 2 4 1 2 7 0 59.7211945056915283
12 16 2 1 2 7 0 2 7 12 16 2 1 2 7 0 2 4 17 18 2 1 2 7 5 31 3 0 2 7 1 2 7 0 2 7 0 2 7 0 2 7 0 2 4 13 6 3 0 2 7 1 2 7 0 2 7 1 2 7 0 2 7 1 2 7 13 6 3 5 31 3 1 2 7 1 2 7 0 2 7 1 2 7 0 2 7 0 2 7 17 9 2 1 2 7 17 9 2 13 6 3 0 2 7 0 2 7 0 2 7 1 2 7 0 2 7 0 2 7 1 2 7 5 31 3 12 16 2 1 2 7 16 6 2 0 2 7 17 18 2 17 9 2 0 2 7 0 2 7 0 2 7 12 16 2 0 2 7 1 2 7 17 9 2 1 2 7 1 2 7 1 2 7 0 2 4 1 2 7 0 59.7211945056915283
12 16 2 1 2 7 0 2 7 12 16 2 1 2 7 0 2 4 17 18 2 1 2 7 5 31 3 0 2 7 1 2 7 0 2 7 0 2 7 0 2 7 0 2 4 13 6 3 0 2 7 1 2 7 0 2 7 1 2 7 0 2 7 1 2 7 13 6 3 5 31 3 1 2 7 1 2 7 0 2 7 1 2 7 0 2 7 0 2 7 17 9 2 1 2 7 17 9 2 13 6 3 0 2 7 0 2 7 0 2 7 1 2 7 0 2 7 0 2 7 1 2 7 5 31 3 12 16 2 1 2 7 16 6 2 0 2 7 17 18 2 17 9 2 0 2 7 0 2 7 0 2 7 12 16 2 0 2 7 1 2 7 17 9 2 1 2 7 1 2 7 1 2 7 0 2 4 1 2 7 0 59.7211945056915283
12 16 2 1 2 7 0 2 7 12 16 2 1 2 7 0 2 4 17 18 2 1 2 7 5 31 3 0 2 7 1 2 7 0 2 7 0 2 7 0 2 7 0 2 4 13 6 3 0 2 7 1 2 7 0 2 7 1 2 7 0 2 7 1 2 7 13 6 3 5 31 3 1 2 7 1 2 7 0 2 7 1 2 7 0 2 7 0 2 7 17 9 2 1 2 7 17 9 2 13 6 3 0 2 7 0 2 7 0 2 7 1 2 7 0 2 7 0 2 7 1 2 7 5 31 3 12 16 2 1 2 7 16 6 2 0 2 7 17 18 2 17 9 2 0 2 7 0 2 7 0 2 7 12 16 2 0 2 7 1 2 7 17 9 2 1 2 7 1 2 7 1 2 7 0 2 4 1 2 7 0 59.7211945056915283
12 16 2 1 2 7 0 2 7 12 16 2 1 2 7 0 2 4 17 18 2 1 2 7 5 31 3 0 2 7 1 2 7 0 2 7 0 2 7 0 2 7 0 2 4 13 6 3 0 2 7 1 2 7 0 2 7 1 2 7 0 2 7 1 2 7 13 6 3 5 31 3 1 2 7 1 2 7 0 2 7 1 2 7 0 2 7 0 2 7 17 9 2 1 2 7 17 9 2 13 6 3 0 2 7 0 2 7 0 2 7 1 2 7 0 2 7 0 2 7 1 2 7 5 31 3 12 16 2 1 2 7 16 6 2 0 2 7 17 18 2 17 9 2 0 2 7 0 2 7 0 2 7 12 16 2 0 2 7 1 2 7 17 9 2 1 2 7 1 2 7 1 2 7 0 2 4 1 2 7 0 59.7211945056915283
12 16 2 1 2 7 0 2 7 12 16 2 1 2 7 0 2 4 17 18 2 1 2 7 5 31 3 0 2 7 1 2 7 0 2 7 0 2 7 0 2 7 0 2 4 13 6 3 0 2 7 1 2 7 0 2 7 1 2 7 0 2 7 1 2 7 13 6 3 5 31 3 1 2 7 1 2 7 0 2 7 1 2 7 0 2 7 0 2 7 17 9 2 1 2 7 17 9 2 13 6 3 0 2 7 0 2 7 0 2 7 1 2 7 0 2 7 0 2 7 1 2 7 5 31 3 12 16 2 1 2 7 16 6 2 0 2 7 17 18 2 17 9 2 0 2 7 0 2 7 0 2 7 12 16 2 0 2 7 1 2 7 17 9 2 1 2 7 1 2 7 1 2 7 0 2 4 1 2 7 0 59.7211945056915283
12 16 2 1 2 7 0 2 7 12 16 2 1 2 7 0 2 4 17 18 2 1 2 7 5 31 3 0 2 7 1 2 7 0 2 7 0 2 7 0 2 7 0 2 4 13 6 3 0 2 7 1 2 7 0 2 7 1 2 7 0 2 7 1 2 7 13 6 3 5 31 3 1 2 7 1 2 7 0 2 7 1 2 7 0 2 7 0 2 7 17 9 2 1 2 7 17 9 2 13 6 3 0 2 7 0 2 7 0 2 7 1 2 7 0 2 7 0 2 7 1 2 7 5 31 3 12 16 2 1 2 7 16 6 2 0 2 7 17 18 2 17 9 2 0 2 7 0 2 7 0 2 7 12 16 2 0 2 7 1 2 7 17 9 2 1 2 7 1 2 7 1 2 7 0 2 4 1 2 7 0 59.7211945056915283
12 16 2 1 2 7 0 2 7 12 16 2 1 2 7 0 2 4 17 18 2 1 2 7 5 31 3 0 2 7 1 2 7 0 2 7 0 2 7 0 2 7 0 2 4 13 6 3 0 2 7 1 2 7 0 2 7 1 2 7 0 2 7 1 2 7 13 6 3 5 31 3 1 2 7 1 2 7 0 2 7 1 2 7 0 2 7 0 2 7 17 9 2 1 2 7 17 9 2 13 6 3 0 2 7 0 2 7 0 2 7 1 2 7 0 2 7 0 2 7 1 2 7 5 31 3 12 16 2 1 2 7 16 6 2 0 2 7 17 18 2 17 9 2 0 2 7 0 2 7 0 2 7 12 16 2 0 2 7 1 2 7 17 9 2 1 2 7 1 2 7 1 2 7 0 2 4 1 2 7 0 59.7211945056915283
12 16 2 1 2 7 0 2 7 12 16 2 1 2 7 0 2 4 17 18 2 1 2 7 5 31 3 0 2 7 1 2 7 0 2 7 0 2 7 0 2 7 0 2 4 13 6 3 0 2 7 1 2 7 0 2 7 1 2 7 0 2 7 1 2 7 13 6 3 5 31 3 1 2 7 1 2 7 0 2 7 1 2 7 0 2 7 0 2 7 17 9 2 1 2 7 17 9 2 13 6 3 0 2 7 0 2 7 0 2 7 1 2 7 0 2 7 0 2 7 1 2 7 5 31 3 12 16 2 1 2 7 16 6 2 0 2 7 17 18 2 17 9 2 0 2 7 0 2 7 0 2 7 12 16 2 0 2 7 1 2 7 17 9 2 1 2 7 1 2 7 1 2 7 0 2 4 1 2 7 0 59.7211945056915283
12 16 2 1 2 7 0 2 7 12 16 2 1 2 7 0 2 4 17 18 2 1 2 7 5 31 3 0 2 7 1 2 7 0 2 7 0 2 7 0 2 7 0 2 4 13 6 3 0 2 7 1 2 7 0 2 7 1 2 7 0 2 7 1 2 7 13 6 3 5 31 3 1 2 7 1 2 7 0 2 7 1 2 7 0 2 7 0 2 7 17 9 2 1 2 7 17 9 2 13 6 3 0 2 7 0 2 7 0 2 7 1 2 7 0 2 7 0 2 7 1 2 7 5 31 3 12 16 2 1 2 7 16 6 2 0 2 7 17 18 2 17 9 2 0 2 7 0 2 7 0 2 7 12 16 2 0 2 7 1 2 7 17 9 2 1 2 7 1 2 7 1 2 7 0 2 4 1 2 7 0 59.7211945056915283
12 16 2 1 2 7 0 2 7 12 16 2 1 2 7 0 2 4 17 18 2 1 2 7 5 31 3 0 2 7 1 2 7 0 2 7 0 2 7 0 2 7 0 2 4 13 6 3 0 2 7 1 2 7 0 2 7 1 2 7 0 2 7 1 2 7 13 6 3 5 31 3 1 2 7 1 2 7 0 2 7 1 2 7 0 2 7 0 2 7 17 9 2 1 2 7 17 9 2 13 6 3 0 2 7 0 2 7 0 2 7 1 2 7 0 2 7 0 2 7 1 2 7 5 31 3 12 16 2 1 2 7 16 6 2 0 2 7 17 18 2 17 9 2 0 2 7 0 2 7 0 2 7 12 16 2 0 2 7 1 2 7 17 9 2 1 2 7 1 2 7 1 2 7 0 2 4 1 2 7 0 59.7211945056915283
12 16 2 1 2 7 0 2 7 12 16 2 1 2 7 0 2 4 17 18 2 1 2 7 5 31 3 0 2 7 1 2 7 0 2 7 0 2 7 0 2 7 0 2 4 13 6 3 0 2 7 1 2 7 0 2 7 1 2 7 0 2 7 1 2 7 13 6 3 5 31 3 1 2 7 1 2 7 0 2 7 1 2 7 0 2 7 0 2 7 17 9 2 1 2 7 17 9 2 13 6 3 0 2 7 0 2 7 0 2 7 1 2 7 0 2 7 0 2 7 1 2 7 5 31 3 12 16 2 1 2 7 16 6 2 0 2 7 17 18 2 17 9 2 0 2 7 0 2 7 0 2 7 12 16 2 0 2 7 1 2 7 17 9 2 1 2 7 1 2 7 1 2 7 0 2 4 1 2 7 0 59.7211945056915283
12 16 2 1 2 7 0 2 7 12 16 2 1 2 7 0 2 4 17 18 2 1 2 7 5 31 3 0 2 7 1 2 7 0 2 7 0 2 7 0 2 7 0 2 4 13 6 3 0 2 7 1 2 7 0 2 7 1 2 7 0 2 7 1 2 7 13 6 3 5 31 3 1 2 7 1 2 7 0 2 7 1 2 7 0 2 7 0 2 7 17 9 2 1 2 7 17 9 2 13 6 3 0 2 7 0 2 7 0 2 7 1 2 7 0 2 7 0 2 7 1 2 7 5 31 3 12 16 2 1 2 7 16 6 2 0 2 7 17 18 2 17 9 2 0 2 7 0 2 7 0 2 7 12 16 2 0 2 7 1 2 7 17 9 2 1 2 7 1 2 7 1 2 7 0 2 4 1 2 7 0 59.7211945056915283
12 16 2 1 2 7 0 2 7 12 16 2 1 2 7 0 2 4 17 18 2 1 2 7 5 31 3 0 2 7 1 2 7 0 2 7 0 2 7 0 2 7 0 2 4 13 6 3 0 2 7 1 2 7 0 2 7 1 2 7 0 2 7 1 2 7 13 6 3 5 31 3 1 2 7 1 2 7 0 2 7 1 2 7 0 2 7 0 2 7 17 9 2 1 2 7 17 9 2 13 6 3 0 2 7 0 2 7 0 2 7 1 2 7 0 2 7 0 2 7 1 2 7 5 31 3 12 16 2 1 2 7 16 6 2 0 2 7 17 18 2 17 9 2 0 2 7 0 2 7 0 2 7 12 16 2 0 2 7 1 2 7 17 9 2 1 2 7 1 2 7 1 2 7 0 2 4 1 2 7 0 59.7211945056915283
12 16 2 1 2 7 0 2 7 12 16 2 1 2 7 0 2 4 17 18 2 1 2 7 5 31 3 0 2 7 1 2 7 0 2 7 0 2 7 0 2 7 0 2 4 13 6 3 0 2 7 1 2 7 0 2 7 1 2 7 0 2 7 1 2 7 13 6 3 5 31 3 1 2 7 1 2 7 0 2 7 1 2 7 0 2 7 0 2 7 17 9 2 1 2 7 17 9 2 13 6 3 0 2 7 0 2 7 0 2 7 1 2 7 0 2 7 0 2 7 1 2 7 5 31 3 12 16 2 1 2 7 16 6 2 0 2 7 17 18 2 17 9 2 0 2 7 0 2 7 0 2 7 12 16 2 0 2 7 1 2 7 17 9 2 1 2 7 1 2 7 1 2 7 0 2 4 1 2 7 0 59.7211945056915283
12 16 2 1 2 7 0 2 7 12 16 2 1 2 7 0 2 4 17 18 2 1 2 7 5 31 3 0 2 7 1 2 7 0 2 7 0 2 7 0 2 7 0 2 4 13 6 3 0 2 7 1 2 7 0 2 7 1 2 7 0 2 7 1 2 7 13 6 3 5 31 3 1 2 7 1 2 7 0 2 7 1 2 7 0 2 7 0 2 7 17 9 2 1 2 7 17 9 2 13 6 3 0 2 7 0 2 7 0 2 7 1 2 7 0 2 7 0 2 7 1 2 7 5 31 3 12 16 2 1 2 7 16 6 2 0 2 7 17 18 2 17 9 2 0 2 7 0 2 7 0 2 7 12 16 2 0 2 7 1 2 7 17 9 2 1 2 7 1 2 7 1 2 7 0 2 4 1 2 7 0 59.7211945056915283
12 16 2 1 2 7 0 2 7 12 16 2 1 2 7 0 2 4 17 18 2 1 2 7 5 31 3 0 2 7 1 2 7 0 2 7 0 2 7 0 2 7 0 2 4 13 6 3 0 2 7 1 2 7 0 2 7 1 2 7 0 2 7 1 2 7 13 6 3 5 31 3 1 2 7 1 2 7 0 2 7 1 2 7 0 2 7 0 2 7 17 9 2 1 2 7 17 9 2 13 6 3 0 2 7 0 2 7 0 2 7 1 2 7 0 2 7 0 2 7 1 2 7 5 31 3 12 16 2 1 2 7 16 6 2 0 2 7 17 18 2 17 9 2 0 2 7 0 2 7 0 2 7 12 16 2 0 2 7 1 2 7 17 9 2 1 2 7 1 2 7 1 2 7 0 2 4 1 2 7 0 59.7211945056915283
12 16 2 1 2 7 0 2 7 12 16 2 1 2 7 0 2 4 17 18 2 1 2 7 5 31 3 0 2 7 1 2 7 0 2 7 0 2 7 0 2 7 0 2 4 13 6 3 0 2 7 1 2 7 0 2 7 1 2 7 0 2 7 1 2 7 13 6 3 5 31 3 1 2 7 1 2 7 0 2 7 1 2 7 0 2 7 0 2 7 17 9 2 1 2 7 17 9 2 13 6 3 0 2 7 0 2 7 0 2 7 1 2 7 0 2 7 0 2 7 1 2 7 5 31 3 12 16 2 1 2 7 16 6 2 0 2 7 17 18 2 17 9 2 0 2 7 0 2 7 0 2 7 12 16 2 0 2 7 1 2 7 17 9 2 1 2 7 1 2 7 1 2 7 0 2 4 1 2 7 0 59.7211945056915283
12 16 2 1 2 7 0 2 7 12 16 2 1 2 7 0 2 4 17 18 2 1 2 7 5 31 3 0 2 7 1 2 7 0 2 7 0 2 7 0 2 7 0 2 4 13 6 3 0 2 7 1 2 7 0 2 7 1 2 7 0 2 7 1 2 7 13 6 3 5 31 3 1 2 7 1 2 7 0 2 7 1 2 7 0 2 7 0 2 7 17 9 2 1 2 7 17 9 2 13 6 3 0 2 7 0 2 7 0 2 7 1 2 7 0 2 7 0 2 7 1 2 7 5 31 3 12 16 2 1 2 7 16 6 2 0 2 7 17 18 2 17 9 2 0 2 7 0 2 7 0 2 7 12 16 2 0 2 7 1 2 7 17 9 2 1 2 7 1 2 7 1 2 7 0 2 4 1 2 7 0 59.7211945056915283
12 16 2 1 2 7 0 2 7 12 16 2 1 2 7 0 2 4 17 18 2 1 2 7 5 31 3 0 2 7 1 2 7 0 2 7 0 2 7 0 2 7 0 2 4 13 6 3 0 2 7 1 2 7 0 2 7 1 2 7 0 2 7 1 2 7 13 6 3 5 31 3 1 2 7 1 2 7 0 2 7 1 2 7 0 2 7 0 2 7 17 9 2 1 2 7 17 9 2 13 6 3 0 2 7 0 2 7 0 2 7 1 2 7 0 2 7 0 2 7 1 2 7 5 31 3 12 16 2 1 2 7 16 6 2 0 2 7 17 18 2 17 9 2 0 2 7 0 2 7 0 2 7 12 16 2 0 2 7 1 2 7 17 9 2 1 2 7 1 2 7 1 2 7 0 2 4 1 2 7 0 59.7211945056915283
12 16 2 1 2 7 0 2 7 12 16 2 1 2 7 0 2 4 17 18 2 1 2 7 5 31 3 0 2 7 1 2 7 0 2 7 0 2 7 0 2 7 0 2 4 13 6 3 0 2 7 1 2 7 0 2 7 1 2 7 0 2 7 1 2 7 13 6 3 5 31 3 1 2 7 1 2 7 0 2 7 1 2 7 0 2 7 0 2 7 17 9 2 1 2 7 17 9 2 13 6 3 0 2 7 0 2 7 0 2 7 1 2 7 0 2 7 0 2 7 1 2 7 5 31 3 12 16 2 1 2 7 16 6 2 0 2 7 17 18 2 17 9 2 0 2 7 0 2 7 0 2 7 12 16 2 0 2 7 1 2 7 17 9 2 1 2 7 1 2 7 1 2 7 0 2 4 1 2 7 0 59.7211945056915283
12 16 2 1 2 7 0 2 7 12 16 2 1 2 7 0 2 4 17 18 2 1 2 7 5 31 3 0 2 7 1 2 7 0 2 7 0 2 7 0 2 7 0 2 4 13 6 3 0 2 7 1 2 7 0 2 7 1 2 7 0 2 7 1 2 7 13 6 3 5 31 3 1 2 7 1 2 7 0 2 7 1 2 7 0 2 7 0 2 7 17 9 2 1 2 7 17 9 2 13 6 3 0 2 7 0 2 7 0 2 7 1 2 7 0 2 7 0 2 7 1 2 7 5 31 3 12 16 2 1 2 7 16 6 2 0 2 7 17 18 2 17 9 2 0 2 7 0 2 7 0 2 7 12 16 2 0 2 7 1 2 7 17 9 2 1 2 7 1 2 7 1 2 7 0 2 4 1 2 7 0 59.7211945056915283
12 16 2 1 2 7 0 2 7 12 16 2 1 2 7 0 2 4 17 18 2 1 2 7 5 31 3 0 2 7 1 2 7 0 2 7 0 2 7 0 2 7 0 2 4 13 6 3 0 2 7 1 2 7 0 2 7 1 2 7 0 2 7 1 2 7 13 6 3 5 31 3 1 2 7 1 2 7 0 2 7 1 2 7 0 2 7 0 2 7 17 9 2 1 2 7 17 9 2 13 6 3 0 2 7 0 2 7 0 2 7 1 2 7 0 2 7 0 2 7 1 2 7 5 31 3 12 16 2 1 2 7 16 6 2 0 2 7 17 18 2 17 9 2 0 2 7 0 2 7 0 2 7 12 16 2 0 2 7 1 2 7 17 9 2 1 2 7 1 2 7 1 2 7 0 2 4 1 2 7 0 59.7211945056915283
12 16 2 1 2 7 0 2 7 12 16 2 1 2 7 0 2 4 17 18 2 1 2 7 5 31 3 0 2 7 1 2 7 0 2 7 0 2 7 0 2 7 0 2 4 13 6 3 0 2 7 1 2 7 0 2 7 1 2 7 0 2 7 1 2 7 13 6 3 5 31 3 1 2 7 1 2 7 0 2 7 1 2 7 0 2 7 0 2 7 17 9 2 1 2 7 17 9 2 13 6 3 0 2 7 0 2 7 0 2 7 1 2 7 0 2 7 0 2 7 1 2 7 5 31 3 12 16 2 1 2 7 16 6 2 0 2 7 17 18 2 17 9 2 0 2 7 0 2 7 0 2 7 12 16 2 0 2 7 1 2 7 17 9 2 1 2 7 1 2 7 1 2 7 0 2 4 1 2 7 0 59.7211945056915283
12 16 2 1 2 7 0 2 7 12 16 2 1 2 7 0 2 4 17 18 2 1 2 7 5 31 3 0 2 7 1 2 7 0 2 7 0 2 7 0 2 7 0 2 4 13 6 3 0 2 7 1 2 7 0 2 7 1 2 7 0 2 7 1 2 7 13 6 3 5 31 3 1 2 7 1 2 7 0 2 7 1 2 7 0 2 7 0 2 7 17 9 2 1 2 7 17 9 2 13 6 3 0 2 7 0 2 7 0 2 7 1 2 7 0 2 7 0 2 7 1 2 7 5 31 3 12 16 2 1 2 7 16 6 2 0 2 7 17 18 2 17 9 2 0 2 7 0 2 7 0 2 7 12 16 2 0 2 7 1 2 7 17 9 2 1 2 7 1 2 7 1 2 7 0 2 4 1 2 7 0 59.7211945056915283
12 16 2 1 2 7 0 2 7 12 16 2 1 2 7 0 2 4 17 18 2 1 2 7 5 31 3 0 2 7 1 2 7 0 2 7 0 2 7 0 2 7 0 2 4 13 6 3 0 2 7 1 2 7 0 2 7 1 2 7 0 2 7 1 2 7 13 6 3 5 31 3 1 2 7 1 2 7 0 2 7 1 2 7 0 2 7 0 2 7 17 9 2 1 2 7 17 9 2 13 6 3 0 2 7 0 2 7 0 2 7 1 2 7 0 2 7 0 2 7 1 2 7 5 31 3 12 16 2 1 2 7 16 6 2 0 2 7 17 18 2 17 9 2 0 2 7 0 2 7 0 2 7 12 16 2 0 2 7 1 2 7 17 9 2 1 2 7 1 2 7 1 2 7 0 2 4 1 2 7 0 59.7211945056915283
12 16 2 1 2 7 0 2 7 12 16 2 1 2 7 0 2 4 17 18 2 1 2 7 5 31 3 0 2 7 1 2 7 0 2 7 0 2 7 0 2 7 0 2 4 13 6 3 0 2 7 1 2 7 0 2 7 1 2 7 0 2 7 1 2 7 13 6 3 5 31 3 1 2 7 1 2 7 0 2 7 1 2 7 0 2 7 0 2 7 17 9 2 1 2 7 17 9 2 13 6 3 0 2 7 0 2 7 0 2 7 1 2 7 0 2 7 0 2 7 1 2 7 5 31 3 12 16 2 1 2 7 16 6 2 0 2 7 17 18 2 17 9 2 0 2 7 0 2 7 0 2 7 12 16 2 0 2 7 1 2 7 17 9 2 1 2 7 1 2 7 1 2 7 0 2 4 1 2 7 0 59.7211945056915283
12 16 2 1 2 7 0 2 7 12 16 2 1 2 7 0 2 4 17 18 2 1 2 7 5 31 3 0 2 7 1 2 7 0 2 7 0 2 7 0 2 7 0 2 4 13 6 3 0 2 7 1 2 7 0 2 7 1 2 7 0 2 7 1 2 7 13 6 3 5 31 3 1 2 7 1 2 7 0 2 7 1 2 7 0 2 7 0 2 7 17 9 2 1 2 7 17 9 2 13 6 3 0 2 7 0 2 7 0 2 7 1 2 7 0 2 7 0 2 7 1 2 7 5 31 3 12 16 2 1 2 7 16 6 2 0 2 7 17 18 2 17 9 2 0 2 7 0 2 7 0 2 7 12 16 2 0 2 7 1 2 7 17 9 2 1 2 7 1 2 7 1 2 7 0 2 4 1 2 7 0 59.7211945056915283
12 16 2 1 2 7 0 2 7 12 16 2 1 2 7 0 2 4 17 18 2 1 2 7 5 31 3 0 2 7 1 2 7 0 2 7 0 2 7 0 2 7 0 2 4 13 6 3 0 2 7 1 2 7 0 2 7 1 2 7 0 2 7 1 2 7 13 6 3 5 31 3 1 2 7 1 2 7 0 2 7 1 2 7 0 2 7 0 2 7 17 9 2 1 2 7 17 9 2 13 6 3 0 2 7 0 2 7 0 2 7 1 2 7 0 2 7 0 2 7 1 2 7 5 31 3 12 16 2 1 2 7 16 6 2 0 2 7 17 18 2 17 9 2 0 2 7 0 2 7 0 2 7 12 16 2 0 2 7 1 2 7 17 9 2 1 2 7 1 2 7 1 2 7 0 2 4 1 2 7 0 59.7211945056915283
12 16 2 1 2 7 0 2 7 12 16 2 1 2 7 0 2 4 17 18 2 1 2 7 5 31 3 0 2 7 1 2 7 0 2 7 0 2 7 0 2 7 0 2 4 13 6 3 0 2 7 1 2 7 0 2 7 1 2 7 0 2 7 1 2 7 13 6 3 5 31 3 1 2 7 1 2 7 0 2 7 1 2 7 0 2 7 0 2 7 17 9 2 1 2 7 17 9 2 13 6 3 0 2 7 0 2 7 0 2 7 1 2 7 0 2 7 0 2 7 1 2 7 5 31 3 12 16 2 1 2 7 16 6 2 0 2 7 17 18 2 17 9 2 0 2 7 0 2 7 0 2 7 12 16 2 0 2 7 1 2 7 17 9 2 1 2 7 1 2 7 1 2 7 0 2 4 1 2 7 0 59.7211945056915283
12 16 2 1 2 7 0 2 7 12 16 2 1 2 7 0 2 4 17 18 2 1 2 7 5 31 3 0 2 7 1 2 7 0 2 7 0 2 7 0 2 7 0 2 4 13 6 3 0 2 7 1 2 7 0 2 7 1 2 7 0 2 7 1 2 7 13 6 3 5 31 3 1 2 7 1 2 7 0 2 7 1 2 7 0 2 7 0 2 7 17 9 2 1 2 7 17 9 2 13 6 3 0 2 7 0 2 7 0 2 7 1 2 7 0 2 7 0 2 7 1 2 7 5 31 3 12 16 2 1 2 7 16 6 2 0 2 7 17 18 2 17 9 2 0 2 7 0 2 7 0 2 7 12 16 2 0 2 7 1 2 7 17 9 2 1 2 7 1 2 7 1 2 7 0 2 4 1 2 7 0 59.7211945056915283
12 16 2 1 2 7 0 2 7 12 16 2 1 2 7 0 2 4 17 18 2 1 2 7 5 31 3 0 2 7 1 2 7 0 2 7 0 2 7 0 2 7 0 2 4 13 6 3 0 2 7 1 2 7 0 2 7 1 2 7 0 2 7 1 2 7 13 6 3 5 31 3 1 2 7 1 2 7 0 2 7 1 2 7 0 2 7 0 2 7 17 9 2 1 2 7 17 9 2 13 6 3 0 2 7 0 2 7 0 2 7 1 2 7 0 2 7 0 2 7 1 2 7 5 31 3 12 16 2 1 2 7 16 6 2 0 2 7 17 18 2 17 9 2 0 2 7 0 2 7 0 2 7 12 16 2 0 2 7 1 2 7 17 9 2 1 2 7 1 2 7 1 2 7 0 2 4 1 2 7 0 59.7211945056915283
12 16 2 1 2 7 0 2 7 12 16 2 1 2 7 0 2 4 17 18 2 1 2 7 5 31 3 0 2 7 1 2 7 0 2 7 0 2 7 0 2 7 0 2 4 13 6 3 0 2 7 1 2 7 0 2 7 1 2 7 0 2 7 1 2 7 13 6 3 5 31 3 1 2 7 1 2 7 0 2 7 1 2 7 0 2 7 0 2 7 17 9 2 1 2 7 17 9 2 13 6 3 0 2 7 0 2 7 0 2 7 1 2 7 0 2 7 0 2 7 1 2 7 5 31 3 12 16 2 1 2 7 16 6 2 0 2 7 17 18 2 17 9 2 0 2 7 0 2 7 0 2 7 12 16 2 0 2 7 1 2 7 17 9 2 1 2 7 1 2 7 1 2 7 0 2 4 1 2 7 0 59.7211945056915283
12 16 2 1 2 7 0 2 7 12 16 2 1 2 7 0 2 4 17 18 2 1 2 7 5 31 3 0 2 7 1 2 7 0 2 7 0 2 7 0 2 7 0 2 4 13 6 3 0 2 7 1 2 7 0 2 7 1 2 7 0 2 7 1 2 7 13 6 3 5 31 3 1 2 7 1 2 7 0 2 7 1 2 7 0 2 7 0 2 7 17 9 2 1 2 7 17 9 2 13 6 3 0 2 7 0 2 7 0 2 7 1 2 7 0 2 7 0 2 7 1 2 7 5 31 3 12 16 2 1 2 7 16 6 2 0 2 7 17 18 2 17 9 2 0 2 7 0 2 7 0 2 7 12 16 2 0 2 7 1 2 7 17 9 2 1 2 7 1 2 7 1 2 7 0 2 4 1 2 7 0 59.7211945056915283
12 16 2 1 2 7 0 2 7 12 16 2 1 2 7 0 2 4 17 18 2 1 2 7 5 31 3 0 2 7 1 2 7 0 2 7 0 2 7 0 2 7 0 2 4 13 6 3 0 2 7 1 2 7 0 2 7 1 2 7 0 2 7 1 2 7 13 6 3 5 31 3 1 2 7 1 2 7 0 2 7 1 2 7 0 2 7 0 2 7 17 9 2 1 2 7 17 9 2 13 6 3 0 2 7 0 2 7 0 2 7 1 2 7 0 2 7 0 2 7 1 2 7 5 31 3 12 16 2 1 2 7 16 6 2 0 2 7 17 18 2 17 9 2 0 2 7 0 2 7 0 2 7 12 16 2 0 2 7 1 2 7 17 9 2 1 2 7 1 2 7 1 2 7 0 2 4 1 2 7 0 59.7211945056915283
12 16 2 1 2 7 0 2 7 12 16 2 1 2 7 0 2 4 17 18 2 1 2 7 5 31 3 0 2 7 1 2 7 0 2 7 0 2 7 0 2 7 0 2 4 13 6 3 0 2 7 1 2 7 0 2 7 1 2 7 0 2 7 1 2 7 13 6 3 5 31 3 1 2 7 1 2 7 0 2 7 1 2 7 0 2 7 0 2 7 17 9 2 1 2 7 17 9 2 13 6 3 0 2 7 0 2 7 0 2 7 1 2 7 0 2 7 0 2 7 1 2 7 5 31 3 12 16 2 1 2 7 16 6 2 0 2 7 17 18 2 17 9 2 0 2 7 0 2 7 0 2 7 12 16 2 0 2 7 1 2 7 17 9 2 1 2 7 1 2 7 1 2 7 0 2 4 1 2 7 0 59.7211945056915283
12 16 2 1 2 7 0 2 7 12 16 2 1 2 7 0 2 4 17 18 2 1 2 7 5 31 3 0 2 7 1 2 7 0 2 7 0 2 7 0 2 7 0 2 4 13 6 3 0 2 7 1 2 7 0 2 7 1 2 7 0 2 7 1 2 7 13 6 3 5 31 3 1 2 7 1 2 7 0 2 7 1 2 7 0 2 7 0 2 7 17 9 2 1 2 7 17 9 2 13 6 3 0 2 7 0 2 7 0 2 7 1 2 7 0 2 7 0 2 7 1 2 7 5 31 3 12 16 2 1 2 7 16 6 2 0 2 7 17 18 2 17 9 2 0 2 7 0 2 7 0 2 7 12 16 2 0 2 7 1 2 7 17 9 2 1 2 7 1 2 7 1 2 7 0 2 4 1 2 7 0 59.7211945056915283
12 16 2 1 2 7 0 2 7 12 16 2 1 2 7 0 2 4 17 18 2 1 2 7 5 31 3 0 2 7 1 2 7 0 2 7 0 2 7 0 2 7 0 2 4 13 6 3 0 2 7 1 2 7 0 2 7 1 2 7 0 2 7 1 2 7 13 6 3 5 31 3 1 2 7 1 2 7 0 2 7 1 2 7 0 2 7 0 2 7 17 9 2 1 2 7 17 9 2 13 6 3 0 2 7 0 2 7 0 2 7 1 2 7 0 2 7 0 2 7 1 2 7 5 31 3 12 16 2 1 2 7 16 6 2 0 2 7 17 18 2 17 9 2 0 2 7 0 2 7 0 2 7 12 16 2 0 2 7 1 2 7 17 9 2 1 2 7 1 2 7 1 2 7 0 2 4 1 2 7 0 59.7211945056915283
12 16 2 1 2 7 0 2 7 12 16 2 1 2 7 0 2 4 17 18 2 1 2 7 5 31 3 0 2 7 1 2 7 0 2 7 0 2 7 0 2 7 0 2 4 13 6 3 0 2 7 1 2 7 0 2 7 1 2 7 0 2 7 1 2 7 13 6 3 5 31 3 1 2 7 1 2 7 0 2 7 1 2 7 0 2 7 0 2 7 17 9 2 1 2 7 17 9 2 13 6 3 0 2 7 0 2 7 0 2 7 1 2 7 0 2 7 0 2 7 1 2 7 5 31 3 12 16 2 1 2 7 16 6 2 0 2 7 17 18 2 17 9 2 0 2 7 0 2 7 0 2 7 12 16 2 0 2 7 1 2 7 17 9 2 1 2 7 1 2 7 1 2 7 0 2 4 1 2 7 0 59.7211945056915283
12 16 2 1 2 7 0 2 7 12 16 2 1 2 7 0 2 4 17 18 2 1 2 7 5 31 3 0 2 7 1 2 7 0 2 7 0 2 7 0 2 7 0 2 4 13 6 3 0 2 7 1 2 7 0 2 7 1 2 7 0 2 7 1 2 7 13 6 3 5 31 3 1 2 7 1 2 7 0 2 7 1 2 7 0 2 7 0 2 7 17 9 2 1 2 7 17 9 2 13 6 3 0 2 7 0 2 7 0 2 7 1 2 7 0 2 7 0 2 7 1 2 7 5 31 3 12 16 2 1 2 7 16 6 2 0 2 7 17 18 2 17 9 2 0 2 7 0 2 7 0 2 7 12 16 2 0 2 7 1 2 7 17 9 2 1 2 7 1 2 7 1 2 7 0 2 4 1 2 7 0 59.7211945056915283
12 16 2 1 2 7 0 2 7 12 16 2 1 2 7 0 2 4 17 18 2 1 2 7 5 31 3 0 2 7 1 2 7 0 2 7 0 2 7 0 2 7 0 2 4 13 6 3 0 2 7 1 2 7 0 2 7 1 2 7 0 2 7 1 2 7 13 6 3 5 31 3 1 2 7 1 2 7 0 2 7 1 2 7 0 2 7 0 2 7 17 9 2 1 2 7 17 9 2 13 6 3 0 2 7 0 2 7 0 2 7 1 2 7 0 2 7 0 2 7 1 2 7 5 31 3 12 16 2 1 2 7 16 6 2 0 2 7 17 18 2 17 9 2 0 2 7 0 2 7 0 2 7 12 16 2 0 2 7 1 2 7 17 9 2 1 2 7 1 2 7 1 2 7 0 2 4 1 2 7 0 59.7211945056915283
12 16 2 1 2 7 0 2 7 12 16 2 1 2 7 0 2 4 17 18 2 1 2 7 5 31 3 0 2 7 1 2 7 0 2 7 0 2 7 0 2 7 0 2 4 13 6 3 0 2 7 1 2 7 0 2 7 1 2 7 0 2 7 1 2 7 13 6 3 5 31 3 1 2 7 1 2 7 0 2 7 1 2 7 0 2 7 0 2 7 17 9 2 1 2 7 17 9 2 13 6 3 0 2 7 0 2 7 0 2 7 1 2 7 0 2 7 0 2 7 1 2 7 5 31 3 12 16 2 1 2 7 16 6 2 0 2 7 17 18 2 17 9 2 0 2 7 0 2 7 0 2 7 12 16 2 0 2 7 1 2 7 17 9 2 1 2 7 1 2 7 1 2 7 0 2 4 1 2 7 0 59.7211945056915283
12 16 2 1 2 7 0 2 7 12 16 2 1 2 7 0 2 4 17 18 2 1 2 7 5 31 3 0 2 7 1 2 7 0 2 7 0 2 7 0 2 7 0 2 4 13 6 3 0 2 7 1 2 7 0 2 7 1 2 7 0 2 7 1 2 7 13 6 3 5 31 3 1 2 7 1 2 7 0 2 7 1 2 7 0 2 7 0 2 7 17 9 2 1 2 7 17 9 2 13 6 3 0 2 7 0 2 7 0 2 7 1 2 7 0 2 7 0 2 7 1 2 7 5 31 3 12 16 2 1 2 7 16 6 2 0 2 7 17 18 2 17 9 2 0 2 7 0 2 7 0 2 7 12 16 2 0 2 7 1 2 7 17 9 2 1 2 7 1 2 7 1 2 7 0 2 4 1 2 7 0 59.7211945056915283
12 16 2 1 2 7 0 2 7 12 16 2 1 2 7 0 2 4 17 18 2 1 2 7 5 31 3 0 2 7 1 2 7 0 2 7 0 2 7 0 2 7 0 2 4 13 6 3 0 2 7 1 2 7 0 2 7 1 2 7 0 2 7 1 2 7 13 6 3 5 31 3 1 2 7 1 2 7 0 2 7 1 2 7 0 2 7 0 2 7 17 9 2 1 2 7 17 9 2 13 6 3 0 2 7 0 2 7 0 2 7 1 2 7 0 2 7 0 2 7 1 2 7 5 31 3 12 16 2 1 2 7 16 6 2 0 2 7 17 18 2 17 9 2 0 2 7 0 2 7 0 2 7 12 16 2 0 2 7 1 2 7 17 9 2 1 2 7 1 2 7 1 2 7 0 2 4 1 2 7 0 59.7211945056915283
12 16 2 1 2 7 0 2 7 12 16 2 1 2 7 0 2 4 17 18 2 1 2 7 5 31 3 0 2 7 1 2 7 0 2 7 0 2 7 0 2 7 0 2 4 13 6 3 0 2 7 1 2 7 0 2 7 1 2 7 0 2 7 1 2 7 13 6 3 5 31 3 1 2 7 1 2 7 0 2 7 1 2 7 0 2 7 0 2 7 17 9 2 1 2 7 17 9 2 13 6 3 0 2 7 0 2 7 0 2 7 1 2 7 0 2 7 0 2 7 1 2 7 5 31 3 12 16 2 1 2 7 16 6 2 0 2 7 17 18 2 17 9 2 0 2 7 0 2 7 0 2 7 12 16 2 0 2 7 1 2 7 17 9 2 1 2 7 1 2 7 1 2 7 0 2 4 1 2 7 0 59.7211945056915283
12 16 2 1 2 7 0 2 7 12 16 2 1 2 7 0 2 4 17 18 2 1 2 7 5 31 3 0 2 7 1 2 7 0 2 7 0 2 7 0 2 7 0 2 4 13 6 3 0 2 7 1 2 7 0 2 7 1 2 7 0 2 7 1 2 7 13 6 3 5 31 3 1 2 7 1 2 7 0 2 7 1 2 7 0 2 7 0 2 7 17 9 2 1 2 7 17 9 2 13 6 3 0 2 7 0 2 7 0 2 7 1 2 7 0 2 7 0 2 7 1 2 7 5 31 3 12 16 2 1 2 7 16 6 2 0 2 7 17 18 2 17 9 2 0 2 7 0 2 7 0 2 7 12 16 2 0 2 7 1 2 7 17 9 2 1 2 7 1 2 7 1 2 7 0 2 4 1 2 7 0 59.7211945056915283
12 16 2 1 2 7 0 2 7 12 16 2 1 2 7 0 2 4 17 18 2 1 2 7 5 31 3 0 2 7 1 2 7 0 2 7 0 2 7 0 2 7 0 2 4 13 6 3 0 2 7 1 2 7 0 2 7 1 2 7 0 2 7 1 2 7 13 6 3 5 31 3 1 2 7 1 2 7 0 2 7 1 2 7 0 2 7 0 2 7 17 9 2 1 2 7 17 9 2 13 6 3 0 2 7 0 2 7 0 2 7 1 2 7 0 2 7 0 2 7 1 2 7 5 31 3 12 16 2 1 2 7 16 6 2 0 2 7 17 18 2 17 9 2 0 2 7 0 2 7 0 2 7 12 16 2 0 2 7 1 2 7 17 9 2 1 2 7 1 2 7 1 2 7 0 2 4 1 2 7 0 59.7211945056915283
12 16 2 1 2 7 0 2 7 12 16 2 1 2 7 0 2 4 17 18 2 1 2 7 5 31 3 0 2 7 1 2 7 0 2 7 0 2 7 0 2 7 0 2 4 13 6 3 0 2 7 1 2 7 0 2 7 1 2 7 0 2 7 1 2 7 13 6 3 5 31 3 1 2 7 1 2 7 0 2 7 1 2 7 0 2 7 0 2 7 17 9 2 1 2 7 17 9 2 13 6 3 0 2 7 0 2 7 0 2 7 1 2 7 0 2 7 0 2 7 1 2 7 5 31 3 12 16 2 1 2 7 16 6 2 0 2 7 17 18 2 17 9 2 0 2 7 0 2 7 0 2 7 12 16 2 0 2 7 1 2 7 17 9 2 1 2 7 1 2 7 1 2 7 0 2 4 1 2 7 0 59.7211945056915283
12 16 2 1 2 7 0 2 7 12 16 2 1 2 7 0 2 4 17 18 2 1 2 7 5 31 3 0 2 7 1 2 7 0 2 7 0 2 7 0 2 7 0 2 4 13 6 3 0 2 7 1 2 7 0 2 7 1 2 7 0 2 7 1 2 7 13 6 3 5 31 3 1 2 7 1 2 7 0 2 7 1 2 7 0 2 7 0 2 7 17 9 2 1 2 7 17 9 2 13 6 3 0 2 7 0 2 7 0 2 7 1 2 7 0 2 7 0 2 7 1 2 7 5 31 3 12 16 2 1 2 7 16 6 2 0 2 7 17 18 2 17 9 2 0 2 7 0 2 7 0 2 7 12 16 2 0 2 7 1 2 7 17 9 2 1 2 7 1 2 7 1 2 7 0 2 4 1 2 7 0 59.7211945056915283
12 16 2 1 2 7 0 2 7 12 16 2 1 2 7 0 2 4 17 18 2 1 2 7 5 31 3 0 2 7 1 2 7 0 2 7 0 2 7 0 2 7 0 2 4 13 6 3 0 2 7 1 2 7 0 2 7 1 2 7 0 2 7 1 2 7 13 6 3 5 31 3 1 2 7 1 2 7 0 2 7 1 2 7 0 2 7 0 2 7 17 9 2 1 2 7 17 9 2 13 6 3 0 2 7 0 2 7 0 2 7 1 2 7 0 2 7 0 2 7 1 2 7 5 31 3 12 16 2 1 2 7 16 6 2 0 2 7 17 18 2 17 9 2 0 2 7 0 2 7 0 2 7 12 16 2 0 2 7 1 2 7 17 9 2 1 2 7 1 2 7 1 2 7 0 2 4 1 2 7 0 59.7211945056915283
12 16 2 1 2 7 0 2 7 12 16 2 1 2 7 0 2 4 17 18 2 1 2 7 5 31 3 0 2 7 1 2 7 0 2 7 0 2 7 0 2 7 0 2 4 13 6 3 0 2 7 1 2 7 0 2 7 1 2 7 0 2 7 1 2 7 13 6 3 5 31 3 1 2 7 1 2 7 0 2 7 1 2 7 0 2 7 0 2 7 17 9 2 1 2 7 17 9 2 13 6 3 0 2 7 0 2 7 0 2 7 1 2 7 0 2 7 0 2 7 1 2 7 5 31 3 12 16 2 1 2 7 16 6 2 0 2 7 17 18 2 17 9 2 0 2 7 0 2 7 0 2 7 12 16 2 0 2 7 1 2 7 17 9 2 1 2 7 1 2 7 1 2 7 0 2 4 1 2 7 0 59.7211945056915283
12 16 2 1 2 7 0 2 7 12 16 2 1 2 7 0 2 4 17 18 2 1 2 7 5 31 3 0 2 7 1 2 7 0 2 7 0 2 7 0 2 7 0 2 4 13 6 3 0 2 7 1 2 7 0 2 7 1 2 7 0 2 7 1 2 7 13 6 3 5 31 3 1 2 7 1 2 7 0 2 7 1 2 7 0 2 7 0 2 7 17 9 2 1 2 7 17 9 2 13 6 3 0 2 7 0 2 7 0 2 7 1 2 7 0 2 7 0 2 7 1 2 7 5 31 3 12 16 2 1 2 7 16 6 2 0 2 7 17 18 2 17 9 2 0 2 7 0 2 7 0 2 7 12 16 2 0 2 7 1 2 7 17 9 2 1 2 7 1 2 7 1 2 7 0 2 4 1 2 7 0 59.7211945056915283
12 16 2 1 2 7 0 2 7 12 16 2 1 2 7 0 2 4 17 18 2 1 2 7 5 31 3 0 2 7 1 2 7 0 2 7 0 2 7 0 2 7 0 2 4 13 6 3 0 2 7 1 2 7 0 2 7 1 2 7 0 2 7 1 2 7 13 6 3 5 31 3 1 2 7 1 2 7 0 2 7 1 2 7 0 2 7 0 2 7 17 9 2 1 2 7 17 9 2 13 6 3 0 2 7 0 2 7 0 2 7 1 2 7 0 2 7 0 2 7 1 2 7 5 31 3 12 16 2 1 2 7 16 6 2 0 2 7 17 18 2 17 9 2 0 2 7 0 2 7 0 2 7 12 16 2 0 2 7 1 2 7 17 9 2 1 2 7 1 2 7 1 2 7 0 2 4 1 2 7 0 59.7211945056915283
12 16 2 1 2 7 0 2 7 12 16 2 1 2 7 0 2 4 17 18 2 1 2 7 5 31 3 0 2 7 1 2 7 0 2 7 0 2 7 0 2 7 0 2 4 13 6 3 0 2 7 1 2 7 0 2 7 1 2 7 0 2 7 1 2 7 13 6 3 5 31 3 1 2 7 1 2 7 0 2 7 1 2 7 0 2 7 0 2 7 17 9 2 1 2 7 17 9 2 13 6 3 0 2 7 0 2 7 0 2 7 1 2 7 0 2 7 0 2 7 1 2 7 5 31 3 12 16 2 1 2 7 16 6 2 0 2 7 17 18 2 17 9 2 0 2 7 0 2 7 0 2 7 12 16 2 0 2 7 1 2 7 17 9 2 1 2 7 1 2 7 1 2 7 0 2 4 1 2 7 0 59.7211945056915283
12 16 2 1 2 7 0 2 7 12 16 2 1 2 7 0 2 4 17 18 2 1 2 7 5 31 3 0 2 7 1 2 7 0 2 7 0 2 7 0 2 7 0 2 4 13 6 3 0 2 7 1 2 7 0 2 7 1 2 7 0 2 7 1 2 7 13 6 3 5 31 3 1 2 7 1 2 7 0 2 7 1 2 7 0 2 7 0 2 7 17 9 2 1 2 7 17 9 2 13 6 3 0 2 7 0 2 7 0 2 7 1 2 7 0 2 7 0 2 7 1 2 7 5 31 3 12 16 2 1 2 7 16 6 2 0 2 7 17 18 2 17 9 2 0 2 7 0 2 7 0 2 7 12 16 2 0 2 7 1 2 7 17 9 2 1 2 7 1 2 7 1 2 7 0 2 4 1 2 7 0 59.7211945056915283
12 16 2 1 2 7 0 2 7 12 16 2 1 2 7 0 2 4 17 18 2 1 2 7 5 31 3 0 2 7 1 2 7 0 2 7 0 2 7 0 2 7 0 2 4 13 6 3 0 2 7 1 2 7 0 2 7 1 2 7 0 2 7 1 2 7 13 6 3 5 31 3 1 2 7 1 2 7 0 2 7 1 2 7 0 2 7 0 2 7 17 9 2 1 2 7 17 9 2 13 6 3 0 2 7 0 2 7 0 2 7 1 2 7 0 2 7 0 2 7 1 2 7 5 31 3 12 16 2 1 2 7 16 6 2 0 2 7 17 18 2 17 9 2 0 2 7 0 2 7 0 2 7 12 16 2 0 2 7 1 2 7 17 9 2 1 2 7 1 2 7 1 2 7 0 2 4 1 2 7 0 59.7211945056915283
12 16 2 1 2 7 0 2 7 12 16 2 1 2 7 0 2 4 17 18 2 1 2 7 5 31 3 0 2 7 1 2 7 0 2 7 0 2 7 0 2 7 0 2 4 13 6 3 0 2 7 1 2 7 0 2 7 1 2 7 0 2 7 1 2 7 13 6 3 5 31 3 1 2 7 1 2 7 0 2 7 1 2 7 0 2 7 0 2 7 17 9 2 1 2 7 17 9 2 13 6 3 0 2 7 0 2 7 0 2 7 1 2 7 0 2 7 0 2 7 1 2 7 5 31 3 12 16 2 1 2 7 16 6 2 0 2 7 17 18 2 17 9 2 0 2 7 0 2 7 0 2 7 12 16 2 0 2 7 1 2 7 17 9 2 1 2 7 1 2 7 1 2 7 0 2 4 1 2 7 0 59.7211945056915283
12 16 2 1 2 7 0 2 7 12 16 2 1 2 7 0 2 4 17 18 2 1 2 7 5 31 3 0 2 7 1 2 7 0 2 7 0 2 7 0 2 7 0 2 4 13 6 3 0 2 7 1 2 7 0 2 7 1 2 7 0 2 7 1 2 7 13 6 3 5 31 3 1 2 7 1 2 7 0 2 7 1 2 7 0 2 7 0 2 7 17 9 2 1 2 7 17 9 2 13 6 3 0 2 7 0 2 7 0 2 7 1 2 7 0 2 7 0 2 7 1 2 7 5 31 3 12 16 2 1 2 7 16 6 2 0 2 7 17 18 2 17 9 2 0 2 7 0 2 7 0 2 7 12 16 2 0 2 7 1 2 7 17 9 2 1 2 7 1 2 7 1 2 7 0 2 4 1 2 7 0 59.7211945056915283
12 16 2 1 2 7 0 2 7 12 16 2 1 2 7 0 2 4 17 18 2 1 2 7 5 31 3 0 2 7 1 2 7 0 2 7 0 2 7 0 2 7 0 2 4 13 6 3 0 2 7 1 2 7 0 2 7 1 2 7 0 2 7 1 2 7 13 6 3 5 31 3 1 2 7 1 2 7 0 2 7 1 2 7 0 2 7 0 2 7 17 9 2 1 2 7 17 9 2 13 6 3 0 2 7 0 2 7 0 2 7 1 2 7 0 2 7 0 2 7 1 2 7 5 31 3 12 16 2 1 2 7 16 6 2 0 2 7 17 18 2 17 9 2 0 2 7 0 2 7 0 2 7 12 16 2 0 2 7 1 2 7 17 9 2 1 2 7 1 2 7 1 2 7 0 2 4 1 2 7 0 59.7211945056915283
12 16 2 1 2 7 0 2 7 12 16 2 1 2 7 0 2 4 17 18 2 1 2 7 5 31 3 0 2 7 1 2 7 0 2 7 0 2 7 0 2 7 0 2 4 13 6 3 0 2 7 1 2 7 0 2 7 1 2 7 0 2 7 1 2 7 13 6 3 5 31 3 1 2 7 1 2 7 0 2 7 1 2 7 0 2 7 0 2 7 17 9 2 1 2 7 17 9 2 13 6 3 0 2 7 0 2 7 0 2 7 1 2 7 0 2 7 0 2 7 1 2 7 5 31 3 12 16 2 1 2 7 16 6 2 0 2 7 17 18 2 17 9 2 0 2 7 0 2 7 0 2 7 12 16 2 0 2 7 1 2 7 17 9 2 1 2 7 1 2 7 1 2 7 0 2 4 1 2 7 0 59.7211945056915283
12 16 2 1 2 7 0 2 7 12 16 2 1 2 7 0 2 4 17 18 2 1 2 7 5 31 3 0 2 7 1 2 7 0 2 7 0 2 7 0 2 7 0 2 4 13 6 3 0 2 7 1 2 7 0 2 7 1 2 7 0 2 7 1 2 7 13 6 3 5 31 3 1 2 7 1 2 7 0 2 7 1 2 7 0 2 7 0 2 7 17 9 2 1 2 7 17 9 2 13 6 3 0 2 7 0 2 7 0 2 7 1 2 7 0 2 7 0 2 7 1 2 7 5 31 3 12 16 2 1 2 7 16 6 2 0 2 7 17 18 2 17 9 2 0 2 7 0 2 7 0 2 7 12 16 2 0 2 7 1 2 7 17 9 2 1 2 7 1 2 7 1 2 7 0 2 4 1 2 7 0 59.7211945056915283
12 16 2 1 2 7 0 2 7 12 16 2 1 2 7 0 2 4 17 18 2 1 2 7 5 31 3 0 2 7 1 2 7 0 2 7 0 2 7 0 2 7 0 2 4 13 6 3 0 2 7 1 2 7 0 2 7 1 2 7 0 2 7 1 2 7 13 6 3 5 31 3 1 2 7 1 2 7 0 2 7 1 2 7 0 2 7 0 2 7 17 9 2 1 2 7 17 9 2 13 6 3 0 2 7 0 2 7 0 2 7 1 2 7 0 2 7 0 2 7 1 2 7 5 31 3 12 16 2 1 2 7 16 6 2 0 2 7 17 18 2 17 9 2 0 2 7 0 2 7 0 2 7 12 16 2 0 2 7 1 2 7 17 9 2 1 2 7 1 2 7 1 2 7 0 2 4 1 2 7 0 59.7211945056915283
12 16 2 1 2 7 0 2 7 12 16 2 1 2 7 0 2 4 17 18 2 1 2 7 5 31 3 0 2 7 1 2 7 0 2 7 0 2 7 0 2 7 0 2 4 13 6 3 0 2 7 1 2 7 0 2 7 1 2 7 0 2 7 1 2 7 13 6 3 5 31 3 1 2 7 1 2 7 0 2 7 1 2 7 0 2 7 0 2 7 17 9 2 1 2 7 17 9 2 13 6 3 0 2 7 0 2 7 0 2 7 1 2 7 0 2 7 0 2 7 1 2 7 5 31 3 12 16 2 1 2 7 16 6 2 0 2 7 17 18 2 17 9 2 0 2 7 0 2 7 0 2 7 12 16 2 0 2 7 1 2 7 17 9 2 1 2 7 1 2 7 1 2 7 0 2 4 1 2 7 0 59.7211945056915283
12 16 2 1 2 7 0 2 7 12 16 2 1 2 7 0 2 4 17 18 2 1 2 7 5 31 3 0 2 7 1 2 7 0 2 7 0 2 7 0 2 7 0 2 4 13 6 3 0 2 7 1 2 7 0 2 7 1 2 7 0 2 7 1 2 7 13 6 3 5 31 3 1 2 7 1 2 7 0 2 7 1 2 7 0 2 7 0 2 7 17 9 2 1 2 7 17 9 2 13 6 3 0 2 7 0 2 7 0 2 7 1 2 7 0 2 7 0 2 7 1 2 7 5 31 3 12 16 2 1 2 7 16 6 2 0 2 7 17 18 2 17 9 2 0 2 7 0 2 7 0 2 7 12 16 2 0 2 7 1 2 7 17 9 2 1 2 7 1 2 7 1 2 7 0 2 4 1 2 7 0 59.7211945056915283
12 16 2 1 2 7 0 2 7 12 16 2 1 2 7 0 2 4 17 18 2 1 2 7 5 31 3 0 2 7 1 2 7 0 2 7 0 2 7 0 2 7 0 2 4 13 6 3 0 2 7 1 2 7 0 2 7 1 2 7 0 2 7 1 2 7 13 6 3 5 31 3 1 2 7 1 2 7 0 2 7 1 2 7 0 2 7 0 2 7 17 9 2 1 2 7 17 9 2 13 6 3 0 2 7 0 2 7 0 2 7 1 2 7 0 2 7 0 2 7 1 2 7 5 31 3 12 16 2 1 2 7 16 6 2 0 2 7 17 18 2 17 9 2 0 2 7 0 2 7 0 2 7 12 16 2 0 2 7 1 2 7 17 9 2 1 2 7 1 2 7 1 2 7 0 2 4 1 2 7 0 59.7211945056915283
12 16 2 1 2 7 0 2 7 12 16 2 1 2 7 0 2 4 17 18 2 1 2 7 5 31 3 0 2 7 1 2 7 0 2 7 0 2 7 0 2 7 0 2 4 13 6 3 0 2 7 1 2 7 0 2 7 1 2 7 0 2 7 1 2 7 13 6 3 5 31 3 1 2 7 1 2 7 0 2 7 1 2 7 0 2 7 0 2 7 17 9 2 1 2 7 17 9 2 13 6 3 0 2 7 0 2 7 0 2 7 1 2 7 0 2 7 0 2 7 1 2 7 5 31 3 12 16 2 1 2 7 16 6 2 0 2 7 17 18 2 17 9 2 0 2 7 0 2 7 0 2 7 12 16 2 0 2 7 1 2 7 17 9 2 1 2 7 1 2 7 1 2 7 0 2 4 1 2 7 0 59.7211945056915283
12 16 2 1 2 7 0 2 7 12 16 2 1 2 7 0 2 4 17 18 2 1 2 7 5 31 3 0 2 7 1 2 7 0 2 7 0 2 7 0 2 7 0 2 4 13 6 3 0 2 7 1 2 7 0 2 7 1 2 7 0 2 7 1 2 7 13 6 3 5 31 3 1 2 7 1 2 7 0 2 7 1 2 7 0 2 7 0 2 7 17 9 2 1 2 7 17 9 2 13 6 3 0 2 7 0 2 7 0 2 7 1 2 7 0 2 7 0 2 7 1 2 7 5 31 3 12 16 2 1 2 7 16 6 2 0 2 7 17 18 2 17 9 2 0 2 7 0 2 7 0 2 7 12 16 2 0 2 7 1 2 7 17 9 2 1 2 7 1 2 7 1 2 7 0 2 4 1 2 7 0 59.7211945056915283
12 16 2 1 2 7 0 2 7 12 16 2 1 2 7 0 2 4 17 18 2 1 2 7 5 31 3 0 2 7 1 2 7 0 2 7 0 2 7 0 2 7 0 2 4 13 6 3 0 2 7 1 2 7 0 2 7 1 2 7 0 2 7 1 2 7 13 6 3 5 31 3 1 2 7 1 2 7 0 2 7 1 2 7 0 2 7 0 2 7 17 9 2 1 2 7 17 9 2 13 6 3 0 2 7 0 2 7 0 2 7 1 2 7 0 2 7 0 2 7 1 2 7 5 31 3 12 16 2 1 2 7 16 6 2 0 2 7 17 18 2 17 9 2 0 2 7 0 2 7 0 2 7 12 16 2 0 2 7 1 2 7 17 9 2 1 2 7 1 2 7 1 2 7 0 2 4 1 2 7 0 59.7211945056915283
12 16 2 1 2 7 0 2 7 12 16 2 1 2 7 0 2 4 17 18 2 1 2 7 5 31 3 0 2 7 1 2 7 0 2 7 0 2 7 0 2 7 0 2 4 13 6 3 0 2 7 1 2 7 0 2 7 1 2 7 0 2 7 1 2 7 13 6 3 5 31 3 1 2 7 1 2 7 0 2 7 1 2 7 0 2 7 0 2 7 17 9 2 1 2 7 17 9 2 13 6 3 0 2 7 0 2 7 0 2 7 1 2 7 0 2 7 0 2 7 1 2 7 5 31 3 12 16 2 1 2 7 16 6 2 0 2 7 17 18 2 17 9 2 0 2 7 0 2 7 0 2 7 12 16 2 0 2 7 1 2 7 17 9 2 1 2 7 1 2 7 1 2 7 0 2 4 1 2 7 0 59.7211945056915283
12 16 2 1 2 7 0 2 7 12 16 2 1 2 7 0 2 4 17 18 2 1 2 7 5 31 3 0 2 7 1 2 7 0 2 7 0 2 7 0 2 7 0 2 4 13 6 3 0 2 7 1 2 7 0 2 7 1 2 7 0 2 7 1 2 7 13 6 3 5 31 3 1 2 7 1 2 7 0 2 7 1 2 7 0 2 7 0 2 7 17 9 2 1 2 7 17 9 2 13 6 3 0 2 7 0 2 7 0 2 7 1 2 7 0 2 7 0 2 7 1 2 7 5 31 3 12 16 2 1 2 7 16 6 2 0 2 7 17 18 2 17 9 2 0 2 7 0 2 7 0 2 7 12 16 2 0 2 7 1 2 7 17 9 2 1 2 7 1 2 7 1 2 7 0 2 4 1 2 7 0 59.7211945056915283
12 16 2 1 2 7 0 2 7 12 16 2 1 2 7 0 2 4 17 18 2 1 2 7 5 31 3 0 2 7 1 2 7 0 2 7 0 2 7 0 2 7 0 2 4 13 6 3 0 2 7 1 2 7 0 2 7 1 2 7 0 2 7 1 2 7 13 6 3 5 31 3 1 2 7 1 2 7 0 2 7 1 2 7 0 2 7 0 2 7 17 9 2 1 2 7 17 9 2 13 6 3 0 2 7 0 2 7 0 2 7 1 2 7 0 2 7 0 2 7 1 2 7 5 31 3 12 16 2 1 2 7 16 6 2 0 2 7 17 18 2 17 9 2 0 2 7 0 2 7 0 2 7 12 16 2 0 2 7 1 2 7 17 9 2 1 2 7 1 2 7 1 2 7 0 2 4 1 2 7 0 59.7211945056915283
12 16 2 1 2 7 0 2 7 12 16 2 1 2 7 0 2 4 17 18 2 1 2 7 5 31 3 0 2 7 1 2 7 0 2 7 0 2 7 0 2 7 0 2 4 13 6 3 0 2 7 1 2 7 0 2 7 1 2 7 0 2 7 1 2 7 13 6 3 5 31 3 1 2 7 1 2 7 0 2 7 1 2 7 0 2 7 0 2 7 17 9 2 1 2 7 17 9 2 13 6 3 0 2 7 0 2 7 0 2 7 1 2 7 0 2 7 0 2 7 1 2 7 5 31 3 12 16 2 1 2 7 16 6 2 0 2 7 17 18 2 17 9 2 0 2 7 0 2 7 0 2 7 12 16 2 0 2 7 1 2 7 17 9 2 1 2 7 1 2 7 1 2 7 0 2 4 1 2 7 0 59.7211945056915283
12 16 2 1 2 7 0 2 7 12 16 2 1 2 7 0 2 4 17 18 2 1 2 7 5 31 3 0 2 7 1 2 7 0 2 7 0 2 7 0 2 7 0 2 4 13 6 3 0 2 7 1 2 7 0 2 7 1 2 7 0 2 7 1 2 7 13 6 3 5 31 3 1 2 7 1 2 7 0 2 7 1 2 7 0 2 7 0 2 7 17 9 2 1 2 7 17 9 2 13 6 3 0 2 7 0 2 7 0 2 7 1 2 7 0 2 7 0 2 7 1 2 7 5 31 3 12 16 2 1 2 7 16 6 2 0 2 7 17 18 2 17 9 2 0 2 7 0 2 7 0 2 7 12 16 2 0 2 7 1 2 7 17 9 2 1 2 7 1 2 7 1 2 7 0 2 4 1 2 7 0 59.7211945056915283
12 16 2 1 2 7 0 2 7 12 16 2 1 2 7 0 2 4 17 18 2 1 2 7 5 31 3 0 2 7 1 2 7 0 2 7 0 2 7 0 2 7 0 2 4 13 6 3 0 2 7 1 2 7 0 2 7 1 2 7 0 2 7 1 2 7 13 6 3 5 31 3 1 2 7 1 2 7 0 2 7 1 2 7 0 2 7 0 2 7 17 9 2 1 2 7 17 9 2 13 6 3 0 2 7 0 2 7 0 2 7 1 2 7 0 2 7 0 2 7 1 2 7 5 31 3 12 16 2 1 2 7 16 6 2 0 2 7 17 18 2 17 9 2 0 2 7 0 2 7 0 2 7 12 16 2 0 2 7 1 2 7 17 9 2 1 2 7 1 2 7 1 2 7 0 2 4 1 2 7 0 59.7211945056915283
12 16 2 1 2 7 0 2 7 12 16 2 1 2 7 0 2 4 17 18 2 1 2 7 5 31 3 0 2 7 1 2 7 0 2 7 0 2 7 0 2 7 0 2 4 13 6 3 0 2 7 1 2 7 0 2 7 1 2 7 0 2 7 1 2 7 13 6 3 5 31 3 1 2 7 1 2 7 0 2 7 1 2 7 0 2 7 0 2 7 17 9 2 1 2 7 17 9 2 13 6 3 0 2 7 0 2 7 0 2 7 1 2 7 0 2 7 0 2 7 1 2 7 5 31 3 12 16 2 1 2 7 16 6 2 0 2 7 17 18 2 17 9 2 0 2 7 0 2 7 0 2 7 12 16 2 0 2 7 1 2 7 17 9 2 1 2 7 1 2 7 1 2 7 0 2 4 1 2 7 0 59.7211945056915283
12 16 2 1 2 7 0 2 7 12 16 2 1 2 7 0 2 4 17 18 2 1 2 7 5 31 3 0 2 7 1 2 7 0 2 7 0 2 7 0 2 7 0 2 4 13 6 3 0 2 7 1 2 7 0 2 7 1 2 7 0 2 7 1 2 7 13 6 3 5 31 3 1 2 7 1 2 7 0 2 7 1 2 7 0 2 7 0 2 7 17 9 2 1 2 7 17 9 2 13 6 3 0 2 7 0 2 7 0 2 7 1 2 7 0 2 7 0 2 7 1 2 7 5 31 3 12 16 2 1 2 7 16 6 2 0 2 7 17 18 2 17 9 2 0 2 7 0 2 7 0 2 7 12 16 2 0 2 7 1 2 7 17 9 2 1 2 7 1 2 7 1 2 7 0 2 4 1 2 7 0 59.7211945056915283
12 16 2 1 2 7 0 2 7 12 16 2 1 2 7 0 2 4 17 18 2 1 2 7 5 31 3 0 2 7 1 2 7 0 2 7 0 2 7 0 2 7 0 2 4 13 6 3 0 2 7 1 2 7 0 2 7 1 2 7 0 2 7 1 2 7 13 6 3 5 31 3 1 2 7 1 2 7 0 2 7 1 2 7 0 2 7 0 2 7 17 9 2 1 2 7 17 9 2 13 6 3 0 2 7 0 2 7 0 2 7 1 2 7 0 2 7 0 2 7 1 2 7 5 31 3 12 16 2 1 2 7 16 6 2 0 2 7 17 18 2 17 9 2 0 2 7 0 2 7 0 2 7 12 16 2 0 2 7 1 2 7 17 9 2 1 2 7 1 2 7 1 2 7 0 2 4 1 2 7 0 59.7211945056915283
12 16 2 1 2 7 0 2 7 12 16 2 1 2 7 0 2 4 17 18 2 1 2 7 5 31 3 0 2 7 1 2 7 0 2 7 0 2 7 0 2 7 0 2 4 13 6 3 0 2 7 1 2 7 0 2 7 1 2 7 0 2 7 1 2 7 13 6 3 5 31 3 1 2 7 1 2 7 0 2 7 1 2 7 0 2 7 0 2 7 17 9 2 1 2 7 17 9 2 13 6 3 0 2 7 0 2 7 0 2 7 1 2 7 0 2 7 0 2 7 1 2 7 5 31 3 12 16 2 1 2 7 16 6 2 0 2 7 17 18 2 17 9 2 0 2 7 0 2 7 0 2 7 12 16 2 0 2 7 1 2 7 17 9 2 1 2 7 1 2 7 1 2 7 0 2 4 1 2 7 0 59.7211945056915283
12 16 2 1 2 7 0 2 7 12 16 2 1 2 7 0 2 4 17 18 2 1 2 7 5 31 3 0 2 7 1 2 7 0 2 7 0 2 7 0 2 7 0 2 4 13 6 3 0 2 7 1 2 7 0 2 7 1 2 7 0 2 7 1 2 7 13 6 3 5 31 3 1 2 7 1 2 7 0 2 7 1 2 7 0 2 7 0 2 7 17 9 2 1 2 7 17 9 2 13 6 3 0 2 7 0 2 7 0 2 7 1 2 7 0 2 7 0 2 7 1 2 7 5 31 3 12 16 2 1 2 7 16 6 2 0 2 7 17 18 2 17 9 2 0 2 7 0 2 7 0 2 7 12 16 2 0 2 7 1 2 7 17 9 2 1 2 7 1 2 7 1 2 7 0 2 4 1 2 7 0 59.7211945056915283
12 16 2 1 2 7 0 2 7 12 16 2 1 2 7 0 2 4 17 18 2 1 2 7 5 31 3 0 2 7 1 2 7 0 2 7 0 2 7 0 2 7 0 2 4 13 6 3 0 2 7 1 2 7 0 2 7 1 2 7 0 2 7 1 2 7 13 6 3 5 31 3 1 2 7 1 2 7 0 2 7 1 2 7 0 2 7 0 2 7 17 9 2 1 2 7 17 9 2 13 6 3 0 2 7 0 2 7 0 2 7 1 2 7 0 2 7 0 2 7 1 2 7 5 31 3 12 16 2 1 2 7 16 6 2 0 2 7 17 18 2 17 9 2 0 2 7 0 2 7 0 2 7 12 16 2 0 2 7 1 2 7 17 9 2 1 2 7 1 2 7 1 2 7 0 2 4 1 2 7 0 59.7211945056915283
12 16 2 1 2 7 0 2 7 12 16 2 1 2 7 0 2 4 17 18 2 1 2 7 5 31 3 0 2 7 1 2 7 0 2 7 0 2 7 0 2 7 0 2 4 13 6 3 0 2 7 1 2 7 0 2 7 1 2 7 0 2 7 1 2 7 13 6 3 5 31 3 1 2 7 1 2 7 0 2 7 1 2 7 0 2 7 0 2 7 17 9 2 1 2 7 17 9 2 13 6 3 0 2 7 0 2 7 0 2 7 1 2 7 0 2 7 0 2 7 1 2 7 5 31 3 12 16 2 1 2 7 16 6 2 0 2 7 17 18 2 17 9 2 0 2 7 0 2 7 0 2 7 12 16 2 0 2 7 1 2 7 17 9 2 1 2 7 1 2 7 1 2 7 0 2 4 1 2 7 0 59.7211945056915283
12 16 2 1 2 7 0 2 7 12 16 2 1 2 7 0 2 4 17 18 2 1 2 7 5 31 3 0 2 7 1 2 7 0 2 7 0 2 7 0 2 7 0 2 4 13 6 3 0 2 7 1 2 7 0 2 7 1 2 7 0 2 7 1 2 7 13 6 3 5 31 3 1 2 7 1 2 7 0 2 7 1 2 7 0 2 7 0 2 7 17 9 2 1 2 7 17 9 2 13 6 3 0 2 7 0 2 7 0 2 7 1 2 7 0 2 7 0 2 7 1 2 7 5 31 3 12 16 2 1 2 7 16 6 2 0 2 7 17 18 2 17 9 2 0 2 7 0 2 7 0 2 7 12 16 2 0 2 7 1 2 7 17 9 2 1 2 7 1 2 7 1 2 7 0 2 4 1 2 7 0 59.7211945056915283
12 16 2 1 2 7 0 2 7 12 16 2 1 2 7 0 2 4 17 18 2 1 2 7 5 31 3 0 2 7 1 2 7 0 2 7 0 2 7 0 2 7 0 2 4 13 6 3 0 2 7 1 2 7 0 2 7 1 2 7 0 2 7 1 2 7 13 6 3 5 31 3 1 2 7 1 2 7 0 2 7 1 2 7 0 2 7 0 2 7 17 9 2 1 2 7 17 9 2 13 6 3 0 2 7 0 2 7 0 2 7 1 2 7 0 2 7 0 2 7 1 2 7 5 31 3 12 16 2 1 2 7 16 6 2 0 2 7 17 18 2 17 9 2 0 2 7 0 2 7 0 2 7 12 16 2 0 2 7 1 2 7 17 9 2 1 2 7 1 2 7 1 2 7 0 2 4 1 2 7 0 59.7211945056915283
12 16 2 1 2 7 0 2 7 12 16 2 1 2 7 0 2 4 17 18 2 1 2 7 5 31 3 0 2 7 1 2 7 0 2 7 0 2 7 0 2 7 0 2 4 13 6 3 0 2 7 1 2 7 0 2 7 1 2 7 0 2 7 1 2 7 13 6 3 5 31 3 1 2 7 1 2 7 0 2 7 1 2 7 0 2 7 0 2 7 17 9 2 1 2 7 17 9 2 13 6 3 0 2 7 0 2 7 0 2 7 1 2 7 0 2 7 0 2 7 1 2 7 5 31 3 12 16 2 1 2 7 16 6 2 0 2 7 17 18 2 17 9 2 0 2 7 0 2 7 0 2 7 12 16 2 0 2 7 1 2 7 17 9 2 1 2 7 1 2 7 1 2 7 0 2 4 1 2 7 0 59.7211945056915283
12 16 2 1 2 7 0 2 7 12 16 2 1 2 7 0 2 4 17 18 2 1 2 7 5 31 3 0 2 7 1 2 7 0 2 7 0 2 7 0 2 7 0 2 4 13 6 3 0 2 7 1 2 7 0 2 7 1 2 7 0 2 7 1 2 7 13 6 3 5 31 3 1 2 7 1 2 7 0 2 7 1 2 7 0 2 7 0 2 7 17 9 2 1 2 7 17 9 2 13 6 3 0 2 7 0 2 7 0 2 7 1 2 7 0 2 7 0 2 7 1 2 7 5 31 3 12 16 2 1 2 7 16 6 2 0 2 7 17 18 2 17 9 2 0 2 7 0 2 7 0 2 7 12 16 2 0 2 7 1 2 7 17 9 2 1 2 7 1 2 7 1 2 7 0 2 4 1 2 7 0 59.7211945056915283
12 16 2 1 2 7 0 2 7 12 16 2 1 2 7 0 2 4 17 18 2 1 2 7 5 31 3 0 2 7 1 2 7 0 2 7 0 2 7 0 2 7 0 2 4 13 6 3 0 2 7 1 2 7 0 2 7 1 2 7 0 2 7 1 2 7 13 6 3 5 31 3 1 2 7 1 2 7 0 2 7 1 2 7 0 2 7 0 2 7 17 9 2 1 2 7 17 9 2 13 6 3 0 2 7 0 2 7 0 2 7 1 2 7 0 2 7 0 2 7 1 2 7 5 31 3 12 16 2 1 2 7 16 6 2 0 2 7 17 18 2 17 9 2 0 2 7 0 2 7 0 2 7 12 16 2 0 2 7 1 2 7 17 9 2 1 2 7 1 2 7 1 2 7 0 2 4 1 2 7 0 59.7211945056915283
12 16 2 1 2 7 0 2 7 12 16 2 1 2 7 0 2 4 17 18 2 1 2 7 5 31 3 0 2 7 1 2 7 0 2 7 0 2 7 0 2 7 0 2 4 13 6 3 0 2 7 1 2 7 0 2 7 1 2 7 0 2 7 1 2 7 13 6 3 5 31 3 1 2 7 1 2 7 0 2 7 1 2 7 0 2 7 0 2 7 17 9 2 1 2 7 17 9 2 13 6 3 0 2 7 0 2 7 0 2 7 1 2 7 0 2 7 0 2 7 1 2 7 5 31 3 12 16 2 1 2 7 16 6 2 0 2 7 17 18 2 17 9 2 0 2 7 0 2 7 0 2 7 12 16 2 0 2 7 1 2 7 17 9 2 1 2 7 1 2 7 1 2 7 0 2 4 1 2 7 0 59.7211945056915283
12 16 2 1 2 7 0 2 7 12 16 2 1 2 7 0 2 4 17 18 2 1 2 7 5 31 3 0 2 7 1 2 7 0 2 7 0 2 7 0 2 7 0 2 4 13 6 3 0 2 7 1 2 7 0 2 7 1 2 7 0 2 7 1 2 7 13 6 3 5 31 3 1 2 7 1 2 7 0 2 7 1 2 7 0 2 7 0 2 7 17 9 2 1 2 7 17 9 2 13 6 3 0 2 7 0 2 7 0 2 7 1 2 7 0 2 7 0 2 7 1 2 7 5 31 3 12 16 2 1 2 7 16 6 2 0 2 7 17 18 2 17 9 2 0 2 7 0 2 7 0 2 7 12 16 2 0 2 7 1 2 7 17 9 2 1 2 7 1 2 7 1 2 7 0 2 4 1 2 7 0 59.7211945056915283
12 16 2 1 2 7 0 2 7 12 16 2 1 2 7 0 2 4 17 18 2 1 2 7 5 31 3 0 2 7 1 2 7 0 2 7 0 2 7 0 2 7 0 2 4 13 6 3 0 2 7 1 2 7 0 2 7 1 2 7 0 2 7 1 2 7 13 6 3 5 31 3 1 2 7 1 2 7 0 2 7 1 2 7 0 2 7 0 2 7 17 9 2 1 2 7 17 9 2 13 6 3 0 2 7 0 2 7 0 2 7 1 2 7 0 2 7 0 2 7 1 2 7 5 31 3 12 16 2 1 2 7 16 6 2 0 2 7 17 18 2 17 9 2 0 2 7 0 2 7 0 2 7 12 16 2 0 2 7 1 2 7 17 9 2 1 2 7 1 2 7 1 2 7 0 2 4 1 2 7 0 59.7211945056915283
12 16 2 1 2 7 0 2 7 12 16 2 1 2 7 0 2 4 17 18 2 1 2 7 5 31 3 0 2 7 1 2 7 0 2 7 0 2 7 0 2 7 0 2 4 13 6 3 0 2 7 1 2 7 0 2 7 1 2 7 0 2 7 1 2 7 13 6 3 5 31 3 1 2 7 1 2 7 0 2 7 1 2 7 0 2 7 0 2 7 17 9 2 1 2 7 17 9 2 13 6 3 0 2 7 0 2 7 0 2 7 1 2 7 0 2 7 0 2 7 1 2 7 5 31 3 12 16 2 1 2 7 16 6 2 0 2 7 17 18 2 17 9 2 0 2 7 0 2 7 0 2 7 12 16 2 0 2 7 1 2 7 17 9 2 1 2 7 1 2 7 1 2 7 0 2 4 1 2 7 0 59.7211945056915283
12 16 2 1 2 7 0 2 7 12 16 2 1 2 7 0 2 4 17 18 2 1 2 7 5 31 3 0 2 7 1 2 7 0 2 7 0 2 7 0 2 7 0 2 4 13 6 3 0 2 7 1 2 7 0 2 7 1 2 7 0 2 7 1 2 7 13 6 3 5 31 3 1 2 7 1 2 7 0 2 7 1 2 7 0 2 7 0 2 7 17 9 2 1 2 7 17 9 2 13 6 3 0 2 7 0 2 7 0 2 7 1 2 7 0 2 7 0 2 7 1 2 7 5 31 3 12 16 2 1 2 7 16 6 2 0 2 7 17 18 2 17 9 2 0 2 7 0 2 7 0 2 7 12 16 2 0 2 7 1 2 7 17 9 2 1 2 7 1 2 7 1 2 7 0 2 4 1 2 7 0 59.7211945056915283
12 16 2 1 2 7 0 2 7 12 16 2 1 2 7 0 2 4 17 18 2 1 2 7 5 31 3 0 2 7 1 2 7 0 2 7 0 2 7 0 2 7 0 2 4 13 6 3 0 2 7 1 2 7 0 2 7 1 2 7 0 2 7 1 2 7 13 6 3 5 31 3 1 2 7 1 2 7 0 2 7 1 2 7 0 2 7 0 2 7 17 9 2 1 2 7 17 9 2 13 6 3 0 2 7 0 2 7 0 2 7 1 2 7 0 2 7 0 2 7 1 2 7 5 31 3 12 16 2 1 2 7 16 6 2 0 2 7 17 18 2 17 9 2 0 2 7 0 2 7 0 2 7 12 16 2 0 2 7 1 2 7 17 9 2 1 2 7 1 2 7 1 2 7 0 2 4 1 2 7 0 59.7211945056915283
12 16 2 1 2 7 0 2 7 12 16 2 1 2 7 0 2 4 17 18 2 1 2 7 5 31 3 0 2 7 1 2 7 0 2 7 0 2 7 0 2 7 0 2 4 13 6 3 0 2 7 1 2 7 0 2 7 1 2 7 0 2 7 1 2 7 13 6 3 5 31 3 1 2 7 1 2 7 0 2 7 1 2 7 0 2 7 0 2 7 17 9 2 1 2 7 17 9 2 13 6 3 0 2 7 0 2 7 0 2 7 1 2 7 0 2 7 0 2 7 1 2 7 5 31 3 12 16 2 1 2 7 16 6 2 0 2 7 17 18 2 17 9 2 0 2 7 0 2 7 0 2 7 12 16 2 0 2 7 1 2 7 17 9 2 1 2 7 1 2 7 1 2 7 0 2 4 1 2 7 0 59.7211945056915283
12 16 2 1 2 7 0 2 7 12 16 2 1 2 7 0 2 4 17 18 2 1 2 7 5 31 3 0 2 7 1 2 7 0 2 7 0 2 7 0 2 7 0 2 4 13 6 3 0 2 7 1 2 7 0 2 7 1 2 7 0 2 7 1 2 7 13 6 3 5 31 3 1 2 7 1 2 7 0 2 7 1 2 7 0 2 7 0 2 7 17 9 2 1 2 7 17 9 2 13 6 3 0 2 7 0 2 7 0 2 7 1 2 7 0 2 7 0 2 7 1 2 7 5 31 3 12 16 2 1 2 7 16 6 2 0 2 7 17 18 2 17 9 2 0 2 7 0 2 7 0 2 7 12 16 2 0 2 7 1 2 7 17 9 2 1 2 7 1 2 7 1 2 7 0 2 4 1 2 7 0 59.7211945056915283
12 16 2 1 2 7 0 2 7 12 16 2 1 2 7 0 2 4 17 18 2 1 2 7 5 31 3 0 2 7 1 2 7 0 2 7 0 2 7 0 2 7 0 2 4 13 6 3 0 2 7 1 2 7 0 2 7 1 2 7 0 2 7 1 2 7 13 6 3 5 31 3 1 2 7 1 2 7 0 2 7 1 2 7 0 2 7 0 2 7 17 9 2 1 2 7 17 9 2 13 6 3 0 2 7 0 2 7 0 2 7 1 2 7 0 2 7 0 2 7 1 2 7 5 31 3 12 16 2 1 2 7 16 6 2 0 2 7 17 18 2 17 9 2 0 2 7 0 2 7 0 2 7 12 16 2 0 2 7 1 2 7 17 9 2 1 2 7 1 2 7 1 2 7 0 2 4 1 2 7 0 59.7211945056915283
12 16 2 1 2 7 0 2 7 12 16 2 1 2 7 0 2 4 17 18 2 1 2 7 5 31 3 0 2 7 1 2 7 0 2 7 0 2 7 0 2 7 0 2 4 13 6 3 0 2 7 1 2 7 0 2 7 1 2 7 0 2 7 1 2 7 13 6 3 5 31 3 1 2 7 1 2 7 0 2 7 1 2 7 0 2 7 0 2 7 17 9 2 1 2 7 17 9 2 13 6 3 0 2 7 0 2 7 0 2 7 1 2 7 0 2 7 0 2 7 1 2 7 5 31 3 12 16 2 1 2 7 16 6 2 0 2 7 17 18 2 17 9 2 0 2 7 0 2 7 0 2 7 12 16 2 0 2 7 1 2 7 17 9 2 1 2 7 1 2 7 1 2 7 0 2 4 1 2 7 0 59.7211945056915283
12 16 2 1 2 7 0 2 7 12 16 2 1 2 7 0 2 4 17 18 2 1 2 7 5 31 3 0 2 7 1 2 7 0 2 7 0 2 7 0 2 7 0 2 4 13 6 3 0 2 7 1 2 7 0 2 7 1 2 7 0 2 7 1 2 7 13 6 3 5 31 3 1 2 7 1 2 7 0 2 7 1 2 7 0 2 7 0 2 7 17 9 2 1 2 7 17 9 2 13 6 3 0 2 7 0 2 7 0 2 7 1 2 7 0 2 7 0 2 7 1 2 7 5 31 3 12 16 2 1 2 7 16 6 2 0 2 7 17 18 2 17 9 2 0 2 7 0 2 7 0 2 7 12 16 2 0 2 7 1 2 7 17 9 2 1 2 7 1 2 7 1 2 7 0 2 4 1 2 7 0 59.7211945056915283
12 16 2 1 2 7 0 2 7 12 16 2 1 2 7 0 2 4 17 18 2 1 2 7 5 31 3 0 2 7 1 2 7 0 2 7 0 2 7 0 2 7 0 2 4 13 6 3 0 2 7 1 2 7 0 2 7 1 2 7 0 2 7 1 2 7 13 6 3 5 31 3 1 2 7 1 2 7 0 2 7 1 2 7 0 2 7 0 2 7 17 9 2 1 2 7 17 9 2 13 6 3 0 2 7 0 2 7 0 2 7 1 2 7 0 2 7 0 2 7 1 2 7 5 31 3 12 16 2 1 2 7 16 6 2 0 2 7 17 18 2 17 9 2 0 2 7 0 2 7 0 2 7 12 16 2 0 2 7 1 2 7 17 9 2 1 2 7 1 2 7 1 2 7 0 2 4 1 2 7 0 59.7211945056915283
12 16 2 1 2 7 0 2 7 12 16 2 1 2 7 0 2 4 17 18 2 1 2 7 5 31 3 0 2 7 1 2 7 0 2 7 0 2 7 0 2 7 0 2 4 13 6 3 0 2 7 1 2 7 0 2 7 1 2 7 0 2 7 1 2 7 13 6 3 5 31 3 1 2 7 1 2 7 0 2 7 1 2 7 0 2 7 0 2 7 17 9 2 1 2 7 17 9 2 13 6 3 0 2 7 0 2 7 0 2 7 1 2 7 0 2 7 0 2 7 1 2 7 5 31 3 12 16 2 1 2 7 16 6 2 0 2 7 17 18 2 17 9 2 0 2 7 0 2 7 0 2 7 12 16 2 0 2 7 1 2 7 17 9 2 1 2 7 1 2 7 1 2 7 0 2 4 1 2 7 0 59.7211945056915283
12 16 2 1 2 7 0 2 7 12 16 2 1 2 7 0 2 4 17 18 2 1 2 7 5 31 3 0 2 7 1 2 7 0 2 7 0 2 7 0 2 7 0 2 4 13 6 3 0 2 7 1 2 7 0 2 7 1 2 7 0 2 7 1 2 7 13 6 3 5 31 3 1 2 7 1 2 7 0 2 7 1 2 7 0 2 7 0 2 7 17 9 2 1 2 7 17 9 2 13 6 3 0 2 7 0 2 7 0 2 7 1 2 7 0 2 7 0 2 7 1 2 7 5 31 3 12 16 2 1 2 7 16 6 2 0 2 7 17 18 2 17 9 2 0 2 7 0 2 7 0 2 7 12 16 2 0 2 7 1 2 7 17 9 2 1 2 7 1 2 7 1 2 7 0 2 4 1 2 7 0 59.7211945056915283
12 16 2 1 2 7 0 2 7 12 16 2 1 2 7 0 2 4 17 18 2 1 2 7 5 31 3 0 2 7 1 2 7 0 2 7 0 2 7 0 2 7 0 2 4 13 6 3 0 2 7 1 2 7 0 2 7 1 2 7 0 2 7 1 2 7 13 6 3 5 31 3 1 2 7 1 2 7 0 2 7 1 2 7 0 2 7 0 2 7 17 9 2 1 2 7 17 9 2 13 6 3 0 2 7 0 2 7 0 2 7 1 2 7 0 2 7 0 2 7 1 2 7 5 31 3 12 16 2 1 2 7 16 6 2 0 2 7 17 18 2 17 9 2 0 2 7 0 2 7 0 2 7 12 16 2 0 2 7 1 2 7 17 9 2 1 2 7 1 2 7 1 2 7 0 2 4 1 2 7 0 59.7211945056915283
12 16 2 1 2 7 0 2 7 12 16 2 1 2 7 0 2 4 17 18 2 1 2 7 5 31 3 0 2 7 1 2 7 0 2 7 0 2 7 0 2 7 0 2 4 13 6 3 0 2 7 1 2 7 0 2 7 1 2 7 0 2 7 1 2 7 13 6 3 5 31 3 1 2 7 1 2 7 0 2 7 1 2 7 0 2 7 0 2 7 17 9 2 1 2 7 17 9 2 13 6 3 0 2 7 0 2 7 0 2 7 1 2 7 0 2 7 0 2 7 1 2 7 5 31 3 12 16 2 1 2 7 16 6 2 0 2 7 17 18 2 17 9 2 0 2 7 0 2 7 0 2 7 12 16 2 0 2 7 1 2 7 17 9 2 1 2 7 1 2 7 1 2 7 0 2 4 1 2 7 0 59.7211945056915283
12 16 2 1 2 7 0 2 7 12 16 2 1 2 7 0 2 4 17 18 2 1 2 7 5 31 3 0 2 7 1 2 7 0 2 7 0 2 7 0 2 7 0 2 4 13 6 3 0 2 7 1 2 7 0 2 7 1 2 7 0 2 7 1 2 7 13 6 3 5 31 3 1 2 7 1 2 7 0 2 7 1 2 7 0 2 7 0 2 7 17 9 2 1 2 7 17 9 2 13 6 3 0 2 7 0 2 7 0 2 7 1 2 7 0 2 7 0 2 7 1 2 7 5 31 3 12 16 2 1 2 7 16 6 2 0 2 7 17 18 2 17 9 2 0 2 7 0 2 7 0 2 7 12 16 2 0 2 7 1 2 7 17 9 2 1 2 7 1 2 7 1 2 7 0 2 4 1 2 7 0 59.7211945056915283
12 16 2 1 2 7 0 2 7 12 16 2 1 2 7 0 2 4 17 18 2 1 2 7 5 31 3 0 2 7 1 2 7 0 2 7 0 2 7 0 2 7 0 2 4 13 6 3 0 2 7 1 2 7 0 2 7 1 2 7 0 2 7 1 2 7 13 6 3 5 31 3 1 2 7 1 2 7 0 2 7 1 2 7 0 2 7 0 2 7 17 9 2 1 2 7 17 9 2 13 6 3 0 2 7 0 2 7 0 2 7 1 2 7 0 2 7 0 2 7 1 2 7 5 31 3 12 16 2 1 2 7 16 6 2 0 2 7 17 18 2 17 9 2 0 2 7 0 2 7 0 2 7 12 16 2 0 2 7 1 2 7 17 9 2 1 2 7 1 2 7 1 2 7 0 2 4 1 2 7 0 59.7211945056915283
12 16 2 1 2 7 0 2 7 12 16 2 1 2 7 0 2 4 17 18 2 1 2 7 5 31 3 0 2 7 1 2 7 0 2 7 0 2 7 0 2 7 0 2 4 13 6 3 0 2 7 1 2 7 0 2 7 1 2 7 0 2 7 1 2 7 13 6 3 5 31 3 1 2 7 1 2 7 0 2 7 1 2 7 0 2 7 0 2 7 17 9 2 1 2 7 17 9 2 13 6 3 0 2 7 0 2 7 0 2 7 1 2 7 0 2 7 0 2 7 1 2 7 5 31 3 12 16 2 1 2 7 16 6 2 0 2 7 17 18 2 17 9 2 0 2 7 0 2 7 0 2 7 12 16 2 0 2 7 1 2 7 17 9 2 1 2 7 1 2 7 1 2 7 0 2 4 1 2 7 0 59.7211945056915283
12 16 2 1 2 7 0 2 7 12 16 2 1 2 7 0 2 4 17 18 2 1 2 7 5 31 3 0 2 7 1 2 7 0 2 7 0 2 7 0 2 7 0 2 4 13 6 3 0 2 7 1 2 7 0 2 7 1 2 7 0 2 7 1 2 7 13 6 3 5 31 3 1 2 7 1 2 7 0 2 7 1 2 7 0 2 7 0 2 7 17 9 2 1 2 7 17 9 2 13 6 3 0 2 7 0 2 7 0 2 7 1 2 7 0 2 7 0 2 7 1 2 7 5 31 3 12 16 2 1 2 7 16 6 2 0 2 7 17 18 2 17 9 2 0 2 7 0 2 7 0 2 7 12 16 2 0 2 7 1 2 7 17 9 2 1 2 7 1 2 7 1 2 7 0 2 4 1 2 7 0 59.7211945056915283
12 16 2 1 2 7 0 2 7 12 16 2 1 2 7 0 2 4 17 18 2 1 2 7 5 31 3 0 2 7 1 2 7 0 2 7 0 2 7 0 2 7 0 2 4 13 6 3 0 2 7 1 2 7 0 2 7 1 2 7 0 2 7 1 2 7 13 6 3 5 31 3 1 2 7 1 2 7 0 2 7 1 2 7 0 2 7 0 2 7 17 9 2 1 2 7 17 9 2 13 6 3 0 2 7 0 2 7 0 2 7 1 2 7 0 2 7 0 2 7 1 2 7 5 31 3 12 16 2 1 2 7 16 6 2 0 2 7 17 18 2 17 9 2 0 2 7 0 2 7 0 2 7 12 16 2 0 2 7 1 2 7 17 9 2 1 2 7 1 2 7 1 2 7 0 2 4 1 2 7 0 59.7211945056915283
12 16 2 1 2 7 0 2 7 12 16 2 1 2 7 0 2 4 17 18 2 1 2 7 5 31 3 0 2 7 1 2 7 0 2 7 0 2 7 0 2 7 0 2 4 13 6 3 0 2 7 1 2 7 0 2 7 1 2 7 0 2 7 1 2 7 13 6 3 5 31 3 1 2 7 1 2 7 0 2 7 1 2 7 0 2 7 0 2 7 17 9 2 1 2 7 17 9 2 13 6 3 0 2 7 0 2 7 0 2 7 1 2 7 0 2 7 0 2 7 1 2 7 5 31 3 12 16 2 1 2 7 16 6 2 0 2 7 17 18 2 17 9 2 0 2 7 0 2 7 0 2 7 12 16 2 0 2 7 1 2 7 17 9 2 1 2 7 1 2 7 1 2 7 0 2 4 1 2 7 0 59.7211945056915283
12 16 2 1 2 7 0 2 7 12 16 2 1 2 7 0 2 4 17 18 2 1 2 7 5 31 3 0 2 7 1 2 7 0 2 7 0 2 7 0 2 7 0 2 4 13 6 3 0 2 7 1 2 7 0 2 7 1 2 7 0 2 7 1 2 7 13 6 3 5 31 3 1 2 7 1 2 7 0 2 7 1 2 7 0 2 7 0 2 7 17 9 2 1 2 7 17 9 2 13 6 3 0 2 7 0 2 7 0 2 7 1 2 7 0 2 7 0 2 7 1 2 7 5 31 3 12 16 2 1 2 7 16 6 2 0 2 7 17 18 2 17 9 2 0 2 7 0 2 7 0 2 7 12 16 2 0 2 7 1 2 7 17 9 2 1 2 7 1 2 7 1 2 7 0 2 4 1 2 7 0 59.7211945056915283
12 16 2 1 2 7 0 2 7 12 16 2 1 2 7 0 2 4 17 18 2 1 2 7 5 31 3 0 2 7 1 2 7 0 2 7 0 2 7 0 2 7 0 2 4 13 6 3 0 2 7 1 2 7 0 2 7 1 2 7 0 2 7 1 2 7 13 6 3 5 31 3 1 2 7 1 2 7 0 2 7 1 2 7 0 2 7 0 2 7 17 9 2 1 2 7 17 9 2 13 6 3 0 2 7 0 2 7 0 2 7 1 2 7 0 2 7 0 2 7 1 2 7 5 31 3 12 16 2 1 2 7 16 6 2 0 2 7 17 18 2 17 9 2 0 2 7 0 2 7 0 2 7 12 16 2 0 2 7 1 2 7 17 9 2 1 2 7 1 2 7 1 2 7 0 2 4 1 2 7 0 59.7211945056915283
12 16 2 1 2 7 0 2 7 12 16 2 1 2 7 0 2 4 17 18 2 1 2 7 5 31 3 0 2 7 1 2 7 0 2 7 0 2 7 0 2 7 0 2 4 13 6 3 0 2 7 1 2 7 0 2 7 1 2 7 0 2 7 1 2 7 13 6 3 5 31 3 1 2 7 1 2 7 0 2 7 1 2 7 0 2 7 0 2 7 17 9 2 1 2 7 17 9 2 13 6 3 0 2 7 0 2 7 0 2 7 1 2 7 0 2 7 0 2 7 1 2 7 5 31 3 12 16 2 1 2 7 16 6 2 0 2 7 17 18 2 17 9 2 0 2 7 0 2 7 0 2 7 12 16 2 0 2 7 1 2 7 17 9 2 1 2 7 1 2 7 1 2 7 0 2 4 1 2 7 0 59.7211945056915283
12 16 2 1 2 7 0 2 7 12 16 2 1 2 7 0 2 4 17 18 2 1 2 7 5 31 3 0 2 7 1 2 7 0 2 7 0 2 7 0 2 7 0 2 4 13 6 3 0 2 7 1 2 7 0 2 7 1 2 7 0 2 7 1 2 7 13 6 3 5 31 3 1 2 7 1 2 7 0 2 7 1 2 7 0 2 7 0 2 7 17 9 2 1 2 7 17 9 2 13 6 3 0 2 7 0 2 7 0 2 7 1 2 7 0 2 7 0 2 7 1 2 7 5 31 3 12 16 2 1 2 7 16 6 2 0 2 7 17 18 2 17 9 2 0 2 7 0 2 7 0 2 7 12 16 2 0 2 7 1 2 7 17 9 2 1 2 7 1 2 7 1 2 7 0 2 4 1 2 7 0 59.7211945056915283
12 16 2 1 2 7 0 2 7 12 16 2 1 2 7 0 2 4 17 18 2 1 2 7 5 31 3 0 2 7 1 2 7 0 2 7 0 2 7 0 2 7 0 2 4 13 6 3 0 2 7 1 2 7 0 2 7 1 2 7 0 2 7 1 2 7 13 6 3 5 31 3 1 2 7 1 2 7 0 2 7 1 2 7 0 2 7 0 2 7 17 9 2 1 2 7 17 9 2 13 6 3 0 2 7 0 2 7 0 2 7 1 2 7 0 2 7 0 2 7 1 2 7 5 31 3 12 16 2 1 2 7 16 6 2 0 2 7 17 18 2 17 9 2 0 2 7 0 2 7 0 2 7 12 16 2 0 2 7 1 2 7 17 9 2 1 2 7 1 2 7 1 2 7 0 2 4 1 2 7 0 59.7211945056915283
12 16 2 1 2 7 0 2 7 12 16 2 1 2 7 0 2 4 17 18 2 1 2 7 5 31 3 0 2 7 1 2 7 0 2 7 0 2 7 0 2 7 0 2 4 13 6 3 0 2 7 1 2 7 0 2 7 1 2 7 0 2 7 1 2 7 13 6 3 5 31 3 1 2 7 1 2 7 0 2 7 1 2 7 0 2 7 0 2 7 17 9 2 1 2 7 17 9 2 13 6 3 0 2 7 0 2 7 0 2 7 1 2 7 0 2 7 0 2 7 1 2 7 5 31 3 12 16 2 1 2 7 16 6 2 0 2 7 17 18 2 17 9 2 0 2 7 0 2 7 0 2 7 12 16 2 0 2 7 1 2 7 17 9 2 1 2 7 1 2 7 1 2 7 0 2 4 1 2 7 0 59.7211945056915283
12 16 2 1 2 7 0 2 7 12 16 2 1 2 7 0 2 4 17 18 2 1 2 7 5 31 3 0 2 7 1 2 7 0 2 7 0 2 7 0 2 7 0 2 4 13 6 3 0 2 7 1 2 7 0 2 7 1 2 7 0 2 7 1 2 7 13 6 3 5 31 3 1 2 7 1 2 7 0 2 7 1 2 7 0 2 7 0 2 7 17 9 2 1 2 7 17 9 2 13 6 3 0 2 7 0 2 7 0 2 7 1 2 7 0 2 7 0 2 7 1 2 7 5 31 3 12 16 2 1 2 7 16 6 2 0 2 7 17 18 2 17 9 2 0 2 7 0 2 7 0 2 7 12 16 2 0 2 7 1 2 7 17 9 2 1 2 7 1 2 7 1 2 7 0 2 4 1 2 7 0 59.7211945056915283
12 16 2 1 2 7 0 2 7 12 16 2 1 2 7 0 2 4 17 18 2 1 2 7 5 31 3 0 2 7 1 2 7 0 2 7 0 2 7 0 2 7 0 2 4 13 6 3 0 2 7 1 2 7 0 2 7 1 2 7 0 2 7 1 2 7 13 6 3 5 31 3 1 2 7 1 2 7 0 2 7 1 2 7 0 2 7 0 2 7 17 9 2 1 2 7 17 9 2 13 6 3 0 2 7 0 2 7 0 2 7 1 2 7 0 2 7 0 2 7 1 2 7 5 31 3 12 16 2 1 2 7 16 6 2 0 2 7 17 18 2 17 9 2 0 2 7 0 2 7 0 2 7 12 16 2 0 2 7 1 2 7 17 9 2 1 2 7 1 2 7 1 2 7 0 2 4 1 2 7 0 59.7211945056915283
12 16 2 1 2 7 0 2 7 12 16 2 1 2 7 0 2 4 17 18 2 1 2 7 5 31 3 0 2 7 1 2 7 0 2 7 0 2 7 0 2 7 0 2 4 13 6 3 0 2 7 1 2 7 0 2 7 1 2 7 0 2 7 1 2 7 13 6 3 5 31 3 1 2 7 1 2 7 0 2 7 1 2 7 0 2 7 0 2 7 17 9 2 1 2 7 17 9 2 13 6 3 0 2 7 0 2 7 0 2 7 1 2 7 0 2 7 0 2 7 1 2 7 5 31 3 12 16 2 1 2 7 16 6 2 0 2 7 17 18 2 17 9 2 0 2 7 0 2 7 0 2 7 12 16 2 0 2 7 1 2 7 17 9 2 1 2 7 1 2 7 1 2 7 0 2 4 1 2 7 0 59.7211945056915283
12 16 2 1 2 7 0 2 7 12 16 2 1 2 7 0 2 4 17 18 2 1 2 7 5 31 3 0 2 7 1 2 7 0 2 7 0 2 7 0 2 7 0 2 4 13 6 3 0 2 7 1 2 7 0 2 7 1 2 7 0 2 7 1 2 7 13 6 3 5 31 3 1 2 7 1 2 7 0 2 7 1 2 7 0 2 7 0 2 7 17 9 2 1 2 7 17 9 2 13 6 3 0 2 7 0 2 7 0 2 7 1 2 7 0 2 7 0 2 7 1 2 7 5 31 3 12 16 2 1 2 7 16 6 2 0 2 7 17 18 2 17 9 2 0 2 7 0 2 7 0 2 7 12 16 2 0 2 7 1 2 7 17 9 2 1 2 7 1 2 7 1 2 7 0 2 4 1 2 7 0 59.7211945056915283
12 16 2 1 2 7 0 2 7 12 16 2 1 2 7 0 2 4 17 18 2 1 2 7 5 31 3 0 2 7 1 2 7 0 2 7 0 2 7 0 2 7 0 2 4 13 6 3 0 2 7 1 2 7 0 2 7 1 2 7 0 2 7 1 2 7 13 6 3 5 31 3 1 2 7 1 2 7 0 2 7 1 2 7 0 2 7 0 2 7 17 9 2 1 2 7 17 9 2 13 6 3 0 2 7 0 2 7 0 2 7 1 2 7 0 2 7 0 2 7 1 2 7 5 31 3 12 16 2 1 2 7 16 6 2 0 2 7 17 18 2 17 9 2 0 2 7 0 2 7 0 2 7 12 16 2 0 2 7 1 2 7 17 9 2 1 2 7 1 2 7 1 2 7 0 2 4 1 2 7 0 59.7211945056915283
12 16 2 1 2 7 0 2 7 12 16 2 1 2 7 0 2 4 17 18 2 1 2 7 5 31 3 0 2 7 1 2 7 0 2 7 0 2 7 0 2 7 0 2 4 13 6 3 0 2 7 1 2 7 0 2 7 1 2 7 0 2 7 1 2 7 13 6 3 5 31 3 1 2 7 1 2 7 0 2 7 1 2 7 0 2 7 0 2 7 17 9 2 1 2 7 17 9 2 13 6 3 0 2 7 0 2 7 0 2 7 1 2 7 0 2 7 0 2 7 1 2 7 5 31 3 12 16 2 1 2 7 16 6 2 0 2 7 17 18 2 17 9 2 0 2 7 0 2 7 0 2 7 12 16 2 0 2 7 1 2 7 17 9 2 1 2 7 1 2 7 1 2 7 0 2 4 1 2 7 0 59.7211945056915283
12 16 2 1 2 7 0 2 7 12 16 2 1 2 7 0 2 4 17 18 2 1 2 7 5 31 3 0 2 7 1 2 7 0 2 7 0 2 7 0 2 7 0 2 4 13 6 3 0 2 7 1 2 7 0 2 7 1 2 7 0 2 7 1 2 7 13 6 3 5 31 3 1 2 7 1 2 7 0 2 7 1 2 7 0 2 7 0 2 7 17 9 2 1 2 7 17 9 2 13 6 3 0 2 7 0 2 7 0 2 7 1 2 7 0 2 7 0 2 7 1 2 7 5 31 3 12 16 2 1 2 7 16 6 2 0 2 7 17 18 2 17 9 2 0 2 7 0 2 7 0 2 7 12 16 2 0 2 7 1 2 7 17 9 2 1 2 7 1 2 7 1 2 7 0 2 4 1 2 7 0 59.7211945056915283
12 16 2 1 2 7 0 2 7 12 16 2 1 2 7 0 2 4 17 18 2 1 2 7 5 31 3 0 2 7 1 2 7 0 2 7 0 2 7 0 2 7 0 2 4 13 6 3 0 2 7 1 2 7 0 2 7 1 2 7 0 2 7 1 2 7 13 6 3 5 31 3 1 2 7 1 2 7 0 2 7 1 2 7 0 2 7 0 2 7 17 9 2 1 2 7 17 9 2 13 6 3 0 2 7 0 2 7 0 2 7 1 2 7 0 2 7 0 2 7 1 2 7 5 31 3 12 16 2 1 2 7 16 6 2 0 2 7 17 18 2 17 9 2 0 2 7 0 2 7 0 2 7 12 16 2 0 2 7 1 2 7 17 9 2 1 2 7 1 2 7 1 2 7 0 2 4 1 2 7 0 59.7211945056915283
12 16 2 1 2 7 0 2 7 12 16 2 1 2 7 0 2 4 17 18 2 1 2 7 5 31 3 0 2 7 1 2 7 0 2 7 0 2 7 0 2 7 0 2 4 13 6 3 0 2 7 1 2 7 0 2 7 1 2 7 0 2 7 1 2 7 13 6 3 5 31 3 1 2 7 1 2 7 0 2 7 1 2 7 0 2 7 0 2 7 17 9 2 1 2 7 17 9 2 13 6 3 0 2 7 0 2 7 0 2 7 1 2 7 0 2 7 0 2 7 1 2 7 5 31 3 12 16 2 1 2 7 16 6 2 0 2 7 17 18 2 17 9 2 0 2 7 0 2 7 0 2 7 12 16 2 0 2 7 1 2 7 17 9 2 1 2 7 1 2 7 1 2 7 0 2 4 1 2 7 0 59.7211945056915283
12 16 2 1 2 7 0 2 7 12 16 2 1 2 7 0 2 4 17 18 2 1 2 7 5 31 3 0 2 7 1 2 7 0 2 7 0 2 7 0 2 7 0 2 4 13 6 3 0 2 7 1 2 7 0 2 7 1 2 7 0 2 7 1 2 7 13 6 3 5 31 3 1 2 7 1 2 7 0 2 7 1 2 7 0 2 7 0 2 7 17 9 2 1 2 7 17 9 2 13 6 3 0 2 7 0 2 7 0 2 7 1 2 7 0 2 7 0 2 7 1 2 7 5 31 3 12 16 2 1 2 7 16 6 2 0 2 7 17 18 2 17 9 2 0 2 7 0 2 7 0 2 7 12 16 2 0 2 7 1 2 7 17 9 2 1 2 7 1 2 7 1 2 7 0 2 4 1 2 7 0 59.7211945056915283
MonoObjective Genetic Algorithm
Number of Evaluations = 0
Mutation Probability = 0
Crossover Probability = 1
Population Size = 10
Survival Selection Type = 18
Time =  18073.0572688579559
12 16 2 1 2 7 0 2 7 12 16 2 1 2 7 0 2 4 17 18 2 1 2 7 5 31 3 0 2 7 1 2 7 0 2 7 0 2 7 0 2 7 0 2 4 13 6 3 0 2 7 1 2 7 0 2 7 1 2 7 0 2 7 1 2 7 13 6 3 5 31 3 1 2 7 1 2 7 0 2 7 1 2 7 0 2 7 0 2 7 17 9 2 1 2 7 17 9 2 13 6 3 0 2 7 0 2 7 0 2 7 1 2 7 0 2 7 0 2 7 1 2 7 5 31 3 12 16 2 1 2 7 16 6 2 0 2 7 17 18 2 17 9 2 0 2 7 0 2 7 0 2 7 12 16 2 0 2 7 1 2 7 17 9 2 1 2 7 1 2 7 1 2 7 0 2 4 1 2 7 0 59.7211945056915283
12 16 2 1 2 7 0 2 7 12 16 2 1 2 7 0 2 4 17 18 2 1 2 7 5 31 3 0 2 7 1 2 7 0 2 7 0 2 7 0 2 7 0 2 4 13 6 3 0 2 7 1 2 7 0 2 7 1 2 7 0 2 7 1 2 7 13 6 3 5 31 3 1 2 7 1 2 7 0 2 7 1 2 7 0 2 7 0 2 7 17 9 2 1 2 7 17 9 2 13 6 3 0 2 7 0 2 7 0 2 7 1 2 7 0 2 7 0 2 7 1 2 7 5 31 3 12 16 2 1 2 7 16 6 2 0 2 7 17 18 2 17 9 2 0 2 7 0 2 7 0 2 7 12 16 2 0 2 7 1 2 7 17 9 2 1 2 7 1 2 7 1 2 7 0 2 4 1 2 7 0 59.7211945056915283
12 16 2 1 2 7 0 2 7 12 16 2 1 2 7 0 2 4 17 18 2 1 2 7 5 31 3 0 2 7 1 2 7 0 2 7 0 2 7 0 2 7 0 2 4 13 6 3 0 2 7 1 2 7 0 2 7 1 2 7 0 2 7 1 2 7 13 6 3 5 31 3 1 2 7 1 2 7 0 2 7 1 2 7 0 2 7 0 2 7 17 9 2 1 2 7 17 9 2 13 6 3 0 2 7 0 2 7 0 2 7 1 2 7 0 2 7 0 2 7 1 2 7 5 31 3 12 16 2 1 2 7 16 6 2 0 2 7 17 18 2 17 9 2 0 2 7 0 2 7 0 2 7 12 16 2 0 2 7 1 2 7 17 9 2 1 2 7 1 2 7 1 2 7 0 2 4 1 2 7 0 59.7211945056915283
12 16 2 1 2 7 0 2 7 12 16 2 1 2 7 0 2 4 17 18 2 1 2 7 5 31 3 0 2 7 1 2 7 0 2 7 0 2 7 0 2 7 0 2 4 13 6 3 0 2 7 1 2 7 0 2 7 1 2 7 0 2 7 1 2 7 13 6 3 5 31 3 1 2 7 1 2 7 0 2 7 1 2 7 0 2 7 0 2 7 17 9 2 1 2 7 17 9 2 13 6 3 0 2 7 0 2 7 0 2 7 1 2 7 0 2 7 0 2 7 1 2 7 5 31 3 12 16 2 1 2 7 16 6 2 0 2 7 17 18 2 17 9 2 0 2 7 0 2 7 0 2 7 12 16 2 0 2 7 1 2 7 17 9 2 1 2 7 1 2 7 1 2 7 0 2 4 1 2 7 0 59.7211945056915283
12 16 2 1 2 7 0 2 7 12 16 2 1 2 7 0 2 4 17 18 2 1 2 7 5 31 3 0 2 7 1 2 7 0 2 7 0 2 7 0 2 7 0 2 4 13 6 3 0 2 7 1 2 7 0 2 7 1 2 7 0 2 7 1 2 7 13 6 3 5 31 3 1 2 7 1 2 7 0 2 7 1 2 7 0 2 7 0 2 7 17 9 2 1 2 7 17 9 2 13 6 3 0 2 7 0 2 7 0 2 7 1 2 7 0 2 7 0 2 7 1 2 7 5 31 3 12 16 2 1 2 7 16 6 2 0 2 7 17 18 2 17 9 2 0 2 7 0 2 7 0 2 7 12 16 2 0 2 7 1 2 7 17 9 2 1 2 7 1 2 7 1 2 7 0 2 4 1 2 7 0 59.7211945056915283
12 16 2 1 2 7 0 2 7 12 16 2 1 2 7 0 2 4 17 18 2 1 2 7 5 31 3 0 2 7 1 2 7 0 2 7 0 2 7 0 2 7 0 2 4 13 6 3 0 2 7 1 2 7 0 2 7 1 2 7 0 2 7 1 2 7 13 6 3 5 31 3 1 2 7 1 2 7 0 2 7 1 2 7 0 2 7 0 2 7 17 9 2 1 2 7 17 9 2 13 6 3 0 2 7 0 2 7 0 2 7 1 2 7 0 2 7 0 2 7 1 2 7 5 31 3 12 16 2 1 2 7 16 6 2 0 2 7 17 18 2 17 9 2 0 2 7 0 2 7 0 2 7 12 16 2 0 2 7 1 2 7 17 9 2 1 2 7 1 2 7 1 2 7 0 2 4 1 2 7 0 59.7211945056915283
12 16 2 1 2 7 0 2 7 12 16 2 1 2 7 0 2 4 17 18 2 1 2 7 5 31 3 0 2 7 1 2 7 0 2 7 0 2 7 0 2 7 0 2 4 13 6 3 0 2 7 1 2 7 0 2 7 1 2 7 0 2 7 1 2 7 13 6 3 5 31 3 1 2 7 1 2 7 0 2 7 1 2 7 0 2 7 0 2 7 17 9 2 1 2 7 17 9 2 13 6 3 0 2 7 0 2 7 0 2 7 1 2 7 0 2 7 0 2 7 1 2 7 5 31 3 12 16 2 1 2 7 16 6 2 0 2 7 17 18 2 17 9 2 0 2 7 0 2 7 0 2 7 12 16 2 0 2 7 1 2 7 17 9 2 1 2 7 1 2 7 1 2 7 0 2 4 1 2 7 0 59.7211945056915283
12 16 2 1 2 7 0 2 7 12 16 2 1 2 7 0 2 4 17 18 2 1 2 7 5 31 3 0 2 7 1 2 7 0 2 7 0 2 7 0 2 7 0 2 4 13 6 3 0 2 7 1 2 7 0 2 7 1 2 7 0 2 7 1 2 7 13 6 3 5 31 3 1 2 7 1 2 7 0 2 7 1 2 7 0 2 7 0 2 7 17 9 2 1 2 7 17 9 2 13 6 3 0 2 7 0 2 7 0 2 7 1 2 7 0 2 7 0 2 7 1 2 7 5 31 3 12 16 2 1 2 7 16 6 2 0 2 7 17 18 2 17 9 2 0 2 7 0 2 7 0 2 7 12 16 2 0 2 7 1 2 7 17 9 2 1 2 7 1 2 7 1 2 7 0 2 4 1 2 7 0 59.7211945056915283
12 16 2 1 2 7 0 2 7 12 16 2 1 2 7 0 2 4 17 18 2 1 2 7 5 31 3 0 2 7 1 2 7 0 2 7 0 2 7 0 2 7 0 2 4 13 6 3 0 2 7 1 2 7 0 2 7 1 2 7 0 2 7 1 2 7 13 6 3 5 31 3 1 2 7 1 2 7 0 2 7 1 2 7 0 2 7 0 2 7 17 9 2 1 2 7 17 9 2 13 6 3 0 2 7 0 2 7 0 2 7 1 2 7 0 2 7 0 2 7 1 2 7 5 31 3 12 16 2 1 2 7 16 6 2 0 2 7 17 18 2 17 9 2 0 2 7 0 2 7 0 2 7 12 16 2 0 2 7 1 2 7 17 9 2 1 2 7 1 2 7 1 2 7 0 2 4 1 2 7 0 59.7211945056915283
12 16 2 1 2 7 0 2 7 12 16 2 1 2 7 0 2 4 17 18 2 1 2 7 5 31 3 0 2 7 1 2 7 0 2 7 0 2 7 0 2 7 0 2 4 13 6 3 0 2 7 1 2 7 0 2 7 1 2 7 0 2 7 1 2 7 13 6 3 5 31 3 1 2 7 1 2 7 0 2 7 1 2 7 0 2 7 0 2 7 17 9 2 1 2 7 17 9 2 13 6 3 0 2 7 0 2 7 0 2 7 1 2 7 0 2 7 0 2 7 1 2 7 5 31 3 12 16 2 1 2 7 16 6 2 0 2 7 17 18 2 17 9 2 0 2 7 0 2 7 0 2 7 12 16 2 0 2 7 1 2 7 17 9 2 1 2 7 1 2 7 1 2 7 0 2 4 1 2 7 0 59.7211945056915283
