1 2 7 0 2 7 1 2 7 0 2 7 1 2 7 12 16 2 5 31 3 0 2 7 0 2 7 17 9 2 1 2 7 0 2 7 17 9 2 0 2 7 0 2 7 0 2 7 1 2 7 0 2 7 1 2 7 0 2 7 0 2 7 0 2 3 5 30 3 0 2 3 13 6 3 5 30 3 17 9 2 17 18 2 8 18 2 0 2 4 0 2 4 1 2 7 1 2 7 1 2 7 1 2 4 1 2 7 1 2 7 0 2 7 1 2 7 0 2 7 0 40.4343197345733643
1 2 7 0 2 7 1 2 7 0 2 7 1 2 7 12 16 2 5 31 3 0 2 4 0 2 3 17 9 2 1 2 7 0 2 7 17 9 2 0 2 7 0 2 7 0 2 7 1 2 7 0 2 7 1 2 7 1 2 7 0 2 7 5 30 3 13 6 3 5 30 3 17 9 2 17 18 2 0 2 7 1 2 7 1 2 7 1 2 7 0 2 7 0 2 7 1 2 4 0 2 7 8 18 2 1 2 7 0 2 7 0 2 7 1 2 4 0 2 3 0 40.4343197345733643
1 2 7 0 2 7 1 2 7 0 2 7 1 2 7 12 16 2 5 31 3 0 2 4 0 2 3 17 9 2 1 2 7 0 2 7 17 9 2 0 2 7 0 2 7 0 2 7 1 2 7 0 2 7 1 2 7 1 2 7 0 2 7 5 30 3 13 6 3 5 30 3 17 9 2 17 18 2 0 2 4 0 2 7 1 2 7 1 2 7 1 2 7 1 2 3 0 2 7 0 2 7 1 2 4 0 2 7 8 18 2 1 2 7 0 2 7 0 2 7 0 40.4343197345733643
1 2 7 0 2 7 1 2 7 0 2 4 1 2 7 12 16 2 5 31 3 0 2 7 0 2 7 17 9 2 1 2 4 0 2 7 17 9 2 0 2 7 0 2 7 0 2 7 1 2 7 0 2 7 1 2 7 0 2 7 0 2 7 5 30 3 13 6 3 5 30 3 17 9 2 17 18 2 1 2 7 1 2 7 0 2 7 1 2 4 0 2 7 0 2 7 0 2 7 0 2 7 5 31 3 6 2 7 0 2 7 0 2 4 1 2 4 1 2 7 0 40.4788337349891663
1 2 4 0 2 7 1 2 7 1 2 7 0 2 7 12 16 2 5 31 3 0 2 7 1 2 7 17 9 2 0 2 7 0 2 7 17 9 2 0 2 7 0 2 7 0 2 7 0 2 7 0 2 7 0 2 4 1 2 7 0 2 7 1 2 4 0 2 7 1 2 4 1 2 7 5 30 3 0 2 7 13 6 3 0 2 7 1 2 4 5 30 3 17 9 2 6 2 7 17 18 2 0 2 7 0 2 7 0 2 7 5 31 3 1 2 7 1 2 7 0 40.4788337349891663
1 2 7 0 2 7 1 2 7 0 2 4 1 2 7 12 16 2 5 31 3 0 2 7 0 2 7 17 9 2 1 2 4 0 2 7 17 9 2 0 2 7 0 2 7 0 2 7 1 2 7 0 2 7 1 2 7 0 2 7 0 2 7 5 30 3 13 6 3 5 30 3 17 9 2 17 18 2 0 2 4 0 2 4 1 2 7 1 2 7 0 2 7 1 2 4 0 2 7 0 2 7 0 2 7 0 2 7 5 31 3 6 2 7 1 2 7 1 2 7 0 40.4788337349891663
1 2 7 0 2 7 0 2 7 1 2 7 12 16 2 5 31 3 0 2 7 1 2 7 17 9 2 1 2 7 0 2 7 17 9 2 1 2 7 0 2 7 0 2 7 0 2 7 1 2 7 0 2 7 0 2 7 0 2 7 5 30 3 0 2 7 13 6 3 5 30 3 17 9 2 17 18 2 1 2 7 0 2 7 0 2 7 0 2 7 0 2 7 6 2 7 0 2 7 1 2 7 1 2 7 13 6 3 5 31 3 0 2 7 12 16 2 1 2 7 0 40.4349926114082336
1 2 4 1 2 3 0 2 7 1 2 7 15 2 11 12 16 2 1 2 7 0 2 7 17 9 2 1 2 7 0 2 4 17 9 2 0 2 7 0 2 7 0 2 7 0 2 7 0 2 7 1 2 7 0 2 7 17 18 2 1 2 7 1 2 7 0 2 4 13 6 3 0 2 7 0 2 4 5 30 3 5 30 3 0 2 7 0 2 4 1 2 4 0 2 3 1 2 4 1 2 7 6 2 7 5 31 3 12 16 2 17 9 2 0 2 7 0 2 7 0 40.5759547352790833
0 2 4 0 2 7 0 2 7 1 2 7 1 2 7 12 16 2 0 2 7 1 2 7 17 9 2 1 2 7 0 2 11 17 9 2 0 2 7 0 2 7 0 2 7 1 2 7 0 2 4 5 30 3 1 2 7 0 2 7 0 2 7 8 9 2 0 2 7 5 30 3 0 2 7 13 6 3 1 2 7 0 2 7 5 30 3 5 30 3 12 16 2 0 2 7 1 2 7 17 18 2 0 2 7 0 2 7 13 6 3 5 30 3 1 2 7 17 9 2 0 40.7027415037155151
1 2 4 1 2 7 0 2 7 0 2 7 0 2 7 12 16 2 0 2 3 0 2 7 17 9 2 1 2 4 0 2 7 17 9 2 6 2 7 0 2 7 0 2 7 0 2 7 0 2 7 1 2 4 0 2 7 0 2 4 1 2 3 17 18 2 0 2 7 5 30 3 0 2 7 13 6 3 0 2 7 1 2 7 5 30 3 5 30 3 5 31 3 0 2 4 12 16 2 1 2 7 16 31 2 0 2 7 0 2 7 1 2 7 12 16 2 1 2 7 0 40.876365602016449
1 2 7 1 2 11 1 2 7 17 18 2 0 2 7 0 2 7 17 18 2 0 2 7 1 2 7 0 2 7 0 2 7 0 2 7 13 6 3 5 31 3 0 2 7 1 2 7 1 2 7 1 2 7 17 9 2 0 2 7 0 2 7 0 2 7 1 2 7 0 2 7 1 2 7 1 2 7 0 2 7 0 2 4 0 2 7 1 2 7 1 2 7 0 2 7 5 31 3 0 2 7 16 6 2 0 2 7 1 2 7 5 31 3 0 2 7 17 18 2 0 40.0670827627182007
0 2 7 1 2 7 0 2 7 17 9 2 1 2 7 0 2 7 17 18 2 0 2 7 0 2 7 0 2 7 1 2 11 0 2 7 1 2 7 13 6 3 5 31 3 0 2 7 1 2 7 1 2 7 5 31 3 17 9 2 0 2 7 0 2 7 1 2 7 0 2 7 0 2 7 1 2 7 1 2 7 0 2 7 1 2 7 1 2 7 0 2 7 1 2 7 0 2 7 5 31 3 0 2 7 16 6 2 0 2 7 0 2 4 1 2 7 17 18 2 0 40.0670827627182007
0 2 7 16 6 2 1 2 7 0 2 7 1 2 7 5 31 3 5 31 3 0 2 7 17 9 2 1 2 7 0 2 7 17 9 2 0 2 7 0 2 7 0 2 7 1 2 7 0 2 7 0 2 7 0 2 7 0 2 7 13 6 3 5 31 3 17 9 2 17 18 2 0 2 7 1 2 4 1 2 7 0 2 7 0 2 7 0 2 7 0 2 7 1 2 7 0 2 7 1 2 7 1 2 7 1 2 7 1 2 7 1 2 7 1 2 11 0 2 7 0 40.0670827627182007
0 2 7 1 2 7 0 2 7 17 9 2 1 2 7 0 2 7 17 18 2 0 2 7 0 2 7 0 2 7 1 2 11 0 2 7 1 2 7 13 6 3 5 31 3 0 2 7 1 2 7 1 2 7 5 31 3 17 9 2 0 2 7 0 2 7 1 2 7 0 2 7 0 2 7 1 2 7 1 2 7 0 2 7 1 2 7 1 2 7 0 2 7 1 2 7 0 2 7 5 31 3 0 2 7 16 6 2 0 2 7 0 2 4 1 2 7 17 9 2 0 40.0670827627182007
0 2 7 0 2 7 1 2 7 1 2 7 5 31 3 0 2 7 1 2 7 0 2 7 17 9 2 0 2 7 0 2 7 1 2 7 0 2 7 1 2 4 0 2 7 13 6 3 17 9 2 17 18 2 1 2 7 0 2 7 1 2 7 0 2 7 0 2 7 1 2 7 0 2 7 0 2 7 1 2 7 1 2 7 0 2 7 0 2 7 5 31 3 0 2 7 0 2 7 0 2 7 1 2 7 1 2 11 16 6 2 5 31 3 1 2 7 17 18 2 0 40.0670827627182007
0 2 7 16 6 2 1 2 7 0 2 7 1 2 7 5 31 3 5 31 3 0 2 7 17 9 2 1 2 7 0 2 7 17 9 2 0 2 7 0 2 7 0 2 7 1 2 7 0 2 7 0 2 7 0 2 7 0 2 7 1 2 4 13 6 3 5 31 3 17 9 2 17 18 2 0 2 11 0 2 7 1 2 7 1 2 7 0 2 7 0 2 7 0 2 7 0 2 7 1 2 7 0 2 7 1 2 7 1 2 7 1 2 7 1 2 7 1 2 7 0 40.0670828819274902
0 2 7 0 2 7 1 2 7 1 2 7 5 31 3 0 2 7 1 2 7 0 2 7 17 9 2 0 2 7 0 2 7 1 2 7 0 2 7 1 2 4 0 2 7 13 6 3 17 9 2 17 18 2 1 2 7 0 2 7 1 2 7 0 2 7 0 2 7 1 2 7 0 2 7 0 2 7 1 2 7 1 2 7 5 31 3 5 30 3 1 2 7 6 2 7 0 2 4 0 2 7 0 2 7 5 30 3 0 2 7 0 2 7 17 18 2 1 2 7 0 40.3204837441444397
0 2 7 0 2 7 1 2 7 1 2 7 5 31 3 0 2 7 1 2 7 0 2 7 17 9 2 0 2 7 6 2 7 0 2 7 1 2 7 0 2 7 1 2 4 0 2 7 13 6 3 17 9 2 17 18 2 1 2 7 0 2 7 1 2 7 0 2 7 0 2 7 1 2 7 0 2 7 0 2 7 1 2 7 1 2 7 0 2 7 0 2 7 5 31 3 0 2 7 5 30 3 5 30 3 1 2 4 0 2 7 0 2 7 17 18 2 1 2 7 0 40.3204837441444397
1 2 7 0 2 7 1 2 7 12 16 2 1 2 7 0 2 7 8 9 2 0 2 7 1 2 7 17 9 2 0 2 7 0 2 7 1 2 7 0 2 7 0 2 7 1 2 7 0 2 7 17 18 2 1 2 7 1 2 7 13 6 3 0 2 7 5 30 3 5 31 3 0 2 7 0 2 7 1 2 7 1 2 7 1 2 7 5 31 3 17 9 2 0 2 7 0 2 7 1 2 7 12 16 2 0 2 7 0 2 7 0 2 7 16 6 2 0 2 7 0 40.4091576337814331
0 2 7 6 2 4 1 2 7 12 16 2 0 2 7 17 9 2 1 2 7 1 2 7 17 18 2 0 2 3 1 2 4 1 2 7 0 2 7 0 2 7 1 2 7 0 2 4 0 2 4 0 2 7 13 6 3 0 2 7 5 31 3 5 30 3 1 2 7 0 2 4 1 2 7 1 2 7 5 31 3 17 9 2 0 2 7 0 2 7 1 2 7 0 2 7 0 2 7 12 16 2 0 2 7 17 9 2 0 2 7 1 2 4 1 2 4 0 2 7 0 40.425436794757843
0 2 7 16 6 2 1 2 11 0 2 7 1 2 7 5 31 3 5 31 3 0 2 7 17 9 2 1 2 7 0 2 7 17 9 2 0 2 7 0 2 7 0 2 7 1 2 7 0 2 7 0 2 7 0 2 7 0 2 7 13 6 3 5 31 3 17 18 2 0 2 7 1 2 7 1 2 7 0 2 7 0 2 7 0 2 7 0 2 7 1 2 7 0 2 7 1 2 7 1 2 7 1 2 7 1 2 7 1 2 7 17 9 2 0 2 4 1 2 7 0 40.0670827627182007
0 2 7 0 2 7 1 2 7 5 31 3 5 31 3 0 2 7 17 9 2 1 2 7 0 2 7 17 9 2 0 2 7 0 2 7 0 2 7 1 2 7 0 2 7 0 2 7 0 2 7 0 2 7 13 6 3 17 18 2 0 2 7 1 2 7 1 2 7 0 2 7 0 2 7 0 2 7 0 2 7 1 2 7 0 2 7 1 2 7 1 2 7 1 2 7 1 2 7 17 18 2 16 6 2 1 2 11 5 31 3 1 2 7 1 2 4 0 2 7 0 40.0670827627182007
0 2 7 0 2 7 1 2 7 5 31 3 5 31 3 0 2 7 17 9 2 1 2 7 0 2 7 17 9 2 0 2 7 0 2 7 0 2 7 1 2 7 0 2 7 0 2 7 0 2 7 0 2 7 13 6 3 17 18 2 0 2 7 1 2 7 1 2 7 0 2 7 0 2 7 0 2 7 0 2 7 1 2 7 0 2 7 1 2 7 1 2 7 1 2 7 1 2 7 17 18 2 16 6 2 1 2 11 5 31 3 1 2 7 1 2 7 0 2 4 0 40.0670827627182007
1 2 7 0 2 4 0 2 7 17 9 2 0 2 7 0 2 7 17 18 2 1 2 7 0 2 7 1 2 7 1 2 4 0 2 7 13 6 3 5 31 3 0 2 7 0 2 4 1 2 7 5 30 3 17 9 2 1 2 7 0 2 7 1 2 7 0 2 7 0 2 7 0 2 7 1 2 7 0 2 3 0 2 7 0 2 7 0 2 7 16 6 2 17 9 2 1 2 4 5 31 3 0 2 7 1 2 7 1 2 4 5 30 3 0 2 7 1 2 7 0 40.148398756980896
0 2 7 17 18 2 16 6 2 0 2 7 17 18 2 1 2 11 1 2 7 1 2 7 1 2 7 0 2 7 13 6 3 5 31 3 1 2 7 0 2 7 1 2 7 0 2 7 17 9 2 1 2 7 0 2 7 0 2 7 0 2 7 0 2 7 1 2 7 1 2 7 0 2 7 0 2 7 0 2 7 0 2 7 5 31 3 5 31 3 0 2 7 1 2 7 0 2 7 1 2 7 1 2 4 0 2 7 1 2 7 17 18 2 0 2 7 0 2 7 0 40.0670827627182007
0 2 7 16 6 2 1 2 11 0 2 7 1 2 7 5 31 3 5 31 3 0 2 7 17 9 2 1 2 7 0 2 7 17 9 2 0 2 7 0 2 7 0 2 7 1 2 7 0 2 7 0 2 7 0 2 7 0 2 7 13 6 3 5 31 3 17 18 2 0 2 7 1 2 7 1 2 7 0 2 7 0 2 7 0 2 7 0 2 7 1 2 7 0 2 7 1 2 7 1 2 7 1 2 7 1 2 7 1 2 7 17 9 2 0 2 7 1 2 4 0 40.0670827627182007
1 2 7 1 2 11 1 2 7 17 18 2 0 2 7 0 2 7 17 18 2 0 2 7 1 2 7 0 2 7 0 2 7 0 2 7 13 6 3 5 31 3 0 2 7 1 2 7 1 2 7 1 2 7 17 9 2 0 2 7 0 2 7 0 2 7 1 2 7 0 2 7 1 2 7 1 2 7 0 2 7 0 2 7 1 2 7 1 2 7 0 2 7 5 31 3 0 2 7 16 6 2 0 2 7 5 31 3 0 2 7 17 18 2 0 2 4 1 2 7 0 40.0670827627182007
0 2 7 16 6 2 1 2 7 0 2 7 1 2 7 5 31 3 5 31 3 0 2 7 17 9 2 1 2 7 0 2 7 17 9 2 0 2 7 0 2 7 0 2 7 1 2 7 0 2 7 0 2 7 0 2 7 0 2 7 1 2 4 13 6 3 5 31 3 17 9 2 17 18 2 0 2 11 0 2 7 1 2 7 1 2 7 0 2 7 0 2 7 0 2 7 0 2 7 1 2 7 0 2 7 1 2 7 1 2 7 1 2 7 1 2 7 1 2 7 0 40.0670828819274902
1 2 7 1 2 7 17 18 2 0 2 7 0 2 7 17 18 2 0 2 7 1 2 7 0 2 7 0 2 7 0 2 7 13 6 3 1 2 7 0 2 7 1 2 7 1 2 7 1 2 7 17 9 2 1 2 7 0 2 7 0 2 7 1 2 7 0 2 7 1 2 7 1 2 7 0 2 7 0 2 11 0 2 7 0 2 7 5 31 3 16 6 2 0 2 7 0 2 7 1 2 7 1 2 4 17 9 2 5 31 3 0 2 7 5 31 3 0 2 7 0 40.0670828819274902
0 2 3 0 2 7 0 2 7 1 2 7 5 30 3 5 30 3 16 6 2 17 9 2 1 2 7 0 2 7 17 9 2 0 2 7 0 2 7 0 2 7 0 2 7 0 2 7 0 2 7 0 2 7 0 2 7 1 2 4 13 6 3 17 18 2 0 2 7 1 2 7 1 2 7 0 2 4 0 2 7 0 2 7 0 2 7 1 2 4 0 2 7 1 2 4 1 2 4 1 2 7 1 2 7 5 31 3 5 31 3 17 9 2 1 2 7 1 2 7 0 40.148398756980896
0 2 7 16 6 2 1 2 7 0 2 7 1 2 7 5 31 3 5 31 3 0 2 7 17 9 2 1 2 7 0 2 7 17 9 2 0 2 7 0 2 7 0 2 7 1 2 7 0 2 7 0 2 7 0 2 7 0 2 7 1 2 4 13 6 3 5 31 3 17 9 2 17 18 2 0 2 7 0 2 7 1 2 7 0 2 7 0 2 7 0 2 7 0 2 7 1 2 7 0 2 7 1 2 7 1 2 7 1 2 7 1 2 11 1 2 7 1 2 7 0 40.0670827627182007
0 2 7 17 18 2 16 6 2 0 2 7 1 2 11 1 2 7 1 2 7 1 2 7 0 2 7 13 6 3 5 31 3 1 2 7 0 2 7 1 2 7 0 2 7 17 9 2 1 2 7 0 2 7 0 2 7 0 2 7 0 2 7 1 2 7 1 2 7 0 2 7 0 2 7 0 2 7 0 2 7 5 31 3 5 31 3 0 2 7 1 2 7 0 2 7 1 2 7 0 2 7 1 2 7 0 2 7 0 2 4 1 2 7 17 18 2 17 9 2 0 40.0670827627182007
6 2 7 17 18 2 16 6 2 0 2 7 0 2 7 0 2 7 1 2 7 0 2 7 17 18 2 5 31 3 1 2 7 0 2 7 1 2 7 17 9 2 0 2 7 13 6 3 0 2 7 0 2 7 1 2 7 0 2 7 1 2 7 0 2 7 0 2 7 1 2 7 0 2 7 5 31 3 0 2 7 1 2 7 0 2 7 0 2 7 5 31 3 0 2 7 0 2 7 5 30 3 6 2 4 12 16 2 0 2 7 0 2 7 16 15 2 5 30 3 0 40.6703096628189087
1 2 7 17 18 2 16 6 2 0 2 7 0 2 7 1 2 7 0 2 7 5 31 3 1 2 7 0 2 7 1 2 7 0 2 7 17 9 2 0 2 7 13 6 3 0 2 7 0 2 7 0 2 7 1 2 7 1 2 7 0 2 7 0 2 7 0 2 7 0 2 7 5 31 3 5 31 3 0 2 7 1 2 11 0 2 7 1 2 7 1 2 7 1 2 7 0 2 7 1 2 7 1 2 7 0 2 7 17 18 2 17 9 2 1 2 4 0 2 7 0 40.0670827627182007
0 2 7 17 18 2 16 6 2 0 2 7 1 2 11 1 2 7 1 2 7 1 2 7 0 2 7 13 6 3 5 31 3 1 2 7 0 2 7 1 2 7 0 2 7 17 9 2 1 2 7 0 2 7 0 2 7 0 2 7 0 2 7 1 2 7 1 2 7 0 2 7 0 2 7 0 2 7 0 2 7 5 31 3 5 31 3 0 2 7 1 2 7 0 2 7 1 2 7 0 2 7 1 2 7 0 2 7 0 2 4 1 2 7 17 18 2 17 18 2 0 40.0670827627182007
0 2 7 17 18 2 16 6 2 0 2 7 1 2 11 1 2 7 1 2 7 1 2 7 0 2 7 13 6 3 5 31 3 1 2 7 0 2 7 1 2 7 0 2 7 17 9 2 1 2 7 0 2 7 0 2 7 0 2 7 0 2 7 1 2 7 1 2 7 0 2 7 0 2 7 0 2 7 0 2 7 5 31 3 5 31 3 0 2 7 1 2 7 0 2 7 1 2 7 0 2 7 1 2 7 0 2 7 0 2 4 1 2 7 17 9 2 17 9 2 0 40.0670827627182007
0 2 7 17 18 2 0 2 7 0 2 7 1 2 7 0 2 7 1 2 7 0 2 7 13 6 3 5 31 3 0 2 7 0 2 7 0 2 7 16 6 2 17 9 2 0 2 7 0 2 7 0 2 7 0 2 7 1 2 7 1 2 11 0 2 7 1 2 7 0 2 7 5 31 3 5 31 3 1 2 7 1 2 7 0 2 7 1 2 7 0 2 7 1 2 7 1 2 7 17 18 2 1 2 7 1 2 7 0 2 7 1 2 4 0 2 7 17 18 2 0 40.0670827627182007
0 2 7 16 6 2 1 2 7 0 2 7 1 2 7 5 31 3 5 31 3 0 2 7 17 9 2 1 2 7 0 2 7 17 9 2 0 2 7 0 2 7 0 2 7 1 2 7 0 2 7 0 2 7 0 2 7 0 2 7 1 2 4 13 6 3 5 31 3 17 9 2 17 18 2 0 2 11 0 2 7 1 2 7 1 2 7 0 2 7 0 2 7 0 2 7 0 2 7 1 2 7 0 2 7 1 2 7 1 2 7 1 2 7 1 2 7 1 2 7 0 40.0670828819274902
1 2 7 17 18 2 16 6 2 0 2 7 0 2 7 0 2 7 1 2 7 0 2 7 17 18 2 5 31 3 1 2 7 0 2 7 1 2 7 0 2 11 17 9 2 0 2 7 13 6 3 0 2 7 0 2 7 0 2 7 1 2 7 1 2 7 0 2 7 0 2 7 0 2 4 0 2 7 5 31 3 5 31 3 0 2 7 1 2 7 0 2 7 1 2 7 1 2 7 1 2 7 17 18 2 0 2 7 1 2 7 1 2 7 0 2 7 1 2 7 0 40.0670828819274902
1 2 7 0 2 4 0 2 7 17 9 2 0 2 7 0 2 7 17 18 2 1 2 7 0 2 7 1 2 7 1 2 4 0 2 7 13 6 3 5 31 3 0 2 7 0 2 4 1 2 7 5 30 3 17 9 2 1 2 7 0 2 7 1 2 7 0 2 7 0 2 7 0 2 7 1 2 7 0 2 3 0 2 7 0 2 7 0 2 7 16 6 2 17 9 2 1 2 4 5 31 3 0 2 7 1 2 7 1 2 4 5 30 3 0 2 7 1 2 7 0 40.148398756980896
1 2 7 16 6 2 1 2 7 0 2 7 1 2 7 5 31 3 5 31 3 0 2 7 17 9 2 0 2 7 0 2 7 17 9 2 0 2 7 0 2 7 0 2 7 1 2 7 0 2 7 1 2 7 0 2 7 0 2 7 1 2 7 13 6 3 0 2 7 0 2 7 1 2 7 1 2 7 0 2 7 0 2 7 1 2 7 0 2 7 5 31 3 1 2 11 0 2 7 1 2 7 0 2 7 1 2 7 1 2 4 0 2 7 17 9 2 17 9 2 0 40.0670827627182007
1 2 7 16 6 2 1 2 7 0 2 7 1 2 7 5 31 3 5 31 3 0 2 7 17 9 2 0 2 7 0 2 7 0 2 7 0 2 7 0 2 7 1 2 7 0 2 7 1 2 7 0 2 7 0 2 7 1 2 7 13 6 3 0 2 7 0 2 7 1 2 7 1 2 7 0 2 7 0 2 7 1 2 7 0 2 7 5 31 3 1 2 11 0 2 7 1 2 7 0 2 7 1 2 7 17 18 2 1 2 7 0 2 4 17 18 2 17 9 2 0 40.0670827627182007
1 2 7 16 6 2 1 2 7 0 2 7 1 2 7 5 31 3 5 31 3 0 2 7 17 9 2 0 2 7 0 2 7 0 2 7 0 2 7 0 2 7 1 2 7 0 2 7 1 2 7 0 2 7 0 2 7 1 2 7 13 6 3 0 2 7 0 2 7 1 2 7 1 2 7 0 2 7 0 2 7 1 2 7 0 2 7 5 31 3 1 2 11 0 2 7 1 2 7 0 2 7 1 2 7 17 18 2 1 2 4 0 2 7 17 9 2 17 9 2 0 40.0670827627182007
1 2 7 16 6 2 0 2 7 0 2 7 1 2 7 0 2 7 5 31 3 1 2 7 0 2 7 1 2 7 0 2 7 17 9 2 0 2 7 13 6 3 0 2 7 0 2 7 0 2 7 1 2 7 1 2 7 0 2 7 0 2 7 0 2 7 0 2 7 5 31 3 5 31 3 0 2 7 1 2 11 0 2 7 1 2 7 1 2 7 1 2 7 0 2 7 1 2 7 1 2 7 0 2 7 1 2 4 0 2 7 17 18 2 17 18 2 17 9 2 0 40.0670827627182007
1 2 7 16 6 2 1 2 7 0 2 7 1 2 7 5 31 3 5 31 3 0 2 7 17 9 2 0 2 7 0 2 7 17 9 2 0 2 7 0 2 7 0 2 7 1 2 7 0 2 7 1 2 7 0 2 7 0 2 7 1 2 7 13 6 3 0 2 7 0 2 7 1 2 7 1 2 7 0 2 7 0 2 7 1 2 7 0 2 7 5 31 3 1 2 11 0 2 7 1 2 7 0 2 7 1 2 7 17 18 2 17 9 2 1 2 7 0 2 4 0 40.0670827627182007
1 2 7 17 18 2 16 6 2 0 2 7 0 2 7 0 2 7 0 2 4 1 2 7 5 30 3 0 2 4 1 2 7 1 2 7 17 9 2 0 2 7 13 6 3 1 2 7 0 2 7 0 2 7 1 2 7 1 2 7 0 2 7 0 2 4 0 2 7 5 30 3 0 2 7 1 2 7 0 2 7 0 2 7 1 2 3 0 2 7 0 2 4 17 9 2 5 31 3 1 2 7 1 2 4 1 2 7 5 31 3 17 18 2 0 2 7 0 2 7 0 40.148398756980896
1 2 7 16 6 2 1 2 7 0 2 7 1 2 7 5 31 3 5 31 3 0 2 7 17 9 2 0 2 7 0 2 7 0 2 7 0 2 7 0 2 7 1 2 7 0 2 7 1 2 7 0 2 7 0 2 7 1 2 7 13 6 3 0 2 7 0 2 7 1 2 7 1 2 7 0 2 7 0 2 7 1 2 7 0 2 7 5 31 3 1 2 11 0 2 7 1 2 7 0 2 7 1 2 7 17 18 2 1 2 4 0 2 7 17 18 2 17 18 2 0 40.0670827627182007
1 2 7 16 6 2 1 2 7 0 2 7 1 2 7 5 31 3 5 31 3 0 2 7 17 9 2 0 2 7 0 2 7 0 2 7 0 2 7 0 2 7 1 2 7 0 2 7 1 2 7 0 2 7 0 2 7 1 2 7 13 6 3 0 2 7 0 2 7 1 2 7 1 2 7 0 2 7 0 2 7 1 2 7 0 2 7 5 31 3 1 2 11 0 2 7 1 2 7 0 2 7 1 2 7 17 18 2 1 2 7 0 2 4 17 18 2 17 18 2 0 40.0670827627182007
0 2 7 16 6 2 0 2 7 0 2 7 0 2 7 5 31 3 5 31 3 1 2 7 17 9 2 1 2 7 0 2 7 17 9 2 0 2 7 0 2 7 0 2 7 1 2 7 0 2 7 0 2 7 1 2 7 0 2 7 13 6 3 5 31 3 17 9 2 17 18 2 0 2 7 1 2 7 1 2 7 0 2 7 1 2 7 0 2 7 0 2 4 1 2 7 0 2 11 1 2 7 1 2 7 1 2 7 0 2 7 1 2 7 1 2 7 0 2 7 0 40.0670828819274902
1 2 7 17 18 2 16 6 2 0 2 7 0 2 7 0 2 7 1 2 7 0 2 7 17 18 2 5 31 3 1 2 7 0 2 7 1 2 7 0 2 11 17 9 2 0 2 7 13 6 3 0 2 7 0 2 7 0 2 7 1 2 7 1 2 7 0 2 7 0 2 7 0 2 4 0 2 7 5 31 3 5 31 3 0 2 7 1 2 7 0 2 7 1 2 7 1 2 7 1 2 7 17 18 2 0 2 7 1 2 7 1 2 7 0 2 7 1 2 7 0 40.0670828819274902
1 2 7 16 6 2 1 2 7 0 2 7 0 2 7 1 2 7 0 2 7 5 31 3 1 2 7 0 2 7 1 2 7 17 9 2 0 2 4 13 6 3 0 2 7 0 2 7 0 2 7 1 2 7 0 2 7 0 2 7 0 2 7 0 2 7 5 31 3 5 31 3 0 2 7 1 2 7 0 2 7 1 2 7 1 2 7 1 2 7 0 2 7 1 2 11 1 2 7 0 2 7 0 2 7 1 2 7 0 2 7 17 9 2 17 9 2 17 9 2 0 40.0670827627182007
1 2 7 16 6 2 1 2 7 0 2 7 1 2 7 5 31 3 5 31 3 0 2 7 17 9 2 0 2 7 0 2 7 1 2 7 0 2 7 0 2 7 1 2 7 0 2 7 1 2 7 0 2 7 1 2 7 13 6 3 0 2 7 0 2 7 1 2 7 0 2 7 0 2 7 0 2 7 1 2 7 0 2 7 5 31 3 1 2 7 0 2 7 1 2 11 1 2 7 0 2 7 0 2 7 0 2 4 1 2 7 17 18 2 17 18 2 17 9 2 0 40.0670827627182007
1 2 7 17 18 2 16 6 2 0 2 7 0 2 7 0 2 7 1 2 7 0 2 7 17 18 2 5 31 3 1 2 7 0 2 7 1 2 7 0 2 11 17 9 2 0 2 7 13 6 3 0 2 7 0 2 7 0 2 7 1 2 7 1 2 7 0 2 7 0 2 7 0 2 4 0 2 7 5 31 3 5 31 3 0 2 7 1 2 7 0 2 7 1 2 7 1 2 7 1 2 7 17 18 2 0 2 7 1 2 7 1 2 7 0 2 7 1 2 7 0 40.0670828819274902
1 2 7 16 6 2 1 2 11 0 2 7 1 2 7 5 31 3 5 31 3 0 2 7 17 9 2 0 2 7 0 2 4 17 9 2 0 2 7 0 2 7 0 2 7 1 2 7 0 2 7 1 2 7 0 2 7 0 2 7 1 2 7 13 6 3 0 2 7 0 2 7 0 2 7 1 2 7 0 2 7 0 2 7 1 2 7 1 2 7 5 31 3 0 2 7 1 2 7 1 2 7 17 9 2 1 2 7 17 18 2 1 2 7 0 2 7 0 2 7 0 40.0670827627182007
1 2 7 16 6 2 1 2 7 0 2 7 1 2 4 5 31 3 5 31 3 0 2 7 17 9 2 0 2 7 0 2 7 17 9 2 0 2 7 0 2 7 0 2 7 1 2 7 0 2 7 1 2 7 0 2 7 0 2 7 1 2 7 13 6 3 0 2 7 0 2 7 1 2 7 1 2 7 0 2 7 0 2 7 1 2 7 0 2 7 5 31 3 1 2 7 0 2 7 1 2 7 0 2 7 1 2 7 0 2 7 1 2 11 17 18 2 17 18 2 0 40.0670827627182007
1 2 7 16 6 2 1 2 7 0 2 7 1 2 7 5 31 3 5 31 3 0 2 7 17 9 2 0 2 7 0 2 7 1 2 7 0 2 7 0 2 7 1 2 7 0 2 7 1 2 7 0 2 7 1 2 7 13 6 3 0 2 7 0 2 7 1 2 7 0 2 7 0 2 7 0 2 7 1 2 7 0 2 7 5 31 3 0 2 7 0 2 7 1 2 11 1 2 7 0 2 7 0 2 7 1 2 4 1 2 7 17 18 2 17 9 2 17 9 2 0 40.0670827627182007
1 2 7 16 6 2 1 2 7 0 2 7 1 2 7 5 31 3 5 31 3 0 2 7 17 9 2 0 2 7 0 2 7 1 2 7 0 2 7 0 2 7 1 2 7 0 2 7 1 2 7 0 2 7 1 2 7 13 6 3 0 2 7 0 2 7 1 2 7 0 2 7 0 2 7 0 2 7 1 2 7 0 2 7 5 31 3 1 2 7 0 2 7 1 2 11 1 2 7 0 2 7 0 2 7 0 2 4 1 2 7 17 18 2 17 18 2 17 18 2 0 40.0670827627182007
1 2 7 16 6 2 1 2 7 0 2 7 1 2 7 5 31 3 5 31 3 0 2 7 17 9 2 0 2 7 0 2 7 1 2 7 0 2 7 0 2 7 1 2 7 0 2 7 1 2 7 0 2 7 1 2 7 13 6 3 0 2 7 0 2 7 1 2 7 0 2 7 0 2 7 0 2 7 1 2 7 0 2 7 5 31 3 0 2 7 0 2 7 1 2 11 1 2 7 0 2 7 0 2 7 1 2 4 1 2 7 17 18 2 17 18 2 17 18 2 0 40.0670827627182007
1 2 7 16 6 2 1 2 7 0 2 7 1 2 7 5 31 3 5 31 3 0 2 7 17 9 2 0 2 7 0 2 7 17 9 2 0 2 7 0 2 7 0 2 7 1 2 7 0 2 7 1 2 7 0 2 7 0 2 7 1 2 7 13 6 3 0 2 7 0 2 7 1 2 7 1 2 7 0 2 7 0 2 7 1 2 7 0 2 7 5 31 3 1 2 11 0 2 7 1 2 7 0 2 7 1 2 7 17 9 2 1 2 4 0 2 7 17 9 2 0 40.0670827627182007
0 2 7 16 6 2 0 2 7 0 2 7 0 2 7 5 31 3 5 31 3 1 2 7 17 9 2 1 2 7 0 2 7 17 9 2 0 2 7 0 2 7 0 2 7 1 2 7 0 2 7 0 2 7 1 2 7 0 2 7 13 6 3 5 31 3 17 9 2 17 18 2 0 2 7 1 2 7 1 2 7 0 2 7 1 2 7 0 2 7 0 2 4 1 2 7 0 2 11 1 2 7 1 2 7 1 2 7 0 2 7 1 2 7 1 2 7 0 2 7 0 40.0670828819274902
1 2 7 16 6 2 1 2 7 0 2 7 1 2 7 5 31 3 5 31 3 0 2 7 17 9 2 0 2 7 0 2 7 1 2 7 0 2 7 0 2 7 1 2 7 0 2 7 1 2 7 0 2 7 0 2 7 13 6 3 0 2 7 0 2 7 1 2 7 0 2 7 0 2 7 0 2 7 1 2 7 0 2 7 5 31 3 0 2 7 0 2 7 1 2 11 1 2 7 0 2 7 1 2 7 17 9 2 1 2 4 1 2 7 17 9 2 17 9 2 0 40.0670827627182007
1 2 7 16 6 2 1 2 7 0 2 7 0 2 7 1 2 7 0 2 7 5 31 3 1 2 7 1 2 7 17 9 2 13 6 3 0 2 7 0 2 7 0 2 7 1 2 7 0 2 7 0 2 7 0 2 7 0 2 7 5 31 3 5 31 3 0 2 7 1 2 7 0 2 7 1 2 7 1 2 7 1 2 7 0 2 7 1 2 11 1 2 7 0 2 7 0 2 7 0 2 7 0 2 7 17 9 2 17 9 2 0 2 4 1 2 7 17 18 2 0 40.0670827627182007
1 2 7 17 18 2 16 6 2 0 2 7 0 2 7 0 2 7 1 2 7 0 2 7 17 18 2 5 31 3 1 2 7 0 2 7 1 2 7 0 2 11 17 9 2 0 2 7 13 6 3 0 2 7 0 2 7 0 2 7 1 2 7 1 2 7 0 2 7 0 2 7 0 2 4 0 2 7 5 31 3 5 31 3 0 2 7 1 2 7 0 2 7 1 2 7 1 2 7 1 2 7 17 18 2 0 2 7 1 2 7 1 2 7 0 2 7 1 2 7 0 40.0670828819274902
1 2 7 16 6 2 1 2 7 0 2 7 0 2 7 1 2 7 0 2 7 5 31 3 1 2 7 1 2 7 17 9 2 13 6 3 0 2 7 0 2 7 0 2 7 1 2 7 0 2 7 0 2 7 0 2 7 0 2 7 5 31 3 5 31 3 0 2 7 1 2 7 0 2 7 1 2 7 1 2 7 1 2 7 0 2 7 1 2 11 1 2 7 0 2 7 0 2 7 0 2 7 0 2 7 17 18 2 17 18 2 0 2 4 1 2 7 17 9 2 0 40.0670827627182007
1 2 7 16 6 2 1 2 7 0 2 7 0 2 7 1 2 7 0 2 7 5 31 3 1 2 7 1 2 7 17 9 2 13 6 3 0 2 7 0 2 7 0 2 7 1 2 7 0 2 7 0 2 7 0 2 7 0 2 7 5 31 3 5 31 3 0 2 7 1 2 7 0 2 7 1 2 7 1 2 7 1 2 7 0 2 7 1 2 11 1 2 7 0 2 7 0 2 7 0 2 7 0 2 7 17 9 2 17 9 2 0 2 4 1 2 7 17 9 2 0 40.0670827627182007
1 2 7 16 6 2 1 2 7 0 2 7 1 2 7 5 31 3 5 31 3 0 2 7 17 9 2 0 2 7 0 2 7 1 2 7 0 2 7 0 2 7 1 2 7 0 2 7 1 2 7 0 2 7 0 2 7 13 6 3 0 2 7 0 2 7 1 2 7 0 2 7 0 2 7 0 2 7 1 2 7 0 2 7 5 31 3 0 2 7 0 2 7 1 2 11 1 2 7 0 2 7 1 2 7 17 18 2 17 9 2 17 18 2 1 2 4 1 2 7 0 40.0670827627182007
1 2 7 16 6 2 1 2 7 0 2 7 1 2 7 5 31 3 5 31 3 0 2 7 17 9 2 0 2 7 0 2 7 1 2 7 0 2 7 0 2 7 1 2 7 0 2 7 1 2 7 0 2 7 0 2 7 13 6 3 0 2 7 0 2 7 1 2 7 0 2 7 0 2 7 0 2 7 1 2 7 0 2 7 5 31 3 0 2 7 0 2 7 1 2 11 1 2 7 0 2 7 1 2 7 17 9 2 1 2 4 1 2 7 17 9 2 17 18 2 0 40.0670827627182007
1 2 7 16 6 2 1 2 7 0 2 7 0 2 7 1 2 7 0 2 7 5 31 3 1 2 7 1 2 7 17 9 2 13 6 3 0 2 7 0 2 7 0 2 7 1 2 7 0 2 7 0 2 7 0 2 7 0 2 7 5 31 3 5 31 3 0 2 7 1 2 7 0 2 7 1 2 7 1 2 7 1 2 7 0 2 7 1 2 11 1 2 7 0 2 7 0 2 7 0 2 7 0 2 7 17 18 2 17 18 2 0 2 7 1 2 4 17 18 2 0 40.0670827627182007
1 2 7 16 6 2 1 2 7 0 2 7 0 2 7 1 2 7 0 2 7 5 31 3 1 2 7 1 2 7 17 9 2 13 6 3 0 2 7 0 2 7 0 2 7 1 2 7 0 2 7 0 2 7 0 2 7 0 2 7 5 31 3 5 31 3 0 2 7 1 2 7 0 2 7 1 2 7 1 2 7 1 2 7 0 2 7 1 2 11 1 2 7 0 2 7 0 2 7 0 2 7 0 2 7 17 18 2 17 18 2 0 2 4 1 2 7 17 18 2 0 40.0670827627182007
0 2 7 16 6 2 0 2 7 0 2 7 0 2 7 5 31 3 5 31 3 1 2 7 17 9 2 1 2 7 0 2 7 17 9 2 0 2 7 0 2 7 0 2 7 1 2 7 0 2 7 0 2 7 1 2 7 0 2 7 13 6 3 5 31 3 17 9 2 17 18 2 0 2 7 1 2 7 1 2 7 0 2 7 1 2 7 0 2 7 0 2 4 1 2 7 0 2 11 1 2 7 1 2 7 1 2 7 0 2 7 1 2 7 1 2 7 0 2 7 0 40.0670828819274902
1 2 7 16 6 2 1 2 7 0 2 7 0 2 7 1 2 7 0 2 7 5 31 3 1 2 7 1 2 7 17 9 2 13 6 3 0 2 7 0 2 7 0 2 7 1 2 7 0 2 7 0 2 7 0 2 7 0 2 7 5 31 3 5 31 3 0 2 7 1 2 7 0 2 7 1 2 7 1 2 7 1 2 7 0 2 7 1 2 11 1 2 7 0 2 7 0 2 7 0 2 7 0 2 7 17 9 2 17 9 2 0 2 7 1 2 4 17 9 2 0 40.0670827627182007
1 2 7 16 6 2 1 2 7 0 2 7 0 2 7 1 2 7 0 2 7 5 31 3 1 2 7 1 2 7 17 9 2 13 6 3 0 2 7 0 2 7 0 2 7 1 2 7 0 2 7 0 2 7 0 2 7 0 2 7 5 31 3 5 31 3 0 2 7 1 2 7 0 2 7 1 2 7 1 2 7 1 2 7 0 2 7 1 2 7 0 2 7 0 2 7 0 2 7 17 9 2 17 9 2 1 2 11 0 2 7 1 2 7 0 2 4 17 18 2 0 40.0670827627182007
1 2 7 17 18 2 16 6 2 0 2 7 0 2 7 0 2 7 1 2 7 0 2 7 17 18 2 5 31 3 1 2 7 0 2 7 1 2 7 0 2 11 17 9 2 0 2 7 13 6 3 0 2 7 0 2 7 0 2 7 1 2 7 1 2 7 0 2 7 0 2 7 0 2 4 0 2 7 5 31 3 5 31 3 0 2 7 1 2 7 0 2 7 1 2 7 1 2 7 1 2 7 17 18 2 0 2 7 1 2 7 1 2 7 0 2 7 1 2 7 0 40.0670828819274902
1 2 7 16 6 2 1 2 7 0 2 7 0 2 7 1 2 7 0 2 7 5 31 3 1 2 7 1 2 7 17 9 2 13 6 3 0 2 7 0 2 7 0 2 7 1 2 7 0 2 7 0 2 7 0 2 7 0 2 7 5 31 3 5 31 3 0 2 7 1 2 7 0 2 7 1 2 7 1 2 7 1 2 7 0 2 7 1 2 11 1 2 7 0 2 7 0 2 7 0 2 7 0 2 7 0 2 4 1 2 7 17 18 2 17 18 2 17 9 2 0 40.0670827627182007
1 2 7 16 6 2 1 2 7 0 2 7 0 2 7 1 2 7 0 2 7 5 31 3 1 2 7 1 2 7 17 9 2 13 6 3 0 2 7 0 2 7 0 2 7 1 2 7 0 2 7 0 2 7 0 2 7 0 2 7 5 31 3 5 31 3 0 2 7 1 2 7 0 2 7 1 2 7 1 2 7 1 2 7 0 2 7 1 2 11 1 2 7 0 2 7 0 2 7 0 2 7 0 2 7 17 18 2 17 18 2 1 2 4 0 2 7 17 9 2 0 40.0670827627182007
1 2 7 16 6 2 1 2 7 0 2 7 0 2 7 1 2 7 0 2 7 5 31 3 1 2 7 1 2 7 17 9 2 13 6 3 0 2 7 0 2 7 0 2 7 1 2 7 0 2 7 0 2 7 0 2 7 0 2 7 5 31 3 5 31 3 0 2 7 1 2 7 0 2 7 1 2 7 1 2 7 1 2 7 0 2 7 1 2 11 1 2 7 0 2 7 0 2 7 0 2 7 0 2 7 17 18 2 1 2 4 0 2 7 17 9 2 17 9 2 0 40.0670827627182007
1 2 7 16 6 2 1 2 7 0 2 7 0 2 7 1 2 7 0 2 7 5 31 3 1 2 7 1 2 7 17 9 2 13 6 3 0 2 7 0 2 7 0 2 7 1 2 7 0 2 7 0 2 7 0 2 7 0 2 7 5 31 3 5 31 3 0 2 7 1 2 7 0 2 7 1 2 7 1 2 7 1 2 7 0 2 7 1 2 11 1 2 7 0 2 7 0 2 7 0 2 7 0 2 7 17 9 2 17 9 2 1 2 7 0 2 4 17 9 2 0 40.0670827627182007
1 2 7 16 6 2 1 2 7 0 2 7 0 2 7 1 2 7 0 2 7 5 31 3 1 2 7 1 2 7 17 9 2 13 6 3 0 2 7 0 2 7 0 2 7 1 2 7 0 2 7 0 2 7 0 2 7 0 2 7 5 31 3 5 31 3 0 2 7 1 2 7 0 2 7 1 2 7 1 2 7 1 2 7 0 2 7 1 2 11 1 2 7 0 2 7 0 2 7 0 2 7 0 2 7 0 2 7 1 2 4 17 18 2 17 18 2 17 18 2 0 40.0670827627182007
1 2 7 16 6 2 1 2 7 0 2 7 0 2 7 1 2 7 0 2 7 5 31 3 1 2 7 1 2 7 17 9 2 13 6 3 0 2 7 0 2 7 0 2 7 1 2 7 0 2 7 0 2 7 0 2 7 0 2 7 5 31 3 5 31 3 0 2 7 1 2 7 0 2 7 1 2 7 1 2 7 1 2 7 0 2 7 1 2 7 0 2 7 0 2 7 0 2 7 17 18 2 17 18 2 1 2 11 17 18 2 0 2 7 0 2 4 1 2 7 0 40.0670827627182007
1 2 7 16 6 2 0 2 7 0 2 7 0 2 7 1 2 7 0 2 7 5 31 3 1 2 7 0 2 7 1 2 7 17 9 2 0 2 7 13 6 3 1 2 7 0 2 7 0 2 7 1 2 7 1 2 7 0 2 7 0 2 7 0 2 7 0 2 4 5 31 3 5 31 3 0 2 7 1 2 7 0 2 7 1 2 7 1 2 7 1 2 7 0 2 7 1 2 7 1 2 7 0 2 7 17 9 2 0 2 7 0 2 11 17 18 2 17 9 2 0 40.0670828819274902
1 2 7 16 6 2 1 2 7 0 2 7 0 2 7 1 2 7 0 2 7 5 31 3 1 2 7 1 2 7 17 9 2 13 6 3 0 2 7 0 2 7 0 2 7 1 2 7 0 2 7 0 2 7 0 2 7 0 2 7 5 31 3 5 31 3 0 2 7 1 2 7 0 2 7 1 2 7 1 2 7 1 2 7 0 2 7 1 2 11 1 2 7 0 2 7 0 2 7 0 2 7 0 2 7 17 18 2 17 18 2 0 2 7 1 2 4 17 18 2 0 40.0670827627182007
0 2 7 16 6 2 1 2 7 0 2 7 0 2 7 1 2 7 0 2 7 5 31 3 1 2 7 0 2 7 17 9 2 13 6 3 0 2 7 0 2 7 1 2 7 0 2 7 0 2 7 0 2 7 0 2 7 5 31 3 5 31 3 0 2 7 1 2 7 0 2 7 1 2 7 1 2 7 1 2 7 0 2 4 1 2 7 0 2 7 0 2 7 1 2 7 0 2 7 0 2 7 17 9 2 1 2 11 1 2 7 17 18 2 1 2 7 17 9 2 0 40.0670827627182007
0 2 7 16 6 2 0 2 7 0 2 7 0 2 7 1 2 7 0 2 7 5 31 3 1 2 7 0 2 7 1 2 11 17 9 2 1 2 7 13 6 3 0 2 7 0 2 7 0 2 7 1 2 7 1 2 7 0 2 7 0 2 7 0 2 7 5 31 3 5 31 3 0 2 7 1 2 7 1 2 7 1 2 7 1 2 4 0 2 7 1 2 7 0 2 7 17 9 2 0 2 7 1 2 7 17 18 2 0 2 7 1 2 7 0 2 7 17 9 2 0 40.0670827627182007
0 2 7 16 6 2 1 2 7 0 2 7 0 2 7 1 2 7 0 2 7 5 31 3 1 2 7 0 2 7 17 9 2 13 6 3 0 2 7 0 2 7 1 2 7 0 2 7 0 2 7 0 2 7 0 2 7 5 31 3 5 31 3 0 2 7 1 2 7 0 2 7 1 2 7 1 2 7 1 2 7 0 2 4 1 2 7 0 2 7 0 2 7 1 2 7 0 2 7 0 2 7 17 9 2 1 2 11 1 2 7 17 18 2 1 2 7 17 18 2 0 40.0670827627182007
0 2 7 16 6 2 1 2 7 0 2 7 0 2 7 1 2 7 0 2 7 5 31 3 0 2 7 1 2 7 17 9 2 13 6 3 0 2 7 0 2 7 0 2 7 1 2 7 1 2 7 0 2 7 0 2 7 0 2 7 5 31 3 5 31 3 0 2 7 1 2 11 0 2 7 1 2 4 1 2 7 1 2 7 0 2 7 0 2 7 1 2 7 0 2 7 0 2 7 1 2 7 0 2 7 17 9 2 17 18 2 1 2 7 1 2 7 17 18 2 0 40.0670827627182007
1 2 7 16 6 2 0 2 7 0 2 7 0 2 7 1 2 7 0 2 7 5 31 3 1 2 7 0 2 7 1 2 7 17 9 2 0 2 7 13 6 3 1 2 7 0 2 7 0 2 7 1 2 7 1 2 7 0 2 7 0 2 7 0 2 7 0 2 4 5 31 3 5 31 3 0 2 7 1 2 7 0 2 7 1 2 7 1 2 7 1 2 7 0 2 7 1 2 7 1 2 7 0 2 7 17 9 2 0 2 7 0 2 11 17 18 2 17 9 2 0 40.0670828819274902
1 2 7 16 6 2 1 2 7 0 2 7 0 2 7 1 2 7 0 2 7 5 31 3 1 2 7 1 2 7 17 9 2 13 6 3 0 2 7 0 2 4 1 2 7 0 2 7 0 2 7 0 2 7 0 2 7 5 31 3 5 31 3 1 2 7 1 2 7 0 2 7 1 2 7 1 2 7 1 2 7 0 2 7 0 2 7 0 2 7 0 2 7 0 2 7 17 9 2 1 2 11 17 9 2 0 2 7 17 9 2 0 2 7 1 2 7 0 2 7 0 40.0670827627182007
0 2 7 16 6 2 0 2 7 0 2 7 0 2 7 1 2 7 0 2 7 5 31 3 1 2 7 0 2 7 1 2 11 17 9 2 1 2 7 13 6 3 0 2 7 0 2 7 0 2 7 1 2 7 1 2 7 0 2 7 0 2 7 0 2 7 5 31 3 5 31 3 0 2 7 1 2 7 1 2 7 1 2 7 1 2 4 0 2 7 1 2 7 0 2 7 17 9 2 0 2 7 1 2 7 0 2 7 1 2 7 0 2 7 17 9 2 17 9 2 0 40.0670827627182007
1 2 7 16 6 2 1 2 7 0 2 7 0 2 7 1 2 7 0 2 7 5 31 3 1 2 7 1 2 7 17 9 2 13 6 3 0 2 7 0 2 7 0 2 7 1 2 7 0 2 7 0 2 7 0 2 7 0 2 7 5 31 3 5 31 3 0 2 7 1 2 7 0 2 7 1 2 7 1 2 7 1 2 7 0 2 7 1 2 11 1 2 7 0 2 7 0 2 7 0 2 7 0 2 7 17 18 2 17 18 2 17 18 2 0 2 4 1 2 7 0 40.0670827627182007
1 2 7 17 18 2 16 6 2 0 2 7 0 2 7 0 2 7 1 2 7 0 2 7 17 18 2 5 31 3 1 2 7 0 2 7 1 2 7 0 2 11 17 9 2 0 2 7 13 6 3 0 2 7 0 2 7 0 2 7 1 2 7 1 2 7 0 2 7 0 2 7 0 2 4 0 2 7 5 31 3 5 31 3 0 2 7 1 2 7 0 2 7 1 2 7 1 2 7 1 2 7 17 18 2 0 2 7 1 2 7 1 2 7 0 2 7 1 2 7 0 40.0670828819274902
0 2 7 16 6 2 0 2 7 0 2 7 0 2 7 1 2 7 1 2 7 5 31 3 1 2 7 0 2 7 1 2 7 17 9 2 1 2 7 13 6 3 0 2 7 0 2 7 0 2 7 1 2 7 1 2 7 0 2 7 0 2 7 0 2 7 5 31 3 5 31 3 0 2 7 1 2 7 1 2 7 1 2 7 0 2 4 1 2 7 0 2 7 17 9 2 0 2 7 1 2 7 0 2 7 1 2 11 17 9 2 17 9 2 0 2 7 0 2 7 0 40.0670827627182007
0 2 7 16 6 2 1 2 7 0 2 7 0 2 7 1 2 7 0 2 7 5 31 3 1 2 7 0 2 7 17 9 2 13 6 3 0 2 7 0 2 7 1 2 7 0 2 7 0 2 7 0 2 7 0 2 7 5 31 3 5 31 3 0 2 7 1 2 7 0 2 7 1 2 7 1 2 7 1 2 7 1 2 7 0 2 7 0 2 7 1 2 7 0 2 7 0 2 7 1 2 11 1 2 7 1 2 4 0 2 7 17 9 2 17 18 2 17 18 2 0 40.0670827627182007
0 2 7 16 6 2 0 2 7 0 2 7 0 2 7 1 2 7 0 2 7 5 31 3 1 2 7 0 2 7 1 2 11 17 9 2 1 2 7 13 6 3 0 2 7 0 2 7 0 2 7 1 2 7 1 2 7 0 2 7 0 2 7 0 2 7 5 31 3 5 31 3 0 2 7 1 2 7 1 2 7 1 2 7 1 2 4 0 2 7 1 2 7 0 2 7 17 9 2 0 2 7 1 2 7 0 2 7 1 2 7 0 2 7 17 9 2 17 18 2 0 40.0670827627182007
0 2 7 16 6 2 0 2 7 0 2 7 0 2 7 1 2 7 0 2 7 5 31 3 1 2 7 0 2 7 1 2 11 17 9 2 1 2 7 13 6 3 0 2 7 0 2 7 0 2 7 1 2 7 1 2 7 0 2 7 0 2 7 0 2 7 5 31 3 5 31 3 0 2 7 1 2 7 1 2 7 1 2 7 0 2 7 1 2 7 0 2 7 0 2 7 1 2 7 17 18 2 0 2 7 1 2 7 0 2 4 1 2 7 17 18 2 17 9 2 0 40.0670827627182007
1 2 7 16 6 2 1 2 7 0 2 7 0 2 4 0 2 7 0 2 7 5 31 3 1 2 7 1 2 7 1 2 7 17 9 2 0 2 7 13 6 3 0 2 7 0 2 7 0 2 7 1 2 7 0 2 7 0 2 7 0 2 7 0 2 7 0 2 7 5 31 3 5 31 3 0 2 7 1 2 7 0 2 7 1 2 7 1 2 7 1 2 7 0 2 7 1 2 7 1 2 11 0 2 7 17 9 2 17 18 2 0 2 7 1 2 7 17 9 2 0 40.0670827627182007
0 2 7 16 6 2 1 2 7 0 2 7 0 2 7 1 2 7 0 2 7 5 31 3 1 2 7 0 2 7 17 9 2 13 6 3 0 2 7 0 2 7 1 2 7 0 2 7 0 2 7 0 2 7 0 2 7 5 31 3 5 31 3 0 2 7 1 2 7 0 2 7 1 2 7 1 2 7 1 2 7 1 2 7 0 2 7 0 2 7 1 2 7 0 2 7 0 2 7 1 2 11 1 2 7 17 18 2 17 18 2 1 2 4 17 18 2 0 2 7 0 40.0670827627182007
0 2 7 16 6 2 1 2 7 0 2 7 0 2 7 1 2 7 0 2 7 5 31 3 1 2 7 0 2 7 17 9 2 13 6 3 0 2 7 0 2 7 1 2 7 0 2 7 0 2 7 0 2 7 0 2 7 5 31 3 5 31 3 0 2 7 1 2 7 0 2 7 1 2 7 1 2 7 1 2 7 1 2 7 0 2 7 0 2 7 1 2 7 0 2 7 0 2 7 1 2 11 1 2 7 1 2 4 0 2 7 17 9 2 17 9 2 17 9 2 0 40.0670827627182007
0 2 7 16 6 2 0 2 7 0 2 7 0 2 7 1 2 7 0 2 7 5 31 3 1 2 7 0 2 7 1 2 11 17 9 2 1 2 7 13 6 3 0 2 7 0 2 7 0 2 7 1 2 7 1 2 7 0 2 7 0 2 7 0 2 7 5 31 3 5 31 3 0 2 7 1 2 7 1 2 7 1 2 7 0 2 7 1 2 7 0 2 7 0 2 7 1 2 7 17 18 2 0 2 7 1 2 7 0 2 4 1 2 7 17 18 2 17 18 2 0 40.0670827627182007
1 2 7 16 6 2 0 2 7 0 2 7 0 2 7 1 2 7 0 2 7 5 31 3 1 2 7 0 2 7 1 2 7 17 9 2 0 2 7 13 6 3 1 2 7 0 2 7 0 2 7 1 2 7 1 2 7 0 2 7 0 2 7 0 2 7 0 2 4 5 31 3 5 31 3 0 2 7 1 2 7 0 2 7 1 2 7 1 2 7 1 2 7 0 2 7 1 2 7 1 2 7 0 2 7 17 9 2 0 2 7 0 2 11 17 18 2 17 9 2 0 40.0670828819274902
1 2 7 17 18 2 16 6 2 0 2 7 0 2 7 0 2 7 1 2 7 0 2 7 17 18 2 5 31 3 1 2 7 0 2 7 1 2 7 0 2 11 17 9 2 0 2 7 13 6 3 0 2 7 0 2 7 0 2 7 1 2 7 1 2 7 0 2 7 0 2 7 0 2 4 0 2 7 5 31 3 5 31 3 0 2 7 1 2 7 0 2 7 1 2 7 1 2 7 1 2 7 17 18 2 0 2 7 1 2 7 1 2 7 0 2 7 1 2 7 0 40.0670828819274902
0 2 7 16 6 2 1 2 7 0 2 7 0 2 7 1 2 7 0 2 7 5 31 3 1 2 4 0 2 7 17 9 2 13 6 3 0 2 7 0 2 7 1 2 7 0 2 7 0 2 7 0 2 7 0 2 7 5 31 3 5 31 3 0 2 7 1 2 7 0 2 7 1 2 7 1 2 7 1 2 7 1 2 7 0 2 7 0 2 7 1 2 7 0 2 7 0 2 7 1 2 11 1 2 7 17 9 2 17 9 2 17 9 2 1 2 7 0 2 7 0 40.0670827627182007
0 2 7 16 6 2 1 2 7 0 2 7 0 2 7 1 2 7 0 2 7 5 31 3 1 2 7 0 2 7 17 9 2 13 6 3 0 2 7 0 2 7 1 2 7 0 2 7 0 2 7 0 2 7 0 2 7 5 31 3 5 31 3 0 2 7 1 2 11 0 2 7 0 2 7 1 2 7 1 2 7 1 2 7 0 2 7 1 2 7 1 2 7 0 2 4 0 2 7 0 2 7 1 2 7 17 18 2 17 18 2 1 2 7 1 2 7 17 9 2 0 40.0670827627182007
1 2 7 17 18 2 16 6 2 0 2 7 0 2 7 0 2 7 1 2 7 0 2 7 17 18 2 5 31 3 1 2 7 0 2 7 1 2 7 0 2 11 17 9 2 0 2 7 13 6 3 0 2 7 0 2 7 0 2 7 1 2 7 1 2 7 0 2 7 0 2 7 0 2 4 0 2 7 5 31 3 5 31 3 0 2 7 1 2 7 0 2 7 1 2 7 1 2 7 1 2 7 17 18 2 0 2 7 1 2 7 1 2 7 0 2 7 1 2 7 0 40.0670828819274902
0 2 7 16 6 2 1 2 7 0 2 7 0 2 7 1 2 7 0 2 7 5 31 3 1 2 7 0 2 7 17 9 2 13 6 3 0 2 7 0 2 7 1 2 7 0 2 7 0 2 7 0 2 7 0 2 7 5 31 3 5 31 3 0 2 7 1 2 11 0 2 7 0 2 7 1 2 7 1 2 7 1 2 7 0 2 7 1 2 7 1 2 7 0 2 4 0 2 7 0 2 7 1 2 7 17 18 2 17 18 2 1 2 7 1 2 7 17 18 2 0 40.0670827627182007
0 2 7 16 6 2 1 2 7 0 2 7 0 2 7 1 2 7 0 2 7 5 31 3 1 2 7 0 2 7 17 9 2 13 6 3 0 2 7 1 2 7 1 2 7 0 2 7 0 2 7 0 2 7 0 2 7 5 31 3 5 31 3 0 2 7 1 2 7 0 2 7 1 2 7 1 2 7 1 2 7 1 2 7 0 2 7 0 2 7 1 2 7 0 2 7 0 2 7 1 2 11 1 2 7 17 18 2 0 2 7 17 9 2 0 2 4 17 9 2 0 40.0670827627182007
0 2 7 16 6 2 1 2 7 0 2 7 0 2 7 1 2 7 0 2 7 5 31 3 1 2 7 0 2 7 17 9 2 13 6 3 0 2 7 0 2 7 1 2 7 0 2 7 0 2 7 0 2 7 0 2 7 5 31 3 5 31 3 0 2 7 1 2 7 0 2 7 1 2 7 1 2 7 1 2 7 1 2 7 0 2 7 0 2 7 1 2 7 0 2 7 0 2 7 1 2 11 1 2 7 1 2 4 0 2 7 17 18 2 17 18 2 17 9 2 0 40.0670827627182007
0 2 7 16 6 2 1 2 7 0 2 7 0 2 7 1 2 7 0 2 7 5 31 3 1 2 7 0 2 7 17 9 2 13 6 3 0 2 7 0 2 7 1 2 7 0 2 7 0 2 7 0 2 7 0 2 7 5 31 3 5 31 3 0 2 7 1 2 7 0 2 7 1 2 7 1 2 7 1 2 7 1 2 7 0 2 7 0 2 7 1 2 7 0 2 7 0 2 7 1 2 11 1 2 7 1 2 4 0 2 7 17 9 2 17 9 2 17 18 2 0 40.0670827627182007
0 2 7 16 6 2 1 2 7 0 2 7 0 2 7 1 2 7 0 2 7 5 31 3 1 2 7 0 2 7 13 6 3 0 2 7 0 2 7 1 2 7 0 2 7 0 2 7 0 2 7 0 2 7 5 31 3 5 31 3 0 2 7 1 2 7 0 2 7 1 2 7 1 2 7 1 2 7 0 2 7 0 2 7 1 2 7 0 2 7 0 2 7 1 2 11 1 2 7 17 18 2 1 2 7 17 18 2 1 2 7 0 2 4 17 18 2 17 18 2 0 40.0670827627182007
0 2 7 16 6 2 1 2 7 0 2 7 0 2 7 1 2 7 0 2 7 5 31 3 1 2 7 0 2 7 17 9 2 13 6 3 0 2 7 0 2 7 1 2 7 0 2 7 0 2 7 0 2 7 0 2 7 5 31 3 5 31 3 0 2 7 1 2 7 0 2 7 1 2 7 1 2 4 1 2 7 1 2 7 0 2 7 0 2 7 1 2 7 0 2 7 0 2 7 1 2 11 1 2 7 17 18 2 0 2 7 1 2 7 17 18 2 17 18 2 0 40.0670827627182007
0 2 7 16 6 2 1 2 7 0 2 7 0 2 7 1 2 7 0 2 7 5 31 3 1 2 7 0 2 7 17 9 2 13 6 3 0 2 7 0 2 7 1 2 7 0 2 7 0 2 7 0 2 7 0 2 7 5 31 3 5 31 3 0 2 7 1 2 7 0 2 7 1 2 7 1 2 7 1 2 7 1 2 7 0 2 7 0 2 7 1 2 7 0 2 7 0 2 7 1 2 7 1 2 7 17 9 2 17 9 2 17 9 2 1 2 11 0 2 4 0 40.0670827627182007
0 2 7 16 6 2 1 2 7 0 2 7 0 2 7 1 2 7 0 2 7 5 31 3 1 2 7 0 2 7 13 6 3 0 2 7 0 2 7 1 2 7 0 2 7 0 2 7 0 2 7 0 2 7 5 31 3 5 31 3 0 2 7 1 2 7 0 2 7 1 2 7 1 2 7 1 2 7 0 2 7 0 2 7 1 2 7 0 2 7 0 2 7 1 2 11 1 2 7 17 18 2 1 2 7 17 18 2 17 18 2 17 18 2 1 2 7 0 2 4 0 40.0670827627182007
0 2 7 16 6 2 1 2 7 0 2 4 0 2 7 1 2 7 5 31 3 1 2 7 0 2 7 17 9 2 13 6 3 0 2 7 0 2 7 1 2 7 0 2 7 1 2 7 1 2 7 0 2 7 5 31 3 5 31 3 0 2 7 0 2 7 0 2 7 1 2 11 0 2 7 1 2 7 1 2 7 0 2 7 0 2 7 0 2 7 0 2 7 0 2 7 1 2 7 17 9 2 1 2 7 17 18 2 17 18 2 1 2 7 1 2 7 0 2 7 0 40.0670827627182007
1 2 7 17 18 2 16 6 2 0 2 7 0 2 7 0 2 7 1 2 7 0 2 7 17 18 2 5 31 3 1 2 7 0 2 7 1 2 7 0 2 11 17 9 2 0 2 7 13 6 3 0 2 7 0 2 7 0 2 7 1 2 7 1 2 7 0 2 7 0 2 7 0 2 4 0 2 7 5 31 3 5 31 3 0 2 7 1 2 7 0 2 7 1 2 7 1 2 7 1 2 7 17 18 2 0 2 7 1 2 7 1 2 7 0 2 7 1 2 7 0 40.0670828819274902
0 2 7 16 6 2 1 2 7 0 2 7 0 2 4 1 2 7 0 2 7 5 31 3 1 2 7 0 2 7 17 9 2 13 6 3 0 2 7 0 2 7 1 2 7 0 2 7 0 2 7 0 2 7 0 2 7 5 31 3 5 31 3 0 2 7 1 2 7 0 2 7 1 2 7 1 2 7 1 2 7 1 2 7 0 2 7 0 2 7 1 2 7 0 2 7 0 2 7 1 2 7 17 9 2 1 2 11 17 18 2 17 9 2 1 2 7 0 2 7 0 40.0670827627182007
0 2 7 16 6 2 1 2 7 0 2 7 0 2 7 1 2 7 0 2 7 5 31 3 1 2 7 0 2 7 13 6 3 0 2 7 0 2 7 1 2 7 0 2 7 0 2 7 0 2 7 0 2 7 5 31 3 5 31 3 0 2 7 1 2 7 0 2 7 1 2 7 1 2 7 1 2 7 0 2 7 0 2 7 1 2 7 0 2 7 0 2 7 1 2 11 1 2 7 17 18 2 1 2 7 1 2 7 0 2 4 17 18 2 17 18 2 17 9 2 0 40.0670827627182007
0 2 7 16 6 2 1 2 7 0 2 7 0 2 7 1 2 7 1 2 4 5 31 3 1 2 7 0 2 7 17 9 2 13 6 3 0 2 7 0 2 7 1 2 7 0 2 7 1 2 7 1 2 7 0 2 7 5 31 3 5 31 3 0 2 7 0 2 7 0 2 7 1 2 11 0 2 7 1 2 7 1 2 7 0 2 7 0 2 7 0 2 7 0 2 7 0 2 7 1 2 7 17 9 2 1 2 7 17 18 2 17 18 2 1 2 7 0 2 7 0 40.0670827627182007
0 2 7 16 6 2 1 2 7 0 2 7 0 2 7 1 2 7 0 2 7 5 31 3 1 2 7 0 2 7 17 9 2 13 6 3 0 2 7 0 2 7 1 2 7 0 2 7 0 2 7 0 2 7 0 2 7 5 31 3 5 31 3 0 2 7 1 2 7 0 2 7 1 2 7 1 2 7 1 2 7 1 2 7 0 2 7 0 2 7 1 2 7 0 2 7 0 2 7 1 2 7 17 9 2 1 2 11 17 9 2 17 18 2 1 2 4 0 2 7 0 40.0670827627182007
0 2 7 16 6 2 1 2 7 0 2 7 0 2 7 1 2 7 0 2 7 5 31 3 1 2 7 0 2 7 17 9 2 13 6 3 0 2 7 0 2 7 1 2 7 0 2 7 0 2 7 0 2 7 0 2 7 5 31 3 5 31 3 0 2 7 1 2 7 0 2 7 1 2 7 1 2 4 1 2 7 1 2 7 0 2 7 0 2 7 1 2 7 0 2 7 0 2 7 1 2 11 1 2 7 17 18 2 0 2 7 1 2 7 17 18 2 17 18 2 0 40.0670827627182007
0 2 7 16 6 2 1 2 7 0 2 7 0 2 7 1 2 7 0 2 7 5 31 3 1 2 7 0 2 7 17 9 2 13 6 3 0 2 7 0 2 7 1 2 7 0 2 7 0 2 7 0 2 7 0 2 7 5 31 3 5 31 3 0 2 7 1 2 7 0 2 7 1 2 7 1 2 7 1 2 7 1 2 7 0 2 7 0 2 7 1 2 7 0 2 7 0 2 7 1 2 7 17 9 2 1 2 11 17 9 2 17 9 2 0 2 7 1 2 4 0 40.0670827627182007
0 2 7 16 6 2 1 2 7 0 2 7 0 2 7 1 2 7 0 2 7 5 31 3 1 2 7 0 2 7 17 9 2 13 6 3 0 2 7 0 2 7 1 2 7 0 2 7 0 2 7 0 2 7 0 2 7 5 31 3 5 31 3 0 2 7 1 2 7 0 2 7 1 2 7 1 2 7 1 2 7 1 2 7 0 2 7 0 2 7 1 2 7 0 2 7 0 2 7 1 2 7 1 2 7 17 9 2 1 2 11 0 2 4 17 9 2 17 9 2 0 40.0670827627182007
0 2 7 16 6 2 1 2 7 0 2 7 0 2 7 1 2 4 0 2 7 5 31 3 1 2 7 0 2 7 13 6 3 0 2 7 0 2 7 1 2 7 0 2 7 0 2 7 0 2 7 1 2 7 5 31 3 5 31 3 0 2 7 0 2 7 0 2 7 1 2 7 1 2 7 1 2 7 1 2 7 0 2 7 0 2 7 1 2 7 0 2 7 0 2 7 1 2 7 1 2 7 17 9 2 0 2 7 17 9 2 1 2 11 17 9 2 17 9 2 0 40.0670827627182007
0 2 7 16 6 2 1 2 7 0 2 7 0 2 7 1 2 7 0 2 7 5 31 3 1 2 7 0 2 7 17 9 2 13 6 3 0 2 7 0 2 7 1 2 7 0 2 7 0 2 7 0 2 7 0 2 7 5 31 3 5 31 3 0 2 7 1 2 7 0 2 7 1 2 7 1 2 7 1 2 7 1 2 7 0 2 7 0 2 7 1 2 7 0 2 7 0 2 7 1 2 7 1 2 11 1 2 7 0 2 4 17 18 2 17 9 2 17 18 2 0 40.0670827627182007
0 2 7 16 6 2 1 2 7 0 2 7 0 2 7 1 2 7 0 2 7 5 31 3 1 2 7 0 2 7 17 9 2 13 6 3 0 2 7 0 2 7 1 2 7 0 2 7 0 2 7 0 2 7 0 2 7 5 31 3 5 31 3 0 2 7 1 2 7 0 2 7 1 2 7 1 2 7 1 2 7 1 2 7 0 2 7 0 2 7 1 2 7 0 2 7 0 2 7 1 2 7 17 9 2 1 2 11 1 2 7 0 2 4 17 18 2 17 9 2 0 40.0670827627182007
0 2 7 16 6 2 1 2 7 0 2 7 0 2 7 1 2 7 5 31 3 1 2 7 0 2 7 13 6 3 0 2 7 0 2 7 1 2 7 0 2 7 1 2 7 1 2 7 0 2 7 5 31 3 5 31 3 0 2 7 0 2 7 1 2 11 0 2 7 1 2 7 1 2 7 0 2 7 0 2 7 0 2 7 0 2 7 0 2 7 1 2 7 1 2 7 17 18 2 17 18 2 1 2 7 17 18 2 0 2 7 0 2 4 17 9 2 1 2 7 0 40.0670827627182007
0 2 7 16 6 2 1 2 7 0 2 7 0 2 7 1 2 4 0 2 7 5 31 3 1 2 7 0 2 7 13 6 3 0 2 7 0 2 7 1 2 7 0 2 7 0 2 7 0 2 7 1 2 7 5 31 3 5 31 3 0 2 7 0 2 7 0 2 7 1 2 7 1 2 7 1 2 7 1 2 7 0 2 7 0 2 7 1 2 7 0 2 7 0 2 7 1 2 7 1 2 7 17 9 2 0 2 7 17 9 2 1 2 11 17 18 2 17 18 2 0 40.0670827627182007
0 2 7 16 6 2 1 2 7 0 2 7 0 2 7 1 2 7 5 31 3 1 2 7 0 2 7 13 6 3 0 2 7 0 2 7 1 2 7 0 2 7 1 2 7 1 2 7 0 2 7 5 31 3 5 31 3 0 2 7 0 2 7 1 2 11 0 2 7 1 2 7 1 2 7 0 2 7 0 2 7 0 2 7 0 2 7 0 2 7 1 2 7 1 2 7 17 18 2 1 2 7 0 2 7 0 2 7 17 18 2 1 2 4 17 9 2 17 18 2 0 40.0670827627182007
0 2 7 16 6 2 1 2 7 0 2 7 0 2 7 1 2 4 0 2 7 5 31 3 1 2 7 0 2 7 13 6 3 0 2 7 0 2 7 1 2 7 0 2 7 0 2 7 0 2 7 1 2 7 5 31 3 5 31 3 0 2 7 0 2 7 0 2 7 1 2 7 1 2 7 1 2 7 1 2 7 0 2 7 0 2 7 1 2 7 0 2 7 0 2 7 1 2 7 1 2 7 17 9 2 0 2 7 17 9 2 1 2 11 17 18 2 17 9 2 0 40.0670827627182007
0 2 7 16 6 2 1 2 7 0 2 7 0 2 7 1 2 7 0 2 7 5 31 3 1 2 7 0 2 4 17 9 2 13 6 3 0 2 7 0 2 7 1 2 7 0 2 7 0 2 7 0 2 7 0 2 7 5 31 3 5 31 3 0 2 7 1 2 7 0 2 7 1 2 7 1 2 7 1 2 7 1 2 7 0 2 7 0 2 7 1 2 7 0 2 7 0 2 7 1 2 7 17 9 2 1 2 11 1 2 7 0 2 7 17 9 2 17 9 2 0 40.0670827627182007
0 2 7 16 6 2 1 2 7 0 2 7 0 2 7 1 2 7 5 31 3 1 2 7 0 2 7 13 6 3 0 2 7 0 2 7 1 2 7 0 2 7 1 2 7 1 2 7 0 2 7 5 31 3 5 31 3 0 2 4 0 2 7 0 2 7 1 2 11 0 2 7 1 2 7 1 2 7 0 2 7 0 2 7 0 2 7 0 2 7 0 2 7 1 2 7 1 2 7 17 18 2 17 18 2 1 2 7 17 18 2 1 2 7 17 18 2 0 2 7 0 40.0670827627182007
0 2 7 16 6 2 1 2 4 0 2 7 0 2 7 1 2 7 5 31 3 1 2 7 0 2 7 13 6 3 0 2 7 0 2 7 1 2 7 0 2 7 1 2 7 1 2 7 0 2 7 5 31 3 5 31 3 0 2 7 0 2 7 1 2 11 0 2 7 1 2 7 1 2 7 0 2 7 0 2 7 0 2 7 0 2 7 0 2 7 1 2 7 1 2 7 17 18 2 17 18 2 1 2 7 17 18 2 0 2 7 0 2 7 1 2 7 17 18 2 0 40.0670827627182007
0 2 7 16 6 2 1 2 7 0 2 7 0 2 7 0 2 7 5 31 3 1 2 7 0 2 7 13 6 3 0 2 7 0 2 7 0 2 7 0 2 7 0 2 7 1 2 7 5 31 3 5 31 3 0 2 7 0 2 7 0 2 7 1 2 7 1 2 7 1 2 7 0 2 7 0 2 7 1 2 7 1 2 7 0 2 7 0 2 7 1 2 7 1 2 7 1 2 11 17 18 2 1 2 7 17 18 2 17 18 2 0 2 4 1 2 7 17 18 2 0 40.0670827627182007
0 2 7 16 6 2 1 2 7 0 2 7 0 2 7 1 2 7 0 2 7 5 31 3 1 2 7 0 2 7 13 6 3 0 2 7 0 2 7 1 2 7 0 2 7 0 2 7 0 2 7 0 2 7 5 31 3 5 31 3 0 2 7 1 2 7 0 2 7 1 2 7 1 2 7 1 2 7 1 2 7 0 2 7 0 2 7 1 2 7 0 2 4 0 2 7 0 2 7 1 2 11 17 9 2 1 2 7 1 2 7 17 18 2 17 18 2 17 18 2 0 40.0670827627182007
0 2 7 16 6 2 0 2 7 0 2 7 1 2 7 5 31 3 1 2 7 0 2 7 13 6 3 0 2 7 1 2 7 0 2 7 0 2 7 1 2 7 1 2 7 0 2 7 5 31 3 5 31 3 0 2 7 0 2 7 1 2 11 0 2 7 1 2 7 1 2 7 0 2 7 0 2 4 0 2 7 0 2 7 0 2 7 0 2 7 1 2 7 17 18 2 1 2 7 0 2 7 1 2 7 1 2 7 1 2 7 17 9 2 17 18 2 17 9 2 0 40.0670827627182007
0 2 7 16 6 2 1 2 7 0 2 7 0 2 7 0 2 7 5 31 3 1 2 7 0 2 7 13 6 3 0 2 7 0 2 7 1 2 7 0 2 7 0 2 7 0 2 7 1 2 7 5 31 3 5 31 3 0 2 7 0 2 7 0 2 7 1 2 7 1 2 7 1 2 7 1 2 7 0 2 7 0 2 7 1 2 7 0 2 7 0 2 7 0 2 7 1 2 7 1 2 7 1 2 4 1 2 11 17 18 2 17 18 2 17 9 2 17 18 2 0 40.0670827627182007
0 2 7 16 6 2 1 2 7 0 2 7 0 2 7 1 2 7 5 31 3 1 2 7 0 2 7 13 6 3 0 2 7 0 2 7 1 2 7 0 2 7 1 2 7 1 2 7 0 2 7 5 31 3 5 31 3 0 2 4 0 2 7 0 2 7 1 2 11 0 2 7 1 2 7 1 2 7 0 2 7 0 2 7 0 2 7 0 2 7 0 2 7 1 2 7 1 2 7 1 2 7 1 2 7 0 2 7 17 9 2 17 9 2 17 9 2 17 18 2 0 40.0670827627182007
0 2 7 16 6 2 1 2 7 0 2 7 0 2 7 0 2 7 5 31 3 1 2 7 0 2 7 13 6 3 0 2 7 0 2 7 1 2 7 0 2 7 0 2 7 0 2 7 1 2 7 5 31 3 5 31 3 0 2 7 0 2 7 0 2 7 1 2 7 1 2 7 1 2 7 1 2 7 0 2 7 0 2 7 1 2 7 0 2 7 0 2 7 1 2 7 1 2 7 17 9 2 17 9 2 1 2 11 17 18 2 1 2 4 0 2 7 17 18 2 0 40.0670827627182007
0 2 7 16 6 2 1 2 4 0 2 7 0 2 7 1 2 7 5 31 3 1 2 7 0 2 7 13 6 3 0 2 7 0 2 7 1 2 7 0 2 7 1 2 7 1 2 7 0 2 7 5 31 3 5 31 3 0 2 7 0 2 7 1 2 11 0 2 7 1 2 7 1 2 7 0 2 7 0 2 7 0 2 7 0 2 7 0 2 7 1 2 7 1 2 7 1 2 7 0 2 7 0 2 7 1 2 7 17 9 2 17 9 2 17 18 2 17 9 2 0 40.0670827627182007
0 2 7 16 6 2 1 2 7 0 2 7 0 2 7 0 2 7 5 31 3 1 2 7 0 2 7 13 6 3 0 2 7 0 2 7 1 2 7 0 2 7 0 2 7 0 2 7 1 2 7 5 31 3 5 31 3 0 2 7 0 2 7 0 2 7 1 2 7 1 2 7 1 2 7 1 2 7 0 2 7 0 2 7 1 2 7 0 2 7 0 2 7 1 2 7 17 9 2 17 9 2 1 2 7 17 9 2 17 9 2 1 2 11 0 2 7 1 2 4 0 40.0670827627182007
0 2 7 16 6 2 1 2 4 0 2 7 0 2 7 1 2 7 5 31 3 1 2 7 0 2 7 13 6 3 0 2 7 0 2 7 1 2 7 0 2 7 1 2 7 1 2 7 0 2 7 5 31 3 5 31 3 0 2 7 0 2 7 1 2 11 0 2 7 1 2 7 1 2 7 0 2 7 0 2 7 0 2 7 0 2 7 0 2 7 1 2 7 1 2 7 17 18 2 17 18 2 1 2 7 17 18 2 0 2 7 0 2 7 1 2 7 17 18 2 0 40.0670827627182007
0 2 7 16 6 2 0 2 7 0 2 7 1 2 7 5 31 3 1 2 7 0 2 7 13 6 3 0 2 7 1 2 7 0 2 7 0 2 7 1 2 7 1 2 7 0 2 7 5 31 3 5 31 3 0 2 7 0 2 7 1 2 11 0 2 7 1 2 7 1 2 7 0 2 7 0 2 4 0 2 7 0 2 7 0 2 7 0 2 7 1 2 7 1 2 7 0 2 7 1 2 7 1 2 7 1 2 7 17 9 2 17 9 2 17 9 2 17 9 2 0 40.0670827627182007
0 2 7 16 6 2 0 2 7 0 2 7 1 2 7 5 31 3 1 2 7 0 2 7 13 6 3 0 2 7 1 2 7 0 2 7 0 2 7 1 2 7 1 2 7 0 2 7 5 31 3 5 31 3 0 2 7 0 2 7 1 2 11 0 2 7 1 2 7 1 2 7 0 2 7 0 2 4 0 2 7 0 2 7 0 2 7 0 2 7 1 2 7 1 2 7 0 2 7 1 2 7 1 2 7 1 2 7 17 9 2 17 9 2 17 9 2 17 9 2 0 40.0670827627182007
0 2 7 16 6 2 0 2 7 0 2 7 1 2 7 5 31 3 1 2 7 0 2 7 13 6 3 0 2 7 0 2 7 1 2 7 0 2 4 1 2 7 1 2 7 0 2 7 5 31 3 5 31 3 0 2 7 0 2 7 1 2 11 0 2 7 1 2 7 1 2 7 0 2 7 0 2 7 0 2 7 0 2 7 0 2 7 1 2 7 1 2 7 17 18 2 1 2 7 0 2 7 1 2 7 1 2 7 0 2 7 17 18 2 17 9 2 17 9 2 0 40.0670827627182007
0 2 7 16 6 2 0 2 7 0 2 7 1 2 7 5 31 3 1 2 7 0 2 7 13 6 3 0 2 7 1 2 11 0 2 7 0 2 7 1 2 7 1 2 7 0 2 7 5 31 3 5 31 3 0 2 7 0 2 7 1 2 7 0 2 7 1 2 7 1 2 7 0 2 7 0 2 7 0 2 7 0 2 4 1 2 7 0 2 7 0 2 7 1 2 7 1 2 7 0 2 7 17 9 2 17 18 2 1 2 7 1 2 7 17 9 2 17 9 2 0 40.0670827627182007
0 2 7 16 6 2 1 2 4 0 2 7 0 2 7 1 2 7 5 31 3 1 2 7 0 2 7 13 6 3 0 2 7 0 2 7 1 2 7 0 2 7 1 2 7 1 2 7 0 2 7 5 31 3 5 31 3 0 2 7 0 2 7 1 2 11 0 2 7 1 2 7 1 2 7 0 2 7 0 2 7 0 2 7 0 2 7 0 2 7 1 2 7 1 2 7 1 2 7 0 2 7 0 2 7 1 2 7 17 9 2 17 9 2 17 18 2 17 9 2 0 40.0670827627182007
0 2 7 16 6 2 1 2 7 0 2 7 0 2 7 0 2 7 5 31 3 1 2 7 0 2 7 13 6 3 0 2 7 0 2 7 1 2 7 0 2 7 0 2 7 0 2 7 1 2 7 5 31 3 5 31 3 0 2 7 0 2 7 0 2 7 1 2 7 1 2 7 1 2 7 1 2 7 0 2 7 0 2 7 1 2 7 0 2 7 0 2 7 1 2 7 1 2 7 17 9 2 1 2 11 17 18 2 1 2 4 0 2 7 17 18 2 17 9 2 0 40.0670827627182007
0 2 7 16 6 2 1 2 7 0 2 7 0 2 7 0 2 7 5 31 3 1 2 7 0 2 7 13 6 3 1 2 7 0 2 7 1 2 7 0 2 7 0 2 7 0 2 7 1 2 7 5 31 3 5 31 3 0 2 7 0 2 7 0 2 7 1 2 7 1 2 7 1 2 7 1 2 7 0 2 7 0 2 7 1 2 7 0 2 7 0 2 7 1 2 7 1 2 7 17 9 2 1 2 11 17 18 2 17 18 2 0 2 4 0 2 7 17 18 2 0 40.0670827627182007
0 2 7 16 6 2 0 2 7 0 2 7 0 2 7 5 31 3 1 2 7 0 2 7 13 6 3 0 2 7 1 2 7 0 2 7 0 2 7 0 2 7 1 2 7 0 2 7 5 31 3 5 31 3 0 2 7 0 2 7 1 2 4 0 2 7 1 2 7 1 2 11 1 2 7 0 2 7 1 2 7 0 2 7 0 2 7 1 2 7 1 2 7 0 2 7 1 2 7 1 2 7 1 2 7 17 18 2 0 2 7 17 18 2 17 9 2 17 18 2 0 40.0670827627182007
0 2 7 16 6 2 0 2 7 0 2 7 0 2 7 5 31 3 1 2 7 0 2 7 13 6 3 0 2 7 1 2 7 0 2 7 0 2 7 0 2 7 1 2 7 0 2 7 5 31 3 5 31 3 0 2 7 0 2 7 1 2 4 0 2 7 1 2 7 1 2 11 1 2 7 0 2 7 1 2 7 0 2 7 0 2 7 1 2 7 1 2 7 0 2 7 1 2 7 1 2 7 1 2 7 17 18 2 0 2 7 17 18 2 17 18 2 17 18 2 0 40.0670827627182007
0 2 7 16 6 2 0 2 7 0 2 7 1 2 7 5 31 3 1 2 7 0 2 7 13 6 3 0 2 7 0 2 7 1 2 7 1 2 7 1 2 7 0 2 7 5 31 3 5 31 3 0 2 7 0 2 7 1 2 11 0 2 7 1 2 7 1 2 7 0 2 7 0 2 7 0 2 7 0 2 7 0 2 7 1 2 7 1 2 7 17 18 2 17 18 2 1 2 7 17 18 2 0 2 7 1 2 7 17 18 2 0 2 7 0 2 4 1 2 7 0 40.0670827627182007
0 2 7 16 6 2 1 2 7 0 2 7 0 2 7 0 2 7 5 31 3 1 2 7 0 2 7 13 6 3 0 2 7 0 2 7 1 2 7 0 2 7 0 2 7 0 2 7 1 2 7 5 31 3 5 31 3 0 2 7 0 2 7 0 2 7 1 2 7 1 2 7 1 2 7 1 2 7 0 2 7 0 2 7 1 2 7 0 2 7 0 2 7 1 2 7 17 9 2 17 9 2 1 2 7 17 9 2 17 9 2 1 2 11 0 2 7 1 2 4 0 40.0670827627182007
0 2 7 16 6 2 0 2 7 0 2 7 1 2 7 5 31 3 1 2 7 0 2 7 13 6 3 0 2 7 1 2 7 0 2 7 0 2 7 1 2 7 1 2 7 0 2 7 5 31 3 5 31 3 0 2 7 0 2 7 1 2 11 0 2 7 1 2 7 1 2 7 0 2 7 0 2 7 0 2 7 0 2 7 0 2 7 1 2 7 1 2 7 0 2 7 1 2 7 1 2 7 17 18 2 17 18 2 17 18 2 0 2 4 1 2 7 17 18 2 0 40.0670827627182007
0 2 7 16 6 2 1 2 7 0 2 7 0 2 7 0 2 7 5 31 3 1 2 7 0 2 7 13 6 3 0 2 7 0 2 7 1 2 7 0 2 7 0 2 7 0 2 7 1 2 7 5 31 3 5 31 3 0 2 7 0 2 7 0 2 7 1 2 7 1 2 7 1 2 7 1 2 7 0 2 7 0 2 7 1 2 7 0 2 7 0 2 7 1 2 7 17 9 2 1 2 7 1 2 11 17 18 2 17 9 2 1 2 7 0 2 4 17 18 2 0 40.0670827627182007
0 2 7 16 6 2 0 2 7 0 2 7 1 2 7 5 31 3 1 2 7 0 2 7 13 6 3 0 2 7 1 2 7 0 2 7 0 2 7 1 2 7 1 2 7 0 2 7 5 31 3 5 31 3 0 2 7 0 2 7 1 2 11 0 2 7 1 2 7 1 2 7 0 2 7 0 2 4 0 2 7 0 2 7 0 2 7 0 2 7 1 2 7 1 2 7 0 2 7 1 2 7 1 2 7 1 2 7 17 18 2 17 18 2 17 9 2 17 18 2 0 40.0670827627182007
0 2 7 16 6 2 0 2 7 0 2 7 1 2 7 5 31 3 1 2 7 0 2 7 13 6 3 0 2 7 1 2 7 0 2 7 0 2 7 1 2 7 1 2 7 0 2 7 5 31 3 5 31 3 0 2 7 0 2 7 1 2 11 0 2 7 1 2 7 1 2 7 0 2 7 0 2 7 0 2 7 0 2 7 0 2 7 1 2 7 1 2 7 0 2 7 1 2 7 1 2 7 17 18 2 17 18 2 17 18 2 0 2 7 1 2 4 17 9 2 0 40.0670827627182007
0 2 7 16 6 2 1 2 7 0 2 7 0 2 7 0 2 7 5 31 3 1 2 7 0 2 7 13 6 3 0 2 7 0 2 7 1 2 7 0 2 7 0 2 7 0 2 7 1 2 7 5 31 3 5 31 3 0 2 7 0 2 7 0 2 7 1 2 7 1 2 7 1 2 7 1 2 7 0 2 7 0 2 7 1 2 7 0 2 7 0 2 7 1 2 7 17 9 2 17 9 2 1 2 7 1 2 11 17 9 2 17 18 2 1 2 7 0 2 4 0 40.0670827627182007
0 2 7 16 6 2 1 2 7 0 2 7 0 2 7 0 2 7 5 31 3 1 2 7 0 2 7 13 6 3 0 2 7 0 2 7 1 2 7 0 2 7 0 2 7 0 2 7 1 2 7 5 31 3 5 31 3 0 2 7 0 2 7 0 2 7 1 2 7 1 2 7 1 2 7 1 2 7 0 2 7 0 2 7 1 2 7 0 2 7 0 2 7 1 2 7 1 2 7 17 9 2 1 2 11 1 2 4 0 2 7 17 9 2 17 9 2 17 18 2 0 40.0670827627182007
0 2 7 16 6 2 1 2 7 0 2 7 0 2 7 0 2 7 5 31 3 1 2 7 0 2 7 13 6 3 0 2 7 0 2 7 1 2 7 0 2 7 0 2 7 0 2 7 1 2 7 5 31 3 5 31 3 0 2 7 0 2 7 0 2 7 1 2 7 1 2 7 1 2 7 1 2 7 0 2 7 0 2 7 1 2 7 0 2 7 0 2 7 1 2 7 1 2 7 17 9 2 1 2 11 17 18 2 1 2 4 0 2 7 17 18 2 17 9 2 0 40.0670827627182007
0 2 7 16 6 2 1 2 7 0 2 7 0 2 7 0 2 7 5 31 3 1 2 7 0 2 7 13 6 3 0 2 7 0 2 7 1 2 7 0 2 7 0 2 7 0 2 7 1 2 7 5 31 3 5 31 3 0 2 7 0 2 7 0 2 7 1 2 7 1 2 7 1 2 7 1 2 7 0 2 7 0 2 7 1 2 7 0 2 7 0 2 7 1 2 7 1 2 7 17 9 2 1 2 11 1 2 4 0 2 7 17 9 2 17 9 2 17 9 2 0 40.0670827627182007
0 2 7 16 6 2 0 2 7 0 2 7 0 2 7 5 31 3 1 2 7 0 2 7 13 6 3 0 2 7 1 2 7 0 2 7 0 2 7 0 2 7 1 2 7 0 2 7 5 31 3 5 31 3 0 2 7 0 2 7 1 2 4 0 2 7 1 2 7 1 2 11 1 2 7 0 2 7 1 2 7 0 2 7 0 2 7 1 2 7 1 2 7 0 2 7 1 2 7 1 2 7 1 2 7 17 18 2 0 2 7 17 18 2 17 18 2 17 18 2 0 40.0670827627182007
0 2 7 16 6 2 0 2 7 0 2 7 1 2 7 5 31 3 1 2 7 0 2 7 13 6 3 0 2 7 1 2 7 0 2 7 0 2 7 1 2 7 1 2 7 0 2 7 5 31 3 5 31 3 0 2 7 0 2 7 1 2 11 0 2 7 1 2 7 1 2 7 0 2 7 0 2 4 0 2 7 0 2 7 0 2 7 0 2 7 1 2 7 1 2 7 0 2 7 1 2 7 1 2 7 1 2 7 17 9 2 17 9 2 17 9 2 17 9 2 0 40.0670827627182007
0 2 7 16 6 2 1 2 7 0 2 7 0 2 7 0 2 7 5 31 3 1 2 7 0 2 7 13 6 3 0 2 7 0 2 7 1 2 7 0 2 7 0 2 7 0 2 7 1 2 7 5 31 3 5 31 3 0 2 7 0 2 7 0 2 7 1 2 7 1 2 7 1 2 7 1 2 7 0 2 7 0 2 7 1 2 7 0 2 7 0 2 7 1 2 7 1 2 7 17 9 2 1 2 11 1 2 4 0 2 7 17 9 2 17 9 2 17 9 2 0 40.0670827627182007
0 2 7 16 6 2 0 2 7 0 2 7 1 2 7 5 31 3 0 2 7 13 6 3 0 2 7 1 2 7 0 2 7 0 2 7 1 2 7 1 2 7 0 2 7 5 31 3 5 31 3 0 2 7 0 2 7 1 2 7 0 2 7 1 2 7 1 2 7 0 2 7 0 2 7 0 2 7 0 2 7 1 2 11 1 2 7 0 2 7 0 2 7 1 2 7 1 2 7 17 18 2 1 2 7 17 9 2 1 2 4 0 2 7 17 18 2 17 18 2 0 40.0670827627182007
0 2 7 16 6 2 0 2 7 0 2 7 1 2 7 5 31 3 0 2 7 13 6 3 0 2 4 1 2 7 0 2 7 0 2 7 1 2 7 0 2 7 5 31 3 5 31 3 0 2 7 0 2 7 1 2 7 1 2 7 1 2 11 0 2 7 0 2 7 0 2 7 0 2 7 0 2 7 1 2 7 1 2 7 0 2 7 0 2 7 1 2 7 1 2 7 17 18 2 0 2 7 17 18 2 17 9 2 1 2 7 17 18 2 1 2 7 1 2 7 0 40.0670827627182007
0 2 7 16 6 2 0 2 7 0 2 7 1 2 7 5 31 3 0 2 7 13 6 3 0 2 7 1 2 7 0 2 7 0 2 7 1 2 7 1 2 7 0 2 7 5 31 3 5 31 3 0 2 7 0 2 7 1 2 7 0 2 7 1 2 7 1 2 7 0 2 7 0 2 7 0 2 7 0 2 7 1 2 11 1 2 7 0 2 7 0 2 7 1 2 7 1 2 7 17 18 2 1 2 7 17 9 2 1 2 4 0 2 7 17 9 2 17 9 2 0 40.0670827627182007
0 2 7 16 6 2 1 2 7 0 2 7 1 2 7 5 31 3 1 2 11 13 6 3 1 2 7 1 2 7 1 2 7 0 2 7 1 2 7 1 2 7 1 2 7 5 31 3 1 2 7 0 2 7 0 2 7 0 2 7 0 2 7 0 2 7 0 2 7 0 2 7 0 2 7 0 2 7 1 2 7 0 2 7 0 2 7 1 2 7 0 2 7 5 31 3 0 2 7 0 2 7 17 18 2 0 2 7 1 2 4 17 18 2 17 9 2 17 9 2 0 40.0670827627182007
0 2 4 16 6 2 0 2 7 0 2 7 1 2 7 5 31 3 0 2 7 13 6 3 0 2 7 1 2 7 0 2 7 0 2 7 1 2 7 1 2 7 1 2 7 5 31 3 5 31 3 0 2 7 0 2 7 1 2 7 0 2 7 1 2 7 1 2 7 0 2 7 0 2 7 0 2 7 0 2 7 1 2 11 1 2 7 0 2 7 0 2 7 1 2 7 1 2 7 1 2 7 0 2 7 0 2 7 17 9 2 17 18 2 17 9 2 17 18 2 0 40.0670827627182007
0 2 4 16 6 2 0 2 7 0 2 7 1 2 7 5 31 3 0 2 7 13 6 3 0 2 7 1 2 7 0 2 7 0 2 7 1 2 7 1 2 7 1 2 7 5 31 3 5 31 3 0 2 7 0 2 7 1 2 7 0 2 7 1 2 7 1 2 7 0 2 7 0 2 7 0 2 7 0 2 7 1 2 11 1 2 7 0 2 7 0 2 7 1 2 7 1 2 7 1 2 7 0 2 7 0 2 7 17 9 2 17 9 2 17 18 2 17 9 2 0 40.0670827627182007
0 2 7 16 6 2 1 2 7 0 2 7 1 2 7 5 31 3 1 2 11 13 6 3 1 2 7 1 2 7 1 2 7 0 2 7 1 2 7 1 2 7 1 2 7 5 31 3 1 2 7 0 2 7 0 2 7 0 2 7 0 2 7 0 2 7 0 2 7 0 2 7 0 2 7 0 2 7 1 2 7 0 2 7 0 2 7 1 2 7 0 2 7 5 31 3 0 2 7 0 2 7 17 18 2 17 18 2 17 18 2 17 18 2 0 2 7 1 2 4 0 40.0670827627182007
0 2 7 16 6 2 0 2 7 0 2 7 1 2 7 5 31 3 1 2 7 0 2 7 13 6 3 0 2 7 1 2 7 0 2 7 0 2 7 1 2 7 1 2 7 0 2 7 5 31 3 5 31 3 0 2 7 0 2 7 1 2 11 0 2 7 1 2 7 1 2 7 0 2 7 0 2 7 0 2 7 0 2 7 0 2 7 1 2 7 1 2 7 0 2 7 1 2 7 1 2 7 0 2 4 1 2 7 17 9 2 17 9 2 17 9 2 17 9 2 0 40.0670827627182007
0 2 7 16 6 2 1 2 7 0 2 7 1 2 7 5 31 3 1 2 11 13 6 3 1 2 7 1 2 7 1 2 7 0 2 7 1 2 7 1 2 7 1 2 7 5 31 3 1 2 7 0 2 7 0 2 7 0 2 7 0 2 7 0 2 7 0 2 7 0 2 7 0 2 7 0 2 7 1 2 7 0 2 7 0 2 7 1 2 7 0 2 7 5 31 3 0 2 7 0 2 7 17 18 2 17 18 2 17 18 2 17 18 2 0 2 4 1 2 7 0 40.0670827627182007
0 2 7 16 6 2 0 2 7 0 2 7 1 2 7 5 31 3 1 2 7 0 2 7 13 6 3 0 2 7 1 2 7 0 2 7 0 2 7 1 2 7 1 2 7 0 2 7 5 31 3 5 31 3 0 2 7 0 2 7 1 2 11 0 2 7 1 2 7 1 2 7 0 2 7 0 2 7 0 2 7 0 2 7 0 2 7 1 2 7 1 2 7 0 2 7 1 2 7 1 2 7 17 9 2 17 9 2 0 2 4 1 2 7 17 9 2 17 9 2 0 40.0670827627182007
0 2 7 16 6 2 1 2 7 0 2 7 1 2 7 5 31 3 1 2 7 13 6 3 1 2 7 0 2 7 1 2 7 0 2 7 1 2 11 1 2 7 1 2 4 5 31 3 1 2 7 0 2 7 0 2 7 0 2 7 0 2 7 0 2 7 0 2 7 0 2 7 0 2 7 0 2 7 1 2 7 0 2 7 0 2 7 1 2 7 0 2 7 5 31 3 0 2 7 0 2 7 17 9 2 17 9 2 17 9 2 17 18 2 1 2 7 1 2 7 0 40.0670827627182007
0 2 7 16 6 2 0 2 7 0 2 7 1 2 7 5 31 3 1 2 7 0 2 7 13 6 3 0 2 7 1 2 7 0 2 7 0 2 7 1 2 7 1 2 7 0 2 7 5 31 3 5 31 3 0 2 7 0 2 7 1 2 11 0 2 7 1 2 7 1 2 7 0 2 7 0 2 7 0 2 7 0 2 7 0 2 7 1 2 7 1 2 7 0 2 7 1 2 7 1 2 7 17 9 2 17 9 2 0 2 4 1 2 7 17 9 2 17 18 2 0 40.0670827627182007
0 2 7 16 6 2 1 2 7 0 2 7 1 2 7 5 31 3 1 2 11 13 6 3 1 2 7 1 2 7 1 2 7 0 2 7 1 2 7 1 2 7 1 2 7 5 31 3 0 2 7 0 2 7 0 2 7 0 2 7 0 2 7 0 2 7 0 2 7 0 2 7 0 2 7 0 2 7 1 2 7 0 2 7 0 2 7 1 2 7 0 2 7 5 31 3 0 2 7 0 2 7 17 18 2 17 18 2 17 18 2 17 9 2 1 2 7 1 2 4 0 40.0670827627182007
0 2 7 16 6 2 1 2 7 0 2 7 1 2 7 5 31 3 1 2 11 13 6 3 1 2 7 1 2 7 1 2 7 0 2 7 1 2 7 1 2 7 1 2 7 5 31 3 1 2 7 0 2 7 0 2 7 0 2 7 0 2 7 0 2 7 0 2 7 0 2 7 0 2 7 0 2 7 1 2 7 0 2 7 0 2 7 1 2 7 0 2 7 5 31 3 0 2 7 0 2 7 0 2 7 1 2 4 17 18 2 17 9 2 17 9 2 17 18 2 0 40.0670827627182007
0 2 7 16 6 2 1 2 7 0 2 7 1 2 7 5 31 3 1 2 11 13 6 3 1 2 7 1 2 7 1 2 7 0 2 7 1 2 7 1 2 7 1 2 7 5 31 3 1 2 7 0 2 7 0 2 7 0 2 7 0 2 7 0 2 7 0 2 7 0 2 7 0 2 7 0 2 7 1 2 7 0 2 7 0 2 7 1 2 7 0 2 7 5 31 3 0 2 7 0 2 7 17 18 2 17 18 2 17 9 2 0 2 4 1 2 7 17 18 2 0 40.0670827627182007
0 2 7 16 6 2 1 2 7 0 2 7 1 2 7 5 31 3 1 2 11 13 6 3 1 2 7 1 2 7 1 2 7 0 2 7 1 2 7 1 2 7 1 2 7 5 31 3 1 2 7 0 2 7 0 2 7 0 2 7 0 2 7 0 2 7 0 2 7 0 2 7 0 2 7 0 2 7 1 2 7 0 2 7 0 2 7 1 2 7 0 2 7 5 31 3 0 2 7 0 2 7 17 18 2 17 18 2 17 9 2 0 2 4 1 2 7 17 9 2 0 40.0670827627182007
0 2 7 16 6 2 1 2 7 0 2 7 1 2 7 5 31 3 1 2 11 13 6 3 1 2 7 1 2 7 1 2 7 0 2 7 1 2 7 1 2 7 1 2 7 5 31 3 1 2 7 0 2 7 0 2 7 0 2 7 0 2 7 0 2 7 0 2 7 0 2 7 0 2 7 0 2 7 1 2 7 0 2 7 0 2 7 1 2 7 0 2 7 5 31 3 0 2 7 0 2 7 17 18 2 17 18 2 17 18 2 17 18 2 0 2 7 1 2 4 0 40.0670827627182007
0 2 7 16 6 2 1 2 7 0 2 7 1 2 7 5 31 3 1 2 11 13 6 3 1 2 7 1 2 7 1 2 7 0 2 7 1 2 7 1 2 7 1 2 7 5 31 3 1 2 7 0 2 7 0 2 7 0 2 7 0 2 7 0 2 7 0 2 7 0 2 7 0 2 7 0 2 7 1 2 7 0 2 7 0 2 7 1 2 7 0 2 7 5 31 3 0 2 7 0 2 7 0 2 7 1 2 4 17 9 2 17 9 2 17 9 2 17 9 2 0 40.0670827627182007
0 2 7 16 6 2 1 2 7 0 2 7 1 2 7 5 31 3 1 2 11 13 6 3 1 2 7 1 2 7 1 2 7 0 2 7 1 2 7 1 2 7 1 2 7 5 31 3 1 2 7 0 2 7 0 2 7 0 2 7 0 2 7 0 2 7 0 2 7 0 2 7 0 2 7 0 2 7 1 2 7 0 2 7 0 2 7 1 2 7 0 2 7 5 31 3 0 2 7 0 2 7 17 18 2 17 18 2 17 18 2 17 18 2 1 2 7 0 2 4 0 40.0670827627182007
0 2 7 16 6 2 0 2 7 0 2 7 1 2 7 5 31 3 1 2 7 0 2 7 13 6 3 0 2 7 1 2 7 0 2 7 0 2 7 1 2 7 1 2 4 0 2 7 5 31 3 5 31 3 0 2 7 0 2 7 1 2 11 0 2 7 1 2 7 1 2 7 0 2 7 0 2 7 0 2 7 0 2 7 0 2 7 1 2 7 1 2 7 0 2 7 1 2 7 1 2 7 17 9 2 17 9 2 17 9 2 17 9 2 0 2 7 1 2 7 0 40.0670827627182007
0 2 7 16 6 2 0 2 7 0 2 7 1 2 7 5 31 3 1 2 7 0 2 7 13 6 3 0 2 7 1 2 7 0 2 7 0 2 7 1 2 7 1 2 7 0 2 7 5 31 3 5 31 3 0 2 7 0 2 7 1 2 11 0 2 7 1 2 7 1 2 7 0 2 7 0 2 7 0 2 7 0 2 7 0 2 7 1 2 7 1 2 7 0 2 7 1 2 7 1 2 7 17 18 2 17 18 2 17 18 2 0 2 7 1 2 4 17 9 2 0 40.0670827627182007
0 2 7 16 6 2 1 2 7 0 2 7 1 2 7 5 31 3 1 2 11 13 6 3 1 2 7 1 2 7 1 2 7 0 2 7 1 2 7 1 2 7 1 2 7 5 31 3 1 2 7 0 2 7 0 2 7 0 2 7 0 2 7 0 2 7 0 2 7 0 2 7 0 2 7 0 2 7 1 2 7 0 2 7 0 2 7 1 2 7 0 2 7 5 31 3 0 2 7 0 2 7 17 18 2 17 18 2 0 2 7 1 2 4 17 9 2 17 9 2 0 40.0670827627182007
0 2 7 16 6 2 1 2 7 0 2 7 1 2 7 5 31 3 1 2 11 13 6 3 1 2 7 1 2 7 1 2 7 0 2 7 1 2 7 1 2 7 1 2 7 5 31 3 1 2 7 0 2 7 0 2 7 0 2 7 0 2 7 0 2 7 0 2 7 0 2 7 0 2 7 0 2 7 1 2 7 0 2 7 0 2 7 1 2 7 0 2 7 5 31 3 0 2 7 0 2 7 17 18 2 17 18 2 17 9 2 17 9 2 0 2 4 1 2 7 0 40.0670827627182007
0 2 7 16 6 2 0 2 7 0 2 7 1 2 7 5 31 3 1 2 7 0 2 7 13 6 3 0 2 7 1 2 7 0 2 7 0 2 7 1 2 7 1 2 7 0 2 7 5 31 3 5 31 3 0 2 7 0 2 7 1 2 11 0 2 7 1 2 7 1 2 7 0 2 7 0 2 7 0 2 7 0 2 7 0 2 7 1 2 7 1 2 7 0 2 7 1 2 7 1 2 7 0 2 4 1 2 7 17 9 2 17 18 2 17 9 2 17 9 2 0 40.0670827627182007
0 2 7 16 6 2 0 2 7 0 2 7 1 2 7 5 31 3 1 2 7 0 2 7 13 6 3 0 2 7 1 2 7 0 2 7 0 2 7 1 2 7 1 2 7 0 2 7 5 31 3 5 31 3 0 2 7 0 2 7 1 2 11 0 2 7 1 2 7 1 2 7 0 2 7 0 2 7 0 2 7 0 2 7 0 2 7 1 2 7 1 2 7 0 2 7 1 2 7 1 2 7 0 2 4 1 2 7 17 18 2 17 9 2 17 18 2 17 18 2 0 40.0670827627182007
0 2 7 16 6 2 1 2 7 0 2 7 1 2 7 5 31 3 1 2 11 13 6 3 1 2 7 1 2 7 1 2 7 0 2 7 1 2 7 1 2 7 1 2 7 5 31 3 1 2 7 0 2 7 0 2 7 0 2 7 0 2 7 0 2 7 0 2 7 0 2 7 0 2 7 0 2 7 1 2 7 0 2 7 0 2 7 1 2 7 0 2 7 5 31 3 0 2 7 0 2 7 17 18 2 17 9 2 0 2 7 1 2 4 17 9 2 17 9 2 0 40.0670827627182007
0 2 7 16 6 2 0 2 7 0 2 7 1 2 7 5 31 3 1 2 7 0 2 7 13 6 3 0 2 7 1 2 7 0 2 7 0 2 7 1 2 7 1 2 7 0 2 7 5 31 3 5 31 3 0 2 7 0 2 7 1 2 11 0 2 7 1 2 7 1 2 7 0 2 7 0 2 7 0 2 7 0 2 7 0 2 7 1 2 7 1 2 7 0 2 7 1 2 7 1 2 7 17 18 2 17 18 2 17 18 2 0 2 4 1 2 7 17 18 2 0 40.0670827627182007
0 2 7 16 6 2 1 2 7 0 2 7 1 2 7 5 31 3 0 2 7 13 6 3 1 2 7 1 2 7 1 2 7 1 2 7 1 2 7 1 2 11 5 31 3 1 2 4 0 2 7 0 2 7 0 2 7 0 2 7 0 2 7 0 2 7 0 2 7 0 2 7 0 2 7 1 2 7 0 2 7 0 2 7 1 2 7 0 2 7 5 31 3 0 2 7 0 2 7 17 18 2 1 2 7 17 18 2 17 18 2 17 18 2 0 2 7 1 2 7 0 40.0670827627182007
0 2 7 16 6 2 0 2 7 0 2 7 1 2 7 5 31 3 1 2 7 0 2 7 13 6 3 0 2 7 1 2 7 0 2 7 0 2 7 1 2 7 1 2 7 0 2 7 5 31 3 5 31 3 0 2 7 0 2 7 1 2 11 0 2 7 1 2 7 1 2 7 0 2 7 0 2 7 0 2 7 0 2 7 0 2 7 1 2 7 1 2 7 0 2 7 1 2 7 1 2 7 17 9 2 17 9 2 17 9 2 17 9 2 0 2 4 1 2 7 0 40.0670827627182007
0 2 7 16 6 2 1 2 7 0 2 7 1 2 7 5 31 3 0 2 7 13 6 3 1 2 7 1 2 7 1 2 7 1 2 7 1 2 7 1 2 11 5 31 3 1 2 4 0 2 7 0 2 7 0 2 7 0 2 7 0 2 7 0 2 7 0 2 7 0 2 7 0 2 7 1 2 7 0 2 7 0 2 7 1 2 7 0 2 7 5 31 3 0 2 7 0 2 7 17 18 2 1 2 7 17 18 2 17 18 2 17 18 2 0 2 7 1 2 7 0 40.0670827627182007
0 2 7 16 6 2 0 2 7 0 2 7 1 2 7 5 31 3 1 2 11 0 2 4 13 6 3 0 2 7 1 2 7 0 2 7 0 2 7 1 2 7 1 2 7 0 2 7 5 31 3 5 31 3 0 2 7 0 2 7 1 2 7 0 2 7 1 2 7 0 2 7 0 2 7 0 2 7 0 2 7 0 2 7 0 2 7 1 2 7 1 2 7 0 2 7 1 2 7 1 2 7 17 9 2 17 9 2 17 9 2 1 2 7 1 2 7 17 9 2 0 40.0670827627182007
0 2 7 16 6 2 1 2 7 0 2 7 1 2 7 5 31 3 0 2 7 13 6 3 1 2 7 1 2 7 1 2 7 1 2 7 1 2 7 1 2 11 5 31 3 0 2 7 0 2 7 0 2 7 0 2 7 0 2 7 0 2 7 0 2 7 0 2 7 0 2 7 1 2 7 0 2 7 0 2 7 1 2 7 0 2 7 5 31 3 0 2 7 0 2 7 17 18 2 1 2 7 17 18 2 17 18 2 1 2 7 1 2 7 17 18 2 0 2 4 0 40.0670827627182007
0 2 7 16 6 2 0 2 7 0 2 7 1 2 7 5 31 3 1 2 7 0 2 7 13 6 3 0 2 7 1 2 7 0 2 7 0 2 7 1 2 7 1 2 7 0 2 7 5 31 3 5 31 3 0 2 7 0 2 7 1 2 11 0 2 7 1 2 7 1 2 7 0 2 7 0 2 7 0 2 7 0 2 7 0 2 7 1 2 7 1 2 7 0 2 7 1 2 7 1 2 7 17 18 2 17 9 2 0 2 4 1 2 7 17 9 2 17 9 2 0 40.0670827627182007
0 2 7 16 6 2 1 2 7 0 2 7 1 2 7 5 31 3 0 2 7 13 6 3 1 2 7 1 2 7 1 2 7 1 2 7 1 2 7 1 2 11 5 31 3 0 2 7 0 2 7 0 2 7 0 2 7 0 2 7 0 2 7 0 2 7 0 2 7 0 2 7 1 2 7 0 2 7 0 2 7 1 2 7 0 2 7 5 31 3 0 2 7 0 2 7 17 18 2 1 2 7 17 18 2 17 18 2 1 2 7 1 2 4 17 9 2 0 2 7 0 40.0670827627182007
0 2 7 16 6 2 0 2 7 0 2 7 1 2 7 5 31 3 1 2 7 0 2 7 13 6 3 0 2 7 1 2 7 0 2 7 0 2 7 1 2 7 1 2 7 0 2 7 5 31 3 5 31 3 0 2 7 0 2 7 1 2 11 0 2 7 1 2 7 1 2 7 0 2 7 0 2 7 0 2 7 0 2 7 0 2 7 1 2 7 1 2 7 0 2 7 1 2 7 1 2 7 17 9 2 1 2 4 0 2 7 17 18 2 17 18 2 17 9 2 0 40.0670827627182007
0 2 7 16 6 2 0 2 7 0 2 7 1 2 7 5 31 3 1 2 7 0 2 7 13 6 3 0 2 7 1 2 7 0 2 7 0 2 7 1 2 7 1 2 7 0 2 7 5 31 3 5 31 3 0 2 7 0 2 7 1 2 11 0 2 7 1 2 7 1 2 4 0 2 7 0 2 7 0 2 7 0 2 7 0 2 7 1 2 7 1 2 7 0 2 7 1 2 7 1 2 7 17 9 2 17 9 2 17 18 2 0 2 7 1 2 7 17 9 2 0 40.0670827627182007
0 2 7 16 6 2 0 2 7 0 2 7 1 2 7 5 31 3 1 2 7 0 2 7 13 6 3 0 2 7 1 2 7 0 2 7 0 2 7 1 2 7 1 2 7 0 2 7 5 31 3 5 31 3 0 2 7 0 2 7 1 2 11 0 2 7 1 2 7 1 2 7 0 2 7 0 2 7 0 2 7 0 2 7 0 2 7 1 2 7 1 2 7 0 2 7 1 2 7 1 2 7 0 2 4 1 2 7 17 9 2 17 9 2 17 18 2 17 18 2 0 40.0670827627182007
0 2 7 16 6 2 0 2 7 1 2 7 1 2 7 5 31 3 1 2 7 0 2 7 13 6 3 0 2 7 1 2 7 0 2 7 0 2 7 1 2 11 1 2 7 0 2 7 5 31 3 5 31 3 0 2 7 0 2 7 1 2 7 0 2 7 1 2 7 1 2 7 0 2 7 0 2 7 0 2 7 0 2 7 0 2 7 1 2 7 1 2 7 0 2 7 1 2 7 1 2 7 17 18 2 17 9 2 17 18 2 17 18 2 0 2 4 0 2 7 0 40.0670827627182007
0 2 7 16 6 2 0 2 7 0 2 7 1 2 7 5 31 3 1 2 7 0 2 7 13 6 3 0 2 7 1 2 7 0 2 7 0 2 7 1 2 7 1 2 7 0 2 7 5 31 3 5 31 3 0 2 7 0 2 7 1 2 11 0 2 7 1 2 7 1 2 7 0 2 7 0 2 7 0 2 7 0 2 7 0 2 7 1 2 7 1 2 7 0 2 7 1 2 7 1 2 7 0 2 7 1 2 4 17 9 2 17 9 2 17 9 2 17 9 2 0 40.0670827627182007
MonoObjective Genetic Algorithm
Number of Evaluations = 0
Mutation Probability = 0
Crossover Probability = 1
Population Size = 10
Survival Selection Type = 15
Time =  9008.2195770740509
0 2 7 16 6 2 1 2 7 0 2 7 1 2 7 5 31 3 0 2 7 13 6 3 1 2 7 1 2 7 1 2 7 1 2 7 1 2 7 1 2 11 5 31 3 1 2 4 0 2 7 0 2 7 0 2 7 0 2 7 0 2 7 0 2 7 0 2 7 0 2 7 0 2 7 1 2 7 0 2 7 0 2 7 1 2 7 0 2 7 5 31 3 0 2 7 0 2 7 17 18 2 1 2 7 17 18 2 17 18 2 17 18 2 0 2 7 1 2 7 0 40.0670827627182007
0 2 7 16 6 2 0 2 7 0 2 7 1 2 7 5 31 3 1 2 11 0 2 4 13 6 3 0 2 7 1 2 7 0 2 7 0 2 7 1 2 7 1 2 7 0 2 7 5 31 3 5 31 3 0 2 7 0 2 7 1 2 7 0 2 7 1 2 7 0 2 7 0 2 7 0 2 7 0 2 7 0 2 7 0 2 7 1 2 7 1 2 7 0 2 7 1 2 7 1 2 7 17 9 2 17 9 2 17 9 2 1 2 7 1 2 7 17 9 2 0 40.0670827627182007
0 2 7 16 6 2 1 2 7 0 2 7 1 2 7 5 31 3 0 2 7 13 6 3 1 2 7 1 2 7 1 2 7 1 2 7 1 2 7 1 2 11 5 31 3 0 2 7 0 2 7 0 2 7 0 2 7 0 2 7 0 2 7 0 2 7 0 2 7 0 2 7 1 2 7 0 2 7 0 2 7 1 2 7 0 2 7 5 31 3 0 2 7 0 2 7 17 18 2 1 2 7 17 18 2 17 18 2 1 2 7 1 2 7 17 18 2 0 2 4 0 40.0670827627182007
0 2 7 16 6 2 0 2 7 0 2 7 1 2 7 5 31 3 1 2 7 0 2 7 13 6 3 0 2 7 1 2 7 0 2 7 0 2 7 1 2 7 1 2 7 0 2 7 5 31 3 5 31 3 0 2 7 0 2 7 1 2 11 0 2 7 1 2 7 1 2 7 0 2 7 0 2 7 0 2 7 0 2 7 0 2 7 1 2 7 1 2 7 0 2 7 1 2 7 1 2 7 17 18 2 17 9 2 0 2 4 1 2 7 17 9 2 17 9 2 0 40.0670827627182007
0 2 7 16 6 2 1 2 7 0 2 7 1 2 7 5 31 3 0 2 7 13 6 3 1 2 7 1 2 7 1 2 7 1 2 7 1 2 7 1 2 11 5 31 3 0 2 7 0 2 7 0 2 7 0 2 7 0 2 7 0 2 7 0 2 7 0 2 7 0 2 7 1 2 7 0 2 7 0 2 7 1 2 7 0 2 7 5 31 3 0 2 7 0 2 7 17 18 2 1 2 7 17 18 2 17 18 2 1 2 7 1 2 4 17 9 2 0 2 7 0 40.0670827627182007
0 2 7 16 6 2 0 2 7 0 2 7 1 2 7 5 31 3 1 2 7 0 2 7 13 6 3 0 2 7 1 2 7 0 2 7 0 2 7 1 2 7 1 2 7 0 2 7 5 31 3 5 31 3 0 2 7 0 2 7 1 2 11 0 2 7 1 2 7 1 2 7 0 2 7 0 2 7 0 2 7 0 2 7 0 2 7 1 2 7 1 2 7 0 2 7 1 2 7 1 2 7 17 9 2 1 2 4 0 2 7 17 18 2 17 18 2 17 9 2 0 40.0670827627182007
0 2 7 16 6 2 0 2 7 0 2 7 1 2 7 5 31 3 1 2 7 0 2 7 13 6 3 0 2 7 1 2 7 0 2 7 0 2 7 1 2 7 1 2 7 0 2 7 5 31 3 5 31 3 0 2 7 0 2 7 1 2 11 0 2 7 1 2 7 1 2 4 0 2 7 0 2 7 0 2 7 0 2 7 0 2 7 1 2 7 1 2 7 0 2 7 1 2 7 1 2 7 17 9 2 17 9 2 17 18 2 0 2 7 1 2 7 17 9 2 0 40.0670827627182007
0 2 7 16 6 2 0 2 7 0 2 7 1 2 7 5 31 3 1 2 7 0 2 7 13 6 3 0 2 7 1 2 7 0 2 7 0 2 7 1 2 7 1 2 7 0 2 7 5 31 3 5 31 3 0 2 7 0 2 7 1 2 11 0 2 7 1 2 7 1 2 7 0 2 7 0 2 7 0 2 7 0 2 7 0 2 7 1 2 7 1 2 7 0 2 7 1 2 7 1 2 7 0 2 4 1 2 7 17 9 2 17 9 2 17 18 2 17 18 2 0 40.0670827627182007
0 2 7 16 6 2 0 2 7 1 2 7 1 2 7 5 31 3 1 2 7 0 2 7 13 6 3 0 2 7 1 2 7 0 2 7 0 2 7 1 2 11 1 2 7 0 2 7 5 31 3 5 31 3 0 2 7 0 2 7 1 2 7 0 2 7 1 2 7 1 2 7 0 2 7 0 2 7 0 2 7 0 2 7 0 2 7 1 2 7 1 2 7 0 2 7 1 2 7 1 2 7 17 18 2 17 9 2 17 18 2 17 18 2 0 2 4 0 2 7 0 40.0670827627182007
0 2 7 16 6 2 0 2 7 0 2 7 1 2 7 5 31 3 1 2 7 0 2 7 13 6 3 0 2 7 1 2 7 0 2 7 0 2 7 1 2 7 1 2 7 0 2 7 5 31 3 5 31 3 0 2 7 0 2 7 1 2 11 0 2 7 1 2 7 1 2 7 0 2 7 0 2 7 0 2 7 0 2 7 0 2 7 1 2 7 1 2 7 0 2 7 1 2 7 1 2 7 0 2 7 1 2 4 17 9 2 17 9 2 17 9 2 17 9 2 0 40.0670827627182007
