0 2 7 0 2 4 12 16 2 13 6 3 6 2 7 0 2 7 1 2 7 5 30 3 17 18 2 5 31 3 0 2 7 0 2 7 0 2 7 1 2 7 0 2 4 1 2 7 1 2 7 12 16 2 0 2 7 17 18 2 1 2 3 17 9 2 1 2 7 0 2 7 12 16 2 0 2 7 0 2 3 0 2 7 5 30 3 1 2 7 1 2 3 0 2 7 17 9 2 1 2 7 1 2 7 0 2 7 13 6 3 0 2 4 1 2 7 0 2 4 0 40.4413166642189026
0 2 7 0 2 7 16 6 2 1 2 7 1 2 7 1 2 3 5 30 3 17 18 2 5 30 3 1 2 7 0 2 7 0 2 3 0 2 4 0 2 7 0 2 3 0 2 7 12 16 2 12 16 2 0 2 3 0 2 3 1 2 7 16 6 2 1 2 7 0 2 7 0 2 7 0 2 7 5 30 3 8 9 2 0 2 3 0 2 7 5 31 3 0 2 3 0 2 7 1 2 7 16 6 2 0 2 7 0 2 3 1 2 3 8 9 2 1 2 7 0 41.5990396738052368
0 2 7 0 2 7 12 16 2 13 6 3 1 2 7 0 2 7 1 2 7 5 30 3 17 18 2 5 31 3 1 2 7 0 2 7 0 2 7 1 2 7 0 2 7 0 2 4 0 2 7 12 16 2 12 16 2 0 2 7 0 2 7 8 18 2 1 2 4 16 6 2 17 9 2 1 2 7 0 2 3 1 2 7 0 2 7 12 16 2 1 2 7 0 2 7 1 2 3 16 31 2 1 2 7 0 2 7 0 2 7 5 30 3 0 2 7 0 2 7 0 40.7666895389556885
0 2 7 6 2 7 12 16 2 5 31 3 1 2 7 0 2 7 0 2 3 0 2 7 5 30 3 1 2 7 5 30 3 1 2 7 17 18 2 1 2 4 12 16 2 12 16 2 12 16 2 1 2 7 0 2 4 0 2 7 16 6 2 0 2 7 0 2 7 0 2 4 0 2 7 13 6 3 12 16 2 1 2 7 0 2 7 17 9 2 0 2 7 16 31 2 1 2 7 0 2 3 0 2 7 1 2 7 0 2 7 0 2 3 13 6 3 12 16 2 0 40.7736864686012268
0 2 3 0 2 7 12 16 2 5 31 3 1 2 7 1 2 7 0 2 7 0 2 7 5 30 3 0 2 7 5 31 3 0 2 7 6 2 3 0 2 3 0 2 7 1 2 7 12 16 2 12 16 2 12 16 2 1 2 7 0 2 7 17 18 2 0 2 4 16 6 2 0 2 4 0 2 4 0 2 7 0 2 7 13 6 3 12 16 2 1 2 7 1 2 7 13 6 3 17 9 2 0 2 7 16 30 2 12 16 2 1 2 7 1 2 7 0 2 7 0 40.7736865282058716
0 2 4 0 2 7 12 16 2 1 2 7 12 16 2 12 16 2 0 2 4 0 2 4 1 2 7 0 2 7 1 2 4 0 2 7 8 9 2 0 2 7 0 2 7 1 2 7 17 9 2 1 2 4 0 2 7 0 2 7 13 6 3 17 18 2 12 16 2 13 6 3 1 2 7 0 2 4 0 2 7 5 30 3 12 16 2 5 30 3 12 16 2 0 2 7 0 2 7 0 2 7 1 2 7 17 18 2 0 2 7 1 2 4 5 31 3 16 6 2 0 40.6800874471664429
0 2 7 1 2 7 12 16 2 5 31 3 1 2 7 0 2 3 0 2 7 5 30 3 1 2 7 0 2 7 17 18 2 1 2 4 12 16 2 12 16 2 12 16 2 1 2 7 1 2 4 0 2 7 16 6 2 0 2 7 0 2 7 0 2 7 0 2 7 13 6 3 12 16 2 0 2 3 0 2 7 16 30 2 0 2 7 1 2 7 12 16 2 0 2 7 5 31 3 1 2 7 17 9 2 6 2 4 0 2 7 0 2 7 0 2 3 13 6 3 0 40.7736865878105164
1 2 7 0 2 7 12 16 2 1 2 7 12 16 2 12 16 2 5 30 3 1 2 7 1 2 4 0 2 7 1 2 7 0 2 11 0 2 4 17 9 2 0 2 7 1 2 4 0 2 7 0 2 4 0 2 7 0 2 7 0 2 7 1 2 7 13 6 3 17 18 2 17 18 2 12 16 2 17 18 2 1 2 4 13 6 3 0 2 7 1 2 7 0 2 7 0 2 4 5 31 3 12 16 2 8 18 2 5 30 3 0 2 7 0 2 4 1 2 7 0 40.694576621055603
0 2 7 0 2 7 12 16 2 6 2 7 5 31 3 6 2 7 0 2 4 0 2 7 0 2 7 0 2 7 5 30 3 0 2 7 5 31 3 1 2 7 0 2 7 1 2 7 0 2 4 1 2 7 12 16 2 12 16 2 12 16 2 1 2 4 0 2 7 17 18 2 0 2 7 16 6 2 5 31 3 0 2 7 0 2 7 0 2 7 0 2 7 0 2 7 13 6 3 16 31 2 12 16 2 12 16 2 1 2 7 16 6 2 6 2 7 0 2 7 0 41.0464255213737488
1 2 7 0 2 7 12 16 2 8 18 2 12 16 2 12 16 2 12 16 2 5 30 3 5 30 3 0 2 7 1 2 7 8 18 2 0 2 7 1 2 7 1 2 4 0 2 7 0 2 7 17 9 2 0 2 7 1 2 7 1 2 7 0 2 7 0 2 7 0 2 7 5 30 3 0 2 7 0 2 7 16 15 2 13 6 3 17 18 2 1 2 4 0 2 7 0 2 7 17 9 2 0 2 7 8 18 2 0 2 7 0 2 7 1 2 3 1 2 4 0 41.005097508430481
0 2 7 1 2 7 12 16 2 13 6 3 0 2 4 0 2 7 5 30 3 17 18 2 12 16 2 13 6 3 0 2 7 0 2 7 1 2 7 0 2 7 1 2 7 1 2 7 12 16 2 0 2 7 17 18 2 17 9 2 1 2 11 0 2 7 1 2 7 0 2 4 1 2 7 13 6 3 1 2 7 0 2 7 0 2 7 0 2 7 0 2 4 0 2 7 12 16 2 6 2 7 5 31 3 1 2 4 1 2 7 12 16 2 17 9 2 12 16 2 0 40.2020284533500671
1 2 7 0 2 7 12 16 2 13 6 3 1 2 7 0 2 7 5 30 3 17 18 2 5 31 3 0 2 7 0 2 7 0 2 7 1 2 7 0 2 7 6 2 7 12 16 2 0 2 7 17 18 2 17 9 2 1 2 7 0 2 7 1 2 4 0 2 7 0 2 7 13 6 3 1 2 7 0 2 7 1 2 7 0 2 4 0 2 7 0 2 7 0 2 7 12 16 2 17 9 2 1 2 7 1 2 7 1 2 7 1 2 7 0 2 7 5 31 3 0 40.2815956473350525
1 2 7 0 2 7 12 16 2 13 6 3 0 2 4 0 2 7 5 30 3 17 18 2 5 31 3 0 2 7 0 2 4 0 2 7 0 2 7 0 2 7 12 16 2 0 2 7 17 18 2 17 9 2 1 2 7 0 2 7 6 2 7 0 2 7 0 2 7 0 2 7 13 6 3 1 2 7 0 2 7 0 2 7 17 9 2 12 16 2 1 2 7 5 31 3 1 2 7 1 2 7 1 2 7 1 2 7 1 2 7 1 2 7 1 2 7 0 2 7 0 40.2815956473350525
1 2 7 0 2 7 12 16 2 13 6 3 1 2 7 0 2 7 5 30 3 17 18 2 5 31 3 0 2 7 0 2 7 0 2 7 6 2 7 1 2 7 0 2 7 1 2 7 12 16 2 0 2 7 17 18 2 17 9 2 1 2 7 0 2 7 1 2 7 0 2 7 0 2 7 13 6 3 1 2 7 0 2 7 1 2 4 0 2 7 1 2 7 17 9 2 0 2 7 1 2 7 0 2 7 0 2 7 0 2 7 1 2 4 12 16 2 5 31 3 0 40.2815956473350525
0 2 7 0 2 7 12 16 2 13 6 3 0 2 7 0 2 7 5 30 3 17 18 2 5 31 3 0 2 7 0 2 7 0 2 7 1 2 7 0 2 7 0 2 7 1 2 7 5 30 3 0 2 7 17 18 2 17 9 2 0 2 7 0 2 4 12 16 2 1 2 7 1 2 7 5 30 3 0 2 7 1 2 7 13 6 3 1 2 7 0 2 7 0 2 4 1 2 7 0 2 4 1 2 7 1 2 7 17 9 2 0 2 7 1 2 7 0 2 7 0 40.3689725399017334
1 2 7 0 2 7 12 16 2 13 6 3 0 2 7 0 2 7 5 30 3 17 18 2 5 31 3 0 2 7 0 2 7 0 2 7 1 2 7 0 2 7 0 2 7 1 2 7 12 16 2 0 2 7 17 18 2 17 9 2 1 2 7 0 2 7 1 2 7 0 2 7 0 2 4 0 2 7 13 6 3 1 2 7 0 2 7 1 2 4 0 2 7 1 2 7 1 2 7 17 9 2 0 2 4 1 2 7 5 30 3 0 2 7 5 30 3 0 2 7 0 40.3689725399017334
0 2 7 0 2 7 12 16 2 13 6 3 0 2 7 0 2 7 5 30 3 17 18 2 5 31 3 0 2 7 0 2 7 0 2 7 1 2 7 0 2 7 0 2 7 1 2 7 12 16 2 0 2 7 17 18 2 17 9 2 1 2 3 0 2 7 12 16 2 1 2 7 0 2 4 5 30 3 0 2 4 1 2 7 13 6 3 1 2 7 0 2 7 0 2 4 1 2 4 0 2 7 1 2 7 1 2 4 17 9 2 1 2 7 1 2 7 0 2 3 0 40.4155756235122681
1 2 7 1 2 7 12 16 2 13 6 3 1 2 7 0 2 4 5 30 3 17 18 2 5 31 3 0 2 7 0 2 4 0 2 7 1 2 7 0 2 7 0 2 7 12 16 2 0 2 7 17 18 2 17 9 2 1 2 7 0 2 7 1 2 7 0 2 7 0 2 7 13 6 3 1 2 7 0 2 7 0 2 7 0 2 4 0 2 7 0 2 7 0 2 7 12 16 2 17 9 2 1 2 3 0 2 4 1 2 3 1 2 4 1 2 7 5 30 3 0 40.4155756235122681
0 2 7 12 16 2 12 16 2 1 2 7 0 2 7 0 2 7 0 2 7 0 2 7 6 2 3 17 9 2 1 2 7 0 2 7 13 6 3 17 18 2 13 6 3 1 2 7 0 2 7 5 30 3 0 2 7 5 31 3 0 2 7 0 2 7 1 2 7 12 16 2 0 2 4 1 2 7 0 2 7 0 2 7 17 18 2 1 2 7 0 2 7 0 2 7 16 6 2 1 2 7 0 2 7 5 31 3 1 2 7 1 2 7 12 16 2 1 2 7 0 40.4161545038223267
0 2 7 0 2 7 12 16 2 13 6 3 0 2 7 0 2 7 5 31 3 17 18 2 5 30 3 1 2 7 0 2 7 1 2 7 1 2 4 0 2 7 0 2 4 0 2 7 12 16 2 0 2 7 17 18 2 17 9 2 1 2 7 0 2 7 0 2 7 0 2 7 5 30 3 1 2 11 13 6 3 1 2 7 1 2 7 17 9 2 1 2 4 0 2 7 0 2 3 12 16 2 0 2 7 0 2 7 1 2 4 0 2 7 1 2 7 1 2 7 0 40.4351755380630493
0 2 7 1 2 4 12 16 2 13 6 3 1 2 7 0 2 7 5 30 3 17 18 2 12 16 2 13 6 3 0 2 7 0 2 7 0 2 7 0 2 7 1 2 7 1 2 7 0 2 7 17 18 2 17 9 2 0 2 7 1 2 7 1 2 7 13 6 3 1 2 7 0 2 7 12 16 2 5 31 3 17 9 2 1 2 7 1 2 7 12 16 2 0 2 7 0 2 7 12 16 2 0 2 7 0 2 7 0 2 7 0 2 7 1 2 7 1 2 7 0 40.0383374691009521
0 2 7 1 2 7 12 16 2 13 6 3 0 2 4 0 2 7 5 30 3 17 18 2 1 2 7 13 6 3 0 2 7 0 2 7 1 2 7 0 2 7 1 2 7 1 2 7 12 16 2 0 2 7 17 18 2 17 9 2 0 2 7 1 2 7 0 2 7 1 2 7 13 6 3 1 2 7 0 2 7 0 2 7 0 2 7 0 2 7 0 2 7 12 16 2 5 31 3 1 2 7 1 2 7 12 16 2 17 9 2 12 16 2 1 2 7 0 2 7 0 40.0383374691009521
0 2 7 0 2 7 12 16 2 13 6 3 0 2 7 0 2 7 5 30 3 17 18 2 12 16 2 13 6 3 0 2 7 1 2 7 0 2 3 0 2 7 1 2 7 12 16 2 0 2 7 17 18 2 17 9 2 0 2 7 1 2 7 1 2 7 13 6 3 1 2 7 0 2 7 0 2 7 0 2 7 12 16 2 5 31 3 17 9 2 1 2 7 1 2 7 0 2 7 1 2 7 1 2 7 1 2 7 1 2 4 0 2 7 0 2 4 12 16 2 0 40.1183375120162964
0 2 7 0 2 7 1 2 7 13 6 3 0 2 7 5 30 3 17 18 2 12 16 2 13 6 3 0 2 7 0 2 7 1 2 7 1 2 7 1 2 7 1 2 7 1 2 7 1 2 7 17 18 2 17 9 2 0 2 7 1 2 7 0 2 4 1 2 4 13 6 3 0 2 7 12 16 2 5 31 3 12 16 2 17 9 2 12 16 2 0 2 7 0 2 7 0 2 7 0 2 7 1 2 3 12 16 2 1 2 7 0 2 7 0 2 7 0 2 7 0 40.1183375120162964
0 2 7 1 2 7 12 16 2 13 6 3 1 2 7 0 2 7 5 30 3 17 18 2 12 16 2 13 6 3 0 2 7 0 2 7 0 2 7 0 2 7 1 2 7 1 2 7 0 2 7 17 18 2 17 9 2 1 2 7 1 2 7 1 2 4 13 6 3 1 2 7 0 2 7 12 16 2 5 31 3 17 9 2 1 2 7 1 2 4 12 16 2 0 2 7 0 2 7 12 16 2 1 2 7 0 2 7 0 2 7 0 2 7 0 2 7 0 2 3 0 40.1183375120162964
0 2 7 1 2 7 12 16 2 13 6 3 0 2 7 1 2 7 5 30 3 17 18 2 12 16 2 13 6 3 0 2 7 1 2 7 1 2 7 0 2 7 1 2 7 1 2 7 12 16 2 0 2 7 17 18 2 17 9 2 0 2 7 0 2 4 0 2 7 0 2 7 13 6 3 0 2 7 0 2 7 1 2 7 1 2 7 0 2 7 5 31 3 12 16 2 17 9 2 12 16 2 1 2 7 1 2 7 0 2 3 0 2 4 0 2 7 1 2 7 0 40.1183375120162964
0 2 7 1 2 7 12 16 2 13 6 3 0 2 7 0 2 7 5 30 3 17 18 2 12 16 2 13 6 3 0 2 7 0 2 7 1 2 7 0 2 7 1 2 7 1 2 7 12 16 2 1 2 7 17 18 2 17 9 2 0 2 7 1 2 4 0 2 7 1 2 7 13 6 3 1 2 7 0 2 7 0 2 7 0 2 7 0 2 4 0 2 7 12 16 2 5 31 3 1 2 4 1 2 7 12 16 2 17 9 2 12 16 2 0 2 4 1 2 7 0 40.1261354684829712
0 2 7 1 2 7 12 16 2 13 6 3 1 2 7 0 2 7 5 30 3 17 18 2 12 16 2 13 6 3 1 2 7 0 2 7 0 2 7 0 2 7 1 2 7 0 2 4 0 2 7 17 18 2 17 9 2 0 2 7 1 2 7 0 2 7 13 6 3 1 2 7 0 2 4 12 16 2 5 31 3 17 9 2 12 16 2 0 2 7 0 2 7 12 16 2 0 2 4 0 2 7 0 2 4 1 2 4 12 16 2 1 2 7 1 2 7 1 2 7 0 40.176687479019165
0 2 7 1 2 7 12 16 2 13 6 3 0 2 4 0 2 7 5 30 3 17 18 2 12 16 2 13 6 3 0 2 7 0 2 7 1 2 7 0 2 7 1 2 7 1 2 7 12 16 2 0 2 7 17 18 2 17 9 2 1 2 11 0 2 7 1 2 7 0 2 4 1 2 7 13 6 3 1 2 7 0 2 7 0 2 7 0 2 7 0 2 4 0 2 7 12 16 2 6 2 7 5 31 3 1 2 4 1 2 7 12 16 2 17 9 2 12 16 2 0 40.2020284533500671
0 2 7 0 2 7 12 16 2 13 6 3 0 2 7 0 2 7 5 30 3 17 18 2 12 16 2 13 6 3 0 2 7 0 2 7 0 2 7 0 2 7 1 2 7 12 16 2 0 2 7 17 18 2 17 9 2 0 2 7 1 2 4 1 2 7 13 6 3 1 2 7 0 2 7 0 2 7 0 2 7 12 16 2 5 31 3 6 2 4 1 2 4 17 9 2 1 2 11 1 2 7 12 16 2 1 2 7 0 2 4 12 16 2 1 2 7 1 2 7 0 40.2020284533500671
1 2 7 12 16 2 13 6 3 0 2 7 1 2 7 5 30 3 17 18 2 12 16 2 13 6 3 0 2 7 0 2 7 1 2 7 0 2 7 0 2 7 1 2 7 12 16 2 0 2 7 17 9 2 0 2 7 0 2 7 0 2 7 13 6 3 1 2 7 0 2 7 1 2 7 1 2 7 0 2 7 5 31 3 12 16 2 17 9 2 12 16 2 1 2 7 1 2 7 0 2 7 0 2 7 0 2 7 0 2 7 17 9 2 1 2 7 1 2 4 0 40.0383374691009521
0 2 7 12 16 2 13 6 3 1 2 7 0 2 7 5 30 3 17 18 2 12 16 2 13 6 3 0 2 7 0 2 7 0 2 7 1 2 7 0 2 7 17 9 2 1 2 7 1 2 7 13 6 3 1 2 7 0 2 7 12 16 2 5 31 3 1 2 7 12 16 2 0 2 7 0 2 7 12 16 2 1 2 7 0 2 7 0 2 7 0 2 7 0 2 7 0 2 7 1 2 7 1 2 7 1 2 7 17 9 2 0 2 4 17 18 2 1 2 7 0 40.0383374691009521
0 2 7 12 16 2 13 6 3 1 2 7 0 2 7 5 30 3 17 18 2 12 16 2 13 6 3 0 2 7 0 2 7 0 2 7 1 2 7 1 2 7 0 2 7 17 18 2 17 9 2 0 2 7 1 2 7 13 6 3 1 2 7 0 2 7 12 16 2 5 31 3 1 2 7 12 16 2 1 2 7 0 2 7 12 16 2 1 2 7 0 2 7 0 2 7 0 2 7 0 2 7 0 2 7 1 2 7 1 2 4 0 2 7 17 9 2 1 2 7 0 40.0383374691009521
0 2 7 0 2 7 1 2 7 13 6 3 0 2 7 5 30 3 17 18 2 12 16 2 13 6 3 0 2 7 0 2 7 1 2 7 1 2 7 1 2 7 1 2 7 1 2 7 1 2 7 17 9 2 0 2 7 1 2 7 0 2 4 13 6 3 0 2 7 12 16 2 5 31 3 12 16 2 17 18 2 12 16 2 0 2 7 0 2 7 0 2 7 0 2 7 12 16 2 1 2 7 0 2 7 0 2 7 0 2 7 17 18 2 1 2 7 1 2 7 0 40.0383374691009521
0 2 7 1 2 4 12 16 2 13 6 3 1 2 7 0 2 7 5 30 3 17 18 2 12 16 2 13 6 3 0 2 7 0 2 7 0 2 7 1 2 7 1 2 7 1 2 3 0 2 7 17 18 2 17 9 2 1 2 7 1 2 7 1 2 4 13 6 3 1 2 7 0 2 7 12 16 2 5 31 3 17 9 2 1 2 7 12 16 2 0 2 7 0 2 7 12 16 2 1 2 7 0 2 7 0 2 7 0 2 7 0 2 7 0 2 7 0 2 7 0 40.1183375120162964
0 2 7 12 16 2 13 6 3 1 2 7 0 2 7 5 30 3 17 18 2 12 16 2 13 6 3 0 2 7 0 2 7 0 2 7 1 2 4 1 2 7 0 2 7 17 18 2 17 9 2 1 2 7 1 2 7 13 6 3 1 2 7 0 2 7 12 16 2 5 31 3 1 2 7 12 16 2 0 2 7 0 2 7 12 16 2 1 2 7 0 2 7 0 2 7 0 2 7 0 2 7 0 2 7 1 2 7 1 2 7 17 18 2 1 2 7 0 2 7 0 40.0383374691009521
0 2 7 12 16 2 13 6 3 1 2 7 0 2 7 5 30 3 17 18 2 12 16 2 13 6 3 0 2 7 1 2 7 0 2 7 1 2 7 1 2 7 0 2 7 17 9 2 0 2 7 1 2 7 13 6 3 1 2 7 0 2 7 12 16 2 5 31 3 1 2 7 12 16 2 0 2 7 0 2 7 12 16 2 1 2 7 1 2 7 0 2 7 0 2 7 0 2 7 0 2 4 0 2 7 17 9 2 1 2 7 1 2 7 0 2 7 17 9 2 0 40.0383374691009521
0 2 7 1 2 7 12 16 2 13 6 3 1 2 7 0 2 7 5 30 3 17 18 2 12 16 2 13 6 3 0 2 7 0 2 7 0 2 7 0 2 7 1 2 7 1 2 7 0 2 7 17 18 2 17 9 2 1 2 7 1 2 7 1 2 4 13 6 3 1 2 7 0 2 7 12 16 2 5 31 3 17 9 2 1 2 7 1 2 4 12 16 2 0 2 7 0 2 7 12 16 2 1 2 7 0 2 7 0 2 7 0 2 7 0 2 7 0 2 3 0 40.1183375120162964
0 2 7 12 16 2 13 6 3 1 2 7 0 2 7 5 30 3 17 18 2 12 16 2 13 6 3 0 2 7 0 2 7 0 2 7 1 2 7 1 2 7 0 2 7 17 18 2 17 9 2 1 2 7 1 2 7 13 6 3 1 2 7 0 2 7 12 16 2 5 31 3 1 2 7 12 16 2 0 2 7 0 2 7 12 16 2 1 2 7 1 2 7 0 2 7 0 2 7 0 2 7 0 2 7 0 2 7 17 9 2 1 2 4 0 2 4 1 2 3 0 40.1183375120162964
1 2 7 12 16 2 13 6 3 0 2 7 1 2 7 5 30 3 17 18 2 12 16 2 13 6 3 0 2 7 0 2 7 1 2 7 0 2 7 1 2 7 1 2 7 12 16 2 0 2 7 17 18 2 17 9 2 0 2 7 0 2 7 0 2 7 13 6 3 1 2 7 0 2 7 1 2 7 1 2 7 0 2 7 5 31 3 12 16 2 17 9 2 12 16 2 1 2 7 1 2 7 0 2 4 0 2 7 0 2 7 0 2 7 0 2 3 1 2 4 0 40.1183375120162964
0 2 7 12 16 2 13 6 3 1 2 7 0 2 7 5 30 3 17 18 2 12 16 2 13 6 3 0 2 7 0 2 7 0 2 7 1 2 7 0 2 7 17 9 2 0 2 7 1 2 7 13 6 3 1 2 7 0 2 7 12 16 2 5 31 3 1 2 7 12 16 2 1 2 7 0 2 7 12 16 2 1 2 7 0 2 7 0 2 7 0 2 7 0 2 7 1 2 7 17 18 2 1 2 7 0 2 7 1 2 7 17 18 2 1 2 4 0 2 7 0 40.0383374691009521
0 2 7 12 16 2 13 6 3 1 2 7 0 2 7 5 30 3 17 18 2 12 16 2 13 6 3 0 2 7 0 2 7 0 2 7 1 2 7 1 2 7 0 2 7 17 9 2 1 2 7 1 2 7 13 6 3 1 2 7 0 2 7 12 16 2 5 31 3 1 2 7 12 16 2 0 2 7 0 2 7 12 16 2 1 2 7 1 2 7 0 2 7 0 2 7 0 2 4 0 2 7 0 2 7 17 9 2 1 2 7 1 2 7 0 2 7 17 18 2 0 40.0383374691009521
0 2 7 12 16 2 13 6 3 1 2 7 0 2 7 5 30 3 17 18 2 12 16 2 13 6 3 1 2 7 0 2 7 0 2 7 1 2 7 0 2 7 0 2 7 17 9 2 1 2 7 1 2 7 13 6 3 0 2 7 0 2 7 12 16 2 5 31 3 1 2 7 12 16 2 0 2 7 0 2 7 12 16 2 1 2 7 1 2 7 0 2 7 1 2 7 0 2 7 0 2 7 0 2 7 17 9 2 1 2 7 17 18 2 0 2 7 1 2 4 0 40.0383374691009521
0 2 7 12 16 2 13 6 3 1 2 7 0 2 7 5 30 3 17 18 2 12 16 2 13 6 3 0 2 7 1 2 7 0 2 7 1 2 7 1 2 7 0 2 7 17 9 2 1 2 7 13 6 3 1 2 7 0 2 7 12 16 2 5 31 3 1 2 7 12 16 2 0 2 7 0 2 7 12 16 2 1 2 4 1 2 7 0 2 7 0 2 7 0 2 7 0 2 7 0 2 7 0 2 4 1 2 7 17 18 2 0 2 3 1 2 7 17 18 2 0 40.1183375120162964
0 2 7 12 16 2 13 6 3 1 2 7 0 2 7 5 30 3 17 18 2 12 16 2 13 6 3 0 2 7 1 2 7 0 2 7 1 2 7 1 2 7 0 2 7 17 9 2 0 2 3 1 2 7 13 6 3 1 2 7 0 2 7 12 16 2 5 31 3 1 2 7 12 16 2 0 2 7 0 2 7 12 16 2 1 2 7 1 2 7 0 2 7 0 2 7 0 2 7 0 2 7 17 9 2 0 2 7 0 2 4 1 2 7 1 2 4 17 18 2 0 40.1183375120162964
0 2 7 0 2 7 1 2 7 13 6 3 1 2 7 5 30 3 17 18 2 12 16 2 13 6 3 0 2 7 0 2 7 1 2 7 1 2 7 1 2 7 1 2 7 1 2 7 1 2 7 17 9 2 0 2 7 1 2 7 13 6 3 0 2 7 12 16 2 5 31 3 12 16 2 12 16 2 0 2 7 0 2 7 0 2 7 0 2 4 12 16 2 1 2 7 0 2 3 0 2 4 0 2 7 17 9 2 0 2 7 1 2 7 0 2 7 17 9 2 0 40.1183375120162964
0 2 7 0 2 7 0 2 7 13 6 3 0 2 7 5 30 3 17 18 2 12 16 2 13 6 3 0 2 7 0 2 7 1 2 7 1 2 7 1 2 7 1 2 7 1 2 7 1 2 7 17 9 2 0 2 7 1 2 7 13 6 3 0 2 7 12 16 2 5 31 3 12 16 2 12 16 2 0 2 7 1 2 7 0 2 7 0 2 7 12 16 2 1 2 7 0 2 4 0 2 7 0 2 7 0 2 7 17 18 2 17 18 2 1 2 7 1 2 7 0 40.0383374691009521
0 2 7 12 16 2 13 6 3 1 2 7 0 2 7 5 30 3 17 18 2 12 16 2 13 6 3 0 2 7 0 2 7 0 2 7 1 2 7 1 2 7 0 2 7 17 9 2 1 2 7 1 2 7 13 6 3 1 2 7 0 2 7 12 16 2 5 31 3 1 2 7 12 16 2 0 2 7 0 2 7 12 16 2 1 2 7 1 2 7 0 2 7 0 2 7 0 2 7 0 2 7 0 2 7 17 9 2 1 2 7 1 2 7 0 2 4 17 9 2 0 40.0383374691009521
1 2 7 12 16 2 13 6 3 0 2 7 0 2 7 5 30 3 17 18 2 12 16 2 13 6 3 0 2 7 1 2 7 0 2 7 1 2 7 1 2 7 0 2 7 17 9 2 1 2 7 1 2 7 13 6 3 1 2 7 0 2 7 12 16 2 5 31 3 1 2 7 12 16 2 0 2 7 0 2 7 12 16 2 0 2 7 1 2 7 0 2 7 0 2 7 0 2 7 0 2 7 0 2 7 17 9 2 1 2 4 1 2 7 0 2 7 17 9 2 0 40.0383374691009521
0 2 7 1 2 7 12 16 2 13 6 3 1 2 7 0 2 7 5 30 3 17 18 2 12 16 2 13 6 3 0 2 7 0 2 7 0 2 7 0 2 7 1 2 7 1 2 7 0 2 7 17 18 2 17 9 2 1 2 7 1 2 7 1 2 4 13 6 3 1 2 7 0 2 7 12 16 2 5 31 3 17 9 2 1 2 7 1 2 4 12 16 2 0 2 7 0 2 7 12 16 2 1 2 7 0 2 7 0 2 7 0 2 7 0 2 7 0 2 3 0 40.1183375120162964
0 2 7 0 2 7 0 2 7 13 6 3 0 2 7 5 30 3 17 18 2 12 16 2 13 6 3 0 2 7 0 2 7 1 2 7 1 2 7 1 2 7 1 2 7 1 2 7 1 2 7 17 9 2 0 2 7 1 2 7 13 6 3 0 2 7 12 16 2 5 31 3 12 16 2 12 16 2 0 2 7 1 2 7 0 2 7 0 2 7 12 16 2 1 2 7 0 2 4 0 2 7 0 2 7 0 2 7 1 2 7 1 2 7 17 18 2 17 18 2 0 40.0383374691009521
1 2 7 12 16 2 13 6 3 0 2 7 0 2 7 5 30 3 17 18 2 12 16 2 13 6 3 0 2 7 1 2 7 0 2 7 1 2 7 1 2 7 0 2 7 17 9 2 0 2 7 0 2 7 13 6 3 1 2 7 0 2 7 12 16 2 5 31 3 1 2 7 12 16 2 0 2 7 0 2 7 12 16 2 0 2 7 1 2 7 1 2 7 0 2 7 0 2 7 0 2 7 1 2 7 0 2 7 17 18 2 1 2 7 1 2 4 17 9 2 0 40.0383374691009521
0 2 7 0 2 7 1 2 7 13 6 3 1 2 7 5 30 3 17 18 2 12 16 2 13 6 3 0 2 7 0 2 7 1 2 7 1 2 7 1 2 7 1 2 7 1 2 7 1 2 7 17 9 2 0 2 7 1 2 7 13 6 3 0 2 7 12 16 2 5 31 3 12 16 2 12 16 2 0 2 7 0 2 7 0 2 7 0 2 4 12 16 2 1 2 7 0 2 3 0 2 4 0 2 7 17 9 2 0 2 7 1 2 7 0 2 7 17 9 2 0 40.1183375120162964
1 2 7 12 16 2 13 6 3 0 2 7 5 30 3 17 18 2 12 16 2 13 6 3 0 2 7 1 2 4 0 2 7 1 2 7 1 2 7 0 2 7 17 9 2 1 2 7 1 2 7 13 6 3 1 2 7 0 2 7 12 16 2 5 31 3 1 2 7 12 16 2 0 2 7 0 2 7 12 16 2 0 2 7 1 2 7 0 2 7 0 2 7 0 2 7 0 2 7 17 9 2 0 2 7 0 2 7 0 2 7 1 2 7 1 2 7 17 9 2 0 40.0383374691009521
0 2 7 0 2 7 0 2 7 13 6 3 0 2 7 5 30 3 17 18 2 12 16 2 13 6 3 0 2 7 0 2 7 0 2 7 1 2 7 1 2 7 1 2 7 1 2 7 1 2 7 17 9 2 0 2 7 1 2 7 13 6 3 0 2 7 12 16 2 5 31 3 12 16 2 12 16 2 0 2 7 1 2 7 0 2 7 0 2 7 12 16 2 1 2 7 0 2 7 0 2 7 0 2 7 1 2 7 17 18 2 17 18 2 1 2 4 1 2 7 0 40.0383374691009521
1 2 7 12 16 2 13 6 3 1 2 7 0 2 7 5 30 3 17 18 2 12 16 2 13 6 3 0 2 7 1 2 7 0 2 7 0 2 7 0 2 7 0 2 7 17 9 2 1 2 7 1 2 7 13 6 3 1 2 7 0 2 7 12 16 2 5 31 3 1 2 7 12 16 2 0 2 7 0 2 7 12 16 2 1 2 7 1 2 7 0 2 7 1 2 7 0 2 7 0 2 7 1 2 7 0 2 7 17 18 2 17 9 2 0 2 7 0 2 4 0 40.0383374691009521
1 2 7 12 16 2 13 6 3 0 2 4 0 2 7 5 30 3 17 18 2 12 16 2 13 6 3 0 2 7 1 2 7 0 2 7 1 2 7 1 2 7 0 2 7 17 9 2 1 2 7 1 2 7 13 6 3 1 2 7 0 2 7 12 16 2 5 31 3 1 2 7 12 16 2 0 2 7 0 2 7 12 16 2 0 2 7 1 2 7 0 2 7 0 2 7 0 2 7 0 2 7 17 9 2 1 2 7 0 2 7 1 2 7 0 2 7 17 9 2 0 40.0383374691009521
0 2 7 12 16 2 13 6 3 1 2 7 1 2 7 5 30 3 17 18 2 12 16 2 13 6 3 1 2 7 1 2 7 0 2 7 1 2 7 0 2 7 0 2 7 17 9 2 1 2 7 13 6 3 1 2 7 0 2 7 12 16 2 5 31 3 1 2 7 12 16 2 0 2 7 0 2 7 12 16 2 1 2 7 0 2 7 0 2 4 0 2 7 0 2 7 0 2 7 0 2 7 1 2 7 17 18 2 0 2 7 17 9 2 0 2 3 1 2 4 0 40.1183375120162964
0 2 7 12 16 2 13 6 3 1 2 7 0 2 7 5 30 3 17 18 2 12 16 2 13 6 3 0 2 7 1 2 7 0 2 7 1 2 7 1 2 7 0 2 7 17 9 2 1 2 7 13 6 3 1 2 7 0 2 7 12 16 2 5 31 3 1 2 7 12 16 2 0 2 7 0 2 7 12 16 2 1 2 4 1 2 7 0 2 7 0 2 7 0 2 7 0 2 7 0 2 7 0 2 4 1 2 7 17 18 2 0 2 3 1 2 7 17 18 2 0 40.1183375120162964
0 2 7 12 16 2 13 6 3 1 2 7 1 2 7 5 30 3 17 18 2 12 16 2 13 6 3 1 2 7 1 2 7 0 2 7 1 2 7 0 2 7 0 2 7 17 9 2 1 2 7 13 6 3 1 2 7 0 2 7 12 16 2 5 31 3 1 2 7 12 16 2 0 2 7 0 2 7 12 16 2 1 2 7 0 2 7 0 2 7 0 2 7 0 2 7 0 2 7 17 18 2 0 2 7 17 9 2 0 2 3 1 2 4 0 2 7 1 2 4 0 40.1183375120162964
0 2 7 1 2 7 1 2 7 13 6 3 1 2 7 5 30 3 17 18 2 12 16 2 13 6 3 0 2 7 0 2 7 1 2 7 1 2 7 0 2 7 0 2 7 1 2 7 1 2 7 17 9 2 0 2 7 1 2 7 13 6 3 0 2 7 12 16 2 5 31 3 12 16 2 12 16 2 0 2 7 0 2 7 0 2 7 12 16 2 1 2 4 0 2 7 0 2 7 0 2 7 0 2 7 17 18 2 0 2 7 1 2 7 17 18 2 1 2 7 0 40.0383374691009521
0 2 7 1 2 7 1 2 7 13 6 3 1 2 7 5 30 3 17 18 2 12 16 2 13 6 3 0 2 7 0 2 7 1 2 7 1 2 7 1 2 7 0 2 7 1 2 7 1 2 7 17 9 2 0 2 7 1 2 7 13 6 3 0 2 7 12 16 2 5 31 3 12 16 2 12 16 2 0 2 7 0 2 7 0 2 7 12 16 2 1 2 7 0 2 7 0 2 7 0 2 7 0 2 7 17 18 2 0 2 7 17 9 2 0 2 7 1 2 4 0 40.0383374691009521
0 2 7 1 2 7 1 2 7 13 6 3 1 2 7 5 30 3 17 18 2 12 16 2 13 6 3 0 2 7 0 2 7 1 2 7 1 2 7 1 2 7 0 2 7 1 2 7 1 2 7 17 9 2 0 2 7 1 2 7 13 6 3 0 2 7 12 16 2 5 31 3 12 16 2 12 16 2 0 2 7 0 2 7 0 2 7 12 16 2 1 2 7 0 2 7 0 2 7 0 2 7 0 2 7 17 18 2 0 2 7 17 9 2 0 2 4 1 2 7 0 40.0383374691009521
0 2 7 12 16 2 13 6 3 1 2 7 0 2 7 5 30 3 17 18 2 12 16 2 13 6 3 0 2 7 1 2 7 0 2 7 1 2 7 1 2 7 0 2 7 17 9 2 1 2 7 13 6 3 1 2 7 0 2 7 12 16 2 5 31 3 1 2 7 12 16 2 0 2 7 0 2 7 12 16 2 1 2 4 1 2 7 0 2 7 0 2 7 0 2 7 0 2 7 0 2 7 1 2 7 1 2 7 0 2 7 17 9 2 17 9 2 0 2 7 0 40.0383374691009521
0 2 7 0 2 7 1 2 7 13 6 3 1 2 7 5 30 3 17 18 2 12 16 2 13 6 3 0 2 7 0 2 7 1 2 7 1 2 7 1 2 7 1 2 7 1 2 7 1 2 7 17 9 2 0 2 7 1 2 7 13 6 3 0 2 7 12 16 2 5 31 3 12 16 2 12 16 2 0 2 7 0 2 7 0 2 7 0 2 4 12 16 2 1 2 7 0 2 3 0 2 4 0 2 7 17 9 2 0 2 7 1 2 7 0 2 7 17 9 2 0 40.1183375120162964
0 2 7 0 2 7 0 2 7 13 6 3 1 2 7 5 30 3 17 18 2 12 16 2 13 6 3 0 2 4 0 2 7 0 2 7 1 2 7 0 2 7 0 2 7 1 2 7 1 2 7 17 9 2 1 2 7 1 2 7 13 6 3 0 2 7 12 16 2 5 31 3 12 16 2 12 16 2 1 2 7 1 2 7 12 16 2 1 2 7 0 2 7 0 2 7 0 2 7 1 2 7 17 9 2 0 2 7 0 2 7 17 9 2 0 2 7 1 2 7 0 40.0383374691009521
0 2 7 12 16 2 13 6 3 1 2 7 0 2 7 5 30 3 17 18 2 12 16 2 13 6 3 0 2 7 1 2 7 0 2 7 1 2 7 0 2 4 0 2 7 17 9 2 0 2 7 13 6 3 1 2 7 0 2 7 12 16 2 5 31 3 1 2 7 12 16 2 1 2 7 0 2 7 12 16 2 1 2 7 1 2 7 0 2 7 0 2 7 0 2 7 1 2 7 0 2 7 1 2 7 1 2 7 0 2 7 17 18 2 0 2 7 17 18 2 0 40.0383374691009521
0 2 7 12 16 2 13 6 3 1 2 7 0 2 7 5 30 3 17 18 2 12 16 2 13 6 3 0 2 7 1 2 7 0 2 7 1 2 7 1 2 7 0 2 7 17 9 2 1 2 7 13 6 3 1 2 7 0 2 7 12 16 2 5 31 3 1 2 7 12 16 2 0 2 7 0 2 7 12 16 2 1 2 4 1 2 7 0 2 7 0 2 7 0 2 7 0 2 7 0 2 7 0 2 4 1 2 7 17 18 2 0 2 3 1 2 7 17 18 2 0 40.1183375120162964
0 2 7 0 2 7 0 2 7 13 6 3 1 2 7 5 30 3 17 18 2 12 16 2 13 6 3 1 2 7 0 2 7 1 2 7 1 2 7 1 2 7 1 2 7 1 2 7 1 2 7 17 9 2 0 2 7 1 2 7 13 6 3 0 2 7 12 16 2 5 31 3 12 16 2 12 16 2 0 2 7 0 2 7 0 2 7 0 2 7 12 16 2 1 2 7 0 2 7 0 2 7 0 2 7 0 2 4 17 9 2 0 2 3 1 2 4 17 18 2 0 40.1183375120162964
0 2 7 12 16 2 13 6 3 1 2 7 1 2 7 5 30 3 17 18 2 12 16 2 13 6 3 1 2 7 1 2 7 0 2 7 1 2 7 0 2 7 0 2 7 17 9 2 1 2 7 13 6 3 1 2 7 0 2 7 12 16 2 5 31 3 1 2 7 12 16 2 0 2 7 0 2 7 12 16 2 1 2 7 0 2 7 0 2 7 0 2 7 0 2 7 0 2 7 17 18 2 0 2 7 1 2 4 0 2 7 17 9 2 0 2 3 1 2 4 0 40.1183375120162964
0 2 7 12 16 2 13 6 3 1 2 7 0 2 7 5 30 3 17 18 2 12 16 2 13 6 3 0 2 7 1 2 7 0 2 7 1 2 7 1 2 7 0 2 7 17 9 2 1 2 7 13 6 3 1 2 7 0 2 7 12 16 2 5 31 3 1 2 7 12 16 2 0 2 7 0 2 7 12 16 2 1 2 7 0 2 7 0 2 7 0 2 7 0 2 7 0 2 7 1 2 7 1 2 7 0 2 7 0 2 4 1 2 7 17 18 2 17 18 2 0 40.0383374691009521
0 2 7 12 16 2 13 6 3 1 2 7 0 2 7 5 30 3 17 18 2 12 16 2 13 6 3 0 2 7 0 2 7 0 2 7 1 2 7 1 2 7 0 2 7 17 9 2 1 2 7 13 6 3 1 2 7 0 2 7 12 16 2 5 31 3 1 2 7 12 16 2 0 2 7 0 2 7 12 16 2 1 2 7 0 2 7 0 2 7 0 2 7 0 2 7 1 2 7 1 2 7 1 2 7 0 2 7 0 2 7 1 2 4 17 9 2 17 18 2 0 40.0383374691009521
0 2 7 12 16 2 13 6 3 1 2 7 0 2 7 5 30 3 17 18 2 12 16 2 13 6 3 0 2 7 1 2 7 0 2 7 1 2 7 1 2 7 0 2 7 17 9 2 1 2 7 13 6 3 1 2 7 0 2 7 12 16 2 5 31 3 1 2 7 12 16 2 0 2 7 0 2 7 12 16 2 1 2 7 0 2 7 0 2 7 0 2 7 0 2 7 0 2 7 1 2 7 1 2 7 0 2 7 0 2 4 1 2 7 17 18 2 17 9 2 0 40.0383374691009521
0 2 7 12 16 2 13 6 3 1 2 7 0 2 7 5 30 3 17 18 2 12 16 2 13 6 3 0 2 7 1 2 7 0 2 7 1 2 7 1 2 7 0 2 7 17 9 2 1 2 7 13 6 3 1 2 7 0 2 7 12 16 2 5 31 3 1 2 7 12 16 2 0 2 7 0 2 7 12 16 2 1 2 7 0 2 7 0 2 7 0 2 7 0 2 7 0 2 7 1 2 7 1 2 7 0 2 7 0 2 4 1 2 7 17 9 2 17 9 2 0 40.0383374691009521
1 2 7 12 16 2 13 6 3 1 2 7 0 2 7 5 30 3 17 18 2 12 16 2 13 6 3 0 2 7 1 2 7 0 2 7 1 2 7 1 2 7 0 2 7 17 9 2 0 2 7 13 6 3 0 2 7 0 2 7 12 16 2 5 31 3 1 2 4 12 16 2 0 2 7 0 2 7 12 16 2 1 2 7 1 2 7 0 2 7 0 2 7 0 2 7 0 2 7 1 2 7 0 2 7 1 2 7 17 18 2 0 2 7 1 2 7 17 18 2 0 40.0383374691009521
0 2 7 12 16 2 13 6 3 1 2 7 0 2 7 5 30 3 17 18 2 12 16 2 13 6 3 0 2 7 0 2 7 0 2 7 1 2 7 1 2 7 0 2 7 17 9 2 1 2 7 13 6 3 1 2 7 0 2 7 12 16 2 5 31 3 1 2 7 12 16 2 0 2 7 0 2 7 12 16 2 1 2 7 0 2 7 0 2 7 0 2 7 0 2 7 1 2 7 1 2 7 1 2 7 0 2 7 0 2 7 1 2 4 17 9 2 17 9 2 0 40.0383374691009521
0 2 7 12 16 2 13 6 3 1 2 7 0 2 7 5 30 3 17 18 2 12 16 2 13 6 3 0 2 7 1 2 7 0 2 7 1 2 7 1 2 7 0 2 7 17 9 2 1 2 7 13 6 3 1 2 7 0 2 7 12 16 2 5 31 3 1 2 7 12 16 2 0 2 7 0 2 7 12 16 2 1 2 4 1 2 7 0 2 7 0 2 7 0 2 7 0 2 7 0 2 7 0 2 4 1 2 7 17 18 2 0 2 3 1 2 7 17 18 2 0 40.1183375120162964
0 2 7 12 16 2 13 6 3 1 2 7 0 2 7 5 30 3 17 18 2 12 16 2 13 6 3 0 2 7 1 2 7 0 2 7 1 2 7 1 2 7 0 2 7 17 9 2 1 2 7 13 6 3 1 2 7 0 2 7 12 16 2 5 31 3 1 2 7 12 16 2 0 2 7 0 2 7 12 16 2 1 2 4 1 2 7 0 2 7 0 2 7 0 2 7 0 2 7 0 2 7 1 2 7 1 2 7 0 2 4 0 2 7 0 2 3 17 18 2 0.000289610907116356626 40.2208905220031738
0 2 7 0 2 7 1 2 7 13 6 3 1 2 7 5 30 3 17 18 2 12 16 2 13 6 3 0 2 7 0 2 7 1 2 7 1 2 7 1 2 7 1 2 7 1 2 7 1 2 7 17 9 2 0 2 7 1 2 7 13 6 3 0 2 7 12 16 2 5 31 3 12 16 2 12 16 2 0 2 7 0 2 7 0 2 7 0 2 4 12 16 2 1 2 7 0 2 3 0 2 4 0 2 7 17 9 2 0 2 7 1 2 7 0 2 7 17 9 2 0 40.1183375120162964
0 2 7 12 16 2 13 6 3 1 2 7 1 2 7 5 30 3 17 18 2 12 16 2 13 6 3 1 2 7 1 2 7 0 2 7 1 2 7 0 2 7 0 2 7 17 9 2 1 2 7 13 6 3 1 2 7 0 2 7 12 16 2 5 31 3 1 2 7 12 16 2 0 2 7 0 2 7 12 16 2 1 2 7 0 2 7 0 2 7 0 2 7 0 2 7 0 2 7 17 18 2 0 2 7 1 2 4 0 2 7 17 9 2 0 2 3 1 2 4 0 40.1183375120162964
0 2 7 12 16 2 13 6 3 1 2 7 0 2 7 5 30 3 17 18 2 12 16 2 13 6 3 0 2 7 1 2 7 0 2 7 1 2 7 1 2 7 0 2 7 17 9 2 1 2 7 13 6 3 1 2 7 0 2 4 12 16 2 5 31 3 1 2 7 12 16 2 0 2 7 0 2 7 12 16 2 1 2 7 1 2 7 0 2 7 0 2 7 0 2 7 0 2 7 0 2 7 1 2 7 17 18 2 0 2 7 17 18 2 1 2 7 0 2 7 0 40.0383374691009521
0 2 7 12 16 2 13 6 3 1 2 7 0 2 4 5 30 3 17 18 2 12 16 2 13 6 3 0 2 7 1 2 7 0 2 7 1 2 7 1 2 7 0 2 7 17 9 2 1 2 7 13 6 3 1 2 7 12 16 2 5 31 3 0 2 7 12 16 2 0 2 7 0 2 7 12 16 2 1 2 7 1 2 7 0 2 7 0 2 7 0 2 7 0 2 7 0 2 7 1 2 7 0 2 7 0 2 7 17 9 2 1 2 7 1 2 7 17 18 2 0 40.0383374691009521
0 2 7 12 16 2 13 6 3 1 2 7 0 2 7 5 30 3 17 18 2 12 16 2 13 6 3 0 2 7 1 2 7 0 2 7 1 2 7 1 2 7 0 2 7 17 9 2 1 2 7 13 6 3 1 2 7 0 2 7 12 16 2 5 31 3 1 2 7 12 16 2 0 2 7 0 2 7 12 16 2 1 2 7 0 2 7 0 2 7 0 2 7 0 2 7 0 2 7 1 2 7 1 2 7 0 2 7 17 9 2 1 2 4 0 2 7 17 18 2 0 40.0383374691009521
0 2 7 12 16 2 13 6 3 1 2 7 0 2 7 5 30 3 17 18 2 12 16 2 13 6 3 0 2 7 0 2 7 0 2 7 1 2 7 1 2 7 0 2 7 17 9 2 1 2 7 13 6 3 1 2 7 0 2 7 12 16 2 5 31 3 1 2 7 12 16 2 0 2 7 0 2 7 12 16 2 1 2 7 0 2 7 0 2 7 0 2 7 0 2 7 1 2 7 1 2 7 1 2 7 0 2 7 17 9 2 0 2 4 1 2 7 17 9 2 0 40.0383374691009521
0 2 7 12 16 2 13 6 3 1 2 7 0 2 7 5 30 3 17 18 2 12 16 2 13 6 3 0 2 7 0 2 7 0 2 7 1 2 7 1 2 7 0 2 7 17 9 2 1 2 7 13 6 3 1 2 7 0 2 7 12 16 2 5 31 3 1 2 7 12 16 2 0 2 7 0 2 7 12 16 2 1 2 7 0 2 7 0 2 7 0 2 7 0 2 7 1 2 7 1 2 7 1 2 7 0 2 7 0 2 7 1 2 4 17 18 2 17 18 2 0 40.0383374691009521
0 2 7 12 16 2 13 6 3 1 2 7 0 2 7 5 30 3 17 18 2 12 16 2 13 6 3 0 2 7 1 2 7 0 2 7 1 2 7 1 2 7 0 2 7 17 9 2 1 2 7 13 6 3 1 2 7 0 2 7 12 16 2 5 31 3 1 2 7 12 16 2 0 2 7 0 2 7 12 16 2 1 2 7 0 2 7 0 2 7 0 2 7 0 2 7 0 2 7 1 2 7 1 2 7 0 2 7 17 9 2 17 9 2 0 2 7 1 2 4 0 40.0383374691009521
0 2 7 12 16 2 13 6 3 1 2 7 0 2 7 5 30 3 17 18 2 12 16 2 13 6 3 0 2 7 1 2 7 0 2 7 1 2 7 1 2 7 0 2 7 17 9 2 1 2 7 13 6 3 1 2 7 0 2 4 12 16 2 5 31 3 1 2 7 12 16 2 0 2 7 0 2 7 12 16 2 1 2 7 1 2 7 0 2 7 0 2 7 0 2 7 0 2 7 0 2 7 1 2 7 17 18 2 0 2 7 17 18 2 0 2 3 1 2 4 0 40.1183375120162964
0 2 7 12 16 2 5 30 3 0 2 7 5 30 3 17 18 2 12 16 2 13 6 3 0 2 7 0 2 7 1 2 7 0 2 4 1 2 7 17 9 2 1 2 7 13 6 3 0 2 7 0 2 7 12 16 2 0 2 7 8 9 2 0 2 7 12 16 2 0 2 4 0 2 7 0 2 7 0 2 7 1 2 7 0 2 7 17 9 2 1 2 7 1 2 7 16 6 2 5 30 3 5 31 3 1 2 7 0 2 7 0 2 7 1 2 7 1 2 7 0 40.6045824289321899
0 2 7 0 2 7 1 2 7 13 6 3 1 2 7 5 30 3 17 18 2 12 16 2 13 6 3 0 2 7 0 2 7 1 2 7 1 2 7 1 2 7 1 2 7 1 2 7 1 2 7 17 9 2 0 2 7 1 2 7 13 6 3 0 2 7 12 16 2 5 31 3 12 16 2 12 16 2 0 2 7 0 2 7 0 2 7 0 2 4 12 16 2 1 2 7 0 2 3 0 2 4 0 2 7 17 9 2 0 2 7 1 2 7 0 2 7 17 9 2 0 40.1183375120162964
0 2 7 12 16 2 13 6 3 1 2 7 1 2 7 5 30 3 17 18 2 12 16 2 13 6 3 1 2 7 1 2 7 0 2 7 1 2 7 0 2 7 0 2 7 17 9 2 1 2 7 13 6 3 1 2 7 0 2 7 12 16 2 5 31 3 1 2 7 12 16 2 0 2 7 0 2 7 12 16 2 1 2 7 0 2 7 0 2 7 0 2 7 0 2 7 0 2 7 17 18 2 0 2 7 1 2 4 0 2 7 17 9 2 0 2 3 1 2 4 0 40.1183375120162964
0 2 7 12 16 2 13 6 3 1 2 7 0 2 7 5 30 3 17 18 2 12 16 2 13 6 3 0 2 7 0 2 7 0 2 7 1 2 7 1 2 7 0 2 7 17 9 2 1 2 7 13 6 3 1 2 7 0 2 7 12 16 2 5 31 3 1 2 7 12 16 2 0 2 7 0 2 7 12 16 2 1 2 7 0 2 7 0 2 7 0 2 7 0 2 7 1 2 7 1 2 7 1 2 7 0 2 7 17 18 2 17 18 2 0 2 4 1 2 7 0 40.0383374691009521
0 2 7 12 16 2 13 6 3 1 2 7 0 2 7 5 30 3 17 18 2 12 16 2 13 6 3 0 2 7 0 2 7 0 2 7 1 2 7 1 2 7 0 2 7 17 9 2 1 2 7 13 6 3 1 2 7 0 2 7 12 16 2 5 31 3 1 2 7 12 16 2 0 2 7 0 2 7 12 16 2 1 2 7 0 2 7 0 2 7 0 2 7 0 2 7 1 2 7 1 2 7 1 2 7 0 2 7 1 2 4 0 2 7 17 18 2 17 9 2 0 40.0383374691009521
0 2 7 12 16 2 13 6 3 1 2 7 0 2 7 5 30 3 17 18 2 12 16 2 13 6 3 0 2 7 0 2 7 0 2 7 1 2 7 1 2 7 0 2 7 17 9 2 1 2 7 13 6 3 1 2 7 0 2 7 12 16 2 5 31 3 1 2 7 12 16 2 0 2 7 0 2 7 12 16 2 1 2 7 0 2 7 0 2 7 0 2 7 0 2 7 1 2 7 1 2 7 1 2 7 0 2 7 0 2 4 1 2 7 17 9 2 17 18 2 0 40.0383374691009521
0 2 7 12 16 2 13 6 3 1 2 7 0 2 7 5 30 3 17 18 2 12 16 2 13 6 3 0 2 7 0 2 7 0 2 7 1 2 7 1 2 7 0 2 7 17 9 2 1 2 7 13 6 3 1 2 7 0 2 7 12 16 2 5 31 3 1 2 7 12 16 2 0 2 7 0 2 7 12 16 2 1 2 7 0 2 7 0 2 7 0 2 7 0 2 7 1 2 7 1 2 7 1 2 7 0 2 7 17 9 2 17 9 2 1 2 4 0 2 7 0 40.0383374691009521
0 2 7 12 16 2 13 6 3 1 2 7 1 2 7 5 30 3 17 18 2 12 16 2 13 6 3 1 2 7 1 2 7 0 2 7 1 2 7 0 2 7 0 2 7 17 9 2 1 2 7 13 6 3 1 2 7 0 2 7 12 16 2 5 31 3 1 2 7 12 16 2 0 2 7 0 2 7 12 16 2 1 2 7 0 2 7 0 2 7 0 2 7 0 2 7 0 2 7 17 18 2 0 2 7 1 2 4 0 2 3 0 2 7 17 18 2 1 2 4 0 40.1183375120162964
0 2 7 12 16 2 13 6 3 1 2 7 0 2 7 5 30 3 17 18 2 12 16 2 13 6 3 0 2 7 0 2 7 0 2 7 1 2 7 1 2 7 0 2 7 17 9 2 1 2 7 13 6 3 1 2 7 0 2 7 12 16 2 5 31 3 1 2 7 12 16 2 0 2 7 0 2 7 12 16 2 1 2 7 0 2 7 0 2 7 0 2 7 0 2 7 1 2 7 1 2 7 1 2 7 0 2 7 17 9 2 0 2 4 1 2 7 17 9 2 0 40.0383374691009521
0 2 7 12 16 2 13 6 3 1 2 7 0 2 7 5 30 3 17 18 2 12 16 2 13 6 3 0 2 7 0 2 7 0 2 7 1 2 7 1 2 7 0 2 7 17 9 2 1 2 7 13 6 3 1 2 7 0 2 7 12 16 2 5 31 3 1 2 7 12 16 2 0 2 7 0 2 7 12 16 2 1 2 7 0 2 7 0 2 7 0 2 7 0 2 7 1 2 7 1 2 7 1 2 7 0 2 7 1 2 4 0 2 7 17 18 2 17 18 2 0 40.0383374691009521
0 2 7 12 16 2 13 6 3 1 2 7 0 2 7 5 30 3 17 18 2 12 16 2 13 6 3 0 2 7 1 2 7 0 2 7 1 2 7 0 2 7 0 2 7 17 9 2 1 2 7 13 6 3 1 2 7 0 2 7 12 16 2 5 31 3 1 2 7 12 16 2 0 2 7 0 2 7 12 16 2 1 2 7 0 2 7 0 2 7 0 2 7 0 2 7 1 2 7 1 2 7 17 9 2 17 9 2 0 2 4 1 2 7 0 2 3 1 2 4 0 40.1183375120162964
0 2 7 12 16 2 13 6 3 1 2 7 0 2 7 5 30 3 17 18 2 12 16 2 13 6 3 0 2 7 0 2 7 0 2 7 1 2 7 1 2 7 0 2 7 17 9 2 1 2 7 13 6 3 1 2 7 0 2 7 12 16 2 5 31 3 1 2 7 12 16 2 0 2 7 0 2 7 12 16 2 1 2 7 0 2 7 0 2 7 0 2 7 0 2 7 1 2 7 1 2 7 1 2 7 17 9 2 0 2 7 0 2 4 1 2 4 1 2 3 0.000243488763665459872 40.1503385305404663
0 2 7 12 16 2 13 6 3 1 2 7 0 2 7 5 30 3 17 18 2 12 16 2 13 6 3 0 2 7 1 2 7 0 2 7 1 2 7 1 2 7 0 2 7 17 9 2 1 2 7 13 6 3 1 2 7 0 2 4 12 16 2 5 31 3 1 2 7 12 16 2 0 2 7 0 2 7 12 16 2 1 2 7 0 2 7 0 2 7 0 2 7 0 2 7 0 2 7 1 2 7 0 2 7 17 18 2 0 2 4 17 9 2 1 2 3 1 2 7 0 40.1183375120162964
0 2 7 12 16 2 13 6 3 1 2 7 0 2 7 5 30 3 17 18 2 12 16 2 13 6 3 0 2 7 1 2 7 0 2 7 1 2 7 0 2 7 0 2 7 17 9 2 1 2 7 13 6 3 1 2 7 0 2 7 12 16 2 5 31 3 1 2 7 12 16 2 0 2 7 0 2 7 12 16 2 1 2 7 0 2 7 0 2 7 0 2 7 0 2 7 1 2 7 1 2 7 1 2 7 0 2 7 17 18 2 17 18 2 1 2 4 0 2 7 0 40.0383374691009521
0 2 7 12 16 2 13 6 3 1 2 7 0 2 7 5 30 3 17 18 2 12 16 2 13 6 3 0 2 7 1 2 7 0 2 7 1 2 7 0 2 7 0 2 7 17 9 2 1 2 7 13 6 3 1 2 7 0 2 7 12 16 2 5 31 3 1 2 7 12 16 2 0 2 7 0 2 7 12 16 2 1 2 7 0 2 7 0 2 7 0 2 7 0 2 7 1 2 7 1 2 7 1 2 7 17 18 2 17 9 2 0 2 4 0 2 7 1 2 7 0 40.0383374691009521
0 2 7 12 16 2 13 6 3 1 2 7 0 2 7 5 30 3 17 18 2 12 16 2 13 6 3 0 2 7 1 2 7 0 2 7 1 2 7 0 2 7 0 2 7 17 9 2 1 2 7 13 6 3 1 2 7 0 2 7 12 16 2 5 31 3 1 2 7 12 16 2 0 2 7 0 2 7 12 16 2 1 2 7 0 2 7 0 2 7 0 2 7 0 2 7 1 2 7 1 2 7 1 2 7 0 2 7 17 18 2 1 2 4 0 2 7 17 9 2 0 40.0383374691009521
0 2 7 12 16 2 17 18 2 1 2 7 0 2 7 5 31 3 17 18 2 12 16 2 13 6 3 0 2 7 1 2 7 0 2 7 0 2 7 0 2 7 0 2 7 17 9 2 1 2 7 13 6 3 13 6 3 12 16 2 5 30 3 1 2 7 12 16 2 1 2 7 0 2 7 12 16 2 1 2 7 0 2 7 1 2 7 0 2 7 1 2 7 1 2 7 1 2 7 0 2 7 0 2 7 0 2 7 0 2 7 17 18 2 0 2 4 1 2 7 0 40.0383374691009521
0 2 7 12 16 2 13 6 3 1 2 7 1 2 7 5 30 3 17 18 2 12 16 2 13 6 3 1 2 7 1 2 7 0 2 7 1 2 7 0 2 7 0 2 7 17 9 2 1 2 7 13 6 3 1 2 7 0 2 7 12 16 2 5 31 3 1 2 7 12 16 2 0 2 7 0 2 7 12 16 2 1 2 7 0 2 7 0 2 7 0 2 7 0 2 7 0 2 7 17 18 2 0 2 7 1 2 4 0 2 3 0 2 7 17 18 2 1 2 4 0 40.1183375120162964
0 2 7 12 16 2 13 6 3 1 2 7 0 2 7 5 30 3 17 18 2 12 16 2 13 6 3 0 2 7 1 2 7 0 2 7 1 2 7 0 2 7 0 2 7 17 9 2 1 2 7 13 6 3 1 2 7 0 2 7 12 16 2 5 31 3 1 2 7 12 16 2 0 2 7 0 2 7 12 16 2 0 2 7 1 2 7 0 2 7 0 2 7 1 2 7 1 2 4 17 9 2 0 2 7 0 2 7 1 2 7 17 9 2 1 2 7 0 2 7 0 40.0383374691009521
0 2 7 12 16 2 17 18 2 1 2 7 0 2 7 5 31 3 12 16 2 13 6 3 0 2 7 1 2 7 0 2 7 0 2 7 0 2 7 0 2 7 17 9 2 1 2 7 13 6 3 13 6 3 12 16 2 5 30 3 1 2 7 12 16 2 1 2 7 0 2 7 12 16 2 1 2 7 0 2 7 1 2 7 0 2 7 1 2 7 1 2 7 1 2 7 0 2 7 0 2 7 0 2 7 0 2 7 17 9 2 0 2 4 1 2 7 17 9 2 0 40.0383374691009521
0 2 7 12 16 2 13 6 3 1 2 7 0 2 7 5 30 3 17 18 2 12 16 2 13 6 3 0 2 7 1 2 7 0 2 7 1 2 7 0 2 7 0 2 7 17 9 2 1 2 7 13 6 3 1 2 7 0 2 7 12 16 2 5 31 3 1 2 7 12 16 2 0 2 7 0 2 7 12 16 2 1 2 7 0 2 7 0 2 7 0 2 7 0 2 7 1 2 7 1 2 7 1 2 7 17 18 2 1 2 4 0 2 3 17 9 2 0 2 4 0 40.1183375120162964
0 2 7 12 16 2 13 6 3 1 2 7 0 2 7 5 30 3 17 18 2 12 16 2 13 6 3 0 2 7 1 2 7 0 2 7 1 2 7 0 2 7 0 2 7 17 9 2 1 2 7 13 6 3 1 2 7 0 2 7 12 16 2 5 31 3 1 2 7 12 16 2 0 2 7 0 2 7 12 16 2 1 2 7 0 2 7 0 2 7 0 2 7 1 2 7 1 2 7 1 2 7 17 9 2 17 9 2 0 2 4 0 2 7 0 2 3 1 2 4 0 40.1183375120162964
0 2 7 12 16 2 13 6 3 1 2 7 0 2 7 5 30 3 17 18 2 12 16 2 13 6 3 0 2 7 1 2 7 0 2 7 1 2 7 1 2 7 0 2 7 17 9 2 1 2 7 13 6 3 1 2 7 0 2 4 12 16 2 5 31 3 1 2 7 12 16 2 0 2 7 0 2 7 12 16 2 1 2 7 0 2 7 0 2 7 0 2 7 0 2 7 0 2 7 1 2 7 0 2 7 17 18 2 0 2 4 17 9 2 1 2 3 1 2 7 0 40.1183375120162964
0 2 7 12 16 2 17 18 2 1 2 7 0 2 7 5 31 3 12 16 2 13 6 3 0 2 7 1 2 7 0 2 7 0 2 7 0 2 7 0 2 7 17 9 2 1 2 7 13 6 3 13 6 3 12 16 2 5 30 3 1 2 7 12 16 2 1 2 7 0 2 7 12 16 2 1 2 7 0 2 7 0 2 7 1 2 7 1 2 7 1 2 7 0 2 7 0 2 7 0 2 7 1 2 7 0 2 4 17 18 2 0 2 7 1 2 7 17 18 2 0 40.0383374691009521
0 2 7 12 16 2 13 6 3 1 2 7 0 2 7 5 30 3 17 18 2 12 16 2 13 6 3 0 2 7 1 2 7 1 2 7 0 2 7 0 2 7 17 9 2 1 2 7 13 6 3 1 2 7 0 2 7 12 16 2 5 31 3 1 2 7 12 16 2 0 2 7 0 2 7 12 16 2 1 2 7 0 2 7 0 2 7 0 2 7 0 2 7 1 2 7 1 2 7 0 2 7 0 2 7 1 2 7 1 2 4 17 9 2 0 2 7 17 9 2 0 40.0383374691009521
0 2 7 12 16 2 17 18 2 1 2 7 0 2 7 5 31 3 12 16 2 13 6 3 0 2 7 1 2 7 0 2 7 0 2 7 0 2 7 0 2 7 17 9 2 1 2 7 13 6 3 13 6 3 12 16 2 5 30 3 1 2 7 12 16 2 1 2 7 0 2 7 12 16 2 1 2 7 0 2 7 0 2 7 1 2 7 1 2 7 1 2 7 0 2 7 0 2 7 0 2 7 1 2 7 0 2 4 17 18 2 17 9 2 0 2 4 1 2 3 0 40.1183375120162964
0 2 7 12 16 2 13 6 3 1 2 7 1 2 7 5 30 3 17 18 2 12 16 2 13 6 3 1 2 7 1 2 7 0 2 7 1 2 7 0 2 7 0 2 7 17 9 2 1 2 7 13 6 3 1 2 7 0 2 7 12 16 2 5 31 3 1 2 7 12 16 2 0 2 7 0 2 7 12 16 2 1 2 7 0 2 7 0 2 7 0 2 7 0 2 7 0 2 7 0 2 7 1 2 4 0 2 7 0 2 7 1 2 7 17 18 2 17 9 2 0 40.0383374691009521
0 2 7 12 16 2 13 6 3 1 2 7 0 2 7 5 30 3 17 18 2 12 16 2 13 6 3 0 2 7 1 2 7 0 2 7 1 2 7 0 2 7 0 2 7 17 9 2 1 2 7 13 6 3 1 2 7 0 2 7 12 16 2 5 31 3 1 2 7 12 16 2 0 2 7 12 16 2 1 2 7 0 2 7 0 2 7 0 2 7 0 2 7 0 2 4 1 2 7 17 18 2 0 2 7 0 2 7 1 2 7 1 2 7 1 2 7 17 9 2 0 40.0383374691009521
0 2 7 12 16 2 13 6 3 1 2 7 0 2 7 5 30 3 17 18 2 12 16 2 13 6 3 0 2 7 1 2 7 0 2 7 1 2 7 0 2 7 0 2 7 17 9 2 1 2 7 13 6 3 1 2 7 0 2 7 12 16 2 5 31 3 1 2 7 12 16 2 0 2 7 12 16 2 1 2 7 0 2 7 0 2 7 0 2 7 0 2 7 0 2 4 1 2 7 0 2 7 0 2 7 1 2 7 1 2 7 1 2 7 17 9 2 17 9 2 0 40.0383374691009521
0 2 7 12 16 2 13 6 3 1 2 7 1 2 7 5 30 3 17 18 2 12 16 2 13 6 3 1 2 7 1 2 7 0 2 7 1 2 7 0 2 7 0 2 7 17 9 2 1 2 7 13 6 3 1 2 7 0 2 7 12 16 2 5 31 3 1 2 7 12 16 2 0 2 7 0 2 7 12 16 2 1 2 7 0 2 7 0 2 7 0 2 7 0 2 7 0 2 7 17 18 2 0 2 7 1 2 4 0 2 7 17 18 2 0 2 7 1 2 7 0 40.0383374691009521
0 2 7 12 16 2 13 6 3 1 2 7 0 2 7 5 30 3 17 18 2 12 16 2 13 6 3 0 2 7 1 2 7 0 2 7 1 2 7 0 2 7 0 2 7 17 9 2 1 2 7 13 6 3 1 2 7 0 2 7 12 16 2 5 31 3 1 2 7 12 16 2 0 2 7 0 2 7 12 16 2 1 2 7 0 2 7 0 2 7 0 2 7 1 2 7 1 2 7 1 2 7 17 9 2 17 9 2 0 2 4 0 2 7 0 2 3 1 2 4 0 40.1183375120162964
0 2 7 12 16 2 13 6 3 1 2 7 0 2 7 5 30 3 17 18 2 12 16 2 13 6 3 0 2 7 1 2 7 0 2 7 1 2 7 0 2 7 0 2 7 17 9 2 1 2 7 13 6 3 1 2 7 0 2 7 12 16 2 5 31 3 1 2 7 12 16 2 0 2 7 0 2 7 12 16 2 1 2 7 0 2 7 0 2 7 0 2 7 0 2 7 1 2 7 1 2 7 1 2 7 17 18 2 1 2 4 17 18 2 0 2 4 0 2 3 0 40.1183375120162964
0 2 7 12 16 2 13 6 3 1 2 7 1 2 7 5 30 3 17 18 2 12 16 2 13 6 3 1 2 7 1 2 7 0 2 7 1 2 7 0 2 7 0 2 7 17 9 2 1 2 7 13 6 3 1 2 7 0 2 7 12 16 2 5 31 3 1 2 7 12 16 2 0 2 7 0 2 7 12 16 2 1 2 7 0 2 7 0 2 7 0 2 7 0 2 7 0 2 7 17 18 2 0 2 7 1 2 4 0 2 3 0 2 7 17 18 2 1 2 4 0 40.1183375120162964
0 2 7 12 16 2 13 6 3 1 2 7 0 2 7 5 30 3 17 18 2 12 16 2 13 6 3 0 2 7 1 2 7 0 2 7 1 2 7 0 2 7 0 2 7 17 9 2 1 2 7 13 6 3 1 2 7 0 2 7 12 16 2 5 31 3 1 2 7 12 16 2 0 2 7 12 16 2 1 2 7 0 2 7 0 2 7 0 2 7 0 2 7 1 2 7 0 2 7 0 2 7 1 2 7 1 2 7 0 2 4 1 2 7 17 9 2 17 9 2 0 40.0383374691009521
0 2 7 12 16 2 13 6 3 0 2 7 1 2 7 5 30 3 17 18 2 12 16 2 13 6 3 1 2 7 1 2 7 0 2 7 1 2 7 0 2 7 0 2 7 17 9 2 1 2 7 13 6 3 1 2 7 0 2 7 12 16 2 5 31 3 1 2 4 12 16 2 0 2 7 0 2 7 12 16 2 1 2 7 1 2 7 0 2 7 0 2 7 0 2 7 1 2 7 0 2 7 0 2 7 0 2 7 0 2 7 1 2 7 17 18 2 17 9 2 0 40.0383374691009521
0 2 7 12 16 2 13 6 3 0 2 7 0 2 7 5 30 3 17 18 2 12 16 2 13 6 3 1 2 7 1 2 7 0 2 7 1 2 7 0 2 7 0 2 7 17 9 2 1 2 7 13 6 3 1 2 7 0 2 7 12 16 2 5 31 3 12 16 2 0 2 7 0 2 7 12 16 2 1 2 7 0 2 7 0 2 7 1 2 7 0 2 4 1 2 7 0 2 7 0 2 7 0 2 7 17 9 2 1 2 7 17 18 2 1 2 7 1 2 7 0 40.0383374691009521
0 2 7 12 16 2 17 18 2 1 2 7 0 2 7 5 31 3 12 16 2 13 6 3 0 2 7 1 2 7 0 2 7 0 2 7 0 2 7 0 2 7 17 9 2 1 2 7 13 6 3 13 6 3 12 16 2 5 30 3 1 2 7 12 16 2 1 2 7 0 2 7 12 16 2 1 2 7 0 2 7 0 2 7 1 2 7 1 2 7 1 2 7 0 2 7 0 2 7 0 2 7 1 2 7 0 2 4 17 18 2 17 9 2 0 2 4 1 2 3 0 40.1183375120162964
0 2 7 12 16 2 13 6 3 1 2 4 0 2 7 5 30 3 17 18 2 12 16 2 13 6 3 1 2 7 1 2 7 1 2 7 1 2 7 0 2 7 0 2 7 17 9 2 1 2 7 13 6 3 0 2 7 0 2 7 12 16 2 5 31 3 1 2 7 12 16 2 0 2 7 0 2 7 12 16 2 1 2 7 0 2 7 1 2 7 0 2 7 0 2 7 0 2 7 17 18 2 0 2 7 17 18 2 1 2 7 1 2 7 0 2 7 0 2 7 0 40.0383374691009521
0 2 7 12 16 2 13 6 3 0 2 7 1 2 7 5 30 3 17 18 2 12 16 2 13 6 3 1 2 7 1 2 7 0 2 7 1 2 7 0 2 7 0 2 7 17 9 2 1 2 7 13 6 3 1 2 7 0 2 7 12 16 2 5 31 3 1 2 4 12 16 2 0 2 7 0 2 7 12 16 2 1 2 7 1 2 7 0 2 7 0 2 7 0 2 7 1 2 7 0 2 7 0 2 7 0 2 7 17 9 2 0 2 7 1 2 7 17 9 2 0 40.0383374691009521
0 2 7 12 16 2 13 6 3 1 2 7 0 2 7 5 30 3 17 18 2 12 16 2 13 6 3 0 2 7 1 2 7 0 2 7 1 2 7 0 2 7 0 2 7 17 9 2 1 2 7 13 6 3 1 2 7 0 2 7 12 16 2 5 31 3 1 2 7 12 16 2 0 2 7 12 16 2 1 2 7 0 2 7 0 2 7 0 2 7 0 2 7 1 2 7 0 2 7 0 2 7 1 2 7 1 2 7 0 2 4 1 2 7 17 18 2 17 18 2 0 40.0383374691009521
0 2 7 12 16 2 13 6 3 1 2 7 0 2 7 5 30 3 17 18 2 12 16 2 13 6 3 0 2 7 1 2 7 0 2 7 1 2 7 0 2 7 0 2 7 17 9 2 1 2 7 13 6 3 1 2 7 0 2 7 12 16 2 5 31 3 1 2 7 12 16 2 0 2 7 0 2 7 12 16 2 1 2 7 0 2 7 0 2 7 0 2 7 1 2 7 1 2 7 1 2 7 17 9 2 17 9 2 0 2 4 0 2 7 0 2 3 1 2 4 0 40.1183375120162964
0 2 7 12 16 2 13 6 3 1 2 7 0 2 7 5 30 3 17 18 2 12 16 2 13 6 3 0 2 7 1 2 7 0 2 7 1 2 7 0 2 7 0 2 7 17 9 2 1 2 7 13 6 3 1 2 7 0 2 7 12 16 2 5 31 3 1 2 7 12 16 2 0 2 7 0 2 7 12 16 2 1 2 7 0 2 7 0 2 7 0 2 7 0 2 7 1 2 7 1 2 7 1 2 7 17 18 2 1 2 4 17 18 2 0 2 4 0 2 3 0 40.1183375120162964
0 2 7 12 16 2 13 6 3 1 2 7 1 2 7 5 30 3 17 18 2 12 16 2 13 6 3 1 2 7 1 2 7 0 2 7 1 2 7 0 2 7 0 2 7 17 9 2 1 2 7 13 6 3 1 2 7 0 2 7 12 16 2 5 31 3 1 2 7 12 16 2 0 2 7 0 2 7 12 16 2 1 2 7 0 2 7 0 2 7 0 2 7 0 2 7 0 2 7 17 18 2 0 2 7 1 2 4 0 2 3 0 2 7 17 18 2 1 2 4 0 40.1183375120162964
0 2 7 12 16 2 13 6 3 0 2 7 1 2 7 5 30 3 17 18 2 12 16 2 13 6 3 1 2 7 1 2 7 0 2 7 1 2 7 0 2 7 0 2 7 17 9 2 1 2 7 13 6 3 1 2 7 0 2 7 12 16 2 5 31 3 12 16 2 0 2 7 0 2 7 12 16 2 1 2 7 1 2 7 0 2 7 0 2 7 0 2 7 1 2 7 0 2 7 0 2 7 0 2 7 1 2 7 17 9 2 17 9 2 0 2 7 1 2 4 0 40.0383374691009521
0 2 7 12 16 2 13 6 3 1 2 7 0 2 7 5 30 3 17 18 2 12 16 2 13 6 3 0 2 7 1 2 7 0 2 7 1 2 7 0 2 7 0 2 7 17 9 2 1 2 7 13 6 3 1 2 7 0 2 7 12 16 2 5 31 3 1 2 7 12 16 2 0 2 7 0 2 7 12 16 2 1 2 7 0 2 7 0 2 7 0 2 7 0 2 7 1 2 7 1 2 4 1 2 7 1 2 7 0 2 7 17 18 2 0 2 7 17 9 2 0 40.0383374691009521
0 2 7 12 16 2 13 6 3 1 2 7 0 2 7 5 30 3 17 18 2 12 16 2 13 6 3 0 2 7 1 2 7 0 2 7 1 2 7 0 2 7 0 2 7 17 9 2 1 2 7 13 6 3 1 2 7 0 2 7 12 16 2 5 31 3 1 2 7 12 16 2 0 2 7 0 2 7 12 16 2 1 2 7 0 2 7 0 2 7 0 2 7 0 2 7 1 2 7 1 2 7 1 2 7 0 2 7 17 18 2 0 2 4 17 9 2 1 2 7 0 40.0383374691009521
0 2 7 12 16 2 13 6 3 1 2 7 0 2 7 5 30 3 17 18 2 12 16 2 13 6 3 0 2 7 1 2 7 0 2 7 1 2 7 0 2 7 0 2 7 17 9 2 1 2 7 13 6 3 1 2 7 0 2 7 12 16 2 5 31 3 1 2 7 12 16 2 0 2 7 0 2 7 12 16 2 1 2 7 0 2 7 0 2 7 0 2 7 1 2 7 1 2 7 1 2 7 17 9 2 17 9 2 0 2 4 0 2 7 1 2 7 0 2 7 0 40.0383374691009521
0 2 7 12 16 2 13 6 3 0 2 7 1 2 7 5 30 3 17 18 2 12 16 2 13 6 3 1 2 7 1 2 7 0 2 7 1 2 7 0 2 7 0 2 7 17 9 2 0 2 7 13 6 3 1 2 7 0 2 7 12 16 2 5 31 3 12 16 2 0 2 7 0 2 7 12 16 2 1 2 7 1 2 7 0 2 7 0 2 7 1 2 7 0 2 7 0 2 7 0 2 7 1 2 7 17 18 2 1 2 7 1 2 4 17 18 2 0 2 7 0 40.0383374691009521
0 2 7 12 16 2 13 6 3 0 2 7 1 2 7 5 30 3 17 18 2 12 16 2 13 6 3 1 2 7 1 2 7 0 2 7 1 2 7 0 2 7 0 2 7 17 9 2 1 2 7 13 6 3 1 2 7 0 2 7 12 16 2 5 31 3 12 16 2 0 2 7 0 2 7 12 16 2 1 2 7 1 2 7 0 2 7 0 2 7 0 2 7 1 2 7 0 2 7 0 2 7 0 2 7 1 2 7 17 18 2 17 18 2 1 2 7 0 2 4 0 40.0383374691009521
0 2 7 12 16 2 17 18 2 1 2 7 0 2 7 5 31 3 12 16 2 13 6 3 0 2 7 1 2 7 0 2 7 0 2 7 0 2 7 0 2 7 17 9 2 1 2 7 13 6 3 13 6 3 12 16 2 5 30 3 1 2 7 12 16 2 1 2 7 0 2 7 12 16 2 1 2 7 0 2 7 0 2 7 1 2 7 1 2 7 1 2 7 0 2 7 0 2 7 0 2 7 1 2 7 0 2 4 17 18 2 17 9 2 0 2 4 1 2 3 0 40.1183375120162964
0 2 7 12 16 2 13 6 3 1 2 7 0 2 7 5 30 3 17 18 2 12 16 2 13 6 3 0 2 7 1 2 7 0 2 7 1 2 7 0 2 7 0 2 7 17 9 2 1 2 7 13 6 3 1 2 7 0 2 7 12 16 2 5 31 3 1 2 7 12 16 2 0 2 7 0 2 7 12 16 2 1 2 7 0 2 7 0 2 7 0 2 7 1 2 7 1 2 7 1 2 7 17 9 2 17 9 2 0 2 4 0 2 7 0 2 3 1 2 4 0 40.1183375120162964
0 2 7 12 16 2 13 6 3 1 2 7 1 2 7 5 30 3 17 18 2 12 16 2 13 6 3 1 2 7 1 2 7 0 2 7 1 2 7 0 2 7 0 2 7 17 9 2 1 2 7 13 6 3 1 2 7 0 2 7 12 16 2 5 31 3 1 2 7 12 16 2 0 2 7 0 2 7 12 16 2 1 2 7 0 2 7 0 2 7 0 2 7 0 2 7 0 2 7 17 18 2 0 2 7 1 2 4 0 2 3 0 2 7 17 18 2 1 2 4 0 40.1183375120162964
0 2 7 12 16 2 13 6 3 1 2 7 0 2 7 5 30 3 17 18 2 12 16 2 13 6 3 0 2 7 1 2 7 0 2 7 1 2 7 0 2 7 0 2 7 17 9 2 1 2 7 13 6 3 1 2 7 0 2 7 12 16 2 5 31 3 1 2 7 12 16 2 0 2 7 0 2 7 12 16 2 1 2 7 0 2 7 0 2 7 0 2 7 0 2 7 1 2 7 1 2 7 1 2 7 17 18 2 1 2 4 17 18 2 0 2 4 0 2 3 0 40.1183375120162964
0 2 7 12 16 2 13 6 3 1 2 7 0 2 7 5 30 3 17 18 2 12 16 2 13 6 3 0 2 7 1 2 7 0 2 7 1 2 7 0 2 7 0 2 7 17 9 2 1 2 7 13 6 3 1 2 7 0 2 7 12 16 2 5 31 3 1 2 7 12 16 2 0 2 7 0 2 7 12 16 2 1 2 7 0 2 7 0 2 7 0 2 7 1 2 7 1 2 7 1 2 7 0 2 7 0 2 7 17 18 2 0 2 7 1 2 4 17 18 2 0 40.0383374691009521
1 2 7 12 16 2 13 6 3 1 2 7 1 2 7 5 31 3 17 9 2 12 16 2 13 6 3 1 2 7 1 2 7 0 2 7 1 2 7 0 2 7 0 2 7 17 9 2 1 2 7 13 6 3 1 2 7 0 2 7 12 16 2 5 30 3 0 2 7 12 16 2 0 2 7 0 2 7 12 16 2 1 2 7 0 2 7 0 2 7 0 2 7 0 2 7 0 2 7 0 2 7 0 2 7 1 2 7 17 18 2 17 9 2 0 2 7 1 2 4 0 40.0383374691009521
0 2 7 12 16 2 17 18 2 1 2 7 0 2 7 5 31 3 12 16 2 13 6 3 0 2 7 1 2 7 0 2 7 0 2 7 0 2 7 0 2 7 17 9 2 1 2 7 13 6 3 13 6 3 12 16 2 5 30 3 1 2 7 12 16 2 1 2 7 0 2 7 12 16 2 1 2 7 0 2 7 0 2 7 1 2 7 1 2 7 1 2 7 0 2 7 0 2 7 0 2 7 1 2 7 0 2 4 17 18 2 17 9 2 0 2 4 1 2 3 0 40.1183375120162964
0 2 7 12 16 2 13 6 3 1 2 7 0 2 7 5 30 3 17 18 2 12 16 2 13 6 3 0 2 7 1 2 7 0 2 7 1 2 7 0 2 7 0 2 7 17 9 2 1 2 7 13 6 3 1 2 7 0 2 7 12 16 2 5 31 3 1 2 7 12 16 2 0 2 7 0 2 7 12 16 2 1 2 7 0 2 7 0 2 7 0 2 7 1 2 7 1 2 7 1 2 7 0 2 7 0 2 7 17 9 2 17 18 2 0 2 7 1 2 4 0 40.0383374691009521
0 2 7 12 16 2 13 6 3 1 2 7 0 2 7 5 30 3 17 18 2 12 16 2 13 6 3 0 2 7 1 2 7 0 2 7 1 2 7 0 2 7 0 2 7 17 9 2 0 2 7 13 6 3 1 2 7 0 2 7 12 16 2 5 31 3 1 2 7 12 16 2 0 2 7 1 2 7 12 16 2 0 2 7 0 2 7 0 2 7 0 2 7 1 2 7 1 2 7 1 2 7 0 2 7 0 2 4 17 18 2 17 9 2 1 2 7 1 2 7 0 40.0383374691009521
1 2 7 12 16 2 13 6 3 0 2 7 0 2 7 5 30 3 17 18 2 12 16 2 13 6 3 0 2 4 1 2 7 0 2 7 1 2 7 0 2 7 0 2 7 17 9 2 1 2 7 13 6 3 1 2 7 12 16 2 5 31 3 1 2 7 1 2 7 0 2 7 0 2 7 12 16 2 12 16 2 0 2 7 0 2 7 0 2 7 1 2 7 0 2 7 0 2 7 1 2 7 1 2 7 17 18 2 17 18 2 0 2 7 0 2 7 1 2 7 0 40.0383374691009521
0 2 7 12 16 2 13 6 3 1 2 7 0 2 7 5 30 3 17 18 2 12 16 2 13 6 3 0 2 7 1 2 7 0 2 7 1 2 7 0 2 7 0 2 7 17 9 2 1 2 7 13 6 3 1 2 7 0 2 7 12 16 2 5 31 3 1 2 7 12 16 2 0 2 7 0 2 7 12 16 2 1 2 7 0 2 7 0 2 7 0 2 7 1 2 7 1 2 7 1 2 7 0 2 7 0 2 7 17 9 2 1 2 7 0 2 4 17 9 2 0 40.0383374691009521
0 2 7 12 16 2 13 6 3 1 2 7 0 2 7 5 30 3 17 18 2 12 16 2 13 6 3 0 2 7 1 2 7 0 2 7 1 2 7 0 2 7 0 2 7 17 9 2 1 2 7 13 6 3 1 2 7 0 2 7 12 16 2 5 31 3 1 2 7 12 16 2 0 2 7 0 2 7 12 16 2 1 2 7 0 2 7 0 2 7 0 2 7 0 2 7 1 2 7 1 2 7 1 2 7 17 18 2 1 2 4 17 18 2 0 2 4 0 2 3 0 40.1183375120162964
0 2 7 12 16 2 13 6 3 1 2 7 0 2 7 5 30 3 17 18 2 12 16 2 13 6 3 0 2 7 1 2 7 0 2 7 1 2 7 0 2 7 0 2 7 17 9 2 1 2 7 13 6 3 1 2 7 0 2 7 12 16 2 5 31 3 1 2 7 12 16 2 0 2 7 0 2 7 12 16 2 1 2 7 0 2 7 0 2 7 0 2 7 1 2 7 1 2 7 1 2 7 17 9 2 17 9 2 0 2 4 0 2 7 0 2 3 1 2 4 0 40.1183375120162964
0 2 7 12 16 2 13 6 3 1 2 7 1 2 7 5 30 3 17 18 2 12 16 2 13 6 3 1 2 7 1 2 7 0 2 7 1 2 7 0 2 7 0 2 7 17 9 2 1 2 7 13 6 3 1 2 7 0 2 7 12 16 2 5 31 3 1 2 7 12 16 2 0 2 7 0 2 7 12 16 2 1 2 7 0 2 7 0 2 7 0 2 7 0 2 7 0 2 7 17 18 2 0 2 7 1 2 4 0 2 3 0 2 7 17 18 2 1 2 4 0 40.1183375120162964
0 2 7 12 16 2 13 6 3 1 2 7 0 2 7 5 30 3 17 18 2 12 16 2 13 6 3 0 2 7 1 2 7 0 2 7 0 2 7 0 2 7 0 2 7 17 9 2 1 2 7 13 6 3 1 2 7 0 2 7 12 16 2 5 31 3 1 2 7 12 16 2 0 2 7 0 2 7 12 16 2 1 2 7 0 2 7 0 2 7 0 2 7 1 2 7 1 2 7 1 2 7 0 2 4 0 2 7 17 9 2 17 9 2 1 2 7 1 2 7 0 40.0383374691009521
12 16 2 13 6 3 1 2 7 1 2 7 5 30 3 17 18 2 12 16 2 13 6 3 1 2 7 1 2 7 1 2 7 1 2 7 0 2 7 17 9 2 0 2 7 13 6 3 0 2 7 1 2 7 12 16 2 5 31 3 0 2 7 12 16 2 0 2 7 0 2 7 12 16 2 0 2 7 1 2 7 0 2 7 1 2 7 0 2 7 0 2 7 0 2 7 1 2 7 0 2 7 0 2 7 0 2 7 17 9 2 17 18 2 0 2 7 1 2 4 0 40.0383374691009521
12 16 2 13 6 3 1 2 7 1 2 7 5 30 3 17 18 2 12 16 2 13 6 3 1 2 7 1 2 7 1 2 7 1 2 7 0 2 7 17 9 2 0 2 7 13 6 3 0 2 7 1 2 7 12 16 2 5 31 3 0 2 7 12 16 2 0 2 7 0 2 7 12 16 2 0 2 7 1 2 7 0 2 7 1 2 7 0 2 7 0 2 7 0 2 7 1 2 7 0 2 7 0 2 7 0 2 7 17 9 2 17 18 2 0 2 4 1 2 7 0 40.0383374691009521
1 2 7 12 16 2 13 6 3 0 2 7 1 2 4 5 31 3 17 9 2 12 16 2 13 6 3 1 2 7 1 2 7 0 2 7 1 2 7 1 2 7 0 2 7 0 2 7 13 6 3 0 2 7 0 2 7 12 16 2 5 30 3 0 2 7 12 16 2 0 2 7 1 2 7 12 16 2 1 2 7 0 2 7 0 2 7 0 2 7 0 2 7 0 2 7 0 2 7 1 2 7 17 18 2 1 2 7 17 9 2 17 9 2 1 2 7 0 2 7 0 40.0383374691009521
0 2 7 12 16 2 17 18 2 1 2 7 0 2 7 5 31 3 12 16 2 13 6 3 0 2 7 1 2 7 0 2 7 0 2 7 0 2 7 0 2 7 17 9 2 1 2 7 13 6 3 13 6 3 12 16 2 5 30 3 1 2 7 12 16 2 1 2 7 0 2 7 12 16 2 1 2 7 0 2 7 0 2 7 1 2 7 1 2 7 1 2 7 0 2 7 0 2 7 0 2 7 1 2 7 0 2 4 17 18 2 17 9 2 0 2 4 1 2 3 0 40.1183375120162964
0 2 4 12 16 2 13 6 3 1 2 7 1 2 7 5 30 3 17 18 2 12 16 2 13 6 3 1 2 7 1 2 7 1 2 7 1 2 7 0 2 7 17 9 2 0 2 7 13 6 3 0 2 7 1 2 7 12 16 2 5 31 3 0 2 7 12 16 2 0 2 7 0 2 7 12 16 2 0 2 7 1 2 7 0 2 7 1 2 7 0 2 7 0 2 7 17 18 2 0 2 7 1 2 7 0 2 7 0 2 7 1 2 7 0 2 7 17 18 2 0 40.0383374691009521
1 2 7 12 16 2 13 6 3 0 2 7 1 2 7 5 31 3 17 9 2 12 16 2 13 6 3 1 2 7 1 2 7 0 2 7 1 2 4 0 2 7 0 2 7 1 2 7 13 6 3 0 2 7 1 2 7 12 16 2 5 30 3 0 2 7 12 16 2 0 2 7 0 2 7 12 16 2 1 2 7 0 2 7 0 2 7 0 2 7 0 2 7 0 2 7 0 2 7 1 2 7 17 18 2 1 2 7 17 18 2 17 18 2 0 2 7 1 2 7 0 40.0383374691009521
0 2 7 12 16 2 13 6 3 1 2 7 0 2 7 5 30 3 17 18 2 12 16 2 13 6 3 0 2 7 1 2 7 0 2 7 1 2 7 0 2 7 0 2 7 17 9 2 1 2 7 13 6 3 1 2 7 0 2 7 12 16 2 5 31 3 1 2 7 12 16 2 0 2 7 0 2 7 12 16 2 1 2 7 0 2 7 0 2 7 0 2 7 0 2 7 1 2 7 1 2 7 1 2 7 17 18 2 1 2 4 17 18 2 0 2 4 0 2 3 0 40.1183375120162964
0 2 7 12 16 2 13 6 3 1 2 7 0 2 7 5 30 3 17 18 2 12 16 2 13 6 3 0 2 7 1 2 7 0 2 7 1 2 7 0 2 7 0 2 7 17 9 2 1 2 7 13 6 3 1 2 7 0 2 7 12 16 2 5 31 3 1 2 7 12 16 2 0 2 7 0 2 7 12 16 2 1 2 7 0 2 7 0 2 7 0 2 7 1 2 7 1 2 7 1 2 7 17 9 2 17 9 2 0 2 4 0 2 7 0 2 3 1 2 4 0 40.1183375120162964
0 2 7 12 16 2 13 6 3 1 2 7 1 2 7 5 30 3 17 18 2 12 16 2 13 6 3 1 2 7 1 2 7 0 2 7 1 2 7 0 2 7 0 2 7 17 9 2 1 2 4 13 6 3 1 2 7 0 2 7 12 16 2 5 31 3 1 2 7 12 16 2 0 2 7 0 2 7 12 16 2 1 2 7 0 2 7 0 2 7 0 2 7 0 2 7 0 2 7 0 2 7 1 2 4 0 2 7 17 9 2 0 2 3 17 18 2 1 2 7 0 40.1183375120162964
0 2 7 12 16 2 13 6 3 1 2 7 1 2 7 5 30 3 17 18 2 12 16 2 13 6 3 1 2 7 1 2 7 0 2 7 1 2 7 0 2 7 0 2 7 17 9 2 1 2 7 13 6 3 1 2 7 0 2 7 12 16 2 5 31 3 1 2 7 12 16 2 0 2 7 0 2 7 12 16 2 1 2 7 0 2 7 0 2 7 0 2 7 0 2 7 0 2 7 0 2 7 0 2 7 17 18 2 1 2 7 1 2 7 17 18 2 0 2 4 0 40.0383374691009521
12 16 2 13 6 3 1 2 7 1 2 7 5 30 3 17 18 2 12 16 2 13 6 3 1 2 7 1 2 7 1 2 7 1 2 7 0 2 7 17 9 2 0 2 7 13 6 3 0 2 7 1 2 4 12 16 2 5 31 3 0 2 7 12 16 2 0 2 7 0 2 7 12 16 2 0 2 7 1 2 7 0 2 7 1 2 7 0 2 7 0 2 7 0 2 7 1 2 7 0 2 7 0 2 7 0 2 7 17 9 2 17 18 2 0 2 7 1 2 7 0 40.0383374691009521
0 2 7 12 16 2 13 6 3 1 2 7 1 2 7 5 30 3 17 18 2 12 16 2 13 6 3 1 2 7 1 2 7 0 2 7 1 2 7 0 2 7 0 2 7 17 9 2 1 2 7 13 6 3 1 2 7 0 2 7 12 16 2 5 31 3 1 2 7 12 16 2 0 2 7 0 2 7 12 16 2 1 2 7 0 2 7 0 2 7 0 2 7 0 2 7 0 2 7 0 2 7 0 2 7 17 18 2 1 2 7 1 2 7 0 2 4 17 9 2 0 40.0383374691009521
0 2 7 12 16 2 13 6 3 1 2 7 0 2 7 5 30 3 17 18 2 12 16 2 13 6 3 0 2 7 1 2 7 0 2 7 0 2 7 0 2 7 0 2 7 17 9 2 1 2 7 13 6 3 1 2 7 0 2 7 12 16 2 5 31 3 0 2 7 12 16 2 0 2 7 0 2 7 12 16 2 1 2 7 0 2 7 0 2 7 1 2 7 1 2 7 1 2 7 0 2 7 17 9 2 1 2 4 0 2 7 17 9 2 1 2 7 1 2 7 0 40.0383374691009521
0 2 4 12 16 2 13 6 3 1 2 7 1 2 7 5 30 3 17 18 2 12 16 2 13 6 3 1 2 7 1 2 7 1 2 7 1 2 7 0 2 7 17 9 2 0 2 7 13 6 3 0 2 7 1 2 7 12 16 2 5 31 3 0 2 7 12 16 2 0 2 7 0 2 7 12 16 2 0 2 7 1 2 7 0 2 7 1 2 7 0 2 7 0 2 7 0 2 7 0 2 7 0 2 7 0 2 7 17 9 2 1 2 7 1 2 7 17 9 2 0 40.0383374691009521
0 2 7 12 16 2 13 6 3 1 2 7 0 2 7 5 30 3 17 18 2 12 16 2 13 6 3 0 2 7 1 2 4 0 2 7 0 2 7 0 2 7 0 2 7 17 9 2 1 2 7 13 6 3 1 2 7 0 2 7 12 16 2 5 31 3 0 2 7 12 16 2 0 2 7 0 2 7 12 16 2 0 2 7 0 2 7 0 2 7 1 2 7 1 2 7 1 2 7 0 2 7 1 2 7 1 2 7 17 18 2 17 18 2 1 2 7 1 2 7 0 40.0383374691009521
0 2 4 12 16 2 13 6 3 1 2 7 1 2 7 5 30 3 17 18 2 12 16 2 13 6 3 1 2 7 1 2 7 1 2 7 1 2 7 0 2 7 17 9 2 0 2 7 13 6 3 0 2 7 1 2 7 12 16 2 5 31 3 0 2 7 12 16 2 0 2 7 0 2 7 12 16 2 0 2 7 1 2 7 0 2 7 1 2 7 0 2 7 0 2 7 0 2 7 0 2 7 0 2 7 0 2 7 17 9 2 1 2 3 1 2 4 17 9 2 0 40.1183375120162964
0 2 7 12 16 2 13 6 3 1 2 7 1 2 7 5 30 3 17 18 2 12 16 2 13 6 3 1 2 7 1 2 7 0 2 7 1 2 7 0 2 7 0 2 7 17 9 2 1 2 4 13 6 3 1 2 7 0 2 7 12 16 2 5 31 3 1 2 7 12 16 2 0 2 7 0 2 7 12 16 2 1 2 7 0 2 7 0 2 7 0 2 7 0 2 7 0 2 7 0 2 7 0 2 7 17 18 2 1 2 7 1 2 4 17 18 2 0 2 3 0 40.1183375120162964
0 2 7 12 16 2 13 6 3 1 2 7 0 2 7 5 30 3 17 18 2 12 16 2 13 6 3 0 2 7 1 2 7 0 2 7 0 2 7 0 2 7 0 2 7 17 9 2 1 2 7 13 6 3 1 2 7 0 2 7 12 16 2 5 31 3 0 2 7 12 16 2 0 2 7 0 2 7 12 16 2 1 2 7 0 2 3 0 2 7 1 2 7 1 2 7 1 2 7 0 2 7 1 2 4 0 2 7 17 9 2 17 9 2 1 2 7 1 2 4 0 40.1183375120162964
0 2 7 12 16 2 17 18 2 1 2 7 0 2 7 5 31 3 12 16 2 13 6 3 0 2 7 1 2 7 0 2 7 0 2 7 0 2 7 0 2 7 17 9 2 1 2 7 13 6 3 13 6 3 12 16 2 5 30 3 1 2 7 12 16 2 1 2 7 0 2 7 12 16 2 1 2 7 0 2 7 0 2 7 1 2 7 1 2 7 1 2 7 0 2 7 0 2 7 0 2 7 1 2 7 0 2 4 17 18 2 17 9 2 0 2 4 1 2 3 0 40.1183375120162964
12 16 2 13 6 3 1 2 7 1 2 7 5 30 3 17 18 2 12 16 2 13 6 3 1 2 7 1 2 7 1 2 7 1 2 7 0 2 7 17 9 2 0 2 7 13 6 3 0 2 7 12 16 2 5 31 3 0 2 7 12 16 2 0 2 7 0 2 7 12 16 2 0 2 7 1 2 7 0 2 7 1 2 7 0 2 7 0 2 7 0 2 7 1 2 7 0 2 7 0 2 7 0 2 7 17 9 2 1 2 7 17 9 2 1 2 4 0 2 7 0 40.0383374691009521
0 2 7 12 16 2 13 6 3 1 2 7 5 30 3 17 18 2 12 16 2 13 6 3 1 2 7 1 2 7 0 2 7 0 2 7 0 2 7 17 9 2 1 2 7 13 6 3 0 2 7 0 2 7 12 16 2 5 31 3 1 2 7 12 16 2 0 2 7 12 16 2 1 2 7 0 2 7 0 2 7 0 2 7 0 2 7 0 2 7 1 2 7 1 2 7 0 2 7 1 2 7 1 2 7 0 2 7 0 2 7 1 2 4 17 9 2 17 18 2 0 40.0383374691009521
0 2 7 12 16 2 13 6 3 1 2 7 5 30 3 17 18 2 12 16 2 13 6 3 1 2 7 1 2 7 0 2 7 0 2 7 0 2 7 17 9 2 1 2 7 13 6 3 0 2 7 0 2 7 12 16 2 5 31 3 1 2 7 12 16 2 0 2 7 12 16 2 1 2 7 0 2 7 0 2 7 0 2 7 0 2 7 0 2 7 1 2 7 1 2 7 0 2 7 1 2 7 1 2 7 0 2 7 0 2 4 17 18 2 1 2 7 17 9 2 0 40.0383374691009521
0 2 7 12 16 2 13 6 3 1 2 7 0 2 7 5 30 3 17 18 2 12 16 2 13 6 3 0 2 7 0 2 7 0 2 7 0 2 7 0 2 7 17 9 2 1 2 7 13 6 3 1 2 7 0 2 7 12 16 2 5 31 3 0 2 4 12 16 2 0 2 7 0 2 7 12 16 2 0 2 7 0 2 7 1 2 7 1 2 7 1 2 7 1 2 7 1 2 7 0 2 7 1 2 7 1 2 7 17 18 2 17 18 2 0 2 7 1 2 7 0 40.0383374691009521
0 2 7 12 16 2 13 6 3 1 2 7 5 30 3 17 18 2 12 16 2 13 6 3 1 2 7 1 2 7 0 2 7 0 2 7 0 2 7 17 9 2 1 2 7 13 6 3 0 2 7 0 2 7 12 16 2 5 31 3 1 2 7 12 16 2 0 2 4 0 2 7 12 16 2 1 2 7 0 2 7 0 2 7 0 2 7 0 2 7 0 2 7 1 2 7 17 18 2 1 2 7 0 2 7 1 2 7 1 2 7 1 2 3 0 2 4 17 18 2 0 40.1183375120162964
0 2 7 12 16 2 13 6 3 1 2 7 0 2 7 5 30 3 17 18 2 12 16 2 13 6 3 0 2 7 1 2 7 0 2 7 0 2 7 0 2 7 0 2 7 17 9 2 1 2 7 13 6 3 1 2 7 0 2 7 12 16 2 5 31 3 0 2 7 12 16 2 0 2 7 0 2 7 12 16 2 1 2 7 0 2 3 0 2 7 1 2 7 1 2 7 1 2 7 0 2 7 1 2 4 0 2 7 17 9 2 17 9 2 1 2 7 1 2 4 0 40.1183375120162964
0 2 7 12 16 2 13 6 3 1 2 7 0 2 7 5 30 3 17 18 2 12 16 2 13 6 3 0 2 7 0 2 7 0 2 7 0 2 7 0 2 7 17 9 2 1 2 7 13 6 3 1 2 7 0 2 7 12 16 2 5 31 3 0 2 7 12 16 2 0 2 7 0 2 7 12 16 2 0 2 7 0 2 7 0 2 7 1 2 7 1 2 7 1 2 7 1 2 7 1 2 7 1 2 7 1 2 7 17 18 2 1 2 4 0 2 7 17 18 2 0 40.0383374691009521
0 2 7 12 16 2 13 6 3 1 2 7 0 2 7 5 30 3 17 18 2 12 16 2 13 6 3 0 2 7 0 2 7 0 2 7 0 2 7 0 2 7 17 9 2 1 2 7 13 6 3 1 2 7 0 2 7 12 16 2 5 31 3 0 2 4 12 16 2 0 2 7 0 2 7 12 16 2 0 2 7 0 2 7 1 2 7 1 2 7 0 2 7 1 2 7 1 2 7 1 2 7 1 2 7 1 2 7 17 9 2 1 2 7 17 9 2 0 2 7 0 40.0383374691009521
0 2 7 12 16 2 13 6 3 1 2 3 1 2 7 5 30 3 17 18 2 12 16 2 13 6 3 1 2 7 1 2 7 0 2 7 0 2 7 0 2 7 17 9 2 1 2 7 13 6 3 0 2 7 0 2 7 12 16 2 5 31 3 1 2 7 12 16 2 0 2 4 0 2 7 12 16 2 1 2 7 0 2 7 0 2 7 0 2 7 0 2 4 0 2 7 0 2 7 1 2 7 17 18 2 1 2 7 0 2 7 17 9 2 1 2 7 1 2 7 0 40.1183375120162964
0 2 4 12 16 2 13 6 3 1 2 7 1 2 7 5 30 3 17 18 2 12 16 2 13 6 3 1 2 7 1 2 7 1 2 7 1 2 7 0 2 7 17 9 2 0 2 7 13 6 3 0 2 7 1 2 7 12 16 2 5 31 3 0 2 7 12 16 2 0 2 7 0 2 7 12 16 2 0 2 7 1 2 7 0 2 7 1 2 7 0 2 7 0 2 7 0 2 7 0 2 7 0 2 7 0 2 7 17 9 2 1 2 3 1 2 4 17 9 2 0 40.1183375120162964
0 2 7 12 16 2 13 6 3 0 2 7 5 30 3 17 18 2 12 16 2 13 6 3 0 2 7 1 2 7 0 2 7 1 2 7 0 2 7 17 9 2 1 2 7 13 6 3 0 2 7 0 2 7 12 16 2 5 31 3 1 2 7 12 16 2 0 2 7 12 16 2 1 2 7 1 2 7 0 2 7 0 2 7 0 2 7 0 2 7 0 2 7 1 2 7 1 2 7 0 2 7 1 2 7 1 2 7 0 2 4 1 2 7 17 9 2 17 9 2 0 40.0383374691009521
0 2 7 12 16 2 13 6 3 1 2 7 5 31 3 17 18 2 12 16 2 13 6 3 1 2 7 1 2 7 0 2 7 0 2 7 0 2 7 17 9 2 1 2 7 13 6 3 0 2 7 0 2 7 12 16 2 5 30 3 1 2 7 12 16 2 0 2 7 12 16 2 1 2 7 0 2 7 0 2 7 0 2 7 0 2 7 0 2 7 1 2 7 1 2 7 0 2 7 0 2 7 1 2 7 1 2 7 17 9 2 0 2 4 17 18 2 1 2 7 0 40.0383374691009521
0 2 7 12 16 2 13 6 3 0 2 7 5 30 3 17 18 2 12 16 2 13 6 3 0 2 7 1 2 7 0 2 7 1 2 7 0 2 7 17 9 2 1 2 7 13 6 3 0 2 7 0 2 7 12 16 2 5 31 3 1 2 7 12 16 2 0 2 7 12 16 2 1 2 7 1 2 7 0 2 7 0 2 7 0 2 7 0 2 7 0 2 7 1 2 7 1 2 7 1 2 4 17 9 2 0 2 7 1 2 7 0 2 7 1 2 7 17 18 2 0 40.0383374691009521
0 2 7 12 16 2 13 6 3 0 2 7 5 30 3 17 18 2 12 16 2 13 6 3 0 2 7 1 2 7 0 2 7 1 2 7 0 2 7 17 9 2 1 2 7 13 6 3 0 2 7 0 2 7 12 16 2 5 31 3 1 2 7 12 16 2 0 2 7 12 16 2 1 2 7 1 2 7 0 2 7 0 2 7 0 2 7 0 2 7 0 2 7 1 2 7 1 2 7 0 2 7 1 2 7 1 2 7 0 2 4 1 2 7 17 18 2 17 18 2 0 40.0383374691009521
0 2 7 12 16 2 13 6 3 1 2 7 5 30 3 17 18 2 12 16 2 13 6 3 1 2 7 1 2 7 0 2 7 0 2 7 0 2 7 17 9 2 1 2 7 13 6 3 0 2 7 0 2 7 12 16 2 5 31 3 1 2 7 12 16 2 0 2 4 0 2 7 12 16 2 1 2 7 0 2 7 0 2 7 0 2 7 0 2 7 0 2 7 1 2 7 17 18 2 1 2 7 0 2 7 1 2 7 1 2 7 1 2 3 0 2 4 17 18 2 0 40.1183375120162964
0 2 7 12 16 2 13 6 3 1 2 7 5 31 3 17 18 2 12 16 2 13 6 3 1 2 7 1 2 7 0 2 7 0 2 7 0 2 7 17 9 2 1 2 7 13 6 3 0 2 7 0 2 7 12 16 2 5 30 3 1 2 7 12 16 2 0 2 7 12 16 2 1 2 7 0 2 7 0 2 7 0 2 7 0 2 7 0 2 7 1 2 7 1 2 7 0 2 7 1 2 4 0 2 7 1 2 7 1 2 7 0 2 7 17 18 2 17 18 2 0 40.0383374691009521
0 2 7 12 16 2 13 6 3 0 2 7 5 30 3 17 18 2 12 16 2 13 6 3 0 2 7 1 2 7 0 2 7 1 2 7 0 2 7 17 9 2 1 2 7 13 6 3 0 2 7 0 2 7 12 16 2 5 31 3 1 2 7 12 16 2 0 2 7 12 16 2 1 2 7 1 2 7 0 2 7 0 2 7 0 2 7 0 2 7 0 2 7 1 2 7 1 2 7 1 2 4 17 9 2 0 2 7 17 9 2 1 2 7 0 2 7 1 2 7 0 40.0383374691009521
0 2 4 12 16 2 13 6 3 1 2 7 1 2 7 5 30 3 17 18 2 12 16 2 13 6 3 1 2 7 1 2 7 1 2 7 1 2 7 0 2 7 17 9 2 0 2 7 13 6 3 0 2 7 1 2 7 12 16 2 5 31 3 0 2 7 12 16 2 0 2 7 0 2 7 12 16 2 0 2 7 1 2 7 0 2 7 1 2 7 0 2 7 0 2 7 0 2 7 0 2 7 0 2 7 0 2 7 17 9 2 1 2 3 1 2 4 17 9 2 0 40.1183375120162964
0 2 4 12 16 2 13 6 3 1 2 7 1 2 7 5 30 3 17 18 2 12 16 2 13 6 3 1 2 7 1 2 7 1 2 7 1 2 7 0 2 7 17 9 2 0 2 7 13 6 3 0 2 7 1 2 7 12 16 2 5 31 3 0 2 7 12 16 2 0 2 7 0 2 7 12 16 2 0 2 7 1 2 7 0 2 7 1 2 7 0 2 7 0 2 7 0 2 7 0 2 7 0 2 7 17 9 2 17 9 2 1 2 7 0 2 3 1 2 4 0 40.1183375120162964
0 2 7 12 16 2 13 6 3 1 2 7 0 2 7 5 30 3 17 18 2 12 16 2 13 6 3 0 2 7 1 2 7 0 2 7 0 2 7 0 2 7 0 2 7 17 9 2 1 2 7 13 6 3 1 2 7 0 2 7 12 16 2 5 31 3 0 2 7 12 16 2 0 2 7 0 2 7 12 16 2 1 2 7 0 2 3 0 2 7 1 2 7 1 2 7 1 2 7 0 2 7 1 2 4 0 2 7 17 9 2 17 9 2 1 2 7 1 2 4 0 40.1183375120162964
0 2 7 12 16 2 13 6 3 0 2 7 5 31 3 17 18 2 12 16 2 13 6 3 1 2 7 1 2 7 1 2 7 0 2 7 0 2 7 17 9 2 1 2 7 13 6 3 0 2 7 0 2 7 12 16 2 5 30 3 1 2 7 12 16 2 0 2 7 12 16 2 1 2 7 0 2 7 0 2 7 0 2 7 0 2 7 0 2 7 1 2 4 1 2 7 0 2 7 0 2 7 1 2 7 0 2 7 17 9 2 1 2 7 1 2 7 17 9 2 0 40.0383374691009521
0 2 7 12 16 2 13 6 3 0 2 7 5 31 3 17 18 2 12 16 2 13 6 3 1 2 7 1 2 7 0 2 7 0 2 7 0 2 7 17 9 2 1 2 7 13 6 3 0 2 7 1 2 7 12 16 2 5 30 3 0 2 7 12 16 2 0 2 7 12 16 2 1 2 7 0 2 7 0 2 7 0 2 7 0 2 7 1 2 7 1 2 7 0 2 7 0 2 7 1 2 7 1 2 7 1 2 4 17 9 2 1 2 7 0 2 7 17 18 2 0 40.0383374691009521
0 2 7 12 16 2 13 6 3 1 2 7 5 31 3 17 18 2 12 16 2 13 6 3 1 2 7 1 2 7 0 2 7 0 2 7 0 2 7 17 9 2 1 2 7 13 6 3 0 2 7 0 2 7 12 16 2 5 30 3 1 2 7 12 16 2 0 2 7 12 16 2 1 2 7 0 2 7 0 2 7 0 2 7 0 2 7 0 2 7 1 2 7 1 2 7 0 2 7 0 2 7 1 2 7 1 2 7 17 18 2 0 2 4 1 2 7 17 9 2 0 40.0383374691009521
0 2 7 12 16 2 13 6 3 1 2 7 5 31 3 17 18 2 12 16 2 13 6 3 1 2 7 1 2 7 0 2 7 0 2 7 0 2 7 17 9 2 1 2 7 13 6 3 0 2 7 0 2 7 12 16 2 5 30 3 1 2 7 12 16 2 0 2 7 12 16 2 1 2 7 0 2 7 0 2 7 0 2 7 0 2 7 0 2 7 1 2 7 1 2 7 0 2 7 1 2 4 0 2 7 1 2 7 1 2 7 0 2 7 17 18 2 17 18 2 0 40.0383374691009521
0 2 7 12 16 2 13 6 3 1 2 7 5 30 3 17 18 2 12 16 2 13 6 3 1 2 7 1 2 7 0 2 7 0 2 7 0 2 7 17 9 2 1 2 7 13 6 3 0 2 7 0 2 7 12 16 2 5 31 3 1 2 7 12 16 2 0 2 4 0 2 7 12 16 2 1 2 7 0 2 7 0 2 7 0 2 7 0 2 7 0 2 7 1 2 7 17 18 2 1 2 7 0 2 7 1 2 7 1 2 7 1 2 3 0 2 4 17 18 2 0 40.1183375120162964
0 2 7 12 16 2 13 6 3 0 2 7 5 31 3 17 18 2 12 16 2 13 6 3 1 2 7 1 2 7 1 2 7 0 2 7 0 2 7 17 9 2 1 2 7 13 6 3 0 2 7 0 2 7 12 16 2 5 30 3 1 2 7 12 16 2 0 2 7 12 16 2 1 2 7 0 2 7 0 2 7 0 2 7 0 2 7 0 2 7 1 2 7 0 2 7 0 2 7 1 2 7 17 9 2 1 2 7 17 9 2 1 2 7 1 2 7 0 2 4 0 40.0383374691009521
0 2 7 12 16 2 13 6 3 1 2 7 5 31 3 17 18 2 12 16 2 13 6 3 1 2 7 1 2 7 0 2 7 0 2 7 0 2 7 17 9 2 1 2 7 13 6 3 0 2 7 0 2 7 12 16 2 5 30 3 1 2 7 12 16 2 0 2 7 12 16 2 1 2 7 0 2 7 0 2 7 0 2 7 0 2 7 0 2 7 1 2 7 1 2 7 0 2 7 0 2 7 1 2 7 1 2 7 17 18 2 0 2 4 1 2 7 17 18 2 0 40.0383374691009521
0 2 4 12 16 2 13 6 3 1 2 7 1 2 7 5 30 3 17 18 2 12 16 2 13 6 3 1 2 7 1 2 7 1 2 7 1 2 7 0 2 7 17 9 2 0 2 7 13 6 3 0 2 7 1 2 7 12 16 2 5 31 3 0 2 7 12 16 2 0 2 7 0 2 7 12 16 2 0 2 7 1 2 7 0 2 7 1 2 7 0 2 7 0 2 7 0 2 7 0 2 7 0 2 7 17 9 2 17 9 2 1 2 7 0 2 3 1 2 4 0 40.1183375120162964
0 2 7 12 16 2 13 6 3 1 2 7 5 31 3 17 18 2 12 16 2 13 6 3 1 2 7 1 2 7 0 2 7 0 2 7 0 2 7 17 9 2 1 2 7 13 6 3 0 2 7 0 2 7 12 16 2 5 30 3 1 2 7 12 16 2 0 2 7 12 16 2 1 2 7 0 2 7 0 2 7 0 2 7 0 2 7 0 2 7 1 2 7 1 2 7 0 2 7 0 2 7 1 2 7 17 9 2 0 2 4 1 2 4 17 9 2 1 2 3 0 40.1183375120162964
0 2 7 12 16 2 13 6 3 1 2 7 5 31 3 17 18 2 12 16 2 13 6 3 1 2 7 1 2 7 0 2 7 0 2 7 0 2 7 17 9 2 1 2 7 13 6 3 0 2 7 0 2 7 12 16 2 5 30 3 1 2 7 12 16 2 0 2 7 12 16 2 0 2 7 0 2 7 0 2 7 0 2 7 0 2 7 0 2 7 1 2 7 1 2 7 0 2 7 0 2 3 1 2 7 17 9 2 1 2 4 1 2 7 17 9 2 1 2 4 0 40.1183375120162964
MonoObjective Genetic Algorithm
Number of Evaluations = 0
Mutation Probability = 0
Crossover Probability = 1
Population Size = 10
Survival Selection Type = 15
Time =  9003.85758709907532
0 2 7 12 16 2 13 6 3 0 2 7 5 31 3 17 18 2 12 16 2 13 6 3 1 2 7 1 2 7 1 2 7 0 2 7 0 2 7 17 9 2 1 2 7 13 6 3 0 2 7 0 2 7 12 16 2 5 30 3 1 2 7 12 16 2 0 2 7 12 16 2 1 2 7 0 2 7 0 2 7 0 2 7 0 2 7 0 2 7 1 2 4 1 2 7 0 2 7 0 2 7 1 2 7 0 2 7 17 9 2 1 2 7 1 2 7 17 9 2 0 40.0383374691009521
0 2 7 12 16 2 13 6 3 0 2 7 5 31 3 17 18 2 12 16 2 13 6 3 1 2 7 1 2 7 0 2 7 0 2 7 0 2 7 17 9 2 1 2 7 13 6 3 0 2 7 1 2 7 12 16 2 5 30 3 0 2 7 12 16 2 0 2 7 12 16 2 1 2 7 0 2 7 0 2 7 0 2 7 0 2 7 1 2 7 1 2 7 0 2 7 0 2 7 1 2 7 1 2 7 1 2 4 17 9 2 1 2 7 0 2 7 17 18 2 0 40.0383374691009521
0 2 7 12 16 2 13 6 3 1 2 7 5 31 3 17 18 2 12 16 2 13 6 3 1 2 7 1 2 7 0 2 7 0 2 7 0 2 7 17 9 2 1 2 7 13 6 3 0 2 7 0 2 7 12 16 2 5 30 3 1 2 7 12 16 2 0 2 7 12 16 2 1 2 7 0 2 7 0 2 7 0 2 7 0 2 7 0 2 7 1 2 7 1 2 7 0 2 7 0 2 7 1 2 7 1 2 7 17 18 2 0 2 4 1 2 7 17 9 2 0 40.0383374691009521
0 2 7 12 16 2 13 6 3 1 2 7 5 31 3 17 18 2 12 16 2 13 6 3 1 2 7 1 2 7 0 2 7 0 2 7 0 2 7 17 9 2 1 2 7 13 6 3 0 2 7 0 2 7 12 16 2 5 30 3 1 2 7 12 16 2 0 2 7 12 16 2 1 2 7 0 2 7 0 2 7 0 2 7 0 2 7 0 2 7 1 2 7 1 2 7 0 2 7 1 2 4 0 2 7 1 2 7 1 2 7 0 2 7 17 18 2 17 18 2 0 40.0383374691009521
0 2 7 12 16 2 13 6 3 1 2 7 5 30 3 17 18 2 12 16 2 13 6 3 1 2 7 1 2 7 0 2 7 0 2 7 0 2 7 17 9 2 1 2 7 13 6 3 0 2 7 0 2 7 12 16 2 5 31 3 1 2 7 12 16 2 0 2 4 0 2 7 12 16 2 1 2 7 0 2 7 0 2 7 0 2 7 0 2 7 0 2 7 1 2 7 17 18 2 1 2 7 0 2 7 1 2 7 1 2 7 1 2 3 0 2 4 17 18 2 0 40.1183375120162964
0 2 7 12 16 2 13 6 3 0 2 7 5 31 3 17 18 2 12 16 2 13 6 3 1 2 7 1 2 7 1 2 7 0 2 7 0 2 7 17 9 2 1 2 7 13 6 3 0 2 7 0 2 7 12 16 2 5 30 3 1 2 7 12 16 2 0 2 7 12 16 2 1 2 7 0 2 7 0 2 7 0 2 7 0 2 7 0 2 7 1 2 7 0 2 7 0 2 7 1 2 7 17 9 2 1 2 7 17 9 2 1 2 7 1 2 7 0 2 4 0 40.0383374691009521
0 2 7 12 16 2 13 6 3 1 2 7 5 31 3 17 18 2 12 16 2 13 6 3 1 2 7 1 2 7 0 2 7 0 2 7 0 2 7 17 9 2 1 2 7 13 6 3 0 2 7 0 2 7 12 16 2 5 30 3 1 2 7 12 16 2 0 2 7 12 16 2 1 2 7 0 2 7 0 2 7 0 2 7 0 2 7 0 2 7 1 2 7 1 2 7 0 2 7 0 2 7 1 2 7 1 2 7 17 18 2 0 2 4 1 2 7 17 18 2 0 40.0383374691009521
0 2 4 12 16 2 13 6 3 1 2 7 1 2 7 5 30 3 17 18 2 12 16 2 13 6 3 1 2 7 1 2 7 1 2 7 1 2 7 0 2 7 17 9 2 0 2 7 13 6 3 0 2 7 1 2 7 12 16 2 5 31 3 0 2 7 12 16 2 0 2 7 0 2 7 12 16 2 0 2 7 1 2 7 0 2 7 1 2 7 0 2 7 0 2 7 0 2 7 0 2 7 0 2 7 17 9 2 17 9 2 1 2 7 0 2 3 1 2 4 0 40.1183375120162964
0 2 7 12 16 2 13 6 3 1 2 7 5 31 3 17 18 2 12 16 2 13 6 3 1 2 7 1 2 7 0 2 7 0 2 7 0 2 7 17 9 2 1 2 7 13 6 3 0 2 7 0 2 7 12 16 2 5 30 3 1 2 7 12 16 2 0 2 7 12 16 2 1 2 7 0 2 7 0 2 7 0 2 7 0 2 7 0 2 7 1 2 7 1 2 7 0 2 7 0 2 7 1 2 7 17 9 2 0 2 4 1 2 4 17 9 2 1 2 3 0 40.1183375120162964
0 2 7 12 16 2 13 6 3 1 2 7 5 31 3 17 18 2 12 16 2 13 6 3 1 2 7 1 2 7 0 2 7 0 2 7 0 2 7 17 9 2 1 2 7 13 6 3 0 2 7 0 2 7 12 16 2 5 30 3 1 2 7 12 16 2 0 2 7 12 16 2 0 2 7 0 2 7 0 2 7 0 2 7 0 2 7 0 2 7 1 2 7 1 2 7 0 2 7 0 2 3 1 2 7 17 9 2 1 2 4 1 2 7 17 9 2 1 2 4 0 40.1183375120162964
