0 2 7 13 6 3 8 9 2 12 16 2 5 30 3 0 2 7 0 2 7 12 16 2 0 2 7 0 2 7 1 2 3 1 2 7 5 31 3 1 2 7 0 2 7 5 31 3 0 2 4 12 16 2 16 30 2 1 2 7 17 9 2 1 2 3 12 16 2 16 6 2 0 2 7 0 2 7 0 2 7 0 2 7 0 2 4 0 2 7 1 2 7 0 2 7 1 2 7 1 2 7 17 18 2 0 2 7 0 2 7 1 2 7 1 2 7 0 2 7 0 40.766689658164978
12 16 2 13 6 3 17 9 2 12 16 2 5 30 3 1 2 7 0 2 7 12 16 2 0 2 7 0 2 7 1 2 7 1 2 7 0 2 7 1 2 7 0 2 7 5 30 3 0 2 7 12 16 2 6 2 4 1 2 7 5 30 3 1 2 7 12 16 2 16 31 2 0 2 7 0 2 7 0 2 7 0 2 4 0 2 7 5 31 3 16 31 2 0 2 7 0 2 7 0 2 7 17 18 2 0 2 4 1 2 7 0 2 7 6 2 4 0 2 7 0 40.8999174833297729
12 16 2 13 6 3 1 2 7 12 16 2 5 30 3 0 2 7 0 2 7 12 16 2 1 2 7 1 2 7 5 30 3 1 2 3 0 2 7 0 2 7 0 2 7 5 30 3 0 2 7 12 16 2 16 30 2 1 2 7 5 31 3 0 2 4 12 16 2 16 31 2 0 2 7 1 2 7 0 2 7 0 2 7 0 2 7 17 18 2 16 30 2 0 2 7 0 2 7 1 2 7 8 18 2 0 2 7 0 2 7 0 2 7 1 2 3 0 2 7 0 40.9916895627975464
12 16 2 13 6 3 8 9 2 12 16 2 5 30 3 0 2 7 0 2 7 12 16 2 0 2 7 1 2 7 1 2 7 1 2 7 0 2 3 1 2 7 0 2 7 5 31 3 0 2 7 12 16 2 16 6 2 1 2 7 5 30 3 1 2 3 12 16 2 16 6 2 0 2 7 0 2 7 0 2 7 1 2 7 0 2 7 1 2 4 16 31 2 0 2 3 0 2 7 0 2 7 17 18 2 0 2 7 0 2 7 0 2 7 1 2 3 0 2 3 0 41.1012485027313232
12 16 2 13 6 3 17 9 2 12 16 2 5 30 3 0 2 4 0 2 7 12 16 2 0 2 7 1 2 7 6 2 7 0 2 7 0 2 4 8 18 2 1 2 7 5 31 3 0 2 7 12 16 2 16 6 2 1 2 7 5 30 3 0 2 7 12 16 2 16 31 2 0 2 7 0 2 7 1 2 7 1 2 7 1 2 7 0 2 7 5 30 3 1 2 7 0 2 4 0 2 7 17 18 2 0 2 4 0 2 7 0 2 10 0 2 7 0 2 7 0 41.0365274548530579
12 16 2 13 6 3 17 9 2 12 16 2 5 31 3 0 2 7 0 2 7 0 2 7 1 2 3 1 2 3 1 2 7 0 2 7 0 2 4 8 9 2 1 2 3 0 2 3 0 2 3 12 16 2 16 30 2 0 2 3 5 30 3 1 2 4 12 16 2 16 6 2 0 2 7 0 2 7 1 2 7 0 2 7 0 2 7 1 2 7 5 30 3 1 2 3 1 2 7 0 2 4 17 18 2 0 2 4 0 2 7 0 2 7 1 2 7 0 2 7 0 41.1264107227325439
12 16 2 16 18 11 17 9 2 1 2 7 8 18 2 0 2 7 0 2 7 0 2 7 1 2 3 0 2 7 12 16 2 0 2 7 1 2 4 0 2 7 16 6 2 1 2 7 0 2 7 17 18 2 0 2 3 1 2 7 5 31 3 0 2 7 12 16 2 0 2 7 0 2 3 1 2 4 1 2 7 0 2 7 1 2 3 5 30 3 0 2 7 0 2 7 0 2 7 0 2 4 0 2 7 0 2 4 1 2 7 1 2 7 5 31 3 1 2 4 0 41.3571247458457947
5 30 3 13 6 3 17 9 2 8 18 2 0 2 7 1 2 7 1 2 7 12 16 2 6 2 3 0 2 7 1 2 3 1 2 3 0 2 7 0 2 7 1 2 7 5 30 3 0 2 3 12 16 2 16 30 2 0 2 11 5 30 3 1 2 7 1 2 7 16 6 2 0 2 7 5 30 3 0 2 7 0 2 7 0 2 7 5 31 3 17 9 2 0 2 7 0 2 3 0 2 7 0 2 7 0 2 3 0 2 7 1 2 7 0 2 7 0 2 7 0 41.3385456800460815
12 16 2 13 6 3 8 9 2 12 16 2 12 16 2 0 2 7 0 2 7 12 16 2 0 2 7 0 2 7 12 16 2 1 2 7 0 2 7 1 2 7 16 9 11 5 30 3 0 2 7 12 16 2 16 6 2 1 2 7 5 30 3 0 2 7 12 16 2 16 31 2 1 2 7 0 2 7 0 2 3 0 2 3 0 2 4 5 30 3 16 31 2 0 2 4 0 2 3 0 2 3 1 2 7 5 30 3 1 2 7 0 2 7 0 2 7 0 2 7 0 41.7111923098564148
17 9 2 16 19 11 5 31 3 0 2 7 8 18 2 1 2 7 12 16 2 0 2 7 0 2 7 6 2 7 5 30 3 17 18 2 16 19 11 0 2 7 0 2 7 0 2 7 0 2 7 5 31 3 0 2 7 1 2 7 1 2 7 0 2 7 0 2 7 1 2 7 0 2 7 1 2 7 0 2 7 1 2 7 0 2 7 5 30 3 0 2 7 1 2 7 0 2 7 0 2 7 0 2 7 0 2 7 1 2 7 0 2 7 0 2 7 5 30 3 0 41.7206944823265076
12 16 2 13 6 3 17 9 2 17 9 2 0 2 7 0 2 7 1 2 7 12 16 2 1 2 7 13 6 3 0 2 7 1 2 7 1 2 7 1 2 7 1 2 7 17 9 2 0 2 7 12 16 2 17 9 2 0 2 4 5 31 3 1 2 7 0 2 7 5 31 3 1 2 7 0 2 7 6 2 7 0 2 7 1 2 7 1 2 7 5 30 3 0 2 7 0 2 7 0 2 7 0 2 7 0 2 7 1 2 7 0 2 7 0 2 4 0 2 7 0 40.2815956473350525
12 16 2 13 6 3 17 9 2 17 9 2 0 2 7 5 31 3 0 2 4 12 16 2 1 2 7 1 2 7 1 2 7 1 2 4 0 2 7 0 2 7 1 2 7 17 9 2 0 2 4 12 16 2 0 2 7 0 2 7 5 30 3 0 2 7 1 2 4 0 2 7 0 2 7 0 2 4 1 2 7 0 2 7 0 2 7 0 2 3 5 30 3 1 2 7 0 2 7 0 2 7 1 2 7 1 2 7 0 2 3 1 2 7 13 6 3 17 9 2 0 40.4155756235122681
12 16 2 13 6 3 17 9 2 17 9 2 0 2 7 0 2 4 1 2 7 0 2 7 1 2 7 0 2 7 1 2 7 0 2 7 0 2 7 0 2 7 0 2 7 17 9 2 0 2 7 12 16 2 17 9 2 1 2 4 5 30 3 1 2 7 0 2 4 5 31 3 0 2 7 0 2 7 1 2 7 0 2 4 1 2 7 1 2 7 5 31 3 1 2 7 1 2 7 6 2 3 0 2 7 0 2 4 0 2 4 1 2 7 0 2 7 1 2 4 0 40.4254367351531982
12 16 2 13 6 3 17 9 2 17 9 2 0 2 3 0 2 7 1 2 7 12 16 2 1 2 7 13 6 3 0 2 7 1 2 7 1 2 7 1 2 7 1 2 7 17 9 2 0 2 7 12 16 2 17 9 2 0 2 4 5 30 3 1 2 7 0 2 7 5 31 3 0 2 7 0 2 7 6 2 3 0 2 7 1 2 7 0 2 7 5 30 3 1 2 7 0 2 4 0 2 4 0 2 7 1 2 7 1 2 7 0 2 3 0 2 4 0 2 7 0 40.4413166046142578
12 16 2 0 2 7 5 31 3 17 18 2 1 2 7 0 2 4 0 2 7 12 16 2 0 2 7 0 2 7 0 2 7 1 2 7 17 9 2 0 2 7 1 2 7 17 9 2 0 2 4 12 16 2 17 9 2 1 2 7 5 30 3 0 2 4 0 2 4 5 30 3 1 2 7 1 2 7 1 2 7 0 2 7 0 2 7 0 2 7 5 30 3 1 2 7 1 2 7 0 2 4 13 6 3 13 6 3 0 2 7 0 2 7 6 2 3 0 2 7 0 40.5530635118484497
12 16 2 13 6 3 17 9 2 17 9 2 0 2 7 0 2 7 0 2 11 12 16 2 1 2 7 0 2 7 0 2 7 0 2 7 8 18 2 0 2 7 1 2 7 17 9 2 0 2 7 12 16 2 17 9 2 1 2 7 5 30 3 1 2 7 0 2 7 5 30 3 0 2 7 1 2 7 1 2 7 0 2 7 1 2 7 1 2 7 5 31 3 1 2 7 1 2 7 0 2 7 1 2 7 13 6 3 0 2 4 0 2 7 0 2 12 0 2 7 0 40.5614286661148071
12 16 2 13 6 3 17 18 2 17 9 2 0 2 4 0 2 7 1 2 4 1 2 3 1 2 4 0 2 7 0 2 7 0 2 7 1 2 7 0 2 7 1 2 7 17 9 2 0 2 4 12 16 2 17 9 2 1 2 7 5 31 3 1 2 7 0 2 7 5 31 3 0 2 7 0 2 7 0 2 7 0 2 4 1 2 7 6 2 7 5 30 3 1 2 4 0 2 4 1 2 7 0 2 7 0 2 7 1 2 7 0 2 7 0 2 7 1 2 7 0 40.425436794757843
12 16 2 13 6 3 17 9 2 8 9 2 0 2 7 0 2 7 1 2 7 1 2 7 0 2 7 0 2 7 0 2 7 0 2 7 0 2 7 0 2 7 1 2 7 17 9 2 0 2 7 12 16 2 17 9 2 1 2 7 5 30 3 1 2 7 0 2 7 5 31 3 0 2 7 0 2 7 1 2 7 1 2 7 1 2 7 0 2 7 5 31 3 1 2 7 0 2 7 16 6 2 0 2 7 1 2 7 0 2 7 1 2 7 0 2 7 1 2 7 0 40.4091576337814331
12 16 2 13 6 3 0 2 7 12 16 2 1 2 3 1 2 7 0 2 7 12 16 2 8 18 2 0 2 7 1 2 3 1 2 7 0 2 7 1 2 7 0 2 7 1 2 7 1 2 7 5 30 3 16 6 2 0 2 7 5 30 3 0 2 7 12 16 2 17 9 2 1 2 7 5 31 3 0 2 7 1 2 7 0 2 4 0 2 7 16 31 2 0 2 7 0 2 7 0 2 7 17 18 2 0 2 7 0 2 4 0 2 7 1 2 7 0 2 7 0 40.7666895389556885
12 16 2 13 6 3 17 9 2 17 9 2 0 2 7 0 2 7 1 2 7 0 16 2 1 2 7 1 2 3 0 2 7 1 2 7 1 2 3 1 2 7 1 2 7 17 9 2 0 2 7 12 16 2 17 9 2 1 2 4 5 30 3 0 2 7 0 2 7 5 31 3 1 2 7 0 2 7 13 2 3 0 2 7 1 2 7 1 2 7 5 30 3 0 2 7 0 2 7 6 2 7 0 2 7 0 2 7 0 2 7 0 2 7 0 2 7 0 2 7 453247.316243134148 40.7150107026100159
12 16 2 13 6 3 17 9 2 17 9 2 0 2 7 0 2 7 1 2 7 12 16 2 1 2 7 13 6 3 0 2 7 1 2 7 1 2 7 1 2 7 1 2 7 17 9 2 0 2 7 12 16 2 17 9 2 0 2 7 5 31 3 1 2 7 0 2 7 5 31 3 1 2 4 0 2 7 6 2 4 1 2 7 1 2 7 1 2 7 5 30 3 0 2 7 0 2 7 0 2 7 0 2 7 0 2 7 0 2 7 0 2 7 0 2 7 0 2 7 0 40.2815956473350525
12 16 2 13 6 3 17 9 2 17 9 2 1 2 7 0 2 7 1 2 7 12 16 2 1 2 7 13 6 3 0 2 7 1 2 7 0 2 7 1 2 7 1 2 7 17 9 2 0 2 7 12 16 2 17 9 2 0 2 7 5 30 3 1 2 7 0 2 4 5 31 3 0 2 7 0 2 7 6 2 7 1 2 7 1 2 7 1 2 7 5 31 3 0 2 7 0 2 4 0 2 7 0 2 7 0 2 7 0 2 7 1 2 7 0 2 7 0 2 7 0 40.2815956473350525
12 16 2 13 6 3 17 9 2 17 9 2 1 2 7 0 2 7 1 2 7 12 16 2 1 2 7 13 6 3 0 2 7 1 2 7 0 2 7 1 2 7 1 2 7 17 9 2 0 2 7 12 16 2 17 9 2 0 2 7 5 30 3 1 2 7 0 2 4 5 31 3 0 2 7 0 2 7 6 2 4 1 2 7 0 2 7 1 2 7 5 31 3 0 2 7 1 2 7 0 2 7 0 2 7 0 2 7 0 2 7 1 2 7 0 2 7 0 2 7 0 40.2815956473350525
12 16 2 13 6 3 17 9 2 17 9 2 0 2 7 0 2 7 1 2 7 12 16 2 1 2 4 13 6 3 0 2 7 1 2 7 6 2 7 1 2 7 1 2 7 17 9 2 0 2 7 12 16 2 17 9 2 0 2 7 5 31 3 1 2 7 0 2 7 5 31 3 1 2 7 0 2 7 1 2 7 1 2 7 1 2 7 1 2 7 5 30 3 0 2 7 0 2 7 0 2 7 0 2 4 0 2 7 0 2 7 0 2 7 0 2 7 0 2 7 0 40.2815956473350525
12 16 2 13 6 3 17 9 2 17 9 2 0 2 7 0 2 7 1 2 7 12 16 2 0 2 7 13 6 3 0 2 4 1 2 7 1 2 7 1 2 7 1 2 7 17 9 2 0 2 4 12 16 2 17 18 2 0 2 7 5 31 3 1 2 7 0 2 7 5 31 3 0 2 7 0 2 7 6 2 7 1 2 7 1 2 7 1 2 7 5 30 3 0 2 7 0 2 7 0 2 7 0 2 7 0 2 7 0 2 7 0 2 7 1 2 7 1 2 7 0 40.2815956473350525
12 16 2 13 6 3 17 9 2 17 9 2 15 2 11 0 2 7 1 2 7 12 16 2 1 2 7 0 2 4 1 2 7 1 2 7 0 2 7 0 2 7 1 2 7 17 9 2 0 2 7 12 16 2 1 2 7 1 2 7 5 30 3 0 2 7 0 2 7 5 30 3 0 2 7 1 2 7 0 2 4 1 2 7 0 2 7 0 2 7 5 31 3 0 2 7 1 2 7 0 2 7 1 2 7 0 2 7 0 2 7 0 2 7 13 6 3 17 9 2 0 40.3558205366134644
12 16 2 13 6 3 17 9 2 17 9 2 0 2 7 5 31 3 0 2 4 12 16 2 1 2 7 1 2 7 1 2 7 1 2 4 0 2 7 0 2 7 1 2 7 17 9 2 0 2 4 12 16 2 0 2 7 0 2 7 5 30 3 0 2 7 1 2 4 0 2 7 0 2 7 0 2 4 1 2 7 0 2 7 0 2 7 0 2 3 5 30 3 1 2 7 0 2 7 0 2 7 1 2 7 1 2 7 0 2 3 1 2 7 13 6 3 17 9 2 0 40.4155756235122681
12 16 2 13 6 3 17 9 2 17 9 2 1 2 4 0 2 4 1 2 7 0 16 7 1 2 7 0 2 7 1 2 7 1 2 7 0 2 7 0 2 7 1 2 7 17 9 2 0 2 7 12 16 2 17 9 2 0 2 4 5 31 3 1 2 7 0 2 7 5 31 3 0 2 4 0 2 7 1 2 7 0 2 4 1 2 7 1 2 7 5 31 3 1 2 7 1 2 7 0 2 3 0 2 7 0 2 4 0 2 7 1 2 7 0 2 7 0 2 7 127979.460322287239 40.6081568002700806
12 16 2 13 6 3 17 9 2 8 9 2 0 2 7 0 2 7 1 2 7 1 2 7 0 2 7 0 2 7 0 2 7 0 2 7 0 2 7 0 2 7 1 2 7 17 9 2 0 2 7 12 16 2 17 9 2 1 2 7 5 30 3 1 2 7 0 2 7 5 31 3 0 2 7 0 2 7 1 2 7 1 2 7 1 2 7 0 2 7 5 31 3 1 2 7 0 2 7 16 6 2 0 2 7 1 2 7 0 2 7 1 2 7 0 2 7 1 2 7 0 40.4091576337814331
12 16 2 13 6 3 17 18 2 17 9 2 0 2 4 0 2 7 1 2 4 1 2 3 1 2 4 0 2 7 0 2 7 0 2 7 1 2 7 0 2 7 1 2 7 17 9 2 0 2 4 12 16 2 17 9 2 1 2 7 5 31 3 1 2 7 0 2 7 5 31 3 0 2 7 0 2 7 0 2 7 0 2 4 1 2 7 6 2 7 5 30 3 1 2 4 0 2 4 1 2 7 0 2 7 0 2 7 1 2 7 0 2 7 0 2 7 1 2 7 0 40.425436794757843
12 16 2 13 6 3 17 9 2 17 9 2 1 2 7 0 2 7 1 2 7 12 16 2 0 2 7 13 6 3 0 2 7 1 2 7 0 2 7 1 2 7 6 2 7 17 9 2 0 2 7 12 16 2 17 9 2 0 2 7 5 31 3 1 2 4 0 2 7 5 31 3 1 2 7 0 2 7 1 2 7 1 2 4 1 2 7 0 2 7 5 30 3 0 2 7 1 2 7 1 2 7 0 2 7 0 2 7 0 2 7 0 2 7 0 2 7 0 2 7 0 40.2815956473350525
12 16 2 13 6 3 17 9 2 17 9 2 1 2 7 6 2 7 1 2 4 12 16 2 0 2 7 13 6 3 0 2 7 1 2 7 1 2 7 1 2 7 1 2 7 17 9 2 0 2 7 12 16 2 17 18 2 0 2 7 5 30 3 0 2 7 0 2 7 5 31 3 0 2 7 0 2 7 1 2 7 1 2 7 1 2 7 0 2 4 5 31 3 1 2 7 0 2 7 0 2 7 0 2 7 0 2 7 0 2 7 0 2 7 1 2 7 0 2 7 0 40.2815956473350525
12 16 2 13 6 3 17 9 2 17 9 2 1 2 7 0 2 7 1 2 4 12 16 2 0 2 7 13 6 3 0 2 7 1 2 7 1 2 7 1 2 7 1 2 7 17 9 2 0 2 7 12 16 2 17 18 2 0 2 7 5 30 3 1 2 7 0 2 7 5 31 3 0 2 7 0 2 7 6 2 4 1 2 7 1 2 7 1 2 7 5 31 3 1 2 7 0 2 7 0 2 7 0 2 7 0 2 7 0 2 7 0 2 7 0 2 7 0 2 7 0 40.2815956473350525
12 16 2 13 6 3 17 9 2 17 9 2 1 2 7 0 2 4 1 2 7 12 16 2 0 2 7 13 6 3 0 2 7 6 2 4 1 2 7 1 2 7 1 2 7 17 9 2 0 2 7 12 16 2 17 18 2 0 2 7 5 30 3 1 2 7 0 2 7 5 31 3 0 2 7 1 2 7 0 2 7 1 2 7 1 2 7 0 2 7 5 31 3 0 2 7 0 2 7 0 2 7 0 2 7 0 2 7 0 2 7 1 2 7 1 2 7 0 2 7 0 40.2815956473350525
12 16 2 13 6 3 17 9 2 17 9 2 1 2 7 0 2 7 1 2 7 12 16 2 1 2 7 13 6 3 0 2 7 0 2 7 0 2 7 1 2 7 1 2 7 17 9 2 0 2 7 12 16 2 17 9 2 0 2 7 5 31 3 1 2 7 0 2 4 5 30 3 0 2 7 0 2 7 1 2 7 1 2 7 1 2 7 1 2 7 5 31 3 0 2 7 6 2 4 0 2 7 0 2 7 0 2 7 0 2 7 0 2 7 1 2 7 0 2 7 0 40.2815956473350525
12 16 2 13 6 3 17 9 2 17 9 2 0 2 7 0 2 7 1 2 7 12 16 2 0 2 7 13 6 3 0 2 4 1 2 7 1 2 7 1 2 7 1 2 7 17 9 2 0 2 4 12 16 2 17 18 2 0 2 7 5 31 3 1 2 7 0 2 7 5 31 3 0 2 7 1 2 7 6 2 7 1 2 7 1 2 7 1 2 7 5 30 3 0 2 7 0 2 7 0 2 7 0 2 7 0 2 7 0 2 7 0 2 7 0 2 7 1 2 7 0 40.2815956473350525
12 16 2 13 6 3 17 9 2 17 9 2 0 2 7 0 2 7 1 2 7 12 16 2 1 2 7 13 6 3 0 2 7 1 2 4 1 2 7 1 2 7 1 2 7 17 9 2 0 2 7 12 16 2 17 9 2 0 2 7 5 31 3 1 2 7 0 2 7 5 31 3 1 2 7 0 2 7 6 2 4 1 2 7 1 2 7 1 2 7 5 30 3 0 2 7 0 2 7 0 2 7 0 2 7 0 2 7 0 2 7 0 2 7 0 2 7 0 2 7 0 40.2815956473350525
12 16 2 13 6 3 17 9 2 17 9 2 1 2 7 0 2 7 1 2 7 12 16 2 0 2 7 13 6 3 6 2 7 1 2 7 0 2 7 1 2 7 1 2 7 17 9 2 0 2 7 12 16 2 17 9 2 0 2 7 5 31 3 1 2 7 0 2 7 5 31 3 1 2 7 0 2 7 1 2 7 1 2 7 1 2 7 0 2 4 5 30 3 0 2 7 0 2 7 1 2 7 0 2 7 0 2 7 0 2 7 0 2 4 0 2 7 0 2 7 0 40.2815956473350525
12 16 2 13 6 3 17 9 2 17 9 2 1 2 7 0 2 7 1 2 7 12 16 2 1 2 7 13 6 3 1 2 7 1 2 7 6 2 7 1 2 7 1 2 7 17 9 2 0 2 4 12 16 2 17 9 2 0 2 7 5 31 3 0 2 7 0 2 7 5 31 3 0 2 7 0 2 7 1 2 7 0 2 7 1 2 7 1 2 7 5 30 3 0 2 7 0 2 7 0 2 7 0 2 7 0 2 7 0 2 7 0 2 7 1 2 4 0 2 7 0 40.2815956473350525
12 16 2 13 6 3 17 9 2 17 9 2 15 2 11 0 2 7 1 2 7 12 16 2 1 2 7 0 2 4 1 2 7 1 2 7 0 2 7 0 2 7 1 2 7 17 9 2 0 2 7 12 16 2 1 2 7 1 2 7 5 30 3 0 2 7 0 2 7 5 30 3 0 2 7 1 2 7 0 2 4 1 2 7 0 2 7 0 2 7 5 31 3 0 2 7 1 2 7 0 2 7 1 2 7 0 2 7 0 2 7 0 2 7 13 6 3 17 9 2 0 40.3558205366134644
12 16 2 13 6 3 17 9 2 17 9 2 1 2 7 0 2 7 1 2 7 12 16 2 0 2 7 13 6 3 0 2 7 1 2 4 1 2 4 1 2 7 1 2 7 17 9 2 1 2 7 12 16 2 17 18 2 0 2 7 5 31 3 1 2 7 0 2 7 5 31 3 0 2 7 0 2 7 0 2 7 1 2 7 1 2 7 0 2 7 5 30 3 0 2 7 0 2 7 1 2 7 0 2 7 0 2 7 0 2 7 6 2 7 0 2 7 0 2 7 0 40.2815956473350525
12 16 2 13 6 3 17 9 2 17 9 2 1 2 7 0 2 7 1 2 7 12 16 2 0 2 7 13 6 3 0 2 7 1 2 7 0 2 7 1 2 4 0 2 7 17 9 2 0 2 7 12 16 2 17 18 2 0 2 7 5 31 3 1 2 7 0 2 7 5 31 3 6 2 7 0 2 7 0 2 7 0 2 7 0 2 7 1 2 7 5 30 3 1 2 7 0 2 7 1 2 7 0 2 7 1 2 7 1 2 7 1 2 7 0 2 4 0 2 7 0 40.2815956473350525
12 16 2 13 6 3 17 9 2 17 9 2 1 2 7 0 2 7 1 2 7 12 16 2 0 2 7 13 6 3 0 2 7 1 2 7 0 2 7 1 2 7 1 2 7 17 9 2 1 2 7 12 16 2 17 9 2 0 2 4 5 31 3 0 2 7 0 2 7 5 31 3 1 2 7 0 2 7 1 2 4 0 2 7 1 2 7 0 2 7 5 30 3 0 2 7 0 2 7 1 2 7 1 2 7 6 2 7 0 2 7 0 2 7 0 2 7 0 2 7 0 40.2815956473350525
12 16 2 13 6 3 17 9 2 17 9 2 0 2 7 0 2 7 1 2 7 12 16 2 1 2 7 13 6 3 0 2 7 1 2 7 1 2 7 1 2 7 1 2 7 17 9 2 0 2 7 12 16 2 17 18 2 0 2 4 5 30 3 6 2 7 1 2 7 5 31 3 0 2 7 0 2 7 0 2 7 1 2 7 1 2 7 1 2 7 5 31 3 0 2 7 0 2 7 0 2 4 0 2 7 0 2 7 0 2 7 1 2 7 0 2 7 0 2 7 0 40.2815956473350525
12 16 2 13 6 3 17 9 2 17 9 2 1 2 7 0 2 7 1 2 7 12 16 2 0 2 7 13 6 3 0 2 7 1 2 7 0 2 7 1 2 7 1 2 7 17 9 2 0 2 7 12 16 2 17 9 2 0 2 7 5 31 3 0 2 7 1 2 7 5 31 3 0 2 7 0 2 7 1 2 7 0 2 7 1 2 7 0 2 7 5 30 3 0 2 7 0 2 7 1 2 4 0 2 7 1 2 7 6 2 4 0 2 7 1 2 7 0 2 7 0 40.2815956473350525
12 16 2 13 6 3 17 9 2 17 9 2 1 2 7 0 2 7 1 2 7 12 16 2 0 2 7 13 6 3 0 2 7 1 2 7 0 2 7 1 2 7 1 2 4 17 9 2 0 2 7 12 16 2 17 18 2 0 2 7 5 31 3 1 2 7 0 2 7 5 31 3 1 2 7 0 2 7 6 2 4 0 2 7 1 2 7 1 2 7 5 30 3 0 2 7 1 2 7 0 2 7 0 2 7 0 2 7 1 2 7 0 2 7 0 2 7 0 2 7 0 40.2815956473350525
12 16 2 13 6 3 17 9 2 17 9 2 1 2 7 0 2 7 1 2 7 12 16 2 0 2 7 13 6 3 0 2 7 1 2 7 0 2 7 0 2 4 1 2 7 17 18 2 0 2 7 12 16 2 17 18 2 0 2 7 5 31 3 1 2 4 1 2 7 5 31 3 0 2 7 0 2 7 1 2 7 0 2 7 0 2 7 1 2 7 5 30 3 0 2 7 0 2 7 1 2 7 0 2 7 1 2 7 6 2 7 1 2 7 0 2 7 0 2 7 0 40.2815956473350525
12 16 2 13 6 3 17 9 2 17 9 2 1 2 7 0 2 7 1 2 7 12 16 2 1 2 7 13 6 3 0 2 7 1 2 7 0 2 7 1 2 7 1 2 7 17 9 2 0 2 7 12 16 2 17 9 2 0 2 4 5 31 3 6 2 7 1 2 7 5 30 3 0 2 7 0 2 7 0 2 7 1 2 7 1 2 7 0 2 7 5 31 3 0 2 7 0 2 7 0 2 7 0 2 7 0 2 4 0 2 7 1 2 7 1 2 7 0 2 7 0 40.2815956473350525
12 16 2 13 6 3 17 9 2 17 9 2 1 2 7 0 2 4 1 2 7 12 16 2 0 2 7 13 6 3 0 2 7 6 2 4 1 2 7 1 2 7 1 2 7 17 9 2 0 2 7 12 16 2 17 18 2 0 2 7 5 30 3 1 2 7 0 2 7 5 31 3 0 2 7 1 2 7 0 2 7 1 2 7 1 2 7 0 2 7 5 31 3 0 2 7 0 2 7 0 2 7 0 2 7 0 2 7 0 2 7 1 2 7 1 2 7 0 2 7 0 40.2815956473350525
12 16 2 13 6 3 17 9 2 17 9 2 1 2 7 0 2 7 1 2 7 12 16 2 0 2 7 13 6 3 0 2 7 1 2 4 1 2 4 1 2 7 6 2 7 17 9 2 1 2 7 12 16 2 17 18 2 0 2 7 5 31 3 1 2 7 0 2 7 5 31 3 1 2 7 0 2 7 0 2 7 0 2 7 1 2 7 0 2 7 5 30 3 0 2 7 0 2 7 1 2 7 0 2 7 0 2 7 0 2 7 6 2 7 0 2 7 0 2 4 1.83324973923663215e-05 40.2378886938095093
12 16 2 13 6 3 17 9 2 17 9 2 1 2 7 0 2 7 1 2 7 12 16 2 0 2 7 13 6 3 0 2 7 1 2 7 0 2 7 1 2 7 1 2 7 17 9 2 0 2 7 12 16 2 17 9 2 0 2 7 5 31 3 0 2 7 1 2 7 5 31 3 0 2 7 0 2 7 1 2 7 0 2 7 1 2 7 0 2 7 5 30 3 0 2 7 0 2 7 1 2 4 0 2 7 1 2 7 6 2 4 0 2 7 1 2 7 0 2 7 0 40.2815956473350525
12 16 2 13 6 3 17 9 2 17 9 2 0 2 7 1 2 7 1 2 7 12 16 2 1 2 7 13 6 3 1 2 4 0 2 7 0 2 7 0 2 7 0 2 7 17 9 2 1 2 7 12 16 2 17 9 2 0 2 7 5 30 3 0 2 7 0 2 7 5 31 3 0 2 7 0 2 7 6 2 7 1 2 7 0 2 7 0 2 7 5 31 3 1 2 7 1 2 7 1 2 7 0 2 7 0 2 4 1 2 7 0 2 7 1 2 7 0 2 7 0 40.2815956473350525
12 16 2 13 6 3 17 9 2 17 9 2 1 2 7 0 2 4 1 2 7 12 16 2 0 2 7 13 6 3 0 2 7 1 2 7 0 2 7 1 2 7 1 2 7 17 9 2 0 2 7 12 16 2 17 18 2 0 2 7 5 31 3 6 2 7 0 2 7 5 30 3 0 2 7 1 2 7 0 2 7 1 2 7 1 2 7 0 2 7 5 31 3 0 2 7 0 2 7 0 2 7 1 2 7 0 2 7 1 2 4 0 2 7 1 2 7 0 2 7 0 40.2815956473350525
12 16 2 13 6 3 17 9 2 17 9 2 0 2 7 1 2 7 1 2 7 12 16 2 1 2 7 13 6 3 0 2 4 0 2 7 1 2 7 0 2 7 1 2 7 17 9 2 0 2 7 12 16 2 17 18 2 0 2 7 5 31 3 0 2 7 0 2 7 5 31 3 0 2 4 0 2 7 1 2 7 1 2 7 1 2 7 6 2 7 5 30 3 0 2 7 1 2 7 0 2 7 0 2 7 1 2 7 1 2 7 0 2 7 0 2 7 0 2 7 0 40.2815956473350525
12 16 2 13 6 3 17 9 2 17 9 2 1 2 7 0 2 7 0 2 7 12 16 2 0 2 7 13 6 3 0 2 7 6 2 7 0 2 7 0 2 7 1 2 7 17 9 2 0 2 7 12 16 2 17 9 2 0 2 4 5 31 3 1 2 7 1 2 7 5 31 3 0 2 7 1 2 7 1 2 7 1 2 7 1 2 7 0 2 7 5 30 3 0 2 4 0 2 7 1 2 7 0 2 7 1 2 7 1 2 7 0 2 7 0 2 7 0 2 7 0 40.2815956473350525
12 16 2 13 6 3 17 9 2 17 9 2 1 2 7 0 2 7 1 2 7 12 16 2 0 2 7 13 6 3 0 2 7 1 2 7 0 2 7 1 2 7 1 2 4 17 9 2 0 2 7 12 16 2 17 18 2 0 2 7 5 31 3 1 2 7 0 2 7 5 31 3 1 2 7 0 2 7 6 2 4 0 2 7 1 2 7 1 2 7 5 30 3 0 2 7 1 2 7 0 2 7 0 2 7 0 2 7 1 2 7 0 2 7 0 2 7 0 2 7 0 40.2815956473350525
12 16 2 13 6 3 17 9 2 17 9 2 1 2 7 0 2 7 1 2 7 12 16 2 0 2 7 13 6 3 0 2 7 1 2 7 0 2 7 1 2 7 1 2 7 17 9 2 0 2 7 12 16 2 17 9 2 0 2 4 5 31 3 0 2 7 1 2 7 5 31 3 1 2 7 0 2 7 1 2 7 0 2 7 1 2 7 0 2 7 5 30 3 0 2 7 0 2 7 1 2 7 0 2 7 6 2 4 0 2 7 0 2 7 1 2 7 0 2 7 0 40.2815956473350525
12 16 2 13 6 3 17 9 2 17 9 2 0 2 7 1 2 7 1 2 7 12 16 2 0 2 7 13 6 3 0 2 7 1 2 7 0 2 7 0 2 7 0 2 7 17 9 2 1 2 7 12 16 2 17 9 2 0 2 7 5 30 3 1 2 4 1 2 7 5 31 3 0 2 7 0 2 7 0 2 7 0 2 7 0 2 7 0 2 7 5 31 3 1 2 7 1 2 7 1 2 4 0 2 7 0 2 7 0 2 7 1 2 7 6 2 7 1 2 7 0 40.2815956473350525
12 16 2 13 6 3 17 9 2 17 9 2 1 2 7 0 2 7 1 2 7 12 16 2 0 2 7 13 6 3 0 2 7 1 2 4 1 2 4 1 2 7 1 2 7 17 9 2 1 2 7 12 16 2 17 18 2 0 2 7 5 31 3 1 2 7 0 2 7 5 31 3 0 2 7 0 2 7 0 2 7 1 2 7 1 2 7 0 2 7 5 30 3 0 2 7 0 2 7 1 2 7 0 2 7 0 2 7 0 2 7 6 2 7 0 2 7 0 2 7 0 40.2815956473350525
12 16 2 13 6 3 17 9 2 17 9 2 1 2 7 0 2 7 1 2 7 12 16 2 0 2 7 13 6 3 0 2 4 0 2 7 0 2 7 0 2 7 1 2 7 17 9 2 6 2 4 12 16 2 17 18 2 0 2 7 5 31 3 1 2 7 0 2 7 5 30 3 1 2 7 0 2 7 1 2 7 1 2 7 1 2 7 1 2 7 5 31 3 0 2 7 1 2 7 0 2 7 0 2 7 0 2 7 1 2 7 0 2 7 0 2 7 0 2 7 0 40.2815956473350525
12 16 2 13 6 3 17 9 2 17 9 2 1 2 7 0 2 7 1 2 7 12 16 2 0 2 7 13 6 3 0 2 7 1 2 7 0 2 7 1 2 7 1 2 7 17 9 2 0 2 7 12 16 2 17 9 2 0 2 7 5 31 3 0 2 7 1 2 4 5 31 3 1 2 7 0 2 7 1 2 7 0 2 7 1 2 7 0 2 7 5 30 3 0 2 7 0 2 7 1 2 7 0 2 7 6 2 4 0 2 7 0 2 7 1 2 7 0 2 7 0 40.2815956473350525
12 16 2 13 6 3 17 9 2 17 9 2 1 2 7 0 2 7 1 2 7 12 16 2 0 2 7 13 6 3 0 2 7 1 2 7 0 2 7 1 2 7 6 2 7 17 9 2 0 2 7 12 16 2 17 9 2 0 2 7 5 31 3 0 2 7 1 2 4 5 30 3 1 2 7 0 2 7 1 2 7 0 2 7 1 2 7 1 2 7 5 31 3 0 2 7 0 2 7 1 2 4 1 2 7 0 2 7 0 2 7 0 2 7 0 2 7 0 2 7 0 40.2815956473350525
12 16 2 13 6 3 17 9 2 17 9 2 1 2 7 0 2 7 1 2 7 12 16 2 0 2 7 13 6 3 0 2 7 0 2 7 0 2 7 0 2 7 1 2 7 17 9 2 0 2 7 12 16 2 17 9 2 0 2 7 5 31 3 1 2 7 0 2 4 5 30 3 1 2 7 0 2 7 1 2 7 1 2 7 1 2 7 1 2 7 5 31 3 1 2 7 6 2 4 0 2 7 0 2 7 0 2 7 1 2 7 0 2 7 0 2 7 0 2 7 0 40.2815956473350525
12 16 2 13 6 3 17 9 2 17 9 2 1 2 7 0 2 7 1 2 7 12 16 2 0 2 7 13 6 3 0 2 4 0 2 7 0 2 7 0 2 7 1 2 7 17 9 2 6 2 4 12 16 2 17 18 2 0 2 7 5 31 3 1 2 7 0 2 7 5 30 3 1 2 7 0 2 7 1 2 7 1 2 7 1 2 7 1 2 7 5 31 3 0 2 7 1 2 7 0 2 7 0 2 7 0 2 7 1 2 7 0 2 7 0 2 7 0 2 7 0 40.2815956473350525
12 16 2 13 6 3 17 9 2 17 9 2 1 2 7 0 2 7 1 2 7 12 16 2 0 2 7 13 6 3 0 2 7 1 2 7 0 2 7 1 2 7 0 2 7 17 9 2 0 2 4 12 16 2 17 9 2 0 2 7 5 30 3 1 2 7 0 2 7 5 31 3 1 2 7 0 2 4 1 2 7 0 2 7 1 2 7 0 2 7 5 31 3 0 2 7 0 2 7 1 2 7 0 2 7 6 2 7 1 2 7 0 2 7 1 2 7 0 2 7 0 40.2815956473350525
12 16 2 13 6 3 17 9 2 17 9 2 0 2 7 0 2 4 1 2 7 12 16 2 0 2 7 13 6 3 0 2 7 1 2 7 0 2 7 1 2 7 1 2 7 17 9 2 0 2 7 12 16 2 17 18 2 0 2 7 5 31 3 0 2 7 0 2 4 5 31 3 1 2 7 1 2 7 6 2 7 0 2 7 1 2 7 0 2 7 5 30 3 0 2 7 1 2 7 1 2 7 0 2 7 0 2 7 1 2 7 0 2 7 1 2 7 0 2 7 0 40.2815956473350525
12 16 2 13 6 3 17 9 2 17 9 2 1 2 7 0 2 7 6 2 7 12 16 2 0 2 7 13 6 3 0 2 7 1 2 7 0 2 7 0 2 7 0 2 7 17 9 2 1 2 7 12 16 2 17 9 2 0 2 7 5 30 3 1 2 7 0 2 4 5 31 3 1 2 4 0 2 7 1 2 7 0 2 7 1 2 7 1 2 7 5 31 3 0 2 7 0 2 7 1 2 7 0 2 7 1 2 7 1 2 7 0 2 7 0 2 7 0 2 7 0 40.2815956473350525
12 16 2 13 6 3 17 9 2 17 9 2 1 2 7 0 2 7 1 2 7 12 16 2 0 2 7 13 6 3 0 2 7 0 2 7 0 2 7 0 2 7 1 2 4 17 9 2 0 2 7 12 16 2 17 18 2 1 2 4 5 31 3 0 2 7 6 2 7 5 30 3 1 2 7 0 2 7 1 2 7 1 2 7 1 2 7 1 2 7 5 31 3 0 2 7 0 2 7 0 2 7 1 2 7 0 2 7 1 2 7 0 2 7 0 2 7 0 2 7 0 40.2815956473350525
12 16 2 13 6 3 17 9 2 17 9 2 1 2 7 0 2 7 1 2 7 12 16 2 0 2 7 13 6 3 0 2 7 1 2 7 0 2 7 1 2 7 1 2 4 17 9 2 0 2 7 12 16 2 17 18 2 0 2 7 5 31 3 1 2 7 0 2 7 5 31 3 1 2 7 0 2 7 6 2 4 0 2 7 1 2 7 1 2 7 5 30 3 0 2 7 1 2 7 0 2 7 0 2 7 0 2 7 1 2 7 0 2 7 0 2 7 0 2 7 0 40.2815956473350525
12 16 2 13 6 3 17 9 2 17 9 2 0 2 7 0 2 7 1 2 7 12 16 2 0 2 7 13 6 3 0 2 7 1 2 4 0 2 7 1 2 7 1 2 7 17 9 2 0 2 7 12 16 2 17 18 2 0 2 7 5 31 3 1 2 7 0 2 7 5 31 3 1 2 7 0 2 4 1 2 7 6 2 7 1 2 7 0 2 7 5 30 3 1 2 7 1 2 7 0 2 7 0 2 7 0 2 7 1 2 7 0 2 7 0 2 7 0 2 7 0 40.2815956473350525
12 16 2 13 6 3 17 9 2 17 9 2 1 2 7 0 2 7 1 2 7 12 16 2 0 2 7 13 6 3 0 2 7 1 2 7 0 2 7 1 2 7 1 2 4 17 9 2 0 2 7 12 16 2 17 18 2 0 2 7 5 31 3 1 2 7 0 2 7 5 31 3 1 2 7 0 2 7 6 2 4 0 2 7 1 2 7 1 2 7 5 30 3 0 2 7 1 2 7 0 2 7 0 2 7 0 2 7 1 2 7 0 2 7 0 2 7 0 2 7 0 40.2815956473350525
12 16 2 13 6 3 17 9 2 17 9 2 1 2 7 1 2 4 1 2 7 12 16 2 0 2 7 13 6 3 0 2 7 0 2 7 1 2 7 0 2 7 0 2 7 17 9 2 1 2 7 12 16 2 17 18 2 0 2 7 5 30 3 1 2 7 0 2 7 5 31 3 0 2 7 0 2 7 1 2 7 6 2 7 1 2 7 0 2 7 5 31 3 0 2 7 1 2 7 0 2 7 0 2 7 0 2 7 0 2 4 1 2 7 0 2 7 1 2 7 0 40.2815956473350525
12 16 2 13 6 3 17 9 2 17 9 2 1 2 7 0 2 7 6 2 7 12 16 2 0 2 7 13 6 3 0 2 7 1 2 7 0 2 7 1 2 7 0 2 7 17 9 2 0 2 7 12 16 2 17 9 2 1 2 4 5 31 3 0 2 4 0 2 7 5 30 3 1 2 7 0 2 7 1 2 7 0 2 7 1 2 7 1 2 7 5 31 3 0 2 7 0 2 7 1 2 7 1 2 7 0 2 7 1 2 7 0 2 7 0 2 7 0 2 7 0 40.2815956473350525
12 16 2 13 6 3 17 9 2 17 9 2 1 2 7 0 2 7 1 2 7 12 16 2 0 2 7 13 6 3 0 2 4 0 2 7 0 2 7 0 2 7 1 2 7 17 9 2 6 2 7 12 16 2 17 18 2 0 2 7 5 31 3 1 2 7 1 2 7 5 30 3 1 2 7 0 2 7 1 2 7 1 2 7 1 2 7 1 2 7 5 31 3 0 2 7 0 2 7 0 2 4 0 2 7 0 2 7 1 2 7 0 2 7 0 2 7 0 2 7 0 40.2815956473350525
12 16 2 13 6 3 17 9 2 17 9 2 1 2 7 0 2 7 0 2 4 12 16 2 0 2 7 13 6 3 0 2 7 0 2 4 0 2 7 0 2 7 1 2 7 17 9 2 0 2 7 12 16 2 17 9 2 0 2 7 5 31 3 1 2 7 0 2 7 5 30 3 1 2 7 0 2 7 1 2 7 1 2 7 1 2 7 1 2 7 5 31 3 0 2 7 0 2 7 6 2 7 1 2 7 0 2 7 1 2 7 0 2 7 1 2 7 0 2 7 0 40.2815956473350525
12 16 2 13 6 3 17 9 2 17 9 2 1 2 7 0 2 7 0 2 7 12 16 2 0 2 7 13 6 3 0 2 7 0 2 7 0 2 7 0 2 7 1 2 7 17 9 2 0 2 7 12 16 2 17 9 2 1 2 7 5 31 3 1 2 7 1 2 7 5 30 3 1 2 7 0 2 7 1 2 7 1 2 4 1 2 7 1 2 7 5 31 3 0 2 7 0 2 7 0 2 7 0 2 7 0 2 7 1 2 7 0 2 7 0 2 7 6 2 4 0 40.2815956473350525
12 16 2 13 6 3 17 9 2 17 9 2 1 2 7 0 2 7 1 2 7 12 16 2 0 2 7 13 6 3 0 2 4 0 2 7 0 2 7 0 2 7 1 2 7 17 9 2 6 2 4 12 16 2 17 18 2 0 2 7 5 31 3 1 2 7 0 2 7 5 30 3 1 2 7 0 2 7 1 2 7 1 2 7 1 2 7 1 2 7 5 31 3 0 2 7 1 2 7 0 2 7 0 2 7 0 2 7 1 2 7 0 2 7 0 2 7 0 2 7 0 40.2815956473350525
12 16 2 13 6 3 17 9 2 17 9 2 1 2 7 0 2 7 1 2 7 12 16 2 0 2 7 13 6 3 0 2 7 0 2 7 0 2 7 0 2 7 1 2 4 17 9 2 0 2 7 12 16 2 17 18 2 1 2 4 5 31 3 0 2 7 6 2 7 5 30 3 1 2 7 0 2 7 1 2 7 1 2 7 1 2 7 1 2 7 5 31 3 0 2 7 0 2 7 0 2 7 1 2 7 0 2 7 1 2 7 0 2 7 0 2 7 0 2 7 0 40.2815956473350525
12 16 2 13 6 3 17 9 2 17 9 2 1 2 7 0 2 7 1 2 7 12 16 2 0 2 7 13 6 3 0 2 7 1 2 4 0 2 7 1 2 7 0 2 7 17 9 2 0 2 7 12 16 2 17 9 2 0 2 7 5 31 3 1 2 4 0 2 7 5 30 3 1 2 7 0 2 7 1 2 7 0 2 7 1 2 7 1 2 7 5 31 3 0 2 7 0 2 7 1 2 7 0 2 7 0 2 7 1 2 7 0 2 7 0 2 7 6 2 7 0 40.2815956473350525
12 16 2 13 6 3 17 9 2 17 9 2 1 2 7 0 2 7 1 2 7 12 16 2 0 2 7 13 6 3 0 2 7 0 2 7 0 2 7 1 2 7 1 2 7 17 9 2 6 2 4 12 16 2 17 9 2 0 2 7 5 31 3 0 2 7 0 2 7 5 30 3 1 2 7 0 2 4 1 2 7 1 2 7 1 2 7 1 2 7 5 31 3 0 2 7 0 2 7 1 2 7 1 2 7 0 2 7 0 2 7 0 2 7 0 2 7 0 2 7 0 40.2815956473350525
12 16 2 13 6 3 17 9 2 17 9 2 1 2 7 0 2 7 1 2 7 12 16 2 0 2 7 13 6 3 0 2 7 1 2 7 0 2 7 1 2 7 0 2 7 17 9 2 0 2 7 12 16 2 17 9 2 0 2 7 5 31 3 1 2 4 0 2 7 5 30 3 1 2 7 0 2 7 1 2 7 1 2 7 1 2 7 1 2 7 5 31 3 0 2 7 0 2 7 1 2 7 0 2 7 0 2 7 0 2 7 0 2 7 0 2 7 6 2 4 0 40.2815956473350525
12 16 2 13 6 3 17 9 2 17 9 2 1 2 7 0 2 7 1 2 7 12 16 2 0 2 7 13 6 3 0 2 7 1 2 7 0 2 7 1 2 7 1 2 7 17 9 2 0 2 7 12 16 2 17 18 2 1 2 7 5 31 3 0 2 7 0 2 7 5 30 3 1 2 7 0 2 7 1 2 7 6 2 7 0 2 7 1 2 7 5 31 3 0 2 4 0 2 7 0 2 7 1 2 7 0 2 4 1 2 7 0 2 7 0 2 7 0 2 7 0 40.2815956473350525
12 16 2 13 6 3 17 9 2 17 9 2 1 2 7 0 2 7 1 2 7 12 16 2 0 2 7 13 6 3 0 2 7 0 2 7 0 2 7 1 2 7 1 2 4 17 9 2 0 2 7 12 16 2 17 9 2 0 2 7 5 31 3 1 2 4 0 2 7 5 30 3 1 2 7 0 2 7 1 2 7 1 2 7 6 2 7 1 2 7 5 31 3 0 2 7 0 2 7 1 2 7 1 2 7 0 2 7 0 2 7 0 2 7 0 2 7 0 2 7 0 40.2815956473350525
12 16 2 13 6 3 17 9 2 17 9 2 1 2 7 0 2 7 1 2 7 12 16 2 0 2 7 13 6 3 0 2 7 1 2 7 0 2 7 1 2 7 0 2 7 17 9 2 0 2 7 12 16 2 17 9 2 0 2 7 5 31 3 1 2 7 1 2 7 5 30 3 1 2 7 0 2 4 1 2 7 1 2 4 1 2 7 1 2 7 5 31 3 0 2 7 0 2 7 6 2 7 0 2 7 0 2 7 0 2 7 0 2 7 0 2 7 0 2 7 0 40.2815956473350525
12 16 2 13 6 3 17 9 2 17 9 2 1 2 7 0 2 7 6 2 7 12 16 2 0 2 7 13 6 3 0 2 4 1 2 7 0 2 4 1 2 7 1 2 7 17 9 2 0 2 7 12 16 2 17 9 2 0 2 7 5 30 3 1 2 7 0 2 7 5 31 3 1 2 7 0 2 7 1 2 7 1 2 7 1 2 7 1 2 7 5 31 3 0 2 7 1 2 7 0 2 7 0 2 7 0 2 7 0 2 7 0 2 7 0 2 7 0 2 7 0 40.2815956473350525
12 16 2 13 6 3 17 9 2 17 9 2 1 2 7 0 2 7 0 2 7 12 16 2 0 2 7 13 6 3 0 2 7 0 2 7 0 2 7 0 2 7 1 2 7 17 9 2 6 2 4 12 16 2 17 9 2 1 2 7 5 31 3 1 2 7 1 2 7 5 30 3 1 2 7 0 2 7 1 2 7 1 2 7 1 2 7 1 2 7 5 31 3 0 2 4 0 2 7 0 2 7 0 2 7 0 2 7 1 2 7 0 2 7 0 2 7 0 2 7 0 40.2815956473350525
12 16 2 13 6 3 17 9 2 17 9 2 1 2 4 0 2 7 1 2 7 12 16 2 0 2 7 13 6 3 0 2 7 0 2 7 1 2 7 1 2 7 0 2 7 17 9 2 0 2 7 12 16 2 17 18 2 0 2 7 5 31 3 0 2 7 1 2 7 5 30 3 1 2 7 0 2 7 1 2 7 1 2 7 1 2 7 1 2 4 5 31 3 0 2 7 0 2 7 0 2 7 0 2 7 0 2 7 1 2 7 6 2 7 0 2 7 0 2 7 0 40.2815956473350525
12 16 2 13 6 3 17 9 2 17 9 2 1 2 7 0 2 7 1 2 7 12 16 2 0 2 7 13 6 3 0 2 7 0 2 7 0 2 7 1 2 7 1 2 7 17 9 2 0 2 4 12 16 2 17 18 2 0 2 7 5 31 3 0 2 7 0 2 7 5 30 3 1 2 7 0 2 7 1 2 4 1 2 7 1 2 7 1 2 7 5 31 3 0 2 7 0 2 7 0 2 7 1 2 7 0 2 7 6 2 7 1 2 7 0 2 7 0 2 7 0 40.2815956473350525
12 16 2 13 6 3 17 9 2 17 9 2 1 2 7 0 2 7 1 2 7 12 16 2 0 2 7 13 6 3 0 2 7 0 2 7 0 2 7 1 2 7 1 2 7 17 9 2 6 2 4 12 16 2 17 18 2 0 2 7 5 31 3 0 2 7 0 2 7 5 30 3 1 2 7 0 2 4 1 2 7 1 2 7 1 2 7 1 2 7 5 31 3 0 2 7 1 2 7 0 2 7 1 2 7 0 2 7 0 2 7 0 2 7 0 2 7 0 2 7 0 40.2815956473350525
12 16 2 13 6 3 17 9 2 17 9 2 1 2 7 0 2 7 1 2 7 12 16 2 0 2 7 13 6 3 0 2 7 1 2 7 0 2 7 1 2 7 1 2 4 17 9 2 0 2 7 12 16 2 17 18 2 0 2 7 5 31 3 1 2 7 0 2 7 5 31 3 1 2 7 0 2 7 6 2 4 0 2 7 1 2 7 1 2 7 5 30 3 0 2 7 1 2 7 0 2 7 0 2 7 0 2 7 1 2 7 0 2 7 0 2 7 0 2 7 0 40.2815956473350525
12 16 2 13 6 3 17 9 2 17 9 2 0 2 7 0 2 7 1 2 7 12 16 2 1 2 7 13 6 3 0 2 7 0 2 7 0 2 4 1 2 7 1 2 7 17 9 2 0 2 7 12 16 2 17 9 2 0 2 4 5 31 3 1 2 7 1 2 7 5 30 3 6 2 7 0 2 7 1 2 7 1 2 7 1 2 7 1 2 7 5 31 3 0 2 7 0 2 7 0 2 7 0 2 7 1 2 7 0 2 7 0 2 7 0 2 7 0 2 7 0 40.2815956473350525
12 16 2 13 6 3 17 9 2 17 9 2 1 2 7 0 2 7 1 2 7 12 16 2 0 2 7 13 6 3 0 2 7 1 2 7 0 2 7 1 2 7 1 2 7 17 9 2 0 2 4 12 16 2 17 18 2 0 2 7 5 31 3 0 2 7 0 2 7 5 31 3 1 2 7 0 2 7 6 2 4 0 2 7 1 2 7 1 2 7 5 30 3 0 2 7 1 2 7 0 2 7 1 2 7 0 2 7 1 2 7 0 2 7 0 2 7 0 2 7 0 40.2815956473350525
12 16 2 13 6 3 17 9 2 17 9 2 1 2 7 0 2 7 1 2 7 12 16 2 0 2 4 13 6 3 0 2 7 0 2 7 0 2 7 1 2 7 1 2 7 17 9 2 0 2 4 12 16 2 17 18 2 0 2 7 5 31 3 0 2 7 0 2 7 5 31 3 1 2 7 0 2 7 6 2 7 1 2 7 1 2 7 1 2 7 5 30 3 0 2 7 1 2 7 0 2 7 1 2 7 0 2 7 1 2 7 0 2 7 0 2 7 0 2 7 0 40.2815956473350525
12 16 2 13 6 3 17 9 2 17 9 2 1 2 7 0 2 7 0 2 7 12 16 2 0 2 7 13 6 3 0 2 7 0 2 7 0 2 7 1 2 7 0 2 7 17 9 2 0 2 4 12 16 2 17 9 2 0 2 7 5 31 3 1 2 7 0 2 7 5 30 3 1 2 4 0 2 7 1 2 7 1 2 7 1 2 7 1 2 7 5 31 3 0 2 7 0 2 7 1 2 7 1 2 7 6 2 7 0 2 7 1 2 7 0 2 7 0 2 7 0 40.2815956473350525
12 16 2 13 6 3 17 9 2 17 9 2 1 2 7 0 2 7 1 2 7 12 16 2 0 2 7 13 6 3 0 2 7 0 2 7 0 2 7 1 2 7 1 2 7 17 9 2 0 2 4 12 16 2 17 18 2 0 2 7 5 31 3 0 2 7 0 2 7 5 30 3 1 2 7 0 2 7 1 2 4 1 2 7 1 2 7 1 2 7 5 31 3 0 2 7 0 2 7 0 2 7 1 2 7 0 2 7 6 2 7 1 2 7 0 2 7 0 2 7 0 40.2815956473350525
12 16 2 13 6 3 17 9 2 17 9 2 1 2 7 0 2 7 0 2 7 12 16 2 0 2 7 13 6 3 0 2 7 0 2 7 0 2 7 0 2 7 1 2 7 17 9 2 6 2 4 12 16 2 17 9 2 1 2 7 5 31 3 1 2 7 1 2 7 5 30 3 1 2 7 0 2 7 1 2 7 1 2 7 1 2 7 1 2 7 5 31 3 0 2 4 0 2 7 0 2 7 0 2 7 0 2 7 1 2 7 0 2 7 0 2 7 0 2 7 0 40.2815956473350525
12 16 2 13 6 3 17 9 2 17 9 2 1 2 7 0 2 7 1 2 7 12 16 2 1 2 7 13 6 3 0 2 7 0 2 7 0 2 7 1 2 7 0 2 7 17 9 2 0 2 7 12 16 2 17 9 2 0 2 7 5 31 3 1 2 4 0 2 7 5 30 3 1 2 7 0 2 7 1 2 7 1 2 7 1 2 7 1 2 4 5 31 3 0 2 7 0 2 7 1 2 7 0 2 7 0 2 7 0 2 7 0 2 7 0 2 7 6 2 7 0 40.2815956473350525
12 16 2 13 6 3 17 9 2 17 9 2 1 2 7 0 2 7 1 2 7 12 16 2 1 2 7 13 6 3 0 2 7 0 2 7 0 2 7 1 2 7 0 2 7 17 9 2 1 2 7 12 16 2 17 18 2 0 2 7 5 31 3 1 2 7 0 2 7 5 30 3 1 2 4 0 2 7 1 2 7 1 2 7 0 2 7 1 2 7 5 31 3 0 2 7 0 2 7 1 2 7 0 2 7 0 2 7 0 2 7 0 2 7 0 2 7 6 2 4 0 40.2815956473350525
12 16 2 13 6 3 17 9 2 17 9 2 1 2 7 1 2 4 0 2 7 12 16 2 0 2 7 13 6 3 0 2 7 0 2 7 1 2 7 1 2 7 6 2 4 17 9 2 0 2 7 12 16 2 17 9 2 0 2 7 5 31 3 1 2 7 0 2 7 5 30 3 1 2 7 0 2 7 1 2 7 1 2 7 1 2 7 0 2 7 5 31 3 0 2 7 1 2 7 0 2 7 1 2 7 0 2 7 0 2 7 0 2 7 0 2 7 0 2 7 0 40.2815956473350525
12 16 2 13 6 3 17 9 2 17 9 2 1 2 7 0 2 7 1 2 7 12 16 2 0 2 7 13 6 3 0 2 7 0 2 7 0 2 7 1 2 7 1 2 4 17 9 2 6 2 7 12 16 2 17 18 2 0 2 7 5 31 3 1 2 7 0 2 7 5 30 3 1 2 7 0 2 7 1 2 4 1 2 7 1 2 7 1 2 7 5 31 3 0 2 7 1 2 7 0 2 7 0 2 7 0 2 7 0 2 7 0 2 7 0 2 7 0 2 7 0 40.2815956473350525
12 16 2 13 6 3 17 9 2 17 9 2 0 2 7 0 2 7 1 2 7 12 16 2 0 2 7 13 6 3 0 2 7 0 2 7 6 2 4 1 2 7 1 2 7 17 9 2 0 2 4 12 16 2 17 9 2 0 2 7 5 31 3 0 2 7 1 2 7 5 30 3 1 2 7 0 2 7 1 2 7 1 2 7 1 2 7 1 2 7 5 31 3 0 2 7 0 2 7 0 2 7 0 2 7 1 2 7 0 2 7 1 2 7 0 2 7 0 2 7 0 40.2815956473350525
12 16 2 13 6 3 17 9 2 17 9 2 1 2 7 0 2 7 1 2 7 12 16 2 1 2 7 13 6 3 0 2 7 0 2 7 0 2 7 1 2 7 0 2 7 17 9 2 1 2 7 12 16 2 17 18 2 0 2 7 5 31 3 1 2 7 0 2 7 5 30 3 1 2 4 0 2 7 1 2 7 1 2 7 0 2 7 1 2 7 5 31 3 0 2 7 0 2 7 1 2 7 0 2 7 0 2 7 0 2 7 0 2 7 0 2 7 6 2 4 0 40.2815956473350525
12 16 2 13 6 3 17 9 2 17 9 2 1 2 7 0 2 7 0 2 7 12 16 2 0 2 7 13 6 3 0 2 4 0 2 7 1 2 7 1 2 7 0 2 7 17 9 2 0 2 7 12 16 2 17 18 2 0 2 7 5 31 3 0 2 7 1 2 7 5 30 3 1 2 7 1 2 7 6 2 7 1 2 7 1 2 7 1 2 7 5 31 3 0 2 7 0 2 7 0 2 7 0 2 7 1 2 7 0 2 7 1 2 7 0 2 4 0 2 7 0 40.2815956473350525
12 16 2 13 6 3 17 9 2 17 9 2 1 2 7 0 2 7 1 2 7 12 16 2 0 2 4 13 6 3 0 2 7 0 2 7 1 2 7 1 2 7 1 2 7 17 9 2 0 2 7 12 16 2 17 18 2 0 2 7 5 31 3 1 2 7 0 2 7 5 30 3 1 2 4 0 2 7 1 2 7 1 2 7 1 2 7 0 2 7 5 31 3 0 2 7 0 2 7 0 2 7 0 2 7 1 2 7 0 2 7 0 2 7 0 2 7 6 2 7 0 40.2815956473350525
12 16 2 13 6 3 17 9 2 17 9 2 1 2 7 0 2 7 1 2 4 12 16 2 0 2 7 13 6 3 0 2 7 6 2 7 0 2 4 1 2 7 1 2 7 17 9 2 0 2 7 12 16 2 17 9 2 0 2 7 5 31 3 0 2 7 0 2 7 5 30 3 1 2 7 0 2 7 1 2 7 0 2 7 1 2 7 1 2 7 5 31 3 0 2 7 1 2 7 0 2 7 0 2 7 0 2 7 1 2 7 0 2 7 0 2 7 1 2 7 0 40.2815956473350525
12 16 2 13 6 3 17 9 2 17 9 2 1 2 7 0 2 7 1 2 7 12 16 2 0 2 7 13 6 3 0 2 7 6 2 7 0 2 4 1 2 7 1 2 7 17 9 2 0 2 4 12 16 2 17 9 2 0 2 7 5 31 3 0 2 7 0 2 7 5 30 3 1 2 7 0 2 7 1 2 7 0 2 7 1 2 7 1 2 7 5 31 3 0 2 7 1 2 7 0 2 7 1 2 7 0 2 7 1 2 7 0 2 7 0 2 7 0 2 7 0 40.2815956473350525
12 16 2 13 6 3 17 9 2 17 9 2 1 2 7 0 2 7 1 2 4 12 16 2 0 2 7 13 6 3 0 2 7 1 2 4 0 2 7 1 2 7 0 2 7 17 9 2 1 2 7 12 16 2 17 18 2 0 2 7 5 31 3 0 2 7 0 2 7 5 31 3 1 2 7 0 2 7 6 2 7 0 2 7 0 2 7 1 2 7 5 30 3 0 2 7 1 2 7 0 2 7 0 2 7 1 2 7 1 2 7 0 2 7 0 2 7 1 2 7 0 40.2815956473350525
12 16 2 13 6 3 17 9 2 17 9 2 1 2 7 1 2 4 0 2 7 12 16 2 0 2 7 13 6 3 0 2 7 0 2 7 1 2 7 1 2 7 6 2 4 17 9 2 0 2 7 12 16 2 17 9 2 0 2 7 5 31 3 1 2 7 0 2 7 5 30 3 1 2 7 0 2 7 1 2 7 1 2 7 1 2 7 0 2 7 5 31 3 0 2 7 1 2 7 0 2 7 1 2 7 0 2 7 0 2 7 0 2 7 0 2 7 0 2 7 0 40.2815956473350525
12 16 2 13 6 3 17 9 2 17 9 2 1 2 7 0 2 7 0 2 7 12 16 2 0 2 7 13 6 3 0 2 7 1 2 7 1 2 7 1 2 7 1 2 4 17 9 2 0 2 7 12 16 2 17 9 2 0 2 7 5 31 3 1 2 7 0 2 7 5 30 3 0 2 7 0 2 7 6 2 7 1 2 7 0 2 7 0 2 7 5 31 3 1 2 7 1 2 7 0 2 7 1 2 7 0 2 7 0 2 7 1 2 4 0 2 7 0 2 7 0 40.2815956473350525
12 16 2 13 6 3 17 9 2 17 9 2 1 2 7 0 2 7 1 2 7 12 16 2 0 2 7 13 6 3 0 2 7 1 2 7 0 2 7 1 2 7 1 2 7 17 9 2 0 2 7 12 16 2 17 18 2 0 2 7 5 31 3 0 2 7 0 2 7 5 31 3 1 2 7 0 2 4 6 2 4 0 2 7 1 2 7 1 2 7 5 30 3 0 2 7 1 2 7 0 2 7 0 2 7 0 2 7 1 2 7 0 2 7 0 2 7 1 2 7 0 40.2815956473350525
12 16 2 13 6 3 17 9 2 17 9 2 1 2 7 0 2 7 1 2 7 12 16 2 1 2 7 13 6 3 0 2 7 0 2 7 0 2 7 1 2 7 0 2 7 17 9 2 1 2 7 12 16 2 17 18 2 0 2 7 5 31 3 1 2 7 0 2 7 5 30 3 1 2 4 0 2 7 1 2 7 1 2 7 0 2 7 1 2 7 5 31 3 0 2 7 0 2 7 1 2 7 0 2 7 0 2 7 0 2 7 0 2 7 0 2 7 6 2 4 0 40.2815956473350525
12 16 2 13 6 3 17 9 2 17 9 2 1 2 7 0 2 7 1 2 7 12 16 2 0 2 7 13 6 3 0 2 7 1 2 4 0 2 7 1 2 7 0 2 7 17 9 2 0 2 7 12 16 2 17 18 2 0 2 7 5 31 3 0 2 7 0 2 7 5 31 3 1 2 7 0 2 4 6 2 7 0 2 7 1 2 7 1 2 7 5 30 3 1 2 7 1 2 7 0 2 7 0 2 7 0 2 7 1 2 7 0 2 7 0 2 7 1 2 7 0 40.2815956473350525
12 16 2 13 6 3 17 9 2 17 9 2 1 2 7 0 2 7 6 2 7 12 16 2 0 2 7 13 6 3 0 2 7 0 2 7 0 2 7 1 2 7 1 2 7 17 9 2 0 2 7 12 16 2 17 9 2 0 2 7 5 31 3 0 2 4 1 2 7 5 30 3 1 2 7 0 2 7 1 2 7 0 2 4 0 2 7 1 2 7 5 31 3 0 2 7 1 2 7 0 2 7 1 2 7 1 2 7 0 2 7 1 2 7 0 2 7 0 2 7 0 40.2815956473350525
12 16 2 13 6 3 17 9 2 17 9 2 1 2 7 0 2 7 1 2 7 12 16 2 0 2 7 13 6 3 0 2 7 0 2 7 0 2 7 1 2 7 6 2 7 17 9 2 0 2 7 12 16 2 17 9 2 0 2 7 5 31 3 0 2 7 0 2 7 5 30 3 1 2 7 0 2 7 1 2 4 1 2 7 0 2 4 1 2 7 5 31 3 0 2 7 1 2 7 0 2 7 0 2 7 1 2 7 1 2 7 0 2 7 0 2 7 1 2 7 0 40.2815956473350525
12 16 2 13 6 3 17 9 2 17 9 2 1 2 7 0 2 7 1 2 7 12 16 2 0 2 7 13 6 3 0 2 7 1 2 4 0 2 7 1 2 7 0 2 7 17 9 2 1 2 4 12 16 2 17 9 2 0 2 7 5 31 3 0 2 7 0 2 7 5 30 3 1 2 7 0 2 7 1 2 7 0 2 7 0 2 7 1 2 7 5 31 3 0 2 7 1 2 7 0 2 7 0 2 7 6 2 7 1 2 7 0 2 7 0 2 7 1 2 7 0 40.2815956473350525
12 16 2 13 6 3 17 9 2 17 9 2 1 2 7 0 2 7 1 2 7 12 16 2 0 2 7 13 6 3 0 2 7 1 2 7 0 2 7 1 2 7 1 2 7 17 9 2 0 2 7 12 16 2 17 18 2 1 2 4 5 31 3 0 2 7 0 2 7 5 31 3 1 2 4 0 2 7 6 2 7 0 2 7 1 2 7 0 2 7 5 30 3 0 2 7 1 2 7 0 2 7 0 2 7 0 2 7 1 2 7 0 2 7 0 2 7 1 2 7 0 40.2815956473350525
12 16 2 13 6 3 17 9 2 17 9 2 1 2 7 0 2 7 1 2 7 12 16 2 0 2 7 13 6 3 0 2 7 1 2 7 0 2 7 1 2 7 1 2 7 17 9 2 0 2 4 12 16 2 17 18 2 0 2 7 5 31 3 0 2 7 0 2 7 5 30 3 1 2 7 0 2 7 6 2 7 0 2 7 0 2 7 1 2 7 5 31 3 0 2 7 1 2 7 0 2 7 0 2 7 1 2 7 1 2 7 0 2 4 0 2 7 1 2 7 0 40.2815956473350525
12 16 2 13 6 3 17 9 2 17 9 2 1 2 7 0 2 7 1 2 7 12 16 2 0 2 7 13 6 3 0 2 7 1 2 7 0 2 7 1 2 7 1 2 7 17 9 2 0 2 7 12 16 2 17 18 2 0 2 7 5 31 3 0 2 7 0 2 7 5 31 3 1 2 7 0 2 4 6 2 4 0 2 7 1 2 7 1 2 7 5 30 3 0 2 7 1 2 7 0 2 7 0 2 7 0 2 7 1 2 7 0 2 7 0 2 7 1 2 7 0 40.2815956473350525
12 16 2 13 6 3 17 9 2 17 9 2 1 2 7 0 2 7 1 2 7 12 16 2 0 2 7 13 6 3 0 2 7 6 2 4 0 2 7 1 2 7 0 2 7 17 9 2 1 2 4 12 16 2 17 9 2 0 2 7 5 31 3 0 2 7 0 2 7 5 30 3 1 2 7 0 2 7 1 2 7 0 2 7 0 2 7 1 2 7 5 31 3 0 2 7 1 2 7 0 2 7 0 2 7 1 2 7 1 2 7 0 2 7 0 2 7 1 2 7 0 40.2815956473350525
12 16 2 13 6 3 17 9 2 17 9 2 0 2 7 0 2 7 1 2 7 12 16 2 0 2 7 13 6 3 0 2 7 0 2 7 6 2 4 1 2 7 1 2 7 17 9 2 0 2 4 12 16 2 17 9 2 0 2 7 5 31 3 0 2 7 1 2 7 5 30 3 1 2 7 0 2 7 1 2 7 1 2 7 1 2 7 1 2 7 5 31 3 0 2 7 0 2 7 0 2 7 0 2 7 1 2 7 0 2 7 1 2 7 0 2 7 0 2 7 0 40.2815956473350525
12 16 2 13 6 3 17 9 2 17 9 2 0 2 7 0 2 7 1 2 7 12 16 2 0 2 7 13 6 3 0 2 7 0 2 7 6 2 4 1 2 7 1 2 7 17 9 2 0 2 4 12 16 2 17 9 2 0 2 7 5 31 3 0 2 7 1 2 7 5 30 3 1 2 7 0 2 7 1 2 7 1 2 7 1 2 7 1 2 7 5 31 3 0 2 7 0 2 7 0 2 7 0 2 7 1 2 7 0 2 7 1 2 7 0 2 7 0 2 7 0 40.2815956473350525
12 16 2 13 6 3 17 9 2 17 9 2 1 2 7 0 2 7 1 2 7 12 16 2 1 2 7 13 6 3 0 2 7 6 2 7 1 2 7 1 2 7 0 2 7 17 9 2 1 2 7 12 16 2 17 18 2 0 2 7 5 31 3 1 2 7 1 2 4 5 30 3 0 2 7 0 2 7 0 2 7 0 2 7 0 2 7 1 2 7 5 31 3 0 2 7 0 2 7 1 2 7 0 2 7 1 2 7 0 2 7 0 2 7 0 2 4 0 2 7 0 40.2815956473350525
12 16 2 13 6 3 17 9 2 17 9 2 0 2 7 0 2 7 1 2 7 12 16 2 0 2 4 13 6 3 0 2 7 0 2 7 0 2 4 6 2 7 1 2 7 17 9 2 1 2 7 12 16 2 17 9 2 0 2 7 5 31 3 0 2 7 0 2 7 5 30 3 1 2 7 0 2 7 1 2 7 1 2 7 1 2 7 1 2 7 5 31 3 0 2 7 0 2 7 0 2 7 0 2 7 1 2 7 0 2 7 1 2 7 0 2 7 1 2 7 0 40.2815956473350525
12 16 2 13 6 3 17 9 2 17 9 2 0 2 7 0 2 7 1 2 7 12 16 2 1 2 7 13 6 3 0 2 7 0 2 7 1 2 4 6 2 7 1 2 7 17 9 2 0 2 7 12 16 2 17 9 2 0 2 7 5 31 3 0 2 7 1 2 4 5 30 3 0 2 7 0 2 7 1 2 7 1 2 7 1 2 7 1 2 7 5 31 3 0 2 7 0 2 7 0 2 7 0 2 7 1 2 7 0 2 7 1 2 7 0 2 7 0 2 7 0 40.2815956473350525
12 16 2 13 6 3 17 9 2 17 9 2 0 2 7 0 2 7 0 2 7 12 16 2 1 2 7 13 6 3 0 2 7 1 2 7 1 2 7 1 2 4 1 2 7 17 9 2 0 2 7 12 16 2 17 18 2 0 2 7 5 31 3 0 2 7 0 2 7 5 31 3 0 2 7 1 2 7 6 2 7 1 2 4 1 2 7 0 2 7 5 30 3 0 2 7 1 2 7 0 2 7 0 2 7 0 2 7 1 2 7 0 2 7 0 2 7 1 2 7 0 40.2815956473350525
12 16 2 13 6 3 17 9 2 17 9 2 1 2 7 0 2 7 1 2 7 12 16 2 0 2 7 13 6 3 0 2 7 6 2 4 0 2 7 1 2 7 0 2 7 17 9 2 1 2 7 12 16 2 17 18 2 0 2 7 5 31 3 1 2 7 0 2 7 5 30 3 1 2 7 0 2 7 1 2 7 0 2 7 0 2 7 1 2 7 5 31 3 0 2 7 0 2 7 1 2 7 0 2 7 1 2 7 0 2 7 0 2 7 0 2 7 1 2 4 0 40.2815956473350525
12 16 2 13 6 3 17 9 2 17 9 2 1 2 7 0 2 7 1 2 7 12 16 2 0 2 7 13 6 3 0 2 7 6 2 4 0 2 7 1 2 7 0 2 7 17 9 2 1 2 4 12 16 2 17 9 2 0 2 7 5 31 3 0 2 7 0 2 7 5 30 3 1 2 7 0 2 7 1 2 7 0 2 7 0 2 7 1 2 7 5 31 3 0 2 7 1 2 7 0 2 7 0 2 7 1 2 7 1 2 7 0 2 7 0 2 7 1 2 7 0 40.2815956473350525
12 16 2 13 6 3 17 9 2 17 9 2 0 2 7 0 2 7 0 2 7 12 16 2 1 2 7 13 6 3 0 2 7 0 2 7 1 2 7 0 2 7 1 2 4 17 9 2 0 2 4 12 16 2 17 9 2 0 2 7 5 31 3 0 2 7 1 2 7 5 30 3 0 2 7 0 2 7 1 2 7 6 2 7 1 2 7 1 2 7 5 31 3 0 2 7 1 2 7 0 2 7 0 2 7 1 2 7 0 2 7 1 2 7 0 2 7 1 2 7 0 40.2815956473350525
12 16 2 13 6 3 17 9 2 17 18 2 0 2 7 1 2 7 1 2 7 12 16 2 1 2 7 13 6 3 6 2 7 1 2 7 1 2 7 0 2 7 0 2 7 17 9 2 0 2 7 12 16 2 17 18 2 1 2 7 5 31 3 0 2 7 0 2 4 5 31 3 0 2 7 1 2 7 0 2 7 0 2 7 1 2 7 0 2 7 5 30 3 0 2 7 0 2 7 0 2 7 0 2 7 1 2 7 0 2 7 1 2 7 0 2 7 1 2 4 0 40.2815956473350525
12 16 2 13 6 3 17 9 2 17 9 2 0 2 7 0 2 7 0 2 7 12 16 2 1 2 7 13 6 3 0 2 7 6 2 7 1 2 7 1 2 7 1 2 7 17 9 2 0 2 7 12 16 2 17 18 2 0 2 4 5 31 3 1 2 7 0 2 7 5 31 3 1 2 7 0 2 7 1 2 7 0 2 7 1 2 7 0 2 7 5 30 3 0 2 4 1 2 7 0 2 7 0 2 7 0 2 7 1 2 7 0 2 7 0 2 7 1 2 7 0 40.2815956473350525
12 16 2 13 6 3 17 9 2 17 9 2 0 2 7 0 2 7 0 2 7 12 16 2 0 2 7 13 6 3 0 2 7 1 2 7 0 2 7 1 2 7 1 2 7 17 9 2 0 2 7 12 16 2 17 9 2 0 2 7 5 31 3 0 2 4 6 2 4 5 30 3 0 2 7 0 2 7 1 2 7 1 2 7 1 2 7 1 2 7 5 31 3 0 2 7 1 2 7 0 2 7 0 2 7 1 2 7 0 2 7 1 2 7 0 2 7 1 2 7 0 40.2815956473350525
12 16 2 13 6 3 17 9 2 17 9 2 0 2 7 0 2 7 0 2 7 12 16 2 0 2 7 13 6 3 0 2 7 1 2 7 1 2 7 1 2 7 0 2 7 17 9 2 1 2 7 12 16 2 17 18 2 1 2 7 5 31 3 1 2 7 0 2 4 5 30 3 0 2 7 0 2 7 1 2 7 1 2 7 1 2 7 0 2 7 5 31 3 0 2 7 0 2 7 1 2 7 0 2 7 6 2 7 0 2 7 0 2 7 0 2 7 1 2 4 0 40.2815956473350525
12 16 2 13 6 3 17 9 2 17 9 2 1 2 7 0 2 7 0 2 7 12 16 2 0 2 7 13 6 3 0 2 7 1 2 7 0 2 7 1 2 4 1 2 7 17 9 2 1 2 4 12 16 2 17 18 2 1 2 7 5 31 3 1 2 7 1 2 7 5 31 3 1 2 7 1 2 7 0 2 7 0 2 7 0 2 7 0 2 7 5 30 3 0 2 7 0 2 7 0 2 7 0 2 7 0 2 7 0 2 7 0 2 7 6 2 7 1 2 7 0 40.2815956473350525
12 16 2 13 6 3 17 9 2 17 9 2 0 2 7 0 2 7 0 2 7 12 16 2 1 2 7 13 6 3 0 2 7 1 2 7 1 2 7 1 2 7 1 2 7 17 9 2 0 2 7 12 16 2 17 18 2 0 2 7 5 31 3 1 2 7 6 2 4 5 31 3 0 2 7 0 2 7 1 2 7 0 2 7 1 2 7 0 2 7 5 30 3 0 2 7 1 2 7 0 2 7 0 2 7 0 2 7 0 2 7 1 2 7 0 2 7 1 2 4 0 40.2815956473350525
12 16 2 13 6 3 17 9 2 17 18 2 0 2 7 0 2 7 1 2 7 12 16 2 1 2 7 13 6 3 6 2 7 1 2 7 1 2 7 1 2 7 1 2 7 17 9 2 0 2 7 12 16 2 17 18 2 0 2 7 5 31 3 1 2 7 0 2 4 5 31 3 0 2 7 1 2 7 1 2 7 0 2 7 1 2 7 0 2 7 5 30 3 0 2 7 0 2 7 0 2 7 0 2 7 0 2 7 0 2 7 0 2 7 0 2 7 1 2 4 0 40.2815956473350525
12 16 2 13 6 3 17 9 2 17 9 2 0 2 7 0 2 7 0 2 7 12 16 2 1 2 7 13 6 3 0 2 7 1 2 7 1 2 7 1 2 7 1 2 7 17 9 2 0 2 4 12 16 2 17 9 2 0 2 7 5 31 3 0 2 7 6 2 7 5 30 3 0 2 7 0 2 7 1 2 7 0 2 7 1 2 7 1 2 7 5 31 3 0 2 7 1 2 7 0 2 7 0 2 7 0 2 7 0 2 7 1 2 7 0 2 7 1 2 4 0 40.2815956473350525
12 16 2 13 6 3 17 9 2 17 18 2 1 2 7 0 2 7 1 2 7 12 16 2 1 2 7 13 6 3 0 2 7 1 2 7 0 2 7 1 2 7 1 2 7 17 9 2 0 2 7 12 16 2 17 18 2 0 2 7 5 31 3 1 2 7 1 2 4 5 30 3 0 2 7 1 2 7 6 2 7 0 2 7 0 2 7 1 2 7 5 31 3 0 2 7 0 2 7 0 2 7 0 2 7 0 2 7 0 2 7 0 2 7 0 2 7 1 2 4 0 40.2815956473350525
12 16 2 13 6 3 17 9 2 17 9 2 0 2 7 0 2 7 1 2 7 12 16 2 1 2 7 13 6 3 0 2 7 0 2 7 1 2 4 6 2 7 1 2 7 17 9 2 0 2 7 12 16 2 17 9 2 0 2 7 5 31 3 0 2 7 1 2 4 5 30 3 0 2 7 0 2 7 1 2 7 1 2 7 1 2 7 1 2 7 5 31 3 0 2 7 0 2 7 0 2 7 0 2 7 1 2 7 0 2 7 1 2 7 0 2 7 0 2 7 0 40.2815956473350525
12 16 2 13 6 3 17 9 2 17 9 2 1 2 7 0 2 7 1 2 7 12 16 2 0 2 7 13 6 3 0 2 7 6 2 4 0 2 7 1 2 7 0 2 7 17 9 2 1 2 4 12 16 2 17 9 2 0 2 7 5 31 3 0 2 7 0 2 7 5 30 3 1 2 7 0 2 7 1 2 7 0 2 7 0 2 7 1 2 7 5 31 3 0 2 7 1 2 7 0 2 7 0 2 7 1 2 7 1 2 7 0 2 7 0 2 7 1 2 7 0 40.2815956473350525
12 16 2 13 6 3 17 9 2 17 18 2 0 2 7 0 2 7 1 2 7 12 16 2 1 2 7 13 6 3 0 2 7 1 2 7 1 2 7 1 2 7 1 2 7 17 9 2 0 2 7 12 16 2 17 18 2 0 2 7 5 31 3 1 2 7 6 2 4 5 31 3 0 2 7 1 2 7 1 2 7 0 2 7 1 2 7 0 2 7 5 30 3 0 2 7 0 2 7 0 2 7 0 2 7 0 2 7 0 2 7 0 2 7 0 2 7 1 2 4 0 40.2815956473350525
12 16 2 13 6 3 17 9 2 17 9 2 0 2 7 0 2 7 0 2 7 12 16 2 1 2 7 13 6 3 0 2 7 0 2 7 1 2 7 0 2 7 6 2 7 17 9 2 1 2 7 12 16 2 17 9 2 0 2 7 5 31 3 1 2 7 0 2 7 5 30 3 1 2 7 1 2 4 1 2 7 0 2 7 1 2 7 1 2 7 5 31 3 1 2 4 0 2 7 0 2 7 0 2 7 0 2 7 0 2 7 1 2 7 0 2 7 0 2 7 0 40.2815956473350525
12 16 2 13 6 3 17 9 2 17 9 2 0 2 7 0 2 7 1 2 7 12 16 2 1 2 4 13 6 3 0 2 7 0 2 7 1 2 7 0 2 7 0 2 7 17 9 2 1 2 7 12 16 2 17 18 2 0 2 7 5 31 3 0 2 7 1 2 7 5 30 3 6 2 7 0 2 7 1 2 7 1 2 7 1 2 7 1 2 7 5 31 3 0 2 7 1 2 7 0 2 7 0 2 7 0 2 7 0 2 4 0 2 7 0 2 7 1 2 7 0 40.2815956473350525
12 16 2 13 6 3 17 9 2 17 9 2 0 2 7 0 2 7 1 2 7 12 16 2 1 2 7 13 6 3 0 2 7 6 2 4 0 2 7 1 2 7 0 2 7 17 9 2 0 2 7 12 16 2 17 9 2 0 2 7 5 31 3 0 2 7 1 2 4 5 30 3 0 2 7 0 2 7 1 2 7 0 2 7 1 2 7 1 2 7 5 31 3 0 2 7 1 2 7 0 2 7 0 2 7 1 2 7 0 2 7 1 2 7 0 2 7 1 2 7 0 40.2815956473350525
12 16 2 13 6 3 17 9 2 17 9 2 0 2 7 1 2 7 1 2 7 12 16 2 0 2 7 13 6 3 0 2 7 0 2 7 1 2 7 0 2 7 1 2 7 17 9 2 6 2 4 12 16 2 17 18 2 0 2 7 5 30 3 1 2 7 1 2 7 5 31 3 0 2 7 0 2 7 0 2 4 1 2 7 1 2 7 1 2 7 5 31 3 0 2 7 0 2 7 1 2 7 0 2 7 0 2 7 0 2 7 0 2 7 0 2 7 1 2 7 0 40.2815956473350525
12 16 2 13 6 3 17 9 2 17 9 2 0 2 7 0 2 7 1 2 7 12 16 2 0 2 7 13 6 3 0 2 7 1 2 7 0 2 4 0 2 7 1 2 7 17 9 2 1 2 7 12 16 2 17 9 2 0 2 7 5 31 3 1 2 7 0 2 7 5 30 3 1 2 7 0 2 7 6 2 4 0 2 7 1 2 7 0 2 7 5 31 3 0 2 7 0 2 7 0 2 7 0 2 7 1 2 7 1 2 7 0 2 7 1 2 7 1 2 7 0 40.2815956473350525
12 16 2 13 6 3 17 9 2 17 9 2 0 2 7 0 2 7 0 2 7 12 16 2 0 2 7 13 6 3 0 2 7 1 2 7 1 2 7 1 2 7 0 2 7 17 9 2 1 2 7 12 16 2 17 18 2 0 2 7 5 31 3 1 2 7 6 2 4 5 31 3 0 2 7 0 2 7 1 2 7 1 2 7 1 2 7 0 2 7 5 30 3 0 2 7 1 2 7 1 2 7 0 2 7 0 2 7 0 2 7 0 2 7 0 2 7 1 2 4 0 40.2815956473350525
12 16 2 13 6 3 17 9 2 17 9 2 0 2 4 0 2 7 0 2 7 12 16 2 0 2 7 13 6 3 0 2 7 1 2 7 1 2 7 1 2 7 1 2 7 17 9 2 1 2 7 12 16 2 17 9 2 0 2 7 5 31 3 1 2 7 6 2 7 5 30 3 1 2 7 1 2 4 1 2 7 0 2 7 1 2 7 0 2 7 5 31 3 1 2 7 0 2 7 0 2 7 0 2 7 0 2 7 0 2 7 0 2 7 0 2 7 0 2 7 0 40.2815956473350525
12 16 2 13 6 3 17 9 2 17 9 2 0 2 7 0 2 7 1 2 7 12 16 2 1 2 7 13 6 3 0 2 7 0 2 7 0 2 7 1 2 7 6 2 7 17 9 2 0 2 7 12 16 2 17 18 2 0 2 4 5 31 3 0 2 4 1 2 7 5 30 3 0 2 7 0 2 7 1 2 7 0 2 7 1 2 7 1 2 7 5 31 3 0 2 7 1 2 7 0 2 7 0 2 7 1 2 7 0 2 7 1 2 7 0 2 7 1 2 7 0 40.2815956473350525
12 16 2 13 6 3 17 9 2 17 9 2 0 2 7 0 2 7 1 2 7 12 16 2 1 2 7 13 6 3 0 2 7 0 2 7 1 2 7 1 2 7 1 2 7 17 9 2 1 2 7 12 16 2 17 9 2 0 2 7 5 30 3 1 2 7 0 2 4 5 31 3 6 2 7 0 2 7 1 2 7 1 2 7 1 2 7 0 2 7 5 31 3 0 2 7 0 2 7 0 2 7 1 2 7 0 2 7 0 2 7 0 2 7 0 2 4 0 2 7 0 40.2815956473350525
12 16 2 13 6 3 17 9 2 17 18 2 0 2 7 0 2 7 6 2 7 12 16 2 1 2 7 13 6 3 0 2 7 1 2 7 1 2 7 1 2 7 1 2 7 17 9 2 0 2 7 12 16 2 17 18 2 0 2 7 5 31 3 1 2 7 0 2 4 5 31 3 0 2 7 1 2 7 1 2 7 0 2 7 1 2 7 0 2 7 5 30 3 0 2 7 0 2 7 0 2 7 1 2 7 0 2 7 0 2 7 0 2 7 0 2 7 1 2 4 0 40.2815956473350525
12 16 2 13 6 3 17 9 2 17 9 2 0 2 7 1 2 7 1 2 7 12 16 2 0 2 7 13 6 3 0 2 7 0 2 7 1 2 7 0 2 7 1 2 7 17 9 2 6 2 4 12 16 2 17 18 2 0 2 7 5 30 3 1 2 7 1 2 7 5 31 3 0 2 7 0 2 7 0 2 4 1 2 7 1 2 7 1 2 7 5 31 3 0 2 7 0 2 7 1 2 7 0 2 7 0 2 7 0 2 7 0 2 7 0 2 7 1 2 7 0 40.2815956473350525
12 16 2 13 6 3 17 9 2 17 9 2 0 2 4 0 2 7 0 2 7 12 16 2 1 2 7 13 6 3 1 2 7 0 2 7 0 2 7 0 2 7 0 2 7 17 9 2 1 2 7 12 16 2 17 9 2 0 2 7 5 31 3 1 2 7 0 2 7 5 31 3 0 2 7 1 2 7 1 2 7 1 2 7 1 2 7 1 2 7 5 30 3 0 2 7 0 2 7 1 2 7 0 2 7 6 2 4 0 2 7 0 2 7 0 2 7 1 2 7 0 40.2815956473350525
12 16 2 13 6 3 17 9 2 17 9 2 0 2 7 1 2 7 0 2 7 12 16 2 0 2 7 13 6 3 0 2 7 1 2 4 0 2 7 1 2 7 0 2 7 17 9 2 0 2 7 12 16 2 17 9 2 0 2 7 5 30 3 1 2 7 1 2 7 5 31 3 0 2 7 0 2 7 1 2 7 1 2 7 6 2 7 1 2 4 5 31 3 0 2 7 0 2 7 1 2 7 0 2 7 0 2 7 0 2 7 1 2 7 0 2 7 1 2 7 0 40.2815956473350525
12 16 2 13 6 3 17 9 2 17 9 2 0 2 7 1 2 7 0 2 7 12 16 2 1 2 7 13 6 3 0 2 7 0 2 7 1 2 7 0 2 7 1 2 7 17 9 2 1 2 4 12 16 2 17 9 2 0 2 7 5 31 3 1 2 7 1 2 7 5 30 3 6 2 4 0 2 7 1 2 7 1 2 7 1 2 7 0 2 7 5 31 3 0 2 7 0 2 7 1 2 7 0 2 7 0 2 7 0 2 7 0 2 7 0 2 7 0 2 7 0 40.2815956473350525
12 16 2 13 6 3 17 9 2 17 9 2 0 2 7 1 2 7 0 2 7 12 16 2 0 2 7 13 6 3 0 2 7 0 2 7 1 2 7 1 2 7 1 2 7 17 9 2 6 2 4 12 16 2 17 18 2 0 2 7 5 30 3 1 2 7 0 2 7 5 31 3 0 2 7 0 2 7 0 2 7 1 2 7 1 2 4 1 2 7 5 31 3 0 2 7 1 2 7 1 2 7 0 2 7 0 2 7 0 2 7 0 2 7 0 2 7 1 2 7 0 40.2815956473350525
12 16 2 13 6 3 17 9 2 17 9 2 0 2 7 1 2 7 1 2 7 12 16 2 0 2 7 13 6 3 0 2 7 0 2 7 6 2 7 0 2 7 1 2 7 17 9 2 0 2 4 12 16 2 17 18 2 0 2 7 5 31 3 1 2 7 1 2 7 5 31 3 0 2 7 0 2 7 1 2 7 1 2 7 1 2 7 1 2 4 5 30 3 0 2 7 0 2 7 1 2 7 0 2 7 0 2 7 0 2 7 0 2 7 0 2 7 1 2 7 0 40.2815956473350525
12 16 2 13 6 3 17 9 2 17 9 2 0 2 7 1 2 7 0 2 7 12 16 2 1 2 7 13 6 3 0 2 7 0 2 4 0 2 7 1 2 7 0 2 7 17 9 2 0 2 7 12 16 2 17 9 2 0 2 7 5 30 3 1 2 7 1 2 7 5 31 3 0 2 7 1 2 7 1 2 4 1 2 7 6 2 7 1 2 7 5 31 3 0 2 7 0 2 7 0 2 7 0 2 7 0 2 7 0 2 7 1 2 7 0 2 7 1 2 7 0 40.2815956473350525
12 16 2 13 6 3 17 9 2 17 9 2 0 2 7 1 2 7 0 2 7 12 16 2 0 2 7 13 6 3 0 2 7 0 2 7 1 2 7 1 2 7 1 2 4 17 9 2 1 2 4 12 16 2 17 18 2 0 2 7 5 31 3 1 2 7 6 2 7 5 30 3 0 2 7 0 2 7 0 2 7 1 2 7 1 2 7 0 2 7 5 31 3 0 2 7 1 2 7 1 2 7 0 2 7 0 2 7 0 2 7 0 2 7 0 2 7 1 2 7 0 40.2815956473350525
12 16 2 13 6 3 17 9 2 17 9 2 0 2 7 0 2 4 0 2 7 12 16 2 1 2 7 13 6 3 6 2 7 0 2 4 0 2 7 1 2 7 0 2 7 17 9 2 0 2 7 12 16 2 17 9 2 0 2 7 5 31 3 1 2 7 0 2 7 5 30 3 0 2 7 1 2 7 1 2 7 0 2 7 1 2 7 1 2 7 5 31 3 0 2 7 1 2 7 0 2 7 0 2 7 1 2 7 0 2 7 1 2 7 0 2 7 1 2 7 0 40.2815956473350525
12 16 2 13 6 3 17 9 2 17 9 2 0 2 7 0 2 7 1 2 7 12 16 2 1 2 7 13 6 3 0 2 7 0 2 7 6 2 7 1 2 7 0 2 4 17 9 2 0 2 4 12 16 2 17 18 2 0 2 7 5 31 3 1 2 7 1 2 7 5 30 3 0 2 7 0 2 7 1 2 7 0 2 7 1 2 7 0 2 7 5 31 3 0 2 7 1 2 7 0 2 7 0 2 7 1 2 7 0 2 7 1 2 7 0 2 7 1 2 7 0 40.2815956473350525
12 16 2 13 6 3 17 9 2 17 9 2 0 2 7 1 2 7 1 2 7 12 16 2 0 2 7 13 6 3 0 2 7 0 2 7 1 2 7 0 2 7 1 2 7 17 9 2 6 2 4 12 16 2 17 18 2 0 2 7 5 30 3 1 2 7 1 2 7 5 31 3 0 2 7 0 2 7 0 2 4 1 2 7 1 2 7 1 2 7 5 31 3 0 2 7 0 2 7 1 2 7 0 2 7 0 2 7 0 2 7 0 2 7 0 2 7 1 2 7 0 40.2815956473350525
12 16 2 13 6 3 17 9 2 17 9 2 0 2 7 1 2 7 0 2 7 12 16 2 0 2 7 13 6 3 0 2 7 0 2 7 1 2 7 1 2 7 1 2 4 17 9 2 1 2 4 12 16 2 17 18 2 0 2 7 5 31 3 1 2 7 6 2 7 5 30 3 0 2 7 0 2 7 0 2 7 1 2 7 1 2 7 0 2 7 5 31 3 0 2 7 1 2 7 1 2 7 0 2 7 0 2 7 0 2 7 0 2 7 0 2 7 1 2 7 0 40.2815956473350525
12 16 2 13 6 3 17 9 2 17 9 2 0 2 7 0 2 7 0 2 7 12 16 2 0 2 7 13 6 3 6 2 7 0 2 7 1 2 7 1 2 7 1 2 7 17 9 2 1 2 7 12 16 2 17 18 2 0 2 7 5 31 3 1 2 7 0 2 4 5 30 3 0 2 4 1 2 7 1 2 7 0 2 7 1 2 7 0 2 7 5 31 3 0 2 7 1 2 7 0 2 7 0 2 7 1 2 7 0 2 7 0 2 7 0 2 7 1 2 7 0 40.2815956473350525
12 16 2 13 6 3 17 9 2 17 9 2 0 2 7 0 2 7 0 2 7 12 16 2 1 2 7 13 6 3 0 2 7 0 2 7 1 2 7 1 2 7 0 2 4 17 9 2 0 2 7 12 16 2 17 9 2 0 2 7 5 31 3 0 2 7 6 2 7 5 30 3 0 2 7 1 2 7 1 2 7 1 2 7 1 2 7 1 2 7 5 31 3 0 2 7 0 2 7 1 2 7 0 2 7 0 2 7 0 2 4 1 2 7 0 2 7 1 2 7 0 40.2815956473350525
12 16 2 13 6 3 17 9 2 17 9 2 0 2 7 1 2 7 0 2 7 12 16 2 1 2 7 13 6 3 0 2 7 0 2 7 1 2 7 0 2 7 1 2 7 17 9 2 1 2 4 12 16 2 17 9 2 0 2 7 5 31 3 1 2 7 1 2 7 5 30 3 6 2 4 0 2 7 1 2 7 1 2 7 1 2 7 0 2 7 5 31 3 0 2 7 0 2 7 1 2 7 0 2 7 0 2 7 0 2 7 0 2 7 0 2 7 0 2 7 0 40.2815956473350525
12 16 2 13 6 3 17 9 2 17 9 2 0 2 7 1 2 7 0 2 7 12 16 2 0 2 7 13 6 3 0 2 7 0 2 7 6 2 4 0 2 7 1 2 7 17 9 2 1 2 7 12 16 2 17 18 2 0 2 7 5 31 3 1 2 7 1 2 7 5 30 3 1 2 7 0 2 7 1 2 7 1 2 7 1 2 4 0 2 7 5 31 3 0 2 7 0 2 7 1 2 7 0 2 7 0 2 7 0 2 7 0 2 7 0 2 7 1 2 7 0 40.2815956473350525
12 16 2 13 6 3 17 9 2 17 9 2 0 2 7 1 2 4 0 2 7 12 16 2 1 2 7 13 6 3 0 2 7 0 2 7 0 2 7 1 2 7 0 2 4 17 9 2 0 2 7 12 16 2 17 9 2 0 2 7 5 31 3 1 2 7 6 2 7 5 30 3 0 2 7 0 2 7 0 2 7 1 2 7 1 2 7 1 2 7 5 31 3 0 2 7 1 2 7 1 2 7 0 2 7 0 2 7 0 2 7 1 2 7 0 2 7 1 2 7 0 40.2815956473350525
12 16 2 13 6 3 17 9 2 17 9 2 0 2 7 1 2 7 0 2 7 12 16 2 0 2 7 13 6 3 0 2 7 0 2 7 1 2 7 1 2 7 0 2 7 17 9 2 0 2 7 12 16 2 17 18 2 0 2 7 5 31 3 0 2 7 0 2 7 5 30 3 1 2 4 0 2 7 0 2 7 1 2 7 1 2 7 1 2 7 5 31 3 1 2 7 6 2 7 0 2 4 0 2 7 1 2 7 0 2 7 1 2 7 0 2 7 1 2 7 0 40.2815956473350525
12 16 2 13 6 3 17 9 2 17 9 2 0 2 7 0 2 7 0 2 7 12 16 2 1 2 7 13 6 3 0 2 7 0 2 7 1 2 7 0 2 7 0 2 7 17 9 2 6 2 7 12 16 2 17 9 2 0 2 7 5 31 3 1 2 7 1 2 7 5 30 3 0 2 7 1 2 7 1 2 7 1 2 4 1 2 7 1 2 7 5 31 3 0 2 7 0 2 7 1 2 4 0 2 7 0 2 7 0 2 7 0 2 7 0 2 7 1 2 7 0 40.2815956473350525
12 16 2 13 6 3 17 9 2 17 9 2 0 2 7 0 2 7 0 2 7 12 16 2 0 2 7 13 6 3 0 2 7 0 2 7 1 2 7 1 2 7 0 2 4 17 9 2 1 2 7 12 16 2 17 9 2 0 2 7 5 31 3 1 2 7 0 2 7 5 31 3 0 2 7 1 2 7 1 2 7 1 2 7 1 2 7 0 2 7 5 31 3 0 2 7 1 2 7 1 2 7 0 2 7 0 2 4 0 2 7 0 2 7 0 2 7 1 2 7 3.44317567042157969e-06 40.4761337041854858
12 16 2 13 6 3 17 9 2 17 9 2 0 2 7 1 2 7 0 2 7 12 16 2 0 2 7 13 6 3 0 2 7 0 2 7 6 2 4 0 2 7 1 2 7 17 9 2 1 2 7 12 16 2 17 18 2 0 2 7 5 31 3 1 2 7 1 2 7 5 30 3 1 2 7 0 2 7 1 2 7 1 2 7 1 2 7 0 2 7 5 31 3 0 2 7 0 2 7 1 2 7 0 2 7 0 2 7 0 2 4 0 2 7 0 2 7 1 2 7 0 40.2815956473350525
12 16 2 13 6 3 17 9 2 17 9 2 0 2 7 1 2 7 0 2 7 12 16 2 1 2 7 13 6 3 0 2 7 0 2 7 1 2 7 0 2 4 1 2 7 17 9 2 0 2 4 12 16 2 17 9 2 0 2 7 5 31 3 1 2 7 1 2 7 5 30 3 6 2 7 0 2 7 1 2 7 1 2 7 1 2 7 0 2 7 5 31 3 0 2 7 0 2 7 1 2 7 0 2 7 0 2 7 0 2 7 1 2 7 0 2 7 0 2 7 0 40.2815956473350525
12 16 2 13 6 3 17 9 2 17 9 2 0 2 7 1 2 7 0 2 7 12 16 2 0 2 7 13 6 3 0 2 7 0 2 7 1 2 7 0 2 7 1 2 7 17 9 2 1 2 4 12 16 2 17 9 2 0 2 7 5 31 3 1 2 4 1 2 7 5 30 3 0 2 7 0 2 7 6 2 7 1 2 7 1 2 7 0 2 7 5 31 3 0 2 7 0 2 7 1 2 7 0 2 7 0 2 7 1 2 7 1 2 7 0 2 7 0 2 7 0 40.2815956473350525
12 16 2 13 6 3 17 9 2 17 9 2 0 2 7 1 2 7 0 2 7 12 16 2 1 2 7 13 6 3 0 2 7 0 2 7 1 2 4 0 2 7 1 2 7 17 9 2 1 2 7 12 16 2 17 18 2 0 2 7 5 31 3 1 2 4 1 2 7 5 30 3 1 2 7 0 2 7 1 2 7 1 2 7 6 2 7 0 2 7 5 31 3 0 2 7 0 2 7 1 2 7 0 2 7 0 2 7 0 2 7 0 2 7 0 2 7 0 2 7 0 40.2815956473350525
12 16 2 13 6 3 17 9 2 17 9 2 0 2 7 1 2 7 0 2 7 12 16 2 0 2 7 13 6 3 0 2 7 0 2 7 6 2 4 0 2 7 1 2 7 17 9 2 1 2 7 12 16 2 17 18 2 0 2 7 5 31 3 1 2 7 1 2 7 5 30 3 1 2 7 0 2 7 1 2 7 1 2 7 1 2 4 0 2 7 5 31 3 0 2 7 0 2 7 1 2 7 0 2 7 0 2 7 0 2 7 0 2 7 0 2 7 1 2 7 0 40.2815956473350525
12 16 2 13 6 3 17 9 2 17 9 2 0 2 7 1 2 7 0 2 7 12 16 2 1 2 7 13 6 3 0 2 7 0 2 7 1 2 7 0 2 7 1 2 7 17 9 2 1 2 4 12 16 2 17 9 2 0 2 7 5 31 3 1 2 7 1 2 7 5 30 3 6 2 4 0 2 7 1 2 7 1 2 7 1 2 7 0 2 7 5 31 3 0 2 7 0 2 7 1 2 7 0 2 7 0 2 7 0 2 7 0 2 7 0 2 7 0 2 7 0 40.2815956473350525
12 16 2 13 6 3 17 9 2 17 9 2 0 2 7 0 2 4 0 2 7 12 16 2 1 2 7 13 6 3 17 18 2 0 2 4 1 2 7 0 2 7 0 2 7 17 9 2 1 2 7 12 16 2 0 2 7 0 2 7 5 31 3 1 2 7 1 2 7 5 30 3 0 2 7 1 2 7 1 2 7 1 2 7 1 2 7 1 2 7 5 31 3 0 2 7 0 2 7 1 2 7 0 2 7 0 2 7 0 2 7 0 2 7 0 2 7 6 2 7 0 40.2815956473350525
12 16 2 13 6 3 17 9 2 17 9 2 0 2 7 1 2 7 0 2 7 12 16 2 1 2 4 13 6 3 0 2 7 0 2 7 1 2 7 0 2 4 1 2 7 17 9 2 1 2 7 12 16 2 17 18 2 0 2 7 5 31 3 1 2 7 1 2 7 5 30 3 0 2 7 0 2 7 1 2 7 6 2 7 1 2 7 0 2 7 5 31 3 0 2 7 0 2 7 1 2 7 0 2 7 0 2 7 0 2 7 0 2 7 0 2 7 1 2 7 0 40.2815956473350525
12 16 2 13 6 3 17 9 2 17 9 2 0 2 7 0 2 7 1 2 4 12 16 2 1 2 7 13 6 3 0 2 7 0 2 7 1 2 7 0 2 4 1 2 7 17 9 2 0 2 7 12 16 2 17 9 2 0 2 7 5 31 3 1 2 7 1 2 7 5 30 3 6 2 7 0 2 7 1 2 7 1 2 7 1 2 7 0 2 7 5 31 3 0 2 7 0 2 7 1 2 7 0 2 7 0 2 7 0 2 7 1 2 7 0 2 7 0 2 7 0 40.2815956473350525
12 16 2 13 6 3 17 9 2 17 9 2 1 2 7 0 2 7 0 2 7 12 16 2 0 2 7 13 6 3 0 2 4 0 2 7 1 2 7 1 2 4 0 2 7 17 9 2 1 2 7 12 16 2 17 9 2 0 2 7 5 31 3 1 2 7 0 2 7 5 30 3 0 2 3 1 2 7 0 2 7 1 2 3 0 2 4 0 2 4 5 30 3 0 2 7 1 2 7 1 2 7 6 2 7 0 2 7 0 2 7 0 2 7 1 2 7 1 2 3 0 40.4413166642189026
12 16 2 13 6 3 17 9 2 17 9 2 0 2 7 1 2 7 0 2 7 12 16 2 1 2 7 13 6 3 0 2 7 0 2 7 1 2 7 0 2 7 1 2 7 17 9 2 1 2 7 12 16 2 17 9 2 0 2 7 5 31 3 1 2 4 1 2 7 5 30 3 6 2 4 0 2 7 1 2 7 1 2 7 0 2 7 0 2 7 5 31 3 0 2 7 0 2 7 1 2 7 0 2 7 0 2 7 0 2 7 1 2 7 0 2 7 0 2 7 0 40.2815956473350525
12 16 2 13 6 3 17 9 2 17 9 2 0 2 7 0 2 7 0 2 7 12 16 2 1 2 7 13 6 3 0 2 7 0 2 7 1 2 7 0 2 4 1 2 7 17 9 2 1 2 7 12 16 2 17 18 2 0 2 7 5 31 3 1 2 7 1 2 4 5 30 3 1 2 7 0 2 7 1 2 7 1 2 7 0 2 7 0 2 7 5 31 3 1 2 7 0 2 7 6 2 7 1 2 7 0 2 7 0 2 7 0 2 7 0 2 7 0 2 7 0 40.2815956473350525
12 16 2 13 6 3 17 9 2 17 9 2 0 2 7 1 2 7 0 2 7 12 16 2 1 2 7 13 6 3 0 2 7 0 2 7 1 2 7 0 2 4 0 2 7 17 9 2 1 2 7 12 16 2 17 9 2 0 2 7 5 31 3 1 2 7 1 2 7 5 30 3 6 2 4 0 2 7 1 2 7 1 2 7 1 2 7 0 2 7 5 31 3 0 2 7 0 2 7 1 2 7 0 2 7 0 2 7 0 2 7 1 2 7 0 2 7 0 2 7 0 40.2815956473350525
12 16 2 13 6 3 17 9 2 17 9 2 1 2 7 1 2 7 0 2 7 12 16 2 1 2 7 13 6 3 0 2 7 0 2 7 1 2 7 0 2 7 1 2 7 17 9 2 1 2 7 12 16 2 17 18 2 0 2 7 5 31 3 1 2 7 1 2 7 5 30 3 0 2 4 0 2 7 1 2 7 1 2 7 0 2 7 0 2 7 5 31 3 1 2 7 0 2 7 6 2 4 0 2 7 0 2 7 0 2 7 0 2 7 0 2 7 0 2 7 0 40.2815956473350525
12 16 2 13 6 3 17 9 2 17 9 2 0 2 7 0 2 7 0 2 7 12 16 2 0 2 7 13 6 3 0 2 7 0 2 7 1 2 4 0 2 7 1 2 7 17 9 2 0 2 7 12 16 2 17 18 2 0 2 7 5 31 3 6 2 7 1 2 7 5 30 3 1 2 7 0 2 7 1 2 4 1 2 7 1 2 7 0 2 7 5 31 3 1 2 7 0 2 7 1 2 7 1 2 7 0 2 7 0 2 7 0 2 7 0 2 7 1 2 7 0 40.2815956473350525
12 16 2 13 6 3 17 9 2 17 9 2 0 2 7 1 2 7 0 2 7 12 16 2 0 2 7 13 6 3 0 2 7 0 2 7 1 2 7 0 2 7 1 2 7 17 9 2 1 2 7 12 16 2 17 9 2 0 2 7 5 31 3 1 2 4 1 2 7 5 30 3 1 2 4 0 2 7 1 2 7 1 2 7 0 2 7 0 2 7 5 31 3 0 2 7 0 2 7 1 2 7 0 2 7 0 2 7 6 2 7 1 2 7 0 2 7 0 2 7 0 40.2815956473350525
12 16 2 13 6 3 17 9 2 17 9 2 0 2 7 1 2 7 0 2 7 12 16 2 1 2 7 13 6 3 0 2 7 0 2 7 6 2 7 0 2 4 1 2 7 17 9 2 1 2 7 12 16 2 17 9 2 1 2 7 5 31 3 1 2 7 1 2 7 5 30 3 1 2 7 0 2 7 1 2 7 1 2 7 0 2 7 0 2 7 5 31 3 0 2 4 0 2 7 1 2 7 0 2 7 0 2 7 0 2 7 0 2 7 0 2 7 0 2 7 0 40.2815956473350525
12 16 2 13 6 3 17 9 2 17 9 2 0 2 7 0 2 7 1 2 7 12 16 2 0 2 7 13 6 3 0 2 7 1 2 7 1 2 7 0 2 4 0 2 7 17 9 2 1 2 7 12 16 2 17 18 2 1 2 7 5 31 3 6 2 7 1 2 7 5 30 3 1 2 7 0 2 7 1 2 7 1 2 7 1 2 7 0 2 7 5 31 3 0 2 7 0 2 7 1 2 7 0 2 4 0 2 7 0 2 7 0 2 7 0 2 7 0 2 7 0 40.2815956473350525
12 16 2 13 6 3 17 9 2 17 9 2 1 2 7 0 2 7 0 2 7 12 16 2 0 2 7 13 6 3 0 2 7 1 2 7 1 2 7 0 2 7 0 2 7 17 9 2 1 2 7 12 16 2 17 18 2 0 2 7 5 31 3 1 2 7 1 2 4 5 30 3 0 2 7 0 2 7 1 2 7 1 2 7 0 2 7 0 2 7 5 31 3 1 2 7 0 2 7 6 2 4 1 2 7 0 2 7 1 2 7 0 2 7 0 2 7 0 2 7 0 40.2815956473350525
12 16 2 13 6 3 17 9 2 17 9 2 0 2 7 0 2 7 0 2 7 12 16 2 1 2 7 13 6 3 0 2 7 0 2 7 1 2 7 0 2 4 0 2 7 17 9 2 1 2 7 12 16 2 17 9 2 0 2 7 5 31 3 1 2 7 1 2 4 5 30 3 1 2 7 0 2 7 1 2 7 1 2 7 1 2 7 0 2 7 5 31 3 1 2 7 0 2 7 6 2 7 1 2 7 0 2 7 0 2 7 0 2 7 0 2 7 0 2 7 0 40.2815956473350525
12 16 2 13 6 3 17 9 2 17 9 2 0 2 7 1 2 7 0 2 7 12 16 2 1 2 7 13 6 3 0 2 7 0 2 7 1 2 7 0 2 7 0 2 7 17 9 2 1 2 7 12 16 2 17 9 2 0 2 7 5 31 3 0 2 7 1 2 7 5 30 3 6 2 7 0 2 7 1 2 7 1 2 4 1 2 7 0 2 7 5 31 3 0 2 7 0 2 7 1 2 7 0 2 4 0 2 7 0 2 7 1 2 7 0 2 7 1 2 7 0 40.2815956473350525
12 16 2 13 6 3 17 9 2 17 9 2 0 2 7 0 2 7 0 2 7 12 16 2 1 2 7 13 6 3 0 2 7 0 2 7 1 2 4 0 2 7 1 2 7 17 9 2 0 2 7 12 16 2 17 9 2 0 2 7 5 31 3 1 2 7 1 2 7 5 30 3 1 2 7 0 2 7 1 2 4 1 2 7 0 2 7 0 2 7 5 31 3 1 2 7 0 2 7 1 2 7 6 2 7 0 2 7 0 2 7 0 2 7 0 2 7 1 2 7 0 40.2815956473350525
12 16 2 13 6 3 17 9 2 17 9 2 0 2 7 1 2 7 0 2 7 12 16 2 1 2 7 13 6 3 0 2 7 0 2 7 1 2 7 0 2 4 0 2 7 17 9 2 1 2 7 12 16 2 17 9 2 0 2 7 5 31 3 1 2 7 1 2 7 5 30 3 6 2 4 0 2 7 1 2 7 1 2 7 1 2 7 0 2 7 5 31 3 0 2 7 0 2 7 1 2 7 0 2 7 0 2 7 0 2 7 1 2 7 0 2 7 0 2 7 0 40.2815956473350525
12 16 2 13 6 3 17 9 2 17 9 2 1 2 7 1 2 7 0 2 7 12 16 2 1 2 7 13 6 3 0 2 7 0 2 7 1 2 7 0 2 7 1 2 7 17 9 2 1 2 7 12 16 2 17 18 2 0 2 7 5 31 3 1 2 7 1 2 7 5 30 3 0 2 4 0 2 7 1 2 7 1 2 7 0 2 7 0 2 7 5 31 3 1 2 7 0 2 7 6 2 4 0 2 7 0 2 7 0 2 7 0 2 7 0 2 7 0 2 7 0 40.2815956473350525
12 16 2 13 6 3 17 9 2 17 9 2 1 2 7 0 2 7 0 2 7 12 16 2 0 2 7 13 6 3 0 2 7 1 2 7 1 2 7 0 2 7 0 2 7 17 9 2 1 2 7 12 16 2 17 18 2 0 2 7 5 31 3 1 2 7 1 2 4 5 30 3 0 2 7 0 2 7 1 2 7 1 2 7 0 2 7 0 2 7 5 31 3 1 2 7 0 2 7 6 2 4 1 2 7 0 2 7 1 2 7 0 2 7 0 2 7 0 2 7 0 40.2815956473350525
12 16 2 13 6 3 17 9 2 17 9 2 6 2 7 0 2 7 0 2 7 12 16 2 0 2 7 13 6 3 0 2 7 1 2 7 1 2 7 0 2 7 0 2 7 17 9 2 1 2 7 12 16 2 17 18 2 1 2 7 5 31 3 1 2 7 1 2 7 5 31 3 1 2 7 0 2 7 1 2 7 0 2 7 1 2 4 0 2 7 5 30 3 0 2 7 0 2 7 1 2 4 0 2 7 0 2 7 1 2 7 0 2 7 0 2 7 0 2 7 0 40.2815956473350525
12 16 2 13 6 3 17 9 2 17 9 2 1 2 7 1 2 7 0 2 7 12 16 2 0 2 4 13 6 3 0 2 7 0 2 7 1 2 7 0 2 7 1 2 7 17 9 2 1 2 7 12 16 2 17 18 2 0 2 7 5 31 3 1 2 7 1 2 7 5 30 3 0 2 7 0 2 7 1 2 7 1 2 7 0 2 7 0 2 7 5 31 3 1 2 7 0 2 4 6 2 7 1 2 7 0 2 7 0 2 7 0 2 7 0 2 7 0 2 7 0 40.2815956473350525
12 16 2 13 6 3 17 9 2 17 9 2 1 2 7 0 2 7 0 2 7 12 16 2 0 2 7 13 6 3 0 2 7 0 2 7 1 2 7 0 2 7 0 2 7 17 9 2 1 2 7 12 16 2 17 18 2 0 2 7 5 31 3 1 2 7 1 2 4 5 30 3 0 2 4 0 2 7 1 2 7 1 2 7 0 2 7 0 2 7 5 31 3 1 2 7 0 2 7 1 2 7 0 2 7 0 2 7 1 2 7 0 2 7 6 2 7 1 2 7 0 40.2815956473350525
12 16 2 13 6 3 17 9 2 17 9 2 0 2 4 1 2 7 0 2 7 12 16 2 1 2 7 13 6 3 0 2 7 0 2 7 6 2 7 0 2 7 1 2 7 17 9 2 1 2 7 12 16 2 17 9 2 0 2 7 5 31 3 0 2 4 1 2 7 5 30 3 1 2 7 0 2 7 0 2 7 1 2 7 1 2 7 0 2 7 5 31 3 0 2 7 0 2 7 1 2 7 0 2 7 0 2 7 0 2 7 1 2 7 0 2 7 1 2 7 0 40.2815956473350525
12 16 2 13 6 3 17 9 2 17 9 2 1 2 4 0 2 7 0 2 7 12 16 2 0 2 7 13 6 3 0 2 7 0 2 7 1 2 7 0 2 7 0 2 7 17 9 2 1 2 7 12 16 2 17 9 2 0 2 7 5 31 3 1 2 7 1 2 7 5 30 3 6 2 4 0 2 7 1 2 7 1 2 7 1 2 7 0 2 7 5 31 3 0 2 7 0 2 7 1 2 7 0 2 7 0 2 7 1 2 7 0 2 7 1 2 7 0 2 7 0 40.2815956473350525
MonoObjective Genetic Algorithm
Number of Evaluations = 0
Mutation Probability = 0
Crossover Probability = 1
Population Size = 10
Survival Selection Type = 15
Time =  9001.47405195236206
12 16 2 13 6 3 17 9 2 17 9 2 0 2 7 1 2 7 0 2 7 12 16 2 1 2 7 13 6 3 0 2 7 0 2 7 1 2 7 0 2 7 0 2 7 17 9 2 1 2 7 12 16 2 17 9 2 0 2 7 5 31 3 0 2 7 1 2 7 5 30 3 6 2 7 0 2 7 1 2 7 1 2 4 1 2 7 0 2 7 5 31 3 0 2 7 0 2 7 1 2 7 0 2 4 0 2 7 0 2 7 1 2 7 0 2 7 1 2 7 0 40.2815956473350525
12 16 2 13 6 3 17 9 2 17 9 2 0 2 7 0 2 7 0 2 7 12 16 2 1 2 7 13 6 3 0 2 7 0 2 7 1 2 4 0 2 7 1 2 7 17 9 2 0 2 7 12 16 2 17 9 2 0 2 7 5 31 3 1 2 7 1 2 7 5 30 3 1 2 7 0 2 7 1 2 4 1 2 7 0 2 7 0 2 7 5 31 3 1 2 7 0 2 7 1 2 7 6 2 7 0 2 7 0 2 7 0 2 7 0 2 7 1 2 7 0 40.2815956473350525
12 16 2 13 6 3 17 9 2 17 9 2 0 2 7 1 2 7 0 2 7 12 16 2 1 2 7 13 6 3 0 2 7 0 2 7 1 2 7 0 2 4 0 2 7 17 9 2 1 2 7 12 16 2 17 9 2 0 2 7 5 31 3 1 2 7 1 2 7 5 30 3 6 2 4 0 2 7 1 2 7 1 2 7 1 2 7 0 2 7 5 31 3 0 2 7 0 2 7 1 2 7 0 2 7 0 2 7 0 2 7 1 2 7 0 2 7 0 2 7 0 40.2815956473350525
12 16 2 13 6 3 17 9 2 17 9 2 1 2 7 1 2 7 0 2 7 12 16 2 1 2 7 13 6 3 0 2 7 0 2 7 1 2 7 0 2 7 1 2 7 17 9 2 1 2 7 12 16 2 17 18 2 0 2 7 5 31 3 1 2 7 1 2 7 5 30 3 0 2 4 0 2 7 1 2 7 1 2 7 0 2 7 0 2 7 5 31 3 1 2 7 0 2 7 6 2 4 0 2 7 0 2 7 0 2 7 0 2 7 0 2 7 0 2 7 0 40.2815956473350525
12 16 2 13 6 3 17 9 2 17 9 2 1 2 7 0 2 7 0 2 7 12 16 2 0 2 7 13 6 3 0 2 7 1 2 7 1 2 7 0 2 7 0 2 7 17 9 2 1 2 7 12 16 2 17 18 2 0 2 7 5 31 3 1 2 7 1 2 4 5 30 3 0 2 7 0 2 7 1 2 7 1 2 7 0 2 7 0 2 7 5 31 3 1 2 7 0 2 7 6 2 4 1 2 7 0 2 7 1 2 7 0 2 7 0 2 7 0 2 7 0 40.2815956473350525
12 16 2 13 6 3 17 9 2 17 9 2 6 2 7 0 2 7 0 2 7 12 16 2 0 2 7 13 6 3 0 2 7 1 2 7 1 2 7 0 2 7 0 2 7 17 9 2 1 2 7 12 16 2 17 18 2 1 2 7 5 31 3 1 2 7 1 2 7 5 31 3 1 2 7 0 2 7 1 2 7 0 2 7 1 2 4 0 2 7 5 30 3 0 2 7 0 2 7 1 2 4 0 2 7 0 2 7 1 2 7 0 2 7 0 2 7 0 2 7 0 40.2815956473350525
12 16 2 13 6 3 17 9 2 17 9 2 1 2 7 1 2 7 0 2 7 12 16 2 0 2 4 13 6 3 0 2 7 0 2 7 1 2 7 0 2 7 1 2 7 17 9 2 1 2 7 12 16 2 17 18 2 0 2 7 5 31 3 1 2 7 1 2 7 5 30 3 0 2 7 0 2 7 1 2 7 1 2 7 0 2 7 0 2 7 5 31 3 1 2 7 0 2 4 6 2 7 1 2 7 0 2 7 0 2 7 0 2 7 0 2 7 0 2 7 0 40.2815956473350525
12 16 2 13 6 3 17 9 2 17 9 2 1 2 7 0 2 7 0 2 7 12 16 2 0 2 7 13 6 3 0 2 7 0 2 7 1 2 7 0 2 7 0 2 7 17 9 2 1 2 7 12 16 2 17 18 2 0 2 7 5 31 3 1 2 7 1 2 4 5 30 3 0 2 4 0 2 7 1 2 7 1 2 7 0 2 7 0 2 7 5 31 3 1 2 7 0 2 7 1 2 7 0 2 7 0 2 7 1 2 7 0 2 7 6 2 7 1 2 7 0 40.2815956473350525
12 16 2 13 6 3 17 9 2 17 9 2 0 2 4 1 2 7 0 2 7 12 16 2 1 2 7 13 6 3 0 2 7 0 2 7 6 2 7 0 2 7 1 2 7 17 9 2 1 2 7 12 16 2 17 9 2 0 2 7 5 31 3 0 2 4 1 2 7 5 30 3 1 2 7 0 2 7 0 2 7 1 2 7 1 2 7 0 2 7 5 31 3 0 2 7 0 2 7 1 2 7 0 2 7 0 2 7 0 2 7 1 2 7 0 2 7 1 2 7 0 40.2815956473350525
12 16 2 13 6 3 17 9 2 17 9 2 1 2 4 0 2 7 0 2 7 12 16 2 0 2 7 13 6 3 0 2 7 0 2 7 1 2 7 0 2 7 0 2 7 17 9 2 1 2 7 12 16 2 17 9 2 0 2 7 5 31 3 1 2 7 1 2 7 5 30 3 6 2 4 0 2 7 1 2 7 1 2 7 1 2 7 0 2 7 5 31 3 0 2 7 0 2 7 1 2 7 0 2 7 0 2 7 1 2 7 0 2 7 1 2 7 0 2 7 0 40.2815956473350525
