0 2 7 0 2 7 0 2 4 0 2 7 5 31 3 0 2 3 0 2 7 5 31 3 5 31 3 6 2 7 1 2 7 1 2 7 0 2 7 17 1 2 5 30 3 0 2 7 16 6 2 6 2 7 1 2 7 1 2 7 0 2 7 0 2 7 1 2 7 0 2 7 0 2 7 1 2 7 0 2 3 0 2 7 17 18 2 1 2 7 0 2 7 0 2 7 0 2 7 17 18 2 1 2 7 0 2 7 1 2 7 1 2 7 0 2 7 17 9 2 0 40.6011588573455811
0 2 8 0 2 8 16 19 12 8 18 2 8 18 2 8 18 2 8 9 2 8 9 2 1 2 8 0 2 8 0 2 8 5 30 3 0 2 8 8 18 2 8 18 2 0 2 8 8 18 2 0 2 8 0 2 1 16 19 1 0 2 8 0 2 8 8 9 2 17 9 2 1 2 8 12 16 2 0 2 8 16 19 1 0 2 1 1 2 8 1 2 8 1 2 8 0 2 8 5 30 3 8 9 2 5 30 3 16 19 12 5 30 3 8 18 2 1 2 8 0.0146595713695102711 45.5479527711868286
17 9 2 5 31 3 1 2 7 1 2 7 0 2 11 0 2 7 6 2 7 5 30 3 17 9 2 0 2 7 16 19 11 1 2 11 0 2 7 8 9 2 0 2 7 0 2 11 0 2 7 17 9 2 0 2 7 5 30 3 0 2 4 1 2 7 1 2 7 1 2 7 12 16 2 1 2 7 0 2 4 0 2 7 0 2 7 1 2 7 0 2 11 0 2 7 8 9 2 5 30 3 12 16 2 0 2 7 0 2 7 0 2 7 1 2 4 0 2 4 0 41.7166127562522888
1 2 8 5 30 3 0 2 8 0 2 8 0 2 8 0 2 8 8 18 2 16 19 12 8 18 2 1 2 8 8 18 2 5 30 3 0 2 8 0 2 8 16 19 12 1 2 8 0 2 8 0 2 8 0 2 8 16 19 12 0 2 8 0 2 8 16 19 12 16 19 12 1 2 8 0 2 8 0 2 8 5 30 3 0 2 8 8 18 2 5 30 3 5 30 3 0 2 8 0 2 8 0 2 8 8 18 2 0 2 8 0 2 8 0 2 8 5 30 3 0.00148000269244878734 46.3038860559463501
0 2 7 0 2 7 0 2 7 5 31 3 5 31 3 0 2 7 1 2 7 0 2 7 5 30 3 0 2 7 17 9 2 0 2 7 1 2 7 16 6 2 5 31 3 1 2 7 0 2 7 1 2 7 1 2 7 1 2 7 1 2 4 0 2 7 0 2 7 0 2 7 0 2 7 0 2 7 1 2 7 0 2 7 17 18 2 17 18 2 1 2 7 0 2 7 1 2 7 16 19 11 0 2 7 0 2 7 1 2 4 0 2 7 0 2 7 8 18 2 0 40.8567327260971069
12 16 2 8 9 2 1 2 8 13 6 3 0 2 8 16 19 12 0 2 8 16 19 1 0 2 8 8 9 2 0 2 8 12 16 2 16 19 1 8 9 2 8 18 2 5 30 3 8 9 2 5 30 3 8 18 2 8 18 2 16 19 12 8 9 2 1 2 8 8 18 2 8 9 2 0 2 8 8 18 2 0 2 8 1 2 8 0 2 8 16 19 1 0 2 8 0 2 8 0 2 8 0 2 8 5 30 3 1 2 8 5 30 3 0 2 8 0 2 8 0.0182452052638574086 45.3421229124069214
16 19 12 5 30 3 8 9 2 8 9 2 0 2 8 0 2 8 16 19 12 0 2 8 0 2 8 16 19 12 8 18 2 5 30 3 0 2 8 0 2 8 1 2 8 5 30 3 8 9 2 16 19 12 16 19 12 0 2 7 0 2 8 0 2 8 0 2 8 1 2 8 1 2 8 0 2 8 0 2 8 0 2 8 0 2 8 5 30 3 0 2 8 1 2 8 1 2 8 8 9 2 0 2 8 0 2 8 1 2 8 5 30 3 8 18 2 0 2 8 0.0028761993965805456 45.8711918592453003
0 2 8 0 2 11 9 2 7 0 2 11 0 2 7 0 2 3 0 2 8 0 2 8 5 30 3 0 2 7 16 6 2 5 30 3 1 2 7 0 2 11 5 31 3 1 2 7 0 2 3 0 2 3 0 2 3 0 2 11 0 2 7 12 16 2 0 2 7 0 2 8 0 2 3 12 16 2 16 9 8 0 2 3 0 2 7 16 19 12 0 2 3 0 2 7 0 2 3 5 30 3 1 2 3 0 2 3 0 2 3 5 30 3 5 30 3 16 19 11 0 44.5741710662841797
0 2 7 0 2 7 0 2 7 0 2 7 5 30 3 6 2 7 1 2 3 0 2 4 5 31 3 1 2 7 5 31 3 0 2 7 0 2 7 16 6 2 5 31 3 0 2 7 0 2 7 0 2 7 1 2 7 1 2 7 1 2 7 0 2 4 0 2 7 1 2 7 0 2 7 0 2 4 0 2 7 0 2 7 17 9 2 6 2 7 17 18 2 1 2 7 0 2 7 1 2 7 1 2 7 0 2 3 1 2 7 1 2 3 0 2 7 17 9 2 0 40.8354558944702148
0 2 7 0 2 7 0 2 7 5 30 3 5 31 3 0 2 7 1 2 7 0 2 7 5 31 3 0 2 7 17 9 2 1 2 7 1 2 7 16 6 2 5 30 3 1 2 7 0 2 7 1 2 7 1 2 3 1 2 7 1 2 7 0 2 7 0 2 7 0 2 7 0 2 7 0 2 7 1 2 7 0 2 7 8 18 2 17 18 2 5 30 3 0 2 7 0 2 7 16 19 11 0 2 7 0 2 7 0 2 7 0 2 7 0 2 7 16 19 11 0 41.3902595043182373
0 2 7 0 2 7 1 2 7 0 2 7 5 31 3 0 2 7 1 2 11 5 31 3 5 31 3 1 2 7 1 2 7 1 2 7 0 2 7 17 18 2 0 2 7 0 2 7 16 6 2 0 2 7 1 2 7 1 2 7 0 2 7 0 2 7 13 6 3 0 2 7 1 2 7 1 2 7 0 2 7 0 2 7 17 18 2 0 2 7 0 2 4 0 2 7 0 2 7 17 18 2 1 2 7 1 2 7 1 2 7 1 2 7 0 2 7 17 9 2 0 40.0670827627182007
0 2 8 0 2 8 16 19 12 8 18 2 8 18 2 8 18 2 8 9 2 8 9 2 1 2 8 0 2 8 0 2 8 5 30 3 0 2 8 8 18 2 8 18 2 0 2 8 8 18 2 0 2 8 0 2 1 16 19 1 0 2 8 0 2 8 8 9 2 17 9 2 1 2 8 12 16 2 0 2 8 16 19 1 0 2 1 1 2 8 1 2 8 1 2 8 0 2 8 5 30 3 8 9 2 5 30 3 16 19 12 5 30 3 8 18 2 1 2 8 0.0146595713695102711 45.5479527711868286
0 2 7 1 2 7 1 2 7 0 2 7 5 31 3 0 2 7 0 2 7 5 31 3 0 2 7 0 2 7 1 2 7 1 2 7 1 2 7 17 9 2 5 31 3 0 2 7 16 6 2 1 2 7 0 2 7 1 2 11 0 2 7 0 2 7 0 2 7 1 2 7 0 2 7 1 2 7 13 6 3 1 2 7 17 18 2 0 2 7 1 2 7 0 2 7 0 2 4 17 18 2 0 2 7 1 2 7 1 2 7 0 2 7 0 2 7 17 9 2 0 40.0670827627182007
17 9 2 5 31 3 1 2 7 1 2 7 0 2 11 0 2 7 6 2 7 5 30 3 17 9 2 0 2 7 16 19 11 1 2 11 0 2 7 8 9 2 0 2 7 0 2 11 0 2 7 17 9 2 0 2 7 5 30 3 0 2 4 1 2 7 1 2 7 1 2 7 12 16 2 1 2 7 0 2 4 0 2 7 0 2 7 1 2 7 0 2 11 0 2 7 8 9 2 5 30 3 12 16 2 0 2 7 0 2 7 0 2 7 1 2 4 0 2 4 0 41.7166127562522888
6 2 7 0 2 7 0 2 7 0 2 7 5 30 3 0 2 7 0 2 7 5 30 3 5 31 3 0 2 7 1 2 7 0 2 7 0 2 7 17 1 2 1 2 7 0 2 7 16 31 2 1 2 7 1 2 7 0 2 7 1 2 7 0 2 7 5 31 3 1 2 7 0 2 7 1 2 7 0 2 7 0 2 7 17 18 2 0 2 7 0 2 7 1 2 7 1 2 7 17 18 2 0 2 7 0 2 7 1 2 7 1 2 7 0 2 7 17 9 2 0 40.4094887375831604
1 2 8 5 30 3 0 2 8 0 2 8 0 2 8 0 2 8 8 18 2 16 19 12 8 18 2 1 2 8 8 18 2 5 30 3 0 2 8 0 2 8 16 19 12 1 2 8 0 2 8 0 2 8 0 2 8 16 19 12 0 2 8 0 2 8 16 19 12 16 19 12 1 2 8 0 2 8 0 2 8 5 30 3 0 2 8 8 18 2 5 30 3 5 30 3 0 2 8 0 2 8 0 2 8 8 18 2 0 2 8 0 2 8 0 2 8 5 30 3 0.00148000269244878734 46.3038860559463501
0 2 3 9 2 7 0 2 7 0 2 7 5 31 3 0 2 3 0 2 3 16 19 11 0 2 7 0 2 3 0 2 7 0 2 3 16 19 12 5 30 3 12 16 2 5 30 3 16 6 2 16 19 12 0 2 3 0 2 7 5 30 3 0 2 3 0 2 3 1 2 3 5 30 3 0 2 3 0 2 11 0 2 7 16 19 12 1 2 3 1 2 3 0 2 3 0 2 7 0 2 3 0 2 3 0 2 7 0 2 3 5 30 3 0 2 12 0 2 3 0 44.3501118421554565
12 16 2 8 9 2 1 2 8 13 6 3 0 2 8 16 19 12 0 2 8 16 19 1 0 2 8 8 9 2 0 2 8 12 16 2 16 19 1 8 9 2 8 18 2 5 30 3 8 9 2 5 30 3 8 18 2 8 18 2 16 19 12 8 9 2 1 2 8 8 18 2 8 9 2 0 2 8 8 18 2 0 2 8 1 2 8 0 2 8 16 19 1 0 2 8 0 2 8 0 2 8 0 2 8 5 30 3 1 2 8 5 30 3 0 2 8 0 2 8 0.0182452052638574086 45.3421229124069214
0 2 7 1 2 7 0 2 7 0 2 4 5 31 3 0 2 3 0 2 7 16 19 11 12 16 2 0 2 7 0 2 3 0 2 3 17 18 2 5 30 3 0 2 7 16 19 11 16 6 2 16 19 11 1 2 7 0 2 7 5 30 3 0 2 7 5 30 3 0 2 7 5 31 3 0 2 7 0 2 7 1 2 7 6 2 3 0 2 7 0 2 7 0 2 7 0 2 3 0 2 3 0 2 7 1 2 3 1 2 7 0 2 7 1 2 7 1 2 3 0 42.3737084865570068
0 2 7 0 2 7 0 2 7 0 2 7 5 31 3 1 2 7 0 2 7 5 30 3 5 31 3 0 2 7 1 2 7 0 2 7 0 2 7 17 1 2 6 2 7 0 2 7 16 30 2 1 2 7 1 2 7 0 2 7 1 2 7 0 2 7 5 31 3 1 2 7 0 2 7 1 2 7 0 2 7 0 2 7 17 18 2 0 2 7 0 2 7 1 2 7 1 2 7 17 18 2 0 2 7 0 2 7 1 2 7 1 2 7 0 2 7 17 9 2 0 40.40948885679245
0 2 7 0 2 7 1 2 7 0 2 7 5 31 3 0 2 7 1 2 11 5 31 3 5 31 3 1 2 7 1 2 7 1 2 7 0 2 7 17 18 2 0 2 7 0 2 7 16 6 2 0 2 7 1 2 7 1 2 7 0 2 7 0 2 7 13 6 3 0 2 7 1 2 7 1 2 7 0 2 7 0 2 7 17 18 2 0 2 7 0 2 4 0 2 7 0 2 7 17 18 2 1 2 7 1 2 7 1 2 7 1 2 7 0 2 7 17 9 2 0 40.0670827627182007
0 2 8 0 2 8 16 19 12 8 18 2 8 18 2 8 18 2 8 9 2 8 9 2 1 2 8 0 2 8 0 2 8 5 30 3 0 2 8 8 18 2 8 18 2 0 2 8 8 18 2 0 2 8 0 2 1 16 19 1 0 2 8 0 2 8 8 9 2 17 9 2 1 2 8 12 16 2 0 2 8 16 19 1 0 2 1 1 2 8 1 2 8 1 2 8 0 2 8 5 30 3 8 9 2 5 30 3 16 19 12 5 30 3 8 18 2 1 2 8 0.0146595713695102711 45.5479527711868286
17 9 2 5 30 3 0 2 7 1 2 7 0 2 7 0 2 7 0 2 7 5 30 3 17 9 2 0 2 7 16 19 11 1 2 7 0 2 7 8 9 2 0 2 7 1 2 7 0 2 11 8 18 2 0 2 7 5 30 3 0 2 7 1 2 7 0 2 7 1 2 7 5 31 3 1 2 4 0 2 7 0 2 7 0 2 7 1 2 7 0 2 7 0 2 7 17 9 2 5 30 3 12 16 2 0 2 7 0 2 7 0 2 7 1 2 7 1 2 7 0 41.6149165630340576
0 2 7 0 2 7 1 2 7 0 2 7 5 31 3 0 2 7 1 2 11 5 31 3 5 31 3 1 2 7 1 2 7 1 2 7 0 2 7 17 18 2 0 2 7 0 2 7 16 6 2 0 2 7 1 2 7 1 2 7 0 2 7 0 2 7 13 6 3 0 2 7 1 2 7 1 2 7 0 2 7 0 2 7 17 18 2 0 2 7 0 2 4 0 2 7 0 2 7 17 18 2 1 2 7 1 2 7 1 2 7 1 2 7 0 2 7 17 9 2 0 40.0670827627182007
12 16 2 8 9 2 1 2 8 13 6 3 0 2 8 16 19 12 0 2 8 16 19 1 0 2 8 8 9 2 0 2 8 12 16 2 16 19 1 8 9 2 8 18 2 5 30 3 8 9 2 5 30 3 8 18 2 8 18 2 16 19 12 8 9 2 1 2 8 8 18 2 8 9 2 0 2 8 8 18 2 0 2 8 1 2 8 0 2 8 16 19 1 0 2 8 0 2 8 0 2 8 0 2 8 5 30 3 1 2 8 5 30 3 0 2 8 0 2 8 0.0182452052638574086 45.3421229124069214
5 30 3 0 2 3 0 2 3 5 30 3 0 2 8 5 30 3 0 2 8 16 19 11 5 30 3 0 2 7 0 2 8 0 2 11 0 2 7 0 2 8 0 2 8 5 30 3 0 2 8 0 2 7 16 19 11 16 19 11 0 2 3 0 2 3 16 19 11 0 2 7 0 2 8 0 2 8 5 31 3 0 2 11 16 19 11 0 2 11 12 16 2 0 2 11 0 2 7 0 2 8 0 2 8 0 2 8 0 2 7 5 30 3 0 2 8 0 2 8 6.77025728285666376e-06 45.7937483787536621
0 2 7 0 2 7 0 2 7 1 2 7 5 31 3 0 2 7 1 2 7 5 31 3 0 2 7 0 2 7 1 2 7 0 2 7 1 2 7 17 18 2 0 2 7 1 2 7 1 2 7 1 2 7 0 2 7 0 2 3 0 2 7 1 2 7 0 2 7 1 2 7 0 2 7 1 2 7 0 2 7 0 2 7 17 1 2 0 2 7 1 2 7 0 2 7 16 6 2 17 18 2 0 2 7 0 2 7 1 2 7 1 2 7 5 31 3 17 9 2 0 40.307377815246582
1 2 7 0 2 3 0 2 3 0 2 3 5 31 3 0 2 3 0 2 7 16 19 11 12 16 2 1 2 7 0 2 7 6 2 7 16 6 2 12 16 2 0 2 7 5 31 3 16 6 2 16 19 12 0 2 3 1 2 7 0 2 7 1 2 3 5 30 3 0 2 7 5 30 3 0 2 7 0 2 3 0 2 7 0 2 7 0 2 3 0 2 7 5 31 3 16 6 2 0 2 7 0 2 7 6 2 3 0 2 3 0 2 7 0 2 7 1 2 3 0 42.4323896765708923
1 2 7 1 2 7 0 2 7 0 2 3 16 19 11 0 2 7 0 2 7 0 2 4 5 31 3 0 2 7 0 2 7 0 2 7 1 2 3 0 2 7 6 2 11 0 2 7 6 2 7 0 2 7 5 31 3 0 2 7 0 2 7 0 2 7 5 31 3 1 2 3 0 2 3 0 2 7 0 2 7 1 2 4 16 19 11 0 2 7 12 16 2 5 30 3 16 6 2 17 9 2 1 2 4 0 2 7 0 2 11 5 30 3 6 2 7 17 9 2 0 41.9531627893447876
0 2 7 0 2 7 1 2 7 0 2 7 5 31 3 0 2 7 1 2 11 5 31 3 5 31 3 1 2 7 1 2 7 1 2 7 0 2 7 17 18 2 0 2 7 0 2 7 16 6 2 0 2 7 1 2 7 1 2 7 0 2 7 0 2 7 13 6 3 0 2 7 1 2 7 1 2 7 0 2 7 0 2 7 17 18 2 0 2 7 0 2 4 0 2 7 0 2 7 17 18 2 1 2 7 1 2 7 1 2 7 1 2 7 0 2 7 17 9 2 0 40.0670827627182007
0 2 7 0 2 7 1 2 7 0 2 7 5 31 3 0 2 7 1 2 11 5 31 3 5 31 3 1 2 7 1 2 7 1 2 7 0 2 7 17 18 2 0 2 7 0 2 7 16 6 2 0 2 7 1 2 7 1 2 7 0 2 7 0 2 7 13 6 3 0 2 7 1 2 7 1 2 7 0 2 7 0 2 7 17 18 2 0 2 7 0 2 4 0 2 7 0 2 7 17 18 2 1 2 7 1 2 7 1 2 7 1 2 7 0 2 7 17 9 2 0 40.0670827627182007
0 2 7 0 2 7 1 2 7 0 2 7 5 31 3 0 2 7 1 2 11 5 31 3 5 31 3 1 2 7 1 2 7 1 2 7 0 2 7 17 18 2 0 2 7 0 2 7 16 6 2 0 2 7 1 2 7 1 2 7 0 2 7 0 2 7 13 6 3 0 2 7 1 2 7 1 2 7 0 2 7 0 2 7 17 18 2 0 2 7 0 2 4 0 2 7 0 2 7 17 18 2 1 2 7 1 2 7 1 2 7 1 2 7 0 2 7 17 9 2 0 40.0670827627182007
0 2 7 0 2 7 1 2 7 0 2 7 5 31 3 0 2 7 1 2 11 5 31 3 5 31 3 1 2 7 1 2 7 1 2 7 0 2 7 17 18 2 0 2 7 0 2 7 16 6 2 0 2 7 1 2 7 1 2 7 0 2 7 0 2 7 13 6 3 0 2 7 1 2 7 1 2 7 0 2 7 0 2 7 17 18 2 0 2 7 0 2 4 0 2 7 0 2 7 17 18 2 1 2 7 1 2 7 1 2 7 1 2 7 0 2 7 17 9 2 0 40.0670827627182007
0 2 7 0 2 7 0 2 7 1 2 7 5 31 3 0 2 7 1 2 7 5 31 3 0 2 7 0 2 7 1 2 7 0 2 7 1 2 7 17 18 2 0 2 7 1 2 7 1 2 7 1 2 7 0 2 7 0 2 3 0 2 7 1 2 7 0 2 7 1 2 7 0 2 7 1 2 7 0 2 7 0 2 7 17 1 2 0 2 7 1 2 7 0 2 7 16 6 2 17 18 2 0 2 7 0 2 7 1 2 7 1 2 7 5 31 3 17 9 2 0 40.307377815246582
0 2 8 0 2 8 16 19 12 8 18 2 8 18 2 8 18 2 8 9 2 8 9 2 1 2 8 0 2 8 0 2 8 5 30 3 0 2 8 8 18 2 8 18 2 0 2 8 8 18 2 0 2 8 0 2 1 16 19 1 0 2 8 0 2 8 8 9 2 17 9 2 1 2 8 12 16 2 0 2 8 16 19 1 0 2 1 1 2 8 1 2 8 1 2 8 0 2 8 5 30 3 8 9 2 5 30 3 16 19 12 5 30 3 8 18 2 1 2 8 0.0146595713695102711 45.5479527711868286
5 30 3 0 2 3 1 2 11 16 19 11 0 2 7 1 2 3 0 2 3 16 19 11 5 30 3 0 2 7 0 2 3 0 2 3 0 2 7 1 2 3 0 2 11 0 2 7 0 2 3 0 2 3 0 2 11 0 2 3 0 2 7 0 2 3 16 19 11 0 2 3 0 2 11 0 2 3 16 9 11 5 30 3 0 2 7 0 2 3 0 2 7 5 30 3 5 30 3 0 2 7 6 2 7 0 2 3 0 2 7 5 30 3 12 16 2 12 16 2 0 44.1859695911407471
0 2 7 0 2 7 1 2 7 0 2 7 5 31 3 0 2 7 1 2 11 5 31 3 5 31 3 1 2 7 1 2 7 1 2 7 0 2 7 17 18 2 0 2 7 0 2 7 16 6 2 0 2 7 1 2 7 1 2 7 0 2 7 0 2 7 13 6 3 0 2 7 1 2 7 1 2 7 0 2 7 0 2 7 17 18 2 0 2 7 0 2 4 0 2 7 0 2 7 17 18 2 1 2 7 1 2 7 1 2 7 1 2 7 0 2 7 17 9 2 0 40.0670827627182007
0 2 7 1 2 7 1 2 7 1 2 7 5 31 3 0 2 7 16 19 11 5 30 3 0 2 7 1 2 7 0 2 7 0 2 7 0 2 7 17 18 2 17 9 2 0 2 7 0 2 7 0 2 7 1 2 7 0 2 7 0 2 4 1 2 4 0 2 7 1 2 7 0 2 7 0 2 7 16 19 11 0 2 7 0 2 7 0 2 7 1 2 7 17 18 2 5 31 3 0 2 7 0 2 7 1 2 7 0 2 7 5 30 3 5 30 3 8 9 2 0 41.4540505409240723
12 16 2 8 9 2 1 2 8 13 6 3 0 2 8 16 19 12 0 2 8 16 19 1 0 2 8 8 9 2 0 2 8 12 16 2 16 19 1 8 9 2 8 18 2 5 30 3 8 9 2 5 30 3 8 18 2 8 18 2 16 19 12 8 9 2 1 2 8 8 18 2 8 9 2 0 2 8 8 18 2 0 2 8 1 2 8 0 2 8 16 19 1 0 2 8 0 2 8 0 2 8 0 2 8 5 30 3 1 2 8 5 30 3 0 2 8 0 2 8 0.0182452052638574086 45.3421229124069214
5 31 3 0 2 7 0 2 7 1 2 7 5 30 3 1 2 7 1 2 7 5 31 3 5 30 3 0 2 7 0 2 3 17 9 2 1 2 7 1 2 7 0 2 7 0 2 7 1 2 7 0 2 7 0 2 7 1 2 7 1 2 3 0 2 3 0 2 4 0 2 7 0 2 7 8 9 2 16 9 8 1 2 3 16 6 2 0 2 7 0 2 7 1 2 7 12 16 2 0 2 7 0 2 7 0 2 7 0 2 7 0 2 7 1 2 7 17 18 2 0 41.3867716789245605
0 2 7 0 2 7 1 2 7 0 2 7 5 31 3 0 2 7 1 2 11 5 31 3 5 31 3 1 2 7 1 2 7 1 2 7 0 2 7 17 18 2 0 2 7 0 2 7 16 6 2 0 2 7 1 2 7 1 2 7 0 2 7 0 2 7 13 6 3 0 2 7 1 2 7 1 2 7 0 2 7 0 2 7 17 18 2 0 2 7 0 2 4 0 2 7 0 2 7 17 18 2 1 2 7 1 2 7 1 2 7 1 2 7 0 2 7 17 9 2 0 40.0670827627182007
5 31 3 0 2 7 0 2 7 1 2 3 5 30 3 0 2 7 1 2 4 5 31 3 5 30 3 0 2 7 0 2 3 17 9 2 1 2 7 1 2 7 0 2 7 0 2 7 6 2 7 0 2 7 0 2 7 1 2 7 1 2 7 0 2 3 0 2 7 0 2 7 0 2 7 13 6 3 17 9 2 1 2 7 16 6 2 0 2 7 0 2 7 1 2 7 12 16 2 0 2 7 1 2 7 0 2 7 0 2 7 0 2 7 1 2 7 17 18 2 0 40.725594699382782
5 30 3 0 2 3 1 2 11 16 19 11 0 2 7 1 2 3 0 2 3 16 19 11 5 30 3 0 2 7 0 2 3 0 2 3 0 2 7 1 2 3 0 2 11 0 2 7 0 2 3 0 2 3 0 2 11 0 2 3 0 2 7 0 2 3 16 19 11 0 2 3 0 2 11 0 2 3 16 9 11 5 30 3 0 2 7 0 2 3 0 2 7 5 30 3 5 30 3 0 2 7 6 2 7 0 2 3 0 2 7 5 30 3 12 16 2 12 16 2 0 44.1859695911407471
0 2 7 0 2 7 1 2 7 0 2 7 5 31 3 0 2 7 1 2 11 5 31 3 5 31 3 1 2 7 1 2 7 1 2 7 0 2 7 17 18 2 0 2 7 0 2 7 16 6 2 0 2 7 1 2 7 1 2 7 0 2 7 0 2 7 13 6 3 0 2 7 1 2 7 1 2 7 0 2 7 0 2 7 17 18 2 0 2 7 0 2 4 0 2 7 0 2 7 17 18 2 1 2 7 1 2 7 1 2 7 1 2 7 0 2 7 17 9 2 0 40.0670827627182007
0 2 7 1 2 7 1 2 7 1 2 7 5 31 3 0 2 7 16 19 11 5 30 3 0 2 7 1 2 7 0 2 7 0 2 7 0 2 7 17 18 2 17 9 2 0 2 7 0 2 7 0 2 7 1 2 7 0 2 7 0 2 4 1 2 4 0 2 7 1 2 7 0 2 7 0 2 7 16 19 11 0 2 7 0 2 7 0 2 7 1 2 7 17 18 2 5 31 3 0 2 7 0 2 7 1 2 7 0 2 7 5 30 3 5 30 3 8 9 2 0 41.4540505409240723
0 2 8 0 2 8 16 19 12 8 18 2 8 18 2 8 18 2 8 9 2 8 9 2 1 2 8 0 2 8 0 2 8 5 30 3 0 2 8 8 18 2 8 18 2 0 2 8 8 18 2 0 2 8 0 2 1 16 19 1 0 2 8 0 2 8 8 9 2 17 9 2 1 2 8 12 16 2 0 2 8 16 19 1 0 2 1 1 2 8 1 2 8 1 2 8 0 2 8 5 30 3 8 9 2 5 30 3 16 19 12 5 30 3 8 18 2 1 2 8 0.0146595713695102711 45.5479527711868286
0 2 7 0 2 7 1 2 7 0 2 7 5 31 3 0 2 7 1 2 11 5 31 3 5 31 3 1 2 7 1 2 7 1 2 7 0 2 7 17 18 2 0 2 7 0 2 7 16 6 2 0 2 7 1 2 7 1 2 7 0 2 7 0 2 7 13 6 3 0 2 7 1 2 7 1 2 7 0 2 7 0 2 7 17 18 2 0 2 7 0 2 4 0 2 7 0 2 7 17 18 2 1 2 7 1 2 7 1 2 7 1 2 7 0 2 7 17 9 2 0 40.0670827627182007
0 2 7 0 2 7 1 2 7 0 2 7 5 31 3 0 2 7 1 2 11 5 31 3 5 31 3 1 2 7 1 2 7 1 2 7 0 2 7 17 18 2 0 2 7 0 2 7 16 6 2 0 2 7 1 2 7 1 2 7 0 2 7 0 2 7 13 6 3 0 2 7 1 2 7 1 2 7 0 2 7 0 2 7 17 18 2 0 2 7 0 2 4 0 2 7 0 2 7 17 18 2 1 2 7 1 2 7 1 2 7 1 2 7 0 2 7 17 9 2 0 40.0670827627182007
12 16 2 8 9 2 1 2 8 13 6 3 0 2 8 16 19 12 0 2 8 16 19 1 0 2 8 8 9 2 0 2 8 12 16 2 16 19 1 8 9 2 8 18 2 5 30 3 8 9 2 5 30 3 8 18 2 8 18 2 16 19 12 8 9 2 1 2 8 8 18 2 8 9 2 0 2 8 8 18 2 0 2 8 1 2 8 0 2 8 16 19 1 0 2 8 0 2 8 0 2 8 0 2 8 5 30 3 1 2 8 5 30 3 0 2 8 0 2 8 0.0182452052638574086 45.3421229124069214
0 2 7 0 2 7 1 2 7 0 2 7 5 31 3 0 2 7 1 2 11 5 31 3 5 31 3 1 2 7 1 2 7 1 2 7 0 2 7 17 18 2 0 2 7 0 2 7 16 6 2 0 2 7 1 2 7 1 2 7 0 2 7 0 2 7 13 6 3 0 2 7 1 2 7 1 2 7 0 2 7 0 2 7 17 18 2 0 2 7 0 2 4 0 2 7 0 2 7 17 18 2 1 2 7 1 2 7 1 2 7 1 2 7 0 2 7 17 9 2 0 40.0670827627182007
0 2 7 0 2 7 1 2 7 0 2 7 5 31 3 0 2 7 1 2 11 5 31 3 5 31 3 1 2 7 1 2 7 1 2 7 0 2 7 17 18 2 0 2 7 0 2 7 16 6 2 0 2 7 1 2 7 1 2 7 0 2 7 0 2 7 13 6 3 0 2 7 1 2 7 1 2 7 0 2 7 0 2 7 17 18 2 0 2 7 0 2 4 0 2 7 0 2 7 17 18 2 1 2 7 1 2 7 1 2 7 1 2 7 0 2 7 17 9 2 0 40.0670827627182007
5 31 3 0 2 7 0 2 7 1 2 7 5 30 3 0 2 7 1 2 7 5 31 3 5 30 3 0 2 7 1 2 7 17 9 2 0 2 7 1 2 7 0 2 7 0 2 7 5 31 3 0 2 7 0 2 7 1 2 7 6 2 7 0 2 7 0 2 7 6 2 7 0 2 7 13 6 3 17 9 2 1 2 7 16 6 2 0 2 7 0 2 7 1 2 7 12 16 2 0 2 7 1 2 7 0 2 7 0 2 7 0 2 7 1 2 7 17 18 2 0 40.712809681892395
5 31 3 0 2 7 1 2 7 0 2 4 5 30 3 0 2 7 1 2 7 5 31 3 5 30 3 0 2 7 1 2 7 17 9 2 0 2 7 6 2 7 0 2 4 0 2 7 5 31 3 0 2 7 0 2 7 1 2 11 0 2 7 0 2 4 0 2 7 0 2 7 1 2 7 13 6 3 17 9 2 1 2 7 16 6 2 0 2 7 0 2 7 1 2 7 12 16 2 0 2 7 1 2 7 0 2 7 0 2 7 16 6 2 0 2 7 17 18 2 0 40.6108766198158264
0 2 8 0 2 8 16 19 12 8 18 2 8 18 2 8 18 2 8 9 2 8 9 2 1 2 8 0 2 8 0 2 8 5 30 3 0 2 8 8 18 2 8 18 2 0 2 8 8 18 2 0 2 8 0 2 1 16 19 1 0 2 8 0 2 8 8 9 2 17 9 2 1 2 8 12 16 2 0 2 8 16 19 1 0 2 1 1 2 8 1 2 8 1 2 8 0 2 8 5 30 3 8 9 2 5 30 3 16 19 12 5 30 3 8 18 2 1 2 8 0.0146595713695102711 45.5479527711868286
0 2 7 0 2 7 1 2 7 0 2 7 5 31 3 0 2 7 1 2 11 5 31 3 5 31 3 1 2 7 1 2 7 1 2 7 0 2 7 17 18 2 0 2 7 0 2 7 16 6 2 0 2 7 1 2 7 1 2 7 0 2 7 0 2 7 13 6 3 0 2 7 1 2 7 1 2 7 0 2 7 0 2 7 17 18 2 0 2 7 0 2 4 0 2 7 0 2 7 17 18 2 1 2 7 1 2 7 1 2 7 1 2 7 0 2 7 17 9 2 0 40.0670827627182007
0 2 8 0 2 8 0 2 3 0 2 7 16 19 11 16 6 2 12 16 2 0 2 3 0 2 8 0 2 7 0 2 8 5 30 3 5 31 3 0 2 8 5 30 3 0 2 3 0 2 7 0 2 12 0 2 11 0 2 12 0 2 8 0 2 8 0 2 8 5 30 3 0 2 8 5 30 3 16 19 11 0 2 8 5 30 3 5 31 3 0 2 11 0 2 8 0 2 7 0 2 8 0 2 8 16 19 11 0 2 3 16 19 11 0 2 8 0 2 8 5.34355388644507407e-06 45.863377571105957
0 2 7 0 2 7 1 2 7 0 2 7 5 31 3 0 2 7 1 2 11 5 31 3 5 31 3 1 2 7 1 2 7 1 2 7 0 2 7 17 18 2 0 2 7 0 2 7 16 6 2 0 2 7 1 2 7 1 2 7 0 2 7 0 2 7 13 6 3 0 2 7 1 2 7 1 2 7 0 2 7 0 2 7 17 18 2 0 2 7 0 2 4 0 2 7 0 2 7 17 18 2 1 2 7 1 2 7 1 2 7 1 2 7 0 2 7 17 9 2 0 40.0670827627182007
0 2 7 0 2 7 1 2 7 0 2 7 5 31 3 0 2 7 1 2 11 5 31 3 5 31 3 1 2 7 1 2 7 1 2 7 0 2 7 17 18 2 0 2 7 0 2 7 16 6 2 0 2 7 1 2 7 1 2 7 0 2 7 0 2 7 13 6 3 0 2 7 1 2 7 1 2 7 0 2 7 0 2 7 17 18 2 0 2 7 0 2 4 0 2 7 0 2 7 17 18 2 1 2 7 1 2 7 1 2 7 1 2 7 0 2 7 17 9 2 0 40.0670827627182007
5 30 3 0 2 3 1 2 11 16 19 11 0 2 7 1 2 3 0 2 3 16 19 11 5 30 3 0 2 7 0 2 3 0 2 3 0 2 7 1 2 3 0 2 11 0 2 7 0 2 3 0 2 3 0 2 11 0 2 3 0 2 7 0 2 3 16 19 11 0 2 3 0 2 11 0 2 3 16 9 11 5 30 3 0 2 7 0 2 3 0 2 7 5 30 3 5 30 3 0 2 7 6 2 7 0 2 3 0 2 7 5 30 3 12 16 2 12 16 2 0 44.1859695911407471
0 2 7 0 2 7 1 2 7 0 2 7 5 31 3 0 2 7 1 2 11 5 31 3 5 31 3 1 2 7 1 2 7 1 2 7 0 2 7 17 18 2 0 2 7 0 2 7 16 6 2 0 2 7 1 2 7 1 2 7 0 2 7 0 2 7 13 6 3 0 2 7 1 2 7 1 2 7 0 2 7 0 2 7 17 18 2 0 2 7 0 2 4 0 2 7 0 2 7 17 18 2 1 2 7 1 2 7 1 2 7 1 2 7 0 2 7 17 9 2 0 40.0670827627182007
0 2 7 0 2 7 1 2 7 0 2 7 5 31 3 0 2 7 1 2 11 5 31 3 5 31 3 1 2 7 1 2 7 1 2 7 0 2 7 17 18 2 0 2 7 0 2 7 16 6 2 0 2 7 1 2 7 1 2 7 0 2 7 0 2 7 13 6 3 0 2 7 1 2 7 1 2 7 0 2 7 0 2 7 17 18 2 0 2 7 0 2 4 0 2 7 0 2 7 17 18 2 1 2 7 1 2 7 1 2 7 1 2 7 0 2 7 17 9 2 0 40.0670827627182007
0 2 8 0 2 8 16 19 12 8 18 2 8 18 2 8 18 2 8 9 2 8 9 2 1 2 8 0 2 8 0 2 8 5 30 3 0 2 8 8 18 2 8 18 2 0 2 8 8 18 2 0 2 8 0 2 1 16 19 1 0 2 8 0 2 8 8 9 2 17 9 2 1 2 8 12 16 2 0 2 8 16 19 1 0 2 1 1 2 8 1 2 8 1 2 8 0 2 8 5 30 3 8 9 2 5 30 3 16 19 12 5 30 3 8 18 2 1 2 8 0.0146595713695102711 45.5479527711868286
0 2 7 0 2 7 1 2 7 0 2 7 5 31 3 0 2 7 1 2 11 5 31 3 5 31 3 1 2 7 1 2 7 1 2 7 0 2 7 17 18 2 0 2 7 0 2 7 16 6 2 0 2 7 1 2 7 1 2 7 0 2 7 0 2 7 13 6 3 0 2 7 1 2 7 1 2 7 0 2 7 0 2 7 17 18 2 0 2 7 0 2 4 0 2 7 0 2 7 17 18 2 1 2 7 1 2 7 1 2 7 1 2 7 0 2 7 17 9 2 0 40.0670827627182007
0 2 7 0 2 7 1 2 7 0 2 7 5 31 3 0 2 7 1 2 11 5 31 3 5 31 3 1 2 7 1 2 7 1 2 7 0 2 7 17 18 2 0 2 7 0 2 7 16 6 2 0 2 7 1 2 7 1 2 7 0 2 7 0 2 7 13 6 3 0 2 7 1 2 7 1 2 7 0 2 7 0 2 7 17 18 2 0 2 7 0 2 4 0 2 7 0 2 7 17 18 2 1 2 7 1 2 7 1 2 7 1 2 7 0 2 7 17 9 2 0 40.0670827627182007
5 30 3 0 2 3 1 2 11 16 19 11 0 2 7 1 2 3 0 2 3 16 19 11 5 30 3 0 2 7 0 2 3 0 2 3 0 2 7 1 2 3 0 2 11 0 2 7 0 2 3 0 2 3 0 2 11 0 2 3 0 2 7 0 2 3 16 19 11 0 2 3 0 2 11 0 2 3 16 9 11 5 30 3 0 2 7 0 2 3 0 2 7 5 30 3 5 30 3 0 2 7 6 2 7 0 2 3 0 2 7 5 30 3 12 16 2 12 16 2 0 44.1859695911407471
0 2 7 0 2 7 1 2 7 0 2 7 5 31 3 0 2 7 1 2 11 5 31 3 5 31 3 1 2 7 1 2 7 1 2 7 0 2 7 17 18 2 0 2 7 0 2 7 16 6 2 0 2 7 1 2 7 1 2 7 0 2 7 0 2 7 13 6 3 0 2 7 1 2 7 1 2 7 0 2 7 0 2 7 17 18 2 0 2 7 0 2 4 0 2 7 0 2 7 17 18 2 1 2 7 1 2 7 1 2 7 1 2 7 0 2 7 17 9 2 0 40.0670827627182007
0 2 7 0 2 7 1 2 7 0 2 7 5 31 3 0 2 7 1 2 11 5 31 3 5 31 3 1 2 7 1 2 7 1 2 7 0 2 7 17 18 2 0 2 7 0 2 7 16 6 2 0 2 7 1 2 7 1 2 7 0 2 7 0 2 7 13 6 3 0 2 7 1 2 7 1 2 7 0 2 7 0 2 7 17 18 2 0 2 7 0 2 4 0 2 7 0 2 7 17 18 2 1 2 7 1 2 7 1 2 7 1 2 7 0 2 7 17 9 2 0 40.0670827627182007
5 31 3 0 2 7 1 2 7 0 2 4 5 30 3 0 2 7 1 2 7 5 31 3 5 30 3 0 2 7 1 2 7 17 9 2 0 2 7 6 2 7 0 2 4 0 2 7 5 31 3 0 2 7 0 2 7 1 2 11 0 2 7 0 2 4 0 2 7 0 2 7 1 2 7 13 6 3 17 9 2 1 2 7 16 6 2 0 2 7 0 2 7 1 2 7 12 16 2 0 2 7 1 2 7 0 2 7 0 2 7 16 6 2 0 2 7 17 18 2 0 40.6108766198158264
0 2 3 0 2 3 0 2 8 0 2 3 16 6 2 1 2 7 0 2 7 8 18 2 0 2 8 0 2 3 0 2 8 5 30 3 1 2 7 5 30 3 16 19 11 0 2 7 16 31 2 0 2 3 0 2 7 0 2 3 0 2 7 0 2 7 16 6 2 5 30 3 0 2 3 0 2 7 1 2 7 1 2 7 0 2 3 5 30 3 0 2 3 5 30 3 0 2 3 16 19 11 5 30 3 0 2 7 1 2 8 12 16 2 0 2 8 0 2 3 8.58370890216898643e-07 43.2386707067489624
5 31 3 0 2 7 1 2 7 0 2 4 5 30 3 0 2 7 1 2 7 5 31 3 5 30 3 0 2 7 1 2 7 17 9 2 0 2 7 6 2 7 0 2 4 0 2 7 5 31 3 0 2 7 0 2 7 1 2 11 0 2 7 0 2 4 0 2 7 0 2 7 1 2 7 13 6 3 17 9 2 1 2 7 16 6 2 0 2 7 0 2 7 1 2 7 12 16 2 0 2 7 1 2 7 0 2 7 0 2 7 16 6 2 0 2 7 17 18 2 0 40.6108766198158264
0 2 7 0 2 7 1 2 7 0 2 7 5 31 3 0 2 7 1 2 11 5 31 3 5 31 3 1 2 7 1 2 7 1 2 7 0 2 7 17 18 2 0 2 7 0 2 7 16 6 2 0 2 7 1 2 7 1 2 7 0 2 7 0 2 7 13 6 3 0 2 7 1 2 7 1 2 7 0 2 7 0 2 7 17 18 2 0 2 7 0 2 4 0 2 7 0 2 7 17 18 2 1 2 7 1 2 7 1 2 7 1 2 7 0 2 7 17 9 2 0 40.0670827627182007
0 2 7 0 2 7 1 2 7 0 2 7 5 31 3 0 2 7 1 2 11 5 31 3 5 31 3 1 2 7 1 2 7 1 2 7 0 2 7 17 18 2 0 2 7 0 2 7 16 6 2 0 2 7 1 2 7 1 2 7 0 2 7 0 2 7 13 6 3 0 2 7 1 2 7 1 2 7 0 2 7 0 2 7 17 18 2 0 2 7 0 2 4 0 2 7 0 2 7 17 18 2 1 2 7 1 2 7 1 2 7 1 2 7 0 2 7 17 9 2 0 40.0670827627182007
0 2 7 0 2 7 1 2 7 0 2 7 5 31 3 0 2 7 1 2 11 5 31 3 5 31 3 1 2 7 1 2 7 1 2 7 0 2 7 17 18 2 0 2 7 0 2 7 16 6 2 0 2 7 1 2 7 1 2 7 0 2 7 0 2 7 13 6 3 0 2 7 1 2 7 1 2 7 0 2 7 0 2 7 17 18 2 0 2 7 0 2 4 0 2 7 0 2 7 17 18 2 1 2 7 1 2 7 1 2 7 1 2 7 0 2 7 17 9 2 0 40.0670827627182007
0 2 7 0 2 7 1 2 7 0 2 7 5 31 3 0 2 7 1 2 11 5 31 3 5 31 3 1 2 7 1 2 7 1 2 7 0 2 7 17 18 2 0 2 7 0 2 7 16 6 2 0 2 7 1 2 7 1 2 7 0 2 7 0 2 7 13 6 3 0 2 7 1 2 7 1 2 7 0 2 7 0 2 7 17 18 2 0 2 7 0 2 4 0 2 7 0 2 7 17 18 2 1 2 7 1 2 7 1 2 7 1 2 7 0 2 7 17 9 2 0 40.0670827627182007
0 2 7 0 2 7 1 2 7 0 2 7 5 31 3 0 2 7 1 2 11 5 31 3 5 31 3 1 2 7 1 2 7 1 2 7 0 2 7 17 18 2 0 2 7 0 2 7 16 6 2 0 2 7 1 2 7 1 2 7 0 2 7 0 2 7 13 6 3 0 2 7 1 2 7 1 2 7 0 2 7 0 2 7 17 18 2 0 2 7 0 2 4 0 2 7 0 2 7 17 18 2 1 2 7 1 2 7 1 2 7 1 2 7 0 2 7 17 9 2 0 40.0670827627182007
5 31 3 0 2 7 1 2 7 0 2 4 5 30 3 0 2 7 1 2 7 5 31 3 5 30 3 0 2 7 1 2 7 17 9 2 0 2 7 6 2 7 0 2 4 0 2 7 5 31 3 0 2 7 0 2 7 1 2 11 0 2 7 0 2 4 0 2 7 0 2 7 1 2 7 13 6 3 17 9 2 1 2 7 16 6 2 0 2 7 0 2 7 1 2 7 12 16 2 0 2 7 1 2 7 0 2 7 0 2 7 16 6 2 0 2 7 17 18 2 0 40.6108766198158264
5 31 3 0 2 7 1 2 7 0 2 4 5 30 3 0 2 7 1 2 7 5 31 3 5 30 3 0 2 7 1 2 7 17 9 2 0 2 7 6 2 7 0 2 4 0 2 7 5 31 3 0 2 7 0 2 7 1 2 11 0 2 7 0 2 4 0 2 7 0 2 7 1 2 7 13 6 3 17 9 2 1 2 7 16 6 2 0 2 7 0 2 7 1 2 7 12 16 2 0 2 7 1 2 7 0 2 7 0 2 7 16 6 2 0 2 7 17 18 2 0 40.6108766198158264
0 2 7 1 2 7 16 18 11 0 2 4 16 6 2 0 2 7 5 31 3 12 16 2 8 9 2 1 2 3 0 2 7 5 30 3 0 2 3 1 2 7 0 2 3 0 2 3 16 19 11 0 2 3 0 2 7 0 2 7 0 2 3 1 2 7 12 16 2 5 30 3 1 2 3 12 16 2 0 2 3 16 6 2 0 2 3 0 2 7 0 2 7 0 2 7 0 2 7 0 2 7 0 2 7 5 30 3 1 2 3 0 2 7 0 2 3 5 30 3 0 42.7291595339775085
0 2 8 0 2 8 16 19 12 8 18 2 8 18 2 8 18 2 8 9 2 8 9 2 1 2 8 0 2 8 0 2 8 5 30 3 0 2 8 8 18 2 8 18 2 0 2 8 8 18 2 0 2 8 0 2 1 16 19 1 0 2 8 0 2 8 8 9 2 17 9 2 1 2 8 12 16 2 0 2 8 16 19 1 0 2 1 1 2 8 1 2 8 1 2 8 0 2 8 5 30 3 8 9 2 5 30 3 16 19 12 5 30 3 8 18 2 1 2 8 0.0146595713695102711 45.5479527711868286
5 31 3 1 2 7 0 2 7 17 18 2 1 2 3 16 19 11 0 2 7 5 30 3 0 2 7 6 2 7 0 2 7 0 2 3 0 2 7 0 2 7 0 2 3 0 2 7 0 2 7 0 2 7 0 2 7 16 19 11 0 2 7 0 2 7 1 2 7 16 18 11 0 2 7 12 16 2 0 2 7 0 2 3 0 2 7 6 2 7 1 2 7 5 30 3 0 2 7 5 30 3 5 31 3 1 2 3 0 2 7 5 30 3 16 19 11 0 2 7 0 42.6024134755134583
0 2 7 0 2 7 1 2 7 0 2 7 5 31 3 0 2 7 1 2 11 5 31 3 5 31 3 1 2 7 1 2 7 1 2 7 0 2 7 17 18 2 0 2 7 0 2 7 16 6 2 0 2 7 1 2 7 1 2 7 0 2 7 0 2 7 13 6 3 0 2 7 1 2 7 1 2 7 0 2 7 0 2 7 17 18 2 0 2 7 0 2 4 0 2 7 0 2 7 17 18 2 1 2 7 1 2 7 1 2 7 1 2 7 0 2 7 17 9 2 0 40.0670827627182007
0 2 7 0 2 7 1 2 7 0 2 7 5 31 3 0 2 7 1 2 11 5 31 3 5 31 3 1 2 7 1 2 7 1 2 7 0 2 7 17 18 2 0 2 7 0 2 7 16 6 2 0 2 7 1 2 7 1 2 7 0 2 7 0 2 7 13 6 3 0 2 7 1 2 7 1 2 7 0 2 7 0 2 7 17 18 2 0 2 7 0 2 4 0 2 7 0 2 7 17 18 2 1 2 7 1 2 7 1 2 7 1 2 7 0 2 7 17 9 2 0 40.0670827627182007
0 2 8 0 2 8 16 19 12 8 18 2 8 18 2 8 18 2 8 9 2 8 9 2 1 2 8 0 2 8 0 2 8 5 30 3 0 2 8 8 18 2 8 18 2 0 2 8 8 18 2 0 2 8 0 2 1 16 19 1 0 2 8 0 2 8 8 9 2 17 9 2 1 2 8 12 16 2 0 2 8 16 19 1 0 2 1 1 2 8 1 2 8 1 2 8 0 2 8 5 30 3 8 9 2 5 30 3 16 19 12 5 30 3 8 18 2 1 2 8 0.0146595713695102711 45.5479527711868286
0 2 7 1 2 7 16 18 11 0 2 4 16 6 2 0 2 7 5 31 3 12 16 2 8 9 2 1 2 3 0 2 7 5 30 3 0 2 3 1 2 7 0 2 3 0 2 3 16 19 11 0 2 3 0 2 7 0 2 7 0 2 3 1 2 7 12 16 2 5 30 3 1 2 3 12 16 2 0 2 3 16 6 2 0 2 3 0 2 7 0 2 7 0 2 7 0 2 7 0 2 7 0 2 7 5 30 3 1 2 3 0 2 7 0 2 3 5 30 3 0 42.7291595339775085
0 2 7 0 2 7 1 2 7 0 2 7 5 31 3 0 2 7 1 2 11 5 31 3 5 31 3 1 2 7 1 2 7 1 2 7 0 2 7 17 18 2 0 2 7 0 2 7 16 6 2 0 2 7 1 2 7 1 2 7 0 2 7 0 2 7 13 6 3 0 2 7 1 2 7 1 2 7 0 2 7 0 2 7 17 18 2 0 2 7 0 2 4 0 2 7 0 2 7 17 18 2 1 2 7 1 2 7 1 2 7 1 2 7 0 2 7 17 9 2 0 40.0670827627182007
5 31 3 0 2 7 1 2 7 0 2 7 5 31 3 0 2 7 1 2 7 5 31 3 0 2 7 0 2 7 1 2 7 17 9 2 0 2 7 6 2 7 0 2 7 0 2 7 5 31 3 0 2 7 0 2 7 1 2 7 0 2 7 0 2 7 0 2 7 1 2 7 1 2 7 13 6 3 17 9 2 1 2 7 16 6 2 1 2 7 0 2 7 1 2 7 12 16 2 0 2 7 1 2 7 0 2 3 0 2 3 16 6 2 0 2 7 17 18 2 0 40.5398088097572327
5 31 3 0 2 7 1 2 7 0 2 8 5 30 3 0 2 7 1 2 7 5 31 3 5 30 3 0 2 7 1 2 7 17 9 2 0 2 7 6 2 7 0 2 7 0 2 7 5 31 3 0 2 7 0 2 7 1 2 7 0 2 7 0 2 7 0 2 7 0 2 7 1 2 7 13 6 3 17 9 2 1 2 7 16 6 2 0 2 7 0 2 7 1 2 7 1 2 7 0 2 7 1 2 7 0 2 7 0 2 7 16 6 2 0 2 7 17 18 2 0 40.5071267485618591
0 2 7 0 2 7 1 2 7 0 2 7 5 31 3 0 2 7 1 2 11 5 31 3 5 31 3 1 2 7 1 2 7 1 2 7 0 2 7 17 18 2 0 2 7 0 2 7 16 6 2 0 2 7 1 2 7 1 2 7 0 2 7 0 2 7 13 6 3 0 2 7 1 2 7 1 2 7 0 2 7 0 2 7 17 18 2 0 2 7 0 2 4 0 2 7 0 2 7 17 18 2 1 2 7 1 2 7 1 2 7 1 2 7 0 2 7 17 9 2 0 40.0670827627182007
0 2 7 0 2 3 1 2 7 0 2 7 5 30 3 0 2 7 0 2 7 16 19 11 5 31 3 0 2 7 0 2 7 0 2 7 0 2 7 0 2 7 0 2 7 1 2 3 5 30 3 0 2 7 0 2 7 0 2 7 1 2 7 0 2 7 0 2 7 16 19 11 0 2 7 0 2 7 0 2 7 1 2 3 17 18 2 0 2 7 0 2 7 0 2 7 0 2 11 16 19 11 1 2 7 5 30 3 16 6 2 5 31 3 0 2 3 5 30 3 0 42.3715164661407471
0 2 7 0 2 7 1 2 7 0 2 7 5 31 3 0 2 7 1 2 11 5 31 3 5 31 3 1 2 7 1 2 7 1 2 7 0 2 7 17 18 2 0 2 7 0 2 7 16 6 2 0 2 7 1 2 7 1 2 7 0 2 7 0 2 7 13 6 3 0 2 7 1 2 7 1 2 7 0 2 7 0 2 7 17 18 2 0 2 7 0 2 4 0 2 7 0 2 7 17 18 2 1 2 7 1 2 7 1 2 7 1 2 7 0 2 7 17 9 2 0 40.0670827627182007
0 2 7 0 2 7 1 2 7 0 2 7 5 31 3 0 2 7 1 2 7 5 31 3 5 31 3 1 2 7 1 2 7 1 2 7 0 2 7 17 18 2 0 2 7 0 2 7 16 6 2 0 2 7 1 2 7 0 2 7 0 2 7 0 2 7 13 6 3 0 2 7 1 2 7 1 2 4 0 2 7 0 2 7 17 18 2 0 2 7 1 2 11 0 2 7 0 2 7 17 9 2 1 2 7 1 2 7 1 2 7 1 2 7 0 2 7 17 9 2 0 40.0670827627182007
0 2 7 0 2 7 0 2 7 0 2 7 5 31 3 0 2 4 1 2 7 1 2 7 5 31 3 1 2 7 0 2 7 1 2 11 1 2 7 17 9 2 1 2 7 0 2 7 16 6 2 0 2 7 0 2 7 1 2 7 1 2 7 0 2 7 13 6 3 0 2 7 0 2 7 1 2 7 0 2 7 0 2 7 17 9 2 0 2 7 1 2 7 1 2 7 1 2 7 17 18 2 1 2 7 0 2 7 0 2 7 5 31 3 0 2 7 17 9 2 0 40.0670827627182007
1 2 7 0 2 7 1 2 7 1 2 7 5 31 3 0 2 7 0 2 7 1 2 7 5 31 3 1 2 7 1 2 7 1 2 7 0 2 7 17 18 2 0 2 7 0 2 7 16 6 2 0 2 7 0 2 7 1 2 11 0 2 7 1 2 7 13 6 3 0 2 7 0 2 7 0 2 7 1 2 7 0 2 7 17 18 2 1 2 7 0 2 4 0 2 7 1 2 7 0 2 7 1 2 7 17 9 2 0 2 7 5 31 3 0 2 7 17 18 2 0 40.0670827627182007
1 2 7 0 2 7 1 2 7 1 2 7 5 31 3 0 2 7 0 2 7 1 2 7 5 31 3 1 2 7 1 2 7 1 2 7 0 2 7 17 18 2 0 2 7 0 2 7 16 6 2 0 2 7 0 2 7 1 2 11 0 2 7 1 2 7 13 6 3 0 2 7 0 2 7 0 2 7 1 2 7 0 2 7 17 18 2 1 2 7 0 2 4 0 2 7 1 2 7 0 2 7 1 2 7 17 9 2 0 2 7 5 31 3 0 2 7 17 18 2 0 40.0670827627182007
0 2 8 0 2 8 16 19 12 8 18 2 8 18 2 8 18 2 8 9 2 8 9 2 1 2 8 0 2 8 0 2 8 5 30 3 0 2 8 8 18 2 8 18 2 0 2 8 8 18 2 0 2 8 0 2 1 16 19 1 0 2 8 0 2 8 8 9 2 17 9 2 1 2 8 12 16 2 0 2 8 16 19 1 0 2 1 1 2 8 1 2 8 1 2 8 0 2 8 5 30 3 8 9 2 5 30 3 16 19 12 5 30 3 8 18 2 1 2 8 0.0146595713695102711 45.5479527711868286
1 2 4 0 2 7 1 2 7 0 2 3 5 30 3 0 2 7 0 2 7 16 19 11 5 30 3 1 2 7 0 2 7 0 2 7 0 2 7 0 2 7 1 2 7 0 2 7 8 18 2 0 2 7 0 2 7 0 2 7 1 2 7 0 2 3 1 2 7 5 30 3 0 2 3 0 2 7 5 30 3 1 2 7 17 18 2 0 2 7 0 2 7 1 2 3 0 2 7 17 18 2 0 2 7 0 2 3 16 19 11 16 19 11 1 2 7 5 31 3 0 42.0358304977416992
1 2 7 0 2 7 1 2 7 0 2 7 5 31 3 0 2 7 1 2 7 5 31 3 5 31 3 0 2 7 1 2 7 0 2 7 0 2 7 17 18 2 0 2 7 0 2 7 16 6 2 0 2 7 1 2 7 0 2 7 0 2 7 1 2 7 13 6 3 0 2 7 1 2 7 0 2 7 1 2 7 0 2 7 17 18 2 0 2 7 1 2 4 0 2 7 1 2 11 0 2 7 1 2 7 17 9 2 1 2 7 1 2 7 0 2 7 17 18 2 0 40.0670827627182007
1 2 7 0 2 7 1 2 7 1 2 7 5 31 3 0 2 7 0 2 7 1 2 7 5 31 3 1 2 7 1 2 7 1 2 7 0 2 7 17 18 2 0 2 7 0 2 7 16 6 2 0 2 7 0 2 7 1 2 11 0 2 7 1 2 7 13 6 3 0 2 7 0 2 7 0 2 7 1 2 7 0 2 7 17 18 2 1 2 7 0 2 4 0 2 7 1 2 7 0 2 7 1 2 7 17 9 2 0 2 7 5 31 3 0 2 7 17 18 2 0 40.0670827627182007
0 2 7 1 2 7 16 18 11 0 2 4 16 6 2 0 2 7 5 31 3 12 16 2 8 9 2 1 2 3 0 2 7 5 30 3 0 2 3 1 2 7 0 2 3 0 2 3 16 19 11 0 2 3 0 2 7 0 2 7 0 2 3 1 2 7 12 16 2 5 30 3 1 2 3 12 16 2 0 2 3 16 6 2 0 2 3 0 2 7 0 2 7 0 2 7 0 2 7 0 2 7 0 2 7 5 30 3 1 2 3 0 2 7 0 2 3 5 30 3 0 42.7291595339775085
5 31 3 0 2 7 1 2 7 0 2 7 5 31 3 0 2 7 1 2 7 5 31 3 0 2 7 0 2 7 1 2 7 17 9 2 0 2 7 6 2 7 0 2 7 0 2 7 5 31 3 0 2 7 0 2 7 1 2 7 0 2 7 0 2 7 0 2 7 1 2 7 1 2 7 13 6 3 17 9 2 1 2 7 16 6 2 1 2 7 0 2 7 1 2 7 12 16 2 0 2 7 1 2 7 0 2 3 0 2 3 16 6 2 0 2 7 17 18 2 0 40.5398088097572327
0 2 7 1 2 7 0 2 7 1 2 7 5 31 3 0 2 7 0 2 4 0 2 7 5 31 3 1 2 7 1 2 7 0 2 7 1 2 7 17 18 2 1 2 7 0 2 7 16 6 2 0 2 7 0 2 7 1 2 7 1 2 7 0 2 7 13 6 3 0 2 7 0 2 7 0 2 7 0 2 7 0 2 7 17 9 2 0 2 7 1 2 7 0 2 7 1 2 7 17 18 2 1 2 11 0 2 7 1 2 7 5 31 3 1 2 7 17 18 2 0 40.0670827627182007
5 31 3 0 2 7 1 2 7 0 2 7 5 31 3 0 2 7 1 2 7 5 31 3 0 2 7 0 2 7 1 2 7 17 9 2 0 2 7 6 2 7 0 2 7 0 2 7 5 31 3 0 2 7 0 2 7 1 2 7 0 2 7 0 2 7 0 2 7 1 2 7 1 2 7 13 6 3 17 9 2 1 2 7 16 6 2 1 2 7 0 2 7 1 2 7 12 16 2 0 2 7 1 2 7 0 2 3 0 2 3 16 6 2 0 2 7 17 18 2 0 40.5398088097572327
1 2 11 0 2 4 1 2 7 1 2 7 5 31 3 0 2 7 0 2 7 1 2 7 5 31 3 1 2 7 1 2 7 0 2 7 0 2 7 17 9 2 1 2 7 0 2 7 16 6 2 0 2 7 0 2 7 1 2 7 0 2 7 0 2 7 13 6 3 0 2 7 0 2 7 1 2 7 0 2 7 0 2 7 17 9 2 1 2 7 1 2 7 0 2 7 0 2 7 17 18 2 1 2 7 0 2 7 0 2 7 5 31 3 1 2 7 17 9 2 0 40.0670827627182007
1 2 3 0 2 7 0 2 11 1 2 7 16 31 2 6 2 3 0 2 7 0 2 7 17 18 2 8 18 2 0 2 7 17 9 2 1 2 3 0 2 4 0 2 7 0 2 11 5 30 3 0 2 7 1 2 7 0 2 7 5 30 3 0 2 7 0 2 7 1 2 3 0 2 7 12 16 2 0 2 3 16 19 11 1 2 7 0 2 7 0 2 11 0 2 4 0 2 7 0 2 7 1 2 7 1 2 11 0 2 7 5 30 3 5 30 3 5 30 3 0 42.077588677406311
0 2 8 0 2 8 16 19 12 8 18 2 8 18 2 8 18 2 8 9 2 8 9 2 1 2 8 0 2 8 0 2 8 5 30 3 0 2 8 8 18 2 8 18 2 0 2 8 8 18 2 0 2 8 0 2 1 16 19 1 0 2 8 0 2 8 8 9 2 17 9 2 1 2 8 12 16 2 0 2 8 16 19 1 0 2 1 1 2 8 1 2 8 1 2 8 0 2 8 5 30 3 8 9 2 5 30 3 16 19 12 5 30 3 8 18 2 1 2 8 0.0146595713695102711 45.5479527711868286
1 2 7 0 2 3 0 2 7 0 2 7 5 30 3 5 30 3 0 2 3 0 2 7 5 30 3 0 2 7 0 2 3 8 9 2 0 2 7 16 19 11 1 2 7 0 2 3 16 30 2 0 2 11 0 2 7 0 2 7 1 2 7 0 2 7 12 16 2 5 30 3 1 2 7 0 2 7 1 2 7 1 2 10 17 9 2 0 2 4 1 2 7 1 2 7 0 2 3 17 18 2 0 2 3 1 2 11 8 18 2 5 30 3 0 2 7 0 2 7 0 42.0290696620941162
0 2 7 0 2 7 1 2 11 1 2 7 5 31 3 0 2 7 1 2 7 1 2 7 5 31 3 1 2 7 0 2 7 0 2 7 1 2 7 17 9 2 0 2 7 1 2 7 16 6 2 0 2 7 0 2 7 1 2 4 0 2 7 0 2 7 13 6 3 0 2 7 1 2 7 5 31 3 0 2 7 1 2 7 17 18 2 0 2 7 0 2 7 0 2 7 0 2 7 17 18 2 0 2 7 0 2 7 1 2 7 1 2 7 1 2 7 17 9 2 0 40.0670827627182007
0 2 7 1 2 7 0 2 7 1 2 11 5 31 3 0 2 7 0 2 7 1 2 7 5 31 3 1 2 7 1 2 7 0 2 7 1 2 7 17 9 2 0 2 7 0 2 7 16 6 2 0 2 7 0 2 7 1 2 7 0 2 7 0 2 4 13 6 3 0 2 7 0 2 7 1 2 7 0 2 7 0 2 7 17 9 2 0 2 7 1 2 7 1 2 7 1 2 7 17 18 2 1 2 7 0 2 7 0 2 7 5 31 3 1 2 7 17 18 2 0 40.0670827627182007
0 2 7 1 2 7 1 2 7 1 2 7 5 31 3 0 2 4 1 2 7 1 2 7 5 31 3 1 2 7 0 2 7 0 2 7 0 2 7 17 9 2 0 2 7 0 2 7 16 6 2 0 2 7 0 2 7 1 2 7 0 2 7 1 2 7 13 6 3 0 2 7 0 2 7 1 2 7 0 2 7 0 2 7 17 9 2 1 2 7 1 2 7 0 2 7 0 2 7 17 18 2 1 2 7 0 2 7 0 2 7 5 31 3 1 2 11 17 9 2 0 40.0670827627182007
0 2 7 1 2 7 0 2 7 1 2 7 5 31 3 0 2 7 1 2 7 1 2 11 5 31 3 1 2 7 0 2 7 0 2 7 1 2 4 17 9 2 1 2 7 0 2 7 16 6 2 1 2 7 0 2 7 0 2 7 1 2 7 0 2 7 13 6 3 0 2 7 0 2 7 1 2 7 0 2 7 0 2 7 17 9 2 0 2 7 0 2 7 1 2 7 1 2 7 17 18 2 0 2 7 1 2 7 0 2 7 5 31 3 0 2 7 17 18 2 0 40.0670827627182007
0 2 7 1 2 7 0 2 7 1 2 4 5 31 3 0 2 7 1 2 7 0 2 7 5 31 3 1 2 7 0 2 7 1 2 7 1 2 7 17 9 2 0 2 7 0 2 7 16 6 2 0 2 7 0 2 7 0 2 7 0 2 7 1 2 7 13 6 3 0 2 7 0 2 7 0 2 7 1 2 7 1 2 7 17 9 2 0 2 7 1 2 11 0 2 7 1 2 7 17 18 2 1 2 7 0 2 7 0 2 7 5 31 3 1 2 7 17 9 2 0 40.0670827627182007
1 2 7 0 2 3 0 2 7 0 2 7 5 30 3 5 30 3 0 2 3 0 2 7 5 30 3 0 2 7 0 2 3 8 9 2 0 2 7 16 19 11 1 2 7 0 2 3 16 30 2 0 2 11 0 2 7 0 2 7 1 2 7 0 2 7 12 16 2 5 30 3 1 2 7 0 2 7 1 2 7 1 2 10 17 9 2 0 2 4 1 2 7 1 2 7 0 2 3 17 18 2 0 2 3 1 2 11 8 18 2 5 30 3 0 2 7 0 2 7 0 42.0290696620941162
1 2 7 1 2 7 0 2 7 1 2 7 5 31 3 0 2 4 1 2 11 1 2 7 5 31 3 0 2 7 0 2 7 1 2 7 0 2 7 17 9 2 0 2 7 1 2 7 16 6 2 0 2 7 0 2 7 1 2 7 0 2 7 1 2 7 13 6 3 0 2 7 1 2 7 0 2 7 1 2 7 0 2 7 17 9 2 1 2 7 0 2 7 0 2 7 0 2 7 17 18 2 0 2 7 0 2 7 0 2 7 5 31 3 1 2 7 17 9 2 0 40.0670827627182007
1 2 3 0 2 7 0 2 11 1 2 7 16 31 2 6 2 3 0 2 7 0 2 7 17 18 2 8 18 2 0 2 7 17 9 2 1 2 3 0 2 4 0 2 7 0 2 11 5 30 3 0 2 7 1 2 7 0 2 7 5 30 3 0 2 7 0 2 7 1 2 3 0 2 7 12 16 2 0 2 3 16 19 11 1 2 7 0 2 7 0 2 11 0 2 4 0 2 7 0 2 7 1 2 7 1 2 11 0 2 7 5 30 3 5 30 3 5 30 3 0 42.077588677406311
0 2 7 1 2 7 0 2 7 0 2 7 5 31 3 0 2 7 0 2 7 1 2 7 5 31 3 1 2 4 0 2 7 1 2 7 0 2 7 17 9 2 0 2 7 1 2 7 16 6 2 0 2 7 0 2 7 1 2 7 0 2 7 0 2 7 13 6 3 0 2 7 1 2 7 1 2 7 1 2 11 0 2 7 17 9 2 1 2 7 0 2 7 0 2 7 1 2 7 17 18 2 1 2 7 0 2 7 0 2 7 5 31 3 1 2 7 17 9 2 0 40.0670827627182007
0 2 7 1 2 7 0 2 7 0 2 7 5 31 3 0 2 7 0 2 7 1 2 7 5 31 3 0 2 7 0 2 7 1 2 7 0 2 7 17 9 2 0 2 7 1 2 4 16 6 2 0 2 7 0 2 7 1 2 7 1 2 7 0 2 7 13 6 3 0 2 7 1 2 7 1 2 11 1 2 7 0 2 7 17 9 2 0 2 7 0 2 7 1 2 7 1 2 7 17 18 2 0 2 7 1 2 7 0 2 7 5 31 3 1 2 7 17 9 2 0 40.0670827627182007
1 2 7 1 2 7 0 2 7 1 2 7 5 31 3 0 2 4 1 2 11 1 2 7 5 31 3 0 2 7 0 2 7 1 2 7 0 2 7 17 9 2 0 2 7 1 2 7 16 6 2 0 2 7 0 2 7 1 2 7 0 2 7 1 2 7 13 6 3 0 2 7 1 2 7 0 2 7 1 2 7 0 2 7 17 9 2 1 2 7 0 2 7 0 2 7 0 2 7 17 18 2 0 2 7 0 2 7 0 2 7 5 31 3 1 2 7 17 9 2 0 40.0670827627182007
0 2 7 1 2 7 0 2 7 1 2 7 5 31 3 0 2 7 1 2 7 0 2 7 5 31 3 1 2 7 1 2 7 0 2 7 1 2 7 17 9 2 0 2 7 0 2 7 16 6 2 0 2 7 0 2 7 0 2 7 0 2 7 1 2 11 13 6 3 0 2 7 0 2 7 0 2 4 1 2 7 0 2 7 17 9 2 1 2 7 1 2 7 0 2 7 1 2 7 17 18 2 1 2 7 0 2 7 0 2 7 5 31 3 1 2 7 17 9 2 0 40.0670827627182007
0 2 8 0 2 8 16 19 12 8 18 2 8 18 2 8 18 2 8 9 2 8 9 2 1 2 8 0 2 8 0 2 8 5 30 3 0 2 8 8 18 2 8 18 2 0 2 8 8 18 2 0 2 8 0 2 1 16 19 1 0 2 8 0 2 8 8 9 2 17 9 2 1 2 8 12 16 2 0 2 8 16 19 1 0 2 1 1 2 8 1 2 8 1 2 8 0 2 8 5 30 3 8 9 2 5 30 3 16 19 12 5 30 3 8 18 2 1 2 8 0.0146595713695102711 45.5479527711868286
5 31 3 0 2 7 1 2 7 0 2 7 5 31 3 0 2 7 1 2 7 5 31 3 0 2 7 0 2 7 1 2 7 17 9 2 0 2 7 6 2 7 0 2 7 0 2 7 5 31 3 0 2 7 0 2 7 1 2 7 0 2 7 0 2 7 0 2 7 1 2 7 1 2 7 13 6 3 17 9 2 1 2 7 16 6 2 1 2 7 0 2 7 1 2 7 12 16 2 0 2 7 1 2 7 0 2 3 0 2 3 16 6 2 0 2 7 17 18 2 0 40.5398088097572327
0 2 7 0 2 7 0 2 7 1 2 7 5 31 3 0 2 7 0 2 7 0 2 7 5 31 3 1 2 7 0 2 7 0 2 7 0 2 7 17 9 2 0 2 4 1 2 7 16 6 2 1 2 7 1 2 7 1 2 7 0 2 7 1 2 7 13 6 3 0 2 7 0 2 7 1 2 7 1 2 7 0 2 7 17 9 2 0 2 7 0 2 7 1 2 7 1 2 7 17 18 2 0 2 7 1 2 11 0 2 7 5 31 3 1 2 7 17 9 2 0 40.0670827627182007
0 2 7 0 2 7 0 2 7 1 2 7 5 31 3 0 2 7 0 2 7 1 2 7 5 31 3 1 2 4 0 2 7 1 2 7 0 2 7 17 18 2 0 2 7 1 2 11 16 6 2 0 2 7 0 2 7 1 2 7 0 2 7 1 2 7 13 6 3 0 2 7 0 2 7 1 2 7 1 2 7 0 2 7 17 9 2 0 2 7 0 2 7 1 2 7 1 2 7 17 18 2 0 2 7 1 2 7 0 2 7 5 31 3 1 2 7 17 9 2 0 40.0670827627182007
1 2 7 0 2 7 0 2 7 1 2 7 5 31 3 0 2 3 0 2 7 0 2 7 5 30 3 0 2 3 0 2 7 1 2 7 0 2 7 16 19 11 1 2 7 0 2 7 16 6 2 0 2 4 1 2 7 0 2 3 0 2 7 1 2 11 0 2 7 5 30 3 0 2 7 0 2 3 0 2 7 0 2 7 17 9 2 0 2 3 1 2 7 0 2 3 0 2 4 16 19 11 1 2 7 1 2 7 8 18 2 5 30 3 5 30 3 17 9 2 0 41.8495805263519287
1 2 7 0 2 7 0 2 7 1 2 7 5 31 3 0 2 7 0 2 4 0 2 7 5 31 3 1 2 7 0 2 7 0 2 7 0 2 7 17 9 2 1 2 11 1 2 7 16 6 2 1 2 7 1 2 7 1 2 7 0 2 7 0 2 7 13 6 3 0 2 7 0 2 7 1 2 7 1 2 7 0 2 7 17 9 2 0 2 7 0 2 7 1 2 7 0 2 7 17 18 2 0 2 7 1 2 7 0 2 7 5 31 3 1 2 7 17 9 2 0 40.0670827627182007
0 2 8 0 2 8 16 19 12 8 18 2 8 18 2 8 18 2 8 9 2 8 9 2 1 2 8 0 2 8 0 2 8 5 30 3 0 2 8 8 18 2 8 18 2 0 2 8 8 18 2 0 2 8 0 2 1 16 19 1 0 2 8 0 2 8 8 9 2 17 9 2 1 2 8 12 16 2 0 2 8 16 19 1 0 2 1 1 2 8 1 2 8 1 2 8 0 2 8 5 30 3 8 9 2 5 30 3 16 19 12 5 30 3 8 18 2 1 2 8 0.0146595713695102711 45.5479527711868286
0 2 7 1 2 7 1 2 7 1 2 7 5 31 3 0 2 7 1 2 7 1 2 7 5 31 3 0 2 7 0 2 7 0 2 7 1 2 7 17 9 2 0 2 7 1 2 4 16 6 2 0 2 7 0 2 7 0 2 7 0 2 7 1 2 7 13 6 3 0 2 7 0 2 7 1 2 7 1 2 7 0 2 7 17 9 2 1 2 11 0 2 7 0 2 7 0 2 7 17 18 2 0 2 7 1 2 7 0 2 7 5 31 3 1 2 7 17 9 2 0 40.0670827627182007
1 2 7 0 2 7 0 2 7 1 2 7 5 31 3 0 2 7 0 2 7 1 2 7 5 31 3 1 2 7 0 2 7 1 2 7 0 2 7 17 9 2 0 2 7 1 2 7 16 6 2 0 2 7 0 2 7 1 2 4 0 2 7 0 2 7 13 6 3 0 2 7 0 2 7 1 2 11 1 2 7 0 2 7 17 9 2 0 2 7 1 2 7 1 2 7 0 2 7 17 18 2 0 2 7 1 2 7 0 2 7 5 31 3 1 2 7 17 9 2 0 40.0670827627182007
0 2 7 0 2 4 0 2 7 1 2 7 5 31 3 0 2 7 0 2 7 0 2 7 5 31 3 1 2 7 1 2 7 0 2 7 0 2 7 17 9 2 0 2 7 1 2 7 16 6 2 0 2 7 0 2 7 1 2 7 1 2 7 1 2 7 13 6 3 0 2 7 0 2 7 1 2 7 1 2 7 0 2 7 17 9 2 0 2 7 1 2 7 1 2 7 0 2 7 17 18 2 0 2 7 1 2 7 0 2 7 5 31 3 1 2 11 17 9 2 0 40.0670827627182007
1 2 7 0 2 3 0 2 7 0 2 7 5 30 3 5 30 3 0 2 3 0 2 7 5 30 3 0 2 7 0 2 3 8 9 2 0 2 7 16 19 11 1 2 7 0 2 3 16 30 2 0 2 11 0 2 7 0 2 7 1 2 7 0 2 7 12 16 2 5 30 3 1 2 7 0 2 7 1 2 7 1 2 10 17 9 2 0 2 4 1 2 7 1 2 7 0 2 3 17 18 2 0 2 3 1 2 11 8 18 2 5 30 3 0 2 7 0 2 7 0 42.0290696620941162
5 31 3 0 2 7 1 2 7 0 2 7 5 31 3 0 2 7 1 2 7 5 31 3 0 2 7 0 2 7 1 2 7 17 9 2 0 2 7 6 2 7 0 2 7 0 2 7 5 31 3 0 2 7 0 2 7 1 2 7 0 2 7 0 2 7 0 2 7 1 2 7 1 2 7 13 6 3 17 9 2 1 2 7 16 6 2 1 2 7 0 2 7 1 2 7 12 16 2 0 2 7 1 2 7 0 2 3 0 2 3 16 6 2 0 2 7 17 18 2 0 40.5398088097572327
1 2 7 1 2 7 0 2 7 1 2 7 5 31 3 0 2 7 1 2 7 0 2 7 5 31 3 0 2 7 0 2 7 0 2 7 0 2 7 17 9 2 0 2 7 1 2 7 16 6 2 1 2 7 1 2 7 0 2 7 0 2 7 1 2 7 13 6 3 0 2 7 0 2 7 1 2 7 1 2 7 0 2 4 17 9 2 0 2 7 0 2 7 1 2 7 0 2 7 17 18 2 1 2 7 0 2 7 1 2 11 5 31 3 0 2 7 17 9 2 0 40.0670827627182007
1 2 7 1 2 7 0 2 7 1 2 7 5 31 3 0 2 7 1 2 7 0 2 7 5 31 3 1 2 7 0 2 7 0 2 7 0 2 7 17 9 2 0 2 7 1 2 7 16 6 2 1 2 7 0 2 4 0 2 7 0 2 7 1 2 7 13 6 3 0 2 7 0 2 7 1 2 7 1 2 7 0 2 7 17 9 2 0 2 7 0 2 7 1 2 7 0 2 7 17 18 2 1 2 11 0 2 7 1 2 7 5 31 3 0 2 7 17 9 2 0 40.0670827627182007
5 31 3 0 2 7 1 2 7 0 2 7 5 31 3 0 2 7 1 2 7 5 31 3 0 2 7 0 2 7 1 2 7 17 9 2 0 2 7 6 2 7 0 2 7 0 2 7 5 31 3 0 2 7 0 2 7 1 2 7 0 2 7 0 2 7 0 2 7 1 2 7 1 2 7 13 6 3 17 9 2 1 2 7 16 6 2 1 2 7 0 2 7 1 2 7 12 16 2 0 2 7 1 2 7 0 2 3 0 2 3 16 6 2 0 2 7 17 18 2 0 40.5398088097572327
0 2 7 1 2 7 0 2 7 1 2 7 5 31 3 0 2 7 1 2 7 0 2 7 5 31 3 0 2 7 1 2 11 0 2 7 0 2 7 17 9 2 0 2 7 1 2 4 16 6 2 1 2 7 1 2 7 0 2 7 0 2 7 0 2 7 13 6 3 0 2 7 0 2 7 1 2 7 0 2 7 1 2 7 17 9 2 0 2 7 1 2 7 1 2 7 1 2 7 17 18 2 0 2 7 1 2 7 0 2 7 5 31 3 0 2 7 17 9 2 0 40.0670827627182007
1 2 7 1 2 7 0 2 7 1 2 7 5 31 3 0 2 7 1 2 7 0 2 7 5 31 3 1 2 7 0 2 7 0 2 7 0 2 7 17 9 2 0 2 7 1 2 7 16 6 2 1 2 7 0 2 7 0 2 7 0 2 7 1 2 7 13 6 3 0 2 7 0 2 7 0 2 7 1 2 7 0 2 7 17 9 2 0 2 4 0 2 7 1 2 7 1 2 7 17 18 2 1 2 11 0 2 7 1 2 7 5 31 3 0 2 7 17 9 2 0 40.0670827627182007
0 2 7 1 2 7 0 2 7 1 2 7 5 31 3 0 2 7 1 2 4 0 2 7 5 31 3 0 2 7 0 2 7 0 2 7 0 2 7 17 9 2 0 2 7 1 2 11 16 6 2 0 2 7 0 2 7 0 2 7 0 2 7 1 2 7 13 6 3 0 2 7 1 2 7 1 2 7 1 2 7 0 2 7 17 9 2 0 2 7 0 2 7 1 2 7 1 2 7 17 18 2 1 2 7 1 2 7 1 2 7 5 31 3 0 2 7 17 9 2 0 40.0670827627182007
1 2 7 0 2 3 0 2 7 0 2 7 5 30 3 5 30 3 0 2 3 0 2 7 5 30 3 0 2 7 0 2 3 8 9 2 0 2 7 16 19 11 1 2 7 0 2 3 16 30 2 0 2 11 0 2 7 0 2 7 1 2 7 0 2 7 12 16 2 5 30 3 1 2 7 0 2 7 1 2 7 1 2 10 17 9 2 0 2 4 1 2 7 1 2 7 0 2 3 17 18 2 0 2 3 1 2 11 8 18 2 5 30 3 0 2 7 0 2 7 0 42.0290696620941162
1 2 7 1 2 7 0 2 7 1 2 7 5 31 3 0 2 7 1 2 4 0 2 7 5 31 3 0 2 7 0 2 7 0 2 7 0 2 7 17 18 2 0 2 7 1 2 11 16 6 2 0 2 7 0 2 7 0 2 7 0 2 7 1 2 7 13 6 3 0 2 7 1 2 7 1 2 7 1 2 7 0 2 7 17 9 2 0 2 7 0 2 7 1 2 7 1 2 7 17 18 2 1 2 7 0 2 7 1 2 7 5 31 3 0 2 7 17 9 2 0 40.0670827627182007
0 2 8 0 2 8 16 19 12 8 18 2 8 18 2 8 18 2 8 9 2 8 9 2 1 2 8 0 2 8 0 2 8 5 30 3 0 2 8 8 18 2 8 18 2 0 2 8 8 18 2 0 2 8 0 2 1 16 19 1 0 2 8 0 2 8 8 9 2 17 9 2 1 2 8 12 16 2 0 2 8 16 19 1 0 2 1 1 2 8 1 2 8 1 2 8 0 2 8 5 30 3 8 9 2 5 30 3 16 19 12 5 30 3 8 18 2 1 2 8 0.0146595713695102711 45.5479527711868286
5 30 3 1 2 7 1 2 7 6 2 7 5 31 3 0 2 7 0 2 7 0 2 7 5 31 3 0 2 7 0 2 3 0 2 3 0 2 7 5 31 3 0 2 4 0 2 7 16 6 2 0 2 7 1 2 7 6 2 7 1 2 7 0 2 3 1 2 7 0 2 7 0 2 7 0 2 7 0 2 4 0 2 7 1 2 7 0 2 7 1 2 3 1 2 7 16 19 11 17 18 2 0 2 7 0 2 7 16 6 2 5 30 3 0 2 7 17 9 2 0 41.2134697437286377
1 2 7 0 2 7 0 2 7 1 2 7 5 31 3 1 2 7 1 2 7 0 2 7 5 31 3 1 2 7 0 2 7 0 2 7 0 2 7 17 18 2 1 2 7 0 2 7 16 6 2 0 2 7 0 2 7 0 2 7 1 2 7 1 2 7 13 6 3 0 2 7 1 2 7 1 2 11 0 2 7 1 2 7 17 18 2 0 2 7 1 2 7 0 2 7 0 2 7 17 18 2 0 2 4 1 2 7 0 2 7 5 31 3 0 2 7 17 9 2 0 40.0670827627182007
0 2 7 1 2 7 0 2 7 0 2 7 5 31 3 1 2 7 1 2 7 1 2 7 5 31 3 0 2 7 0 2 7 0 2 7 0 2 7 17 9 2 1 2 7 0 2 7 16 6 2 1 2 7 0 2 4 0 2 7 0 2 7 1 2 7 13 6 3 0 2 7 1 2 7 1 2 11 1 2 7 0 2 7 17 9 2 0 2 7 1 2 7 1 2 7 0 2 7 17 18 2 0 2 7 0 2 7 1 2 7 5 31 3 0 2 7 17 9 2 0 40.0670827627182007
5 30 3 1 2 7 1 2 7 6 2 7 5 31 3 0 2 7 0 2 7 0 2 7 5 31 3 0 2 7 0 2 3 0 2 3 0 2 7 5 31 3 0 2 4 0 2 7 16 6 2 0 2 7 1 2 7 6 2 7 1 2 7 0 2 3 1 2 7 0 2 7 0 2 7 0 2 7 0 2 4 0 2 7 1 2 7 0 2 7 1 2 3 1 2 7 16 19 11 17 18 2 0 2 7 0 2 7 16 6 2 5 30 3 0 2 7 17 9 2 0 41.2134697437286377
1 2 7 0 2 7 0 2 7 1 2 7 5 31 3 0 2 7 1 2 7 0 2 7 5 31 3 1 2 11 0 2 7 0 2 7 0 2 7 17 18 2 0 2 7 1 2 7 16 6 2 0 2 7 1 2 7 0 2 7 0 2 7 1 2 4 13 6 3 0 2 7 1 2 7 1 2 7 0 2 7 1 2 7 17 9 2 1 2 7 1 2 7 0 2 7 0 2 7 17 18 2 0 2 7 1 2 7 0 2 7 5 31 3 0 2 7 17 9 2 0 40.0670827627182007
0 2 7 0 2 7 0 2 7 1 2 7 5 31 3 1 2 11 1 2 7 1 2 7 5 31 3 1 2 7 0 2 7 0 2 7 0 2 7 17 18 2 0 2 7 0 2 7 16 6 2 1 2 7 0 2 7 0 2 7 0 2 7 1 2 7 13 6 3 0 2 7 1 2 7 1 2 7 1 2 4 1 2 7 17 9 2 0 2 7 1 2 7 0 2 7 0 2 7 17 18 2 0 2 7 0 2 7 1 2 7 5 31 3 0 2 7 17 9 2 0 40.0670827627182007
0 2 7 0 2 7 0 2 7 1 2 7 5 31 3 1 2 7 1 2 11 1 2 7 5 31 3 1 2 7 0 2 7 0 2 7 0 2 7 17 18 2 0 2 7 0 2 7 16 6 2 1 2 7 0 2 7 0 2 7 0 2 7 1 2 7 13 6 3 1 2 7 1 2 7 1 2 7 0 2 7 1 2 4 17 9 2 0 2 7 1 2 7 0 2 7 0 2 7 17 18 2 0 2 7 0 2 7 1 2 7 5 31 3 0 2 7 17 9 2 0 40.0670827627182007
5 31 3 0 2 7 1 2 7 0 2 7 5 31 3 0 2 7 1 2 7 5 31 3 0 2 7 0 2 7 1 2 7 17 9 2 0 2 7 6 2 7 0 2 7 0 2 7 5 31 3 0 2 7 0 2 7 1 2 7 0 2 7 0 2 7 0 2 7 1 2 7 1 2 7 13 6 3 17 9 2 1 2 7 16 6 2 1 2 7 0 2 7 1 2 7 12 16 2 0 2 7 1 2 7 0 2 3 0 2 3 16 6 2 0 2 7 17 18 2 0 40.5398088097572327
1 2 7 0 2 3 0 2 7 0 2 7 5 30 3 5 30 3 0 2 3 0 2 7 5 30 3 0 2 7 0 2 3 8 9 2 0 2 7 16 19 11 1 2 7 0 2 3 16 30 2 0 2 11 0 2 7 0 2 7 1 2 7 0 2 7 12 16 2 5 30 3 1 2 7 0 2 7 1 2 7 1 2 10 17 9 2 0 2 4 1 2 7 1 2 7 0 2 3 17 18 2 0 2 3 1 2 11 8 18 2 5 30 3 0 2 7 0 2 7 0 42.0290696620941162
0 2 8 0 2 8 16 19 12 8 18 2 8 18 2 8 18 2 8 9 2 8 9 2 1 2 8 0 2 8 0 2 8 5 30 3 0 2 8 8 18 2 8 18 2 0 2 8 8 18 2 0 2 8 0 2 1 16 19 1 0 2 8 0 2 8 8 9 2 17 9 2 1 2 8 12 16 2 0 2 8 16 19 1 0 2 1 1 2 8 1 2 8 1 2 8 0 2 8 5 30 3 8 9 2 5 30 3 16 19 12 5 30 3 8 18 2 1 2 8 0.0146595713695102711 45.5479527711868286
0 2 7 1 2 7 0 2 7 0 2 7 5 31 3 1 2 7 1 2 7 1 2 7 5 31 3 0 2 7 1 2 7 0 2 7 0 2 7 17 9 2 1 2 7 0 2 7 16 6 2 1 2 7 0 2 7 0 2 7 0 2 7 1 2 4 13 6 3 0 2 7 1 2 7 1 2 7 1 2 7 0 2 7 17 18 2 0 2 7 1 2 11 1 2 7 0 2 7 17 18 2 0 2 7 0 2 7 0 2 7 5 31 3 0 2 7 17 9 2 0 40.0670827627182007
0 2 7 0 2 7 0 2 7 0 2 7 5 31 3 1 2 7 0 2 7 1 2 7 5 31 3 1 2 7 1 2 7 0 2 7 0 2 7 17 18 2 1 2 7 0 2 7 16 6 2 0 2 7 1 2 7 1 2 7 0 2 7 1 2 7 13 6 3 0 2 7 0 2 7 0 2 7 1 2 7 1 2 11 17 18 2 0 2 7 1 2 4 0 2 7 0 2 7 17 18 2 1 2 7 1 2 7 0 2 7 5 31 3 0 2 7 17 9 2 0 40.0670827627182007
0 2 7 1 2 7 0 2 7 0 2 7 5 31 3 0 2 7 1 2 7 1 2 7 5 31 3 1 2 11 1 2 7 0 2 7 0 2 7 17 18 2 0 2 7 1 2 7 16 6 2 0 2 7 1 2 7 1 2 7 0 2 7 0 2 7 13 6 3 0 2 7 0 2 7 0 2 7 1 2 7 0 2 7 17 18 2 0 2 7 1 2 7 1 2 4 0 2 7 17 18 2 0 2 7 1 2 7 1 2 7 5 31 3 0 2 7 17 9 2 0 40.0670827627182007
1 2 7 0 2 3 0 2 7 0 2 7 5 30 3 5 30 3 0 2 3 0 2 7 5 30 3 0 2 7 0 2 3 8 9 2 0 2 7 16 19 11 1 2 7 0 2 3 16 30 2 0 2 11 0 2 7 0 2 7 1 2 7 0 2 7 12 16 2 5 30 3 1 2 7 0 2 7 1 2 7 1 2 10 17 9 2 0 2 4 1 2 7 1 2 7 0 2 3 17 18 2 0 2 3 1 2 11 8 18 2 5 30 3 0 2 7 0 2 7 0 42.0290696620941162
0 2 7 1 2 7 1 2 7 0 2 7 5 31 3 0 2 7 0 2 7 1 2 7 5 31 3 1 2 7 1 2 7 0 2 7 0 2 7 17 18 2 0 2 7 1 2 7 16 6 2 0 2 7 0 2 7 1 2 7 0 2 7 1 2 7 13 6 3 0 2 7 1 2 7 0 2 7 1 2 7 1 2 11 17 18 2 0 2 7 1 2 4 0 2 7 0 2 7 17 18 2 0 2 7 1 2 7 0 2 7 5 31 3 0 2 7 17 9 2 0 40.0670827627182007
5 31 3 0 2 7 1 2 7 0 2 7 5 31 3 0 2 7 1 2 7 5 31 3 0 2 7 0 2 7 1 2 7 17 9 2 0 2 7 6 2 7 0 2 7 0 2 7 5 31 3 0 2 7 0 2 7 1 2 7 0 2 7 0 2 7 0 2 7 1 2 7 1 2 7 13 6 3 17 9 2 1 2 7 16 6 2 1 2 7 0 2 7 1 2 7 12 16 2 0 2 7 1 2 7 0 2 3 0 2 3 16 6 2 0 2 7 17 18 2 0 40.5398088097572327
0 2 8 0 2 8 16 19 12 8 18 2 8 18 2 8 18 2 8 9 2 8 9 2 1 2 8 0 2 8 0 2 8 5 30 3 0 2 8 8 18 2 8 18 2 0 2 8 8 18 2 0 2 8 0 2 1 16 19 1 0 2 8 0 2 8 8 9 2 17 9 2 1 2 8 12 16 2 0 2 8 16 19 1 0 2 1 1 2 8 1 2 8 1 2 8 0 2 8 5 30 3 8 9 2 5 30 3 16 19 12 5 30 3 8 18 2 1 2 8 0.0146595713695102711 45.5479527711868286
5 30 3 1 2 7 1 2 7 6 2 7 5 31 3 0 2 7 0 2 7 0 2 7 5 31 3 0 2 7 0 2 3 0 2 3 0 2 7 5 31 3 0 2 4 0 2 7 16 6 2 0 2 7 1 2 7 6 2 7 1 2 7 0 2 3 1 2 7 0 2 7 0 2 7 0 2 7 0 2 4 0 2 7 1 2 7 0 2 7 1 2 3 1 2 7 16 19 11 17 18 2 0 2 7 0 2 7 16 6 2 5 30 3 0 2 7 17 9 2 0 41.2134697437286377
0 2 7 1 2 7 1 2 7 1 2 7 5 31 3 0 2 7 0 2 7 1 2 7 5 31 3 1 2 11 1 2 7 1 2 7 0 2 7 17 18 2 0 2 7 1 2 7 16 6 2 0 2 7 0 2 7 1 2 7 0 2 7 1 2 7 13 6 3 0 2 4 1 2 7 0 2 7 0 2 7 0 2 7 17 9 2 0 2 7 0 2 7 1 2 7 0 2 7 17 18 2 0 2 7 1 2 7 0 2 7 5 31 3 0 2 7 17 9 2 0 40.0670827627182007
0 2 7 0 2 7 0 2 7 1 2 7 5 31 3 1 2 7 0 2 7 1 2 7 5 31 3 1 2 11 1 2 7 1 2 7 0 2 7 17 18 2 1 2 7 0 2 7 16 6 2 0 2 7 1 2 7 1 2 7 0 2 7 1 2 7 13 6 3 0 2 7 0 2 7 0 2 7 0 2 7 0 2 7 17 9 2 0 2 7 0 2 7 1 2 7 0 2 7 17 18 2 1 2 7 1 2 7 0 2 7 5 31 3 0 2 4 17 9 2 0 40.0670827627182007
0 2 7 0 2 7 0 2 7 0 2 7 5 31 3 1 2 7 0 2 7 1 2 7 5 31 3 1 2 7 1 2 7 0 2 7 0 2 7 17 18 2 1 2 7 0 2 7 16 6 2 0 2 7 1 2 7 1 2 7 0 2 7 1 2 7 13 6 3 0 2 7 0 2 7 0 2 7 1 2 7 1 2 11 17 18 2 0 2 7 1 2 4 0 2 7 0 2 7 17 18 2 1 2 7 1 2 7 0 2 7 5 31 3 0 2 7 17 9 2 0 40.0670827627182007
0 2 7 0 2 7 0 2 7 0 2 7 5 31 3 0 2 7 0 2 7 1 2 11 5 31 3 1 2 7 1 2 7 1 2 4 0 2 7 17 9 2 1 2 7 1 2 7 16 6 2 0 2 7 1 2 7 0 2 7 0 2 7 1 2 7 13 6 3 0 2 7 0 2 7 0 2 7 1 2 7 1 2 7 17 18 2 1 2 7 1 2 7 0 2 7 0 2 7 17 18 2 0 2 7 1 2 7 0 2 7 5 31 3 0 2 7 17 9 2 0 40.0670827627182007
0 2 7 0 2 7 0 2 7 0 2 7 5 31 3 0 2 7 0 2 7 1 2 4 5 31 3 1 2 7 1 2 7 0 2 7 1 2 7 17 9 2 1 2 11 1 2 7 16 6 2 0 2 7 1 2 7 0 2 7 0 2 7 1 2 7 13 6 3 0 2 7 0 2 7 0 2 7 1 2 7 1 2 7 17 18 2 1 2 7 1 2 7 0 2 7 0 2 7 17 18 2 0 2 7 1 2 7 0 2 7 5 31 3 0 2 7 17 9 2 0 40.0670827627182007
0 2 7 0 2 7 0 2 7 0 2 7 5 31 3 0 2 7 0 2 7 1 2 11 5 31 3 1 2 7 1 2 7 0 2 7 0 2 7 17 18 2 1 2 7 1 2 7 16 6 2 0 2 7 1 2 7 0 2 7 1 2 7 1 2 7 13 6 3 0 2 7 0 2 7 0 2 7 1 2 7 1 2 7 17 18 2 0 2 7 1 2 4 1 2 7 0 2 7 17 18 2 0 2 7 1 2 7 0 2 7 5 31 3 0 2 7 17 9 2 0 40.0670827627182007
0 2 7 0 2 7 0 2 7 0 2 7 5 31 3 0 2 7 0 2 7 1 2 11 5 31 3 1 2 4 1 2 7 0 2 7 1 2 7 17 18 2 1 2 7 1 2 7 16 6 2 0 2 7 1 2 7 0 2 7 1 2 7 1 2 7 13 6 3 0 2 7 0 2 7 0 2 7 1 2 7 0 2 7 17 18 2 0 2 7 1 2 7 0 2 7 0 2 7 17 18 2 1 2 7 1 2 7 0 2 7 5 31 3 0 2 7 17 9 2 0 40.0670827627182007
1 2 7 0 2 3 0 2 7 0 2 7 5 30 3 5 30 3 0 2 3 0 2 7 5 30 3 0 2 7 0 2 3 8 9 2 0 2 7 16 19 11 1 2 7 0 2 3 16 30 2 0 2 11 0 2 7 0 2 7 1 2 7 0 2 7 12 16 2 5 30 3 1 2 7 0 2 7 1 2 7 1 2 10 17 9 2 0 2 4 1 2 7 1 2 7 0 2 3 17 18 2 0 2 3 1 2 11 8 18 2 5 30 3 0 2 7 0 2 7 0 42.0290696620941162
0 2 7 0 2 7 0 2 7 0 2 7 5 31 3 0 2 7 0 2 7 1 2 7 5 31 3 1 2 7 1 2 7 1 2 7 1 2 7 17 18 2 1 2 11 1 2 7 16 6 2 0 2 7 1 2 7 0 2 7 0 2 7 1 2 7 13 6 3 0 2 7 0 2 4 0 2 7 1 2 7 1 2 7 17 18 2 0 2 7 1 2 7 0 2 7 0 2 7 17 18 2 0 2 7 1 2 7 0 2 7 5 31 3 0 2 7 17 9 2 0 40.0670827627182007
5 31 3 1 2 7 0 2 7 1 2 7 5 30 3 0 2 3 0 2 7 0 2 7 5 31 3 0 2 7 0 2 7 1 2 3 0 2 7 5 31 3 1 2 7 0 2 7 16 6 2 0 2 7 1 2 7 6 2 3 0 2 7 0 2 7 1 2 7 0 2 7 0 2 4 0 2 7 0 2 7 1 2 7 17 9 2 0 2 7 0 2 7 0 2 7 16 19 11 1 2 7 0 2 4 1 2 7 16 30 2 5 30 3 0 2 7 17 9 2 0 41.1017997264862061
0 2 7 0 2 7 0 2 7 0 2 7 5 31 3 0 2 7 0 2 7 1 2 11 5 31 3 1 2 7 1 2 7 1 2 7 1 2 7 17 18 2 1 2 7 1 2 7 16 6 2 0 2 7 1 2 7 0 2 7 0 2 7 0 2 7 13 6 3 0 2 7 0 2 4 0 2 7 1 2 7 1 2 7 17 18 2 1 2 7 1 2 7 0 2 7 0 2 7 17 18 2 0 2 7 1 2 7 0 2 7 5 31 3 0 2 7 17 9 2 0 40.0670827627182007
0 2 8 0 2 8 16 19 12 8 18 2 8 18 2 8 18 2 8 9 2 8 9 2 1 2 8 0 2 8 0 2 8 5 30 3 0 2 8 8 18 2 8 18 2 0 2 8 8 18 2 0 2 8 0 2 1 16 19 1 0 2 8 0 2 8 8 9 2 17 9 2 1 2 8 12 16 2 0 2 8 16 19 1 0 2 1 1 2 8 1 2 8 1 2 8 0 2 8 5 30 3 8 9 2 5 30 3 16 19 12 5 30 3 8 18 2 1 2 8 0.0146595713695102711 45.5479527711868286
5 31 3 0 2 7 1 2 7 0 2 7 5 31 3 0 2 7 1 2 7 5 31 3 0 2 7 0 2 7 1 2 7 17 9 2 0 2 7 6 2 7 0 2 7 0 2 7 5 31 3 0 2 7 0 2 7 1 2 7 0 2 7 0 2 7 0 2 7 1 2 7 1 2 7 13 6 3 17 9 2 1 2 7 16 6 2 1 2 7 0 2 7 1 2 7 12 16 2 0 2 7 1 2 7 0 2 3 0 2 3 16 6 2 0 2 7 17 18 2 0 40.5398088097572327
0 2 7 1 2 7 1 2 7 1 2 7 5 31 3 0 2 7 0 2 7 1 2 7 5 31 3 0 2 7 0 2 7 1 2 11 1 2 7 17 18 2 1 2 7 1 2 7 16 6 2 0 2 7 1 2 7 0 2 7 0 2 7 1 2 7 13 6 3 0 2 7 0 2 7 0 2 7 0 2 4 0 2 7 17 18 2 1 2 7 1 2 7 0 2 7 0 2 7 17 18 2 0 2 7 1 2 7 0 2 7 5 31 3 0 2 7 17 9 2 0 40.0670827627182007
0 2 8 0 2 8 16 19 12 8 18 2 8 18 2 8 18 2 8 9 2 8 9 2 1 2 8 0 2 8 0 2 8 5 30 3 0 2 8 8 18 2 8 18 2 0 2 8 8 18 2 0 2 8 0 2 1 16 19 1 0 2 8 0 2 8 8 9 2 17 9 2 1 2 8 12 16 2 0 2 8 16 19 1 0 2 1 1 2 8 1 2 8 1 2 8 0 2 8 5 30 3 8 9 2 5 30 3 16 19 12 5 30 3 8 18 2 1 2 8 0.0146595713695102711 45.5479527711868286
5 31 3 1 2 7 0 2 7 1 2 7 5 30 3 0 2 3 0 2 7 0 2 7 5 31 3 0 2 7 0 2 7 1 2 3 0 2 7 5 31 3 1 2 7 0 2 7 16 6 2 0 2 7 1 2 7 6 2 3 0 2 7 0 2 7 1 2 7 0 2 7 0 2 4 0 2 7 0 2 7 1 2 7 17 9 2 0 2 7 0 2 7 0 2 7 16 19 11 1 2 7 0 2 4 1 2 7 16 30 2 5 30 3 0 2 7 17 9 2 0 41.1017997264862061
5 31 3 0 2 7 1 2 7 0 2 7 5 31 3 0 2 7 1 2 7 5 31 3 0 2 7 0 2 7 1 2 7 17 9 2 0 2 7 6 2 7 0 2 7 0 2 7 5 31 3 0 2 7 0 2 7 1 2 7 0 2 7 0 2 7 0 2 7 1 2 7 1 2 7 13 6 3 17 9 2 1 2 7 16 6 2 1 2 7 0 2 7 1 2 7 12 16 2 0 2 7 1 2 7 0 2 3 0 2 3 16 6 2 0 2 7 17 18 2 0 40.5398088097572327
0 2 7 1 2 7 1 2 7 1 2 7 5 31 3 0 2 7 0 2 7 1 2 7 5 31 3 0 2 7 0 2 7 1 2 11 1 2 7 17 18 2 1 2 7 1 2 7 16 6 2 0 2 7 1 2 4 0 2 7 0 2 7 1 2 7 13 6 3 0 2 7 0 2 7 0 2 7 0 2 7 1 2 7 17 18 2 1 2 7 0 2 7 0 2 7 0 2 7 17 18 2 0 2 7 1 2 7 0 2 7 5 31 3 0 2 7 17 9 2 0 40.0670827627182007
0 2 7 0 2 7 1 2 7 1 2 7 5 31 3 0 2 7 0 2 7 1 2 7 5 31 3 0 2 7 0 2 7 1 2 7 1 2 7 17 18 2 1 2 7 0 2 7 16 6 2 1 2 7 0 2 7 0 2 7 0 2 7 1 2 7 13 6 3 0 2 7 0 2 7 0 2 7 0 2 7 1 2 7 17 18 2 1 2 7 1 2 4 0 2 7 0 2 7 17 18 2 1 2 11 1 2 7 0 2 7 5 31 3 0 2 7 17 9 2 0 40.0670827627182007
0 2 7 0 2 7 1 2 7 1 2 7 5 31 3 0 2 7 0 2 7 1 2 7 5 31 3 0 2 4 0 2 7 1 2 7 1 2 7 17 18 2 1 2 7 1 2 7 16 6 2 0 2 7 1 2 7 0 2 7 0 2 7 1 2 7 13 6 3 0 2 7 0 2 7 0 2 7 0 2 7 1 2 7 17 18 2 1 2 7 0 2 7 0 2 7 0 2 7 17 18 2 0 2 7 1 2 11 1 2 7 5 31 3 0 2 7 17 9 2 0 40.0670827627182007
1 2 7 0 2 3 0 2 7 0 2 7 5 30 3 5 30 3 0 2 3 0 2 7 5 30 3 0 2 7 0 2 3 8 9 2 0 2 7 16 19 11 1 2 7 0 2 3 16 30 2 0 2 11 0 2 7 0 2 7 1 2 7 0 2 7 12 16 2 5 30 3 1 2 7 0 2 7 1 2 7 1 2 10 17 9 2 0 2 4 1 2 7 1 2 7 0 2 3 17 18 2 0 2 3 1 2 11 8 18 2 5 30 3 0 2 7 0 2 7 0 42.0290696620941162
0 2 7 1 2 7 1 2 7 1 2 7 5 31 3 0 2 7 0 2 7 1 2 7 5 31 3 0 2 7 0 2 7 1 2 11 1 2 7 17 18 2 1 2 7 1 2 7 16 6 2 0 2 7 1 2 4 0 2 7 0 2 7 1 2 7 13 6 3 0 2 7 0 2 7 0 2 7 0 2 7 1 2 7 17 18 2 1 2 7 0 2 7 0 2 7 0 2 7 17 18 2 0 2 7 1 2 7 0 2 7 5 31 3 0 2 7 17 9 2 0 40.0670827627182007
0 2 7 1 2 7 1 2 7 1 2 7 5 31 3 0 2 7 0 2 7 1 2 4 5 31 3 0 2 7 0 2 7 1 2 7 1 2 7 17 18 2 1 2 7 1 2 7 16 6 2 0 2 7 0 2 7 0 2 7 0 2 7 1 2 7 13 6 3 0 2 7 0 2 7 0 2 7 0 2 7 1 2 7 17 18 2 1 2 7 0 2 7 0 2 7 0 2 7 17 18 2 0 2 7 1 2 11 1 2 7 5 31 3 0 2 7 17 9 2 0 40.0670827627182007
0 2 7 1 2 7 1 2 7 1 2 7 5 31 3 0 2 7 0 2 7 1 2 11 5 31 3 0 2 7 0 2 7 1 2 7 0 2 7 17 9 2 0 2 7 1 2 7 16 6 2 1 2 7 1 2 7 0 2 7 0 2 7 1 2 4 13 6 3 0 2 7 0 2 7 0 2 7 1 2 7 0 2 7 17 18 2 1 2 7 1 2 7 0 2 7 0 2 7 17 18 2 0 2 7 1 2 7 0 2 7 5 31 3 0 2 7 17 9 2 0 40.0670827627182007
0 2 7 1 2 7 1 2 7 0 2 7 5 31 3 0 2 7 0 2 7 1 2 11 5 31 3 0 2 7 0 2 7 1 2 7 1 2 7 17 9 2 0 2 7 1 2 7 16 6 2 0 2 7 1 2 7 0 2 7 0 2 7 1 2 4 13 6 3 1 2 7 0 2 7 0 2 7 1 2 7 0 2 7 17 18 2 1 2 7 1 2 7 0 2 7 0 2 7 17 18 2 0 2 7 1 2 7 0 2 7 5 31 3 0 2 7 17 9 2 0 40.0670827627182007
0 2 7 1 2 7 1 2 7 0 2 7 5 31 3 0 2 7 0 2 7 1 2 7 5 31 3 0 2 7 0 2 7 1 2 7 1 2 7 17 9 2 0 2 7 1 2 7 16 6 2 0 2 7 1 2 7 0 2 7 0 2 7 1 2 7 13 6 3 1 2 11 0 2 4 0 2 7 1 2 7 0 2 7 17 18 2 1 2 7 1 2 7 0 2 7 0 2 7 17 18 2 0 2 7 1 2 7 0 2 7 5 31 3 0 2 7 17 9 2 0 40.0670827627182007
1 2 7 0 2 3 0 2 7 0 2 7 5 30 3 5 30 3 0 2 3 0 2 7 5 30 3 0 2 7 0 2 3 8 9 2 0 2 7 16 19 11 1 2 7 0 2 3 16 30 2 0 2 11 0 2 7 0 2 7 1 2 7 0 2 7 12 16 2 5 30 3 1 2 7 0 2 7 1 2 7 1 2 10 17 9 2 0 2 4 1 2 7 1 2 7 0 2 3 17 18 2 0 2 3 1 2 11 8 18 2 5 30 3 0 2 7 0 2 7 0 42.0290696620941162
0 2 8 0 2 8 16 19 12 8 18 2 8 18 2 8 18 2 8 9 2 8 9 2 1 2 8 0 2 8 0 2 8 5 30 3 0 2 8 8 18 2 8 18 2 0 2 8 8 18 2 0 2 8 0 2 1 16 19 1 0 2 8 0 2 8 8 9 2 17 9 2 1 2 8 12 16 2 0 2 8 16 19 1 0 2 1 1 2 8 1 2 8 1 2 8 0 2 8 5 30 3 8 9 2 5 30 3 16 19 12 5 30 3 8 18 2 1 2 8 0.0146595713695102711 45.5479527711868286
0 2 7 1 2 7 1 2 7 1 2 7 5 31 3 0 2 7 0 2 7 1 2 7 5 31 3 0 2 7 0 2 7 1 2 7 1 2 7 17 9 2 0 2 4 1 2 11 16 6 2 1 2 7 1 2 7 0 2 7 0 2 7 1 2 7 13 6 3 1 2 7 0 2 7 0 2 7 1 2 7 0 2 7 17 18 2 0 2 7 1 2 7 0 2 7 0 2 7 17 18 2 0 2 7 0 2 7 0 2 7 5 31 3 0 2 7 17 9 2 0 40.0670827627182007
5 31 3 0 2 7 1 2 7 0 2 7 5 31 3 0 2 7 1 2 7 5 31 3 0 2 7 0 2 7 1 2 7 17 9 2 0 2 7 6 2 7 0 2 7 0 2 7 5 31 3 0 2 7 0 2 7 1 2 7 0 2 7 0 2 7 0 2 7 1 2 7 1 2 7 13 6 3 17 9 2 1 2 7 16 6 2 1 2 7 0 2 7 1 2 7 12 16 2 0 2 7 1 2 7 0 2 3 0 2 3 16 6 2 0 2 7 17 18 2 0 40.5398088097572327
0 2 7 1 2 11 1 2 7 1 2 7 5 31 3 0 2 7 0 2 7 1 2 7 5 31 3 0 2 7 0 2 7 1 2 7 1 2 7 17 9 2 0 2 4 1 2 7 16 6 2 1 2 7 1 2 7 0 2 7 0 2 7 1 2 7 13 6 3 1 2 7 0 2 7 0 2 7 1 2 7 0 2 7 17 18 2 0 2 7 1 2 7 0 2 7 0 2 7 17 18 2 0 2 7 0 2 7 0 2 7 5 31 3 0 2 7 17 9 2 0 40.0670827627182007
5 31 3 1 2 7 0 2 7 1 2 7 5 30 3 0 2 3 0 2 7 0 2 7 5 31 3 0 2 7 0 2 7 1 2 3 0 2 7 5 31 3 1 2 7 0 2 7 16 6 2 0 2 7 1 2 7 6 2 3 0 2 7 0 2 7 1 2 7 0 2 7 0 2 4 0 2 7 0 2 7 1 2 7 17 9 2 0 2 7 0 2 7 0 2 7 16 19 11 1 2 7 0 2 4 1 2 7 16 30 2 5 30 3 0 2 7 17 9 2 0 41.1017997264862061
0 2 7 1 2 7 1 2 7 1 2 7 5 31 3 0 2 7 0 2 7 1 2 7 5 31 3 0 2 4 0 2 7 1 2 11 1 2 7 17 9 2 0 2 7 1 2 7 16 6 2 0 2 7 1 2 7 0 2 7 0 2 7 1 2 7 13 6 3 1 2 7 0 2 7 0 2 7 1 2 7 0 2 7 17 18 2 0 2 7 1 2 7 0 2 7 0 2 7 17 18 2 0 2 7 1 2 7 0 2 7 5 31 3 0 2 7 17 9 2 0 40.0670827627182007
1 2 7 1 2 7 1 2 7 1 2 7 5 31 3 0 2 7 0 2 7 1 2 7 5 31 3 0 2 7 0 2 7 1 2 7 0 2 7 17 9 2 0 2 7 1 2 7 16 6 2 0 2 7 1 2 7 0 2 7 0 2 7 0 2 7 13 6 3 1 2 4 0 2 7 0 2 7 1 2 7 0 2 7 17 18 2 1 2 11 1 2 7 0 2 7 0 2 7 17 18 2 0 2 7 1 2 7 0 2 7 5 31 3 0 2 7 17 9 2 0 40.0670827627182007
1 2 7 1 2 7 1 2 7 1 2 7 5 31 3 0 2 7 1 2 7 0 2 7 5 31 3 0 2 7 0 2 4 1 2 7 0 2 7 17 9 2 0 2 7 1 2 7 16 6 2 1 2 7 1 2 7 0 2 7 0 2 7 0 2 7 13 6 3 1 2 7 0 2 7 0 2 7 1 2 7 0 2 7 17 18 2 0 2 7 1 2 11 0 2 7 0 2 7 17 18 2 0 2 7 1 2 7 0 2 7 5 31 3 0 2 7 17 9 2 0 40.0670827627182007
1 2 7 0 2 3 0 2 7 0 2 7 5 30 3 5 30 3 0 2 3 0 2 7 5 30 3 0 2 7 0 2 3 8 9 2 0 2 7 16 19 11 1 2 7 0 2 3 16 30 2 0 2 11 0 2 7 0 2 7 1 2 7 0 2 7 12 16 2 5 30 3 1 2 7 0 2 7 1 2 7 1 2 10 17 9 2 0 2 4 1 2 7 1 2 7 0 2 3 17 18 2 0 2 3 1 2 11 8 18 2 5 30 3 0 2 7 0 2 7 0 42.0290696620941162
0 2 8 0 2 8 16 19 12 8 18 2 8 18 2 8 18 2 8 9 2 8 9 2 1 2 8 0 2 8 0 2 8 5 30 3 0 2 8 8 18 2 8 18 2 0 2 8 8 18 2 0 2 8 0 2 1 16 19 1 0 2 8 0 2 8 8 9 2 17 9 2 1 2 8 12 16 2 0 2 8 16 19 1 0 2 1 1 2 8 1 2 8 1 2 8 0 2 8 5 30 3 8 9 2 5 30 3 16 19 12 5 30 3 8 18 2 1 2 8 0.0146595713695102711 45.5479527711868286
1 2 7 1 2 7 1 2 7 0 2 7 5 31 3 0 2 7 1 2 7 0 2 7 5 31 3 0 2 7 0 2 4 1 2 7 0 2 7 17 9 2 0 2 7 1 2 7 16 6 2 1 2 7 1 2 7 0 2 7 0 2 7 0 2 7 13 6 3 1 2 7 0 2 7 0 2 7 1 2 7 0 2 7 17 18 2 1 2 7 1 2 11 0 2 7 0 2 7 17 18 2 0 2 7 1 2 7 0 2 7 5 31 3 0 2 7 17 9 2 0 40.0670827627182007
1 2 7 1 2 7 0 2 7 1 2 7 5 31 3 0 2 7 0 2 7 1 2 7 5 31 3 0 2 7 0 2 7 1 2 7 0 2 7 17 9 2 0 2 7 1 2 11 16 6 2 1 2 7 1 2 7 0 2 7 0 2 7 0 2 7 13 6 3 1 2 7 0 2 7 0 2 7 1 2 4 0 2 7 17 18 2 1 2 7 1 2 7 0 2 7 0 2 7 17 18 2 0 2 7 1 2 7 0 2 7 5 31 3 0 2 7 17 9 2 0 40.0670827627182007
1 2 7 1 2 7 1 2 7 1 2 7 5 31 3 0 2 7 1 2 7 0 2 7 5 31 3 0 2 7 0 2 7 1 2 11 0 2 7 17 9 2 1 2 7 0 2 7 16 6 2 1 2 7 1 2 7 0 2 7 0 2 7 0 2 4 13 6 3 1 2 7 1 2 7 0 2 7 1 2 7 0 2 7 17 18 2 0 2 7 1 2 7 0 2 7 0 2 7 17 18 2 0 2 7 0 2 7 0 2 7 5 31 3 0 2 7 17 9 2 0 40.0670827627182007
5 31 3 0 2 7 0 2 7 0 2 7 5 31 3 0 2 7 1 2 7 5 31 3 1 2 7 0 2 7 1 2 7 17 9 2 1 2 7 0 2 7 0 2 7 0 2 7 5 31 3 0 2 7 0 2 7 1 2 7 0 2 7 0 2 7 0 2 7 1 2 7 0 2 7 13 6 3 17 9 2 1 2 7 16 6 2 1 2 7 0 2 7 1 2 7 12 16 2 0 2 7 1 2 7 0 2 7 0 2 7 16 6 2 0 2 7 17 18 2 0 40.4340677261352539
5 31 3 1 2 7 0 2 7 1 2 7 5 30 3 0 2 3 0 2 7 0 2 7 5 31 3 0 2 7 0 2 7 1 2 3 0 2 7 5 31 3 1 2 7 0 2 7 16 6 2 0 2 7 1 2 7 6 2 3 0 2 7 0 2 7 1 2 7 0 2 7 0 2 4 0 2 7 0 2 7 1 2 7 17 9 2 0 2 7 0 2 7 0 2 7 16 19 11 1 2 7 0 2 4 1 2 7 16 30 2 5 30 3 0 2 7 17 9 2 0 41.1017997264862061
1 2 7 1 2 7 0 2 7 0 2 7 5 31 3 0 2 7 1 2 7 0 2 7 5 31 3 0 2 7 0 2 7 1 2 7 0 2 7 17 9 2 0 2 7 1 2 7 16 6 2 1 2 7 1 2 7 1 2 7 0 2 7 0 2 7 13 6 3 1 2 7 0 2 7 0 2 7 1 2 4 0 2 7 17 18 2 1 2 7 1 2 11 0 2 7 0 2 7 17 18 2 0 2 7 1 2 7 0 2 7 5 31 3 0 2 7 17 9 2 0 40.0670827627182007
MonoObjective Genetic Algorithm
Number of Evaluations = 0
Mutation Probability = 0
Crossover Probability = 1
Population Size = 10
Survival Selection Type = 5
Time =  9002.73611998558044
1 2 7 1 2 7 1 2 7 1 2 7 5 31 3 0 2 7 0 2 7 1 2 7 5 31 3 0 2 7 0 2 7 1 2 7 0 2 7 17 9 2 0 2 7 1 2 7 16 6 2 0 2 7 1 2 7 0 2 7 0 2 7 0 2 7 13 6 3 1 2 4 0 2 7 0 2 7 1 2 7 0 2 7 17 18 2 1 2 11 1 2 7 0 2 7 0 2 7 17 18 2 0 2 7 1 2 7 0 2 7 5 31 3 0 2 7 17 9 2 0 40.0670827627182007
1 2 7 1 2 7 1 2 7 1 2 7 5 31 3 0 2 7 1 2 7 0 2 7 5 31 3 0 2 7 0 2 4 1 2 7 0 2 7 17 9 2 0 2 7 1 2 7 16 6 2 1 2 7 1 2 7 0 2 7 0 2 7 0 2 7 13 6 3 1 2 7 0 2 7 0 2 7 1 2 7 0 2 7 17 18 2 0 2 7 1 2 11 0 2 7 0 2 7 17 18 2 0 2 7 1 2 7 0 2 7 5 31 3 0 2 7 17 9 2 0 40.0670827627182007
1 2 7 0 2 3 0 2 7 0 2 7 5 30 3 5 30 3 0 2 3 0 2 7 5 30 3 0 2 7 0 2 3 8 9 2 0 2 7 16 19 11 1 2 7 0 2 3 16 30 2 0 2 11 0 2 7 0 2 7 1 2 7 0 2 7 12 16 2 5 30 3 1 2 7 0 2 7 1 2 7 1 2 10 17 9 2 0 2 4 1 2 7 1 2 7 0 2 3 17 18 2 0 2 3 1 2 11 8 18 2 5 30 3 0 2 7 0 2 7 0 42.0290696620941162
0 2 8 0 2 8 16 19 12 8 18 2 8 18 2 8 18 2 8 9 2 8 9 2 1 2 8 0 2 8 0 2 8 5 30 3 0 2 8 8 18 2 8 18 2 0 2 8 8 18 2 0 2 8 0 2 1 16 19 1 0 2 8 0 2 8 8 9 2 17 9 2 1 2 8 12 16 2 0 2 8 16 19 1 0 2 1 1 2 8 1 2 8 1 2 8 0 2 8 5 30 3 8 9 2 5 30 3 16 19 12 5 30 3 8 18 2 1 2 8 0.0146595713695102711 45.5479527711868286
1 2 7 1 2 7 1 2 7 0 2 7 5 31 3 0 2 7 1 2 7 0 2 7 5 31 3 0 2 7 0 2 4 1 2 7 0 2 7 17 9 2 0 2 7 1 2 7 16 6 2 1 2 7 1 2 7 0 2 7 0 2 7 0 2 7 13 6 3 1 2 7 0 2 7 0 2 7 1 2 7 0 2 7 17 18 2 1 2 7 1 2 11 0 2 7 0 2 7 17 18 2 0 2 7 1 2 7 0 2 7 5 31 3 0 2 7 17 9 2 0 40.0670827627182007
1 2 7 1 2 7 0 2 7 1 2 7 5 31 3 0 2 7 0 2 7 1 2 7 5 31 3 0 2 7 0 2 7 1 2 7 0 2 7 17 9 2 0 2 7 1 2 11 16 6 2 1 2 7 1 2 7 0 2 7 0 2 7 0 2 7 13 6 3 1 2 7 0 2 7 0 2 7 1 2 4 0 2 7 17 18 2 1 2 7 1 2 7 0 2 7 0 2 7 17 18 2 0 2 7 1 2 7 0 2 7 5 31 3 0 2 7 17 9 2 0 40.0670827627182007
1 2 7 1 2 7 1 2 7 1 2 7 5 31 3 0 2 7 1 2 7 0 2 7 5 31 3 0 2 7 0 2 7 1 2 11 0 2 7 17 9 2 1 2 7 0 2 7 16 6 2 1 2 7 1 2 7 0 2 7 0 2 7 0 2 4 13 6 3 1 2 7 1 2 7 0 2 7 1 2 7 0 2 7 17 18 2 0 2 7 1 2 7 0 2 7 0 2 7 17 18 2 0 2 7 0 2 7 0 2 7 5 31 3 0 2 7 17 9 2 0 40.0670827627182007
5 31 3 0 2 7 0 2 7 0 2 7 5 31 3 0 2 7 1 2 7 5 31 3 1 2 7 0 2 7 1 2 7 17 9 2 1 2 7 0 2 7 0 2 7 0 2 7 5 31 3 0 2 7 0 2 7 1 2 7 0 2 7 0 2 7 0 2 7 1 2 7 0 2 7 13 6 3 17 9 2 1 2 7 16 6 2 1 2 7 0 2 7 1 2 7 12 16 2 0 2 7 1 2 7 0 2 7 0 2 7 16 6 2 0 2 7 17 18 2 0 40.4340677261352539
5 31 3 1 2 7 0 2 7 1 2 7 5 30 3 0 2 3 0 2 7 0 2 7 5 31 3 0 2 7 0 2 7 1 2 3 0 2 7 5 31 3 1 2 7 0 2 7 16 6 2 0 2 7 1 2 7 6 2 3 0 2 7 0 2 7 1 2 7 0 2 7 0 2 4 0 2 7 0 2 7 1 2 7 17 9 2 0 2 7 0 2 7 0 2 7 16 19 11 1 2 7 0 2 4 1 2 7 16 30 2 5 30 3 0 2 7 17 9 2 0 41.1017997264862061
1 2 7 1 2 7 0 2 7 0 2 7 5 31 3 0 2 7 1 2 7 0 2 7 5 31 3 0 2 7 0 2 7 1 2 7 0 2 7 17 9 2 0 2 7 1 2 7 16 6 2 1 2 7 1 2 7 1 2 7 0 2 7 0 2 7 13 6 3 1 2 7 0 2 7 0 2 7 1 2 4 0 2 7 17 18 2 1 2 7 1 2 11 0 2 7 0 2 7 17 18 2 0 2 7 1 2 7 0 2 7 5 31 3 0 2 7 17 9 2 0 40.0670827627182007
