0 2 7 13 6 3 0 2 7 0 2 7 0 2 7 0 2 7 5 31 3 1 2 7 12 16 2 1 2 7 0 2 7 1 2 7 1 2 7 0 2 7 1 2 7 0 2 7 17 18 2 0 2 7 5 30 3 17 9 2 0 20.2646257877349854
1 2 4 0 2 7 0 2 7 0 2 7 8 9 2 5 30 3 17 18 2 1 2 7 16 15 2 12 16 2 0 2 7 0 2 7 0 2 7 0 2 7 5 30 3 0 2 7 8 9 2 0 2 7 1 2 7 12 16 2 0 20.8408946990966797
1 2 7 0 2 3 0 2 8 5 31 3 0 2 3 0 2 8 5 30 3 0 2 8 0 2 8 0 2 7 16 18 8 5 30 3 0 2 7 0 2 7 16 19 13 0 2 7 12 16 2 0 2 7 0 2 7 1 2 3 4.74104569213408971e-06 22.243401050567627
0 2 7 0 2 11 16 30 2 12 16 2 0 2 11 0 2 8 5 30 3 9 2 7 0 2 11 5 30 3 0 2 8 5 31 3 0 2 8 0 2 7 16 19 11 0 2 11 0 2 3 12 16 2 0 2 8 1 2 7 0 22.4602702856063843
6 2 7 0 2 7 0 2 7 5 31 3 1 2 7 0 2 7 16 6 2 0 2 7 1 2 7 12 16 2 0 2 4 5 31 3 0 2 7 1 2 4 0 2 7 0 2 7 0 2 7 1 2 7 0 2 7 17 18 2 0 20.4595978856086731
0 2 7 0 2 7 0 2 7 5 31 3 1 2 7 0 2 7 16 6 2 0 2 7 1 2 4 12 16 2 0 2 4 5 31 3 0 2 7 1 2 7 0 2 7 0 2 7 6 2 7 1 2 7 0 2 7 17 18 2 0 20.4595978856086731
0 2 8 5 30 3 5 30 3 0 2 3 0 2 3 0 2 8 9 2 7 0 2 8 16 19 12 5 30 3 0 2 8 0 2 8 1 2 8 0 2 8 16 19 12 0 2 3 8 9 2 0 2 3 1 2 8 0 2 3 0.000497352484928327045 23.0935232639312744
0 2 11 0 2 11 0 2 3 0 2 8 5 30 3 0 2 3 1 2 7 6 2 3 12 16 2 0 2 7 0 2 3 16 6 2 0 2 7 0 2 3 16 19 12 0 2 7 5 30 3 0 2 3 0 2 7 5 31 3 0 21.9304770231246948
0 2 7 1 2 4 0 2 7 5 30 3 0 2 7 0 2 7 16 31 2 0 2 7 1 2 7 12 16 2 0 2 3 5 31 3 1 2 7 1 2 7 0 2 7 0 2 7 0 2 7 1 2 4 0 2 7 17 18 2 0 20.5479278564453125
0 2 7 1 2 4 0 2 7 5 31 3 0 2 7 0 2 7 16 6 2 0 2 7 1 2 7 12 16 2 0 2 7 5 31 3 0 2 7 1 2 7 0 2 7 0 2 7 6 2 7 1 2 4 0 2 7 17 18 2 0 20.4595978856086731
0 2 7 13 6 3 0 2 7 0 2 7 0 2 7 0 2 7 5 31 3 1 2 7 12 16 2 1 2 7 0 2 7 1 2 7 1 2 7 0 2 7 1 2 7 0 2 7 17 18 2 0 2 7 5 30 3 17 9 2 0 20.2646257877349854
0 2 7 1 2 7 0 2 3 5 31 3 1 2 7 0 2 3 5 30 3 0 2 7 0 2 3 12 16 2 0 2 3 16 9 11 1 2 3 16 6 2 0 2 7 0 2 4 0 2 7 0 2 3 1 2 11 12 16 2 0 21.3884018063545227
0 2 3 1 2 3 0 2 3 5 30 3 0 2 3 0 2 11 5 30 3 0 2 3 12 16 2 1 2 3 16 9 12 12 16 2 0 2 11 0 2 11 16 19 11 0 2 12 8 18 2 0 2 7 1 2 3 12 16 2 0 22.37117600440979
0 2 7 13 6 3 0 2 7 0 2 7 0 2 7 0 2 7 5 31 3 1 2 7 12 16 2 1 2 7 0 2 7 1 2 7 1 2 7 0 2 7 1 2 7 0 2 7 17 18 2 0 2 7 5 30 3 17 9 2 0 20.2646257877349854
0 2 7 13 6 3 0 2 7 0 2 7 0 2 7 0 2 7 5 31 3 1 2 7 12 16 2 1 2 7 0 2 7 1 2 7 1 2 7 0 2 7 1 2 7 0 2 7 17 18 2 0 2 7 5 30 3 17 9 2 0 20.2646257877349854
0 2 7 13 6 3 0 2 7 0 2 7 0 2 7 0 2 7 5 31 3 1 2 7 12 16 2 1 2 7 0 2 7 1 2 7 1 2 7 0 2 7 1 2 7 0 2 7 17 18 2 0 2 7 5 30 3 17 9 2 0 20.2646257877349854
0 2 7 13 6 3 0 2 7 0 2 7 0 2 7 0 2 7 5 31 3 1 2 7 12 16 2 1 2 7 0 2 7 1 2 7 1 2 7 0 2 7 1 2 7 0 2 7 17 18 2 0 2 7 5 30 3 17 9 2 0 20.2646257877349854
0 2 11 0 2 3 1 2 4 5 30 3 0 2 3 0 2 3 8 18 2 0 2 11 16 19 11 1 2 4 1 2 7 5 30 3 0 2 7 1 2 7 0 2 7 0 2 7 17 9 2 0 2 7 12 16 2 12 16 2 0 21.4193998575210571
0 2 7 1 2 4 0 2 7 5 31 3 0 2 7 0 2 7 16 6 2 0 2 7 1 2 7 12 16 2 0 2 7 5 31 3 0 2 7 1 2 7 0 2 7 0 2 7 6 2 7 1 2 4 0 2 7 17 18 2 0 20.4595978856086731
0 2 7 0 2 3 5 30 3 0 2 3 0 2 3 0 2 3 1 2 8 0 2 3 0 2 7 5 31 3 0 2 8 0 2 8 1 2 8 0 2 7 16 6 2 0 2 8 5 30 3 9 2 7 16 19 12 0 2 7 0.000143891273776381768 22.2986990213394165
0 2 7 13 6 3 0 2 7 0 2 7 0 2 7 0 2 7 5 31 3 1 2 7 12 16 2 1 2 7 0 2 7 1 2 7 1 2 7 0 2 7 1 2 7 0 2 7 17 18 2 0 2 7 5 30 3 17 9 2 0 20.2646257877349854
0 2 7 0 2 11 6 2 7 5 31 3 0 2 10 1 2 11 5 30 3 0 2 7 17 18 2 0 2 11 0 2 11 0 2 7 1 2 7 0 2 11 0 2 7 0 2 7 17 18 2 6 2 7 5 30 3 12 16 2 0 21.392598032951355
0 2 7 13 6 3 0 2 7 0 2 7 0 2 7 0 2 7 5 31 3 1 2 7 12 16 2 1 2 7 0 2 7 1 2 7 1 2 7 0 2 7 1 2 7 0 2 7 17 18 2 0 2 7 5 30 3 17 9 2 0 20.2646257877349854
0 2 11 0 2 3 1 2 4 5 30 3 0 2 3 0 2 3 8 18 2 0 2 11 16 19 11 1 2 4 1 2 7 5 30 3 0 2 7 1 2 7 0 2 7 0 2 7 17 9 2 0 2 7 12 16 2 12 16 2 0 21.4193998575210571
0 2 7 12 16 2 0 2 7 16 31 2 1 2 7 0 2 7 5 30 3 0 2 3 16 6 2 0 2 7 0 2 7 0 2 7 1 2 3 0 2 7 0 2 4 1 2 7 0 2 3 1 2 7 5 31 3 12 16 2 0 20.7824867963790894
0 2 7 13 6 3 0 2 7 0 2 7 0 2 7 0 2 7 5 31 3 1 2 7 12 16 2 1 2 7 0 2 7 1 2 7 1 2 7 0 2 7 1 2 7 0 2 7 17 18 2 0 2 7 5 30 3 17 9 2 0 20.2646257877349854
0 2 3 1 2 3 0 2 3 5 30 3 0 2 3 0 2 11 5 30 3 0 2 3 12 16 2 1 2 3 16 9 12 12 16 2 0 2 11 0 2 11 16 19 11 0 2 12 8 18 2 0 2 7 1 2 3 12 16 2 0 22.37117600440979
0 2 7 1 2 7 0 2 4 5 31 3 0 2 7 0 2 7 16 6 2 1 2 7 12 16 2 6 2 7 0 2 7 5 31 3 0 2 7 0 2 7 0 2 7 0 2 7 1 2 7 0 2 7 1 2 4 17 18 2 0 20.4595978856086731
0 2 7 13 6 3 0 2 7 0 2 7 0 2 7 0 2 7 5 31 3 1 2 7 12 16 2 1 2 7 0 2 7 1 2 7 1 2 7 0 2 7 1 2 7 0 2 7 17 18 2 0 2 7 5 30 3 17 9 2 0 20.2646257877349854
0 2 7 13 6 3 0 2 7 0 2 7 0 2 7 0 2 7 5 31 3 1 2 7 12 16 2 1 2 7 0 2 7 1 2 7 1 2 7 0 2 7 1 2 7 0 2 7 17 18 2 0 2 7 5 30 3 17 9 2 0 20.2646257877349854
0 2 7 13 6 3 0 2 7 0 2 7 0 2 7 0 2 7 5 31 3 1 2 7 12 16 2 1 2 7 0 2 7 1 2 7 1 2 7 0 2 7 1 2 7 0 2 7 17 18 2 0 2 7 5 30 3 17 9 2 0 20.2646257877349854
0 2 7 12 16 2 16 6 2 5 30 3 0 2 7 0 2 11 8 18 2 0 2 3 12 16 2 0 2 4 0 2 7 1 2 7 1 2 7 13 6 3 0 2 7 0 2 7 17 9 2 1 2 7 5 30 3 12 16 2 0 20.6301087141036987
0 2 3 1 2 3 0 2 3 5 30 3 0 2 3 0 2 11 5 30 3 0 2 3 12 16 2 1 2 3 16 9 12 12 16 2 0 2 11 0 2 11 16 19 11 0 2 12 8 18 2 0 2 7 1 2 3 12 16 2 0 22.37117600440979
13 6 3 0 2 7 0 2 7 5 30 3 1 2 7 0 2 7 1 2 7 0 2 7 17 9 2 0 2 7 1 2 7 1 2 7 0 2 7 0 2 7 1 2 7 0 2 7 17 9 2 0 2 7 5 31 3 12 16 2 0 20.2646257877349854
13 6 3 0 2 7 0 2 7 5 30 3 1 2 7 0 2 7 1 2 7 0 2 7 17 9 2 0 2 7 1 2 7 1 2 7 0 2 7 0 2 7 1 2 7 0 2 7 17 9 2 0 2 7 5 31 3 12 16 2 0 20.2646257877349854
0 2 7 0 2 11 6 2 7 5 31 3 0 2 10 1 2 11 5 30 3 0 2 7 17 18 2 0 2 11 0 2 11 0 2 7 1 2 7 0 2 11 0 2 7 0 2 7 17 18 2 6 2 7 5 30 3 12 16 2 0 21.392598032951355
0 2 7 13 6 3 0 2 7 0 2 7 0 2 7 0 2 7 5 31 3 1 2 7 12 16 2 1 2 7 0 2 7 1 2 7 1 2 7 0 2 7 1 2 7 0 2 7 17 18 2 0 2 7 5 30 3 17 9 2 0 20.2646257877349854
13 6 3 0 2 7 0 2 7 5 30 3 1 2 7 0 2 7 1 2 7 0 2 7 17 9 2 0 2 7 1 2 7 1 2 7 0 2 7 0 2 7 1 2 7 0 2 7 17 9 2 0 2 7 5 31 3 12 16 2 0 20.2646257877349854
0 2 7 13 6 3 0 2 7 0 2 7 0 2 7 0 2 7 5 31 3 1 2 7 12 16 2 1 2 7 0 2 7 1 2 7 1 2 7 0 2 7 1 2 7 0 2 7 17 18 2 0 2 7 5 30 3 17 9 2 0 20.2646257877349854
0 2 7 12 16 2 0 2 7 16 31 2 1 2 7 0 2 7 5 30 3 0 2 3 16 6 2 0 2 7 0 2 7 0 2 7 1 2 3 0 2 7 0 2 4 1 2 7 0 2 3 1 2 7 5 31 3 12 16 2 0 20.7824867963790894
0 2 7 13 6 3 0 2 7 0 2 7 0 2 7 0 2 7 5 31 3 1 2 7 12 16 2 1 2 7 0 2 7 1 2 7 1 2 7 0 2 7 1 2 7 0 2 7 17 18 2 0 2 7 5 30 3 17 9 2 0 20.2646257877349854
13 6 3 0 2 7 0 2 7 5 30 3 1 2 7 0 2 7 1 2 7 0 2 7 17 9 2 0 2 7 1 2 7 1 2 7 0 2 7 0 2 7 1 2 7 0 2 7 17 9 2 0 2 7 5 31 3 12 16 2 0 20.2646257877349854
0 2 7 13 6 3 0 2 7 0 2 7 0 2 7 0 2 7 5 31 3 1 2 7 12 16 2 1 2 7 0 2 7 1 2 7 1 2 7 0 2 7 1 2 7 0 2 7 17 18 2 0 2 7 5 30 3 17 9 2 0 20.2646257877349854
0 2 7 0 2 11 6 2 7 5 31 3 0 2 10 1 2 11 5 30 3 0 2 7 17 18 2 0 2 11 0 2 11 0 2 7 1 2 7 0 2 11 0 2 7 0 2 7 17 18 2 6 2 7 5 30 3 12 16 2 0 21.392598032951355
0 2 7 13 6 3 0 2 7 0 2 7 0 2 7 0 2 7 5 31 3 1 2 7 12 16 2 1 2 7 0 2 7 1 2 7 1 2 7 0 2 7 1 2 7 0 2 7 17 18 2 0 2 7 5 30 3 17 9 2 0 20.2646257877349854
0 2 7 12 16 2 1 2 7 5 31 3 0 2 7 1 2 7 0 2 7 0 2 7 17 18 2 0 2 4 1 2 7 0 2 7 1 2 7 6 2 4 0 2 7 0 2 7 16 24 2 0 2 7 5 31 3 12 16 2 0 20.6492308974266052
0 2 7 13 6 3 0 2 7 0 2 7 0 2 7 0 2 7 5 31 3 1 2 7 12 16 2 1 2 7 0 2 7 1 2 7 1 2 7 0 2 7 1 2 7 0 2 7 17 18 2 0 2 7 5 30 3 17 9 2 0 20.2646257877349854
0 2 3 12 16 2 16 6 2 5 30 3 1 2 11 0 2 7 8 18 2 0 2 4 12 16 2 0 2 7 1 2 7 0 2 7 0 2 7 13 6 3 0 2 7 1 2 7 17 9 2 0 2 7 5 30 3 12 16 2 0 20.6301085948944092
0 2 3 1 2 3 0 2 3 5 30 3 0 2 3 0 2 11 5 30 3 0 2 3 12 16 2 1 2 3 16 9 12 12 16 2 0 2 11 0 2 11 16 19 11 0 2 12 8 18 2 0 2 7 1 2 3 12 16 2 0 22.37117600440979
13 6 3 0 2 7 0 2 7 5 30 3 1 2 7 0 2 7 1 2 7 0 2 7 17 9 2 0 2 7 1 2 7 1 2 7 0 2 7 0 2 7 1 2 7 0 2 7 17 9 2 0 2 7 5 31 3 12 16 2 0 20.2646257877349854
0 2 7 0 2 7 1 2 7 5 30 3 1 2 7 0 2 7 13 6 3 0 2 7 17 9 2 0 2 7 0 2 7 0 2 7 0 2 7 1 2 7 0 2 7 1 2 7 17 9 2 1 2 7 5 31 3 12 16 2 0 20.2646257877349854
13 6 3 1 2 7 0 2 7 5 31 3 0 2 7 1 2 7 5 30 3 1 2 7 17 18 2 0 2 7 1 2 7 0 2 7 1 2 7 0 2 7 0 2 7 0 2 7 17 18 2 0 2 7 0 2 7 12 16 2 0 20.2646257877349854
0 2 7 13 6 3 0 2 7 0 2 7 0 2 7 0 2 7 5 31 3 1 2 7 12 16 2 1 2 7 0 2 7 1 2 7 1 2 7 0 2 7 1 2 7 0 2 7 17 18 2 0 2 7 5 30 3 17 9 2 0 20.2646257877349854
0 2 3 1 2 3 0 2 3 5 30 3 0 2 3 0 2 11 5 30 3 0 2 3 12 16 2 1 2 3 16 9 12 12 16 2 0 2 11 0 2 11 16 19 11 0 2 12 8 18 2 0 2 7 1 2 3 12 16 2 0 22.37117600440979
6 2 4 0 2 7 0 2 7 5 31 3 0 2 4 1 2 7 1 2 7 0 2 7 17 9 2 0 2 7 1 2 7 0 2 7 0 2 7 0 2 7 0 2 7 1 2 7 16 6 2 0 2 7 5 31 3 12 16 2 0 20.4595978856086731
0 2 3 12 16 2 16 6 2 5 30 3 1 2 11 0 2 7 8 18 2 0 2 4 12 16 2 0 2 7 1 2 7 0 2 7 0 2 7 13 6 3 0 2 7 1 2 7 17 9 2 0 2 7 5 30 3 12 16 2 0 20.6301085948944092
13 6 3 1 2 7 0 2 7 5 31 3 0 2 7 1 2 7 5 30 3 1 2 7 17 18 2 0 2 7 1 2 7 0 2 7 1 2 7 0 2 7 0 2 7 0 2 7 17 18 2 0 2 7 0 2 7 12 16 2 0 20.2646257877349854
1 2 7 0 2 7 1 2 7 5 31 3 0 2 7 0 2 7 1 2 7 0 2 7 17 9 2 0 2 7 1 2 7 0 2 7 0 2 7 0 2 7 0 2 7 13 6 3 17 9 2 1 2 7 5 30 3 12 16 2 0 20.2646257877349854
0 2 7 0 2 12 0 2 7 5 31 3 6 2 7 0 2 7 5 30 3 1 2 7 17 18 2 0 2 7 0 2 12 13 6 3 0 2 11 1 2 7 1 2 12 0 2 7 17 18 2 0 2 7 5 30 3 12 16 2 0 20.9407139420509338
0 2 7 0 2 7 1 2 7 5 31 3 0 2 7 0 2 7 5 30 3 1 2 7 17 9 2 1 2 7 0 2 7 0 2 7 13 6 3 0 2 7 0 2 7 1 2 7 17 9 2 0 2 7 1 2 7 12 16 2 0 20.2646257877349854
0 2 7 0 2 7 1 2 7 5 30 3 0 2 7 1 2 7 13 6 3 0 2 7 17 9 2 1 2 7 0 2 7 0 2 7 0 2 7 0 2 7 0 2 7 1 2 7 17 9 2 1 2 7 5 31 3 12 16 2 0 20.2646257877349854
0 2 7 0 2 7 1 2 7 5 30 3 0 2 7 1 2 7 13 6 3 0 2 7 17 18 2 1 2 7 0 2 7 0 2 7 0 2 7 0 2 7 0 2 7 1 2 7 17 9 2 1 2 7 5 31 3 12 16 2 0 20.2646257877349854
0 2 7 0 2 7 1 2 7 5 30 3 0 2 7 1 2 7 13 6 3 1 2 7 17 9 2 1 2 7 0 2 7 0 2 7 0 2 7 0 2 7 0 2 7 0 2 7 17 18 2 1 2 7 5 31 3 12 16 2 0 20.2646257877349854
0 2 3 12 16 2 16 6 2 5 30 3 1 2 11 0 2 7 8 18 2 0 2 4 12 16 2 0 2 7 1 2 7 0 2 7 0 2 7 13 6 3 0 2 7 1 2 7 17 9 2 0 2 7 5 30 3 12 16 2 0 20.6301085948944092
0 2 7 0 2 7 1 2 7 5 30 3 0 2 7 1 2 7 13 6 3 0 2 7 17 18 2 1 2 7 0 2 7 0 2 7 0 2 7 0 2 7 0 2 7 1 2 7 17 9 2 1 2 7 5 31 3 12 16 2 0 20.2646257877349854
0 2 7 0 2 7 1 2 7 5 30 3 0 2 7 1 2 7 13 6 3 0 2 7 17 9 2 1 2 7 0 2 7 0 2 7 0 2 7 0 2 7 0 2 7 1 2 7 17 9 2 1 2 7 5 31 3 12 16 2 0 20.2646257877349854
6 2 4 0 2 7 0 2 7 5 31 3 0 2 4 1 2 7 1 2 7 0 2 7 17 9 2 0 2 7 1 2 7 0 2 7 0 2 7 0 2 7 0 2 7 1 2 7 16 6 2 0 2 7 5 31 3 12 16 2 0 20.4595978856086731
0 2 3 1 2 3 0 2 3 5 30 3 0 2 3 0 2 11 5 30 3 0 2 3 12 16 2 1 2 3 16 9 12 12 16 2 0 2 11 0 2 11 16 19 11 0 2 12 8 18 2 0 2 7 1 2 3 12 16 2 0 22.37117600440979
0 2 7 0 2 12 0 2 7 5 31 3 6 2 7 0 2 7 5 30 3 1 2 7 17 18 2 0 2 7 0 2 12 13 6 3 0 2 11 1 2 7 1 2 12 0 2 7 17 18 2 0 2 7 5 30 3 12 16 2 0 20.9407139420509338
0 2 7 0 2 7 1 2 7 5 30 3 0 2 7 1 2 7 13 6 3 0 2 7 17 9 2 1 2 7 0 2 7 0 2 7 0 2 7 0 2 7 0 2 7 1 2 7 17 9 2 1 2 7 5 31 3 12 16 2 0 20.2646257877349854
0 2 7 13 6 3 1 2 7 5 31 3 0 2 7 1 2 7 1 2 7 0 2 7 17 9 2 0 2 7 1 2 7 0 2 7 0 2 7 0 2 7 0 2 7 0 2 7 17 18 2 1 2 7 5 30 3 12 16 2 0 20.2646257877349854
0 2 7 1 2 7 1 2 7 17 18 2 0 2 7 5 31 3 0 2 7 1 2 7 0 2 7 0 2 7 0 2 7 1 2 7 1 2 7 0 2 7 13 6 3 0 2 7 17 18 2 0 2 7 5 30 3 12 16 2 0 20.2646257877349854
0 2 7 0 2 7 0 2 7 0 2 7 0 2 7 5 31 3 17 9 2 0 2 7 1 2 7 1 2 7 0 2 7 1 2 7 1 2 7 1 2 7 13 6 3 0 2 7 17 9 2 0 2 7 5 30 3 12 16 2 0 20.2646257877349854
0 2 7 0 2 7 0 2 7 0 2 7 0 2 7 5 31 3 17 9 2 0 2 7 1 2 7 1 2 7 0 2 7 1 2 7 1 2 7 1 2 7 13 6 3 0 2 7 17 9 2 0 2 7 5 30 3 12 16 2 0 20.2646257877349854
0 2 3 1 2 3 0 2 3 5 30 3 0 2 3 0 2 11 5 30 3 0 2 3 12 16 2 1 2 3 16 9 12 12 16 2 0 2 11 0 2 11 16 19 11 0 2 12 8 18 2 0 2 7 1 2 3 12 16 2 0 22.37117600440979
0 2 4 0 2 7 1 2 7 5 31 3 0 2 7 1 2 7 6 2 7 0 2 4 17 9 2 0 2 7 1 2 7 0 2 7 0 2 7 0 2 7 0 2 7 1 2 7 16 6 2 0 2 7 5 31 3 12 16 2 0 20.4595978856086731
0 2 7 0 2 12 0 2 7 5 31 3 6 2 7 0 2 7 5 30 3 1 2 7 17 18 2 0 2 7 0 2 12 13 6 3 0 2 11 1 2 7 1 2 12 0 2 7 17 18 2 0 2 7 5 30 3 12 16 2 0 20.9407139420509338
0 2 7 0 2 7 0 2 7 0 2 7 0 2 7 5 31 3 17 9 2 0 2 7 1 2 7 1 2 7 0 2 7 1 2 7 1 2 7 1 2 7 13 6 3 0 2 7 17 9 2 0 2 7 5 30 3 12 16 2 0 20.2646257877349854
0 2 3 12 16 2 16 6 2 5 30 3 1 2 11 0 2 7 8 18 2 0 2 4 12 16 2 0 2 7 1 2 7 0 2 7 0 2 7 13 6 3 0 2 7 1 2 7 17 9 2 0 2 7 5 30 3 12 16 2 0 20.6301085948944092
0 2 7 13 6 3 1 2 7 5 31 3 0 2 7 1 2 7 1 2 7 0 2 7 17 9 2 0 2 7 1 2 7 0 2 7 0 2 7 0 2 7 0 2 7 0 2 7 17 18 2 1 2 7 5 30 3 12 16 2 0 20.2646257877349854
0 2 7 13 6 3 1 2 7 5 31 3 0 2 7 1 2 7 1 2 7 0 2 7 17 9 2 0 2 7 1 2 7 0 2 7 0 2 7 0 2 7 0 2 7 0 2 7 17 18 2 1 2 7 5 30 3 12 16 2 0 20.2646257877349854
0 2 7 0 2 7 0 2 7 0 2 7 0 2 7 5 31 3 17 9 2 0 2 7 1 2 7 1 2 7 0 2 7 1 2 7 1 2 7 1 2 7 13 6 3 0 2 7 17 9 2 0 2 7 5 30 3 12 16 2 0 20.2646257877349854
0 2 7 0 2 7 0 2 7 0 2 7 0 2 7 5 31 3 17 9 2 0 2 7 1 2 7 1 2 7 0 2 7 1 2 7 1 2 7 1 2 7 13 6 3 0 2 7 17 9 2 0 2 7 5 30 3 12 16 2 0 20.2646257877349854
0 2 7 0 2 12 0 2 7 5 31 3 6 2 7 0 2 7 5 30 3 1 2 7 17 18 2 0 2 7 0 2 12 13 6 3 0 2 11 1 2 7 1 2 12 0 2 7 17 18 2 0 2 7 5 30 3 12 16 2 0 20.9407139420509338
0 2 7 0 2 7 0 2 7 0 2 7 0 2 7 5 31 3 17 9 2 0 2 7 1 2 7 1 2 7 0 2 7 1 2 7 1 2 7 1 2 7 13 6 3 0 2 7 17 9 2 0 2 7 5 30 3 12 16 2 0 20.2646257877349854
0 2 4 0 2 7 1 2 7 5 31 3 0 2 7 1 2 7 6 2 7 0 2 4 17 9 2 0 2 7 1 2 7 0 2 7 0 2 7 0 2 7 0 2 7 1 2 7 16 6 2 0 2 7 5 31 3 12 16 2 0 20.4595978856086731
0 2 3 1 2 3 0 2 3 5 30 3 0 2 3 0 2 11 5 30 3 0 2 3 12 16 2 1 2 3 16 9 12 12 16 2 0 2 11 0 2 11 16 19 11 0 2 12 8 18 2 0 2 7 1 2 3 12 16 2 0 22.37117600440979
0 2 7 13 6 3 1 2 7 5 31 3 0 2 7 1 2 7 1 2 7 0 2 7 17 9 2 0 2 7 1 2 7 0 2 7 0 2 7 0 2 7 0 2 7 0 2 7 17 18 2 1 2 7 5 30 3 12 16 2 0 20.2646257877349854
0 2 3 12 16 2 16 6 2 5 30 3 1 2 11 0 2 7 8 18 2 0 2 4 12 16 2 0 2 7 1 2 7 0 2 7 0 2 7 13 6 3 0 2 7 1 2 7 17 9 2 0 2 7 5 30 3 12 16 2 0 20.6301085948944092
0 2 7 13 6 3 1 2 7 5 31 3 0 2 7 1 2 7 1 2 7 0 2 7 17 9 2 0 2 7 1 2 7 0 2 7 0 2 7 0 2 7 0 2 7 0 2 7 17 18 2 1 2 7 5 30 3 12 16 2 0 20.2646257877349854
0 2 7 0 2 7 0 2 7 0 2 7 0 2 7 5 31 3 17 9 2 0 2 7 1 2 7 1 2 7 0 2 7 1 2 7 1 2 7 1 2 7 13 6 3 0 2 7 17 9 2 0 2 7 5 30 3 12 16 2 0 20.2646257877349854
0 2 7 0 2 7 0 2 7 5 31 3 1 2 7 0 2 7 5 30 3 1 2 7 17 18 2 0 2 7 0 2 7 13 6 3 0 2 7 1 2 7 1 2 7 0 2 7 17 18 2 0 2 7 1 2 7 12 16 2 0 20.2646257877349854
0 2 3 12 16 2 16 6 2 5 30 3 1 2 11 0 2 7 8 18 2 0 2 4 12 16 2 0 2 7 1 2 7 0 2 7 0 2 7 13 6 3 0 2 7 1 2 7 17 9 2 0 2 7 5 30 3 12 16 2 0 20.6301085948944092
0 2 7 1 2 7 0 2 7 5 31 3 1 2 7 0 2 7 5 30 3 1 2 7 17 18 2 0 2 7 0 2 7 13 6 3 0 2 7 1 2 7 0 2 7 0 2 7 17 18 2 0 2 7 1 2 7 12 16 2 0 20.2646257877349854
0 2 7 0 2 7 0 2 7 0 2 7 0 2 7 5 31 3 17 9 2 0 2 7 1 2 7 1 2 7 0 2 7 1 2 7 1 2 7 1 2 7 13 6 3 0 2 7 17 9 2 0 2 7 5 30 3 12 16 2 0 20.2646257877349854
0 2 3 1 2 3 0 2 3 5 30 3 0 2 3 0 2 11 5 30 3 0 2 3 12 16 2 1 2 3 16 9 12 12 16 2 0 2 11 0 2 11 16 19 11 0 2 12 8 18 2 0 2 7 1 2 3 12 16 2 0 22.37117600440979
0 2 7 0 2 7 0 2 7 5 31 3 1 2 7 0 2 7 1 2 7 1 2 7 17 18 2 0 2 7 0 2 7 13 6 3 0 2 7 1 2 7 1 2 7 0 2 7 17 18 2 0 2 7 5 30 3 12 16 2 0 20.2646257877349854
0 2 4 0 2 7 1 2 7 5 31 3 0 2 7 1 2 7 6 2 7 0 2 4 17 9 2 0 2 7 1 2 7 0 2 7 0 2 7 0 2 7 0 2 7 1 2 7 16 6 2 0 2 7 5 31 3 12 16 2 0 20.4595978856086731
0 2 7 0 2 12 0 2 7 5 31 3 6 2 7 0 2 7 5 30 3 1 2 7 17 18 2 0 2 7 0 2 12 13 6 3 0 2 11 1 2 7 1 2 12 0 2 7 17 18 2 0 2 7 5 30 3 12 16 2 0 20.9407139420509338
0 2 7 0 2 7 0 2 7 0 2 7 0 2 7 5 31 3 17 9 2 0 2 7 1 2 7 1 2 7 0 2 7 1 2 7 1 2 7 1 2 7 13 6 3 0 2 7 17 9 2 0 2 7 5 30 3 12 16 2 0 20.2646257877349854
0 2 7 0 2 7 0 2 7 0 2 7 0 2 7 5 31 3 17 9 2 0 2 7 1 2 7 1 2 7 0 2 7 1 2 7 1 2 7 1 2 7 13 6 3 0 2 7 17 9 2 0 2 7 5 30 3 12 16 2 0 20.2646257877349854
0 2 7 0 2 7 0 2 7 0 2 7 0 2 7 5 31 3 17 9 2 0 2 7 1 2 7 1 2 7 0 2 7 1 2 7 1 2 7 1 2 7 13 6 3 0 2 7 17 9 2 0 2 7 5 30 3 12 16 2 0 20.2646257877349854
0 2 7 1 2 7 0 2 7 0 2 7 5 31 3 0 2 7 17 9 2 0 2 7 1 2 7 0 2 7 1 2 7 13 6 3 0 2 7 1 2 7 0 2 7 0 2 7 17 9 2 1 2 7 5 30 3 12 16 2 0 20.2646257877349854
0 2 3 12 16 2 16 6 2 5 30 3 1 2 11 0 2 7 8 18 2 0 2 4 12 16 2 0 2 7 1 2 7 0 2 7 0 2 7 13 6 3 0 2 7 1 2 7 17 9 2 0 2 7 5 30 3 12 16 2 0 20.6301085948944092
0 2 7 0 2 7 0 2 7 5 31 3 1 2 7 0 2 7 1 2 7 1 2 7 17 18 2 0 2 7 0 2 7 13 6 3 0 2 7 1 2 7 1 2 7 0 2 7 17 18 2 0 2 7 5 30 3 12 16 2 0 20.2646257877349854
0 2 3 1 2 3 0 2 3 5 30 3 0 2 3 0 2 11 5 30 3 0 2 3 12 16 2 1 2 3 16 9 12 12 16 2 0 2 11 0 2 11 16 19 11 0 2 12 8 18 2 0 2 7 1 2 3 12 16 2 0 22.37117600440979
0 2 7 0 2 7 0 2 7 0 2 7 0 2 7 0 2 7 17 18 2 0 2 7 17 9 2 1 2 7 1 2 7 13 6 3 1 2 7 5 30 3 1 2 7 1 2 7 0 2 7 0 2 7 5 31 3 12 16 2 0 20.2646257877349854
0 2 7 0 2 7 0 2 7 5 31 3 1 2 7 0 2 7 1 2 7 1 2 7 17 18 2 0 2 7 0 2 7 13 6 3 0 2 7 1 2 7 1 2 7 0 2 7 17 18 2 0 2 7 5 30 3 12 16 2 0 20.2646257877349854
0 2 7 0 2 12 0 2 7 5 31 3 6 2 7 0 2 7 5 30 3 1 2 7 17 18 2 0 2 7 0 2 12 13 6 3 0 2 11 1 2 7 1 2 12 0 2 7 17 18 2 0 2 7 5 30 3 12 16 2 0 20.9407139420509338
0 2 4 0 2 7 1 2 7 5 31 3 0 2 7 1 2 7 6 2 7 0 2 4 17 9 2 0 2 7 1 2 7 0 2 7 0 2 7 0 2 7 0 2 7 1 2 7 16 6 2 0 2 7 5 31 3 12 16 2 0 20.4595978856086731
0 2 7 0 2 7 0 2 7 5 31 3 1 2 7 0 2 7 1 2 7 1 2 7 17 18 2 0 2 7 0 2 7 13 6 3 0 2 7 1 2 7 1 2 7 0 2 7 17 18 2 0 2 7 5 30 3 12 16 2 0 20.2646257877349854
1 2 7 0 2 7 13 6 3 5 31 3 1 2 7 0 2 7 0 2 7 1 2 7 17 9 2 1 2 7 0 2 7 0 2 7 1 2 7 0 2 7 0 2 7 0 2 7 17 9 2 0 2 7 5 30 3 12 16 2 0 20.2646257877349854
1 2 7 1 2 7 0 2 7 5 30 3 0 2 7 1 2 7 0 2 7 0 2 7 17 9 2 0 2 7 1 2 7 13 6 3 0 2 7 0 2 7 0 2 7 0 2 7 17 9 2 1 2 7 5 31 3 12 16 2 0 20.2646257877349854
0 2 7 0 2 7 0 2 7 5 30 3 1 2 7 0 2 7 1 2 7 0 2 7 17 9 2 0 2 7 1 2 7 13 6 3 1 2 7 0 2 7 0 2 7 0 2 7 17 9 2 1 2 7 5 31 3 12 16 2 0 20.2646257877349854
1 2 7 0 2 7 12 16 2 5 30 3 0 2 7 0 2 7 17 9 2 0 2 11 12 16 2 0 2 7 1 2 7 0 2 7 0 2 4 13 6 3 1 2 7 1 2 7 16 31 2 0 2 7 5 30 3 12 16 2 0 20.4712057113647461
0 2 7 12 16 2 1 2 7 5 31 3 1 2 4 0 2 7 17 18 2 0 2 7 12 16 2 0 2 7 1 2 7 0 2 4 0 2 7 13 6 3 0 2 7 6 2 7 17 9 2 0 2 7 5 30 3 12 16 2 0 20.5670667290687561
1 2 7 0 2 7 13 6 3 5 30 3 1 2 7 0 2 7 0 2 7 0 2 7 17 18 2 1 2 7 1 2 7 0 2 7 0 2 7 0 2 7 1 2 7 0 2 7 17 9 2 0 2 7 5 31 3 12 16 2 0 20.2646257877349854
1 2 7 1 2 7 0 2 7 5 30 3 0 2 7 1 2 7 0 2 7 0 2 7 17 9 2 0 2 7 1 2 7 13 6 3 0 2 7 0 2 7 0 2 7 0 2 7 17 9 2 1 2 7 5 31 3 12 16 2 0 20.2646257877349854
0 2 3 1 2 3 0 2 3 5 30 3 0 2 3 0 2 11 5 30 3 0 2 3 12 16 2 1 2 3 16 9 12 12 16 2 0 2 11 0 2 11 16 19 11 0 2 12 8 18 2 0 2 7 1 2 3 12 16 2 0 22.37117600440979
6 2 7 0 2 7 0 2 7 5 31 3 0 2 7 1 2 7 1 2 7 0 2 7 16 6 2 1 2 7 0 2 7 0 2 4 0 2 7 17 18 2 0 2 7 1 2 4 0 2 7 0 2 7 5 31 3 12 16 2 0 20.4595978856086731
0 2 7 0 2 7 0 2 7 5 30 3 1 2 7 0 2 7 1 2 7 0 2 7 17 18 2 1 2 7 1 2 7 13 6 3 0 2 7 0 2 7 0 2 7 0 2 7 17 9 2 1 2 7 5 31 3 12 16 2 0 20.2646257877349854
0 2 7 0 2 7 0 2 7 5 30 3 1 2 7 0 2 7 1 2 7 0 2 7 17 18 2 1 2 7 1 2 7 13 6 3 0 2 7 0 2 7 0 2 7 0 2 7 17 9 2 1 2 7 5 31 3 12 16 2 0 20.2646257877349854
0 2 7 12 16 2 1 2 7 5 31 3 1 2 4 0 2 7 17 18 2 0 2 7 12 16 2 0 2 7 1 2 7 0 2 4 0 2 7 13 6 3 0 2 7 6 2 7 17 9 2 0 2 7 5 30 3 12 16 2 0 20.5670667290687561
0 2 7 0 2 7 0 2 7 5 30 3 1 2 7 0 2 7 1 2 7 0 2 7 17 18 2 1 2 7 1 2 7 13 6 3 0 2 7 0 2 7 0 2 7 0 2 7 17 9 2 1 2 7 5 31 3 12 16 2 0 20.2646257877349854
0 2 7 0 2 7 0 2 7 5 30 3 1 2 7 0 2 7 1 2 7 0 2 7 17 9 2 1 2 7 1 2 7 13 6 3 0 2 7 0 2 7 0 2 7 0 2 7 17 9 2 1 2 7 5 31 3 12 16 2 0 20.2646257877349854
0 2 7 0 2 7 0 2 7 5 30 3 1 2 7 0 2 7 1 2 7 0 2 7 17 18 2 1 2 7 1 2 7 13 6 3 0 2 7 0 2 7 0 2 7 0 2 7 17 9 2 1 2 7 5 31 3 12 16 2 0 20.2646257877349854
0 2 3 0 2 7 0 2 11 5 30 3 0 2 7 0 2 7 16 19 11 0 2 3 12 16 2 1 2 3 16 19 11 0 2 3 0 2 3 0 2 11 5 30 3 0 2 3 0 2 7 0 2 3 1 2 7 5 30 3 0 22.152154803276062
6 2 7 0 2 7 0 2 7 5 31 3 0 2 7 1 2 7 1 2 7 0 2 7 16 6 2 1 2 7 0 2 7 0 2 4 0 2 7 17 18 2 0 2 7 1 2 4 0 2 7 0 2 7 5 31 3 12 16 2 0 20.4595978856086731
1 2 7 0 2 7 12 16 2 5 30 3 0 2 7 0 2 7 17 9 2 0 2 11 12 16 2 0 2 7 1 2 7 0 2 7 0 2 4 13 6 3 1 2 7 1 2 7 16 31 2 0 2 7 5 30 3 12 16 2 0 20.4712057113647461
0 2 7 0 2 7 0 2 7 5 30 3 1 2 7 0 2 7 1 2 7 0 2 7 17 9 2 1 2 7 1 2 7 13 6 3 0 2 7 0 2 7 0 2 7 0 2 7 17 9 2 1 2 7 5 31 3 12 16 2 0 20.2646257877349854
1 2 7 0 2 7 0 2 7 5 30 3 1 2 7 1 2 7 1 2 7 0 2 7 17 9 2 1 2 7 0 2 7 0 2 7 0 2 7 17 18 2 0 2 7 13 6 3 0 2 7 0 2 7 5 31 3 12 16 2 0 20.2646257877349854
1 2 7 0 2 7 12 16 2 5 30 3 0 2 7 0 2 7 17 9 2 0 2 11 12 16 2 0 2 7 1 2 7 0 2 7 0 2 4 13 6 3 1 2 7 1 2 7 16 31 2 0 2 7 5 30 3 12 16 2 0 20.4712057113647461
0 2 7 0 2 7 0 2 7 5 30 3 1 2 7 1 2 7 1 2 7 0 2 7 17 9 2 1 2 7 0 2 7 13 6 3 0 2 7 17 18 2 0 2 7 1 2 7 0 2 7 0 2 7 5 31 3 12 16 2 0 20.2646257877349854
0 2 7 0 2 7 0 2 7 5 30 3 1 2 7 0 2 7 1 2 7 0 2 7 17 9 2 1 2 7 1 2 7 13 6 3 0 2 7 0 2 7 0 2 7 0 2 7 17 9 2 1 2 7 5 31 3 12 16 2 0 20.2646257877349854
6 2 7 0 2 7 0 2 7 5 31 3 0 2 7 1 2 7 1 2 7 0 2 7 16 6 2 1 2 7 0 2 7 0 2 4 0 2 7 17 18 2 0 2 7 1 2 4 0 2 7 0 2 7 5 31 3 12 16 2 0 20.4595978856086731
0 2 3 0 2 7 0 2 11 5 30 3 0 2 7 0 2 7 16 19 11 0 2 3 12 16 2 1 2 3 16 19 11 0 2 3 0 2 3 0 2 11 5 30 3 0 2 3 0 2 7 0 2 3 1 2 7 5 30 3 0 22.152154803276062
0 2 7 0 2 7 0 2 7 5 30 3 1 2 7 0 2 7 1 2 7 0 2 7 17 9 2 1 2 7 1 2 7 13 6 3 0 2 7 0 2 7 0 2 7 0 2 7 17 9 2 1 2 7 5 31 3 12 16 2 0 20.2646257877349854
0 2 7 0 2 7 0 2 7 5 30 3 1 2 7 0 2 7 1 2 7 0 2 7 17 9 2 1 2 7 1 2 7 13 6 3 0 2 7 0 2 7 0 2 7 0 2 7 17 9 2 1 2 7 5 31 3 12 16 2 0 20.2646257877349854
1 2 4 1 2 7 0 2 7 5 30 3 0 2 7 17 18 2 0 2 7 0 2 7 12 16 2 1 2 7 1 2 4 0 2 7 6 2 7 13 6 3 0 2 7 0 2 7 17 9 2 0 2 7 5 31 3 12 16 2 0 20.3487167954444885
0 2 7 0 2 7 0 2 7 5 30 3 1 2 7 0 2 7 1 2 7 0 2 7 17 9 2 1 2 7 1 2 7 13 6 3 0 2 7 0 2 7 0 2 7 0 2 7 17 9 2 1 2 7 5 31 3 12 16 2 0 20.2646257877349854
1 2 7 0 2 7 0 2 7 5 30 3 1 2 7 1 2 7 1 2 7 0 2 7 17 9 2 0 2 7 1 2 7 13 6 3 0 2 7 17 9 2 0 2 7 0 2 7 0 2 7 0 2 7 5 31 3 12 16 2 0 20.2646257877349854
1 2 4 1 2 7 0 2 7 5 30 3 0 2 7 17 18 2 0 2 7 0 2 7 12 16 2 1 2 7 1 2 4 0 2 7 6 2 7 13 6 3 0 2 7 0 2 7 17 9 2 0 2 7 5 31 3 12 16 2 0 20.3487167954444885
6 2 7 0 2 7 0 2 7 5 31 3 0 2 7 1 2 7 1 2 7 0 2 7 16 6 2 1 2 7 0 2 7 0 2 4 0 2 7 17 18 2 0 2 7 1 2 4 0 2 7 0 2 7 5 31 3 12 16 2 0 20.4595978856086731
1 2 7 0 2 7 12 16 2 5 30 3 0 2 7 0 2 7 17 9 2 0 2 11 12 16 2 0 2 7 1 2 7 0 2 7 0 2 4 13 6 3 1 2 7 1 2 7 16 31 2 0 2 7 5 30 3 12 16 2 0 20.4712057113647461
1 2 7 1 2 7 0 2 7 5 30 3 0 2 7 1 2 7 0 2 7 0 2 7 17 9 2 0 2 7 1 2 7 13 6 3 0 2 7 17 18 2 1 2 7 0 2 7 0 2 7 0 2 7 5 31 3 12 16 2 0 20.2646257877349854
0 2 7 1 2 7 0 2 7 5 30 3 0 2 7 1 2 7 0 2 7 0 2 7 17 9 2 1 2 7 0 2 7 13 6 3 0 2 7 17 18 2 1 2 7 0 2 7 0 2 7 1 2 7 5 31 3 12 16 2 0 20.2646257877349854
0 2 3 0 2 7 0 2 11 5 30 3 0 2 7 0 2 7 16 19 11 0 2 3 12 16 2 1 2 3 16 19 11 0 2 3 0 2 3 0 2 11 5 30 3 0 2 3 0 2 7 0 2 3 1 2 7 5 30 3 0 22.152154803276062
1 2 7 0 2 7 0 2 7 5 30 3 1 2 7 1 2 7 1 2 7 0 2 7 17 9 2 0 2 7 0 2 7 13 6 3 0 2 7 17 9 2 1 2 7 0 2 7 0 2 7 0 2 7 5 31 3 12 16 2 0 20.2646257877349854
1 2 7 1 2 7 0 2 7 5 30 3 0 2 7 1 2 7 0 2 7 0 2 7 17 9 2 0 2 7 1 2 7 13 6 3 0 2 7 17 18 2 1 2 7 0 2 7 0 2 7 0 2 7 5 31 3 12 16 2 0 20.2646257877349854
1 2 7 0 2 7 0 2 7 5 30 3 0 2 7 1 2 7 1 2 7 0 2 7 17 9 2 0 2 7 1 2 7 13 6 3 0 2 7 17 18 2 1 2 7 0 2 7 0 2 7 0 2 7 5 31 3 12 16 2 0 20.2646257877349854
1 2 7 0 2 7 1 2 7 5 31 3 0 2 7 0 2 7 1 2 7 0 2 7 17 9 2 0 2 7 1 2 7 13 6 3 0 2 7 17 18 2 0 2 7 0 2 7 0 2 7 1 2 7 5 30 3 12 16 2 0 20.2646257877349854
0 2 7 0 2 7 1 2 7 5 31 3 0 2 7 1 2 7 0 2 7 0 2 7 17 9 2 1 2 7 1 2 7 13 6 3 0 2 7 17 9 2 0 2 7 0 2 7 0 2 7 1 2 7 5 30 3 12 16 2 0 20.2646257877349854
0 2 3 0 2 3 1 2 3 5 30 3 0 2 3 0 2 3 0 2 3 0 2 4 1 2 3 0 2 3 16 9 11 0 2 3 0 2 7 16 15 2 0 2 3 1 2 4 12 16 2 0 2 7 5 30 3 12 16 2 0 21.7818148732185364
0 2 7 0 2 7 0 2 4 1 2 7 0 2 7 0 2 7 1 2 7 0 2 7 16 6 2 0 2 7 1 2 7 5 31 3 0 2 7 17 9 2 0 2 7 6 2 4 1 2 7 0 2 7 5 31 3 12 16 2 0 20.4595978856086731
1 2 7 0 2 7 12 16 2 5 30 3 0 2 7 0 2 7 17 9 2 0 2 11 12 16 2 0 2 7 1 2 7 0 2 7 0 2 4 13 6 3 1 2 7 1 2 7 16 31 2 0 2 7 5 30 3 12 16 2 0 20.4712057113647461
1 2 7 0 2 7 1 2 7 5 30 3 0 2 7 1 2 7 1 2 7 0 2 7 17 9 2 1 2 7 0 2 7 13 6 3 0 2 7 17 9 2 0 2 7 0 2 7 0 2 7 0 2 7 5 31 3 12 16 2 0 20.2646257877349854
1 2 7 0 2 7 0 2 7 5 30 3 0 2 7 1 2 7 1 2 7 0 2 7 17 9 2 1 2 7 0 2 7 13 6 3 1 2 7 17 18 2 0 2 7 0 2 7 0 2 7 0 2 7 5 31 3 12 16 2 0 20.2646257877349854
0 2 7 0 2 7 0 2 7 5 31 3 0 2 7 1 2 7 1 2 7 0 2 7 17 9 2 0 2 7 1 2 7 13 6 3 1 2 7 17 18 2 0 2 7 0 2 7 0 2 7 1 2 7 5 30 3 12 16 2 0 20.2646257877349854
1 2 4 1 2 7 0 2 7 5 30 3 0 2 7 17 18 2 0 2 7 0 2 7 12 16 2 1 2 7 1 2 4 0 2 7 6 2 7 13 6 3 0 2 7 0 2 7 17 9 2 0 2 7 5 31 3 12 16 2 0 20.3487167954444885
0 2 7 0 2 7 1 2 7 5 31 3 0 2 7 1 2 7 1 2 7 0 2 7 17 9 2 0 2 7 1 2 7 13 6 3 0 2 7 17 9 2 0 2 7 0 2 7 0 2 7 1 2 7 5 30 3 12 16 2 0 20.2646257877349854
1 2 7 0 2 7 1 2 7 5 31 3 0 2 7 1 2 7 0 2 7 0 2 7 17 9 2 0 2 7 1 2 7 13 6 3 0 2 7 17 9 2 0 2 7 0 2 7 0 2 7 1 2 7 5 30 3 12 16 2 0 20.2646257877349854
0 2 7 0 2 7 0 2 7 5 31 3 0 2 7 0 2 4 1 2 7 0 2 7 16 6 2 0 2 7 1 2 7 5 31 3 1 2 4 17 18 2 0 2 7 0 2 7 6 2 7 1 2 7 0 2 7 12 16 2 0 20.4595978856086731
1 2 7 0 2 7 0 2 7 5 31 3 0 2 7 1 2 7 1 2 7 0 2 7 17 9 2 1 2 7 0 2 7 13 6 3 0 2 7 17 18 2 0 2 7 0 2 7 0 2 7 1 2 7 5 30 3 12 16 2 0 20.2646257877349854
1 2 7 0 2 7 1 2 7 5 31 3 0 2 7 1 2 7 0 2 7 0 2 7 17 9 2 0 2 7 1 2 7 13 6 3 0 2 7 17 9 2 0 2 7 0 2 7 0 2 7 1 2 7 5 30 3 12 16 2 0 20.2646257877349854
1 2 7 0 2 7 1 2 7 5 31 3 0 2 7 1 2 7 0 2 7 0 2 7 17 9 2 0 2 7 1 2 7 13 6 3 0 2 7 17 18 2 0 2 7 0 2 7 0 2 7 1 2 7 5 30 3 12 16 2 0 20.2646257877349854
1 2 7 0 2 7 1 2 7 5 31 3 1 2 7 1 2 7 0 2 7 0 2 7 17 9 2 1 2 7 0 2 7 13 6 3 0 2 7 17 18 2 0 2 7 0 2 7 0 2 7 0 2 7 5 30 3 12 16 2 0 20.2646257877349854
0 2 3 0 2 3 1 2 3 5 30 3 0 2 3 0 2 3 0 2 3 0 2 4 1 2 3 0 2 3 16 9 11 0 2 3 0 2 7 16 15 2 0 2 3 1 2 4 12 16 2 0 2 7 5 30 3 12 16 2 0 21.7818148732185364
1 2 4 1 2 7 0 2 7 5 30 3 0 2 7 17 18 2 0 2 7 0 2 7 12 16 2 1 2 7 1 2 4 0 2 7 6 2 7 13 6 3 0 2 7 0 2 7 17 9 2 0 2 7 5 31 3 12 16 2 0 20.3487167954444885
1 2 7 0 2 7 12 16 2 5 30 3 0 2 7 0 2 7 17 9 2 0 2 11 12 16 2 0 2 7 1 2 7 0 2 7 0 2 4 13 6 3 1 2 7 1 2 7 16 31 2 0 2 7 5 30 3 12 16 2 0 20.4712057113647461
1 2 7 0 2 7 1 2 7 5 31 3 0 2 7 1 2 7 0 2 7 0 2 7 17 9 2 1 2 7 0 2 7 13 6 3 0 2 7 17 9 2 0 2 7 0 2 7 0 2 7 1 2 7 5 30 3 12 16 2 0 20.2646257877349854
1 2 7 0 2 7 1 2 7 5 31 3 0 2 7 1 2 7 1 2 7 0 2 7 17 9 2 0 2 7 0 2 7 13 6 3 0 2 7 17 18 2 0 2 7 0 2 7 0 2 7 1 2 7 5 30 3 12 16 2 0 20.2646257877349854
1 2 7 0 2 7 1 2 7 5 31 3 0 2 7 1 2 7 1 2 7 0 2 7 17 9 2 0 2 7 0 2 7 13 6 3 0 2 7 17 18 2 0 2 7 0 2 7 0 2 7 1 2 7 5 30 3 12 16 2 0 20.2646257877349854
1 2 7 0 2 7 1 2 7 5 31 3 0 2 7 1 2 7 1 2 7 0 2 7 17 9 2 0 2 7 0 2 7 13 6 3 0 2 7 17 18 2 0 2 7 0 2 7 0 2 7 1 2 7 5 30 3 12 16 2 0 20.2646257877349854
1 2 4 1 2 7 0 2 7 5 30 3 0 2 7 17 18 2 0 2 7 0 2 7 12 16 2 1 2 7 1 2 4 0 2 7 6 2 7 13 6 3 0 2 7 0 2 7 17 9 2 0 2 7 5 31 3 12 16 2 0 20.3487167954444885
0 2 3 0 2 3 1 2 3 5 30 3 0 2 3 0 2 3 0 2 3 0 2 4 1 2 3 0 2 3 16 9 11 0 2 3 0 2 7 16 15 2 0 2 3 1 2 4 12 16 2 0 2 7 5 30 3 12 16 2 0 21.7818148732185364
1 2 7 0 2 7 1 2 7 5 31 3 0 2 7 1 2 7 1 2 7 0 2 7 17 9 2 0 2 7 0 2 7 13 6 3 0 2 7 17 18 2 0 2 7 0 2 7 0 2 7 1 2 7 5 30 3 12 16 2 0 20.2646257877349854
0 2 7 0 2 7 0 2 7 5 31 3 0 2 7 0 2 7 12 16 2 0 2 7 17 18 2 0 2 7 0 2 7 0 2 7 1 2 7 6 2 4 1 2 7 0 2 4 16 6 2 1 2 7 5 31 3 1 2 7 0 20.4595978856086731
1 2 7 0 2 7 1 2 7 5 31 3 0 2 7 1 2 7 1 2 7 0 2 7 17 9 2 0 2 7 0 2 7 13 6 3 0 2 7 17 9 2 0 2 7 0 2 7 0 2 7 1 2 7 5 30 3 12 16 2 0 20.2646257877349854
1 2 7 0 2 7 12 16 2 5 30 3 0 2 7 0 2 7 17 9 2 0 2 11 12 16 2 0 2 7 1 2 7 0 2 7 0 2 4 13 6 3 1 2 7 1 2 7 16 31 2 0 2 7 5 30 3 12 16 2 0 20.4712057113647461
1 2 7 0 2 7 1 2 7 5 31 3 0 2 7 1 2 7 1 2 7 0 2 7 17 9 2 0 2 7 0 2 7 13 6 3 0 2 7 17 18 2 0 2 7 0 2 7 0 2 7 1 2 7 5 30 3 12 16 2 0 20.2646257877349854
1 2 7 0 2 7 1 2 7 5 31 3 0 2 7 1 2 7 1 2 7 0 2 7 17 9 2 0 2 7 0 2 7 13 6 3 0 2 7 17 9 2 0 2 7 0 2 7 0 2 7 1 2 7 5 30 3 12 16 2 0 20.2646257877349854
0 2 7 0 2 7 0 2 7 5 31 3 0 2 7 0 2 7 12 16 2 0 2 7 17 18 2 0 2 7 0 2 7 0 2 7 1 2 7 6 2 4 1 2 7 0 2 4 16 6 2 1 2 7 5 31 3 1 2 7 0 20.4595978856086731
1 2 7 0 2 7 1 2 7 5 31 3 0 2 7 1 2 7 1 2 7 0 2 7 17 9 2 0 2 7 0 2 7 13 6 3 0 2 7 17 9 2 0 2 7 0 2 7 0 2 7 1 2 7 5 30 3 12 16 2 0 20.2646257877349854
0 2 3 0 2 3 1 2 3 5 30 3 0 2 3 0 2 3 0 2 3 0 2 4 1 2 3 0 2 3 16 9 11 0 2 3 0 2 7 16 15 2 0 2 3 1 2 4 12 16 2 0 2 7 5 30 3 12 16 2 0 21.7818148732185364
1 2 7 0 2 7 1 2 7 5 31 3 0 2 7 1 2 7 1 2 7 0 2 7 17 9 2 0 2 7 0 2 7 13 6 3 0 2 7 17 9 2 0 2 7 0 2 7 0 2 7 1 2 7 5 30 3 12 16 2 0 20.2646257877349854
1 2 7 0 2 7 1 2 7 5 31 3 0 2 7 1 2 7 1 2 7 0 2 7 17 9 2 0 2 7 0 2 7 13 6 3 0 2 7 17 18 2 0 2 7 0 2 7 0 2 7 1 2 7 5 30 3 12 16 2 0 20.2646257877349854
1 2 7 0 2 7 1 2 7 5 31 3 0 2 7 1 2 7 1 2 7 0 2 7 17 9 2 0 2 7 0 2 7 13 6 3 0 2 7 17 18 2 0 2 7 0 2 7 0 2 7 1 2 7 5 30 3 12 16 2 0 20.2646257877349854
1 2 4 1 2 7 0 2 7 5 30 3 0 2 7 17 18 2 0 2 7 0 2 7 12 16 2 1 2 7 1 2 4 0 2 7 6 2 7 13 6 3 0 2 7 0 2 7 17 9 2 0 2 7 5 31 3 12 16 2 0 20.3487167954444885
1 2 7 0 2 7 12 16 2 5 30 3 0 2 7 0 2 7 17 9 2 0 2 11 12 16 2 0 2 7 1 2 7 0 2 7 0 2 4 13 6 3 1 2 7 1 2 7 16 31 2 0 2 7 5 30 3 12 16 2 0 20.4712057113647461
1 2 7 0 2 7 1 2 7 5 31 3 0 2 7 1 2 7 1 2 7 0 2 7 17 9 2 0 2 7 0 2 7 13 6 3 0 2 7 17 9 2 0 2 7 0 2 7 0 2 7 1 2 7 5 30 3 12 16 2 0 20.2646257877349854
1 2 7 0 2 7 1 2 7 5 31 3 0 2 7 1 2 7 1 2 7 0 2 7 17 9 2 0 2 7 0 2 7 13 6 3 0 2 7 17 18 2 0 2 7 0 2 7 0 2 7 1 2 7 5 30 3 12 16 2 0 20.2646257877349854
0 2 3 0 2 3 1 2 3 5 30 3 0 2 3 0 2 3 0 2 3 0 2 4 1 2 3 0 2 3 16 9 11 0 2 3 0 2 7 16 15 2 0 2 3 1 2 4 12 16 2 0 2 7 5 30 3 12 16 2 0 21.7818148732185364
1 2 7 0 2 7 1 2 7 5 31 3 0 2 7 1 2 7 1 2 7 0 2 7 17 9 2 0 2 7 0 2 7 13 6 3 0 2 7 17 9 2 0 2 7 0 2 7 0 2 7 1 2 7 5 30 3 12 16 2 0 20.2646257877349854
1 2 7 0 2 7 1 2 7 5 31 3 0 2 7 1 2 7 1 2 7 0 2 7 17 9 2 0 2 7 0 2 7 13 6 3 0 2 7 17 9 2 0 2 7 0 2 7 0 2 7 1 2 7 5 30 3 12 16 2 0 20.2646257877349854
1 2 7 0 2 7 1 2 7 5 31 3 0 2 7 1 2 7 1 2 7 0 2 7 17 9 2 0 2 7 0 2 7 13 6 3 0 2 7 17 18 2 0 2 7 0 2 7 0 2 7 1 2 7 5 30 3 12 16 2 0 20.2646257877349854
0 2 7 0 2 7 0 2 4 5 30 3 0 2 7 12 16 2 1 2 7 1 2 4 17 18 2 0 2 7 0 2 7 13 6 3 1 2 7 17 18 2 0 2 7 1 2 7 6 2 7 0 2 7 5 31 3 12 16 2 0 20.3487167954444885
0 2 7 0 2 7 1 2 7 5 30 3 0 2 7 1 2 7 1 2 7 0 2 7 17 18 2 0 2 7 1 2 7 13 6 3 0 2 7 17 18 2 0 2 7 0 2 7 0 2 7 1 2 7 5 31 3 12 16 2 0 20.2646257877349854
1 2 7 0 2 7 12 16 2 5 30 3 0 2 7 0 2 7 17 9 2 0 2 11 12 16 2 0 2 7 1 2 7 0 2 7 0 2 4 13 6 3 1 2 7 1 2 7 16 31 2 0 2 7 5 30 3 12 16 2 0 20.4712057113647461
0 2 7 0 2 7 12 16 2 5 30 3 0 2 7 6 2 7 0 2 7 0 2 7 17 18 2 0 2 4 0 2 7 13 6 3 0 2 7 17 18 2 1 2 7 1 2 7 1 2 4 1 2 7 5 31 3 12 16 2 0 20.3487167954444885
1 2 7 0 2 7 1 2 7 5 31 3 0 2 7 1 2 7 1 2 7 0 2 7 17 9 2 0 2 7 0 2 7 13 6 3 0 2 7 17 9 2 0 2 7 0 2 7 0 2 7 1 2 7 5 30 3 12 16 2 0 20.2646257877349854
MonoObjective Genetic Algorithm
Number of Evaluations = 0
Mutation Probability = 0
Crossover Probability = 1
Population Size = 10
Survival Selection Type = 5
Time =  3601.0184268951416
1 2 7 0 2 7 1 2 7 5 31 3 0 2 7 1 2 7 1 2 7 0 2 7 17 9 2 0 2 7 0 2 7 13 6 3 0 2 7 17 18 2 0 2 7 0 2 7 0 2 7 1 2 7 5 30 3 12 16 2 0 20.2646257877349854
0 2 3 0 2 3 1 2 3 5 30 3 0 2 3 0 2 3 0 2 3 0 2 4 1 2 3 0 2 3 16 9 11 0 2 3 0 2 7 16 15 2 0 2 3 1 2 4 12 16 2 0 2 7 5 30 3 12 16 2 0 21.7818148732185364
1 2 7 0 2 7 1 2 7 5 31 3 0 2 7 1 2 7 1 2 7 0 2 7 17 9 2 0 2 7 0 2 7 13 6 3 0 2 7 17 9 2 0 2 7 0 2 7 0 2 7 1 2 7 5 30 3 12 16 2 0 20.2646257877349854
1 2 7 0 2 7 1 2 7 5 31 3 0 2 7 1 2 7 1 2 7 0 2 7 17 9 2 0 2 7 0 2 7 13 6 3 0 2 7 17 9 2 0 2 7 0 2 7 0 2 7 1 2 7 5 30 3 12 16 2 0 20.2646257877349854
1 2 7 0 2 7 1 2 7 5 31 3 0 2 7 1 2 7 1 2 7 0 2 7 17 9 2 0 2 7 0 2 7 13 6 3 0 2 7 17 18 2 0 2 7 0 2 7 0 2 7 1 2 7 5 30 3 12 16 2 0 20.2646257877349854
0 2 7 0 2 7 0 2 4 5 30 3 0 2 7 12 16 2 1 2 7 1 2 4 17 18 2 0 2 7 0 2 7 13 6 3 1 2 7 17 18 2 0 2 7 1 2 7 6 2 7 0 2 7 5 31 3 12 16 2 0 20.3487167954444885
0 2 7 0 2 7 1 2 7 5 30 3 0 2 7 1 2 7 1 2 7 0 2 7 17 18 2 0 2 7 1 2 7 13 6 3 0 2 7 17 18 2 0 2 7 0 2 7 0 2 7 1 2 7 5 31 3 12 16 2 0 20.2646257877349854
1 2 7 0 2 7 12 16 2 5 30 3 0 2 7 0 2 7 17 9 2 0 2 11 12 16 2 0 2 7 1 2 7 0 2 7 0 2 4 13 6 3 1 2 7 1 2 7 16 31 2 0 2 7 5 30 3 12 16 2 0 20.4712057113647461
0 2 7 0 2 7 12 16 2 5 30 3 0 2 7 6 2 7 0 2 7 0 2 7 17 18 2 0 2 4 0 2 7 13 6 3 0 2 7 17 18 2 1 2 7 1 2 7 1 2 4 1 2 7 5 31 3 12 16 2 0 20.3487167954444885
1 2 7 0 2 7 1 2 7 5 31 3 0 2 7 1 2 7 1 2 7 0 2 7 17 9 2 0 2 7 0 2 7 13 6 3 0 2 7 17 9 2 0 2 7 0 2 7 0 2 7 1 2 7 5 30 3 12 16 2 0 20.2646257877349854
