0 2 4 0 2 7 17 1 2 17 9 2 0 2 7 0 2 7 8 18 2 0 2 7 17 9 2 0 2 7 0 2 7 12 16 2 1 2 4 5 30 3 16 19 11 0 2 4 0 2 7 6 2 7 0 2 7 5 30 3 17 18 2 16 19 11 0 2 7 0 2 7 8 18 2 16 6 2 1 2 7 0 2 7 0 2 7 5 31 3 1 2 7 0 2 7 1 2 7 1 2 7 1 2 7 5 30 3 0 2 7 1 2 7 0 2 3 1 2 7 1 2 7 0 2 7 1 2 7 0 2 7 0 2 7 0 2 7 12 16 2 0 2 7 5 31 3 0 2 7 0 2 7 12 16 2 1 2 7 5 30 3 0 2 7 0 2 7 0 2 4 5 30 3 0 2 3 0 2 7 0 62.2607472538948059
8 9 2 8 9 2 8 18 2 5 30 3 8 18 2 1 2 8 0 2 8 16 15 2 8 18 2 0 2 8 0 2 8 0 2 8 8 18 2 8 18 2 0 2 8 5 30 3 5 30 3 8 9 2 8 9 2 8 9 2 1 2 8 16 15 2 1 2 8 12 16 2 1 2 8 8 18 2 16 19 12 0 2 8 0 2 8 8 18 2 8 9 2 8 9 2 0 2 8 0 2 8 1 2 8 8 18 2 0 2 8 0 2 8 1 2 8 0 2 8 8 9 2 0 2 8 0 2 8 0 2 8 5 30 3 5 30 3 16 15 2 16 15 2 0 2 8 0 2 8 0 2 8 16 19 12 1 2 8 16 15 2 0 2 8 0 2 8 0 2 8 12 16 2 0 2 8 5 30 3 0.00780325752510632221 67.2631912231445312
0 2 7 0 2 3 0 2 7 8 9 2 1 2 7 0 2 3 0 2 3 5 31 3 0 2 7 0 2 7 1 2 7 0 2 7 0 2 7 8 18 2 5 30 3 0 2 7 5 30 3 5 30 3 1 2 7 1 2 7 0 2 7 16 6 2 0 2 7 0 2 7 0 2 7 0 2 7 5 30 3 1 2 7 16 9 11 16 9 11 0 2 7 0 2 7 5 30 3 0 2 3 17 9 2 17 18 2 5 30 3 1 2 7 12 16 2 1 2 11 16 19 11 1 2 7 0 2 7 0 2 7 0 2 3 1 2 7 0 2 3 0 2 3 0 2 4 0 2 3 0 2 3 1 2 7 5 30 3 6 2 7 0 2 3 16 15 2 0 2 7 0 2 3 12 16 2 0 2 7 0 63.3875033259391785
0 2 8 0 2 8 0 2 8 5 30 3 0 2 8 0 2 8 8 9 2 5 30 3 16 19 12 5 30 3 5 30 3 16 19 12 0 2 8 12 16 2 0 2 8 16 6 2 16 19 12 8 18 2 0 2 8 0 2 8 13 6 3 0 2 8 8 9 2 6 2 8 8 9 2 6 2 8 8 18 2 8 18 2 16 19 12 8 9 2 0 2 12 5 30 3 6 2 8 8 9 2 16 19 12 5 30 3 2 3 3 0 2 8 6 2 8 16 19 12 6 2 8 0 2 12 0 2 8 8 9 2 8 9 2 8 9 2 0 2 8 8 18 2 5 30 3 6 2 12 5 30 3 16 15 2 8 9 2 12 16 2 5 30 3 8 18 2 6 2 8 8 18 2 6 2 8 13 6 3 0.0638411721351627159 66.5384002923965454
0 2 7 0 2 7 0 2 3 16 18 11 1 2 3 0 2 7 0 2 3 12 16 2 16 19 11 0 2 7 0 2 7 0 2 7 0 2 7 0 2 7 5 31 3 0 2 3 5 30 3 0 2 7 1 2 7 0 2 7 17 18 2 16 6 2 1 2 7 0 2 7 1 2 7 8 9 2 5 30 3 12 16 2 0 2 3 5 30 3 13 6 3 0 2 7 8 18 2 0 2 3 1 2 7 12 16 2 0 2 3 1 2 3 0 2 3 0 2 7 12 16 2 0 2 3 0 2 7 0 2 3 0 2 11 0 2 3 16 6 2 1 2 7 5 30 3 0 2 7 0 2 7 1 2 7 16 6 2 5 30 3 1 2 3 16 6 2 5 30 3 0 2 7 0 2 7 5 30 3 0 63.0879712700843811
16 19 12 6 2 12 5 30 3 8 9 2 5 30 3 6 2 12 5 30 3 8 9 2 16 15 2 8 9 2 16 19 12 13 6 3 16 15 2 16 19 12 8 9 2 5 30 3 0 2 8 8 18 2 0 2 8 12 16 2 16 15 2 8 9 2 8 18 2 16 19 12 0 2 12 8 18 2 0 2 12 8 18 2 6 2 12 8 9 2 8 18 2 8 18 2 8 9 2 0 2 12 6 2 12 8 9 2 6 2 12 6 2 12 6 3 2 8 9 2 8 18 2 12 16 2 0 2 12 6 2 12 8 18 2 8 9 2 6 2 12 13 6 3 6 2 8 8 9 2 8 18 2 8 18 2 6 2 8 8 9 2 6 2 12 5 30 3 8 18 2 12 16 2 8 9 2 5 30 3 0.0773403830571129103 64.540840744972229
13 6 3 0 2 8 8 18 2 0 2 8 5 30 3 0 2 8 8 9 2 0 2 8 8 9 2 8 9 2 0 2 8 8 9 2 0 2 8 5 30 3 9 2 7 8 9 2 16 19 12 0 2 8 16 15 2 12 16 2 16 19 12 1 2 8 16 19 12 0 2 8 0 2 8 16 15 2 0 2 8 0 2 8 5 30 3 5 30 3 5 30 3 0 2 8 16 15 2 0 2 8 8 9 2 5 30 3 1 2 8 8 9 2 0 2 8 6 2 8 0 2 8 0 2 8 0 2 8 0 2 8 8 18 2 0 2 8 5 30 3 0 2 8 16 19 12 0 2 8 1 2 8 5 30 3 0 2 8 8 18 2 0 2 8 6 2 8 0 2 8 0 2 8 1 2 8 0 2 8 0.00448110147294627885 67.9484415054321289
0 2 3 0 2 3 0 2 7 5 30 3 0 2 7 0 2 3 1 2 7 0 2 7 16 6 2 0 2 3 0 2 3 12 16 2 0 2 3 0 2 7 16 19 11 1 2 7 1 2 3 0 2 7 0 2 7 5 30 3 5 30 3 16 18 11 12 16 2 1 2 3 8 9 2 5 30 3 16 9 11 1 2 3 0 2 3 1 2 7 1 2 3 1 2 3 0 2 4 0 2 7 0 2 7 16 30 2 1 2 7 0 2 3 1 2 3 0 2 3 12 16 2 0 2 3 1 2 3 0 2 3 0 2 7 0 2 4 16 6 2 16 19 11 5 31 3 0 2 3 0 2 7 12 16 2 0 2 3 5 30 3 0 2 3 0 2 7 5 30 3 0 2 7 0 2 7 0 2 3 0 64.2234615087509155
8 18 2 8 9 2 0 2 8 5 30 3 8 9 2 0 2 8 0 2 8 16 31 2 16 18 8 1 2 3 0 2 3 1 2 3 0 2 8 1 2 8 5 30 3 16 19 12 5 30 3 5 30 3 0 2 3 0 2 3 1 2 3 16 6 2 0 2 8 0 2 3 0 2 3 0 2 3 16 6 2 0 2 3 0 2 3 16 19 12 0 2 3 0 2 3 5 30 3 0 2 8 5 30 3 1 2 8 0 2 3 0 2 3 12 16 2 0 2 8 0 2 8 0 2 8 0 2 8 0 2 8 0 2 3 0 2 8 0 2 3 0 2 8 0 2 3 0 2 8 0 2 3 5 30 3 5 30 3 1 2 3 1 2 8 1 2 3 0 2 8 12 16 2 12 16 2 16 6 2 2.33501094336579677e-06 67.1102524995803833
0 2 7 0 2 7 17 18 2 16 18 11 1 2 7 0 2 7 0 2 7 0 2 7 8 9 2 0 2 7 0 2 7 12 16 2 0 2 7 5 31 3 16 19 11 0 2 7 1 2 7 1 2 7 1 2 7 5 30 3 17 18 2 16 19 11 1 2 7 1 2 7 1 2 7 16 6 2 0 2 7 1 2 7 1 2 7 5 31 3 5 31 3 0 2 7 1 2 7 0 2 10 0 2 3 5 30 3 0 2 3 1 2 7 0 2 3 0 2 7 0 2 7 0 2 7 0 2 7 0 2 3 0 2 7 0 2 7 16 30 2 0 2 7 5 30 3 0 2 7 0 2 7 12 16 2 0 2 3 5 30 3 0 2 7 6 2 7 0 2 7 5 30 3 0 2 7 0 2 4 0 62.7351723909378052
0 2 7 0 2 7 5 30 3 0 2 7 0 2 7 0 2 7 0 2 7 12 16 2 0 2 7 5 31 3 0 2 7 1 2 7 0 2 7 5 30 3 1 2 7 0 2 7 17 18 2 0 2 7 0 2 7 1 2 7 13 6 3 16 19 11 0 2 7 1 2 7 0 2 7 16 6 2 12 16 2 12 16 2 0 2 7 5 30 3 5 30 3 0 2 7 17 18 2 6 2 7 1 2 7 12 16 2 0 2 7 16 9 11 0 2 7 0 2 7 0 2 7 0 2 7 0 2 7 0 2 7 5 31 3 0 2 7 16 6 2 1 2 7 5 31 3 6 2 7 0 2 7 1 2 7 16 6 2 8 18 2 1 2 7 1 2 7 5 31 3 0 2 7 0 2 7 0 2 7 0 61.9512282013893127
12 16 2 0 2 3 0 2 3 0 2 3 5 30 3 0 2 7 0 2 7 0 2 3 6 2 3 5 31 3 0 2 3 0 2 7 0 2 3 5 30 3 0 2 7 0 2 7 16 9 11 0 2 7 0 2 7 0 2 3 16 19 11 1 2 3 16 19 11 0 2 7 0 2 7 16 30 2 16 9 11 12 16 2 1 2 3 5 30 3 5 30 3 0 2 7 16 6 2 0 2 7 0 2 3 1 2 7 0 2 7 5 30 3 1 2 7 1 2 7 1 2 7 0 2 7 0 2 3 0 2 3 1 2 7 0 2 7 5 31 3 0 2 3 16 19 11 12 16 2 1 2 3 0 2 7 0 2 3 1 2 3 0 2 7 0 2 7 5 30 3 0 2 3 0 2 7 0 2 7 0 64.3660273551940918
13 6 3 0 2 8 8 18 2 0 2 8 5 30 3 0 2 8 8 9 2 0 2 8 8 9 2 8 9 2 0 2 8 8 9 2 0 2 8 5 30 3 9 2 7 8 9 2 16 19 12 0 2 8 16 15 2 12 16 2 16 19 12 1 2 8 16 19 12 0 2 8 0 2 8 16 15 2 0 2 8 0 2 8 5 30 3 5 30 3 5 30 3 0 2 8 16 15 2 0 2 8 8 9 2 5 30 3 1 2 8 8 9 2 0 2 8 6 2 8 0 2 8 0 2 8 0 2 8 0 2 8 8 18 2 0 2 8 5 30 3 0 2 8 16 19 12 0 2 8 1 2 8 5 30 3 0 2 8 8 18 2 0 2 8 6 2 8 0 2 8 0 2 8 1 2 8 0 2 8 0.00448110147294627885 67.9484415054321289
16 19 12 6 2 12 5 30 3 8 9 2 5 30 3 6 2 12 5 30 3 8 9 2 16 15 2 8 9 2 16 19 12 13 6 3 16 15 2 16 19 12 8 9 2 5 30 3 0 2 8 8 18 2 0 2 8 12 16 2 16 15 2 8 9 2 8 18 2 16 19 12 0 2 12 8 18 2 0 2 12 8 18 2 6 2 12 8 9 2 8 18 2 8 18 2 8 9 2 0 2 12 6 2 12 8 9 2 6 2 12 6 2 12 6 3 2 8 9 2 8 18 2 12 16 2 0 2 12 6 2 12 8 18 2 8 9 2 6 2 12 13 6 3 6 2 8 8 9 2 8 18 2 8 18 2 6 2 8 8 9 2 6 2 12 5 30 3 8 18 2 12 16 2 8 9 2 5 30 3 0.0773403830571129103 64.540840744972229
8 9 2 8 9 2 8 18 2 5 30 3 8 18 2 1 2 8 0 2 8 16 15 2 8 18 2 0 2 8 0 2 8 0 2 8 8 18 2 8 18 2 0 2 8 5 30 3 5 30 3 8 9 2 8 9 2 8 9 2 1 2 8 16 15 2 1 2 8 12 16 2 1 2 8 8 18 2 16 19 12 0 2 8 0 2 8 8 18 2 8 9 2 8 9 2 0 2 8 0 2 8 1 2 8 8 18 2 0 2 8 0 2 8 1 2 8 0 2 8 8 9 2 0 2 8 0 2 8 0 2 8 5 30 3 5 30 3 16 15 2 16 15 2 0 2 8 0 2 8 0 2 8 16 19 12 1 2 8 16 15 2 0 2 8 0 2 8 0 2 8 12 16 2 0 2 8 5 30 3 0.00780325752510632221 67.2631912231445312
0 2 3 0 2 3 0 2 7 5 30 3 0 2 7 0 2 3 1 2 7 0 2 7 16 6 2 0 2 3 0 2 3 12 16 2 0 2 3 0 2 7 16 19 11 1 2 7 1 2 3 0 2 7 0 2 7 5 30 3 5 30 3 16 18 11 12 16 2 1 2 3 8 9 2 5 30 3 16 9 11 1 2 3 0 2 3 1 2 7 1 2 3 1 2 3 0 2 4 0 2 7 0 2 7 16 30 2 1 2 7 0 2 3 1 2 3 0 2 3 12 16 2 0 2 3 1 2 3 0 2 3 0 2 7 0 2 4 16 6 2 16 19 11 5 31 3 0 2 3 0 2 7 12 16 2 0 2 3 5 30 3 0 2 3 0 2 7 5 30 3 0 2 7 0 2 7 0 2 3 0 64.2234615087509155
0 2 7 0 2 7 5 30 3 0 2 7 0 2 7 0 2 7 0 2 7 12 16 2 0 2 7 5 31 3 0 2 7 1 2 7 0 2 7 5 30 3 1 2 7 0 2 7 17 18 2 0 2 7 0 2 7 1 2 7 13 6 3 16 19 11 0 2 7 1 2 7 0 2 7 16 6 2 12 16 2 12 16 2 0 2 7 5 30 3 5 30 3 0 2 7 17 18 2 6 2 7 1 2 7 12 16 2 0 2 7 16 9 11 0 2 7 0 2 7 0 2 7 0 2 7 0 2 7 0 2 7 5 31 3 0 2 7 16 6 2 1 2 7 5 31 3 6 2 7 0 2 7 1 2 7 16 6 2 8 18 2 1 2 7 1 2 7 5 31 3 0 2 7 0 2 7 0 2 7 0 61.9512282013893127
0 2 8 0 2 8 0 2 8 5 30 3 0 2 8 0 2 8 8 9 2 5 30 3 16 19 12 5 30 3 5 30 3 16 19 12 0 2 8 12 16 2 0 2 8 16 6 2 16 19 12 8 18 2 0 2 8 0 2 8 13 6 3 0 2 8 8 9 2 6 2 8 8 9 2 6 2 8 8 18 2 8 18 2 16 19 12 8 9 2 0 2 12 5 30 3 6 2 8 8 9 2 16 19 12 5 30 3 2 3 3 0 2 8 6 2 8 16 19 12 6 2 8 0 2 12 0 2 8 8 9 2 8 9 2 8 9 2 0 2 8 8 18 2 5 30 3 6 2 12 5 30 3 16 15 2 8 9 2 12 16 2 5 30 3 8 18 2 6 2 8 8 18 2 6 2 8 13 6 3 0.0638411721351627159 66.5384002923965454
0 2 7 0 2 7 8 18 2 16 20 12 1 2 7 0 2 7 0 2 3 0 2 7 8 9 2 0 2 7 0 2 7 12 16 2 0 2 7 5 31 3 16 19 11 0 2 7 1 2 7 1 2 7 1 2 7 5 31 3 17 18 2 16 19 11 1 2 7 0 2 7 1 2 7 16 6 2 0 2 7 1 2 7 1 2 7 5 30 3 5 31 3 0 2 7 0 2 7 0 2 7 0 2 3 5 30 3 0 2 7 0 2 7 0 2 7 0 2 7 0 2 7 0 2 7 0 2 3 0 2 7 1 2 3 0 2 7 16 6 2 0 2 7 5 30 3 1 2 7 0 2 7 12 16 2 0 2 7 5 30 3 0 2 7 1 2 7 0 2 7 5 30 3 17 18 2 0 2 7 0 62.605870246887207
0 2 7 0 2 7 5 30 3 0 2 7 0 2 7 0 2 7 0 2 7 12 16 2 0 2 7 5 31 3 0 2 7 1 2 7 0 2 7 5 30 3 1 2 7 0 2 7 17 18 2 0 2 7 0 2 7 1 2 7 13 6 3 16 19 11 0 2 7 1 2 7 0 2 7 16 6 2 12 16 2 12 16 2 0 2 7 5 30 3 5 30 3 0 2 7 17 18 2 6 2 7 1 2 7 12 16 2 0 2 7 16 9 11 0 2 7 0 2 7 0 2 7 0 2 7 0 2 7 0 2 7 5 31 3 0 2 7 16 6 2 1 2 7 5 31 3 6 2 7 0 2 7 1 2 7 16 6 2 8 18 2 1 2 7 1 2 7 5 31 3 0 2 7 0 2 7 0 2 7 0 61.9512282013893127
6 2 7 0 2 7 5 30 3 1 2 7 0 2 7 0 2 7 1 2 7 0 2 7 0 2 7 5 31 3 0 2 7 0 2 7 0 2 7 5 30 3 0 2 7 0 2 7 17 18 2 0 2 7 0 2 7 1 2 7 13 6 3 17 18 2 0 2 7 1 2 7 0 2 7 16 6 2 12 16 2 12 16 2 0 2 7 5 31 3 5 30 3 0 2 7 17 18 2 1 2 7 6 2 7 12 16 2 1 2 7 17 9 2 0 2 7 1 2 7 0 2 7 0 2 7 0 2 7 0 2 7 5 31 3 0 2 4 16 32 2 0 2 7 5 30 3 0 2 7 1 2 7 1 2 7 16 6 2 8 18 2 0 2 7 1 2 7 5 31 3 0 2 7 6 2 7 0 2 7 0 61.4442394375801086
16 19 12 6 2 12 5 30 3 8 9 2 5 30 3 6 2 12 5 30 3 8 9 2 16 15 2 8 9 2 16 19 12 13 6 3 16 15 2 16 19 12 8 9 2 5 30 3 0 2 8 8 18 2 0 2 8 12 16 2 16 15 2 8 9 2 8 18 2 16 19 12 0 2 12 8 18 2 0 2 12 8 18 2 6 2 12 8 9 2 8 18 2 8 18 2 8 9 2 0 2 12 6 2 12 8 9 2 6 2 12 6 2 12 6 3 2 8 9 2 8 18 2 12 16 2 0 2 12 6 2 12 8 18 2 8 9 2 6 2 12 13 6 3 6 2 8 8 9 2 8 18 2 8 18 2 6 2 8 8 9 2 6 2 12 5 30 3 8 18 2 12 16 2 8 9 2 5 30 3 0.0773403830571129103 64.540840744972229
8 9 2 8 9 2 8 18 2 5 30 3 8 18 2 1 2 8 0 2 8 16 15 2 8 18 2 0 2 8 0 2 8 0 2 8 8 18 2 8 18 2 0 2 8 5 30 3 5 30 3 8 9 2 8 9 2 8 9 2 1 2 8 16 15 2 1 2 8 12 16 2 1 2 8 8 18 2 16 19 12 0 2 8 0 2 8 8 18 2 8 9 2 8 9 2 0 2 8 0 2 8 1 2 8 8 18 2 0 2 8 0 2 8 1 2 8 0 2 8 8 9 2 0 2 8 0 2 8 0 2 8 5 30 3 5 30 3 16 15 2 16 15 2 0 2 8 0 2 8 0 2 8 16 19 12 1 2 8 16 15 2 0 2 8 0 2 8 0 2 8 12 16 2 0 2 8 5 30 3 0.00780325752510632221 67.2631912231445312
0 2 7 0 2 7 5 30 3 1 2 7 0 2 7 0 2 7 1 2 7 0 2 7 0 2 7 5 31 3 0 2 7 0 2 7 0 2 7 5 30 3 8 9 2 0 2 7 17 18 2 6 2 7 0 2 7 1 2 7 13 6 3 16 19 11 0 2 7 1 2 7 0 2 7 16 6 2 12 16 2 12 16 2 0 2 7 5 30 3 5 31 3 0 2 7 17 18 2 0 2 7 1 2 7 12 16 2 0 2 7 17 9 2 0 2 7 0 2 7 0 2 7 0 2 7 1 2 4 0 2 7 5 30 3 1 2 7 16 6 2 1 2 7 5 31 3 1 2 7 0 2 7 0 2 7 16 6 2 8 18 2 1 2 7 0 2 7 5 30 3 0 2 7 0 2 7 0 2 7 0 61.6926851868629456
0 2 8 0 2 8 0 2 8 5 30 3 0 2 8 0 2 8 8 9 2 5 30 3 16 19 12 5 30 3 5 30 3 16 19 12 0 2 8 12 16 2 0 2 8 16 6 2 16 19 12 8 18 2 0 2 8 0 2 8 13 6 3 0 2 8 8 9 2 6 2 8 8 9 2 6 2 8 8 18 2 8 18 2 16 19 12 8 9 2 0 2 12 5 30 3 6 2 8 8 9 2 16 19 12 5 30 3 2 3 3 0 2 8 6 2 8 16 19 12 6 2 8 0 2 12 0 2 8 8 9 2 8 9 2 8 9 2 0 2 8 8 18 2 5 30 3 6 2 12 5 30 3 16 15 2 8 9 2 12 16 2 5 30 3 8 18 2 6 2 8 8 18 2 6 2 8 13 6 3 0.0638411721351627159 66.5384002923965454
0 2 7 0 2 7 5 30 3 1 2 7 0 2 7 0 2 7 1 2 7 0 2 7 0 2 7 5 31 3 0 2 7 0 2 7 0 2 7 5 30 3 8 9 2 0 2 7 17 18 2 6 2 7 0 2 7 1 2 7 13 6 3 16 19 11 0 2 7 1 2 7 0 2 7 16 6 2 12 16 2 12 16 2 0 2 7 5 30 3 5 31 3 0 2 7 17 18 2 0 2 7 1 2 7 12 16 2 0 2 7 17 9 2 0 2 7 0 2 7 0 2 7 0 2 7 1 2 4 0 2 7 5 30 3 1 2 7 16 6 2 1 2 7 5 31 3 1 2 7 0 2 7 0 2 7 16 6 2 8 18 2 1 2 7 0 2 7 5 30 3 0 2 7 0 2 7 0 2 7 0 61.6926851868629456
0 2 7 0 2 7 5 30 3 0 2 7 1 2 7 0 2 7 0 2 7 12 16 2 0 2 7 5 31 3 0 2 7 0 2 7 0 2 7 5 30 3 0 2 7 0 2 7 17 18 2 0 2 7 1 2 7 6 2 7 13 6 3 16 15 2 0 2 11 1 2 7 0 2 7 16 6 2 12 16 2 12 16 2 0 2 7 5 30 3 5 30 3 0 2 7 17 18 2 6 2 7 6 2 7 12 16 2 0 2 7 17 9 2 0 2 7 0 2 7 0 2 4 0 2 7 0 2 7 0 2 7 5 31 3 0 2 7 16 6 2 0 2 7 5 31 3 1 2 7 0 2 7 1 2 7 16 24 2 8 18 2 6 2 7 1 2 7 5 31 3 0 2 7 1 2 7 0 2 4 0 61.714713454246521
1 2 7 0 2 7 16 19 11 1 2 4 8 9 2 1 2 3 0 2 4 0 2 7 16 6 2 1 2 3 1 2 4 0 2 7 0 2 7 5 30 3 0 2 3 1 2 3 17 9 2 0 2 4 1 2 7 16 9 11 0 2 3 0 2 7 1 2 3 12 16 2 0 2 7 16 6 2 5 31 3 0 2 4 16 6 2 12 16 2 0 2 7 0 2 7 17 18 2 0 2 7 0 2 7 12 16 2 15 2 11 0 2 7 0 2 7 0 2 3 5 31 3 1 2 7 0 2 4 0 2 7 5 30 3 0 2 3 0 2 3 12 16 2 1 2 7 1 2 3 0 2 3 1 2 7 0 2 7 5 30 3 0 2 7 0 2 7 1 2 3 1 2 7 0 2 4 0 2 3 0 62.6169355511665344
0 2 7 0 2 3 16 19 12 5 30 3 0 2 3 0 2 7 0 2 3 0 2 3 0 2 3 0 2 3 0 2 11 0 2 11 0 2 3 0 2 3 0 2 3 0 2 3 16 6 2 12 16 2 0 2 7 0 2 3 0 2 7 1 2 3 1 2 7 0 2 3 16 6 2 16 30 2 16 19 12 12 16 2 1 2 3 1 2 11 5 30 3 0 2 3 0 2 3 9 2 7 0 2 11 5 30 3 0 2 3 8 9 2 1 2 3 0 2 3 1 2 3 0 2 3 0 2 3 16 19 11 1 2 3 0 2 3 16 19 11 5 30 3 5 30 3 0 2 7 0 2 3 5 30 3 0 2 3 5 30 3 0 2 3 0 2 3 5 30 3 1 2 3 0 2 3 0 2 3 0 65.9590648412704468
0 2 7 0 2 7 5 30 3 0 2 7 0 2 7 0 2 7 0 2 7 0 2 7 0 2 7 5 31 3 0 2 7 1 2 4 0 2 7 5 30 3 1 2 7 0 2 7 17 18 2 0 2 4 0 2 7 1 2 7 13 6 3 16 19 11 6 2 7 1 2 7 0 2 7 16 6 2 12 16 2 12 16 2 0 2 7 5 30 3 5 30 3 15 2 11 17 18 2 1 2 7 1 2 7 12 16 2 0 2 7 17 9 2 0 2 7 0 2 7 0 2 7 1 2 7 0 2 7 0 2 7 5 30 3 0 2 7 16 6 2 1 2 7 5 31 3 0 2 7 0 2 7 1 2 7 16 6 2 8 18 2 0 2 7 0 2 7 5 31 3 0 2 7 6 2 7 0 2 7 0 61.675970196723938
0 2 7 0 2 7 5 30 3 0 2 4 0 2 7 0 2 4 0 2 7 0 2 7 0 2 7 5 30 3 1 2 4 0 2 7 0 2 7 5 31 3 0 2 7 1 2 11 17 18 2 1 2 7 0 2 7 1 2 4 13 6 3 1 2 7 0 2 7 0 2 7 1 2 7 17 9 2 12 16 2 12 16 2 0 2 7 8 9 2 5 30 3 0 2 7 17 18 2 1 2 7 13 6 3 12 16 2 0 2 7 17 9 2 0 2 7 1 2 4 1 2 7 1 2 11 1 2 7 0 2 7 5 30 3 0 2 7 16 6 2 0 2 7 5 30 3 1 2 11 0 2 7 1 2 7 16 6 2 8 18 2 0 2 7 0 2 7 5 30 3 0 2 7 0 2 7 17 9 2 0 61.0824280977249146
8 9 2 8 9 2 8 18 2 5 30 3 8 18 2 1 2 8 0 2 8 16 15 2 8 18 2 0 2 8 0 2 8 0 2 8 8 18 2 8 18 2 0 2 8 5 30 3 5 30 3 8 9 2 8 9 2 8 9 2 1 2 8 16 15 2 1 2 8 12 16 2 1 2 8 8 18 2 16 19 12 0 2 8 0 2 8 8 18 2 8 9 2 8 9 2 0 2 8 0 2 8 1 2 8 8 18 2 0 2 8 0 2 8 1 2 8 0 2 8 8 9 2 0 2 8 0 2 8 0 2 8 5 30 3 5 30 3 16 15 2 16 15 2 0 2 8 0 2 8 0 2 8 16 19 12 1 2 8 16 15 2 0 2 8 0 2 8 0 2 8 12 16 2 0 2 8 5 30 3 0.00780325752510632221 67.2631912231445312
0 2 7 0 2 7 5 30 3 1 2 7 0 2 7 0 2 7 0 2 7 1 2 7 0 2 7 5 30 3 0 2 7 0 2 11 0 2 4 5 30 3 0 2 7 0 2 7 17 18 2 0 2 7 0 2 7 1 2 7 13 6 3 0 2 7 1 2 7 0 2 7 1 2 7 17 1 2 12 16 2 12 16 2 0 2 7 8 9 2 5 31 3 0 2 7 17 18 2 1 2 7 1 2 7 12 16 2 0 2 7 17 9 2 0 2 7 1 2 7 1 2 7 0 2 4 1 2 7 6 2 3 5 31 3 0 2 7 16 6 2 0 2 7 5 30 3 0 2 7 1 2 7 1 2 7 16 6 2 8 18 2 0 2 7 0 2 7 5 30 3 0 2 4 0 2 7 17 9 2 0 61.3196953535079956
0 2 8 0 2 8 0 2 8 5 30 3 0 2 8 0 2 8 8 9 2 5 30 3 16 19 12 5 30 3 5 30 3 16 19 12 0 2 8 12 16 2 0 2 8 16 6 2 16 19 12 8 18 2 0 2 8 0 2 8 13 6 3 0 2 8 8 9 2 6 2 8 8 9 2 6 2 8 8 18 2 8 18 2 16 19 12 8 9 2 0 2 12 5 30 3 6 2 8 8 9 2 16 19 12 5 30 3 2 3 3 0 2 8 6 2 8 16 19 12 6 2 8 0 2 12 0 2 8 8 9 2 8 9 2 8 9 2 0 2 8 8 18 2 5 30 3 6 2 12 5 30 3 16 15 2 8 9 2 12 16 2 5 30 3 8 18 2 6 2 8 8 18 2 6 2 8 13 6 3 0.0638411721351627159 66.5384002923965454
0 2 7 0 2 7 5 30 3 0 2 7 1 2 7 0 2 7 0 2 7 12 16 2 0 2 7 5 31 3 0 2 7 0 2 7 0 2 7 5 30 3 0 2 7 0 2 7 17 18 2 0 2 7 1 2 7 6 2 7 13 6 3 16 15 2 0 2 11 1 2 7 0 2 7 16 6 2 12 16 2 12 16 2 0 2 7 5 30 3 5 30 3 0 2 7 17 18 2 6 2 7 6 2 7 12 16 2 0 2 7 17 9 2 0 2 7 0 2 7 0 2 4 0 2 7 0 2 7 0 2 7 5 31 3 0 2 7 16 6 2 0 2 7 5 31 3 1 2 7 0 2 7 1 2 7 16 24 2 8 18 2 6 2 7 1 2 7 5 31 3 0 2 7 1 2 7 0 2 4 0 61.714713454246521
0 2 3 0 2 3 5 30 3 0 2 3 5 31 3 0 2 3 5 30 3 0 2 7 0 2 8 5 30 3 1 2 8 0 2 3 0 2 3 0 2 3 0 2 8 0 2 8 16 6 2 0 2 7 0 2 8 1 2 3 16 6 2 0 2 8 16 19 12 0 2 7 0 2 3 1 2 7 12 16 2 1 2 8 0 2 3 1 2 3 5 30 3 0 2 7 0 2 3 0 2 8 16 19 12 12 16 2 0 2 3 16 19 11 0 2 3 0 2 7 0 2 7 0 2 3 1 2 3 0 2 3 5 30 3 8 9 2 16 6 2 0 2 3 5 31 3 0 2 3 0 2 3 0 2 7 16 6 2 9 2 7 0 2 7 0 2 3 0 2 7 1 2 7 0 2 7 5 30 3 0 65.7349019050598145
8 18 2 1 2 7 1 2 7 1 2 7 1 2 11 0 2 4 1 2 7 1 2 7 0 2 7 0 2 7 0 2 7 0 2 7 0 2 7 5 30 3 0 2 7 0 2 7 1 2 7 0 2 7 1 2 7 0 2 7 13 6 3 0 2 7 0 2 7 0 2 7 0 2 7 17 9 2 12 16 2 12 16 2 0 2 7 8 9 2 5 31 3 0 2 7 17 18 2 1 2 7 1 2 7 8 18 2 1 2 7 17 9 2 0 2 12 0 2 7 1 2 7 1 2 7 0 2 7 1 2 7 5 31 3 0 2 7 16 6 2 0 2 7 5 30 3 0 2 7 0 2 7 1 2 7 16 15 2 17 18 2 0 2 11 0 2 7 5 30 3 0 2 7 1 2 7 17 9 2 0 61.0935515165328979
16 19 12 6 2 12 5 30 3 8 9 2 5 30 3 6 2 12 5 30 3 8 9 2 16 15 2 8 9 2 16 19 12 13 6 3 16 15 2 16 19 12 8 9 2 5 30 3 0 2 8 8 18 2 0 2 8 12 16 2 16 15 2 8 9 2 8 18 2 16 19 12 0 2 12 8 18 2 0 2 12 8 18 2 6 2 12 8 9 2 8 18 2 8 18 2 8 9 2 0 2 12 6 2 12 8 9 2 6 2 12 6 2 12 6 3 2 8 9 2 8 18 2 12 16 2 0 2 12 6 2 12 8 18 2 8 9 2 6 2 12 13 6 3 6 2 8 8 9 2 8 18 2 8 18 2 6 2 8 8 9 2 6 2 12 5 30 3 8 18 2 12 16 2 8 9 2 5 30 3 0.0773403830571129103 64.540840744972229
0 2 7 0 2 7 5 30 3 0 2 4 0 2 7 0 2 4 0 2 7 0 2 7 0 2 7 5 30 3 1 2 4 0 2 7 0 2 7 5 31 3 0 2 4 0 2 7 17 18 2 1 2 7 0 2 4 1 2 7 13 6 3 1 2 7 0 2 7 0 2 7 1 2 7 17 9 2 12 16 2 12 16 2 0 2 7 8 9 2 5 30 3 0 2 7 17 18 2 1 2 7 13 6 3 12 16 2 0 2 7 17 9 2 0 2 7 1 2 7 1 2 7 1 2 11 1 2 7 0 2 7 5 30 3 1 2 7 16 6 2 0 2 7 5 30 3 1 2 11 0 2 7 1 2 7 16 6 2 8 18 2 0 2 7 0 2 7 5 30 3 0 2 11 0 2 7 17 9 2 0 61.0824282169342041
1 2 7 0 2 7 16 19 11 1 2 4 8 9 2 1 2 3 0 2 4 0 2 7 16 6 2 1 2 3 1 2 4 0 2 7 0 2 7 5 30 3 0 2 3 1 2 3 17 9 2 0 2 4 1 2 7 16 9 11 0 2 3 0 2 7 1 2 3 12 16 2 0 2 7 16 6 2 5 31 3 0 2 4 16 6 2 12 16 2 0 2 7 0 2 7 17 18 2 0 2 7 0 2 7 12 16 2 15 2 11 0 2 7 0 2 7 0 2 3 5 31 3 1 2 7 0 2 4 0 2 7 5 30 3 0 2 3 0 2 3 12 16 2 1 2 7 1 2 3 0 2 3 1 2 7 0 2 7 5 30 3 0 2 7 0 2 7 1 2 3 1 2 7 0 2 4 0 2 3 0 62.6169355511665344
0 2 7 0 2 7 5 30 3 0 2 7 6 2 7 0 2 4 0 2 7 0 2 7 0 2 7 5 30 3 1 2 4 0 2 7 0 2 7 5 31 3 0 2 4 1 2 7 17 18 2 1 2 7 0 2 7 0 2 4 13 6 3 1 2 7 0 2 4 0 2 7 1 2 7 17 9 2 12 16 2 12 16 2 0 2 7 8 9 2 5 31 3 0 2 7 17 18 2 1 2 7 13 6 3 12 16 2 0 2 7 17 9 2 0 2 7 1 2 7 1 2 7 1 2 7 1 2 7 0 2 7 5 30 3 0 2 7 16 6 2 0 2 7 5 31 3 1 2 7 0 2 7 1 2 7 16 6 2 1 2 7 0 2 7 0 2 7 5 30 3 0 2 7 0 2 7 17 9 2 0 60.8366743922233582
0 2 7 0 2 7 5 30 3 0 2 4 0 2 7 0 2 4 0 2 7 0 2 7 0 2 7 5 30 3 1 2 4 0 2 7 0 2 7 5 31 3 0 2 7 1 2 11 17 18 2 1 2 7 0 2 7 1 2 4 13 6 3 1 2 7 0 2 7 0 2 7 1 2 7 17 9 2 12 16 2 12 16 2 0 2 7 8 9 2 5 30 3 0 2 7 17 18 2 1 2 7 13 6 3 12 16 2 0 2 7 17 9 2 0 2 7 1 2 4 1 2 7 1 2 11 1 2 7 0 2 7 5 30 3 0 2 7 16 6 2 0 2 7 5 30 3 1 2 11 0 2 7 1 2 7 16 6 2 8 18 2 0 2 7 0 2 7 5 30 3 0 2 7 0 2 7 17 9 2 0 61.0824280977249146
0 2 7 0 2 7 5 30 3 0 2 7 6 2 7 0 2 4 0 2 7 0 2 7 0 2 7 5 30 3 1 2 4 0 2 7 0 2 7 5 31 3 0 2 4 1 2 7 17 18 2 1 2 7 0 2 7 1 2 4 13 6 3 1 2 7 0 2 7 1 2 7 1 2 7 17 9 2 12 16 2 12 16 2 0 2 7 8 9 2 5 31 3 0 2 7 17 18 2 0 2 7 13 6 3 12 16 2 0 2 7 17 9 2 0 2 7 1 2 7 1 2 7 1 2 4 1 2 7 0 2 7 5 30 3 0 2 7 16 6 2 0 2 7 5 31 3 1 2 7 0 2 7 1 2 7 16 6 2 0 2 7 0 2 7 0 2 7 5 30 3 0 2 7 0 2 7 17 9 2 0 60.8366743922233582
16 19 12 6 2 12 5 30 3 8 9 2 5 30 3 6 2 12 5 30 3 8 9 2 16 15 2 8 9 2 16 19 12 13 6 3 16 15 2 16 19 12 8 9 2 5 30 3 0 2 8 8 18 2 0 2 8 12 16 2 16 15 2 8 9 2 8 18 2 16 19 12 0 2 12 8 18 2 0 2 12 8 18 2 6 2 12 8 9 2 8 18 2 8 18 2 8 9 2 0 2 12 6 2 12 8 9 2 6 2 12 6 2 12 6 3 2 8 9 2 8 18 2 12 16 2 0 2 12 6 2 12 8 18 2 8 9 2 6 2 12 13 6 3 6 2 8 8 9 2 8 18 2 8 18 2 6 2 8 8 9 2 6 2 12 5 30 3 8 18 2 12 16 2 8 9 2 5 30 3 0.0773403830571129103 64.540840744972229
0 2 7 0 2 7 16 18 11 0 2 7 0 2 7 0 2 7 0 2 3 0 2 7 12 16 2 1 2 7 1 2 7 0 2 11 0 2 7 5 30 3 0 2 7 0 2 4 17 9 2 0 2 4 1 2 7 17 9 2 1 2 4 1 2 4 1 2 11 1 2 4 2 3 3 17 18 2 12 16 2 12 16 2 8 18 2 8 9 2 1 2 7 1 2 4 8 18 2 0 2 3 1 2 11 12 16 2 0 2 4 1 2 7 0 2 4 0 2 7 1 2 7 1 2 4 0 2 7 0 2 7 5 30 3 0 2 7 16 9 11 12 16 2 5 31 3 1 2 7 0 2 7 1 2 7 0 2 7 5 30 3 0 2 3 17 9 2 1 2 7 0 2 7 0 2 7 12 16 2 0 62.5350865125656128
0 2 8 0 2 8 0 2 8 5 30 3 0 2 8 0 2 8 8 9 2 5 30 3 16 19 12 5 30 3 5 30 3 16 19 12 0 2 8 12 16 2 0 2 8 16 6 2 16 19 12 8 18 2 0 2 8 0 2 8 13 6 3 0 2 8 8 9 2 6 2 8 8 9 2 6 2 8 8 18 2 8 18 2 16 19 12 8 9 2 0 2 12 5 30 3 6 2 8 8 9 2 16 19 12 5 30 3 2 3 3 0 2 8 6 2 8 16 19 12 6 2 8 0 2 12 0 2 8 8 9 2 8 9 2 8 9 2 0 2 8 8 18 2 5 30 3 6 2 12 5 30 3 16 15 2 8 9 2 12 16 2 5 30 3 8 18 2 6 2 8 8 18 2 6 2 8 13 6 3 0.0638411721351627159 66.5384002923965454
0 2 11 0 2 7 5 30 3 0 2 11 0 2 7 0 2 4 0 2 7 0 2 7 0 2 7 5 30 3 1 2 4 0 2 7 1 2 7 5 31 3 0 2 4 1 2 7 17 18 2 1 2 4 0 2 7 0 2 4 13 6 3 1 2 7 0 2 7 0 2 7 1 2 7 17 9 2 12 16 2 12 16 2 0 2 7 8 9 2 5 30 3 0 2 7 17 18 2 1 2 7 13 6 3 12 16 2 0 2 7 17 9 2 0 2 7 1 2 7 1 2 7 1 2 7 6 2 7 0 2 7 5 30 3 0 2 7 16 6 2 0 2 7 5 31 3 1 2 11 0 2 7 1 2 7 16 30 2 1 2 7 0 2 7 0 2 7 5 30 3 0 2 7 0 2 7 17 9 2 0 60.9998185038566589
8 9 2 8 9 2 8 18 2 5 30 3 8 18 2 1 2 8 0 2 8 16 15 2 8 18 2 0 2 8 0 2 8 0 2 8 8 18 2 8 18 2 0 2 8 5 30 3 5 30 3 8 9 2 8 9 2 8 9 2 1 2 8 16 15 2 1 2 8 12 16 2 1 2 8 8 18 2 16 19 12 0 2 8 0 2 8 8 18 2 8 9 2 8 9 2 0 2 8 0 2 8 1 2 8 8 18 2 0 2 8 0 2 8 1 2 8 0 2 8 8 9 2 0 2 8 0 2 8 0 2 8 5 30 3 5 30 3 16 15 2 16 15 2 0 2 8 0 2 8 0 2 8 16 19 12 1 2 8 16 15 2 0 2 8 0 2 8 0 2 8 12 16 2 0 2 8 5 30 3 0.00780325752510632221 67.2631912231445312
1 2 7 0 2 7 5 30 3 0 2 7 0 2 7 0 2 7 0 2 7 0 2 7 1 2 7 5 30 3 1 2 4 0 2 7 0 2 7 5 30 3 0 2 7 1 2 7 17 18 2 6 2 7 0 2 4 1 2 7 13 6 3 0 2 7 0 2 7 0 2 3 1 2 7 17 9 2 12 16 2 12 16 2 0 2 7 1 2 7 5 30 3 0 2 4 17 18 2 0 2 7 13 6 3 12 16 2 0 2 7 17 9 2 8 9 2 0 2 7 1 2 7 1 2 7 0 2 7 0 2 7 5 30 3 0 2 7 16 6 2 0 2 7 5 30 3 1 2 7 0 2 4 1 2 7 16 15 2 8 18 2 0 2 7 0 2 7 5 31 3 0 2 7 1 2 7 17 9 2 0 61.0226612687110901
0 2 7 0 2 3 5 30 3 5 30 3 0 2 3 0 2 3 12 16 2 0 2 3 17 18 2 5 31 3 5 30 3 0 2 7 0 2 3 8 18 2 0 2 7 16 6 2 16 19 11 0 2 3 6 2 7 0 2 7 5 30 3 0 2 7 0 2 3 1 2 11 0 2 3 6 2 7 0 2 7 0 2 3 6 2 7 0 2 11 5 30 3 5 30 3 1 2 7 0 2 7 16 19 11 0 2 7 1 2 7 0 2 3 0 2 3 5 30 3 0 2 3 0 2 7 0 2 3 1 2 11 12 16 2 0 2 7 1 2 11 0 2 7 5 30 3 0 2 11 0 2 11 16 19 11 16 30 2 0 2 3 0 2 7 16 19 11 0 2 7 1 2 3 0 2 7 0 2 7 0 64.709791362285614
0 2 7 1 2 7 5 31 3 1 2 7 1 2 7 0 2 7 0 2 7 0 2 7 0 2 7 12 16 2 1 2 7 0 2 7 0 2 7 5 30 3 0 2 7 0 2 7 17 18 2 0 2 4 0 2 7 1 2 7 13 6 3 0 2 7 0 2 7 0 2 7 1 2 7 17 9 2 12 16 2 12 16 2 1 2 7 6 2 7 5 30 3 0 2 4 17 18 2 0 2 7 13 6 3 12 16 2 0 2 7 17 9 2 1 2 7 1 2 7 1 2 7 0 2 7 1 2 7 0 2 7 5 31 3 0 2 7 16 6 2 0 2 7 5 31 3 0 2 7 0 2 7 1 2 7 16 6 2 1 2 7 6 2 7 0 2 7 5 30 3 0 2 7 13 6 3 17 9 2 0 60.3441263437271118
1 2 7 0 2 7 5 31 3 0 2 7 1 2 4 0 2 4 0 2 7 0 2 7 0 2 7 5 30 3 1 2 4 0 2 7 0 2 7 1 2 4 0 2 7 0 2 7 17 18 2 1 2 7 0 2 4 1 2 3 13 6 3 1 2 4 0 2 7 1 2 7 0 2 7 17 18 2 12 16 2 12 16 2 0 2 7 8 9 2 5 30 3 0 2 7 17 18 2 1 2 7 13 6 3 12 16 2 0 2 7 17 9 2 0 2 7 1 2 7 1 2 7 1 2 7 1 2 7 0 2 7 5 30 3 0 2 7 16 6 2 0 2 7 5 31 3 1 2 3 0 2 7 0 2 4 16 6 2 1 2 7 0 2 7 0 2 7 5 30 3 0 2 7 0 2 7 17 9 2 0 60.658907413482666
0 2 7 6 2 4 5 31 3 1 2 7 1 2 7 0 2 7 0 2 7 0 2 7 0 2 7 12 16 2 1 2 7 0 2 7 1 2 7 5 30 3 0 2 7 0 2 7 17 18 2 0 2 4 0 2 7 1 2 7 13 6 3 0 2 7 0 2 7 0 2 7 1 2 7 17 9 2 12 16 2 12 16 2 1 2 7 6 2 7 5 30 3 0 2 7 17 18 2 1 2 7 13 6 3 12 16 2 0 2 7 17 9 2 1 2 7 1 2 7 1 2 7 0 2 7 1 2 7 0 2 7 5 31 3 0 2 7 16 6 2 0 2 7 5 31 3 0 2 7 0 2 7 0 2 7 16 6 2 0 2 7 1 2 7 0 2 7 5 30 3 0 2 7 13 6 3 17 9 2 0 60.3441263437271118
8 9 2 8 9 2 8 18 2 5 30 3 8 18 2 1 2 8 0 2 8 16 15 2 8 18 2 0 2 8 0 2 8 0 2 8 8 18 2 8 18 2 0 2 8 5 30 3 5 30 3 8 9 2 8 9 2 8 9 2 1 2 8 16 15 2 1 2 8 12 16 2 1 2 8 8 18 2 16 19 12 0 2 8 0 2 8 8 18 2 8 9 2 8 9 2 0 2 8 0 2 8 1 2 8 8 18 2 0 2 8 0 2 8 1 2 8 0 2 8 8 9 2 0 2 8 0 2 8 0 2 8 5 30 3 5 30 3 16 15 2 16 15 2 0 2 8 0 2 8 0 2 8 16 19 12 1 2 8 16 15 2 0 2 8 0 2 8 0 2 8 12 16 2 0 2 8 5 30 3 0.00780325752510632221 67.2631912231445312
0 2 8 0 2 8 0 2 8 5 30 3 0 2 8 0 2 8 8 9 2 5 30 3 16 19 12 5 30 3 5 30 3 16 19 12 0 2 8 12 16 2 0 2 8 16 6 2 16 19 12 8 18 2 0 2 8 0 2 8 13 6 3 0 2 8 8 9 2 6 2 8 8 9 2 6 2 8 8 18 2 8 18 2 16 19 12 8 9 2 0 2 12 5 30 3 6 2 8 8 9 2 16 19 12 5 30 3 2 3 3 0 2 8 6 2 8 16 19 12 6 2 8 0 2 12 0 2 8 8 9 2 8 9 2 8 9 2 0 2 8 8 18 2 5 30 3 6 2 12 5 30 3 16 15 2 8 9 2 12 16 2 5 30 3 8 18 2 6 2 8 8 18 2 6 2 8 13 6 3 0.0638411721351627159 66.5384002923965454
0 2 7 0 2 7 16 18 11 0 2 7 0 2 7 0 2 7 0 2 3 0 2 7 12 16 2 1 2 7 1 2 7 0 2 11 0 2 7 5 30 3 0 2 7 0 2 4 17 9 2 0 2 4 1 2 7 17 9 2 1 2 4 1 2 4 1 2 11 1 2 4 2 3 3 17 18 2 12 16 2 12 16 2 8 18 2 8 9 2 1 2 7 1 2 4 8 18 2 0 2 3 1 2 11 12 16 2 0 2 4 1 2 7 0 2 4 0 2 7 1 2 7 1 2 4 0 2 7 0 2 7 5 30 3 0 2 7 16 9 11 12 16 2 5 31 3 1 2 7 0 2 7 1 2 7 0 2 7 5 30 3 0 2 3 17 9 2 1 2 7 0 2 7 0 2 7 12 16 2 0 62.5350865125656128
0 2 7 1 2 7 5 31 3 1 2 4 1 2 7 0 2 7 0 2 7 0 2 7 0 2 7 12 16 2 1 2 7 0 2 7 0 2 7 5 31 3 0 2 7 0 2 7 17 18 2 1 2 7 0 2 7 1 2 7 13 6 3 0 2 7 0 2 7 0 2 7 0 2 7 17 9 2 12 16 2 12 16 2 1 2 7 8 9 2 5 30 3 0 2 4 17 18 2 1 2 7 13 6 3 12 16 2 0 2 7 17 9 2 1 2 7 1 2 7 1 2 7 0 2 7 1 2 7 0 2 7 5 30 3 0 2 7 16 6 2 0 2 7 5 30 3 0 2 7 0 2 7 0 2 7 16 6 2 1 2 7 1 2 7 0 2 7 5 30 3 0 2 7 13 6 3 17 9 2 0 60.4150662422180176
16 19 12 6 2 12 5 30 3 8 9 2 5 30 3 6 2 12 5 30 3 8 9 2 16 15 2 8 9 2 16 19 12 13 6 3 16 15 2 16 19 12 8 9 2 5 30 3 0 2 8 8 18 2 0 2 8 12 16 2 16 15 2 8 9 2 8 18 2 16 19 12 0 2 12 8 18 2 0 2 12 8 18 2 6 2 12 8 9 2 8 18 2 8 18 2 8 9 2 0 2 12 6 2 12 8 9 2 6 2 12 6 2 12 6 3 2 8 9 2 8 18 2 12 16 2 0 2 12 6 2 12 8 18 2 8 9 2 6 2 12 13 6 3 6 2 8 8 9 2 8 18 2 8 18 2 6 2 8 8 9 2 6 2 12 5 30 3 8 18 2 12 16 2 8 9 2 5 30 3 0.0773403830571129103 64.540840744972229
0 2 7 0 2 7 5 30 3 0 2 4 0 2 7 0 2 4 0 2 7 0 2 7 0 2 7 5 30 3 1 2 4 0 2 7 0 2 7 5 31 3 0 2 7 1 2 11 17 18 2 1 2 7 0 2 7 1 2 4 13 6 3 1 2 7 0 2 7 0 2 7 1 2 7 17 9 2 12 16 2 12 16 2 0 2 7 8 9 2 5 30 3 0 2 7 17 18 2 1 2 7 13 6 3 12 16 2 0 2 7 17 9 2 0 2 7 1 2 4 1 2 7 1 2 11 1 2 7 0 2 7 5 30 3 0 2 7 16 6 2 0 2 7 5 30 3 1 2 11 0 2 7 1 2 7 16 6 2 8 18 2 0 2 7 0 2 7 5 30 3 0 2 7 0 2 7 17 9 2 0 61.0824280977249146
16 19 11 8 9 2 5 30 3 16 6 2 16 19 11 0 2 4 0 2 7 16 6 2 0 2 3 5 30 3 0 2 7 0 2 3 0 2 7 1 2 7 0 2 7 12 16 2 0 2 7 0 2 3 1 2 3 0 2 7 0 2 3 0 2 3 12 16 2 5 30 3 0 2 7 5 31 3 0 2 3 1 2 3 0 2 3 0 2 3 0 2 3 1 2 3 1 2 7 0 2 7 12 16 2 1 2 7 0 2 3 0 2 7 0 2 7 0 2 7 1 2 7 0 2 7 1 2 3 0 2 3 5 30 3 0 2 7 16 6 2 1 2 7 0 2 7 0 2 3 0 2 3 16 19 11 0 2 7 16 6 2 0 2 3 0 2 7 5 30 3 0 2 3 6 2 7 5 31 3 0 63.8015803694725037
1 2 7 0 2 7 0 2 7 1 2 7 1 2 7 0 2 7 1 2 7 0 2 7 0 2 7 12 16 2 1 2 7 0 2 7 1 2 7 5 31 3 0 2 7 1 2 7 17 18 2 0 2 4 1 2 7 0 2 7 13 6 3 0 2 7 0 2 7 0 2 7 0 2 7 17 9 2 12 16 2 12 16 2 1 2 7 1 2 7 5 30 3 0 2 7 17 18 2 1 2 7 13 6 3 12 16 2 0 2 7 17 9 2 0 2 7 1 2 7 1 2 7 0 2 7 1 2 7 0 2 7 5 31 3 0 2 7 16 30 2 0 2 7 5 30 3 1 2 7 0 2 7 0 2 7 16 6 2 0 2 7 1 2 7 0 2 7 5 31 3 0 2 7 13 6 3 17 9 2 0 60.1149684190750122
1 2 7 0 2 7 0 2 7 1 2 7 1 2 7 0 2 7 1 2 7 0 2 7 0 2 7 12 16 2 1 2 7 0 2 7 1 2 7 5 31 3 6 2 7 1 2 7 17 18 2 0 2 7 1 2 7 0 2 7 13 6 3 0 2 7 0 2 7 0 2 7 0 2 7 17 9 2 12 16 2 12 16 2 0 2 7 1 2 7 5 30 3 1 2 7 17 18 2 1 2 7 13 6 3 12 16 2 0 2 7 17 9 2 0 2 7 0 2 7 1 2 7 0 2 7 1 2 7 0 2 4 5 31 3 0 2 7 16 6 2 0 2 7 5 30 3 0 2 7 0 2 7 0 2 7 16 6 2 1 2 7 1 2 7 0 2 7 5 31 3 0 2 7 13 6 3 17 9 2 0 60.1266383528709412
1 2 7 0 2 7 0 2 7 1 2 7 1 2 7 0 2 7 1 2 7 0 2 7 0 2 7 12 16 2 1 2 7 0 2 7 1 2 7 5 31 3 0 2 7 1 2 7 17 18 2 0 2 4 1 2 7 0 2 7 13 6 3 0 2 7 0 2 7 0 2 7 0 2 7 17 9 2 12 16 2 12 16 2 1 2 7 1 2 7 5 30 3 0 2 7 17 18 2 1 2 7 13 6 3 12 16 2 0 2 7 17 9 2 0 2 7 1 2 7 1 2 7 0 2 7 1 2 7 0 2 7 5 31 3 0 2 7 16 30 2 0 2 7 5 30 3 1 2 7 0 2 7 0 2 7 16 6 2 0 2 7 1 2 7 0 2 7 5 31 3 0 2 7 13 6 3 17 9 2 0 60.1149684190750122
16 19 11 8 9 2 5 30 3 16 6 2 16 19 11 0 2 4 0 2 7 16 6 2 0 2 3 5 30 3 0 2 7 0 2 3 0 2 7 1 2 7 0 2 7 12 16 2 0 2 7 0 2 3 1 2 3 0 2 7 0 2 3 0 2 3 12 16 2 5 30 3 0 2 7 5 31 3 0 2 3 1 2 3 0 2 3 0 2 3 0 2 3 1 2 3 1 2 7 0 2 7 12 16 2 1 2 7 0 2 3 0 2 7 0 2 7 0 2 7 1 2 7 0 2 7 1 2 3 0 2 3 5 30 3 0 2 7 16 6 2 1 2 7 0 2 7 0 2 3 0 2 3 16 19 11 0 2 7 16 6 2 0 2 3 0 2 7 5 30 3 0 2 3 6 2 7 5 31 3 0 63.8015803694725037
1 2 7 0 2 7 0 2 7 1 2 7 1 2 7 0 2 7 1 2 7 0 2 7 0 2 7 12 16 2 1 2 7 0 2 7 1 2 7 5 31 3 0 2 7 1 2 7 17 18 2 0 2 7 1 2 7 0 2 7 13 6 3 0 2 7 0 2 7 0 2 7 0 2 7 17 9 2 12 16 2 12 16 2 0 2 7 1 2 4 5 30 3 1 2 7 17 18 2 1 2 7 13 6 3 12 16 2 0 2 7 17 9 2 0 2 7 0 2 7 1 2 7 0 2 7 1 2 7 0 2 7 5 31 3 0 2 7 16 6 2 0 2 7 5 30 3 0 2 7 1 2 7 0 2 7 16 6 2 6 2 7 1 2 7 0 2 7 5 31 3 0 2 7 13 6 3 17 9 2 0 60.1266383528709412
0 2 8 0 2 8 0 2 8 5 30 3 0 2 8 0 2 8 8 9 2 5 30 3 16 19 12 5 30 3 5 30 3 16 19 12 0 2 8 12 16 2 0 2 8 16 6 2 16 19 12 8 18 2 0 2 8 0 2 8 13 6 3 0 2 8 8 9 2 6 2 8 8 9 2 6 2 8 8 18 2 8 18 2 16 19 12 8 9 2 0 2 12 5 30 3 6 2 8 8 9 2 16 19 12 5 30 3 2 3 3 0 2 8 6 2 8 16 19 12 6 2 8 0 2 12 0 2 8 8 9 2 8 9 2 8 9 2 0 2 8 8 18 2 5 30 3 6 2 12 5 30 3 16 15 2 8 9 2 12 16 2 5 30 3 8 18 2 6 2 8 8 18 2 6 2 8 13 6 3 0.0638411721351627159 66.5384002923965454
1 2 7 0 2 7 0 2 7 1 2 7 1 2 7 0 2 7 1 2 7 0 2 7 0 2 7 12 16 2 1 2 7 0 2 7 1 2 7 5 31 3 0 2 7 1 2 7 17 18 2 0 2 4 1 2 7 0 2 7 13 6 3 0 2 7 0 2 7 0 2 7 0 2 7 17 9 2 12 16 2 12 16 2 1 2 7 1 2 7 5 30 3 0 2 7 17 18 2 1 2 7 13 6 3 12 16 2 0 2 7 17 9 2 0 2 7 1 2 7 1 2 7 0 2 7 1 2 7 0 2 7 5 31 3 0 2 7 16 30 2 0 2 7 5 30 3 1 2 7 0 2 7 0 2 7 16 6 2 0 2 7 1 2 7 0 2 7 5 31 3 0 2 7 13 6 3 17 9 2 0 60.1149684190750122
5 30 3 0 2 8 0 2 11 0 2 3 0 2 8 0 2 3 0 2 3 12 16 2 0 2 8 0 2 3 5 30 3 0 2 3 0 2 11 5 30 3 0 2 3 0 2 8 0 2 3 0 2 12 0 2 7 0 2 3 16 19 12 0 2 8 8 9 2 8 18 2 0 2 3 0 2 3 0 2 8 12 16 2 16 19 12 5 30 3 5 30 3 0 2 11 0 2 3 16 19 12 0 2 7 5 30 3 1 2 7 5 31 3 0 2 7 0 2 3 0 2 3 16 19 12 1 2 3 0 2 8 0 2 7 0 2 3 16 6 2 0 2 8 5 30 3 16 19 11 5 30 3 0 2 7 16 6 2 0 2 7 0 2 8 1 2 7 0 2 3 0 2 3 1 2 7 12 16 2 0 66.9877603054046631
16 19 12 1 2 8 0 2 8 8 18 2 0 2 8 0 2 8 8 9 2 8 18 2 16 19 12 0 2 8 16 19 12 1 2 8 5 30 3 1 2 8 1 2 8 5 30 3 8 18 2 8 18 2 0 2 8 8 18 2 16 15 2 0 2 8 8 18 2 8 18 2 0 2 8 0 2 8 0 2 8 8 18 2 16 19 12 5 30 3 0 2 8 0 2 8 0 2 8 16 6 2 0 2 8 5 30 3 0 2 8 1 2 8 0 2 8 1 2 8 0 2 8 8 9 2 0 2 8 0 2 8 0 2 8 0 2 8 0 2 8 0 2 8 5 30 3 5 30 3 5 30 3 16 15 2 1 2 8 0 2 8 0 2 8 0 2 8 9 2 7 0 2 8 0 2 7 5 30 3 0.00336249043887583378 68.1511563062667847
0 2 7 1 2 7 1 2 7 0 2 3 0 2 7 0 2 7 0 2 7 1 2 7 12 16 2 12 16 2 0 2 4 0 2 7 0 2 7 5 30 3 0 2 7 0 2 7 17 9 2 0 2 7 0 2 7 1 2 7 17 9 2 1 2 7 1 2 4 0 2 7 0 2 7 2 3 3 12 16 2 12 16 2 0 2 7 5 31 3 5 31 3 0 2 4 17 18 2 0 2 7 0 2 7 12 16 2 6 2 7 6 2 7 1 2 7 1 2 7 12 16 2 0 2 3 0 2 7 0 2 7 5 31 3 1 2 7 16 18 11 1 2 7 5 30 3 0 2 7 1 2 7 1 2 7 13 6 3 0 2 7 0 2 4 16 18 11 16 31 2 6 2 3 1 2 7 12 16 2 0 62.1433254480361938
0 2 7 0 2 7 0 2 7 1 2 7 1 2 7 0 2 7 1 2 7 0 2 7 0 2 7 12 16 2 1 2 7 0 2 7 1 2 7 5 31 3 0 2 7 1 2 7 17 18 2 0 2 7 1 2 7 0 2 7 13 6 3 0 2 7 0 2 7 0 2 7 0 2 7 17 9 2 12 16 2 12 16 2 1 2 7 1 2 7 5 30 3 1 2 7 17 18 2 1 2 7 13 6 3 12 16 2 0 2 7 17 9 2 0 2 7 0 2 7 1 2 7 0 2 7 1 2 7 0 2 7 5 31 3 0 2 7 16 6 2 0 2 7 5 30 3 0 2 7 1 2 7 0 2 7 16 30 2 1 2 7 1 2 4 0 2 7 5 31 3 0 2 7 13 6 3 17 9 2 0 60.1149684190750122
0 2 7 0 2 7 0 2 7 1 2 7 1 2 7 0 2 7 1 2 7 0 2 7 0 2 7 12 16 2 1 2 7 0 2 7 1 2 7 5 31 3 0 2 7 1 2 7 17 18 2 0 2 7 1 2 7 0 2 7 13 6 3 0 2 7 0 2 7 0 2 7 0 2 7 17 9 2 12 16 2 12 16 2 1 2 7 1 2 7 5 30 3 1 2 7 17 18 2 1 2 7 13 6 3 12 16 2 0 2 7 17 9 2 0 2 7 0 2 7 1 2 7 0 2 7 1 2 7 0 2 7 5 31 3 0 2 7 16 6 2 0 2 7 5 30 3 0 2 7 1 2 7 0 2 7 16 30 2 1 2 7 1 2 4 0 2 7 5 31 3 0 2 7 13 6 3 17 9 2 0 60.1149684190750122
0 2 7 0 2 7 0 2 7 1 2 7 1 2 7 0 2 7 1 2 7 0 2 7 0 2 7 12 16 2 0 2 7 0 2 7 1 2 7 5 31 3 1 2 7 1 2 7 17 18 2 0 2 7 1 2 7 0 2 7 13 6 3 1 2 7 0 2 7 0 2 7 1 2 7 17 9 2 12 16 2 12 16 2 0 2 7 1 2 7 5 30 3 1 2 7 17 18 2 1 2 7 13 6 3 12 16 2 0 2 7 17 9 2 0 2 7 0 2 4 1 2 7 0 2 7 1 2 7 0 2 7 5 31 3 0 2 7 16 6 2 0 2 7 5 30 3 0 2 7 1 2 7 0 2 7 16 30 2 0 2 7 1 2 7 0 2 7 5 31 3 0 2 7 13 6 3 17 9 2 0 60.1149684190750122
16 19 12 1 2 8 0 2 8 8 18 2 0 2 8 0 2 8 8 9 2 8 18 2 16 19 12 0 2 8 16 19 12 1 2 8 5 30 3 1 2 8 1 2 8 5 30 3 8 18 2 8 18 2 0 2 8 8 18 2 16 15 2 0 2 8 8 18 2 8 18 2 0 2 8 0 2 8 0 2 8 8 18 2 16 19 12 5 30 3 0 2 8 0 2 8 0 2 8 16 6 2 0 2 8 5 30 3 0 2 8 1 2 8 0 2 8 1 2 8 0 2 8 8 9 2 0 2 8 0 2 8 0 2 8 0 2 8 0 2 8 0 2 8 5 30 3 5 30 3 5 30 3 16 15 2 1 2 8 0 2 8 0 2 8 0 2 8 9 2 7 0 2 8 0 2 7 5 30 3 0.00336249043887583378 68.1511563062667847
0 2 7 0 2 7 0 2 7 1 2 7 1 2 7 0 2 7 1 2 7 0 2 7 0 2 7 12 16 2 0 2 7 0 2 7 0 2 7 5 31 3 1 2 7 1 2 7 17 18 2 0 2 7 1 2 7 0 2 7 13 6 3 1 2 7 0 2 7 1 2 7 1 2 7 17 9 2 12 16 2 12 16 2 0 2 7 1 2 7 5 30 3 1 2 7 17 18 2 1 2 7 13 6 3 12 16 2 0 2 7 17 9 2 0 2 7 0 2 4 1 2 7 0 2 7 1 2 7 0 2 7 5 31 3 0 2 7 16 6 2 0 2 7 5 30 3 0 2 7 1 2 7 0 2 7 16 30 2 0 2 7 1 2 7 0 2 7 5 31 3 0 2 7 13 6 3 17 9 2 0 60.1149684190750122
16 19 11 0 2 8 0 2 8 0 2 8 1 2 8 0 2 3 8 9 2 0 2 8 0 2 8 0 2 8 0 2 11 0 2 8 16 19 11 5 30 3 0 2 8 5 30 3 8 18 2 8 18 2 1 2 7 17 18 2 5 30 3 0 2 8 12 16 2 5 30 3 0 2 8 12 16 2 0 2 8 0 2 8 0 2 8 12 16 2 5 30 3 0 2 3 0 2 7 16 19 11 0 2 7 16 6 2 0 2 11 0 2 7 1 2 3 1 2 11 0 2 7 0 2 8 0 2 7 0 2 3 0 2 7 0 2 8 16 6 2 0 2 7 5 30 3 5 30 3 16 19 11 0 2 3 0 2 7 1 2 8 0 2 7 0 2 7 5 30 3 0 2 8 5 30 3 8 9 2 0 66.7825760841369629
16 19 11 8 9 2 5 30 3 16 6 2 16 19 11 0 2 4 0 2 7 16 6 2 0 2 3 5 30 3 0 2 7 0 2 3 0 2 7 1 2 7 0 2 7 12 16 2 0 2 7 0 2 3 1 2 3 0 2 7 0 2 3 0 2 3 12 16 2 5 30 3 0 2 7 5 31 3 0 2 3 1 2 3 0 2 3 0 2 3 0 2 3 1 2 3 1 2 7 0 2 7 12 16 2 1 2 7 0 2 3 0 2 7 0 2 7 0 2 7 1 2 7 0 2 7 1 2 3 0 2 3 5 30 3 0 2 7 16 6 2 1 2 7 0 2 7 0 2 3 0 2 3 16 19 11 0 2 7 16 6 2 0 2 3 0 2 7 5 30 3 0 2 3 6 2 7 5 31 3 0 63.8015803694725037
0 2 7 1 2 7 1 2 7 0 2 3 0 2 7 0 2 7 0 2 7 1 2 7 12 16 2 12 16 2 0 2 4 0 2 7 0 2 7 5 30 3 0 2 7 0 2 7 17 9 2 0 2 7 0 2 7 1 2 7 17 9 2 1 2 7 1 2 4 0 2 7 0 2 7 2 3 3 12 16 2 12 16 2 0 2 7 5 31 3 5 31 3 0 2 4 17 18 2 0 2 7 0 2 7 12 16 2 6 2 7 6 2 7 1 2 7 1 2 7 12 16 2 0 2 3 0 2 7 0 2 7 5 31 3 1 2 7 16 18 11 1 2 7 5 30 3 0 2 7 1 2 7 1 2 7 13 6 3 0 2 7 0 2 4 16 18 11 16 31 2 6 2 3 1 2 7 12 16 2 0 62.1433254480361938
5 30 3 0 2 8 0 2 11 0 2 3 0 2 8 0 2 3 0 2 3 12 16 2 0 2 8 0 2 3 5 30 3 0 2 3 0 2 11 5 30 3 0 2 3 0 2 8 0 2 3 0 2 12 0 2 7 0 2 3 16 19 12 0 2 8 8 9 2 8 18 2 0 2 3 0 2 3 0 2 8 12 16 2 16 19 12 5 30 3 5 30 3 0 2 11 0 2 3 16 19 12 0 2 7 5 30 3 1 2 7 5 31 3 0 2 7 0 2 3 0 2 3 16 19 12 1 2 3 0 2 8 0 2 7 0 2 3 16 6 2 0 2 8 5 30 3 16 19 11 5 30 3 0 2 7 16 6 2 0 2 7 0 2 8 1 2 7 0 2 3 0 2 3 1 2 7 12 16 2 0 66.9877603054046631
0 2 7 0 2 7 0 2 7 1 2 7 1 2 7 0 2 7 1 2 7 0 2 7 0 2 7 12 16 2 1 2 7 0 2 7 0 2 7 5 31 3 0 2 7 1 2 7 17 18 2 0 2 7 1 2 7 0 2 7 13 6 3 0 2 7 0 2 7 1 2 7 0 2 7 17 9 2 12 16 2 12 16 2 1 2 7 1 2 7 5 30 3 1 2 4 17 18 2 1 2 7 13 6 3 12 16 2 0 2 7 17 9 2 0 2 7 0 2 7 1 2 7 0 2 7 1 2 7 0 2 7 5 31 3 0 2 7 16 6 2 0 2 7 5 30 3 0 2 7 1 2 7 0 2 7 16 30 2 1 2 7 1 2 7 0 2 7 5 31 3 0 2 7 13 6 3 17 9 2 0 60.1149684190750122
0 2 7 1 2 7 0 2 7 1 2 7 1 2 7 0 2 7 1 2 7 0 2 7 0 2 3 12 16 2 0 2 7 0 2 7 0 2 7 5 31 3 0 2 7 1 2 7 17 18 2 0 2 7 1 2 7 0 2 7 13 6 3 0 2 7 0 2 7 1 2 7 1 2 7 17 9 2 12 16 2 12 16 2 0 2 7 1 2 7 5 30 3 1 2 7 17 18 2 1 2 7 13 6 3 12 16 2 0 2 7 17 9 2 0 2 7 0 2 7 0 2 7 0 2 7 1 2 7 0 2 7 5 31 3 0 2 7 16 6 2 0 2 7 1 2 7 1 2 7 1 2 7 0 2 7 16 6 2 1 2 7 1 2 7 0 2 7 5 31 3 0 2 7 13 6 3 17 9 2 0 60.0091503858566284
16 19 12 1 2 8 0 2 8 8 18 2 0 2 8 0 2 8 8 9 2 8 18 2 16 19 12 0 2 8 16 19 12 1 2 8 5 30 3 1 2 8 1 2 8 5 30 3 8 18 2 8 18 2 0 2 8 8 18 2 16 15 2 0 2 8 8 18 2 8 18 2 0 2 8 0 2 8 0 2 8 8 18 2 16 19 12 5 30 3 0 2 8 0 2 8 0 2 8 16 6 2 0 2 8 5 30 3 0 2 8 1 2 8 0 2 8 1 2 8 0 2 8 8 9 2 0 2 8 0 2 8 0 2 8 0 2 8 0 2 8 0 2 8 5 30 3 5 30 3 5 30 3 16 15 2 1 2 8 0 2 8 0 2 8 0 2 8 9 2 7 0 2 8 0 2 7 5 30 3 0.00336249043887583378 68.1511563062667847
16 19 11 13 6 3 0 2 3 0 2 7 0 2 7 0 2 7 0 2 7 17 18 2 16 19 11 12 16 2 0 2 7 0 2 7 5 31 3 0 2 7 0 2 7 1 2 3 17 1 2 0 2 7 0 2 3 12 16 2 1 2 7 0 2 7 1 2 3 1 2 7 1 2 3 5 30 3 16 6 2 0 2 7 0 2 7 5 30 3 0 2 7 0 2 7 0 2 7 12 16 2 0 2 7 5 30 3 0 2 7 0 2 3 0 2 7 0 2 7 0 2 7 17 9 2 1 2 7 0 2 3 0 2 7 0 2 7 16 30 2 0 2 7 5 30 3 5 30 3 5 30 3 1 2 7 1 2 3 0 2 3 6 2 7 0 2 7 1 2 7 0 2 7 5 31 3 0 2 7 0 62.6646292805671692
0 2 7 1 2 7 1 2 7 0 2 3 0 2 7 0 2 7 0 2 7 1 2 7 12 16 2 12 16 2 0 2 4 0 2 7 0 2 7 5 30 3 0 2 7 0 2 7 17 9 2 0 2 7 0 2 7 1 2 7 17 9 2 1 2 7 1 2 4 0 2 7 0 2 7 2 3 3 12 16 2 12 16 2 0 2 7 5 31 3 5 31 3 0 2 4 17 18 2 0 2 7 0 2 7 12 16 2 6 2 7 6 2 7 1 2 7 1 2 7 12 16 2 0 2 3 0 2 7 0 2 7 5 31 3 1 2 7 16 18 11 1 2 7 5 30 3 0 2 7 1 2 7 1 2 7 13 6 3 0 2 7 0 2 4 16 18 11 16 31 2 6 2 3 1 2 7 12 16 2 0 62.1433254480361938
0 2 7 0 2 7 0 2 7 1 2 7 1 2 7 0 2 7 1 2 7 0 2 7 0 2 7 12 16 2 0 2 7 0 2 7 0 2 7 5 31 3 0 2 7 1 2 7 17 18 2 0 2 7 1 2 7 0 2 7 13 6 3 0 2 7 0 2 7 1 2 7 1 2 7 17 9 2 12 16 2 12 16 2 1 2 7 1 2 7 5 30 3 1 2 7 17 18 2 1 2 7 13 6 3 12 16 2 0 2 7 17 9 2 0 2 7 0 2 4 0 2 7 0 2 7 1 2 7 0 2 7 5 31 3 0 2 7 16 6 2 0 2 7 5 30 3 1 2 7 1 2 7 0 2 7 16 30 2 1 2 7 1 2 7 0 2 7 5 31 3 0 2 7 13 6 3 17 9 2 0 60.1149684190750122
0 2 7 0 2 7 0 2 7 1 2 7 1 2 7 0 2 7 1 2 7 0 2 7 0 2 7 12 16 2 1 2 7 0 2 7 1 2 7 5 31 3 1 2 7 1 2 7 17 18 2 0 2 7 0 2 7 0 2 7 13 6 3 0 2 7 0 2 7 1 2 7 0 2 7 17 9 2 12 16 2 12 16 2 0 2 7 1 2 7 5 30 3 1 2 4 17 18 2 1 2 7 13 6 3 12 16 2 0 2 7 17 9 2 0 2 7 0 2 7 1 2 7 0 2 7 1 2 7 0 2 7 5 31 3 0 2 7 16 6 2 0 2 7 5 30 3 0 2 7 1 2 7 0 2 7 16 30 2 1 2 7 1 2 7 0 2 7 5 31 3 0 2 7 13 6 3 17 9 2 0 60.1149684190750122
0 2 7 0 2 7 0 2 7 1 2 7 1 2 7 0 2 7 1 2 7 0 2 7 0 2 7 12 16 2 1 2 7 0 2 7 1 2 7 5 31 3 1 2 7 1 2 7 17 18 2 0 2 7 0 2 7 0 2 7 13 6 3 0 2 7 0 2 7 1 2 7 0 2 7 17 9 2 12 16 2 12 16 2 0 2 7 1 2 7 5 30 3 1 2 4 17 18 2 1 2 7 13 6 3 12 16 2 0 2 7 17 9 2 0 2 7 0 2 7 1 2 7 0 2 7 1 2 7 0 2 7 5 31 3 0 2 7 16 6 2 0 2 7 5 30 3 0 2 7 1 2 7 0 2 7 16 30 2 1 2 7 1 2 7 0 2 7 5 31 3 0 2 7 13 6 3 17 9 2 0 60.1149684190750122
16 19 11 0 2 8 0 2 8 0 2 8 1 2 8 0 2 3 8 9 2 0 2 8 0 2 8 0 2 8 0 2 11 0 2 8 16 19 11 5 30 3 0 2 8 5 30 3 8 18 2 8 18 2 1 2 7 17 18 2 5 30 3 0 2 8 12 16 2 5 30 3 0 2 8 12 16 2 0 2 8 0 2 8 0 2 8 12 16 2 5 30 3 0 2 3 0 2 7 16 19 11 0 2 7 16 6 2 0 2 11 0 2 7 1 2 3 1 2 11 0 2 7 0 2 8 0 2 7 0 2 3 0 2 7 0 2 8 16 6 2 0 2 7 5 30 3 5 30 3 16 19 11 0 2 3 0 2 7 1 2 8 0 2 7 0 2 7 5 30 3 0 2 8 5 30 3 8 9 2 0 66.7825760841369629
0 2 7 0 2 7 0 2 7 1 2 7 1 2 7 0 2 7 1 2 7 0 2 7 0 2 7 12 16 2 1 2 7 0 2 7 1 2 7 5 31 3 1 2 7 1 2 7 17 18 2 0 2 4 0 2 7 0 2 7 13 6 3 0 2 7 0 2 7 1 2 7 0 2 7 17 9 2 12 16 2 12 16 2 0 2 7 1 2 7 5 30 3 1 2 7 17 18 2 1 2 7 13 6 3 12 16 2 0 2 7 17 9 2 0 2 7 0 2 7 1 2 7 0 2 7 1 2 7 0 2 7 5 31 3 0 2 7 16 6 2 0 2 7 5 30 3 0 2 7 1 2 7 0 2 7 16 31 2 1 2 7 1 2 7 0 2 7 5 30 3 0 2 7 13 6 3 17 9 2 0 60.1149682998657227
0 2 7 0 2 7 0 2 7 16 6 2 0 2 7 0 2 3 0 2 7 0 2 7 8 9 2 5 30 3 0 2 3 0 2 4 0 2 7 0 2 7 0 2 3 12 16 2 16 19 11 0 2 7 0 2 7 0 2 7 13 6 3 0 2 7 12 16 2 5 31 3 0 2 3 12 16 2 0 2 7 1 2 7 1 2 7 5 30 3 0 2 7 0 2 7 17 18 2 0 2 7 12 16 2 16 6 2 0 2 3 0 2 7 1 2 7 0 2 7 1 2 3 6 2 7 0 2 3 0 2 7 5 31 3 0 2 7 16 6 2 0 2 3 16 19 11 5 30 3 0 2 3 16 19 11 0 2 7 1 2 7 1 2 7 1 2 3 5 30 3 0 2 7 5 30 3 5 30 3 0 63.2227250933647156
0 2 7 1 2 7 0 2 7 1 2 7 1 2 7 0 2 7 1 2 7 0 2 7 0 2 3 12 16 2 0 2 7 0 2 7 0 2 7 5 31 3 0 2 7 1 2 7 17 18 2 0 2 7 1 2 7 0 2 7 13 6 3 0 2 7 0 2 7 1 2 7 1 2 7 17 9 2 12 16 2 12 16 2 0 2 7 1 2 7 5 30 3 1 2 7 17 18 2 1 2 7 13 6 3 12 16 2 0 2 7 17 9 2 0 2 7 0 2 7 0 2 7 0 2 7 1 2 7 0 2 7 5 31 3 0 2 7 16 6 2 0 2 7 1 2 7 1 2 7 1 2 7 0 2 7 16 6 2 1 2 7 1 2 7 0 2 7 5 31 3 0 2 7 13 6 3 17 9 2 0 60.0091503858566284
0 2 7 0 2 7 1 2 7 0 2 7 6 2 3 0 2 7 8 9 2 1 2 7 0 2 7 0 2 4 0 2 7 0 2 7 0 2 7 5 31 3 1 2 7 1 2 7 17 18 2 0 2 7 0 2 7 0 2 7 13 6 3 0 2 7 1 2 7 0 2 7 0 2 7 17 9 2 12 16 2 12 16 2 0 2 3 0 2 7 16 19 11 0 2 3 17 18 2 0 2 7 1 2 7 12 16 2 5 30 3 0 2 7 1 2 7 1 2 11 0 2 3 0 2 7 0 2 7 0 2 11 5 30 3 1 2 7 16 6 2 0 2 7 5 30 3 5 30 3 1 2 3 1 2 3 16 19 11 1 2 7 0 2 7 1 2 3 5 30 3 0 2 7 13 6 3 17 9 2 0 61.9525822401046753
0 2 7 1 2 7 0 2 7 1 2 7 1 2 7 0 2 7 1 2 7 0 2 7 0 2 3 12 16 2 0 2 7 0 2 7 0 2 7 5 31 3 0 2 7 1 2 7 17 18 2 0 2 7 1 2 7 0 2 7 13 6 3 0 2 7 0 2 7 1 2 7 1 2 7 17 9 2 12 16 2 12 16 2 0 2 7 1 2 7 5 30 3 1 2 7 17 18 2 1 2 7 13 6 3 12 16 2 0 2 7 17 9 2 0 2 7 0 2 7 0 2 7 0 2 7 1 2 7 0 2 7 5 31 3 0 2 7 16 6 2 0 2 7 1 2 7 1 2 7 1 2 7 0 2 7 16 6 2 1 2 7 1 2 7 0 2 7 5 31 3 0 2 7 13 6 3 17 9 2 0 60.0091503858566284
0 2 7 1 2 7 0 2 7 1 2 7 1 2 7 0 2 7 1 2 7 0 2 7 0 2 3 12 16 2 0 2 7 0 2 7 0 2 7 5 31 3 0 2 7 1 2 7 17 18 2 0 2 7 1 2 7 0 2 7 13 6 3 0 2 7 0 2 7 1 2 7 1 2 7 17 9 2 12 16 2 12 16 2 0 2 7 1 2 7 5 30 3 1 2 7 17 18 2 1 2 7 13 6 3 12 16 2 0 2 7 17 9 2 0 2 7 0 2 7 0 2 7 0 2 7 1 2 7 0 2 7 5 31 3 0 2 7 16 6 2 0 2 7 1 2 7 1 2 7 1 2 7 0 2 7 16 6 2 1 2 7 1 2 7 0 2 7 5 31 3 0 2 7 13 6 3 17 9 2 0 60.0091503858566284
0 2 7 0 2 7 0 2 7 1 2 7 1 2 7 0 2 7 1 2 7 0 2 7 0 2 7 12 16 2 1 2 7 0 2 7 1 2 7 5 31 3 1 2 7 1 2 7 17 18 2 0 2 7 0 2 7 0 2 7 13 6 3 0 2 7 0 2 7 1 2 7 0 2 7 17 9 2 12 16 2 12 16 2 0 2 7 1 2 7 5 30 3 1 2 4 17 18 2 1 2 7 13 6 3 12 16 2 0 2 7 17 9 2 0 2 7 0 2 7 1 2 7 0 2 7 1 2 7 0 2 7 5 31 3 0 2 7 16 6 2 0 2 7 5 30 3 0 2 7 1 2 7 0 2 7 16 31 2 1 2 7 1 2 7 0 2 7 5 30 3 0 2 7 13 6 3 17 9 2 0 60.1149682998657227
0 2 7 1 2 7 0 2 7 1 2 7 1 2 7 0 2 7 1 2 7 0 2 7 0 2 3 12 16 2 0 2 7 0 2 7 0 2 7 5 31 3 0 2 7 1 2 7 17 18 2 0 2 7 1 2 7 0 2 7 13 6 3 0 2 7 0 2 7 1 2 7 1 2 7 17 9 2 12 16 2 12 16 2 0 2 7 1 2 7 5 30 3 1 2 7 17 18 2 1 2 7 13 6 3 12 16 2 0 2 7 17 9 2 0 2 7 0 2 7 0 2 7 0 2 7 1 2 7 0 2 7 5 31 3 0 2 7 16 6 2 0 2 7 1 2 7 1 2 7 1 2 7 0 2 7 16 6 2 1 2 7 1 2 7 0 2 7 5 31 3 0 2 7 13 6 3 17 9 2 0 60.0091503858566284
16 19 11 0 2 8 0 2 8 0 2 8 1 2 8 0 2 3 8 9 2 0 2 8 0 2 8 0 2 8 0 2 11 0 2 8 16 19 11 5 30 3 0 2 8 5 30 3 8 18 2 8 18 2 1 2 7 17 18 2 5 30 3 0 2 8 12 16 2 5 30 3 0 2 8 12 16 2 0 2 8 0 2 8 0 2 8 12 16 2 5 30 3 0 2 3 0 2 7 16 19 11 0 2 7 16 6 2 0 2 11 0 2 7 1 2 3 1 2 11 0 2 7 0 2 8 0 2 7 0 2 3 0 2 7 0 2 8 16 6 2 0 2 7 5 30 3 5 30 3 16 19 11 0 2 3 0 2 7 1 2 8 0 2 7 0 2 7 5 30 3 0 2 8 5 30 3 8 9 2 0 66.7825760841369629
1 2 7 0 2 7 0 2 4 0 2 7 0 2 7 0 2 7 8 18 2 0 2 7 1 2 7 0 2 7 0 2 3 1 2 7 0 2 7 5 30 3 0 2 7 0 2 7 17 18 2 1 2 7 1 2 3 1 2 3 5 30 3 0 2 3 0 2 3 0 2 7 0 2 7 17 9 2 8 18 2 12 16 2 0 2 7 12 16 2 5 30 3 0 2 7 0 2 7 16 19 11 0 2 7 12 16 2 5 31 3 1 2 7 1 2 7 0 2 7 1 2 7 0 2 7 0 2 7 1 2 7 16 19 11 0 2 7 16 6 2 0 2 7 5 30 3 5 30 3 1 2 3 0 2 7 1 2 7 16 9 1 0 2 7 0 2 7 5 30 3 0 2 7 13 6 3 17 18 2 0 62.5871061086654663
16 19 12 1 2 8 0 2 8 8 18 2 0 2 8 0 2 8 8 9 2 8 18 2 16 19 12 0 2 8 16 19 12 1 2 8 5 30 3 1 2 8 1 2 8 5 30 3 8 18 2 8 18 2 0 2 8 8 18 2 16 15 2 0 2 8 8 18 2 8 18 2 0 2 8 0 2 8 0 2 8 8 18 2 16 19 12 5 30 3 0 2 8 0 2 8 0 2 8 16 6 2 0 2 8 5 30 3 0 2 8 1 2 8 0 2 8 1 2 8 0 2 8 8 9 2 0 2 8 0 2 8 0 2 8 0 2 8 0 2 8 0 2 8 5 30 3 5 30 3 5 30 3 16 15 2 1 2 8 0 2 8 0 2 8 0 2 8 9 2 7 0 2 8 0 2 7 5 30 3 0.00336249043887583378 68.1511563062667847
0 2 7 1 2 7 0 2 7 0 2 3 0 2 7 0 2 7 0 2 7 1 2 7 12 16 2 12 16 2 0 2 4 0 2 7 0 2 7 5 30 3 0 2 7 6 2 7 17 9 2 0 2 7 1 2 7 1 2 7 17 9 2 1 2 7 1 2 4 0 2 7 0 2 3 2 3 3 12 16 2 12 16 2 0 2 7 5 31 3 5 31 3 0 2 4 17 18 2 0 2 7 0 2 7 12 16 2 6 2 7 0 2 7 1 2 7 1 2 7 12 16 2 0 2 7 0 2 7 0 2 7 5 31 3 1 2 7 16 18 11 1 2 7 5 30 3 0 2 7 1 2 7 1 2 7 13 6 3 0 2 7 0 2 4 16 18 11 16 31 2 1 2 7 1 2 7 12 16 2 0 62.0670324563980103
0 2 7 0 2 7 0 2 7 1 2 7 1 2 7 0 2 7 1 2 7 0 2 7 0 2 7 12 16 2 1 2 7 0 2 7 0 2 7 5 31 3 0 2 7 1 2 7 17 18 2 0 2 7 1 2 7 0 2 7 13 6 3 0 2 7 1 2 7 0 2 7 1 2 4 17 9 2 12 16 2 12 16 2 0 2 4 1 2 7 0 2 7 1 2 7 17 18 2 1 2 7 13 6 3 12 16 2 0 2 7 17 9 2 0 2 4 0 2 7 1 2 7 0 2 7 1 2 7 0 2 7 5 31 3 0 2 7 16 6 2 0 2 7 1 2 7 1 2 7 1 2 7 0 2 7 17 18 2 1 2 7 1 2 7 0 2 7 5 31 3 1 2 7 13 6 3 17 9 2 0 59.7211945056915283
16 19 11 0 2 8 0 2 8 0 2 8 1 2 8 0 2 3 8 9 2 0 2 8 0 2 8 0 2 8 0 2 11 0 2 8 16 19 11 5 30 3 0 2 8 5 30 3 8 18 2 8 18 2 1 2 7 17 18 2 5 30 3 0 2 8 12 16 2 5 30 3 0 2 8 12 16 2 0 2 8 0 2 8 0 2 8 12 16 2 5 30 3 0 2 3 0 2 7 16 19 11 0 2 7 16 6 2 0 2 11 0 2 7 1 2 3 1 2 11 0 2 7 0 2 8 0 2 7 0 2 3 0 2 7 0 2 8 16 6 2 0 2 7 5 30 3 5 30 3 16 19 11 0 2 3 0 2 7 1 2 8 0 2 7 0 2 7 5 30 3 0 2 8 5 30 3 8 9 2 0 66.7825760841369629
0 2 7 1 2 7 0 2 7 1 2 7 1 2 7 0 2 7 1 2 7 0 2 7 0 2 3 12 16 2 0 2 7 0 2 7 0 2 7 5 31 3 0 2 7 1 2 7 17 18 2 0 2 7 1 2 7 0 2 7 13 6 3 0 2 7 0 2 7 1 2 7 1 2 7 17 9 2 12 16 2 12 16 2 0 2 7 1 2 7 5 30 3 1 2 7 17 18 2 1 2 7 13 6 3 12 16 2 0 2 7 17 9 2 0 2 7 0 2 7 0 2 7 0 2 7 1 2 7 0 2 7 5 31 3 0 2 7 16 6 2 0 2 7 1 2 7 1 2 7 1 2 7 0 2 7 16 6 2 1 2 7 1 2 7 0 2 7 5 31 3 0 2 7 13 6 3 17 9 2 0 60.0091503858566284
16 19 12 1 2 8 0 2 8 8 18 2 0 2 8 0 2 8 8 9 2 8 18 2 16 19 12 0 2 8 16 19 12 1 2 8 5 30 3 1 2 8 1 2 8 5 30 3 8 18 2 8 18 2 0 2 8 8 18 2 16 15 2 0 2 8 8 18 2 8 18 2 0 2 8 0 2 8 0 2 8 8 18 2 16 19 12 5 30 3 0 2 8 0 2 8 0 2 8 16 6 2 0 2 8 5 30 3 0 2 8 1 2 8 0 2 8 1 2 8 0 2 8 8 9 2 0 2 8 0 2 8 0 2 8 0 2 8 0 2 8 0 2 8 5 30 3 5 30 3 5 30 3 16 15 2 1 2 8 0 2 8 0 2 8 0 2 8 9 2 7 0 2 8 0 2 7 5 30 3 0.00336249043887583378 68.1511563062667847
0 2 7 1 2 7 0 2 7 1 2 7 1 2 7 0 2 7 1 2 7 0 2 7 0 2 7 12 16 2 1 2 7 0 2 7 0 2 7 5 31 3 0 2 7 1 2 7 17 18 2 0 2 4 1 2 4 0 2 7 13 6 3 0 2 7 1 2 4 0 2 7 0 2 7 17 9 2 12 16 2 12 16 2 0 2 7 1 2 7 5 30 3 1 2 7 17 18 2 1 2 7 13 6 3 12 16 2 0 2 7 17 9 2 0 2 4 0 2 7 1 2 7 0 2 7 1 2 7 0 2 7 5 31 3 0 2 7 16 6 2 0 2 7 1 2 7 6 2 7 1 2 7 0 2 7 17 18 2 1 2 7 1 2 7 0 2 7 5 31 3 0 2 7 13 6 3 17 9 2 0 59.938682496547699
0 2 7 1 2 7 0 2 7 1 2 7 1 2 7 0 2 4 1 2 7 0 2 7 0 2 7 12 16 2 0 2 7 0 2 7 0 2 7 5 31 3 0 2 7 6 2 7 17 18 2 0 2 7 1 2 7 0 2 7 13 6 3 0 2 7 1 2 7 1 2 7 1 2 7 17 9 2 12 16 2 12 16 2 0 2 7 1 2 7 5 30 3 1 2 7 17 18 2 1 2 7 13 6 3 12 16 2 0 2 7 17 9 2 0 2 7 0 2 7 0 2 7 0 2 4 1 2 7 0 2 4 5 31 3 0 2 7 16 6 2 0 2 7 1 2 7 1 2 7 1 2 7 0 2 7 17 18 2 1 2 4 1 2 7 0 2 7 5 31 3 0 2 7 13 6 3 17 9 2 0 59.938682496547699
0 2 7 1 2 7 0 2 7 0 2 3 0 2 7 0 2 7 0 2 7 1 2 7 12 16 2 12 16 2 0 2 4 0 2 7 0 2 7 5 30 3 0 2 7 6 2 7 17 9 2 0 2 7 1 2 7 1 2 7 17 9 2 1 2 7 1 2 4 0 2 7 0 2 3 2 3 3 12 16 2 12 16 2 0 2 7 5 31 3 5 31 3 0 2 4 17 18 2 0 2 7 0 2 7 12 16 2 6 2 7 0 2 7 1 2 7 1 2 7 12 16 2 0 2 7 0 2 7 0 2 7 5 31 3 1 2 7 16 18 11 1 2 7 5 30 3 0 2 7 1 2 7 1 2 7 13 6 3 0 2 7 0 2 4 16 18 11 16 31 2 1 2 7 1 2 7 12 16 2 0 62.0670324563980103
0 2 7 1 2 7 0 2 7 0 2 4 1 2 7 0 2 7 0 2 7 6 2 7 1 2 7 16 9 11 0 2 7 1 2 7 0 2 7 5 30 3 0 2 7 1 2 4 5 30 3 17 9 2 0 2 7 1 2 7 13 6 3 0 2 7 0 2 4 0 2 7 0 2 7 1 2 7 12 16 2 12 16 2 0 2 7 17 9 2 8 9 2 1 2 7 17 9 2 0 2 4 13 6 3 12 16 2 1 2 7 12 16 2 1 2 7 0 2 7 0 2 4 5 31 3 5 30 3 0 2 7 5 30 3 0 2 4 17 18 2 16 15 2 0 2 7 0 2 4 0 2 7 0 2 7 5 31 3 1 2 7 0 2 7 1 2 7 12 16 2 0 2 7 0 2 7 17 9 2 0 61.2858573198318481
0 2 7 0 2 3 1 2 3 0 2 7 0 2 7 0 2 7 8 9 2 1 2 3 0 2 7 0 2 7 0 2 7 0 2 4 0 2 7 5 31 3 1 2 7 1 2 7 17 18 2 0 2 7 0 2 7 0 2 7 13 6 3 0 2 7 1 2 7 1 2 7 0 2 7 17 9 2 12 16 2 12 16 2 1 2 7 0 2 7 16 19 11 0 2 3 17 18 2 0 2 7 0 2 7 12 16 2 5 30 3 0 2 7 1 2 7 1 2 7 0 2 7 0 2 7 0 2 7 0 2 7 5 30 3 0 2 7 16 15 2 0 2 7 5 30 3 5 30 3 1 2 7 1 2 3 16 19 11 1 2 7 0 2 7 0 2 7 5 30 3 0 2 7 13 6 3 17 9 2 0 61.8609331846237183
0 2 7 0 2 7 0 2 7 1 2 7 1 2 7 0 2 7 1 2 7 0 2 7 0 2 7 12 16 2 1 2 7 0 2 7 0 2 7 5 31 3 0 2 7 1 2 7 17 18 2 0 2 7 1 2 7 0 2 7 13 6 3 0 2 7 1 2 7 0 2 7 1 2 4 17 9 2 12 16 2 12 16 2 0 2 4 1 2 7 0 2 7 1 2 7 17 18 2 1 2 7 13 6 3 12 16 2 0 2 7 17 9 2 0 2 4 0 2 7 1 2 7 0 2 7 1 2 7 0 2 7 5 31 3 0 2 7 16 6 2 0 2 7 1 2 7 1 2 7 1 2 7 0 2 7 17 18 2 1 2 7 1 2 7 0 2 7 5 31 3 1 2 7 13 6 3 17 9 2 0 59.7211945056915283
0 2 7 0 2 7 0 2 7 1 2 7 1 2 7 0 2 7 1 2 7 0 2 7 0 2 7 12 16 2 1 2 7 1 2 4 0 2 7 5 31 3 0 2 7 0 2 7 17 18 2 0 2 7 1 2 7 0 2 7 13 6 3 1 2 7 1 2 7 0 2 7 1 2 7 17 9 2 12 16 2 12 16 2 0 2 7 1 2 4 0 2 7 1 2 7 17 18 2 1 2 7 13 6 3 12 16 2 0 2 7 17 9 2 0 2 7 0 2 7 1 2 7 1 2 7 1 2 4 0 2 7 5 31 3 0 2 7 16 6 2 0 2 7 0 2 7 1 2 7 0 2 7 0 2 7 17 18 2 1 2 7 1 2 7 0 2 7 5 31 3 1 2 7 13 6 3 17 9 2 0 59.7211945056915283
0 2 7 0 2 7 0 2 7 1 2 7 1 2 7 0 2 7 1 2 7 0 2 7 0 2 7 12 16 2 1 2 7 1 2 7 0 2 7 5 31 3 0 2 7 0 2 7 17 18 2 0 2 4 1 2 7 0 2 7 13 6 3 0 2 7 1 2 7 0 2 7 1 2 7 17 9 2 12 16 2 12 16 2 0 2 7 1 2 7 0 2 7 1 2 7 17 18 2 1 2 7 13 6 3 12 16 2 0 2 7 17 9 2 0 2 7 1 2 7 1 2 7 0 2 7 1 2 4 0 2 7 5 31 3 0 2 7 16 6 2 0 2 7 0 2 7 1 2 7 0 2 7 0 2 7 17 18 2 1 2 7 1 2 7 1 2 7 5 31 3 1 2 4 13 6 3 17 9 2 0 59.7211945056915283
16 19 11 0 2 8 0 2 8 0 2 8 1 2 8 0 2 3 8 9 2 0 2 8 0 2 8 0 2 8 0 2 11 0 2 8 16 19 11 5 30 3 0 2 8 5 30 3 8 18 2 8 18 2 1 2 7 17 18 2 5 30 3 0 2 8 12 16 2 5 30 3 0 2 8 12 16 2 0 2 8 0 2 8 0 2 8 12 16 2 5 30 3 0 2 3 0 2 7 16 19 11 0 2 7 16 6 2 0 2 11 0 2 7 1 2 3 1 2 11 0 2 7 0 2 8 0 2 7 0 2 3 0 2 7 0 2 8 16 6 2 0 2 7 5 30 3 5 30 3 16 19 11 0 2 3 0 2 7 1 2 8 0 2 7 0 2 7 5 30 3 0 2 8 5 30 3 8 9 2 0 66.7825760841369629
16 19 12 1 2 8 0 2 8 8 18 2 0 2 8 0 2 8 8 9 2 8 18 2 16 19 12 0 2 8 16 19 12 1 2 8 5 30 3 1 2 8 1 2 8 5 30 3 8 18 2 8 18 2 0 2 8 8 18 2 16 15 2 0 2 8 8 18 2 8 18 2 0 2 8 0 2 8 0 2 8 8 18 2 16 19 12 5 30 3 0 2 8 0 2 8 0 2 8 16 6 2 0 2 8 5 30 3 0 2 8 1 2 8 0 2 8 1 2 8 0 2 8 8 9 2 0 2 8 0 2 8 0 2 8 0 2 8 0 2 8 0 2 8 5 30 3 5 30 3 5 30 3 16 15 2 1 2 8 0 2 8 0 2 8 0 2 8 9 2 7 0 2 8 0 2 7 5 30 3 0.00336249043887583378 68.1511563062667847
0 2 7 0 2 4 0 2 7 1 2 7 1 2 7 0 2 7 1 2 4 0 2 7 1 2 7 12 16 2 1 2 7 1 2 7 0 2 7 5 31 3 0 2 7 0 2 7 17 18 2 0 2 7 1 2 7 1 2 7 13 6 3 0 2 7 1 2 7 0 2 7 1 2 7 17 9 2 12 16 2 12 16 2 0 2 7 1 2 7 0 2 7 1 2 7 17 18 2 1 2 7 13 6 3 12 16 2 0 2 7 17 9 2 0 2 7 0 2 7 1 2 7 0 2 7 1 2 4 0 2 7 5 31 3 0 2 7 16 6 2 0 2 7 0 2 7 1 2 7 1 2 7 0 2 7 17 18 2 1 2 7 1 2 7 0 2 7 5 31 3 0 2 7 13 6 3 17 9 2 0 59.7211945056915283
0 2 7 0 2 7 0 2 7 1 2 7 1 2 7 0 2 7 1 2 7 1 2 4 0 2 7 12 16 2 1 2 7 1 2 7 0 2 7 5 31 3 0 2 7 0 2 7 17 18 2 0 2 7 1 2 7 0 2 7 13 6 3 0 2 7 1 2 7 1 2 7 1 2 7 17 9 2 12 16 2 12 16 2 0 2 7 1 2 7 0 2 4 1 2 7 17 18 2 1 2 7 13 6 3 12 16 2 0 2 7 17 9 2 0 2 7 1 2 7 0 2 7 1 2 7 1 2 7 0 2 7 5 31 3 0 2 7 16 6 2 0 2 7 0 2 7 1 2 7 0 2 4 0 2 7 17 18 2 1 2 7 1 2 7 0 2 7 5 31 3 0 2 7 13 6 3 17 9 2 0 59.7211945056915283
1 2 7 1 2 7 0 2 7 1 2 7 1 2 4 0 2 7 0 2 7 0 2 7 1 2 7 16 6 2 0 2 7 0 2 7 0 2 7 5 30 3 1 2 7 0 2 7 8 18 2 1 2 7 1 2 7 0 2 7 13 6 3 0 2 7 0 2 7 0 2 3 1 2 7 17 9 2 12 16 2 12 16 2 1 2 7 0 2 7 0 2 4 0 2 4 17 9 2 1 2 7 13 6 3 12 16 2 0 2 7 17 18 2 0 2 7 0 2 7 0 2 7 5 30 3 5 31 3 0 2 7 5 30 3 1 2 7 17 9 2 16 19 11 0 2 7 0 2 7 0 2 7 1 2 7 0 2 4 1 2 7 1 2 7 5 31 3 1 2 3 0 2 7 0 2 7 17 9 2 0 60.8235623836517334
0 2 7 1 2 7 0 2 7 0 2 3 0 2 7 0 2 7 0 2 7 1 2 7 12 16 2 12 16 2 0 2 4 0 2 7 0 2 7 5 30 3 0 2 7 6 2 7 17 9 2 0 2 7 1 2 7 1 2 7 17 9 2 1 2 7 1 2 4 0 2 7 0 2 3 2 3 3 12 16 2 12 16 2 0 2 7 5 31 3 5 31 3 0 2 4 17 18 2 0 2 7 0 2 7 12 16 2 6 2 7 0 2 7 1 2 7 1 2 7 12 16 2 0 2 7 0 2 7 0 2 7 5 31 3 1 2 7 16 18 11 1 2 7 5 30 3 0 2 7 1 2 7 1 2 7 13 6 3 0 2 7 0 2 4 16 18 11 16 31 2 1 2 7 1 2 7 12 16 2 0 62.0670324563980103
0 2 7 0 2 4 1 2 7 0 2 7 0 2 7 0 2 7 5 30 3 0 2 7 0 2 7 5 31 3 0 2 7 1 2 7 6 2 4 5 30 3 1 2 7 0 2 7 17 18 2 0 2 7 15 2 11 0 2 7 13 6 3 0 2 7 0 2 7 0 2 7 0 2 11 17 9 2 12 16 2 12 16 2 5 30 3 0 2 7 0 2 7 0 2 7 17 18 2 0 2 7 5 30 3 12 16 2 1 2 7 16 31 2 0 2 7 0 2 7 0 2 7 0 2 7 0 2 7 0 2 7 5 30 3 0 2 7 16 6 2 1 2 7 5 30 3 17 9 2 0 2 7 1 2 7 16 19 11 1 2 7 1 2 7 1 2 10 5 30 3 1 2 7 13 6 3 0 2 7 0 61.5059681534767151
0 2 7 0 2 7 0 2 7 1 2 7 1 2 7 0 2 7 1 2 7 0 2 7 1 2 7 12 16 2 1 2 7 1 2 7 0 2 7 5 31 3 0 2 7 1 2 4 17 18 2 0 2 4 0 2 7 1 2 7 13 6 3 0 2 7 1 2 7 1 2 7 1 2 7 17 9 2 12 16 2 12 16 2 0 2 7 1 2 7 0 2 7 1 2 7 17 18 2 1 2 7 13 6 3 12 16 2 0 2 7 17 9 2 0 2 7 0 2 7 0 2 7 0 2 7 1 2 7 0 2 7 5 31 3 0 2 7 16 6 2 0 2 7 0 2 7 1 2 7 1 2 7 0 2 7 17 18 2 1 2 7 1 2 4 0 2 7 5 31 3 0 2 7 13 6 3 17 9 2 0 59.7211945056915283
0 2 7 0 2 7 0 2 7 1 2 7 0 2 7 0 2 7 1 2 7 0 2 7 1 2 7 12 16 2 0 2 7 1 2 7 0 2 7 5 31 3 0 2 7 1 2 4 17 18 2 0 2 7 1 2 7 1 2 7 13 6 3 0 2 7 1 2 7 0 2 7 1 2 7 17 9 2 12 16 2 12 16 2 0 2 7 1 2 7 0 2 7 1 2 7 17 18 2 1 2 4 13 6 3 12 16 2 0 2 7 17 9 2 1 2 7 1 2 7 0 2 7 0 2 7 1 2 4 0 2 7 5 31 3 0 2 7 16 6 2 0 2 7 1 2 7 1 2 7 0 2 7 0 2 7 17 18 2 1 2 7 1 2 7 0 2 7 5 31 3 0 2 7 13 6 3 17 9 2 0 59.7211945056915283
0 2 7 1 2 7 0 2 7 0 2 3 0 2 7 0 2 7 0 2 7 1 2 7 12 16 2 12 16 2 0 2 4 0 2 7 0 2 7 5 30 3 0 2 7 6 2 7 17 9 2 0 2 7 1 2 7 1 2 7 17 9 2 1 2 7 1 2 4 0 2 7 0 2 3 2 3 3 12 16 2 12 16 2 0 2 7 5 31 3 5 31 3 0 2 4 17 18 2 0 2 7 0 2 7 12 16 2 6 2 7 0 2 7 1 2 7 1 2 7 12 16 2 0 2 7 0 2 7 0 2 7 5 31 3 1 2 7 16 18 11 1 2 7 5 30 3 0 2 7 1 2 7 1 2 7 13 6 3 0 2 7 0 2 4 16 18 11 16 31 2 1 2 7 1 2 7 12 16 2 0 62.0670324563980103
0 2 7 0 2 7 0 2 7 0 2 7 0 2 7 0 2 7 1 2 7 0 2 7 13 6 3 16 6 2 1 2 7 1 2 7 0 2 7 5 30 3 0 2 7 1 2 7 17 18 2 0 2 7 5 31 3 0 2 7 13 6 3 6 2 7 0 2 7 16 19 11 5 30 3 17 9 2 12 16 2 12 16 2 0 2 7 1 2 4 0 2 3 0 2 4 17 18 2 0 2 4 1 2 7 12 16 2 1 2 7 6 2 7 0 2 4 0 2 7 0 2 4 1 2 7 0 2 7 0 2 3 5 30 3 1 2 3 16 6 2 0 2 7 0 2 7 0 2 7 0 2 7 1 2 7 17 18 2 1 2 3 5 31 3 0 2 7 5 31 3 0 2 7 1 2 7 12 16 2 0 61.2789283990859985
0 2 7 0 2 7 0 2 7 1 2 7 0 2 7 0 2 7 1 2 7 0 2 7 1 2 7 12 16 2 0 2 7 1 2 7 0 2 7 5 31 3 0 2 7 1 2 4 17 18 2 0 2 7 1 2 7 1 2 7 13 6 3 0 2 7 1 2 7 0 2 7 1 2 7 17 9 2 12 16 2 12 16 2 0 2 7 1 2 7 0 2 7 1 2 7 17 18 2 1 2 4 13 6 3 12 16 2 0 2 7 17 9 2 1 2 7 1 2 7 0 2 7 0 2 7 1 2 4 0 2 7 5 31 3 0 2 7 16 6 2 0 2 7 1 2 7 1 2 7 0 2 7 0 2 7 17 18 2 1 2 7 1 2 7 0 2 7 5 31 3 0 2 7 13 6 3 17 9 2 0 59.7211945056915283
0 2 7 0 2 7 0 2 7 1 2 7 0 2 7 0 2 7 0 2 7 1 2 7 1 2 7 12 16 2 0 2 7 1 2 7 0 2 4 5 31 3 0 2 7 1 2 7 17 18 2 0 2 7 1 2 7 1 2 7 13 6 3 0 2 7 1 2 7 1 2 7 1 2 7 17 9 2 12 16 2 12 16 2 0 2 7 1 2 7 0 2 7 1 2 7 17 18 2 1 2 7 13 6 3 12 16 2 0 2 7 17 9 2 0 2 7 1 2 7 0 2 7 0 2 7 1 2 7 0 2 4 5 31 3 0 2 4 16 6 2 0 2 7 1 2 7 1 2 7 0 2 7 0 2 7 17 18 2 1 2 7 1 2 7 0 2 7 5 31 3 0 2 7 13 6 3 17 9 2 0 59.7211945056915283
16 19 11 0 2 8 0 2 8 0 2 8 1 2 8 0 2 3 8 9 2 0 2 8 0 2 8 0 2 8 0 2 11 0 2 8 16 19 11 5 30 3 0 2 8 5 30 3 8 18 2 8 18 2 1 2 7 17 18 2 5 30 3 0 2 8 12 16 2 5 30 3 0 2 8 12 16 2 0 2 8 0 2 8 0 2 8 12 16 2 5 30 3 0 2 3 0 2 7 16 19 11 0 2 7 16 6 2 0 2 11 0 2 7 1 2 3 1 2 11 0 2 7 0 2 8 0 2 7 0 2 3 0 2 7 0 2 8 16 6 2 0 2 7 5 30 3 5 30 3 16 19 11 0 2 3 0 2 7 1 2 8 0 2 7 0 2 7 5 30 3 0 2 8 5 30 3 8 9 2 0 66.7825760841369629
0 2 7 0 2 7 0 2 7 1 2 7 1 2 7 0 2 7 0 2 7 0 2 7 1 2 7 12 16 2 0 2 7 1 2 7 0 2 7 5 31 3 0 2 7 1 2 7 17 18 2 0 2 7 1 2 7 1 2 7 13 6 3 0 2 7 1 2 7 1 2 7 1 2 7 17 9 2 12 16 2 12 16 2 0 2 7 1 2 7 0 2 7 1 2 7 17 18 2 0 2 4 13 6 3 12 16 2 0 2 4 17 9 2 1 2 7 1 2 7 0 2 7 0 2 7 1 2 4 0 2 7 5 31 3 0 2 7 16 6 2 0 2 7 1 2 7 1 2 7 0 2 7 0 2 7 17 18 2 1 2 7 1 2 7 0 2 7 5 31 3 0 2 7 13 6 3 17 9 2 0 59.7211945056915283
16 19 12 1 2 8 0 2 8 8 18 2 0 2 8 0 2 8 8 9 2 8 18 2 16 19 12 0 2 8 16 19 12 1 2 8 5 30 3 1 2 8 1 2 8 5 30 3 8 18 2 8 18 2 0 2 8 8 18 2 16 15 2 0 2 8 8 18 2 8 18 2 0 2 8 0 2 8 0 2 8 8 18 2 16 19 12 5 30 3 0 2 8 0 2 8 0 2 8 16 6 2 0 2 8 5 30 3 0 2 8 1 2 8 0 2 8 1 2 8 0 2 8 8 9 2 0 2 8 0 2 8 0 2 8 0 2 8 0 2 8 0 2 8 5 30 3 5 30 3 5 30 3 16 15 2 1 2 8 0 2 8 0 2 8 0 2 8 9 2 7 0 2 8 0 2 7 5 30 3 0.00336249043887583378 68.1511563062667847
0 2 7 0 2 7 0 2 7 1 2 7 1 2 7 0 2 7 0 2 7 0 2 7 1 2 7 12 16 2 0 2 7 1 2 7 0 2 7 5 31 3 0 2 7 1 2 7 17 18 2 0 2 7 1 2 7 1 2 7 13 6 3 0 2 7 1 2 7 1 2 7 1 2 7 17 9 2 12 16 2 12 16 2 0 2 7 1 2 7 0 2 7 1 2 7 17 18 2 0 2 4 13 6 3 12 16 2 0 2 4 17 9 2 1 2 7 1 2 7 0 2 7 0 2 7 1 2 4 0 2 7 5 31 3 0 2 7 16 6 2 0 2 7 1 2 7 1 2 7 0 2 7 0 2 7 17 18 2 1 2 7 1 2 7 0 2 7 5 31 3 0 2 7 13 6 3 17 9 2 0 59.7211945056915283
0 2 7 0 2 7 0 2 7 1 2 7 0 2 7 0 2 7 1 2 7 0 2 7 1 2 7 12 16 2 0 2 7 1 2 7 0 2 7 5 31 3 0 2 7 1 2 4 17 18 2 0 2 7 1 2 7 1 2 7 13 6 3 0 2 7 1 2 7 0 2 7 1 2 7 17 9 2 12 16 2 12 16 2 0 2 7 1 2 7 0 2 7 1 2 7 17 18 2 1 2 4 13 6 3 12 16 2 0 2 7 17 9 2 1 2 7 1 2 7 0 2 7 0 2 7 1 2 4 0 2 7 5 31 3 0 2 7 16 6 2 0 2 7 1 2 7 1 2 7 0 2 7 0 2 7 17 18 2 1 2 7 1 2 7 0 2 7 5 31 3 0 2 7 13 6 3 17 9 2 0 59.7211945056915283
0 2 7 0 2 7 0 2 7 1 2 7 0 2 7 0 2 7 0 2 7 0 2 7 1 2 7 12 16 2 0 2 7 1 2 7 0 2 4 5 31 3 0 2 7 1 2 7 17 18 2 0 2 7 1 2 7 1 2 7 13 6 3 0 2 7 1 2 7 1 2 7 1 2 7 17 9 2 12 16 2 12 16 2 0 2 7 1 2 7 0 2 7 1 2 7 17 18 2 1 2 7 13 6 3 12 16 2 0 2 7 17 9 2 1 2 7 1 2 7 0 2 7 0 2 4 1 2 7 0 2 7 5 31 3 0 2 7 16 6 2 0 2 7 1 2 4 1 2 7 0 2 7 0 2 7 17 18 2 1 2 7 1 2 7 0 2 7 5 31 3 0 2 7 13 6 3 17 9 2 0 59.7211945056915283
0 2 7 0 2 7 0 2 7 1 2 7 0 2 7 0 2 7 0 2 7 0 2 7 1 2 7 12 16 2 0 2 7 1 2 7 0 2 4 5 31 3 0 2 7 1 2 7 17 18 2 0 2 7 1 2 7 1 2 7 13 6 3 0 2 7 1 2 7 1 2 7 1 2 7 17 9 2 12 16 2 12 16 2 0 2 7 1 2 7 0 2 7 1 2 7 17 18 2 1 2 7 13 6 3 12 16 2 0 2 7 17 9 2 1 2 7 1 2 7 0 2 4 0 2 7 1 2 7 0 2 7 5 31 3 0 2 7 16 6 2 0 2 7 1 2 7 1 2 7 0 2 4 0 2 7 17 18 2 1 2 7 1 2 7 0 2 7 5 31 3 0 2 7 13 6 3 17 9 2 0 59.7211945056915283
16 19 12 1 2 8 0 2 8 8 18 2 0 2 8 0 2 8 8 9 2 8 18 2 16 19 12 0 2 8 16 19 12 1 2 8 5 30 3 1 2 8 1 2 8 5 30 3 8 18 2 8 18 2 0 2 8 8 18 2 16 15 2 0 2 8 8 18 2 8 18 2 0 2 8 0 2 8 0 2 8 8 18 2 16 19 12 5 30 3 0 2 8 0 2 8 0 2 8 16 6 2 0 2 8 5 30 3 0 2 8 1 2 8 0 2 8 1 2 8 0 2 8 8 9 2 0 2 8 0 2 8 0 2 8 0 2 8 0 2 8 0 2 8 5 30 3 5 30 3 5 30 3 16 15 2 1 2 8 0 2 8 0 2 8 0 2 8 9 2 7 0 2 8 0 2 7 5 30 3 0.00336249043887583378 68.1511563062667847
0 2 7 1 2 7 0 2 7 0 2 3 0 2 7 0 2 7 0 2 7 1 2 7 12 16 2 12 16 2 0 2 4 0 2 7 0 2 7 5 30 3 0 2 7 6 2 7 17 9 2 0 2 7 1 2 7 1 2 7 17 9 2 1 2 7 1 2 4 0 2 7 0 2 3 2 3 3 12 16 2 12 16 2 0 2 7 5 31 3 5 31 3 0 2 4 17 18 2 0 2 7 0 2 7 12 16 2 6 2 7 0 2 7 1 2 7 1 2 7 12 16 2 0 2 7 0 2 7 0 2 7 5 31 3 1 2 7 16 18 11 1 2 7 5 30 3 0 2 7 1 2 7 1 2 7 13 6 3 0 2 7 0 2 4 16 18 11 16 31 2 1 2 7 1 2 7 12 16 2 0 62.0670324563980103
0 2 7 0 2 7 0 2 7 1 2 7 0 2 7 0 2 7 0 2 7 1 2 7 1 2 7 12 16 2 0 2 7 1 2 7 0 2 7 5 31 3 0 2 7 1 2 7 17 18 2 0 2 7 1 2 7 1 2 7 13 6 3 0 2 7 1 2 7 1 2 4 1 2 7 17 9 2 12 16 2 12 16 2 0 2 7 1 2 7 0 2 7 1 2 7 17 18 2 1 2 7 13 6 3 12 16 2 0 2 4 17 9 2 1 2 7 1 2 7 0 2 7 0 2 4 0 2 7 0 2 7 5 31 3 0 2 7 16 6 2 0 2 7 1 2 7 1 2 7 0 2 7 0 2 7 17 18 2 1 2 7 1 2 7 0 2 7 5 31 3 0 2 7 13 6 3 17 9 2 0 59.7211945056915283
0 2 7 0 2 11 5 31 3 0 2 7 0 2 7 1 2 7 0 2 7 0 2 7 0 2 7 12 16 2 0 2 7 1 2 7 0 2 7 5 30 3 0 2 7 1 2 7 17 18 2 0 2 4 0 2 11 1 2 4 13 6 3 0 2 7 1 2 7 1 2 7 1 2 7 17 9 2 8 18 2 17 18 2 0 2 11 0 2 7 0 2 7 0 2 7 16 30 2 0 2 7 1 2 4 12 16 2 0 2 7 12 16 2 0 2 7 0 2 7 0 2 7 1 2 7 1 2 7 0 2 7 5 30 3 1 2 11 16 24 2 0 2 7 0 2 7 8 9 2 1 2 7 0 2 7 5 30 3 1 2 4 0 2 7 5 31 3 5 30 3 16 6 2 5 30 3 17 18 2 0 61.4671655893325806
0 2 7 0 2 7 0 2 7 1 2 7 0 2 7 0 2 7 0 2 7 0 2 7 1 2 7 12 16 2 0 2 7 1 2 7 0 2 4 5 31 3 0 2 7 1 2 7 17 18 2 0 2 7 1 2 7 1 2 7 13 6 3 0 2 7 1 2 7 1 2 4 1 2 7 17 9 2 12 16 2 12 16 2 0 2 7 1 2 7 0 2 7 1 2 7 17 18 2 1 2 7 13 6 3 12 16 2 0 2 7 17 9 2 1 2 7 1 2 7 0 2 7 0 2 7 1 2 7 0 2 7 5 31 3 0 2 7 16 6 2 0 2 7 1 2 7 1 2 7 0 2 4 0 2 7 17 18 2 1 2 7 1 2 7 0 2 7 5 31 3 0 2 7 13 6 3 17 9 2 0 59.7211945056915283
0 2 7 0 2 7 0 2 7 1 2 7 0 2 7 0 2 7 0 2 7 0 2 7 1 2 7 12 16 2 0 2 7 1 2 7 0 2 7 5 31 3 0 2 4 1 2 7 17 18 2 0 2 7 1 2 7 1 2 7 13 6 3 0 2 7 1 2 7 1 2 4 1 2 7 17 9 2 12 16 2 12 16 2 0 2 7 1 2 7 0 2 7 1 2 7 17 18 2 1 2 7 13 6 3 12 16 2 0 2 7 17 9 2 1 2 7 1 2 7 0 2 7 0 2 7 1 2 7 0 2 7 5 31 3 0 2 7 16 6 2 0 2 7 1 2 7 1 2 7 0 2 4 0 2 7 17 18 2 1 2 7 1 2 7 0 2 7 5 31 3 0 2 7 13 6 3 17 9 2 0 59.7211945056915283
0 2 7 0 2 7 0 2 7 1 2 7 0 2 7 0 2 7 0 2 7 0 2 7 1 2 7 12 16 2 0 2 7 1 2 7 0 2 4 5 31 3 0 2 7 1 2 7 17 18 2 0 2 7 1 2 7 1 2 7 13 6 3 0 2 7 1 2 7 1 2 7 1 2 7 17 9 2 12 16 2 12 16 2 0 2 7 1 2 7 0 2 7 1 2 7 17 18 2 1 2 7 13 6 3 12 16 2 0 2 7 17 9 2 1 2 7 1 2 7 0 2 4 0 2 4 1 2 7 0 2 7 5 31 3 0 2 7 16 6 2 0 2 7 1 2 7 1 2 7 0 2 7 0 2 7 17 18 2 1 2 7 1 2 7 0 2 7 5 31 3 0 2 7 13 6 3 17 9 2 0 59.7211945056915283
0 2 7 0 2 7 0 2 7 0 2 7 0 2 7 0 2 7 1 2 7 0 2 7 13 6 3 16 6 2 1 2 7 1 2 7 0 2 7 5 30 3 0 2 7 1 2 7 17 18 2 0 2 7 5 31 3 0 2 7 13 6 3 0 2 4 0 2 7 16 19 11 5 30 3 17 9 2 12 16 2 12 16 2 0 2 7 1 2 4 0 2 7 0 2 4 17 18 2 0 2 4 1 2 7 12 16 2 1 2 7 6 2 7 0 2 4 0 2 7 0 2 7 1 2 4 0 2 7 0 2 7 5 30 3 1 2 3 16 6 2 0 2 7 0 2 7 0 2 7 0 2 7 1 2 7 17 18 2 1 2 3 5 31 3 0 2 7 5 31 3 0 2 7 1 2 7 12 16 2 0 61.1531873345375061
0 2 7 0 2 7 0 2 7 1 2 7 0 2 7 0 2 7 0 2 7 0 2 7 1 2 7 12 16 2 0 2 7 1 2 7 0 2 7 5 31 3 0 2 7 1 2 4 17 18 2 0 2 7 1 2 7 0 2 7 13 6 3 0 2 4 1 2 7 1 2 7 1 2 7 17 9 2 12 16 2 12 16 2 0 2 7 1 2 7 0 2 7 1 2 7 17 18 2 1 2 7 13 6 3 12 16 2 0 2 7 17 9 2 1 2 7 0 2 7 0 2 7 1 2 7 1 2 7 0 2 7 5 31 3 0 2 7 16 6 2 0 2 7 1 2 7 1 2 7 1 2 7 0 2 7 17 18 2 1 2 4 1 2 7 0 2 7 5 31 3 0 2 7 13 6 3 17 9 2 0 59.7211945056915283
16 19 12 1 2 8 0 2 8 8 18 2 0 2 8 0 2 8 8 9 2 8 18 2 16 19 12 0 2 8 16 19 12 1 2 8 5 30 3 1 2 8 1 2 8 5 30 3 8 18 2 8 18 2 0 2 8 8 18 2 16 15 2 0 2 8 8 18 2 8 18 2 0 2 8 0 2 8 0 2 8 8 18 2 16 19 12 5 30 3 0 2 8 0 2 8 0 2 8 16 6 2 0 2 8 5 30 3 0 2 8 1 2 8 0 2 8 1 2 8 0 2 8 8 9 2 0 2 8 0 2 8 0 2 8 0 2 8 0 2 8 0 2 8 5 30 3 5 30 3 5 30 3 16 15 2 1 2 8 0 2 8 0 2 8 0 2 8 9 2 7 0 2 8 0 2 7 5 30 3 0.00336249043887583378 68.1511563062667847
0 2 7 0 2 7 0 2 7 1 2 7 0 2 7 0 2 7 0 2 7 0 2 7 1 2 7 12 16 2 0 2 7 1 2 7 0 2 7 5 31 3 0 2 7 1 2 7 17 18 2 0 2 7 1 2 7 1 2 7 13 6 3 0 2 4 1 2 7 1 2 7 1 2 7 17 9 2 12 16 2 12 16 2 0 2 7 1 2 7 0 2 7 1 2 7 17 18 2 1 2 4 13 6 3 12 16 2 0 2 7 17 9 2 1 2 7 0 2 7 0 2 7 0 2 7 1 2 7 0 2 7 5 31 3 0 2 7 16 6 2 0 2 7 1 2 7 1 2 4 1 2 7 0 2 7 17 18 2 1 2 7 1 2 7 0 2 7 5 31 3 0 2 7 13 6 3 17 9 2 0 59.7211945056915283
0 2 7 0 2 7 0 2 7 1 2 7 0 2 7 0 2 7 0 2 4 1 2 7 1 2 7 12 16 2 0 2 7 1 2 7 0 2 4 5 31 3 0 2 7 1 2 7 17 18 2 0 2 7 1 2 7 1 2 7 13 6 3 0 2 7 1 2 7 0 2 4 1 2 7 17 9 2 12 16 2 12 16 2 0 2 7 1 2 7 0 2 7 1 2 7 17 18 2 1 2 7 13 6 3 12 16 2 0 2 7 17 9 2 1 2 7 1 2 7 0 2 7 0 2 7 1 2 7 0 2 7 5 31 3 0 2 7 16 6 2 0 2 7 1 2 7 1 2 7 0 2 7 0 2 7 17 18 2 1 2 7 1 2 7 0 2 7 5 31 3 0 2 7 13 6 3 17 9 2 0 59.7211945056915283
0 2 7 0 2 7 0 2 7 1 2 7 1 2 7 0 2 7 0 2 7 0 2 7 1 2 7 12 16 2 0 2 7 1 2 7 0 2 4 5 31 3 0 2 7 1 2 7 17 18 2 0 2 7 1 2 7 1 2 7 13 6 3 0 2 4 1 2 7 1 2 7 0 2 7 17 9 2 12 16 2 12 16 2 0 2 7 1 2 7 0 2 7 1 2 7 17 18 2 1 2 7 13 6 3 12 16 2 0 2 7 17 9 2 1 2 7 0 2 7 0 2 7 0 2 7 1 2 7 0 2 7 5 31 3 0 2 7 16 6 2 0 2 7 1 2 7 1 2 4 1 2 7 0 2 7 17 18 2 1 2 7 1 2 7 0 2 7 5 31 3 0 2 7 13 6 3 17 9 2 0 59.7211945056915283
0 2 7 0 2 7 0 2 7 1 2 7 0 2 7 0 2 7 0 2 7 0 2 7 1 2 7 12 16 2 0 2 4 1 2 7 0 2 7 5 31 3 0 2 7 1 2 7 17 18 2 0 2 7 1 2 7 1 2 7 13 6 3 0 2 7 1 2 7 1 2 7 1 2 7 17 9 2 12 16 2 12 16 2 0 2 4 1 2 7 0 2 7 1 2 7 17 18 2 1 2 7 13 6 3 12 16 2 0 2 7 17 9 2 1 2 7 0 2 7 0 2 7 0 2 7 1 2 7 0 2 7 5 31 3 0 2 7 16 6 2 0 2 7 1 2 7 1 2 4 1 2 7 0 2 7 17 18 2 1 2 7 1 2 7 0 2 7 5 31 3 0 2 7 13 6 3 17 9 2 0 59.7211945056915283
0 2 7 0 2 7 0 2 7 0 2 7 0 2 7 0 2 7 1 2 7 0 2 7 13 6 3 16 6 2 1 2 7 1 2 7 0 2 7 5 30 3 0 2 7 1 2 7 17 18 2 0 2 7 5 31 3 0 2 7 13 6 3 0 2 4 0 2 7 16 19 11 5 30 3 17 9 2 12 16 2 12 16 2 0 2 7 1 2 4 0 2 7 0 2 4 17 18 2 0 2 4 1 2 7 12 16 2 1 2 7 6 2 7 0 2 4 0 2 7 0 2 7 1 2 4 0 2 7 0 2 7 5 30 3 1 2 3 16 6 2 0 2 7 0 2 7 0 2 7 0 2 7 1 2 7 17 18 2 1 2 3 5 31 3 0 2 7 5 31 3 0 2 7 1 2 7 12 16 2 0 61.1531873345375061
0 2 7 0 2 7 0 2 7 1 2 7 1 2 7 0 2 7 0 2 7 1 2 7 1 2 4 12 16 2 0 2 7 1 2 7 0 2 7 5 31 3 0 2 7 0 2 7 17 18 2 0 2 7 1 2 4 0 2 7 13 6 3 0 2 7 1 2 7 0 2 7 1 2 7 17 9 2 12 16 2 12 16 2 0 2 7 1 2 7 0 2 7 1 2 7 17 18 2 1 2 4 13 6 3 12 16 2 0 2 7 17 9 2 1 2 7 1 2 7 0 2 7 0 2 7 1 2 7 0 2 7 5 31 3 0 2 7 16 6 2 1 2 7 1 2 7 1 2 7 0 2 7 0 2 7 17 18 2 1 2 7 1 2 7 0 2 7 5 31 3 0 2 7 13 6 3 17 9 2 0 59.7211945056915283
0 2 7 1 2 7 0 2 7 0 2 3 0 2 7 0 2 7 0 2 7 1 2 7 12 16 2 12 16 2 0 2 4 0 2 7 0 2 7 5 30 3 0 2 7 6 2 7 17 9 2 0 2 7 1 2 7 1 2 7 17 9 2 1 2 7 1 2 4 0 2 7 0 2 3 2 3 3 12 16 2 12 16 2 0 2 7 5 31 3 5 31 3 0 2 4 17 18 2 0 2 7 0 2 7 12 16 2 6 2 7 0 2 7 1 2 7 1 2 7 12 16 2 0 2 7 0 2 7 0 2 7 5 31 3 1 2 7 16 18 11 1 2 7 5 30 3 0 2 7 1 2 7 1 2 7 13 6 3 0 2 7 0 2 4 16 18 11 16 31 2 1 2 7 1 2 7 12 16 2 0 62.0670324563980103
0 2 7 0 2 7 5 30 3 0 2 7 0 2 7 1 2 7 0 2 7 0 2 7 0 2 7 12 16 2 0 2 7 1 2 7 0 2 7 5 30 3 0 2 7 1 2 7 17 18 2 0 2 7 0 2 7 1 2 11 13 6 3 0 2 4 1 2 7 1 2 7 1 2 11 17 9 2 8 18 2 17 18 2 1 2 7 0 2 7 0 2 7 0 2 11 16 30 2 0 2 11 1 2 4 12 16 2 0 2 7 12 16 2 0 2 7 0 2 7 0 2 7 0 2 7 1 2 7 0 2 7 5 30 3 1 2 7 16 24 2 0 2 7 0 2 4 8 9 2 1 2 7 0 2 4 5 30 3 1 2 7 0 2 7 5 31 3 5 30 3 16 6 2 5 31 3 17 18 2 0 61.467165470123291
0 2 7 0 2 7 0 2 7 1 2 7 0 2 7 0 2 7 0 2 7 1 2 7 1 2 7 12 16 2 0 2 7 1 2 7 0 2 7 5 31 3 0 2 7 1 2 7 17 18 2 0 2 7 1 2 4 1 2 7 13 6 3 0 2 7 1 2 7 1 2 4 0 2 7 17 9 2 12 16 2 12 16 2 0 2 7 1 2 7 0 2 7 1 2 7 17 18 2 1 2 7 13 6 3 12 16 2 0 2 7 17 9 2 1 2 7 0 2 7 0 2 7 0 2 7 1 2 7 0 2 7 5 31 3 0 2 7 16 6 2 0 2 7 1 2 7 1 2 7 1 2 4 0 2 7 17 18 2 1 2 7 1 2 7 0 2 7 5 31 3 0 2 7 13 6 3 17 9 2 0 59.7211945056915283
0 2 7 0 2 7 0 2 7 1 2 7 0 2 7 0 2 7 0 2 7 1 2 7 1 2 7 12 16 2 0 2 4 1 2 7 0 2 7 5 31 3 0 2 7 1 2 7 17 18 2 0 2 7 1 2 4 1 2 7 13 6 3 0 2 7 1 2 7 1 2 7 0 2 7 17 9 2 12 16 2 12 16 2 0 2 7 1 2 7 0 2 7 1 2 7 17 18 2 1 2 7 13 6 3 12 16 2 0 2 7 17 9 2 1 2 7 0 2 7 0 2 7 0 2 7 1 2 7 0 2 4 5 31 3 0 2 7 16 6 2 0 2 7 1 2 7 1 2 7 1 2 7 0 2 7 17 18 2 1 2 7 1 2 7 0 2 7 5 31 3 0 2 7 13 6 3 17 9 2 0 59.7211945056915283
0 2 7 0 2 7 0 2 7 1 2 7 0 2 7 0 2 7 0 2 7 1 2 7 1 2 7 12 16 2 0 2 7 1 2 7 0 2 7 5 31 3 0 2 7 1 2 7 17 18 2 0 2 7 1 2 4 1 2 7 13 6 3 0 2 7 1 2 7 1 2 4 0 2 7 17 9 2 12 16 2 12 16 2 0 2 7 1 2 7 0 2 7 1 2 7 17 18 2 1 2 7 13 6 3 12 16 2 0 2 7 17 9 2 1 2 7 0 2 7 0 2 7 0 2 7 1 2 7 0 2 7 5 31 3 0 2 7 16 6 2 0 2 7 1 2 7 1 2 7 1 2 4 0 2 7 17 18 2 1 2 7 1 2 7 0 2 7 5 31 3 0 2 7 13 6 3 17 9 2 0 59.7211945056915283
16 19 12 1 2 8 0 2 8 8 18 2 0 2 8 0 2 8 8 9 2 8 18 2 16 19 12 0 2 8 16 19 12 1 2 8 5 30 3 1 2 8 1 2 8 5 30 3 8 18 2 8 18 2 0 2 8 8 18 2 16 15 2 0 2 8 8 18 2 8 18 2 0 2 8 0 2 8 0 2 8 8 18 2 16 19 12 5 30 3 0 2 8 0 2 8 0 2 8 16 6 2 0 2 8 5 30 3 0 2 8 1 2 8 0 2 8 1 2 8 0 2 8 8 9 2 0 2 8 0 2 8 0 2 8 0 2 8 0 2 8 0 2 8 5 30 3 5 30 3 5 30 3 16 15 2 1 2 8 0 2 8 0 2 8 0 2 8 9 2 7 0 2 8 0 2 7 5 30 3 0.00336249043887583378 68.1511563062667847
0 2 7 0 2 7 0 2 7 1 2 7 1 2 7 0 2 7 6 2 7 0 2 7 13 6 3 16 30 2 0 2 7 1 2 7 0 2 7 5 30 3 0 2 7 13 6 3 17 18 2 0 2 7 5 31 3 0 2 11 13 6 3 0 2 4 0 2 7 16 19 11 5 30 3 17 9 2 12 16 2 12 16 2 0 2 7 1 2 7 0 2 7 0 2 11 17 18 2 0 2 7 1 2 7 12 16 2 1 2 11 1 2 7 0 2 7 0 2 7 0 2 7 1 2 7 1 2 7 0 2 7 5 30 3 1 2 7 17 9 2 0 2 7 0 2 7 0 2 7 0 2 7 1 2 7 17 18 2 1 2 7 5 30 3 0 2 7 5 31 3 0 2 7 1 2 7 12 16 2 0 60.9873793721199036
0 2 7 1 2 7 0 2 7 0 2 3 0 2 7 0 2 7 0 2 7 1 2 7 12 16 2 12 16 2 0 2 4 0 2 7 0 2 7 5 30 3 0 2 7 6 2 7 17 9 2 0 2 7 1 2 7 1 2 7 17 9 2 1 2 7 1 2 4 0 2 7 0 2 3 2 3 3 12 16 2 12 16 2 0 2 7 5 31 3 5 31 3 0 2 4 17 18 2 0 2 7 0 2 7 12 16 2 6 2 7 0 2 7 1 2 7 1 2 7 12 16 2 0 2 7 0 2 7 0 2 7 5 31 3 1 2 7 16 18 11 1 2 7 5 30 3 0 2 7 1 2 7 1 2 7 13 6 3 0 2 7 0 2 4 16 18 11 16 31 2 1 2 7 1 2 7 12 16 2 0 62.0670324563980103
0 2 7 0 2 7 0 2 7 1 2 7 0 2 7 0 2 7 0 2 7 1 2 7 1 2 7 12 16 2 0 2 7 1 2 7 0 2 7 5 31 3 0 2 7 1 2 7 17 18 2 0 2 7 1 2 4 1 2 7 13 6 3 0 2 7 1 2 7 1 2 4 0 2 7 17 9 2 12 16 2 12 16 2 0 2 7 1 2 7 0 2 7 1 2 7 17 18 2 1 2 7 13 6 3 12 16 2 0 2 7 17 9 2 1 2 7 0 2 7 0 2 7 0 2 7 1 2 7 0 2 4 5 31 3 0 2 7 16 6 2 0 2 7 1 2 7 1 2 7 1 2 7 0 2 7 17 18 2 1 2 7 1 2 7 0 2 7 5 31 3 0 2 7 13 6 3 17 9 2 0 59.7211945056915283
0 2 7 0 2 7 0 2 7 1 2 7 0 2 7 0 2 7 0 2 7 1 2 7 1 2 7 12 16 2 0 2 4 1 2 7 0 2 7 5 31 3 0 2 7 1 2 7 17 18 2 0 2 7 1 2 4 1 2 7 13 6 3 0 2 7 1 2 7 1 2 7 0 2 7 17 9 2 12 16 2 12 16 2 0 2 7 1 2 7 0 2 7 1 2 7 17 18 2 1 2 7 13 6 3 12 16 2 0 2 7 17 9 2 1 2 7 0 2 7 0 2 7 0 2 7 1 2 7 0 2 4 5 31 3 0 2 7 16 6 2 0 2 7 1 2 7 1 2 7 1 2 7 0 2 7 17 18 2 1 2 7 1 2 7 0 2 7 5 31 3 0 2 7 13 6 3 17 9 2 0 59.7211945056915283
0 2 7 0 2 7 0 2 7 0 2 7 1 2 7 0 2 7 1 2 7 0 2 7 13 6 3 16 6 2 8 18 2 1 2 7 0 2 7 5 30 3 0 2 7 1 2 7 17 18 2 1 2 7 5 31 3 0 2 7 13 6 3 0 2 7 0 2 7 16 19 11 5 30 3 17 9 2 12 16 2 12 16 2 0 2 7 1 2 7 0 2 7 0 2 7 17 18 2 1 2 7 1 2 7 12 16 2 1 2 7 6 2 4 0 2 7 1 2 7 0 2 7 0 2 7 0 2 4 0 2 7 5 30 3 0 2 7 16 6 2 0 2 7 0 2 7 0 2 7 0 2 7 1 2 7 17 18 2 1 2 7 5 31 3 0 2 7 5 31 3 0 2 7 1 2 7 12 16 2 0 61.0158882737159729
0 2 7 0 2 7 0 2 7 1 2 7 0 2 7 0 2 7 0 2 7 1 2 7 1 2 7 12 16 2 0 2 7 1 2 7 0 2 7 5 31 3 0 2 7 1 2 7 17 18 2 0 2 7 1 2 4 1 2 7 13 6 3 0 2 7 1 2 7 1 2 4 0 2 7 17 9 2 12 16 2 12 16 2 0 2 7 1 2 7 0 2 7 1 2 7 17 18 2 1 2 7 13 6 3 12 16 2 0 2 7 17 9 2 1 2 7 0 2 7 0 2 7 0 2 7 1 2 7 0 2 7 5 31 3 0 2 7 16 6 2 0 2 7 1 2 7 1 2 7 1 2 4 0 2 7 17 18 2 1 2 7 1 2 7 0 2 7 5 31 3 0 2 7 13 6 3 17 9 2 0 59.7211945056915283
0 2 7 0 2 7 0 2 7 1 2 7 0 2 7 0 2 7 0 2 7 1 2 7 1 2 7 12 16 2 0 2 4 1 2 7 0 2 7 5 31 3 0 2 7 1 2 7 17 18 2 0 2 7 1 2 7 1 2 7 13 6 3 0 2 7 1 2 7 1 2 4 0 2 7 17 9 2 12 16 2 12 16 2 0 2 7 1 2 7 0 2 7 1 2 7 17 18 2 1 2 7 13 6 3 12 16 2 0 2 7 17 9 2 1 2 7 0 2 7 0 2 7 0 2 4 1 2 7 0 2 7 5 31 3 0 2 7 16 6 2 0 2 7 1 2 7 1 2 7 1 2 7 0 2 7 17 18 2 1 2 7 1 2 7 0 2 7 5 31 3 0 2 7 13 6 3 17 9 2 0 59.7211945056915283
0 2 7 0 2 7 0 2 7 1 2 7 0 2 7 0 2 4 0 2 7 1 2 7 1 2 7 12 16 2 0 2 4 1 2 7 0 2 7 5 31 3 0 2 7 1 2 7 17 18 2 0 2 7 1 2 7 1 2 7 13 6 3 0 2 7 1 2 7 1 2 7 0 2 7 17 9 2 12 16 2 12 16 2 0 2 7 1 2 7 0 2 7 1 2 7 17 18 2 1 2 7 13 6 3 12 16 2 0 2 7 17 9 2 1 2 7 0 2 4 0 2 7 0 2 7 1 2 7 0 2 7 5 31 3 0 2 7 16 6 2 0 2 7 1 2 7 1 2 7 1 2 7 0 2 7 17 18 2 1 2 7 1 2 7 0 2 7 5 31 3 0 2 7 13 6 3 17 9 2 0 59.7211945056915283
0 2 7 0 2 7 0 2 7 0 2 7 1 2 7 0 2 7 1 2 7 0 2 7 13 6 3 16 6 2 8 18 2 1 2 7 0 2 7 5 30 3 0 2 7 1 2 7 17 18 2 1 2 7 5 31 3 0 2 7 13 6 3 0 2 7 0 2 7 16 19 11 5 30 3 17 9 2 12 16 2 12 16 2 0 2 7 1 2 7 0 2 7 0 2 7 17 18 2 1 2 7 1 2 7 12 16 2 1 2 7 6 2 4 0 2 7 1 2 7 0 2 7 0 2 7 0 2 4 0 2 7 5 30 3 0 2 7 16 6 2 0 2 7 0 2 7 0 2 7 0 2 7 1 2 7 17 18 2 1 2 7 5 31 3 0 2 7 5 31 3 0 2 7 1 2 7 12 16 2 0 61.0158882737159729
0 2 7 0 2 7 0 2 7 1 2 7 0 2 7 0 2 7 0 2 7 1 2 7 1 2 7 12 16 2 0 2 4 1 2 7 0 2 7 5 31 3 0 2 7 1 2 7 17 18 2 0 2 7 1 2 7 1 2 7 13 6 3 0 2 7 1 2 7 1 2 4 0 2 7 17 9 2 12 16 2 12 16 2 0 2 4 1 2 7 0 2 7 1 2 7 17 18 2 1 2 7 13 6 3 12 16 2 0 2 7 17 9 2 1 2 7 0 2 7 0 2 7 0 2 7 1 2 7 0 2 7 5 31 3 0 2 7 16 6 2 0 2 7 1 2 7 1 2 7 1 2 7 0 2 7 17 18 2 1 2 7 1 2 7 0 2 7 5 31 3 0 2 7 13 6 3 17 9 2 0 59.7211945056915283
0 2 7 1 2 7 0 2 7 0 2 3 0 2 7 0 2 7 0 2 7 1 2 7 12 16 2 12 16 2 0 2 4 0 2 7 0 2 7 5 30 3 0 2 7 6 2 7 17 9 2 0 2 7 1 2 7 1 2 7 17 9 2 1 2 7 1 2 4 0 2 7 0 2 3 2 3 3 12 16 2 12 16 2 0 2 7 5 31 3 5 31 3 0 2 4 17 18 2 0 2 7 0 2 7 12 16 2 6 2 7 0 2 7 1 2 7 1 2 7 12 16 2 0 2 7 0 2 7 0 2 7 5 31 3 1 2 7 16 18 11 1 2 7 5 30 3 0 2 7 1 2 7 1 2 7 13 6 3 0 2 7 0 2 4 16 18 11 16 31 2 1 2 7 1 2 7 12 16 2 0 62.0670324563980103
0 2 7 0 2 7 0 2 7 1 2 7 0 2 7 0 2 7 0 2 7 1 2 7 1 2 7 12 16 2 0 2 7 1 2 7 0 2 7 5 31 3 0 2 7 1 2 7 17 18 2 0 2 7 1 2 4 1 2 7 13 6 3 0 2 7 1 2 7 1 2 4 0 2 7 17 9 2 12 16 2 12 16 2 0 2 7 1 2 7 0 2 7 1 2 7 17 18 2 1 2 7 13 6 3 12 16 2 0 2 7 17 9 2 1 2 7 0 2 4 0 2 7 0 2 7 1 2 7 0 2 7 5 31 3 0 2 7 16 6 2 0 2 7 1 2 7 1 2 7 1 2 7 0 2 7 17 18 2 1 2 7 1 2 7 0 2 7 5 31 3 0 2 7 13 6 3 17 9 2 0 59.7211945056915283
0 2 7 0 2 7 0 2 7 1 2 7 0 2 7 0 2 7 0 2 7 1 2 7 1 2 7 12 16 2 0 2 7 1 2 7 0 2 7 5 31 3 0 2 7 1 2 7 17 18 2 0 2 7 1 2 4 1 2 7 13 6 3 0 2 7 1 2 7 1 2 4 0 2 7 17 9 2 12 16 2 12 16 2 0 2 7 1 2 7 0 2 7 1 2 7 17 18 2 1 2 7 13 6 3 12 16 2 0 2 7 17 9 2 1 2 7 0 2 4 0 2 7 0 2 7 1 2 7 0 2 7 5 31 3 0 2 7 16 6 2 0 2 7 1 2 7 1 2 7 1 2 7 0 2 7 17 18 2 1 2 7 1 2 7 0 2 7 5 31 3 0 2 7 13 6 3 17 9 2 0 59.7211945056915283
0 2 7 0 2 7 0 2 7 1 2 7 1 2 7 0 2 7 6 2 7 0 2 7 13 6 3 16 30 2 0 2 7 1 2 7 0 2 7 5 30 3 0 2 7 13 6 3 17 18 2 0 2 7 5 31 3 0 2 11 13 6 3 0 2 4 0 2 7 16 19 11 5 30 3 17 9 2 12 16 2 12 16 2 0 2 7 1 2 7 0 2 7 0 2 11 17 18 2 0 2 7 1 2 7 12 16 2 1 2 11 1 2 7 0 2 7 0 2 7 0 2 7 1 2 7 1 2 7 0 2 7 5 30 3 1 2 7 17 9 2 0 2 7 0 2 7 0 2 7 0 2 7 1 2 7 17 18 2 1 2 7 5 30 3 0 2 7 5 31 3 0 2 7 1 2 7 12 16 2 0 60.9873793721199036
1 2 3 0 2 3 1 2 8 8 18 2 12 16 2 0 2 3 16 18 8 0 2 3 16 18 8 1 2 3 0 2 3 1 2 3 16 18 8 0 2 3 0 2 3 0 2 3 0 2 8 5 30 3 0 2 3 0 2 8 8 9 2 0 2 3 0 2 3 16 15 2 1 2 3 0 2 3 12 16 2 1 2 3 16 18 12 1 2 3 1 2 3 1 2 3 0 2 3 1 2 3 1 2 12 1 2 3 0 2 3 5 30 3 0 2 3 1 2 3 0 2 3 5 30 3 0 2 3 0 2 3 0 2 3 0 2 3 0 2 3 0 2 8 0 2 3 5 30 3 0 2 3 5 30 3 0 2 3 1 2 3 0 2 3 0 2 8 16 19 12 0 2 3 16 6 2 1 2 3 0.000205106332088500834 66.2866473197937012
0 2 7 0 2 7 0 2 7 1 2 7 0 2 7 0 2 7 0 2 7 1 2 7 1 2 7 12 16 2 0 2 4 1 2 7 0 2 7 5 31 3 0 2 7 1 2 7 17 18 2 0 2 7 1 2 4 1 2 7 13 6 3 0 2 7 1 2 7 1 2 4 0 2 7 17 9 2 12 16 2 12 16 2 0 2 7 1 2 7 0 2 7 1 2 7 17 18 2 1 2 7 13 6 3 12 16 2 0 2 7 17 9 2 1 2 7 0 2 7 0 2 7 0 2 7 1 2 7 0 2 7 5 31 3 0 2 7 16 6 2 0 2 7 1 2 7 1 2 7 1 2 7 0 2 7 17 18 2 1 2 7 1 2 7 0 2 7 5 31 3 0 2 7 13 6 3 17 9 2 0 59.7211945056915283
0 2 7 0 2 7 0 2 7 1 2 7 0 2 7 0 2 7 0 2 7 1 2 7 1 2 7 12 16 2 0 2 7 1 2 7 0 2 7 5 31 3 0 2 7 1 2 7 17 18 2 0 2 7 1 2 7 1 2 7 13 6 3 0 2 7 1 2 7 1 2 7 0 2 7 17 9 2 12 16 2 12 16 2 0 2 7 1 2 7 0 2 4 1 2 7 17 18 2 1 2 4 13 6 3 12 16 2 0 2 7 17 9 2 1 2 7 0 2 7 0 2 7 0 2 4 1 2 7 0 2 7 5 31 3 0 2 7 16 6 2 0 2 7 1 2 7 1 2 7 1 2 7 0 2 7 17 18 2 1 2 7 1 2 7 0 2 7 5 31 3 0 2 7 13 6 3 17 9 2 0 59.7211945056915283
0 2 4 0 2 7 0 2 7 1 2 7 0 2 7 0 2 7 0 2 7 1 2 7 1 2 7 12 16 2 0 2 7 1 2 7 0 2 7 5 31 3 0 2 7 1 2 7 17 18 2 0 2 7 1 2 7 1 2 7 13 6 3 0 2 7 1 2 7 1 2 7 0 2 7 17 9 2 12 16 2 12 16 2 0 2 7 1 2 4 0 2 7 1 2 7 17 18 2 1 2 7 13 6 3 12 16 2 0 2 7 17 9 2 1 2 4 0 2 7 0 2 7 0 2 7 1 2 7 0 2 7 5 31 3 0 2 7 16 6 2 0 2 7 1 2 7 1 2 7 1 2 7 0 2 7 17 18 2 1 2 7 1 2 7 0 2 7 5 31 3 0 2 7 13 6 3 17 9 2 0 59.7211945056915283
0 2 7 0 2 7 0 2 7 0 2 7 1 2 7 0 2 7 1 2 7 0 2 7 13 6 3 16 6 2 8 18 2 1 2 7 0 2 7 5 30 3 0 2 7 1 2 7 17 18 2 1 2 7 5 31 3 0 2 7 13 6 3 0 2 7 0 2 7 16 19 11 5 30 3 17 9 2 12 16 2 12 16 2 0 2 7 1 2 7 0 2 7 0 2 7 17 18 2 1 2 7 1 2 7 12 16 2 1 2 7 6 2 4 0 2 7 1 2 7 0 2 7 0 2 7 0 2 4 0 2 7 5 30 3 0 2 7 16 6 2 0 2 7 0 2 7 0 2 7 0 2 7 1 2 7 17 18 2 1 2 7 5 31 3 0 2 7 5 31 3 0 2 7 1 2 7 12 16 2 0 61.0158882737159729
0 2 4 0 2 7 0 2 7 1 2 7 1 2 7 0 2 7 6 2 7 0 2 7 13 6 3 16 30 2 0 2 4 1 2 7 0 2 7 5 30 3 0 2 7 13 6 3 17 18 2 0 2 7 5 31 3 0 2 7 13 6 3 5 30 3 0 2 7 16 19 11 5 30 3 17 9 2 12 16 2 12 16 2 0 2 7 1 2 7 0 2 7 0 2 7 17 18 2 0 2 7 1 2 7 12 16 2 1 2 4 1 2 7 0 2 7 0 2 7 0 2 7 0 2 7 1 2 7 0 2 4 5 30 3 1 2 7 17 9 2 0 2 7 0 2 7 0 2 7 0 2 7 1 2 7 17 18 2 1 2 7 5 30 3 0 2 7 5 31 3 0 2 7 1 2 7 12 16 2 0 60.8897742629051208
0 2 4 0 2 7 0 2 7 1 2 7 0 2 7 0 2 7 0 2 7 1 2 7 1 2 7 12 16 2 0 2 4 1 2 7 0 2 7 5 31 3 0 2 7 1 2 7 17 18 2 0 2 7 1 2 7 1 2 7 13 6 3 0 2 7 1 2 7 1 2 7 0 2 7 17 9 2 12 16 2 12 16 2 0 2 7 1 2 7 0 2 7 1 2 7 17 18 2 1 2 7 13 6 3 12 16 2 0 2 7 17 9 2 1 2 4 0 2 7 0 2 7 0 2 7 1 2 7 0 2 7 5 31 3 0 2 7 16 6 2 0 2 7 1 2 7 1 2 7 1 2 7 0 2 7 17 18 2 1 2 7 1 2 7 0 2 7 5 31 3 0 2 7 13 6 3 17 9 2 0 59.7211945056915283
0 2 4 0 2 7 0 2 7 1 2 7 0 2 7 0 2 7 0 2 7 1 2 7 1 2 7 12 16 2 0 2 7 1 2 7 0 2 7 5 31 3 0 2 7 1 2 7 17 18 2 0 2 7 1 2 7 1 2 7 13 6 3 0 2 7 1 2 7 1 2 7 0 2 7 17 9 2 12 16 2 12 16 2 0 2 7 1 2 7 0 2 4 1 2 7 17 18 2 1 2 4 13 6 3 12 16 2 0 2 7 17 9 2 1 2 7 0 2 7 0 2 7 0 2 7 1 2 7 0 2 7 5 31 3 0 2 7 16 6 2 0 2 7 1 2 7 1 2 7 1 2 7 0 2 7 17 18 2 1 2 7 1 2 7 0 2 7 5 31 3 0 2 7 13 6 3 17 9 2 0 59.7211945056915283
0 2 7 0 2 7 0 2 7 1 2 7 0 2 7 0 2 7 0 2 7 1 2 7 1 2 7 12 16 2 0 2 4 1 2 7 0 2 7 5 31 3 0 2 7 1 2 7 17 18 2 0 2 7 1 2 7 1 2 7 13 6 3 0 2 7 1 2 7 1 2 7 0 2 7 17 9 2 12 16 2 12 16 2 0 2 7 1 2 7 0 2 7 1 2 7 17 18 2 1 2 4 13 6 3 12 16 2 0 2 7 17 9 2 1 2 4 0 2 7 0 2 7 0 2 7 1 2 7 0 2 7 5 31 3 0 2 7 16 6 2 0 2 7 1 2 7 1 2 7 1 2 7 0 2 7 17 18 2 1 2 7 1 2 7 0 2 7 5 31 3 0 2 7 13 6 3 17 9 2 0 59.7211945056915283
0 2 7 0 2 7 0 2 7 1 2 7 0 2 7 0 2 7 0 2 7 1 2 7 1 2 7 12 16 2 0 2 7 1 2 7 0 2 7 5 31 3 0 2 7 1 2 7 17 18 2 0 2 7 1 2 7 1 2 7 13 6 3 0 2 7 1 2 7 1 2 7 0 2 7 17 9 2 12 16 2 12 16 2 0 2 7 1 2 4 0 2 7 1 2 7 17 18 2 1 2 4 13 6 3 12 16 2 0 2 7 17 9 2 1 2 4 0 2 7 0 2 7 0 2 7 1 2 7 0 2 7 5 31 3 0 2 7 16 6 2 0 2 7 1 2 7 1 2 7 1 2 7 0 2 7 17 18 2 1 2 7 1 2 7 0 2 7 5 31 3 0 2 7 13 6 3 17 9 2 0 59.7211945056915283
1 2 3 0 2 3 1 2 8 8 18 2 12 16 2 0 2 3 16 18 8 0 2 3 16 18 8 1 2 3 0 2 3 1 2 3 16 18 8 0 2 3 0 2 3 0 2 3 0 2 8 5 30 3 0 2 3 0 2 8 8 9 2 0 2 3 0 2 3 16 15 2 1 2 3 0 2 3 12 16 2 1 2 3 16 18 12 1 2 3 1 2 3 1 2 3 0 2 3 1 2 3 1 2 12 1 2 3 0 2 3 5 30 3 0 2 3 1 2 3 0 2 3 5 30 3 0 2 3 0 2 3 0 2 3 0 2 3 0 2 3 0 2 8 0 2 3 5 30 3 0 2 3 5 30 3 0 2 3 1 2 3 0 2 3 0 2 8 16 19 12 0 2 3 16 6 2 1 2 3 0.000205106332088500834 66.2866473197937012
0 2 7 0 2 7 0 2 7 1 2 7 1 2 7 0 2 7 6 2 7 0 2 3 13 6 3 16 30 2 0 2 7 1 2 7 0 2 7 5 30 3 0 2 7 13 6 3 17 18 2 0 2 7 5 31 3 12 16 2 13 6 3 0 2 4 0 2 7 16 19 11 5 30 3 17 9 2 12 16 2 12 16 2 0 2 7 1 2 7 0 2 7 0 2 7 17 18 2 0 2 7 1 2 4 12 16 2 1 2 7 1 2 7 0 2 4 0 2 4 0 2 7 1 2 7 1 2 4 0 2 7 5 30 3 1 2 7 17 9 2 0 2 7 0 2 7 0 2 7 0 2 7 1 2 7 17 18 2 1 2 4 5 30 3 0 2 7 5 31 3 0 2 7 1 2 7 12 16 2 0 60.8363773226737976
0 2 7 0 2 4 0 2 7 1 2 7 0 2 7 0 2 7 0 2 7 1 2 7 1 2 7 12 16 2 0 2 7 1 2 7 0 2 7 5 31 3 0 2 7 1 2 7 17 18 2 0 2 7 1 2 7 1 2 7 13 6 3 0 2 7 1 2 7 1 2 7 0 2 7 17 9 2 12 16 2 12 16 2 0 2 7 1 2 7 0 2 7 1 2 7 17 18 2 1 2 7 13 6 3 12 16 2 0 2 7 17 9 2 1 2 4 0 2 7 0 2 7 0 2 4 1 2 7 0 2 7 5 31 3 0 2 7 16 6 2 0 2 7 1 2 7 1 2 7 1 2 7 0 2 7 17 18 2 1 2 7 1 2 7 0 2 7 5 31 3 0 2 7 13 6 3 17 9 2 0 59.7211945056915283
0 2 7 0 2 7 0 2 7 1 2 7 0 2 7 0 2 7 0 2 7 1 2 7 1 2 7 12 16 2 0 2 7 1 2 7 0 2 7 5 31 3 0 2 7 1 2 7 17 18 2 0 2 7 1 2 7 1 2 7 13 6 3 0 2 7 1 2 7 1 2 7 0 2 7 17 9 2 12 16 2 12 16 2 0 2 4 1 2 4 0 2 7 1 2 7 17 18 2 1 2 4 13 6 3 12 16 2 0 2 7 17 9 2 1 2 7 0 2 7 0 2 7 0 2 7 1 2 7 0 2 7 5 31 3 0 2 7 16 6 2 0 2 7 1 2 7 1 2 7 1 2 7 0 2 7 17 18 2 1 2 7 1 2 7 0 2 7 5 31 3 0 2 7 13 6 3 17 9 2 0 59.7211945056915283
1 2 3 0 2 3 1 2 8 8 18 2 12 16 2 0 2 3 16 18 8 0 2 3 16 18 8 1 2 3 0 2 3 1 2 3 16 18 8 0 2 3 0 2 3 0 2 3 0 2 8 5 30 3 0 2 3 0 2 8 8 9 2 0 2 3 0 2 3 16 15 2 1 2 3 0 2 3 12 16 2 1 2 3 16 18 12 1 2 3 1 2 3 1 2 3 0 2 3 1 2 3 1 2 12 1 2 3 0 2 3 5 30 3 0 2 3 1 2 3 0 2 3 5 30 3 0 2 3 0 2 3 0 2 3 0 2 3 0 2 3 0 2 8 0 2 3 5 30 3 0 2 3 5 30 3 0 2 3 1 2 3 0 2 3 0 2 8 16 19 12 0 2 3 16 6 2 1 2 3 0.000205106332088500834 66.2866473197937012
0 2 7 0 2 7 0 2 7 1 2 7 0 2 7 0 2 7 0 2 7 1 2 7 1 2 7 12 16 2 0 2 7 1 2 7 0 2 7 5 31 3 0 2 4 1 2 7 17 18 2 0 2 7 1 2 7 1 2 7 13 6 3 0 2 7 1 2 7 1 2 7 0 2 7 17 9 2 12 16 2 12 16 2 0 2 7 1 2 4 0 2 4 1 2 7 17 18 2 1 2 7 13 6 3 12 16 2 0 2 7 17 9 2 1 2 7 0 2 7 0 2 7 0 2 7 1 2 7 0 2 7 5 31 3 0 2 7 16 6 2 0 2 7 1 2 7 1 2 7 1 2 7 0 2 7 17 18 2 1 2 7 1 2 7 0 2 7 5 31 3 0 2 7 13 6 3 17 9 2 0 59.7211945056915283
0 2 7 0 2 7 0 2 7 1 2 7 0 2 7 0 2 7 0 2 7 1 2 7 1 2 7 12 16 2 0 2 7 1 2 7 0 2 7 5 31 3 0 2 7 1 2 7 17 18 2 0 2 7 1 2 7 1 2 7 13 6 3 0 2 7 1 2 7 1 2 7 0 2 7 17 9 2 12 16 2 12 16 2 0 2 7 1 2 4 0 2 7 1 2 7 17 18 2 1 2 4 13 6 3 12 16 2 0 2 7 17 9 2 1 2 4 0 2 7 0 2 7 0 2 7 1 2 7 0 2 7 5 31 3 0 2 7 16 6 2 0 2 7 1 2 7 1 2 7 1 2 7 0 2 7 17 18 2 1 2 7 1 2 7 0 2 7 5 31 3 0 2 7 13 6 3 17 9 2 0 59.7211945056915283
0 2 7 0 2 7 0 2 7 0 2 7 1 2 7 0 2 7 1 2 7 0 2 7 13 6 3 16 6 2 8 18 2 1 2 7 0 2 7 5 30 3 0 2 7 1 2 7 17 18 2 1 2 7 5 31 3 0 2 7 13 6 3 0 2 7 0 2 7 16 19 11 5 30 3 17 9 2 12 16 2 12 16 2 0 2 7 1 2 7 0 2 7 0 2 7 17 18 2 1 2 7 1 2 7 12 16 2 1 2 7 6 2 4 0 2 7 1 2 7 0 2 7 0 2 7 0 2 4 0 2 7 5 30 3 0 2 7 16 6 2 0 2 7 0 2 7 0 2 7 0 2 7 1 2 7 17 18 2 1 2 7 5 31 3 0 2 7 5 31 3 0 2 7 1 2 7 12 16 2 0 61.0158882737159729
0 2 7 0 2 7 0 2 7 1 2 7 1 2 7 0 2 7 6 2 7 0 2 3 13 6 3 16 30 2 0 2 7 1 2 7 0 2 7 5 30 3 0 2 7 13 6 3 17 18 2 0 2 7 5 31 3 12 16 2 13 6 3 0 2 4 0 2 7 16 19 11 5 30 3 17 9 2 12 16 2 12 16 2 0 2 7 1 2 7 0 2 7 0 2 7 17 18 2 0 2 7 1 2 4 12 16 2 1 2 7 1 2 7 0 2 4 0 2 4 0 2 7 1 2 7 1 2 4 0 2 7 5 30 3 1 2 7 17 9 2 0 2 7 0 2 7 0 2 7 0 2 7 1 2 7 17 18 2 1 2 4 5 30 3 0 2 7 5 31 3 0 2 7 1 2 7 12 16 2 0 60.8363773226737976
0 2 4 0 2 7 0 2 7 1 2 7 1 2 7 0 2 7 6 2 7 0 2 7 13 6 3 16 30 2 0 2 4 1 2 7 0 2 7 5 30 3 0 2 7 13 6 3 17 18 2 0 2 7 5 31 3 0 2 7 13 6 3 5 30 3 0 2 7 16 19 11 5 30 3 17 9 2 12 16 2 12 16 2 0 2 7 1 2 7 0 2 7 0 2 7 17 18 2 0 2 7 1 2 7 12 16 2 1 2 4 1 2 7 0 2 7 0 2 7 0 2 7 0 2 7 1 2 7 0 2 4 5 30 3 1 2 7 17 9 2 0 2 7 0 2 7 0 2 7 0 2 7 1 2 7 17 18 2 1 2 7 5 30 3 0 2 7 5 31 3 0 2 7 1 2 7 12 16 2 0 60.8897742629051208
0 2 7 0 2 7 0 2 7 1 2 7 0 2 7 0 2 7 0 2 7 1 2 7 1 2 7 12 16 2 0 2 7 1 2 7 0 2 7 5 31 3 0 2 7 1 2 7 17 18 2 0 2 7 1 2 7 1 2 7 13 6 3 0 2 7 1 2 7 1 2 4 0 2 7 17 9 2 12 16 2 12 16 2 0 2 7 1 2 4 0 2 4 1 2 7 17 18 2 1 2 7 13 6 3 12 16 2 0 2 7 17 9 2 1 2 7 0 2 7 0 2 7 0 2 7 1 2 7 0 2 7 5 31 3 0 2 7 16 6 2 0 2 7 1 2 7 1 2 7 1 2 7 0 2 7 17 18 2 1 2 7 1 2 7 0 2 7 5 31 3 0 2 7 13 6 3 17 9 2 0 59.7211945056915283
0 2 7 0 2 7 0 2 7 1 2 7 0 2 7 0 2 7 0 2 7 1 2 7 1 2 7 12 16 2 0 2 7 1 2 7 0 2 7 5 31 3 0 2 7 1 2 7 17 18 2 0 2 7 1 2 7 1 2 7 13 6 3 0 2 7 1 2 7 1 2 7 0 2 7 17 9 2 12 16 2 12 16 2 0 2 7 1 2 4 0 2 7 1 2 7 17 18 2 1 2 4 13 6 3 12 16 2 0 2 7 17 9 2 1 2 7 0 2 7 0 2 7 0 2 7 1 2 7 0 2 7 5 31 3 0 2 7 16 6 2 0 2 7 1 2 7 1 2 4 1 2 7 0 2 7 17 18 2 1 2 7 1 2 7 0 2 7 5 31 3 0 2 7 13 6 3 17 9 2 0 59.7211945056915283
0 2 7 0 2 7 0 2 7 1 2 7 0 2 7 0 2 7 0 2 7 1 2 7 1 2 7 12 16 2 0 2 7 1 2 7 0 2 7 5 31 3 0 2 7 1 2 7 17 18 2 0 2 7 1 2 7 1 2 7 13 6 3 0 2 7 1 2 7 1 2 7 0 2 7 17 9 2 12 16 2 12 16 2 0 2 7 1 2 7 0 2 7 1 2 7 17 18 2 1 2 7 13 6 3 12 16 2 0 2 7 17 9 2 1 2 7 0 2 7 0 2 7 0 2 4 1 2 7 0 2 7 5 31 3 0 2 7 16 6 2 0 2 7 1 2 7 1 2 4 1 2 4 0 2 7 17 18 2 1 2 7 1 2 7 0 2 7 5 31 3 0 2 7 13 6 3 17 9 2 0 59.7211945056915283
0 2 7 0 2 7 0 2 7 1 2 7 0 2 7 0 2 7 0 2 7 1 2 7 1 2 7 12 16 2 0 2 7 1 2 7 0 2 7 5 31 3 0 2 7 1 2 7 17 18 2 0 2 7 1 2 7 1 2 7 13 6 3 0 2 7 1 2 7 1 2 7 0 2 7 17 9 2 12 16 2 12 16 2 0 2 7 1 2 4 0 2 7 1 2 7 17 18 2 1 2 7 13 6 3 12 16 2 0 2 7 17 9 2 1 2 7 0 2 7 0 2 7 0 2 4 1 2 7 0 2 7 5 31 3 0 2 7 16 6 2 0 2 7 1 2 7 1 2 7 1 2 4 0 2 7 17 18 2 1 2 7 1 2 7 0 2 7 5 31 3 0 2 7 13 6 3 17 9 2 0 59.7211945056915283
0 2 7 0 2 7 0 2 7 1 2 7 1 2 7 0 2 7 6 2 7 0 2 3 13 6 3 16 30 2 0 2 7 1 2 7 0 2 7 5 30 3 0 2 7 13 6 3 17 18 2 0 2 7 5 31 3 12 16 2 13 6 3 0 2 4 0 2 7 16 19 11 5 30 3 17 9 2 12 16 2 12 16 2 0 2 7 1 2 7 0 2 7 0 2 7 17 18 2 0 2 7 1 2 4 12 16 2 1 2 7 1 2 7 0 2 4 0 2 4 0 2 7 1 2 7 1 2 4 0 2 7 5 30 3 1 2 7 17 9 2 0 2 7 0 2 7 0 2 7 0 2 7 1 2 7 17 18 2 1 2 4 5 30 3 0 2 7 5 31 3 0 2 7 1 2 7 12 16 2 0 60.8363773226737976
0 2 7 0 2 7 0 2 7 1 2 7 0 2 7 0 2 7 0 2 7 1 2 7 1 2 7 12 16 2 0 2 7 1 2 7 0 2 7 5 31 3 0 2 7 1 2 7 17 18 2 0 2 7 1 2 7 1 2 7 13 6 3 0 2 7 1 2 7 1 2 7 0 2 7 17 9 2 12 16 2 12 16 2 0 2 7 1 2 7 0 2 7 1 2 7 17 18 2 1 2 7 13 6 3 12 16 2 0 2 7 17 9 2 1 2 7 0 2 7 0 2 7 0 2 4 1 2 7 0 2 7 5 31 3 0 2 7 16 6 2 0 2 7 1 2 7 1 2 7 1 2 4 0 2 7 17 18 2 1 2 7 1 2 4 0 2 7 5 31 3 0 2 7 13 6 3 17 9 2 0 59.7211945056915283
0 2 7 0 2 7 0 2 7 1 2 7 0 2 7 0 2 7 0 2 7 1 2 7 1 2 7 12 16 2 0 2 7 1 2 7 0 2 7 5 31 3 0 2 7 1 2 7 17 18 2 0 2 7 1 2 7 1 2 7 13 6 3 0 2 7 1 2 7 1 2 7 0 2 7 17 9 2 12 16 2 12 16 2 0 2 7 1 2 7 0 2 7 1 2 7 17 18 2 1 2 7 13 6 3 12 16 2 0 2 7 17 9 2 1 2 7 0 2 7 0 2 7 0 2 4 1 2 7 0 2 4 5 31 3 0 2 7 16 6 2 0 2 7 1 2 7 1 2 7 1 2 4 0 2 7 17 18 2 1 2 7 1 2 7 0 2 7 5 31 3 0 2 7 13 6 3 17 9 2 0 59.7211945056915283
0 2 7 0 2 7 0 2 7 1 2 7 0 2 7 0 2 7 0 2 7 1 2 7 1 2 7 12 16 2 0 2 7 1 2 7 0 2 7 5 31 3 0 2 7 1 2 7 17 18 2 0 2 7 1 2 7 1 2 7 13 6 3 0 2 7 1 2 7 1 2 7 0 2 7 17 9 2 12 16 2 12 16 2 0 2 7 1 2 7 0 2 7 1 2 7 17 18 2 1 2 7 13 6 3 12 16 2 0 2 7 17 9 2 1 2 7 0 2 7 0 2 7 0 2 4 1 2 7 0 2 4 5 31 3 0 2 7 16 6 2 0 2 7 1 2 7 1 2 7 1 2 4 0 2 7 17 18 2 1 2 7 1 2 7 0 2 7 5 31 3 0 2 7 13 6 3 17 9 2 0 59.7211945056915283
0 2 7 0 2 7 0 2 7 1 2 7 0 2 7 0 2 7 0 2 7 1 2 7 1 2 7 12 16 2 0 2 7 1 2 7 0 2 7 5 31 3 0 2 7 1 2 7 17 18 2 0 2 7 1 2 7 1 2 7 13 6 3 0 2 7 1 2 7 1 2 7 0 2 7 17 9 2 12 16 2 12 16 2 0 2 7 1 2 7 0 2 7 1 2 7 17 18 2 1 2 7 13 6 3 12 16 2 0 2 7 17 9 2 1 2 7 0 2 7 0 2 7 0 2 4 1 2 7 0 2 4 5 31 3 0 2 7 16 6 2 0 2 7 1 2 7 1 2 7 1 2 4 0 2 7 17 18 2 1 2 7 1 2 7 0 2 7 5 31 3 0 2 7 13 6 3 17 9 2 0 59.7211945056915283
0 2 7 0 2 7 0 2 7 0 2 7 1 2 7 0 2 7 1 2 7 0 2 7 13 6 3 16 6 2 8 18 2 1 2 7 0 2 7 5 30 3 0 2 7 1 2 7 17 18 2 1 2 7 5 31 3 0 2 7 13 6 3 0 2 7 0 2 7 16 19 11 5 30 3 17 9 2 12 16 2 12 16 2 0 2 7 1 2 7 0 2 7 0 2 7 17 18 2 1 2 7 1 2 7 12 16 2 1 2 7 6 2 4 0 2 7 1 2 7 0 2 7 0 2 7 0 2 4 0 2 7 5 30 3 0 2 7 16 6 2 0 2 7 0 2 7 0 2 7 0 2 7 1 2 7 17 18 2 1 2 7 5 31 3 0 2 7 5 31 3 0 2 7 1 2 7 12 16 2 0 61.0158882737159729
1 2 3 0 2 3 1 2 8 8 18 2 12 16 2 0 2 3 16 18 8 0 2 3 16 18 8 1 2 3 0 2 3 1 2 3 16 18 8 0 2 3 0 2 3 0 2 3 0 2 8 5 30 3 0 2 3 0 2 8 8 9 2 0 2 3 0 2 3 16 15 2 1 2 3 0 2 3 12 16 2 1 2 3 16 18 12 1 2 3 1 2 3 1 2 3 0 2 3 1 2 3 1 2 12 1 2 3 0 2 3 5 30 3 0 2 3 1 2 3 0 2 3 5 30 3 0 2 3 0 2 3 0 2 3 0 2 3 0 2 3 0 2 8 0 2 3 5 30 3 0 2 3 5 30 3 0 2 3 1 2 3 0 2 3 0 2 8 16 19 12 0 2 3 16 6 2 1 2 3 0.000205106332088500834 66.2866473197937012
0 2 4 0 2 7 0 2 7 1 2 7 1 2 7 0 2 7 6 2 7 0 2 7 13 6 3 16 30 2 0 2 4 1 2 7 0 2 7 5 30 3 0 2 7 13 6 3 17 18 2 0 2 7 5 31 3 0 2 7 13 6 3 5 30 3 0 2 7 16 19 11 5 30 3 17 9 2 12 16 2 12 16 2 0 2 7 1 2 7 0 2 7 0 2 7 17 18 2 0 2 7 1 2 7 12 16 2 1 2 4 1 2 7 0 2 7 0 2 7 0 2 7 0 2 7 1 2 7 0 2 4 5 30 3 1 2 7 17 9 2 0 2 7 0 2 7 0 2 7 0 2 7 1 2 7 17 18 2 1 2 7 5 30 3 0 2 7 5 31 3 0 2 7 1 2 7 12 16 2 0 60.8897742629051208
MonoObjective Genetic Algorithm
Number of Evaluations = 0
Mutation Probability = 0
Crossover Probability = 1
Population Size = 10
Survival Selection Type = 5
Time =  18014.9176418781281
0 2 7 0 2 7 0 2 7 1 2 7 0 2 7 0 2 7 0 2 7 1 2 7 1 2 7 12 16 2 0 2 7 1 2 7 0 2 7 5 31 3 0 2 7 1 2 7 17 18 2 0 2 7 1 2 7 1 2 7 13 6 3 0 2 7 1 2 7 1 2 7 0 2 7 17 9 2 12 16 2 12 16 2 0 2 7 1 2 7 0 2 7 1 2 7 17 18 2 1 2 7 13 6 3 12 16 2 0 2 7 17 9 2 1 2 7 0 2 7 0 2 7 0 2 4 1 2 7 0 2 7 5 31 3 0 2 7 16 6 2 0 2 7 1 2 7 1 2 4 1 2 4 0 2 7 17 18 2 1 2 7 1 2 7 0 2 7 5 31 3 0 2 7 13 6 3 17 9 2 0 59.7211945056915283
0 2 7 0 2 7 0 2 7 1 2 7 0 2 7 0 2 7 0 2 7 1 2 7 1 2 7 12 16 2 0 2 7 1 2 7 0 2 7 5 31 3 0 2 7 1 2 7 17 18 2 0 2 7 1 2 7 1 2 7 13 6 3 0 2 7 1 2 7 1 2 7 0 2 7 17 9 2 12 16 2 12 16 2 0 2 7 1 2 4 0 2 7 1 2 7 17 18 2 1 2 7 13 6 3 12 16 2 0 2 7 17 9 2 1 2 7 0 2 7 0 2 7 0 2 4 1 2 7 0 2 7 5 31 3 0 2 7 16 6 2 0 2 7 1 2 7 1 2 7 1 2 4 0 2 7 17 18 2 1 2 7 1 2 7 0 2 7 5 31 3 0 2 7 13 6 3 17 9 2 0 59.7211945056915283
0 2 7 0 2 7 0 2 7 1 2 7 1 2 7 0 2 7 6 2 7 0 2 3 13 6 3 16 30 2 0 2 7 1 2 7 0 2 7 5 30 3 0 2 7 13 6 3 17 18 2 0 2 7 5 31 3 12 16 2 13 6 3 0 2 4 0 2 7 16 19 11 5 30 3 17 9 2 12 16 2 12 16 2 0 2 7 1 2 7 0 2 7 0 2 7 17 18 2 0 2 7 1 2 4 12 16 2 1 2 7 1 2 7 0 2 4 0 2 4 0 2 7 1 2 7 1 2 4 0 2 7 5 30 3 1 2 7 17 9 2 0 2 7 0 2 7 0 2 7 0 2 7 1 2 7 17 18 2 1 2 4 5 30 3 0 2 7 5 31 3 0 2 7 1 2 7 12 16 2 0 60.8363773226737976
0 2 7 0 2 7 0 2 7 1 2 7 0 2 7 0 2 7 0 2 7 1 2 7 1 2 7 12 16 2 0 2 7 1 2 7 0 2 7 5 31 3 0 2 7 1 2 7 17 18 2 0 2 7 1 2 7 1 2 7 13 6 3 0 2 7 1 2 7 1 2 7 0 2 7 17 9 2 12 16 2 12 16 2 0 2 7 1 2 7 0 2 7 1 2 7 17 18 2 1 2 7 13 6 3 12 16 2 0 2 7 17 9 2 1 2 7 0 2 7 0 2 7 0 2 4 1 2 7 0 2 7 5 31 3 0 2 7 16 6 2 0 2 7 1 2 7 1 2 7 1 2 4 0 2 7 17 18 2 1 2 7 1 2 4 0 2 7 5 31 3 0 2 7 13 6 3 17 9 2 0 59.7211945056915283
0 2 7 0 2 7 0 2 7 1 2 7 0 2 7 0 2 7 0 2 7 1 2 7 1 2 7 12 16 2 0 2 7 1 2 7 0 2 7 5 31 3 0 2 7 1 2 7 17 18 2 0 2 7 1 2 7 1 2 7 13 6 3 0 2 7 1 2 7 1 2 7 0 2 7 17 9 2 12 16 2 12 16 2 0 2 7 1 2 7 0 2 7 1 2 7 17 18 2 1 2 7 13 6 3 12 16 2 0 2 7 17 9 2 1 2 7 0 2 7 0 2 7 0 2 4 1 2 7 0 2 4 5 31 3 0 2 7 16 6 2 0 2 7 1 2 7 1 2 7 1 2 4 0 2 7 17 18 2 1 2 7 1 2 7 0 2 7 5 31 3 0 2 7 13 6 3 17 9 2 0 59.7211945056915283
0 2 7 0 2 7 0 2 7 1 2 7 0 2 7 0 2 7 0 2 7 1 2 7 1 2 7 12 16 2 0 2 7 1 2 7 0 2 7 5 31 3 0 2 7 1 2 7 17 18 2 0 2 7 1 2 7 1 2 7 13 6 3 0 2 7 1 2 7 1 2 7 0 2 7 17 9 2 12 16 2 12 16 2 0 2 7 1 2 7 0 2 7 1 2 7 17 18 2 1 2 7 13 6 3 12 16 2 0 2 7 17 9 2 1 2 7 0 2 7 0 2 7 0 2 4 1 2 7 0 2 4 5 31 3 0 2 7 16 6 2 0 2 7 1 2 7 1 2 7 1 2 4 0 2 7 17 18 2 1 2 7 1 2 7 0 2 7 5 31 3 0 2 7 13 6 3 17 9 2 0 59.7211945056915283
0 2 7 0 2 7 0 2 7 1 2 7 0 2 7 0 2 7 0 2 7 1 2 7 1 2 7 12 16 2 0 2 7 1 2 7 0 2 7 5 31 3 0 2 7 1 2 7 17 18 2 0 2 7 1 2 7 1 2 7 13 6 3 0 2 7 1 2 7 1 2 7 0 2 7 17 9 2 12 16 2 12 16 2 0 2 7 1 2 7 0 2 7 1 2 7 17 18 2 1 2 7 13 6 3 12 16 2 0 2 7 17 9 2 1 2 7 0 2 7 0 2 7 0 2 4 1 2 7 0 2 4 5 31 3 0 2 7 16 6 2 0 2 7 1 2 7 1 2 7 1 2 4 0 2 7 17 18 2 1 2 7 1 2 7 0 2 7 5 31 3 0 2 7 13 6 3 17 9 2 0 59.7211945056915283
0 2 7 0 2 7 0 2 7 0 2 7 1 2 7 0 2 7 1 2 7 0 2 7 13 6 3 16 6 2 8 18 2 1 2 7 0 2 7 5 30 3 0 2 7 1 2 7 17 18 2 1 2 7 5 31 3 0 2 7 13 6 3 0 2 7 0 2 7 16 19 11 5 30 3 17 9 2 12 16 2 12 16 2 0 2 7 1 2 7 0 2 7 0 2 7 17 18 2 1 2 7 1 2 7 12 16 2 1 2 7 6 2 4 0 2 7 1 2 7 0 2 7 0 2 7 0 2 4 0 2 7 5 30 3 0 2 7 16 6 2 0 2 7 0 2 7 0 2 7 0 2 7 1 2 7 17 18 2 1 2 7 5 31 3 0 2 7 5 31 3 0 2 7 1 2 7 12 16 2 0 61.0158882737159729
1 2 3 0 2 3 1 2 8 8 18 2 12 16 2 0 2 3 16 18 8 0 2 3 16 18 8 1 2 3 0 2 3 1 2 3 16 18 8 0 2 3 0 2 3 0 2 3 0 2 8 5 30 3 0 2 3 0 2 8 8 9 2 0 2 3 0 2 3 16 15 2 1 2 3 0 2 3 12 16 2 1 2 3 16 18 12 1 2 3 1 2 3 1 2 3 0 2 3 1 2 3 1 2 12 1 2 3 0 2 3 5 30 3 0 2 3 1 2 3 0 2 3 5 30 3 0 2 3 0 2 3 0 2 3 0 2 3 0 2 3 0 2 8 0 2 3 5 30 3 0 2 3 5 30 3 0 2 3 1 2 3 0 2 3 0 2 8 16 19 12 0 2 3 16 6 2 1 2 3 0.000205106332088500834 66.2866473197937012
0 2 4 0 2 7 0 2 7 1 2 7 1 2 7 0 2 7 6 2 7 0 2 7 13 6 3 16 30 2 0 2 4 1 2 7 0 2 7 5 30 3 0 2 7 13 6 3 17 18 2 0 2 7 5 31 3 0 2 7 13 6 3 5 30 3 0 2 7 16 19 11 5 30 3 17 9 2 12 16 2 12 16 2 0 2 7 1 2 7 0 2 7 0 2 7 17 18 2 0 2 7 1 2 7 12 16 2 1 2 4 1 2 7 0 2 7 0 2 7 0 2 7 0 2 7 1 2 7 0 2 4 5 30 3 1 2 7 17 9 2 0 2 7 0 2 7 0 2 7 0 2 7 1 2 7 17 18 2 1 2 7 5 30 3 0 2 7 5 31 3 0 2 7 1 2 7 12 16 2 0 60.8897742629051208
