16 19 11 0 2 7 0 2 7 0 2 3 17 18 2 0 2 7 0 2 7 1 2 7 0 2 4 5 31 3 0 2 4 6 2 7 1 2 7 1 2 7 5 30 3 5 31 3 0 2 7 0 2 7 0 2 7 17 9 2 1 2 7 1 2 7 17 9 2 1 2 7 0 2 4 0 2 7 17 9 2 12 16 2 12 16 2 0 2 7 0 2 7 1 2 7 0 2 7 13 6 3 0 2 4 13 6 3 1 2 7 0 2 7 1 2 7 0 2 7 0 2 4 1 2 4 0 2 7 5 30 3 0 2 7 17 18 2 0 2 7 0 2 7 5 30 3 17 9 2 0 2 7 0 2 7 1 2 7 1 2 4 5 30 3 1 2 4 1 2 7 1 2 7 0 2 4 0 2 7 0 60.7932384610176086
16 19 11 0 2 4 1 2 7 0 2 7 17 18 2 0 2 7 0 2 7 1 2 7 1 2 7 0 2 7 0 2 7 5 31 3 0 2 7 1 2 4 1 2 7 1 2 7 5 30 3 5 31 3 0 2 7 1 2 7 1 2 7 6 2 7 0 2 4 17 9 2 1 2 7 0 2 7 17 9 2 1 2 7 0 2 7 0 2 7 5 31 3 17 9 2 0 2 7 12 16 2 1 2 7 0 2 7 1 2 7 0 2 4 0 2 7 0 2 4 0 2 7 0 2 7 13 6 3 1 2 7 0 2 7 0 2 7 0 2 7 0 2 7 0 2 7 0 2 7 5 31 3 5 30 3 1 2 7 0 2 7 16 6 2 0 2 7 0 2 7 1 2 7 6 2 7 17 18 2 0 60.8901395797729492
0 2 7 0 2 7 5 30 3 0 2 7 17 9 2 0 2 7 0 2 7 1 2 7 0 2 4 5 30 3 12 16 2 0 2 7 1 2 4 0 2 7 0 2 4 1 2 7 0 2 7 1 2 7 1 2 7 1 2 7 0 2 4 17 18 2 0 2 7 0 2 7 0 2 7 0 2 7 17 9 2 0 2 7 1 2 7 13 6 3 17 9 2 0 2 7 1 2 7 0 2 7 0 2 7 0 2 4 1 2 7 17 18 2 0 2 7 0 2 7 16 19 11 5 31 3 1 2 7 0 2 7 1 2 7 0 2 7 0 2 7 5 31 3 8 9 2 1 2 4 0 2 7 1 2 4 1 2 11 16 6 2 1 2 7 1 2 4 0 2 7 12 16 2 1 2 4 0 2 7 0.000593846161717399216 60.5763604640960693
0 2 7 0 2 7 5 30 3 0 2 7 17 9 2 0 2 7 0 2 7 1 2 7 0 2 4 5 30 3 12 16 2 0 2 7 1 2 4 0 2 7 0 2 4 1 2 7 0 2 7 1 2 7 1 2 7 1 2 7 0 2 4 17 18 2 0 2 7 0 2 7 0 2 7 0 2 7 17 9 2 0 2 7 1 2 7 13 6 3 17 9 2 0 2 7 1 2 7 0 2 7 0 2 7 0 2 4 1 2 7 17 18 2 0 2 7 0 2 7 16 19 11 5 31 3 1 2 7 0 2 7 1 2 7 0 2 7 0 2 7 5 31 3 5 31 3 1 2 7 5 30 3 1 2 7 1 2 7 0 2 10 1 2 4 6 2 7 0 2 4 5 31 3 6 2 7 17 18 2 0.000729795655415720274 61.2985736131668091
16 19 11 0 2 7 1 2 7 0 2 7 17 18 2 0 2 7 0 2 7 1 2 7 1 2 7 1 2 7 0 2 7 5 31 3 0 2 7 1 2 7 1 2 7 5 30 3 1 2 3 1 2 7 6 2 7 0 2 4 17 9 2 17 9 2 1 2 7 0 2 7 0 2 7 0 2 7 12 16 2 1 2 7 0 2 7 0 2 7 0 2 7 13 6 3 0 2 7 0 2 7 0 2 7 0 2 7 5 30 3 5 30 3 0 2 7 0 2 7 17 18 2 0 2 7 0 2 7 16 6 2 0 2 7 0 2 7 5 30 3 17 1 2 5 31 3 12 16 2 5 30 3 1 2 7 0 2 4 0 2 7 0 2 7 0 2 7 5 30 3 8 18 2 5 30 3 0 2 4 0.00681568491436558566 61.8367322087287903
16 19 11 0 2 7 1 2 7 0 2 7 17 18 2 0 2 7 0 2 7 1 2 7 1 2 7 1 2 7 0 2 7 5 31 3 0 2 7 1 2 7 1 2 7 5 30 3 1 2 3 1 2 7 6 2 7 0 2 4 17 9 2 17 9 2 1 2 7 0 2 7 0 2 7 0 2 7 12 16 2 1 2 7 0 2 7 0 2 7 0 2 7 13 6 3 0 2 7 0 2 7 0 2 7 0 2 7 5 30 3 5 30 3 0 2 7 0 2 7 17 18 2 0 2 7 0 2 7 16 6 2 0 2 7 6 2 3 5 31 3 1 2 4 0 2 7 17 9 2 0 2 3 8 9 2 0 2 7 1 2 4 0 2 4 1 2 7 0 2 4 1 2 4 0 2 3 1 2 10 0.000337818982102850959 60.9861915707588196
16 19 11 0 2 4 0 2 7 1 2 4 17 18 2 1 2 7 0 2 7 1 2 7 0 2 4 5 31 3 0 2 4 1 2 7 1 2 7 1 2 7 5 30 3 5 31 3 0 2 7 0 2 7 0 2 7 17 9 2 1 2 7 0 2 7 17 9 2 1 2 7 0 2 7 0 2 7 17 9 2 12 16 2 12 16 2 0 2 7 0 2 4 1 2 7 0 2 7 0 2 7 0 2 7 13 6 3 1 2 7 0 2 7 1 2 7 0 2 7 0 2 7 0 2 7 0 2 7 5 30 3 0 2 7 17 18 2 0 2 7 0 2 7 5 30 3 8 9 2 0 2 7 0 2 4 0 2 11 1 2 4 0 2 10 1 2 4 1 2 7 16 6 2 17 18 2 1 2 4 0.00848240967562082816 60.8595545291900635
0 2 4 1 2 7 0 2 7 17 18 2 0 2 7 0 2 7 1 2 7 1 2 7 0 2 7 0 2 7 5 31 3 0 2 7 1 2 7 1 2 7 5 30 3 5 31 3 0 2 7 1 2 7 1 2 7 6 2 7 0 2 4 17 9 2 1 2 7 0 2 7 17 9 2 1 2 7 0 2 7 0 2 7 5 31 3 17 9 2 0 2 7 12 16 2 1 2 7 0 2 7 1 2 7 0 2 7 0 2 7 0 2 7 13 6 3 1 2 7 0 2 7 0 2 7 0 2 7 0 2 7 0 2 7 0 2 7 5 30 3 1 2 7 0 2 7 0 2 7 6 2 7 16 19 11 1 2 4 17 1 2 0 2 11 5 31 3 5 30 3 17 9 2 1 2 7 5 30 3 0.000422701188646532251 61.4725205898284912
0 2 4 1 2 7 0 2 7 17 18 2 0 2 7 0 2 7 1 2 7 1 2 7 0 2 7 0 2 7 5 31 3 0 2 7 1 2 7 1 2 7 5 30 3 5 31 3 0 2 7 1 2 7 1 2 7 6 2 7 0 2 4 17 9 2 1 2 7 0 2 7 17 9 2 1 2 7 0 2 7 0 2 7 5 31 3 17 9 2 0 2 7 12 16 2 1 2 7 0 2 7 1 2 7 0 2 7 0 2 7 0 2 7 13 6 3 1 2 7 0 2 7 0 2 7 0 2 7 0 2 7 0 2 7 0 2 7 5 30 3 1 2 7 0 2 7 0 2 7 6 2 7 5 30 3 16 20 12 0 2 4 0 2 4 0 2 11 16 6 2 0 2 7 0 2 3 17 18 2 0.000533420258695296683 60.8777406215667725
17 1 2 1 2 7 1 2 7 0 2 7 17 18 2 0 2 7 1 2 7 0 2 7 1 2 7 0 2 7 1 2 7 5 31 3 0 2 7 0 2 7 17 9 2 1 2 7 5 30 3 5 30 3 0 2 7 0 2 7 0 2 7 6 2 7 1 2 7 17 9 2 17 9 2 1 2 7 0 2 7 0 2 7 5 31 3 17 9 2 0 2 4 12 16 2 0 2 7 0 2 7 0 2 7 0 2 7 6 2 7 0 2 7 0 2 7 13 6 3 0 2 7 0 2 7 0 2 7 17 1 2 1 2 7 0 2 7 5 30 3 5 30 3 0 2 12 0 2 7 0 2 7 0 2 7 5 31 3 0 2 7 0 2 7 0 2 7 5 30 3 1 2 7 0 2 7 1 2 7 0 61.4034944772720337
0 2 7 1 2 4 17 18 2 0 2 7 0 2 7 1 2 7 0 2 7 0 2 7 5 31 3 5 30 3 1 2 4 1 2 7 5 30 3 5 31 3 0 2 7 1 2 7 0 2 7 1 2 7 17 9 2 1 2 7 0 2 7 17 9 2 1 2 7 1 2 7 17 9 2 0 2 7 12 16 2 0 2 7 1 2 7 0 2 7 1 2 7 0 2 7 13 6 3 0 2 7 0 2 7 1 2 7 0 2 7 1 2 7 1 2 7 0 2 7 13 6 3 17 9 2 17 18 2 12 16 2 1 2 7 0 2 7 0 2 7 5 30 3 0 2 7 0 2 7 0 2 7 0 2 7 0 2 4 0 2 4 1 2 7 1 2 4 17 9 2 13 6 3 0 2 7 1 2 7 0 59.940948486328125
1 2 7 0 2 7 1 2 4 17 18 2 0 2 7 1 2 4 0 2 7 0 2 7 0 2 4 5 31 3 1 2 7 1 2 7 1 2 7 5 30 3 5 31 3 0 2 7 1 2 7 0 2 7 1 2 4 17 9 2 1 2 7 0 2 7 17 9 2 1 2 7 1 2 7 17 9 2 0 2 7 12 16 2 0 2 7 0 2 7 0 2 7 0 2 7 0 2 4 13 6 3 0 2 7 0 2 7 1 2 7 0 2 7 1 2 7 5 30 3 0 2 7 13 6 3 1 2 7 17 9 2 17 18 2 12 16 2 1 2 7 1 2 7 13 6 3 17 9 2 1 2 7 0 2 7 1 2 7 0 2 7 0 2 7 0 2 7 0 2 7 0 2 7 5 30 3 0 2 7 0 59.940948486328125
1 2 7 0 2 7 1 2 4 17 18 2 0 2 7 1 2 7 0 2 7 0 2 7 0 2 7 5 31 3 1 2 4 1 2 7 1 2 7 5 30 3 5 31 3 0 2 7 1 2 7 0 2 7 17 9 2 1 2 7 0 2 7 17 9 2 1 2 7 1 2 7 17 9 2 0 2 7 12 16 2 0 2 7 0 2 7 0 2 7 0 2 7 0 2 7 13 6 3 0 2 7 0 2 7 1 2 7 0 2 7 1 2 7 5 30 3 0 2 7 13 6 3 1 2 7 17 9 2 17 18 2 12 16 2 1 2 7 1 2 7 13 6 3 17 9 2 0 2 4 0 2 7 0 2 7 1 2 7 0 2 4 0 2 4 0 2 7 0 2 7 0 2 11 1 2 11 1 2 7 0.000105397226996516995 59.9495055675506592
1 2 4 0 2 7 0 2 7 17 18 2 0 2 7 1 2 4 0 2 7 0 2 4 1 2 11 5 31 3 1 2 4 1 2 7 0 2 4 5 30 3 5 30 3 0 2 4 1 2 7 1 2 7 17 9 2 0 2 7 1 2 7 17 9 2 0 2 7 0 2 7 17 9 2 0 2 7 12 16 2 0 2 3 0 2 7 1 2 7 0 2 7 0 2 7 13 6 3 0 2 7 0 2 7 5 30 3 0 2 7 1 2 7 5 30 3 0 2 7 13 6 3 0 2 4 17 9 2 17 18 2 12 16 2 1 2 7 1 2 11 13 6 3 17 9 2 1 2 7 0 2 7 1 2 7 0 2 7 0 2 7 0 2 4 1 2 7 1 2 7 5 30 3 1 2 7 0 2 7 0 60.3410643339157104
1 2 7 0 2 7 1 2 4 17 18 2 0 2 7 1 2 7 0 2 7 0 2 7 0 2 7 5 31 3 1 2 4 1 2 7 1 2 7 5 30 3 5 31 3 0 2 7 1 2 7 0 2 7 1 2 4 17 9 2 1 2 7 0 2 7 17 9 2 1 2 7 1 2 7 17 9 2 0 2 7 12 16 2 0 2 7 0 2 7 0 2 7 0 2 7 0 2 7 13 6 3 0 2 7 0 2 7 1 2 7 0 2 4 1 2 7 5 30 3 0 2 7 13 6 3 1 2 7 17 9 2 17 18 2 12 16 2 1 2 7 0 2 7 0 2 7 0 2 7 1 2 7 0 2 7 0 2 7 13 6 3 17 9 2 5 30 3 1 2 7 1 2 7 0 2 4 0 2 7 0 59.940948486328125
1 2 7 0 2 7 1 2 4 17 18 2 0 2 7 1 2 7 0 2 7 0 2 7 0 2 7 5 31 3 1 2 4 1 2 7 1 2 7 5 30 3 5 31 3 0 2 7 1 2 7 0 2 7 1 2 4 17 9 2 1 2 7 0 2 7 17 9 2 1 2 7 1 2 7 17 9 2 0 2 7 12 16 2 0 2 7 0 2 7 0 2 7 0 2 7 0 2 7 13 6 3 0 2 7 0 2 7 1 2 7 0 2 7 1 2 7 5 30 3 0 2 7 13 6 3 1 2 7 17 9 2 17 18 2 12 16 2 1 2 7 0 2 7 0 2 7 0 2 7 1 2 7 0 2 7 0 2 7 13 6 3 17 9 2 5 30 3 1 2 4 1 2 4 0 2 7 0 2 7 0 59.940948486328125
0 2 7 1 2 7 1 2 7 17 18 2 0 2 7 0 2 7 0 2 7 0 2 7 5 31 3 1 2 7 1 2 7 1 2 7 5 30 3 5 31 3 0 2 7 1 2 7 1 2 7 17 9 2 1 2 7 0 2 7 17 9 2 0 2 7 1 2 7 17 9 2 12 16 2 0 2 7 0 2 4 1 2 7 0 2 7 13 6 3 0 2 7 0 2 7 1 2 7 1 2 7 0 2 7 13 6 3 1 2 7 1 2 7 17 9 2 17 18 2 12 16 2 1 2 4 0 2 7 0 2 7 0 2 7 0 2 7 1 2 7 0 2 7 1 2 7 0 2 7 0 2 7 0 2 7 5 30 3 0 2 7 0 2 4 0 2 4 0 2 3 17 9 2 1 2 3 17 1 2 0.00860998468130382 60.087647557258606
0 2 4 1 2 7 1 2 7 17 18 2 0 2 7 0 2 7 0 2 7 0 2 7 5 31 3 1 2 7 1 2 7 0 2 7 5 30 3 5 31 3 0 2 7 1 2 7 1 2 7 17 9 2 0 2 7 0 2 7 17 9 2 1 2 4 1 2 4 17 9 2 12 16 2 0 2 7 0 2 7 1 2 7 0 2 7 15 2 11 0 2 7 0 2 7 0 2 7 6 2 7 0 2 7 13 6 3 1 2 7 1 2 7 17 9 2 17 18 2 12 16 2 1 2 7 0 2 7 0 2 7 0 2 7 0 2 7 1 2 7 0 2 7 1 2 4 0 2 7 0 2 7 0 2 7 5 30 3 0 2 7 1 2 7 0 2 7 5 30 3 1 2 7 1 2 7 13 6 3 0 60.4822304844856262
0 2 7 1 2 7 1 2 7 17 18 2 0 2 7 0 2 7 0 2 7 0 2 7 5 31 3 1 2 7 1 2 7 1 2 7 5 30 3 5 31 3 0 2 7 1 2 7 1 2 7 17 9 2 1 2 7 0 2 7 17 9 2 0 2 7 1 2 7 17 9 2 12 16 2 0 2 7 0 2 4 1 2 7 0 2 7 13 6 3 0 2 7 0 2 7 1 2 7 1 2 7 0 2 7 13 6 3 1 2 7 1 2 7 17 9 2 17 18 2 12 16 2 1 2 4 0 2 7 0 2 7 0 2 7 0 2 7 1 2 7 0 2 7 0 2 7 0 2 7 0 2 7 5 30 3 0 2 4 0 2 4 0 2 3 1 2 7 1 2 4 1 2 7 1 2 3 17 9 2 1.70924667151455024e-05 60.171392560005188
0 2 7 1 2 7 6 2 4 1 2 7 0 2 4 0 2 7 1 2 4 0 2 7 17 18 2 0 2 4 1 2 7 1 2 11 5 30 3 5 30 3 0 2 7 1 2 7 1 2 7 17 9 2 0 2 7 0 2 4 17 9 2 0 2 7 1 2 4 17 9 2 12 16 2 0 2 7 0 2 10 1 2 11 0 2 4 13 6 3 0 2 7 0 2 7 1 2 7 12 16 2 0 2 7 13 6 3 1 2 7 1 2 7 17 9 2 17 18 2 12 16 2 1 2 7 0 2 4 0 2 7 0 2 4 1 2 11 1 2 4 0 2 7 0 2 3 6 2 4 0 2 7 5 31 3 0 2 7 0 2 7 0 2 7 5 31 3 0 2 4 1 2 7 5 30 3 17 18 2 0 60.7163234949111938
1 2 7 0 2 7 1 2 4 17 18 2 0 2 7 1 2 7 1 2 7 0 2 7 0 2 4 5 31 3 1 2 7 1 2 4 1 2 7 5 30 3 5 31 3 0 2 4 0 2 7 0 2 4 1 2 7 17 9 2 1 2 7 0 2 7 17 9 2 1 2 4 0 2 7 17 9 2 0 2 7 12 16 2 0 2 7 0 2 7 0 2 7 0 2 7 13 6 3 0 2 7 0 2 7 1 2 7 0 2 7 1 2 7 12 16 2 13 6 3 1 2 7 17 9 2 17 18 2 1 2 7 1 2 7 13 6 3 17 9 2 1 2 7 0 2 7 1 2 7 0 2 7 0 2 7 0 2 7 0 2 7 0 2 7 5 30 3 1 2 7 0 2 7 1 2 4 12 16 2 0 59.7875515222549438
1 2 7 0 2 7 1 2 4 17 18 2 0 2 7 1 2 4 0 2 7 0 2 7 0 2 4 5 31 3 1 2 7 1 2 7 1 2 7 5 30 3 5 31 3 0 2 7 0 2 7 0 2 4 1 2 4 17 9 2 1 2 7 0 2 7 17 9 2 1 2 7 1 2 7 17 9 2 0 2 7 12 16 2 0 2 7 0 2 7 0 2 7 0 2 7 13 6 3 0 2 4 0 2 7 1 2 7 0 2 7 1 2 7 12 16 2 13 6 3 1 2 7 17 9 2 17 18 2 1 2 7 1 2 7 13 6 3 17 9 2 1 2 7 0 2 7 1 2 7 0 2 7 0 2 7 0 2 7 0 2 7 0 2 7 5 30 3 1 2 7 0 2 7 1 2 4 12 16 2 0 59.7875515222549438
1 2 7 0 2 7 1 2 4 17 18 2 0 2 7 1 2 4 0 2 7 0 2 7 0 2 4 5 31 3 1 2 7 1 2 7 1 2 7 5 30 3 5 31 3 0 2 7 1 2 7 0 2 7 1 2 4 17 9 2 1 2 7 0 2 7 17 9 2 1 2 7 1 2 7 17 9 2 0 2 7 12 16 2 0 2 7 0 2 7 0 2 7 0 2 7 0 2 4 13 6 3 0 2 7 0 2 7 1 2 7 0 2 7 1 2 4 5 30 3 0 2 7 13 6 3 1 2 7 17 9 2 17 18 2 12 16 2 1 2 7 1 2 7 13 6 3 17 9 2 1 2 7 0 2 7 1 2 7 0 2 7 0 2 7 0 2 7 0 2 7 0 2 7 12 16 2 1 2 4 0 59.7875515222549438
1 2 7 0 2 7 1 2 4 17 18 2 0 2 7 1 2 4 0 2 7 0 2 7 0 2 4 5 31 3 1 2 7 1 2 7 1 2 7 5 30 3 5 31 3 0 2 7 1 2 7 0 2 7 1 2 4 17 9 2 1 2 7 0 2 7 17 9 2 1 2 7 1 2 7 17 9 2 0 2 7 12 16 2 0 2 7 0 2 7 0 2 7 0 2 7 0 2 4 13 6 3 0 2 7 0 2 7 1 2 7 0 2 7 1 2 7 5 30 3 0 2 7 13 6 3 1 2 7 17 9 2 17 18 2 12 16 2 1 2 7 1 2 7 13 6 3 17 9 2 1 2 7 0 2 7 1 2 7 0 2 7 0 2 7 0 2 7 0 2 7 0 2 7 5 30 3 0 2 7 0 59.940948486328125
1 2 7 0 2 7 1 2 4 17 18 2 0 2 7 1 2 4 0 2 7 0 2 7 0 2 4 5 31 3 1 2 7 1 2 7 1 2 7 5 30 3 5 31 3 0 2 7 1 2 7 0 2 7 1 2 4 17 9 2 1 2 7 0 2 7 17 9 2 1 2 7 1 2 7 17 9 2 0 2 7 12 16 2 0 2 7 0 2 7 0 2 7 0 2 7 0 2 4 13 6 3 0 2 7 0 2 7 1 2 7 0 2 7 1 2 7 5 30 3 0 2 7 13 6 3 1 2 7 17 9 2 17 18 2 12 16 2 1 2 7 1 2 7 13 6 3 17 9 2 1 2 7 0 2 7 1 2 7 0 2 7 0 2 7 0 2 7 0 2 7 0 2 7 5 30 3 0 2 7 0 59.940948486328125
1 2 7 0 2 7 1 2 4 17 18 2 0 2 7 1 2 4 0 2 7 0 2 7 0 2 4 5 31 3 1 2 7 1 2 7 1 2 7 5 30 3 5 31 3 0 2 7 1 2 7 0 2 7 1 2 4 17 9 2 1 2 7 0 2 7 17 9 2 1 2 7 1 2 7 17 9 2 0 2 7 12 16 2 0 2 7 0 2 7 0 2 7 0 2 7 0 2 4 13 6 3 0 2 7 0 2 7 1 2 7 0 2 7 1 2 7 5 30 3 0 2 7 13 6 3 1 2 7 17 9 2 17 18 2 12 16 2 1 2 7 1 2 7 13 6 3 17 9 2 1 2 7 0 2 7 1 2 7 0 2 7 0 2 7 0 2 7 0 2 7 0 2 7 5 30 3 0 2 7 0 59.940948486328125
1 2 7 0 2 7 1 2 4 17 18 2 0 2 7 1 2 4 0 2 7 0 2 7 0 2 4 5 31 3 1 2 7 1 2 7 1 2 7 5 30 3 5 31 3 0 2 7 1 2 7 0 2 7 1 2 4 17 9 2 1 2 7 0 2 7 17 9 2 1 2 7 1 2 7 17 9 2 0 2 7 12 16 2 0 2 7 0 2 7 0 2 7 0 2 7 0 2 4 13 6 3 0 2 7 0 2 7 1 2 7 0 2 7 1 2 7 5 30 3 0 2 7 13 6 3 1 2 7 17 9 2 17 18 2 12 16 2 1 2 7 1 2 7 13 6 3 17 9 2 1 2 7 0 2 7 1 2 7 0 2 7 0 2 7 0 2 7 0 2 7 0 2 7 5 30 3 0 2 7 0 59.940948486328125
1 2 7 0 2 7 1 2 4 17 18 2 0 2 7 1 2 4 0 2 7 0 2 7 0 2 4 5 31 3 1 2 7 1 2 7 1 2 7 5 30 3 5 31 3 0 2 7 1 2 7 0 2 7 1 2 4 17 9 2 1 2 7 0 2 7 17 9 2 1 2 7 1 2 7 17 9 2 0 2 7 12 16 2 0 2 7 0 2 7 0 2 7 0 2 7 0 2 4 13 6 3 0 2 7 0 2 7 1 2 7 0 2 7 1 2 7 5 30 3 0 2 7 13 6 3 1 2 7 17 9 2 17 18 2 12 16 2 1 2 7 1 2 7 13 6 3 17 9 2 1 2 7 0 2 7 1 2 7 0 2 7 0 2 7 0 2 7 0 2 7 0 2 7 5 30 3 0 2 7 0 59.940948486328125
1 2 7 0 2 7 1 2 4 17 18 2 0 2 7 1 2 4 0 2 7 0 2 7 0 2 4 5 31 3 1 2 7 1 2 7 1 2 7 5 30 3 5 31 3 0 2 7 0 2 7 0 2 4 1 2 4 17 9 2 1 2 7 0 2 7 17 9 2 1 2 7 1 2 7 17 9 2 0 2 7 12 16 2 0 2 7 0 2 7 0 2 7 0 2 7 13 6 3 0 2 4 0 2 7 1 2 7 0 2 7 1 2 7 12 16 2 13 6 3 1 2 7 17 9 2 17 18 2 1 2 7 1 2 7 13 6 3 17 9 2 1 2 7 0 2 7 1 2 7 0 2 7 0 2 7 0 2 7 0 2 7 0 2 7 5 30 3 1 2 7 0 2 7 1 2 4 12 16 2 0 59.7875515222549438
1 2 7 0 2 7 1 2 4 17 18 2 0 2 7 1 2 4 0 2 7 0 2 7 0 2 4 5 31 3 1 2 7 1 2 7 1 2 7 5 30 3 5 31 3 0 2 7 0 2 7 0 2 4 1 2 4 17 9 2 1 2 7 0 2 7 17 9 2 1 2 7 1 2 7 17 9 2 0 2 7 12 16 2 0 2 7 0 2 7 0 2 7 0 2 7 13 6 3 0 2 4 0 2 7 1 2 7 0 2 7 1 2 7 12 16 2 13 6 3 1 2 7 17 9 2 17 18 2 1 2 7 1 2 7 13 6 3 17 9 2 1 2 7 0 2 7 1 2 7 0 2 7 0 2 7 0 2 7 0 2 7 0 2 7 5 30 3 1 2 7 0 2 7 1 2 4 12 16 2 0 59.7875515222549438
1 2 7 0 2 7 1 2 4 17 18 2 0 2 7 1 2 4 0 2 7 0 2 7 0 2 4 5 31 3 1 2 7 1 2 7 1 2 7 5 30 3 5 31 3 0 2 7 0 2 7 0 2 4 1 2 4 17 9 2 1 2 7 0 2 7 17 9 2 1 2 7 1 2 7 17 9 2 0 2 7 12 16 2 0 2 7 0 2 7 0 2 7 0 2 7 13 6 3 0 2 4 0 2 7 1 2 7 0 2 7 1 2 7 12 16 2 13 6 3 1 2 7 17 9 2 17 18 2 1 2 7 1 2 7 13 6 3 17 9 2 1 2 7 0 2 7 1 2 7 0 2 7 0 2 7 0 2 7 0 2 7 0 2 7 5 30 3 1 2 7 0 2 7 1 2 4 12 16 2 0 59.7875515222549438
1 2 7 0 2 7 1 2 4 17 18 2 0 2 7 1 2 4 0 2 7 0 2 7 0 2 4 5 31 3 1 2 7 1 2 7 1 2 7 5 30 3 5 31 3 0 2 7 0 2 7 0 2 4 1 2 4 17 9 2 1 2 7 0 2 7 17 9 2 1 2 7 1 2 7 17 9 2 0 2 7 12 16 2 0 2 7 0 2 7 0 2 7 0 2 7 13 6 3 0 2 4 0 2 7 1 2 7 0 2 7 1 2 7 12 16 2 13 6 3 1 2 7 17 9 2 17 18 2 1 2 7 1 2 7 13 6 3 17 9 2 1 2 7 0 2 7 1 2 7 0 2 7 0 2 7 0 2 7 0 2 7 0 2 7 5 30 3 1 2 7 0 2 7 1 2 4 12 16 2 0 59.7875515222549438
1 2 7 0 2 7 1 2 4 17 18 2 0 2 7 1 2 4 0 2 7 0 2 7 0 2 4 5 31 3 1 2 7 1 2 7 1 2 7 5 30 3 5 31 3 0 2 7 0 2 7 0 2 4 1 2 4 17 9 2 1 2 7 0 2 7 17 9 2 1 2 7 1 2 7 17 9 2 0 2 7 12 16 2 0 2 7 0 2 7 0 2 7 0 2 7 13 6 3 0 2 4 0 2 7 1 2 7 0 2 7 1 2 7 12 16 2 13 6 3 1 2 7 17 9 2 17 18 2 1 2 7 1 2 7 13 6 3 17 9 2 1 2 7 0 2 7 1 2 7 0 2 7 0 2 7 0 2 7 0 2 7 0 2 7 5 30 3 1 2 7 0 2 7 1 2 4 12 16 2 0 59.7875515222549438
1 2 7 0 2 7 1 2 4 17 18 2 0 2 7 1 2 4 0 2 7 0 2 7 0 2 4 5 31 3 1 2 7 1 2 7 1 2 7 5 30 3 5 31 3 0 2 7 0 2 7 0 2 4 1 2 4 17 9 2 1 2 7 0 2 7 17 9 2 1 2 7 1 2 7 17 9 2 0 2 7 12 16 2 0 2 7 0 2 7 0 2 7 0 2 7 13 6 3 0 2 4 0 2 7 1 2 7 0 2 7 1 2 7 12 16 2 13 6 3 1 2 7 17 9 2 17 18 2 1 2 7 1 2 7 13 6 3 17 9 2 1 2 7 0 2 7 1 2 7 0 2 7 0 2 7 0 2 7 0 2 7 0 2 7 5 30 3 1 2 7 0 2 7 1 2 4 12 16 2 0 59.7875515222549438
1 2 7 0 2 7 1 2 4 17 18 2 0 2 7 1 2 4 0 2 7 0 2 7 0 2 4 5 31 3 1 2 7 1 2 7 1 2 7 5 30 3 5 31 3 0 2 7 0 2 7 0 2 4 1 2 4 17 9 2 1 2 7 0 2 7 17 9 2 1 2 7 1 2 7 17 9 2 0 2 7 12 16 2 0 2 7 0 2 7 0 2 7 0 2 7 13 6 3 0 2 4 0 2 7 1 2 7 0 2 7 1 2 7 12 16 2 13 6 3 1 2 7 17 9 2 17 18 2 1 2 7 1 2 7 13 6 3 17 9 2 1 2 7 0 2 7 1 2 7 0 2 7 0 2 7 0 2 7 0 2 7 0 2 7 5 30 3 1 2 7 0 2 7 1 2 4 12 16 2 0 59.7875515222549438
1 2 7 0 2 7 1 2 4 17 18 2 0 2 7 1 2 4 0 2 7 0 2 7 0 2 4 5 31 3 1 2 7 1 2 7 1 2 7 5 30 3 5 31 3 0 2 7 0 2 7 0 2 4 1 2 4 17 9 2 1 2 7 0 2 7 17 9 2 1 2 7 1 2 7 17 9 2 0 2 7 12 16 2 0 2 7 0 2 7 0 2 7 0 2 7 13 6 3 0 2 4 0 2 7 1 2 7 0 2 7 1 2 7 12 16 2 13 6 3 1 2 7 17 9 2 17 18 2 1 2 7 1 2 7 13 6 3 17 9 2 1 2 7 0 2 7 1 2 7 0 2 7 0 2 7 0 2 7 0 2 7 0 2 7 5 30 3 1 2 7 0 2 7 1 2 4 12 16 2 0 59.7875515222549438
1 2 7 0 2 7 1 2 4 17 18 2 0 2 7 1 2 4 0 2 7 0 2 7 0 2 4 5 31 3 1 2 7 1 2 7 1 2 7 5 30 3 5 31 3 0 2 7 0 2 7 0 2 4 1 2 4 17 9 2 1 2 7 0 2 7 17 9 2 1 2 7 1 2 7 17 9 2 0 2 7 12 16 2 0 2 7 0 2 7 0 2 7 0 2 7 13 6 3 0 2 4 0 2 7 1 2 7 0 2 7 1 2 7 12 16 2 13 6 3 1 2 7 17 9 2 17 18 2 1 2 7 1 2 7 13 6 3 17 9 2 1 2 7 0 2 7 1 2 7 0 2 7 0 2 7 0 2 7 0 2 7 0 2 7 5 30 3 1 2 7 0 2 7 1 2 4 12 16 2 0 59.7875515222549438
1 2 7 0 2 7 1 2 4 17 18 2 0 2 7 1 2 4 0 2 7 0 2 7 0 2 4 5 31 3 1 2 7 1 2 7 1 2 7 5 30 3 5 31 3 0 2 7 0 2 7 0 2 4 1 2 4 17 9 2 1 2 7 0 2 7 17 9 2 1 2 7 1 2 7 17 9 2 0 2 7 12 16 2 0 2 7 0 2 7 0 2 7 0 2 7 13 6 3 0 2 4 0 2 7 1 2 7 0 2 7 1 2 7 12 16 2 13 6 3 1 2 7 17 9 2 17 18 2 1 2 7 1 2 7 13 6 3 17 9 2 1 2 7 0 2 7 1 2 7 0 2 7 0 2 7 0 2 7 0 2 7 0 2 7 5 30 3 1 2 7 0 2 7 1 2 4 12 16 2 0 59.7875515222549438
1 2 7 0 2 7 1 2 4 17 18 2 0 2 7 1 2 4 0 2 7 0 2 7 0 2 4 5 31 3 1 2 7 1 2 7 1 2 7 5 30 3 5 31 3 0 2 7 0 2 7 0 2 4 1 2 4 17 9 2 1 2 7 0 2 7 17 9 2 1 2 7 1 2 7 17 9 2 0 2 7 12 16 2 0 2 7 0 2 7 0 2 7 0 2 7 13 6 3 0 2 4 0 2 7 1 2 7 0 2 7 1 2 7 12 16 2 13 6 3 1 2 7 17 9 2 17 18 2 1 2 7 1 2 7 13 6 3 17 9 2 1 2 7 0 2 7 1 2 7 0 2 7 0 2 7 0 2 7 0 2 7 0 2 7 5 30 3 1 2 7 0 2 7 1 2 4 12 16 2 0 59.7875515222549438
1 2 7 0 2 7 1 2 4 17 18 2 0 2 7 1 2 4 0 2 7 0 2 7 0 2 4 5 31 3 1 2 7 1 2 7 1 2 7 5 30 3 5 31 3 0 2 7 0 2 7 0 2 4 1 2 4 17 9 2 1 2 7 0 2 7 17 9 2 1 2 7 1 2 7 17 9 2 0 2 7 12 16 2 0 2 7 0 2 7 0 2 7 0 2 7 13 6 3 0 2 4 0 2 7 1 2 7 0 2 7 1 2 7 12 16 2 13 6 3 1 2 7 17 9 2 17 18 2 1 2 7 1 2 7 13 6 3 17 9 2 1 2 7 0 2 7 1 2 7 0 2 7 0 2 7 0 2 7 0 2 7 0 2 7 5 30 3 1 2 7 0 2 7 1 2 4 12 16 2 0 59.7875515222549438
1 2 7 0 2 7 1 2 4 17 18 2 0 2 7 1 2 4 0 2 7 0 2 7 0 2 4 5 31 3 1 2 7 1 2 7 1 2 7 5 30 3 5 31 3 0 2 7 0 2 7 0 2 4 1 2 4 17 9 2 1 2 7 0 2 7 17 9 2 1 2 7 1 2 7 17 9 2 0 2 7 12 16 2 0 2 7 0 2 7 0 2 7 0 2 7 13 6 3 0 2 4 0 2 7 1 2 7 0 2 7 1 2 7 12 16 2 13 6 3 1 2 7 17 9 2 17 18 2 1 2 7 1 2 7 13 6 3 17 9 2 1 2 7 0 2 7 1 2 7 0 2 7 0 2 7 0 2 7 0 2 7 0 2 7 5 30 3 1 2 7 0 2 7 1 2 4 12 16 2 0 59.7875515222549438
1 2 7 0 2 7 1 2 4 17 18 2 0 2 7 1 2 4 0 2 7 0 2 7 0 2 4 5 31 3 1 2 7 1 2 7 1 2 7 5 30 3 5 31 3 0 2 7 0 2 7 0 2 4 1 2 4 17 9 2 1 2 7 0 2 7 17 9 2 1 2 7 1 2 7 17 9 2 0 2 7 12 16 2 0 2 7 0 2 7 0 2 7 0 2 7 13 6 3 0 2 4 0 2 7 1 2 7 0 2 7 1 2 7 12 16 2 13 6 3 1 2 7 17 9 2 17 18 2 1 2 7 1 2 7 13 6 3 17 9 2 1 2 7 0 2 7 1 2 7 0 2 7 0 2 7 0 2 7 0 2 7 0 2 7 5 30 3 1 2 7 0 2 7 1 2 4 12 16 2 0 59.7875515222549438
1 2 7 0 2 7 1 2 4 17 18 2 0 2 7 1 2 4 0 2 7 0 2 7 0 2 4 5 31 3 1 2 7 1 2 7 1 2 7 5 30 3 5 31 3 0 2 7 0 2 7 0 2 4 1 2 4 17 9 2 1 2 7 0 2 7 17 9 2 1 2 7 1 2 7 17 9 2 0 2 7 12 16 2 0 2 7 0 2 7 0 2 7 0 2 7 13 6 3 0 2 4 0 2 7 1 2 7 0 2 7 1 2 7 12 16 2 13 6 3 1 2 7 17 9 2 17 18 2 1 2 7 1 2 7 13 6 3 17 9 2 1 2 7 0 2 7 1 2 7 0 2 7 0 2 7 0 2 7 0 2 7 0 2 7 5 30 3 1 2 7 0 2 7 1 2 4 12 16 2 0 59.7875515222549438
1 2 7 0 2 7 1 2 4 17 18 2 0 2 7 1 2 4 0 2 7 0 2 7 0 2 4 5 31 3 1 2 7 1 2 7 1 2 7 5 30 3 5 31 3 0 2 7 0 2 7 0 2 4 1 2 4 17 9 2 1 2 7 0 2 7 17 9 2 1 2 7 1 2 7 17 9 2 0 2 7 12 16 2 0 2 7 0 2 7 0 2 7 0 2 7 13 6 3 0 2 4 0 2 7 1 2 7 0 2 7 1 2 7 12 16 2 13 6 3 1 2 7 17 9 2 17 18 2 1 2 7 1 2 7 13 6 3 17 9 2 1 2 7 0 2 7 1 2 7 0 2 7 0 2 7 0 2 7 0 2 7 0 2 7 5 30 3 1 2 7 0 2 7 1 2 4 12 16 2 0 59.7875515222549438
1 2 7 0 2 7 1 2 4 17 18 2 0 2 7 1 2 4 0 2 7 0 2 7 0 2 4 5 31 3 1 2 7 1 2 7 1 2 7 5 30 3 5 31 3 0 2 7 0 2 7 0 2 4 1 2 4 17 9 2 1 2 7 0 2 7 17 9 2 1 2 7 1 2 7 17 9 2 0 2 7 12 16 2 0 2 7 0 2 7 0 2 7 0 2 7 13 6 3 0 2 4 0 2 7 1 2 7 0 2 7 1 2 7 12 16 2 13 6 3 1 2 7 17 9 2 17 18 2 1 2 7 1 2 7 13 6 3 17 9 2 1 2 7 0 2 7 1 2 7 0 2 7 0 2 7 0 2 7 0 2 7 0 2 7 5 30 3 1 2 7 0 2 7 1 2 4 12 16 2 0 59.7875515222549438
1 2 7 0 2 7 1 2 4 17 18 2 0 2 7 1 2 4 0 2 7 0 2 7 0 2 4 5 31 3 1 2 7 1 2 7 1 2 7 5 30 3 5 31 3 0 2 7 0 2 7 0 2 4 1 2 4 17 9 2 1 2 7 0 2 7 17 9 2 1 2 7 1 2 7 17 9 2 0 2 7 12 16 2 0 2 7 0 2 7 0 2 7 0 2 7 13 6 3 0 2 4 0 2 7 1 2 7 0 2 7 1 2 7 12 16 2 13 6 3 1 2 7 17 9 2 17 18 2 1 2 7 1 2 7 13 6 3 17 9 2 1 2 7 0 2 7 1 2 7 0 2 7 0 2 7 0 2 7 0 2 7 0 2 7 5 30 3 1 2 7 0 2 7 1 2 4 12 16 2 0 59.7875515222549438
1 2 7 0 2 7 1 2 4 17 18 2 0 2 7 1 2 4 0 2 7 0 2 7 0 2 4 5 31 3 1 2 7 1 2 7 1 2 7 5 30 3 5 31 3 0 2 7 0 2 7 0 2 4 1 2 4 17 9 2 1 2 7 0 2 7 17 9 2 1 2 7 1 2 7 17 9 2 0 2 7 12 16 2 0 2 7 0 2 7 0 2 7 0 2 7 13 6 3 0 2 4 0 2 7 1 2 7 0 2 7 1 2 7 12 16 2 13 6 3 1 2 7 17 9 2 17 18 2 1 2 7 1 2 7 13 6 3 17 9 2 1 2 7 0 2 7 1 2 7 0 2 7 0 2 7 0 2 7 0 2 7 0 2 7 5 30 3 1 2 7 0 2 7 1 2 4 12 16 2 0 59.7875515222549438
1 2 7 0 2 7 1 2 4 17 18 2 0 2 7 1 2 4 0 2 7 0 2 7 0 2 4 5 31 3 1 2 7 1 2 7 1 2 7 5 30 3 5 31 3 0 2 7 0 2 7 0 2 4 1 2 4 17 9 2 1 2 7 0 2 7 17 9 2 1 2 7 1 2 7 17 9 2 0 2 7 12 16 2 0 2 7 0 2 7 0 2 7 0 2 7 13 6 3 0 2 4 0 2 7 1 2 7 0 2 7 1 2 7 12 16 2 13 6 3 1 2 7 17 9 2 17 18 2 1 2 7 1 2 7 13 6 3 17 9 2 1 2 7 0 2 7 1 2 7 0 2 7 0 2 7 0 2 7 0 2 7 0 2 7 5 30 3 1 2 7 0 2 7 1 2 4 12 16 2 0 59.7875515222549438
1 2 7 0 2 7 1 2 4 17 18 2 0 2 7 1 2 4 0 2 7 0 2 7 0 2 4 5 31 3 1 2 7 1 2 7 1 2 7 5 30 3 5 31 3 0 2 7 0 2 7 0 2 4 1 2 4 17 9 2 1 2 7 0 2 7 17 9 2 1 2 7 1 2 7 17 9 2 0 2 7 12 16 2 0 2 7 0 2 7 0 2 7 0 2 7 13 6 3 0 2 4 0 2 7 1 2 7 0 2 7 1 2 7 12 16 2 13 6 3 1 2 7 17 9 2 17 18 2 1 2 7 1 2 7 13 6 3 17 9 2 1 2 7 0 2 7 1 2 7 0 2 7 0 2 7 0 2 7 0 2 7 0 2 7 5 30 3 1 2 7 0 2 7 1 2 4 12 16 2 0 59.7875515222549438
1 2 7 0 2 7 1 2 4 17 18 2 0 2 7 1 2 4 0 2 7 0 2 7 0 2 4 5 31 3 1 2 7 1 2 7 1 2 7 5 30 3 5 31 3 0 2 7 0 2 7 0 2 4 1 2 4 17 9 2 1 2 7 0 2 7 17 9 2 1 2 7 1 2 7 17 9 2 0 2 7 12 16 2 0 2 7 0 2 7 0 2 7 0 2 7 13 6 3 0 2 4 0 2 7 1 2 7 0 2 7 1 2 7 12 16 2 13 6 3 1 2 7 17 9 2 17 18 2 1 2 7 1 2 7 13 6 3 17 9 2 1 2 7 0 2 7 1 2 7 0 2 7 0 2 7 0 2 7 0 2 7 0 2 7 5 30 3 1 2 7 0 2 7 1 2 4 12 16 2 0 59.7875515222549438
1 2 7 0 2 7 1 2 4 17 18 2 0 2 7 1 2 4 0 2 7 0 2 7 0 2 4 5 31 3 1 2 7 1 2 7 1 2 7 5 30 3 5 31 3 0 2 7 0 2 7 0 2 4 1 2 4 17 9 2 1 2 7 0 2 7 17 9 2 1 2 7 1 2 7 17 9 2 0 2 7 12 16 2 0 2 7 0 2 7 0 2 7 0 2 7 13 6 3 0 2 4 0 2 7 1 2 7 0 2 7 1 2 7 12 16 2 13 6 3 1 2 7 17 9 2 17 18 2 1 2 7 1 2 7 13 6 3 17 9 2 1 2 7 0 2 7 1 2 7 0 2 7 0 2 7 0 2 7 0 2 7 0 2 7 5 30 3 1 2 7 0 2 7 1 2 4 12 16 2 0 59.7875515222549438
1 2 7 0 2 7 1 2 4 17 18 2 0 2 7 1 2 4 0 2 7 0 2 7 0 2 4 5 31 3 1 2 7 1 2 7 1 2 7 5 30 3 5 31 3 0 2 7 0 2 7 0 2 4 1 2 4 17 9 2 1 2 7 0 2 7 17 9 2 1 2 7 1 2 7 17 9 2 0 2 7 12 16 2 0 2 7 0 2 7 0 2 7 0 2 7 13 6 3 0 2 4 0 2 7 1 2 7 0 2 7 1 2 7 12 16 2 13 6 3 1 2 7 17 9 2 17 18 2 1 2 7 1 2 7 13 6 3 17 9 2 1 2 7 0 2 7 1 2 7 0 2 7 0 2 7 0 2 7 0 2 7 0 2 7 5 30 3 1 2 7 0 2 7 1 2 4 12 16 2 0 59.7875515222549438
1 2 7 0 2 7 1 2 4 17 18 2 0 2 7 1 2 4 0 2 7 0 2 7 0 2 4 5 31 3 1 2 7 1 2 7 1 2 7 5 30 3 5 31 3 0 2 7 0 2 7 0 2 4 1 2 4 17 9 2 1 2 7 0 2 7 17 9 2 1 2 7 1 2 7 17 9 2 0 2 7 12 16 2 0 2 7 0 2 7 0 2 7 0 2 7 13 6 3 0 2 4 0 2 7 1 2 7 0 2 7 1 2 7 12 16 2 13 6 3 1 2 7 17 9 2 17 18 2 1 2 7 1 2 7 13 6 3 17 9 2 1 2 7 0 2 7 1 2 7 0 2 7 0 2 7 0 2 7 0 2 7 0 2 7 5 30 3 1 2 7 0 2 7 1 2 4 12 16 2 0 59.7875515222549438
1 2 7 0 2 7 1 2 4 17 18 2 0 2 7 1 2 4 0 2 7 0 2 7 0 2 4 5 31 3 1 2 7 1 2 7 1 2 7 5 30 3 5 31 3 0 2 7 0 2 7 0 2 4 1 2 4 17 9 2 1 2 7 0 2 7 17 9 2 1 2 7 1 2 7 17 9 2 0 2 7 12 16 2 0 2 7 0 2 7 0 2 7 0 2 7 13 6 3 0 2 4 0 2 7 1 2 7 0 2 7 1 2 7 12 16 2 13 6 3 1 2 7 17 9 2 17 18 2 1 2 7 1 2 7 13 6 3 17 9 2 1 2 7 0 2 7 1 2 7 0 2 7 0 2 7 0 2 7 0 2 7 0 2 7 5 30 3 1 2 7 0 2 7 1 2 4 12 16 2 0 59.7875515222549438
1 2 7 0 2 7 1 2 4 17 18 2 0 2 7 1 2 4 0 2 7 0 2 7 0 2 4 5 31 3 1 2 7 1 2 7 1 2 7 5 30 3 5 31 3 0 2 7 0 2 7 0 2 4 1 2 4 17 9 2 1 2 7 0 2 7 17 9 2 1 2 7 1 2 7 17 9 2 0 2 7 12 16 2 0 2 7 0 2 7 0 2 7 0 2 7 13 6 3 0 2 4 0 2 7 1 2 7 0 2 7 1 2 7 12 16 2 13 6 3 1 2 7 17 9 2 17 18 2 1 2 7 1 2 7 13 6 3 17 9 2 1 2 7 0 2 7 1 2 7 0 2 7 0 2 7 0 2 7 0 2 7 0 2 7 5 30 3 1 2 7 0 2 7 1 2 4 12 16 2 0 59.7875515222549438
1 2 7 0 2 7 1 2 4 17 18 2 0 2 7 1 2 4 0 2 7 0 2 7 0 2 4 5 31 3 1 2 7 1 2 7 1 2 7 5 30 3 5 31 3 0 2 7 0 2 7 0 2 4 1 2 4 17 9 2 1 2 7 0 2 7 17 9 2 1 2 7 1 2 7 17 9 2 0 2 7 12 16 2 0 2 7 0 2 7 0 2 7 0 2 7 13 6 3 0 2 4 0 2 7 1 2 7 0 2 7 1 2 7 12 16 2 13 6 3 1 2 7 17 9 2 17 18 2 1 2 7 1 2 7 13 6 3 17 9 2 1 2 7 0 2 7 1 2 7 0 2 7 0 2 7 0 2 7 0 2 7 0 2 7 5 30 3 1 2 7 0 2 7 1 2 4 12 16 2 0 59.7875515222549438
1 2 7 0 2 7 1 2 4 17 18 2 0 2 7 1 2 4 0 2 7 0 2 7 0 2 4 5 31 3 1 2 7 1 2 7 1 2 7 5 30 3 5 31 3 0 2 7 0 2 7 0 2 4 1 2 4 17 9 2 1 2 7 0 2 7 17 9 2 1 2 7 1 2 7 17 9 2 0 2 7 12 16 2 0 2 7 0 2 7 0 2 7 0 2 7 13 6 3 0 2 4 0 2 7 1 2 7 0 2 7 1 2 7 12 16 2 13 6 3 1 2 7 17 9 2 17 18 2 1 2 7 1 2 7 13 6 3 17 9 2 1 2 7 0 2 7 1 2 7 0 2 7 0 2 7 0 2 7 0 2 7 0 2 7 5 30 3 1 2 7 0 2 7 1 2 4 12 16 2 0 59.7875515222549438
1 2 7 0 2 7 1 2 4 17 18 2 0 2 7 1 2 4 0 2 7 0 2 7 0 2 4 5 31 3 1 2 7 1 2 7 1 2 7 5 30 3 5 31 3 0 2 7 0 2 7 0 2 4 1 2 4 17 9 2 1 2 7 0 2 7 17 9 2 1 2 7 1 2 7 17 9 2 0 2 7 12 16 2 0 2 7 0 2 7 0 2 7 0 2 7 13 6 3 0 2 4 0 2 7 1 2 7 0 2 7 1 2 7 12 16 2 13 6 3 1 2 7 17 9 2 17 18 2 1 2 7 1 2 7 13 6 3 17 9 2 1 2 7 0 2 7 1 2 7 0 2 7 0 2 7 0 2 7 0 2 7 0 2 7 5 30 3 1 2 7 0 2 7 1 2 4 12 16 2 0 59.7875515222549438
1 2 7 0 2 7 1 2 4 17 18 2 0 2 7 1 2 4 0 2 7 0 2 7 0 2 4 5 31 3 1 2 7 1 2 7 1 2 7 5 30 3 5 31 3 0 2 7 0 2 7 0 2 4 1 2 4 17 9 2 1 2 7 0 2 7 17 9 2 1 2 7 1 2 7 17 9 2 0 2 7 12 16 2 0 2 7 0 2 7 0 2 7 0 2 7 13 6 3 0 2 4 0 2 7 1 2 7 0 2 7 1 2 7 12 16 2 13 6 3 1 2 7 17 9 2 17 18 2 1 2 7 1 2 7 13 6 3 17 9 2 1 2 7 0 2 7 1 2 7 0 2 7 0 2 7 0 2 7 0 2 7 0 2 7 5 30 3 1 2 7 0 2 7 1 2 4 12 16 2 0 59.7875515222549438
1 2 7 0 2 7 1 2 4 17 18 2 0 2 7 1 2 4 0 2 7 0 2 7 0 2 4 5 31 3 1 2 7 1 2 7 1 2 7 5 30 3 5 31 3 0 2 7 0 2 7 0 2 4 1 2 4 17 9 2 1 2 7 0 2 7 17 9 2 1 2 7 1 2 7 17 9 2 0 2 7 12 16 2 0 2 7 0 2 7 0 2 7 0 2 7 13 6 3 0 2 4 0 2 7 1 2 7 0 2 7 1 2 7 12 16 2 13 6 3 1 2 7 17 9 2 17 18 2 1 2 7 1 2 7 13 6 3 17 9 2 1 2 7 0 2 7 1 2 7 0 2 7 0 2 7 0 2 7 0 2 7 0 2 7 5 30 3 1 2 7 0 2 7 1 2 4 12 16 2 0 59.7875515222549438
1 2 7 0 2 7 1 2 4 17 18 2 0 2 7 1 2 4 0 2 7 0 2 7 0 2 4 5 31 3 1 2 7 1 2 7 1 2 7 5 30 3 5 31 3 0 2 7 0 2 7 0 2 4 1 2 4 17 9 2 1 2 7 0 2 7 17 9 2 1 2 7 1 2 7 17 9 2 0 2 7 12 16 2 0 2 7 0 2 7 0 2 7 0 2 7 13 6 3 0 2 4 0 2 7 1 2 7 0 2 7 1 2 7 12 16 2 13 6 3 1 2 7 17 9 2 17 18 2 1 2 7 1 2 7 13 6 3 17 9 2 1 2 7 0 2 7 1 2 7 0 2 7 0 2 7 0 2 7 0 2 7 0 2 7 5 30 3 1 2 7 0 2 7 1 2 4 12 16 2 0 59.7875515222549438
1 2 7 0 2 7 1 2 4 17 18 2 0 2 7 1 2 4 0 2 7 0 2 7 0 2 4 5 31 3 1 2 7 1 2 7 1 2 7 5 30 3 5 31 3 0 2 7 0 2 7 0 2 4 1 2 4 17 9 2 1 2 7 0 2 7 17 9 2 1 2 7 1 2 7 17 9 2 0 2 7 12 16 2 0 2 7 0 2 7 0 2 7 0 2 7 13 6 3 0 2 4 0 2 7 1 2 7 0 2 7 1 2 7 12 16 2 13 6 3 1 2 7 17 9 2 17 18 2 1 2 7 1 2 7 13 6 3 17 9 2 1 2 7 0 2 7 1 2 7 0 2 7 0 2 7 0 2 7 0 2 7 0 2 7 5 30 3 1 2 7 0 2 7 1 2 4 12 16 2 0 59.7875515222549438
1 2 7 0 2 7 1 2 4 17 18 2 0 2 7 1 2 4 0 2 7 0 2 7 0 2 4 5 31 3 1 2 7 1 2 7 1 2 7 5 30 3 5 31 3 0 2 7 0 2 7 0 2 4 1 2 4 17 9 2 1 2 7 0 2 7 17 9 2 1 2 7 1 2 7 17 9 2 0 2 7 12 16 2 0 2 7 0 2 7 0 2 7 0 2 7 13 6 3 0 2 4 0 2 7 1 2 7 0 2 7 1 2 7 12 16 2 13 6 3 1 2 7 17 9 2 17 18 2 1 2 7 1 2 7 13 6 3 17 9 2 1 2 7 0 2 7 1 2 7 0 2 7 0 2 7 0 2 7 0 2 7 0 2 7 5 30 3 1 2 7 0 2 7 1 2 4 12 16 2 0 59.7875515222549438
1 2 7 0 2 7 1 2 4 17 18 2 0 2 7 1 2 4 0 2 7 0 2 7 0 2 4 5 31 3 1 2 7 1 2 7 1 2 7 5 30 3 5 31 3 0 2 7 0 2 7 0 2 4 1 2 4 17 9 2 1 2 7 0 2 7 17 9 2 1 2 7 1 2 7 17 9 2 0 2 7 12 16 2 0 2 7 0 2 7 0 2 7 0 2 7 13 6 3 0 2 4 0 2 7 1 2 7 0 2 7 1 2 7 12 16 2 13 6 3 1 2 7 17 9 2 17 18 2 1 2 7 1 2 7 13 6 3 17 9 2 1 2 7 0 2 7 1 2 7 0 2 7 0 2 7 0 2 7 0 2 7 0 2 7 5 30 3 1 2 7 0 2 7 1 2 4 12 16 2 0 59.7875515222549438
1 2 7 0 2 7 1 2 4 17 18 2 0 2 7 1 2 4 0 2 7 0 2 7 0 2 4 5 31 3 1 2 7 1 2 7 1 2 7 5 30 3 5 31 3 0 2 7 0 2 7 0 2 4 1 2 4 17 9 2 1 2 7 0 2 7 17 9 2 1 2 7 1 2 7 17 9 2 0 2 7 12 16 2 0 2 7 0 2 7 0 2 7 0 2 7 13 6 3 0 2 4 0 2 7 1 2 7 0 2 7 1 2 7 12 16 2 13 6 3 1 2 7 17 9 2 17 18 2 1 2 7 1 2 7 13 6 3 17 9 2 1 2 7 0 2 7 1 2 7 0 2 7 0 2 7 0 2 7 0 2 7 0 2 7 5 30 3 1 2 7 0 2 7 1 2 4 12 16 2 0 59.7875515222549438
1 2 7 0 2 7 1 2 4 17 18 2 0 2 7 1 2 4 0 2 7 0 2 7 0 2 4 5 31 3 1 2 7 1 2 7 1 2 7 5 30 3 5 31 3 0 2 7 0 2 7 0 2 4 1 2 4 17 9 2 1 2 7 0 2 7 17 9 2 1 2 7 1 2 7 17 9 2 0 2 7 12 16 2 0 2 7 0 2 7 0 2 7 0 2 7 13 6 3 0 2 4 0 2 7 1 2 7 0 2 7 1 2 7 12 16 2 13 6 3 1 2 7 17 9 2 17 18 2 1 2 7 1 2 7 13 6 3 17 9 2 1 2 7 0 2 7 1 2 7 0 2 7 0 2 7 0 2 7 0 2 7 0 2 7 5 30 3 1 2 7 0 2 7 1 2 4 12 16 2 0 59.7875515222549438
1 2 7 0 2 7 1 2 4 17 18 2 0 2 7 1 2 4 0 2 7 0 2 7 0 2 4 5 31 3 1 2 7 1 2 7 1 2 7 5 30 3 5 31 3 0 2 7 0 2 7 0 2 4 1 2 4 17 9 2 1 2 7 0 2 7 17 9 2 1 2 7 1 2 7 17 9 2 0 2 7 12 16 2 0 2 7 0 2 7 0 2 7 0 2 7 13 6 3 0 2 4 0 2 7 1 2 7 0 2 7 1 2 7 12 16 2 13 6 3 1 2 7 17 9 2 17 18 2 1 2 7 1 2 7 13 6 3 17 9 2 1 2 7 0 2 7 1 2 7 0 2 7 0 2 7 0 2 7 0 2 7 0 2 7 5 30 3 1 2 7 0 2 7 1 2 4 12 16 2 0 59.7875515222549438
1 2 7 0 2 7 1 2 4 17 18 2 0 2 7 1 2 4 0 2 7 0 2 7 0 2 4 5 31 3 1 2 7 1 2 7 1 2 7 5 30 3 5 31 3 0 2 7 0 2 7 0 2 4 1 2 4 17 9 2 1 2 7 0 2 7 17 9 2 1 2 7 1 2 7 17 9 2 0 2 7 12 16 2 0 2 7 0 2 7 0 2 7 0 2 7 13 6 3 0 2 4 0 2 7 1 2 7 0 2 7 1 2 7 12 16 2 13 6 3 1 2 7 17 9 2 17 18 2 1 2 7 1 2 7 13 6 3 17 9 2 1 2 7 0 2 7 1 2 7 0 2 7 0 2 7 0 2 7 0 2 7 0 2 7 5 30 3 1 2 7 0 2 7 1 2 4 12 16 2 0 59.7875515222549438
1 2 7 0 2 7 1 2 4 17 18 2 0 2 7 1 2 4 0 2 7 0 2 7 0 2 4 5 31 3 1 2 7 1 2 7 1 2 7 5 30 3 5 31 3 0 2 7 0 2 7 0 2 4 1 2 4 17 9 2 1 2 7 0 2 7 17 9 2 1 2 7 1 2 7 17 9 2 0 2 7 12 16 2 0 2 7 0 2 7 0 2 7 0 2 7 13 6 3 0 2 4 0 2 7 1 2 7 0 2 7 1 2 7 12 16 2 13 6 3 1 2 7 17 9 2 17 18 2 1 2 7 1 2 7 13 6 3 17 9 2 1 2 7 0 2 7 1 2 7 0 2 7 0 2 7 0 2 7 0 2 7 0 2 7 5 30 3 1 2 7 0 2 7 1 2 4 12 16 2 0 59.7875515222549438
1 2 7 0 2 7 1 2 4 17 18 2 0 2 7 1 2 4 0 2 7 0 2 7 0 2 4 5 31 3 1 2 7 1 2 7 1 2 7 5 30 3 5 31 3 0 2 7 0 2 7 0 2 4 1 2 4 17 9 2 1 2 7 0 2 7 17 9 2 1 2 7 1 2 7 17 9 2 0 2 7 12 16 2 0 2 7 0 2 7 0 2 7 0 2 7 13 6 3 0 2 4 0 2 7 1 2 7 0 2 7 1 2 7 12 16 2 13 6 3 1 2 7 17 9 2 17 18 2 1 2 7 1 2 7 13 6 3 17 9 2 1 2 7 0 2 7 1 2 7 0 2 7 0 2 7 0 2 7 0 2 7 0 2 7 5 30 3 1 2 7 0 2 7 1 2 4 12 16 2 0 59.7875515222549438
1 2 7 0 2 7 1 2 4 17 18 2 0 2 7 1 2 4 0 2 7 0 2 7 0 2 4 5 31 3 1 2 7 1 2 7 1 2 7 5 30 3 5 31 3 0 2 7 0 2 7 0 2 4 1 2 4 17 9 2 1 2 7 0 2 7 17 9 2 1 2 7 1 2 7 17 9 2 0 2 7 12 16 2 0 2 7 0 2 7 0 2 7 0 2 7 13 6 3 0 2 4 0 2 7 1 2 7 0 2 7 1 2 7 12 16 2 13 6 3 1 2 7 17 9 2 17 18 2 1 2 7 1 2 7 13 6 3 17 9 2 1 2 7 0 2 7 1 2 7 0 2 7 0 2 7 0 2 7 0 2 7 0 2 7 5 30 3 1 2 7 0 2 7 1 2 4 12 16 2 0 59.7875515222549438
1 2 7 0 2 7 1 2 4 17 18 2 0 2 7 1 2 4 0 2 7 0 2 7 0 2 4 5 31 3 1 2 7 1 2 7 1 2 7 5 30 3 5 31 3 0 2 7 0 2 7 0 2 4 1 2 4 17 9 2 1 2 7 0 2 7 17 9 2 1 2 7 1 2 7 17 9 2 0 2 7 12 16 2 0 2 7 0 2 7 0 2 7 0 2 7 13 6 3 0 2 4 0 2 7 1 2 7 0 2 7 1 2 7 12 16 2 13 6 3 1 2 7 17 9 2 17 18 2 1 2 7 1 2 7 13 6 3 17 9 2 1 2 7 0 2 7 1 2 7 0 2 7 0 2 7 0 2 7 0 2 7 0 2 7 5 30 3 1 2 7 0 2 7 1 2 4 12 16 2 0 59.7875515222549438
1 2 7 0 2 7 1 2 4 17 18 2 0 2 7 1 2 4 0 2 7 0 2 7 0 2 4 5 31 3 1 2 7 1 2 7 1 2 7 5 30 3 5 31 3 0 2 7 0 2 7 0 2 4 1 2 4 17 9 2 1 2 7 0 2 7 17 9 2 1 2 7 1 2 7 17 9 2 0 2 7 12 16 2 0 2 7 0 2 7 0 2 7 0 2 7 13 6 3 0 2 4 0 2 7 1 2 7 0 2 7 1 2 7 12 16 2 13 6 3 1 2 7 17 9 2 17 18 2 1 2 7 1 2 7 13 6 3 17 9 2 1 2 7 0 2 7 1 2 7 0 2 7 0 2 7 0 2 7 0 2 7 0 2 7 5 30 3 1 2 7 0 2 7 1 2 4 12 16 2 0 59.7875515222549438
1 2 7 0 2 7 1 2 4 17 18 2 0 2 7 1 2 4 0 2 7 0 2 7 0 2 4 5 31 3 1 2 7 1 2 7 1 2 7 5 30 3 5 31 3 0 2 7 0 2 7 0 2 4 1 2 4 17 9 2 1 2 7 0 2 7 17 9 2 1 2 7 1 2 7 17 9 2 0 2 7 12 16 2 0 2 7 0 2 7 0 2 7 0 2 7 13 6 3 0 2 4 0 2 7 1 2 7 0 2 7 1 2 7 12 16 2 13 6 3 1 2 7 17 9 2 17 18 2 1 2 7 1 2 7 13 6 3 17 9 2 1 2 7 0 2 7 1 2 7 0 2 7 0 2 7 0 2 7 0 2 7 0 2 7 5 30 3 1 2 7 0 2 7 1 2 4 12 16 2 0 59.7875515222549438
1 2 7 0 2 7 1 2 4 17 18 2 0 2 7 1 2 4 0 2 7 0 2 7 0 2 4 5 31 3 1 2 7 1 2 7 1 2 7 5 30 3 5 31 3 0 2 7 0 2 7 0 2 4 1 2 4 17 9 2 1 2 7 0 2 7 17 9 2 1 2 7 1 2 7 17 9 2 0 2 7 12 16 2 0 2 7 0 2 7 0 2 7 0 2 7 13 6 3 0 2 4 0 2 7 1 2 7 0 2 7 1 2 7 12 16 2 13 6 3 1 2 7 17 9 2 17 18 2 1 2 7 1 2 7 13 6 3 17 9 2 1 2 7 0 2 7 1 2 7 0 2 7 0 2 7 0 2 7 0 2 7 0 2 7 5 30 3 1 2 7 0 2 7 1 2 4 12 16 2 0 59.7875515222549438
1 2 7 0 2 7 1 2 4 17 18 2 0 2 7 1 2 4 0 2 7 0 2 7 0 2 4 5 31 3 1 2 7 1 2 7 1 2 7 5 30 3 5 31 3 0 2 7 0 2 7 0 2 4 1 2 4 17 9 2 1 2 7 0 2 7 17 9 2 1 2 7 1 2 7 17 9 2 0 2 7 12 16 2 0 2 7 0 2 7 0 2 7 0 2 7 13 6 3 0 2 4 0 2 7 1 2 7 0 2 7 1 2 7 12 16 2 13 6 3 1 2 7 17 9 2 17 18 2 1 2 7 1 2 7 13 6 3 17 9 2 1 2 7 0 2 7 1 2 7 0 2 7 0 2 7 0 2 7 0 2 7 0 2 7 5 30 3 1 2 7 0 2 7 1 2 4 12 16 2 0 59.7875515222549438
1 2 7 0 2 7 1 2 4 17 18 2 0 2 7 1 2 4 0 2 7 0 2 7 0 2 4 5 31 3 1 2 7 1 2 7 1 2 7 5 30 3 5 31 3 0 2 7 0 2 7 0 2 4 1 2 4 17 9 2 1 2 7 0 2 7 17 9 2 1 2 7 1 2 7 17 9 2 0 2 7 12 16 2 0 2 7 0 2 7 0 2 7 0 2 7 13 6 3 0 2 4 0 2 7 1 2 7 0 2 7 1 2 7 12 16 2 13 6 3 1 2 7 17 9 2 17 18 2 1 2 7 1 2 7 13 6 3 17 9 2 1 2 7 0 2 7 1 2 7 0 2 7 0 2 7 0 2 7 0 2 7 0 2 7 5 30 3 1 2 7 0 2 7 1 2 4 12 16 2 0 59.7875515222549438
1 2 7 0 2 7 1 2 4 17 18 2 0 2 7 1 2 4 0 2 7 0 2 7 0 2 4 5 31 3 1 2 7 1 2 7 1 2 7 5 30 3 5 31 3 0 2 7 0 2 7 0 2 4 1 2 4 17 9 2 1 2 7 0 2 7 17 9 2 1 2 7 1 2 7 17 9 2 0 2 7 12 16 2 0 2 7 0 2 7 0 2 7 0 2 7 13 6 3 0 2 4 0 2 7 1 2 7 0 2 7 1 2 7 12 16 2 13 6 3 1 2 7 17 9 2 17 18 2 1 2 7 1 2 7 13 6 3 17 9 2 1 2 7 0 2 7 1 2 7 0 2 7 0 2 7 0 2 7 0 2 7 0 2 7 5 30 3 1 2 7 0 2 7 1 2 4 12 16 2 0 59.7875515222549438
1 2 7 0 2 7 1 2 4 17 18 2 0 2 7 1 2 4 0 2 7 0 2 7 0 2 4 5 31 3 1 2 7 1 2 7 1 2 7 5 30 3 5 31 3 0 2 7 0 2 7 0 2 4 1 2 4 17 9 2 1 2 7 0 2 7 17 9 2 1 2 7 1 2 7 17 9 2 0 2 7 12 16 2 0 2 7 0 2 7 0 2 7 0 2 7 13 6 3 0 2 4 0 2 7 1 2 7 0 2 7 1 2 7 12 16 2 13 6 3 1 2 7 17 9 2 17 18 2 1 2 7 1 2 7 13 6 3 17 9 2 1 2 7 0 2 7 1 2 7 0 2 7 0 2 7 0 2 7 0 2 7 0 2 7 5 30 3 1 2 7 0 2 7 1 2 4 12 16 2 0 59.7875515222549438
1 2 7 0 2 7 1 2 4 17 18 2 0 2 7 1 2 4 0 2 7 0 2 7 0 2 4 5 31 3 1 2 7 1 2 7 1 2 7 5 30 3 5 31 3 0 2 7 0 2 7 0 2 4 1 2 4 17 9 2 1 2 7 0 2 7 17 9 2 1 2 7 1 2 7 17 9 2 0 2 7 12 16 2 0 2 7 0 2 7 0 2 7 0 2 7 13 6 3 0 2 4 0 2 7 1 2 7 0 2 7 1 2 7 12 16 2 13 6 3 1 2 7 17 9 2 17 18 2 1 2 7 1 2 7 13 6 3 17 9 2 1 2 7 0 2 7 1 2 7 0 2 7 0 2 7 0 2 7 0 2 7 0 2 7 5 30 3 1 2 7 0 2 7 1 2 4 12 16 2 0 59.7875515222549438
1 2 7 0 2 7 1 2 4 17 18 2 0 2 7 1 2 4 0 2 7 0 2 7 0 2 4 5 31 3 1 2 7 1 2 7 1 2 7 5 30 3 5 31 3 0 2 7 0 2 7 0 2 4 1 2 4 17 9 2 1 2 7 0 2 7 17 9 2 1 2 7 1 2 7 17 9 2 0 2 7 12 16 2 0 2 7 0 2 7 0 2 7 0 2 7 13 6 3 0 2 4 0 2 7 1 2 7 0 2 7 1 2 7 12 16 2 13 6 3 1 2 7 17 9 2 17 18 2 1 2 7 1 2 7 13 6 3 17 9 2 1 2 7 0 2 7 1 2 7 0 2 7 0 2 7 0 2 7 0 2 7 0 2 7 5 30 3 1 2 7 0 2 7 1 2 4 12 16 2 0 59.7875515222549438
1 2 7 0 2 7 1 2 4 17 18 2 0 2 7 1 2 4 0 2 7 0 2 7 0 2 4 5 31 3 1 2 7 1 2 7 1 2 7 5 30 3 5 31 3 0 2 7 0 2 7 0 2 4 1 2 4 17 9 2 1 2 7 0 2 7 17 9 2 1 2 7 1 2 7 17 9 2 0 2 7 12 16 2 0 2 7 0 2 7 0 2 7 0 2 7 13 6 3 0 2 4 0 2 7 1 2 7 0 2 7 1 2 7 12 16 2 13 6 3 1 2 7 17 9 2 17 18 2 1 2 7 1 2 7 13 6 3 17 9 2 1 2 7 0 2 7 1 2 7 0 2 7 0 2 7 0 2 7 0 2 7 0 2 7 5 30 3 1 2 7 0 2 7 1 2 4 12 16 2 0 59.7875515222549438
1 2 7 0 2 7 1 2 4 17 18 2 0 2 7 1 2 4 0 2 7 0 2 7 0 2 4 5 31 3 1 2 7 1 2 7 1 2 7 5 30 3 5 31 3 0 2 7 0 2 7 0 2 4 1 2 4 17 9 2 1 2 7 0 2 7 17 9 2 1 2 7 1 2 7 17 9 2 0 2 7 12 16 2 0 2 7 0 2 7 0 2 7 0 2 7 13 6 3 0 2 4 0 2 7 1 2 7 0 2 7 1 2 7 12 16 2 13 6 3 1 2 7 17 9 2 17 18 2 1 2 7 1 2 7 13 6 3 17 9 2 1 2 7 0 2 7 1 2 7 0 2 7 0 2 7 0 2 7 0 2 7 0 2 7 5 30 3 1 2 7 0 2 7 1 2 4 12 16 2 0 59.7875515222549438
1 2 7 0 2 7 1 2 4 17 18 2 0 2 7 1 2 4 0 2 7 0 2 7 0 2 4 5 31 3 1 2 7 1 2 7 1 2 7 5 30 3 5 31 3 0 2 7 0 2 7 0 2 4 1 2 4 17 9 2 1 2 7 0 2 7 17 9 2 1 2 7 1 2 7 17 9 2 0 2 7 12 16 2 0 2 7 0 2 7 0 2 7 0 2 7 13 6 3 0 2 4 0 2 7 1 2 7 0 2 7 1 2 7 12 16 2 13 6 3 1 2 7 17 9 2 17 18 2 1 2 7 1 2 7 13 6 3 17 9 2 1 2 7 0 2 7 1 2 7 0 2 7 0 2 7 0 2 7 0 2 7 0 2 7 5 30 3 1 2 7 0 2 7 1 2 4 12 16 2 0 59.7875515222549438
1 2 7 0 2 7 1 2 4 17 18 2 0 2 7 1 2 4 0 2 7 0 2 7 0 2 4 5 31 3 1 2 7 1 2 7 1 2 7 5 30 3 5 31 3 0 2 7 0 2 7 0 2 4 1 2 4 17 9 2 1 2 7 0 2 7 17 9 2 1 2 7 1 2 7 17 9 2 0 2 7 12 16 2 0 2 7 0 2 7 0 2 7 0 2 7 13 6 3 0 2 4 0 2 7 1 2 7 0 2 7 1 2 7 12 16 2 13 6 3 1 2 7 17 9 2 17 18 2 1 2 7 1 2 7 13 6 3 17 9 2 1 2 7 0 2 7 1 2 7 0 2 7 0 2 7 0 2 7 0 2 7 0 2 7 5 30 3 1 2 7 0 2 7 1 2 4 12 16 2 0 59.7875515222549438
1 2 7 0 2 7 1 2 4 17 18 2 0 2 7 1 2 4 0 2 7 0 2 7 0 2 4 5 31 3 1 2 7 1 2 7 1 2 7 5 30 3 5 31 3 0 2 7 0 2 7 0 2 4 1 2 4 17 9 2 1 2 7 0 2 7 17 9 2 1 2 7 1 2 7 17 9 2 0 2 7 12 16 2 0 2 7 0 2 7 0 2 7 0 2 7 13 6 3 0 2 4 0 2 7 1 2 7 0 2 7 1 2 7 12 16 2 13 6 3 1 2 7 17 9 2 17 18 2 1 2 7 1 2 7 13 6 3 17 9 2 1 2 7 0 2 7 1 2 7 0 2 7 0 2 7 0 2 7 0 2 7 0 2 7 5 30 3 1 2 7 0 2 7 1 2 4 12 16 2 0 59.7875515222549438
1 2 7 0 2 7 1 2 4 17 18 2 0 2 7 1 2 4 0 2 7 0 2 7 0 2 4 5 31 3 1 2 7 1 2 7 1 2 7 5 30 3 5 31 3 0 2 7 0 2 7 0 2 4 1 2 4 17 9 2 1 2 7 0 2 7 17 9 2 1 2 7 1 2 7 17 9 2 0 2 7 12 16 2 0 2 7 0 2 7 0 2 7 0 2 7 13 6 3 0 2 4 0 2 7 1 2 7 0 2 7 1 2 7 12 16 2 13 6 3 1 2 7 17 9 2 17 18 2 1 2 7 1 2 7 13 6 3 17 9 2 1 2 7 0 2 7 1 2 7 0 2 7 0 2 7 0 2 7 0 2 7 0 2 7 5 30 3 1 2 7 0 2 7 1 2 4 12 16 2 0 59.7875515222549438
1 2 7 0 2 7 1 2 4 17 18 2 0 2 7 1 2 4 0 2 7 0 2 7 0 2 4 5 31 3 1 2 7 1 2 7 1 2 7 5 30 3 5 31 3 0 2 7 0 2 7 0 2 4 1 2 4 17 9 2 1 2 7 0 2 7 17 9 2 1 2 7 1 2 7 17 9 2 0 2 7 12 16 2 0 2 7 0 2 7 0 2 7 0 2 7 13 6 3 0 2 4 0 2 7 1 2 7 0 2 7 1 2 7 12 16 2 13 6 3 1 2 7 17 9 2 17 18 2 1 2 7 1 2 7 13 6 3 17 9 2 1 2 7 0 2 7 1 2 7 0 2 7 0 2 7 0 2 7 0 2 7 0 2 7 5 30 3 1 2 7 0 2 7 1 2 4 12 16 2 0 59.7875515222549438
1 2 7 0 2 7 1 2 4 17 18 2 0 2 7 1 2 4 0 2 7 0 2 7 0 2 4 5 31 3 1 2 7 1 2 7 1 2 7 5 30 3 5 31 3 0 2 7 0 2 7 0 2 4 1 2 4 17 9 2 1 2 7 0 2 7 17 9 2 1 2 7 1 2 7 17 9 2 0 2 7 12 16 2 0 2 7 0 2 7 0 2 7 0 2 7 13 6 3 0 2 4 0 2 7 1 2 7 0 2 7 1 2 7 12 16 2 13 6 3 1 2 7 17 9 2 17 18 2 1 2 7 1 2 7 13 6 3 17 9 2 1 2 7 0 2 7 1 2 7 0 2 7 0 2 7 0 2 7 0 2 7 0 2 7 5 30 3 1 2 7 0 2 7 1 2 4 12 16 2 0 59.7875515222549438
1 2 7 0 2 7 1 2 4 17 18 2 0 2 7 1 2 4 0 2 7 0 2 7 0 2 4 5 31 3 1 2 7 1 2 7 1 2 7 5 30 3 5 31 3 0 2 7 0 2 7 0 2 4 1 2 4 17 9 2 1 2 7 0 2 7 17 9 2 1 2 7 1 2 7 17 9 2 0 2 7 12 16 2 0 2 7 0 2 7 0 2 7 0 2 7 13 6 3 0 2 4 0 2 7 1 2 7 0 2 7 1 2 7 12 16 2 13 6 3 1 2 7 17 9 2 17 18 2 1 2 7 1 2 7 13 6 3 17 9 2 1 2 7 0 2 7 1 2 7 0 2 7 0 2 7 0 2 7 0 2 7 0 2 7 5 30 3 1 2 7 0 2 7 1 2 4 12 16 2 0 59.7875515222549438
1 2 7 0 2 7 1 2 4 17 18 2 0 2 7 1 2 4 0 2 7 0 2 7 0 2 4 5 31 3 1 2 7 1 2 7 1 2 7 5 30 3 5 31 3 0 2 7 0 2 7 0 2 4 1 2 4 17 9 2 1 2 7 0 2 7 17 9 2 1 2 7 1 2 7 17 9 2 0 2 7 12 16 2 0 2 7 0 2 7 0 2 7 0 2 7 13 6 3 0 2 4 0 2 7 1 2 7 0 2 7 1 2 7 12 16 2 13 6 3 1 2 7 17 9 2 17 18 2 1 2 7 1 2 7 13 6 3 17 9 2 1 2 7 0 2 7 1 2 7 0 2 7 0 2 7 0 2 7 0 2 7 0 2 7 5 30 3 1 2 7 0 2 7 1 2 4 12 16 2 0 59.7875515222549438
1 2 7 0 2 7 1 2 4 17 18 2 0 2 7 1 2 4 0 2 7 0 2 7 0 2 4 5 31 3 1 2 7 1 2 7 1 2 7 5 30 3 5 31 3 0 2 7 0 2 7 0 2 4 1 2 4 17 9 2 1 2 7 0 2 7 17 9 2 1 2 7 1 2 7 17 9 2 0 2 7 12 16 2 0 2 7 0 2 7 0 2 7 0 2 7 13 6 3 0 2 4 0 2 7 1 2 7 0 2 7 1 2 7 12 16 2 13 6 3 1 2 7 17 9 2 17 18 2 1 2 7 1 2 7 13 6 3 17 9 2 1 2 7 0 2 7 1 2 7 0 2 7 0 2 7 0 2 7 0 2 7 0 2 7 5 30 3 1 2 7 0 2 7 1 2 4 12 16 2 0 59.7875515222549438
1 2 7 0 2 7 1 2 4 17 18 2 0 2 7 1 2 4 0 2 7 0 2 7 0 2 4 5 31 3 1 2 7 1 2 7 1 2 7 5 30 3 5 31 3 0 2 7 0 2 7 0 2 4 1 2 4 17 9 2 1 2 7 0 2 7 17 9 2 1 2 7 1 2 7 17 9 2 0 2 7 12 16 2 0 2 7 0 2 7 0 2 7 0 2 7 13 6 3 0 2 4 0 2 7 1 2 7 0 2 7 1 2 7 12 16 2 13 6 3 1 2 7 17 9 2 17 18 2 1 2 7 1 2 7 13 6 3 17 9 2 1 2 7 0 2 7 1 2 7 0 2 7 0 2 7 0 2 7 0 2 7 0 2 7 5 30 3 1 2 7 0 2 7 1 2 4 12 16 2 0 59.7875515222549438
1 2 7 0 2 7 1 2 4 17 18 2 0 2 7 1 2 4 0 2 7 0 2 7 0 2 4 5 31 3 1 2 7 1 2 7 1 2 7 5 30 3 5 31 3 0 2 7 0 2 7 0 2 4 1 2 4 17 9 2 1 2 7 0 2 7 17 9 2 1 2 7 1 2 7 17 9 2 0 2 7 12 16 2 0 2 7 0 2 7 0 2 7 0 2 7 13 6 3 0 2 4 0 2 7 1 2 7 0 2 7 1 2 7 12 16 2 13 6 3 1 2 7 17 9 2 17 18 2 1 2 7 1 2 7 13 6 3 17 9 2 1 2 7 0 2 7 1 2 7 0 2 7 0 2 7 0 2 7 0 2 7 0 2 7 5 30 3 1 2 7 0 2 7 1 2 4 12 16 2 0 59.7875515222549438
1 2 7 0 2 7 1 2 4 17 18 2 0 2 7 1 2 4 0 2 7 0 2 7 0 2 4 5 31 3 1 2 7 1 2 7 1 2 7 5 30 3 5 31 3 0 2 7 0 2 7 0 2 4 1 2 4 17 9 2 1 2 7 0 2 7 17 9 2 1 2 7 1 2 7 17 9 2 0 2 7 12 16 2 0 2 7 0 2 7 0 2 7 0 2 7 13 6 3 0 2 4 0 2 7 1 2 7 0 2 7 1 2 7 12 16 2 13 6 3 1 2 7 17 9 2 17 18 2 1 2 7 1 2 7 13 6 3 17 9 2 1 2 7 0 2 7 1 2 7 0 2 7 0 2 7 0 2 7 0 2 7 0 2 7 5 30 3 1 2 7 0 2 7 1 2 4 12 16 2 0 59.7875515222549438
1 2 7 0 2 7 1 2 4 17 18 2 0 2 7 1 2 4 0 2 7 0 2 7 0 2 4 5 31 3 1 2 7 1 2 7 1 2 7 5 30 3 5 31 3 0 2 7 0 2 7 0 2 4 1 2 4 17 9 2 1 2 7 0 2 7 17 9 2 1 2 7 1 2 7 17 9 2 0 2 7 12 16 2 0 2 7 0 2 7 0 2 7 0 2 7 13 6 3 0 2 4 0 2 7 1 2 7 0 2 7 1 2 7 12 16 2 13 6 3 1 2 7 17 9 2 17 18 2 1 2 7 1 2 7 13 6 3 17 9 2 1 2 7 0 2 7 1 2 7 0 2 7 0 2 7 0 2 7 0 2 7 0 2 7 5 30 3 1 2 7 0 2 7 1 2 4 12 16 2 0 59.7875515222549438
1 2 7 0 2 7 1 2 4 17 18 2 0 2 7 1 2 4 0 2 7 0 2 7 0 2 4 5 31 3 1 2 7 1 2 7 1 2 7 5 30 3 5 31 3 0 2 7 0 2 7 0 2 4 1 2 4 17 9 2 1 2 7 0 2 7 17 9 2 1 2 7 1 2 7 17 9 2 0 2 7 12 16 2 0 2 7 0 2 7 0 2 7 0 2 7 13 6 3 0 2 4 0 2 7 1 2 7 0 2 7 1 2 7 12 16 2 13 6 3 1 2 7 17 9 2 17 18 2 1 2 7 1 2 7 13 6 3 17 9 2 1 2 7 0 2 7 1 2 7 0 2 7 0 2 7 0 2 7 0 2 7 0 2 7 5 30 3 1 2 7 0 2 7 1 2 4 12 16 2 0 59.7875515222549438
1 2 7 0 2 7 1 2 4 17 18 2 0 2 7 1 2 4 0 2 7 0 2 7 0 2 4 5 31 3 1 2 7 1 2 7 1 2 7 5 30 3 5 31 3 0 2 7 0 2 7 0 2 4 1 2 4 17 9 2 1 2 7 0 2 7 17 9 2 1 2 7 1 2 7 17 9 2 0 2 7 12 16 2 0 2 7 0 2 7 0 2 7 0 2 7 13 6 3 0 2 4 0 2 7 1 2 7 0 2 7 1 2 7 12 16 2 13 6 3 1 2 7 17 9 2 17 18 2 1 2 7 1 2 7 13 6 3 17 9 2 1 2 7 0 2 7 1 2 7 0 2 7 0 2 7 0 2 7 0 2 7 0 2 7 5 30 3 1 2 7 0 2 7 1 2 4 12 16 2 0 59.7875515222549438
1 2 7 0 2 7 1 2 4 17 18 2 0 2 7 1 2 4 0 2 7 0 2 7 0 2 4 5 31 3 1 2 7 1 2 7 1 2 7 5 30 3 5 31 3 0 2 7 0 2 7 0 2 4 1 2 4 17 9 2 1 2 7 0 2 7 17 9 2 1 2 7 1 2 7 17 9 2 0 2 7 12 16 2 0 2 7 0 2 7 0 2 7 0 2 7 13 6 3 0 2 4 0 2 7 1 2 7 0 2 7 1 2 7 12 16 2 13 6 3 1 2 7 17 9 2 17 18 2 1 2 7 1 2 7 13 6 3 17 9 2 1 2 7 0 2 7 1 2 7 0 2 7 0 2 7 0 2 7 0 2 7 0 2 7 5 30 3 1 2 7 0 2 7 1 2 4 12 16 2 0 59.7875515222549438
1 2 7 0 2 7 1 2 4 17 18 2 0 2 7 1 2 4 0 2 7 0 2 7 0 2 4 5 31 3 1 2 7 1 2 7 1 2 7 5 30 3 5 31 3 0 2 7 0 2 7 0 2 4 1 2 4 17 9 2 1 2 7 0 2 7 17 9 2 1 2 7 1 2 7 17 9 2 0 2 7 12 16 2 0 2 7 0 2 7 0 2 7 0 2 7 13 6 3 0 2 4 0 2 7 1 2 7 0 2 7 1 2 7 12 16 2 13 6 3 1 2 7 17 9 2 17 18 2 1 2 7 1 2 7 13 6 3 17 9 2 1 2 7 0 2 7 1 2 7 0 2 7 0 2 7 0 2 7 0 2 7 0 2 7 5 30 3 1 2 7 0 2 7 1 2 4 12 16 2 0 59.7875515222549438
1 2 7 0 2 7 1 2 4 17 18 2 0 2 7 1 2 4 0 2 7 0 2 7 0 2 4 5 31 3 1 2 7 1 2 7 1 2 7 5 30 3 5 31 3 0 2 7 0 2 7 0 2 4 1 2 4 17 9 2 1 2 7 0 2 7 17 9 2 1 2 7 1 2 7 17 9 2 0 2 7 12 16 2 0 2 7 0 2 7 0 2 7 0 2 7 13 6 3 0 2 4 0 2 7 1 2 7 0 2 7 1 2 7 12 16 2 13 6 3 1 2 7 17 9 2 17 18 2 1 2 7 1 2 7 13 6 3 17 9 2 1 2 7 0 2 7 1 2 7 0 2 7 0 2 7 0 2 7 0 2 7 0 2 7 5 30 3 1 2 7 0 2 7 1 2 4 12 16 2 0 59.7875515222549438
1 2 7 0 2 7 1 2 4 17 18 2 0 2 7 1 2 4 0 2 7 0 2 7 0 2 4 5 31 3 1 2 7 1 2 7 1 2 7 5 30 3 5 31 3 0 2 7 0 2 7 0 2 4 1 2 4 17 9 2 1 2 7 0 2 7 17 9 2 1 2 7 1 2 7 17 9 2 0 2 7 12 16 2 0 2 7 0 2 7 0 2 7 0 2 7 13 6 3 0 2 4 0 2 7 1 2 7 0 2 7 1 2 7 12 16 2 13 6 3 1 2 7 17 9 2 17 18 2 1 2 7 1 2 7 13 6 3 17 9 2 1 2 7 0 2 7 1 2 7 0 2 7 0 2 7 0 2 7 0 2 7 0 2 7 5 30 3 1 2 7 0 2 7 1 2 4 12 16 2 0 59.7875515222549438
1 2 7 0 2 7 1 2 4 17 18 2 0 2 7 1 2 4 0 2 7 0 2 7 0 2 4 5 31 3 1 2 7 1 2 7 1 2 7 5 30 3 5 31 3 0 2 7 0 2 7 0 2 4 1 2 4 17 9 2 1 2 7 0 2 7 17 9 2 1 2 7 1 2 7 17 9 2 0 2 7 12 16 2 0 2 7 0 2 7 0 2 7 0 2 7 13 6 3 0 2 4 0 2 7 1 2 7 0 2 7 1 2 7 12 16 2 13 6 3 1 2 7 17 9 2 17 18 2 1 2 7 1 2 7 13 6 3 17 9 2 1 2 7 0 2 7 1 2 7 0 2 7 0 2 7 0 2 7 0 2 7 0 2 7 5 30 3 1 2 7 0 2 7 1 2 4 12 16 2 0 59.7875515222549438
1 2 7 0 2 7 1 2 4 17 18 2 0 2 7 1 2 4 0 2 7 0 2 7 0 2 4 5 31 3 1 2 7 1 2 7 1 2 7 5 30 3 5 31 3 0 2 7 0 2 7 0 2 4 1 2 4 17 9 2 1 2 7 0 2 7 17 9 2 1 2 7 1 2 7 17 9 2 0 2 7 12 16 2 0 2 7 0 2 7 0 2 7 0 2 7 13 6 3 0 2 4 0 2 7 1 2 7 0 2 7 1 2 7 12 16 2 13 6 3 1 2 7 17 9 2 17 18 2 1 2 7 1 2 7 13 6 3 17 9 2 1 2 7 0 2 7 1 2 7 0 2 7 0 2 7 0 2 7 0 2 7 0 2 7 5 30 3 1 2 7 0 2 7 1 2 4 12 16 2 0 59.7875515222549438
1 2 7 0 2 7 1 2 4 17 18 2 0 2 7 1 2 4 0 2 7 0 2 7 0 2 4 5 31 3 1 2 7 1 2 7 1 2 7 5 30 3 5 31 3 0 2 7 0 2 7 0 2 4 1 2 4 17 9 2 1 2 7 0 2 7 17 9 2 1 2 7 1 2 7 17 9 2 0 2 7 12 16 2 0 2 7 0 2 7 0 2 7 0 2 7 13 6 3 0 2 4 0 2 7 1 2 7 0 2 7 1 2 7 12 16 2 13 6 3 1 2 7 17 9 2 17 18 2 1 2 7 1 2 7 13 6 3 17 9 2 1 2 7 0 2 7 1 2 7 0 2 7 0 2 7 0 2 7 0 2 7 0 2 7 5 30 3 1 2 7 0 2 7 1 2 4 12 16 2 0 59.7875515222549438
1 2 7 0 2 7 1 2 4 17 18 2 0 2 7 1 2 4 0 2 7 0 2 7 0 2 4 5 31 3 1 2 7 1 2 7 1 2 7 5 30 3 5 31 3 0 2 7 0 2 7 0 2 4 1 2 4 17 9 2 1 2 7 0 2 7 17 9 2 1 2 7 1 2 7 17 9 2 0 2 7 12 16 2 0 2 7 0 2 7 0 2 7 0 2 7 13 6 3 0 2 4 0 2 7 1 2 7 0 2 7 1 2 7 12 16 2 13 6 3 1 2 7 17 9 2 17 18 2 1 2 7 1 2 7 13 6 3 17 9 2 1 2 7 0 2 7 1 2 7 0 2 7 0 2 7 0 2 7 0 2 7 0 2 7 5 30 3 1 2 7 0 2 7 1 2 4 12 16 2 0 59.7875515222549438
1 2 7 0 2 7 1 2 4 17 18 2 0 2 7 1 2 4 0 2 7 0 2 7 0 2 4 5 31 3 1 2 7 1 2 7 1 2 7 5 30 3 5 31 3 0 2 7 0 2 7 0 2 4 1 2 4 17 9 2 1 2 7 0 2 7 17 9 2 1 2 7 1 2 7 17 9 2 0 2 7 12 16 2 0 2 7 0 2 7 0 2 7 0 2 7 13 6 3 0 2 4 0 2 7 1 2 7 0 2 7 1 2 7 12 16 2 13 6 3 1 2 7 17 9 2 17 18 2 1 2 7 1 2 7 13 6 3 17 9 2 1 2 7 0 2 7 1 2 7 0 2 7 0 2 7 0 2 7 0 2 7 0 2 7 5 30 3 1 2 7 0 2 7 1 2 4 12 16 2 0 59.7875515222549438
1 2 7 0 2 7 1 2 4 17 18 2 0 2 7 1 2 4 0 2 7 0 2 7 0 2 4 5 31 3 1 2 7 1 2 7 1 2 7 5 30 3 5 31 3 0 2 7 0 2 7 0 2 4 1 2 4 17 9 2 1 2 7 0 2 7 17 9 2 1 2 7 1 2 7 17 9 2 0 2 7 12 16 2 0 2 7 0 2 7 0 2 7 0 2 7 13 6 3 0 2 4 0 2 7 1 2 7 0 2 7 1 2 7 12 16 2 13 6 3 1 2 7 17 9 2 17 18 2 1 2 7 1 2 7 13 6 3 17 9 2 1 2 7 0 2 7 1 2 7 0 2 7 0 2 7 0 2 7 0 2 7 0 2 7 5 30 3 1 2 7 0 2 7 1 2 4 12 16 2 0 59.7875515222549438
1 2 7 0 2 7 1 2 4 17 18 2 0 2 7 1 2 4 0 2 7 0 2 7 0 2 4 5 31 3 1 2 7 1 2 7 1 2 7 5 30 3 5 31 3 0 2 7 0 2 7 0 2 4 1 2 4 17 9 2 1 2 7 0 2 7 17 9 2 1 2 7 1 2 7 17 9 2 0 2 7 12 16 2 0 2 7 0 2 7 0 2 7 0 2 7 13 6 3 0 2 4 0 2 7 1 2 7 0 2 7 1 2 7 12 16 2 13 6 3 1 2 7 17 9 2 17 18 2 1 2 7 1 2 7 13 6 3 17 9 2 1 2 7 0 2 7 1 2 7 0 2 7 0 2 7 0 2 7 0 2 7 0 2 7 5 30 3 1 2 7 0 2 7 1 2 4 12 16 2 0 59.7875515222549438
1 2 7 0 2 7 1 2 4 17 18 2 0 2 7 1 2 4 0 2 7 0 2 7 0 2 4 5 31 3 1 2 7 1 2 7 1 2 7 5 30 3 5 31 3 0 2 7 0 2 7 0 2 4 1 2 4 17 9 2 1 2 7 0 2 7 17 9 2 1 2 7 1 2 7 17 9 2 0 2 7 12 16 2 0 2 7 0 2 7 0 2 7 0 2 7 13 6 3 0 2 4 0 2 7 1 2 7 0 2 7 1 2 7 12 16 2 13 6 3 1 2 7 17 9 2 17 18 2 1 2 7 1 2 7 13 6 3 17 9 2 1 2 7 0 2 7 1 2 7 0 2 7 0 2 7 0 2 7 0 2 7 0 2 7 5 30 3 1 2 7 0 2 7 1 2 4 12 16 2 0 59.7875515222549438
1 2 7 0 2 7 1 2 4 17 18 2 0 2 7 1 2 4 0 2 7 0 2 7 0 2 4 5 31 3 1 2 7 1 2 7 1 2 7 5 30 3 5 31 3 0 2 7 0 2 7 0 2 4 1 2 4 17 9 2 1 2 7 0 2 7 17 9 2 1 2 7 1 2 7 17 9 2 0 2 7 12 16 2 0 2 7 0 2 7 0 2 7 0 2 7 13 6 3 0 2 4 0 2 7 1 2 7 0 2 7 1 2 7 12 16 2 13 6 3 1 2 7 17 9 2 17 18 2 1 2 7 1 2 7 13 6 3 17 9 2 1 2 7 0 2 7 1 2 7 0 2 7 0 2 7 0 2 7 0 2 7 0 2 7 5 30 3 1 2 7 0 2 7 1 2 4 12 16 2 0 59.7875515222549438
1 2 7 0 2 7 1 2 4 17 18 2 0 2 7 1 2 4 0 2 7 0 2 7 0 2 4 5 31 3 1 2 7 1 2 7 1 2 7 5 30 3 5 31 3 0 2 7 0 2 7 0 2 4 1 2 4 17 9 2 1 2 7 0 2 7 17 9 2 1 2 7 1 2 7 17 9 2 0 2 7 12 16 2 0 2 7 0 2 7 0 2 7 0 2 7 13 6 3 0 2 4 0 2 7 1 2 7 0 2 7 1 2 7 12 16 2 13 6 3 1 2 7 17 9 2 17 18 2 1 2 7 1 2 7 13 6 3 17 9 2 1 2 7 0 2 7 1 2 7 0 2 7 0 2 7 0 2 7 0 2 7 0 2 7 5 30 3 1 2 7 0 2 7 1 2 4 12 16 2 0 59.7875515222549438
1 2 7 0 2 7 1 2 4 17 18 2 0 2 7 1 2 4 0 2 7 0 2 7 0 2 4 5 31 3 1 2 7 1 2 7 1 2 7 5 30 3 5 31 3 0 2 7 0 2 7 0 2 4 1 2 4 17 9 2 1 2 7 0 2 7 17 9 2 1 2 7 1 2 7 17 9 2 0 2 7 12 16 2 0 2 7 0 2 7 0 2 7 0 2 7 13 6 3 0 2 4 0 2 7 1 2 7 0 2 7 1 2 7 12 16 2 13 6 3 1 2 7 17 9 2 17 18 2 1 2 7 1 2 7 13 6 3 17 9 2 1 2 7 0 2 7 1 2 7 0 2 7 0 2 7 0 2 7 0 2 7 0 2 7 5 30 3 1 2 7 0 2 7 1 2 4 12 16 2 0 59.7875515222549438
1 2 7 0 2 7 1 2 4 17 18 2 0 2 7 1 2 4 0 2 7 0 2 7 0 2 4 5 31 3 1 2 7 1 2 7 1 2 7 5 30 3 5 31 3 0 2 7 0 2 7 0 2 4 1 2 4 17 9 2 1 2 7 0 2 7 17 9 2 1 2 7 1 2 7 17 9 2 0 2 7 12 16 2 0 2 7 0 2 7 0 2 7 0 2 7 13 6 3 0 2 4 0 2 7 1 2 7 0 2 7 1 2 7 12 16 2 13 6 3 1 2 7 17 9 2 17 18 2 1 2 7 1 2 7 13 6 3 17 9 2 1 2 7 0 2 7 1 2 7 0 2 7 0 2 7 0 2 7 0 2 7 0 2 7 5 30 3 1 2 7 0 2 7 1 2 4 12 16 2 0 59.7875515222549438
1 2 7 0 2 7 1 2 4 17 18 2 0 2 7 1 2 4 0 2 7 0 2 7 0 2 4 5 31 3 1 2 7 1 2 7 1 2 7 5 30 3 5 31 3 0 2 7 0 2 7 0 2 4 1 2 4 17 9 2 1 2 7 0 2 7 17 9 2 1 2 7 1 2 7 17 9 2 0 2 7 12 16 2 0 2 7 0 2 7 0 2 7 0 2 7 13 6 3 0 2 4 0 2 7 1 2 7 0 2 7 1 2 7 12 16 2 13 6 3 1 2 7 17 9 2 17 18 2 1 2 7 1 2 7 13 6 3 17 9 2 1 2 7 0 2 7 1 2 7 0 2 7 0 2 7 0 2 7 0 2 7 0 2 7 5 30 3 1 2 7 0 2 7 1 2 4 12 16 2 0 59.7875515222549438
1 2 7 0 2 7 1 2 4 17 18 2 0 2 7 1 2 4 0 2 7 0 2 7 0 2 4 5 31 3 1 2 7 1 2 7 1 2 7 5 30 3 5 31 3 0 2 7 0 2 7 0 2 4 1 2 4 17 9 2 1 2 7 0 2 7 17 9 2 1 2 7 1 2 7 17 9 2 0 2 7 12 16 2 0 2 7 0 2 7 0 2 7 0 2 7 13 6 3 0 2 4 0 2 7 1 2 7 0 2 7 1 2 7 12 16 2 13 6 3 1 2 7 17 9 2 17 18 2 1 2 7 1 2 7 13 6 3 17 9 2 1 2 7 0 2 7 1 2 7 0 2 7 0 2 7 0 2 7 0 2 7 0 2 7 5 30 3 1 2 7 0 2 7 1 2 4 12 16 2 0 59.7875515222549438
1 2 7 0 2 7 1 2 4 17 18 2 0 2 7 1 2 4 0 2 7 0 2 7 0 2 4 5 31 3 1 2 7 1 2 7 1 2 7 5 30 3 5 31 3 0 2 7 0 2 7 0 2 4 1 2 4 17 9 2 1 2 7 0 2 7 17 9 2 1 2 7 1 2 7 17 9 2 0 2 7 12 16 2 0 2 7 0 2 7 0 2 7 0 2 7 13 6 3 0 2 4 0 2 7 1 2 7 0 2 7 1 2 7 12 16 2 13 6 3 1 2 7 17 9 2 17 18 2 1 2 7 1 2 7 13 6 3 17 9 2 1 2 7 0 2 7 1 2 7 0 2 7 0 2 7 0 2 7 0 2 7 0 2 7 5 30 3 1 2 7 0 2 7 1 2 4 12 16 2 0 59.7875515222549438
1 2 7 0 2 7 1 2 4 17 18 2 0 2 7 1 2 4 0 2 7 0 2 7 0 2 4 5 31 3 1 2 7 1 2 7 1 2 7 5 30 3 5 31 3 0 2 7 0 2 7 0 2 4 1 2 4 17 9 2 1 2 7 0 2 7 17 9 2 1 2 7 1 2 7 17 9 2 0 2 7 12 16 2 0 2 7 0 2 7 0 2 7 0 2 7 13 6 3 0 2 4 0 2 7 1 2 7 0 2 7 1 2 7 12 16 2 13 6 3 1 2 7 17 9 2 17 18 2 1 2 7 1 2 7 13 6 3 17 9 2 1 2 7 0 2 7 1 2 7 0 2 7 0 2 7 0 2 7 0 2 7 0 2 7 5 30 3 1 2 7 0 2 7 1 2 4 12 16 2 0 59.7875515222549438
1 2 7 0 2 7 1 2 4 17 18 2 0 2 7 1 2 4 0 2 7 0 2 7 0 2 4 5 31 3 1 2 7 1 2 7 1 2 7 5 30 3 5 31 3 0 2 7 0 2 7 0 2 4 1 2 4 17 9 2 1 2 7 0 2 7 17 9 2 1 2 7 1 2 7 17 9 2 0 2 7 12 16 2 0 2 7 0 2 7 0 2 7 0 2 7 13 6 3 0 2 4 0 2 7 1 2 7 0 2 7 1 2 7 12 16 2 13 6 3 1 2 7 17 9 2 17 18 2 1 2 7 1 2 7 13 6 3 17 9 2 1 2 7 0 2 7 1 2 7 0 2 7 0 2 7 0 2 7 0 2 7 0 2 7 5 30 3 1 2 7 0 2 7 1 2 4 12 16 2 0 59.7875515222549438
1 2 7 0 2 7 1 2 4 17 18 2 0 2 7 1 2 4 0 2 7 0 2 7 0 2 4 5 31 3 1 2 7 1 2 7 1 2 7 5 30 3 5 31 3 0 2 7 0 2 7 0 2 4 1 2 4 17 9 2 1 2 7 0 2 7 17 9 2 1 2 7 1 2 7 17 9 2 0 2 7 12 16 2 0 2 7 0 2 7 0 2 7 0 2 7 13 6 3 0 2 4 0 2 7 1 2 7 0 2 7 1 2 7 12 16 2 13 6 3 1 2 7 17 9 2 17 18 2 1 2 7 1 2 7 13 6 3 17 9 2 1 2 7 0 2 7 1 2 7 0 2 7 0 2 7 0 2 7 0 2 7 0 2 7 5 30 3 1 2 7 0 2 7 1 2 4 12 16 2 0 59.7875515222549438
1 2 7 0 2 7 1 2 4 17 18 2 0 2 7 1 2 4 0 2 7 0 2 7 0 2 4 5 31 3 1 2 7 1 2 7 1 2 7 5 30 3 5 31 3 0 2 7 0 2 7 0 2 4 1 2 4 17 9 2 1 2 7 0 2 7 17 9 2 1 2 7 1 2 7 17 9 2 0 2 7 12 16 2 0 2 7 0 2 7 0 2 7 0 2 7 13 6 3 0 2 4 0 2 7 1 2 7 0 2 7 1 2 7 12 16 2 13 6 3 1 2 7 17 9 2 17 18 2 1 2 7 1 2 7 13 6 3 17 9 2 1 2 7 0 2 7 1 2 7 0 2 7 0 2 7 0 2 7 0 2 7 0 2 7 5 30 3 1 2 7 0 2 7 1 2 4 12 16 2 0 59.7875515222549438
1 2 7 0 2 7 1 2 4 17 18 2 0 2 7 1 2 4 0 2 7 0 2 7 0 2 4 5 31 3 1 2 7 1 2 7 1 2 7 5 30 3 5 31 3 0 2 7 0 2 7 0 2 4 1 2 4 17 9 2 1 2 7 0 2 7 17 9 2 1 2 7 1 2 7 17 9 2 0 2 7 12 16 2 0 2 7 0 2 7 0 2 7 0 2 7 13 6 3 0 2 4 0 2 7 1 2 7 0 2 7 1 2 7 12 16 2 13 6 3 1 2 7 17 9 2 17 18 2 1 2 7 1 2 7 13 6 3 17 9 2 1 2 7 0 2 7 1 2 7 0 2 7 0 2 7 0 2 7 0 2 7 0 2 7 5 30 3 1 2 7 0 2 7 1 2 4 12 16 2 0 59.7875515222549438
1 2 7 0 2 7 1 2 4 17 18 2 0 2 7 1 2 4 0 2 7 0 2 7 0 2 4 5 31 3 1 2 7 1 2 7 1 2 7 5 30 3 5 31 3 0 2 7 0 2 7 0 2 4 1 2 4 17 9 2 1 2 7 0 2 7 17 9 2 1 2 7 1 2 7 17 9 2 0 2 7 12 16 2 0 2 7 0 2 7 0 2 7 0 2 7 13 6 3 0 2 4 0 2 7 1 2 7 0 2 7 1 2 7 12 16 2 13 6 3 1 2 7 17 9 2 17 18 2 1 2 7 1 2 7 13 6 3 17 9 2 1 2 7 0 2 7 1 2 7 0 2 7 0 2 7 0 2 7 0 2 7 0 2 7 5 30 3 1 2 7 0 2 7 1 2 4 12 16 2 0 59.7875515222549438
1 2 7 0 2 7 1 2 4 17 18 2 0 2 7 1 2 4 0 2 7 0 2 7 0 2 4 5 31 3 1 2 7 1 2 7 1 2 7 5 30 3 5 31 3 0 2 7 0 2 7 0 2 4 1 2 4 17 9 2 1 2 7 0 2 7 17 9 2 1 2 7 1 2 7 17 9 2 0 2 7 12 16 2 0 2 7 0 2 7 0 2 7 0 2 7 13 6 3 0 2 4 0 2 7 1 2 7 0 2 7 1 2 7 12 16 2 13 6 3 1 2 7 17 9 2 17 18 2 1 2 7 1 2 7 13 6 3 17 9 2 1 2 7 0 2 7 1 2 7 0 2 7 0 2 7 0 2 7 0 2 7 0 2 7 5 30 3 1 2 7 0 2 7 1 2 4 12 16 2 0 59.7875515222549438
1 2 7 0 2 7 1 2 4 17 18 2 0 2 7 1 2 4 0 2 7 0 2 7 0 2 4 5 31 3 1 2 7 1 2 7 1 2 7 5 30 3 5 31 3 0 2 7 0 2 7 0 2 4 1 2 4 17 9 2 1 2 7 0 2 7 17 9 2 1 2 7 1 2 7 17 9 2 0 2 7 12 16 2 0 2 7 0 2 7 0 2 7 0 2 7 13 6 3 0 2 4 0 2 7 1 2 7 0 2 7 1 2 7 12 16 2 13 6 3 1 2 7 17 9 2 17 18 2 1 2 7 1 2 7 13 6 3 17 9 2 1 2 7 0 2 7 1 2 7 0 2 7 0 2 7 0 2 7 0 2 7 0 2 7 5 30 3 1 2 7 0 2 7 1 2 4 12 16 2 0 59.7875515222549438
1 2 7 0 2 7 1 2 4 17 18 2 0 2 7 1 2 4 0 2 7 0 2 7 0 2 4 5 31 3 1 2 7 1 2 7 1 2 7 5 30 3 5 31 3 0 2 7 0 2 7 0 2 4 1 2 4 17 9 2 1 2 7 0 2 7 17 9 2 1 2 7 1 2 7 17 9 2 0 2 7 12 16 2 0 2 7 0 2 7 0 2 7 0 2 7 13 6 3 0 2 4 0 2 7 1 2 7 0 2 7 1 2 7 12 16 2 13 6 3 1 2 7 17 9 2 17 18 2 1 2 7 1 2 7 13 6 3 17 9 2 1 2 7 0 2 7 1 2 7 0 2 7 0 2 7 0 2 7 0 2 7 0 2 7 5 30 3 1 2 7 0 2 7 1 2 4 12 16 2 0 59.7875515222549438
1 2 7 0 2 7 1 2 4 17 18 2 0 2 7 1 2 4 0 2 7 0 2 7 0 2 4 5 31 3 1 2 7 1 2 7 1 2 7 5 30 3 5 31 3 0 2 7 0 2 7 0 2 4 1 2 4 17 9 2 1 2 7 0 2 7 17 9 2 1 2 7 1 2 7 17 9 2 0 2 7 12 16 2 0 2 7 0 2 7 0 2 7 0 2 7 13 6 3 0 2 4 0 2 7 1 2 7 0 2 7 1 2 7 12 16 2 13 6 3 1 2 7 17 9 2 17 18 2 1 2 7 1 2 7 13 6 3 17 9 2 1 2 7 0 2 7 1 2 7 0 2 7 0 2 7 0 2 7 0 2 7 0 2 7 5 30 3 1 2 7 0 2 7 1 2 4 12 16 2 0 59.7875515222549438
1 2 7 0 2 7 1 2 4 17 18 2 0 2 7 1 2 4 0 2 7 0 2 7 0 2 4 5 31 3 1 2 7 1 2 7 1 2 7 5 30 3 5 31 3 0 2 7 0 2 7 0 2 4 1 2 4 17 9 2 1 2 7 0 2 7 17 9 2 1 2 7 1 2 7 17 9 2 0 2 7 12 16 2 0 2 7 0 2 7 0 2 7 0 2 7 13 6 3 0 2 4 0 2 7 1 2 7 0 2 7 1 2 7 12 16 2 13 6 3 1 2 7 17 9 2 17 18 2 1 2 7 1 2 7 13 6 3 17 9 2 1 2 7 0 2 7 1 2 7 0 2 7 0 2 7 0 2 7 0 2 7 0 2 7 5 30 3 1 2 7 0 2 7 1 2 4 12 16 2 0 59.7875515222549438
1 2 7 0 2 7 1 2 4 17 18 2 0 2 7 1 2 4 0 2 7 0 2 7 0 2 4 5 31 3 1 2 7 1 2 7 1 2 7 5 30 3 5 31 3 0 2 7 0 2 7 0 2 4 1 2 4 17 9 2 1 2 7 0 2 7 17 9 2 1 2 7 1 2 7 17 9 2 0 2 7 12 16 2 0 2 7 0 2 7 0 2 7 0 2 7 13 6 3 0 2 4 0 2 7 1 2 7 0 2 7 1 2 7 12 16 2 13 6 3 1 2 7 17 9 2 17 18 2 1 2 7 1 2 7 13 6 3 17 9 2 1 2 7 0 2 7 1 2 7 0 2 7 0 2 7 0 2 7 0 2 7 0 2 7 5 30 3 1 2 7 0 2 7 1 2 4 12 16 2 0 59.7875515222549438
1 2 7 0 2 7 1 2 4 17 18 2 0 2 7 1 2 4 0 2 7 0 2 7 0 2 4 5 31 3 1 2 7 1 2 7 1 2 7 5 30 3 5 31 3 0 2 7 0 2 7 0 2 4 1 2 4 17 9 2 1 2 7 0 2 7 17 9 2 1 2 7 1 2 7 17 9 2 0 2 7 12 16 2 0 2 7 0 2 7 0 2 7 0 2 7 13 6 3 0 2 4 0 2 7 1 2 7 0 2 7 1 2 7 12 16 2 13 6 3 1 2 7 17 9 2 17 18 2 1 2 7 1 2 7 13 6 3 17 9 2 1 2 7 0 2 7 1 2 7 0 2 7 0 2 7 0 2 7 0 2 7 0 2 7 5 30 3 1 2 7 0 2 7 1 2 4 12 16 2 0 59.7875515222549438
1 2 7 0 2 7 1 2 4 17 18 2 0 2 7 1 2 4 0 2 7 0 2 7 0 2 4 5 31 3 1 2 7 1 2 7 1 2 7 5 30 3 5 31 3 0 2 7 0 2 7 0 2 4 1 2 4 17 9 2 1 2 7 0 2 7 17 9 2 1 2 7 1 2 7 17 9 2 0 2 7 12 16 2 0 2 7 0 2 7 0 2 7 0 2 7 13 6 3 0 2 4 0 2 7 1 2 7 0 2 7 1 2 7 12 16 2 13 6 3 1 2 7 17 9 2 17 18 2 1 2 7 1 2 7 13 6 3 17 9 2 1 2 7 0 2 7 1 2 7 0 2 7 0 2 7 0 2 7 0 2 7 0 2 7 5 30 3 1 2 7 0 2 7 1 2 4 12 16 2 0 59.7875515222549438
1 2 7 0 2 7 1 2 4 17 18 2 0 2 7 1 2 4 0 2 7 0 2 7 0 2 4 5 31 3 1 2 7 1 2 7 1 2 7 5 30 3 5 31 3 0 2 7 0 2 7 0 2 4 1 2 4 17 9 2 1 2 7 0 2 7 17 9 2 1 2 7 1 2 7 17 9 2 0 2 7 12 16 2 0 2 7 0 2 7 0 2 7 0 2 7 13 6 3 0 2 4 0 2 7 1 2 7 0 2 7 1 2 7 12 16 2 13 6 3 1 2 7 17 9 2 17 18 2 1 2 7 1 2 7 13 6 3 17 9 2 1 2 7 0 2 7 1 2 7 0 2 7 0 2 7 0 2 7 0 2 7 0 2 7 5 30 3 1 2 7 0 2 7 1 2 4 12 16 2 0 59.7875515222549438
1 2 7 0 2 7 1 2 4 17 18 2 0 2 7 1 2 4 0 2 7 0 2 7 0 2 4 5 31 3 1 2 7 1 2 7 1 2 7 5 30 3 5 31 3 0 2 7 0 2 7 0 2 4 1 2 4 17 9 2 1 2 7 0 2 7 17 9 2 1 2 7 1 2 7 17 9 2 0 2 7 12 16 2 0 2 7 0 2 7 0 2 7 0 2 7 13 6 3 0 2 4 0 2 7 1 2 7 0 2 7 1 2 7 12 16 2 13 6 3 1 2 7 17 9 2 17 18 2 1 2 7 1 2 7 13 6 3 17 9 2 1 2 7 0 2 7 1 2 7 0 2 7 0 2 7 0 2 7 0 2 7 0 2 7 5 30 3 1 2 7 0 2 7 1 2 4 12 16 2 0 59.7875515222549438
1 2 7 0 2 7 1 2 4 17 18 2 0 2 7 1 2 4 0 2 7 0 2 7 0 2 4 5 31 3 1 2 7 1 2 7 1 2 7 5 30 3 5 31 3 0 2 7 0 2 7 0 2 4 1 2 4 17 9 2 1 2 7 0 2 7 17 9 2 1 2 7 1 2 7 17 9 2 0 2 7 12 16 2 0 2 7 0 2 7 0 2 7 0 2 7 13 6 3 0 2 4 0 2 7 1 2 7 0 2 7 1 2 7 12 16 2 13 6 3 1 2 7 17 9 2 17 18 2 1 2 7 1 2 7 13 6 3 17 9 2 1 2 7 0 2 7 1 2 7 0 2 7 0 2 7 0 2 7 0 2 7 0 2 7 5 30 3 1 2 7 0 2 7 1 2 4 12 16 2 0 59.7875515222549438
1 2 7 0 2 7 1 2 4 17 18 2 0 2 7 1 2 4 0 2 7 0 2 7 0 2 4 5 31 3 1 2 7 1 2 7 1 2 7 5 30 3 5 31 3 0 2 7 0 2 7 0 2 4 1 2 4 17 9 2 1 2 7 0 2 7 17 9 2 1 2 7 1 2 7 17 9 2 0 2 7 12 16 2 0 2 7 0 2 7 0 2 7 0 2 7 13 6 3 0 2 4 0 2 7 1 2 7 0 2 7 1 2 7 12 16 2 13 6 3 1 2 7 17 9 2 17 18 2 1 2 7 1 2 7 13 6 3 17 9 2 1 2 7 0 2 7 1 2 7 0 2 7 0 2 7 0 2 7 0 2 7 0 2 7 5 30 3 1 2 7 0 2 7 1 2 4 12 16 2 0 59.7875515222549438
1 2 7 0 2 7 1 2 4 17 18 2 0 2 7 1 2 4 0 2 7 0 2 7 0 2 4 5 31 3 1 2 7 1 2 7 1 2 7 5 30 3 5 31 3 0 2 7 0 2 7 0 2 4 1 2 4 17 9 2 1 2 7 0 2 7 17 9 2 1 2 7 1 2 7 17 9 2 0 2 7 12 16 2 0 2 7 0 2 7 0 2 7 0 2 7 13 6 3 0 2 4 0 2 7 1 2 7 0 2 7 1 2 7 12 16 2 13 6 3 1 2 7 17 9 2 17 18 2 1 2 7 1 2 7 13 6 3 17 9 2 1 2 7 0 2 7 1 2 7 0 2 7 0 2 7 0 2 7 0 2 7 0 2 7 5 30 3 1 2 7 0 2 7 1 2 4 12 16 2 0 59.7875515222549438
1 2 7 0 2 7 1 2 4 17 18 2 0 2 7 1 2 4 0 2 7 0 2 7 0 2 4 5 31 3 1 2 7 1 2 7 1 2 7 5 30 3 5 31 3 0 2 7 0 2 7 0 2 4 1 2 4 17 9 2 1 2 7 0 2 7 17 9 2 1 2 7 1 2 7 17 9 2 0 2 7 12 16 2 0 2 7 0 2 7 0 2 7 0 2 7 13 6 3 0 2 4 0 2 7 1 2 7 0 2 7 1 2 7 12 16 2 13 6 3 1 2 7 17 9 2 17 18 2 1 2 7 1 2 7 13 6 3 17 9 2 1 2 7 0 2 7 1 2 7 0 2 7 0 2 7 0 2 7 0 2 7 0 2 7 5 30 3 1 2 7 0 2 7 1 2 4 12 16 2 0 59.7875515222549438
1 2 7 0 2 7 1 2 4 17 18 2 0 2 7 1 2 4 0 2 7 0 2 7 0 2 4 5 31 3 1 2 7 1 2 7 1 2 7 5 30 3 5 31 3 0 2 7 0 2 7 0 2 4 1 2 4 17 9 2 1 2 7 0 2 7 17 9 2 1 2 7 1 2 7 17 9 2 0 2 7 12 16 2 0 2 7 0 2 7 0 2 7 0 2 7 13 6 3 0 2 4 0 2 7 1 2 7 0 2 7 1 2 7 12 16 2 13 6 3 1 2 7 17 9 2 17 18 2 1 2 7 1 2 7 13 6 3 17 9 2 1 2 7 0 2 7 1 2 7 0 2 7 0 2 7 0 2 7 0 2 7 0 2 7 5 30 3 1 2 7 0 2 7 1 2 4 12 16 2 0 59.7875515222549438
1 2 7 0 2 7 1 2 4 17 18 2 0 2 7 1 2 4 0 2 7 0 2 7 0 2 4 5 31 3 1 2 7 1 2 7 1 2 7 5 30 3 5 31 3 0 2 7 0 2 7 0 2 4 1 2 4 17 9 2 1 2 7 0 2 7 17 9 2 1 2 7 1 2 7 17 9 2 0 2 7 12 16 2 0 2 7 0 2 7 0 2 7 0 2 7 13 6 3 0 2 4 0 2 7 1 2 7 0 2 7 1 2 7 12 16 2 13 6 3 1 2 7 17 9 2 17 18 2 1 2 7 1 2 7 13 6 3 17 9 2 1 2 7 0 2 7 1 2 7 0 2 7 0 2 7 0 2 7 0 2 7 0 2 7 5 30 3 1 2 7 0 2 7 1 2 4 12 16 2 0 59.7875515222549438
1 2 7 0 2 7 1 2 4 17 18 2 0 2 7 1 2 4 0 2 7 0 2 7 0 2 4 5 31 3 1 2 7 1 2 7 1 2 7 5 30 3 5 31 3 0 2 7 0 2 7 0 2 4 1 2 4 17 9 2 1 2 7 0 2 7 17 9 2 1 2 7 1 2 7 17 9 2 0 2 7 12 16 2 0 2 7 0 2 7 0 2 7 0 2 7 13 6 3 0 2 4 0 2 7 1 2 7 0 2 7 1 2 7 12 16 2 13 6 3 1 2 7 17 9 2 17 18 2 1 2 7 1 2 7 13 6 3 17 9 2 1 2 7 0 2 7 1 2 7 0 2 7 0 2 7 0 2 7 0 2 7 0 2 7 5 30 3 1 2 7 0 2 7 1 2 4 12 16 2 0 59.7875515222549438
1 2 7 0 2 7 1 2 4 17 18 2 0 2 7 1 2 4 0 2 7 0 2 7 0 2 4 5 31 3 1 2 7 1 2 7 1 2 7 5 30 3 5 31 3 0 2 7 0 2 7 0 2 4 1 2 4 17 9 2 1 2 7 0 2 7 17 9 2 1 2 7 1 2 7 17 9 2 0 2 7 12 16 2 0 2 7 0 2 7 0 2 7 0 2 7 13 6 3 0 2 4 0 2 7 1 2 7 0 2 7 1 2 7 12 16 2 13 6 3 1 2 7 17 9 2 17 18 2 1 2 7 1 2 7 13 6 3 17 9 2 1 2 7 0 2 7 1 2 7 0 2 7 0 2 7 0 2 7 0 2 7 0 2 7 5 30 3 1 2 7 0 2 7 1 2 4 12 16 2 0 59.7875515222549438
1 2 7 0 2 7 1 2 4 17 18 2 0 2 7 1 2 4 0 2 7 0 2 7 0 2 4 5 31 3 1 2 7 1 2 7 1 2 7 5 30 3 5 31 3 0 2 7 0 2 7 0 2 4 1 2 4 17 9 2 1 2 7 0 2 7 17 9 2 1 2 7 1 2 7 17 9 2 0 2 7 12 16 2 0 2 7 0 2 7 0 2 7 0 2 7 13 6 3 0 2 4 0 2 7 1 2 7 0 2 7 1 2 7 12 16 2 13 6 3 1 2 7 17 9 2 17 18 2 1 2 7 1 2 7 13 6 3 17 9 2 1 2 7 0 2 7 1 2 7 0 2 7 0 2 7 0 2 7 0 2 7 0 2 7 5 30 3 1 2 7 0 2 7 1 2 4 12 16 2 0 59.7875515222549438
1 2 7 0 2 7 1 2 4 17 18 2 0 2 7 1 2 4 0 2 7 0 2 7 0 2 4 5 31 3 1 2 7 1 2 7 1 2 7 5 30 3 5 31 3 0 2 7 0 2 7 0 2 4 1 2 4 17 9 2 1 2 7 0 2 7 17 9 2 1 2 7 1 2 7 17 9 2 0 2 7 12 16 2 0 2 7 0 2 7 0 2 7 0 2 7 13 6 3 0 2 4 0 2 7 1 2 7 0 2 7 1 2 7 12 16 2 13 6 3 1 2 7 17 9 2 17 18 2 1 2 7 1 2 7 13 6 3 17 9 2 1 2 7 0 2 7 1 2 7 0 2 7 0 2 7 0 2 7 0 2 7 0 2 7 5 30 3 1 2 7 0 2 7 1 2 4 12 16 2 0 59.7875515222549438
1 2 7 0 2 7 1 2 4 17 18 2 0 2 7 1 2 4 0 2 7 0 2 7 0 2 4 5 31 3 1 2 7 1 2 7 1 2 7 5 30 3 5 31 3 0 2 7 0 2 7 0 2 4 1 2 4 17 9 2 1 2 7 0 2 7 17 9 2 1 2 7 1 2 7 17 9 2 0 2 7 12 16 2 0 2 7 0 2 7 0 2 7 0 2 7 13 6 3 0 2 4 0 2 7 1 2 7 0 2 7 1 2 7 12 16 2 13 6 3 1 2 7 17 9 2 17 18 2 1 2 7 1 2 7 13 6 3 17 9 2 1 2 7 0 2 7 1 2 7 0 2 7 0 2 7 0 2 7 0 2 7 0 2 7 5 30 3 1 2 7 0 2 7 1 2 4 12 16 2 0 59.7875515222549438
1 2 7 0 2 7 1 2 4 17 18 2 0 2 7 1 2 4 0 2 7 0 2 7 0 2 4 5 31 3 1 2 7 1 2 7 1 2 7 5 30 3 5 31 3 0 2 7 0 2 7 0 2 4 1 2 4 17 9 2 1 2 7 0 2 7 17 9 2 1 2 7 1 2 7 17 9 2 0 2 7 12 16 2 0 2 7 0 2 7 0 2 7 0 2 7 13 6 3 0 2 4 0 2 7 1 2 7 0 2 7 1 2 7 12 16 2 13 6 3 1 2 7 17 9 2 17 18 2 1 2 7 1 2 7 13 6 3 17 9 2 1 2 7 0 2 7 1 2 7 0 2 7 0 2 7 0 2 7 0 2 7 0 2 7 5 30 3 1 2 7 0 2 7 1 2 4 12 16 2 0 59.7875515222549438
1 2 7 0 2 7 1 2 4 17 18 2 0 2 7 1 2 4 0 2 7 0 2 7 0 2 4 5 31 3 1 2 7 1 2 7 1 2 7 5 30 3 5 31 3 0 2 7 0 2 7 0 2 4 1 2 4 17 9 2 1 2 7 0 2 7 17 9 2 1 2 7 1 2 7 17 9 2 0 2 7 12 16 2 0 2 7 0 2 7 0 2 7 0 2 7 13 6 3 0 2 4 0 2 7 1 2 7 0 2 7 1 2 7 12 16 2 13 6 3 1 2 7 17 9 2 17 18 2 1 2 7 1 2 7 13 6 3 17 9 2 1 2 7 0 2 7 1 2 7 0 2 7 0 2 7 0 2 7 0 2 7 0 2 7 5 30 3 1 2 7 0 2 7 1 2 4 12 16 2 0 59.7875515222549438
1 2 7 0 2 7 1 2 4 17 18 2 0 2 7 1 2 4 0 2 7 0 2 7 0 2 4 5 31 3 1 2 7 1 2 7 1 2 7 5 30 3 5 31 3 0 2 7 0 2 7 0 2 4 1 2 4 17 9 2 1 2 7 0 2 7 17 9 2 1 2 7 1 2 7 17 9 2 0 2 7 12 16 2 0 2 7 0 2 7 0 2 7 0 2 7 13 6 3 0 2 4 0 2 7 1 2 7 0 2 7 1 2 7 12 16 2 13 6 3 1 2 7 17 9 2 17 18 2 1 2 7 1 2 7 13 6 3 17 9 2 1 2 7 0 2 7 1 2 7 0 2 7 0 2 7 0 2 7 0 2 7 0 2 7 5 30 3 1 2 7 0 2 7 1 2 4 12 16 2 0 59.7875515222549438
1 2 7 0 2 7 1 2 4 17 18 2 0 2 7 1 2 4 0 2 7 0 2 7 0 2 4 5 31 3 1 2 7 1 2 7 1 2 7 5 30 3 5 31 3 0 2 7 0 2 7 0 2 4 1 2 4 17 9 2 1 2 7 0 2 7 17 9 2 1 2 7 1 2 7 17 9 2 0 2 7 12 16 2 0 2 7 0 2 7 0 2 7 0 2 7 13 6 3 0 2 4 0 2 7 1 2 7 0 2 7 1 2 7 12 16 2 13 6 3 1 2 7 17 9 2 17 18 2 1 2 7 1 2 7 13 6 3 17 9 2 1 2 7 0 2 7 1 2 7 0 2 7 0 2 7 0 2 7 0 2 7 0 2 7 5 30 3 1 2 7 0 2 7 1 2 4 12 16 2 0 59.7875515222549438
1 2 7 0 2 7 1 2 4 17 18 2 0 2 7 1 2 4 0 2 7 0 2 7 0 2 4 5 31 3 1 2 7 1 2 7 1 2 7 5 30 3 5 31 3 0 2 7 0 2 7 0 2 4 1 2 4 17 9 2 1 2 7 0 2 7 17 9 2 1 2 7 1 2 7 17 9 2 0 2 7 12 16 2 0 2 7 0 2 7 0 2 7 0 2 7 13 6 3 0 2 4 0 2 7 1 2 7 0 2 7 1 2 7 12 16 2 13 6 3 1 2 7 17 9 2 17 18 2 1 2 7 1 2 7 13 6 3 17 9 2 1 2 7 0 2 7 1 2 7 0 2 7 0 2 7 0 2 7 0 2 7 0 2 7 5 30 3 1 2 7 0 2 7 1 2 4 12 16 2 0 59.7875515222549438
1 2 7 0 2 7 1 2 4 17 18 2 0 2 7 1 2 4 0 2 7 0 2 7 0 2 4 5 31 3 1 2 7 1 2 7 1 2 7 5 30 3 5 31 3 0 2 7 0 2 7 0 2 4 1 2 4 17 9 2 1 2 7 0 2 7 17 9 2 1 2 7 1 2 7 17 9 2 0 2 7 12 16 2 0 2 7 0 2 7 0 2 7 0 2 7 13 6 3 0 2 4 0 2 7 1 2 7 0 2 7 1 2 7 12 16 2 13 6 3 1 2 7 17 9 2 17 18 2 1 2 7 1 2 7 13 6 3 17 9 2 1 2 7 0 2 7 1 2 7 0 2 7 0 2 7 0 2 7 0 2 7 0 2 7 5 30 3 1 2 7 0 2 7 1 2 4 12 16 2 0 59.7875515222549438
1 2 7 0 2 7 1 2 4 17 18 2 0 2 7 1 2 4 0 2 7 0 2 7 0 2 4 5 31 3 1 2 7 1 2 7 1 2 7 5 30 3 5 31 3 0 2 7 0 2 7 0 2 4 1 2 4 17 9 2 1 2 7 0 2 7 17 9 2 1 2 7 1 2 7 17 9 2 0 2 7 12 16 2 0 2 7 0 2 7 0 2 7 0 2 7 13 6 3 0 2 4 0 2 7 1 2 7 0 2 7 1 2 7 12 16 2 13 6 3 1 2 7 17 9 2 17 18 2 1 2 7 1 2 7 13 6 3 17 9 2 1 2 7 0 2 7 1 2 7 0 2 7 0 2 7 0 2 7 0 2 7 0 2 7 5 30 3 1 2 7 0 2 7 1 2 4 12 16 2 0 59.7875515222549438
1 2 7 0 2 7 1 2 4 17 18 2 0 2 7 1 2 4 0 2 7 0 2 7 0 2 4 5 31 3 1 2 7 1 2 7 1 2 7 5 30 3 5 31 3 0 2 7 0 2 7 0 2 4 1 2 4 17 9 2 1 2 7 0 2 7 17 9 2 1 2 7 1 2 7 17 9 2 0 2 7 12 16 2 0 2 7 0 2 7 0 2 7 0 2 7 13 6 3 0 2 4 0 2 7 1 2 7 0 2 7 1 2 7 12 16 2 13 6 3 1 2 7 17 9 2 17 18 2 1 2 7 1 2 7 13 6 3 17 9 2 1 2 7 0 2 7 1 2 7 0 2 7 0 2 7 0 2 7 0 2 7 0 2 7 5 30 3 1 2 7 0 2 7 1 2 4 12 16 2 0 59.7875515222549438
1 2 7 0 2 7 1 2 4 17 18 2 0 2 7 1 2 4 0 2 7 0 2 7 0 2 4 5 31 3 1 2 7 1 2 7 1 2 7 5 30 3 5 31 3 0 2 7 0 2 7 0 2 4 1 2 4 17 9 2 1 2 7 0 2 7 17 9 2 1 2 7 1 2 7 17 9 2 0 2 7 12 16 2 0 2 7 0 2 7 0 2 7 0 2 7 13 6 3 0 2 4 0 2 7 1 2 7 0 2 7 1 2 7 12 16 2 13 6 3 1 2 7 17 9 2 17 18 2 1 2 7 1 2 7 13 6 3 17 9 2 1 2 7 0 2 7 1 2 7 0 2 7 0 2 7 0 2 7 0 2 7 0 2 7 5 30 3 1 2 7 0 2 7 1 2 4 12 16 2 0 59.7875515222549438
1 2 7 0 2 7 1 2 4 17 18 2 0 2 7 1 2 4 0 2 7 0 2 7 0 2 4 5 31 3 1 2 7 1 2 7 1 2 7 5 30 3 5 31 3 0 2 7 0 2 7 0 2 4 1 2 4 17 9 2 1 2 7 0 2 7 17 9 2 1 2 7 1 2 7 17 9 2 0 2 7 12 16 2 0 2 7 0 2 7 0 2 7 0 2 7 13 6 3 0 2 4 0 2 7 1 2 7 0 2 7 1 2 7 12 16 2 13 6 3 1 2 7 17 9 2 17 18 2 1 2 7 1 2 7 13 6 3 17 9 2 1 2 7 0 2 7 1 2 7 0 2 7 0 2 7 0 2 7 0 2 7 0 2 7 5 30 3 1 2 7 0 2 7 1 2 4 12 16 2 0 59.7875515222549438
1 2 7 0 2 7 1 2 4 17 18 2 0 2 7 1 2 4 0 2 7 0 2 7 0 2 4 5 31 3 1 2 7 1 2 7 1 2 7 5 30 3 5 31 3 0 2 7 0 2 7 0 2 4 1 2 4 17 9 2 1 2 7 0 2 7 17 9 2 1 2 7 1 2 7 17 9 2 0 2 7 12 16 2 0 2 7 0 2 7 0 2 7 0 2 7 13 6 3 0 2 4 0 2 7 1 2 7 0 2 7 1 2 7 12 16 2 13 6 3 1 2 7 17 9 2 17 18 2 1 2 7 1 2 7 13 6 3 17 9 2 1 2 7 0 2 7 1 2 7 0 2 7 0 2 7 0 2 7 0 2 7 0 2 7 5 30 3 1 2 7 0 2 7 1 2 4 12 16 2 0 59.7875515222549438
1 2 7 0 2 7 1 2 4 17 18 2 0 2 7 1 2 4 0 2 7 0 2 7 0 2 4 5 31 3 1 2 7 1 2 7 1 2 7 5 30 3 5 31 3 0 2 7 0 2 7 0 2 4 1 2 4 17 9 2 1 2 7 0 2 7 17 9 2 1 2 7 1 2 7 17 9 2 0 2 7 12 16 2 0 2 7 0 2 7 0 2 7 0 2 7 13 6 3 0 2 4 0 2 7 1 2 7 0 2 7 1 2 7 12 16 2 13 6 3 1 2 7 17 9 2 17 18 2 1 2 7 1 2 7 13 6 3 17 9 2 1 2 7 0 2 7 1 2 7 0 2 7 0 2 7 0 2 7 0 2 7 0 2 7 5 30 3 1 2 7 0 2 7 1 2 4 12 16 2 0 59.7875515222549438
1 2 7 0 2 7 1 2 4 17 18 2 0 2 7 1 2 4 0 2 7 0 2 7 0 2 4 5 31 3 1 2 7 1 2 7 1 2 7 5 30 3 5 31 3 0 2 7 0 2 7 0 2 4 1 2 4 17 9 2 1 2 7 0 2 7 17 9 2 1 2 7 1 2 7 17 9 2 0 2 7 12 16 2 0 2 7 0 2 7 0 2 7 0 2 7 13 6 3 0 2 4 0 2 7 1 2 7 0 2 7 1 2 7 12 16 2 13 6 3 1 2 7 17 9 2 17 18 2 1 2 7 1 2 7 13 6 3 17 9 2 1 2 7 0 2 7 1 2 7 0 2 7 0 2 7 0 2 7 0 2 7 0 2 7 5 30 3 1 2 7 0 2 7 1 2 4 12 16 2 0 59.7875515222549438
1 2 7 0 2 7 1 2 4 17 18 2 0 2 7 1 2 4 0 2 7 0 2 7 0 2 4 5 31 3 1 2 7 1 2 7 1 2 7 5 30 3 5 31 3 0 2 7 0 2 7 0 2 4 1 2 4 17 9 2 1 2 7 0 2 7 17 9 2 1 2 7 1 2 7 17 9 2 0 2 7 12 16 2 0 2 7 0 2 7 0 2 7 0 2 7 13 6 3 0 2 4 0 2 7 1 2 7 0 2 7 1 2 7 12 16 2 13 6 3 1 2 7 17 9 2 17 18 2 1 2 7 1 2 7 13 6 3 17 9 2 1 2 7 0 2 7 1 2 7 0 2 7 0 2 7 0 2 7 0 2 7 0 2 7 5 30 3 1 2 7 0 2 7 1 2 4 12 16 2 0 59.7875515222549438
1 2 7 0 2 7 1 2 4 17 18 2 0 2 7 1 2 4 0 2 7 0 2 7 0 2 4 5 31 3 1 2 7 1 2 7 1 2 7 5 30 3 5 31 3 0 2 7 0 2 7 0 2 4 1 2 4 17 9 2 1 2 7 0 2 7 17 9 2 1 2 7 1 2 7 17 9 2 0 2 7 12 16 2 0 2 7 0 2 7 0 2 7 0 2 7 13 6 3 0 2 4 0 2 7 1 2 7 0 2 7 1 2 7 12 16 2 13 6 3 1 2 7 17 9 2 17 18 2 1 2 7 1 2 7 13 6 3 17 9 2 1 2 7 0 2 7 1 2 7 0 2 7 0 2 7 0 2 7 0 2 7 0 2 7 5 30 3 1 2 7 0 2 7 1 2 4 12 16 2 0 59.7875515222549438
1 2 7 0 2 7 1 2 4 17 18 2 0 2 7 1 2 4 0 2 7 0 2 7 0 2 4 5 31 3 1 2 7 1 2 7 1 2 7 5 30 3 5 31 3 0 2 7 0 2 7 0 2 4 1 2 4 17 9 2 1 2 7 0 2 7 17 9 2 1 2 7 1 2 7 17 9 2 0 2 7 12 16 2 0 2 7 0 2 7 0 2 7 0 2 7 13 6 3 0 2 4 0 2 7 1 2 7 0 2 7 1 2 7 12 16 2 13 6 3 1 2 7 17 9 2 17 18 2 1 2 7 1 2 7 13 6 3 17 9 2 1 2 7 0 2 7 1 2 7 0 2 7 0 2 7 0 2 7 0 2 7 0 2 7 5 30 3 1 2 7 0 2 7 1 2 4 12 16 2 0 59.7875515222549438
1 2 7 0 2 7 1 2 4 17 18 2 0 2 7 1 2 4 0 2 7 0 2 7 0 2 4 5 31 3 1 2 7 1 2 7 1 2 7 5 30 3 5 31 3 0 2 7 0 2 7 0 2 4 1 2 4 17 9 2 1 2 7 0 2 7 17 9 2 1 2 7 1 2 7 17 9 2 0 2 7 12 16 2 0 2 7 0 2 7 0 2 7 0 2 7 13 6 3 0 2 4 0 2 7 1 2 7 0 2 7 1 2 7 12 16 2 13 6 3 1 2 7 17 9 2 17 18 2 1 2 7 1 2 7 13 6 3 17 9 2 1 2 7 0 2 7 1 2 7 0 2 7 0 2 7 0 2 7 0 2 7 0 2 7 5 30 3 1 2 7 0 2 7 1 2 4 12 16 2 0 59.7875515222549438
1 2 7 0 2 7 1 2 4 17 18 2 0 2 7 1 2 4 0 2 7 0 2 7 0 2 4 5 31 3 1 2 7 1 2 7 1 2 7 5 30 3 5 31 3 0 2 7 0 2 7 0 2 4 1 2 4 17 9 2 1 2 7 0 2 7 17 9 2 1 2 7 1 2 7 17 9 2 0 2 7 12 16 2 0 2 7 0 2 7 0 2 7 0 2 7 13 6 3 0 2 4 0 2 7 1 2 7 0 2 7 1 2 7 12 16 2 13 6 3 1 2 7 17 9 2 17 18 2 1 2 7 1 2 7 13 6 3 17 9 2 1 2 7 0 2 7 1 2 7 0 2 7 0 2 7 0 2 7 0 2 7 0 2 7 5 30 3 1 2 7 0 2 7 1 2 4 12 16 2 0 59.7875515222549438
1 2 7 0 2 7 1 2 4 17 18 2 0 2 7 1 2 4 0 2 7 0 2 7 0 2 4 5 31 3 1 2 7 1 2 7 1 2 7 5 30 3 5 31 3 0 2 7 0 2 7 0 2 4 1 2 4 17 9 2 1 2 7 0 2 7 17 9 2 1 2 7 1 2 7 17 9 2 0 2 7 12 16 2 0 2 7 0 2 7 0 2 7 0 2 7 13 6 3 0 2 4 0 2 7 1 2 7 0 2 7 1 2 7 12 16 2 13 6 3 1 2 7 17 9 2 17 18 2 1 2 7 1 2 7 13 6 3 17 9 2 1 2 7 0 2 7 1 2 7 0 2 7 0 2 7 0 2 7 0 2 7 0 2 7 5 30 3 1 2 7 0 2 7 1 2 4 12 16 2 0 59.7875515222549438
1 2 7 0 2 7 1 2 4 17 18 2 0 2 7 1 2 4 0 2 7 0 2 7 0 2 4 5 31 3 1 2 7 1 2 7 1 2 7 5 30 3 5 31 3 0 2 7 0 2 7 0 2 4 1 2 4 17 9 2 1 2 7 0 2 7 17 9 2 1 2 7 1 2 7 17 9 2 0 2 7 12 16 2 0 2 7 0 2 7 0 2 7 0 2 7 13 6 3 0 2 4 0 2 7 1 2 7 0 2 7 1 2 7 12 16 2 13 6 3 1 2 7 17 9 2 17 18 2 1 2 7 1 2 7 13 6 3 17 9 2 1 2 7 0 2 7 1 2 7 0 2 7 0 2 7 0 2 7 0 2 7 0 2 7 5 30 3 1 2 7 0 2 7 1 2 4 12 16 2 0 59.7875515222549438
1 2 7 0 2 7 1 2 4 17 18 2 0 2 7 1 2 4 0 2 7 0 2 7 0 2 4 5 31 3 1 2 7 1 2 7 1 2 7 5 30 3 5 31 3 0 2 7 0 2 7 0 2 4 1 2 4 17 9 2 1 2 7 0 2 7 17 9 2 1 2 7 1 2 7 17 9 2 0 2 7 12 16 2 0 2 7 0 2 7 0 2 7 0 2 7 13 6 3 0 2 4 0 2 7 1 2 7 0 2 7 1 2 7 12 16 2 13 6 3 1 2 7 17 9 2 17 18 2 1 2 7 1 2 7 13 6 3 17 9 2 1 2 7 0 2 7 1 2 7 0 2 7 0 2 7 0 2 7 0 2 7 0 2 7 5 30 3 1 2 7 0 2 7 1 2 4 12 16 2 0 59.7875515222549438
1 2 7 0 2 7 1 2 4 17 18 2 0 2 7 1 2 4 0 2 7 0 2 7 0 2 4 5 31 3 1 2 7 1 2 7 1 2 7 5 30 3 5 31 3 0 2 7 0 2 7 0 2 4 1 2 4 17 9 2 1 2 7 0 2 7 17 9 2 1 2 7 1 2 7 17 9 2 0 2 7 12 16 2 0 2 7 0 2 7 0 2 7 0 2 7 13 6 3 0 2 4 0 2 7 1 2 7 0 2 7 1 2 7 12 16 2 13 6 3 1 2 7 17 9 2 17 18 2 1 2 7 1 2 7 13 6 3 17 9 2 1 2 7 0 2 7 1 2 7 0 2 7 0 2 7 0 2 7 0 2 7 0 2 7 5 30 3 1 2 7 0 2 7 1 2 4 12 16 2 0 59.7875515222549438
1 2 7 0 2 7 1 2 4 17 18 2 0 2 7 1 2 4 0 2 7 0 2 7 0 2 4 5 31 3 1 2 7 1 2 7 1 2 7 5 30 3 5 31 3 0 2 7 0 2 7 0 2 4 1 2 4 17 9 2 1 2 7 0 2 7 17 9 2 1 2 7 1 2 7 17 9 2 0 2 7 12 16 2 0 2 7 0 2 7 0 2 7 0 2 7 13 6 3 0 2 4 0 2 7 1 2 7 0 2 7 1 2 7 12 16 2 13 6 3 1 2 7 17 9 2 17 18 2 1 2 7 1 2 7 13 6 3 17 9 2 1 2 7 0 2 7 1 2 7 0 2 7 0 2 7 0 2 7 0 2 7 0 2 7 5 30 3 1 2 7 0 2 7 1 2 4 12 16 2 0 59.7875515222549438
1 2 7 0 2 7 1 2 4 17 18 2 0 2 7 1 2 4 0 2 7 0 2 7 0 2 4 5 31 3 1 2 7 1 2 7 1 2 7 5 30 3 5 31 3 0 2 7 0 2 7 0 2 4 1 2 4 17 9 2 1 2 7 0 2 7 17 9 2 1 2 7 1 2 7 17 9 2 0 2 7 12 16 2 0 2 7 0 2 7 0 2 7 0 2 7 13 6 3 0 2 4 0 2 7 1 2 7 0 2 7 1 2 7 12 16 2 13 6 3 1 2 7 17 9 2 17 18 2 1 2 7 1 2 7 13 6 3 17 9 2 1 2 7 0 2 7 1 2 7 0 2 7 0 2 7 0 2 7 0 2 7 0 2 7 5 30 3 1 2 7 0 2 7 1 2 4 12 16 2 0 59.7875515222549438
1 2 7 0 2 7 1 2 4 17 18 2 0 2 7 1 2 4 0 2 7 0 2 7 0 2 4 5 31 3 1 2 7 1 2 7 1 2 7 5 30 3 5 31 3 0 2 7 0 2 7 0 2 4 1 2 4 17 9 2 1 2 7 0 2 7 17 9 2 1 2 7 1 2 7 17 9 2 0 2 7 12 16 2 0 2 7 0 2 7 0 2 7 0 2 7 13 6 3 0 2 4 0 2 7 1 2 7 0 2 7 1 2 7 12 16 2 13 6 3 1 2 7 17 9 2 17 18 2 1 2 7 1 2 7 13 6 3 17 9 2 1 2 7 0 2 7 1 2 7 0 2 7 0 2 7 0 2 7 0 2 7 0 2 7 5 30 3 1 2 7 0 2 7 1 2 4 12 16 2 0 59.7875515222549438
1 2 7 0 2 7 1 2 4 17 18 2 0 2 7 1 2 4 0 2 7 0 2 7 0 2 4 5 31 3 1 2 7 1 2 7 1 2 7 5 30 3 5 31 3 0 2 7 0 2 7 0 2 4 1 2 4 17 9 2 1 2 7 0 2 7 17 9 2 1 2 7 1 2 7 17 9 2 0 2 7 12 16 2 0 2 7 0 2 7 0 2 7 0 2 7 13 6 3 0 2 4 0 2 7 1 2 7 0 2 7 1 2 7 12 16 2 13 6 3 1 2 7 17 9 2 17 18 2 1 2 7 1 2 7 13 6 3 17 9 2 1 2 7 0 2 7 1 2 7 0 2 7 0 2 7 0 2 7 0 2 7 0 2 7 5 30 3 1 2 7 0 2 7 1 2 4 12 16 2 0 59.7875515222549438
1 2 7 0 2 7 1 2 4 17 18 2 0 2 7 1 2 4 0 2 7 0 2 7 0 2 4 5 31 3 1 2 7 1 2 7 1 2 7 5 30 3 5 31 3 0 2 7 0 2 7 0 2 4 1 2 4 17 9 2 1 2 7 0 2 7 17 9 2 1 2 7 1 2 7 17 9 2 0 2 7 12 16 2 0 2 7 0 2 7 0 2 7 0 2 7 13 6 3 0 2 4 0 2 7 1 2 7 0 2 7 1 2 7 12 16 2 13 6 3 1 2 7 17 9 2 17 18 2 1 2 7 1 2 7 13 6 3 17 9 2 1 2 7 0 2 7 1 2 7 0 2 7 0 2 7 0 2 7 0 2 7 0 2 7 5 30 3 1 2 7 0 2 7 1 2 4 12 16 2 0 59.7875515222549438
1 2 7 0 2 7 1 2 4 17 18 2 0 2 7 1 2 4 0 2 7 0 2 7 0 2 4 5 31 3 1 2 7 1 2 7 1 2 7 5 30 3 5 31 3 0 2 7 0 2 7 0 2 4 1 2 4 17 9 2 1 2 7 0 2 7 17 9 2 1 2 7 1 2 7 17 9 2 0 2 7 12 16 2 0 2 7 0 2 7 0 2 7 0 2 7 13 6 3 0 2 4 0 2 7 1 2 7 0 2 7 1 2 7 12 16 2 13 6 3 1 2 7 17 9 2 17 18 2 1 2 7 1 2 7 13 6 3 17 9 2 1 2 7 0 2 7 1 2 7 0 2 7 0 2 7 0 2 7 0 2 7 0 2 7 5 30 3 1 2 7 0 2 7 1 2 4 12 16 2 0 59.7875515222549438
1 2 7 0 2 7 1 2 4 17 18 2 0 2 7 1 2 4 0 2 7 0 2 7 0 2 4 5 31 3 1 2 7 1 2 7 1 2 7 5 30 3 5 31 3 0 2 7 0 2 7 0 2 4 1 2 4 17 9 2 1 2 7 0 2 7 17 9 2 1 2 7 1 2 7 17 9 2 0 2 7 12 16 2 0 2 7 0 2 7 0 2 7 0 2 7 13 6 3 0 2 4 0 2 7 1 2 7 0 2 7 1 2 7 12 16 2 13 6 3 1 2 7 17 9 2 17 18 2 1 2 7 1 2 7 13 6 3 17 9 2 1 2 7 0 2 7 1 2 7 0 2 7 0 2 7 0 2 7 0 2 7 0 2 7 5 30 3 1 2 7 0 2 7 1 2 4 12 16 2 0 59.7875515222549438
1 2 7 0 2 7 1 2 4 17 18 2 0 2 7 1 2 4 0 2 7 0 2 7 0 2 4 5 31 3 1 2 7 1 2 7 1 2 7 5 30 3 5 31 3 0 2 7 0 2 7 0 2 4 1 2 4 17 9 2 1 2 7 0 2 7 17 9 2 1 2 7 1 2 7 17 9 2 0 2 7 12 16 2 0 2 7 0 2 7 0 2 7 0 2 7 13 6 3 0 2 4 0 2 7 1 2 7 0 2 7 1 2 7 12 16 2 13 6 3 1 2 7 17 9 2 17 18 2 1 2 7 1 2 7 13 6 3 17 9 2 1 2 7 0 2 7 1 2 7 0 2 7 0 2 7 0 2 7 0 2 7 0 2 7 5 30 3 1 2 7 0 2 7 1 2 4 12 16 2 0 59.7875515222549438
1 2 7 0 2 7 1 2 4 17 18 2 0 2 7 1 2 4 0 2 7 0 2 7 0 2 4 5 31 3 1 2 7 1 2 7 1 2 7 5 30 3 5 31 3 0 2 7 0 2 7 0 2 4 1 2 4 17 9 2 1 2 7 0 2 7 17 9 2 1 2 7 1 2 7 17 9 2 0 2 7 12 16 2 0 2 7 0 2 7 0 2 7 0 2 7 13 6 3 0 2 4 0 2 7 1 2 7 0 2 7 1 2 7 12 16 2 13 6 3 1 2 7 17 9 2 17 18 2 1 2 7 1 2 7 13 6 3 17 9 2 1 2 7 0 2 7 1 2 7 0 2 7 0 2 7 0 2 7 0 2 7 0 2 7 5 30 3 1 2 7 0 2 7 1 2 4 12 16 2 0 59.7875515222549438
1 2 7 0 2 7 1 2 4 17 18 2 0 2 7 1 2 4 0 2 7 0 2 7 0 2 4 5 31 3 1 2 7 1 2 7 1 2 7 5 30 3 5 31 3 0 2 7 0 2 7 0 2 4 1 2 4 17 9 2 1 2 7 0 2 7 17 9 2 1 2 7 1 2 7 17 9 2 0 2 7 12 16 2 0 2 7 0 2 7 0 2 7 0 2 7 13 6 3 0 2 4 0 2 7 1 2 7 0 2 7 1 2 7 12 16 2 13 6 3 1 2 7 17 9 2 17 18 2 1 2 7 1 2 7 13 6 3 17 9 2 1 2 7 0 2 7 1 2 7 0 2 7 0 2 7 0 2 7 0 2 7 0 2 7 5 30 3 1 2 7 0 2 7 1 2 4 12 16 2 0 59.7875515222549438
1 2 7 0 2 7 1 2 4 17 18 2 0 2 7 1 2 4 0 2 7 0 2 7 0 2 4 5 31 3 1 2 7 1 2 7 1 2 7 5 30 3 5 31 3 0 2 7 0 2 7 0 2 4 1 2 4 17 9 2 1 2 7 0 2 7 17 9 2 1 2 7 1 2 7 17 9 2 0 2 7 12 16 2 0 2 7 0 2 7 0 2 7 0 2 7 13 6 3 0 2 4 0 2 7 1 2 7 0 2 7 1 2 7 12 16 2 13 6 3 1 2 7 17 9 2 17 18 2 1 2 7 1 2 7 13 6 3 17 9 2 1 2 7 0 2 7 1 2 7 0 2 7 0 2 7 0 2 7 0 2 7 0 2 7 5 30 3 1 2 7 0 2 7 1 2 4 12 16 2 0 59.7875515222549438
1 2 7 0 2 7 1 2 4 17 18 2 0 2 7 1 2 4 0 2 7 0 2 7 0 2 4 5 31 3 1 2 7 1 2 7 1 2 7 5 30 3 5 31 3 0 2 7 0 2 7 0 2 4 1 2 4 17 9 2 1 2 7 0 2 7 17 9 2 1 2 7 1 2 7 17 9 2 0 2 7 12 16 2 0 2 7 0 2 7 0 2 7 0 2 7 13 6 3 0 2 4 0 2 7 1 2 7 0 2 7 1 2 7 12 16 2 13 6 3 1 2 7 17 9 2 17 18 2 1 2 7 1 2 7 13 6 3 17 9 2 1 2 7 0 2 7 1 2 7 0 2 7 0 2 7 0 2 7 0 2 7 0 2 7 5 30 3 1 2 7 0 2 7 1 2 4 12 16 2 0 59.7875515222549438
1 2 7 0 2 7 1 2 4 17 18 2 0 2 7 1 2 4 0 2 7 0 2 7 0 2 4 5 31 3 1 2 7 1 2 7 1 2 7 5 30 3 5 31 3 0 2 7 0 2 7 0 2 4 1 2 4 17 9 2 1 2 7 0 2 7 17 9 2 1 2 7 1 2 7 17 9 2 0 2 7 12 16 2 0 2 7 0 2 7 0 2 7 0 2 7 13 6 3 0 2 4 0 2 7 1 2 7 0 2 7 1 2 7 12 16 2 13 6 3 1 2 7 17 9 2 17 18 2 1 2 7 1 2 7 13 6 3 17 9 2 1 2 7 0 2 7 1 2 7 0 2 7 0 2 7 0 2 7 0 2 7 0 2 7 5 30 3 1 2 7 0 2 7 1 2 4 12 16 2 0 59.7875515222549438
1 2 7 0 2 7 1 2 4 17 18 2 0 2 7 1 2 4 0 2 7 0 2 7 0 2 4 5 31 3 1 2 7 1 2 7 1 2 7 5 30 3 5 31 3 0 2 7 0 2 7 0 2 4 1 2 4 17 9 2 1 2 7 0 2 7 17 9 2 1 2 7 1 2 7 17 9 2 0 2 7 12 16 2 0 2 7 0 2 7 0 2 7 0 2 7 13 6 3 0 2 4 0 2 7 1 2 7 0 2 7 1 2 7 12 16 2 13 6 3 1 2 7 17 9 2 17 18 2 1 2 7 1 2 7 13 6 3 17 9 2 1 2 7 0 2 7 1 2 7 0 2 7 0 2 7 0 2 7 0 2 7 0 2 7 5 30 3 1 2 7 0 2 7 1 2 4 12 16 2 0 59.7875515222549438
1 2 7 0 2 7 1 2 4 17 18 2 0 2 7 1 2 4 0 2 7 0 2 7 0 2 4 5 31 3 1 2 7 1 2 7 1 2 7 5 30 3 5 31 3 0 2 7 0 2 7 0 2 4 1 2 4 17 9 2 1 2 7 0 2 7 17 9 2 1 2 7 1 2 7 17 9 2 0 2 7 12 16 2 0 2 7 0 2 7 0 2 7 0 2 7 13 6 3 0 2 4 0 2 7 1 2 7 0 2 7 1 2 7 12 16 2 13 6 3 1 2 7 17 9 2 17 18 2 1 2 7 1 2 7 13 6 3 17 9 2 1 2 7 0 2 7 1 2 7 0 2 7 0 2 7 0 2 7 0 2 7 0 2 7 5 30 3 1 2 7 0 2 7 1 2 4 12 16 2 0 59.7875515222549438
1 2 7 0 2 7 1 2 4 17 18 2 0 2 7 1 2 4 0 2 7 0 2 7 0 2 4 5 31 3 1 2 7 1 2 7 1 2 7 5 30 3 5 31 3 0 2 7 0 2 7 0 2 4 1 2 4 17 9 2 1 2 7 0 2 7 17 9 2 1 2 7 1 2 7 17 9 2 0 2 7 12 16 2 0 2 7 0 2 7 0 2 7 0 2 7 13 6 3 0 2 4 0 2 7 1 2 7 0 2 7 1 2 7 12 16 2 13 6 3 1 2 7 17 9 2 17 18 2 1 2 7 1 2 7 13 6 3 17 9 2 1 2 7 0 2 7 1 2 7 0 2 7 0 2 7 0 2 7 0 2 7 0 2 7 5 30 3 1 2 7 0 2 7 1 2 4 12 16 2 0 59.7875515222549438
1 2 7 0 2 7 1 2 4 17 18 2 0 2 7 1 2 4 0 2 7 0 2 7 0 2 4 5 31 3 1 2 7 1 2 7 1 2 7 5 30 3 5 31 3 0 2 7 0 2 7 0 2 4 1 2 4 17 9 2 1 2 7 0 2 7 17 9 2 1 2 7 1 2 7 17 9 2 0 2 7 12 16 2 0 2 7 0 2 7 0 2 7 0 2 7 13 6 3 0 2 4 0 2 7 1 2 7 0 2 7 1 2 7 12 16 2 13 6 3 1 2 7 17 9 2 17 18 2 1 2 7 1 2 7 13 6 3 17 9 2 1 2 7 0 2 7 1 2 7 0 2 7 0 2 7 0 2 7 0 2 7 0 2 7 5 30 3 1 2 7 0 2 7 1 2 4 12 16 2 0 59.7875515222549438
1 2 7 0 2 7 1 2 4 17 18 2 0 2 7 1 2 4 0 2 7 0 2 7 0 2 4 5 31 3 1 2 7 1 2 7 1 2 7 5 30 3 5 31 3 0 2 7 0 2 7 0 2 4 1 2 4 17 9 2 1 2 7 0 2 7 17 9 2 1 2 7 1 2 7 17 9 2 0 2 7 12 16 2 0 2 7 0 2 7 0 2 7 0 2 7 13 6 3 0 2 4 0 2 7 1 2 7 0 2 7 1 2 7 12 16 2 13 6 3 1 2 7 17 9 2 17 18 2 1 2 7 1 2 7 13 6 3 17 9 2 1 2 7 0 2 7 1 2 7 0 2 7 0 2 7 0 2 7 0 2 7 0 2 7 5 30 3 1 2 7 0 2 7 1 2 4 12 16 2 0 59.7875515222549438
1 2 7 0 2 7 1 2 4 17 18 2 0 2 7 1 2 4 0 2 7 0 2 7 0 2 4 5 31 3 1 2 7 1 2 7 1 2 7 5 30 3 5 31 3 0 2 7 0 2 7 0 2 4 1 2 4 17 9 2 1 2 7 0 2 7 17 9 2 1 2 7 1 2 7 17 9 2 0 2 7 12 16 2 0 2 7 0 2 7 0 2 7 0 2 7 13 6 3 0 2 4 0 2 7 1 2 7 0 2 7 1 2 7 12 16 2 13 6 3 1 2 7 17 9 2 17 18 2 1 2 7 1 2 7 13 6 3 17 9 2 1 2 7 0 2 7 1 2 7 0 2 7 0 2 7 0 2 7 0 2 7 0 2 7 5 30 3 1 2 7 0 2 7 1 2 4 12 16 2 0 59.7875515222549438
1 2 7 0 2 7 1 2 4 17 18 2 0 2 7 1 2 4 0 2 7 0 2 7 0 2 4 5 31 3 1 2 7 1 2 7 1 2 7 5 30 3 5 31 3 0 2 7 0 2 7 0 2 4 1 2 4 17 9 2 1 2 7 0 2 7 17 9 2 1 2 7 1 2 7 17 9 2 0 2 7 12 16 2 0 2 7 0 2 7 0 2 7 0 2 7 13 6 3 0 2 4 0 2 7 1 2 7 0 2 7 1 2 7 12 16 2 13 6 3 1 2 7 17 9 2 17 18 2 1 2 7 1 2 7 13 6 3 17 9 2 1 2 7 0 2 7 1 2 7 0 2 7 0 2 7 0 2 7 0 2 7 0 2 7 5 30 3 1 2 7 0 2 7 1 2 4 12 16 2 0 59.7875515222549438
1 2 7 0 2 7 1 2 4 17 18 2 0 2 7 1 2 4 0 2 7 0 2 7 0 2 4 5 31 3 1 2 7 1 2 7 1 2 7 5 30 3 5 31 3 0 2 7 0 2 7 0 2 4 1 2 4 17 9 2 1 2 7 0 2 7 17 9 2 1 2 7 1 2 7 17 9 2 0 2 7 12 16 2 0 2 7 0 2 7 0 2 7 0 2 7 13 6 3 0 2 4 0 2 7 1 2 7 0 2 7 1 2 7 12 16 2 13 6 3 1 2 7 17 9 2 17 18 2 1 2 7 1 2 7 13 6 3 17 9 2 1 2 7 0 2 7 1 2 7 0 2 7 0 2 7 0 2 7 0 2 7 0 2 7 5 30 3 1 2 7 0 2 7 1 2 4 12 16 2 0 59.7875515222549438
1 2 7 0 2 7 1 2 4 17 18 2 0 2 7 1 2 4 0 2 7 0 2 7 0 2 4 5 31 3 1 2 7 1 2 7 1 2 7 5 30 3 5 31 3 0 2 7 0 2 7 0 2 4 1 2 4 17 9 2 1 2 7 0 2 7 17 9 2 1 2 7 1 2 7 17 9 2 0 2 7 12 16 2 0 2 7 0 2 7 0 2 7 0 2 7 13 6 3 0 2 4 0 2 7 1 2 7 0 2 7 1 2 7 12 16 2 13 6 3 1 2 7 17 9 2 17 18 2 1 2 7 1 2 7 13 6 3 17 9 2 1 2 7 0 2 7 1 2 7 0 2 7 0 2 7 0 2 7 0 2 7 0 2 7 5 30 3 1 2 7 0 2 7 1 2 4 12 16 2 0 59.7875515222549438
1 2 7 0 2 7 1 2 4 17 18 2 0 2 7 1 2 4 0 2 7 0 2 7 0 2 4 5 31 3 1 2 7 1 2 7 1 2 7 5 30 3 5 31 3 0 2 7 0 2 7 0 2 4 1 2 4 17 9 2 1 2 7 0 2 7 17 9 2 1 2 7 1 2 7 17 9 2 0 2 7 12 16 2 0 2 7 0 2 7 0 2 7 0 2 7 13 6 3 0 2 4 0 2 7 1 2 7 0 2 7 1 2 7 12 16 2 13 6 3 1 2 7 17 9 2 17 18 2 1 2 7 1 2 7 13 6 3 17 9 2 1 2 7 0 2 7 1 2 7 0 2 7 0 2 7 0 2 7 0 2 7 0 2 7 5 30 3 1 2 7 0 2 7 1 2 4 12 16 2 0 59.7875515222549438
1 2 7 0 2 7 1 2 4 17 18 2 0 2 7 1 2 4 0 2 7 0 2 7 0 2 4 5 31 3 1 2 7 1 2 7 1 2 7 5 30 3 5 31 3 0 2 7 0 2 7 0 2 4 1 2 4 17 9 2 1 2 7 0 2 7 17 9 2 1 2 7 1 2 7 17 9 2 0 2 7 12 16 2 0 2 7 0 2 7 0 2 7 0 2 7 13 6 3 0 2 4 0 2 7 1 2 7 0 2 7 1 2 7 12 16 2 13 6 3 1 2 7 17 9 2 17 18 2 1 2 7 1 2 7 13 6 3 17 9 2 1 2 7 0 2 7 1 2 7 0 2 7 0 2 7 0 2 7 0 2 7 0 2 7 5 30 3 1 2 7 0 2 7 1 2 4 12 16 2 0 59.7875515222549438
1 2 7 0 2 7 1 2 4 17 18 2 0 2 7 1 2 4 0 2 7 0 2 7 0 2 4 5 31 3 1 2 7 1 2 7 1 2 7 5 30 3 5 31 3 0 2 7 0 2 7 0 2 4 1 2 4 17 9 2 1 2 7 0 2 7 17 9 2 1 2 7 1 2 7 17 9 2 0 2 7 12 16 2 0 2 7 0 2 7 0 2 7 0 2 7 13 6 3 0 2 4 0 2 7 1 2 7 0 2 7 1 2 7 12 16 2 13 6 3 1 2 7 17 9 2 17 18 2 1 2 7 1 2 7 13 6 3 17 9 2 1 2 7 0 2 7 1 2 7 0 2 7 0 2 7 0 2 7 0 2 7 0 2 7 5 30 3 1 2 7 0 2 7 1 2 4 12 16 2 0 59.7875515222549438
1 2 7 0 2 7 1 2 4 17 18 2 0 2 7 1 2 4 0 2 7 0 2 7 0 2 4 5 31 3 1 2 7 1 2 7 1 2 7 5 30 3 5 31 3 0 2 7 0 2 7 0 2 4 1 2 4 17 9 2 1 2 7 0 2 7 17 9 2 1 2 7 1 2 7 17 9 2 0 2 7 12 16 2 0 2 7 0 2 7 0 2 7 0 2 7 13 6 3 0 2 4 0 2 7 1 2 7 0 2 7 1 2 7 12 16 2 13 6 3 1 2 7 17 9 2 17 18 2 1 2 7 1 2 7 13 6 3 17 9 2 1 2 7 0 2 7 1 2 7 0 2 7 0 2 7 0 2 7 0 2 7 0 2 7 5 30 3 1 2 7 0 2 7 1 2 4 12 16 2 0 59.7875515222549438
1 2 7 0 2 7 1 2 4 17 18 2 0 2 7 1 2 4 0 2 7 0 2 7 0 2 4 5 31 3 1 2 7 1 2 7 1 2 7 5 30 3 5 31 3 0 2 7 0 2 7 0 2 4 1 2 4 17 9 2 1 2 7 0 2 7 17 9 2 1 2 7 1 2 7 17 9 2 0 2 7 12 16 2 0 2 7 0 2 7 0 2 7 0 2 7 13 6 3 0 2 4 0 2 7 1 2 7 0 2 7 1 2 7 12 16 2 13 6 3 1 2 7 17 9 2 17 18 2 1 2 7 1 2 7 13 6 3 17 9 2 1 2 7 0 2 7 1 2 7 0 2 7 0 2 7 0 2 7 0 2 7 0 2 7 5 30 3 1 2 7 0 2 7 1 2 4 12 16 2 0 59.7875515222549438
1 2 7 0 2 7 1 2 4 17 18 2 0 2 7 1 2 4 0 2 7 0 2 7 0 2 4 5 31 3 1 2 7 1 2 7 1 2 7 5 30 3 5 31 3 0 2 7 0 2 7 0 2 4 1 2 4 17 9 2 1 2 7 0 2 7 17 9 2 1 2 7 1 2 7 17 9 2 0 2 7 12 16 2 0 2 7 0 2 7 0 2 7 0 2 7 13 6 3 0 2 4 0 2 7 1 2 7 0 2 7 1 2 7 12 16 2 13 6 3 1 2 7 17 9 2 17 18 2 1 2 7 1 2 7 13 6 3 17 9 2 1 2 7 0 2 7 1 2 7 0 2 7 0 2 7 0 2 7 0 2 7 0 2 7 5 30 3 1 2 7 0 2 7 1 2 4 12 16 2 0 59.7875515222549438
1 2 7 0 2 7 1 2 4 17 18 2 0 2 7 1 2 4 0 2 7 0 2 7 0 2 4 5 31 3 1 2 7 1 2 7 1 2 7 5 30 3 5 31 3 0 2 7 0 2 7 0 2 4 1 2 4 17 9 2 1 2 7 0 2 7 17 9 2 1 2 7 1 2 7 17 9 2 0 2 7 12 16 2 0 2 7 0 2 7 0 2 7 0 2 7 13 6 3 0 2 4 0 2 7 1 2 7 0 2 7 1 2 7 12 16 2 13 6 3 1 2 7 17 9 2 17 18 2 1 2 7 1 2 7 13 6 3 17 9 2 1 2 7 0 2 7 1 2 7 0 2 7 0 2 7 0 2 7 0 2 7 0 2 7 5 30 3 1 2 7 0 2 7 1 2 4 12 16 2 0 59.7875515222549438
1 2 7 0 2 7 1 2 4 17 18 2 0 2 7 1 2 4 0 2 7 0 2 7 0 2 4 5 31 3 1 2 7 1 2 7 1 2 7 5 30 3 5 31 3 0 2 7 0 2 7 0 2 4 1 2 4 17 9 2 1 2 7 0 2 7 17 9 2 1 2 7 1 2 7 17 9 2 0 2 7 12 16 2 0 2 7 0 2 7 0 2 7 0 2 7 13 6 3 0 2 4 0 2 7 1 2 7 0 2 7 1 2 7 12 16 2 13 6 3 1 2 7 17 9 2 17 18 2 1 2 7 1 2 7 13 6 3 17 9 2 1 2 7 0 2 7 1 2 7 0 2 7 0 2 7 0 2 7 0 2 7 0 2 7 5 30 3 1 2 7 0 2 7 1 2 4 12 16 2 0 59.7875515222549438
1 2 7 0 2 7 1 2 4 17 18 2 0 2 7 1 2 4 0 2 7 0 2 7 0 2 4 5 31 3 1 2 7 1 2 7 1 2 7 5 30 3 5 31 3 0 2 7 0 2 7 0 2 4 1 2 4 17 9 2 1 2 7 0 2 7 17 9 2 1 2 7 1 2 7 17 9 2 0 2 7 12 16 2 0 2 7 0 2 7 0 2 7 0 2 7 13 6 3 0 2 4 0 2 7 1 2 7 0 2 7 1 2 7 12 16 2 13 6 3 1 2 7 17 9 2 17 18 2 1 2 7 1 2 7 13 6 3 17 9 2 1 2 7 0 2 7 1 2 7 0 2 7 0 2 7 0 2 7 0 2 7 0 2 7 5 30 3 1 2 7 0 2 7 1 2 4 12 16 2 0 59.7875515222549438
1 2 7 0 2 7 1 2 4 17 18 2 0 2 7 1 2 4 0 2 7 0 2 7 0 2 4 5 31 3 1 2 7 1 2 7 1 2 7 5 30 3 5 31 3 0 2 7 0 2 7 0 2 4 1 2 4 17 9 2 1 2 7 0 2 7 17 9 2 1 2 7 1 2 7 17 9 2 0 2 7 12 16 2 0 2 7 0 2 7 0 2 7 0 2 7 13 6 3 0 2 4 0 2 7 1 2 7 0 2 7 1 2 7 12 16 2 13 6 3 1 2 7 17 9 2 17 18 2 1 2 7 1 2 7 13 6 3 17 9 2 1 2 7 0 2 7 1 2 7 0 2 7 0 2 7 0 2 7 0 2 7 0 2 7 5 30 3 1 2 7 0 2 7 1 2 4 12 16 2 0 59.7875515222549438
1 2 7 0 2 7 1 2 4 17 18 2 0 2 7 1 2 4 0 2 7 0 2 7 0 2 4 5 31 3 1 2 7 1 2 7 1 2 7 5 30 3 5 31 3 0 2 7 0 2 7 0 2 4 1 2 4 17 9 2 1 2 7 0 2 7 17 9 2 1 2 7 1 2 7 17 9 2 0 2 7 12 16 2 0 2 7 0 2 7 0 2 7 0 2 7 13 6 3 0 2 4 0 2 7 1 2 7 0 2 7 1 2 7 12 16 2 13 6 3 1 2 7 17 9 2 17 18 2 1 2 7 1 2 7 13 6 3 17 9 2 1 2 7 0 2 7 1 2 7 0 2 7 0 2 7 0 2 7 0 2 7 0 2 7 5 30 3 1 2 7 0 2 7 1 2 4 12 16 2 0 59.7875515222549438
1 2 7 0 2 7 1 2 4 17 18 2 0 2 7 1 2 4 0 2 7 0 2 7 0 2 4 5 31 3 1 2 7 1 2 7 1 2 7 5 30 3 5 31 3 0 2 7 0 2 7 0 2 4 1 2 4 17 9 2 1 2 7 0 2 7 17 9 2 1 2 7 1 2 7 17 9 2 0 2 7 12 16 2 0 2 7 0 2 7 0 2 7 0 2 7 13 6 3 0 2 4 0 2 7 1 2 7 0 2 7 1 2 7 12 16 2 13 6 3 1 2 7 17 9 2 17 18 2 1 2 7 1 2 7 13 6 3 17 9 2 1 2 7 0 2 7 1 2 7 0 2 7 0 2 7 0 2 7 0 2 7 0 2 7 5 30 3 1 2 7 0 2 7 1 2 4 12 16 2 0 59.7875515222549438
MonoObjective Genetic Algorithm
Number of Evaluations = 0
Mutation Probability = 0
Crossover Probability = 1
Population Size = 10
Survival Selection Type = 1
Time =  18069.930967092514
1 2 7 0 2 7 1 2 4 17 18 2 0 2 7 1 2 4 0 2 7 0 2 7 0 2 4 5 31 3 1 2 7 1 2 7 1 2 7 5 30 3 5 31 3 0 2 7 0 2 7 0 2 4 1 2 4 17 9 2 1 2 7 0 2 7 17 9 2 1 2 7 1 2 7 17 9 2 0 2 7 12 16 2 0 2 7 0 2 7 0 2 7 0 2 7 13 6 3 0 2 4 0 2 7 1 2 7 0 2 7 1 2 7 12 16 2 13 6 3 1 2 7 17 9 2 17 18 2 1 2 7 1 2 7 13 6 3 17 9 2 1 2 7 0 2 7 1 2 7 0 2 7 0 2 7 0 2 7 0 2 7 0 2 7 5 30 3 1 2 7 0 2 7 1 2 4 12 16 2 0 59.7875515222549438
1 2 7 0 2 7 1 2 4 17 18 2 0 2 7 1 2 4 0 2 7 0 2 7 0 2 4 5 31 3 1 2 7 1 2 7 1 2 7 5 30 3 5 31 3 0 2 7 0 2 7 0 2 4 1 2 4 17 9 2 1 2 7 0 2 7 17 9 2 1 2 7 1 2 7 17 9 2 0 2 7 12 16 2 0 2 7 0 2 7 0 2 7 0 2 7 13 6 3 0 2 4 0 2 7 1 2 7 0 2 7 1 2 7 12 16 2 13 6 3 1 2 7 17 9 2 17 18 2 1 2 7 1 2 7 13 6 3 17 9 2 1 2 7 0 2 7 1 2 7 0 2 7 0 2 7 0 2 7 0 2 7 0 2 7 5 30 3 1 2 7 0 2 7 1 2 4 12 16 2 0 59.7875515222549438
1 2 7 0 2 7 1 2 4 17 18 2 0 2 7 1 2 4 0 2 7 0 2 7 0 2 4 5 31 3 1 2 7 1 2 7 1 2 7 5 30 3 5 31 3 0 2 7 0 2 7 0 2 4 1 2 4 17 9 2 1 2 7 0 2 7 17 9 2 1 2 7 1 2 7 17 9 2 0 2 7 12 16 2 0 2 7 0 2 7 0 2 7 0 2 7 13 6 3 0 2 4 0 2 7 1 2 7 0 2 7 1 2 7 12 16 2 13 6 3 1 2 7 17 9 2 17 18 2 1 2 7 1 2 7 13 6 3 17 9 2 1 2 7 0 2 7 1 2 7 0 2 7 0 2 7 0 2 7 0 2 7 0 2 7 5 30 3 1 2 7 0 2 7 1 2 4 12 16 2 0 59.7875515222549438
1 2 7 0 2 7 1 2 4 17 18 2 0 2 7 1 2 4 0 2 7 0 2 7 0 2 4 5 31 3 1 2 7 1 2 7 1 2 7 5 30 3 5 31 3 0 2 7 0 2 7 0 2 4 1 2 4 17 9 2 1 2 7 0 2 7 17 9 2 1 2 7 1 2 7 17 9 2 0 2 7 12 16 2 0 2 7 0 2 7 0 2 7 0 2 7 13 6 3 0 2 4 0 2 7 1 2 7 0 2 7 1 2 7 12 16 2 13 6 3 1 2 7 17 9 2 17 18 2 1 2 7 1 2 7 13 6 3 17 9 2 1 2 7 0 2 7 1 2 7 0 2 7 0 2 7 0 2 7 0 2 7 0 2 7 5 30 3 1 2 7 0 2 7 1 2 4 12 16 2 0 59.7875515222549438
1 2 7 0 2 7 1 2 4 17 18 2 0 2 7 1 2 4 0 2 7 0 2 7 0 2 4 5 31 3 1 2 7 1 2 7 1 2 7 5 30 3 5 31 3 0 2 7 0 2 7 0 2 4 1 2 4 17 9 2 1 2 7 0 2 7 17 9 2 1 2 7 1 2 7 17 9 2 0 2 7 12 16 2 0 2 7 0 2 7 0 2 7 0 2 7 13 6 3 0 2 4 0 2 7 1 2 7 0 2 7 1 2 7 12 16 2 13 6 3 1 2 7 17 9 2 17 18 2 1 2 7 1 2 7 13 6 3 17 9 2 1 2 7 0 2 7 1 2 7 0 2 7 0 2 7 0 2 7 0 2 7 0 2 7 5 30 3 1 2 7 0 2 7 1 2 4 12 16 2 0 59.7875515222549438
1 2 7 0 2 7 1 2 4 17 18 2 0 2 7 1 2 4 0 2 7 0 2 7 0 2 4 5 31 3 1 2 7 1 2 7 1 2 7 5 30 3 5 31 3 0 2 7 0 2 7 0 2 4 1 2 4 17 9 2 1 2 7 0 2 7 17 9 2 1 2 7 1 2 7 17 9 2 0 2 7 12 16 2 0 2 7 0 2 7 0 2 7 0 2 7 13 6 3 0 2 4 0 2 7 1 2 7 0 2 7 1 2 7 12 16 2 13 6 3 1 2 7 17 9 2 17 18 2 1 2 7 1 2 7 13 6 3 17 9 2 1 2 7 0 2 7 1 2 7 0 2 7 0 2 7 0 2 7 0 2 7 0 2 7 5 30 3 1 2 7 0 2 7 1 2 4 12 16 2 0 59.7875515222549438
1 2 7 0 2 7 1 2 4 17 18 2 0 2 7 1 2 4 0 2 7 0 2 7 0 2 4 5 31 3 1 2 7 1 2 7 1 2 7 5 30 3 5 31 3 0 2 7 0 2 7 0 2 4 1 2 4 17 9 2 1 2 7 0 2 7 17 9 2 1 2 7 1 2 7 17 9 2 0 2 7 12 16 2 0 2 7 0 2 7 0 2 7 0 2 7 13 6 3 0 2 4 0 2 7 1 2 7 0 2 7 1 2 7 12 16 2 13 6 3 1 2 7 17 9 2 17 18 2 1 2 7 1 2 7 13 6 3 17 9 2 1 2 7 0 2 7 1 2 7 0 2 7 0 2 7 0 2 7 0 2 7 0 2 7 5 30 3 1 2 7 0 2 7 1 2 4 12 16 2 0 59.7875515222549438
1 2 7 0 2 7 1 2 4 17 18 2 0 2 7 1 2 4 0 2 7 0 2 7 0 2 4 5 31 3 1 2 7 1 2 7 1 2 7 5 30 3 5 31 3 0 2 7 0 2 7 0 2 4 1 2 4 17 9 2 1 2 7 0 2 7 17 9 2 1 2 7 1 2 7 17 9 2 0 2 7 12 16 2 0 2 7 0 2 7 0 2 7 0 2 7 13 6 3 0 2 4 0 2 7 1 2 7 0 2 7 1 2 7 12 16 2 13 6 3 1 2 7 17 9 2 17 18 2 1 2 7 1 2 7 13 6 3 17 9 2 1 2 7 0 2 7 1 2 7 0 2 7 0 2 7 0 2 7 0 2 7 0 2 7 5 30 3 1 2 7 0 2 7 1 2 4 12 16 2 0 59.7875515222549438
1 2 7 0 2 7 1 2 4 17 18 2 0 2 7 1 2 4 0 2 7 0 2 7 0 2 4 5 31 3 1 2 7 1 2 7 1 2 7 5 30 3 5 31 3 0 2 7 0 2 7 0 2 4 1 2 4 17 9 2 1 2 7 0 2 7 17 9 2 1 2 7 1 2 7 17 9 2 0 2 7 12 16 2 0 2 7 0 2 7 0 2 7 0 2 7 13 6 3 0 2 4 0 2 7 1 2 7 0 2 7 1 2 7 12 16 2 13 6 3 1 2 7 17 9 2 17 18 2 1 2 7 1 2 7 13 6 3 17 9 2 1 2 7 0 2 7 1 2 7 0 2 7 0 2 7 0 2 7 0 2 7 0 2 7 5 30 3 1 2 7 0 2 7 1 2 4 12 16 2 0 59.7875515222549438
1 2 7 0 2 7 1 2 4 17 18 2 0 2 7 1 2 4 0 2 7 0 2 7 0 2 4 5 31 3 1 2 7 1 2 7 1 2 7 5 30 3 5 31 3 0 2 7 0 2 7 0 2 4 1 2 4 17 9 2 1 2 7 0 2 7 17 9 2 1 2 7 1 2 7 17 9 2 0 2 7 12 16 2 0 2 7 0 2 7 0 2 7 0 2 7 13 6 3 0 2 4 0 2 7 1 2 7 0 2 7 1 2 7 12 16 2 13 6 3 1 2 7 17 9 2 17 18 2 1 2 7 1 2 7 13 6 3 17 9 2 1 2 7 0 2 7 1 2 7 0 2 7 0 2 7 0 2 7 0 2 7 0 2 7 5 30 3 1 2 7 0 2 7 1 2 4 12 16 2 0 59.7875515222549438
