5 30 3 0 2 7 0 2 7 1 2 7 0 2 4 0 2 7 0 2 7 0 2 7 1 2 7 17 9 2 17 18 2 0 2 7 0 2 7 0 2 7 1 2 7 0 2 7 0 2 3 1 2 7 0 2 7 1 2 7 0 2 4 17 18 2 5 31 3 13 6 3 1 2 7 1 2 7 1 2 7 1 2 7 1 2 7 0 2 4 0 2 7 12 16 2 5 31 3 0 2 7 17 9 2 0 2 7 0 2 7 1 2 7 1 2 4 1 2 7 0 40.3613457679748535
5 30 3 0 2 7 0 2 7 1 2 7 0 2 7 1 2 7 0 2 7 1 2 7 1 2 7 17 9 2 17 18 2 0 2 7 1 2 7 0 2 7 1 2 7 0 2 7 0 2 7 0 2 7 12 16 2 0 2 7 0 2 7 1 2 7 1 2 7 1 2 7 1 2 7 0 2 7 17 18 2 1 2 7 5 31 3 13 6 3 0 2 7 5 31 3 0 2 7 0 2 4 0 2 7 0 2 7 1 2 7 1 2 7 8 18 2 17 9 2 0 40.3745987415313721
5 30 3 1 2 7 0 2 7 1 2 7 0 2 7 1 2 7 0 2 3 1 2 7 1 2 7 17 9 2 17 18 2 0 2 7 1 2 7 0 2 7 1 2 7 0 2 7 0 2 7 0 2 7 12 16 2 0 2 7 0 2 7 1 2 3 1 2 7 1 2 7 0 2 7 17 18 2 5 31 3 13 6 3 0 2 7 5 30 3 0 2 4 1 2 7 8 18 2 17 9 2 1 2 4 1 2 4 0 2 7 0 2 7 0 2 7 0 2 7 0 40.4343197345733643
5 30 3 0 2 7 0 2 7 1 2 4 0 2 7 1 2 7 0 2 4 1 2 7 1 2 7 17 9 2 17 18 2 0 2 7 1 2 7 0 2 7 1 2 7 0 2 7 0 2 7 0 2 7 12 16 2 0 2 7 0 2 7 1 2 7 1 2 7 1 2 7 0 2 7 17 18 2 5 31 3 13 6 3 0 2 7 5 30 3 0 2 4 0 2 7 8 18 2 17 9 2 1 2 7 1 2 7 1 2 11 12 16 2 1 2 7 1 2 7 0.000620059735820955118 40.4111655950546265
5 30 3 0 2 7 0 2 7 0 2 4 1 2 7 0 2 7 1 2 4 0 2 7 17 9 2 17 18 2 0 2 7 1 2 7 0 2 7 1 2 7 0 2 7 0 2 7 0 2 7 0 2 3 0 2 7 1 2 7 1 2 7 1 2 4 1 2 7 1 2 7 17 18 2 1 2 7 5 31 3 13 6 3 1 2 7 0 2 4 1 2 7 0 2 7 12 16 2 0 2 7 0 2 7 17 18 2 0 2 7 0 2 7 1 2 7 5 31 3 0 40.3613457679748535
5 30 3 0 2 7 0 2 7 0 2 7 1 2 7 0 2 4 1 2 7 1 2 7 17 9 2 17 18 2 0 2 7 1 2 7 0 2 7 1 2 7 0 2 7 0 2 7 0 2 7 0 2 7 0 2 7 1 2 7 1 2 7 1 2 7 1 2 7 0 2 7 17 18 2 1 2 7 5 31 3 13 6 3 0 2 7 0 2 7 1 2 7 1 2 4 5 31 3 5 30 3 0 2 7 0 2 4 16 19 11 1 2 7 8 18 2 17 9 2 0.000654090400826620125 40.4369497299194336
5 30 3 0 2 7 0 2 7 1 2 7 0 2 7 0 2 7 0 2 7 0 2 7 1 2 7 17 9 2 17 18 2 0 2 7 0 2 7 0 2 7 1 2 7 0 2 7 0 2 7 1 2 7 0 2 7 1 2 7 0 2 7 17 18 2 5 31 3 13 6 3 1 2 7 1 2 7 1 2 7 1 2 7 1 2 7 0 2 4 1 2 7 12 16 2 5 31 3 0 2 7 17 9 2 0 2 7 0 2 7 5 30 3 8 18 2 0 2 7 1.02063598232679359e-05 40.7063456773757935
5 30 3 0 2 7 0 2 7 0 2 7 1 2 7 0 2 4 1 2 7 1 2 7 17 9 2 17 18 2 0 2 7 1 2 7 0 2 7 1 2 7 0 2 7 0 2 7 0 2 7 12 16 2 0 2 7 0 2 7 1 2 7 1 2 7 1 2 7 1 2 7 0 2 7 17 18 2 1 2 7 5 31 3 13 6 3 0 2 7 0 2 7 1 2 7 1 2 7 8 18 2 17 9 2 1 2 4 5 30 3 0 2 3 0 2 4 0 2 7 2.81166174698026022e-08 40.3343197107315063
5 30 3 0 2 7 0 2 7 0 2 7 1 2 7 0 2 4 1 2 7 1 2 7 17 9 2 17 18 2 0 2 7 1 2 7 0 2 7 1 2 7 0 2 7 0 2 7 0 2 7 12 16 2 0 2 7 0 2 7 1 2 7 1 2 7 1 2 7 1 2 7 0 2 7 17 18 2 1 2 7 5 31 3 13 6 3 0 2 7 0 2 7 1 2 7 1 2 7 8 18 2 17 9 2 0 2 7 1 2 7 0 2 7 5 31 3 0 2 7 0 40.3745987415313721
5 31 3 5 30 3 0 2 4 0 2 7 0 2 7 0 2 7 1 2 7 0 2 7 17 9 2 17 18 2 1 2 7 1 2 7 0 2 7 17 18 2 5 31 3 13 6 3 1 2 7 1 2 7 0 2 7 0 2 7 1 2 7 0 2 7 0 2 7 0 2 7 0 2 7 1 2 7 1 2 7 0 2 7 1 2 7 0 2 7 0 2 7 0 2 7 1 2 7 1 2 7 0 2 7 1 2 11 1 2 7 16 19 11 17 18 2 1 2 7 0.000169390704203171147 40.2621016502380371
0 2 7 0 2 7 0 2 7 0 2 7 1 2 11 1 2 7 1 2 4 1 2 7 17 9 2 17 18 2 1 2 7 1 2 7 0 2 7 0 2 7 0 2 7 0 2 7 0 2 7 1 2 7 1 2 7 0 2 7 0 2 7 17 18 2 1 2 7 5 31 3 13 6 3 0 2 7 0 2 7 1 2 7 0 2 7 0 2 7 1 2 7 0 2 7 5 31 3 16 6 2 17 18 2 5 31 3 0 2 7 1 2 7 0 2 7 1 2 7 0 40.0670827627182007
0 2 7 0 2 7 1 2 7 1 2 7 1 2 7 1 2 7 17 9 2 17 18 2 1 2 7 1 2 7 0 2 7 0 2 7 0 2 7 0 2 7 0 2 7 1 2 11 1 2 7 1 2 7 0 2 7 0 2 7 17 18 2 1 2 7 5 31 3 13 6 3 0 2 4 0 2 7 0 2 7 0 2 7 1 2 7 0 2 7 5 31 3 17 18 2 0 2 7 1 2 7 1 2 7 0 2 7 0 2 7 0 2 7 16 6 2 5 31 3 0 40.0670827627182007
0 2 7 0 2 7 1 2 7 1 2 7 1 2 7 1 2 7 17 9 2 17 18 2 1 2 7 1 2 7 0 2 7 0 2 7 0 2 7 0 2 7 0 2 7 1 2 7 1 2 7 0 2 7 0 2 7 17 18 2 1 2 7 5 31 3 13 6 3 0 2 4 0 2 7 0 2 7 0 2 7 1 2 7 0 2 7 5 31 3 17 18 2 0 2 7 1 2 7 0 2 7 0 2 7 1 2 11 5 30 3 0 2 7 16 6 2 16 24 2 0.0330842955610480341 39.7728466987609863
0 2 7 0 2 7 1 2 7 1 2 7 1 2 7 1 2 7 17 9 2 17 18 2 1 2 7 1 2 7 0 2 7 0 2 7 0 2 7 0 2 7 0 2 7 1 2 7 1 2 7 0 2 7 0 2 7 17 18 2 1 2 7 5 31 3 13 6 3 0 2 4 0 2 7 0 2 7 0 2 7 1 2 7 0 2 7 5 31 3 17 18 2 0 2 7 1 2 7 0 2 7 0 2 7 0 2 4 1 2 7 5 30 3 1 2 4 5 31 3 4.05882457549560836e-05 40.4244698286056519
0 2 7 16 6 2 1 2 7 1 2 7 0 2 7 1 2 7 17 9 2 17 18 2 0 2 7 1 2 7 0 2 7 0 2 7 0 2 11 0 2 7 1 2 7 1 2 7 1 2 7 0 2 7 0 2 7 17 18 2 1 2 7 5 31 3 13 6 3 0 2 7 0 2 7 0 2 7 0 2 7 1 2 7 0 2 4 5 30 3 17 18 2 0 2 4 1 2 7 1 2 11 0 2 7 0 2 7 5 31 3 1 2 4 5 30 3 0 2 4 0 40.2675987482070923
0 2 7 0 2 7 1 2 7 1 2 7 1 2 7 1 2 7 17 9 2 17 18 2 1 2 7 1 2 11 0 2 7 0 2 7 0 2 7 0 2 7 0 2 7 1 2 7 1 2 7 0 2 7 0 2 7 17 18 2 1 2 7 5 31 3 13 6 3 0 2 4 0 2 7 0 2 7 0 2 7 1 2 7 0 2 7 5 31 3 17 18 2 0 2 7 1 2 7 1 2 7 0 2 7 0 2 7 5 31 3 1 2 7 0 2 7 16 6 2 0 40.0670827627182007
5 30 3 0 2 7 0 2 7 0 2 4 1 2 7 1 2 7 1 2 7 1 2 7 17 9 2 17 18 2 1 2 7 1 2 7 0 2 7 0 2 7 0 2 7 0 2 7 0 2 7 1 2 7 1 2 7 0 2 7 0 2 7 17 18 2 1 2 7 5 31 3 13 6 3 0 2 4 0 2 7 0 2 7 0 2 7 0 2 7 1 2 7 0 2 7 5 31 3 16 24 2 17 18 2 5 30 3 0 2 7 1 2 7 1 2 4 0 2 7 0 40.1302337646484375
0 2 7 0 2 7 1 2 7 1 2 7 1 2 7 1 2 7 17 9 2 17 18 2 1 2 7 1 2 7 0 2 7 0 2 7 0 2 7 0 2 7 0 2 7 1 2 7 1 2 7 1 2 4 0 2 7 0 2 7 17 18 2 1 2 7 5 31 3 13 6 3 0 2 7 0 2 7 0 2 7 0 2 7 1 2 7 0 2 7 5 31 3 17 18 2 0 2 7 1 2 7 0 2 7 5 30 3 0 2 4 5 31 3 0 2 11 5 30 3 2.25378073889516937e-05 40.8052648305892944
0 2 7 0 2 7 1 2 7 1 2 7 1 2 7 1 2 7 17 9 2 17 18 2 1 2 7 1 2 7 0 2 7 0 2 7 0 2 7 0 2 7 0 2 7 1 2 7 1 2 7 1 2 4 0 2 7 0 2 7 17 18 2 1 2 7 5 31 3 13 6 3 0 2 7 0 2 7 0 2 7 0 2 7 1 2 7 0 2 7 5 31 3 17 18 2 0 2 7 1 2 7 0 2 7 1 2 7 16 6 2 0 2 4 16 24 2 0 2 7 0.0356352608792226133 39.3920518159866333
0 2 7 0 2 7 1 2 7 1 2 7 1 2 7 1 2 7 17 9 2 17 18 2 1 2 7 1 2 7 0 2 7 0 2 7 0 2 7 0 2 7 0 2 7 1 2 7 1 2 7 0 2 7 0 2 7 17 18 2 1 2 7 5 31 3 13 6 3 0 2 7 0 2 7 0 2 7 0 2 7 1 2 7 0 2 7 5 31 3 17 18 2 0 2 7 1 2 7 0 2 7 0 2 7 1 2 7 16 6 2 1 2 4 1 2 11 5 30 3 0.000147395944228440588 39.8962516784667969
0 2 7 0 2 7 0 2 7 1 2 7 1 2 7 1 2 7 17 9 2 17 18 2 1 2 7 0 2 7 0 2 7 0 2 7 0 2 7 0 2 7 1 2 7 1 2 7 0 2 7 0 2 7 17 18 2 1 2 11 5 31 3 13 6 3 0 2 7 0 2 7 0 2 7 1 2 7 0 2 7 5 31 3 17 18 2 0 2 7 1 2 7 0 2 7 16 6 2 1 2 7 1 2 7 1 2 4 5 31 3 0 2 7 0 2 7 1 2 7 0 40.0670827627182007
0 2 7 0 2 7 0 2 7 1 2 7 1 2 7 1 2 7 17 9 2 17 18 2 1 2 7 0 2 7 0 2 7 0 2 7 0 2 7 0 2 7 1 2 7 1 2 7 0 2 7 0 2 7 17 18 2 1 2 11 5 31 3 13 6 3 0 2 7 0 2 7 0 2 7 1 2 7 0 2 7 5 31 3 17 18 2 0 2 7 1 2 7 0 2 7 16 6 2 1 2 7 1 2 7 5 31 3 0 2 7 1 2 7 1 2 4 0 2 7 0 40.0670827627182007
0 2 7 0 2 7 0 2 7 0 2 7 1 2 11 1 2 7 1 2 7 17 9 2 17 18 2 1 2 7 1 2 7 0 2 7 0 2 7 0 2 7 0 2 7 0 2 7 1 2 7 1 2 7 0 2 7 0 2 7 17 18 2 1 2 7 5 31 3 13 6 3 0 2 7 0 2 7 1 2 7 0 2 7 0 2 7 1 2 7 0 2 4 5 31 3 16 6 2 17 18 2 5 31 3 0 2 7 1 2 7 1 2 7 1 2 7 0 2 7 0 40.0670827627182007
0 2 7 0 2 7 0 2 7 0 2 7 1 2 11 1 2 7 1 2 7 17 9 2 17 18 2 1 2 7 1 2 7 0 2 7 0 2 7 0 2 7 0 2 7 0 2 7 1 2 7 1 2 7 0 2 7 0 2 7 17 18 2 1 2 7 5 31 3 13 6 3 0 2 7 0 2 7 1 2 7 0 2 7 0 2 7 1 2 7 0 2 7 5 31 3 16 6 2 17 18 2 5 31 3 0 2 7 1 2 7 1 2 7 1 2 4 0 2 7 0 40.0670827627182007
0 2 7 0 2 7 0 2 7 1 2 7 1 2 7 1 2 7 17 9 2 17 18 2 0 2 7 0 2 7 0 2 7 1 2 7 0 2 7 0 2 7 1 2 7 1 2 7 0 2 7 1 2 11 17 18 2 0 2 7 5 31 3 13 6 3 0 2 7 0 2 7 0 2 4 1 2 7 0 2 7 5 31 3 17 18 2 0 2 7 1 2 7 1 2 7 16 6 2 0 2 7 1 2 7 5 31 3 1 2 7 1 2 7 0 2 7 0 2 7 0 40.0670827627182007
0 2 7 0 2 7 0 2 7 1 2 7 1 2 7 1 2 7 17 9 2 17 18 2 0 2 7 0 2 7 0 2 7 1 2 7 0 2 7 0 2 7 1 2 7 1 2 7 0 2 7 1 2 11 17 18 2 0 2 7 5 31 3 13 6 3 0 2 7 0 2 7 0 2 4 1 2 7 0 2 7 5 31 3 17 18 2 0 2 7 1 2 7 1 2 7 16 6 2 0 2 7 1 2 7 5 31 3 1 2 7 1 2 7 0 2 7 0 2 7 0 40.0670827627182007
0 2 4 0 2 7 0 2 7 0 2 7 1 2 11 1 2 7 1 2 7 17 9 2 17 18 2 1 2 7 1 2 7 0 2 7 0 2 7 0 2 7 0 2 7 0 2 7 1 2 7 1 2 7 0 2 7 0 2 7 17 18 2 1 2 7 5 31 3 13 6 3 0 2 7 0 2 7 1 2 7 0 2 7 0 2 7 1 2 7 0 2 7 5 31 3 16 6 2 17 18 2 5 31 3 0 2 7 1 2 7 1 2 7 1 2 7 0 2 7 0 40.0670827627182007
0 2 7 0 2 7 0 2 7 0 2 7 1 2 11 1 2 7 1 2 7 17 9 2 17 18 2 1 2 7 1 2 7 0 2 7 0 2 7 0 2 7 0 2 7 0 2 7 1 2 7 1 2 7 0 2 7 0 2 7 17 18 2 1 2 7 5 31 3 13 6 3 0 2 7 0 2 7 1 2 7 0 2 7 0 2 7 1 2 7 0 2 7 5 31 3 16 6 2 17 18 2 5 31 3 0 2 7 1 2 7 1 2 7 1 2 7 0 2 4 0 40.0670827627182007
0 2 7 0 2 7 0 2 7 1 2 7 1 2 7 1 2 7 17 9 2 17 18 2 1 2 7 0 2 7 0 2 7 0 2 7 0 2 7 0 2 7 1 2 7 1 2 7 0 2 7 0 2 7 17 18 2 1 2 7 5 31 3 13 6 3 0 2 7 0 2 7 0 2 7 1 2 7 0 2 7 5 31 3 17 18 2 0 2 7 1 2 7 0 2 7 16 6 2 1 2 11 1 2 7 5 31 3 0 2 7 1 2 7 1 2 4 0 2 7 0 40.0670827627182007
0 2 7 0 2 7 0 2 7 1 2 7 1 2 7 1 2 7 17 9 2 17 18 2 1 2 7 0 2 7 0 2 7 0 2 7 0 2 7 0 2 7 1 2 7 1 2 7 0 2 7 0 2 7 17 18 2 1 2 7 5 31 3 13 6 3 0 2 7 0 2 7 0 2 7 1 2 7 0 2 7 5 31 3 17 18 2 0 2 7 1 2 7 0 2 7 16 6 2 1 2 11 1 2 7 5 31 3 0 2 7 1 2 7 1 2 4 0 2 7 0 40.0670827627182007
0 2 7 0 2 7 0 2 7 1 2 7 1 2 7 1 2 7 17 9 2 17 18 2 1 2 7 0 2 7 0 2 7 0 2 7 0 2 7 0 2 7 1 2 7 1 2 7 0 2 7 0 2 7 17 18 2 1 2 7 5 31 3 13 6 3 0 2 7 0 2 7 0 2 7 1 2 7 0 2 7 5 31 3 17 18 2 0 2 7 1 2 7 0 2 7 16 6 2 1 2 11 1 2 7 5 31 3 0 2 7 1 2 7 0 2 7 1 2 4 0 40.0670827627182007
0 2 7 0 2 7 1 2 7 1 2 7 1 2 7 17 9 2 17 18 2 0 2 7 0 2 7 0 2 7 1 2 7 0 2 7 0 2 7 1 2 7 1 2 7 0 2 7 1 2 11 17 18 2 0 2 7 5 31 3 13 6 3 0 2 7 0 2 7 1 2 7 0 2 7 5 31 3 17 18 2 0 2 7 1 2 7 1 2 7 16 6 2 0 2 7 1 2 7 5 31 3 1 2 7 0 2 7 0 2 7 0 2 7 1 2 4 0 2 7 0 40.0670827627182007
0 2 7 0 2 7 1 2 7 1 2 7 1 2 7 17 9 2 17 18 2 0 2 7 0 2 7 0 2 7 1 2 7 0 2 7 0 2 7 1 2 7 1 2 7 0 2 7 1 2 11 17 18 2 0 2 7 5 31 3 13 6 3 0 2 7 0 2 7 1 2 7 0 2 7 5 31 3 17 18 2 0 2 7 1 2 7 1 2 7 16 6 2 0 2 7 1 2 7 5 31 3 1 2 7 0 2 7 0 2 7 0 2 7 1 2 4 0 2 7 0 40.0670827627182007
0 2 7 0 2 7 1 2 7 1 2 7 1 2 7 17 9 2 17 18 2 0 2 7 0 2 7 0 2 7 1 2 7 0 2 7 0 2 7 1 2 7 1 2 7 0 2 7 1 2 11 17 18 2 0 2 7 5 31 3 13 6 3 0 2 7 0 2 7 1 2 7 0 2 7 5 31 3 17 18 2 0 2 7 1 2 7 1 2 7 16 6 2 0 2 7 1 2 7 5 31 3 1 2 7 0 2 7 0 2 7 0 2 7 1 2 4 0 2 7 0 40.0670827627182007
0 2 7 0 2 7 1 2 7 1 2 7 1 2 7 17 9 2 17 18 2 0 2 7 0 2 7 0 2 7 1 2 7 0 2 7 0 2 7 1 2 7 1 2 7 0 2 7 1 2 11 17 18 2 0 2 7 5 31 3 13 6 3 0 2 7 0 2 7 1 2 7 0 2 7 5 31 3 17 18 2 0 2 7 1 2 7 1 2 7 16 6 2 0 2 7 1 2 7 5 31 3 1 2 7 0 2 7 0 2 7 0 2 7 1 2 4 0 2 7 0 40.0670827627182007
0 2 7 0 2 7 1 2 7 1 2 7 1 2 7 17 9 2 17 18 2 0 2 7 0 2 7 0 2 7 1 2 7 0 2 7 0 2 7 1 2 7 1 2 7 0 2 7 1 2 11 17 18 2 0 2 7 5 31 3 13 6 3 0 2 7 0 2 7 1 2 7 0 2 7 5 31 3 17 18 2 0 2 7 1 2 7 1 2 7 16 6 2 0 2 7 1 2 7 5 31 3 1 2 7 0 2 7 0 2 7 0 2 7 1 2 4 0 2 7 0 40.0670827627182007
0 2 7 0 2 7 1 2 7 1 2 7 1 2 7 17 9 2 17 18 2 0 2 7 0 2 7 0 2 7 1 2 7 0 2 7 0 2 7 1 2 7 1 2 7 0 2 7 1 2 11 17 18 2 0 2 7 5 31 3 13 6 3 0 2 7 0 2 7 1 2 7 0 2 7 5 31 3 17 18 2 0 2 7 1 2 7 1 2 7 16 6 2 0 2 7 1 2 7 5 31 3 1 2 7 0 2 7 0 2 7 0 2 7 1 2 4 0 2 7 0 40.0670827627182007
0 2 7 0 2 7 1 2 7 1 2 7 1 2 7 17 9 2 17 18 2 0 2 7 0 2 7 0 2 7 1 2 7 0 2 7 0 2 7 1 2 7 1 2 7 0 2 7 1 2 11 17 18 2 0 2 7 5 31 3 13 6 3 0 2 7 0 2 7 1 2 7 0 2 7 5 31 3 17 18 2 0 2 7 1 2 7 1 2 7 16 6 2 0 2 7 1 2 7 5 31 3 1 2 7 0 2 7 0 2 7 0 2 7 1 2 4 0 2 7 0 40.0670827627182007
0 2 7 0 2 7 0 2 7 1 2 7 1 2 7 1 2 7 17 9 2 17 18 2 1 2 7 0 2 7 0 2 7 0 2 7 0 2 7 0 2 7 1 2 7 1 2 7 0 2 7 0 2 7 17 18 2 1 2 7 5 31 3 13 6 3 0 2 7 0 2 7 0 2 7 1 2 7 0 2 7 5 31 3 17 18 2 0 2 7 1 2 7 0 2 7 16 6 2 1 2 11 1 2 7 5 31 3 0 2 7 1 2 7 0 2 7 1 2 4 0 40.0670827627182007
0 2 7 0 2 7 0 2 7 1 2 7 1 2 7 1 2 7 17 9 2 17 18 2 1 2 7 0 2 7 0 2 7 0 2 7 0 2 7 0 2 7 1 2 7 1 2 7 0 2 7 0 2 7 17 18 2 1 2 7 5 31 3 13 6 3 0 2 7 0 2 7 0 2 7 1 2 7 0 2 7 5 31 3 17 18 2 0 2 7 1 2 7 0 2 7 16 6 2 1 2 11 1 2 7 5 31 3 0 2 7 1 2 7 0 2 7 1 2 4 0 40.0670827627182007
0 2 7 0 2 7 1 2 7 1 2 7 1 2 7 17 9 2 17 18 2 0 2 7 0 2 7 0 2 7 1 2 7 0 2 7 0 2 7 1 2 7 1 2 7 0 2 7 1 2 11 17 18 2 0 2 7 5 31 3 13 6 3 0 2 7 0 2 7 1 2 7 0 2 7 5 31 3 17 18 2 0 2 7 1 2 7 1 2 7 16 6 2 0 2 7 1 2 7 5 31 3 1 2 7 0 2 7 0 2 7 0 2 7 1 2 4 0 2 7 0 40.0670827627182007
0 2 7 0 2 7 0 2 7 1 2 7 1 2 7 1 2 7 17 9 2 17 18 2 1 2 7 0 2 7 0 2 7 0 2 7 0 2 7 0 2 7 1 2 7 1 2 7 0 2 7 0 2 7 17 18 2 1 2 7 5 31 3 13 6 3 0 2 7 0 2 7 0 2 7 1 2 7 0 2 7 5 31 3 17 18 2 0 2 7 1 2 7 0 2 7 16 6 2 1 2 11 1 2 7 5 31 3 0 2 7 1 2 7 0 2 7 1 2 4 0 40.0670827627182007
0 2 7 0 2 7 1 2 7 1 2 7 1 2 7 17 9 2 17 18 2 0 2 7 0 2 7 0 2 7 1 2 7 0 2 7 0 2 7 1 2 7 1 2 7 0 2 7 1 2 11 17 18 2 0 2 7 5 31 3 13 6 3 0 2 7 0 2 7 1 2 7 0 2 7 5 31 3 17 18 2 0 2 7 1 2 7 1 2 7 16 6 2 0 2 7 1 2 7 5 31 3 1 2 7 0 2 7 0 2 7 0 2 7 1 2 4 0 2 7 0 40.0670827627182007
0 2 7 0 2 7 1 2 7 1 2 7 1 2 7 17 9 2 17 18 2 0 2 7 0 2 7 0 2 7 1 2 7 0 2 7 0 2 7 1 2 7 1 2 7 0 2 7 1 2 11 17 18 2 0 2 7 5 31 3 13 6 3 0 2 7 0 2 7 1 2 7 0 2 7 5 31 3 17 18 2 0 2 7 1 2 7 1 2 7 16 6 2 0 2 7 1 2 7 5 31 3 1 2 7 0 2 7 0 2 7 0 2 7 1 2 4 0 2 7 0 40.0670827627182007
0 2 7 0 2 7 1 2 7 1 2 7 1 2 7 17 9 2 17 18 2 0 2 7 0 2 7 0 2 7 1 2 7 0 2 7 0 2 7 1 2 7 1 2 7 0 2 7 1 2 11 17 18 2 0 2 7 5 31 3 13 6 3 0 2 7 0 2 7 1 2 7 0 2 7 5 31 3 17 18 2 0 2 7 1 2 7 1 2 7 16 6 2 0 2 7 1 2 7 5 31 3 1 2 7 0 2 7 0 2 7 0 2 7 1 2 4 0 2 7 0 40.0670827627182007
0 2 7 0 2 7 1 2 7 1 2 7 1 2 7 17 9 2 17 18 2 0 2 7 0 2 7 0 2 7 1 2 7 0 2 7 0 2 7 1 2 7 1 2 7 0 2 7 1 2 11 17 18 2 0 2 7 5 31 3 13 6 3 0 2 7 0 2 7 1 2 7 0 2 7 5 31 3 17 18 2 0 2 7 1 2 7 1 2 7 16 6 2 0 2 7 1 2 7 5 31 3 1 2 7 0 2 7 0 2 7 0 2 7 1 2 4 0 2 7 0 40.0670827627182007
0 2 7 0 2 7 1 2 7 1 2 7 1 2 7 17 9 2 17 18 2 0 2 7 0 2 7 0 2 7 1 2 7 0 2 7 0 2 7 1 2 7 1 2 7 0 2 7 1 2 11 17 18 2 0 2 7 5 31 3 13 6 3 0 2 7 0 2 7 1 2 7 0 2 7 5 31 3 17 18 2 0 2 7 1 2 7 1 2 7 16 6 2 0 2 7 1 2 7 5 31 3 1 2 7 0 2 7 0 2 7 0 2 7 1 2 4 0 2 7 0 40.0670827627182007
0 2 7 0 2 7 1 2 7 1 2 7 1 2 7 17 9 2 17 18 2 0 2 7 0 2 7 0 2 7 1 2 7 0 2 7 0 2 7 1 2 7 1 2 7 0 2 7 1 2 11 17 18 2 0 2 7 5 31 3 13 6 3 0 2 7 0 2 7 1 2 7 0 2 7 5 31 3 17 18 2 0 2 7 1 2 7 1 2 7 16 6 2 0 2 7 1 2 7 5 31 3 1 2 7 0 2 7 0 2 7 0 2 7 1 2 4 0 2 7 0 40.0670827627182007
0 2 7 0 2 7 1 2 7 1 2 7 1 2 7 17 9 2 17 18 2 0 2 7 0 2 7 0 2 7 1 2 7 0 2 7 0 2 7 1 2 7 1 2 7 0 2 7 1 2 11 17 18 2 0 2 7 5 31 3 13 6 3 0 2 7 0 2 7 1 2 7 0 2 7 5 31 3 17 18 2 0 2 7 1 2 7 1 2 7 16 6 2 0 2 7 1 2 7 5 31 3 1 2 7 0 2 7 0 2 7 0 2 7 1 2 4 0 2 7 0 40.0670827627182007
0 2 7 0 2 7 1 2 7 1 2 7 1 2 7 17 9 2 17 18 2 0 2 7 0 2 7 0 2 7 1 2 7 0 2 7 0 2 7 1 2 7 1 2 7 0 2 7 1 2 11 17 18 2 0 2 7 5 31 3 13 6 3 0 2 7 0 2 7 1 2 7 0 2 7 5 31 3 17 18 2 0 2 7 1 2 7 1 2 7 16 6 2 0 2 7 1 2 7 5 31 3 1 2 7 0 2 7 0 2 7 0 2 7 1 2 4 0 2 7 0 40.0670827627182007
0 2 7 0 2 7 1 2 7 1 2 7 1 2 7 17 9 2 17 18 2 0 2 7 0 2 7 0 2 7 1 2 7 0 2 7 0 2 7 1 2 7 1 2 7 0 2 7 1 2 11 17 18 2 0 2 7 5 31 3 13 6 3 0 2 7 0 2 7 1 2 7 0 2 7 5 31 3 17 18 2 0 2 7 1 2 7 1 2 7 16 6 2 0 2 7 1 2 7 5 31 3 1 2 7 0 2 7 0 2 7 0 2 7 1 2 4 0 2 7 0 40.0670827627182007
0 2 7 0 2 7 1 2 7 1 2 7 1 2 7 17 9 2 17 18 2 0 2 7 0 2 7 0 2 7 1 2 7 0 2 7 0 2 7 1 2 7 1 2 7 0 2 7 1 2 11 17 18 2 0 2 7 5 31 3 13 6 3 0 2 7 0 2 7 1 2 7 0 2 7 5 31 3 17 18 2 0 2 7 1 2 7 1 2 7 16 6 2 0 2 7 1 2 7 5 31 3 1 2 7 0 2 7 0 2 7 0 2 7 1 2 4 0 2 7 0 40.0670827627182007
0 2 7 0 2 7 1 2 7 1 2 7 1 2 7 17 9 2 17 18 2 0 2 7 0 2 7 0 2 7 1 2 7 0 2 7 0 2 7 1 2 7 1 2 7 0 2 7 1 2 11 17 18 2 0 2 7 5 31 3 13 6 3 0 2 7 0 2 7 1 2 7 0 2 7 5 31 3 17 18 2 0 2 7 1 2 7 1 2 7 16 6 2 0 2 7 1 2 7 5 31 3 1 2 7 0 2 7 0 2 7 0 2 7 1 2 4 0 2 7 0 40.0670827627182007
0 2 7 0 2 7 1 2 7 1 2 7 1 2 7 17 9 2 17 18 2 0 2 7 0 2 7 0 2 7 1 2 7 0 2 7 0 2 7 1 2 7 1 2 7 0 2 7 1 2 11 17 18 2 0 2 7 5 31 3 13 6 3 0 2 7 0 2 7 1 2 7 0 2 7 5 31 3 17 18 2 0 2 7 1 2 7 1 2 7 16 6 2 0 2 7 1 2 7 5 31 3 1 2 7 0 2 7 0 2 7 0 2 7 1 2 4 0 2 7 0 40.0670827627182007
0 2 7 0 2 7 1 2 7 1 2 7 1 2 7 17 9 2 17 18 2 0 2 7 0 2 7 0 2 7 1 2 7 0 2 7 0 2 7 1 2 7 1 2 7 0 2 7 1 2 11 17 18 2 0 2 7 5 31 3 13 6 3 0 2 7 0 2 7 1 2 7 0 2 7 5 31 3 17 18 2 0 2 7 1 2 7 1 2 7 16 6 2 0 2 7 1 2 7 5 31 3 1 2 7 0 2 7 0 2 7 0 2 7 1 2 4 0 2 7 0 40.0670827627182007
0 2 7 0 2 7 1 2 7 1 2 7 1 2 7 17 9 2 17 18 2 0 2 7 0 2 7 0 2 7 1 2 7 0 2 7 0 2 7 1 2 7 1 2 7 0 2 7 1 2 11 17 18 2 0 2 7 5 31 3 13 6 3 0 2 7 0 2 7 1 2 7 0 2 7 5 31 3 17 18 2 0 2 7 1 2 7 1 2 7 16 6 2 0 2 7 1 2 7 5 31 3 1 2 7 0 2 7 0 2 7 0 2 7 1 2 4 0 2 7 0 40.0670827627182007
0 2 7 0 2 7 1 2 7 1 2 7 1 2 7 17 9 2 17 18 2 0 2 7 0 2 7 0 2 7 1 2 7 0 2 7 0 2 7 1 2 7 1 2 7 0 2 7 1 2 11 17 18 2 0 2 7 5 31 3 13 6 3 0 2 7 0 2 7 1 2 7 0 2 7 5 31 3 17 18 2 0 2 7 1 2 7 1 2 7 16 6 2 0 2 7 1 2 7 5 31 3 1 2 7 0 2 7 0 2 7 0 2 7 1 2 4 0 2 7 0 40.0670827627182007
0 2 7 0 2 7 1 2 7 1 2 7 1 2 7 17 9 2 17 18 2 0 2 7 0 2 7 0 2 7 1 2 7 0 2 7 0 2 7 1 2 7 1 2 7 0 2 7 1 2 11 17 18 2 0 2 7 5 31 3 13 6 3 0 2 7 0 2 7 1 2 7 0 2 7 5 31 3 17 18 2 0 2 7 1 2 7 1 2 7 16 6 2 0 2 7 1 2 7 5 31 3 1 2 7 0 2 7 0 2 7 0 2 7 1 2 4 0 2 7 0 40.0670827627182007
0 2 7 0 2 7 1 2 7 1 2 7 1 2 7 17 9 2 17 18 2 0 2 7 0 2 7 0 2 7 1 2 7 0 2 7 0 2 7 1 2 7 1 2 7 0 2 7 1 2 11 17 18 2 0 2 7 5 31 3 13 6 3 0 2 7 0 2 7 1 2 7 0 2 7 5 31 3 17 18 2 0 2 7 1 2 7 1 2 7 16 6 2 0 2 7 1 2 7 5 31 3 1 2 7 0 2 7 0 2 7 0 2 7 1 2 4 0 2 7 0 40.0670827627182007
0 2 7 0 2 7 1 2 7 1 2 7 1 2 7 17 9 2 17 18 2 0 2 7 0 2 7 0 2 7 1 2 7 0 2 7 0 2 7 1 2 7 1 2 7 0 2 7 1 2 11 17 18 2 0 2 7 5 31 3 13 6 3 0 2 7 0 2 7 1 2 7 0 2 7 5 31 3 17 18 2 0 2 7 1 2 7 1 2 7 16 6 2 0 2 7 1 2 7 5 31 3 1 2 7 0 2 7 0 2 7 0 2 7 1 2 4 0 2 7 0 40.0670827627182007
0 2 7 0 2 7 1 2 7 1 2 7 1 2 7 17 9 2 17 18 2 0 2 7 0 2 7 0 2 7 1 2 7 0 2 7 0 2 7 1 2 7 1 2 7 0 2 7 1 2 11 17 18 2 0 2 7 5 31 3 13 6 3 0 2 7 0 2 7 1 2 7 0 2 7 5 31 3 17 18 2 0 2 7 1 2 7 1 2 7 16 6 2 0 2 7 1 2 7 5 31 3 1 2 7 0 2 7 0 2 7 0 2 7 1 2 4 0 2 7 0 40.0670827627182007
0 2 7 0 2 7 1 2 7 1 2 7 1 2 7 17 9 2 17 18 2 0 2 7 0 2 7 0 2 7 1 2 7 0 2 7 0 2 7 1 2 7 1 2 7 0 2 7 1 2 11 17 18 2 0 2 7 5 31 3 13 6 3 0 2 7 0 2 7 1 2 7 0 2 7 5 31 3 17 18 2 0 2 7 1 2 7 1 2 7 16 6 2 0 2 7 1 2 7 5 31 3 1 2 7 0 2 7 0 2 7 0 2 7 1 2 4 0 2 7 0 40.0670827627182007
0 2 7 0 2 7 1 2 7 1 2 7 1 2 7 17 9 2 17 18 2 0 2 7 0 2 7 0 2 7 1 2 7 0 2 7 0 2 7 1 2 7 1 2 7 0 2 7 1 2 11 17 18 2 0 2 7 5 31 3 13 6 3 0 2 7 0 2 7 1 2 7 0 2 7 5 31 3 17 18 2 0 2 7 1 2 7 1 2 7 16 6 2 0 2 7 1 2 7 5 31 3 1 2 7 0 2 7 0 2 7 0 2 7 1 2 4 0 2 7 0 40.0670827627182007
0 2 7 0 2 7 1 2 7 1 2 7 1 2 7 17 9 2 17 18 2 0 2 7 0 2 7 0 2 7 1 2 7 0 2 7 0 2 7 1 2 7 1 2 7 0 2 7 1 2 11 17 18 2 0 2 7 5 31 3 13 6 3 0 2 7 0 2 7 1 2 7 0 2 7 5 31 3 17 18 2 0 2 7 1 2 7 1 2 7 16 6 2 0 2 7 1 2 7 5 31 3 1 2 7 0 2 7 0 2 7 0 2 7 1 2 4 0 2 7 0 40.0670827627182007
0 2 7 0 2 7 1 2 7 1 2 7 1 2 7 17 9 2 17 18 2 0 2 7 0 2 7 0 2 7 1 2 7 0 2 7 0 2 7 1 2 7 1 2 7 0 2 7 1 2 11 17 18 2 0 2 7 5 31 3 13 6 3 0 2 7 0 2 7 1 2 7 0 2 7 5 31 3 17 18 2 0 2 7 1 2 7 1 2 7 16 6 2 0 2 7 1 2 7 5 31 3 1 2 7 0 2 7 0 2 7 0 2 7 1 2 4 0 2 7 0 40.0670827627182007
0 2 7 0 2 7 1 2 7 1 2 7 1 2 7 17 9 2 17 18 2 0 2 7 0 2 7 0 2 7 1 2 7 0 2 7 0 2 7 1 2 7 1 2 7 0 2 7 1 2 11 17 18 2 0 2 7 5 31 3 13 6 3 0 2 7 0 2 7 1 2 7 0 2 7 5 31 3 17 18 2 0 2 7 1 2 7 1 2 7 16 6 2 0 2 7 1 2 7 5 31 3 1 2 7 0 2 7 0 2 7 0 2 7 1 2 4 0 2 7 0 40.0670827627182007
0 2 7 0 2 7 1 2 7 1 2 7 1 2 7 17 9 2 17 18 2 0 2 7 0 2 7 0 2 7 1 2 7 0 2 7 0 2 7 1 2 7 1 2 7 0 2 7 1 2 11 17 18 2 0 2 7 5 31 3 13 6 3 0 2 7 0 2 7 1 2 7 0 2 7 5 31 3 17 18 2 0 2 7 1 2 7 1 2 7 16 6 2 0 2 7 1 2 7 5 31 3 1 2 7 0 2 7 0 2 7 0 2 7 1 2 4 0 2 7 0 40.0670827627182007
0 2 7 0 2 7 1 2 7 1 2 7 1 2 7 17 9 2 17 18 2 0 2 7 0 2 7 0 2 7 1 2 7 0 2 7 0 2 7 1 2 7 1 2 7 0 2 7 1 2 11 17 18 2 0 2 7 5 31 3 13 6 3 0 2 7 0 2 7 1 2 7 0 2 7 5 31 3 17 18 2 0 2 7 1 2 7 1 2 7 16 6 2 0 2 7 1 2 7 5 31 3 1 2 7 0 2 7 0 2 7 0 2 7 1 2 4 0 2 7 0 40.0670827627182007
0 2 7 0 2 7 1 2 7 1 2 7 1 2 7 17 9 2 17 18 2 0 2 7 0 2 7 0 2 7 1 2 7 0 2 7 0 2 7 1 2 7 1 2 7 0 2 7 1 2 11 17 18 2 0 2 7 5 31 3 13 6 3 0 2 7 0 2 7 1 2 7 0 2 7 5 31 3 17 18 2 0 2 7 1 2 7 1 2 7 16 6 2 0 2 7 1 2 7 5 31 3 1 2 7 0 2 7 0 2 7 0 2 7 1 2 4 0 2 7 0 40.0670827627182007
0 2 7 0 2 7 1 2 7 1 2 7 1 2 7 17 9 2 17 18 2 0 2 7 0 2 7 0 2 7 1 2 7 0 2 7 0 2 7 1 2 7 1 2 7 0 2 7 1 2 11 17 18 2 0 2 7 5 31 3 13 6 3 0 2 7 0 2 7 1 2 7 0 2 7 5 31 3 17 18 2 0 2 7 1 2 7 1 2 7 16 6 2 0 2 7 1 2 7 5 31 3 1 2 7 0 2 7 0 2 7 0 2 7 1 2 4 0 2 7 0 40.0670827627182007
0 2 7 0 2 7 1 2 7 1 2 7 1 2 7 17 9 2 17 18 2 0 2 7 0 2 7 0 2 7 1 2 7 0 2 7 0 2 7 1 2 7 1 2 7 0 2 7 1 2 11 17 18 2 0 2 7 5 31 3 13 6 3 0 2 7 0 2 7 1 2 7 0 2 7 5 31 3 17 18 2 0 2 7 1 2 7 1 2 7 16 6 2 0 2 7 1 2 7 5 31 3 1 2 7 0 2 7 0 2 7 0 2 7 1 2 4 0 2 7 0 40.0670827627182007
0 2 7 0 2 7 1 2 7 1 2 7 1 2 7 17 9 2 17 18 2 0 2 7 0 2 7 0 2 7 1 2 7 0 2 7 0 2 7 1 2 7 1 2 7 0 2 7 1 2 11 17 18 2 0 2 7 5 31 3 13 6 3 0 2 7 0 2 7 1 2 7 0 2 7 5 31 3 17 18 2 0 2 7 1 2 7 1 2 7 16 6 2 0 2 7 1 2 7 5 31 3 1 2 7 0 2 7 0 2 7 0 2 7 1 2 4 0 2 7 0 40.0670827627182007
0 2 7 0 2 7 1 2 7 1 2 7 1 2 7 17 9 2 17 18 2 0 2 7 0 2 7 0 2 7 1 2 7 0 2 7 0 2 7 1 2 7 1 2 7 0 2 7 1 2 11 17 18 2 0 2 7 5 31 3 13 6 3 0 2 7 0 2 7 1 2 7 0 2 7 5 31 3 17 18 2 0 2 7 1 2 7 1 2 7 16 6 2 0 2 7 1 2 7 5 31 3 1 2 7 0 2 7 0 2 7 0 2 7 1 2 4 0 2 7 0 40.0670827627182007
0 2 7 0 2 7 1 2 7 1 2 7 1 2 7 17 9 2 17 18 2 0 2 7 0 2 7 0 2 7 1 2 7 0 2 7 0 2 7 1 2 7 1 2 7 0 2 7 1 2 11 17 18 2 0 2 7 5 31 3 13 6 3 0 2 7 0 2 7 1 2 7 0 2 7 5 31 3 17 18 2 0 2 7 1 2 7 1 2 7 16 6 2 0 2 7 1 2 7 5 31 3 1 2 7 0 2 7 0 2 7 0 2 7 1 2 4 0 2 7 0 40.0670827627182007
0 2 7 0 2 7 1 2 7 1 2 7 1 2 7 17 9 2 17 18 2 0 2 7 0 2 7 0 2 7 1 2 7 0 2 7 0 2 7 1 2 7 1 2 7 0 2 7 1 2 11 17 18 2 0 2 7 5 31 3 13 6 3 0 2 7 0 2 7 1 2 7 0 2 7 5 31 3 17 18 2 0 2 7 1 2 7 1 2 7 16 6 2 0 2 7 1 2 7 5 31 3 1 2 7 0 2 7 0 2 7 0 2 7 1 2 4 0 2 7 0 40.0670827627182007
0 2 7 0 2 7 1 2 7 1 2 7 1 2 7 17 9 2 17 18 2 0 2 7 0 2 7 0 2 7 1 2 7 0 2 7 0 2 7 1 2 7 1 2 7 0 2 7 1 2 11 17 18 2 0 2 7 5 31 3 13 6 3 0 2 7 0 2 7 1 2 7 0 2 7 5 31 3 17 18 2 0 2 7 1 2 7 1 2 7 16 6 2 0 2 7 1 2 7 5 31 3 1 2 7 0 2 7 0 2 7 0 2 7 1 2 4 0 2 7 0 40.0670827627182007
0 2 7 0 2 7 1 2 7 1 2 7 1 2 7 17 9 2 17 18 2 0 2 7 0 2 7 0 2 7 1 2 7 0 2 7 0 2 7 1 2 7 1 2 7 0 2 7 1 2 11 17 18 2 0 2 7 5 31 3 13 6 3 0 2 7 0 2 7 1 2 7 0 2 7 5 31 3 17 18 2 0 2 7 1 2 7 1 2 7 16 6 2 0 2 7 1 2 7 5 31 3 1 2 7 0 2 7 0 2 7 0 2 7 1 2 4 0 2 7 0 40.0670827627182007
0 2 7 0 2 7 1 2 7 1 2 7 1 2 7 17 9 2 17 18 2 0 2 7 0 2 7 0 2 7 1 2 7 0 2 7 0 2 7 1 2 7 1 2 7 0 2 7 1 2 11 17 18 2 0 2 7 5 31 3 13 6 3 0 2 7 0 2 7 1 2 7 0 2 7 5 31 3 17 18 2 0 2 7 1 2 7 1 2 7 16 6 2 0 2 7 1 2 7 5 31 3 1 2 7 0 2 7 0 2 7 0 2 7 1 2 4 0 2 7 0 40.0670827627182007
0 2 7 0 2 7 1 2 7 1 2 7 1 2 7 17 9 2 17 18 2 0 2 7 0 2 7 0 2 7 1 2 7 0 2 7 0 2 7 1 2 7 1 2 7 0 2 7 1 2 11 17 18 2 0 2 7 5 31 3 13 6 3 0 2 7 0 2 7 1 2 7 0 2 7 5 31 3 17 18 2 0 2 7 1 2 7 1 2 7 16 6 2 0 2 7 1 2 7 5 31 3 1 2 7 0 2 7 0 2 7 0 2 7 1 2 4 0 2 7 0 40.0670827627182007
0 2 7 0 2 7 1 2 7 1 2 7 1 2 7 17 9 2 17 18 2 0 2 7 0 2 7 0 2 7 1 2 7 0 2 7 0 2 7 1 2 7 1 2 7 0 2 7 1 2 11 17 18 2 0 2 7 5 31 3 13 6 3 0 2 7 0 2 7 1 2 7 0 2 7 5 31 3 17 18 2 0 2 7 1 2 7 1 2 7 16 6 2 0 2 7 1 2 7 5 31 3 1 2 7 0 2 7 0 2 7 0 2 7 1 2 4 0 2 7 0 40.0670827627182007
0 2 7 0 2 7 1 2 7 1 2 7 1 2 7 17 9 2 17 18 2 0 2 7 0 2 7 0 2 7 1 2 7 0 2 7 0 2 7 1 2 7 1 2 7 0 2 7 1 2 11 17 18 2 0 2 7 5 31 3 13 6 3 0 2 7 0 2 7 1 2 7 0 2 7 5 31 3 17 18 2 0 2 7 1 2 7 1 2 7 16 6 2 0 2 7 1 2 7 5 31 3 1 2 7 0 2 7 0 2 7 0 2 7 1 2 4 0 2 7 0 40.0670827627182007
0 2 7 0 2 7 1 2 7 1 2 7 1 2 7 17 9 2 17 18 2 0 2 7 0 2 7 0 2 7 1 2 7 0 2 7 0 2 7 1 2 7 1 2 7 0 2 7 1 2 11 17 18 2 0 2 7 5 31 3 13 6 3 0 2 7 0 2 7 1 2 7 0 2 7 5 31 3 17 18 2 0 2 7 1 2 7 1 2 7 16 6 2 0 2 7 1 2 7 5 31 3 1 2 7 0 2 7 0 2 7 0 2 7 1 2 4 0 2 7 0 40.0670827627182007
0 2 7 0 2 7 1 2 7 1 2 7 1 2 7 17 9 2 17 18 2 0 2 7 0 2 7 0 2 7 1 2 7 0 2 7 0 2 7 1 2 7 1 2 7 0 2 7 1 2 11 17 18 2 0 2 7 5 31 3 13 6 3 0 2 7 0 2 7 1 2 7 0 2 7 5 31 3 17 18 2 0 2 7 1 2 7 1 2 7 16 6 2 0 2 7 1 2 7 5 31 3 1 2 7 0 2 7 0 2 7 0 2 7 1 2 4 0 2 7 0 40.0670827627182007
0 2 7 0 2 7 1 2 7 1 2 7 1 2 7 17 9 2 17 18 2 0 2 7 0 2 7 0 2 7 1 2 7 0 2 7 0 2 7 1 2 7 1 2 7 0 2 7 1 2 11 17 18 2 0 2 7 5 31 3 13 6 3 0 2 7 0 2 7 1 2 7 0 2 7 5 31 3 17 18 2 0 2 7 1 2 7 1 2 7 16 6 2 0 2 7 1 2 7 5 31 3 1 2 7 0 2 7 0 2 7 0 2 7 1 2 4 0 2 7 0 40.0670827627182007
0 2 7 0 2 7 1 2 7 1 2 7 1 2 7 17 9 2 17 18 2 0 2 7 0 2 7 0 2 7 1 2 7 0 2 7 0 2 7 1 2 7 1 2 7 0 2 7 1 2 11 17 18 2 0 2 7 5 31 3 13 6 3 0 2 7 0 2 7 1 2 7 0 2 7 5 31 3 17 18 2 0 2 7 1 2 7 1 2 7 16 6 2 0 2 7 1 2 7 5 31 3 1 2 7 0 2 7 0 2 7 0 2 7 1 2 4 0 2 7 0 40.0670827627182007
0 2 7 0 2 7 1 2 7 1 2 7 1 2 7 17 9 2 17 18 2 0 2 7 0 2 7 0 2 7 1 2 7 0 2 7 0 2 7 1 2 7 1 2 7 0 2 7 1 2 11 17 18 2 0 2 7 5 31 3 13 6 3 0 2 7 0 2 7 1 2 7 0 2 7 5 31 3 17 18 2 0 2 7 1 2 7 1 2 7 16 6 2 0 2 7 1 2 7 5 31 3 1 2 7 0 2 7 0 2 7 0 2 7 1 2 4 0 2 7 0 40.0670827627182007
0 2 7 0 2 7 1 2 7 1 2 7 1 2 7 17 9 2 17 18 2 0 2 7 0 2 7 0 2 7 1 2 7 0 2 7 0 2 7 1 2 7 1 2 7 0 2 7 1 2 11 17 18 2 0 2 7 5 31 3 13 6 3 0 2 7 0 2 7 1 2 7 0 2 7 5 31 3 17 18 2 0 2 7 1 2 7 1 2 7 16 6 2 0 2 7 1 2 7 5 31 3 1 2 7 0 2 7 0 2 7 0 2 7 1 2 4 0 2 7 0 40.0670827627182007
0 2 7 0 2 7 1 2 7 1 2 7 1 2 7 17 9 2 17 18 2 0 2 7 0 2 7 0 2 7 1 2 7 0 2 7 0 2 7 1 2 7 1 2 7 0 2 7 1 2 11 17 18 2 0 2 7 5 31 3 13 6 3 0 2 7 0 2 7 1 2 7 0 2 7 5 31 3 17 18 2 0 2 7 1 2 7 1 2 7 16 6 2 0 2 7 1 2 7 5 31 3 1 2 7 0 2 7 0 2 7 0 2 7 1 2 4 0 2 7 0 40.0670827627182007
0 2 7 0 2 7 1 2 7 1 2 7 1 2 7 17 9 2 17 18 2 0 2 7 0 2 7 0 2 7 1 2 7 0 2 7 0 2 7 1 2 7 1 2 7 0 2 7 1 2 11 17 18 2 0 2 7 5 31 3 13 6 3 0 2 7 0 2 7 1 2 7 0 2 7 5 31 3 17 18 2 0 2 7 1 2 7 1 2 7 16 6 2 0 2 7 1 2 7 5 31 3 1 2 7 0 2 7 0 2 7 0 2 7 1 2 4 0 2 7 0 40.0670827627182007
0 2 7 0 2 7 1 2 7 1 2 7 1 2 7 17 9 2 17 18 2 0 2 7 0 2 7 0 2 7 1 2 7 0 2 7 0 2 7 1 2 7 1 2 7 0 2 7 1 2 11 17 18 2 0 2 7 5 31 3 13 6 3 0 2 7 0 2 7 1 2 7 0 2 7 5 31 3 17 18 2 0 2 7 1 2 7 1 2 7 16 6 2 0 2 7 1 2 7 5 31 3 1 2 7 0 2 7 0 2 7 0 2 7 1 2 4 0 2 7 0 40.0670827627182007
0 2 7 0 2 7 1 2 7 1 2 7 1 2 7 17 9 2 17 18 2 0 2 7 0 2 7 0 2 7 1 2 7 0 2 7 0 2 7 1 2 7 1 2 7 0 2 7 1 2 11 17 18 2 0 2 7 5 31 3 13 6 3 0 2 7 0 2 7 1 2 7 0 2 7 5 31 3 17 18 2 0 2 7 1 2 7 1 2 7 16 6 2 0 2 7 1 2 7 5 31 3 1 2 7 0 2 7 0 2 7 0 2 7 1 2 4 0 2 7 0 40.0670827627182007
0 2 7 0 2 7 1 2 7 1 2 7 1 2 7 17 9 2 17 18 2 0 2 7 0 2 7 0 2 7 1 2 7 0 2 7 0 2 7 1 2 7 1 2 7 0 2 7 1 2 11 17 18 2 0 2 7 5 31 3 13 6 3 0 2 7 0 2 7 1 2 7 0 2 7 5 31 3 17 18 2 0 2 7 1 2 7 1 2 7 16 6 2 0 2 7 1 2 7 5 31 3 1 2 7 0 2 7 0 2 7 0 2 7 1 2 4 0 2 7 0 40.0670827627182007
0 2 7 0 2 7 1 2 7 1 2 7 1 2 7 17 9 2 17 18 2 0 2 7 0 2 7 0 2 7 1 2 7 0 2 7 0 2 7 1 2 7 1 2 7 0 2 7 1 2 11 17 18 2 0 2 7 5 31 3 13 6 3 0 2 7 0 2 7 1 2 7 0 2 7 5 31 3 17 18 2 0 2 7 1 2 7 1 2 7 16 6 2 0 2 7 1 2 7 5 31 3 1 2 7 0 2 7 0 2 7 0 2 7 1 2 4 0 2 7 0 40.0670827627182007
0 2 7 0 2 7 1 2 7 1 2 7 1 2 7 17 9 2 17 18 2 0 2 7 0 2 7 0 2 7 1 2 7 0 2 7 0 2 7 1 2 7 1 2 7 0 2 7 1 2 11 17 18 2 0 2 7 5 31 3 13 6 3 0 2 7 0 2 7 1 2 7 0 2 7 5 31 3 17 18 2 0 2 7 1 2 7 1 2 7 16 6 2 0 2 7 1 2 7 5 31 3 1 2 7 0 2 7 0 2 7 0 2 7 1 2 4 0 2 7 0 40.0670827627182007
0 2 7 0 2 7 1 2 7 1 2 7 1 2 7 17 9 2 17 18 2 0 2 7 0 2 7 0 2 7 1 2 7 0 2 7 0 2 7 1 2 7 1 2 7 0 2 7 1 2 11 17 18 2 0 2 7 5 31 3 13 6 3 0 2 7 0 2 7 1 2 7 0 2 7 5 31 3 17 18 2 0 2 7 1 2 7 1 2 7 16 6 2 0 2 7 1 2 7 5 31 3 1 2 7 0 2 7 0 2 7 0 2 7 1 2 4 0 2 7 0 40.0670827627182007
0 2 7 0 2 7 1 2 7 1 2 7 1 2 7 17 9 2 17 18 2 0 2 7 0 2 7 0 2 7 1 2 7 0 2 7 0 2 7 1 2 7 1 2 7 0 2 7 1 2 11 17 18 2 0 2 7 5 31 3 13 6 3 0 2 7 0 2 7 1 2 7 0 2 7 5 31 3 17 18 2 0 2 7 1 2 7 1 2 7 16 6 2 0 2 7 1 2 7 5 31 3 1 2 7 0 2 7 0 2 7 0 2 7 1 2 4 0 2 7 0 40.0670827627182007
0 2 7 0 2 7 1 2 7 1 2 7 1 2 7 17 9 2 17 18 2 0 2 7 0 2 7 0 2 7 1 2 7 0 2 7 0 2 7 1 2 7 1 2 7 0 2 7 1 2 11 17 18 2 0 2 7 5 31 3 13 6 3 0 2 7 0 2 7 1 2 7 0 2 7 5 31 3 17 18 2 0 2 7 1 2 7 1 2 7 16 6 2 0 2 7 1 2 7 5 31 3 1 2 7 0 2 7 0 2 7 0 2 7 1 2 4 0 2 7 0 40.0670827627182007
0 2 7 0 2 7 1 2 7 1 2 7 1 2 7 17 9 2 17 18 2 0 2 7 0 2 7 0 2 7 1 2 7 0 2 7 0 2 7 1 2 7 1 2 7 0 2 7 1 2 11 17 18 2 0 2 7 5 31 3 13 6 3 0 2 7 0 2 7 1 2 7 0 2 7 5 31 3 17 18 2 0 2 7 1 2 7 1 2 7 16 6 2 0 2 7 1 2 7 5 31 3 1 2 7 0 2 7 0 2 7 0 2 7 1 2 4 0 2 7 0 40.0670827627182007
0 2 7 0 2 7 1 2 7 1 2 7 1 2 7 17 9 2 17 18 2 0 2 7 0 2 7 0 2 7 1 2 7 0 2 7 0 2 7 1 2 7 1 2 7 0 2 7 1 2 11 17 18 2 0 2 7 5 31 3 13 6 3 0 2 7 0 2 7 1 2 7 0 2 7 5 31 3 17 18 2 0 2 7 1 2 7 1 2 7 16 6 2 0 2 7 1 2 7 5 31 3 1 2 7 0 2 7 0 2 7 0 2 7 1 2 4 0 2 7 0 40.0670827627182007
0 2 7 0 2 7 1 2 7 1 2 7 1 2 7 17 9 2 17 18 2 0 2 7 0 2 7 0 2 7 1 2 7 0 2 7 0 2 7 1 2 7 1 2 7 0 2 7 1 2 11 17 18 2 0 2 7 5 31 3 13 6 3 0 2 7 0 2 7 1 2 7 0 2 7 5 31 3 17 18 2 0 2 7 1 2 7 1 2 7 16 6 2 0 2 7 1 2 7 5 31 3 1 2 7 0 2 7 0 2 7 0 2 7 1 2 4 0 2 7 0 40.0670827627182007
0 2 7 0 2 7 1 2 7 1 2 7 1 2 7 17 9 2 17 18 2 0 2 7 0 2 7 0 2 7 1 2 7 0 2 7 0 2 7 1 2 7 1 2 7 0 2 7 1 2 11 17 18 2 0 2 7 5 31 3 13 6 3 0 2 7 0 2 7 1 2 7 0 2 7 5 31 3 17 18 2 0 2 7 1 2 7 1 2 7 16 6 2 0 2 7 1 2 7 5 31 3 1 2 7 0 2 7 0 2 7 0 2 7 1 2 4 0 2 7 0 40.0670827627182007
0 2 7 0 2 7 1 2 7 1 2 7 1 2 7 17 9 2 17 18 2 0 2 7 0 2 7 0 2 7 1 2 7 0 2 7 0 2 7 1 2 7 1 2 7 0 2 7 1 2 11 17 18 2 0 2 7 5 31 3 13 6 3 0 2 7 0 2 7 1 2 7 0 2 7 5 31 3 17 18 2 0 2 7 1 2 7 1 2 7 16 6 2 0 2 7 1 2 7 5 31 3 1 2 7 0 2 7 0 2 7 0 2 7 1 2 4 0 2 7 0 40.0670827627182007
0 2 7 0 2 7 1 2 7 1 2 7 1 2 7 17 9 2 17 18 2 0 2 7 0 2 7 0 2 7 1 2 7 0 2 7 0 2 7 1 2 7 1 2 7 0 2 7 1 2 11 17 18 2 0 2 7 5 31 3 13 6 3 0 2 7 0 2 7 1 2 7 0 2 7 5 31 3 17 18 2 0 2 7 1 2 7 1 2 7 16 6 2 0 2 7 1 2 7 5 31 3 1 2 7 0 2 7 0 2 7 0 2 7 1 2 4 0 2 7 0 40.0670827627182007
0 2 7 0 2 7 1 2 7 1 2 7 1 2 7 17 9 2 17 18 2 0 2 7 0 2 7 0 2 7 1 2 7 0 2 7 0 2 7 1 2 7 1 2 7 0 2 7 1 2 11 17 18 2 0 2 7 5 31 3 13 6 3 0 2 7 0 2 7 1 2 7 0 2 7 5 31 3 17 18 2 0 2 7 1 2 7 1 2 7 16 6 2 0 2 7 1 2 7 5 31 3 1 2 7 0 2 7 0 2 7 0 2 7 1 2 4 0 2 7 0 40.0670827627182007
0 2 7 0 2 7 1 2 7 1 2 7 1 2 7 17 9 2 17 18 2 0 2 7 0 2 7 0 2 7 1 2 7 0 2 7 0 2 7 1 2 7 1 2 7 0 2 7 1 2 11 17 18 2 0 2 7 5 31 3 13 6 3 0 2 7 0 2 7 1 2 7 0 2 7 5 31 3 17 18 2 0 2 7 1 2 7 1 2 7 16 6 2 0 2 7 1 2 7 5 31 3 1 2 7 0 2 7 0 2 7 0 2 7 1 2 4 0 2 7 0 40.0670827627182007
0 2 7 0 2 7 1 2 7 1 2 7 1 2 7 17 9 2 17 18 2 0 2 7 0 2 7 0 2 7 1 2 7 0 2 7 0 2 7 1 2 7 1 2 7 0 2 7 1 2 11 17 18 2 0 2 7 5 31 3 13 6 3 0 2 7 0 2 7 1 2 7 0 2 7 5 31 3 17 18 2 0 2 7 1 2 7 1 2 7 16 6 2 0 2 7 1 2 7 5 31 3 1 2 7 0 2 7 0 2 7 0 2 7 1 2 4 0 2 7 0 40.0670827627182007
0 2 7 0 2 7 1 2 7 1 2 7 1 2 7 17 9 2 17 18 2 0 2 7 0 2 7 0 2 7 1 2 7 0 2 7 0 2 7 1 2 7 1 2 7 0 2 7 1 2 11 17 18 2 0 2 7 5 31 3 13 6 3 0 2 7 0 2 7 1 2 7 0 2 7 5 31 3 17 18 2 0 2 7 1 2 7 1 2 7 16 6 2 0 2 7 1 2 7 5 31 3 1 2 7 0 2 7 0 2 7 0 2 7 1 2 4 0 2 7 0 40.0670827627182007
0 2 7 0 2 7 1 2 7 1 2 7 1 2 7 17 9 2 17 18 2 0 2 7 0 2 7 0 2 7 1 2 7 0 2 7 0 2 7 1 2 7 1 2 7 0 2 7 1 2 11 17 18 2 0 2 7 5 31 3 13 6 3 0 2 7 0 2 7 1 2 7 0 2 7 5 31 3 17 18 2 0 2 7 1 2 7 1 2 7 16 6 2 0 2 7 1 2 7 5 31 3 1 2 7 0 2 7 0 2 7 0 2 7 1 2 4 0 2 7 0 40.0670827627182007
0 2 7 0 2 7 1 2 7 1 2 7 1 2 7 17 9 2 17 18 2 0 2 7 0 2 7 0 2 7 1 2 7 0 2 7 0 2 7 1 2 7 1 2 7 0 2 7 1 2 11 17 18 2 0 2 7 5 31 3 13 6 3 0 2 7 0 2 7 1 2 7 0 2 7 5 31 3 17 18 2 0 2 7 1 2 7 1 2 7 16 6 2 0 2 7 1 2 7 5 31 3 1 2 7 0 2 7 0 2 7 0 2 7 1 2 4 0 2 7 0 40.0670827627182007
0 2 7 0 2 7 1 2 7 1 2 7 1 2 7 17 9 2 17 18 2 0 2 7 0 2 7 0 2 7 1 2 7 0 2 7 0 2 7 1 2 7 1 2 7 0 2 7 1 2 11 17 18 2 0 2 7 5 31 3 13 6 3 0 2 7 0 2 7 1 2 7 0 2 7 5 31 3 17 18 2 0 2 7 1 2 7 1 2 7 16 6 2 0 2 7 1 2 7 5 31 3 1 2 7 0 2 7 0 2 7 0 2 7 1 2 4 0 2 7 0 40.0670827627182007
0 2 7 0 2 7 1 2 7 1 2 7 1 2 7 17 9 2 17 18 2 0 2 7 0 2 7 0 2 7 1 2 7 0 2 7 0 2 7 1 2 7 1 2 7 0 2 7 1 2 11 17 18 2 0 2 7 5 31 3 13 6 3 0 2 7 0 2 7 1 2 7 0 2 7 5 31 3 17 18 2 0 2 7 1 2 7 1 2 7 16 6 2 0 2 7 1 2 7 5 31 3 1 2 7 0 2 7 0 2 7 0 2 7 1 2 4 0 2 7 0 40.0670827627182007
0 2 7 0 2 7 1 2 7 1 2 7 1 2 7 17 9 2 17 18 2 0 2 7 0 2 7 0 2 7 1 2 7 0 2 7 0 2 7 1 2 7 1 2 7 0 2 7 1 2 11 17 18 2 0 2 7 5 31 3 13 6 3 0 2 7 0 2 7 1 2 7 0 2 7 5 31 3 17 18 2 0 2 7 1 2 7 1 2 7 16 6 2 0 2 7 1 2 7 5 31 3 1 2 7 0 2 7 0 2 7 0 2 7 1 2 4 0 2 7 0 40.0670827627182007
0 2 7 0 2 7 1 2 7 1 2 7 1 2 7 17 9 2 17 18 2 0 2 7 0 2 7 0 2 7 1 2 7 0 2 7 0 2 7 1 2 7 1 2 7 0 2 7 1 2 11 17 18 2 0 2 7 5 31 3 13 6 3 0 2 7 0 2 7 1 2 7 0 2 7 5 31 3 17 18 2 0 2 7 1 2 7 1 2 7 16 6 2 0 2 7 1 2 7 5 31 3 1 2 7 0 2 7 0 2 7 0 2 7 1 2 4 0 2 7 0 40.0670827627182007
0 2 7 0 2 7 1 2 7 1 2 7 1 2 7 17 9 2 17 18 2 0 2 7 0 2 7 0 2 7 1 2 7 0 2 7 0 2 7 1 2 7 1 2 7 0 2 7 1 2 11 17 18 2 0 2 7 5 31 3 13 6 3 0 2 7 0 2 7 1 2 7 0 2 7 5 31 3 17 18 2 0 2 7 1 2 7 1 2 7 16 6 2 0 2 7 1 2 7 5 31 3 1 2 7 0 2 7 0 2 7 0 2 7 1 2 4 0 2 7 0 40.0670827627182007
0 2 7 0 2 7 1 2 7 1 2 7 1 2 7 17 9 2 17 18 2 0 2 7 0 2 7 0 2 7 1 2 7 0 2 7 0 2 7 1 2 7 1 2 7 0 2 7 1 2 11 17 18 2 0 2 7 5 31 3 13 6 3 0 2 7 0 2 7 1 2 7 0 2 7 5 31 3 17 18 2 0 2 7 1 2 7 1 2 7 16 6 2 0 2 7 1 2 7 5 31 3 1 2 7 0 2 7 0 2 7 0 2 7 1 2 4 0 2 7 0 40.0670827627182007
0 2 7 0 2 7 1 2 7 1 2 7 1 2 7 17 9 2 17 18 2 0 2 7 0 2 7 0 2 7 1 2 7 0 2 7 0 2 7 1 2 7 1 2 7 0 2 7 1 2 11 17 18 2 0 2 7 5 31 3 13 6 3 0 2 7 0 2 7 1 2 7 0 2 7 5 31 3 17 18 2 0 2 7 1 2 7 1 2 7 16 6 2 0 2 7 1 2 7 5 31 3 1 2 7 0 2 7 0 2 7 0 2 7 1 2 4 0 2 7 0 40.0670827627182007
0 2 7 0 2 7 1 2 7 1 2 7 1 2 7 17 9 2 17 18 2 0 2 7 0 2 7 0 2 7 1 2 7 0 2 7 0 2 7 1 2 7 1 2 7 0 2 7 1 2 11 17 18 2 0 2 7 5 31 3 13 6 3 0 2 7 0 2 7 1 2 7 0 2 7 5 31 3 17 18 2 0 2 7 1 2 7 1 2 7 16 6 2 0 2 7 1 2 7 5 31 3 1 2 7 0 2 7 0 2 7 0 2 7 1 2 4 0 2 7 0 40.0670827627182007
0 2 7 0 2 7 1 2 7 1 2 7 1 2 7 17 9 2 17 18 2 0 2 7 0 2 7 0 2 7 1 2 7 0 2 7 0 2 7 1 2 7 1 2 7 0 2 7 1 2 11 17 18 2 0 2 7 5 31 3 13 6 3 0 2 7 0 2 7 1 2 7 0 2 7 5 31 3 17 18 2 0 2 7 1 2 7 1 2 7 16 6 2 0 2 7 1 2 7 5 31 3 1 2 7 0 2 7 0 2 7 0 2 7 1 2 4 0 2 7 0 40.0670827627182007
0 2 7 0 2 7 1 2 7 1 2 7 1 2 7 17 9 2 17 18 2 0 2 7 0 2 7 0 2 7 1 2 7 0 2 7 0 2 7 1 2 7 1 2 7 0 2 7 1 2 11 17 18 2 0 2 7 5 31 3 13 6 3 0 2 7 0 2 7 1 2 7 0 2 7 5 31 3 17 18 2 0 2 7 1 2 7 1 2 7 16 6 2 0 2 7 1 2 7 5 31 3 1 2 7 0 2 7 0 2 7 0 2 7 1 2 4 0 2 7 0 40.0670827627182007
0 2 7 0 2 7 1 2 7 1 2 7 1 2 7 17 9 2 17 18 2 0 2 7 0 2 7 0 2 7 1 2 7 0 2 7 0 2 7 1 2 7 1 2 7 0 2 7 1 2 11 17 18 2 0 2 7 5 31 3 13 6 3 0 2 7 0 2 7 1 2 7 0 2 7 5 31 3 17 18 2 0 2 7 1 2 7 1 2 7 16 6 2 0 2 7 1 2 7 5 31 3 1 2 7 0 2 7 0 2 7 0 2 7 1 2 4 0 2 7 0 40.0670827627182007
0 2 7 0 2 7 1 2 7 1 2 7 1 2 7 17 9 2 17 18 2 0 2 7 0 2 7 0 2 7 1 2 7 0 2 7 0 2 7 1 2 7 1 2 7 0 2 7 1 2 11 17 18 2 0 2 7 5 31 3 13 6 3 0 2 7 0 2 7 1 2 7 0 2 7 5 31 3 17 18 2 0 2 7 1 2 7 1 2 7 16 6 2 0 2 7 1 2 7 5 31 3 1 2 7 0 2 7 0 2 7 0 2 7 1 2 4 0 2 7 0 40.0670827627182007
0 2 7 0 2 7 1 2 7 1 2 7 1 2 7 17 9 2 17 18 2 0 2 7 0 2 7 0 2 7 1 2 7 0 2 7 0 2 7 1 2 7 1 2 7 0 2 7 1 2 11 17 18 2 0 2 7 5 31 3 13 6 3 0 2 7 0 2 7 1 2 7 0 2 7 5 31 3 17 18 2 0 2 7 1 2 7 1 2 7 16 6 2 0 2 7 1 2 7 5 31 3 1 2 7 0 2 7 0 2 7 0 2 7 1 2 4 0 2 7 0 40.0670827627182007
0 2 7 0 2 7 1 2 7 1 2 7 1 2 7 17 9 2 17 18 2 0 2 7 0 2 7 0 2 7 1 2 7 0 2 7 0 2 7 1 2 7 1 2 7 0 2 7 1 2 11 17 18 2 0 2 7 5 31 3 13 6 3 0 2 7 0 2 7 1 2 7 0 2 7 5 31 3 17 18 2 0 2 7 1 2 7 1 2 7 16 6 2 0 2 7 1 2 7 5 31 3 1 2 7 0 2 7 0 2 7 0 2 7 1 2 4 0 2 7 0 40.0670827627182007
0 2 7 0 2 7 1 2 7 1 2 7 1 2 7 17 9 2 17 18 2 0 2 7 0 2 7 0 2 7 1 2 7 0 2 7 0 2 7 1 2 7 1 2 7 0 2 7 1 2 11 17 18 2 0 2 7 5 31 3 13 6 3 0 2 7 0 2 7 1 2 7 0 2 7 5 31 3 17 18 2 0 2 7 1 2 7 1 2 7 16 6 2 0 2 7 1 2 7 5 31 3 1 2 7 0 2 7 0 2 7 0 2 7 1 2 4 0 2 7 0 40.0670827627182007
0 2 7 0 2 7 1 2 7 1 2 7 1 2 7 17 9 2 17 18 2 0 2 7 0 2 7 0 2 7 1 2 7 0 2 7 0 2 7 1 2 7 1 2 7 0 2 7 1 2 11 17 18 2 0 2 7 5 31 3 13 6 3 0 2 7 0 2 7 1 2 7 0 2 7 5 31 3 17 18 2 0 2 7 1 2 7 1 2 7 16 6 2 0 2 7 1 2 7 5 31 3 1 2 7 0 2 7 0 2 7 0 2 7 1 2 4 0 2 7 0 40.0670827627182007
0 2 7 0 2 7 1 2 7 1 2 7 1 2 7 17 9 2 17 18 2 0 2 7 0 2 7 0 2 7 1 2 7 0 2 7 0 2 7 1 2 7 1 2 7 0 2 7 1 2 11 17 18 2 0 2 7 5 31 3 13 6 3 0 2 7 0 2 7 1 2 7 0 2 7 5 31 3 17 18 2 0 2 7 1 2 7 1 2 7 16 6 2 0 2 7 1 2 7 5 31 3 1 2 7 0 2 7 0 2 7 0 2 7 1 2 4 0 2 7 0 40.0670827627182007
0 2 7 0 2 7 1 2 7 1 2 7 1 2 7 17 9 2 17 18 2 0 2 7 0 2 7 0 2 7 1 2 7 0 2 7 0 2 7 1 2 7 1 2 7 0 2 7 1 2 11 17 18 2 0 2 7 5 31 3 13 6 3 0 2 7 0 2 7 1 2 7 0 2 7 5 31 3 17 18 2 0 2 7 1 2 7 1 2 7 16 6 2 0 2 7 1 2 7 5 31 3 1 2 7 0 2 7 0 2 7 0 2 7 1 2 4 0 2 7 0 40.0670827627182007
0 2 7 0 2 7 1 2 7 1 2 7 1 2 7 17 9 2 17 18 2 0 2 7 0 2 7 0 2 7 1 2 7 0 2 7 0 2 7 1 2 7 1 2 7 0 2 7 1 2 11 17 18 2 0 2 7 5 31 3 13 6 3 0 2 7 0 2 7 1 2 7 0 2 7 5 31 3 17 18 2 0 2 7 1 2 7 1 2 7 16 6 2 0 2 7 1 2 7 5 31 3 1 2 7 0 2 7 0 2 7 0 2 7 1 2 4 0 2 7 0 40.0670827627182007
0 2 7 0 2 7 1 2 7 1 2 7 1 2 7 17 9 2 17 18 2 0 2 7 0 2 7 0 2 7 1 2 7 0 2 7 0 2 7 1 2 7 1 2 7 0 2 7 1 2 11 17 18 2 0 2 7 5 31 3 13 6 3 0 2 7 0 2 7 1 2 7 0 2 7 5 31 3 17 18 2 0 2 7 1 2 7 1 2 7 16 6 2 0 2 7 1 2 7 5 31 3 1 2 7 0 2 7 0 2 7 0 2 7 1 2 4 0 2 7 0 40.0670827627182007
0 2 7 0 2 7 1 2 7 1 2 7 1 2 7 17 9 2 17 18 2 0 2 7 0 2 7 0 2 7 1 2 7 0 2 7 0 2 7 1 2 7 1 2 7 0 2 7 1 2 11 17 18 2 0 2 7 5 31 3 13 6 3 0 2 7 0 2 7 1 2 7 0 2 7 5 31 3 17 18 2 0 2 7 1 2 7 1 2 7 16 6 2 0 2 7 1 2 7 5 31 3 1 2 7 0 2 7 0 2 7 0 2 7 1 2 4 0 2 7 0 40.0670827627182007
0 2 7 0 2 7 1 2 7 1 2 7 1 2 7 17 9 2 17 18 2 0 2 7 0 2 7 0 2 7 1 2 7 0 2 7 0 2 7 1 2 7 1 2 7 0 2 7 1 2 11 17 18 2 0 2 7 5 31 3 13 6 3 0 2 7 0 2 7 1 2 7 0 2 7 5 31 3 17 18 2 0 2 7 1 2 7 1 2 7 16 6 2 0 2 7 1 2 7 5 31 3 1 2 7 0 2 7 0 2 7 0 2 7 1 2 4 0 2 7 0 40.0670827627182007
0 2 7 0 2 7 1 2 7 1 2 7 1 2 7 17 9 2 17 18 2 0 2 7 0 2 7 0 2 7 1 2 7 0 2 7 0 2 7 1 2 7 1 2 7 0 2 7 1 2 11 17 18 2 0 2 7 5 31 3 13 6 3 0 2 7 0 2 7 1 2 7 0 2 7 5 31 3 17 18 2 0 2 7 1 2 7 1 2 7 16 6 2 0 2 7 1 2 7 5 31 3 1 2 7 0 2 7 0 2 7 0 2 7 1 2 4 0 2 7 0 40.0670827627182007
0 2 7 0 2 7 1 2 7 1 2 7 1 2 7 17 9 2 17 18 2 0 2 7 0 2 7 0 2 7 1 2 7 0 2 7 0 2 7 1 2 7 1 2 7 0 2 7 1 2 11 17 18 2 0 2 7 5 31 3 13 6 3 0 2 7 0 2 7 1 2 7 0 2 7 5 31 3 17 18 2 0 2 7 1 2 7 1 2 7 16 6 2 0 2 7 1 2 7 5 31 3 1 2 7 0 2 7 0 2 7 0 2 7 1 2 4 0 2 7 0 40.0670827627182007
0 2 7 0 2 7 1 2 7 1 2 7 1 2 7 17 9 2 17 18 2 0 2 7 0 2 7 0 2 7 1 2 7 0 2 7 0 2 7 1 2 7 1 2 7 0 2 7 1 2 11 17 18 2 0 2 7 5 31 3 13 6 3 0 2 7 0 2 7 1 2 7 0 2 7 5 31 3 17 18 2 0 2 7 1 2 7 1 2 7 16 6 2 0 2 7 1 2 7 5 31 3 1 2 7 0 2 7 0 2 7 0 2 7 1 2 4 0 2 7 0 40.0670827627182007
0 2 7 0 2 7 1 2 7 1 2 7 1 2 7 17 9 2 17 18 2 0 2 7 0 2 7 0 2 7 1 2 7 0 2 7 0 2 7 1 2 7 1 2 7 0 2 7 1 2 11 17 18 2 0 2 7 5 31 3 13 6 3 0 2 7 0 2 7 1 2 7 0 2 7 5 31 3 17 18 2 0 2 7 1 2 7 1 2 7 16 6 2 0 2 7 1 2 7 5 31 3 1 2 7 0 2 7 0 2 7 0 2 7 1 2 4 0 2 7 0 40.0670827627182007
0 2 7 0 2 7 1 2 7 1 2 7 1 2 7 17 9 2 17 18 2 0 2 7 0 2 7 0 2 7 1 2 7 0 2 7 0 2 7 1 2 7 1 2 7 0 2 7 1 2 11 17 18 2 0 2 7 5 31 3 13 6 3 0 2 7 0 2 7 1 2 7 0 2 7 5 31 3 17 18 2 0 2 7 1 2 7 1 2 7 16 6 2 0 2 7 1 2 7 5 31 3 1 2 7 0 2 7 0 2 7 0 2 7 1 2 4 0 2 7 0 40.0670827627182007
0 2 7 0 2 7 1 2 7 1 2 7 1 2 7 17 9 2 17 18 2 0 2 7 0 2 7 0 2 7 1 2 7 0 2 7 0 2 7 1 2 7 1 2 7 0 2 7 1 2 11 17 18 2 0 2 7 5 31 3 13 6 3 0 2 7 0 2 7 1 2 7 0 2 7 5 31 3 17 18 2 0 2 7 1 2 7 1 2 7 16 6 2 0 2 7 1 2 7 5 31 3 1 2 7 0 2 7 0 2 7 0 2 7 1 2 4 0 2 7 0 40.0670827627182007
0 2 7 0 2 7 1 2 7 1 2 7 1 2 7 17 9 2 17 18 2 0 2 7 0 2 7 0 2 7 1 2 7 0 2 7 0 2 7 1 2 7 1 2 7 0 2 7 1 2 11 17 18 2 0 2 7 5 31 3 13 6 3 0 2 7 0 2 7 1 2 7 0 2 7 5 31 3 17 18 2 0 2 7 1 2 7 1 2 7 16 6 2 0 2 7 1 2 7 5 31 3 1 2 7 0 2 7 0 2 7 0 2 7 1 2 4 0 2 7 0 40.0670827627182007
0 2 7 0 2 7 1 2 7 1 2 7 1 2 7 17 9 2 17 18 2 0 2 7 0 2 7 0 2 7 1 2 7 0 2 7 0 2 7 1 2 7 1 2 7 0 2 7 1 2 11 17 18 2 0 2 7 5 31 3 13 6 3 0 2 7 0 2 7 1 2 7 0 2 7 5 31 3 17 18 2 0 2 7 1 2 7 1 2 7 16 6 2 0 2 7 1 2 7 5 31 3 1 2 7 0 2 7 0 2 7 0 2 7 1 2 4 0 2 7 0 40.0670827627182007
0 2 7 0 2 7 1 2 7 1 2 7 1 2 7 17 9 2 17 18 2 0 2 7 0 2 7 0 2 7 1 2 7 0 2 7 0 2 7 1 2 7 1 2 7 0 2 7 1 2 11 17 18 2 0 2 7 5 31 3 13 6 3 0 2 7 0 2 7 1 2 7 0 2 7 5 31 3 17 18 2 0 2 7 1 2 7 1 2 7 16 6 2 0 2 7 1 2 7 5 31 3 1 2 7 0 2 7 0 2 7 0 2 7 1 2 4 0 2 7 0 40.0670827627182007
0 2 7 0 2 7 1 2 7 1 2 7 1 2 7 17 9 2 17 18 2 0 2 7 0 2 7 0 2 7 1 2 7 0 2 7 0 2 7 1 2 7 1 2 7 0 2 7 1 2 11 17 18 2 0 2 7 5 31 3 13 6 3 0 2 7 0 2 7 1 2 7 0 2 7 5 31 3 17 18 2 0 2 7 1 2 7 1 2 7 16 6 2 0 2 7 1 2 7 5 31 3 1 2 7 0 2 7 0 2 7 0 2 7 1 2 4 0 2 7 0 40.0670827627182007
0 2 7 0 2 7 1 2 7 1 2 7 1 2 7 17 9 2 17 18 2 0 2 7 0 2 7 0 2 7 1 2 7 0 2 7 0 2 7 1 2 7 1 2 7 0 2 7 1 2 11 17 18 2 0 2 7 5 31 3 13 6 3 0 2 7 0 2 7 1 2 7 0 2 7 5 31 3 17 18 2 0 2 7 1 2 7 1 2 7 16 6 2 0 2 7 1 2 7 5 31 3 1 2 7 0 2 7 0 2 7 0 2 7 1 2 4 0 2 7 0 40.0670827627182007
0 2 7 0 2 7 1 2 7 1 2 7 1 2 7 17 9 2 17 18 2 0 2 7 0 2 7 0 2 7 1 2 7 0 2 7 0 2 7 1 2 7 1 2 7 0 2 7 1 2 11 17 18 2 0 2 7 5 31 3 13 6 3 0 2 7 0 2 7 1 2 7 0 2 7 5 31 3 17 18 2 0 2 7 1 2 7 1 2 7 16 6 2 0 2 7 1 2 7 5 31 3 1 2 7 0 2 7 0 2 7 0 2 7 1 2 4 0 2 7 0 40.0670827627182007
0 2 7 0 2 7 1 2 7 1 2 7 1 2 7 17 9 2 17 18 2 0 2 7 0 2 7 0 2 7 1 2 7 0 2 7 0 2 7 1 2 7 1 2 7 0 2 7 1 2 11 17 18 2 0 2 7 5 31 3 13 6 3 0 2 7 0 2 7 1 2 7 0 2 7 5 31 3 17 18 2 0 2 7 1 2 7 1 2 7 16 6 2 0 2 7 1 2 7 5 31 3 1 2 7 0 2 7 0 2 7 0 2 7 1 2 4 0 2 7 0 40.0670827627182007
0 2 7 0 2 7 1 2 7 1 2 7 1 2 7 17 9 2 17 18 2 0 2 7 0 2 7 0 2 7 1 2 7 0 2 7 0 2 7 1 2 7 1 2 7 0 2 7 1 2 11 17 18 2 0 2 7 5 31 3 13 6 3 0 2 7 0 2 7 1 2 7 0 2 7 5 31 3 17 18 2 0 2 7 1 2 7 1 2 7 16 6 2 0 2 7 1 2 7 5 31 3 1 2 7 0 2 7 0 2 7 0 2 7 1 2 4 0 2 7 0 40.0670827627182007
0 2 7 0 2 7 1 2 7 1 2 7 1 2 7 17 9 2 17 18 2 0 2 7 0 2 7 0 2 7 1 2 7 0 2 7 0 2 7 1 2 7 1 2 7 0 2 7 1 2 11 17 18 2 0 2 7 5 31 3 13 6 3 0 2 7 0 2 7 1 2 7 0 2 7 5 31 3 17 18 2 0 2 7 1 2 7 1 2 7 16 6 2 0 2 7 1 2 7 5 31 3 1 2 7 0 2 7 0 2 7 0 2 7 1 2 4 0 2 7 0 40.0670827627182007
0 2 7 0 2 7 1 2 7 1 2 7 1 2 7 17 9 2 17 18 2 0 2 7 0 2 7 0 2 7 1 2 7 0 2 7 0 2 7 1 2 7 1 2 7 0 2 7 1 2 11 17 18 2 0 2 7 5 31 3 13 6 3 0 2 7 0 2 7 1 2 7 0 2 7 5 31 3 17 18 2 0 2 7 1 2 7 1 2 7 16 6 2 0 2 7 1 2 7 5 31 3 1 2 7 0 2 7 0 2 7 0 2 7 1 2 4 0 2 7 0 40.0670827627182007
0 2 7 0 2 7 1 2 7 1 2 7 1 2 7 17 9 2 17 18 2 0 2 7 0 2 7 0 2 7 1 2 7 0 2 7 0 2 7 1 2 7 1 2 7 0 2 7 1 2 11 17 18 2 0 2 7 5 31 3 13 6 3 0 2 7 0 2 7 1 2 7 0 2 7 5 31 3 17 18 2 0 2 7 1 2 7 1 2 7 16 6 2 0 2 7 1 2 7 5 31 3 1 2 7 0 2 7 0 2 7 0 2 7 1 2 4 0 2 7 0 40.0670827627182007
0 2 7 0 2 7 1 2 7 1 2 7 1 2 7 17 9 2 17 18 2 0 2 7 0 2 7 0 2 7 1 2 7 0 2 7 0 2 7 1 2 7 1 2 7 0 2 7 1 2 11 17 18 2 0 2 7 5 31 3 13 6 3 0 2 7 0 2 7 1 2 7 0 2 7 5 31 3 17 18 2 0 2 7 1 2 7 1 2 7 16 6 2 0 2 7 1 2 7 5 31 3 1 2 7 0 2 7 0 2 7 0 2 7 1 2 4 0 2 7 0 40.0670827627182007
0 2 7 0 2 7 1 2 7 1 2 7 1 2 7 17 9 2 17 18 2 0 2 7 0 2 7 0 2 7 1 2 7 0 2 7 0 2 7 1 2 7 1 2 7 0 2 7 1 2 11 17 18 2 0 2 7 5 31 3 13 6 3 0 2 7 0 2 7 1 2 7 0 2 7 5 31 3 17 18 2 0 2 7 1 2 7 1 2 7 16 6 2 0 2 7 1 2 7 5 31 3 1 2 7 0 2 7 0 2 7 0 2 7 1 2 4 0 2 7 0 40.0670827627182007
0 2 7 0 2 7 1 2 7 1 2 7 1 2 7 17 9 2 17 18 2 0 2 7 0 2 7 0 2 7 1 2 7 0 2 7 0 2 7 1 2 7 1 2 7 0 2 7 1 2 11 17 18 2 0 2 7 5 31 3 13 6 3 0 2 7 0 2 7 1 2 7 0 2 7 5 31 3 17 18 2 0 2 7 1 2 7 1 2 7 16 6 2 0 2 7 1 2 7 5 31 3 1 2 7 0 2 7 0 2 7 0 2 7 1 2 4 0 2 7 0 40.0670827627182007
0 2 7 0 2 7 1 2 7 1 2 7 1 2 7 17 9 2 17 18 2 0 2 7 0 2 7 0 2 7 1 2 7 0 2 7 0 2 7 1 2 7 1 2 7 0 2 7 1 2 11 17 18 2 0 2 7 5 31 3 13 6 3 0 2 7 0 2 7 1 2 7 0 2 7 5 31 3 17 18 2 0 2 7 1 2 7 1 2 7 16 6 2 0 2 7 1 2 7 5 31 3 1 2 7 0 2 7 0 2 7 0 2 7 1 2 4 0 2 7 0 40.0670827627182007
0 2 7 0 2 7 1 2 7 1 2 7 1 2 7 17 9 2 17 18 2 0 2 7 0 2 7 0 2 7 1 2 7 0 2 7 0 2 7 1 2 7 1 2 7 0 2 7 1 2 11 17 18 2 0 2 7 5 31 3 13 6 3 0 2 7 0 2 7 1 2 7 0 2 7 5 31 3 17 18 2 0 2 7 1 2 7 1 2 7 16 6 2 0 2 7 1 2 7 5 31 3 1 2 7 0 2 7 0 2 7 0 2 7 1 2 4 0 2 7 0 40.0670827627182007
0 2 7 0 2 7 1 2 7 1 2 7 1 2 7 17 9 2 17 18 2 0 2 7 0 2 7 0 2 7 1 2 7 0 2 7 0 2 7 1 2 7 1 2 7 0 2 7 1 2 11 17 18 2 0 2 7 5 31 3 13 6 3 0 2 7 0 2 7 1 2 7 0 2 7 5 31 3 17 18 2 0 2 7 1 2 7 1 2 7 16 6 2 0 2 7 1 2 7 5 31 3 1 2 7 0 2 7 0 2 7 0 2 7 1 2 4 0 2 7 0 40.0670827627182007
0 2 7 0 2 7 1 2 7 1 2 7 1 2 7 17 9 2 17 18 2 0 2 7 0 2 7 0 2 7 1 2 7 0 2 7 0 2 7 1 2 7 1 2 7 0 2 7 1 2 11 17 18 2 0 2 7 5 31 3 13 6 3 0 2 7 0 2 7 1 2 7 0 2 7 5 31 3 17 18 2 0 2 7 1 2 7 1 2 7 16 6 2 0 2 7 1 2 7 5 31 3 1 2 7 0 2 7 0 2 7 0 2 7 1 2 4 0 2 7 0 40.0670827627182007
0 2 7 0 2 7 1 2 7 1 2 7 1 2 7 17 9 2 17 18 2 0 2 7 0 2 7 0 2 7 1 2 7 0 2 7 0 2 7 1 2 7 1 2 7 0 2 7 1 2 11 17 18 2 0 2 7 5 31 3 13 6 3 0 2 7 0 2 7 1 2 7 0 2 7 5 31 3 17 18 2 0 2 7 1 2 7 1 2 7 16 6 2 0 2 7 1 2 7 5 31 3 1 2 7 0 2 7 0 2 7 0 2 7 1 2 4 0 2 7 0 40.0670827627182007
0 2 7 0 2 7 1 2 7 1 2 7 1 2 7 17 9 2 17 18 2 0 2 7 0 2 7 0 2 7 1 2 7 0 2 7 0 2 7 1 2 7 1 2 7 0 2 7 1 2 11 17 18 2 0 2 7 5 31 3 13 6 3 0 2 7 0 2 7 1 2 7 0 2 7 5 31 3 17 18 2 0 2 7 1 2 7 1 2 7 16 6 2 0 2 7 1 2 7 5 31 3 1 2 7 0 2 7 0 2 7 0 2 7 1 2 4 0 2 7 0 40.0670827627182007
0 2 7 0 2 7 1 2 7 1 2 7 1 2 7 17 9 2 17 18 2 0 2 7 0 2 7 0 2 7 1 2 7 0 2 7 0 2 7 1 2 7 1 2 7 0 2 7 1 2 11 17 18 2 0 2 7 5 31 3 13 6 3 0 2 7 0 2 7 1 2 7 0 2 7 5 31 3 17 18 2 0 2 7 1 2 7 1 2 7 16 6 2 0 2 7 1 2 7 5 31 3 1 2 7 0 2 7 0 2 7 0 2 7 1 2 4 0 2 7 0 40.0670827627182007
0 2 7 0 2 7 1 2 7 1 2 7 1 2 7 17 9 2 17 18 2 0 2 7 0 2 7 0 2 7 1 2 7 0 2 7 0 2 7 1 2 7 1 2 7 0 2 7 1 2 11 17 18 2 0 2 7 5 31 3 13 6 3 0 2 7 0 2 7 1 2 7 0 2 7 5 31 3 17 18 2 0 2 7 1 2 7 1 2 7 16 6 2 0 2 7 1 2 7 5 31 3 1 2 7 0 2 7 0 2 7 0 2 7 1 2 4 0 2 7 0 40.0670827627182007
0 2 7 0 2 7 1 2 7 1 2 7 1 2 7 17 9 2 17 18 2 0 2 7 0 2 7 0 2 7 1 2 7 0 2 7 0 2 7 1 2 7 1 2 7 0 2 7 1 2 11 17 18 2 0 2 7 5 31 3 13 6 3 0 2 7 0 2 7 1 2 7 0 2 7 5 31 3 17 18 2 0 2 7 1 2 7 1 2 7 16 6 2 0 2 7 1 2 7 5 31 3 1 2 7 0 2 7 0 2 7 0 2 7 1 2 4 0 2 7 0 40.0670827627182007
0 2 7 0 2 7 1 2 7 1 2 7 1 2 7 17 9 2 17 18 2 0 2 7 0 2 7 0 2 7 1 2 7 0 2 7 0 2 7 1 2 7 1 2 7 0 2 7 1 2 11 17 18 2 0 2 7 5 31 3 13 6 3 0 2 7 0 2 7 1 2 7 0 2 7 5 31 3 17 18 2 0 2 7 1 2 7 1 2 7 16 6 2 0 2 7 1 2 7 5 31 3 1 2 7 0 2 7 0 2 7 0 2 7 1 2 4 0 2 7 0 40.0670827627182007
0 2 7 0 2 7 1 2 7 1 2 7 1 2 7 17 9 2 17 18 2 0 2 7 0 2 7 0 2 7 1 2 7 0 2 7 0 2 7 1 2 7 1 2 7 0 2 7 1 2 11 17 18 2 0 2 7 5 31 3 13 6 3 0 2 7 0 2 7 1 2 7 0 2 7 5 31 3 17 18 2 0 2 7 1 2 7 1 2 7 16 6 2 0 2 7 1 2 7 5 31 3 1 2 7 0 2 7 0 2 7 0 2 7 1 2 4 0 2 7 0 40.0670827627182007
0 2 7 0 2 7 1 2 7 1 2 7 1 2 7 17 9 2 17 18 2 0 2 7 0 2 7 0 2 7 1 2 7 0 2 7 0 2 7 1 2 7 1 2 7 0 2 7 1 2 11 17 18 2 0 2 7 5 31 3 13 6 3 0 2 7 0 2 7 1 2 7 0 2 7 5 31 3 17 18 2 0 2 7 1 2 7 1 2 7 16 6 2 0 2 7 1 2 7 5 31 3 1 2 7 0 2 7 0 2 7 0 2 7 1 2 4 0 2 7 0 40.0670827627182007
0 2 7 0 2 7 1 2 7 1 2 7 1 2 7 17 9 2 17 18 2 0 2 7 0 2 7 0 2 7 1 2 7 0 2 7 0 2 7 1 2 7 1 2 7 0 2 7 1 2 11 17 18 2 0 2 7 5 31 3 13 6 3 0 2 7 0 2 7 1 2 7 0 2 7 5 31 3 17 18 2 0 2 7 1 2 7 1 2 7 16 6 2 0 2 7 1 2 7 5 31 3 1 2 7 0 2 7 0 2 7 0 2 7 1 2 4 0 2 7 0 40.0670827627182007
0 2 7 0 2 7 1 2 7 1 2 7 1 2 7 17 9 2 17 18 2 0 2 7 0 2 7 0 2 7 1 2 7 0 2 7 0 2 7 1 2 7 1 2 7 0 2 7 1 2 11 17 18 2 0 2 7 5 31 3 13 6 3 0 2 7 0 2 7 1 2 7 0 2 7 5 31 3 17 18 2 0 2 7 1 2 7 1 2 7 16 6 2 0 2 7 1 2 7 5 31 3 1 2 7 0 2 7 0 2 7 0 2 7 1 2 4 0 2 7 0 40.0670827627182007
0 2 7 0 2 7 1 2 7 1 2 7 1 2 7 17 9 2 17 18 2 0 2 7 0 2 7 0 2 7 1 2 7 0 2 7 0 2 7 1 2 7 1 2 7 0 2 7 1 2 11 17 18 2 0 2 7 5 31 3 13 6 3 0 2 7 0 2 7 1 2 7 0 2 7 5 31 3 17 18 2 0 2 7 1 2 7 1 2 7 16 6 2 0 2 7 1 2 7 5 31 3 1 2 7 0 2 7 0 2 7 0 2 7 1 2 4 0 2 7 0 40.0670827627182007
0 2 7 0 2 7 1 2 7 1 2 7 1 2 7 17 9 2 17 18 2 0 2 7 0 2 7 0 2 7 1 2 7 0 2 7 0 2 7 1 2 7 1 2 7 0 2 7 1 2 11 17 18 2 0 2 7 5 31 3 13 6 3 0 2 7 0 2 7 1 2 7 0 2 7 5 31 3 17 18 2 0 2 7 1 2 7 1 2 7 16 6 2 0 2 7 1 2 7 5 31 3 1 2 7 0 2 7 0 2 7 0 2 7 1 2 4 0 2 7 0 40.0670827627182007
0 2 7 0 2 7 1 2 7 1 2 7 1 2 7 17 9 2 17 18 2 0 2 7 0 2 7 0 2 7 1 2 7 0 2 7 0 2 7 1 2 7 1 2 7 0 2 7 1 2 11 17 18 2 0 2 7 5 31 3 13 6 3 0 2 7 0 2 7 1 2 7 0 2 7 5 31 3 17 18 2 0 2 7 1 2 7 1 2 7 16 6 2 0 2 7 1 2 7 5 31 3 1 2 7 0 2 7 0 2 7 0 2 7 1 2 4 0 2 7 0 40.0670827627182007
0 2 7 0 2 7 1 2 7 1 2 7 1 2 7 17 9 2 17 18 2 0 2 7 0 2 7 0 2 7 1 2 7 0 2 7 0 2 7 1 2 7 1 2 7 0 2 7 1 2 11 17 18 2 0 2 7 5 31 3 13 6 3 0 2 7 0 2 7 1 2 7 0 2 7 5 31 3 17 18 2 0 2 7 1 2 7 1 2 7 16 6 2 0 2 7 1 2 7 5 31 3 1 2 7 0 2 7 0 2 7 0 2 7 1 2 4 0 2 7 0 40.0670827627182007
0 2 7 0 2 7 1 2 7 1 2 7 1 2 7 17 9 2 17 18 2 0 2 7 0 2 7 0 2 7 1 2 7 0 2 7 0 2 7 1 2 7 1 2 7 0 2 7 1 2 11 17 18 2 0 2 7 5 31 3 13 6 3 0 2 7 0 2 7 1 2 7 0 2 7 5 31 3 17 18 2 0 2 7 1 2 7 1 2 7 16 6 2 0 2 7 1 2 7 5 31 3 1 2 7 0 2 7 0 2 7 0 2 7 1 2 4 0 2 7 0 40.0670827627182007
0 2 7 0 2 7 1 2 7 1 2 7 1 2 7 17 9 2 17 18 2 0 2 7 0 2 7 0 2 7 1 2 7 0 2 7 0 2 7 1 2 7 1 2 7 0 2 7 1 2 11 17 18 2 0 2 7 5 31 3 13 6 3 0 2 7 0 2 7 1 2 7 0 2 7 5 31 3 17 18 2 0 2 7 1 2 7 1 2 7 16 6 2 0 2 7 1 2 7 5 31 3 1 2 7 0 2 7 0 2 7 0 2 7 1 2 4 0 2 7 0 40.0670827627182007
0 2 7 0 2 7 1 2 7 1 2 7 1 2 7 17 9 2 17 18 2 0 2 7 0 2 7 0 2 7 1 2 7 0 2 7 0 2 7 1 2 7 1 2 7 0 2 7 1 2 11 17 18 2 0 2 7 5 31 3 13 6 3 0 2 7 0 2 7 1 2 7 0 2 7 5 31 3 17 18 2 0 2 7 1 2 7 1 2 7 16 6 2 0 2 7 1 2 7 5 31 3 1 2 7 0 2 7 0 2 7 0 2 7 1 2 4 0 2 7 0 40.0670827627182007
0 2 7 0 2 7 1 2 7 1 2 7 1 2 7 17 9 2 17 18 2 0 2 7 0 2 7 0 2 7 1 2 7 0 2 7 0 2 7 1 2 7 1 2 7 0 2 7 1 2 11 17 18 2 0 2 7 5 31 3 13 6 3 0 2 7 0 2 7 1 2 7 0 2 7 5 31 3 17 18 2 0 2 7 1 2 7 1 2 7 16 6 2 0 2 7 1 2 7 5 31 3 1 2 7 0 2 7 0 2 7 0 2 7 1 2 4 0 2 7 0 40.0670827627182007
0 2 7 0 2 7 1 2 7 1 2 7 1 2 7 17 9 2 17 18 2 0 2 7 0 2 7 0 2 7 1 2 7 0 2 7 0 2 7 1 2 7 1 2 7 0 2 7 1 2 11 17 18 2 0 2 7 5 31 3 13 6 3 0 2 7 0 2 7 1 2 7 0 2 7 5 31 3 17 18 2 0 2 7 1 2 7 1 2 7 16 6 2 0 2 7 1 2 7 5 31 3 1 2 7 0 2 7 0 2 7 0 2 7 1 2 4 0 2 7 0 40.0670827627182007
0 2 7 0 2 7 1 2 7 1 2 7 1 2 7 17 9 2 17 18 2 0 2 7 0 2 7 0 2 7 1 2 7 0 2 7 0 2 7 1 2 7 1 2 7 0 2 7 1 2 11 17 18 2 0 2 7 5 31 3 13 6 3 0 2 7 0 2 7 1 2 7 0 2 7 5 31 3 17 18 2 0 2 7 1 2 7 1 2 7 16 6 2 0 2 7 1 2 7 5 31 3 1 2 7 0 2 7 0 2 7 0 2 7 1 2 4 0 2 7 0 40.0670827627182007
0 2 7 0 2 7 1 2 7 1 2 7 1 2 7 17 9 2 17 18 2 0 2 7 0 2 7 0 2 7 1 2 7 0 2 7 0 2 7 1 2 7 1 2 7 0 2 7 1 2 11 17 18 2 0 2 7 5 31 3 13 6 3 0 2 7 0 2 7 1 2 7 0 2 7 5 31 3 17 18 2 0 2 7 1 2 7 1 2 7 16 6 2 0 2 7 1 2 7 5 31 3 1 2 7 0 2 7 0 2 7 0 2 7 1 2 4 0 2 7 0 40.0670827627182007
0 2 7 0 2 7 1 2 7 1 2 7 1 2 7 17 9 2 17 18 2 0 2 7 0 2 7 0 2 7 1 2 7 0 2 7 0 2 7 1 2 7 1 2 7 0 2 7 1 2 11 17 18 2 0 2 7 5 31 3 13 6 3 0 2 7 0 2 7 1 2 7 0 2 7 5 31 3 17 18 2 0 2 7 1 2 7 1 2 7 16 6 2 0 2 7 1 2 7 5 31 3 1 2 7 0 2 7 0 2 7 0 2 7 1 2 4 0 2 7 0 40.0670827627182007
0 2 7 0 2 7 1 2 7 1 2 7 1 2 7 17 9 2 17 18 2 0 2 7 0 2 7 0 2 7 1 2 7 0 2 7 0 2 7 1 2 7 1 2 7 0 2 7 1 2 11 17 18 2 0 2 7 5 31 3 13 6 3 0 2 7 0 2 7 1 2 7 0 2 7 5 31 3 17 18 2 0 2 7 1 2 7 1 2 7 16 6 2 0 2 7 1 2 7 5 31 3 1 2 7 0 2 7 0 2 7 0 2 7 1 2 4 0 2 7 0 40.0670827627182007
0 2 7 0 2 7 1 2 7 1 2 7 1 2 7 17 9 2 17 18 2 0 2 7 0 2 7 0 2 7 1 2 7 0 2 7 0 2 7 1 2 7 1 2 7 0 2 7 1 2 11 17 18 2 0 2 7 5 31 3 13 6 3 0 2 7 0 2 7 1 2 7 0 2 7 5 31 3 17 18 2 0 2 7 1 2 7 1 2 7 16 6 2 0 2 7 1 2 7 5 31 3 1 2 7 0 2 7 0 2 7 0 2 7 1 2 4 0 2 7 0 40.0670827627182007
0 2 7 0 2 7 1 2 7 1 2 7 1 2 7 17 9 2 17 18 2 0 2 7 0 2 7 0 2 7 1 2 7 0 2 7 0 2 7 1 2 7 1 2 7 0 2 7 1 2 11 17 18 2 0 2 7 5 31 3 13 6 3 0 2 7 0 2 7 1 2 7 0 2 7 5 31 3 17 18 2 0 2 7 1 2 7 1 2 7 16 6 2 0 2 7 1 2 7 5 31 3 1 2 7 0 2 7 0 2 7 0 2 7 1 2 4 0 2 7 0 40.0670827627182007
0 2 7 0 2 7 1 2 7 1 2 7 1 2 7 17 9 2 17 18 2 0 2 7 0 2 7 0 2 7 1 2 7 0 2 7 0 2 7 1 2 7 1 2 7 0 2 7 1 2 11 17 18 2 0 2 7 5 31 3 13 6 3 0 2 7 0 2 7 1 2 7 0 2 7 5 31 3 17 18 2 0 2 7 1 2 7 1 2 7 16 6 2 0 2 7 1 2 7 5 31 3 1 2 7 0 2 7 0 2 7 0 2 7 1 2 4 0 2 7 0 40.0670827627182007
0 2 7 0 2 7 1 2 7 1 2 7 1 2 7 17 9 2 17 18 2 0 2 7 0 2 7 0 2 7 1 2 7 0 2 7 0 2 7 1 2 7 1 2 7 0 2 7 1 2 11 17 18 2 0 2 7 5 31 3 13 6 3 0 2 7 0 2 7 1 2 7 0 2 7 5 31 3 17 18 2 0 2 7 1 2 7 1 2 7 16 6 2 0 2 7 1 2 7 5 31 3 1 2 7 0 2 7 0 2 7 0 2 7 1 2 4 0 2 7 0 40.0670827627182007
0 2 7 0 2 7 1 2 7 1 2 7 1 2 7 17 9 2 17 18 2 0 2 7 0 2 7 0 2 7 1 2 7 0 2 7 0 2 7 1 2 7 1 2 7 0 2 7 1 2 11 17 18 2 0 2 7 5 31 3 13 6 3 0 2 7 0 2 7 1 2 7 0 2 7 5 31 3 17 18 2 0 2 7 1 2 7 1 2 7 16 6 2 0 2 7 1 2 7 5 31 3 1 2 7 0 2 7 0 2 7 0 2 7 1 2 4 0 2 7 0 40.0670827627182007
0 2 7 0 2 7 1 2 7 1 2 7 1 2 7 17 9 2 17 18 2 0 2 7 0 2 7 0 2 7 1 2 7 0 2 7 0 2 7 1 2 7 1 2 7 0 2 7 1 2 11 17 18 2 0 2 7 5 31 3 13 6 3 0 2 7 0 2 7 1 2 7 0 2 7 5 31 3 17 18 2 0 2 7 1 2 7 1 2 7 16 6 2 0 2 7 1 2 7 5 31 3 1 2 7 0 2 7 0 2 7 0 2 7 1 2 4 0 2 7 0 40.0670827627182007
0 2 7 0 2 7 1 2 7 1 2 7 1 2 7 17 9 2 17 18 2 0 2 7 0 2 7 0 2 7 1 2 7 0 2 7 0 2 7 1 2 7 1 2 7 0 2 7 1 2 11 17 18 2 0 2 7 5 31 3 13 6 3 0 2 7 0 2 7 1 2 7 0 2 7 5 31 3 17 18 2 0 2 7 1 2 7 1 2 7 16 6 2 0 2 7 1 2 7 5 31 3 1 2 7 0 2 7 0 2 7 0 2 7 1 2 4 0 2 7 0 40.0670827627182007
0 2 7 0 2 7 1 2 7 1 2 7 1 2 7 17 9 2 17 18 2 0 2 7 0 2 7 0 2 7 1 2 7 0 2 7 0 2 7 1 2 7 1 2 7 0 2 7 1 2 11 17 18 2 0 2 7 5 31 3 13 6 3 0 2 7 0 2 7 1 2 7 0 2 7 5 31 3 17 18 2 0 2 7 1 2 7 1 2 7 16 6 2 0 2 7 1 2 7 5 31 3 1 2 7 0 2 7 0 2 7 0 2 7 1 2 4 0 2 7 0 40.0670827627182007
0 2 7 0 2 7 1 2 7 1 2 7 1 2 7 17 9 2 17 18 2 0 2 7 0 2 7 0 2 7 1 2 7 0 2 7 0 2 7 1 2 7 1 2 7 0 2 7 1 2 11 17 18 2 0 2 7 5 31 3 13 6 3 0 2 7 0 2 7 1 2 7 0 2 7 5 31 3 17 18 2 0 2 7 1 2 7 1 2 7 16 6 2 0 2 7 1 2 7 5 31 3 1 2 7 0 2 7 0 2 7 0 2 7 1 2 4 0 2 7 0 40.0670827627182007
0 2 7 0 2 7 1 2 7 1 2 7 1 2 7 17 9 2 17 18 2 0 2 7 0 2 7 0 2 7 1 2 7 0 2 7 0 2 7 1 2 7 1 2 7 0 2 7 1 2 11 17 18 2 0 2 7 5 31 3 13 6 3 0 2 7 0 2 7 1 2 7 0 2 7 5 31 3 17 18 2 0 2 7 1 2 7 1 2 7 16 6 2 0 2 7 1 2 7 5 31 3 1 2 7 0 2 7 0 2 7 0 2 7 1 2 4 0 2 7 0 40.0670827627182007
0 2 7 0 2 7 1 2 7 1 2 7 1 2 7 17 9 2 17 18 2 0 2 7 0 2 7 0 2 7 1 2 7 0 2 7 0 2 7 1 2 7 1 2 7 0 2 7 1 2 11 17 18 2 0 2 7 5 31 3 13 6 3 0 2 7 0 2 7 1 2 7 0 2 7 5 31 3 17 18 2 0 2 7 1 2 7 1 2 7 16 6 2 0 2 7 1 2 7 5 31 3 1 2 7 0 2 7 0 2 7 0 2 7 1 2 4 0 2 7 0 40.0670827627182007
0 2 7 0 2 7 1 2 7 1 2 7 1 2 7 17 9 2 17 18 2 0 2 7 0 2 7 0 2 7 1 2 7 0 2 7 0 2 7 1 2 7 1 2 7 0 2 7 1 2 11 17 18 2 0 2 7 5 31 3 13 6 3 0 2 7 0 2 7 1 2 7 0 2 7 5 31 3 17 18 2 0 2 7 1 2 7 1 2 7 16 6 2 0 2 7 1 2 7 5 31 3 1 2 7 0 2 7 0 2 7 0 2 7 1 2 4 0 2 7 0 40.0670827627182007
0 2 7 0 2 7 1 2 7 1 2 7 1 2 7 17 9 2 17 18 2 0 2 7 0 2 7 0 2 7 1 2 7 0 2 7 0 2 7 1 2 7 1 2 7 0 2 7 1 2 11 17 18 2 0 2 7 5 31 3 13 6 3 0 2 7 0 2 7 1 2 7 0 2 7 5 31 3 17 18 2 0 2 7 1 2 7 1 2 7 16 6 2 0 2 7 1 2 7 5 31 3 1 2 7 0 2 7 0 2 7 0 2 7 1 2 4 0 2 7 0 40.0670827627182007
0 2 7 0 2 7 1 2 7 1 2 7 1 2 7 17 9 2 17 18 2 0 2 7 0 2 7 0 2 7 1 2 7 0 2 7 0 2 7 1 2 7 1 2 7 0 2 7 1 2 11 17 18 2 0 2 7 5 31 3 13 6 3 0 2 7 0 2 7 1 2 7 0 2 7 5 31 3 17 18 2 0 2 7 1 2 7 1 2 7 16 6 2 0 2 7 1 2 7 5 31 3 1 2 7 0 2 7 0 2 7 0 2 7 1 2 4 0 2 7 0 40.0670827627182007
0 2 7 0 2 7 1 2 7 1 2 7 1 2 7 17 9 2 17 18 2 0 2 7 0 2 7 0 2 7 1 2 7 0 2 7 0 2 7 1 2 7 1 2 7 0 2 7 1 2 11 17 18 2 0 2 7 5 31 3 13 6 3 0 2 7 0 2 7 1 2 7 0 2 7 5 31 3 17 18 2 0 2 7 1 2 7 1 2 7 16 6 2 0 2 7 1 2 7 5 31 3 1 2 7 0 2 7 0 2 7 0 2 7 1 2 4 0 2 7 0 40.0670827627182007
0 2 7 0 2 7 1 2 7 1 2 7 1 2 7 17 9 2 17 18 2 0 2 7 0 2 7 0 2 7 1 2 7 0 2 7 0 2 7 1 2 7 1 2 7 0 2 7 1 2 11 17 18 2 0 2 7 5 31 3 13 6 3 0 2 7 0 2 7 1 2 7 0 2 7 5 31 3 17 18 2 0 2 7 1 2 7 1 2 7 16 6 2 0 2 7 1 2 7 5 31 3 1 2 7 0 2 7 0 2 7 0 2 7 1 2 4 0 2 7 0 40.0670827627182007
0 2 7 0 2 7 1 2 7 1 2 7 1 2 7 17 9 2 17 18 2 0 2 7 0 2 7 0 2 7 1 2 7 0 2 7 0 2 7 1 2 7 1 2 7 0 2 7 1 2 11 17 18 2 0 2 7 5 31 3 13 6 3 0 2 7 0 2 7 1 2 7 0 2 7 5 31 3 17 18 2 0 2 7 1 2 7 1 2 7 16 6 2 0 2 7 1 2 7 5 31 3 1 2 7 0 2 7 0 2 7 0 2 7 1 2 4 0 2 7 0 40.0670827627182007
0 2 7 0 2 7 1 2 7 1 2 7 1 2 7 17 9 2 17 18 2 0 2 7 0 2 7 0 2 7 1 2 7 0 2 7 0 2 7 1 2 7 1 2 7 0 2 7 1 2 11 17 18 2 0 2 7 5 31 3 13 6 3 0 2 7 0 2 7 1 2 7 0 2 7 5 31 3 17 18 2 0 2 7 1 2 7 1 2 7 16 6 2 0 2 7 1 2 7 5 31 3 1 2 7 0 2 7 0 2 7 0 2 7 1 2 4 0 2 7 0 40.0670827627182007
0 2 7 0 2 7 1 2 7 1 2 7 1 2 7 17 9 2 17 18 2 0 2 7 0 2 7 0 2 7 1 2 7 0 2 7 0 2 7 1 2 7 1 2 7 0 2 7 1 2 11 17 18 2 0 2 7 5 31 3 13 6 3 0 2 7 0 2 7 1 2 7 0 2 7 5 31 3 17 18 2 0 2 7 1 2 7 1 2 7 16 6 2 0 2 7 1 2 7 5 31 3 1 2 7 0 2 7 0 2 7 0 2 7 1 2 4 0 2 7 0 40.0670827627182007
0 2 7 0 2 7 1 2 7 1 2 7 1 2 7 17 9 2 17 18 2 0 2 7 0 2 7 0 2 7 1 2 7 0 2 7 0 2 7 1 2 7 1 2 7 0 2 7 1 2 11 17 18 2 0 2 7 5 31 3 13 6 3 0 2 7 0 2 7 1 2 7 0 2 7 5 31 3 17 18 2 0 2 7 1 2 7 1 2 7 16 6 2 0 2 7 1 2 7 5 31 3 1 2 7 0 2 7 0 2 7 0 2 7 1 2 4 0 2 7 0 40.0670827627182007
0 2 7 0 2 7 1 2 7 1 2 7 1 2 7 17 9 2 17 18 2 0 2 7 0 2 7 0 2 7 1 2 7 0 2 7 0 2 7 1 2 7 1 2 7 0 2 7 1 2 11 17 18 2 0 2 7 5 31 3 13 6 3 0 2 7 0 2 7 1 2 7 0 2 7 5 31 3 17 18 2 0 2 7 1 2 7 1 2 7 16 6 2 0 2 7 1 2 7 5 31 3 1 2 7 0 2 7 0 2 7 0 2 7 1 2 4 0 2 7 0 40.0670827627182007
0 2 7 0 2 7 1 2 7 1 2 7 1 2 7 17 9 2 17 18 2 0 2 7 0 2 7 0 2 7 1 2 7 0 2 7 0 2 7 1 2 7 1 2 7 0 2 7 1 2 11 17 18 2 0 2 7 5 31 3 13 6 3 0 2 7 0 2 7 1 2 7 0 2 7 5 31 3 17 18 2 0 2 7 1 2 7 1 2 7 16 6 2 0 2 7 1 2 7 5 31 3 1 2 7 0 2 7 0 2 7 0 2 7 1 2 4 0 2 7 0 40.0670827627182007
MonoObjective Genetic Algorithm
Number of Evaluations = 0
Mutation Probability = 0
Crossover Probability = 1
Population Size = 10
Survival Selection Type = 1
Time =  9029.00783610343933
0 2 7 0 2 7 1 2 7 1 2 7 1 2 7 17 9 2 17 18 2 0 2 7 0 2 7 0 2 7 1 2 7 0 2 7 0 2 7 1 2 7 1 2 7 0 2 7 1 2 11 17 18 2 0 2 7 5 31 3 13 6 3 0 2 7 0 2 7 1 2 7 0 2 7 5 31 3 17 18 2 0 2 7 1 2 7 1 2 7 16 6 2 0 2 7 1 2 7 5 31 3 1 2 7 0 2 7 0 2 7 0 2 7 1 2 4 0 2 7 0 40.0670827627182007
0 2 7 0 2 7 1 2 7 1 2 7 1 2 7 17 9 2 17 18 2 0 2 7 0 2 7 0 2 7 1 2 7 0 2 7 0 2 7 1 2 7 1 2 7 0 2 7 1 2 11 17 18 2 0 2 7 5 31 3 13 6 3 0 2 7 0 2 7 1 2 7 0 2 7 5 31 3 17 18 2 0 2 7 1 2 7 1 2 7 16 6 2 0 2 7 1 2 7 5 31 3 1 2 7 0 2 7 0 2 7 0 2 7 1 2 4 0 2 7 0 40.0670827627182007
0 2 7 0 2 7 1 2 7 1 2 7 1 2 7 17 9 2 17 18 2 0 2 7 0 2 7 0 2 7 1 2 7 0 2 7 0 2 7 1 2 7 1 2 7 0 2 7 1 2 11 17 18 2 0 2 7 5 31 3 13 6 3 0 2 7 0 2 7 1 2 7 0 2 7 5 31 3 17 18 2 0 2 7 1 2 7 1 2 7 16 6 2 0 2 7 1 2 7 5 31 3 1 2 7 0 2 7 0 2 7 0 2 7 1 2 4 0 2 7 0 40.0670827627182007
0 2 7 0 2 7 1 2 7 1 2 7 1 2 7 17 9 2 17 18 2 0 2 7 0 2 7 0 2 7 1 2 7 0 2 7 0 2 7 1 2 7 1 2 7 0 2 7 1 2 11 17 18 2 0 2 7 5 31 3 13 6 3 0 2 7 0 2 7 1 2 7 0 2 7 5 31 3 17 18 2 0 2 7 1 2 7 1 2 7 16 6 2 0 2 7 1 2 7 5 31 3 1 2 7 0 2 7 0 2 7 0 2 7 1 2 4 0 2 7 0 40.0670827627182007
0 2 7 0 2 7 1 2 7 1 2 7 1 2 7 17 9 2 17 18 2 0 2 7 0 2 7 0 2 7 1 2 7 0 2 7 0 2 7 1 2 7 1 2 7 0 2 7 1 2 11 17 18 2 0 2 7 5 31 3 13 6 3 0 2 7 0 2 7 1 2 7 0 2 7 5 31 3 17 18 2 0 2 7 1 2 7 1 2 7 16 6 2 0 2 7 1 2 7 5 31 3 1 2 7 0 2 7 0 2 7 0 2 7 1 2 4 0 2 7 0 40.0670827627182007
0 2 7 0 2 7 1 2 7 1 2 7 1 2 7 17 9 2 17 18 2 0 2 7 0 2 7 0 2 7 1 2 7 0 2 7 0 2 7 1 2 7 1 2 7 0 2 7 1 2 11 17 18 2 0 2 7 5 31 3 13 6 3 0 2 7 0 2 7 1 2 7 0 2 7 5 31 3 17 18 2 0 2 7 1 2 7 1 2 7 16 6 2 0 2 7 1 2 7 5 31 3 1 2 7 0 2 7 0 2 7 0 2 7 1 2 4 0 2 7 0 40.0670827627182007
0 2 7 0 2 7 1 2 7 1 2 7 1 2 7 17 9 2 17 18 2 0 2 7 0 2 7 0 2 7 1 2 7 0 2 7 0 2 7 1 2 7 1 2 7 0 2 7 1 2 11 17 18 2 0 2 7 5 31 3 13 6 3 0 2 7 0 2 7 1 2 7 0 2 7 5 31 3 17 18 2 0 2 7 1 2 7 1 2 7 16 6 2 0 2 7 1 2 7 5 31 3 1 2 7 0 2 7 0 2 7 0 2 7 1 2 4 0 2 7 0 40.0670827627182007
0 2 7 0 2 7 1 2 7 1 2 7 1 2 7 17 9 2 17 18 2 0 2 7 0 2 7 0 2 7 1 2 7 0 2 7 0 2 7 1 2 7 1 2 7 0 2 7 1 2 11 17 18 2 0 2 7 5 31 3 13 6 3 0 2 7 0 2 7 1 2 7 0 2 7 5 31 3 17 18 2 0 2 7 1 2 7 1 2 7 16 6 2 0 2 7 1 2 7 5 31 3 1 2 7 0 2 7 0 2 7 0 2 7 1 2 4 0 2 7 0 40.0670827627182007
0 2 7 0 2 7 1 2 7 1 2 7 1 2 7 17 9 2 17 18 2 0 2 7 0 2 7 0 2 7 1 2 7 0 2 7 0 2 7 1 2 7 1 2 7 0 2 7 1 2 11 17 18 2 0 2 7 5 31 3 13 6 3 0 2 7 0 2 7 1 2 7 0 2 7 5 31 3 17 18 2 0 2 7 1 2 7 1 2 7 16 6 2 0 2 7 1 2 7 5 31 3 1 2 7 0 2 7 0 2 7 0 2 7 1 2 4 0 2 7 0 40.0670827627182007
0 2 7 0 2 7 1 2 7 1 2 7 1 2 7 17 9 2 17 18 2 0 2 7 0 2 7 0 2 7 1 2 7 0 2 7 0 2 7 1 2 7 1 2 7 0 2 7 1 2 11 17 18 2 0 2 7 5 31 3 13 6 3 0 2 7 0 2 7 1 2 7 0 2 7 5 31 3 17 18 2 0 2 7 1 2 7 1 2 7 16 6 2 0 2 7 1 2 7 5 31 3 1 2 7 0 2 7 0 2 7 0 2 7 1 2 4 0 2 7 0 40.0670827627182007
