17 9 2 0 2 7 1 2 7 0 2 7 0 2 7 5 30 3 0 2 7 0 2 3 0 2 7 17 9 2 1 2 7 16 9 8 0 2 7 0 2 7 13 6 3 0 2 7 1 2 7 5 31 3 12 16 2 0 2 7 1 2 7 1 2 7 5 30 3 1 2 7 0 2 7 5 31 3 0 2 7 0 2 7 0 2 7 1 2 7 1 2 7 0 2 7 1 2 7 0 2 7 1 2 7 17 18 2 0 2 7 0 2 7 1 2 7 0 2 7 0 40.8951185941696167
17 9 2 0 2 7 1 2 7 1 2 7 0 2 7 5 30 3 0 2 7 0 2 3 0 2 7 17 9 2 0 2 7 0 2 11 0 2 7 0 2 7 16 2 11 0 2 7 1 2 7 16 19 3 12 16 2 0 2 7 1 2 7 0 2 7 5 30 3 0 2 7 0 2 7 5 31 3 0 2 7 0 2 7 0 2 7 1 2 7 0 2 7 0 2 7 1 2 7 0 2 3 0 2 3 17 18 2 0 18 7 0 19 11 5 2 3 0 2 7 573111.830220639356 42.2749378085136414
17 9 2 6 2 7 1 2 7 0 2 7 0 2 7 5 31 3 1 2 7 0 2 7 1 2 7 5 30 3 16 19 11 16 19 11 0 2 4 0 2 7 16 19 11 0 2 7 0 2 7 5 31 3 12 16 2 1 2 7 0 2 7 1 2 7 5 30 3 0 2 7 0 2 7 5 31 3 1 2 7 0 2 7 0 2 7 0 2 7 0 2 7 6 2 7 0 2 7 0 2 7 0 2 7 17 18 2 1 2 4 0 2 7 0 2 7 0 2 7 0 41.7635195255279541
1 2 7 0 2 3 0 2 7 0 2 7 0 2 7 17 18 2 0 2 7 0 2 7 0 2 7 5 30 3 1 2 7 0 2 7 0 2 7 5 30 3 0 2 7 0 2 7 5 30 3 16 19 11 12 16 2 0 2 7 0 2 7 5 31 3 5 31 3 0 2 7 0 2 7 5 30 3 0 2 7 1 2 7 1 2 7 0 2 3 1 2 3 0 2 7 0 2 7 0 2 7 0 2 7 0 2 7 1 2 7 16 18 11 16 19 11 16 19 11 0 42.520379364490509
1 2 7 0 2 7 0 2 7 0 2 7 0 2 7 17 18 2 0 2 7 0 2 7 0 2 3 5 30 3 1 2 3 0 2 7 0 2 7 5 30 3 0 2 7 0 2 7 5 30 3 16 19 11 12 16 2 0 2 7 0 2 3 5 31 3 5 31 3 0 2 7 0 2 3 5 30 3 0 2 7 1 2 7 6 2 7 0 2 7 1 2 7 0 2 7 0 2 7 0 2 7 0 2 7 0 2 7 1 2 3 16 19 11 16 19 11 16 30 2 0 42.3900784850120544
17 9 2 1 2 7 6 2 7 0 2 7 1 2 7 5 30 3 0 2 7 6 2 7 0 2 7 17 9 2 5 30 3 16 19 11 5 31 3 0 2 7 0 2 7 0 2 7 5 31 3 5 30 3 12 16 2 0 2 7 0 2 7 1 2 7 13 6 3 0 2 7 0 2 11 16 19 11 0 2 7 0 2 7 0 2 7 0 2 7 0 2 7 0 2 7 0 2 7 0 2 7 1 2 7 1 2 7 17 18 2 0 2 7 5 31 3 1 2 7 0 41.6400645971298218
17 9 2 1 2 7 1 2 7 0 2 7 1 2 7 5 30 3 0 2 7 1 2 7 0 2 7 17 9 2 5 30 3 16 19 11 5 31 3 0 2 7 0 2 7 0 2 7 6 2 7 5 31 3 12 16 2 0 2 7 0 2 7 1 2 7 13 6 3 0 2 7 0 2 7 16 19 11 0 2 7 0 2 7 0 2 7 0 2 7 0 2 7 0 2 7 0 2 7 0 2 7 1 2 7 1 2 7 17 18 2 0 2 7 5 31 3 1 2 7 0 41.3029765486717224
17 9 2 0 2 7 1 2 7 0 2 7 0 2 7 5 30 3 0 2 7 0 2 7 0 2 7 5 9 7 0 31 3 16 9 8 1 2 7 0 30 7 16 2 11 0 2 7 1 2 7 5 19 3 12 16 2 0 2 7 1 2 7 1 2 7 5 30 3 1 2 7 0 2 7 5 31 3 0 2 7 0 2 7 1 2 7 1 2 7 1 2 7 0 2 7 1 2 7 0 2 3 1 2 7 17 2 7 0 2 7 16 19 7 5 31 3 0 2 7 889805.760798219591 41.8018257021903992
16 6 2 0 2 7 0 2 7 1 2 7 1 2 7 5 30 3 0 2 3 0 2 3 0 2 7 17 9 2 1 2 8 0 2 3 1 2 7 1 2 7 16 19 12 0 2 3 0 2 7 5 31 3 8 18 2 0 2 3 1 2 7 0 2 7 5 30 3 0 2 7 1 2 7 5 31 3 0 2 7 0 2 7 0 2 7 1 2 7 0 2 7 0 2 3 1 2 3 1 2 7 0 2 7 17 18 2 16 19 11 0 2 7 0 2 7 0 2 7 0 41.8966647386550903
1 2 7 0 2 3 0 2 7 0 2 7 0 2 7 17 18 3 0 2 7 1 2 7 0 2 7 5 30 2 1 2 7 0 2 7 16 19 12 0 30 7 8 18 7 0 2 7 1 30 7 17 19 11 12 16 2 0 2 7 0 2 7 13 31 3 5 30 3 0 2 7 0 2 3 5 30 3 0 2 7 0 2 7 1 2 7 0 30 3 0 2 3 0 2 7 0 2 7 6 2 7 0 2 7 12 16 2 0 2 7 16 18 3 0 2 11 16 19 11 1313654.11251271819 40.5581305623054504
17 9 2 0 2 7 1 2 4 1 2 7 0 2 7 5 30 3 0 2 4 1 2 7 1 2 7 17 9 2 1 2 7 17 9 2 16 6 2 0 2 7 13 6 3 0 2 7 0 2 7 5 30 3 0 2 7 0 2 7 0 2 4 0 2 4 1 2 7 0 2 4 0 2 7 5 31 3 0 2 7 0 2 7 1 2 7 1 2 7 0 2 7 0 2 7 1 2 7 0 2 7 1 2 3 17 18 2 1 2 7 5 31 3 1 2 7 0 2 7 0 40.148398756980896
17 9 2 0 2 7 1 2 4 1 2 7 0 2 7 5 30 3 0 2 4 1 2 7 1 2 7 17 9 2 1 2 7 17 9 2 16 6 2 0 2 7 13 6 3 0 2 7 0 2 7 5 30 3 0 2 7 0 2 7 0 2 4 0 2 4 1 2 7 0 2 4 0 2 7 5 31 3 0 2 7 0 2 7 1 2 7 1 2 7 0 2 7 0 2 7 1 2 7 0 2 7 1 2 3 17 18 2 1 2 7 5 31 3 1 2 7 0 2 7 0 40.148398756980896
17 9 2 0 2 7 1 2 7 1 2 7 0 2 7 5 30 3 0 2 4 1 2 7 0 2 7 17 9 2 1 2 7 17 9 2 16 2 7 0 2 7 13 6 3 0 2 7 0 2 4 5 31 3 0 2 2 0 2 7 1 2 4 0 2 7 5 2 7 1 2 4 0 2 4 5 31 3 6 2 7 0 2 7 0 2 7 6 2 7 0 2 7 0 2 7 1 2 7 0 2 7 1 2 3 17 18 2 1 2 7 1 2 4 0 2 4 0 2 4 194005.185272439121 40.7038501501083374
5 30 3 0 2 7 1 2 7 0 2 7 0 2 7 5 30 3 0 2 7 0 2 7 1 2 7 17 9 2 1 2 7 16 19 11 16 19 11 0 2 7 5 31 3 1 2 7 1 2 7 12 16 2 0 2 7 0 2 7 0 2 7 0 2 7 17 18 2 0 2 7 0 2 7 5 31 3 0 2 3 1 2 3 0 2 7 0 2 4 0 2 7 0 2 7 1 2 4 0 2 7 6 2 7 16 20 12 1 2 7 5 31 3 0 2 7 0 2 7 0 41.7144026160240173
0 2 7 0 2 7 0 2 7 0 2 7 0 2 7 5 30 3 0 2 7 5 31 3 5 31 3 17 9 2 1 2 11 17 9 2 16 19 11 0 2 11 1 2 7 0 2 7 1 2 7 16 9 11 1 2 11 0 2 7 0 2 7 6 2 7 5 31 3 0 2 7 0 2 7 5 30 3 0 2 7 6 2 11 1 2 7 0 2 7 0 2 7 0 2 7 0 2 7 1 2 7 1 2 7 17 18 2 0 2 7 5 30 3 0 2 7 0 2 7 0 41.9880726337432861
17 9 2 0 2 7 1 2 4 1 2 7 0 2 7 5 30 3 0 2 7 1 2 7 0 2 7 17 9 2 1 2 7 17 18 2 0 2 2 0 2 7 13 6 3 0 2 7 0 2 7 5 31 3 12 16 7 0 2 7 0 2 7 0 2 7 1 30 7 1 2 7 0 2 7 5 31 3 0 2 7 0 2 7 0 2 7 1 2 7 1 2 7 0 2 7 1 2 7 0 2 7 1 2 7 17 18 2 1 2 7 1 31 4 0 2 4 0 2 7 624316.329972027917 39.6539348363876343
17 9 2 1 2 7 1 2 7 1 2 7 0 2 7 5 30 3 0 2 7 1 2 7 0 2 7 17 9 2 1 2 7 17 9 2 16 2 7 0 2 7 13 6 3 0 2 4 0 2 4 5 30 3 0 16 7 0 2 7 0 2 4 0 2 4 5 2 7 0 2 7 0 2 7 5 31 3 0 2 7 0 2 7 0 2 7 1 2 7 0 2 7 0 2 7 1 2 7 0 2 7 1 2 3 17 18 2 1 2 7 0 2 4 1 2 7 0 2 7 318535.182746093487 40.8318088054656982
17 9 2 0 2 7 0 2 7 0 2 7 1 2 11 5 31 3 0 2 7 0 2 7 0 2 7 17 18 2 1 2 7 1 2 7 16 6 2 1 2 7 8 18 2 0 2 7 0 2 7 5 30 3 0 2 7 0 2 7 0 2 7 1 2 7 0 2 11 1 2 7 0 2 7 5 30 3 0 2 7 0 2 11 6 2 7 0 2 7 1 2 11 0 2 7 5 30 3 5 31 3 16 19 11 17 18 2 0 2 11 5 30 3 0 2 7 0 2 7 0 41.8636886477470398
17 9 2 0 2 4 0 2 4 0 2 7 1 2 7 5 30 3 0 2 7 0 2 7 0 2 7 17 9 2 1 2 7 17 9 2 0 2 7 0 2 7 13 6 3 0 2 11 0 2 4 5 31 3 12 16 2 0 2 7 0 2 7 1 2 7 1 2 11 1 2 7 0 2 7 5 31 3 1 2 7 0 2 7 1 2 7 1 2 7 1 2 7 0 2 7 1 2 7 0 2 7 6 2 7 17 18 2 0 2 7 1 2 7 1 2 7 0 2 7 0 40.4568387866020203
17 9 2 0 2 7 1 2 7 0 2 7 6 2 7 5 30 3 0 2 7 0 2 7 0 2 4 17 9 2 0 2 7 17 9 2 0 2 7 0 2 7 13 6 3 1 2 7 1 2 7 5 30 3 12 16 2 0 2 7 1 2 7 0 2 7 5 30 3 1 2 7 0 2 7 5 31 3 5 31 3 0 2 7 0 2 7 1 2 7 1 2 7 0 2 7 0 2 7 0 2 7 1 2 7 17 18 2 0 2 7 6 2 4 1 2 7 0 2 7 0 40.7763216495513916
17 9 2 0 2 7 1 2 7 1 2 7 0 2 7 0 2 7 1 2 7 1 2 7 1 2 11 17 9 2 1 2 7 17 9 2 16 6 2 0 2 7 13 6 3 0 2 4 0 2 7 5 31 3 0 2 7 0 2 7 0 2 7 0 2 7 1 2 7 0 2 7 0 2 7 5 31 3 1 2 7 0 2 7 1 2 7 0 2 7 0 2 7 0 2 7 1 2 7 0 2 7 1 2 7 17 18 2 1 2 7 5 31 3 1 2 7 0 2 7 0 40.0670827627182007
17 9 2 0 2 7 1 2 4 1 2 3 0 2 7 5 30 3 1 2 4 1 2 7 1 2 7 17 9 2 1 2 7 17 9 2 16 6 2 0 2 7 13 6 3 0 2 7 0 2 7 5 30 3 0 2 7 0 2 7 0 2 4 0 2 4 1 2 7 0 2 4 0 2 7 5 31 3 0 2 7 0 2 7 1 2 7 0 2 7 0 2 7 0 2 7 1 2 7 0 2 7 1 2 7 17 18 2 1 2 7 5 31 3 1 2 7 0 2 7 0 40.148398756980896
17 9 2 0 2 7 1 2 4 1 2 3 0 2 7 5 30 3 1 2 4 1 2 7 1 2 7 17 9 2 1 2 7 17 9 2 16 6 2 0 2 7 13 6 3 0 2 7 0 2 7 5 30 3 0 2 7 0 2 7 0 2 4 0 2 4 1 2 7 0 2 4 0 2 7 5 31 3 0 2 7 0 2 7 1 2 7 0 2 7 0 2 7 0 2 7 1 2 7 0 2 7 1 2 7 17 18 2 1 2 7 5 31 3 1 2 7 0 2 7 0 40.148398756980896
17 9 2 0 2 4 0 2 3 1 2 7 0 2 7 0 2 7 0 2 4 0 2 7 1 2 3 17 9 2 1 2 7 17 9 2 16 6 2 1 2 4 0 2 3 0 2 4 1 2 4 5 31 3 1 2 7 0 2 7 0 2 7 0 2 7 0 2 7 1 2 3 1 2 7 5 31 3 0 2 7 1 2 4 1 2 7 0 2 7 1 2 7 0 2 7 0 2 7 1 2 7 5 31 3 0 2 7 0 2 7 16 6 2 1 2 7 0 2 3 0 40.5258829593658447
17 18 2 0 2 7 1 2 7 1 2 7 0 2 7 1 2 7 0 2 7 1 2 7 1 2 7 17 9 2 1 2 7 17 9 2 16 6 2 6 2 3 13 6 3 1 2 4 0 2 7 5 31 3 0 2 7 0 2 7 0 2 7 5 30 7 0 2 7 0 2 7 1 2 7 5 31 3 0 2 7 1 2 7 12 16 7 0 2 7 0 2 7 0 2 7 1 2 7 1 2 7 1 2 7 17 18 7 1 2 7 5 31 3 1 2 7 0 2 7 125410.85849916772 40.0230847597122192
17 9 2 0 2 7 1 2 7 1 2 3 0 2 7 0 31 3 1 2 7 1 2 7 0 2 7 17 9 2 1 2 7 6 9 2 16 6 2 0 2 7 13 31 3 0 6 4 0 2 4 1 2 3 0 2 7 1 2 7 0 2 7 0 2 7 1 2 7 0 2 7 0 2 7 5 30 3 0 2 7 0 2 7 1 2 7 0 2 7 0 2 3 0 2 7 1 2 7 0 2 7 0 2 7 17 18 2 0 2 7 5 31 3 1 2 7 0 2 7 708196.393522827071 39.4338968396186829
17 9 2 1 2 11 1 2 7 0 2 7 0 2 4 5 2 7 0 2 7 1 2 11 1 2 11 17 9 2 1 2 7 17 2 7 16 31 2 1 2 7 5 6 3 16 2 2 0 2 7 5 31 7 1 2 4 0 2 7 0 2 4 0 2 7 0 2 7 0 2 7 0 2 7 5 31 3 1 2 7 0 2 7 1 2 4 0 2 7 1 2 7 0 2 7 1 2 7 0 2 7 1 2 7 17 18 2 1 2 7 5 30 3 0 2 7 0 2 7 449803.36981631571 41.2803797721862793
17 9 2 1 2 11 1 2 7 0 2 3 0 2 4 5 31 3 1 2 4 1 2 11 0 2 7 17 9 2 1 2 7 17 2 2 16 6 2 0 2 7 13 6 3 16 2 7 0 2 4 5 30 7 1 2 4 1 2 7 0 2 4 0 2 7 1 2 7 0 2 7 0 2 7 5 31 3 0 2 7 0 2 7 1 2 4 0 2 7 0 2 3 0 2 7 1 2 7 0 2 7 0 2 7 17 18 2 0 2 7 5 30 3 0 2 7 0 2 7 134881.97795429657 40.6002017259597778
17 9 2 0 2 7 1 2 4 1 2 3 0 2 7 5 30 3 0 2 7 1 2 7 1 2 7 17 9 2 1 2 7 6 9 7 16 31 2 1 2 7 5 31 3 0 6 2 0 2 7 1 2 3 0 2 7 0 2 7 0 2 4 0 2 4 0 2 7 0 2 4 0 2 7 5 30 3 0 2 7 0 2 7 1 2 7 0 2 7 1 2 7 0 2 7 1 2 7 0 2 7 1 2 7 17 18 2 1 2 7 5 31 3 1 2 7 0 2 7 179551.951164592407 40.1953908801078796
17 18 2 0 2 4 1 2 7 8 9 2 1 2 7 0 2 7 1 2 7 1 2 7 1 2 7 17 9 2 0 2 7 16 6 2 16 19 11 0 2 7 5 30 3 1 2 7 0 2 7 5 31 3 0 2 7 0 2 7 0 2 7 0 2 7 0 2 7 0 2 7 0 2 7 5 31 3 1 2 7 1 2 7 0 2 4 0 2 7 0 2 7 0 2 7 0 2 7 1 2 7 1 2 7 17 18 2 0 2 7 5 31 3 1 2 7 0 2 7 0 40.8567327260971069
17 9 2 0 2 7 1 2 7 1 2 7 0 2 7 5 31 3 1 2 7 1 2 7 1 2 7 17 9 2 1 2 7 17 9 2 16 6 2 1 2 7 13 6 3 0 2 7 0 2 7 5 31 3 0 2 7 0 2 7 0 2 7 0 2 7 1 2 7 0 2 7 0 2 7 0 2 7 0 2 7 0 2 7 1 2 7 0 2 7 0 2 7 0 2 7 1 2 7 0 2 7 1 2 7 17 18 2 1 2 7 5 31 3 1 2 11 0 2 4 0 40.0670827627182007
17 9 2 0 2 7 1 2 7 1 2 7 0 2 7 5 31 3 1 2 7 1 2 7 1 2 7 17 9 2 1 2 7 17 9 2 16 6 2 1 2 7 13 6 3 0 2 7 0 2 7 5 31 3 0 2 7 0 2 7 0 2 7 0 2 7 1 2 7 0 2 7 0 2 7 0 2 7 0 2 7 0 2 7 1 2 7 0 2 7 0 2 7 0 2 7 1 2 7 0 2 7 1 2 7 17 18 2 1 2 7 5 31 3 1 2 11 0 2 4 0 40.0670827627182007
17 9 2 0 2 7 1 2 7 1 2 7 0 2 7 5 31 3 1 2 7 1 2 7 1 2 7 17 9 2 1 2 7 17 9 2 16 6 2 1 2 7 13 6 3 0 2 7 0 2 7 5 31 3 0 2 7 0 2 7 0 2 7 0 2 7 1 2 7 0 2 7 0 2 7 0 2 7 0 2 7 0 2 7 1 2 7 0 2 7 0 2 7 0 2 7 1 2 7 0 2 7 1 2 7 17 18 2 1 2 7 5 31 3 1 2 11 0 2 4 0 40.0670827627182007
17 9 2 0 2 7 1 2 7 1 2 7 0 2 7 5 31 3 1 2 7 1 2 7 1 2 7 17 9 2 1 2 7 17 9 2 16 6 2 1 2 7 13 6 3 0 2 7 0 2 7 5 31 3 0 2 7 0 2 7 0 2 7 0 2 7 1 2 7 0 2 7 0 2 7 0 2 7 0 2 7 0 2 7 1 2 7 0 2 7 0 2 7 0 2 7 1 2 7 0 2 7 1 2 7 17 18 2 1 2 7 5 31 3 1 2 11 0 2 4 0 40.0670827627182007
17 9 2 0 2 7 1 2 7 1 2 7 0 2 7 5 31 3 1 2 7 1 2 7 1 2 7 17 9 2 1 2 7 17 9 2 16 6 2 1 2 7 13 6 3 0 2 7 0 2 7 5 31 3 0 2 7 0 2 7 0 2 7 0 2 7 1 2 7 0 2 7 0 2 7 0 2 7 0 2 7 0 2 7 1 2 7 0 2 7 0 2 7 0 2 7 1 2 7 0 2 7 1 2 7 17 18 2 1 2 7 5 31 3 1 2 11 0 2 4 0 40.0670827627182007
17 9 2 0 2 7 1 2 7 1 2 7 0 2 7 5 31 3 1 2 7 1 2 7 1 2 7 17 9 2 1 2 7 17 9 2 16 6 2 1 2 7 13 6 3 0 2 7 0 2 7 5 31 3 0 2 7 0 2 7 0 2 7 0 2 7 1 2 7 0 2 7 0 2 7 0 2 7 0 2 7 0 2 7 1 2 7 0 2 7 0 2 7 0 2 7 1 2 7 0 2 7 1 2 7 17 18 2 1 2 7 5 31 3 1 2 11 0 2 4 0 40.0670827627182007
17 9 2 0 2 7 1 2 7 1 2 7 0 2 7 5 31 3 1 2 7 1 2 7 1 2 7 17 9 2 1 2 7 17 9 2 16 6 2 1 2 7 13 6 3 0 2 7 0 2 7 5 31 3 0 2 7 0 2 7 0 2 7 0 2 7 1 2 7 0 2 7 0 2 7 0 2 7 0 2 7 0 2 7 1 2 7 0 2 7 0 2 7 0 2 7 1 2 7 0 2 7 1 2 7 17 18 2 1 2 7 5 31 3 1 2 11 0 2 4 0 40.0670827627182007
17 9 2 0 2 7 1 2 7 1 2 7 0 2 7 5 31 3 1 2 7 1 2 7 1 2 7 17 9 2 1 2 7 17 9 2 16 6 2 1 2 7 13 6 3 0 2 7 0 2 7 5 31 3 0 2 7 0 2 7 0 2 7 0 2 7 1 2 7 0 2 7 0 2 7 0 2 7 0 2 7 0 2 7 1 2 7 0 2 7 0 2 7 0 2 7 1 2 7 0 2 7 1 2 7 17 18 2 1 2 7 5 31 3 1 2 11 0 2 4 0 40.0670827627182007
17 9 2 0 2 7 1 2 7 1 2 7 0 2 7 5 31 3 1 2 7 1 2 7 1 2 7 17 9 2 1 2 7 17 9 2 16 6 2 1 2 7 13 6 3 0 2 7 0 2 7 5 31 3 0 2 7 0 2 7 0 2 7 0 2 7 1 2 7 0 2 7 0 2 7 0 2 7 0 2 7 0 2 7 1 2 7 0 2 7 0 2 7 0 2 7 1 2 7 0 2 7 1 2 7 17 18 2 1 2 7 5 31 3 1 2 11 0 2 4 0 40.0670827627182007
17 9 2 0 2 7 1 2 7 1 2 7 0 2 7 5 31 3 1 2 7 1 2 7 1 2 7 17 9 2 1 2 7 17 9 2 16 6 2 1 2 7 13 6 3 0 2 7 0 2 7 5 31 3 0 2 7 0 2 7 0 2 7 0 2 7 1 2 7 0 2 7 0 2 7 0 2 7 0 2 7 0 2 7 1 2 7 0 2 7 0 2 7 0 2 7 1 2 7 0 2 7 1 2 7 17 18 2 1 2 7 5 31 3 1 2 11 0 2 4 0 40.0670827627182007
17 9 2 0 2 7 1 2 7 1 2 7 0 2 7 5 31 3 1 2 7 1 2 7 1 2 7 17 9 2 1 2 7 17 9 2 16 6 2 1 2 7 13 6 3 0 2 7 0 2 7 5 31 3 0 2 7 0 2 7 0 2 7 0 2 7 1 2 7 0 2 7 0 2 7 0 2 7 0 2 7 0 2 7 1 2 7 0 2 7 0 2 7 0 2 7 1 2 7 0 2 7 1 2 7 17 18 2 1 2 7 5 31 3 1 2 11 0 2 4 0 40.0670827627182007
17 9 2 0 2 7 1 2 7 1 2 7 0 2 7 5 31 3 1 2 7 1 2 7 1 2 7 17 9 2 1 2 7 17 9 2 16 6 2 1 2 7 13 6 3 0 2 7 0 2 7 5 31 3 0 2 7 0 2 7 0 2 7 0 2 7 1 2 7 0 2 7 0 2 7 0 2 7 0 2 7 0 2 7 1 2 7 0 2 7 0 2 7 0 2 7 1 2 7 0 2 7 1 2 7 17 18 2 1 2 7 5 31 3 1 2 11 0 2 4 0 40.0670827627182007
17 9 2 0 2 7 1 2 7 1 2 7 0 2 7 5 31 3 1 2 7 1 2 7 1 2 7 17 9 2 1 2 7 17 9 2 16 6 2 1 2 7 13 6 3 0 2 7 0 2 7 5 31 3 0 2 7 0 2 7 0 2 7 0 2 7 1 2 7 0 2 7 0 2 7 0 2 7 0 2 7 0 2 7 1 2 7 0 2 7 0 2 7 0 2 7 1 2 7 0 2 7 1 2 7 17 18 2 1 2 7 5 31 3 1 2 11 0 2 4 0 40.0670827627182007
17 9 2 0 2 7 1 2 7 1 2 7 0 2 7 5 31 3 1 2 7 1 2 7 1 2 7 17 9 2 1 2 7 17 9 2 16 6 2 1 2 7 13 6 3 0 2 7 0 2 7 5 31 3 0 2 7 0 2 7 0 2 7 0 2 7 1 2 7 0 2 7 0 2 7 0 2 7 0 2 7 0 2 7 1 2 7 0 2 7 0 2 7 0 2 7 1 2 7 0 2 7 1 2 7 17 18 2 1 2 7 5 31 3 1 2 11 0 2 4 0 40.0670827627182007
17 9 2 0 2 7 1 2 7 1 2 7 0 2 7 5 31 3 1 2 7 1 2 7 1 2 7 17 9 2 1 2 7 17 9 2 16 6 2 1 2 7 13 6 3 0 2 7 0 2 7 5 31 3 0 2 7 0 2 7 0 2 7 0 2 7 1 2 7 0 2 7 0 2 7 0 2 7 0 2 7 0 2 7 1 2 7 0 2 7 0 2 7 0 2 7 1 2 7 0 2 7 1 2 7 17 18 2 1 2 7 5 31 3 1 2 11 0 2 4 0 40.0670827627182007
17 9 2 0 2 7 1 2 7 1 2 7 0 2 7 5 31 3 1 2 7 1 2 7 1 2 7 17 9 2 1 2 7 17 9 2 16 6 2 1 2 7 13 6 3 0 2 7 0 2 7 5 31 3 0 2 7 0 2 7 0 2 7 0 2 7 1 2 7 0 2 7 0 2 7 0 2 7 0 2 7 0 2 7 1 2 7 0 2 7 0 2 7 0 2 7 1 2 7 0 2 7 1 2 7 17 18 2 1 2 7 5 31 3 1 2 11 0 2 4 0 40.0670827627182007
17 9 2 0 2 7 1 2 7 1 2 7 0 2 7 5 31 3 1 2 7 1 2 7 1 2 7 17 9 2 1 2 7 17 9 2 16 6 2 1 2 7 13 6 3 0 2 7 0 2 7 5 31 3 0 2 7 0 2 7 0 2 7 0 2 7 1 2 7 0 2 7 0 2 7 0 2 7 0 2 7 0 2 7 1 2 7 0 2 7 0 2 7 0 2 7 1 2 7 0 2 7 1 2 7 17 18 2 1 2 7 5 31 3 1 2 11 0 2 4 0 40.0670827627182007
17 9 2 0 2 7 1 2 7 1 2 7 0 2 7 5 31 3 1 2 7 1 2 7 1 2 7 17 9 2 1 2 7 17 9 2 16 6 2 1 2 7 13 6 3 0 2 7 0 2 7 5 31 3 0 2 7 0 2 7 0 2 7 0 2 7 1 2 7 0 2 7 0 2 7 0 2 7 0 2 7 0 2 7 1 2 7 0 2 7 0 2 7 0 2 7 1 2 7 0 2 7 1 2 7 17 18 2 1 2 7 5 31 3 1 2 11 0 2 4 0 40.0670827627182007
17 9 2 0 2 7 1 2 7 1 2 7 0 2 7 5 31 3 1 2 7 1 2 7 1 2 7 17 9 2 1 2 7 17 9 2 16 6 2 1 2 7 13 6 3 0 2 7 0 2 7 5 31 3 0 2 7 0 2 7 0 2 7 0 2 7 1 2 7 0 2 7 0 2 7 0 2 7 0 2 7 0 2 7 1 2 7 0 2 7 0 2 7 0 2 7 1 2 7 0 2 7 1 2 7 17 18 2 1 2 7 5 31 3 1 2 11 0 2 4 0 40.0670827627182007
17 9 2 0 2 7 1 2 7 1 2 7 0 2 7 5 31 3 1 2 7 1 2 7 1 2 7 17 9 2 1 2 7 17 9 2 16 6 2 1 2 7 13 6 3 0 2 7 0 2 7 5 31 3 0 2 7 0 2 7 0 2 7 0 2 7 1 2 7 0 2 7 0 2 7 0 2 7 0 2 7 0 2 7 1 2 7 0 2 7 0 2 7 0 2 7 1 2 7 0 2 7 1 2 7 17 18 2 1 2 7 5 31 3 1 2 11 0 2 4 0 40.0670827627182007
17 9 2 0 2 7 1 2 7 1 2 7 0 2 7 5 31 3 1 2 7 1 2 7 1 2 7 17 9 2 1 2 7 17 9 2 16 6 2 1 2 7 13 6 3 0 2 7 0 2 7 5 31 3 0 2 7 0 2 7 0 2 7 0 2 7 1 2 7 0 2 7 0 2 7 0 2 7 0 2 7 0 2 7 1 2 7 0 2 7 0 2 7 0 2 7 1 2 7 0 2 7 1 2 7 17 18 2 1 2 7 5 31 3 1 2 11 0 2 4 0 40.0670827627182007
17 9 2 0 2 7 1 2 7 1 2 7 0 2 7 5 31 3 1 2 7 1 2 7 1 2 7 17 9 2 1 2 7 17 9 2 16 6 2 1 2 7 13 6 3 0 2 7 0 2 7 5 31 3 0 2 7 0 2 7 0 2 7 0 2 7 1 2 7 0 2 7 0 2 7 0 2 7 0 2 7 0 2 7 1 2 7 0 2 7 0 2 7 0 2 7 1 2 7 0 2 7 1 2 7 17 18 2 1 2 7 5 31 3 1 2 11 0 2 4 0 40.0670827627182007
17 9 2 0 2 7 1 2 7 1 2 7 0 2 7 5 31 3 1 2 7 1 2 7 1 2 7 17 9 2 1 2 7 17 9 2 16 6 2 1 2 7 13 6 3 0 2 7 0 2 7 5 31 3 0 2 7 0 2 7 0 2 7 0 2 7 1 2 7 0 2 7 0 2 7 0 2 7 0 2 7 0 2 7 1 2 7 0 2 7 0 2 7 0 2 7 1 2 7 0 2 7 1 2 7 17 18 2 1 2 7 5 31 3 1 2 11 0 2 4 0 40.0670827627182007
17 9 2 0 2 7 1 2 7 1 2 7 0 2 7 5 31 3 1 2 7 1 2 7 1 2 7 17 9 2 1 2 7 17 9 2 16 6 2 1 2 7 13 6 3 0 2 7 0 2 7 5 31 3 0 2 7 0 2 7 0 2 7 0 2 7 1 2 7 0 2 7 0 2 7 0 2 7 0 2 7 0 2 7 1 2 7 0 2 7 0 2 7 0 2 7 1 2 7 0 2 7 1 2 7 17 18 2 1 2 7 5 31 3 1 2 11 0 2 4 0 40.0670827627182007
17 9 2 0 2 7 1 2 7 1 2 7 0 2 7 5 31 3 1 2 7 1 2 7 1 2 7 17 9 2 1 2 7 17 9 2 16 6 2 1 2 7 13 6 3 0 2 7 0 2 7 5 31 3 0 2 7 0 2 7 0 2 7 0 2 7 1 2 7 0 2 7 0 2 7 0 2 7 0 2 7 0 2 7 1 2 7 0 2 7 0 2 7 0 2 7 1 2 7 0 2 7 1 2 7 17 18 2 1 2 7 5 31 3 1 2 11 0 2 4 0 40.0670827627182007
17 9 2 0 2 7 1 2 7 1 2 7 0 2 7 5 31 3 1 2 7 1 2 7 1 2 7 17 9 2 1 2 7 17 9 2 16 6 2 1 2 7 13 6 3 0 2 7 0 2 7 5 31 3 0 2 7 0 2 7 0 2 7 0 2 7 1 2 7 0 2 7 0 2 7 0 2 7 0 2 7 0 2 7 1 2 7 0 2 7 0 2 7 0 2 7 1 2 7 0 2 7 1 2 7 17 18 2 1 2 7 5 31 3 1 2 11 0 2 4 0 40.0670827627182007
17 9 2 0 2 7 1 2 7 1 2 7 0 2 7 5 31 3 1 2 7 1 2 7 1 2 7 17 9 2 1 2 7 17 9 2 16 6 2 1 2 7 13 6 3 0 2 7 0 2 7 5 31 3 0 2 7 0 2 7 0 2 7 0 2 7 1 2 7 0 2 7 0 2 7 0 2 7 0 2 7 0 2 7 1 2 7 0 2 7 0 2 7 0 2 7 1 2 7 0 2 7 1 2 7 17 18 2 1 2 7 5 31 3 1 2 11 0 2 4 0 40.0670827627182007
17 9 2 0 2 7 1 2 7 1 2 7 0 2 7 5 31 3 1 2 7 1 2 7 1 2 7 17 9 2 1 2 7 17 9 2 16 6 2 1 2 7 13 6 3 0 2 7 0 2 7 5 31 3 0 2 7 0 2 7 0 2 7 0 2 7 1 2 7 0 2 7 0 2 7 0 2 7 0 2 7 0 2 7 1 2 7 0 2 7 0 2 7 0 2 7 1 2 7 0 2 7 1 2 7 17 18 2 1 2 7 5 31 3 1 2 11 0 2 4 0 40.0670827627182007
17 9 2 0 2 7 1 2 7 1 2 7 0 2 7 5 31 3 1 2 7 1 2 7 1 2 7 17 9 2 1 2 7 17 9 2 16 6 2 1 2 7 13 6 3 0 2 7 0 2 7 5 31 3 0 2 7 0 2 7 0 2 7 0 2 7 1 2 7 0 2 7 0 2 7 0 2 7 0 2 7 0 2 7 1 2 7 0 2 7 0 2 7 0 2 7 1 2 7 0 2 7 1 2 7 17 18 2 1 2 7 5 31 3 1 2 11 0 2 4 0 40.0670827627182007
17 9 2 0 2 7 1 2 7 1 2 7 0 2 7 5 31 3 1 2 7 1 2 7 1 2 7 17 9 2 1 2 7 17 9 2 16 6 2 1 2 7 13 6 3 0 2 7 0 2 7 5 31 3 0 2 7 0 2 7 0 2 7 0 2 7 1 2 7 0 2 7 0 2 7 0 2 7 0 2 7 0 2 7 1 2 7 0 2 7 0 2 7 0 2 7 1 2 7 0 2 7 1 2 7 17 18 2 1 2 7 5 31 3 1 2 11 0 2 4 0 40.0670827627182007
17 9 2 0 2 7 1 2 7 1 2 7 0 2 7 5 31 3 1 2 7 1 2 7 1 2 7 17 9 2 1 2 7 17 9 2 16 6 2 1 2 7 13 6 3 0 2 7 0 2 7 5 31 3 0 2 7 0 2 7 0 2 7 0 2 7 1 2 7 0 2 7 0 2 7 0 2 7 0 2 7 0 2 7 1 2 7 0 2 7 0 2 7 0 2 7 1 2 7 0 2 7 1 2 7 17 18 2 1 2 7 5 31 3 1 2 11 0 2 4 0 40.0670827627182007
17 9 2 0 2 7 1 2 7 1 2 7 0 2 7 5 31 3 1 2 7 1 2 7 1 2 7 17 9 2 1 2 7 17 9 2 16 6 2 1 2 7 13 6 3 0 2 7 0 2 7 5 31 3 0 2 7 0 2 7 0 2 7 0 2 7 1 2 7 0 2 7 0 2 7 0 2 7 0 2 7 0 2 7 1 2 7 0 2 7 0 2 7 0 2 7 1 2 7 0 2 7 1 2 7 17 18 2 1 2 7 5 31 3 1 2 11 0 2 4 0 40.0670827627182007
17 9 2 0 2 7 1 2 7 1 2 7 0 2 7 5 31 3 1 2 7 1 2 7 1 2 7 17 9 2 1 2 7 17 9 2 16 6 2 1 2 7 13 6 3 0 2 7 0 2 7 5 31 3 0 2 7 0 2 7 0 2 7 0 2 7 1 2 7 0 2 7 0 2 7 0 2 7 0 2 7 0 2 7 1 2 7 0 2 7 0 2 7 0 2 7 1 2 7 0 2 7 1 2 7 17 18 2 1 2 7 5 31 3 1 2 11 0 2 4 0 40.0670827627182007
17 9 2 0 2 7 1 2 7 1 2 7 0 2 7 5 31 3 1 2 7 1 2 7 1 2 7 17 9 2 1 2 7 17 9 2 16 6 2 1 2 7 13 6 3 0 2 7 0 2 7 5 31 3 0 2 7 0 2 7 0 2 7 0 2 7 1 2 7 0 2 7 0 2 7 0 2 7 0 2 7 0 2 7 1 2 7 0 2 7 0 2 7 0 2 7 1 2 7 0 2 7 1 2 7 17 18 2 1 2 7 5 31 3 1 2 11 0 2 4 0 40.0670827627182007
17 9 2 0 2 7 1 2 7 1 2 7 0 2 7 5 31 3 1 2 7 1 2 7 1 2 7 17 9 2 1 2 7 17 9 2 16 6 2 1 2 7 13 6 3 0 2 7 0 2 7 5 31 3 0 2 7 0 2 7 0 2 7 0 2 7 1 2 7 0 2 7 0 2 7 0 2 7 0 2 7 0 2 7 1 2 7 0 2 7 0 2 7 0 2 7 1 2 7 0 2 7 1 2 7 17 18 2 1 2 7 5 31 3 1 2 11 0 2 4 0 40.0670827627182007
17 9 2 0 2 7 1 2 7 1 2 7 0 2 7 5 31 3 1 2 7 1 2 7 1 2 7 17 9 2 1 2 7 17 9 2 16 6 2 1 2 7 13 6 3 0 2 7 0 2 7 5 31 3 0 2 7 0 2 7 0 2 7 0 2 7 1 2 7 0 2 7 0 2 7 0 2 7 0 2 7 0 2 7 1 2 7 0 2 7 0 2 7 0 2 7 1 2 7 0 2 7 1 2 7 17 18 2 1 2 7 5 31 3 1 2 11 0 2 4 0 40.0670827627182007
17 9 2 0 2 7 1 2 7 1 2 7 0 2 7 5 31 3 1 2 7 1 2 7 1 2 7 17 9 2 1 2 7 17 9 2 16 6 2 1 2 7 13 6 3 0 2 7 0 2 7 5 31 3 0 2 7 0 2 7 0 2 7 0 2 7 1 2 7 0 2 7 0 2 7 0 2 7 0 2 7 0 2 7 1 2 7 0 2 7 0 2 7 0 2 7 1 2 7 0 2 7 1 2 7 17 18 2 1 2 7 5 31 3 1 2 11 0 2 4 0 40.0670827627182007
17 9 2 0 2 7 1 2 7 1 2 7 0 2 7 5 31 3 1 2 7 1 2 7 1 2 7 17 9 2 1 2 7 17 9 2 16 6 2 1 2 7 13 6 3 0 2 7 0 2 7 5 31 3 0 2 7 0 2 7 0 2 7 0 2 7 1 2 7 0 2 7 0 2 7 0 2 7 0 2 7 0 2 7 1 2 7 0 2 7 0 2 7 0 2 7 1 2 7 0 2 7 1 2 7 17 18 2 1 2 7 5 31 3 1 2 11 0 2 4 0 40.0670827627182007
17 9 2 0 2 7 1 2 7 1 2 7 0 2 7 5 31 3 1 2 7 1 2 7 1 2 7 17 9 2 1 2 7 17 9 2 16 6 2 1 2 7 13 6 3 0 2 7 0 2 7 5 31 3 0 2 7 0 2 7 0 2 7 0 2 7 1 2 7 0 2 7 0 2 7 0 2 7 0 2 7 0 2 7 1 2 7 0 2 7 0 2 7 0 2 7 1 2 7 0 2 7 1 2 7 17 18 2 1 2 7 5 31 3 1 2 11 0 2 4 0 40.0670827627182007
17 9 2 0 2 7 1 2 7 1 2 7 0 2 7 5 31 3 1 2 7 1 2 7 1 2 7 17 9 2 1 2 7 17 9 2 16 6 2 1 2 7 13 6 3 0 2 7 0 2 7 5 31 3 0 2 7 0 2 7 0 2 7 0 2 7 1 2 7 0 2 7 0 2 7 0 2 7 0 2 7 0 2 7 1 2 7 0 2 7 0 2 7 0 2 7 1 2 7 0 2 7 1 2 7 17 18 2 1 2 7 5 31 3 1 2 11 0 2 4 0 40.0670827627182007
17 9 2 0 2 7 1 2 7 1 2 7 0 2 7 5 31 3 1 2 7 1 2 7 1 2 7 17 9 2 1 2 7 17 9 2 16 6 2 1 2 7 13 6 3 0 2 7 0 2 7 5 31 3 0 2 7 0 2 7 0 2 7 0 2 7 1 2 7 0 2 7 0 2 7 0 2 7 0 2 7 0 2 7 1 2 7 0 2 7 0 2 7 0 2 7 1 2 7 0 2 7 1 2 7 17 18 2 1 2 7 5 31 3 1 2 11 0 2 4 0 40.0670827627182007
17 9 2 0 2 7 1 2 7 1 2 7 0 2 7 5 31 3 1 2 7 1 2 7 1 2 7 17 9 2 1 2 7 17 9 2 16 6 2 1 2 7 13 6 3 0 2 7 0 2 7 5 31 3 0 2 7 0 2 7 0 2 7 0 2 7 1 2 7 0 2 7 0 2 7 0 2 7 0 2 7 0 2 7 1 2 7 0 2 7 0 2 7 0 2 7 1 2 7 0 2 7 1 2 7 17 18 2 1 2 7 5 31 3 1 2 11 0 2 4 0 40.0670827627182007
17 9 2 0 2 7 1 2 7 1 2 7 0 2 7 5 31 3 1 2 7 1 2 7 1 2 7 17 9 2 1 2 7 17 9 2 16 6 2 1 2 7 13 6 3 0 2 7 0 2 7 5 31 3 0 2 7 0 2 7 0 2 7 0 2 7 1 2 7 0 2 7 0 2 7 0 2 7 0 2 7 0 2 7 1 2 7 0 2 7 0 2 7 0 2 7 1 2 7 0 2 7 1 2 7 17 18 2 1 2 7 5 31 3 1 2 11 0 2 4 0 40.0670827627182007
17 9 2 0 2 7 1 2 7 1 2 7 0 2 7 5 31 3 1 2 7 1 2 7 1 2 7 17 9 2 1 2 7 17 9 2 16 6 2 1 2 7 13 6 3 0 2 7 0 2 7 5 31 3 0 2 7 0 2 7 0 2 7 0 2 7 1 2 7 0 2 7 0 2 7 0 2 7 0 2 7 0 2 7 1 2 7 0 2 7 0 2 7 0 2 7 1 2 7 0 2 7 1 2 7 17 18 2 1 2 7 5 31 3 1 2 11 0 2 4 0 40.0670827627182007
17 9 2 0 2 7 1 2 7 1 2 7 0 2 7 5 31 3 1 2 7 1 2 7 1 2 7 17 9 2 1 2 7 17 9 2 16 6 2 1 2 7 13 6 3 0 2 7 0 2 7 5 31 3 0 2 7 0 2 7 0 2 7 0 2 7 1 2 7 0 2 7 0 2 7 0 2 7 0 2 7 0 2 7 1 2 7 0 2 7 0 2 7 0 2 7 1 2 7 0 2 7 1 2 7 17 18 2 1 2 7 5 31 3 1 2 11 0 2 4 0 40.0670827627182007
17 9 2 0 2 7 1 2 7 1 2 7 0 2 7 5 31 3 1 2 7 1 2 7 1 2 7 17 9 2 1 2 7 17 9 2 16 6 2 1 2 7 13 6 3 0 2 7 0 2 7 5 31 3 0 2 7 0 2 7 0 2 7 0 2 7 1 2 7 0 2 7 0 2 7 0 2 7 0 2 7 0 2 7 1 2 7 0 2 7 0 2 7 0 2 7 1 2 7 0 2 7 1 2 7 17 18 2 1 2 7 5 31 3 1 2 11 0 2 4 0 40.0670827627182007
17 9 2 0 2 7 1 2 7 1 2 7 0 2 7 5 31 3 1 2 7 1 2 7 1 2 7 17 9 2 1 2 7 17 9 2 16 6 2 1 2 7 13 6 3 0 2 7 0 2 7 5 31 3 0 2 7 0 2 7 0 2 7 0 2 7 1 2 7 0 2 7 0 2 7 0 2 7 0 2 7 0 2 7 1 2 7 0 2 7 0 2 7 0 2 7 1 2 7 0 2 7 1 2 7 17 18 2 1 2 7 5 31 3 1 2 11 0 2 4 0 40.0670827627182007
17 9 2 0 2 7 1 2 7 1 2 7 0 2 7 5 31 3 1 2 7 1 2 7 1 2 7 17 9 2 1 2 7 17 9 2 16 6 2 1 2 7 13 6 3 0 2 7 0 2 7 5 31 3 0 2 7 0 2 7 0 2 7 0 2 7 1 2 7 0 2 7 0 2 7 0 2 7 0 2 7 0 2 7 1 2 7 0 2 7 0 2 7 0 2 7 1 2 7 0 2 7 1 2 7 17 18 2 1 2 7 5 31 3 1 2 11 0 2 4 0 40.0670827627182007
17 9 2 0 2 7 1 2 7 1 2 7 0 2 7 5 31 3 1 2 7 1 2 7 1 2 7 17 9 2 1 2 7 17 9 2 16 6 2 1 2 7 13 6 3 0 2 7 0 2 7 5 31 3 0 2 7 0 2 7 0 2 7 0 2 7 1 2 7 0 2 7 0 2 7 0 2 7 0 2 7 0 2 7 1 2 7 0 2 7 0 2 7 0 2 7 1 2 7 0 2 7 1 2 7 17 18 2 1 2 7 5 31 3 1 2 11 0 2 4 0 40.0670827627182007
17 9 2 0 2 7 1 2 7 1 2 7 0 2 7 5 31 3 1 2 7 1 2 7 1 2 7 17 9 2 1 2 7 17 9 2 16 6 2 1 2 7 13 6 3 0 2 7 0 2 7 5 31 3 0 2 7 0 2 7 0 2 7 0 2 7 1 2 7 0 2 7 0 2 7 0 2 7 0 2 7 0 2 7 1 2 7 0 2 7 0 2 7 0 2 7 1 2 7 0 2 7 1 2 7 17 18 2 1 2 7 5 31 3 1 2 11 0 2 4 0 40.0670827627182007
17 9 2 0 2 7 1 2 7 1 2 7 0 2 7 5 31 3 1 2 7 1 2 7 1 2 7 17 9 2 1 2 7 17 9 2 16 6 2 1 2 7 13 6 3 0 2 7 0 2 7 5 31 3 0 2 7 0 2 7 0 2 7 0 2 7 1 2 7 0 2 7 0 2 7 0 2 7 0 2 7 0 2 7 1 2 7 0 2 7 0 2 7 0 2 7 1 2 7 0 2 7 1 2 7 17 18 2 1 2 7 5 31 3 1 2 11 0 2 4 0 40.0670827627182007
17 9 2 0 2 7 1 2 7 1 2 7 0 2 7 5 31 3 1 2 7 1 2 7 1 2 7 17 9 2 1 2 7 17 9 2 16 6 2 1 2 7 13 6 3 0 2 7 0 2 7 5 31 3 0 2 7 0 2 7 0 2 7 0 2 7 1 2 7 0 2 7 0 2 7 0 2 7 0 2 7 0 2 7 1 2 7 0 2 7 0 2 7 0 2 7 1 2 7 0 2 7 1 2 7 17 18 2 1 2 7 5 31 3 1 2 11 0 2 4 0 40.0670827627182007
17 9 2 0 2 7 1 2 7 1 2 7 0 2 7 5 31 3 1 2 7 1 2 7 1 2 7 17 9 2 1 2 7 17 9 2 16 6 2 1 2 7 13 6 3 0 2 7 0 2 7 5 31 3 0 2 7 0 2 7 0 2 7 0 2 7 1 2 7 0 2 7 0 2 7 0 2 7 0 2 7 0 2 7 1 2 7 0 2 7 0 2 7 0 2 7 1 2 7 0 2 7 1 2 7 17 18 2 1 2 7 5 31 3 1 2 11 0 2 4 0 40.0670827627182007
17 9 2 0 2 7 1 2 7 1 2 7 0 2 7 5 31 3 1 2 7 1 2 7 1 2 7 17 9 2 1 2 7 17 9 2 16 6 2 1 2 7 13 6 3 0 2 7 0 2 7 5 31 3 0 2 7 0 2 7 0 2 7 0 2 7 1 2 7 0 2 7 0 2 7 0 2 7 0 2 7 0 2 7 1 2 7 0 2 7 0 2 7 0 2 7 1 2 7 0 2 7 1 2 7 17 18 2 1 2 7 5 31 3 1 2 11 0 2 4 0 40.0670827627182007
17 9 2 0 2 7 1 2 7 1 2 7 0 2 7 5 31 3 1 2 7 1 2 7 1 2 7 17 9 2 1 2 7 17 9 2 16 6 2 1 2 7 13 6 3 0 2 7 0 2 7 5 31 3 0 2 7 0 2 7 0 2 7 0 2 7 1 2 7 0 2 7 0 2 7 0 2 7 0 2 7 0 2 7 1 2 7 0 2 7 0 2 7 0 2 7 1 2 7 0 2 7 1 2 7 17 18 2 1 2 7 5 31 3 1 2 11 0 2 4 0 40.0670827627182007
17 9 2 0 2 7 1 2 7 1 2 7 0 2 7 5 31 3 1 2 7 1 2 7 1 2 7 17 9 2 1 2 7 17 9 2 16 6 2 1 2 7 13 6 3 0 2 7 0 2 7 5 31 3 0 2 7 0 2 7 0 2 7 0 2 7 1 2 7 0 2 7 0 2 7 0 2 7 0 2 7 0 2 7 1 2 7 0 2 7 0 2 7 0 2 7 1 2 7 0 2 7 1 2 7 17 18 2 1 2 7 5 31 3 1 2 11 0 2 4 0 40.0670827627182007
17 9 2 0 2 7 1 2 7 1 2 7 0 2 7 5 31 3 1 2 7 1 2 7 1 2 7 17 9 2 1 2 7 17 9 2 16 6 2 1 2 7 13 6 3 0 2 7 0 2 7 5 31 3 0 2 7 0 2 7 0 2 7 0 2 7 1 2 7 0 2 7 0 2 7 0 2 7 0 2 7 0 2 7 1 2 7 0 2 7 0 2 7 0 2 7 1 2 7 0 2 7 1 2 7 17 18 2 1 2 7 5 31 3 1 2 11 0 2 4 0 40.0670827627182007
17 9 2 0 2 7 1 2 7 1 2 7 0 2 7 5 31 3 1 2 7 1 2 7 1 2 7 17 9 2 1 2 7 17 9 2 16 6 2 1 2 7 13 6 3 0 2 7 0 2 7 5 31 3 0 2 7 0 2 7 0 2 7 0 2 7 1 2 7 0 2 7 0 2 7 0 2 7 0 2 7 0 2 7 1 2 7 0 2 7 0 2 7 0 2 7 1 2 7 0 2 7 1 2 7 17 18 2 1 2 7 5 31 3 1 2 11 0 2 4 0 40.0670827627182007
17 9 2 0 2 7 1 2 7 1 2 7 0 2 7 5 31 3 1 2 7 1 2 7 1 2 7 17 9 2 1 2 7 17 9 2 16 6 2 1 2 7 13 6 3 0 2 7 0 2 7 5 31 3 0 2 7 0 2 7 0 2 7 0 2 7 1 2 7 0 2 7 0 2 7 0 2 7 0 2 7 0 2 7 1 2 7 0 2 7 0 2 7 0 2 7 1 2 7 0 2 7 1 2 7 17 18 2 1 2 7 5 31 3 1 2 11 0 2 4 0 40.0670827627182007
17 9 2 0 2 7 1 2 7 1 2 7 0 2 7 5 31 3 1 2 7 1 2 7 1 2 7 17 9 2 1 2 7 17 9 2 16 6 2 1 2 7 13 6 3 0 2 7 0 2 7 5 31 3 0 2 7 0 2 7 0 2 7 0 2 7 1 2 7 0 2 7 0 2 7 0 2 7 0 2 7 0 2 7 1 2 7 0 2 7 0 2 7 0 2 7 1 2 7 0 2 7 1 2 7 17 18 2 1 2 7 5 31 3 1 2 11 0 2 4 0 40.0670827627182007
17 9 2 0 2 7 1 2 7 1 2 7 0 2 7 5 31 3 1 2 7 1 2 7 1 2 7 17 9 2 1 2 7 17 9 2 16 6 2 1 2 7 13 6 3 0 2 7 0 2 7 5 31 3 0 2 7 0 2 7 0 2 7 0 2 7 1 2 7 0 2 7 0 2 7 0 2 7 0 2 7 0 2 7 1 2 7 0 2 7 0 2 7 0 2 7 1 2 7 0 2 7 1 2 7 17 18 2 1 2 7 5 31 3 1 2 11 0 2 4 0 40.0670827627182007
17 9 2 0 2 7 1 2 7 1 2 7 0 2 7 5 31 3 1 2 7 1 2 7 1 2 7 17 9 2 1 2 7 17 9 2 16 6 2 1 2 7 13 6 3 0 2 7 0 2 7 5 31 3 0 2 7 0 2 7 0 2 7 0 2 7 1 2 7 0 2 7 0 2 7 0 2 7 0 2 7 0 2 7 1 2 7 0 2 7 0 2 7 0 2 7 1 2 7 0 2 7 1 2 7 17 18 2 1 2 7 5 31 3 1 2 11 0 2 4 0 40.0670827627182007
17 9 2 0 2 7 1 2 7 1 2 7 0 2 7 5 31 3 1 2 7 1 2 7 1 2 7 17 9 2 1 2 7 17 9 2 16 6 2 1 2 7 13 6 3 0 2 7 0 2 7 5 31 3 0 2 7 0 2 7 0 2 7 0 2 7 1 2 7 0 2 7 0 2 7 0 2 7 0 2 7 0 2 7 1 2 7 0 2 7 0 2 7 0 2 7 1 2 7 0 2 7 1 2 7 17 18 2 1 2 7 5 31 3 1 2 11 0 2 4 0 40.0670827627182007
17 9 2 0 2 7 1 2 7 1 2 7 0 2 7 5 31 3 1 2 7 1 2 7 1 2 7 17 9 2 1 2 7 17 9 2 16 6 2 1 2 7 13 6 3 0 2 7 0 2 7 5 31 3 0 2 7 0 2 7 0 2 7 0 2 7 1 2 7 0 2 7 0 2 7 0 2 7 0 2 7 0 2 7 1 2 7 0 2 7 0 2 7 0 2 7 1 2 7 0 2 7 1 2 7 17 18 2 1 2 7 5 31 3 1 2 11 0 2 4 0 40.0670827627182007
17 9 2 0 2 7 1 2 7 1 2 7 0 2 7 5 31 3 1 2 7 1 2 7 1 2 7 17 9 2 1 2 7 17 9 2 16 6 2 1 2 7 13 6 3 0 2 7 0 2 7 5 31 3 0 2 7 0 2 7 0 2 7 0 2 7 1 2 7 0 2 7 0 2 7 0 2 7 0 2 7 0 2 7 1 2 7 0 2 7 0 2 7 0 2 7 1 2 7 0 2 7 1 2 7 17 18 2 1 2 7 5 31 3 1 2 11 0 2 4 0 40.0670827627182007
17 9 2 0 2 7 1 2 7 1 2 7 0 2 7 5 31 3 1 2 7 1 2 7 1 2 7 17 9 2 1 2 7 17 9 2 16 6 2 1 2 7 13 6 3 0 2 7 0 2 7 5 31 3 0 2 7 0 2 7 0 2 7 0 2 7 1 2 7 0 2 7 0 2 7 0 2 7 0 2 7 0 2 7 1 2 7 0 2 7 0 2 7 0 2 7 1 2 7 0 2 7 1 2 7 17 18 2 1 2 7 5 31 3 1 2 11 0 2 4 0 40.0670827627182007
17 9 2 0 2 7 1 2 7 1 2 7 0 2 7 5 31 3 1 2 7 1 2 7 1 2 7 17 9 2 1 2 7 17 9 2 16 6 2 1 2 7 13 6 3 0 2 7 0 2 7 5 31 3 0 2 7 0 2 7 0 2 7 0 2 7 1 2 7 0 2 7 0 2 7 0 2 7 0 2 7 0 2 7 1 2 7 0 2 7 0 2 7 0 2 7 1 2 7 0 2 7 1 2 7 17 18 2 1 2 7 5 31 3 1 2 11 0 2 4 0 40.0670827627182007
17 9 2 0 2 7 1 2 7 1 2 7 0 2 7 5 31 3 1 2 7 1 2 7 1 2 7 17 9 2 1 2 7 17 9 2 16 6 2 1 2 7 13 6 3 0 2 7 0 2 7 5 31 3 0 2 7 0 2 7 0 2 7 0 2 7 1 2 7 0 2 7 0 2 7 0 2 7 0 2 7 0 2 7 1 2 7 0 2 7 0 2 7 0 2 7 1 2 7 0 2 7 1 2 7 17 18 2 1 2 7 5 31 3 1 2 11 0 2 4 0 40.0670827627182007
17 9 2 0 2 7 1 2 7 1 2 7 0 2 7 5 31 3 1 2 7 1 2 7 1 2 7 17 9 2 1 2 7 17 9 2 16 6 2 1 2 7 13 6 3 0 2 7 0 2 7 5 31 3 0 2 7 0 2 7 0 2 7 0 2 7 1 2 7 0 2 7 0 2 7 0 2 7 0 2 7 0 2 7 1 2 7 0 2 7 0 2 7 0 2 7 1 2 7 0 2 7 1 2 7 17 18 2 1 2 7 5 31 3 1 2 11 0 2 4 0 40.0670827627182007
17 9 2 0 2 7 1 2 7 1 2 7 0 2 7 5 31 3 1 2 7 1 2 7 1 2 7 17 9 2 1 2 7 17 9 2 16 6 2 1 2 7 13 6 3 0 2 7 0 2 7 5 31 3 0 2 7 0 2 7 0 2 7 0 2 7 1 2 7 0 2 7 0 2 7 0 2 7 0 2 7 0 2 7 1 2 7 0 2 7 0 2 7 0 2 7 1 2 7 0 2 7 1 2 7 17 18 2 1 2 7 5 31 3 1 2 11 0 2 4 0 40.0670827627182007
17 9 2 0 2 7 1 2 7 1 2 7 0 2 7 5 31 3 1 2 7 1 2 7 1 2 7 17 9 2 1 2 7 17 9 2 16 6 2 1 2 7 13 6 3 0 2 7 0 2 7 5 31 3 0 2 7 0 2 7 0 2 7 0 2 7 1 2 7 0 2 7 0 2 7 0 2 7 0 2 7 0 2 7 1 2 7 0 2 7 0 2 7 0 2 7 1 2 7 0 2 7 1 2 7 17 18 2 1 2 7 5 31 3 1 2 11 0 2 4 0 40.0670827627182007
17 9 2 0 2 7 1 2 7 1 2 7 0 2 7 5 31 3 1 2 7 1 2 7 1 2 7 17 9 2 1 2 7 17 9 2 16 6 2 1 2 7 13 6 3 0 2 7 0 2 7 5 31 3 0 2 7 0 2 7 0 2 7 0 2 7 1 2 7 0 2 7 0 2 7 0 2 7 0 2 7 0 2 7 1 2 7 0 2 7 0 2 7 0 2 7 1 2 7 0 2 7 1 2 7 17 18 2 1 2 7 5 31 3 1 2 11 0 2 4 0 40.0670827627182007
17 9 2 0 2 7 1 2 7 1 2 7 0 2 7 5 31 3 1 2 7 1 2 7 1 2 7 17 9 2 1 2 7 17 9 2 16 6 2 1 2 7 13 6 3 0 2 7 0 2 7 5 31 3 0 2 7 0 2 7 0 2 7 0 2 7 1 2 7 0 2 7 0 2 7 0 2 7 0 2 7 0 2 7 1 2 7 0 2 7 0 2 7 0 2 7 1 2 7 0 2 7 1 2 7 17 18 2 1 2 7 5 31 3 1 2 11 0 2 4 0 40.0670827627182007
17 9 2 0 2 7 1 2 7 1 2 7 0 2 7 5 31 3 1 2 7 1 2 7 1 2 7 17 9 2 1 2 7 17 9 2 16 6 2 1 2 7 13 6 3 0 2 7 0 2 7 5 31 3 0 2 7 0 2 7 0 2 7 0 2 7 1 2 7 0 2 7 0 2 7 0 2 7 0 2 7 0 2 7 1 2 7 0 2 7 0 2 7 0 2 7 1 2 7 0 2 7 1 2 7 17 18 2 1 2 7 5 31 3 1 2 11 0 2 4 0 40.0670827627182007
17 9 2 0 2 7 1 2 7 1 2 7 0 2 7 5 31 3 1 2 7 1 2 7 1 2 7 17 9 2 1 2 7 17 9 2 16 6 2 1 2 7 13 6 3 0 2 7 0 2 7 5 31 3 0 2 7 0 2 7 0 2 7 0 2 7 1 2 7 0 2 7 0 2 7 0 2 7 0 2 7 0 2 7 1 2 7 0 2 7 0 2 7 0 2 7 1 2 7 0 2 7 1 2 7 17 18 2 1 2 7 5 31 3 1 2 11 0 2 4 0 40.0670827627182007
17 9 2 0 2 7 1 2 7 1 2 7 0 2 7 5 31 3 1 2 7 1 2 7 1 2 7 17 9 2 1 2 7 17 9 2 16 6 2 1 2 7 13 6 3 0 2 7 0 2 7 5 31 3 0 2 7 0 2 7 0 2 7 0 2 7 1 2 7 0 2 7 0 2 7 0 2 7 0 2 7 0 2 7 1 2 7 0 2 7 0 2 7 0 2 7 1 2 7 0 2 7 1 2 7 17 18 2 1 2 7 5 31 3 1 2 11 0 2 4 0 40.0670827627182007
17 9 2 0 2 7 1 2 7 1 2 7 0 2 7 5 31 3 1 2 7 1 2 7 1 2 7 17 9 2 1 2 7 17 9 2 16 6 2 1 2 7 13 6 3 0 2 7 0 2 7 5 31 3 0 2 7 0 2 7 0 2 7 0 2 7 1 2 7 0 2 7 0 2 7 0 2 7 0 2 7 0 2 7 1 2 7 0 2 7 0 2 7 0 2 7 1 2 7 0 2 7 1 2 7 17 18 2 1 2 7 5 31 3 1 2 11 0 2 4 0 40.0670827627182007
17 9 2 0 2 7 1 2 7 1 2 7 0 2 7 5 31 3 1 2 7 1 2 7 1 2 7 17 9 2 1 2 7 17 9 2 16 6 2 1 2 7 13 6 3 0 2 7 0 2 7 5 31 3 0 2 7 0 2 7 0 2 7 0 2 7 1 2 7 0 2 7 0 2 7 0 2 7 0 2 7 0 2 7 1 2 7 0 2 7 0 2 7 0 2 7 1 2 7 0 2 7 1 2 7 17 18 2 1 2 7 5 31 3 1 2 11 0 2 4 0 40.0670827627182007
17 9 2 0 2 7 1 2 7 1 2 7 0 2 7 5 31 3 1 2 7 1 2 7 1 2 7 17 9 2 1 2 7 17 9 2 16 6 2 1 2 7 13 6 3 0 2 7 0 2 7 5 31 3 0 2 7 0 2 7 0 2 7 0 2 7 1 2 7 0 2 7 0 2 7 0 2 7 0 2 7 0 2 7 1 2 7 0 2 7 0 2 7 0 2 7 1 2 7 0 2 7 1 2 7 17 18 2 1 2 7 5 31 3 1 2 11 0 2 4 0 40.0670827627182007
17 9 2 0 2 7 1 2 7 1 2 7 0 2 7 5 31 3 1 2 7 1 2 7 1 2 7 17 9 2 1 2 7 17 9 2 16 6 2 1 2 7 13 6 3 0 2 7 0 2 7 5 31 3 0 2 7 0 2 7 0 2 7 0 2 7 1 2 7 0 2 7 0 2 7 0 2 7 0 2 7 0 2 7 1 2 7 0 2 7 0 2 7 0 2 7 1 2 7 0 2 7 1 2 7 17 18 2 1 2 7 5 31 3 1 2 11 0 2 4 0 40.0670827627182007
17 9 2 0 2 7 1 2 7 1 2 7 0 2 7 5 31 3 1 2 7 1 2 7 1 2 7 17 9 2 1 2 7 17 9 2 16 6 2 1 2 7 13 6 3 0 2 7 0 2 7 5 31 3 0 2 7 0 2 7 0 2 7 0 2 7 1 2 7 0 2 7 0 2 7 0 2 7 0 2 7 0 2 7 1 2 7 0 2 7 0 2 7 0 2 7 1 2 7 0 2 7 1 2 7 17 18 2 1 2 7 5 31 3 1 2 11 0 2 4 0 40.0670827627182007
17 9 2 0 2 7 1 2 7 1 2 7 0 2 7 5 31 3 1 2 7 1 2 7 1 2 7 17 9 2 1 2 7 17 9 2 16 6 2 1 2 7 13 6 3 0 2 7 0 2 7 5 31 3 0 2 7 0 2 7 0 2 7 0 2 7 1 2 7 0 2 7 0 2 7 0 2 7 0 2 7 0 2 7 1 2 7 0 2 7 0 2 7 0 2 7 1 2 7 0 2 7 1 2 7 17 18 2 1 2 7 5 31 3 1 2 11 0 2 4 0 40.0670827627182007
17 9 2 0 2 7 1 2 7 1 2 7 0 2 7 5 31 3 1 2 7 1 2 7 1 2 7 17 9 2 1 2 7 17 9 2 16 6 2 1 2 7 13 6 3 0 2 7 0 2 7 5 31 3 0 2 7 0 2 7 0 2 7 0 2 7 1 2 7 0 2 7 0 2 7 0 2 7 0 2 7 0 2 7 1 2 7 0 2 7 0 2 7 0 2 7 1 2 7 0 2 7 1 2 7 17 18 2 1 2 7 5 31 3 1 2 11 0 2 4 0 40.0670827627182007
17 9 2 0 2 7 1 2 7 1 2 7 0 2 7 5 31 3 1 2 7 1 2 7 1 2 7 17 9 2 1 2 7 17 9 2 16 6 2 1 2 7 13 6 3 0 2 7 0 2 7 5 31 3 0 2 7 0 2 7 0 2 7 0 2 7 1 2 7 0 2 7 0 2 7 0 2 7 0 2 7 0 2 7 1 2 7 0 2 7 0 2 7 0 2 7 1 2 7 0 2 7 1 2 7 17 18 2 1 2 7 5 31 3 1 2 11 0 2 4 0 40.0670827627182007
17 9 2 0 2 7 1 2 7 1 2 7 0 2 7 5 31 3 1 2 7 1 2 7 1 2 7 17 9 2 1 2 7 17 9 2 16 6 2 1 2 7 13 6 3 0 2 7 0 2 7 5 31 3 0 2 7 0 2 7 0 2 7 0 2 7 1 2 7 0 2 7 0 2 7 0 2 7 0 2 7 0 2 7 1 2 7 0 2 7 0 2 7 0 2 7 1 2 7 0 2 7 1 2 7 17 18 2 1 2 7 5 31 3 1 2 11 0 2 4 0 40.0670827627182007
17 9 2 0 2 7 1 2 7 1 2 7 0 2 7 5 31 3 1 2 7 1 2 7 1 2 7 17 9 2 1 2 7 17 9 2 16 6 2 1 2 7 13 6 3 0 2 7 0 2 7 5 31 3 0 2 7 0 2 7 0 2 7 0 2 7 1 2 7 0 2 7 0 2 7 0 2 7 0 2 7 0 2 7 1 2 7 0 2 7 0 2 7 0 2 7 1 2 7 0 2 7 1 2 7 17 18 2 1 2 7 5 31 3 1 2 11 0 2 4 0 40.0670827627182007
17 9 2 0 2 7 1 2 7 1 2 7 0 2 7 5 31 3 1 2 7 1 2 7 1 2 7 17 9 2 1 2 7 17 9 2 16 6 2 1 2 7 13 6 3 0 2 7 0 2 7 5 31 3 0 2 7 0 2 7 0 2 7 0 2 7 1 2 7 0 2 7 0 2 7 0 2 7 0 2 7 0 2 7 1 2 7 0 2 7 0 2 7 0 2 7 1 2 7 0 2 7 1 2 7 17 18 2 1 2 7 5 31 3 1 2 11 0 2 4 0 40.0670827627182007
17 9 2 0 2 7 1 2 7 1 2 7 0 2 7 5 31 3 1 2 7 1 2 7 1 2 7 17 9 2 1 2 7 17 9 2 16 6 2 1 2 7 13 6 3 0 2 7 0 2 7 5 31 3 0 2 7 0 2 7 0 2 7 0 2 7 1 2 7 0 2 7 0 2 7 0 2 7 0 2 7 0 2 7 1 2 7 0 2 7 0 2 7 0 2 7 1 2 7 0 2 7 1 2 7 17 18 2 1 2 7 5 31 3 1 2 11 0 2 4 0 40.0670827627182007
17 9 2 0 2 7 1 2 7 1 2 7 0 2 7 5 31 3 1 2 7 1 2 7 1 2 7 17 9 2 1 2 7 17 9 2 16 6 2 1 2 7 13 6 3 0 2 7 0 2 7 5 31 3 0 2 7 0 2 7 0 2 7 0 2 7 1 2 7 0 2 7 0 2 7 0 2 7 0 2 7 0 2 7 1 2 7 0 2 7 0 2 7 0 2 7 1 2 7 0 2 7 1 2 7 17 18 2 1 2 7 5 31 3 1 2 11 0 2 4 0 40.0670827627182007
17 9 2 0 2 7 1 2 7 1 2 7 0 2 7 5 31 3 1 2 7 1 2 7 1 2 7 17 9 2 1 2 7 17 9 2 16 6 2 1 2 7 13 6 3 0 2 7 0 2 7 5 31 3 0 2 7 0 2 7 0 2 7 0 2 7 1 2 7 0 2 7 0 2 7 0 2 7 0 2 7 0 2 7 1 2 7 0 2 7 0 2 7 0 2 7 1 2 7 0 2 7 1 2 7 17 18 2 1 2 7 5 31 3 1 2 11 0 2 4 0 40.0670827627182007
17 9 2 0 2 7 1 2 7 1 2 7 0 2 7 5 31 3 1 2 7 1 2 7 1 2 7 17 9 2 1 2 7 17 9 2 16 6 2 1 2 7 13 6 3 0 2 7 0 2 7 5 31 3 0 2 7 0 2 7 0 2 7 0 2 7 1 2 7 0 2 7 0 2 7 0 2 7 0 2 7 0 2 7 1 2 7 0 2 7 0 2 7 0 2 7 1 2 7 0 2 7 1 2 7 17 18 2 1 2 7 5 31 3 1 2 11 0 2 4 0 40.0670827627182007
17 9 2 0 2 7 1 2 7 1 2 7 0 2 7 5 31 3 1 2 7 1 2 7 1 2 7 17 9 2 1 2 7 17 9 2 16 6 2 1 2 7 13 6 3 0 2 7 0 2 7 5 31 3 0 2 7 0 2 7 0 2 7 0 2 7 1 2 7 0 2 7 0 2 7 0 2 7 0 2 7 0 2 7 1 2 7 0 2 7 0 2 7 0 2 7 1 2 7 0 2 7 1 2 7 17 18 2 1 2 7 5 31 3 1 2 11 0 2 4 0 40.0670827627182007
17 9 2 0 2 7 1 2 7 1 2 7 0 2 7 5 31 3 1 2 7 1 2 7 1 2 7 17 9 2 1 2 7 17 9 2 16 6 2 1 2 7 13 6 3 0 2 7 0 2 7 5 31 3 0 2 7 0 2 7 0 2 7 0 2 7 1 2 7 0 2 7 0 2 7 0 2 7 0 2 7 0 2 7 1 2 7 0 2 7 0 2 7 0 2 7 1 2 7 0 2 7 1 2 7 17 18 2 1 2 7 5 31 3 1 2 11 0 2 4 0 40.0670827627182007
17 9 2 0 2 7 1 2 7 1 2 7 0 2 7 5 31 3 1 2 7 1 2 7 1 2 7 17 9 2 1 2 7 17 9 2 16 6 2 1 2 7 13 6 3 0 2 7 0 2 7 5 31 3 0 2 7 0 2 7 0 2 7 0 2 7 1 2 7 0 2 7 0 2 7 0 2 7 0 2 7 0 2 7 1 2 7 0 2 7 0 2 7 0 2 7 1 2 7 0 2 7 1 2 7 17 18 2 1 2 7 5 31 3 1 2 11 0 2 4 0 40.0670827627182007
17 9 2 0 2 7 1 2 7 1 2 7 0 2 7 5 31 3 1 2 7 1 2 7 1 2 7 17 9 2 1 2 7 17 9 2 16 6 2 1 2 7 13 6 3 0 2 7 0 2 7 5 31 3 0 2 7 0 2 7 0 2 7 0 2 7 1 2 7 0 2 7 0 2 7 0 2 7 0 2 7 0 2 7 1 2 7 0 2 7 0 2 7 0 2 7 1 2 7 0 2 7 1 2 7 17 18 2 1 2 7 5 31 3 1 2 11 0 2 4 0 40.0670827627182007
17 9 2 0 2 7 1 2 7 1 2 7 0 2 7 5 31 3 1 2 7 1 2 7 1 2 7 17 9 2 1 2 7 17 9 2 16 6 2 1 2 7 13 6 3 0 2 7 0 2 7 5 31 3 0 2 7 0 2 7 0 2 7 0 2 7 1 2 7 0 2 7 0 2 7 0 2 7 0 2 7 0 2 7 1 2 7 0 2 7 0 2 7 0 2 7 1 2 7 0 2 7 1 2 7 17 18 2 1 2 7 5 31 3 1 2 11 0 2 4 0 40.0670827627182007
17 9 2 0 2 7 1 2 7 1 2 7 0 2 7 5 31 3 1 2 7 1 2 7 1 2 7 17 9 2 1 2 7 17 9 2 16 6 2 1 2 7 13 6 3 0 2 7 0 2 7 5 31 3 0 2 7 0 2 7 0 2 7 0 2 7 1 2 7 0 2 7 0 2 7 0 2 7 0 2 7 0 2 7 1 2 7 0 2 7 0 2 7 0 2 7 1 2 7 0 2 7 1 2 7 17 18 2 1 2 7 5 31 3 1 2 11 0 2 4 0 40.0670827627182007
17 9 2 0 2 7 1 2 7 1 2 7 0 2 7 5 31 3 1 2 7 1 2 7 1 2 7 17 9 2 1 2 7 17 9 2 16 6 2 1 2 7 13 6 3 0 2 7 0 2 7 5 31 3 0 2 7 0 2 7 0 2 7 0 2 7 1 2 7 0 2 7 0 2 7 0 2 7 0 2 7 0 2 7 1 2 7 0 2 7 0 2 7 0 2 7 1 2 7 0 2 7 1 2 7 17 18 2 1 2 7 5 31 3 1 2 11 0 2 4 0 40.0670827627182007
17 9 2 0 2 7 1 2 7 1 2 7 0 2 7 5 31 3 1 2 7 1 2 7 1 2 7 17 9 2 1 2 7 17 9 2 16 6 2 1 2 7 13 6 3 0 2 7 0 2 7 5 31 3 0 2 7 0 2 7 0 2 7 0 2 7 1 2 7 0 2 7 0 2 7 0 2 7 0 2 7 0 2 7 1 2 7 0 2 7 0 2 7 0 2 7 1 2 7 0 2 7 1 2 7 17 18 2 1 2 7 5 31 3 1 2 11 0 2 4 0 40.0670827627182007
17 9 2 0 2 7 1 2 7 1 2 7 0 2 7 5 31 3 1 2 7 1 2 7 1 2 7 17 9 2 1 2 7 17 9 2 16 6 2 1 2 7 13 6 3 0 2 7 0 2 7 5 31 3 0 2 7 0 2 7 0 2 7 0 2 7 1 2 7 0 2 7 0 2 7 0 2 7 0 2 7 0 2 7 1 2 7 0 2 7 0 2 7 0 2 7 1 2 7 0 2 7 1 2 7 17 18 2 1 2 7 5 31 3 1 2 11 0 2 4 0 40.0670827627182007
17 9 2 0 2 7 1 2 7 1 2 7 0 2 7 5 31 3 1 2 7 1 2 7 1 2 7 17 9 2 1 2 7 17 9 2 16 6 2 1 2 7 13 6 3 0 2 7 0 2 7 5 31 3 0 2 7 0 2 7 0 2 7 0 2 7 1 2 7 0 2 7 0 2 7 0 2 7 0 2 7 0 2 7 1 2 7 0 2 7 0 2 7 0 2 7 1 2 7 0 2 7 1 2 7 17 18 2 1 2 7 5 31 3 1 2 11 0 2 4 0 40.0670827627182007
17 9 2 0 2 7 1 2 7 1 2 7 0 2 7 5 31 3 1 2 7 1 2 7 1 2 7 17 9 2 1 2 7 17 9 2 16 6 2 1 2 7 13 6 3 0 2 7 0 2 7 5 31 3 0 2 7 0 2 7 0 2 7 0 2 7 1 2 7 0 2 7 0 2 7 0 2 7 0 2 7 0 2 7 1 2 7 0 2 7 0 2 7 0 2 7 1 2 7 0 2 7 1 2 7 17 18 2 1 2 7 5 31 3 1 2 11 0 2 4 0 40.0670827627182007
17 9 2 0 2 7 1 2 7 1 2 7 0 2 7 5 31 3 1 2 7 1 2 7 1 2 7 17 9 2 1 2 7 17 9 2 16 6 2 1 2 7 13 6 3 0 2 7 0 2 7 5 31 3 0 2 7 0 2 7 0 2 7 0 2 7 1 2 7 0 2 7 0 2 7 0 2 7 0 2 7 0 2 7 1 2 7 0 2 7 0 2 7 0 2 7 1 2 7 0 2 7 1 2 7 17 18 2 1 2 7 5 31 3 1 2 11 0 2 4 0 40.0670827627182007
17 9 2 0 2 7 1 2 7 1 2 7 0 2 7 5 31 3 1 2 7 1 2 7 1 2 7 17 9 2 1 2 7 17 9 2 16 6 2 1 2 7 13 6 3 0 2 7 0 2 7 5 31 3 0 2 7 0 2 7 0 2 7 0 2 7 1 2 7 0 2 7 0 2 7 0 2 7 0 2 7 0 2 7 1 2 7 0 2 7 0 2 7 0 2 7 1 2 7 0 2 7 1 2 7 17 18 2 1 2 7 5 31 3 1 2 11 0 2 4 0 40.0670827627182007
17 9 2 0 2 7 1 2 7 1 2 7 0 2 7 5 31 3 1 2 7 1 2 7 1 2 7 17 9 2 1 2 7 17 9 2 16 6 2 1 2 7 13 6 3 0 2 7 0 2 7 5 31 3 0 2 7 0 2 7 0 2 7 0 2 7 1 2 7 0 2 7 0 2 7 0 2 7 0 2 7 0 2 7 1 2 7 0 2 7 0 2 7 0 2 7 1 2 7 0 2 7 1 2 7 17 18 2 1 2 7 5 31 3 1 2 11 0 2 4 0 40.0670827627182007
17 9 2 0 2 7 1 2 7 1 2 7 0 2 7 5 31 3 1 2 7 1 2 7 1 2 7 17 9 2 1 2 7 17 9 2 16 6 2 1 2 7 13 6 3 0 2 7 0 2 7 5 31 3 0 2 7 0 2 7 0 2 7 0 2 7 1 2 7 0 2 7 0 2 7 0 2 7 0 2 7 0 2 7 1 2 7 0 2 7 0 2 7 0 2 7 1 2 7 0 2 7 1 2 7 17 18 2 1 2 7 5 31 3 1 2 11 0 2 4 0 40.0670827627182007
17 9 2 0 2 7 1 2 7 1 2 7 0 2 7 5 31 3 1 2 7 1 2 7 1 2 7 17 9 2 1 2 7 17 9 2 16 6 2 1 2 7 13 6 3 0 2 7 0 2 7 5 31 3 0 2 7 0 2 7 0 2 7 0 2 7 1 2 7 0 2 7 0 2 7 0 2 7 0 2 7 0 2 7 1 2 7 0 2 7 0 2 7 0 2 7 1 2 7 0 2 7 1 2 7 17 18 2 1 2 7 5 31 3 1 2 11 0 2 4 0 40.0670827627182007
17 9 2 0 2 7 1 2 7 1 2 7 0 2 7 5 31 3 1 2 7 1 2 7 1 2 7 17 9 2 1 2 7 17 9 2 16 6 2 1 2 7 13 6 3 0 2 7 0 2 7 5 31 3 0 2 7 0 2 7 0 2 7 0 2 7 1 2 7 0 2 7 0 2 7 0 2 7 0 2 7 0 2 7 1 2 7 0 2 7 0 2 7 0 2 7 1 2 7 0 2 7 1 2 7 17 18 2 1 2 7 5 31 3 1 2 11 0 2 4 0 40.0670827627182007
17 9 2 0 2 7 1 2 7 1 2 7 0 2 7 5 31 3 1 2 7 1 2 7 1 2 7 17 9 2 1 2 7 17 9 2 16 6 2 1 2 7 13 6 3 0 2 7 0 2 7 5 31 3 0 2 7 0 2 7 0 2 7 0 2 7 1 2 7 0 2 7 0 2 7 0 2 7 0 2 7 0 2 7 1 2 7 0 2 7 0 2 7 0 2 7 1 2 7 0 2 7 1 2 7 17 18 2 1 2 7 5 31 3 1 2 11 0 2 4 0 40.0670827627182007
17 9 2 0 2 7 1 2 7 1 2 7 0 2 7 5 31 3 1 2 7 1 2 7 1 2 7 17 9 2 1 2 7 17 9 2 16 6 2 1 2 7 13 6 3 0 2 7 0 2 7 5 31 3 0 2 7 0 2 7 0 2 7 0 2 7 1 2 7 0 2 7 0 2 7 0 2 7 0 2 7 0 2 7 1 2 7 0 2 7 0 2 7 0 2 7 1 2 7 0 2 7 1 2 7 17 18 2 1 2 7 5 31 3 1 2 11 0 2 4 0 40.0670827627182007
17 9 2 0 2 7 1 2 7 1 2 7 0 2 7 5 31 3 1 2 7 1 2 7 1 2 7 17 9 2 1 2 7 17 9 2 16 6 2 1 2 7 13 6 3 0 2 7 0 2 7 5 31 3 0 2 7 0 2 7 0 2 7 0 2 7 1 2 7 0 2 7 0 2 7 0 2 7 0 2 7 0 2 7 1 2 7 0 2 7 0 2 7 0 2 7 1 2 7 0 2 7 1 2 7 17 18 2 1 2 7 5 31 3 1 2 11 0 2 4 0 40.0670827627182007
17 9 2 0 2 7 1 2 7 1 2 7 0 2 7 5 31 3 1 2 7 1 2 7 1 2 7 17 9 2 1 2 7 17 9 2 16 6 2 1 2 7 13 6 3 0 2 7 0 2 7 5 31 3 0 2 7 0 2 7 0 2 7 0 2 7 1 2 7 0 2 7 0 2 7 0 2 7 0 2 7 0 2 7 1 2 7 0 2 7 0 2 7 0 2 7 1 2 7 0 2 7 1 2 7 17 18 2 1 2 7 5 31 3 1 2 11 0 2 4 0 40.0670827627182007
17 9 2 0 2 7 1 2 7 1 2 7 0 2 7 5 31 3 1 2 7 1 2 7 1 2 7 17 9 2 1 2 7 17 9 2 16 6 2 1 2 7 13 6 3 0 2 7 0 2 7 5 31 3 0 2 7 0 2 7 0 2 7 0 2 7 1 2 7 0 2 7 0 2 7 0 2 7 0 2 7 0 2 7 1 2 7 0 2 7 0 2 7 0 2 7 1 2 7 0 2 7 1 2 7 17 18 2 1 2 7 5 31 3 1 2 11 0 2 4 0 40.0670827627182007
17 9 2 0 2 7 1 2 7 1 2 7 0 2 7 5 31 3 1 2 7 1 2 7 1 2 7 17 9 2 1 2 7 17 9 2 16 6 2 1 2 7 13 6 3 0 2 7 0 2 7 5 31 3 0 2 7 0 2 7 0 2 7 0 2 7 1 2 7 0 2 7 0 2 7 0 2 7 0 2 7 0 2 7 1 2 7 0 2 7 0 2 7 0 2 7 1 2 7 0 2 7 1 2 7 17 18 2 1 2 7 5 31 3 1 2 11 0 2 4 0 40.0670827627182007
17 9 2 0 2 7 1 2 7 1 2 7 0 2 7 5 31 3 1 2 7 1 2 7 1 2 7 17 9 2 1 2 7 17 9 2 16 6 2 1 2 7 13 6 3 0 2 7 0 2 7 5 31 3 0 2 7 0 2 7 0 2 7 0 2 7 1 2 7 0 2 7 0 2 7 0 2 7 0 2 7 0 2 7 1 2 7 0 2 7 0 2 7 0 2 7 1 2 7 0 2 7 1 2 7 17 18 2 1 2 7 5 31 3 1 2 11 0 2 4 0 40.0670827627182007
17 9 2 0 2 7 1 2 7 1 2 7 0 2 7 5 31 3 1 2 7 1 2 7 1 2 7 17 9 2 1 2 7 17 9 2 16 6 2 1 2 7 13 6 3 0 2 7 0 2 7 5 31 3 0 2 7 0 2 7 0 2 7 0 2 7 1 2 7 0 2 7 0 2 7 0 2 7 0 2 7 0 2 7 1 2 7 0 2 7 0 2 7 0 2 7 1 2 7 0 2 7 1 2 7 17 18 2 1 2 7 5 31 3 1 2 11 0 2 4 0 40.0670827627182007
17 9 2 0 2 7 1 2 7 1 2 7 0 2 7 5 31 3 1 2 7 1 2 7 1 2 7 17 9 2 1 2 7 17 9 2 16 6 2 1 2 7 13 6 3 0 2 7 0 2 7 5 31 3 0 2 7 0 2 7 0 2 7 0 2 7 1 2 7 0 2 7 0 2 7 0 2 7 0 2 7 0 2 7 1 2 7 0 2 7 0 2 7 0 2 7 1 2 7 0 2 7 1 2 7 17 18 2 1 2 7 5 31 3 1 2 11 0 2 4 0 40.0670827627182007
17 9 2 0 2 7 1 2 7 1 2 7 0 2 7 5 31 3 1 2 7 1 2 7 1 2 7 17 9 2 1 2 7 17 9 2 16 6 2 1 2 7 13 6 3 0 2 7 0 2 7 5 31 3 0 2 7 0 2 7 0 2 7 0 2 7 1 2 7 0 2 7 0 2 7 0 2 7 0 2 7 0 2 7 1 2 7 0 2 7 0 2 7 0 2 7 1 2 7 0 2 7 1 2 7 17 18 2 1 2 7 5 31 3 1 2 11 0 2 4 0 40.0670827627182007
17 9 2 0 2 7 1 2 7 1 2 7 0 2 7 5 31 3 1 2 7 1 2 7 1 2 7 17 9 2 1 2 7 17 9 2 16 6 2 1 2 7 13 6 3 0 2 7 0 2 7 5 31 3 0 2 7 0 2 7 0 2 7 0 2 7 1 2 7 0 2 7 0 2 7 0 2 7 0 2 7 0 2 7 1 2 7 0 2 7 0 2 7 0 2 7 1 2 7 0 2 7 1 2 7 17 18 2 1 2 7 5 31 3 1 2 11 0 2 4 0 40.0670827627182007
17 9 2 0 2 7 1 2 7 1 2 7 0 2 7 5 31 3 1 2 7 1 2 7 1 2 7 17 9 2 1 2 7 17 9 2 16 6 2 1 2 7 13 6 3 0 2 7 0 2 7 5 31 3 0 2 7 0 2 7 0 2 7 0 2 7 1 2 7 0 2 7 0 2 7 0 2 7 0 2 7 0 2 7 1 2 7 0 2 7 0 2 7 0 2 7 1 2 7 0 2 7 1 2 7 17 18 2 1 2 7 5 31 3 1 2 11 0 2 4 0 40.0670827627182007
17 9 2 0 2 7 1 2 7 1 2 7 0 2 7 5 31 3 1 2 7 1 2 7 1 2 7 17 9 2 1 2 7 17 9 2 16 6 2 1 2 7 13 6 3 0 2 7 0 2 7 5 31 3 0 2 7 0 2 7 0 2 7 0 2 7 1 2 7 0 2 7 0 2 7 0 2 7 0 2 7 0 2 7 1 2 7 0 2 7 0 2 7 0 2 7 1 2 7 0 2 7 1 2 7 17 18 2 1 2 7 5 31 3 1 2 11 0 2 4 0 40.0670827627182007
17 9 2 0 2 7 1 2 7 1 2 7 0 2 7 5 31 3 1 2 7 1 2 7 1 2 7 17 9 2 1 2 7 17 9 2 16 6 2 1 2 7 13 6 3 0 2 7 0 2 7 5 31 3 0 2 7 0 2 7 0 2 7 0 2 7 1 2 7 0 2 7 0 2 7 0 2 7 0 2 7 0 2 7 1 2 7 0 2 7 0 2 7 0 2 7 1 2 7 0 2 7 1 2 7 17 18 2 1 2 7 5 31 3 1 2 11 0 2 4 0 40.0670827627182007
17 9 2 0 2 7 1 2 7 1 2 7 0 2 7 5 31 3 1 2 7 1 2 7 1 2 7 17 9 2 1 2 7 17 9 2 16 6 2 1 2 7 13 6 3 0 2 7 0 2 7 5 31 3 0 2 7 0 2 7 0 2 7 0 2 7 1 2 7 0 2 7 0 2 7 0 2 7 0 2 7 0 2 7 1 2 7 0 2 7 0 2 7 0 2 7 1 2 7 0 2 7 1 2 7 17 18 2 1 2 7 5 31 3 1 2 11 0 2 4 0 40.0670827627182007
17 9 2 0 2 7 1 2 7 1 2 7 0 2 7 5 31 3 1 2 7 1 2 7 1 2 7 17 9 2 1 2 7 17 9 2 16 6 2 1 2 7 13 6 3 0 2 7 0 2 7 5 31 3 0 2 7 0 2 7 0 2 7 0 2 7 1 2 7 0 2 7 0 2 7 0 2 7 0 2 7 0 2 7 1 2 7 0 2 7 0 2 7 0 2 7 1 2 7 0 2 7 1 2 7 17 18 2 1 2 7 5 31 3 1 2 11 0 2 4 0 40.0670827627182007
17 9 2 0 2 7 1 2 7 1 2 7 0 2 7 5 31 3 1 2 7 1 2 7 1 2 7 17 9 2 1 2 7 17 9 2 16 6 2 1 2 7 13 6 3 0 2 7 0 2 7 5 31 3 0 2 7 0 2 7 0 2 7 0 2 7 1 2 7 0 2 7 0 2 7 0 2 7 0 2 7 0 2 7 1 2 7 0 2 7 0 2 7 0 2 7 1 2 7 0 2 7 1 2 7 17 18 2 1 2 7 5 31 3 1 2 11 0 2 4 0 40.0670827627182007
17 9 2 0 2 7 1 2 7 1 2 7 0 2 7 5 31 3 1 2 7 1 2 7 1 2 7 17 9 2 1 2 7 17 9 2 16 6 2 1 2 7 13 6 3 0 2 7 0 2 7 5 31 3 0 2 7 0 2 7 0 2 7 0 2 7 1 2 7 0 2 7 0 2 7 0 2 7 0 2 7 0 2 7 1 2 7 0 2 7 0 2 7 0 2 7 1 2 7 0 2 7 1 2 7 17 18 2 1 2 7 5 31 3 1 2 11 0 2 4 0 40.0670827627182007
17 9 2 0 2 7 1 2 7 1 2 7 0 2 7 5 31 3 1 2 7 1 2 7 1 2 7 17 9 2 1 2 7 17 9 2 16 6 2 1 2 7 13 6 3 0 2 7 0 2 7 5 31 3 0 2 7 0 2 7 0 2 7 0 2 7 1 2 7 0 2 7 0 2 7 0 2 7 0 2 7 0 2 7 1 2 7 0 2 7 0 2 7 0 2 7 1 2 7 0 2 7 1 2 7 17 18 2 1 2 7 5 31 3 1 2 11 0 2 4 0 40.0670827627182007
17 9 2 0 2 7 1 2 7 1 2 7 0 2 7 5 31 3 1 2 7 1 2 7 1 2 7 17 9 2 1 2 7 17 9 2 16 6 2 1 2 7 13 6 3 0 2 7 0 2 7 5 31 3 0 2 7 0 2 7 0 2 7 0 2 7 1 2 7 0 2 7 0 2 7 0 2 7 0 2 7 0 2 7 1 2 7 0 2 7 0 2 7 0 2 7 1 2 7 0 2 7 1 2 7 17 18 2 1 2 7 5 31 3 1 2 11 0 2 4 0 40.0670827627182007
17 9 2 0 2 7 1 2 7 1 2 7 0 2 7 5 31 3 1 2 7 1 2 7 1 2 7 17 9 2 1 2 7 17 9 2 16 6 2 1 2 7 13 6 3 0 2 7 0 2 7 5 31 3 0 2 7 0 2 7 0 2 7 0 2 7 1 2 7 0 2 7 0 2 7 0 2 7 0 2 7 0 2 7 1 2 7 0 2 7 0 2 7 0 2 7 1 2 7 0 2 7 1 2 7 17 18 2 1 2 7 5 31 3 1 2 11 0 2 4 0 40.0670827627182007
17 9 2 0 2 7 1 2 7 1 2 7 0 2 7 5 31 3 1 2 7 1 2 7 1 2 7 17 9 2 1 2 7 17 9 2 16 6 2 1 2 7 13 6 3 0 2 7 0 2 7 5 31 3 0 2 7 0 2 7 0 2 7 0 2 7 1 2 7 0 2 7 0 2 7 0 2 7 0 2 7 0 2 7 1 2 7 0 2 7 0 2 7 0 2 7 1 2 7 0 2 7 1 2 7 17 18 2 1 2 7 5 31 3 1 2 11 0 2 4 0 40.0670827627182007
17 9 2 0 2 7 1 2 7 1 2 7 0 2 7 5 31 3 1 2 7 1 2 7 1 2 7 17 9 2 1 2 7 17 9 2 16 6 2 1 2 7 13 6 3 0 2 7 0 2 7 5 31 3 0 2 7 0 2 7 0 2 7 0 2 7 1 2 7 0 2 7 0 2 7 0 2 7 0 2 7 0 2 7 1 2 7 0 2 7 0 2 7 0 2 7 1 2 7 0 2 7 1 2 7 17 18 2 1 2 7 5 31 3 1 2 11 0 2 4 0 40.0670827627182007
17 9 2 0 2 7 1 2 7 1 2 7 0 2 7 5 31 3 1 2 7 1 2 7 1 2 7 17 9 2 1 2 7 17 9 2 16 6 2 1 2 7 13 6 3 0 2 7 0 2 7 5 31 3 0 2 7 0 2 7 0 2 7 0 2 7 1 2 7 0 2 7 0 2 7 0 2 7 0 2 7 0 2 7 1 2 7 0 2 7 0 2 7 0 2 7 1 2 7 0 2 7 1 2 7 17 18 2 1 2 7 5 31 3 1 2 11 0 2 4 0 40.0670827627182007
17 9 2 0 2 7 1 2 7 1 2 7 0 2 7 5 31 3 1 2 7 1 2 7 1 2 7 17 9 2 1 2 7 17 9 2 16 6 2 1 2 7 13 6 3 0 2 7 0 2 7 5 31 3 0 2 7 0 2 7 0 2 7 0 2 7 1 2 7 0 2 7 0 2 7 0 2 7 0 2 7 0 2 7 1 2 7 0 2 7 0 2 7 0 2 7 1 2 7 0 2 7 1 2 7 17 18 2 1 2 7 5 31 3 1 2 11 0 2 4 0 40.0670827627182007
17 9 2 0 2 7 1 2 7 1 2 7 0 2 7 5 31 3 1 2 7 1 2 7 1 2 7 17 9 2 1 2 7 17 9 2 16 6 2 1 2 7 13 6 3 0 2 7 0 2 7 5 31 3 0 2 7 0 2 7 0 2 7 0 2 7 1 2 7 0 2 7 0 2 7 0 2 7 0 2 7 0 2 7 1 2 7 0 2 7 0 2 7 0 2 7 1 2 7 0 2 7 1 2 7 17 18 2 1 2 7 5 31 3 1 2 11 0 2 4 0 40.0670827627182007
17 9 2 0 2 7 1 2 7 1 2 7 0 2 7 5 31 3 1 2 7 1 2 7 1 2 7 17 9 2 1 2 7 17 9 2 16 6 2 1 2 7 13 6 3 0 2 7 0 2 7 5 31 3 0 2 7 0 2 7 0 2 7 0 2 7 1 2 7 0 2 7 0 2 7 0 2 7 0 2 7 0 2 7 1 2 7 0 2 7 0 2 7 0 2 7 1 2 7 0 2 7 1 2 7 17 18 2 1 2 7 5 31 3 1 2 11 0 2 4 0 40.0670827627182007
17 9 2 0 2 7 1 2 7 1 2 7 0 2 7 5 31 3 1 2 7 1 2 7 1 2 7 17 9 2 1 2 7 17 9 2 16 6 2 1 2 7 13 6 3 0 2 7 0 2 7 5 31 3 0 2 7 0 2 7 0 2 7 0 2 7 1 2 7 0 2 7 0 2 7 0 2 7 0 2 7 0 2 7 1 2 7 0 2 7 0 2 7 0 2 7 1 2 7 0 2 7 1 2 7 17 18 2 1 2 7 5 31 3 1 2 11 0 2 4 0 40.0670827627182007
17 9 2 0 2 7 1 2 7 1 2 7 0 2 7 5 31 3 1 2 7 1 2 7 1 2 7 17 9 2 1 2 7 17 9 2 16 6 2 1 2 7 13 6 3 0 2 7 0 2 7 5 31 3 0 2 7 0 2 7 0 2 7 0 2 7 1 2 7 0 2 7 0 2 7 0 2 7 0 2 7 0 2 7 1 2 7 0 2 7 0 2 7 0 2 7 1 2 7 0 2 7 1 2 7 17 18 2 1 2 7 5 31 3 1 2 11 0 2 4 0 40.0670827627182007
17 9 2 0 2 7 1 2 7 1 2 7 0 2 7 5 31 3 1 2 7 1 2 7 1 2 7 17 9 2 1 2 7 17 9 2 16 6 2 1 2 7 13 6 3 0 2 7 0 2 7 5 31 3 0 2 7 0 2 7 0 2 7 0 2 7 1 2 7 0 2 7 0 2 7 0 2 7 0 2 7 0 2 7 1 2 7 0 2 7 0 2 7 0 2 7 1 2 7 0 2 7 1 2 7 17 18 2 1 2 7 5 31 3 1 2 11 0 2 4 0 40.0670827627182007
17 9 2 0 2 7 1 2 7 1 2 7 0 2 7 5 31 3 1 2 7 1 2 7 1 2 7 17 9 2 1 2 7 17 9 2 16 6 2 1 2 7 13 6 3 0 2 7 0 2 7 5 31 3 0 2 7 0 2 7 0 2 7 0 2 7 1 2 7 0 2 7 0 2 7 0 2 7 0 2 7 0 2 7 1 2 7 0 2 7 0 2 7 0 2 7 1 2 7 0 2 7 1 2 7 17 18 2 1 2 7 5 31 3 1 2 11 0 2 4 0 40.0670827627182007
17 9 2 0 2 7 1 2 7 1 2 7 0 2 7 5 31 3 1 2 7 1 2 7 1 2 7 17 9 2 1 2 7 17 9 2 16 6 2 1 2 7 13 6 3 0 2 7 0 2 7 5 31 3 0 2 7 0 2 7 0 2 7 0 2 7 1 2 7 0 2 7 0 2 7 0 2 7 0 2 7 0 2 7 1 2 7 0 2 7 0 2 7 0 2 7 1 2 7 0 2 7 1 2 7 17 18 2 1 2 7 5 31 3 1 2 11 0 2 4 0 40.0670827627182007
17 9 2 0 2 7 1 2 7 1 2 7 0 2 7 5 31 3 1 2 7 1 2 7 1 2 7 17 9 2 1 2 7 17 9 2 16 6 2 1 2 7 13 6 3 0 2 7 0 2 7 5 31 3 0 2 7 0 2 7 0 2 7 0 2 7 1 2 7 0 2 7 0 2 7 0 2 7 0 2 7 0 2 7 1 2 7 0 2 7 0 2 7 0 2 7 1 2 7 0 2 7 1 2 7 17 18 2 1 2 7 5 31 3 1 2 11 0 2 4 0 40.0670827627182007
17 9 2 0 2 7 1 2 7 1 2 7 0 2 7 5 31 3 1 2 7 1 2 7 1 2 7 17 9 2 1 2 7 17 9 2 16 6 2 1 2 7 13 6 3 0 2 7 0 2 7 5 31 3 0 2 7 0 2 7 0 2 7 0 2 7 1 2 7 0 2 7 0 2 7 0 2 7 0 2 7 0 2 7 1 2 7 0 2 7 0 2 7 0 2 7 1 2 7 0 2 7 1 2 7 17 18 2 1 2 7 5 31 3 1 2 11 0 2 4 0 40.0670827627182007
17 9 2 0 2 7 1 2 7 1 2 7 0 2 7 5 31 3 1 2 7 1 2 7 1 2 7 17 9 2 1 2 7 17 9 2 16 6 2 1 2 7 13 6 3 0 2 7 0 2 7 5 31 3 0 2 7 0 2 7 0 2 7 0 2 7 1 2 7 0 2 7 0 2 7 0 2 7 0 2 7 0 2 7 1 2 7 0 2 7 0 2 7 0 2 7 1 2 7 0 2 7 1 2 7 17 18 2 1 2 7 5 31 3 1 2 11 0 2 4 0 40.0670827627182007
17 9 2 0 2 7 1 2 7 1 2 7 0 2 7 5 31 3 1 2 7 1 2 7 1 2 7 17 9 2 1 2 7 17 9 2 16 6 2 1 2 7 13 6 3 0 2 7 0 2 7 5 31 3 0 2 7 0 2 7 0 2 7 0 2 7 1 2 7 0 2 7 0 2 7 0 2 7 0 2 7 0 2 7 1 2 7 0 2 7 0 2 7 0 2 7 1 2 7 0 2 7 1 2 7 17 18 2 1 2 7 5 31 3 1 2 11 0 2 4 0 40.0670827627182007
17 9 2 0 2 7 1 2 7 1 2 7 0 2 7 5 31 3 1 2 7 1 2 7 1 2 7 17 9 2 1 2 7 17 9 2 16 6 2 1 2 7 13 6 3 0 2 7 0 2 7 5 31 3 0 2 7 0 2 7 0 2 7 0 2 7 1 2 7 0 2 7 0 2 7 0 2 7 0 2 7 0 2 7 1 2 7 0 2 7 0 2 7 0 2 7 1 2 7 0 2 7 1 2 7 17 18 2 1 2 7 5 31 3 1 2 11 0 2 4 0 40.0670827627182007
17 9 2 0 2 7 1 2 7 1 2 7 0 2 7 5 31 3 1 2 7 1 2 7 1 2 7 17 9 2 1 2 7 17 9 2 16 6 2 1 2 7 13 6 3 0 2 7 0 2 7 5 31 3 0 2 7 0 2 7 0 2 7 0 2 7 1 2 7 0 2 7 0 2 7 0 2 7 0 2 7 0 2 7 1 2 7 0 2 7 0 2 7 0 2 7 1 2 7 0 2 7 1 2 7 17 18 2 1 2 7 5 31 3 1 2 11 0 2 4 0 40.0670827627182007
17 9 2 0 2 7 1 2 7 1 2 7 0 2 7 5 31 3 1 2 7 1 2 7 1 2 7 17 9 2 1 2 7 17 9 2 16 6 2 1 2 7 13 6 3 0 2 7 0 2 7 5 31 3 0 2 7 0 2 7 0 2 7 0 2 7 1 2 7 0 2 7 0 2 7 0 2 7 0 2 7 0 2 7 1 2 7 0 2 7 0 2 7 0 2 7 1 2 7 0 2 7 1 2 7 17 18 2 1 2 7 5 31 3 1 2 11 0 2 4 0 40.0670827627182007
17 9 2 0 2 7 1 2 7 1 2 7 0 2 7 5 31 3 1 2 7 1 2 7 1 2 7 17 9 2 1 2 7 17 9 2 16 6 2 1 2 7 13 6 3 0 2 7 0 2 7 5 31 3 0 2 7 0 2 7 0 2 7 0 2 7 1 2 7 0 2 7 0 2 7 0 2 7 0 2 7 0 2 7 1 2 7 0 2 7 0 2 7 0 2 7 1 2 7 0 2 7 1 2 7 17 18 2 1 2 7 5 31 3 1 2 11 0 2 4 0 40.0670827627182007
17 9 2 0 2 7 1 2 7 1 2 7 0 2 7 5 31 3 1 2 7 1 2 7 1 2 7 17 9 2 1 2 7 17 9 2 16 6 2 1 2 7 13 6 3 0 2 7 0 2 7 5 31 3 0 2 7 0 2 7 0 2 7 0 2 7 1 2 7 0 2 7 0 2 7 0 2 7 0 2 7 0 2 7 1 2 7 0 2 7 0 2 7 0 2 7 1 2 7 0 2 7 1 2 7 17 18 2 1 2 7 5 31 3 1 2 11 0 2 4 0 40.0670827627182007
17 9 2 0 2 7 1 2 7 1 2 7 0 2 7 5 31 3 1 2 7 1 2 7 1 2 7 17 9 2 1 2 7 17 9 2 16 6 2 1 2 7 13 6 3 0 2 7 0 2 7 5 31 3 0 2 7 0 2 7 0 2 7 0 2 7 1 2 7 0 2 7 0 2 7 0 2 7 0 2 7 0 2 7 1 2 7 0 2 7 0 2 7 0 2 7 1 2 7 0 2 7 1 2 7 17 18 2 1 2 7 5 31 3 1 2 11 0 2 4 0 40.0670827627182007
17 9 2 0 2 7 1 2 7 1 2 7 0 2 7 5 31 3 1 2 7 1 2 7 1 2 7 17 9 2 1 2 7 17 9 2 16 6 2 1 2 7 13 6 3 0 2 7 0 2 7 5 31 3 0 2 7 0 2 7 0 2 7 0 2 7 1 2 7 0 2 7 0 2 7 0 2 7 0 2 7 0 2 7 1 2 7 0 2 7 0 2 7 0 2 7 1 2 7 0 2 7 1 2 7 17 18 2 1 2 7 5 31 3 1 2 11 0 2 4 0 40.0670827627182007
17 9 2 0 2 7 1 2 7 1 2 7 0 2 7 5 31 3 1 2 7 1 2 7 1 2 7 17 9 2 1 2 7 17 9 2 16 6 2 1 2 7 13 6 3 0 2 7 0 2 7 5 31 3 0 2 7 0 2 7 0 2 7 0 2 7 1 2 7 0 2 7 0 2 7 0 2 7 0 2 7 0 2 7 1 2 7 0 2 7 0 2 7 0 2 7 1 2 7 0 2 7 1 2 7 17 18 2 1 2 7 5 31 3 1 2 11 0 2 4 0 40.0670827627182007
17 9 2 0 2 7 1 2 7 1 2 7 0 2 7 5 31 3 1 2 7 1 2 7 1 2 7 17 9 2 1 2 7 17 9 2 16 6 2 1 2 7 13 6 3 0 2 7 0 2 7 5 31 3 0 2 7 0 2 7 0 2 7 0 2 7 1 2 7 0 2 7 0 2 7 0 2 7 0 2 7 0 2 7 1 2 7 0 2 7 0 2 7 0 2 7 1 2 7 0 2 7 1 2 7 17 18 2 1 2 7 5 31 3 1 2 11 0 2 4 0 40.0670827627182007
17 9 2 0 2 7 1 2 7 1 2 7 0 2 7 5 31 3 1 2 7 1 2 7 1 2 7 17 9 2 1 2 7 17 9 2 16 6 2 1 2 7 13 6 3 0 2 7 0 2 7 5 31 3 0 2 7 0 2 7 0 2 7 0 2 7 1 2 7 0 2 7 0 2 7 0 2 7 0 2 7 0 2 7 1 2 7 0 2 7 0 2 7 0 2 7 1 2 7 0 2 7 1 2 7 17 18 2 1 2 7 5 31 3 1 2 11 0 2 4 0 40.0670827627182007
17 9 2 0 2 7 1 2 7 1 2 7 0 2 7 5 31 3 1 2 7 1 2 7 1 2 7 17 9 2 1 2 7 17 9 2 16 6 2 1 2 7 13 6 3 0 2 7 0 2 7 5 31 3 0 2 7 0 2 7 0 2 7 0 2 7 1 2 7 0 2 7 0 2 7 0 2 7 0 2 7 0 2 7 1 2 7 0 2 7 0 2 7 0 2 7 1 2 7 0 2 7 1 2 7 17 18 2 1 2 7 5 31 3 1 2 11 0 2 4 0 40.0670827627182007
17 9 2 0 2 7 1 2 7 1 2 7 0 2 7 5 31 3 1 2 7 1 2 7 1 2 7 17 9 2 1 2 7 17 9 2 16 6 2 1 2 7 13 6 3 0 2 7 0 2 7 5 31 3 0 2 7 0 2 7 0 2 7 0 2 7 1 2 7 0 2 7 0 2 7 0 2 7 0 2 7 0 2 7 1 2 7 0 2 7 0 2 7 0 2 7 1 2 7 0 2 7 1 2 7 17 18 2 1 2 7 5 31 3 1 2 11 0 2 4 0 40.0670827627182007
17 9 2 0 2 7 1 2 7 1 2 7 0 2 7 5 31 3 1 2 7 1 2 7 1 2 7 17 9 2 1 2 7 17 9 2 16 6 2 1 2 7 13 6 3 0 2 7 0 2 7 5 31 3 0 2 7 0 2 7 0 2 7 0 2 7 1 2 7 0 2 7 0 2 7 0 2 7 0 2 7 0 2 7 1 2 7 0 2 7 0 2 7 0 2 7 1 2 7 0 2 7 1 2 7 17 18 2 1 2 7 5 31 3 1 2 11 0 2 4 0 40.0670827627182007
17 9 2 0 2 7 1 2 7 1 2 7 0 2 7 5 31 3 1 2 7 1 2 7 1 2 7 17 9 2 1 2 7 17 9 2 16 6 2 1 2 7 13 6 3 0 2 7 0 2 7 5 31 3 0 2 7 0 2 7 0 2 7 0 2 7 1 2 7 0 2 7 0 2 7 0 2 7 0 2 7 0 2 7 1 2 7 0 2 7 0 2 7 0 2 7 1 2 7 0 2 7 1 2 7 17 18 2 1 2 7 5 31 3 1 2 11 0 2 4 0 40.0670827627182007
17 9 2 0 2 7 1 2 7 1 2 7 0 2 7 5 31 3 1 2 7 1 2 7 1 2 7 17 9 2 1 2 7 17 9 2 16 6 2 1 2 7 13 6 3 0 2 7 0 2 7 5 31 3 0 2 7 0 2 7 0 2 7 0 2 7 1 2 7 0 2 7 0 2 7 0 2 7 0 2 7 0 2 7 1 2 7 0 2 7 0 2 7 0 2 7 1 2 7 0 2 7 1 2 7 17 18 2 1 2 7 5 31 3 1 2 11 0 2 4 0 40.0670827627182007
17 9 2 0 2 7 1 2 7 1 2 7 0 2 7 5 31 3 1 2 7 1 2 7 1 2 7 17 9 2 1 2 7 17 9 2 16 6 2 1 2 7 13 6 3 0 2 7 0 2 7 5 31 3 0 2 7 0 2 7 0 2 7 0 2 7 1 2 7 0 2 7 0 2 7 0 2 7 0 2 7 0 2 7 1 2 7 0 2 7 0 2 7 0 2 7 1 2 7 0 2 7 1 2 7 17 18 2 1 2 7 5 31 3 1 2 11 0 2 4 0 40.0670827627182007
17 9 2 0 2 7 1 2 7 1 2 7 0 2 7 5 31 3 1 2 7 1 2 7 1 2 7 17 9 2 1 2 7 17 9 2 16 6 2 1 2 7 13 6 3 0 2 7 0 2 7 5 31 3 0 2 7 0 2 7 0 2 7 0 2 7 1 2 7 0 2 7 0 2 7 0 2 7 0 2 7 0 2 7 1 2 7 0 2 7 0 2 7 0 2 7 1 2 7 0 2 7 1 2 7 17 18 2 1 2 7 5 31 3 1 2 11 0 2 4 0 40.0670827627182007
17 9 2 0 2 7 1 2 7 1 2 7 0 2 7 5 31 3 1 2 7 1 2 7 1 2 7 17 9 2 1 2 7 17 9 2 16 6 2 1 2 7 13 6 3 0 2 7 0 2 7 5 31 3 0 2 7 0 2 7 0 2 7 0 2 7 1 2 7 0 2 7 0 2 7 0 2 7 0 2 7 0 2 7 1 2 7 0 2 7 0 2 7 0 2 7 1 2 7 0 2 7 1 2 7 17 18 2 1 2 7 5 31 3 1 2 11 0 2 4 0 40.0670827627182007
17 9 2 0 2 7 1 2 7 1 2 7 0 2 7 5 31 3 1 2 7 1 2 7 1 2 7 17 9 2 1 2 7 17 9 2 16 6 2 1 2 7 13 6 3 0 2 7 0 2 7 5 31 3 0 2 7 0 2 7 0 2 7 0 2 7 1 2 7 0 2 7 0 2 7 0 2 7 0 2 7 0 2 7 1 2 7 0 2 7 0 2 7 0 2 7 1 2 7 0 2 7 1 2 7 17 18 2 1 2 7 5 31 3 1 2 11 0 2 4 0 40.0670827627182007
17 9 2 0 2 7 1 2 7 1 2 7 0 2 7 5 31 3 1 2 7 1 2 7 1 2 7 17 9 2 1 2 7 17 9 2 16 6 2 1 2 7 13 6 3 0 2 7 0 2 7 5 31 3 0 2 7 0 2 7 0 2 7 0 2 7 1 2 7 0 2 7 0 2 7 0 2 7 0 2 7 0 2 7 1 2 7 0 2 7 0 2 7 0 2 7 1 2 7 0 2 7 1 2 7 17 18 2 1 2 7 5 31 3 1 2 11 0 2 4 0 40.0670827627182007
17 9 2 0 2 7 1 2 7 1 2 7 0 2 7 5 31 3 1 2 7 1 2 7 1 2 7 17 9 2 1 2 7 17 9 2 16 6 2 1 2 7 13 6 3 0 2 7 0 2 7 5 31 3 0 2 7 0 2 7 0 2 7 0 2 7 1 2 7 0 2 7 0 2 7 0 2 7 0 2 7 0 2 7 1 2 7 0 2 7 0 2 7 0 2 7 1 2 7 0 2 7 1 2 7 17 18 2 1 2 7 5 31 3 1 2 11 0 2 4 0 40.0670827627182007
17 9 2 0 2 7 1 2 7 1 2 7 0 2 7 5 31 3 1 2 7 1 2 7 1 2 7 17 9 2 1 2 7 17 9 2 16 6 2 1 2 7 13 6 3 0 2 7 0 2 7 5 31 3 0 2 7 0 2 7 0 2 7 0 2 7 1 2 7 0 2 7 0 2 7 0 2 7 0 2 7 0 2 7 1 2 7 0 2 7 0 2 7 0 2 7 1 2 7 0 2 7 1 2 7 17 18 2 1 2 7 5 31 3 1 2 11 0 2 4 0 40.0670827627182007
17 9 2 0 2 7 1 2 7 1 2 7 0 2 7 5 31 3 1 2 7 1 2 7 1 2 7 17 9 2 1 2 7 17 9 2 16 6 2 1 2 7 13 6 3 0 2 7 0 2 7 5 31 3 0 2 7 0 2 7 0 2 7 0 2 7 1 2 7 0 2 7 0 2 7 0 2 7 0 2 7 0 2 7 1 2 7 0 2 7 0 2 7 0 2 7 1 2 7 0 2 7 1 2 7 17 18 2 1 2 7 5 31 3 1 2 11 0 2 4 0 40.0670827627182007
17 9 2 0 2 7 1 2 7 1 2 7 0 2 7 5 31 3 1 2 7 1 2 7 1 2 7 17 9 2 1 2 7 17 9 2 16 6 2 1 2 7 13 6 3 0 2 7 0 2 7 5 31 3 0 2 7 0 2 7 0 2 7 0 2 7 1 2 7 0 2 7 0 2 7 0 2 7 0 2 7 0 2 7 1 2 7 0 2 7 0 2 7 0 2 7 1 2 7 0 2 7 1 2 7 17 18 2 1 2 7 5 31 3 1 2 11 0 2 4 0 40.0670827627182007
17 9 2 0 2 7 1 2 7 1 2 7 0 2 7 5 31 3 1 2 7 1 2 7 1 2 7 17 9 2 1 2 7 17 9 2 16 6 2 1 2 7 13 6 3 0 2 7 0 2 7 5 31 3 0 2 7 0 2 7 0 2 7 0 2 7 1 2 7 0 2 7 0 2 7 0 2 7 0 2 7 0 2 7 1 2 7 0 2 7 0 2 7 0 2 7 1 2 7 0 2 7 1 2 7 17 18 2 1 2 7 5 31 3 1 2 11 0 2 4 0 40.0670827627182007
17 9 2 0 2 7 1 2 7 1 2 7 0 2 7 5 31 3 1 2 7 1 2 7 1 2 7 17 9 2 1 2 7 17 9 2 16 6 2 1 2 7 13 6 3 0 2 7 0 2 7 5 31 3 0 2 7 0 2 7 0 2 7 0 2 7 1 2 7 0 2 7 0 2 7 0 2 7 0 2 7 0 2 7 1 2 7 0 2 7 0 2 7 0 2 7 1 2 7 0 2 7 1 2 7 17 18 2 1 2 7 5 31 3 1 2 11 0 2 4 0 40.0670827627182007
MonoObjective Genetic Algorithm
Number of Evaluations = 0
Mutation Probability = 0
Crossover Probability = 1
Population Size = 10
Survival Selection Type = 1
Time =  9017.73481893539429
17 9 2 0 2 7 1 2 7 1 2 7 0 2 7 5 31 3 1 2 7 1 2 7 1 2 7 17 9 2 1 2 7 17 9 2 16 6 2 1 2 7 13 6 3 0 2 7 0 2 7 5 31 3 0 2 7 0 2 7 0 2 7 0 2 7 1 2 7 0 2 7 0 2 7 0 2 7 0 2 7 0 2 7 1 2 7 0 2 7 0 2 7 0 2 7 1 2 7 0 2 7 1 2 7 17 18 2 1 2 7 5 31 3 1 2 11 0 2 4 0 40.0670827627182007
17 9 2 0 2 7 1 2 7 1 2 7 0 2 7 5 31 3 1 2 7 1 2 7 1 2 7 17 9 2 1 2 7 17 9 2 16 6 2 1 2 7 13 6 3 0 2 7 0 2 7 5 31 3 0 2 7 0 2 7 0 2 7 0 2 7 1 2 7 0 2 7 0 2 7 0 2 7 0 2 7 0 2 7 1 2 7 0 2 7 0 2 7 0 2 7 1 2 7 0 2 7 1 2 7 17 18 2 1 2 7 5 31 3 1 2 11 0 2 4 0 40.0670827627182007
17 9 2 0 2 7 1 2 7 1 2 7 0 2 7 5 31 3 1 2 7 1 2 7 1 2 7 17 9 2 1 2 7 17 9 2 16 6 2 1 2 7 13 6 3 0 2 7 0 2 7 5 31 3 0 2 7 0 2 7 0 2 7 0 2 7 1 2 7 0 2 7 0 2 7 0 2 7 0 2 7 0 2 7 1 2 7 0 2 7 0 2 7 0 2 7 1 2 7 0 2 7 1 2 7 17 18 2 1 2 7 5 31 3 1 2 11 0 2 4 0 40.0670827627182007
17 9 2 0 2 7 1 2 7 1 2 7 0 2 7 5 31 3 1 2 7 1 2 7 1 2 7 17 9 2 1 2 7 17 9 2 16 6 2 1 2 7 13 6 3 0 2 7 0 2 7 5 31 3 0 2 7 0 2 7 0 2 7 0 2 7 1 2 7 0 2 7 0 2 7 0 2 7 0 2 7 0 2 7 1 2 7 0 2 7 0 2 7 0 2 7 1 2 7 0 2 7 1 2 7 17 18 2 1 2 7 5 31 3 1 2 11 0 2 4 0 40.0670827627182007
17 9 2 0 2 7 1 2 7 1 2 7 0 2 7 5 31 3 1 2 7 1 2 7 1 2 7 17 9 2 1 2 7 17 9 2 16 6 2 1 2 7 13 6 3 0 2 7 0 2 7 5 31 3 0 2 7 0 2 7 0 2 7 0 2 7 1 2 7 0 2 7 0 2 7 0 2 7 0 2 7 0 2 7 1 2 7 0 2 7 0 2 7 0 2 7 1 2 7 0 2 7 1 2 7 17 18 2 1 2 7 5 31 3 1 2 11 0 2 4 0 40.0670827627182007
17 9 2 0 2 7 1 2 7 1 2 7 0 2 7 5 31 3 1 2 7 1 2 7 1 2 7 17 9 2 1 2 7 17 9 2 16 6 2 1 2 7 13 6 3 0 2 7 0 2 7 5 31 3 0 2 7 0 2 7 0 2 7 0 2 7 1 2 7 0 2 7 0 2 7 0 2 7 0 2 7 0 2 7 1 2 7 0 2 7 0 2 7 0 2 7 1 2 7 0 2 7 1 2 7 17 18 2 1 2 7 5 31 3 1 2 11 0 2 4 0 40.0670827627182007
17 9 2 0 2 7 1 2 7 1 2 7 0 2 7 5 31 3 1 2 7 1 2 7 1 2 7 17 9 2 1 2 7 17 9 2 16 6 2 1 2 7 13 6 3 0 2 7 0 2 7 5 31 3 0 2 7 0 2 7 0 2 7 0 2 7 1 2 7 0 2 7 0 2 7 0 2 7 0 2 7 0 2 7 1 2 7 0 2 7 0 2 7 0 2 7 1 2 7 0 2 7 1 2 7 17 18 2 1 2 7 5 31 3 1 2 11 0 2 4 0 40.0670827627182007
17 9 2 0 2 7 1 2 7 1 2 7 0 2 7 5 31 3 1 2 7 1 2 7 1 2 7 17 9 2 1 2 7 17 9 2 16 6 2 1 2 7 13 6 3 0 2 7 0 2 7 5 31 3 0 2 7 0 2 7 0 2 7 0 2 7 1 2 7 0 2 7 0 2 7 0 2 7 0 2 7 0 2 7 1 2 7 0 2 7 0 2 7 0 2 7 1 2 7 0 2 7 1 2 7 17 18 2 1 2 7 5 31 3 1 2 11 0 2 4 0 40.0670827627182007
17 9 2 0 2 7 1 2 7 1 2 7 0 2 7 5 31 3 1 2 7 1 2 7 1 2 7 17 9 2 1 2 7 17 9 2 16 6 2 1 2 7 13 6 3 0 2 7 0 2 7 5 31 3 0 2 7 0 2 7 0 2 7 0 2 7 1 2 7 0 2 7 0 2 7 0 2 7 0 2 7 0 2 7 1 2 7 0 2 7 0 2 7 0 2 7 1 2 7 0 2 7 1 2 7 17 18 2 1 2 7 5 31 3 1 2 11 0 2 4 0 40.0670827627182007
17 9 2 0 2 7 1 2 7 1 2 7 0 2 7 5 31 3 1 2 7 1 2 7 1 2 7 17 9 2 1 2 7 17 9 2 16 6 2 1 2 7 13 6 3 0 2 7 0 2 7 5 31 3 0 2 7 0 2 7 0 2 7 0 2 7 1 2 7 0 2 7 0 2 7 0 2 7 0 2 7 0 2 7 1 2 7 0 2 7 0 2 7 0 2 7 1 2 7 0 2 7 1 2 7 17 18 2 1 2 7 5 31 3 1 2 11 0 2 4 0 40.0670827627182007
