0 2 7 12 16 2 16 6 2 1 2 7 17 9 2 1 2 7 5 31 3 0 2 7 0 2 7 1 2 7 5 31 3 0 2 7 0 2 7 0 2 7 0 2 7 1 2 7 0 2 7 1 2 7 0 2 7 1 2 7 0 2 7 17 18 2 0 2 7 0 2 7 0 2 7 0 2 7 5 31 3 0 2 7 1 2 7 1 2 7 0 2 7 0 2 7 0 2 7 13 6 3 1 2 7 16 6 2 0 2 7 1 2 7 5 31 3 17 9 2 0 40.4340677261352539
0 2 7 12 16 2 16 6 2 1 2 7 17 9 2 1 2 7 5 31 3 0 2 7 0 2 7 1 2 7 5 31 3 1 2 7 0 2 7 1 2 7 0 2 7 1 2 7 0 2 7 0 2 7 0 2 7 1 2 7 0 2 7 17 18 2 0 2 7 0 2 7 0 2 7 0 2 7 5 31 3 0 2 7 1 2 7 1 2 7 0 2 7 0 2 7 0 2 7 13 6 3 1 2 3 16 6 2 0 2 7 1 2 7 5 31 3 17 9 2 0 40.4635157585144043
0 2 7 12 16 2 1 2 7 17 9 2 1 2 7 5 31 3 0 2 7 0 2 7 1 2 7 5 31 3 1 2 7 0 2 7 1 2 7 0 2 7 1 2 7 0 2 7 0 2 7 0 2 7 1 2 7 0 2 7 17 18 2 0 2 7 0 2 7 0 2 7 0 2 7 0 2 7 1 2 7 0 2 7 13 6 3 17 9 2 0 2 4 1 2 4 0 2 4 0 2 7 0 2 7 1 2 3 16 6 2 0 2 7 1 2 7 6 2 3 0.00763936590565398102 40.1337567567825317
0 2 7 12 16 2 1 2 7 17 9 2 1 2 7 5 31 3 0 2 7 0 2 7 1 2 7 5 31 3 1 2 7 0 2 7 1 2 7 0 2 7 1 2 7 0 2 7 0 2 7 0 2 7 1 2 7 0 2 7 17 18 2 0 2 7 0 2 7 0 2 7 0 2 7 0 2 7 1 2 7 0 2 7 13 6 3 17 9 2 16 6 2 5 31 3 1 2 7 5 30 3 12 16 2 0 2 3 16 30 2 5 30 3 1 2 4 5 31 3 0.00628663089033710751 41.0077747106552124
0 2 7 12 16 2 16 6 2 1 2 7 17 9 2 1 2 7 5 31 3 0 2 7 0 2 7 1 2 7 5 31 3 1 2 7 0 2 7 1 2 7 0 2 7 1 2 7 0 2 7 0 2 7 0 2 7 1 2 7 0 2 7 17 18 2 0 2 7 0 2 7 0 2 7 0 2 7 5 31 3 0 2 7 1 2 7 1 2 7 0 2 7 0 2 7 0 2 7 13 6 3 1 2 3 16 6 2 0 2 7 1 2 7 5 31 3 17 9 2 0 40.4635157585144043
0 2 7 0 2 7 0 2 7 0 2 7 17 9 2 12 16 2 5 31 3 0 2 7 0 2 7 1 2 7 0 2 7 1 2 3 0 2 7 1 2 7 0 2 7 0 2 7 1 2 7 0 2 7 0 2 7 0 2 7 1 2 7 0 2 7 1 2 7 17 18 2 1 2 7 13 6 3 17 9 2 0 2 7 1 2 7 5 31 3 6 2 7 0 2 4 1 2 3 1 2 4 0 2 7 0 2 7 5 31 3 16 30 2 5 30 3 1 2 7 4.73031514532717626e-05 40.5999448895454407
0 2 7 0 2 7 0 2 7 0 2 7 17 9 2 12 16 2 5 31 3 0 2 7 0 2 7 1 2 7 0 2 7 1 2 3 0 2 7 1 2 7 0 2 7 0 2 7 1 2 7 0 2 7 0 2 7 0 2 7 1 2 7 0 2 7 1 2 7 17 18 2 1 2 7 13 6 3 17 9 2 0 2 7 1 2 7 5 31 3 0 2 7 16 6 2 5 31 3 1 2 7 12 16 2 0 2 4 0 2 4 16 6 2 1 2 7 5 30 3 0.000314662073989408679 40.5415866374969482
17 9 2 0 2 7 0 2 7 0 2 7 5 31 3 0 2 7 0 2 7 1 2 7 0 2 7 0 2 7 0 2 7 0 2 7 0 2 7 1 2 7 12 16 2 1 2 7 1 2 7 1 2 7 1 2 7 1 2 7 0 2 7 17 18 2 0 2 7 13 6 3 17 9 2 0 2 7 0 2 7 0 2 7 5 31 3 1 2 7 0 2 3 0 2 4 16 6 2 0 2 7 1 2 7 6 2 3 5 31 3 1 2 3 5 31 3 0 2 7 4.35004583577881668e-05 40.9261528253555298
17 9 2 0 2 7 0 2 7 0 2 7 5 31 3 0 2 7 0 2 7 1 2 7 0 2 7 0 2 7 0 2 7 0 2 7 0 2 7 1 2 7 12 16 2 1 2 7 1 2 7 1 2 7 1 2 7 1 2 7 0 2 7 17 18 2 0 2 7 13 6 3 17 9 2 0 2 7 0 2 7 0 2 7 5 31 3 1 2 7 0 2 7 16 6 2 0 2 4 1 2 4 5 30 3 1 2 7 12 16 2 16 30 2 1 2 4 5 30 3 0.00086319886514222633 40.2153786420822144
0 2 7 12 16 2 1 2 7 17 9 2 1 2 7 5 31 3 0 2 7 0 2 7 1 2 7 5 31 3 1 2 7 0 2 7 1 2 7 0 2 7 1 2 7 0 2 4 0 2 7 0 2 7 1 2 7 0 2 7 17 18 2 0 2 7 0 2 7 0 2 4 0 2 7 0 2 7 0 2 7 13 6 3 1 2 3 17 9 2 5 30 3 0 2 3 12 16 2 5 30 3 16 30 2 0 2 7 6 2 7 1 2 4 1 2 7 0 2 4 0 40.6780157685279846
0 2 7 12 16 2 16 6 2 1 2 7 17 9 2 0 2 7 0 2 7 0 2 7 0 2 7 1 2 7 5 31 3 0 2 7 0 2 7 0 2 7 0 2 7 1 2 7 0 2 7 0 2 7 1 2 7 0 2 7 17 18 2 0 2 7 0 2 7 0 2 7 5 31 3 1 2 7 1 2 7 0 2 7 0 2 7 13 6 3 0 2 7 16 6 2 17 9 2 1 2 7 5 31 3 5 31 3 1 2 7 1 2 7 1 2 7 0 2 7 0 40.4340677261352539
0 2 7 12 16 2 16 6 2 1 2 7 17 9 2 0 2 7 0 2 7 0 2 7 0 2 7 1 2 7 5 31 3 0 2 7 0 2 7 0 2 7 0 2 7 1 2 7 0 2 7 0 2 7 1 2 7 0 2 7 17 18 2 0 2 7 0 2 7 0 2 7 5 31 3 1 2 7 1 2 7 0 2 7 0 2 7 13 6 3 0 2 7 16 6 2 17 9 2 1 2 7 5 31 3 5 31 3 1 2 7 1 2 7 1 2 7 0 2 7 0 40.4340677261352539
0 2 7 12 16 2 16 6 2 1 2 7 17 9 2 0 2 7 0 2 7 0 2 7 0 2 7 1 2 7 5 31 3 0 2 7 0 2 7 0 2 7 0 2 7 1 2 7 0 2 7 0 2 7 1 2 7 0 2 7 17 18 2 0 2 7 0 2 7 0 2 7 5 31 3 1 2 7 1 2 7 0 2 7 0 2 7 13 6 3 0 2 7 16 6 2 17 9 2 1 2 7 5 31 3 5 31 3 1 2 7 1 2 7 1 2 7 0 2 7 0 40.4340677261352539
0 2 7 12 16 2 16 6 2 1 2 7 17 9 2 0 2 7 0 2 7 0 2 7 0 2 7 1 2 7 5 31 3 0 2 7 0 2 7 0 2 7 0 2 7 1 2 7 0 2 7 0 2 7 1 2 7 0 2 7 17 18 2 0 2 7 0 2 7 0 2 7 5 31 3 1 2 7 1 2 7 0 2 7 0 2 7 13 6 3 0 2 7 16 6 2 17 9 2 1 2 7 5 31 3 5 31 3 1 2 7 1 2 7 1 2 7 0 2 7 0 40.4340677261352539
0 2 7 12 16 2 16 6 2 1 2 7 17 9 2 0 2 7 0 2 7 0 2 7 0 2 7 1 2 7 5 31 3 0 2 7 0 2 7 0 2 7 0 2 7 1 2 7 0 2 7 0 2 7 1 2 7 0 2 7 17 18 2 0 2 7 0 2 7 0 2 7 5 31 3 1 2 7 1 2 7 0 2 7 0 2 7 13 6 3 0 2 7 16 6 2 17 9 2 1 2 7 5 31 3 5 31 3 1 2 7 1 2 7 1 2 7 0 2 7 0 40.4340677261352539
0 2 7 12 16 2 16 6 2 1 2 7 17 9 2 0 2 7 0 2 7 0 2 7 0 2 7 1 2 7 5 31 3 0 2 7 0 2 7 0 2 7 0 2 7 1 2 7 0 2 7 0 2 7 1 2 7 0 2 7 17 18 2 0 2 7 0 2 7 0 2 7 5 31 3 1 2 7 1 2 7 0 2 7 0 2 7 13 6 3 0 2 7 16 6 2 17 9 2 1 2 7 5 31 3 5 31 3 1 2 7 1 2 7 1 2 7 0 2 7 0 40.4340677261352539
0 2 7 12 16 2 16 6 2 1 2 7 17 9 2 0 2 7 0 2 7 0 2 7 0 2 7 1 2 7 5 31 3 0 2 7 0 2 7 0 2 7 0 2 7 1 2 7 0 2 7 0 2 7 1 2 7 0 2 7 17 18 2 0 2 7 0 2 7 0 2 7 5 31 3 1 2 7 1 2 7 0 2 7 0 2 7 13 6 3 0 2 7 16 6 2 17 9 2 1 2 7 5 31 3 5 31 3 1 2 7 1 2 7 1 2 7 0 2 7 0 40.4340677261352539
0 2 7 12 16 2 16 6 2 1 2 7 17 9 2 0 2 7 0 2 7 0 2 7 0 2 7 1 2 7 5 31 3 0 2 7 0 2 7 0 2 7 0 2 7 1 2 7 0 2 7 0 2 7 1 2 7 0 2 7 17 18 2 0 2 7 0 2 7 0 2 7 5 31 3 1 2 7 1 2 7 0 2 7 0 2 7 13 6 3 0 2 7 16 6 2 17 9 2 1 2 7 5 31 3 5 31 3 1 2 7 1 2 7 1 2 7 0 2 7 0 40.4340677261352539
0 2 7 12 16 2 16 6 2 1 2 7 17 9 2 0 2 7 0 2 7 0 2 7 0 2 7 1 2 7 5 31 3 0 2 7 0 2 7 0 2 7 0 2 7 1 2 7 0 2 7 0 2 7 1 2 7 0 2 7 17 18 2 0 2 7 0 2 7 0 2 7 5 31 3 1 2 7 1 2 7 0 2 7 0 2 7 13 6 3 0 2 7 16 6 2 17 9 2 1 2 7 5 31 3 5 31 3 1 2 7 1 2 7 1 2 7 0 2 7 0 40.4340677261352539
0 2 7 12 16 2 16 6 2 1 2 7 17 9 2 0 2 7 0 2 7 0 2 7 0 2 7 1 2 7 5 31 3 0 2 7 0 2 7 0 2 7 0 2 7 1 2 7 0 2 7 0 2 7 1 2 7 0 2 7 17 18 2 0 2 7 0 2 7 0 2 7 5 31 3 1 2 7 1 2 7 0 2 7 0 2 7 13 6 3 0 2 7 16 6 2 17 9 2 1 2 7 5 31 3 5 31 3 1 2 7 1 2 7 1 2 7 0 2 7 0 40.4340677261352539
0 2 7 12 16 2 16 6 2 1 2 7 17 9 2 0 2 7 0 2 7 0 2 7 0 2 7 1 2 7 5 31 3 0 2 7 0 2 7 0 2 7 0 2 7 1 2 7 0 2 7 0 2 7 1 2 7 0 2 7 17 18 2 0 2 7 0 2 7 0 2 7 5 31 3 1 2 7 1 2 7 0 2 7 0 2 7 13 6 3 0 2 7 16 6 2 17 9 2 1 2 7 5 31 3 5 31 3 1 2 7 1 2 7 1 2 7 0 2 7 0 40.4340677261352539
0 2 7 12 16 2 16 6 2 1 2 7 17 9 2 0 2 7 0 2 7 0 2 7 0 2 7 1 2 7 5 31 3 0 2 7 0 2 7 0 2 7 0 2 7 1 2 7 0 2 7 0 2 7 1 2 7 0 2 7 17 18 2 0 2 7 0 2 7 0 2 7 5 31 3 1 2 7 1 2 7 0 2 7 0 2 7 13 6 3 0 2 7 16 6 2 17 9 2 1 2 7 5 31 3 5 31 3 1 2 7 1 2 7 1 2 7 0 2 7 0 40.4340677261352539
0 2 7 12 16 2 16 6 2 1 2 7 17 9 2 0 2 7 0 2 7 0 2 7 0 2 7 1 2 7 5 31 3 0 2 7 0 2 7 0 2 7 0 2 7 1 2 7 0 2 7 0 2 7 1 2 7 0 2 7 17 18 2 0 2 7 0 2 7 0 2 7 5 31 3 1 2 7 1 2 7 0 2 7 0 2 7 13 6 3 0 2 7 16 6 2 17 9 2 1 2 7 5 31 3 5 31 3 1 2 7 1 2 7 1 2 7 0 2 7 0 40.4340677261352539
0 2 7 12 16 2 16 6 2 1 2 7 17 9 2 0 2 7 0 2 7 0 2 7 0 2 7 1 2 7 5 31 3 0 2 7 0 2 7 0 2 7 0 2 7 1 2 7 0 2 7 0 2 7 1 2 7 0 2 7 17 18 2 0 2 7 0 2 7 0 2 7 5 31 3 1 2 7 1 2 7 0 2 7 0 2 7 13 6 3 0 2 7 16 6 2 17 9 2 1 2 7 5 31 3 5 31 3 1 2 7 1 2 7 1 2 7 0 2 7 0 40.4340677261352539
0 2 7 12 16 2 16 6 2 1 2 7 17 9 2 0 2 7 0 2 7 0 2 7 0 2 7 1 2 7 5 31 3 0 2 7 0 2 7 0 2 7 0 2 7 1 2 7 0 2 7 0 2 7 1 2 7 0 2 7 17 18 2 0 2 7 0 2 7 0 2 7 5 31 3 1 2 7 1 2 7 0 2 7 0 2 7 13 6 3 0 2 7 16 6 2 17 9 2 1 2 7 5 31 3 5 31 3 1 2 7 1 2 7 1 2 7 0 2 7 0 40.4340677261352539
0 2 7 12 16 2 16 6 2 1 2 7 17 9 2 0 2 7 0 2 7 0 2 7 0 2 7 1 2 7 5 31 3 0 2 7 0 2 7 0 2 7 0 2 7 1 2 7 0 2 7 0 2 7 1 2 7 0 2 7 17 18 2 0 2 7 0 2 7 0 2 7 5 31 3 1 2 7 1 2 7 0 2 7 0 2 7 13 6 3 0 2 7 16 6 2 17 9 2 1 2 7 5 31 3 5 31 3 1 2 7 1 2 7 1 2 7 0 2 7 0 40.4340677261352539
0 2 7 12 16 2 16 6 2 1 2 7 17 9 2 0 2 7 0 2 7 0 2 7 0 2 7 1 2 7 5 31 3 0 2 7 0 2 7 0 2 7 0 2 7 1 2 7 0 2 7 0 2 7 1 2 7 0 2 7 17 18 2 0 2 7 0 2 7 0 2 7 5 31 3 1 2 7 1 2 7 0 2 7 0 2 7 13 6 3 0 2 7 16 6 2 17 9 2 1 2 7 5 31 3 5 31 3 1 2 7 1 2 7 1 2 7 0 2 7 0 40.4340677261352539
0 2 7 12 16 2 16 6 2 1 2 7 17 9 2 0 2 7 0 2 7 0 2 7 0 2 7 1 2 7 5 31 3 0 2 7 0 2 7 0 2 7 0 2 7 1 2 7 0 2 7 0 2 7 1 2 7 0 2 7 17 18 2 0 2 7 0 2 7 0 2 7 5 31 3 1 2 7 1 2 7 0 2 7 0 2 7 13 6 3 0 2 7 16 6 2 17 9 2 1 2 7 5 31 3 5 31 3 1 2 7 1 2 7 1 2 7 0 2 7 0 40.4340677261352539
0 2 7 12 16 2 16 6 2 1 2 7 17 9 2 0 2 7 0 2 7 0 2 7 0 2 7 1 2 7 5 31 3 0 2 7 0 2 7 0 2 7 0 2 7 1 2 7 0 2 7 0 2 7 1 2 7 0 2 7 17 18 2 0 2 7 0 2 7 0 2 7 5 31 3 1 2 7 1 2 7 0 2 7 0 2 7 13 6 3 0 2 7 16 6 2 17 9 2 1 2 7 5 31 3 5 31 3 1 2 7 1 2 7 1 2 7 0 2 7 0 40.4340677261352539
0 2 7 12 16 2 16 6 2 1 2 7 17 9 2 0 2 7 0 2 7 0 2 7 0 2 7 1 2 7 5 31 3 0 2 7 0 2 7 0 2 7 0 2 7 1 2 7 0 2 7 0 2 7 1 2 7 0 2 7 17 18 2 0 2 7 0 2 7 0 2 7 5 31 3 1 2 7 1 2 7 0 2 7 0 2 7 13 6 3 0 2 7 16 6 2 17 9 2 1 2 7 5 31 3 5 31 3 1 2 7 1 2 7 1 2 7 0 2 7 0 40.4340677261352539
0 2 7 12 16 2 16 6 2 1 2 7 17 9 2 0 2 7 0 2 7 0 2 7 0 2 7 1 2 7 5 31 3 0 2 7 0 2 7 0 2 7 0 2 7 1 2 7 0 2 7 0 2 7 1 2 7 0 2 7 17 18 2 0 2 7 0 2 7 0 2 7 5 31 3 1 2 7 1 2 7 0 2 7 0 2 7 13 6 3 0 2 7 16 6 2 17 9 2 1 2 7 5 31 3 5 31 3 1 2 7 1 2 7 1 2 7 0 2 7 0 40.4340677261352539
0 2 7 12 16 2 16 6 2 1 2 7 17 9 2 0 2 7 0 2 7 0 2 7 0 2 7 1 2 7 5 31 3 0 2 7 0 2 7 0 2 7 0 2 7 1 2 7 0 2 7 0 2 7 1 2 7 0 2 7 17 18 2 0 2 7 0 2 7 0 2 7 5 31 3 1 2 7 1 2 7 0 2 7 0 2 7 13 6 3 0 2 7 16 6 2 17 9 2 1 2 7 5 31 3 5 31 3 1 2 7 1 2 7 1 2 7 0 2 7 0 40.4340677261352539
0 2 7 12 16 2 16 6 2 1 2 7 17 9 2 0 2 7 0 2 7 0 2 7 0 2 7 1 2 7 5 31 3 0 2 7 0 2 7 0 2 7 0 2 7 1 2 7 0 2 7 0 2 7 1 2 7 0 2 7 17 18 2 0 2 7 0 2 7 0 2 7 5 31 3 1 2 7 1 2 7 0 2 7 0 2 7 13 6 3 0 2 7 16 6 2 17 9 2 1 2 7 5 31 3 5 31 3 1 2 7 1 2 7 1 2 7 0 2 7 0 40.4340677261352539
0 2 7 12 16 2 16 6 2 1 2 7 17 9 2 0 2 7 0 2 7 0 2 7 0 2 7 1 2 7 5 31 3 0 2 7 0 2 7 0 2 7 0 2 7 1 2 7 0 2 7 0 2 7 1 2 7 0 2 7 17 18 2 0 2 7 0 2 7 0 2 7 5 31 3 1 2 7 1 2 7 0 2 7 0 2 7 13 6 3 0 2 7 16 6 2 17 9 2 1 2 7 5 31 3 5 31 3 1 2 7 1 2 7 1 2 7 0 2 7 0 40.4340677261352539
0 2 7 12 16 2 16 6 2 1 2 7 17 9 2 0 2 7 0 2 7 0 2 7 0 2 7 1 2 7 5 31 3 0 2 7 0 2 7 0 2 7 0 2 7 1 2 7 0 2 7 0 2 7 1 2 7 0 2 7 17 18 2 0 2 7 0 2 7 0 2 7 5 31 3 1 2 7 1 2 7 0 2 7 0 2 7 13 6 3 0 2 7 16 6 2 17 9 2 1 2 7 5 31 3 5 31 3 1 2 7 1 2 7 1 2 7 0 2 7 0 40.4340677261352539
0 2 7 12 16 2 16 6 2 1 2 7 17 9 2 0 2 7 0 2 7 0 2 7 0 2 7 1 2 7 5 31 3 0 2 7 0 2 7 0 2 7 0 2 7 1 2 7 0 2 7 0 2 7 1 2 7 0 2 7 17 18 2 0 2 7 0 2 7 0 2 7 5 31 3 1 2 7 1 2 7 0 2 7 0 2 7 13 6 3 0 2 7 16 6 2 17 9 2 1 2 7 5 31 3 5 31 3 1 2 7 1 2 7 1 2 7 0 2 7 0 40.4340677261352539
0 2 7 12 16 2 16 6 2 1 2 7 17 9 2 0 2 7 0 2 7 0 2 7 0 2 7 1 2 7 5 31 3 0 2 7 0 2 7 0 2 7 0 2 7 1 2 7 0 2 7 0 2 7 1 2 7 0 2 7 17 18 2 0 2 7 0 2 7 0 2 7 5 31 3 1 2 7 1 2 7 0 2 7 0 2 7 13 6 3 0 2 7 16 6 2 17 9 2 1 2 7 5 31 3 5 31 3 1 2 7 1 2 7 1 2 7 0 2 7 0 40.4340677261352539
0 2 7 12 16 2 16 6 2 1 2 7 17 9 2 0 2 7 0 2 7 0 2 7 0 2 7 1 2 7 5 31 3 0 2 7 0 2 7 0 2 7 0 2 7 1 2 7 0 2 7 0 2 7 1 2 7 0 2 7 17 18 2 0 2 7 0 2 7 0 2 7 5 31 3 1 2 7 1 2 7 0 2 7 0 2 7 13 6 3 0 2 7 16 6 2 17 9 2 1 2 7 5 31 3 5 31 3 1 2 7 1 2 7 1 2 7 0 2 7 0 40.4340677261352539
0 2 7 12 16 2 16 6 2 1 2 7 17 9 2 0 2 7 0 2 7 0 2 7 0 2 7 1 2 7 5 31 3 0 2 7 0 2 7 0 2 7 0 2 7 1 2 7 0 2 7 0 2 7 1 2 7 0 2 7 17 18 2 0 2 7 0 2 7 0 2 7 5 31 3 1 2 7 1 2 7 0 2 7 0 2 7 13 6 3 0 2 7 16 6 2 17 9 2 1 2 7 5 31 3 5 31 3 1 2 7 1 2 7 1 2 7 0 2 7 0 40.4340677261352539
0 2 7 12 16 2 16 6 2 1 2 7 17 9 2 0 2 7 0 2 7 0 2 7 0 2 7 1 2 7 5 31 3 0 2 7 0 2 7 0 2 7 0 2 7 1 2 7 0 2 7 0 2 7 1 2 7 0 2 7 17 18 2 0 2 7 0 2 7 0 2 7 5 31 3 1 2 7 1 2 7 0 2 7 0 2 7 13 6 3 0 2 7 16 6 2 17 9 2 1 2 7 5 31 3 5 31 3 1 2 7 1 2 7 1 2 7 0 2 7 0 40.4340677261352539
0 2 7 12 16 2 16 6 2 1 2 7 17 9 2 0 2 7 0 2 7 0 2 7 0 2 7 1 2 7 5 31 3 0 2 7 0 2 7 0 2 7 0 2 7 1 2 7 0 2 7 0 2 7 1 2 7 0 2 7 17 18 2 0 2 7 0 2 7 0 2 7 5 31 3 1 2 7 1 2 7 0 2 7 0 2 7 13 6 3 0 2 7 16 6 2 17 9 2 1 2 7 5 31 3 5 31 3 1 2 7 1 2 7 1 2 7 0 2 7 0 40.4340677261352539
0 2 7 12 16 2 16 6 2 1 2 7 17 9 2 0 2 7 0 2 7 0 2 7 0 2 7 1 2 7 5 31 3 0 2 7 0 2 7 0 2 7 0 2 7 1 2 7 0 2 7 0 2 7 1 2 7 0 2 7 17 18 2 0 2 7 0 2 7 0 2 7 5 31 3 1 2 7 1 2 7 0 2 7 0 2 7 13 6 3 0 2 7 16 6 2 17 9 2 1 2 7 5 31 3 5 31 3 1 2 7 1 2 7 1 2 7 0 2 7 0 40.4340677261352539
0 2 7 12 16 2 16 6 2 1 2 7 17 9 2 0 2 7 0 2 7 0 2 7 0 2 7 1 2 7 5 31 3 0 2 7 0 2 7 0 2 7 0 2 7 1 2 7 0 2 7 0 2 7 1 2 7 0 2 7 17 18 2 0 2 7 0 2 7 0 2 7 5 31 3 1 2 7 1 2 7 0 2 7 0 2 7 13 6 3 0 2 7 16 6 2 17 9 2 1 2 7 5 31 3 5 31 3 1 2 7 1 2 7 1 2 7 0 2 7 0 40.4340677261352539
0 2 7 12 16 2 16 6 2 1 2 7 17 9 2 0 2 7 0 2 7 0 2 7 0 2 7 1 2 7 5 31 3 0 2 7 0 2 7 0 2 7 0 2 7 1 2 7 0 2 7 0 2 7 1 2 7 0 2 7 17 18 2 0 2 7 0 2 7 0 2 7 5 31 3 1 2 7 1 2 7 0 2 7 0 2 7 13 6 3 0 2 7 16 6 2 17 9 2 1 2 7 5 31 3 5 31 3 1 2 7 1 2 7 1 2 7 0 2 7 0 40.4340677261352539
0 2 7 12 16 2 16 6 2 1 2 7 17 9 2 0 2 7 0 2 7 0 2 7 0 2 7 1 2 7 5 31 3 0 2 7 0 2 7 0 2 7 0 2 7 1 2 7 0 2 7 0 2 7 1 2 7 0 2 7 17 18 2 0 2 7 0 2 7 0 2 7 5 31 3 1 2 7 1 2 7 0 2 7 0 2 7 13 6 3 0 2 7 16 6 2 17 9 2 1 2 7 5 31 3 5 31 3 1 2 7 1 2 7 1 2 7 0 2 7 0 40.4340677261352539
0 2 7 12 16 2 16 6 2 1 2 7 17 9 2 0 2 7 0 2 7 0 2 7 0 2 7 1 2 7 5 31 3 0 2 7 0 2 7 0 2 7 0 2 7 1 2 7 0 2 7 0 2 7 1 2 7 0 2 7 17 18 2 0 2 7 0 2 7 0 2 7 5 31 3 1 2 7 1 2 7 0 2 7 0 2 7 13 6 3 0 2 7 16 6 2 17 9 2 1 2 7 5 31 3 5 31 3 1 2 7 1 2 7 1 2 7 0 2 7 0 40.4340677261352539
0 2 7 12 16 2 16 6 2 1 2 7 17 9 2 0 2 7 0 2 7 0 2 7 0 2 7 1 2 7 5 31 3 0 2 7 0 2 7 0 2 7 0 2 7 1 2 7 0 2 7 0 2 7 1 2 7 0 2 7 17 18 2 0 2 7 0 2 7 0 2 7 5 31 3 1 2 7 1 2 7 0 2 7 0 2 7 13 6 3 0 2 7 16 6 2 17 9 2 1 2 7 5 31 3 5 31 3 1 2 7 1 2 7 1 2 7 0 2 7 0 40.4340677261352539
0 2 7 12 16 2 16 6 2 1 2 7 17 9 2 0 2 7 0 2 7 0 2 7 0 2 7 1 2 7 5 31 3 0 2 7 0 2 7 0 2 7 0 2 7 1 2 7 0 2 7 0 2 7 1 2 7 0 2 7 17 18 2 0 2 7 0 2 7 0 2 7 5 31 3 1 2 7 1 2 7 0 2 7 0 2 7 13 6 3 0 2 7 16 6 2 17 9 2 1 2 7 5 31 3 5 31 3 1 2 7 1 2 7 1 2 7 0 2 7 0 40.4340677261352539
0 2 7 12 16 2 16 6 2 1 2 7 17 9 2 0 2 7 0 2 7 0 2 7 0 2 7 1 2 7 5 31 3 0 2 7 0 2 7 0 2 7 0 2 7 1 2 7 0 2 7 0 2 7 1 2 7 0 2 7 17 18 2 0 2 7 0 2 7 0 2 7 5 31 3 1 2 7 1 2 7 0 2 7 0 2 7 13 6 3 0 2 7 16 6 2 17 9 2 1 2 7 5 31 3 5 31 3 1 2 7 1 2 7 1 2 7 0 2 7 0 40.4340677261352539
0 2 7 12 16 2 16 6 2 1 2 7 17 9 2 0 2 7 0 2 7 0 2 7 0 2 7 1 2 7 5 31 3 0 2 7 0 2 7 0 2 7 0 2 7 1 2 7 0 2 7 0 2 7 1 2 7 0 2 7 17 18 2 0 2 7 0 2 7 0 2 7 5 31 3 1 2 7 1 2 7 0 2 7 0 2 7 13 6 3 0 2 7 16 6 2 17 9 2 1 2 7 5 31 3 5 31 3 1 2 7 1 2 7 1 2 7 0 2 7 0 40.4340677261352539
0 2 7 12 16 2 16 6 2 1 2 7 17 9 2 0 2 7 0 2 7 0 2 7 0 2 7 1 2 7 5 31 3 0 2 7 0 2 7 0 2 7 0 2 7 1 2 7 0 2 7 0 2 7 1 2 7 0 2 7 17 18 2 0 2 7 0 2 7 0 2 7 5 31 3 1 2 7 1 2 7 0 2 7 0 2 7 13 6 3 0 2 7 16 6 2 17 9 2 1 2 7 5 31 3 5 31 3 1 2 7 1 2 7 1 2 7 0 2 7 0 40.4340677261352539
0 2 7 12 16 2 16 6 2 1 2 7 17 9 2 0 2 7 0 2 7 0 2 7 0 2 7 1 2 7 5 31 3 0 2 7 0 2 7 0 2 7 0 2 7 1 2 7 0 2 7 0 2 7 1 2 7 0 2 7 17 18 2 0 2 7 0 2 7 0 2 7 5 31 3 1 2 7 1 2 7 0 2 7 0 2 7 13 6 3 0 2 7 16 6 2 17 9 2 1 2 7 5 31 3 5 31 3 1 2 7 1 2 7 1 2 7 0 2 7 0 40.4340677261352539
0 2 7 12 16 2 16 6 2 1 2 7 17 9 2 0 2 7 0 2 7 0 2 7 0 2 7 1 2 7 5 31 3 0 2 7 0 2 7 0 2 7 0 2 7 1 2 7 0 2 7 0 2 7 1 2 7 0 2 7 17 18 2 0 2 7 0 2 7 0 2 7 5 31 3 1 2 7 1 2 7 0 2 7 0 2 7 13 6 3 0 2 7 16 6 2 17 9 2 1 2 7 5 31 3 5 31 3 1 2 7 1 2 7 1 2 7 0 2 7 0 40.4340677261352539
0 2 7 12 16 2 16 6 2 1 2 7 17 9 2 0 2 7 0 2 7 0 2 7 0 2 7 1 2 7 5 31 3 0 2 7 0 2 7 0 2 7 0 2 7 1 2 7 0 2 7 0 2 7 1 2 7 0 2 7 17 18 2 0 2 7 0 2 7 0 2 7 5 31 3 1 2 7 1 2 7 0 2 7 0 2 7 13 6 3 0 2 7 16 6 2 17 9 2 1 2 7 5 31 3 5 31 3 1 2 7 1 2 7 1 2 7 0 2 7 0 40.4340677261352539
0 2 7 12 16 2 16 6 2 1 2 7 17 9 2 0 2 7 0 2 7 0 2 7 0 2 7 1 2 7 5 31 3 0 2 7 0 2 7 0 2 7 0 2 7 1 2 7 0 2 7 0 2 7 1 2 7 0 2 7 17 18 2 0 2 7 0 2 7 0 2 7 5 31 3 1 2 7 1 2 7 0 2 7 0 2 7 13 6 3 0 2 7 16 6 2 17 9 2 1 2 7 5 31 3 5 31 3 1 2 7 1 2 7 1 2 7 0 2 7 0 40.4340677261352539
0 2 7 12 16 2 16 6 2 1 2 7 17 9 2 0 2 7 0 2 7 0 2 7 0 2 7 1 2 7 5 31 3 0 2 7 0 2 7 0 2 7 0 2 7 1 2 7 0 2 7 0 2 7 1 2 7 0 2 7 17 18 2 0 2 7 0 2 7 0 2 7 5 31 3 1 2 7 1 2 7 0 2 7 0 2 7 13 6 3 0 2 7 16 6 2 17 9 2 1 2 7 5 31 3 5 31 3 1 2 7 1 2 7 1 2 7 0 2 7 0 40.4340677261352539
0 2 7 12 16 2 16 6 2 1 2 7 17 9 2 0 2 7 0 2 7 0 2 7 0 2 7 1 2 7 5 31 3 0 2 7 0 2 7 0 2 7 0 2 7 1 2 7 0 2 7 0 2 7 1 2 7 0 2 7 17 18 2 0 2 7 0 2 7 0 2 7 5 31 3 1 2 7 1 2 7 0 2 7 0 2 7 13 6 3 0 2 7 16 6 2 17 9 2 1 2 7 5 31 3 5 31 3 1 2 7 1 2 7 1 2 7 0 2 7 0 40.4340677261352539
0 2 7 12 16 2 16 6 2 1 2 7 17 9 2 0 2 7 0 2 7 0 2 7 0 2 7 1 2 7 5 31 3 0 2 7 0 2 7 0 2 7 0 2 7 1 2 7 0 2 7 0 2 7 1 2 7 0 2 7 17 18 2 0 2 7 0 2 7 0 2 7 5 31 3 1 2 7 1 2 7 0 2 7 0 2 7 13 6 3 0 2 7 16 6 2 17 9 2 1 2 7 5 31 3 5 31 3 1 2 7 1 2 7 1 2 7 0 2 7 0 40.4340677261352539
0 2 7 12 16 2 16 6 2 1 2 7 17 9 2 0 2 7 0 2 7 0 2 7 0 2 7 1 2 7 5 31 3 0 2 7 0 2 7 0 2 7 0 2 7 1 2 7 0 2 7 0 2 7 1 2 7 0 2 7 17 18 2 0 2 7 0 2 7 0 2 7 5 31 3 1 2 7 1 2 7 0 2 7 0 2 7 13 6 3 0 2 7 16 6 2 17 9 2 1 2 7 5 31 3 5 31 3 1 2 7 1 2 7 1 2 7 0 2 7 0 40.4340677261352539
0 2 7 12 16 2 16 6 2 1 2 7 17 9 2 0 2 7 0 2 7 0 2 7 0 2 7 1 2 7 5 31 3 0 2 7 0 2 7 0 2 7 0 2 7 1 2 7 0 2 7 0 2 7 1 2 7 0 2 7 17 18 2 0 2 7 0 2 7 0 2 7 5 31 3 1 2 7 1 2 7 0 2 7 0 2 7 13 6 3 0 2 7 16 6 2 17 9 2 1 2 7 5 31 3 5 31 3 1 2 7 1 2 7 1 2 7 0 2 7 0 40.4340677261352539
0 2 7 12 16 2 16 6 2 1 2 7 17 9 2 0 2 7 0 2 7 0 2 7 0 2 7 1 2 7 5 31 3 0 2 7 0 2 7 0 2 7 0 2 7 1 2 7 0 2 7 0 2 7 1 2 7 0 2 7 17 18 2 0 2 7 0 2 7 0 2 7 5 31 3 1 2 7 1 2 7 0 2 7 0 2 7 13 6 3 0 2 7 16 6 2 17 9 2 1 2 7 5 31 3 5 31 3 1 2 7 1 2 7 1 2 7 0 2 7 0 40.4340677261352539
0 2 7 12 16 2 16 6 2 1 2 7 17 9 2 0 2 7 0 2 7 0 2 7 0 2 7 1 2 7 5 31 3 0 2 7 0 2 7 0 2 7 0 2 7 1 2 7 0 2 7 0 2 7 1 2 7 0 2 7 17 18 2 0 2 7 0 2 7 0 2 7 5 31 3 1 2 7 1 2 7 0 2 7 0 2 7 13 6 3 0 2 7 16 6 2 17 9 2 1 2 7 5 31 3 5 31 3 1 2 7 1 2 7 1 2 7 0 2 7 0 40.4340677261352539
0 2 7 12 16 2 16 6 2 1 2 7 17 9 2 0 2 7 0 2 7 0 2 7 0 2 7 1 2 7 5 31 3 0 2 7 0 2 7 0 2 7 0 2 7 1 2 7 0 2 7 0 2 7 1 2 7 0 2 7 17 18 2 0 2 7 0 2 7 0 2 7 5 31 3 1 2 7 1 2 7 0 2 7 0 2 7 13 6 3 0 2 7 16 6 2 17 9 2 1 2 7 5 31 3 5 31 3 1 2 7 1 2 7 1 2 7 0 2 7 0 40.4340677261352539
0 2 7 12 16 2 16 6 2 1 2 7 17 9 2 0 2 7 0 2 7 0 2 7 0 2 7 1 2 7 5 31 3 0 2 7 0 2 7 0 2 7 0 2 7 1 2 7 0 2 7 0 2 7 1 2 7 0 2 7 17 18 2 0 2 7 0 2 7 0 2 7 5 31 3 1 2 7 1 2 7 0 2 7 0 2 7 13 6 3 0 2 7 16 6 2 17 9 2 1 2 7 5 31 3 5 31 3 1 2 7 1 2 7 1 2 7 0 2 7 0 40.4340677261352539
0 2 7 12 16 2 16 6 2 1 2 7 17 9 2 0 2 7 0 2 7 0 2 7 0 2 7 1 2 7 5 31 3 0 2 7 0 2 7 0 2 7 0 2 7 1 2 7 0 2 7 0 2 7 1 2 7 0 2 7 17 18 2 0 2 7 0 2 7 0 2 7 5 31 3 1 2 7 1 2 7 0 2 7 0 2 7 13 6 3 0 2 7 16 6 2 17 9 2 1 2 7 5 31 3 5 31 3 1 2 7 1 2 7 1 2 7 0 2 7 0 40.4340677261352539
0 2 7 12 16 2 16 6 2 1 2 7 17 9 2 0 2 7 0 2 7 0 2 7 0 2 7 1 2 7 5 31 3 0 2 7 0 2 7 0 2 7 0 2 7 1 2 7 0 2 7 0 2 7 1 2 7 0 2 7 17 18 2 0 2 7 0 2 7 0 2 7 5 31 3 1 2 7 1 2 7 0 2 7 0 2 7 13 6 3 0 2 7 16 6 2 17 9 2 1 2 7 5 31 3 5 31 3 1 2 7 1 2 7 1 2 7 0 2 7 0 40.4340677261352539
0 2 7 12 16 2 16 6 2 1 2 7 17 9 2 0 2 7 0 2 7 0 2 7 0 2 7 1 2 7 5 31 3 0 2 7 0 2 7 0 2 7 0 2 7 1 2 7 0 2 7 0 2 7 1 2 7 0 2 7 17 18 2 0 2 7 0 2 7 0 2 7 5 31 3 1 2 7 1 2 7 0 2 7 0 2 7 13 6 3 0 2 7 16 6 2 17 9 2 1 2 7 5 31 3 5 31 3 1 2 7 1 2 7 1 2 7 0 2 7 0 40.4340677261352539
0 2 7 12 16 2 16 6 2 1 2 7 17 9 2 0 2 7 0 2 7 0 2 7 0 2 7 1 2 7 5 31 3 0 2 7 0 2 7 0 2 7 0 2 7 1 2 7 0 2 7 0 2 7 1 2 7 0 2 7 17 18 2 0 2 7 0 2 7 0 2 7 5 31 3 1 2 7 1 2 7 0 2 7 0 2 7 13 6 3 0 2 7 16 6 2 17 9 2 1 2 7 5 31 3 5 31 3 1 2 7 1 2 7 1 2 7 0 2 7 0 40.4340677261352539
0 2 7 12 16 2 16 6 2 1 2 7 17 9 2 0 2 7 0 2 7 0 2 7 0 2 7 1 2 7 5 31 3 0 2 7 0 2 7 0 2 7 0 2 7 1 2 7 0 2 7 0 2 7 1 2 7 0 2 7 17 18 2 0 2 7 0 2 7 0 2 7 5 31 3 1 2 7 1 2 7 0 2 7 0 2 7 13 6 3 0 2 7 16 6 2 17 9 2 1 2 7 5 31 3 5 31 3 1 2 7 1 2 7 1 2 7 0 2 7 0 40.4340677261352539
0 2 7 12 16 2 16 6 2 1 2 7 17 9 2 0 2 7 0 2 7 0 2 7 0 2 7 1 2 7 5 31 3 0 2 7 0 2 7 0 2 7 0 2 7 1 2 7 0 2 7 0 2 7 1 2 7 0 2 7 17 18 2 0 2 7 0 2 7 0 2 7 5 31 3 1 2 7 1 2 7 0 2 7 0 2 7 13 6 3 0 2 7 16 6 2 17 9 2 1 2 7 5 31 3 5 31 3 1 2 7 1 2 7 1 2 7 0 2 7 0 40.4340677261352539
0 2 7 12 16 2 16 6 2 1 2 7 17 9 2 0 2 7 0 2 7 0 2 7 0 2 7 1 2 7 5 31 3 0 2 7 0 2 7 0 2 7 0 2 7 1 2 7 0 2 7 0 2 7 1 2 7 0 2 7 17 18 2 0 2 7 0 2 7 0 2 7 5 31 3 1 2 7 1 2 7 0 2 7 0 2 7 13 6 3 0 2 7 16 6 2 17 9 2 1 2 7 5 31 3 5 31 3 1 2 7 1 2 7 1 2 7 0 2 7 0 40.4340677261352539
0 2 7 12 16 2 16 6 2 1 2 7 17 9 2 0 2 7 0 2 7 0 2 7 0 2 7 1 2 7 5 31 3 0 2 7 0 2 7 0 2 7 0 2 7 1 2 7 0 2 7 0 2 7 1 2 7 0 2 7 17 18 2 0 2 7 0 2 7 0 2 7 5 31 3 1 2 7 1 2 7 0 2 7 0 2 7 13 6 3 0 2 7 16 6 2 17 9 2 1 2 7 5 31 3 5 31 3 1 2 7 1 2 7 1 2 7 0 2 7 0 40.4340677261352539
0 2 7 12 16 2 16 6 2 1 2 7 17 9 2 0 2 7 0 2 7 0 2 7 0 2 7 1 2 7 5 31 3 0 2 7 0 2 7 0 2 7 0 2 7 1 2 7 0 2 7 0 2 7 1 2 7 0 2 7 17 18 2 0 2 7 0 2 7 0 2 7 5 31 3 1 2 7 1 2 7 0 2 7 0 2 7 13 6 3 0 2 7 16 6 2 17 9 2 1 2 7 5 31 3 5 31 3 1 2 7 1 2 7 1 2 7 0 2 7 0 40.4340677261352539
0 2 7 12 16 2 16 6 2 1 2 7 17 9 2 0 2 7 0 2 7 0 2 7 0 2 7 1 2 7 5 31 3 0 2 7 0 2 7 0 2 7 0 2 7 1 2 7 0 2 7 0 2 7 1 2 7 0 2 7 17 18 2 0 2 7 0 2 7 0 2 7 5 31 3 1 2 7 1 2 7 0 2 7 0 2 7 13 6 3 0 2 7 16 6 2 17 9 2 1 2 7 5 31 3 5 31 3 1 2 7 1 2 7 1 2 7 0 2 7 0 40.4340677261352539
0 2 7 12 16 2 16 6 2 1 2 7 17 9 2 0 2 7 0 2 7 0 2 7 0 2 7 1 2 7 5 31 3 0 2 7 0 2 7 0 2 7 0 2 7 1 2 7 0 2 7 0 2 7 1 2 7 0 2 7 17 18 2 0 2 7 0 2 7 0 2 7 5 31 3 1 2 7 1 2 7 0 2 7 0 2 7 13 6 3 0 2 7 16 6 2 17 9 2 1 2 7 5 31 3 5 31 3 1 2 7 1 2 7 1 2 7 0 2 7 0 40.4340677261352539
0 2 7 12 16 2 16 6 2 1 2 7 17 9 2 0 2 7 0 2 7 0 2 7 0 2 7 1 2 7 5 31 3 0 2 7 0 2 7 0 2 7 0 2 7 1 2 7 0 2 7 0 2 7 1 2 7 0 2 7 17 18 2 0 2 7 0 2 7 0 2 7 5 31 3 1 2 7 1 2 7 0 2 7 0 2 7 13 6 3 0 2 7 16 6 2 17 9 2 1 2 7 5 31 3 5 31 3 1 2 7 1 2 7 1 2 7 0 2 7 0 40.4340677261352539
0 2 7 12 16 2 16 6 2 1 2 7 17 9 2 0 2 7 0 2 7 0 2 7 0 2 7 1 2 7 5 31 3 0 2 7 0 2 7 0 2 7 0 2 7 1 2 7 0 2 7 0 2 7 1 2 7 0 2 7 17 18 2 0 2 7 0 2 7 0 2 7 5 31 3 1 2 7 1 2 7 0 2 7 0 2 7 13 6 3 0 2 7 16 6 2 17 9 2 1 2 7 5 31 3 5 31 3 1 2 7 1 2 7 1 2 7 0 2 7 0 40.4340677261352539
0 2 7 12 16 2 16 6 2 1 2 7 17 9 2 0 2 7 0 2 7 0 2 7 0 2 7 1 2 7 5 31 3 0 2 7 0 2 7 0 2 7 0 2 7 1 2 7 0 2 7 0 2 7 1 2 7 0 2 7 17 18 2 0 2 7 0 2 7 0 2 7 5 31 3 1 2 7 1 2 7 0 2 7 0 2 7 13 6 3 0 2 7 16 6 2 17 9 2 1 2 7 5 31 3 5 31 3 1 2 7 1 2 7 1 2 7 0 2 7 0 40.4340677261352539
0 2 7 12 16 2 16 6 2 1 2 7 17 9 2 0 2 7 0 2 7 0 2 7 0 2 7 1 2 7 5 31 3 0 2 7 0 2 7 0 2 7 0 2 7 1 2 7 0 2 7 0 2 7 1 2 7 0 2 7 17 18 2 0 2 7 0 2 7 0 2 7 5 31 3 1 2 7 1 2 7 0 2 7 0 2 7 13 6 3 0 2 7 16 6 2 17 9 2 1 2 7 5 31 3 5 31 3 1 2 7 1 2 7 1 2 7 0 2 7 0 40.4340677261352539
0 2 7 12 16 2 16 6 2 1 2 7 17 9 2 0 2 7 0 2 7 0 2 7 0 2 7 1 2 7 5 31 3 0 2 7 0 2 7 0 2 7 0 2 7 1 2 7 0 2 7 0 2 7 1 2 7 0 2 7 17 18 2 0 2 7 0 2 7 0 2 7 5 31 3 1 2 7 1 2 7 0 2 7 0 2 7 13 6 3 0 2 7 16 6 2 17 9 2 1 2 7 5 31 3 5 31 3 1 2 7 1 2 7 1 2 7 0 2 7 0 40.4340677261352539
0 2 7 12 16 2 16 6 2 1 2 7 17 9 2 0 2 7 0 2 7 0 2 7 0 2 7 1 2 7 5 31 3 0 2 7 0 2 7 0 2 7 0 2 7 1 2 7 0 2 7 0 2 7 1 2 7 0 2 7 17 18 2 0 2 7 0 2 7 0 2 7 5 31 3 1 2 7 1 2 7 0 2 7 0 2 7 13 6 3 0 2 7 16 6 2 17 9 2 1 2 7 5 31 3 5 31 3 1 2 7 1 2 7 1 2 7 0 2 7 0 40.4340677261352539
0 2 7 12 16 2 16 6 2 1 2 7 17 9 2 0 2 7 0 2 7 0 2 7 0 2 7 1 2 7 5 31 3 0 2 7 0 2 7 0 2 7 0 2 7 1 2 7 0 2 7 0 2 7 1 2 7 0 2 7 17 18 2 0 2 7 0 2 7 0 2 7 5 31 3 1 2 7 1 2 7 0 2 7 0 2 7 13 6 3 0 2 7 16 6 2 17 9 2 1 2 7 5 31 3 5 31 3 1 2 7 1 2 7 1 2 7 0 2 7 0 40.4340677261352539
0 2 7 12 16 2 16 6 2 1 2 7 17 9 2 0 2 7 0 2 7 0 2 7 0 2 7 1 2 7 5 31 3 0 2 7 0 2 7 0 2 7 0 2 7 1 2 7 0 2 7 0 2 7 1 2 7 0 2 7 17 18 2 0 2 7 0 2 7 0 2 7 5 31 3 1 2 7 1 2 7 0 2 7 0 2 7 13 6 3 0 2 7 16 6 2 17 9 2 1 2 7 5 31 3 5 31 3 1 2 7 1 2 7 1 2 7 0 2 7 0 40.4340677261352539
0 2 7 12 16 2 16 6 2 1 2 7 17 9 2 0 2 7 0 2 7 0 2 7 0 2 7 1 2 7 5 31 3 0 2 7 0 2 7 0 2 7 0 2 7 1 2 7 0 2 7 0 2 7 1 2 7 0 2 7 17 18 2 0 2 7 0 2 7 0 2 7 5 31 3 1 2 7 1 2 7 0 2 7 0 2 7 13 6 3 0 2 7 16 6 2 17 9 2 1 2 7 5 31 3 5 31 3 1 2 7 1 2 7 1 2 7 0 2 7 0 40.4340677261352539
0 2 7 12 16 2 16 6 2 1 2 7 17 9 2 0 2 7 0 2 7 0 2 7 0 2 7 1 2 7 5 31 3 0 2 7 0 2 7 0 2 7 0 2 7 1 2 7 0 2 7 0 2 7 1 2 7 0 2 7 17 18 2 0 2 7 0 2 7 0 2 7 5 31 3 1 2 7 1 2 7 0 2 7 0 2 7 13 6 3 0 2 7 16 6 2 17 9 2 1 2 7 5 31 3 5 31 3 1 2 7 1 2 7 1 2 7 0 2 7 0 40.4340677261352539
0 2 7 12 16 2 16 6 2 1 2 7 17 9 2 0 2 7 0 2 7 0 2 7 0 2 7 1 2 7 5 31 3 0 2 7 0 2 7 0 2 7 0 2 7 1 2 7 0 2 7 0 2 7 1 2 7 0 2 7 17 18 2 0 2 7 0 2 7 0 2 7 5 31 3 1 2 7 1 2 7 0 2 7 0 2 7 13 6 3 0 2 7 16 6 2 17 9 2 1 2 7 5 31 3 5 31 3 1 2 7 1 2 7 1 2 7 0 2 7 0 40.4340677261352539
0 2 7 12 16 2 16 6 2 1 2 7 17 9 2 0 2 7 0 2 7 0 2 7 0 2 7 1 2 7 5 31 3 0 2 7 0 2 7 0 2 7 0 2 7 1 2 7 0 2 7 0 2 7 1 2 7 0 2 7 17 18 2 0 2 7 0 2 7 0 2 7 5 31 3 1 2 7 1 2 7 0 2 7 0 2 7 13 6 3 0 2 7 16 6 2 17 9 2 1 2 7 5 31 3 5 31 3 1 2 7 1 2 7 1 2 7 0 2 7 0 40.4340677261352539
0 2 7 12 16 2 16 6 2 1 2 7 17 9 2 0 2 7 0 2 7 0 2 7 0 2 7 1 2 7 5 31 3 0 2 7 0 2 7 0 2 7 0 2 7 1 2 7 0 2 7 0 2 7 1 2 7 0 2 7 17 18 2 0 2 7 0 2 7 0 2 7 5 31 3 1 2 7 1 2 7 0 2 7 0 2 7 13 6 3 0 2 7 16 6 2 17 9 2 1 2 7 5 31 3 5 31 3 1 2 7 1 2 7 1 2 7 0 2 7 0 40.4340677261352539
0 2 7 12 16 2 16 6 2 1 2 7 17 9 2 0 2 7 0 2 7 0 2 7 0 2 7 1 2 7 5 31 3 0 2 7 0 2 7 0 2 7 0 2 7 1 2 7 0 2 7 0 2 7 1 2 7 0 2 7 17 18 2 0 2 7 0 2 7 0 2 7 5 31 3 1 2 7 1 2 7 0 2 7 0 2 7 13 6 3 0 2 7 16 6 2 17 9 2 1 2 7 5 31 3 5 31 3 1 2 7 1 2 7 1 2 7 0 2 7 0 40.4340677261352539
0 2 7 12 16 2 16 6 2 1 2 7 17 9 2 0 2 7 0 2 7 0 2 7 0 2 7 1 2 7 5 31 3 0 2 7 0 2 7 0 2 7 0 2 7 1 2 7 0 2 7 0 2 7 1 2 7 0 2 7 17 18 2 0 2 7 0 2 7 0 2 7 5 31 3 1 2 7 1 2 7 0 2 7 0 2 7 13 6 3 0 2 7 16 6 2 17 9 2 1 2 7 5 31 3 5 31 3 1 2 7 1 2 7 1 2 7 0 2 7 0 40.4340677261352539
0 2 7 12 16 2 16 6 2 1 2 7 17 9 2 0 2 7 0 2 7 0 2 7 0 2 7 1 2 7 5 31 3 0 2 7 0 2 7 0 2 7 0 2 7 1 2 7 0 2 7 0 2 7 1 2 7 0 2 7 17 18 2 0 2 7 0 2 7 0 2 7 5 31 3 1 2 7 1 2 7 0 2 7 0 2 7 13 6 3 0 2 7 16 6 2 17 9 2 1 2 7 5 31 3 5 31 3 1 2 7 1 2 7 1 2 7 0 2 7 0 40.4340677261352539
0 2 7 12 16 2 16 6 2 1 2 7 17 9 2 0 2 7 0 2 7 0 2 7 0 2 7 1 2 7 5 31 3 0 2 7 0 2 7 0 2 7 0 2 7 1 2 7 0 2 7 0 2 7 1 2 7 0 2 7 17 18 2 0 2 7 0 2 7 0 2 7 5 31 3 1 2 7 1 2 7 0 2 7 0 2 7 13 6 3 0 2 7 16 6 2 17 9 2 1 2 7 5 31 3 5 31 3 1 2 7 1 2 7 1 2 7 0 2 7 0 40.4340677261352539
0 2 7 12 16 2 16 6 2 1 2 7 17 9 2 0 2 7 0 2 7 0 2 7 0 2 7 1 2 7 5 31 3 0 2 7 0 2 7 0 2 7 0 2 7 1 2 7 0 2 7 0 2 7 1 2 7 0 2 7 17 18 2 0 2 7 0 2 7 0 2 7 5 31 3 1 2 7 1 2 7 0 2 7 0 2 7 13 6 3 0 2 7 16 6 2 17 9 2 1 2 7 5 31 3 5 31 3 1 2 7 1 2 7 1 2 7 0 2 7 0 40.4340677261352539
0 2 7 12 16 2 16 6 2 1 2 7 17 9 2 0 2 7 0 2 7 0 2 7 0 2 7 1 2 7 5 31 3 0 2 7 0 2 7 0 2 7 0 2 7 1 2 7 0 2 7 0 2 7 1 2 7 0 2 7 17 18 2 0 2 7 0 2 7 0 2 7 5 31 3 1 2 7 1 2 7 0 2 7 0 2 7 13 6 3 0 2 7 16 6 2 17 9 2 1 2 7 5 31 3 5 31 3 1 2 7 1 2 7 1 2 7 0 2 7 0 40.4340677261352539
0 2 7 12 16 2 16 6 2 1 2 7 17 9 2 0 2 7 0 2 7 0 2 7 0 2 7 1 2 7 5 31 3 0 2 7 0 2 7 0 2 7 0 2 7 1 2 7 0 2 7 0 2 7 1 2 7 0 2 7 17 18 2 0 2 7 0 2 7 0 2 7 5 31 3 1 2 7 1 2 7 0 2 7 0 2 7 13 6 3 0 2 7 16 6 2 17 9 2 1 2 7 5 31 3 5 31 3 1 2 7 1 2 7 1 2 7 0 2 7 0 40.4340677261352539
0 2 7 12 16 2 16 6 2 1 2 7 17 9 2 0 2 7 0 2 7 0 2 7 0 2 7 1 2 7 5 31 3 0 2 7 0 2 7 0 2 7 0 2 7 1 2 7 0 2 7 0 2 7 1 2 7 0 2 7 17 18 2 0 2 7 0 2 7 0 2 7 5 31 3 1 2 7 1 2 7 0 2 7 0 2 7 13 6 3 0 2 7 16 6 2 17 9 2 1 2 7 5 31 3 5 31 3 1 2 7 1 2 7 1 2 7 0 2 7 0 40.4340677261352539
0 2 7 12 16 2 16 6 2 1 2 7 17 9 2 0 2 7 0 2 7 0 2 7 0 2 7 1 2 7 5 31 3 0 2 7 0 2 7 0 2 7 0 2 7 1 2 7 0 2 7 0 2 7 1 2 7 0 2 7 17 18 2 0 2 7 0 2 7 0 2 7 5 31 3 1 2 7 1 2 7 0 2 7 0 2 7 13 6 3 0 2 7 16 6 2 17 9 2 1 2 7 5 31 3 5 31 3 1 2 7 1 2 7 1 2 7 0 2 7 0 40.4340677261352539
0 2 7 12 16 2 16 6 2 1 2 7 17 9 2 0 2 7 0 2 7 0 2 7 0 2 7 1 2 7 5 31 3 0 2 7 0 2 7 0 2 7 0 2 7 1 2 7 0 2 7 0 2 7 1 2 7 0 2 7 17 18 2 0 2 7 0 2 7 0 2 7 5 31 3 1 2 7 1 2 7 0 2 7 0 2 7 13 6 3 0 2 7 16 6 2 17 9 2 1 2 7 5 31 3 5 31 3 1 2 7 1 2 7 1 2 7 0 2 7 0 40.4340677261352539
0 2 7 12 16 2 16 6 2 1 2 7 17 9 2 0 2 7 0 2 7 0 2 7 0 2 7 1 2 7 5 31 3 0 2 7 0 2 7 0 2 7 0 2 7 1 2 7 0 2 7 0 2 7 1 2 7 0 2 7 17 18 2 0 2 7 0 2 7 0 2 7 5 31 3 1 2 7 1 2 7 0 2 7 0 2 7 13 6 3 0 2 7 16 6 2 17 9 2 1 2 7 5 31 3 5 31 3 1 2 7 1 2 7 1 2 7 0 2 7 0 40.4340677261352539
0 2 7 12 16 2 16 6 2 1 2 7 17 9 2 0 2 7 0 2 7 0 2 7 0 2 7 1 2 7 5 31 3 0 2 7 0 2 7 0 2 7 0 2 7 1 2 7 0 2 7 0 2 7 1 2 7 0 2 7 17 18 2 0 2 7 0 2 7 0 2 7 5 31 3 1 2 7 1 2 7 0 2 7 0 2 7 13 6 3 0 2 7 16 6 2 17 9 2 1 2 7 5 31 3 5 31 3 1 2 7 1 2 7 1 2 7 0 2 7 0 40.4340677261352539
0 2 7 12 16 2 16 6 2 1 2 7 17 9 2 0 2 7 0 2 7 0 2 7 0 2 7 1 2 7 5 31 3 0 2 7 0 2 7 0 2 7 0 2 7 1 2 7 0 2 7 0 2 7 1 2 7 0 2 7 17 18 2 0 2 7 0 2 7 0 2 7 5 31 3 1 2 7 1 2 7 0 2 7 0 2 7 13 6 3 0 2 7 16 6 2 17 9 2 1 2 7 5 31 3 5 31 3 1 2 7 1 2 7 1 2 7 0 2 7 0 40.4340677261352539
0 2 7 12 16 2 16 6 2 1 2 7 17 9 2 0 2 7 0 2 7 0 2 7 0 2 7 1 2 7 5 31 3 0 2 7 0 2 7 0 2 7 0 2 7 1 2 7 0 2 7 0 2 7 1 2 7 0 2 7 17 18 2 0 2 7 0 2 7 0 2 7 5 31 3 1 2 7 1 2 7 0 2 7 0 2 7 13 6 3 0 2 7 16 6 2 17 9 2 1 2 7 5 31 3 5 31 3 1 2 7 1 2 7 1 2 7 0 2 7 0 40.4340677261352539
0 2 7 12 16 2 16 6 2 1 2 7 17 9 2 0 2 7 0 2 7 0 2 7 0 2 7 1 2 7 5 31 3 0 2 7 0 2 7 0 2 7 0 2 7 1 2 7 0 2 7 0 2 7 1 2 7 0 2 7 17 18 2 0 2 7 0 2 7 0 2 7 5 31 3 1 2 7 1 2 7 0 2 7 0 2 7 13 6 3 0 2 7 16 6 2 17 9 2 1 2 7 5 31 3 5 31 3 1 2 7 1 2 7 1 2 7 0 2 7 0 40.4340677261352539
0 2 7 12 16 2 16 6 2 1 2 7 17 9 2 0 2 7 0 2 7 0 2 7 0 2 7 1 2 7 5 31 3 0 2 7 0 2 7 0 2 7 0 2 7 1 2 7 0 2 7 0 2 7 1 2 7 0 2 7 17 18 2 0 2 7 0 2 7 0 2 7 5 31 3 1 2 7 1 2 7 0 2 7 0 2 7 13 6 3 0 2 7 16 6 2 17 9 2 1 2 7 5 31 3 5 31 3 1 2 7 1 2 7 1 2 7 0 2 7 0 40.4340677261352539
0 2 7 12 16 2 16 6 2 1 2 7 17 9 2 0 2 7 0 2 7 0 2 7 0 2 7 1 2 7 5 31 3 0 2 7 0 2 7 0 2 7 0 2 7 1 2 7 0 2 7 0 2 7 1 2 7 0 2 7 17 18 2 0 2 7 0 2 7 0 2 7 5 31 3 1 2 7 1 2 7 0 2 7 0 2 7 13 6 3 0 2 7 16 6 2 17 9 2 1 2 7 5 31 3 5 31 3 1 2 7 1 2 7 1 2 7 0 2 7 0 40.4340677261352539
0 2 7 12 16 2 16 6 2 1 2 7 17 9 2 0 2 7 0 2 7 0 2 7 0 2 7 1 2 7 5 31 3 0 2 7 0 2 7 0 2 7 0 2 7 1 2 7 0 2 7 0 2 7 1 2 7 0 2 7 17 18 2 0 2 7 0 2 7 0 2 7 5 31 3 1 2 7 1 2 7 0 2 7 0 2 7 13 6 3 0 2 7 16 6 2 17 9 2 1 2 7 5 31 3 5 31 3 1 2 7 1 2 7 1 2 7 0 2 7 0 40.4340677261352539
0 2 7 12 16 2 16 6 2 1 2 7 17 9 2 0 2 7 0 2 7 0 2 7 0 2 7 1 2 7 5 31 3 0 2 7 0 2 7 0 2 7 0 2 7 1 2 7 0 2 7 0 2 7 1 2 7 0 2 7 17 18 2 0 2 7 0 2 7 0 2 7 5 31 3 1 2 7 1 2 7 0 2 7 0 2 7 13 6 3 0 2 7 16 6 2 17 9 2 1 2 7 5 31 3 5 31 3 1 2 7 1 2 7 1 2 7 0 2 7 0 40.4340677261352539
0 2 7 12 16 2 16 6 2 1 2 7 17 9 2 0 2 7 0 2 7 0 2 7 0 2 7 1 2 7 5 31 3 0 2 7 0 2 7 0 2 7 0 2 7 1 2 7 0 2 7 0 2 7 1 2 7 0 2 7 17 18 2 0 2 7 0 2 7 0 2 7 5 31 3 1 2 7 1 2 7 0 2 7 0 2 7 13 6 3 0 2 7 16 6 2 17 9 2 1 2 7 5 31 3 5 31 3 1 2 7 1 2 7 1 2 7 0 2 7 0 40.4340677261352539
0 2 7 12 16 2 16 6 2 1 2 7 17 9 2 0 2 7 0 2 7 0 2 7 0 2 7 1 2 7 5 31 3 0 2 7 0 2 7 0 2 7 0 2 7 1 2 7 0 2 7 0 2 7 1 2 7 0 2 7 17 18 2 0 2 7 0 2 7 0 2 7 5 31 3 1 2 7 1 2 7 0 2 7 0 2 7 13 6 3 0 2 7 16 6 2 17 9 2 1 2 7 5 31 3 5 31 3 1 2 7 1 2 7 1 2 7 0 2 7 0 40.4340677261352539
0 2 7 12 16 2 16 6 2 1 2 7 17 9 2 0 2 7 0 2 7 0 2 7 0 2 7 1 2 7 5 31 3 0 2 7 0 2 7 0 2 7 0 2 7 1 2 7 0 2 7 0 2 7 1 2 7 0 2 7 17 18 2 0 2 7 0 2 7 0 2 7 5 31 3 1 2 7 1 2 7 0 2 7 0 2 7 13 6 3 0 2 7 16 6 2 17 9 2 1 2 7 5 31 3 5 31 3 1 2 7 1 2 7 1 2 7 0 2 7 0 40.4340677261352539
0 2 7 12 16 2 16 6 2 1 2 7 17 9 2 0 2 7 0 2 7 0 2 7 0 2 7 1 2 7 5 31 3 0 2 7 0 2 7 0 2 7 0 2 7 1 2 7 0 2 7 0 2 7 1 2 7 0 2 7 17 18 2 0 2 7 0 2 7 0 2 7 5 31 3 1 2 7 1 2 7 0 2 7 0 2 7 13 6 3 0 2 7 16 6 2 17 9 2 1 2 7 5 31 3 5 31 3 1 2 7 1 2 7 1 2 7 0 2 7 0 40.4340677261352539
0 2 7 12 16 2 16 6 2 1 2 7 17 9 2 0 2 7 0 2 7 0 2 7 0 2 7 1 2 7 5 31 3 0 2 7 0 2 7 0 2 7 0 2 7 1 2 7 0 2 7 0 2 7 1 2 7 0 2 7 17 18 2 0 2 7 0 2 7 0 2 7 5 31 3 1 2 7 1 2 7 0 2 7 0 2 7 13 6 3 0 2 7 16 6 2 17 9 2 1 2 7 5 31 3 5 31 3 1 2 7 1 2 7 1 2 7 0 2 7 0 40.4340677261352539
0 2 7 12 16 2 16 6 2 1 2 7 17 9 2 0 2 7 0 2 7 0 2 7 0 2 7 1 2 7 5 31 3 0 2 7 0 2 7 0 2 7 0 2 7 1 2 7 0 2 7 0 2 7 1 2 7 0 2 7 17 18 2 0 2 7 0 2 7 0 2 7 5 31 3 1 2 7 1 2 7 0 2 7 0 2 7 13 6 3 0 2 7 16 6 2 17 9 2 1 2 7 5 31 3 5 31 3 1 2 7 1 2 7 1 2 7 0 2 7 0 40.4340677261352539
0 2 7 12 16 2 16 6 2 1 2 7 17 9 2 0 2 7 0 2 7 0 2 7 0 2 7 1 2 7 5 31 3 0 2 7 0 2 7 0 2 7 0 2 7 1 2 7 0 2 7 0 2 7 1 2 7 0 2 7 17 18 2 0 2 7 0 2 7 0 2 7 5 31 3 1 2 7 1 2 7 0 2 7 0 2 7 13 6 3 0 2 7 16 6 2 17 9 2 1 2 7 5 31 3 5 31 3 1 2 7 1 2 7 1 2 7 0 2 7 0 40.4340677261352539
0 2 7 12 16 2 16 6 2 1 2 7 17 9 2 0 2 7 0 2 7 0 2 7 0 2 7 1 2 7 5 31 3 0 2 7 0 2 7 0 2 7 0 2 7 1 2 7 0 2 7 0 2 7 1 2 7 0 2 7 17 18 2 0 2 7 0 2 7 0 2 7 5 31 3 1 2 7 1 2 7 0 2 7 0 2 7 13 6 3 0 2 7 16 6 2 17 9 2 1 2 7 5 31 3 5 31 3 1 2 7 1 2 7 1 2 7 0 2 7 0 40.4340677261352539
0 2 7 12 16 2 16 6 2 1 2 7 17 9 2 0 2 7 0 2 7 0 2 7 0 2 7 1 2 7 5 31 3 0 2 7 0 2 7 0 2 7 0 2 7 1 2 7 0 2 7 0 2 7 1 2 7 0 2 7 17 18 2 0 2 7 0 2 7 0 2 7 5 31 3 1 2 7 1 2 7 0 2 7 0 2 7 13 6 3 0 2 7 16 6 2 17 9 2 1 2 7 5 31 3 5 31 3 1 2 7 1 2 7 1 2 7 0 2 7 0 40.4340677261352539
0 2 7 12 16 2 16 6 2 1 2 7 17 9 2 0 2 7 0 2 7 0 2 7 0 2 7 1 2 7 5 31 3 0 2 7 0 2 7 0 2 7 0 2 7 1 2 7 0 2 7 0 2 7 1 2 7 0 2 7 17 18 2 0 2 7 0 2 7 0 2 7 5 31 3 1 2 7 1 2 7 0 2 7 0 2 7 13 6 3 0 2 7 16 6 2 17 9 2 1 2 7 5 31 3 5 31 3 1 2 7 1 2 7 1 2 7 0 2 7 0 40.4340677261352539
0 2 7 12 16 2 16 6 2 1 2 7 17 9 2 0 2 7 0 2 7 0 2 7 0 2 7 1 2 7 5 31 3 0 2 7 0 2 7 0 2 7 0 2 7 1 2 7 0 2 7 0 2 7 1 2 7 0 2 7 17 18 2 0 2 7 0 2 7 0 2 7 5 31 3 1 2 7 1 2 7 0 2 7 0 2 7 13 6 3 0 2 7 16 6 2 17 9 2 1 2 7 5 31 3 5 31 3 1 2 7 1 2 7 1 2 7 0 2 7 0 40.4340677261352539
0 2 7 12 16 2 16 6 2 1 2 7 17 9 2 0 2 7 0 2 7 0 2 7 0 2 7 1 2 7 5 31 3 0 2 7 0 2 7 0 2 7 0 2 7 1 2 7 0 2 7 0 2 7 1 2 7 0 2 7 17 18 2 0 2 7 0 2 7 0 2 7 5 31 3 1 2 7 1 2 7 0 2 7 0 2 7 13 6 3 0 2 7 16 6 2 17 9 2 1 2 7 5 31 3 5 31 3 1 2 7 1 2 7 1 2 7 0 2 7 0 40.4340677261352539
0 2 7 12 16 2 16 6 2 1 2 7 17 9 2 0 2 7 0 2 7 0 2 7 0 2 7 1 2 7 5 31 3 0 2 7 0 2 7 0 2 7 0 2 7 1 2 7 0 2 7 0 2 7 1 2 7 0 2 7 17 18 2 0 2 7 0 2 7 0 2 7 5 31 3 1 2 7 1 2 7 0 2 7 0 2 7 13 6 3 0 2 7 16 6 2 17 9 2 1 2 7 5 31 3 5 31 3 1 2 7 1 2 7 1 2 7 0 2 7 0 40.4340677261352539
0 2 7 12 16 2 16 6 2 1 2 7 17 9 2 0 2 7 0 2 7 0 2 7 0 2 7 1 2 7 5 31 3 0 2 7 0 2 7 0 2 7 0 2 7 1 2 7 0 2 7 0 2 7 1 2 7 0 2 7 17 18 2 0 2 7 0 2 7 0 2 7 5 31 3 1 2 7 1 2 7 0 2 7 0 2 7 13 6 3 0 2 7 16 6 2 17 9 2 1 2 7 5 31 3 5 31 3 1 2 7 1 2 7 1 2 7 0 2 7 0 40.4340677261352539
0 2 7 12 16 2 16 6 2 1 2 7 17 9 2 0 2 7 0 2 7 0 2 7 0 2 7 1 2 7 5 31 3 0 2 7 0 2 7 0 2 7 0 2 7 1 2 7 0 2 7 0 2 7 1 2 7 0 2 7 17 18 2 0 2 7 0 2 7 0 2 7 5 31 3 1 2 7 1 2 7 0 2 7 0 2 7 13 6 3 0 2 7 16 6 2 17 9 2 1 2 7 5 31 3 5 31 3 1 2 7 1 2 7 1 2 7 0 2 7 0 40.4340677261352539
0 2 7 12 16 2 16 6 2 1 2 7 17 9 2 0 2 7 0 2 7 0 2 7 0 2 7 1 2 7 5 31 3 0 2 7 0 2 7 0 2 7 0 2 7 1 2 7 0 2 7 0 2 7 1 2 7 0 2 7 17 18 2 0 2 7 0 2 7 0 2 7 5 31 3 1 2 7 1 2 7 0 2 7 0 2 7 13 6 3 0 2 7 16 6 2 17 9 2 1 2 7 5 31 3 5 31 3 1 2 7 1 2 7 1 2 7 0 2 7 0 40.4340677261352539
0 2 7 12 16 2 16 6 2 1 2 7 17 9 2 0 2 7 0 2 7 0 2 7 0 2 7 1 2 7 5 31 3 0 2 7 0 2 7 0 2 7 0 2 7 1 2 7 0 2 7 0 2 7 1 2 7 0 2 7 17 18 2 0 2 7 0 2 7 0 2 7 5 31 3 1 2 7 1 2 7 0 2 7 0 2 7 13 6 3 0 2 7 16 6 2 17 9 2 1 2 7 5 31 3 5 31 3 1 2 7 1 2 7 1 2 7 0 2 7 0 40.4340677261352539
0 2 7 12 16 2 16 6 2 1 2 7 17 9 2 0 2 7 0 2 7 0 2 7 0 2 7 1 2 7 5 31 3 0 2 7 0 2 7 0 2 7 0 2 7 1 2 7 0 2 7 0 2 7 1 2 7 0 2 7 17 18 2 0 2 7 0 2 7 0 2 7 5 31 3 1 2 7 1 2 7 0 2 7 0 2 7 13 6 3 0 2 7 16 6 2 17 9 2 1 2 7 5 31 3 5 31 3 1 2 7 1 2 7 1 2 7 0 2 7 0 40.4340677261352539
0 2 7 12 16 2 16 6 2 1 2 7 17 9 2 0 2 7 0 2 7 0 2 7 0 2 7 1 2 7 5 31 3 0 2 7 0 2 7 0 2 7 0 2 7 1 2 7 0 2 7 0 2 7 1 2 7 0 2 7 17 18 2 0 2 7 0 2 7 0 2 7 5 31 3 1 2 7 1 2 7 0 2 7 0 2 7 13 6 3 0 2 7 16 6 2 17 9 2 1 2 7 5 31 3 5 31 3 1 2 7 1 2 7 1 2 7 0 2 7 0 40.4340677261352539
0 2 7 12 16 2 16 6 2 1 2 7 17 9 2 0 2 7 0 2 7 0 2 7 0 2 7 1 2 7 5 31 3 0 2 7 0 2 7 0 2 7 0 2 7 1 2 7 0 2 7 0 2 7 1 2 7 0 2 7 17 18 2 0 2 7 0 2 7 0 2 7 5 31 3 1 2 7 1 2 7 0 2 7 0 2 7 13 6 3 0 2 7 16 6 2 17 9 2 1 2 7 5 31 3 5 31 3 1 2 7 1 2 7 1 2 7 0 2 7 0 40.4340677261352539
0 2 7 12 16 2 16 6 2 1 2 7 17 9 2 0 2 7 0 2 7 0 2 7 0 2 7 1 2 7 5 31 3 0 2 7 0 2 7 0 2 7 0 2 7 1 2 7 0 2 7 0 2 7 1 2 7 0 2 7 17 18 2 0 2 7 0 2 7 0 2 7 5 31 3 1 2 7 1 2 7 0 2 7 0 2 7 13 6 3 0 2 7 16 6 2 17 9 2 1 2 7 5 31 3 5 31 3 1 2 7 1 2 7 1 2 7 0 2 7 0 40.4340677261352539
0 2 7 12 16 2 16 6 2 1 2 7 17 9 2 0 2 7 0 2 7 0 2 7 0 2 7 1 2 7 5 31 3 0 2 7 0 2 7 0 2 7 0 2 7 1 2 7 0 2 7 0 2 7 1 2 7 0 2 7 17 18 2 0 2 7 0 2 7 0 2 7 5 31 3 1 2 7 1 2 7 0 2 7 0 2 7 13 6 3 0 2 7 16 6 2 17 9 2 1 2 7 5 31 3 5 31 3 1 2 7 1 2 7 1 2 7 0 2 7 0 40.4340677261352539
0 2 7 12 16 2 16 6 2 1 2 7 17 9 2 0 2 7 0 2 7 0 2 7 0 2 7 1 2 7 5 31 3 0 2 7 0 2 7 0 2 7 0 2 7 1 2 7 0 2 7 0 2 7 1 2 7 0 2 7 17 18 2 0 2 7 0 2 7 0 2 7 5 31 3 1 2 7 1 2 7 0 2 7 0 2 7 13 6 3 0 2 7 16 6 2 17 9 2 1 2 7 5 31 3 5 31 3 1 2 7 1 2 7 1 2 7 0 2 7 0 40.4340677261352539
0 2 7 12 16 2 16 6 2 1 2 7 17 9 2 0 2 7 0 2 7 0 2 7 0 2 7 1 2 7 5 31 3 0 2 7 0 2 7 0 2 7 0 2 7 1 2 7 0 2 7 0 2 7 1 2 7 0 2 7 17 18 2 0 2 7 0 2 7 0 2 7 5 31 3 1 2 7 1 2 7 0 2 7 0 2 7 13 6 3 0 2 7 16 6 2 17 9 2 1 2 7 5 31 3 5 31 3 1 2 7 1 2 7 1 2 7 0 2 7 0 40.4340677261352539
0 2 7 12 16 2 16 6 2 1 2 7 17 9 2 0 2 7 0 2 7 0 2 7 0 2 7 1 2 7 5 31 3 0 2 7 0 2 7 0 2 7 0 2 7 1 2 7 0 2 7 0 2 7 1 2 7 0 2 7 17 18 2 0 2 7 0 2 7 0 2 7 5 31 3 1 2 7 1 2 7 0 2 7 0 2 7 13 6 3 0 2 7 16 6 2 17 9 2 1 2 7 5 31 3 5 31 3 1 2 7 1 2 7 1 2 7 0 2 7 0 40.4340677261352539
0 2 7 12 16 2 16 6 2 1 2 7 17 9 2 0 2 7 0 2 7 0 2 7 0 2 7 1 2 7 5 31 3 0 2 7 0 2 7 0 2 7 0 2 7 1 2 7 0 2 7 0 2 7 1 2 7 0 2 7 17 18 2 0 2 7 0 2 7 0 2 7 5 31 3 1 2 7 1 2 7 0 2 7 0 2 7 13 6 3 0 2 7 16 6 2 17 9 2 1 2 7 5 31 3 5 31 3 1 2 7 1 2 7 1 2 7 0 2 7 0 40.4340677261352539
0 2 7 12 16 2 16 6 2 1 2 7 17 9 2 0 2 7 0 2 7 0 2 7 0 2 7 1 2 7 5 31 3 0 2 7 0 2 7 0 2 7 0 2 7 1 2 7 0 2 7 0 2 7 1 2 7 0 2 7 17 18 2 0 2 7 0 2 7 0 2 7 5 31 3 1 2 7 1 2 7 0 2 7 0 2 7 13 6 3 0 2 7 16 6 2 17 9 2 1 2 7 5 31 3 5 31 3 1 2 7 1 2 7 1 2 7 0 2 7 0 40.4340677261352539
0 2 7 12 16 2 16 6 2 1 2 7 17 9 2 0 2 7 0 2 7 0 2 7 0 2 7 1 2 7 5 31 3 0 2 7 0 2 7 0 2 7 0 2 7 1 2 7 0 2 7 0 2 7 1 2 7 0 2 7 17 18 2 0 2 7 0 2 7 0 2 7 5 31 3 1 2 7 1 2 7 0 2 7 0 2 7 13 6 3 0 2 7 16 6 2 17 9 2 1 2 7 5 31 3 5 31 3 1 2 7 1 2 7 1 2 7 0 2 7 0 40.4340677261352539
0 2 7 12 16 2 16 6 2 1 2 7 17 9 2 0 2 7 0 2 7 0 2 7 0 2 7 1 2 7 5 31 3 0 2 7 0 2 7 0 2 7 0 2 7 1 2 7 0 2 7 0 2 7 1 2 7 0 2 7 17 18 2 0 2 7 0 2 7 0 2 7 5 31 3 1 2 7 1 2 7 0 2 7 0 2 7 13 6 3 0 2 7 16 6 2 17 9 2 1 2 7 5 31 3 5 31 3 1 2 7 1 2 7 1 2 7 0 2 7 0 40.4340677261352539
0 2 7 12 16 2 16 6 2 1 2 7 17 9 2 0 2 7 0 2 7 0 2 7 0 2 7 1 2 7 5 31 3 0 2 7 0 2 7 0 2 7 0 2 7 1 2 7 0 2 7 0 2 7 1 2 7 0 2 7 17 18 2 0 2 7 0 2 7 0 2 7 5 31 3 1 2 7 1 2 7 0 2 7 0 2 7 13 6 3 0 2 7 16 6 2 17 9 2 1 2 7 5 31 3 5 31 3 1 2 7 1 2 7 1 2 7 0 2 7 0 40.4340677261352539
0 2 7 12 16 2 16 6 2 1 2 7 17 9 2 0 2 7 0 2 7 0 2 7 0 2 7 1 2 7 5 31 3 0 2 7 0 2 7 0 2 7 0 2 7 1 2 7 0 2 7 0 2 7 1 2 7 0 2 7 17 18 2 0 2 7 0 2 7 0 2 7 5 31 3 1 2 7 1 2 7 0 2 7 0 2 7 13 6 3 0 2 7 16 6 2 17 9 2 1 2 7 5 31 3 5 31 3 1 2 7 1 2 7 1 2 7 0 2 7 0 40.4340677261352539
0 2 7 12 16 2 16 6 2 1 2 7 17 9 2 0 2 7 0 2 7 0 2 7 0 2 7 1 2 7 5 31 3 0 2 7 0 2 7 0 2 7 0 2 7 1 2 7 0 2 7 0 2 7 1 2 7 0 2 7 17 18 2 0 2 7 0 2 7 0 2 7 5 31 3 1 2 7 1 2 7 0 2 7 0 2 7 13 6 3 0 2 7 16 6 2 17 9 2 1 2 7 5 31 3 5 31 3 1 2 7 1 2 7 1 2 7 0 2 7 0 40.4340677261352539
0 2 7 12 16 2 16 6 2 1 2 7 17 9 2 0 2 7 0 2 7 0 2 7 0 2 7 1 2 7 5 31 3 0 2 7 0 2 7 0 2 7 0 2 7 1 2 7 0 2 7 0 2 7 1 2 7 0 2 7 17 18 2 0 2 7 0 2 7 0 2 7 5 31 3 1 2 7 1 2 7 0 2 7 0 2 7 13 6 3 0 2 7 16 6 2 17 9 2 1 2 7 5 31 3 5 31 3 1 2 7 1 2 7 1 2 7 0 2 7 0 40.4340677261352539
0 2 7 12 16 2 16 6 2 1 2 7 17 9 2 0 2 7 0 2 7 0 2 7 0 2 7 1 2 7 5 31 3 0 2 7 0 2 7 0 2 7 0 2 7 1 2 7 0 2 7 0 2 7 1 2 7 0 2 7 17 18 2 0 2 7 0 2 7 0 2 7 5 31 3 1 2 7 1 2 7 0 2 7 0 2 7 13 6 3 0 2 7 16 6 2 17 9 2 1 2 7 5 31 3 5 31 3 1 2 7 1 2 7 1 2 7 0 2 7 0 40.4340677261352539
0 2 7 12 16 2 16 6 2 1 2 7 17 9 2 0 2 7 0 2 7 0 2 7 0 2 7 1 2 7 5 31 3 0 2 7 0 2 7 0 2 7 0 2 7 1 2 7 0 2 7 0 2 7 1 2 7 0 2 7 17 18 2 0 2 7 0 2 7 0 2 7 5 31 3 1 2 7 1 2 7 0 2 7 0 2 7 13 6 3 0 2 7 16 6 2 17 9 2 1 2 7 5 31 3 5 31 3 1 2 7 1 2 7 1 2 7 0 2 7 0 40.4340677261352539
0 2 7 12 16 2 16 6 2 1 2 7 17 9 2 0 2 7 0 2 7 0 2 7 0 2 7 1 2 7 5 31 3 0 2 7 0 2 7 0 2 7 0 2 7 1 2 7 0 2 7 0 2 7 1 2 7 0 2 7 17 18 2 0 2 7 0 2 7 0 2 7 5 31 3 1 2 7 1 2 7 0 2 7 0 2 7 13 6 3 0 2 7 16 6 2 17 9 2 1 2 7 5 31 3 5 31 3 1 2 7 1 2 7 1 2 7 0 2 7 0 40.4340677261352539
0 2 7 12 16 2 16 6 2 1 2 7 17 9 2 0 2 7 0 2 7 0 2 7 0 2 7 1 2 7 5 31 3 0 2 7 0 2 7 0 2 7 0 2 7 1 2 7 0 2 7 0 2 7 1 2 7 0 2 7 17 18 2 0 2 7 0 2 7 0 2 7 5 31 3 1 2 7 1 2 7 0 2 7 0 2 7 13 6 3 0 2 7 16 6 2 17 9 2 1 2 7 5 31 3 5 31 3 1 2 7 1 2 7 1 2 7 0 2 7 0 40.4340677261352539
0 2 7 12 16 2 16 6 2 1 2 7 17 9 2 0 2 7 0 2 7 0 2 7 0 2 7 1 2 7 5 31 3 0 2 7 0 2 7 0 2 7 0 2 7 1 2 7 0 2 7 0 2 7 1 2 7 0 2 7 17 18 2 0 2 7 0 2 7 0 2 7 5 31 3 1 2 7 1 2 7 0 2 7 0 2 7 13 6 3 0 2 7 16 6 2 17 9 2 1 2 7 5 31 3 5 31 3 1 2 7 1 2 7 1 2 7 0 2 7 0 40.4340677261352539
0 2 7 12 16 2 16 6 2 1 2 7 17 9 2 0 2 7 0 2 7 0 2 7 0 2 7 1 2 7 5 31 3 0 2 7 0 2 7 0 2 7 0 2 7 1 2 7 0 2 7 0 2 7 1 2 7 0 2 7 17 18 2 0 2 7 0 2 7 0 2 7 5 31 3 1 2 7 1 2 7 0 2 7 0 2 7 13 6 3 0 2 7 16 6 2 17 9 2 1 2 7 5 31 3 5 31 3 1 2 7 1 2 7 1 2 7 0 2 7 0 40.4340677261352539
0 2 7 12 16 2 16 6 2 1 2 7 17 9 2 0 2 7 0 2 7 0 2 7 0 2 7 1 2 7 5 31 3 0 2 7 0 2 7 0 2 7 0 2 7 1 2 7 0 2 7 0 2 7 1 2 7 0 2 7 17 18 2 0 2 7 0 2 7 0 2 7 5 31 3 1 2 7 1 2 7 0 2 7 0 2 7 13 6 3 0 2 7 16 6 2 17 9 2 1 2 7 5 31 3 5 31 3 1 2 7 1 2 7 1 2 7 0 2 7 0 40.4340677261352539
0 2 7 12 16 2 16 6 2 1 2 7 17 9 2 0 2 7 0 2 7 0 2 7 0 2 7 1 2 7 5 31 3 0 2 7 0 2 7 0 2 7 0 2 7 1 2 7 0 2 7 0 2 7 1 2 7 0 2 7 17 18 2 0 2 7 0 2 7 0 2 7 5 31 3 1 2 7 1 2 7 0 2 7 0 2 7 13 6 3 0 2 7 16 6 2 17 9 2 1 2 7 5 31 3 5 31 3 1 2 7 1 2 7 1 2 7 0 2 7 0 40.4340677261352539
0 2 7 12 16 2 16 6 2 1 2 7 17 9 2 0 2 7 0 2 7 0 2 7 0 2 7 1 2 7 5 31 3 0 2 7 0 2 7 0 2 7 0 2 7 1 2 7 0 2 7 0 2 7 1 2 7 0 2 7 17 18 2 0 2 7 0 2 7 0 2 7 5 31 3 1 2 7 1 2 7 0 2 7 0 2 7 13 6 3 0 2 7 16 6 2 17 9 2 1 2 7 5 31 3 5 31 3 1 2 7 1 2 7 1 2 7 0 2 7 0 40.4340677261352539
0 2 7 12 16 2 16 6 2 1 2 7 17 9 2 0 2 7 0 2 7 0 2 7 0 2 7 1 2 7 5 31 3 0 2 7 0 2 7 0 2 7 0 2 7 1 2 7 0 2 7 0 2 7 1 2 7 0 2 7 17 18 2 0 2 7 0 2 7 0 2 7 5 31 3 1 2 7 1 2 7 0 2 7 0 2 7 13 6 3 0 2 7 16 6 2 17 9 2 1 2 7 5 31 3 5 31 3 1 2 7 1 2 7 1 2 7 0 2 7 0 40.4340677261352539
0 2 7 12 16 2 16 6 2 1 2 7 17 9 2 0 2 7 0 2 7 0 2 7 0 2 7 1 2 7 5 31 3 0 2 7 0 2 7 0 2 7 0 2 7 1 2 7 0 2 7 0 2 7 1 2 7 0 2 7 17 18 2 0 2 7 0 2 7 0 2 7 5 31 3 1 2 7 1 2 7 0 2 7 0 2 7 13 6 3 0 2 7 16 6 2 17 9 2 1 2 7 5 31 3 5 31 3 1 2 7 1 2 7 1 2 7 0 2 7 0 40.4340677261352539
0 2 7 12 16 2 16 6 2 1 2 7 17 9 2 0 2 7 0 2 7 0 2 7 0 2 7 1 2 7 5 31 3 0 2 7 0 2 7 0 2 7 0 2 7 1 2 7 0 2 7 0 2 7 1 2 7 0 2 7 17 18 2 0 2 7 0 2 7 0 2 7 5 31 3 1 2 7 1 2 7 0 2 7 0 2 7 13 6 3 0 2 7 16 6 2 17 9 2 1 2 7 5 31 3 5 31 3 1 2 7 1 2 7 1 2 7 0 2 7 0 40.4340677261352539
0 2 7 12 16 2 16 6 2 1 2 7 17 9 2 0 2 7 0 2 7 0 2 7 0 2 7 1 2 7 5 31 3 0 2 7 0 2 7 0 2 7 0 2 7 1 2 7 0 2 7 0 2 7 1 2 7 0 2 7 17 18 2 0 2 7 0 2 7 0 2 7 5 31 3 1 2 7 1 2 7 0 2 7 0 2 7 13 6 3 0 2 7 16 6 2 17 9 2 1 2 7 5 31 3 5 31 3 1 2 7 1 2 7 1 2 7 0 2 7 0 40.4340677261352539
0 2 7 12 16 2 16 6 2 1 2 7 17 9 2 0 2 7 0 2 7 0 2 7 0 2 7 1 2 7 5 31 3 0 2 7 0 2 7 0 2 7 0 2 7 1 2 7 0 2 7 0 2 7 1 2 7 0 2 7 17 18 2 0 2 7 0 2 7 0 2 7 5 31 3 1 2 7 1 2 7 0 2 7 0 2 7 13 6 3 0 2 7 16 6 2 17 9 2 1 2 7 5 31 3 5 31 3 1 2 7 1 2 7 1 2 7 0 2 7 0 40.4340677261352539
0 2 7 12 16 2 16 6 2 1 2 7 17 9 2 0 2 7 0 2 7 0 2 7 0 2 7 1 2 7 5 31 3 0 2 7 0 2 7 0 2 7 0 2 7 1 2 7 0 2 7 0 2 7 1 2 7 0 2 7 17 18 2 0 2 7 0 2 7 0 2 7 5 31 3 1 2 7 1 2 7 0 2 7 0 2 7 13 6 3 0 2 7 16 6 2 17 9 2 1 2 7 5 31 3 5 31 3 1 2 7 1 2 7 1 2 7 0 2 7 0 40.4340677261352539
0 2 7 12 16 2 16 6 2 1 2 7 17 9 2 0 2 7 0 2 7 0 2 7 0 2 7 1 2 7 5 31 3 0 2 7 0 2 7 0 2 7 0 2 7 1 2 7 0 2 7 0 2 7 1 2 7 0 2 7 17 18 2 0 2 7 0 2 7 0 2 7 5 31 3 1 2 7 1 2 7 0 2 7 0 2 7 13 6 3 0 2 7 16 6 2 17 9 2 1 2 7 5 31 3 5 31 3 1 2 7 1 2 7 1 2 7 0 2 7 0 40.4340677261352539
0 2 7 12 16 2 16 6 2 1 2 7 17 9 2 0 2 7 0 2 7 0 2 7 0 2 7 1 2 7 5 31 3 0 2 7 0 2 7 0 2 7 0 2 7 1 2 7 0 2 7 0 2 7 1 2 7 0 2 7 17 18 2 0 2 7 0 2 7 0 2 7 5 31 3 1 2 7 1 2 7 0 2 7 0 2 7 13 6 3 0 2 7 16 6 2 17 9 2 1 2 7 5 31 3 5 31 3 1 2 7 1 2 7 1 2 7 0 2 7 0 40.4340677261352539
0 2 7 12 16 2 16 6 2 1 2 7 17 9 2 0 2 7 0 2 7 0 2 7 0 2 7 1 2 7 5 31 3 0 2 7 0 2 7 0 2 7 0 2 7 1 2 7 0 2 7 0 2 7 1 2 7 0 2 7 17 18 2 0 2 7 0 2 7 0 2 7 5 31 3 1 2 7 1 2 7 0 2 7 0 2 7 13 6 3 0 2 7 16 6 2 17 9 2 1 2 7 5 31 3 5 31 3 1 2 7 1 2 7 1 2 7 0 2 7 0 40.4340677261352539
0 2 7 12 16 2 16 6 2 1 2 7 17 9 2 0 2 7 0 2 7 0 2 7 0 2 7 1 2 7 5 31 3 0 2 7 0 2 7 0 2 7 0 2 7 1 2 7 0 2 7 0 2 7 1 2 7 0 2 7 17 18 2 0 2 7 0 2 7 0 2 7 5 31 3 1 2 7 1 2 7 0 2 7 0 2 7 13 6 3 0 2 7 16 6 2 17 9 2 1 2 7 5 31 3 5 31 3 1 2 7 1 2 7 1 2 7 0 2 7 0 40.4340677261352539
0 2 7 12 16 2 16 6 2 1 2 7 17 9 2 0 2 7 0 2 7 0 2 7 0 2 7 1 2 7 5 31 3 0 2 7 0 2 7 0 2 7 0 2 7 1 2 7 0 2 7 0 2 7 1 2 7 0 2 7 17 18 2 0 2 7 0 2 7 0 2 7 5 31 3 1 2 7 1 2 7 0 2 7 0 2 7 13 6 3 0 2 7 16 6 2 17 9 2 1 2 7 5 31 3 5 31 3 1 2 7 1 2 7 1 2 7 0 2 7 0 40.4340677261352539
0 2 7 12 16 2 16 6 2 1 2 7 17 9 2 0 2 7 0 2 7 0 2 7 0 2 7 1 2 7 5 31 3 0 2 7 0 2 7 0 2 7 0 2 7 1 2 7 0 2 7 0 2 7 1 2 7 0 2 7 17 18 2 0 2 7 0 2 7 0 2 7 5 31 3 1 2 7 1 2 7 0 2 7 0 2 7 13 6 3 0 2 7 16 6 2 17 9 2 1 2 7 5 31 3 5 31 3 1 2 7 1 2 7 1 2 7 0 2 7 0 40.4340677261352539
0 2 7 12 16 2 16 6 2 1 2 7 17 9 2 0 2 7 0 2 7 0 2 7 0 2 7 1 2 7 5 31 3 0 2 7 0 2 7 0 2 7 0 2 7 1 2 7 0 2 7 0 2 7 1 2 7 0 2 7 17 18 2 0 2 7 0 2 7 0 2 7 5 31 3 1 2 7 1 2 7 0 2 7 0 2 7 13 6 3 0 2 7 16 6 2 17 9 2 1 2 7 5 31 3 5 31 3 1 2 7 1 2 7 1 2 7 0 2 7 0 40.4340677261352539
0 2 7 12 16 2 16 6 2 1 2 7 17 9 2 0 2 7 0 2 7 0 2 7 0 2 7 1 2 7 5 31 3 0 2 7 0 2 7 0 2 7 0 2 7 1 2 7 0 2 7 0 2 7 1 2 7 0 2 7 17 18 2 0 2 7 0 2 7 0 2 7 5 31 3 1 2 7 1 2 7 0 2 7 0 2 7 13 6 3 0 2 7 16 6 2 17 9 2 1 2 7 5 31 3 5 31 3 1 2 7 1 2 7 1 2 7 0 2 7 0 40.4340677261352539
0 2 7 12 16 2 16 6 2 1 2 7 17 9 2 0 2 7 0 2 7 0 2 7 0 2 7 1 2 7 5 31 3 0 2 7 0 2 7 0 2 7 0 2 7 1 2 7 0 2 7 0 2 7 1 2 7 0 2 7 17 18 2 0 2 7 0 2 7 0 2 7 5 31 3 1 2 7 1 2 7 0 2 7 0 2 7 13 6 3 0 2 7 16 6 2 17 9 2 1 2 7 5 31 3 5 31 3 1 2 7 1 2 7 1 2 7 0 2 7 0 40.4340677261352539
0 2 7 12 16 2 16 6 2 1 2 7 17 9 2 0 2 7 0 2 7 0 2 7 0 2 7 1 2 7 5 31 3 0 2 7 0 2 7 0 2 7 0 2 7 1 2 7 0 2 7 0 2 7 1 2 7 0 2 7 17 18 2 0 2 7 0 2 7 0 2 7 5 31 3 1 2 7 1 2 7 0 2 7 0 2 7 13 6 3 0 2 7 16 6 2 17 9 2 1 2 7 5 31 3 5 31 3 1 2 7 1 2 7 1 2 7 0 2 7 0 40.4340677261352539
0 2 7 12 16 2 16 6 2 1 2 7 17 9 2 0 2 7 0 2 7 0 2 7 0 2 7 1 2 7 5 31 3 0 2 7 0 2 7 0 2 7 0 2 7 1 2 7 0 2 7 0 2 7 1 2 7 0 2 7 17 18 2 0 2 7 0 2 7 0 2 7 5 31 3 1 2 7 1 2 7 0 2 7 0 2 7 13 6 3 0 2 7 16 6 2 17 9 2 1 2 7 5 31 3 5 31 3 1 2 7 1 2 7 1 2 7 0 2 7 0 40.4340677261352539
0 2 7 12 16 2 16 6 2 1 2 7 17 9 2 0 2 7 0 2 7 0 2 7 0 2 7 1 2 7 5 31 3 0 2 7 0 2 7 0 2 7 0 2 7 1 2 7 0 2 7 0 2 7 1 2 7 0 2 7 17 18 2 0 2 7 0 2 7 0 2 7 5 31 3 1 2 7 1 2 7 0 2 7 0 2 7 13 6 3 0 2 7 16 6 2 17 9 2 1 2 7 5 31 3 5 31 3 1 2 7 1 2 7 1 2 7 0 2 7 0 40.4340677261352539
0 2 7 12 16 2 16 6 2 1 2 7 17 9 2 0 2 7 0 2 7 0 2 7 0 2 7 1 2 7 5 31 3 0 2 7 0 2 7 0 2 7 0 2 7 1 2 7 0 2 7 0 2 7 1 2 7 0 2 7 17 18 2 0 2 7 0 2 7 0 2 7 5 31 3 1 2 7 1 2 7 0 2 7 0 2 7 13 6 3 0 2 7 16 6 2 17 9 2 1 2 7 5 31 3 5 31 3 1 2 7 1 2 7 1 2 7 0 2 7 0 40.4340677261352539
0 2 7 12 16 2 16 6 2 1 2 7 17 9 2 0 2 7 0 2 7 0 2 7 0 2 7 1 2 7 5 31 3 0 2 7 0 2 7 0 2 7 0 2 7 1 2 7 0 2 7 0 2 7 1 2 7 0 2 7 17 18 2 0 2 7 0 2 7 0 2 7 5 31 3 1 2 7 1 2 7 0 2 7 0 2 7 13 6 3 0 2 7 16 6 2 17 9 2 1 2 7 5 31 3 5 31 3 1 2 7 1 2 7 1 2 7 0 2 7 0 40.4340677261352539
0 2 7 12 16 2 16 6 2 1 2 7 17 9 2 0 2 7 0 2 7 0 2 7 0 2 7 1 2 7 5 31 3 0 2 7 0 2 7 0 2 7 0 2 7 1 2 7 0 2 7 0 2 7 1 2 7 0 2 7 17 18 2 0 2 7 0 2 7 0 2 7 5 31 3 1 2 7 1 2 7 0 2 7 0 2 7 13 6 3 0 2 7 16 6 2 17 9 2 1 2 7 5 31 3 5 31 3 1 2 7 1 2 7 1 2 7 0 2 7 0 40.4340677261352539
0 2 7 12 16 2 16 6 2 1 2 7 17 9 2 0 2 7 0 2 7 0 2 7 0 2 7 1 2 7 5 31 3 0 2 7 0 2 7 0 2 7 0 2 7 1 2 7 0 2 7 0 2 7 1 2 7 0 2 7 17 18 2 0 2 7 0 2 7 0 2 7 5 31 3 1 2 7 1 2 7 0 2 7 0 2 7 13 6 3 0 2 7 16 6 2 17 9 2 1 2 7 5 31 3 5 31 3 1 2 7 1 2 7 1 2 7 0 2 7 0 40.4340677261352539
0 2 7 12 16 2 16 6 2 1 2 7 17 9 2 0 2 7 0 2 7 0 2 7 0 2 7 1 2 7 5 31 3 0 2 7 0 2 7 0 2 7 0 2 7 1 2 7 0 2 7 0 2 7 1 2 7 0 2 7 17 18 2 0 2 7 0 2 7 0 2 7 5 31 3 1 2 7 1 2 7 0 2 7 0 2 7 13 6 3 0 2 7 16 6 2 17 9 2 1 2 7 5 31 3 5 31 3 1 2 7 1 2 7 1 2 7 0 2 7 0 40.4340677261352539
0 2 7 12 16 2 16 6 2 1 2 7 17 9 2 0 2 7 0 2 7 0 2 7 0 2 7 1 2 7 5 31 3 0 2 7 0 2 7 0 2 7 0 2 7 1 2 7 0 2 7 0 2 7 1 2 7 0 2 7 17 18 2 0 2 7 0 2 7 0 2 7 5 31 3 1 2 7 1 2 7 0 2 7 0 2 7 13 6 3 0 2 7 16 6 2 17 9 2 1 2 7 5 31 3 5 31 3 1 2 7 1 2 7 1 2 7 0 2 7 0 40.4340677261352539
0 2 7 12 16 2 16 6 2 1 2 7 17 9 2 0 2 7 0 2 7 0 2 7 0 2 7 1 2 7 5 31 3 0 2 7 0 2 7 0 2 7 0 2 7 1 2 7 0 2 7 0 2 7 1 2 7 0 2 7 17 18 2 0 2 7 0 2 7 0 2 7 5 31 3 1 2 7 1 2 7 0 2 7 0 2 7 13 6 3 0 2 7 16 6 2 17 9 2 1 2 7 5 31 3 5 31 3 1 2 7 1 2 7 1 2 7 0 2 7 0 40.4340677261352539
0 2 7 12 16 2 16 6 2 1 2 7 17 9 2 0 2 7 0 2 7 0 2 7 0 2 7 1 2 7 5 31 3 0 2 7 0 2 7 0 2 7 0 2 7 1 2 7 0 2 7 0 2 7 1 2 7 0 2 7 17 18 2 0 2 7 0 2 7 0 2 7 5 31 3 1 2 7 1 2 7 0 2 7 0 2 7 13 6 3 0 2 7 16 6 2 17 9 2 1 2 7 5 31 3 5 31 3 1 2 7 1 2 7 1 2 7 0 2 7 0 40.4340677261352539
0 2 7 12 16 2 16 6 2 1 2 7 17 9 2 0 2 7 0 2 7 0 2 7 0 2 7 1 2 7 5 31 3 0 2 7 0 2 7 0 2 7 0 2 7 1 2 7 0 2 7 0 2 7 1 2 7 0 2 7 17 18 2 0 2 7 0 2 7 0 2 7 5 31 3 1 2 7 1 2 7 0 2 7 0 2 7 13 6 3 0 2 7 16 6 2 17 9 2 1 2 7 5 31 3 5 31 3 1 2 7 1 2 7 1 2 7 0 2 7 0 40.4340677261352539
0 2 7 12 16 2 16 6 2 1 2 7 17 9 2 0 2 7 0 2 7 0 2 7 0 2 7 1 2 7 5 31 3 0 2 7 0 2 7 0 2 7 0 2 7 1 2 7 0 2 7 0 2 7 1 2 7 0 2 7 17 18 2 0 2 7 0 2 7 0 2 7 5 31 3 1 2 7 1 2 7 0 2 7 0 2 7 13 6 3 0 2 7 16 6 2 17 9 2 1 2 7 5 31 3 5 31 3 1 2 7 1 2 7 1 2 7 0 2 7 0 40.4340677261352539
0 2 7 12 16 2 16 6 2 1 2 7 17 9 2 0 2 7 0 2 7 0 2 7 0 2 7 1 2 7 5 31 3 0 2 7 0 2 7 0 2 7 0 2 7 1 2 7 0 2 7 0 2 7 1 2 7 0 2 7 17 18 2 0 2 7 0 2 7 0 2 7 5 31 3 1 2 7 1 2 7 0 2 7 0 2 7 13 6 3 0 2 7 16 6 2 17 9 2 1 2 7 5 31 3 5 31 3 1 2 7 1 2 7 1 2 7 0 2 7 0 40.4340677261352539
0 2 7 12 16 2 16 6 2 1 2 7 17 9 2 0 2 7 0 2 7 0 2 7 0 2 7 1 2 7 5 31 3 0 2 7 0 2 7 0 2 7 0 2 7 1 2 7 0 2 7 0 2 7 1 2 7 0 2 7 17 18 2 0 2 7 0 2 7 0 2 7 5 31 3 1 2 7 1 2 7 0 2 7 0 2 7 13 6 3 0 2 7 16 6 2 17 9 2 1 2 7 5 31 3 5 31 3 1 2 7 1 2 7 1 2 7 0 2 7 0 40.4340677261352539
0 2 7 12 16 2 16 6 2 1 2 7 17 9 2 0 2 7 0 2 7 0 2 7 0 2 7 1 2 7 5 31 3 0 2 7 0 2 7 0 2 7 0 2 7 1 2 7 0 2 7 0 2 7 1 2 7 0 2 7 17 18 2 0 2 7 0 2 7 0 2 7 5 31 3 1 2 7 1 2 7 0 2 7 0 2 7 13 6 3 0 2 7 16 6 2 17 9 2 1 2 7 5 31 3 5 31 3 1 2 7 1 2 7 1 2 7 0 2 7 0 40.4340677261352539
0 2 7 12 16 2 16 6 2 1 2 7 17 9 2 0 2 7 0 2 7 0 2 7 0 2 7 1 2 7 5 31 3 0 2 7 0 2 7 0 2 7 0 2 7 1 2 7 0 2 7 0 2 7 1 2 7 0 2 7 17 18 2 0 2 7 0 2 7 0 2 7 5 31 3 1 2 7 1 2 7 0 2 7 0 2 7 13 6 3 0 2 7 16 6 2 17 9 2 1 2 7 5 31 3 5 31 3 1 2 7 1 2 7 1 2 7 0 2 7 0 40.4340677261352539
0 2 7 12 16 2 16 6 2 1 2 7 17 9 2 0 2 7 0 2 7 0 2 7 0 2 7 1 2 7 5 31 3 0 2 7 0 2 7 0 2 7 0 2 7 1 2 7 0 2 7 0 2 7 1 2 7 0 2 7 17 18 2 0 2 7 0 2 7 0 2 7 5 31 3 1 2 7 1 2 7 0 2 7 0 2 7 13 6 3 0 2 7 16 6 2 17 9 2 1 2 7 5 31 3 5 31 3 1 2 7 1 2 7 1 2 7 0 2 7 0 40.4340677261352539
0 2 7 12 16 2 16 6 2 1 2 7 17 9 2 0 2 7 0 2 7 0 2 7 0 2 7 1 2 7 5 31 3 0 2 7 0 2 7 0 2 7 0 2 7 1 2 7 0 2 7 0 2 7 1 2 7 0 2 7 17 18 2 0 2 7 0 2 7 0 2 7 5 31 3 1 2 7 1 2 7 0 2 7 0 2 7 13 6 3 0 2 7 16 6 2 17 9 2 1 2 7 5 31 3 5 31 3 1 2 7 1 2 7 1 2 7 0 2 7 0 40.4340677261352539
0 2 7 12 16 2 16 6 2 1 2 7 17 9 2 0 2 7 0 2 7 0 2 7 0 2 7 1 2 7 5 31 3 0 2 7 0 2 7 0 2 7 0 2 7 1 2 7 0 2 7 0 2 7 1 2 7 0 2 7 17 18 2 0 2 7 0 2 7 0 2 7 5 31 3 1 2 7 1 2 7 0 2 7 0 2 7 13 6 3 0 2 7 16 6 2 17 9 2 1 2 7 5 31 3 5 31 3 1 2 7 1 2 7 1 2 7 0 2 7 0 40.4340677261352539
0 2 7 12 16 2 16 6 2 1 2 7 17 9 2 0 2 7 0 2 7 0 2 7 0 2 7 1 2 7 5 31 3 0 2 7 0 2 7 0 2 7 0 2 7 1 2 7 0 2 7 0 2 7 1 2 7 0 2 7 17 18 2 0 2 7 0 2 7 0 2 7 5 31 3 1 2 7 1 2 7 0 2 7 0 2 7 13 6 3 0 2 7 16 6 2 17 9 2 1 2 7 5 31 3 5 31 3 1 2 7 1 2 7 1 2 7 0 2 7 0 40.4340677261352539
0 2 7 12 16 2 16 6 2 1 2 7 17 9 2 0 2 7 0 2 7 0 2 7 0 2 7 1 2 7 5 31 3 0 2 7 0 2 7 0 2 7 0 2 7 1 2 7 0 2 7 0 2 7 1 2 7 0 2 7 17 18 2 0 2 7 0 2 7 0 2 7 5 31 3 1 2 7 1 2 7 0 2 7 0 2 7 13 6 3 0 2 7 16 6 2 17 9 2 1 2 7 5 31 3 5 31 3 1 2 7 1 2 7 1 2 7 0 2 7 0 40.4340677261352539
0 2 7 12 16 2 16 6 2 1 2 7 17 9 2 0 2 7 0 2 7 0 2 7 0 2 7 1 2 7 5 31 3 0 2 7 0 2 7 0 2 7 0 2 7 1 2 7 0 2 7 0 2 7 1 2 7 0 2 7 17 18 2 0 2 7 0 2 7 0 2 7 5 31 3 1 2 7 1 2 7 0 2 7 0 2 7 13 6 3 0 2 7 16 6 2 17 9 2 1 2 7 5 31 3 5 31 3 1 2 7 1 2 7 1 2 7 0 2 7 0 40.4340677261352539
0 2 7 12 16 2 16 6 2 1 2 7 17 9 2 0 2 7 0 2 7 0 2 7 0 2 7 1 2 7 5 31 3 0 2 7 0 2 7 0 2 7 0 2 7 1 2 7 0 2 7 0 2 7 1 2 7 0 2 7 17 18 2 0 2 7 0 2 7 0 2 7 5 31 3 1 2 7 1 2 7 0 2 7 0 2 7 13 6 3 0 2 7 16 6 2 17 9 2 1 2 7 5 31 3 5 31 3 1 2 7 1 2 7 1 2 7 0 2 7 0 40.4340677261352539
0 2 7 12 16 2 16 6 2 1 2 7 17 9 2 0 2 7 0 2 7 0 2 7 0 2 7 1 2 7 5 31 3 0 2 7 0 2 7 0 2 7 0 2 7 1 2 7 0 2 7 0 2 7 1 2 7 0 2 7 17 18 2 0 2 7 0 2 7 0 2 7 5 31 3 1 2 7 1 2 7 0 2 7 0 2 7 13 6 3 0 2 7 16 6 2 17 9 2 1 2 7 5 31 3 5 31 3 1 2 7 1 2 7 1 2 7 0 2 7 0 40.4340677261352539
0 2 7 12 16 2 16 6 2 1 2 7 17 9 2 0 2 7 0 2 7 0 2 7 0 2 7 1 2 7 5 31 3 0 2 7 0 2 7 0 2 7 0 2 7 1 2 7 0 2 7 0 2 7 1 2 7 0 2 7 17 18 2 0 2 7 0 2 7 0 2 7 5 31 3 1 2 7 1 2 7 0 2 7 0 2 7 13 6 3 0 2 7 16 6 2 17 9 2 1 2 7 5 31 3 5 31 3 1 2 7 1 2 7 1 2 7 0 2 7 0 40.4340677261352539
0 2 7 12 16 2 16 6 2 1 2 7 17 9 2 0 2 7 0 2 7 0 2 7 0 2 7 1 2 7 5 31 3 0 2 7 0 2 7 0 2 7 0 2 7 1 2 7 0 2 7 0 2 7 1 2 7 0 2 7 17 18 2 0 2 7 0 2 7 0 2 7 5 31 3 1 2 7 1 2 7 0 2 7 0 2 7 13 6 3 0 2 7 16 6 2 17 9 2 1 2 7 5 31 3 5 31 3 1 2 7 1 2 7 1 2 7 0 2 7 0 40.4340677261352539
0 2 7 12 16 2 16 6 2 1 2 7 17 9 2 0 2 7 0 2 7 0 2 7 0 2 7 1 2 7 5 31 3 0 2 7 0 2 7 0 2 7 0 2 7 1 2 7 0 2 7 0 2 7 1 2 7 0 2 7 17 18 2 0 2 7 0 2 7 0 2 7 5 31 3 1 2 7 1 2 7 0 2 7 0 2 7 13 6 3 0 2 7 16 6 2 17 9 2 1 2 7 5 31 3 5 31 3 1 2 7 1 2 7 1 2 7 0 2 7 0 40.4340677261352539
0 2 7 12 16 2 16 6 2 1 2 7 17 9 2 0 2 7 0 2 7 0 2 7 0 2 7 1 2 7 5 31 3 0 2 7 0 2 7 0 2 7 0 2 7 1 2 7 0 2 7 0 2 7 1 2 7 0 2 7 17 18 2 0 2 7 0 2 7 0 2 7 5 31 3 1 2 7 1 2 7 0 2 7 0 2 7 13 6 3 0 2 7 16 6 2 17 9 2 1 2 7 5 31 3 5 31 3 1 2 7 1 2 7 1 2 7 0 2 7 0 40.4340677261352539
0 2 7 12 16 2 16 6 2 1 2 7 17 9 2 0 2 7 0 2 7 0 2 7 0 2 7 1 2 7 5 31 3 0 2 7 0 2 7 0 2 7 0 2 7 1 2 7 0 2 7 0 2 7 1 2 7 0 2 7 17 18 2 0 2 7 0 2 7 0 2 7 5 31 3 1 2 7 1 2 7 0 2 7 0 2 7 13 6 3 0 2 7 16 6 2 17 9 2 1 2 7 5 31 3 5 31 3 1 2 7 1 2 7 1 2 7 0 2 7 0 40.4340677261352539
0 2 7 12 16 2 16 6 2 1 2 7 17 9 2 0 2 7 0 2 7 0 2 7 0 2 7 1 2 7 5 31 3 0 2 7 0 2 7 0 2 7 0 2 7 1 2 7 0 2 7 0 2 7 1 2 7 0 2 7 17 18 2 0 2 7 0 2 7 0 2 7 5 31 3 1 2 7 1 2 7 0 2 7 0 2 7 13 6 3 0 2 7 16 6 2 17 9 2 1 2 7 5 31 3 5 31 3 1 2 7 1 2 7 1 2 7 0 2 7 0 40.4340677261352539
0 2 7 12 16 2 16 6 2 1 2 7 17 9 2 0 2 7 0 2 7 0 2 7 0 2 7 1 2 7 5 31 3 0 2 7 0 2 7 0 2 7 0 2 7 1 2 7 0 2 7 0 2 7 1 2 7 0 2 7 17 18 2 0 2 7 0 2 7 0 2 7 5 31 3 1 2 7 1 2 7 0 2 7 0 2 7 13 6 3 0 2 7 16 6 2 17 9 2 1 2 7 5 31 3 5 31 3 1 2 7 1 2 7 1 2 7 0 2 7 0 40.4340677261352539
0 2 7 12 16 2 16 6 2 1 2 7 17 9 2 0 2 7 0 2 7 0 2 7 0 2 7 1 2 7 5 31 3 0 2 7 0 2 7 0 2 7 0 2 7 1 2 7 0 2 7 0 2 7 1 2 7 0 2 7 17 18 2 0 2 7 0 2 7 0 2 7 5 31 3 1 2 7 1 2 7 0 2 7 0 2 7 13 6 3 0 2 7 16 6 2 17 9 2 1 2 7 5 31 3 5 31 3 1 2 7 1 2 7 1 2 7 0 2 7 0 40.4340677261352539
0 2 7 12 16 2 16 6 2 1 2 7 17 9 2 0 2 7 0 2 7 0 2 7 0 2 7 1 2 7 5 31 3 0 2 7 0 2 7 0 2 7 0 2 7 1 2 7 0 2 7 0 2 7 1 2 7 0 2 7 17 18 2 0 2 7 0 2 7 0 2 7 5 31 3 1 2 7 1 2 7 0 2 7 0 2 7 13 6 3 0 2 7 16 6 2 17 9 2 1 2 7 5 31 3 5 31 3 1 2 7 1 2 7 1 2 7 0 2 7 0 40.4340677261352539
0 2 7 12 16 2 16 6 2 1 2 7 17 9 2 0 2 7 0 2 7 0 2 7 0 2 7 1 2 7 5 31 3 0 2 7 0 2 7 0 2 7 0 2 7 1 2 7 0 2 7 0 2 7 1 2 7 0 2 7 17 18 2 0 2 7 0 2 7 0 2 7 5 31 3 1 2 7 1 2 7 0 2 7 0 2 7 13 6 3 0 2 7 16 6 2 17 9 2 1 2 7 5 31 3 5 31 3 1 2 7 1 2 7 1 2 7 0 2 7 0 40.4340677261352539
0 2 7 12 16 2 16 6 2 1 2 7 17 9 2 0 2 7 0 2 7 0 2 7 0 2 7 1 2 7 5 31 3 0 2 7 0 2 7 0 2 7 0 2 7 1 2 7 0 2 7 0 2 7 1 2 7 0 2 7 17 18 2 0 2 7 0 2 7 0 2 7 5 31 3 1 2 7 1 2 7 0 2 7 0 2 7 13 6 3 0 2 7 16 6 2 17 9 2 1 2 7 5 31 3 5 31 3 1 2 7 1 2 7 1 2 7 0 2 7 0 40.4340677261352539
MonoObjective Genetic Algorithm
Number of Evaluations = 0
Mutation Probability = 0
Crossover Probability = 1
Population Size = 10
Survival Selection Type = 1
Time =  9009.8893039226532
0 2 7 12 16 2 16 6 2 1 2 7 17 9 2 0 2 7 0 2 7 0 2 7 0 2 7 1 2 7 5 31 3 0 2 7 0 2 7 0 2 7 0 2 7 1 2 7 0 2 7 0 2 7 1 2 7 0 2 7 17 18 2 0 2 7 0 2 7 0 2 7 5 31 3 1 2 7 1 2 7 0 2 7 0 2 7 13 6 3 0 2 7 16 6 2 17 9 2 1 2 7 5 31 3 5 31 3 1 2 7 1 2 7 1 2 7 0 2 7 0 40.4340677261352539
0 2 7 12 16 2 16 6 2 1 2 7 17 9 2 0 2 7 0 2 7 0 2 7 0 2 7 1 2 7 5 31 3 0 2 7 0 2 7 0 2 7 0 2 7 1 2 7 0 2 7 0 2 7 1 2 7 0 2 7 17 18 2 0 2 7 0 2 7 0 2 7 5 31 3 1 2 7 1 2 7 0 2 7 0 2 7 13 6 3 0 2 7 16 6 2 17 9 2 1 2 7 5 31 3 5 31 3 1 2 7 1 2 7 1 2 7 0 2 7 0 40.4340677261352539
0 2 7 12 16 2 16 6 2 1 2 7 17 9 2 0 2 7 0 2 7 0 2 7 0 2 7 1 2 7 5 31 3 0 2 7 0 2 7 0 2 7 0 2 7 1 2 7 0 2 7 0 2 7 1 2 7 0 2 7 17 18 2 0 2 7 0 2 7 0 2 7 5 31 3 1 2 7 1 2 7 0 2 7 0 2 7 13 6 3 0 2 7 16 6 2 17 9 2 1 2 7 5 31 3 5 31 3 1 2 7 1 2 7 1 2 7 0 2 7 0 40.4340677261352539
0 2 7 12 16 2 16 6 2 1 2 7 17 9 2 0 2 7 0 2 7 0 2 7 0 2 7 1 2 7 5 31 3 0 2 7 0 2 7 0 2 7 0 2 7 1 2 7 0 2 7 0 2 7 1 2 7 0 2 7 17 18 2 0 2 7 0 2 7 0 2 7 5 31 3 1 2 7 1 2 7 0 2 7 0 2 7 13 6 3 0 2 7 16 6 2 17 9 2 1 2 7 5 31 3 5 31 3 1 2 7 1 2 7 1 2 7 0 2 7 0 40.4340677261352539
0 2 7 12 16 2 16 6 2 1 2 7 17 9 2 0 2 7 0 2 7 0 2 7 0 2 7 1 2 7 5 31 3 0 2 7 0 2 7 0 2 7 0 2 7 1 2 7 0 2 7 0 2 7 1 2 7 0 2 7 17 18 2 0 2 7 0 2 7 0 2 7 5 31 3 1 2 7 1 2 7 0 2 7 0 2 7 13 6 3 0 2 7 16 6 2 17 9 2 1 2 7 5 31 3 5 31 3 1 2 7 1 2 7 1 2 7 0 2 7 0 40.4340677261352539
0 2 7 12 16 2 16 6 2 1 2 7 17 9 2 0 2 7 0 2 7 0 2 7 0 2 7 1 2 7 5 31 3 0 2 7 0 2 7 0 2 7 0 2 7 1 2 7 0 2 7 0 2 7 1 2 7 0 2 7 17 18 2 0 2 7 0 2 7 0 2 7 5 31 3 1 2 7 1 2 7 0 2 7 0 2 7 13 6 3 0 2 7 16 6 2 17 9 2 1 2 7 5 31 3 5 31 3 1 2 7 1 2 7 1 2 7 0 2 7 0 40.4340677261352539
0 2 7 12 16 2 16 6 2 1 2 7 17 9 2 0 2 7 0 2 7 0 2 7 0 2 7 1 2 7 5 31 3 0 2 7 0 2 7 0 2 7 0 2 7 1 2 7 0 2 7 0 2 7 1 2 7 0 2 7 17 18 2 0 2 7 0 2 7 0 2 7 5 31 3 1 2 7 1 2 7 0 2 7 0 2 7 13 6 3 0 2 7 16 6 2 17 9 2 1 2 7 5 31 3 5 31 3 1 2 7 1 2 7 1 2 7 0 2 7 0 40.4340677261352539
0 2 7 12 16 2 16 6 2 1 2 7 17 9 2 0 2 7 0 2 7 0 2 7 0 2 7 1 2 7 5 31 3 0 2 7 0 2 7 0 2 7 0 2 7 1 2 7 0 2 7 0 2 7 1 2 7 0 2 7 17 18 2 0 2 7 0 2 7 0 2 7 5 31 3 1 2 7 1 2 7 0 2 7 0 2 7 13 6 3 0 2 7 16 6 2 17 9 2 1 2 7 5 31 3 5 31 3 1 2 7 1 2 7 1 2 7 0 2 7 0 40.4340677261352539
0 2 7 12 16 2 16 6 2 1 2 7 17 9 2 0 2 7 0 2 7 0 2 7 0 2 7 1 2 7 5 31 3 0 2 7 0 2 7 0 2 7 0 2 7 1 2 7 0 2 7 0 2 7 1 2 7 0 2 7 17 18 2 0 2 7 0 2 7 0 2 7 5 31 3 1 2 7 1 2 7 0 2 7 0 2 7 13 6 3 0 2 7 16 6 2 17 9 2 1 2 7 5 31 3 5 31 3 1 2 7 1 2 7 1 2 7 0 2 7 0 40.4340677261352539
0 2 7 12 16 2 16 6 2 1 2 7 17 9 2 0 2 7 0 2 7 0 2 7 0 2 7 1 2 7 5 31 3 0 2 7 0 2 7 0 2 7 0 2 7 1 2 7 0 2 7 0 2 7 1 2 7 0 2 7 17 18 2 0 2 7 0 2 7 0 2 7 5 31 3 1 2 7 1 2 7 0 2 7 0 2 7 13 6 3 0 2 7 16 6 2 17 9 2 1 2 7 5 31 3 5 31 3 1 2 7 1 2 7 1 2 7 0 2 7 0 40.4340677261352539
