1 2 7 5 30 3 0 2 7 1 2 7 13 6 3 17 9 2 0 2 7 0 2 7 1 2 7 0 2 7 0 2 7 0 2 7 0 2 7 0 2 7 1 2 7 1 2 7 0 2 7 12 16 2 5 31 3 17 9 2 0 20.2646257877349854
1 2 7 5 31 3 0 2 7 1 2 7 1 2 7 17 9 2 1 2 7 0 2 7 0 2 7 0 2 7 0 2 7 0 2 7 0 2 7 0 2 7 0 2 7 17 9 2 1 2 7 5 30 3 12 16 2 13 6 3 0 20.2646257877349854
1 2 7 5 30 3 0 2 7 1 2 7 13 6 3 17 9 2 0 2 7 0 2 7 1 2 7 0 2 7 0 2 7 0 2 7 0 2 7 0 2 7 1 2 7 1 2 7 0 2 7 12 16 2 5 31 3 17 9 2 0 20.2646257877349854
1 2 7 5 30 3 0 2 7 1 2 7 13 6 3 17 9 2 0 2 7 0 2 7 1 2 7 0 2 7 0 2 7 0 2 7 0 2 7 0 2 7 1 2 7 1 2 7 0 2 7 12 16 2 5 31 3 17 9 2 0 20.2646257877349854
1 2 7 5 30 3 0 2 7 1 2 7 13 6 3 17 9 2 0 2 7 0 2 7 1 2 7 0 2 7 0 2 7 0 2 7 0 2 7 0 2 7 1 2 7 1 2 7 0 2 7 12 16 2 5 31 3 17 9 2 0 20.2646257877349854
1 2 7 5 30 3 0 2 7 1 2 7 13 6 3 17 9 2 0 2 7 0 2 7 1 2 7 0 2 7 0 2 7 0 2 7 0 2 7 0 2 7 1 2 7 1 2 7 0 2 7 12 16 2 5 31 3 17 9 2 0 20.2646257877349854
1 2 7 5 31 3 0 2 7 1 2 7 1 2 7 17 9 2 1 2 7 0 2 7 0 2 7 0 2 7 0 2 7 0 2 7 0 2 7 0 2 7 0 2 7 17 9 2 1 2 7 5 30 3 12 16 2 13 6 3 0 20.2646257877349854
1 2 7 5 31 3 0 2 7 1 2 7 1 2 7 17 9 2 1 2 7 0 2 7 0 2 7 0 2 7 0 2 7 0 2 7 0 2 7 0 2 7 0 2 7 17 9 2 1 2 7 5 30 3 12 16 2 13 6 3 0 20.2646257877349854
1 2 7 5 31 3 0 2 7 1 2 7 1 2 7 17 9 2 1 2 7 0 2 7 0 2 7 0 2 7 0 2 7 0 2 7 0 2 7 0 2 7 0 2 7 17 9 2 1 2 7 5 30 3 12 16 2 13 6 3 0 20.2646257877349854
1 2 7 5 31 3 0 2 7 1 2 7 1 2 7 17 9 2 1 2 7 0 2 7 0 2 7 0 2 7 0 2 7 0 2 7 0 2 7 0 2 7 0 2 7 17 9 2 1 2 7 5 30 3 12 16 2 13 6 3 0 20.2646257877349854
1 2 7 5 30 3 0 2 7 1 2 7 13 6 3 17 9 2 0 2 7 0 2 7 1 2 7 0 2 7 0 2 7 0 2 7 0 2 7 0 2 7 1 2 7 1 2 7 0 2 7 12 16 2 5 31 3 17 9 2 0 20.2646257877349854
1 2 7 5 30 3 0 2 7 1 2 7 13 6 3 17 9 2 0 2 7 0 2 7 1 2 7 0 2 7 0 2 7 0 2 7 0 2 7 0 2 7 1 2 7 1 2 7 0 2 7 12 16 2 5 31 3 17 9 2 0 20.2646257877349854
1 2 7 5 30 3 0 2 7 1 2 7 13 6 3 17 9 2 0 2 7 0 2 7 1 2 7 0 2 7 0 2 7 0 2 7 0 2 7 0 2 7 1 2 7 1 2 7 0 2 7 12 16 2 5 31 3 17 9 2 0 20.2646257877349854
1 2 7 5 30 3 0 2 7 1 2 7 13 6 3 17 9 2 0 2 7 0 2 7 1 2 7 0 2 7 0 2 7 0 2 7 0 2 7 0 2 7 1 2 7 1 2 7 0 2 7 12 16 2 5 31 3 17 9 2 0 20.2646257877349854
1 2 7 5 30 3 0 2 7 1 2 7 13 6 3 17 9 2 0 2 7 0 2 7 1 2 7 0 2 7 0 2 7 0 2 7 0 2 7 0 2 7 1 2 7 1 2 7 0 2 7 12 16 2 5 31 3 17 9 2 0 20.2646257877349854
1 2 7 5 30 3 0 2 7 1 2 7 13 6 3 17 9 2 0 2 7 0 2 7 1 2 7 0 2 7 0 2 7 0 2 7 0 2 7 0 2 7 1 2 7 1 2 7 0 2 7 12 16 2 5 31 3 17 9 2 0 20.2646257877349854
1 2 7 5 30 3 0 2 7 1 2 7 13 6 3 17 9 2 0 2 7 0 2 7 1 2 7 0 2 7 0 2 7 0 2 7 0 2 7 0 2 7 1 2 7 1 2 7 0 2 7 12 16 2 5 31 3 17 9 2 0 20.2646257877349854
1 2 7 5 30 3 0 2 7 1 2 7 13 6 3 17 9 2 0 2 7 0 2 7 1 2 7 0 2 7 0 2 7 0 2 7 0 2 7 0 2 7 1 2 7 1 2 7 0 2 7 12 16 2 5 31 3 17 9 2 0 20.2646257877349854
1 2 7 5 30 3 0 2 7 1 2 7 13 6 3 17 9 2 0 2 7 0 2 7 1 2 7 0 2 7 0 2 7 0 2 7 0 2 7 0 2 7 1 2 7 1 2 7 0 2 7 12 16 2 5 31 3 17 9 2 0 20.2646257877349854
1 2 7 5 30 3 0 2 7 1 2 7 13 6 3 17 9 2 0 2 7 0 2 7 1 2 7 0 2 7 0 2 7 0 2 7 0 2 7 0 2 7 1 2 7 1 2 7 0 2 7 12 16 2 5 31 3 17 9 2 0 20.2646257877349854
1 2 7 5 30 3 0 2 7 1 2 7 13 6 3 17 9 2 0 2 7 0 2 7 1 2 7 0 2 7 0 2 7 0 2 7 0 2 7 0 2 7 1 2 7 1 2 7 0 2 7 12 16 2 5 31 3 17 9 2 0 20.2646257877349854
1 2 7 5 30 3 0 2 7 1 2 7 13 6 3 17 9 2 0 2 7 0 2 7 1 2 7 0 2 7 0 2 7 0 2 7 0 2 7 0 2 7 1 2 7 1 2 7 0 2 7 12 16 2 5 31 3 17 9 2 0 20.2646257877349854
1 2 7 5 30 3 0 2 7 1 2 7 13 6 3 17 9 2 0 2 7 0 2 7 1 2 7 0 2 7 0 2 7 0 2 7 0 2 7 0 2 7 1 2 7 1 2 7 0 2 7 12 16 2 5 31 3 17 9 2 0 20.2646257877349854
1 2 7 5 30 3 0 2 7 1 2 7 13 6 3 17 9 2 0 2 7 0 2 7 1 2 7 0 2 7 0 2 7 0 2 7 0 2 7 0 2 7 1 2 7 1 2 7 0 2 7 12 16 2 5 31 3 17 9 2 0 20.2646257877349854
1 2 7 5 30 3 0 2 7 1 2 7 13 6 3 17 9 2 0 2 7 0 2 7 1 2 7 0 2 7 0 2 7 0 2 7 0 2 7 0 2 7 1 2 7 1 2 7 0 2 7 12 16 2 5 31 3 17 9 2 0 20.2646257877349854
1 2 7 5 30 3 0 2 7 1 2 7 13 6 3 17 9 2 0 2 7 0 2 7 1 2 7 0 2 7 0 2 7 0 2 7 0 2 7 0 2 7 1 2 7 1 2 7 0 2 7 12 16 2 5 31 3 17 9 2 0 20.2646257877349854
1 2 7 5 30 3 0 2 7 1 2 7 13 6 3 17 9 2 0 2 7 0 2 7 1 2 7 0 2 7 0 2 7 0 2 7 0 2 7 0 2 7 1 2 7 1 2 7 0 2 7 12 16 2 5 31 3 17 9 2 0 20.2646257877349854
1 2 7 5 30 3 0 2 7 1 2 7 13 6 3 17 9 2 0 2 7 0 2 7 1 2 7 0 2 7 0 2 7 0 2 7 0 2 7 0 2 7 1 2 7 1 2 7 0 2 7 12 16 2 5 31 3 17 9 2 0 20.2646257877349854
1 2 7 5 30 3 0 2 7 1 2 7 13 6 3 17 9 2 0 2 7 0 2 7 1 2 7 0 2 7 0 2 7 0 2 7 0 2 7 0 2 7 1 2 7 1 2 7 0 2 7 12 16 2 5 31 3 17 9 2 0 20.2646257877349854
1 2 7 5 30 3 0 2 7 1 2 7 13 6 3 17 9 2 0 2 7 0 2 7 1 2 7 0 2 7 0 2 7 0 2 7 0 2 7 0 2 7 1 2 7 1 2 7 0 2 7 12 16 2 5 31 3 17 9 2 0 20.2646257877349854
1 2 7 5 30 3 0 2 7 1 2 7 13 6 3 17 9 2 0 2 7 0 2 7 1 2 7 0 2 7 0 2 7 0 2 7 0 2 7 0 2 7 1 2 7 1 2 7 0 2 7 12 16 2 5 31 3 17 9 2 0 20.2646257877349854
1 2 7 5 30 3 0 2 7 1 2 7 13 6 3 17 9 2 0 2 7 0 2 7 1 2 7 0 2 7 0 2 7 0 2 7 0 2 7 0 2 7 1 2 7 1 2 7 0 2 7 12 16 2 5 31 3 17 9 2 0 20.2646257877349854
1 2 7 5 30 3 0 2 7 1 2 7 13 6 3 17 9 2 0 2 7 0 2 7 1 2 7 0 2 7 0 2 7 0 2 7 0 2 7 0 2 7 1 2 7 1 2 7 0 2 7 12 16 2 5 31 3 17 9 2 0 20.2646257877349854
1 2 7 5 30 3 0 2 7 1 2 7 13 6 3 17 9 2 0 2 7 0 2 7 1 2 7 0 2 7 0 2 7 0 2 7 0 2 7 0 2 7 1 2 7 1 2 7 0 2 7 12 16 2 5 31 3 17 9 2 0 20.2646257877349854
1 2 7 5 30 3 0 2 7 1 2 7 13 6 3 17 9 2 0 2 7 0 2 7 1 2 7 0 2 7 0 2 7 0 2 7 0 2 7 0 2 7 1 2 7 1 2 7 0 2 7 12 16 2 5 31 3 17 9 2 0 20.2646257877349854
1 2 7 5 30 3 0 2 7 1 2 7 13 6 3 17 9 2 0 2 7 0 2 7 1 2 7 0 2 7 0 2 7 0 2 7 0 2 7 0 2 7 1 2 7 1 2 7 0 2 7 12 16 2 5 31 3 17 9 2 0 20.2646257877349854
1 2 7 5 30 3 0 2 7 1 2 7 13 6 3 17 9 2 0 2 7 0 2 7 1 2 7 0 2 7 0 2 7 0 2 7 0 2 7 0 2 7 1 2 7 1 2 7 0 2 7 12 16 2 5 31 3 17 9 2 0 20.2646257877349854
1 2 7 5 30 3 0 2 7 1 2 7 13 6 3 17 9 2 0 2 7 0 2 7 1 2 7 0 2 7 0 2 7 0 2 7 0 2 7 0 2 7 1 2 7 1 2 7 0 2 7 12 16 2 5 31 3 17 9 2 0 20.2646257877349854
1 2 7 5 30 3 0 2 7 1 2 7 13 6 3 17 9 2 0 2 7 0 2 7 1 2 7 0 2 7 0 2 7 0 2 7 0 2 7 0 2 7 1 2 7 1 2 7 0 2 7 12 16 2 5 31 3 17 9 2 0 20.2646257877349854
1 2 7 5 30 3 0 2 7 1 2 7 13 6 3 17 9 2 0 2 7 0 2 7 1 2 7 0 2 7 0 2 7 0 2 7 0 2 7 0 2 7 1 2 7 1 2 7 0 2 7 12 16 2 5 31 3 17 9 2 0 20.2646257877349854
1 2 7 5 30 3 0 2 7 1 2 7 13 6 3 17 9 2 0 2 7 0 2 7 1 2 7 0 2 7 0 2 7 0 2 7 0 2 7 0 2 7 1 2 7 1 2 7 0 2 7 12 16 2 5 31 3 17 9 2 0 20.2646257877349854
1 2 7 5 30 3 0 2 7 1 2 7 13 6 3 17 9 2 0 2 7 0 2 7 1 2 7 0 2 7 0 2 7 0 2 7 0 2 7 0 2 7 1 2 7 1 2 7 0 2 7 12 16 2 5 31 3 17 9 2 0 20.2646257877349854
1 2 7 5 30 3 0 2 7 1 2 7 13 6 3 17 9 2 0 2 7 0 2 7 1 2 7 0 2 7 0 2 7 0 2 7 0 2 7 0 2 7 1 2 7 1 2 7 0 2 7 12 16 2 5 31 3 17 9 2 0 20.2646257877349854
1 2 7 5 30 3 0 2 7 1 2 7 13 6 3 17 9 2 0 2 7 0 2 7 1 2 7 0 2 7 0 2 7 0 2 7 0 2 7 0 2 7 1 2 7 1 2 7 0 2 7 12 16 2 5 31 3 17 9 2 0 20.2646257877349854
1 2 7 5 30 3 0 2 7 1 2 7 13 6 3 17 9 2 0 2 7 0 2 7 1 2 7 0 2 7 0 2 7 0 2 7 0 2 7 0 2 7 1 2 7 1 2 7 0 2 7 12 16 2 5 31 3 17 9 2 0 20.2646257877349854
1 2 7 5 30 3 0 2 7 1 2 7 13 6 3 17 9 2 0 2 7 0 2 7 1 2 7 0 2 7 0 2 7 0 2 7 0 2 7 0 2 7 1 2 7 1 2 7 0 2 7 12 16 2 5 31 3 17 9 2 0 20.2646257877349854
1 2 7 5 30 3 0 2 7 1 2 7 13 6 3 17 9 2 0 2 7 0 2 7 1 2 7 0 2 7 0 2 7 0 2 7 0 2 7 0 2 7 1 2 7 1 2 7 0 2 7 12 16 2 5 31 3 17 9 2 0 20.2646257877349854
1 2 7 5 30 3 0 2 7 1 2 7 13 6 3 17 9 2 0 2 7 0 2 7 1 2 7 0 2 7 0 2 7 0 2 7 0 2 7 0 2 7 1 2 7 1 2 7 0 2 7 12 16 2 5 31 3 17 9 2 0 20.2646257877349854
1 2 7 5 30 3 0 2 7 1 2 7 13 6 3 17 9 2 0 2 7 0 2 7 1 2 7 0 2 7 0 2 7 0 2 7 0 2 7 0 2 7 1 2 7 1 2 7 0 2 7 12 16 2 5 31 3 17 9 2 0 20.2646257877349854
1 2 7 5 30 3 0 2 7 1 2 7 13 6 3 17 9 2 0 2 7 0 2 7 1 2 7 0 2 7 0 2 7 0 2 7 0 2 7 0 2 7 1 2 7 1 2 7 0 2 7 12 16 2 5 31 3 17 9 2 0 20.2646257877349854
1 2 7 5 30 3 0 2 7 1 2 7 13 6 3 17 9 2 0 2 7 0 2 7 1 2 7 0 2 7 0 2 7 0 2 7 0 2 7 0 2 7 1 2 7 1 2 7 0 2 7 12 16 2 5 31 3 17 9 2 0 20.2646257877349854
1 2 7 5 30 3 0 2 7 1 2 7 13 6 3 17 9 2 0 2 7 0 2 7 1 2 7 0 2 7 0 2 7 0 2 7 0 2 7 0 2 7 1 2 7 1 2 7 0 2 7 12 16 2 5 31 3 17 9 2 0 20.2646257877349854
1 2 7 5 30 3 0 2 7 1 2 7 13 6 3 17 9 2 0 2 7 0 2 7 1 2 7 0 2 7 0 2 7 0 2 7 0 2 7 0 2 7 1 2 7 1 2 7 0 2 7 12 16 2 5 31 3 17 9 2 0 20.2646257877349854
1 2 7 5 30 3 0 2 7 1 2 7 13 6 3 17 9 2 0 2 7 0 2 7 1 2 7 0 2 7 0 2 7 0 2 7 0 2 7 0 2 7 1 2 7 1 2 7 0 2 7 12 16 2 5 31 3 17 9 2 0 20.2646257877349854
1 2 7 5 30 3 0 2 7 1 2 7 13 6 3 17 9 2 0 2 7 0 2 7 1 2 7 0 2 7 0 2 7 0 2 7 0 2 7 0 2 7 1 2 7 1 2 7 0 2 7 12 16 2 5 31 3 17 9 2 0 20.2646257877349854
1 2 7 5 30 3 0 2 7 1 2 7 13 6 3 17 9 2 0 2 7 0 2 7 1 2 7 0 2 7 0 2 7 0 2 7 0 2 7 0 2 7 1 2 7 1 2 7 0 2 7 12 16 2 5 31 3 17 9 2 0 20.2646257877349854
1 2 7 5 30 3 0 2 7 1 2 7 13 6 3 17 9 2 0 2 7 0 2 7 1 2 7 0 2 7 0 2 7 0 2 7 0 2 7 0 2 7 1 2 7 1 2 7 0 2 7 12 16 2 5 31 3 17 9 2 0 20.2646257877349854
1 2 7 5 30 3 0 2 7 1 2 7 13 6 3 17 9 2 0 2 7 0 2 7 1 2 7 0 2 7 0 2 7 0 2 7 0 2 7 0 2 7 1 2 7 1 2 7 0 2 7 12 16 2 5 31 3 17 9 2 0 20.2646257877349854
1 2 7 5 30 3 0 2 7 1 2 7 13 6 3 17 9 2 0 2 7 0 2 7 1 2 7 0 2 7 0 2 7 0 2 7 0 2 7 0 2 7 1 2 7 1 2 7 0 2 7 12 16 2 5 31 3 17 9 2 0 20.2646257877349854
1 2 7 5 30 3 0 2 7 1 2 7 13 6 3 17 9 2 0 2 7 0 2 7 1 2 7 0 2 7 0 2 7 0 2 7 0 2 7 0 2 7 1 2 7 1 2 7 0 2 7 12 16 2 5 31 3 17 9 2 0 20.2646257877349854
1 2 7 5 30 3 0 2 7 1 2 7 13 6 3 17 9 2 0 2 7 0 2 7 1 2 7 0 2 7 0 2 7 0 2 7 0 2 7 0 2 7 1 2 7 1 2 7 0 2 7 12 16 2 5 31 3 17 9 2 0 20.2646257877349854
1 2 7 5 30 3 0 2 7 1 2 7 13 6 3 17 9 2 0 2 7 0 2 7 1 2 7 0 2 7 0 2 7 0 2 7 0 2 7 0 2 7 1 2 7 1 2 7 0 2 7 12 16 2 5 31 3 17 9 2 0 20.2646257877349854
1 2 7 5 30 3 0 2 7 1 2 7 13 6 3 17 9 2 0 2 7 0 2 7 1 2 7 0 2 7 0 2 7 0 2 7 0 2 7 0 2 7 1 2 7 1 2 7 0 2 7 12 16 2 5 31 3 17 9 2 0 20.2646257877349854
1 2 7 5 30 3 0 2 7 1 2 7 13 6 3 17 9 2 0 2 7 0 2 7 1 2 7 0 2 7 0 2 7 0 2 7 0 2 7 0 2 7 1 2 7 1 2 7 0 2 7 12 16 2 5 31 3 17 9 2 0 20.2646257877349854
1 2 7 5 30 3 0 2 7 1 2 7 13 6 3 17 9 2 0 2 7 0 2 7 1 2 7 0 2 7 0 2 7 0 2 7 0 2 7 0 2 7 1 2 7 1 2 7 0 2 7 12 16 2 5 31 3 17 9 2 0 20.2646257877349854
1 2 7 5 30 3 0 2 7 1 2 7 13 6 3 17 9 2 0 2 7 0 2 7 1 2 7 0 2 7 0 2 7 0 2 7 0 2 7 0 2 7 1 2 7 1 2 7 0 2 7 12 16 2 5 31 3 17 9 2 0 20.2646257877349854
1 2 7 5 30 3 0 2 7 1 2 7 13 6 3 17 9 2 0 2 7 0 2 7 1 2 7 0 2 7 0 2 7 0 2 7 0 2 7 0 2 7 1 2 7 1 2 7 0 2 7 12 16 2 5 31 3 17 9 2 0 20.2646257877349854
1 2 7 5 30 3 0 2 7 1 2 7 13 6 3 17 9 2 0 2 7 0 2 7 1 2 7 0 2 7 0 2 7 0 2 7 0 2 7 0 2 7 1 2 7 1 2 7 0 2 7 12 16 2 5 31 3 17 9 2 0 20.2646257877349854
1 2 7 5 30 3 0 2 7 1 2 7 13 6 3 17 9 2 0 2 7 0 2 7 1 2 7 0 2 7 0 2 7 0 2 7 0 2 7 0 2 7 1 2 7 1 2 7 0 2 7 12 16 2 5 31 3 17 9 2 0 20.2646257877349854
1 2 7 5 30 3 0 2 7 1 2 7 13 6 3 17 9 2 0 2 7 0 2 7 1 2 7 0 2 7 0 2 7 0 2 7 0 2 7 0 2 7 1 2 7 1 2 7 0 2 7 12 16 2 5 31 3 17 9 2 0 20.2646257877349854
1 2 7 5 30 3 0 2 7 1 2 7 13 6 3 17 9 2 0 2 7 0 2 7 1 2 7 0 2 7 0 2 7 0 2 7 0 2 7 0 2 7 1 2 7 1 2 7 0 2 7 12 16 2 5 31 3 17 9 2 0 20.2646257877349854
1 2 7 5 30 3 0 2 7 1 2 7 13 6 3 17 9 2 0 2 7 0 2 7 1 2 7 0 2 7 0 2 7 0 2 7 0 2 7 0 2 7 1 2 7 1 2 7 0 2 7 12 16 2 5 31 3 17 9 2 0 20.2646257877349854
1 2 7 5 30 3 0 2 7 1 2 7 13 6 3 17 9 2 0 2 7 0 2 7 1 2 7 0 2 7 0 2 7 0 2 7 0 2 7 0 2 7 1 2 7 1 2 7 0 2 7 12 16 2 5 31 3 17 9 2 0 20.2646257877349854
1 2 7 5 30 3 0 2 7 1 2 7 13 6 3 17 9 2 0 2 7 0 2 7 1 2 7 0 2 7 0 2 7 0 2 7 0 2 7 0 2 7 1 2 7 1 2 7 0 2 7 12 16 2 5 31 3 17 9 2 0 20.2646257877349854
1 2 7 5 30 3 0 2 7 1 2 7 13 6 3 17 9 2 0 2 7 0 2 7 1 2 7 0 2 7 0 2 7 0 2 7 0 2 7 0 2 7 1 2 7 1 2 7 0 2 7 12 16 2 5 31 3 17 9 2 0 20.2646257877349854
1 2 7 5 30 3 0 2 7 1 2 7 13 6 3 17 9 2 0 2 7 0 2 7 1 2 7 0 2 7 0 2 7 0 2 7 0 2 7 0 2 7 1 2 7 1 2 7 0 2 7 12 16 2 5 31 3 17 9 2 0 20.2646257877349854
1 2 7 5 30 3 0 2 7 1 2 7 13 6 3 17 9 2 0 2 7 0 2 7 1 2 7 0 2 7 0 2 7 0 2 7 0 2 7 0 2 7 1 2 7 1 2 7 0 2 7 12 16 2 5 31 3 17 9 2 0 20.2646257877349854
1 2 7 5 30 3 0 2 7 1 2 7 13 6 3 17 9 2 0 2 7 0 2 7 1 2 7 0 2 7 0 2 7 0 2 7 0 2 7 0 2 7 1 2 7 1 2 7 0 2 7 12 16 2 5 31 3 17 9 2 0 20.2646257877349854
1 2 7 5 30 3 0 2 7 1 2 7 13 6 3 17 9 2 0 2 7 0 2 7 1 2 7 0 2 7 0 2 7 0 2 7 0 2 7 0 2 7 1 2 7 1 2 7 0 2 7 12 16 2 5 31 3 17 9 2 0 20.2646257877349854
1 2 7 5 30 3 0 2 7 1 2 7 13 6 3 17 9 2 0 2 7 0 2 7 1 2 7 0 2 7 0 2 7 0 2 7 0 2 7 0 2 7 1 2 7 1 2 7 0 2 7 12 16 2 5 31 3 17 9 2 0 20.2646257877349854
1 2 7 5 30 3 0 2 7 1 2 7 13 6 3 17 9 2 0 2 7 0 2 7 1 2 7 0 2 7 0 2 7 0 2 7 0 2 7 0 2 7 1 2 7 1 2 7 0 2 7 12 16 2 5 31 3 17 9 2 0 20.2646257877349854
1 2 7 5 30 3 0 2 7 1 2 7 13 6 3 17 9 2 0 2 7 0 2 7 1 2 7 0 2 7 0 2 7 0 2 7 0 2 7 0 2 7 1 2 7 1 2 7 0 2 7 12 16 2 5 31 3 17 9 2 0 20.2646257877349854
1 2 7 5 30 3 0 2 7 1 2 7 13 6 3 17 9 2 0 2 7 0 2 7 1 2 7 0 2 7 0 2 7 0 2 7 0 2 7 0 2 7 1 2 7 1 2 7 0 2 7 12 16 2 5 31 3 17 9 2 0 20.2646257877349854
1 2 7 5 30 3 0 2 7 1 2 7 13 6 3 17 9 2 0 2 7 0 2 7 1 2 7 0 2 7 0 2 7 0 2 7 0 2 7 0 2 7 1 2 7 1 2 7 0 2 7 12 16 2 5 31 3 17 9 2 0 20.2646257877349854
1 2 7 5 30 3 0 2 7 1 2 7 13 6 3 17 9 2 0 2 7 0 2 7 1 2 7 0 2 7 0 2 7 0 2 7 0 2 7 0 2 7 1 2 7 1 2 7 0 2 7 12 16 2 5 31 3 17 9 2 0 20.2646257877349854
1 2 7 5 30 3 0 2 7 1 2 7 13 6 3 17 9 2 0 2 7 0 2 7 1 2 7 0 2 7 0 2 7 0 2 7 0 2 7 0 2 7 1 2 7 1 2 7 0 2 7 12 16 2 5 31 3 17 9 2 0 20.2646257877349854
1 2 7 5 30 3 0 2 7 1 2 7 13 6 3 17 9 2 0 2 7 0 2 7 1 2 7 0 2 7 0 2 7 0 2 7 0 2 7 0 2 7 1 2 7 1 2 7 0 2 7 12 16 2 5 31 3 17 9 2 0 20.2646257877349854
1 2 7 5 30 3 0 2 7 1 2 7 13 6 3 17 9 2 0 2 7 0 2 7 1 2 7 0 2 7 0 2 7 0 2 7 0 2 7 0 2 7 1 2 7 1 2 7 0 2 7 12 16 2 5 31 3 17 9 2 0 20.2646257877349854
1 2 7 5 30 3 0 2 7 1 2 7 13 6 3 17 9 2 0 2 7 0 2 7 1 2 7 0 2 7 0 2 7 0 2 7 0 2 7 0 2 7 1 2 7 1 2 7 0 2 7 12 16 2 5 31 3 17 9 2 0 20.2646257877349854
1 2 7 5 30 3 0 2 7 1 2 7 13 6 3 17 9 2 0 2 7 0 2 7 1 2 7 0 2 7 0 2 7 0 2 7 0 2 7 0 2 7 1 2 7 1 2 7 0 2 7 12 16 2 5 31 3 17 9 2 0 20.2646257877349854
1 2 7 5 30 3 0 2 7 1 2 7 13 6 3 17 9 2 0 2 7 0 2 7 1 2 7 0 2 7 0 2 7 0 2 7 0 2 7 0 2 7 1 2 7 1 2 7 0 2 7 12 16 2 5 31 3 17 9 2 0 20.2646257877349854
1 2 7 5 30 3 0 2 7 1 2 7 13 6 3 17 9 2 0 2 7 0 2 7 1 2 7 0 2 7 0 2 7 0 2 7 0 2 7 0 2 7 1 2 7 1 2 7 0 2 7 12 16 2 5 31 3 17 9 2 0 20.2646257877349854
1 2 7 5 30 3 0 2 7 1 2 7 13 6 3 17 9 2 0 2 7 0 2 7 1 2 7 0 2 7 0 2 7 0 2 7 0 2 7 0 2 7 1 2 7 1 2 7 0 2 7 12 16 2 5 31 3 17 9 2 0 20.2646257877349854
1 2 7 5 30 3 0 2 7 1 2 7 13 6 3 17 9 2 0 2 7 0 2 7 1 2 7 0 2 7 0 2 7 0 2 7 0 2 7 0 2 7 1 2 7 1 2 7 0 2 7 12 16 2 5 31 3 17 9 2 0 20.2646257877349854
1 2 7 5 30 3 0 2 7 1 2 7 13 6 3 17 9 2 0 2 7 0 2 7 1 2 7 0 2 7 0 2 7 0 2 7 0 2 7 0 2 7 1 2 7 1 2 7 0 2 7 12 16 2 5 31 3 17 9 2 0 20.2646257877349854
1 2 7 5 30 3 0 2 7 1 2 7 13 6 3 17 9 2 0 2 7 0 2 7 1 2 7 0 2 7 0 2 7 0 2 7 0 2 7 0 2 7 1 2 7 1 2 7 0 2 7 12 16 2 5 31 3 17 9 2 0 20.2646257877349854
1 2 7 5 30 3 0 2 7 1 2 7 13 6 3 17 9 2 0 2 7 0 2 7 1 2 7 0 2 7 0 2 7 0 2 7 0 2 7 0 2 7 1 2 7 1 2 7 0 2 7 12 16 2 5 31 3 17 9 2 0 20.2646257877349854
1 2 7 5 30 3 0 2 7 1 2 7 13 6 3 17 9 2 0 2 7 0 2 7 1 2 7 0 2 7 0 2 7 0 2 7 0 2 7 0 2 7 1 2 7 1 2 7 0 2 7 12 16 2 5 31 3 17 9 2 0 20.2646257877349854
1 2 7 5 30 3 0 2 7 1 2 7 13 6 3 17 9 2 0 2 7 0 2 7 1 2 7 0 2 7 0 2 7 0 2 7 0 2 7 0 2 7 1 2 7 1 2 7 0 2 7 12 16 2 5 31 3 17 9 2 0 20.2646257877349854
1 2 7 5 30 3 0 2 7 1 2 7 13 6 3 17 9 2 0 2 7 0 2 7 1 2 7 0 2 7 0 2 7 0 2 7 0 2 7 0 2 7 1 2 7 1 2 7 0 2 7 12 16 2 5 31 3 17 9 2 0 20.2646257877349854
1 2 7 5 30 3 0 2 7 1 2 7 13 6 3 17 9 2 0 2 7 0 2 7 1 2 7 0 2 7 0 2 7 0 2 7 0 2 7 0 2 7 1 2 7 1 2 7 0 2 7 12 16 2 5 31 3 17 9 2 0 20.2646257877349854
1 2 7 5 30 3 0 2 7 1 2 7 13 6 3 17 9 2 0 2 7 0 2 7 1 2 7 0 2 7 0 2 7 0 2 7 0 2 7 0 2 7 1 2 7 1 2 7 0 2 7 12 16 2 5 31 3 17 9 2 0 20.2646257877349854
1 2 7 5 30 3 0 2 7 1 2 7 13 6 3 17 9 2 0 2 7 0 2 7 1 2 7 0 2 7 0 2 7 0 2 7 0 2 7 0 2 7 1 2 7 1 2 7 0 2 7 12 16 2 5 31 3 17 9 2 0 20.2646257877349854
1 2 7 5 30 3 0 2 7 1 2 7 13 6 3 17 9 2 0 2 7 0 2 7 1 2 7 0 2 7 0 2 7 0 2 7 0 2 7 0 2 7 1 2 7 1 2 7 0 2 7 12 16 2 5 31 3 17 9 2 0 20.2646257877349854
1 2 7 5 30 3 0 2 7 1 2 7 13 6 3 17 9 2 0 2 7 0 2 7 1 2 7 0 2 7 0 2 7 0 2 7 0 2 7 0 2 7 1 2 7 1 2 7 0 2 7 12 16 2 5 31 3 17 9 2 0 20.2646257877349854
1 2 7 5 30 3 0 2 7 1 2 7 13 6 3 17 9 2 0 2 7 0 2 7 1 2 7 0 2 7 0 2 7 0 2 7 0 2 7 0 2 7 1 2 7 1 2 7 0 2 7 12 16 2 5 31 3 17 9 2 0 20.2646257877349854
1 2 7 5 30 3 0 2 7 1 2 7 13 6 3 17 9 2 0 2 7 0 2 7 1 2 7 0 2 7 0 2 7 0 2 7 0 2 7 0 2 7 1 2 7 1 2 7 0 2 7 12 16 2 5 31 3 17 9 2 0 20.2646257877349854
1 2 7 5 30 3 0 2 7 1 2 7 13 6 3 17 9 2 0 2 7 0 2 7 1 2 7 0 2 7 0 2 7 0 2 7 0 2 7 0 2 7 1 2 7 1 2 7 0 2 7 12 16 2 5 31 3 17 9 2 0 20.2646257877349854
1 2 7 5 30 3 0 2 7 1 2 7 13 6 3 17 9 2 0 2 7 0 2 7 1 2 7 0 2 7 0 2 7 0 2 7 0 2 7 0 2 7 1 2 7 1 2 7 0 2 7 12 16 2 5 31 3 17 9 2 0 20.2646257877349854
1 2 7 5 30 3 0 2 7 1 2 7 13 6 3 17 9 2 0 2 7 0 2 7 1 2 7 0 2 7 0 2 7 0 2 7 0 2 7 0 2 7 1 2 7 1 2 7 0 2 7 12 16 2 5 31 3 17 9 2 0 20.2646257877349854
1 2 7 5 30 3 0 2 7 1 2 7 13 6 3 17 9 2 0 2 7 0 2 7 1 2 7 0 2 7 0 2 7 0 2 7 0 2 7 0 2 7 1 2 7 1 2 7 0 2 7 12 16 2 5 31 3 17 9 2 0 20.2646257877349854
1 2 7 5 30 3 0 2 7 1 2 7 13 6 3 17 9 2 0 2 7 0 2 7 1 2 7 0 2 7 0 2 7 0 2 7 0 2 7 0 2 7 1 2 7 1 2 7 0 2 7 12 16 2 5 31 3 17 9 2 0 20.2646257877349854
1 2 7 5 30 3 0 2 7 1 2 7 13 6 3 17 9 2 0 2 7 0 2 7 1 2 7 0 2 7 0 2 7 0 2 7 0 2 7 0 2 7 1 2 7 1 2 7 0 2 7 12 16 2 5 31 3 17 9 2 0 20.2646257877349854
1 2 7 5 30 3 0 2 7 1 2 7 13 6 3 17 9 2 0 2 7 0 2 7 1 2 7 0 2 7 0 2 7 0 2 7 0 2 7 0 2 7 1 2 7 1 2 7 0 2 7 12 16 2 5 31 3 17 9 2 0 20.2646257877349854
1 2 7 5 30 3 0 2 7 1 2 7 13 6 3 17 9 2 0 2 7 0 2 7 1 2 7 0 2 7 0 2 7 0 2 7 0 2 7 0 2 7 1 2 7 1 2 7 0 2 7 12 16 2 5 31 3 17 9 2 0 20.2646257877349854
1 2 7 5 30 3 0 2 7 1 2 7 13 6 3 17 9 2 0 2 7 0 2 7 1 2 7 0 2 7 0 2 7 0 2 7 0 2 7 0 2 7 1 2 7 1 2 7 0 2 7 12 16 2 5 31 3 17 9 2 0 20.2646257877349854
1 2 7 5 30 3 0 2 7 1 2 7 13 6 3 17 9 2 0 2 7 0 2 7 1 2 7 0 2 7 0 2 7 0 2 7 0 2 7 0 2 7 1 2 7 1 2 7 0 2 7 12 16 2 5 31 3 17 9 2 0 20.2646257877349854
1 2 7 5 30 3 0 2 7 1 2 7 13 6 3 17 9 2 0 2 7 0 2 7 1 2 7 0 2 7 0 2 7 0 2 7 0 2 7 0 2 7 1 2 7 1 2 7 0 2 7 12 16 2 5 31 3 17 9 2 0 20.2646257877349854
1 2 7 5 30 3 0 2 7 1 2 7 13 6 3 17 9 2 0 2 7 0 2 7 1 2 7 0 2 7 0 2 7 0 2 7 0 2 7 0 2 7 1 2 7 1 2 7 0 2 7 12 16 2 5 31 3 17 9 2 0 20.2646257877349854
1 2 7 5 30 3 0 2 7 1 2 7 13 6 3 17 9 2 0 2 7 0 2 7 1 2 7 0 2 7 0 2 7 0 2 7 0 2 7 0 2 7 1 2 7 1 2 7 0 2 7 12 16 2 5 31 3 17 9 2 0 20.2646257877349854
1 2 7 5 30 3 0 2 7 1 2 7 13 6 3 17 9 2 0 2 7 0 2 7 1 2 7 0 2 7 0 2 7 0 2 7 0 2 7 0 2 7 1 2 7 1 2 7 0 2 7 12 16 2 5 31 3 17 9 2 0 20.2646257877349854
1 2 7 5 30 3 0 2 7 1 2 7 13 6 3 17 9 2 0 2 7 0 2 7 1 2 7 0 2 7 0 2 7 0 2 7 0 2 7 0 2 7 1 2 7 1 2 7 0 2 7 12 16 2 5 31 3 17 9 2 0 20.2646257877349854
1 2 7 5 30 3 0 2 7 1 2 7 13 6 3 17 9 2 0 2 7 0 2 7 1 2 7 0 2 7 0 2 7 0 2 7 0 2 7 0 2 7 1 2 7 1 2 7 0 2 7 12 16 2 5 31 3 17 9 2 0 20.2646257877349854
1 2 7 5 30 3 0 2 7 1 2 7 13 6 3 17 9 2 0 2 7 0 2 7 1 2 7 0 2 7 0 2 7 0 2 7 0 2 7 0 2 7 1 2 7 1 2 7 0 2 7 12 16 2 5 31 3 17 9 2 0 20.2646257877349854
1 2 7 5 30 3 0 2 7 1 2 7 13 6 3 17 9 2 0 2 7 0 2 7 1 2 7 0 2 7 0 2 7 0 2 7 0 2 7 0 2 7 1 2 7 1 2 7 0 2 7 12 16 2 5 31 3 17 9 2 0 20.2646257877349854
1 2 7 5 30 3 0 2 7 1 2 7 13 6 3 17 9 2 0 2 7 0 2 7 1 2 7 0 2 7 0 2 7 0 2 7 0 2 7 0 2 7 1 2 7 1 2 7 0 2 7 12 16 2 5 31 3 17 9 2 0 20.2646257877349854
1 2 7 5 30 3 0 2 7 1 2 7 13 6 3 17 9 2 0 2 7 0 2 7 1 2 7 0 2 7 0 2 7 0 2 7 0 2 7 0 2 7 1 2 7 1 2 7 0 2 7 12 16 2 5 31 3 17 9 2 0 20.2646257877349854
1 2 7 5 30 3 0 2 7 1 2 7 13 6 3 17 9 2 0 2 7 0 2 7 1 2 7 0 2 7 0 2 7 0 2 7 0 2 7 0 2 7 1 2 7 1 2 7 0 2 7 12 16 2 5 31 3 17 9 2 0 20.2646257877349854
1 2 7 5 30 3 0 2 7 1 2 7 13 6 3 17 9 2 0 2 7 0 2 7 1 2 7 0 2 7 0 2 7 0 2 7 0 2 7 0 2 7 1 2 7 1 2 7 0 2 7 12 16 2 5 31 3 17 9 2 0 20.2646257877349854
1 2 7 5 30 3 0 2 7 1 2 7 13 6 3 17 9 2 0 2 7 0 2 7 1 2 7 0 2 7 0 2 7 0 2 7 0 2 7 0 2 7 1 2 7 1 2 7 0 2 7 12 16 2 5 31 3 17 9 2 0 20.2646257877349854
1 2 7 5 30 3 0 2 7 1 2 7 13 6 3 17 9 2 0 2 7 0 2 7 1 2 7 0 2 7 0 2 7 0 2 7 0 2 7 0 2 7 1 2 7 1 2 7 0 2 7 12 16 2 5 31 3 17 9 2 0 20.2646257877349854
1 2 7 5 30 3 0 2 7 1 2 7 13 6 3 17 9 2 0 2 7 0 2 7 1 2 7 0 2 7 0 2 7 0 2 7 0 2 7 0 2 7 1 2 7 1 2 7 0 2 7 12 16 2 5 31 3 17 9 2 0 20.2646257877349854
1 2 7 5 30 3 0 2 7 1 2 7 13 6 3 17 9 2 0 2 7 0 2 7 1 2 7 0 2 7 0 2 7 0 2 7 0 2 7 0 2 7 1 2 7 1 2 7 0 2 7 12 16 2 5 31 3 17 9 2 0 20.2646257877349854
1 2 7 5 30 3 0 2 7 1 2 7 13 6 3 17 9 2 0 2 7 0 2 7 1 2 7 0 2 7 0 2 7 0 2 7 0 2 7 0 2 7 1 2 7 1 2 7 0 2 7 12 16 2 5 31 3 17 9 2 0 20.2646257877349854
1 2 7 5 30 3 0 2 7 1 2 7 13 6 3 17 9 2 0 2 7 0 2 7 1 2 7 0 2 7 0 2 7 0 2 7 0 2 7 0 2 7 1 2 7 1 2 7 0 2 7 12 16 2 5 31 3 17 9 2 0 20.2646257877349854
1 2 7 5 30 3 0 2 7 1 2 7 13 6 3 17 9 2 0 2 7 0 2 7 1 2 7 0 2 7 0 2 7 0 2 7 0 2 7 0 2 7 1 2 7 1 2 7 0 2 7 12 16 2 5 31 3 17 9 2 0 20.2646257877349854
1 2 7 5 30 3 0 2 7 1 2 7 13 6 3 17 9 2 0 2 7 0 2 7 1 2 7 0 2 7 0 2 7 0 2 7 0 2 7 0 2 7 1 2 7 1 2 7 0 2 7 12 16 2 5 31 3 17 9 2 0 20.2646257877349854
1 2 7 5 30 3 0 2 7 1 2 7 13 6 3 17 9 2 0 2 7 0 2 7 1 2 7 0 2 7 0 2 7 0 2 7 0 2 7 0 2 7 1 2 7 1 2 7 0 2 7 12 16 2 5 31 3 17 9 2 0 20.2646257877349854
1 2 7 5 30 3 0 2 7 1 2 7 13 6 3 17 9 2 0 2 7 0 2 7 1 2 7 0 2 7 0 2 7 0 2 7 0 2 7 0 2 7 1 2 7 1 2 7 0 2 7 12 16 2 5 31 3 17 9 2 0 20.2646257877349854
1 2 7 5 30 3 0 2 7 1 2 7 13 6 3 17 9 2 0 2 7 0 2 7 1 2 7 0 2 7 0 2 7 0 2 7 0 2 7 0 2 7 1 2 7 1 2 7 0 2 7 12 16 2 5 31 3 17 9 2 0 20.2646257877349854
1 2 7 5 30 3 0 2 7 1 2 7 13 6 3 17 9 2 0 2 7 0 2 7 1 2 7 0 2 7 0 2 7 0 2 7 0 2 7 0 2 7 1 2 7 1 2 7 0 2 7 12 16 2 5 31 3 17 9 2 0 20.2646257877349854
1 2 7 5 30 3 0 2 7 1 2 7 13 6 3 17 9 2 0 2 7 0 2 7 1 2 7 0 2 7 0 2 7 0 2 7 0 2 7 0 2 7 1 2 7 1 2 7 0 2 7 12 16 2 5 31 3 17 9 2 0 20.2646257877349854
1 2 7 5 30 3 0 2 7 1 2 7 13 6 3 17 9 2 0 2 7 0 2 7 1 2 7 0 2 7 0 2 7 0 2 7 0 2 7 0 2 7 1 2 7 1 2 7 0 2 7 12 16 2 5 31 3 17 9 2 0 20.2646257877349854
1 2 7 5 30 3 0 2 7 1 2 7 13 6 3 17 9 2 0 2 7 0 2 7 1 2 7 0 2 7 0 2 7 0 2 7 0 2 7 0 2 7 1 2 7 1 2 7 0 2 7 12 16 2 5 31 3 17 9 2 0 20.2646257877349854
1 2 7 5 30 3 0 2 7 1 2 7 13 6 3 17 9 2 0 2 7 0 2 7 1 2 7 0 2 7 0 2 7 0 2 7 0 2 7 0 2 7 1 2 7 1 2 7 0 2 7 12 16 2 5 31 3 17 9 2 0 20.2646257877349854
1 2 7 5 30 3 0 2 7 1 2 7 13 6 3 17 9 2 0 2 7 0 2 7 1 2 7 0 2 7 0 2 7 0 2 7 0 2 7 0 2 7 1 2 7 1 2 7 0 2 7 12 16 2 5 31 3 17 9 2 0 20.2646257877349854
1 2 7 5 30 3 0 2 7 1 2 7 13 6 3 17 9 2 0 2 7 0 2 7 1 2 7 0 2 7 0 2 7 0 2 7 0 2 7 0 2 7 1 2 7 1 2 7 0 2 7 12 16 2 5 31 3 17 9 2 0 20.2646257877349854
1 2 7 5 30 3 0 2 7 1 2 7 13 6 3 17 9 2 0 2 7 0 2 7 1 2 7 0 2 7 0 2 7 0 2 7 0 2 7 0 2 7 1 2 7 1 2 7 0 2 7 12 16 2 5 31 3 17 9 2 0 20.2646257877349854
1 2 7 5 30 3 0 2 7 1 2 7 13 6 3 17 9 2 0 2 7 0 2 7 1 2 7 0 2 7 0 2 7 0 2 7 0 2 7 0 2 7 1 2 7 1 2 7 0 2 7 12 16 2 5 31 3 17 9 2 0 20.2646257877349854
1 2 7 5 30 3 0 2 7 1 2 7 13 6 3 17 9 2 0 2 7 0 2 7 1 2 7 0 2 7 0 2 7 0 2 7 0 2 7 0 2 7 1 2 7 1 2 7 0 2 7 12 16 2 5 31 3 17 9 2 0 20.2646257877349854
1 2 7 5 30 3 0 2 7 1 2 7 13 6 3 17 9 2 0 2 7 0 2 7 1 2 7 0 2 7 0 2 7 0 2 7 0 2 7 0 2 7 1 2 7 1 2 7 0 2 7 12 16 2 5 31 3 17 9 2 0 20.2646257877349854
1 2 7 5 30 3 0 2 7 1 2 7 13 6 3 17 9 2 0 2 7 0 2 7 1 2 7 0 2 7 0 2 7 0 2 7 0 2 7 0 2 7 1 2 7 1 2 7 0 2 7 12 16 2 5 31 3 17 9 2 0 20.2646257877349854
1 2 7 5 30 3 0 2 7 1 2 7 13 6 3 17 9 2 0 2 7 0 2 7 1 2 7 0 2 7 0 2 7 0 2 7 0 2 7 0 2 7 1 2 7 1 2 7 0 2 7 12 16 2 5 31 3 17 9 2 0 20.2646257877349854
1 2 7 5 30 3 0 2 7 1 2 7 13 6 3 17 9 2 0 2 7 0 2 7 1 2 7 0 2 7 0 2 7 0 2 7 0 2 7 0 2 7 1 2 7 1 2 7 0 2 7 12 16 2 5 31 3 17 9 2 0 20.2646257877349854
1 2 7 5 30 3 0 2 7 1 2 7 13 6 3 17 9 2 0 2 7 0 2 7 1 2 7 0 2 7 0 2 7 0 2 7 0 2 7 0 2 7 1 2 7 1 2 7 0 2 7 12 16 2 5 31 3 17 9 2 0 20.2646257877349854
1 2 7 5 30 3 0 2 7 1 2 7 13 6 3 17 9 2 0 2 7 0 2 7 1 2 7 0 2 7 0 2 7 0 2 7 0 2 7 0 2 7 1 2 7 1 2 7 0 2 7 12 16 2 5 31 3 17 9 2 0 20.2646257877349854
1 2 7 5 30 3 0 2 7 1 2 7 13 6 3 17 9 2 0 2 7 0 2 7 1 2 7 0 2 7 0 2 7 0 2 7 0 2 7 0 2 7 1 2 7 1 2 7 0 2 7 12 16 2 5 31 3 17 9 2 0 20.2646257877349854
1 2 7 5 30 3 0 2 7 1 2 7 13 6 3 17 9 2 0 2 7 0 2 7 1 2 7 0 2 7 0 2 7 0 2 7 0 2 7 0 2 7 1 2 7 1 2 7 0 2 7 12 16 2 5 31 3 17 9 2 0 20.2646257877349854
1 2 7 5 30 3 0 2 7 1 2 7 13 6 3 17 9 2 0 2 7 0 2 7 1 2 7 0 2 7 0 2 7 0 2 7 0 2 7 0 2 7 1 2 7 1 2 7 0 2 7 12 16 2 5 31 3 17 9 2 0 20.2646257877349854
1 2 7 5 30 3 0 2 7 1 2 7 13 6 3 17 9 2 0 2 7 0 2 7 1 2 7 0 2 7 0 2 7 0 2 7 0 2 7 0 2 7 1 2 7 1 2 7 0 2 7 12 16 2 5 31 3 17 9 2 0 20.2646257877349854
1 2 7 5 30 3 0 2 7 1 2 7 13 6 3 17 9 2 0 2 7 0 2 7 1 2 7 0 2 7 0 2 7 0 2 7 0 2 7 0 2 7 1 2 7 1 2 7 0 2 7 12 16 2 5 31 3 17 9 2 0 20.2646257877349854
1 2 7 5 30 3 0 2 7 1 2 7 13 6 3 17 9 2 0 2 7 0 2 7 1 2 7 0 2 7 0 2 7 0 2 7 0 2 7 0 2 7 1 2 7 1 2 7 0 2 7 12 16 2 5 31 3 17 9 2 0 20.2646257877349854
1 2 7 5 30 3 0 2 7 1 2 7 13 6 3 17 9 2 0 2 7 0 2 7 1 2 7 0 2 7 0 2 7 0 2 7 0 2 7 0 2 7 1 2 7 1 2 7 0 2 7 12 16 2 5 31 3 17 9 2 0 20.2646257877349854
1 2 7 5 30 3 0 2 7 1 2 7 13 6 3 17 9 2 0 2 7 0 2 7 1 2 7 0 2 7 0 2 7 0 2 7 0 2 7 0 2 7 1 2 7 1 2 7 0 2 7 12 16 2 5 31 3 17 9 2 0 20.2646257877349854
1 2 7 5 30 3 0 2 7 1 2 7 13 6 3 17 9 2 0 2 7 0 2 7 1 2 7 0 2 7 0 2 7 0 2 7 0 2 7 0 2 7 1 2 7 1 2 7 0 2 7 12 16 2 5 31 3 17 9 2 0 20.2646257877349854
1 2 7 5 30 3 0 2 7 1 2 7 13 6 3 17 9 2 0 2 7 0 2 7 1 2 7 0 2 7 0 2 7 0 2 7 0 2 7 0 2 7 1 2 7 1 2 7 0 2 7 12 16 2 5 31 3 17 9 2 0 20.2646257877349854
1 2 7 5 30 3 0 2 7 1 2 7 13 6 3 17 9 2 0 2 7 0 2 7 1 2 7 0 2 7 0 2 7 0 2 7 0 2 7 0 2 7 1 2 7 1 2 7 0 2 7 12 16 2 5 31 3 17 9 2 0 20.2646257877349854
1 2 7 5 30 3 0 2 7 1 2 7 13 6 3 17 9 2 0 2 7 0 2 7 1 2 7 0 2 7 0 2 7 0 2 7 0 2 7 0 2 7 1 2 7 1 2 7 0 2 7 12 16 2 5 31 3 17 9 2 0 20.2646257877349854
1 2 7 5 30 3 0 2 7 1 2 7 13 6 3 17 9 2 0 2 7 0 2 7 1 2 7 0 2 7 0 2 7 0 2 7 0 2 7 0 2 7 1 2 7 1 2 7 0 2 7 12 16 2 5 31 3 17 9 2 0 20.2646257877349854
1 2 7 5 30 3 0 2 7 1 2 7 13 6 3 17 9 2 0 2 7 0 2 7 1 2 7 0 2 7 0 2 7 0 2 7 0 2 7 0 2 7 1 2 7 1 2 7 0 2 7 12 16 2 5 31 3 17 9 2 0 20.2646257877349854
1 2 7 5 30 3 0 2 7 1 2 7 13 6 3 17 9 2 0 2 7 0 2 7 1 2 7 0 2 7 0 2 7 0 2 7 0 2 7 0 2 7 1 2 7 1 2 7 0 2 7 12 16 2 5 31 3 17 9 2 0 20.2646257877349854
1 2 7 5 30 3 0 2 7 1 2 7 13 6 3 17 9 2 0 2 7 0 2 7 1 2 7 0 2 7 0 2 7 0 2 7 0 2 7 0 2 7 1 2 7 1 2 7 0 2 7 12 16 2 5 31 3 17 9 2 0 20.2646257877349854
1 2 7 5 30 3 0 2 7 1 2 7 13 6 3 17 9 2 0 2 7 0 2 7 1 2 7 0 2 7 0 2 7 0 2 7 0 2 7 0 2 7 1 2 7 1 2 7 0 2 7 12 16 2 5 31 3 17 9 2 0 20.2646257877349854
1 2 7 5 30 3 0 2 7 1 2 7 13 6 3 17 9 2 0 2 7 0 2 7 1 2 7 0 2 7 0 2 7 0 2 7 0 2 7 0 2 7 1 2 7 1 2 7 0 2 7 12 16 2 5 31 3 17 9 2 0 20.2646257877349854
1 2 7 5 30 3 0 2 7 1 2 7 13 6 3 17 9 2 0 2 7 0 2 7 1 2 7 0 2 7 0 2 7 0 2 7 0 2 7 0 2 7 1 2 7 1 2 7 0 2 7 12 16 2 5 31 3 17 9 2 0 20.2646257877349854
1 2 7 5 30 3 0 2 7 1 2 7 13 6 3 17 9 2 0 2 7 0 2 7 1 2 7 0 2 7 0 2 7 0 2 7 0 2 7 0 2 7 1 2 7 1 2 7 0 2 7 12 16 2 5 31 3 17 9 2 0 20.2646257877349854
1 2 7 5 30 3 0 2 7 1 2 7 13 6 3 17 9 2 0 2 7 0 2 7 1 2 7 0 2 7 0 2 7 0 2 7 0 2 7 0 2 7 1 2 7 1 2 7 0 2 7 12 16 2 5 31 3 17 9 2 0 20.2646257877349854
1 2 7 5 30 3 0 2 7 1 2 7 13 6 3 17 9 2 0 2 7 0 2 7 1 2 7 0 2 7 0 2 7 0 2 7 0 2 7 0 2 7 1 2 7 1 2 7 0 2 7 12 16 2 5 31 3 17 9 2 0 20.2646257877349854
1 2 7 5 30 3 0 2 7 1 2 7 13 6 3 17 9 2 0 2 7 0 2 7 1 2 7 0 2 7 0 2 7 0 2 7 0 2 7 0 2 7 1 2 7 1 2 7 0 2 7 12 16 2 5 31 3 17 9 2 0 20.2646257877349854
1 2 7 5 30 3 0 2 7 1 2 7 13 6 3 17 9 2 0 2 7 0 2 7 1 2 7 0 2 7 0 2 7 0 2 7 0 2 7 0 2 7 1 2 7 1 2 7 0 2 7 12 16 2 5 31 3 17 9 2 0 20.2646257877349854
1 2 7 5 30 3 0 2 7 1 2 7 13 6 3 17 9 2 0 2 7 0 2 7 1 2 7 0 2 7 0 2 7 0 2 7 0 2 7 0 2 7 1 2 7 1 2 7 0 2 7 12 16 2 5 31 3 17 9 2 0 20.2646257877349854
1 2 7 5 30 3 0 2 7 1 2 7 13 6 3 17 9 2 0 2 7 0 2 7 1 2 7 0 2 7 0 2 7 0 2 7 0 2 7 0 2 7 1 2 7 1 2 7 0 2 7 12 16 2 5 31 3 17 9 2 0 20.2646257877349854
1 2 7 5 30 3 0 2 7 1 2 7 13 6 3 17 9 2 0 2 7 0 2 7 1 2 7 0 2 7 0 2 7 0 2 7 0 2 7 0 2 7 1 2 7 1 2 7 0 2 7 12 16 2 5 31 3 17 9 2 0 20.2646257877349854
1 2 7 5 30 3 0 2 7 1 2 7 13 6 3 17 9 2 0 2 7 0 2 7 1 2 7 0 2 7 0 2 7 0 2 7 0 2 7 0 2 7 1 2 7 1 2 7 0 2 7 12 16 2 5 31 3 17 9 2 0 20.2646257877349854
1 2 7 5 30 3 0 2 7 1 2 7 13 6 3 17 9 2 0 2 7 0 2 7 1 2 7 0 2 7 0 2 7 0 2 7 0 2 7 0 2 7 1 2 7 1 2 7 0 2 7 12 16 2 5 31 3 17 9 2 0 20.2646257877349854
1 2 7 5 30 3 0 2 7 1 2 7 13 6 3 17 9 2 0 2 7 0 2 7 1 2 7 0 2 7 0 2 7 0 2 7 0 2 7 0 2 7 1 2 7 1 2 7 0 2 7 12 16 2 5 31 3 17 9 2 0 20.2646257877349854
1 2 7 5 30 3 0 2 7 1 2 7 13 6 3 17 9 2 0 2 7 0 2 7 1 2 7 0 2 7 0 2 7 0 2 7 0 2 7 0 2 7 1 2 7 1 2 7 0 2 7 12 16 2 5 31 3 17 9 2 0 20.2646257877349854
1 2 7 5 30 3 0 2 7 1 2 7 13 6 3 17 9 2 0 2 7 0 2 7 1 2 7 0 2 7 0 2 7 0 2 7 0 2 7 0 2 7 1 2 7 1 2 7 0 2 7 12 16 2 5 31 3 17 9 2 0 20.2646257877349854
1 2 7 5 30 3 0 2 7 1 2 7 13 6 3 17 9 2 0 2 7 0 2 7 1 2 7 0 2 7 0 2 7 0 2 7 0 2 7 0 2 7 1 2 7 1 2 7 0 2 7 12 16 2 5 31 3 17 9 2 0 20.2646257877349854
1 2 7 5 30 3 0 2 7 1 2 7 13 6 3 17 9 2 0 2 7 0 2 7 1 2 7 0 2 7 0 2 7 0 2 7 0 2 7 0 2 7 1 2 7 1 2 7 0 2 7 12 16 2 5 31 3 17 9 2 0 20.2646257877349854
1 2 7 5 30 3 0 2 7 1 2 7 13 6 3 17 9 2 0 2 7 0 2 7 1 2 7 0 2 7 0 2 7 0 2 7 0 2 7 0 2 7 1 2 7 1 2 7 0 2 7 12 16 2 5 31 3 17 9 2 0 20.2646257877349854
1 2 7 5 30 3 0 2 7 1 2 7 13 6 3 17 9 2 0 2 7 0 2 7 1 2 7 0 2 7 0 2 7 0 2 7 0 2 7 0 2 7 1 2 7 1 2 7 0 2 7 12 16 2 5 31 3 17 9 2 0 20.2646257877349854
1 2 7 5 30 3 0 2 7 1 2 7 13 6 3 17 9 2 0 2 7 0 2 7 1 2 7 0 2 7 0 2 7 0 2 7 0 2 7 0 2 7 1 2 7 1 2 7 0 2 7 12 16 2 5 31 3 17 9 2 0 20.2646257877349854
1 2 7 5 30 3 0 2 7 1 2 7 13 6 3 17 9 2 0 2 7 0 2 7 1 2 7 0 2 7 0 2 7 0 2 7 0 2 7 0 2 7 1 2 7 1 2 7 0 2 7 12 16 2 5 31 3 17 9 2 0 20.2646257877349854
1 2 7 5 30 3 0 2 7 1 2 7 13 6 3 17 9 2 0 2 7 0 2 7 1 2 7 0 2 7 0 2 7 0 2 7 0 2 7 0 2 7 1 2 7 1 2 7 0 2 7 12 16 2 5 31 3 17 9 2 0 20.2646257877349854
1 2 7 5 30 3 0 2 7 1 2 7 13 6 3 17 9 2 0 2 7 0 2 7 1 2 7 0 2 7 0 2 7 0 2 7 0 2 7 0 2 7 1 2 7 1 2 7 0 2 7 12 16 2 5 31 3 17 9 2 0 20.2646257877349854
1 2 7 5 30 3 0 2 7 1 2 7 13 6 3 17 9 2 0 2 7 0 2 7 1 2 7 0 2 7 0 2 7 0 2 7 0 2 7 0 2 7 1 2 7 1 2 7 0 2 7 12 16 2 5 31 3 17 9 2 0 20.2646257877349854
1 2 7 5 30 3 0 2 7 1 2 7 13 6 3 17 9 2 0 2 7 0 2 7 1 2 7 0 2 7 0 2 7 0 2 7 0 2 7 0 2 7 1 2 7 1 2 7 0 2 7 12 16 2 5 31 3 17 9 2 0 20.2646257877349854
1 2 7 5 30 3 0 2 7 1 2 7 13 6 3 17 9 2 0 2 7 0 2 7 1 2 7 0 2 7 0 2 7 0 2 7 0 2 7 0 2 7 1 2 7 1 2 7 0 2 7 12 16 2 5 31 3 17 9 2 0 20.2646257877349854
1 2 7 5 30 3 0 2 7 1 2 7 13 6 3 17 9 2 0 2 7 0 2 7 1 2 7 0 2 7 0 2 7 0 2 7 0 2 7 0 2 7 1 2 7 1 2 7 0 2 7 12 16 2 5 31 3 17 9 2 0 20.2646257877349854
MonoObjective Genetic Algorithm
Number of Evaluations = 0
Mutation Probability = 0
Crossover Probability = 1
Population Size = 10
Survival Selection Type = 1
Time =  3602.60303497314453
1 2 7 5 30 3 0 2 7 1 2 7 13 6 3 17 9 2 0 2 7 0 2 7 1 2 7 0 2 7 0 2 7 0 2 7 0 2 7 0 2 7 1 2 7 1 2 7 0 2 7 12 16 2 5 31 3 17 9 2 0 20.2646257877349854
1 2 7 5 30 3 0 2 7 1 2 7 13 6 3 17 9 2 0 2 7 0 2 7 1 2 7 0 2 7 0 2 7 0 2 7 0 2 7 0 2 7 1 2 7 1 2 7 0 2 7 12 16 2 5 31 3 17 9 2 0 20.2646257877349854
1 2 7 5 30 3 0 2 7 1 2 7 13 6 3 17 9 2 0 2 7 0 2 7 1 2 7 0 2 7 0 2 7 0 2 7 0 2 7 0 2 7 1 2 7 1 2 7 0 2 7 12 16 2 5 31 3 17 9 2 0 20.2646257877349854
1 2 7 5 30 3 0 2 7 1 2 7 13 6 3 17 9 2 0 2 7 0 2 7 1 2 7 0 2 7 0 2 7 0 2 7 0 2 7 0 2 7 1 2 7 1 2 7 0 2 7 12 16 2 5 31 3 17 9 2 0 20.2646257877349854
1 2 7 5 30 3 0 2 7 1 2 7 13 6 3 17 9 2 0 2 7 0 2 7 1 2 7 0 2 7 0 2 7 0 2 7 0 2 7 0 2 7 1 2 7 1 2 7 0 2 7 12 16 2 5 31 3 17 9 2 0 20.2646257877349854
1 2 7 5 30 3 0 2 7 1 2 7 13 6 3 17 9 2 0 2 7 0 2 7 1 2 7 0 2 7 0 2 7 0 2 7 0 2 7 0 2 7 1 2 7 1 2 7 0 2 7 12 16 2 5 31 3 17 9 2 0 20.2646257877349854
1 2 7 5 30 3 0 2 7 1 2 7 13 6 3 17 9 2 0 2 7 0 2 7 1 2 7 0 2 7 0 2 7 0 2 7 0 2 7 0 2 7 1 2 7 1 2 7 0 2 7 12 16 2 5 31 3 17 9 2 0 20.2646257877349854
1 2 7 5 30 3 0 2 7 1 2 7 13 6 3 17 9 2 0 2 7 0 2 7 1 2 7 0 2 7 0 2 7 0 2 7 0 2 7 0 2 7 1 2 7 1 2 7 0 2 7 12 16 2 5 31 3 17 9 2 0 20.2646257877349854
1 2 7 5 30 3 0 2 7 1 2 7 13 6 3 17 9 2 0 2 7 0 2 7 1 2 7 0 2 7 0 2 7 0 2 7 0 2 7 0 2 7 1 2 7 1 2 7 0 2 7 12 16 2 5 31 3 17 9 2 0 20.2646257877349854
1 2 7 5 30 3 0 2 7 1 2 7 13 6 3 17 9 2 0 2 7 0 2 7 1 2 7 0 2 7 0 2 7 0 2 7 0 2 7 0 2 7 1 2 7 1 2 7 0 2 7 12 16 2 5 31 3 17 9 2 0 20.2646257877349854
