0 2 7 5 31 3 0 2 7 0 2 7 0 2 7 1 2 7 1 2 7 1 2 7 13 6 3 0 2 7 17 18 2 0 2 7 17 9 2 5 30 3 1 2 7 0 2 7 0 2 7 12 16 2 1 2 7 0 2 7 0 20.2646257877349854
0 2 7 12 16 2 16 6 2 1 2 7 0 2 7 1 2 11 16 9 11 0 2 3 1 2 7 5 30 3 0 2 4 0 2 3 0 2 3 0 2 3 0 2 3 5 31 3 12 16 2 1 2 7 0 2 7 0 2 3 0 21.3884018063545227
0 2 8 0 2 2 0 2 3 8 18 11 12 16 2 17 2 2 0 2 12 0 2 7 0 2 11 0 2 11 16 19 3 5 30 11 8 18 2 16 2 12 0 2 11 8 9 11 5 2 3 0 2 12 5 30 3 12 2 2 410494.078205108235 23.0636295080184937
1 2 8 12 16 11 1 2 3 8 2 3 12 16 2 1 2 3 16 2 7 0 30 3 0 2 12 0 9 7 16 2 4 1 2 3 8 9 3 17 18 2 0 16 2 0 2 2 0 2 12 12 16 12 1 9 2 16 9 3 724849.665619821986 21.2322381138801575
5 30 3 8 9 2 5 30 3 0 2 11 12 16 2 0 2 11 0 2 11 0 2 1 0 2 7 16 24 2 17 18 2 0 2 11 12 16 2 0 2 11 0 2 11 5 30 3 6 2 7 0 2 11 0 2 7 0 2 11 0 22.0065773129463196
1 2 8 12 16 2 5 30 3 8 18 2 12 16 2 1 2 3 16 19 12 0 2 12 0 2 12 8 9 2 16 19 12 5 30 3 8 9 2 0 2 12 0 2 3 8 9 2 0 2 12 0 2 12 1 2 3 0 2 3 0.0031753773816245584 22.4985700845718384
0 9 11 1 2 11 5 2 3 0 2 11 6 30 3 0 2 11 0 2 10 0 2 7 5 2 3 0 2 7 1 30 3 16 2 2 0 2 2 12 30 3 1 2 11 1 2 11 0 2 7 12 16 3 0 18 7 0 2 2 1343277.64696562663 21.2606542706489563
0 2 8 0 2 3 0 2 3 8 2 7 0 16 2 1 2 2 1 2 7 1 2 7 0 2 11 0 2 7 17 19 3 0 30 7 17 18 2 16 2 3 1 2 7 8 2 7 5 2 7 0 2 12 1 2 3 0 2 2 848895.129559695022 21.4593825936317444
0 2 7 5 30 3 0 2 7 0 2 7 1 2 1 0 2 11 1 2 11 0 2 4 6 2 11 1 2 7 17 18 2 1 2 4 0 2 11 12 16 2 0 2 7 5 30 3 0 2 3 8 18 2 0 2 7 17 9 2 0 21.2094839811325073
0 2 7 5 30 3 0 2 7 1 2 11 12 16 2 12 16 2 0 2 7 0 2 7 0 2 7 16 15 2 12 16 2 0 2 7 5 30 3 12 16 2 0 2 7 16 18 11 0 2 7 8 18 2 0 2 7 8 9 2 0 21.4646205306053162
0 2 7 5 31 3 0 2 7 0 2 7 0 2 7 1 2 7 1 2 7 1 2 7 13 6 3 0 2 7 17 18 2 0 2 7 17 9 2 5 30 3 1 2 7 0 2 7 0 2 7 12 16 2 1 2 7 0 2 7 0 20.2646257877349854
17 9 2 5 30 3 0 2 7 1 2 8 0 2 3 0 2 1 1 2 11 0 2 7 5 30 3 17 9 2 8 9 2 6 2 7 0 2 7 0 2 4 0 2 7 1 2 11 1 2 7 1 2 7 0 2 11 0 2 3 0 21.1657338738441467
5 30 3 17 18 2 12 16 2 0 2 3 0 2 3 12 16 2 0 2 7 0 2 3 1 2 3 1 2 4 0 2 3 0 2 7 17 1 2 0 2 10 1 2 4 0 2 7 0 2 7 1 2 7 5 30 3 0 2 3 0 21.2165918350219727
1 2 8 12 16 11 1 2 3 8 2 3 12 16 2 1 2 3 16 2 7 0 30 3 0 2 12 0 9 7 16 2 4 1 2 3 8 9 3 17 18 2 0 16 2 0 2 2 0 2 12 12 16 12 1 9 2 16 9 3 724849.665619821986 21.2322381138801575
0 2 8 5 30 3 0 2 8 0 2 8 0 2 3 0 2 3 16 19 11 0 2 8 5 30 3 0 2 8 0 2 8 8 18 2 5 30 3 12 16 2 16 19 11 0 2 3 12 16 2 0 2 8 0 2 1 0 2 11 6.15274065477851207e-07 23.2691102027893066
5 30 3 8 9 2 5 30 3 0 2 11 12 16 2 0 2 11 0 2 11 0 2 1 0 2 7 16 24 2 17 18 2 0 2 11 12 16 2 0 2 11 0 2 11 5 30 3 6 2 7 0 2 11 0 2 7 0 2 11 0 22.0065773129463196
5 30 3 8 9 2 12 16 2 0 2 7 0 2 7 12 16 2 0 2 4 12 16 2 1 2 3 0 2 7 16 9 11 0 2 7 0 2 7 1 2 7 0 2 3 1 2 11 16 6 2 0 2 7 5 31 3 0 2 7 0 21.2600046992301941
5 30 3 8 9 2 12 16 3 0 2 7 12 2 2 0 16 11 0 2 11 0 16 1 0 2 3 0 2 2 16 18 2 0 2 7 0 2 2 1 2 11 0 2 11 1 2 11 6 2 7 0 2 7 5 31 7 0 2 11 235376.509777112165 22.0650061964988708
0 2 10 5 30 3 0 2 7 0 2 3 8 9 11 0 2 8 1 19 11 0 2 3 0 2 7 1 2 7 17 18 8 16 2 12 5 30 3 1 2 8 0 2 2 0 2 4 0 2 8 0 2 2 5 30 11 0 2 8 265818.91171957081 22.1429991722106934
16 18 8 16 6 2 0 2 3 1 2 3 0 2 3 0 2 11 1 2 7 0 2 3 0 2 11 9 2 7 1 2 3 0 2 11 5 30 3 0 2 7 0 2 7 5 30 3 0 2 3 0 2 3 5 30 3 0 2 11 0.000237733097296754131 21.9018350839614868
0 2 7 5 31 3 0 2 7 0 2 7 0 2 7 1 2 7 1 2 7 1 2 7 13 6 3 0 2 7 17 18 2 0 2 7 17 9 2 5 30 3 1 2 7 0 2 7 0 2 7 12 16 2 1 2 7 0 2 7 0 20.2646257877349854
5 30 3 0 2 8 0 2 12 8 18 2 12 16 2 0 2 11 0 2 11 16 19 11 0 2 3 0 2 8 0 2 8 12 16 2 16 19 11 0 2 8 0 2 8 0 2 3 0 2 3 5 30 3 5 30 3 1 2 8 0 23.0619580745697021
1 31 3 0 2 7 0 2 4 12 16 7 12 16 2 12 2 11 0 2 11 5 20 3 0 2 11 5 31 3 12 2 2 12 16 7 17 2 7 0 2 7 6 2 7 8 18 7 0 2 7 5 30 11 0 2 3 0 2 11 401153.730688340496 21.8665570616722107
1 2 8 12 16 11 1 2 3 8 2 3 12 16 2 1 2 3 16 2 7 0 30 3 0 2 12 0 9 7 16 2 4 1 2 3 8 9 3 17 18 2 0 16 2 0 2 2 0 2 12 12 16 12 1 9 2 16 9 3 724849.665619821986 21.2322381138801575
5 30 3 0 18 2 17 2 2 8 18 11 0 2 2 1 2 10 0 2 7 16 30 11 0 2 3 8 2 2 0 2 4 0 2 2 16 19 7 0 2 7 0 2 4 0 2 3 0 2 7 0 30 3 0 2 7 12 2 2 501329.330199718184 20.7128192186355591
0 30 3 1 31 8 12 16 2 0 2 3 12 2 2 9 2 7 1 2 7 5 30 3 1 2 8 0 2 7 17 18 8 9 2 7 17 2 7 0 30 3 9 2 7 1 2 7 0 2 7 12 16 8 0 2 8 16 9 7 852914.864896919462 20.9827077388763428
5 31 3 6 2 11 0 2 11 12 16 2 12 16 2 6 2 11 0 2 11 16 20 12 0 2 7 0 2 11 6 2 11 12 16 2 17 9 2 0 2 11 0 2 7 0 2 7 0 2 7 5 30 3 5 31 3 0 2 11 0 21.969353199005127
1 2 11 1 2 11 5 30 3 0 2 3 0 2 7 0 2 7 0 2 7 5 30 3 0 2 3 0 2 3 0 2 3 0 2 3 0 2 3 16 19 11 5 30 3 0 2 7 12 16 2 0 2 7 0 2 3 16 19 11 0 22.1521545648574829
5 30 3 17 18 2 17 9 2 0 2 11 0 2 11 1 2 10 1 2 7 5 30 3 1 2 7 8 9 2 1 2 4 0 2 7 0 2 7 0 2 7 0 2 4 1 2 11 0 2 7 0 2 3 0 2 7 12 16 2 0 20.9925909042358398
0 2 7 5 2 7 1 2 4 0 2 11 0 2 7 1 16 10 16 2 7 5 2 7 1 2 3 5 31 7 17 18 4 0 2 7 17 9 2 5 2 7 1 2 7 0 2 7 0 2 7 0 16 11 0 2 7 0 2 7 699780.202935784939 22.0582603216171265
5 30 3 13 6 3 17 9 2 0 2 7 0 2 7 1 2 7 0 2 7 5 31 3 0 2 7 17 9 2 1 2 7 1 2 7 0 2 7 0 2 7 1 2 7 1 2 7 0 2 7 0 2 7 0 2 7 12 16 2 0 20.2646257877349854
5 6 3 0 2 4 12 2 12 8 2 2 0 2 2 0 2 7 0 2 3 16 18 11 0 2 2 0 2 4 0 31 8 12 2 3 16 19 2 0 2 7 0 2 8 0 2 2 0 2 7 1 30 7 12 2 3 0 2 8 637331.194881457021 21.3457764387130737
5 31 3 6 2 11 0 2 11 12 16 2 12 16 2 6 2 11 0 2 11 16 20 12 0 2 7 0 2 11 6 2 11 12 16 2 17 9 2 0 2 11 0 2 7 0 2 7 0 2 7 5 30 3 5 31 3 0 2 11 0 21.969353199005127
0 2 3 0 2 7 0 2 3 12 16 2 12 16 2 0 2 8 0 2 3 16 18 8 0 2 12 0 2 3 1 2 7 5 31 3 1 2 3 0 2 3 16 18 8 1 2 11 0 2 7 5 30 3 1 2 3 0 2 3 0 22.2560188770294189
5 30 7 12 2 3 16 2 11 12 16 11 0 2 7 0 2 7 0 2 10 5 30 2 1 30 3 0 2 7 12 16 11 8 30 7 0 2 11 0 2 7 1 6 7 1 2 3 0 2 11 17 2 2 12 16 2 8 18 7 1190343.87979318388 20.7999307513237
5 30 3 12 2 4 16 2 1 12 2 11 12 2 7 1 2 7 0 2 7 16 6 3 5 31 3 16 19 11 0 16 2 0 9 2 0 2 11 0 2 7 0 2 7 0 2 8 0 2 11 0 2 2 0 16 2 0 2 7 218190.070038829785 21.7174283266067505
0 2 3 6 2 3 17 18 2 12 16 2 12 16 2 6 2 7 0 2 3 16 30 3 0 2 7 1 2 11 6 2 11 12 16 6 17 2 2 0 2 7 0 2 2 0 2 7 0 9 7 5 30 3 5 31 3 1 2 11 342301.787463313551 21.2693568468093872
1 2 7 8 9 2 1 2 4 17 18 2 12 16 2 0 2 7 0 2 7 5 30 3 5 30 3 0 2 4 0 2 10 1 2 7 1 2 11 0 2 11 0 2 7 0 2 7 0 2 7 17 9 2 1 2 11 0 2 3 0 20.9925907850265503
0 2 3 16 19 11 5 30 3 0 2 8 12 16 2 1 2 8 0 2 11 5 30 3 5 30 3 16 19 11 0 2 3 0 2 11 0 2 7 0 2 7 0 2 7 0 2 11 0 2 7 12 16 2 15 2 11 0 2 3 0 22.4587497711181641
5 2 7 12 16 3 0 2 11 12 16 11 0 2 7 1 2 7 0 2 7 5 30 3 1 30 3 16 19 11 0 2 11 5 30 7 0 2 11 0 2 7 0 6 2 1 2 3 0 2 11 17 18 2 5 31 11 8 18 3 476971.371951975161 21.7281450033187866
5 30 3 13 6 3 17 9 2 0 2 7 0 2 7 1 2 7 0 2 7 5 31 3 0 2 7 17 9 2 1 2 7 1 2 7 0 2 7 0 2 7 1 2 7 1 2 7 0 2 7 0 2 7 0 2 7 12 16 2 0 20.2646257877349854
1 2 10 16 6 2 0 2 4 12 16 2 1 2 7 0 2 7 6 2 7 0 2 7 0 2 7 1 2 7 0 2 4 0 2 7 0 2 7 0 2 7 12 16 2 5 31 3 0 2 7 17 18 2 5 31 3 1 2 7 0 20.6613958477973938
6 30 3 0 6 3 17 2 3 0 2 7 0 2 2 1 2 8 0 2 8 5 31 8 0 31 3 0 9 2 0 2 2 6 2 7 0 2 7 0 2 8 0 2 3 1 2 3 0 2 2 16 19 7 0 2 8 12 16 8 748162.331473395578 21.0032923817634583
0 2 7 16 2 2 17 9 2 1 2 3 0 16 11 0 2 3 0 2 7 5 2 7 0 9 7 0 2 4 0 2 7 0 2 11 0 2 11 0 30 3 1 2 3 1 2 3 5 30 3 16 19 7 5 2 7 5 30 3 1023038.35494770855 21.9045311808586121
0 2 7 0 2 7 0 2 7 1 2 4 5 30 3 5 30 3 1 2 11 0 2 3 17 18 2 12 16 2 0 2 7 0 2 3 1 2 7 16 31 2 0 2 10 1 2 7 0 2 3 0 2 4 0 2 7 1 2 7 0 20.8012487888336182
0 2 11 17 18 2 1 2 1 12 16 2 0 2 11 0 2 11 0 2 11 12 16 2 0 2 7 8 18 2 0 2 11 6 2 11 1 2 4 0 2 3 12 16 2 5 30 3 0 2 4 16 9 11 5 30 3 0 2 7 0 21.9128101468086243
0 2 3 16 6 2 17 16 7 0 16 2 12 16 2 1 2 7 0 2 8 0 2 7 0 2 3 5 9 3 1 2 8 6 2 7 0 2 4 0 2 3 0 2 3 5 2 3 0 19 11 0 19 7 13 30 3 0 2 7 706842.975857706275 21.6293261051177979
5 2 3 13 6 2 0 2 7 0 16 7 0 2 2 1 2 7 0 2 11 5 2 7 0 2 8 17 9 3 1 2 7 1 2 7 0 2 11 0 2 7 1 2 7 5 30 3 16 2 7 0 2 7 0 30 3 12 16 7 900767.093233759864 21.3177362680435181
0 2 3 0 2 3 1 2 7 1 2 3 0 2 11 0 2 3 0 2 3 5 30 3 0 2 7 12 16 2 0 2 3 16 19 11 0 2 11 0 2 7 0 2 7 0 2 3 5 30 3 16 19 11 0 2 7 5 30 3 0 22.152154803276062
5 30 3 17 18 3 5 9 3 12 2 2 6 2 7 0 2 7 0 2 7 1 31 3 0 2 7 16 9 2 1 2 7 1 2 7 0 2 7 0 2 11 1 2 11 1 2 7 5 30 3 0 2 7 0 2 7 12 2 2 239349.004194991576 21.0274437069892883
5 30 3 13 6 3 17 9 2 0 2 7 0 2 7 1 2 7 0 2 7 5 31 3 0 2 7 17 9 2 1 2 7 1 2 7 0 2 7 0 2 7 1 2 7 1 2 7 0 2 7 0 2 7 0 2 7 12 16 2 0 20.2646257877349854
5 30 3 12 16 2 8 9 2 0 2 11 0 2 8 16 6 2 0 2 3 5 30 3 0 2 11 0 2 11 5 30 3 0 2 11 0 2 7 12 16 2 0 2 8 0 2 3 0 2 7 0 2 11 0 2 11 16 19 11 0 22.3352601528167725
0 2 7 0 2 7 0 2 7 1 2 4 5 30 3 5 30 3 1 2 11 0 2 3 17 18 2 12 16 2 0 2 7 0 2 3 1 2 7 16 31 2 0 2 10 1 2 7 0 2 3 0 2 4 0 2 7 1 2 7 0 20.8012487888336182
6 30 3 0 6 3 17 2 3 0 2 7 0 2 2 1 2 8 0 2 8 5 31 8 0 31 3 0 9 2 0 2 2 6 2 7 0 2 7 0 2 8 0 2 3 1 2 3 0 2 2 16 19 7 0 2 8 12 16 8 748162.331473395578 21.0032923817634583
0 2 7 0 2 4 1 2 11 1 2 7 1 2 7 17 18 2 0 2 7 0 2 7 0 2 4 0 2 7 5 31 3 5 30 3 1 2 11 0 2 7 1 2 7 0 2 10 17 9 2 0 2 7 1 2 7 0 2 4 0 20.6016668081283569
5 30 3 1 2 7 16 6 2 0 2 7 0 2 7 16 19 11 0 2 8 0 2 7 0 2 7 0 2 7 0 2 3 0 2 3 1 2 7 5 31 3 0 2 11 5 30 3 0 2 3 12 16 2 0 2 7 0 2 3 0 21.6411838531494141
5 30 7 12 2 2 0 2 2 0 2 4 5 30 8 16 30 2 0 2 3 5 30 3 0 2 2 12 16 11 5 30 3 0 2 11 1 2 7 16 16 2 0 2 8 0 2 3 0 2 3 0 2 4 0 2 11 16 2 7 197576.460049934889 21.9832150936126709
1 2 3 5 31 3 0 2 7 1 2 7 0 2 7 16 18 2 1 2 4 5 16 3 0 2 11 0 2 3 1 30 3 0 2 7 0 2 11 5 30 7 1 2 3 0 2 7 0 2 2 0 2 7 0 2 7 12 16 11 283068.284330613969 21.5643870830535889
0 2 7 0 2 4 1 9 2 0 2 7 1 2 7 17 2 2 0 2 7 0 2 7 0 2 4 17 9 2 1 31 3 5 30 7 1 2 11 0 2 7 1 2 7 1 2 10 17 2 2 0 2 7 1 2 7 0 2 2 260551.900619775697 20.0103387832641602
0 2 3 0 16 7 8 9 7 1 2 11 0 2 3 5 6 3 1 2 11 0 2 3 17 18 11 0 2 2 0 2 7 0 2 3 0 2 7 12 31 2 0 2 10 1 2 7 0 2 7 0 2 11 0 2 7 1 19 11 312428.293285209627 21.1532939076423645
1 2 7 13 6 3 1 2 7 0 2 7 0 2 7 0 2 7 17 18 2 5 31 3 0 2 7 17 9 2 5 30 3 0 2 7 0 2 7 0 2 7 1 2 7 1 2 7 0 2 7 0 2 7 1 2 7 12 16 2 0 20.2646257877349854
5 30 3 12 16 2 0 2 8 0 2 7 0 2 11 12 16 2 0 2 11 5 30 3 0 2 8 16 19 11 5 30 3 0 2 11 0 2 7 16 6 2 0 2 11 8 18 2 0 2 3 0 2 11 0 2 11 0 2 3 0 22.3352601528167725
0 2 11 1 2 7 1 2 4 17 18 2 0 2 7 5 30 3 1 2 7 0 2 7 0 2 7 0 2 4 5 31 3 0 2 7 0 2 10 1 2 11 0 2 7 1 2 7 17 18 2 0 2 4 0 2 7 1 2 7 0 20.6016669273376465
1 2 7 0 2 3 0 2 7 17 9 2 0 2 7 0 2 7 17 18 2 0 2 7 15 2 11 5 30 3 5 30 3 1 2 10 0 2 7 0 2 7 1 2 7 0 2 3 0 2 1 1 2 4 0 2 7 1 2 4 0 20.8679848909378052
5 30 7 12 2 2 0 2 2 0 2 4 5 30 8 16 30 2 0 2 3 5 30 3 0 2 2 12 16 11 5 30 3 0 2 11 1 2 7 16 16 2 0 2 8 0 2 3 0 2 3 0 2 4 0 2 11 16 2 7 197576.460049934889 21.9832150936126709
5 30 3 0 2 3 1 2 7 0 2 3 1 2 7 16 31 2 0 2 7 5 30 3 1 2 7 0 2 3 0 2 3 0 2 3 0 2 3 12 16 2 0 2 3 1 2 7 1 2 7 0 2 3 0 2 7 16 6 2 0 20.9838578701019287
1 2 3 0 2 2 0 2 8 17 9 7 0 2 7 12 2 7 17 18 2 0 30 3 15 2 11 5 30 11 5 30 3 0 2 10 0 2 7 0 2 7 1 2 11 0 2 3 0 2 1 1 2 4 0 2 11 1 2 4 335058.076087026449 21.0424661636352539
5 30 3 0 2 8 0 2 7 0 2 3 0 2 8 12 16 2 16 19 11 0 2 7 0 2 3 8 9 2 5 30 3 0 2 8 0 2 7 1 2 1 1 2 7 17 18 2 0 2 11 1 2 3 0 2 7 1 2 7 0 21.8696020841598511
5 30 3 1 2 7 0 2 7 0 2 8 0 2 3 16 19 12 0 2 8 0 2 3 0 2 8 0 2 8 5 30 3 0 2 7 1 2 7 0 2 7 5 31 3 0 2 3 12 16 2 0 2 8 0 2 3 16 9 8 1.13292214600241665e-06 22.4976011514663696
0 2 3 12 16 2 1 2 2 0 2 3 5 2 3 16 2 2 0 2 11 5 30 3 0 2 7 0 2 7 0 2 3 0 2 3 0 2 3 8 18 2 1 2 3 0 2 7 17 2 7 0 2 3 0 2 7 16 6 7 572036.044626649586 21.917876124382019
1 2 7 13 6 3 1 2 7 0 2 7 0 2 7 0 2 7 17 18 2 5 31 3 0 2 7 17 9 2 5 30 3 0 2 7 0 2 7 0 2 7 1 2 7 1 2 7 0 2 7 0 2 7 1 2 7 12 16 2 0 20.2646257877349854
5 30 3 0 2 3 1 2 7 0 2 3 1 2 7 16 31 2 0 2 7 5 30 3 1 2 7 0 2 3 0 2 3 0 2 3 0 2 3 12 16 2 0 2 3 1 2 7 1 2 7 0 2 3 0 2 7 16 6 2 0 20.9838578701019287
16 19 11 5 30 3 8 18 2 0 2 8 12 16 2 0 2 7 0 2 11 16 19 11 0 2 8 12 16 2 5 30 3 0 2 11 0 2 8 5 30 3 12 16 2 0 2 11 0 2 11 0 2 11 0 2 11 0 2 11 0 22.9027081727981567
0 2 7 0 2 2 0 2 2 1 2 4 5 2 8 16 18 2 1 2 4 0 2 3 17 2 2 0 16 7 5 30 2 1 2 11 1 30 3 16 30 3 1 2 8 0 2 7 0 2 3 0 2 4 0 2 4 0 2 7 858937.495899056201 20.8817340135574341
0 2 7 0 2 3 0 2 7 1 2 11 1 2 7 8 18 2 1 2 4 0 2 7 17 9 2 0 2 7 17 9 2 1 2 11 5 30 3 5 30 3 1 2 11 0 2 7 0 2 7 1 2 11 0 2 4 0 2 7 0 20.819840669631958
1 2 7 16 31 2 1 2 7 1 2 7 5 30 3 0 2 7 0 2 7 0 2 7 1 2 3 0 2 7 5 30 3 0 2 7 1 2 11 17 9 2 0 2 3 1 2 7 0 2 7 0 2 3 0 2 3 0 2 7 0 20.6688988208770752
5 30 7 12 2 2 0 2 2 0 2 4 5 30 8 16 30 2 0 2 3 5 30 3 0 2 2 12 16 11 5 30 3 0 2 11 1 2 7 16 16 2 0 2 8 0 2 3 0 2 3 0 2 4 0 2 11 16 2 7 197576.460049934889 21.9832150936126709
0 2 7 5 30 3 5 30 3 0 2 7 12 16 2 0 2 7 0 2 11 16 19 11 0 2 10 17 9 2 5 30 3 0 2 7 0 2 7 1 2 11 15 2 11 0 2 11 0 2 11 0 2 7 0 2 11 1 2 7 0 21.7231408357620239
5 30 3 0 2 3 0 2 3 0 2 7 0 2 3 1 2 3 0 2 7 5 30 3 5 30 3 0 2 3 16 19 11 0 2 11 16 19 11 12 16 2 0 2 7 1 2 11 0 2 3 0 2 3 0 2 7 0 2 7 0 22.1521546840667725
1 2 7 0 2 7 1 2 7 1 2 7 0 2 10 5 31 3 0 2 7 0 2 7 17 9 2 12 16 2 5 30 3 0 2 7 0 2 4 17 18 2 0 2 7 0 2 10 1 2 10 1 2 10 0 2 4 0 2 7 0 20.8028168678283691
1 2 7 13 6 3 1 2 7 0 2 7 0 2 7 0 2 7 17 18 2 5 31 3 0 2 7 17 9 2 5 30 3 0 2 7 0 2 7 0 2 7 1 2 7 1 2 7 0 2 7 0 2 7 1 2 7 12 16 2 0 20.2646257877349854
17 18 2 1 2 11 16 6 2 0 2 7 0 2 7 12 16 2 13 6 3 1 2 7 8 9 2 0 2 7 12 16 2 12 16 2 0 2 7 0 2 4 0 2 3 0 2 7 1 2 7 5 30 3 5 30 3 0 2 7 0 20.6301085948944092
0 30 7 12 2 2 0 2 2 0 2 4 1 2 8 16 18 2 0 2 3 5 30 7 17 2 2 12 16 11 5 9 3 1 2 11 1 30 3 16 30 3 1 2 11 0 2 7 0 2 3 1 2 11 0 2 4 16 2 7 1007750.43141411536 20.6735716462135315
0 2 7 0 2 3 0 2 7 1 2 11 1 2 7 8 18 2 1 2 4 0 2 7 17 9 2 0 2 7 17 9 2 1 2 11 5 30 3 5 30 3 1 2 11 0 2 7 0 2 7 1 2 11 0 2 4 0 2 7 0 20.819840669631958
1 2 4 0 2 7 5 30 3 0 2 7 0 2 10 17 9 2 0 2 7 0 2 7 12 16 2 1 2 7 16 6 2 1 2 7 5 31 3 15 2 11 0 2 7 0 2 7 0 2 7 0 2 7 0 2 4 12 16 2 0 20.8061727285385132
0 2 4 6 2 7 12 16 2 0 2 7 17 18 2 12 16 2 1 2 7 5 31 3 5 30 3 0 2 7 0 2 7 12 16 2 0 2 7 16 32 2 8 18 2 0 2 7 1 2 7 0 2 7 1 2 7 0 2 7 0 20.85382479429245
5 31 3 0 2 7 12 16 2 0 2 8 8 9 2 5 30 3 0 2 8 16 19 12 0 2 8 0 2 8 0 2 8 12 16 2 0 2 8 16 6 2 5 31 3 0 2 8 0 2 8 0 2 8 0 2 8 0 2 8 1.52469310605348862e-06 23.1394186019897461
5 30 3 0 2 7 16 19 11 1 2 7 12 16 2 0 2 3 1 2 11 5 30 3 0 2 3 0 2 11 5 30 3 0 2 7 0 2 3 0 2 3 16 19 11 0 2 7 0 2 3 0 2 3 0 2 3 0 2 7 0 22.1521546840667725
0 2 7 16 6 2 12 16 2 12 16 2 0 2 7 0 2 7 0 2 7 1 2 3 5 30 3 1 2 7 5 31 3 0 2 7 0 2 3 16 31 2 0 2 7 0 2 7 0 2 7 1 2 7 1 2 7 0 2 7 0 20.7024867534637451
5 30 3 1 2 7 5 30 3 17 9 2 1 2 7 0 2 11 0 2 11 0 2 11 0 2 7 0 2 7 5 31 3 0 2 7 0 2 7 0 2 7 16 9 11 0 2 11 0 2 11 0 2 11 1 2 7 12 16 2 0 21.6235901713371277
1 2 7 1 2 7 0 2 7 0 2 7 12 16 2 1 2 7 17 9 2 5 31 3 17 9 2 0 2 7 0 2 7 1 2 7 0 2 7 0 2 7 0 2 7 1 2 7 0 2 7 0 2 7 13 6 3 5 30 3 0 20.2646257877349854
1 2 7 0 2 3 16 6 2 0 2 7 0 2 3 1 2 3 0 2 3 5 31 3 0 2 7 5 30 3 12 16 2 0 2 7 0 2 3 16 30 2 0 2 3 1 2 7 0 2 7 1 2 3 1 2 7 0 2 3 0 20.9838579893112183
0 2 7 17 9 2 12 16 2 1 2 7 1 2 11 0 2 7 0 2 7 5 30 3 0 2 7 12 16 2 12 16 2 0 2 7 0 2 3 16 30 2 13 6 3 5 31 3 6 2 7 1 2 4 0 2 7 0 2 7 0 20.5474987626075745
1 2 11 8 9 2 12 16 2 0 2 4 0 2 11 0 2 7 1 2 7 5 30 3 16 18 11 0 2 7 5 30 3 1 2 3 0 2 11 1 2 7 0 2 4 0 2 7 0 2 11 0 2 3 17 9 2 12 16 2 0 21.4239669442176819
5 30 3 0 2 7 16 6 2 0 2 7 0 2 7 0 2 7 5 31 3 17 18 2 12 16 2 0 2 7 0 2 7 12 16 2 0 2 10 8 18 2 1 2 7 1 2 7 1 2 7 0 2 7 0 2 4 1 2 7 0 20.7286287546157837
1 2 4 1 2 7 12 16 2 0 2 7 0 2 7 17 9 2 0 2 4 16 9 11 1 2 7 0 2 7 0 2 3 1 2 7 5 30 3 1 2 3 5 31 3 0 2 7 0 2 7 0 2 3 0 2 7 0 2 7 0 20.9542428851127625
5 31 3 0 2 7 12 16 2 0 2 8 8 9 2 5 30 3 0 2 8 16 19 12 0 2 8 0 2 8 0 2 8 12 16 2 0 2 8 16 6 2 5 31 3 0 2 8 0 2 8 0 2 8 0 2 8 0 2 8 1.52469310605348862e-06 23.1394186019897461
0 16 7 0 2 11 1 2 7 12 2 2 16 6 2 0 2 7 17 18 2 5 31 3 16 2 4 0 18 2 1 2 7 0 2 7 1 2 8 0 2 8 0 19 11 12 16 2 0 2 11 0 2 8 1 2 7 5 30 3 386390.742464607116 21.2685830593109131
0 2 3 1 2 8 16 6 2 0 2 7 0 2 3 0 2 3 0 2 7 5 30 3 16 19 11 5 31 3 5 30 3 0 2 3 0 2 3 0 2 8 0 2 7 1 2 12 6 2 7 0 2 3 0 2 3 12 16 2 0 22.0145248770713806
1 2 3 0 19 11 12 16 2 0 2 7 8 9 2 5 9 3 0 2 7 0 16 7 0 2 7 5 6 3 5 30 3 0 2 2 1 2 7 0 2 7 12 2 7 0 2 4 1 2 11 17 2 2 12 2 2 8 16 7 505579.68050394539 22.1122568845748901
1 2 7 1 2 7 0 2 7 0 2 7 12 16 2 1 2 7 17 9 2 5 31 3 17 9 2 0 2 7 0 2 7 1 2 7 0 2 7 0 2 7 0 2 7 1 2 7 0 2 7 0 2 7 13 6 3 5 30 3 0 20.2646257877349854
12 16 2 0 2 3 12 16 2 0 2 11 0 2 11 0 2 8 8 9 2 16 19 11 0 2 11 0 2 11 5 30 3 16 19 11 0 2 11 12 16 2 5 30 3 0 2 8 0 2 8 6 2 11 0 2 11 5 30 3 0 22.9084491729736328
1 2 7 5 30 3 0 2 4 1 2 7 0 2 7 1 2 7 0 2 7 0 2 7 17 18 2 1 2 7 0 2 7 0 2 7 12 16 2 0 2 4 0 2 3 1 2 3 0 2 3 0 2 7 5 31 3 16 9 11 0 20.9542428851127625
0 2 7 17 9 2 12 16 2 1 2 7 1 2 7 0 2 7 0 2 7 5 30 3 0 2 7 12 16 2 12 16 2 0 2 7 0 2 7 16 30 2 13 6 3 5 31 3 0 2 7 1 2 4 0 2 4 1 2 3 0 20.4516057968139648
0 2 3 12 16 2 0 2 7 0 2 7 0 2 3 1 2 3 16 9 11 5 30 3 1 2 4 1 2 3 0 2 3 1 2 3 0 2 3 0 2 3 1 2 3 5 30 3 0 2 3 0 2 7 0 2 3 12 16 2 0 21.9243149161338806
1 2 8 5 31 3 0 2 8 1 2 8 0 2 1 0 2 13 0 2 8 12 16 2 17 9 2 0 2 8 0 2 8 0 2 8 0 2 8 0 2 8 8 18 2 5 30 3 0 2 8 5 30 3 0 2 8 16 18 8 1.79335222356367032e-07 23.2085953950881958
0 16 2 1 2 7 12 2 7 0 2 11 0 2 7 0 2 8 1 2 7 16 9 2 17 18 11 0 2 11 0 30 7 1 19 7 12 16 11 0 2 2 6 30 3 0 2 7 0 2 7 1 2 7 5 2 11 5 30 3 1109253.31694049621 20.8330540657043457
1 2 7 16 19 7 0 2 7 0 2 11 0 2 7 0 2 13 0 9 7 0 31 3 17 6 2 0 2 7 0 2 3 1 2 8 0 2 7 0 2 7 0 2 7 5 2 7 0 2 7 0 2 7 5 6 3 5 30 3 476367.415079713974 21.0822100043296814
8 18 7 17 2 7 17 18 2 0 2 7 0 2 7 0 2 7 1 2 7 5 2 7 0 2 7 12 16 2 0 16 7 0 2 7 0 2 7 1 30 2 13 31 3 5 6 3 0 2 7 1 2 4 0 16 4 1 2 3 493736.110508369224 20.4999978542327881
0 2 4 1 2 7 1 2 7 0 2 7 0 2 7 0 2 4 1 2 7 17 9 2 17 18 2 0 2 7 0 2 7 1 2 7 12 16 2 0 2 7 6 2 7 0 2 7 0 2 7 1 2 7 5 31 3 5 31 3 0 20.5928369164466858
1 2 7 1 2 7 0 2 7 0 2 7 12 16 2 1 2 7 17 9 2 5 31 3 17 9 2 0 2 7 0 2 7 1 2 7 0 2 7 0 2 7 0 2 7 1 2 7 0 2 7 0 2 7 13 6 3 5 30 3 0 20.2646257877349854
12 16 2 0 2 3 12 16 2 0 2 11 0 2 11 0 2 8 8 9 2 16 19 11 0 2 11 0 2 11 5 30 3 16 19 11 0 2 11 12 16 2 5 30 3 0 2 8 0 2 8 6 2 11 0 2 11 5 30 3 0 22.9084491729736328
0 2 11 6 2 3 1 2 3 0 2 11 0 2 8 0 2 7 0 2 7 5 30 3 0 2 3 0 2 3 5 30 3 16 6 2 0 2 3 0 2 3 12 16 2 6 2 11 0 2 7 0 2 3 16 6 2 5 31 3 0 21.6565680503845215
1 2 7 0 2 7 12 16 2 6 2 4 1 2 7 0 2 7 17 18 2 13 6 3 0 2 7 0 2 7 5 31 3 0 2 7 0 2 7 1 2 7 17 9 2 12 16 2 0 2 4 0 2 7 1 2 7 5 30 3 0 20.3487167954444885
16 9 11 0 2 4 5 30 3 1 2 7 1 2 7 1 2 3 0 2 11 17 9 2 0 2 11 0 2 7 0 2 11 1 2 7 12 16 2 8 9 2 0 2 11 12 16 2 0 2 3 0 2 4 0 2 7 5 30 3 0 21.4239670634269714
0 2 7 0 2 11 0 2 10 1 2 7 17 9 2 1 2 7 0 2 7 5 31 3 0 2 7 0 2 7 0 2 4 0 2 4 1 2 7 1 2 4 0 2 7 0 2 7 1 2 7 1 2 11 17 18 2 5 30 3 0 20.6016669273376465
5 30 3 1 2 4 0 2 4 12 16 2 12 16 2 0 2 3 16 19 11 8 18 2 1 2 3 0 2 7 0 2 3 17 9 2 0 2 7 0 2 7 0 2 7 0 2 7 5 30 3 0 2 7 1 2 11 1 2 11 0 21.419399619102478
1 2 8 5 31 3 0 2 8 1 2 8 0 2 1 0 2 13 0 2 8 12 16 2 17 9 2 0 2 8 0 2 8 0 2 8 0 2 8 0 2 8 8 18 2 5 30 3 0 2 8 5 30 3 0 2 8 16 18 8 1.79335222356367032e-07 23.2085953950881958
1 2 7 0 2 7 0 2 3 1 2 7 0 2 7 1 2 3 17 9 2 5 30 3 0 2 7 0 2 7 1 2 7 1 2 11 1 2 7 16 31 2 0 2 3 0 2 7 0 2 3 0 2 7 5 30 3 0 2 7 0 20.6688988208770752
0 16 2 0 2 3 12 2 2 1 2 11 0 9 2 1 2 8 8 9 2 16 31 11 0 2 7 0 2 7 5 30 3 16 19 4 1 2 7 12 2 2 5 30 3 0 2 8 0 2 7 6 2 11 17 18 2 5 30 3 134461.082043367758 21.3604608774185181
1 2 7 0 2 7 0 2 7 0 2 7 12 16 2 1 2 7 0 2 7 5 31 3 17 9 2 0 2 7 0 2 7 1 2 7 13 6 3 0 2 7 1 2 7 17 18 2 0 2 7 0 2 7 5 30 3 1 2 7 0 20.2646257877349854
1 2 7 1 2 7 0 2 4 0 2 7 17 18 2 1 2 7 0 2 10 5 31 3 17 9 2 0 2 4 0 2 7 1 2 10 0 2 3 0 2 7 1 2 7 0 2 7 0 2 7 0 2 7 5 30 3 1 2 7 0 20.5764669179916382
0 2 7 0 2 7 8 1 2 1 2 7 0 2 7 1 2 7 12 16 2 5 30 3 17 18 2 1 2 7 0 2 7 0 2 7 0 2 7 5 30 3 0 2 7 1 2 4 0 2 7 0 2 3 12 16 2 17 18 2 0 20.735844612121582
1 2 7 1 2 7 0 2 7 0 2 7 17 18 2 1 2 4 0 2 7 5 31 3 17 9 2 0 2 7 1 2 7 1 2 4 0 2 3 0 2 7 0 2 7 0 2 7 0 2 3 0 2 7 5 30 3 1 2 7 0 20.5684669017791748
0 2 3 0 2 3 1 2 3 0 2 7 0 2 7 0 2 7 0 2 12 5 30 3 0 2 8 9 2 7 1 2 3 16 19 11 1 2 7 0 2 3 0 2 7 0 2 3 0 2 3 5 30 3 16 19 11 5 30 3 0.00021846958558839605 22.1765178442001343
0 2 11 5 31 3 16 20 12 0 2 7 0 2 7 0 2 3 0 2 11 5 30 3 0 2 11 0 2 3 0 2 11 17 9 2 1 2 7 1 2 7 0 2 11 0 2 7 0 2 11 1 2 7 12 16 2 5 30 3 0 21.6453992128372192
1 2 4 6 2 7 0 16 4 1 2 7 17 2 2 1 2 7 17 2 10 1 31 7 5 9 2 0 2 4 0 2 7 1 2 7 1 2 7 0 2 2 1 2 7 0 2 7 0 2 7 0 2 7 5 2 7 5 2 7 1192683.87072564429 21.1574021577835083
0 2 11 0 2 4 0 2 7 0 2 7 17 18 2 0 2 7 1 2 7 5 30 3 8 9 2 1 2 11 0 2 7 17 9 2 1 2 3 0 2 4 0 2 11 1 2 7 1 2 7 0 2 11 1 2 7 5 30 3 0 20.8198410272598267
0 2 7 0 2 7 1 2 7 0 2 10 0 2 7 6 2 7 0 2 7 16 19 11 17 18 2 5 30 3 1 2 11 0 2 7 0 2 7 0 2 11 0 2 11 5 30 3 0 2 7 0 2 7 5 31 3 12 16 2 0 21.449715793132782
0 2 7 0 2 7 0 2 7 0 2 7 17 18 2 0 2 7 0 2 7 5 30 3 8 2 2 1 2 7 0 2 7 0 2 7 1 2 7 5 30 3 0 2 11 1 2 7 1 2 7 0 2 11 1 18 2 17 18 3 112616.216651259514 20.731192946434021
1 2 7 0 2 7 12 16 2 0 2 7 17 9 2 0 2 7 5 31 3 1 2 7 17 9 2 1 2 7 0 2 7 0 2 7 13 6 3 0 2 7 0 2 7 1 2 7 5 30 3 0 2 7 0 2 7 1 2 7 0 20.2646257877349854
0 2 3 0 2 8 1 2 8 5 30 3 12 16 2 0 2 8 0 2 3 5 31 3 16 19 12 0 2 3 0 2 3 0 2 7 0 2 3 0 2 3 1 2 7 0 2 8 0 2 7 16 19 12 0 2 3 5 30 3 0 22.6968340873718262
1 2 7 17 18 2 1 2 7 0 2 7 1 2 4 1 2 11 6 2 11 5 30 3 0 2 3 0 2 4 0 2 7 0 2 11 0 2 7 0 2 7 1 2 7 5 31 3 17 18 2 0 2 7 0 2 11 0 2 4 0 20.8231600522994995
16 6 2 1 2 10 17 18 2 5 30 3 12 16 2 12 16 2 0 2 7 1 2 7 8 9 2 0 2 7 0 2 7 0 2 7 0 2 7 1 2 7 0 2 7 1 2 4 0 2 7 0 2 7 5 31 3 0 2 7 0 20.7286287546157837
1 2 3 5 31 7 0 30 3 0 2 7 1 2 2 17 18 7 1 2 7 12 31 3 17 9 2 0 2 7 0 2 7 1 2 7 1 2 3 0 16 2 1 2 4 0 18 2 0 2 7 0 2 7 17 18 3 1 2 4 456550.212431760796 19.7214410305023193
1 2 7 1 2 7 0 2 3 1 2 3 1 2 7 5 30 3 0 2 7 0 2 7 0 2 7 0 2 7 0 2 3 0 2 3 1 2 8 0 2 7 0 2 7 5 31 3 17 18 2 0 2 3 16 18 8 1 2 7 0 21.1846928596496582
0 2 7 1 2 7 6 2 7 0 2 10 0 2 11 0 2 11 6 2 3 5 30 3 17 9 2 0 2 11 0 2 7 12 16 2 12 16 2 5 30 3 16 19 11 5 31 3 0 2 7 0 2 7 0 2 11 0 2 11 0 21.8730069994926453
0 2 7 1 2 10 0 2 10 0 2 4 1 2 7 0 2 7 1 2 7 5 31 3 0 2 7 0 2 7 0 2 10 12 16 2 0 2 7 5 30 3 17 18 2 17 9 2 0 2 10 1 2 7 0 2 4 1 2 7 0 20.8028168678283691
13 6 3 5 31 3 5 30 3 0 2 7 1 2 7 17 18 2 1 2 7 12 16 2 1 2 7 0 2 7 0 2 7 0 2 7 1 2 7 12 16 2 0 2 4 0 2 7 0 2 7 0 2 7 17 18 2 6 2 4 0 20.3487167954444885
13 2 3 5 2 3 0 30 7 0 2 7 17 2 7 0 18 7 1 2 7 12 30 2 8 2 7 1 2 7 0 2 7 17 9 7 1 2 7 0 16 4 0 2 4 0 2 7 1 2 7 0 2 11 1 2 7 5 2 3 1667644.274086955 20.5970155000686646
1 2 7 0 2 7 12 16 2 0 2 7 17 9 2 0 2 7 5 31 3 1 2 7 17 9 2 1 2 7 0 2 7 0 2 7 13 6 3 0 2 7 0 2 7 1 2 7 5 30 3 0 2 7 0 2 7 1 2 7 0 20.2646257877349854
0 2 4 1 2 7 0 2 7 1 2 7 1 2 7 0 2 7 12 16 2 17 1 2 8 18 2 5 30 3 0 2 7 0 2 7 5 30 3 0 2 7 17 18 2 0 2 7 1 2 3 0 2 7 0 2 7 12 16 2 0 20.7358447313308716
0 2 7 1 2 3 0 2 3 5 31 3 0 2 7 16 6 2 0 2 3 0 2 7 0 2 7 12 16 2 0 2 11 0 2 3 1 2 3 0 2 7 1 2 3 16 18 11 5 30 3 1 2 4 0 2 7 12 16 2 0 21.3884019255638123
16 19 11 0 2 11 0 2 7 5 30 3 1 2 11 5 30 3 1 2 11 17 9 2 0 2 7 5 30 3 0 2 11 0 2 7 0 2 11 0 2 7 12 16 2 8 18 2 0 2 8 0 2 7 0 2 11 0 2 11 0 21.9955489635467529
1 2 7 0 2 3 1 2 7 0 2 7 0 2 2 16 2 7 1 18 2 1 2 7 8 9 3 9 2 11 0 2 3 0 2 6 0 2 7 17 30 3 0 2 11 0 30 3 1 30 3 0 2 4 0 2 7 1 2 7 754571.212701732991 19.957643985748291
0 2 7 0 2 8 1 2 11 5 30 3 0 2 8 16 31 2 0 2 3 0 2 8 0 2 7 5 30 3 0 2 3 1 2 7 0 2 7 0 2 8 0 2 3 16 19 11 5 30 3 0 2 3 0 2 3 12 16 2 0 22.1684069633483887
16 6 2 0 2 7 6 2 7 17 18 2 1 2 7 0 2 7 0 2 7 1 2 7 0 2 7 5 31 3 0 2 7 0 2 7 0 2 7 0 2 7 12 16 2 5 31 3 1 2 7 0 2 7 0 2 4 1 2 4 0 20.4595978856086731
16 2 2 0 2 11 17 2 7 5 31 3 1 2 7 5 31 7 0 2 3 0 2 3 1 2 10 0 2 1 0 2 3 0 2 4 1 2 7 12 2 3 0 2 7 5 30 3 17 2 10 0 2 4 0 2 7 12 2 2 367107.999311705353 21.9383572340011597
0 6 2 1 2 3 6 2 3 5 18 3 0 2 7 16 6 7 0 2 7 0 2 7 0 2 7 5 31 3 0 2 7 0 2 7 0 2 7 0 2 7 1 2 2 5 31 3 5 30 3 0 2 4 0 2 4 12 2 2 258008.914609448664 21.2070848941802979
1 2 4 0 2 11 1 2 7 0 2 7 17 9 2 0 2 7 1 2 7 1 2 7 8 9 2 0 2 11 1 2 11 0 2 3 0 2 7 17 18 2 0 2 11 5 30 3 5 30 3 1 2 4 0 2 7 0 2 7 0 20.8198410272598267
1 2 7 0 2 7 12 16 2 0 2 7 17 9 2 0 2 7 5 31 3 1 2 7 17 9 2 1 2 7 0 2 7 0 2 7 13 6 3 0 2 7 0 2 7 1 2 7 5 30 3 0 2 7 0 2 7 1 2 7 0 20.2646257877349854
16 19 11 1 2 8 0 2 3 5 30 3 1 2 11 5 30 3 1 2 3 17 9 2 0 2 7 0 2 7 0 2 1 0 2 3 0 2 7 0 2 3 12 16 2 8 18 2 0 2 7 0 2 7 0 2 12 1 2 3 0 21.874201774597168
1 2 11 0 2 4 1 2 10 17 9 2 1 2 7 5 30 3 0 2 7 0 2 7 8 9 2 12 16 2 1 2 7 0 2 7 0 2 11 0 2 10 0 2 10 1 2 11 5 30 3 0 2 7 0 2 4 17 18 2 0 21.0005908012390137
16 19 11 1 2 11 0 2 8 5 31 3 0 2 7 5 31 3 0 2 11 17 9 2 0 2 7 0 2 7 0 2 7 6 2 7 0 2 8 0 2 7 12 16 2 5 30 3 0 2 12 0 2 7 6 2 7 6 2 7 0 21.6998290419578552
5 30 3 0 2 7 16 9 11 0 2 7 12 16 2 0 2 7 1 2 4 1 2 3 0 2 3 16 6 2 0 2 7 0 2 7 1 2 7 1 2 11 12 16 2 0 2 3 0 2 3 0 2 3 0 2 3 5 31 3 0 21.3884018063545227
0 2 8 0 2 8 0 2 8 8 9 2 16 19 12 5 30 3 0 2 8 0 2 8 0 2 3 5 30 3 0 2 8 0 2 3 0 2 3 0 2 3 12 16 2 16 19 12 5 30 3 0 2 8 1 2 3 0 2 8 1.06285905638954129e-05 23.1371604204177856
13 6 8 0 2 7 0 16 2 8 9 4 0 19 7 5 30 3 5 31 3 0 2 4 0 2 3 5 2 3 0 2 7 0 2 7 12 2 2 0 2 7 12 9 2 17 9 2 5 2 7 0 2 8 1 2 7 0 2 7 622930.035711264703 21.9880390763282776
0 2 3 1 2 8 0 2 3 0 2 7 16 19 12 5 31 3 0 2 3 1 2 3 5 30 3 0 2 3 0 2 3 0 2 7 5 30 3 0 2 3 12 16 2 16 19 12 0 2 7 0 2 8 0 2 8 0 2 8 0 22.6968340873718262
0 2 7 12 16 2 0 2 7 1 2 7 17 9 2 1 2 7 12 16 2 0 2 7 0 2 7 0 2 4 1 2 7 13 6 3 17 18 2 0 2 4 5 30 3 0 2 7 5 31 3 1 2 7 0 2 7 6 2 7 0 20.3487167954444885
13 6 3 1 2 7 12 9 2 6 2 4 0 2 2 5 30 7 5 31 4 0 2 3 0 2 3 16 2 2 0 2 7 0 2 7 1 2 7 1 2 11 17 9 2 17 2 2 0 2 7 1 2 3 1 2 7 0 31 7 754667.78595078201 20.1088050007820129
5 30 3 0 2 7 5 31 3 17 9 2 0 2 7 0 2 7 0 2 7 0 2 7 1 2 7 12 16 2 0 2 7 1 2 7 0 2 7 1 2 7 1 2 7 0 2 7 13 6 3 1 2 7 0 2 7 17 9 2 0 20.2646257877349854
0 2 3 1 2 3 0 2 3 16 31 2 1 2 3 16 6 2 5 30 3 12 16 2 0 2 7 0 2 7 0 2 7 1 2 7 1 2 7 0 2 3 5 30 3 0 2 3 0 2 7 0 2 3 0 2 7 1 2 3 0 20.9838578701019287
5 30 3 0 2 7 5 31 3 17 9 2 0 2 7 0 2 7 0 2 7 1 2 7 1 2 4 12 16 2 0 2 7 1 2 4 0 2 7 1 2 7 12 16 2 0 2 7 13 6 3 6 2 7 0 2 7 17 9 2 0 20.3487167954444885
1 2 7 0 2 7 0 2 1 0 2 3 8 9 2 17 18 2 5 30 3 17 9 2 0 2 7 0 2 11 1 2 11 6 2 7 0 2 4 1 2 11 12 16 2 0 2 7 5 30 3 0 2 4 0 2 7 1 2 11 0 21.209483802318573
5 30 7 1 2 7 6 2 7 0 2 7 1 2 11 0 2 3 12 16 2 17 2 7 0 2 10 17 2 2 0 2 7 0 2 4 0 2 11 5 2 3 0 2 2 5 31 3 0 2 10 1 2 7 0 2 7 1 2 3 288014.961846835271 21.8463001847267151
5 2 7 0 2 7 12 16 2 16 6 7 15 2 3 1 2 11 5 30 7 1 2 7 12 18 2 1 2 7 0 2 7 0 31 3 0 2 7 0 2 3 12 16 2 0 2 11 12 16 2 1 2 7 0 2 7 0 2 7 413084.58728830656 21.0885088443756104
0 2 7 0 2 7 16 31 2 1 2 7 1 2 3 1 2 11 5 30 3 0 2 7 17 18 2 1 2 7 0 2 7 0 2 3 1 2 7 0 2 3 0 2 7 0 2 3 5 30 3 0 2 7 0 2 7 1 2 7 0 20.6688988208770752
0 2 7 0 2 7 0 2 11 0 2 3 1 2 7 5 30 3 12 16 2 17 18 2 0 2 7 0 2 10 1 2 7 1 2 4 0 2 7 0 2 4 16 6 2 5 31 3 0 2 10 0 2 3 0 2 7 1 2 3 0 20.9611779451370239
1 19 7 0 2 7 0 16 8 5 31 3 17 9 7 5 31 7 0 2 11 1 2 2 0 9 7 1 2 7 0 2 7 6 2 7 13 6 8 0 2 7 12 16 7 5 30 7 5 2 12 0 2 7 6 2 7 6 2 7 788922.483183606993 21.0353190898895264
5 30 3 1 2 7 6 2 7 0 2 7 1 2 11 0 2 11 1 2 11 0 2 7 0 2 10 17 18 2 0 2 7 0 2 7 0 2 11 5 30 3 0 2 7 5 31 3 0 2 7 1 2 7 0 2 7 17 9 2 0 21.0983548760414124
5 30 3 0 2 7 5 31 3 17 9 2 0 2 7 0 2 7 0 2 7 1 2 7 0 2 7 12 16 2 0 2 7 1 2 7 0 2 7 1 2 7 1 2 7 0 2 7 13 6 3 1 2 7 0 2 7 17 9 2 0 20.2646257877349854
0 2 7 1 2 7 1 2 7 0 2 7 1 2 7 17 9 2 0 2 10 17 9 2 0 2 3 5 30 3 0 2 4 0 2 10 0 2 7 1 2 7 1 2 7 1 2 7 5 31 3 0 2 4 0 2 7 0 2 7 0 20.5764669179916382
1 2 4 5 30 3 16 18 1 12 16 2 0 2 3 0 2 3 16 9 11 5 30 3 0 2 3 12 16 2 0 2 3 0 2 11 0 2 3 12 16 2 1 2 3 0 2 11 0 2 3 0 2 11 0 2 4 1 2 3 0 22.2522899508476257
1 2 7 5 30 3 0 2 3 0 2 8 0 2 11 5 30 3 17 18 2 8 9 2 0 2 7 0 2 11 0 2 11 0 2 11 6 2 7 16 19 11 12 16 2 5 30 3 1 2 13 0 2 11 0 2 7 0 2 8 0 22.0692902207374573
5 30 3 0 2 7 16 15 2 8 9 2 0 2 7 6 2 3 12 16 2 0 2 11 12 16 2 0 2 3 0 2 7 0 2 7 0 2 7 8 9 2 5 30 3 0 2 7 16 6 2 12 16 2 1 2 7 0 2 3 0 21.2513467073440552
1 19 7 0 2 7 0 16 8 5 31 3 17 9 7 5 31 7 0 2 11 1 2 2 0 9 7 1 2 7 0 2 7 6 2 7 13 6 8 0 2 7 12 16 7 5 30 7 5 2 12 0 2 7 6 2 7 6 2 7 788922.483183606993 21.0353190898895264
1 2 7 5 31 3 5 30 3 0 2 3 0 2 3 1 2 7 17 18 2 0 2 7 1 2 11 16 30 2 0 2 7 0 2 7 1 2 7 0 2 7 0 2 7 0 2 3 1 2 3 0 2 7 1 2 7 0 2 7 0 20.6688989400863647
12 16 2 5 30 3 0 2 7 0 2 7 0 2 7 8 18 2 0 2 7 0 2 4 1 2 7 12 16 2 5 31 3 0 2 7 1 2 7 0 2 7 17 9 2 16 32 2 6 2 7 0 2 7 12 16 2 1 2 7 0 20.85382479429245
0 2 7 1 2 7 0 2 4 0 2 7 17 9 2 0 2 7 5 31 3 1 2 7 1 2 7 6 2 7 0 2 7 0 2 7 0 2 7 0 2 4 16 6 2 1 2 7 5 31 3 12 16 2 0 2 7 0 2 7 0 20.4595978856086731
0 2 8 0 2 7 16 19 11 12 16 2 5 30 3 12 16 2 0 2 7 13 6 3 0 2 8 0 2 8 0 2 8 0 2 7 5 31 3 12 16 2 0 2 8 12 16 2 16 19 11 0 2 8 0 2 12 5 30 3 0 22.6137409210205078
5 30 3 0 2 7 5 31 3 17 9 2 0 2 7 0 2 7 0 2 7 1 2 7 0 2 7 12 16 2 0 2 7 1 2 7 0 2 7 1 2 7 1 2 7 0 2 7 13 6 3 1 2 7 0 2 7 17 9 2 0 20.2646257877349854
5 2 3 15 30 3 0 2 11 0 2 3 1 2 3 12 16 7 16 19 11 0 2 4 0 2 7 1 2 3 0 2 7 0 2 3 5 2 3 0 2 2 0 2 3 0 2 3 5 6 3 1 2 3 0 2 3 5 30 2 970924.581154176267 22.66729736328125
0 2 7 1 2 7 0 2 4 0 2 7 17 9 2 0 2 7 5 31 3 1 2 7 1 2 7 6 2 7 0 2 7 0 2 7 0 2 7 0 2 4 16 6 2 1 2 7 5 31 3 12 16 2 0 2 7 0 2 7 0 20.4595978856086731
5 31 3 0 2 3 0 2 7 1 2 7 1 2 7 12 16 2 16 18 11 0 2 7 0 2 7 0 2 3 0 2 7 1 2 3 0 2 7 1 2 7 0 2 4 1 2 7 17 18 2 0 2 7 5 30 3 0 2 4 0 20.9542428851127625
0 2 7 0 2 7 1 2 7 12 16 2 0 2 7 0 2 7 0 2 3 0 2 7 1 2 7 0 2 7 13 6 3 12 16 2 0 2 7 17 9 2 5 31 3 6 2 7 16 24 2 1 2 7 5 30 3 12 16 2 0 20.5451107621192932
0 2 7 0 2 7 1 2 11 12 16 2 0 2 7 1 2 7 1 2 3 0 2 7 0 2 7 0 2 7 16 18 11 0 2 7 0 2 4 16 31 2 5 30 3 1 2 7 12 16 2 0 2 7 5 31 3 12 16 2 0 21.1011016964912415
0 2 7 1 2 7 1 2 4 0 2 2 17 2 7 0 2 7 5 2 3 1 2 7 1 2 7 6 2 7 0 6 3 12 2 7 0 2 7 17 2 4 16 6 3 1 2 7 5 24 2 1 16 7 0 30 3 0 2 7 1155479.65825657127 20.077049195766449
5 30 3 0 2 11 0 2 7 0 2 3 5 31 3 0 2 7 0 2 11 16 19 11 12 16 2 0 2 7 0 2 7 0 2 7 0 2 7 0 2 11 1 2 7 12 16 2 5 30 3 16 19 11 0 2 7 0 2 7 0 21.9703837633132935
0 2 11 5 30 3 0 2 11 0 2 3 1 2 7 12 16 2 16 19 11 16 19 11 0 2 7 0 2 3 0 2 7 0 2 3 0 2 3 0 2 7 0 2 3 0 2 3 5 30 3 1 2 3 0 2 7 5 30 3 0 22.152154803276062
0 2 11 0 30 7 1 2 7 0 16 2 0 2 7 12 2 7 0 2 3 0 2 11 1 2 7 0 2 3 13 6 3 0 2 3 0 2 7 0 9 7 5 2 3 6 2 7 16 30 3 1 2 3 0 30 7 12 16 3 1358745.17487883475 20.1806703805923462
0 2 7 17 18 2 5 31 3 1 2 7 0 2 7 0 2 7 0 2 7 13 6 3 0 2 7 0 2 7 1 2 7 0 2 7 5 30 3 1 2 7 0 2 7 1 2 7 0 2 7 1 2 7 12 16 2 17 9 2 0 20.2646257877349854
0 2 8 0 2 11 16 19 11 0 2 3 5 30 3 0 2 3 6 2 8 0 2 3 0 2 3 0 2 8 0 2 8 0 2 8 1 2 8 16 6 2 12 16 2 0 2 8 5 30 3 0 2 3 5 30 3 8 9 2 1.2418897484839056e-05 22.5956511497497559
5 30 3 13 6 3 0 2 7 12 16 2 0 2 7 5 31 3 0 2 7 0 2 7 1 2 7 0 2 7 1 2 4 12 16 2 17 9 2 0 2 3 1 2 7 0 2 4 16 30 2 1 2 7 0 2 7 12 16 2 0 20.4516057968139648
0 2 4 1 2 4 17 18 2 0 2 7 5 30 3 0 2 7 0 2 7 0 2 7 0 2 7 0 2 10 1 2 7 0 2 7 1 2 3 1 2 7 5 31 3 0 2 7 1 2 7 1 2 10 0 2 7 17 18 2 0 20.5764669179916382
0 2 7 1 2 7 12 16 2 0 2 7 5 30 3 0 2 7 0 2 1 0 2 7 0 2 7 0 2 7 1 2 7 1 2 7 5 30 3 16 31 2 12 16 2 1 2 7 0 2 7 0 2 4 8 18 2 17 18 2 0 20.8342517614364624
1 2 11 1 2 7 5 31 3 0 2 7 16 9 11 0 2 11 12 16 2 1 2 7 12 16 2 1 2 7 0 2 11 0 2 7 5 30 3 0 2 7 8 9 2 0 2 7 0 2 11 0 2 7 0 2 7 17 18 2 0 21.3642459511756897
0 2 7 1 2 7 12 16 2 0 2 4 5 31 3 0 2 4 5 31 3 1 2 7 16 6 2 0 2 7 1 2 7 6 2 7 0 2 7 0 2 7 0 2 7 0 2 7 0 2 7 1 2 7 0 2 7 17 18 2 0 20.4595978856086731
1 2 7 1 2 7 12 16 3 0 2 7 5 9 11 0 2 4 12 31 3 1 2 7 16 16 2 1 2 7 1 2 11 6 2 7 5 30 7 0 2 7 0 2 7 0 2 7 0 2 11 1 2 7 0 2 7 17 18 2 251988.048367058946 20.7974156737327576
0 2 7 1 2 7 17 18 2 0 2 7 5 31 3 1 2 4 12 16 2 0 2 7 0 2 7 0 2 7 0 2 7 0 2 7 1 2 7 1 2 7 5 31 3 0 2 7 6 2 7 1 2 4 0 2 7 17 18 2 0 20.5928369164466858
0 2 7 1 2 7 17 18 2 0 2 7 5 31 3 1 2 4 12 2 2 0 2 7 0 2 7 0 2 7 1 2 7 1 2 7 5 2 7 16 2 2 5 31 3 0 2 7 6 2 7 0 2 4 8 2 7 17 18 2 456528.353918726672 21.2991711497306824
MonoObjective Genetic Algorithm
Number of Evaluations = 0
Mutation Probability = 0
Crossover Probability = 1
Population Size = 10
Survival Selection Type = 16
Time =  3608.94478988647461
0 2 7 17 18 2 5 31 3 1 2 7 0 2 7 0 2 7 0 2 7 13 6 3 0 2 7 0 2 7 1 2 7 0 2 7 5 30 3 1 2 7 0 2 7 1 2 7 0 2 7 1 2 7 12 16 2 17 9 2 0 20.2646257877349854
0 2 8 0 2 11 16 19 11 0 2 3 5 30 3 0 2 3 6 2 8 0 2 3 0 2 3 0 2 8 0 2 8 0 2 8 1 2 8 16 6 2 12 16 2 0 2 8 5 30 3 0 2 3 5 30 3 8 9 2 1.2418897484839056e-05 22.5956511497497559
5 30 3 13 6 3 0 2 7 12 16 2 0 2 7 5 31 3 0 2 7 0 2 7 1 2 7 0 2 7 1 2 4 12 16 2 17 9 2 0 2 3 1 2 7 0 2 4 16 30 2 1 2 7 0 2 7 12 16 2 0 20.4516057968139648
0 2 4 1 2 4 17 18 2 0 2 7 5 30 3 0 2 7 0 2 7 0 2 7 0 2 7 0 2 10 1 2 7 0 2 7 1 2 3 1 2 7 5 31 3 0 2 7 1 2 7 1 2 10 0 2 7 17 18 2 0 20.5764669179916382
0 2 7 1 2 7 12 16 2 0 2 7 5 30 3 0 2 7 0 2 1 0 2 7 0 2 7 0 2 7 1 2 7 1 2 7 5 30 3 16 31 2 12 16 2 1 2 7 0 2 7 0 2 4 8 18 2 17 18 2 0 20.8342517614364624
1 2 11 1 2 7 5 31 3 0 2 7 16 9 11 0 2 11 12 16 2 1 2 7 12 16 2 1 2 7 0 2 11 0 2 7 5 30 3 0 2 7 8 9 2 0 2 7 0 2 11 0 2 7 0 2 7 17 18 2 0 21.3642459511756897
0 2 7 1 2 7 12 16 2 0 2 4 5 31 3 0 2 4 5 31 3 1 2 7 16 6 2 0 2 7 1 2 7 6 2 7 0 2 7 0 2 7 0 2 7 0 2 7 0 2 7 1 2 7 0 2 7 17 18 2 0 20.4595978856086731
1 2 7 1 2 7 12 16 3 0 2 7 5 9 11 0 2 4 12 31 3 1 2 7 16 16 2 1 2 7 1 2 11 6 2 7 5 30 7 0 2 7 0 2 7 0 2 7 0 2 11 1 2 7 0 2 7 17 18 2 251988.048367058946 20.7974156737327576
0 2 7 1 2 7 17 18 2 0 2 7 5 31 3 1 2 4 12 16 2 0 2 7 0 2 7 0 2 7 0 2 7 0 2 7 1 2 7 1 2 7 5 31 3 0 2 7 6 2 7 1 2 4 0 2 7 17 18 2 0 20.5928369164466858
0 2 7 1 2 7 17 18 2 0 2 7 5 31 3 1 2 4 12 2 2 0 2 7 0 2 7 0 2 7 1 2 7 1 2 7 5 2 7 16 2 2 5 31 3 0 2 7 6 2 7 0 2 4 8 2 7 17 18 2 456528.353918726672 21.2991711497306824
