10294262.6663333327
10268364.3901944440
10277672.6572777797
10304340.1265555564
10283602.4150555562
10306129.8902777787
10291511.8929722216
10248954.8873611130
10297949.6313055549
10283674.8873333335
10280895.4037222192
10283587.6343055572
10307720.3786944449
10281927.9185833316
10288392.9123055562
10291022.4136388879
10283389.8855000008
10285499.8783888891
10287776.6215000004
10272406.8873333354
10276369.8879722208
10287930.1352777779
10296365.4025833309
10301497.6671666671
10295412.1389166657
10283670.1279444434
10282030.1437499989
10278624.8923611119
10254527.1243611109
10277927.6413611118
10303987.3891111128
10299697.3855555560
10283862.3998333346
10279891.8985277768
10285632.3855833337
