51 33 11 18 35 9 2 40 55 23 8 11 20 18 15 56 72 28 1 9 34 50 39 13 58 17 12 15 48 27 45 39 61 27 10 8 2 14 5 56 54 35 18 0 30 49 42 28 5 12 1 6 43 44 24 0 40 33 11 5 23 40 38 37 38 32 4 0 7 21 45 37 25 2 9 16 5 15 28 16 44 3 7 9 45 41 30 44 11 20 16 0 8 48 27 11 66 11 6 11 5 22 28 46 47 34 16 2 43 7 48 33 34 4 0 17 32 49 11 6 11 3 12 13 9 7 15 10 54 25 8 18 33 6 29 44 20 11 11 14 18 22 18 25 50 2 13 4 33 0 25 38 43 6 4 18 50 10 6 35 2887654233841150.5000000000
5 27 19 8 43 0 23 55 61 30 5 14 32 6 12 22 45 25 5 6 36 12 47 44 70 20 12 5 0 3 42 47 67 16 10 1 11 45 15 6 78 13 8 4 26 15 27 52 11 8 6 14 10 49 47 41 66 22 0 2 37 29 47 11 77 10 14 3 47 21 30 43 44 5 6 1 20 30 28 11 32 20 9 18 25 28 20 11 57 18 9 10 2 19 26 20 48 11 8 5 27 15 13 8 67 32 18 15 36 2 4 8 11 24 6 5 21 32 19 17 66 3 14 12 29 19 32 48 43 15 12 19 40 15 21 18 69 6 8 18 31 11 0 46 63 4 6 4 33 16 42 23 62 11 1 5 5 36 3 9 2280432210606855.0000000000
1 1 0 5 22 3 24 26 52 17 2 19 50 42 18 55 8 0 0 19 2 25 21 0 38 11 16 17 42 36 19 44 38 19 0 5 47 33 9 51 52 25 18 10 13 12 27 8 58 24 5 7 1 28 32 48 54 11 19 4 34 26 28 0 31 16 2 9 33 25 40 53 43 5 7 16 2 1 0 22 64 7 13 10 40 2 31 53 27 6 0 3 23 8 23 51 27 18 13 11 4 19 16 21 40 4 11 2 42 38 9 58 10 5 5 15 38 12 44 19 64 0 10 3 14 9 9 56 35 21 19 12 20 3 37 14 15 20 11 1 37 29 6 45 63 3 14 10 7 1 27 49 6 8 17 13 7 25 47 5 3152503318120460.0000000000
74 24 2 4 43 24 1 2 11 5 8 13 30 31 19 25 48 34 4 19 31 15 38 25 62 29 18 8 20 14 12 53 76 28 12 9 2 34 40 32 38 28 14 12 4 20 22 29 54 25 9 1 25 3 34 42 24 8 14 0 37 42 4 14 11 14 3 17 35 30 37 8 1 26 17 0 27 41 34 2 60 10 13 16 1 22 25 20 63 18 6 2 28 19 38 40 38 10 5 6 50 31 10 36 22 22 16 15 25 33 26 54 75 3 2 18 9 49 43 17 40 32 0 14 28 44 32 22 11 8 13 10 37 18 4 55 14 29 11 9 40 24 41 1 35 20 16 14 28 16 13 1 45 15 9 12 42 1 39 46 2638967190807636.5000000000
49 18 9 3 34 5 10 34 61 28 6 4 11 1 47 51 62 28 18 16 5 50 21 0 45 21 1 9 33 12 42 29 50 13 13 16 37 45 14 0 78 17 14 13 24 25 45 40 31 6 6 15 15 37 11 24 6 18 6 11 2 13 27 58 34 0 11 5 4 18 36 39 39 27 12 9 12 6 40 46 24 33 8 9 19 3 10 40 8 30 0 7 36 3 14 43 64 28 18 13 1 34 26 56 2 6 19 5 20 9 11 25 68 11 6 1 29 14 2 27 58 35 15 4 11 29 39 12 11 10 9 8 23 16 46 14 11 21 19 12 45 33 32 31 66 29 10 2 16 22 15 51 50 34 7 16 38 47 40 32 3000138301715990.5000000000
57 1 17 6 26 18 27 50 1 8 12 17 31 38 18 36 32 17 14 10 44 20 25 29 55 11 10 16 24 45 28 38 59 30 16 9 41 34 4 53 9 25 19 13 20 8 35 41 47 0 16 5 46 31 42 22 61 18 10 15 41 4 17 5 42 12 3 17 30 46 42 9 39 20 18 5 1 24 25 21 12 13 18 10 44 45 40 0 14 20 7 10 31 14 48 50 51 13 1 14 17 11 44 53 70 24 10 7 39 1 42 57 77 6 11 1 20 40 42 27 66 22 0 3 49 21 48 27 4 21 0 9 6 48 11 38 44 30 19 9 41 12 4 47 77 25 8 4 30 49 4 31 26 1 7 18 42 10 14 58 3325156212265696.5000000000
43 3 3 18 21 12 30 19 38 19 11 18 36 43 13 23 33 1 11 18 28 17 27 50 69 34 16 15 36 26 11 16 48 14 11 12 4 5 1 3 31 26 11 7 38 21 44 12 30 6 10 8 6 42 29 18 17 7 0 14 47 15 6 57 35 16 19 13 11 36 43 11 26 26 8 14 23 35 11 41 19 14 10 14 46 28 0 44 50 15 16 4 32 33 32 45 22 1 4 14 11 36 28 28 42 9 9 5 25 18 29 46 42 21 12 5 11 28 33 42 49 10 16 3 1 33 44 39 5 33 0 11 18 50 10 45 73 6 0 8 36 38 29 56 75 19 0 3 30 14 23 20 14 27 1 15 46 33 5 9 2879657960408128.0000000000
50 32 3 1 18 32 10 46 45 18 7 4 42 46 44 5 15 19 11 14 3 31 1 26 0 24 7 8 4 35 31 41 64 31 13 12 21 38 44 39 18 11 16 12 18 46 31 41 13 13 19 16 44 47 48 33 58 16 18 5 18 38 18 2 7 10 16 17 23 47 1 39 32 11 4 15 17 29 11 38 13 10 1 3 36 34 28 25 59 6 10 5 10 23 33 34 49 35 17 3 34 35 20 1 78 14 3 16 29 31 43 17 61 36 6 7 8 44 7 5 18 28 12 4 0 30 46 3 78 22 9 8 27 21 3 21 22 21 13 17 15 9 34 0 2 24 12 0 7 23 39 29 30 23 6 17 34 46 44 2 3653568954505964.0000000000
0 36 7 17 49 30 6 6 55 4 0 12 38 17 30 43 7 6 9 0 2 46 18 8 20 5 7 6 2 20 9 56 75 17 6 14 9 24 34 5 19 24 7 17 49 15 3 55 25 22 1 12 19 0 21 12 3 0 6 12 22 32 20 37 21 21 14 10 26 3 7 53 78 17 8 1 30 37 29 4 12 4 11 18 26 15 34 41 29 20 3 14 44 7 27 7 60 13 0 5 22 21 33 49 40 9 17 19 28 21 11 6 54 5 1 0 29 7 20 9 45 31 2 15 25 9 45 30 41 11 18 14 37 11 20 14 55 9 0 3 3 47 3 22 73 19 7 0 3 48 6 9 78 22 17 12 13 12 23 43 2764382151704803.0000000000
75 15 9 1 24 28 12 11 73 16 19 8 29 11 29 13 25 17 10 6 5 26 31 15 49 13 1 19 12 0 36 39 43 3 14 7 1 6 41 49 47 23 19 5 2 28 21 25 61 19 16 11 20 10 9 5 52 6 0 10 44 26 21 45 17 1 4 12 46 13 10 44 17 25 18 8 8 9 8 4 73 24 3 14 17 47 9 58 59 32 8 19 6 10 16 23 36 5 4 1 21 48 12 27 18 15 6 19 9 26 14 56 1 32 4 10 28 6 14 30 36 10 5 8 49 44 25 22 69 3 17 5 15 5 12 8 63 11 14 18 37 25 14 8 34 16 5 13 37 29 3 29 69 26 8 3 47 25 36 54 2531008920802268.0000000000
56 19 17 0 19 12 4 23 65 16 5 8 0 14 4 35 19 33 7 13 26 15 18 23 19 4 15 16 23 43 39 9 19 4 10 12 38 44 39 9 10 32 1 14 6 10 5 23 56 19 0 17 12 19 4 23 65 33 3 4 14 48 47 48 19 33 13 11 15 26 18 23 19 4 16 8 43 44 39 9 19 4 10 15 38 23 39 9 10 32 1 12 6 10 5 23 56 19 0 17 12 19 4 23 65 33 7 2 14 48 47 11 19 33 3 13 26 15 18 23 19 4 8 16 43 44 39 9 19 4 15 11 23 38 39 9 10 32 1 14 6 10 5 23 56 19 17 0 19 12 4 23 65 16 5 12 0 48 4 35 8245485.7037500003
56 19 0 8 12 19 4 23 19 4 11 15 38 23 39 9 10 32 12 1 10 6 5 23 65 16 5 14 0 48 4 35 19 33 13 7 15 26 18 23 19 4 16 17 43 44 39 9 56 19 8 0 19 12 4 23 19 4 10 15 38 23 39 9 10 32 1 12 6 10 5 23 65 33 11 4 14 48 47 48 19 33 7 13 26 15 18 23 19 4 17 16 44 43 39 9 56 19 0 8 12 19 4 23 19 4 10 15 38 23 39 9 10 32 1 14 6 10 5 23 65 16 12 5 48 0 4 35 19 33 13 7 15 26 18 23 19 4 17 16 44 43 39 9 56 19 8 0 19 12 4 23 10 32 15 14 23 10 5 23 8256578.0329999989
19 4 10 8 38 44 39 9 56 19 0 17 12 19 4 23 10 32 12 1 10 6 5 23 19 33 13 7 15 26 18 23 65 33 3 4 14 48 47 48 19 4 15 16 23 43 39 9 19 4 10 8 38 44 39 9 56 19 0 17 12 19 4 23 10 32 1 14 6 10 5 23 19 33 13 11 15 26 18 23 56 12 9 12 14 0 4 23 19 4 16 15 43 23 39 9 19 4 17 10 44 38 39 9 56 19 0 1 12 19 4 23 10 32 14 8 10 6 5 23 19 33 3 13 26 15 18 23 65 16 12 5 48 0 4 35 19 4 7 15 38 23 39 9 19 4 17 16 44 43 39 9 56 19 1 0 19 12 4 23 8261395.3187499996
56 19 0 1 12 19 4 23 65 33 4 7 48 14 47 48 10 32 17 14 6 10 5 23 19 4 8 15 43 23 39 9 19 33 13 3 15 26 18 23 56 19 16 0 19 12 4 23 19 4 10 1 38 44 39 9 65 16 12 5 48 0 4 35 10 32 17 14 6 10 5 23 19 4 15 8 23 43 39 9 19 33 13 3 15 26 18 23 56 19 0 16 12 19 4 23 19 4 10 1 38 44 39 9 65 16 12 5 48 0 4 35 10 32 17 14 6 10 5 23 19 4 15 8 23 43 39 9 19 33 7 13 26 15 18 23 56 19 1 0 19 12 4 23 19 4 16 10 44 38 39 9 65 33 4 11 48 14 47 48 8281010.7907499997
56 19 8 0 19 12 4 23 19 4 17 10 44 38 39 9 65 33 4 3 48 14 47 48 10 32 1 14 6 10 5 23 19 33 13 11 15 26 18 23 19 4 15 16 23 43 39 9 56 19 8 0 19 12 4 23 19 4 17 10 44 38 39 9 65 16 5 12 0 48 4 35 10 32 14 1 10 6 5 23 19 33 3 13 26 15 18 23 56 19 0 16 12 19 4 23 19 4 15 7 23 38 39 9 19 4 17 8 43 44 39 9 65 16 5 12 0 48 4 35 10 32 14 1 10 6 5 23 19 33 13 11 15 26 18 23 56 19 0 16 12 19 4 23 19 4 10 15 38 23 39 9 65 33 4 3 48 14 47 48 8325403.2322499994
65 33 11 4 14 48 47 48 19 4 8 16 44 43 39 9 56 19 1 0 19 12 4 23 19 33 13 3 15 26 18 23 10 32 14 17 10 6 5 23 65 16 12 5 48 0 4 35 19 4 10 15 38 23 39 9 19 4 16 8 44 43 39 9 56 19 0 1 12 19 4 23 19 33 11 13 26 15 18 23 10 32 17 14 6 10 5 23 56 12 12 9 0 14 4 23 19 4 10 16 38 43 39 9 56 19 0 8 12 19 4 23 19 4 1 15 44 23 39 9 19 33 13 3 15 26 18 23 10 32 14 17 10 6 5 23 65 33 4 7 48 14 47 48 19 4 16 11 43 38 39 9 56 19 8 0 19 12 4 23 8327882.7757500000
65 16 14 5 48 0 4 35 56 19 8 0 19 12 4 23 19 4 15 7 23 38 39 9 10 32 12 1 10 6 5 23 19 33 13 3 15 26 18 23 65 33 11 4 14 48 47 48 19 4 14 16 44 43 39 9 56 19 17 0 19 12 4 23 19 4 15 7 23 38 39 9 10 32 8 12 6 10 5 23 19 33 13 3 15 26 18 23 65 16 14 5 48 0 4 35 56 19 0 1 12 19 4 23 19 4 17 10 43 38 39 9 19 4 8 15 44 23 39 9 10 32 16 12 6 10 5 23 19 33 13 3 15 26 18 23 65 12 19 6 48 14 4 11 56 19 0 1 12 19 4 23 19 4 7 17 38 43 39 9 8329318.3872499987
56 19 17 0 19 12 4 23 56 12 9 12 14 0 4 23 10 32 15 14 23 10 5 23 19 4 8 10 43 38 39 9 19 33 7 13 26 15 18 23 56 19 0 1 12 19 4 23 10 27 11 16 48 14 47 47 10 32 17 12 6 10 5 23 19 4 15 14 23 44 39 9 19 4 8 10 43 38 39 9 19 33 13 3 15 26 18 23 56 19 0 16 12 19 4 23 65 33 4 7 48 14 47 48 10 32 1 12 6 10 5 23 19 4 15 17 23 43 39 9 19 4 8 11 44 38 39 9 19 33 13 3 15 26 18 23 56 19 0 16 12 19 4 23 65 33 7 4 14 48 47 48 10 32 1 12 6 10 5 23 8351575.4070000006
65 16 12 16 48 14 47 35 19 4 17 15 43 23 39 9 56 19 1 0 19 12 4 23 10 32 14 8 10 6 5 23 19 4 16 11 44 38 39 9 19 33 3 13 26 15 18 23 65 16 17 12 14 48 47 35 19 4 15 16 23 43 39 9 56 19 0 1 12 19 4 23 10 32 14 8 10 6 5 23 19 4 17 10 44 38 39 9 19 33 7 13 26 15 18 23 65 33 11 4 14 48 47 48 19 4 16 15 43 23 39 9 56 19 0 1 12 19 4 23 10 32 12 8 10 6 5 23 19 4 17 11 44 38 39 9 19 33 3 13 26 15 18 23 65 16 14 16 48 14 47 35 56 19 0 1 12 19 4 23 8369143.2767500002
19 33 3 13 26 15 18 23 56 19 8 0 19 12 4 23 19 4 11 15 38 23 39 9 65 16 5 12 0 48 4 35 10 32 14 1 10 6 5 23 19 33 13 7 15 26 18 23 56 19 16 0 19 12 4 23 19 4 8 10 43 38 39 9 65 33 11 4 14 48 47 48 19 4 15 12 23 44 39 9 10 32 14 17 10 6 5 23 19 33 13 7 15 26 18 23 56 19 0 1 12 19 4 23 19 4 8 10 43 38 39 9 65 33 11 2 14 48 47 11 19 4 15 16 23 44 39 9 10 32 12 17 10 6 5 23 19 33 3 13 26 15 18 23 56 19 1 0 19 12 4 23 65 16 5 8 0 14 4 35 8391578.0560000017
56 19 17 0 19 12 4 23 65 16 5 8 0 14 4 35 19 33 7 13 26 15 18 23 19 4 15 16 23 43 39 9 19 4 10 12 38 44 39 9 10 32 1 14 6 10 5 23 56 19 0 17 12 19 4 23 65 33 3 4 14 48 47 48 19 33 13 11 15 26 18 23 19 4 16 8 43 44 39 9 19 4 10 15 38 23 39 9 10 32 1 12 6 10 5 23 56 19 0 17 12 19 4 23 65 33 7 2 14 48 47 11 19 33 3 13 26 15 18 23 19 4 8 16 43 44 39 9 19 4 15 11 23 38 39 9 10 32 1 14 6 10 5 23 56 19 17 0 19 12 4 23 65 16 5 12 0 48 4 35 8245485.7037500003
56 19 0 8 12 19 4 23 19 4 11 15 38 23 39 9 10 32 12 1 10 6 5 23 19 33 13 7 15 26 18 23 65 16 17 5 14 0 4 35 19 4 16 14 43 44 39 9 56 19 8 0 19 12 4 23 19 4 10 15 38 23 39 9 10 32 1 12 6 10 5 23 65 12 19 6 48 14 4 11 19 33 11 13 26 15 18 23 19 4 17 16 44 43 39 9 56 19 0 8 12 19 4 23 19 4 10 15 38 23 39 9 10 32 1 14 6 10 5 23 65 16 12 5 48 0 4 35 19 33 13 7 15 26 18 23 19 4 17 16 44 43 39 9 56 19 8 0 19 12 4 23 19 4 15 11 23 38 39 9 8246993.0827500001
56 19 0 16 12 19 4 23 10 32 17 14 6 10 5 23 65 12 19 6 48 14 4 11 19 4 8 15 43 23 39 9 19 33 13 3 15 26 18 23 19 4 7 1 38 44 39 9 56 19 16 0 19 12 4 23 65 16 12 5 48 0 4 35 10 32 17 14 6 10 5 23 19 4 15 8 23 43 39 9 19 33 13 11 15 26 18 23 19 4 10 1 38 44 39 9 56 19 0 16 12 19 4 23 56 12 18 12 14 0 4 23 10 32 17 14 6 10 5 23 19 4 15 8 23 43 39 9 19 33 7 13 26 15 18 23 19 4 1 10 44 38 39 9 56 19 16 0 19 12 4 23 65 33 4 11 48 14 47 48 8251223.2097499995
19 4 10 8 38 44 39 9 56 19 0 17 12 19 4 23 10 32 12 1 10 6 5 23 19 33 13 7 15 26 18 23 65 33 3 4 14 48 47 48 19 4 15 16 23 43 39 9 19 4 10 8 38 44 39 9 56 19 0 17 12 19 4 23 10 32 1 14 6 10 5 23 19 33 13 11 15 26 18 23 56 12 9 12 14 0 4 23 19 4 16 15 43 23 39 9 19 4 17 10 44 38 39 9 56 19 0 1 12 19 4 23 10 32 14 8 10 6 5 23 19 33 3 13 26 15 18 23 65 16 12 5 48 0 4 35 19 4 7 15 38 23 39 9 19 4 17 16 44 43 39 9 56 19 1 0 19 12 4 23 8261395.3187499996
56 19 16 0 19 12 4 23 19 33 13 3 15 26 18 23 10 32 8 14 6 10 5 23 19 4 17 15 43 23 39 9 19 4 1 10 44 38 39 9 65 33 7 4 14 48 47 48 56 19 0 16 12 19 4 23 19 33 11 13 26 15 18 23 10 32 8 14 6 10 5 23 19 4 15 17 23 43 39 9 19 4 10 12 38 44 39 9 65 16 5 16 0 14 4 35 56 19 0 1 12 19 4 23 19 33 7 13 26 15 18 23 10 32 17 14 6 10 5 23 19 4 11 15 38 23 39 9 19 4 12 8 44 43 39 9 65 16 5 16 0 14 4 35 56 19 0 1 12 19 4 23 19 33 7 13 26 15 18 23 8261420.1572500002
65 16 5 12 0 48 4 35 19 4 16 17 43 44 39 9 56 19 8 0 19 12 4 23 19 33 13 11 15 26 18 23 10 32 14 1 10 6 5 23 19 4 15 10 23 38 39 9 65 16 5 12 0 48 4 35 19 4 16 17 44 43 39 9 56 19 8 0 19 12 4 23 19 33 11 13 26 15 18 23 10 32 1 14 6 10 5 23 19 4 7 15 38 23 39 9 65 33 4 3 48 14 47 48 19 4 17 8 44 43 39 9 56 19 0 16 12 19 4 23 19 33 11 13 26 15 18 23 10 32 1 12 6 10 5 23 19 4 10 15 38 23 39 9 65 16 5 14 0 48 4 35 56 19 0 17 12 19 4 23 8279075.7852499997
56 19 0 8 12 19 4 23 10 27 11 17 48 14 47 47 19 4 15 12 23 44 39 9 19 4 10 16 38 43 39 9 19 33 7 13 26 15 18 23 10 32 14 1 10 6 5 23 56 19 0 8 12 19 4 23 65 33 11 4 14 48 47 48 19 4 15 12 23 44 39 9 19 4 16 10 43 38 39 9 19 33 13 7 15 26 18 23 56 19 1 0 19 12 4 23 10 32 17 14 6 10 5 23 65 33 4 3 48 14 47 48 19 4 15 8 23 44 39 9 19 4 16 10 43 38 39 9 19 33 13 11 15 26 18 23 56 19 1 0 19 12 4 23 10 32 17 14 6 10 5 23 56 12 9 12 14 0 4 23 8282295.5907499995
56 19 17 0 19 12 4 23 19 33 13 3 15 26 18 23 10 27 8 4 14 48 47 47 19 4 14 7 44 38 39 9 19 4 15 16 23 43 39 9 10 32 1 12 6 10 5 23 56 19 0 17 12 19 4 23 19 33 13 3 15 26 18 23 65 16 14 5 48 0 4 35 19 4 8 10 44 38 39 9 19 4 16 15 43 23 39 9 10 32 12 17 10 6 5 23 56 19 1 0 19 12 4 23 19 33 13 3 15 26 18 23 65 33 7 4 14 48 47 48 19 4 14 8 44 43 39 9 19 4 15 10 23 38 39 9 10 32 17 12 6 10 5 23 56 19 0 1 12 19 4 23 65 16 5 16 0 14 4 35 8283690.5687499987
10 27 1 11 14 48 47 47 56 19 0 17 12 19 4 23 19 4 10 15 38 23 39 9 19 33 7 13 26 15 18 23 10 32 12 16 10 6 5 23 19 4 8 14 43 44 39 9 56 19 1 0 19 12 4 23 65 33 4 3 48 14 47 48 19 4 10 15 38 23 39 9 19 33 7 13 26 15 18 23 10 32 14 17 10 6 5 23 19 4 8 16 43 44 39 9 56 19 1 0 19 12 4 23 65 16 5 12 0 48 4 35 19 4 10 15 38 23 39 9 19 33 13 11 15 26 18 23 10 32 14 8 10 6 5 23 19 4 16 17 43 44 39 9 56 19 0 1 12 19 4 23 65 16 12 5 48 0 4 35 8284025.9154999992
65 16 1 14 14 48 47 35 19 4 11 15 38 23 39 9 56 19 0 16 12 19 4 23 19 4 12 17 44 43 39 9 19 33 13 3 15 26 18 23 10 32 14 8 10 6 5 23 65 33 7 4 14 48 47 48 19 4 10 15 38 23 39 9 56 19 0 1 12 19 4 23 19 4 17 16 43 44 39 9 19 33 13 11 15 26 18 23 10 32 14 8 10 6 5 23 65 16 12 5 48 0 4 35 19 4 15 10 23 38 39 9 56 19 17 0 19 12 4 23 19 4 1 16 44 43 39 9 19 33 7 13 26 15 18 23 10 32 8 14 6 10 5 23 65 16 5 12 0 48 4 35 56 19 0 15 12 19 4 23 8284070.7815000005
56 19 0 8 12 19 4 23 19 4 11 15 38 23 39 9 10 32 12 1 10 6 5 23 19 33 13 7 15 26 18 23 65 16 17 5 14 0 4 35 19 4 16 14 43 44 39 9 56 19 8 0 19 12 4 23 19 4 10 15 38 23 39 9 10 32 1 12 6 10 5 23 65 12 19 6 48 14 4 11 19 33 3 13 26 15 18 23 19 4 17 16 44 43 39 9 56 19 0 8 12 19 4 23 19 4 11 15 38 23 39 9 10 32 1 14 6 10 5 23 65 16 12 5 48 0 4 35 19 33 13 7 15 26 18 23 19 4 17 16 44 43 39 9 56 19 8 0 19 12 4 23 19 4 15 10 23 38 39 9 8244743.0829999996
56 19 17 0 19 12 4 23 65 16 5 8 0 14 4 35 19 33 7 13 26 15 18 23 19 4 15 16 23 43 39 9 19 4 10 12 38 44 39 9 10 32 1 14 6 10 5 23 56 19 0 17 12 19 4 23 65 33 3 4 14 48 47 48 19 33 13 11 15 26 18 23 19 4 16 8 43 44 39 9 19 4 10 15 38 23 39 9 10 32 1 12 6 10 5 23 56 19 0 17 12 19 4 23 65 33 7 2 14 48 47 11 19 33 3 13 26 15 18 23 19 4 8 16 43 44 39 9 19 4 15 11 23 38 39 9 10 32 1 14 6 10 5 23 56 19 17 0 19 12 4 23 65 16 5 12 0 48 4 35 8245485.7037500003
56 19 0 16 12 19 4 23 10 32 17 14 6 10 5 23 65 12 19 6 48 14 4 11 19 4 8 15 43 23 39 9 19 33 13 3 15 26 18 23 19 4 7 1 38 44 39 9 56 19 16 0 19 12 4 23 65 16 12 5 48 0 4 35 10 32 17 14 6 10 5 23 19 4 15 8 23 43 39 9 19 33 13 11 15 26 18 23 19 4 10 1 38 44 39 9 56 19 0 16 12 19 4 23 56 12 18 12 14 0 4 23 10 32 17 14 6 10 5 23 19 4 15 8 23 43 39 9 19 33 7 13 26 15 18 23 19 4 1 10 44 38 39 9 56 19 16 0 19 12 4 23 65 33 4 11 48 14 47 48 8251223.2097499995
56 19 16 0 19 12 4 23 19 4 17 10 43 38 39 9 19 4 8 15 44 23 39 9 65 33 4 11 48 14 47 48 10 32 14 1 10 6 5 23 19 33 7 13 26 15 18 23 56 19 0 16 12 19 4 23 19 4 17 10 44 38 39 9 19 4 15 8 23 43 39 9 56 12 9 12 14 0 4 23 10 32 14 1 10 6 5 23 19 33 13 3 15 26 18 23 56 19 0 16 12 19 4 23 19 4 10 8 38 44 39 9 19 4 17 15 43 23 39 9 65 16 12 5 48 0 4 35 10 32 14 1 10 6 5 23 19 33 7 13 26 15 18 23 56 19 0 16 12 19 4 23 19 4 11 8 38 44 39 9 8259122.8192500006
19 4 10 8 38 44 39 9 56 19 0 17 12 19 4 23 10 32 12 1 10 6 5 23 19 33 13 7 15 26 18 23 65 33 3 4 14 48 47 48 19 4 15 16 23 43 39 9 19 4 10 8 38 44 39 9 56 19 0 17 12 19 4 23 10 32 1 14 6 10 5 23 19 33 13 11 15 26 18 23 56 12 9 12 14 0 4 23 19 4 16 15 43 23 39 9 19 4 17 10 44 38 39 9 56 19 0 1 12 19 4 23 10 32 14 8 10 6 5 23 19 33 3 13 26 15 18 23 65 16 12 5 48 0 4 35 19 4 7 15 38 23 39 9 19 4 17 16 44 43 39 9 56 19 1 0 19 12 4 23 8261395.3187499996
56 19 16 0 19 12 4 23 19 33 13 3 15 26 18 23 10 32 8 14 6 10 5 23 19 4 17 15 43 23 39 9 19 4 1 10 44 38 39 9 65 33 7 4 14 48 47 48 56 19 0 16 12 19 4 23 19 33 11 13 26 15 18 23 10 32 8 14 6 10 5 23 19 4 15 17 23 43 39 9 19 4 10 12 38 44 39 9 65 16 5 16 0 14 4 35 56 19 0 1 12 19 4 23 19 33 7 13 26 15 18 23 10 32 17 14 6 10 5 23 19 4 11 15 38 23 39 9 19 4 12 8 44 43 39 9 65 16 5 16 0 14 4 35 56 19 0 1 12 19 4 23 19 33 7 13 26 15 18 23 8261420.1572500002
19 4 10 17 38 44 39 9 56 19 8 0 19 12 4 23 10 32 1 14 6 10 5 23 56 12 12 9 0 14 4 23 19 33 7 13 26 15 18 23 19 4 16 15 43 23 39 9 19 4 8 11 44 38 39 9 56 19 1 0 19 12 4 23 10 32 17 12 6 10 5 23 65 16 5 14 0 48 4 35 19 33 3 13 26 15 18 23 19 4 16 10 43 38 39 9 19 4 8 15 44 23 39 9 56 19 1 0 19 12 4 23 10 32 17 12 6 10 5 23 65 16 5 14 0 48 4 35 19 33 13 7 15 26 18 23 19 4 10 16 38 43 39 9 19 4 8 15 44 23 39 9 56 19 0 1 12 19 4 23 8263847.8185000001
65 16 5 12 0 48 4 35 19 4 16 17 43 44 39 9 56 19 8 0 19 12 4 23 19 33 13 11 15 26 18 23 10 32 14 1 10 6 5 23 19 4 15 10 23 38 39 9 65 16 5 12 0 48 4 35 19 4 16 17 44 43 39 9 56 19 8 0 19 12 4 23 19 33 11 13 26 15 18 23 10 32 1 14 6 10 5 23 19 4 7 15 38 23 39 9 65 33 4 3 48 14 47 48 19 4 17 8 44 43 39 9 56 19 0 16 12 19 4 23 19 33 11 13 26 15 18 23 10 32 1 12 6 10 5 23 19 4 10 15 38 23 39 9 65 16 5 14 0 48 4 35 56 19 0 17 12 19 4 23 8279075.7852499997
56 19 0 8 12 19 4 23 65 16 1 5 14 0 4 35 10 32 16 14 6 10 5 23 19 4 17 12 43 44 39 9 19 33 7 13 26 15 18 23 19 4 15 10 23 38 39 9 56 19 8 0 19 12 4 23 65 33 4 11 48 14 47 48 10 32 14 1 10 6 5 23 19 4 16 12 43 44 39 9 19 33 3 13 26 15 18 23 56 19 17 0 19 12 4 23 19 4 15 10 23 38 39 9 65 33 4 7 48 14 47 48 10 32 1 14 6 10 5 23 19 4 16 8 43 44 39 9 19 33 13 11 15 26 18 23 56 19 17 0 19 12 4 23 19 4 15 7 23 38 39 9 65 16 12 5 48 0 4 35 8281755.5767499991
65 16 5 12 0 48 4 35 19 4 15 8 23 43 39 9 56 19 0 17 12 19 4 23 10 32 16 14 6 10 5 23 19 33 7 13 26 15 18 23 19 4 10 1 38 44 39 9 65 33 4 11 48 14 47 48 19 4 15 8 23 43 39 9 56 19 0 17 12 19 4 23 10 32 14 16 10 6 5 23 19 33 13 7 15 26 18 23 19 4 10 12 38 44 39 9 65 16 1 5 14 0 4 35 19 4 15 17 23 43 39 9 56 19 8 0 19 12 4 23 10 32 16 14 6 10 5 23 19 33 7 13 26 15 18 23 19 4 10 12 38 44 39 9 65 33 4 11 48 14 47 48 56 19 0 17 12 19 4 23 8282115.5349999992
56 19 0 8 12 19 4 23 19 4 11 15 38 23 39 9 10 32 12 1 10 6 5 23 19 33 13 7 15 26 18 23 65 16 17 5 14 0 4 35 19 4 16 14 43 44 39 9 56 19 8 0 19 12 4 23 19 4 10 15 38 23 39 9 10 32 1 12 6 10 5 23 65 12 19 6 48 14 4 11 19 33 3 13 26 15 18 23 19 4 17 16 44 43 39 9 56 19 0 8 12 19 4 23 19 4 11 15 38 23 39 9 10 32 1 14 6 10 5 23 65 16 12 5 48 0 4 35 19 33 13 7 15 26 18 23 19 4 17 16 44 43 39 9 56 19 8 0 19 12 4 23 19 4 15 10 23 38 39 9 8244743.0829999996
56 19 17 0 19 12 4 23 65 16 5 8 0 14 4 35 19 33 7 13 26 15 18 23 19 4 15 16 23 43 39 9 19 4 10 12 38 44 39 9 10 32 1 14 6 10 5 23 56 19 0 17 12 19 4 23 65 33 3 4 14 48 47 48 19 33 13 11 15 26 18 23 19 4 16 8 43 44 39 9 19 4 10 15 38 23 39 9 10 32 1 12 6 10 5 23 56 19 0 17 12 19 4 23 65 33 7 2 14 48 47 11 19 33 3 13 26 15 18 23 19 4 8 16 43 44 39 9 19 4 15 11 23 38 39 9 10 32 1 14 6 10 5 23 56 19 17 0 19 12 4 23 65 16 5 12 0 48 4 35 8245485.7037500003
56 19 0 16 12 19 4 23 10 32 17 14 6 10 5 23 65 12 19 6 48 14 4 11 19 4 8 15 43 23 39 9 19 33 13 3 15 26 18 23 19 4 7 1 38 44 39 9 56 19 16 0 19 12 4 23 65 16 12 5 48 0 4 35 10 32 17 14 6 10 5 23 19 4 15 8 23 43 39 9 19 33 13 11 15 26 18 23 19 4 10 1 38 44 39 9 56 19 0 16 12 19 4 23 56 12 18 12 14 0 4 23 10 32 17 14 6 10 5 23 19 4 15 8 23 43 39 9 19 33 3 13 26 15 18 23 19 4 1 11 44 38 39 9 56 19 16 0 19 12 4 23 65 33 4 7 48 14 47 48 8248973.2100000000
56 19 0 16 12 19 4 23 19 33 13 3 15 26 18 23 65 16 14 5 48 0 4 35 19 4 15 17 23 43 39 9 19 4 10 1 38 44 39 9 10 32 12 8 10 6 5 23 56 19 0 16 12 19 4 23 19 33 13 7 15 26 18 23 65 33 4 11 48 14 47 48 19 4 15 17 23 43 39 9 19 4 1 10 44 38 39 9 10 32 12 8 10 6 5 23 56 19 16 0 19 12 4 23 19 33 3 13 26 15 18 23 65 16 5 14 0 48 4 35 19 4 17 11 43 38 39 9 19 4 1 15 44 23 39 9 10 32 8 12 6 10 5 23 56 19 16 0 19 12 4 23 19 33 7 13 26 15 18 23 8254643.0252499999
19 4 15 16 23 43 39 9 56 19 1 0 19 12 4 23 19 4 10 8 38 44 39 9 19 33 11 13 26 15 18 23 10 32 17 14 6 10 5 23 65 16 5 12 0 48 4 35 19 4 15 16 23 43 39 9 56 19 0 1 12 19 4 23 19 4 10 8 38 44 39 9 19 33 13 11 15 26 18 23 56 12 14 18 0 14 4 23 10 32 12 17 10 6 5 23 19 4 16 15 43 23 39 9 56 19 1 0 19 12 4 23 19 4 7 8 38 44 39 9 19 33 13 11 15 26 18 23 65 16 12 5 48 0 4 35 10 32 14 17 10 6 5 23 19 4 16 15 43 23 39 9 56 19 0 1 12 19 4 23 8256668.0810000002
19 33 7 13 26 15 18 23 19 4 15 11 23 38 39 9 65 16 5 12 0 48 4 35 10 32 14 1 10 6 5 23 56 19 8 0 19 12 4 23 19 4 17 16 43 44 39 9 19 33 13 7 15 26 18 23 19 4 11 15 38 23 39 9 65 16 5 12 0 48 4 35 10 32 14 1 10 6 5 23 56 19 17 0 19 12 4 23 19 4 16 8 43 44 39 9 19 33 7 13 26 15 18 23 19 4 10 15 38 23 39 9 56 12 12 9 0 14 4 23 10 32 14 1 10 6 5 23 56 19 0 17 12 19 4 23 19 4 8 16 43 44 39 9 19 33 7 13 26 15 18 23 65 33 2 3 48 14 4 11 8257995.5752499998
56 19 1 0 19 12 4 23 65 33 3 4 14 48 47 48 10 32 17 14 6 10 5 23 19 33 11 13 26 15 18 23 19 4 7 15 38 23 39 9 19 4 16 8 43 44 39 9 56 19 1 0 19 12 4 23 65 16 5 12 0 48 4 35 10 32 17 14 6 10 5 23 19 33 3 13 26 15 18 23 19 4 10 15 38 23 39 9 19 4 16 8 43 44 39 9 56 19 0 1 12 19 4 23 65 33 11 4 14 48 47 48 10 32 14 17 10 6 5 23 19 33 13 7 15 26 18 23 19 4 16 10 43 38 39 9 19 4 15 8 23 44 39 9 56 19 1 0 19 12 4 23 65 16 5 12 0 48 4 35 8258938.4084999999
56 19 16 0 19 12 4 23 19 4 17 10 43 38 39 9 19 4 8 15 44 23 39 9 65 33 4 11 48 14 47 48 10 32 14 1 10 6 5 23 19 33 7 13 26 15 18 23 56 19 0 16 12 19 4 23 19 4 17 10 44 38 39 9 19 4 15 8 23 43 39 9 56 12 9 12 14 0 4 23 10 32 14 1 10 6 5 23 19 33 13 3 15 26 18 23 56 19 0 16 12 19 4 23 19 4 10 8 38 44 39 9 19 4 17 15 43 23 39 9 65 16 12 5 48 0 4 35 10 32 14 1 10 6 5 23 19 33 7 13 26 15 18 23 56 19 0 16 12 19 4 23 19 4 11 8 38 44 39 9 8259122.8192500006
19 4 10 8 38 44 39 9 56 19 0 17 12 19 4 23 10 32 12 1 10 6 5 23 19 33 13 7 15 26 18 23 65 33 3 4 14 48 47 48 19 4 15 16 23 43 39 9 19 4 10 8 38 44 39 9 56 19 0 17 12 19 4 23 10 32 1 14 6 10 5 23 19 33 13 11 15 26 18 23 56 12 9 12 14 0 4 23 19 4 16 15 43 23 39 9 19 4 17 10 44 38 39 9 56 19 0 1 12 19 4 23 10 32 14 8 10 6 5 23 19 33 3 13 26 15 18 23 65 16 12 5 48 0 4 35 19 4 7 15 38 23 39 9 19 4 17 16 44 43 39 9 56 19 1 0 19 12 4 23 8261395.3187499996
56 19 16 0 19 12 4 23 19 33 13 3 15 26 18 23 10 32 8 14 6 10 5 23 19 4 17 15 43 23 39 9 19 4 1 10 44 38 39 9 65 33 7 4 14 48 47 48 56 19 0 16 12 19 4 23 19 33 11 13 26 15 18 23 10 32 8 14 6 10 5 23 19 4 15 17 23 43 39 9 19 4 10 12 38 44 39 9 65 16 5 16 0 14 4 35 56 19 0 1 12 19 4 23 19 33 7 13 26 15 18 23 10 32 17 14 6 10 5 23 19 4 11 15 38 23 39 9 19 4 12 8 44 43 39 9 65 16 5 16 0 14 4 35 56 19 0 1 12 19 4 23 19 33 7 13 26 15 18 23 8261420.1572500002
56 19 0 8 12 19 4 23 19 4 11 15 38 23 39 9 10 32 12 1 10 6 5 23 19 33 13 7 15 26 18 23 65 16 17 5 14 0 4 35 19 4 16 14 43 44 39 9 56 19 8 0 19 12 4 23 19 4 10 15 38 23 39 9 10 32 1 12 6 10 5 23 65 12 19 6 48 14 4 11 19 33 3 13 26 15 18 23 19 4 17 16 44 43 39 9 56 19 0 8 12 19 4 23 19 4 11 15 38 23 39 9 10 32 1 14 6 10 5 23 65 16 12 5 48 0 4 35 19 33 13 7 15 26 18 23 19 4 17 16 44 43 39 9 56 19 8 0 19 12 4 23 19 4 15 10 23 38 39 9 8244743.0829999996
56 19 17 0 19 12 4 23 65 16 5 8 0 14 4 35 19 33 7 13 26 15 18 23 19 4 15 16 23 43 39 9 19 4 10 12 38 44 39 9 10 32 1 14 6 10 5 23 56 19 0 17 12 19 4 23 65 33 3 4 14 48 47 48 19 33 13 11 15 26 18 23 19 4 16 8 43 44 39 9 19 4 10 15 38 23 39 9 10 32 1 12 6 10 5 23 56 19 0 17 12 19 4 23 65 33 7 2 14 48 47 11 19 33 3 13 26 15 18 23 19 4 8 16 43 44 39 9 19 4 15 11 23 38 39 9 10 32 1 14 6 10 5 23 56 19 17 0 19 12 4 23 65 16 5 12 0 48 4 35 8245485.7037500003
56 19 0 16 12 19 4 23 10 32 17 14 6 10 5 23 65 12 19 6 48 14 4 11 19 4 8 15 43 23 39 9 19 33 13 3 15 26 18 23 19 4 7 1 38 44 39 9 56 19 16 0 19 12 4 23 65 16 12 5 48 0 4 35 10 32 17 14 6 10 5 23 19 4 15 8 23 43 39 9 19 33 13 11 15 26 18 23 19 4 10 1 38 44 39 9 56 19 0 16 12 19 4 23 56 12 18 12 14 0 4 23 10 32 17 14 6 10 5 23 19 4 15 8 23 43 39 9 19 33 3 13 26 15 18 23 19 4 1 11 44 38 39 9 56 19 16 0 19 12 4 23 65 33 4 7 48 14 47 48 8248973.2100000000
56 19 0 16 12 19 4 23 19 33 13 3 15 26 18 23 65 16 14 5 48 0 4 35 19 4 15 17 23 43 39 9 19 4 10 1 38 44 39 9 10 32 12 8 10 6 5 23 56 19 0 16 12 19 4 23 19 33 13 7 15 26 18 23 65 33 4 11 48 14 47 48 19 4 15 17 23 43 39 9 19 4 1 10 44 38 39 9 10 32 12 8 10 6 5 23 56 19 16 0 19 12 4 23 19 33 3 13 26 15 18 23 65 16 5 14 0 48 4 35 19 4 17 11 43 38 39 9 19 4 1 15 44 23 39 9 10 32 8 12 6 10 5 23 56 19 16 0 19 12 4 23 19 33 7 13 26 15 18 23 8254643.0252499999
19 4 15 16 23 43 39 9 56 19 1 0 19 12 4 23 19 4 10 8 38 44 39 9 19 33 11 13 26 15 18 23 10 32 17 14 6 10 5 23 65 16 5 12 0 48 4 35 19 4 15 16 23 43 39 9 56 19 0 1 12 19 4 23 19 4 10 8 38 44 39 9 19 33 13 11 15 26 18 23 56 12 14 18 0 14 4 23 10 32 12 17 10 6 5 23 19 4 16 15 43 23 39 9 56 19 1 0 19 12 4 23 19 4 7 8 38 44 39 9 19 33 13 11 15 26 18 23 65 16 12 5 48 0 4 35 10 32 14 17 10 6 5 23 19 4 16 15 43 23 39 9 56 19 0 1 12 19 4 23 8256668.0810000002
19 33 7 13 26 15 18 23 19 4 15 11 23 38 39 9 65 16 5 12 0 48 4 35 10 32 14 1 10 6 5 23 56 19 8 0 19 12 4 23 19 4 17 16 43 44 39 9 19 33 13 7 15 26 18 23 19 4 11 15 38 23 39 9 65 16 5 12 0 48 4 35 10 32 14 1 10 6 5 23 56 19 17 0 19 12 4 23 19 4 16 8 43 44 39 9 19 33 7 13 26 15 18 23 19 4 10 15 38 23 39 9 56 12 12 9 0 14 4 23 10 32 14 1 10 6 5 23 56 19 0 17 12 19 4 23 19 4 8 16 43 44 39 9 19 33 7 13 26 15 18 23 65 33 2 3 48 14 4 11 8257995.5752499998
56 19 1 0 19 12 4 23 65 33 3 4 14 48 47 48 10 32 17 14 6 10 5 23 19 33 11 13 26 15 18 23 19 4 7 15 38 23 39 9 19 4 16 8 43 44 39 9 56 19 1 0 19 12 4 23 65 16 5 12 0 48 4 35 10 32 17 14 6 10 5 23 19 33 3 13 26 15 18 23 19 4 10 15 38 23 39 9 19 4 16 8 43 44 39 9 56 19 0 1 12 19 4 23 65 33 11 4 14 48 47 48 10 32 14 17 10 6 5 23 19 33 13 7 15 26 18 23 19 4 16 10 43 38 39 9 19 4 15 8 23 44 39 9 56 19 1 0 19 12 4 23 65 16 5 12 0 48 4 35 8258938.4084999999
56 19 16 0 19 12 4 23 19 4 17 10 43 38 39 9 19 4 8 15 44 23 39 9 65 33 4 11 48 14 47 48 10 32 14 1 10 6 5 23 19 33 7 13 26 15 18 23 56 19 0 16 12 19 4 23 19 4 17 10 44 38 39 9 19 4 15 8 23 43 39 9 56 12 9 12 14 0 4 23 10 32 14 1 10 6 5 23 19 33 13 3 15 26 18 23 56 19 0 16 12 19 4 23 19 4 10 8 38 44 39 9 19 4 17 15 43 23 39 9 65 16 12 5 48 0 4 35 10 32 14 1 10 6 5 23 19 33 7 13 26 15 18 23 56 19 0 16 12 19 4 23 19 4 11 8 38 44 39 9 8259122.8192500006
56 19 16 0 19 12 4 23 10 32 1 14 6 10 5 23 65 16 5 12 0 48 4 35 19 33 13 7 15 26 18 23 19 4 15 8 23 43 39 9 19 4 17 10 44 38 39 9 56 19 16 0 19 12 4 23 10 32 1 14 6 10 5 23 65 16 12 5 48 0 4 35 19 33 13 3 15 26 18 23 19 4 15 7 23 38 39 9 19 4 8 17 43 44 39 9 56 19 1 0 19 12 4 23 10 32 12 16 10 6 5 23 65 33 11 4 14 48 47 48 19 33 3 13 26 15 18 23 19 4 15 7 23 38 39 9 19 4 17 14 43 44 39 9 56 19 0 8 12 19 4 23 10 32 1 12 6 10 5 23 8261393.0244999994
19 4 10 8 38 44 39 9 56 19 0 17 12 19 4 23 10 32 12 1 10 6 5 23 19 33 13 7 15 26 18 23 65 33 3 4 14 48 47 48 19 4 15 16 23 43 39 9 19 4 10 8 38 44 39 9 56 19 0 17 12 19 4 23 10 32 1 14 6 10 5 23 19 33 13 11 15 26 18 23 56 12 9 12 14 0 4 23 19 4 16 15 43 23 39 9 19 4 17 10 44 38 39 9 56 19 0 1 12 19 4 23 10 32 14 8 10 6 5 23 19 33 3 13 26 15 18 23 65 16 12 5 48 0 4 35 19 4 7 15 38 23 39 9 19 4 17 16 44 43 39 9 56 19 1 0 19 12 4 23 8261395.3187499996
56 19 0 8 12 19 4 23 19 4 11 15 38 23 39 9 10 32 12 1 10 6 5 23 19 33 13 7 15 26 18 23 65 16 17 5 14 0 4 35 19 4 16 14 43 44 39 9 56 19 8 0 19 12 4 23 19 4 10 15 38 23 39 9 10 32 1 12 6 10 5 23 65 12 19 6 48 14 4 11 19 33 3 13 26 15 18 23 19 4 17 16 44 43 39 9 56 19 0 8 12 19 4 23 19 4 11 15 38 23 39 9 10 32 1 14 6 10 5 23 65 16 12 5 48 0 4 35 19 33 13 7 15 26 18 23 19 4 17 16 44 43 39 9 56 19 8 0 19 12 4 23 19 4 15 10 23 38 39 9 8244743.0829999996
56 19 17 0 19 12 4 23 65 16 5 8 0 14 4 35 19 33 7 13 26 15 18 23 19 4 15 16 23 43 39 9 19 4 10 12 38 44 39 9 10 32 1 14 6 10 5 23 56 19 0 17 12 19 4 23 65 33 3 4 14 48 47 48 19 33 13 11 15 26 18 23 19 4 16 8 43 44 39 9 19 4 10 15 38 23 39 9 10 32 1 12 6 10 5 23 56 19 0 17 12 19 4 23 65 33 7 2 14 48 47 11 19 33 3 13 26 15 18 23 19 4 8 16 43 44 39 9 19 4 15 11 23 38 39 9 10 32 1 14 6 10 5 23 56 19 17 0 19 12 4 23 65 16 5 12 0 48 4 35 8245485.7037500003
56 19 0 16 12 19 4 23 10 32 17 14 6 10 5 23 65 12 19 6 48 14 4 11 19 4 8 15 43 23 39 9 19 33 13 3 15 26 18 23 19 4 7 1 38 44 39 9 56 19 16 0 19 12 4 23 65 16 12 5 48 0 4 35 10 32 17 14 6 10 5 23 19 4 15 8 23 43 39 9 19 33 13 11 15 26 18 23 19 4 10 1 38 44 39 9 56 19 0 16 12 19 4 23 56 12 18 12 14 0 4 23 10 32 17 14 6 10 5 23 19 4 15 8 23 43 39 9 19 33 3 13 26 15 18 23 19 4 1 11 44 38 39 9 56 19 16 0 19 12 4 23 65 33 4 7 48 14 47 48 8248973.2100000000
56 19 0 17 12 19 4 23 65 33 7 4 14 48 47 48 19 4 11 15 38 23 39 9 10 32 14 16 10 6 5 23 19 4 8 1 43 44 39 9 19 33 3 13 26 15 18 23 65 16 5 12 0 48 4 35 56 19 17 0 19 12 4 23 19 4 10 15 38 23 39 9 10 32 14 1 10 6 5 23 19 4 8 16 44 43 39 9 19 33 7 13 26 15 18 23 65 16 12 5 48 0 4 35 56 19 17 0 19 12 4 23 19 4 11 15 38 23 39 9 10 32 14 1 10 6 5 23 19 4 16 8 43 44 39 9 19 33 13 7 15 26 18 23 65 12 19 6 48 14 4 11 56 19 0 17 12 19 4 23 8254393.4407500010
56 19 0 16 12 19 4 23 19 33 13 3 15 26 18 23 65 16 14 5 48 0 4 35 19 4 15 17 23 43 39 9 19 4 10 1 38 44 39 9 10 32 12 8 10 6 5 23 56 19 0 16 12 19 4 23 19 33 13 7 15 26 18 23 65 33 4 11 48 14 47 48 19 4 15 17 23 43 39 9 19 4 1 10 44 38 39 9 10 32 12 8 10 6 5 23 56 19 16 0 19 12 4 23 19 33 3 13 26 15 18 23 65 16 5 14 0 48 4 35 19 4 17 11 43 38 39 9 19 4 1 15 44 23 39 9 10 32 8 12 6 10 5 23 56 19 16 0 19 12 4 23 19 33 7 13 26 15 18 23 8254643.0252499999
19 4 15 16 23 43 39 9 56 19 1 0 19 12 4 23 19 4 10 8 38 44 39 9 19 33 11 13 26 15 18 23 10 32 17 14 6 10 5 23 65 16 5 12 0 48 4 35 19 4 15 16 23 43 39 9 56 19 0 1 12 19 4 23 19 4 10 8 38 44 39 9 19 33 13 11 15 26 18 23 56 12 14 18 0 14 4 23 10 32 12 17 10 6 5 23 19 4 16 15 43 23 39 9 56 19 1 0 19 12 4 23 19 4 7 8 38 44 39 9 19 33 13 11 15 26 18 23 65 16 12 5 48 0 4 35 10 32 14 17 10 6 5 23 19 4 16 15 43 23 39 9 56 19 0 1 12 19 4 23 8256668.0810000002
19 33 7 13 26 15 18 23 19 4 15 11 23 38 39 9 65 16 5 12 0 48 4 35 10 32 14 1 10 6 5 23 56 19 8 0 19 12 4 23 19 4 17 16 43 44 39 9 19 33 13 7 15 26 18 23 19 4 11 15 38 23 39 9 65 16 5 12 0 48 4 35 10 32 14 1 10 6 5 23 56 19 17 0 19 12 4 23 19 4 16 8 43 44 39 9 19 33 7 13 26 15 18 23 19 4 10 15 38 23 39 9 56 12 12 9 0 14 4 23 10 32 14 1 10 6 5 23 56 19 0 17 12 19 4 23 19 4 8 16 43 44 39 9 19 33 7 13 26 15 18 23 65 33 2 3 48 14 4 11 8257995.5752499998
56 19 1 0 19 12 4 23 65 33 3 4 14 48 47 48 10 32 17 14 6 10 5 23 19 33 11 13 26 15 18 23 19 4 7 15 38 23 39 9 19 4 16 8 43 44 39 9 56 19 1 0 19 12 4 23 65 16 5 12 0 48 4 35 10 32 17 14 6 10 5 23 19 33 3 13 26 15 18 23 19 4 10 15 38 23 39 9 19 4 16 8 43 44 39 9 56 19 0 1 12 19 4 23 65 33 11 4 14 48 47 48 10 32 14 17 10 6 5 23 19 33 13 7 15 26 18 23 19 4 16 10 43 38 39 9 19 4 15 8 23 44 39 9 56 19 1 0 19 12 4 23 65 16 5 12 0 48 4 35 8258938.4084999999
56 19 16 0 19 12 4 23 19 4 17 10 43 38 39 9 19 4 8 15 44 23 39 9 65 33 4 11 48 14 47 48 10 32 14 1 10 6 5 23 19 33 7 13 26 15 18 23 56 19 0 16 12 19 4 23 19 4 17 10 44 38 39 9 19 4 15 8 23 43 39 9 56 12 9 12 14 0 4 23 10 32 14 1 10 6 5 23 19 33 13 3 15 26 18 23 56 19 0 16 12 19 4 23 19 4 10 8 38 44 39 9 19 4 17 15 43 23 39 9 65 16 12 5 48 0 4 35 10 32 14 1 10 6 5 23 19 33 7 13 26 15 18 23 56 19 0 16 12 19 4 23 19 4 11 8 38 44 39 9 8259122.8192500006
56 19 16 0 19 12 4 23 10 32 1 14 6 10 5 23 65 16 5 12 0 48 4 35 19 33 13 7 15 26 18 23 19 4 15 8 23 43 39 9 19 4 17 10 44 38 39 9 56 19 16 0 19 12 4 23 10 32 1 14 6 10 5 23 65 16 12 5 48 0 4 35 19 33 13 3 15 26 18 23 19 4 15 7 23 38 39 9 19 4 8 17 43 44 39 9 56 19 1 0 19 12 4 23 10 32 12 16 10 6 5 23 65 33 11 4 14 48 47 48 19 33 3 13 26 15 18 23 19 4 15 7 23 38 39 9 19 4 17 14 43 44 39 9 56 19 0 8 12 19 4 23 10 32 1 12 6 10 5 23 8261393.0244999994
56 19 0 8 12 19 4 23 65 16 17 5 14 0 4 35 19 4 11 15 38 23 39 9 10 32 12 1 10 6 5 23 19 33 13 7 15 26 18 23 19 4 16 14 43 44 39 9 56 19 8 0 19 12 4 23 65 12 19 6 48 14 4 11 19 4 10 15 38 23 39 9 10 32 1 12 6 10 5 23 19 33 3 13 26 15 18 23 19 4 17 16 44 43 39 9 56 19 0 8 12 19 4 23 65 33 11 4 14 48 47 48 19 4 15 10 23 38 39 9 10 32 1 14 6 10 5 23 19 33 13 7 15 26 18 23 19 4 12 16 44 43 39 9 65 16 17 5 14 0 4 35 56 19 8 0 19 12 4 23 8240987.9430000000
56 19 0 8 12 19 4 23 65 16 1 5 14 0 4 35 19 4 11 15 38 23 39 9 10 32 12 17 10 6 5 23 19 33 13 7 15 26 18 23 19 4 16 14 43 44 39 9 65 12 19 6 48 14 4 11 56 19 8 0 19 12 4 23 19 4 10 15 38 23 39 9 10 32 1 12 6 10 5 23 19 33 3 13 26 15 18 23 19 4 17 16 44 43 39 9 65 33 4 11 48 14 47 48 56 19 0 8 12 19 4 23 19 4 15 10 23 38 39 9 10 32 1 14 6 10 5 23 19 33 13 7 15 26 18 23 19 4 17 16 44 43 39 9 65 16 12 5 48 0 4 35 56 19 8 0 19 12 4 23 8241300.6897499999
56 19 17 0 19 12 4 23 65 16 5 8 0 14 4 35 19 33 7 13 26 15 18 23 19 4 15 16 23 43 39 9 19 4 10 12 38 44 39 9 10 32 1 14 6 10 5 23 56 19 0 17 12 19 4 23 65 33 3 4 14 48 47 48 19 33 13 11 15 26 18 23 19 4 16 8 43 44 39 9 19 4 10 15 38 23 39 9 10 32 1 12 6 10 5 23 56 19 0 17 12 19 4 23 65 33 7 2 14 48 47 11 19 33 3 13 26 15 18 23 19 4 8 16 43 44 39 9 19 4 15 11 23 38 39 9 10 32 1 14 6 10 5 23 56 19 17 0 19 12 4 23 65 16 5 12 0 48 4 35 8245485.7037500003
56 19 0 16 12 19 4 23 10 32 17 14 6 10 5 23 65 12 19 6 48 14 4 11 19 4 8 15 43 23 39 9 19 33 13 3 15 26 18 23 19 4 7 1 38 44 39 9 56 19 16 0 19 12 4 23 65 16 12 5 48 0 4 35 10 32 17 14 6 10 5 23 19 4 15 8 23 43 39 9 19 33 13 11 15 26 18 23 19 4 10 1 38 44 39 9 56 19 0 16 12 19 4 23 56 12 18 12 14 0 4 23 10 32 17 14 6 10 5 23 19 4 15 8 23 43 39 9 19 33 3 13 26 15 18 23 19 4 1 11 44 38 39 9 56 19 16 0 19 12 4 23 65 33 4 7 48 14 47 48 8248973.2100000000
65 33 11 4 14 48 47 48 56 19 0 8 12 19 4 23 19 4 16 17 43 44 39 9 10 32 14 1 10 6 5 23 19 33 7 13 26 15 18 23 65 16 12 5 48 0 4 35 19 4 10 15 38 23 39 9 56 19 8 0 19 12 4 23 19 4 16 17 43 44 39 9 10 32 14 1 10 6 5 23 19 33 3 13 26 15 18 23 65 33 4 7 48 14 47 48 19 4 11 15 38 23 39 9 56 19 8 0 19 12 4 23 19 4 16 17 43 44 39 9 10 32 14 1 10 6 5 23 19 33 13 3 15 26 18 23 56 12 9 12 14 0 4 23 19 4 10 15 38 23 39 9 56 19 0 8 12 19 4 23 8249648.0802499996
56 19 0 17 12 19 4 23 65 33 7 4 14 48 47 48 19 4 11 15 38 23 39 9 10 32 14 16 10 6 5 23 19 4 8 1 43 44 39 9 19 33 3 13 26 15 18 23 65 16 5 12 0 48 4 35 56 19 17 0 19 12 4 23 19 4 10 15 38 23 39 9 10 32 14 1 10 6 5 23 19 4 8 16 44 43 39 9 19 33 7 13 26 15 18 23 65 16 12 5 48 0 4 35 56 19 17 0 19 12 4 23 19 4 11 15 38 23 39 9 10 32 14 1 10 6 5 23 19 4 16 8 43 44 39 9 19 33 13 7 15 26 18 23 65 12 19 6 48 14 4 11 56 19 0 17 12 19 4 23 8254393.4407500010
56 19 0 16 12 19 4 23 19 33 13 3 15 26 18 23 65 16 14 5 48 0 4 35 19 4 15 17 23 43 39 9 19 4 10 1 38 44 39 9 10 32 12 8 10 6 5 23 56 19 0 16 12 19 4 23 19 33 13 7 15 26 18 23 65 33 4 11 48 14 47 48 19 4 15 17 23 43 39 9 19 4 1 10 44 38 39 9 10 32 12 8 10 6 5 23 56 19 16 0 19 12 4 23 19 33 3 13 26 15 18 23 65 16 5 14 0 48 4 35 19 4 17 11 43 38 39 9 19 4 1 15 44 23 39 9 10 32 8 12 6 10 5 23 56 19 16 0 19 12 4 23 19 33 7 13 26 15 18 23 8254643.0252499999
19 4 15 16 23 43 39 9 56 19 1 0 19 12 4 23 19 4 10 8 38 44 39 9 19 33 11 13 26 15 18 23 10 32 17 14 6 10 5 23 65 16 5 12 0 48 4 35 19 4 15 16 23 43 39 9 56 19 0 1 12 19 4 23 19 4 10 8 38 44 39 9 19 33 13 11 15 26 18 23 56 12 14 18 0 14 4 23 10 32 12 17 10 6 5 23 19 4 16 15 43 23 39 9 56 19 1 0 19 12 4 23 19 4 7 8 38 44 39 9 19 33 13 11 15 26 18 23 65 16 12 5 48 0 4 35 10 32 14 17 10 6 5 23 19 4 16 15 43 23 39 9 56 19 0 1 12 19 4 23 8256668.0810000002
19 33 7 13 26 15 18 23 19 4 15 11 23 38 39 9 65 16 5 12 0 48 4 35 10 32 14 1 10 6 5 23 56 19 8 0 19 12 4 23 19 4 17 16 43 44 39 9 19 33 13 7 15 26 18 23 19 4 11 15 38 23 39 9 65 16 5 12 0 48 4 35 10 32 14 1 10 6 5 23 56 19 17 0 19 12 4 23 19 4 16 8 43 44 39 9 19 33 7 13 26 15 18 23 19 4 10 15 38 23 39 9 56 12 12 9 0 14 4 23 10 32 14 1 10 6 5 23 56 19 0 17 12 19 4 23 19 4 8 16 43 44 39 9 19 33 7 13 26 15 18 23 65 33 2 3 48 14 4 11 8257995.5752499998
56 19 1 0 19 12 4 23 65 33 3 4 14 48 47 48 10 32 17 14 6 10 5 23 19 33 11 13 26 15 18 23 19 4 7 15 38 23 39 9 19 4 16 8 43 44 39 9 56 19 1 0 19 12 4 23 65 16 5 12 0 48 4 35 10 32 17 14 6 10 5 23 19 33 3 13 26 15 18 23 19 4 10 15 38 23 39 9 19 4 16 8 43 44 39 9 56 19 0 1 12 19 4 23 65 33 11 4 14 48 47 48 10 32 14 17 10 6 5 23 19 33 13 7 15 26 18 23 19 4 16 10 43 38 39 9 19 4 15 8 23 44 39 9 56 19 1 0 19 12 4 23 65 16 5 12 0 48 4 35 8258938.4084999999
56 19 0 8 12 19 4 23 65 16 17 5 14 0 4 35 19 4 11 15 38 23 39 9 10 32 12 1 10 6 5 23 19 33 13 7 15 26 18 23 19 4 16 14 43 44 39 9 56 19 8 0 19 12 4 23 65 12 19 6 48 14 4 11 19 4 10 15 38 23 39 9 10 32 1 12 6 10 5 23 19 33 3 13 26 15 18 23 19 4 17 16 44 43 39 9 56 19 0 8 12 19 4 23 65 33 11 4 14 48 47 48 19 4 15 10 23 38 39 9 10 32 1 14 6 10 5 23 19 33 13 7 15 26 18 23 19 4 12 16 44 43 39 9 65 16 17 5 14 0 4 35 56 19 8 0 19 12 4 23 8240987.9430000000
56 19 0 8 12 19 4 23 65 16 1 5 14 0 4 35 19 4 11 15 38 23 39 9 10 32 12 17 10 6 5 23 19 33 13 7 15 26 18 23 19 4 16 14 43 44 39 9 65 12 19 6 48 14 4 11 56 19 8 0 19 12 4 23 19 4 10 15 38 23 39 9 10 32 1 12 6 10 5 23 19 33 3 13 26 15 18 23 19 4 17 16 44 43 39 9 65 33 4 11 48 14 47 48 56 19 0 8 12 19 4 23 19 4 15 10 23 38 39 9 10 32 1 14 6 10 5 23 19 33 13 7 15 26 18 23 19 4 17 16 44 43 39 9 65 16 12 5 48 0 4 35 56 19 8 0 19 12 4 23 8241300.6897499999
56 19 17 0 19 12 4 23 65 16 5 8 0 14 4 35 19 33 7 13 26 15 18 23 19 4 15 16 23 43 39 9 19 4 10 12 38 44 39 9 10 32 1 14 6 10 5 23 56 19 0 17 12 19 4 23 65 33 3 4 14 48 47 48 19 33 13 11 15 26 18 23 19 4 16 8 43 44 39 9 19 4 10 15 38 23 39 9 10 32 1 12 6 10 5 23 56 19 0 17 12 19 4 23 65 33 7 2 14 48 47 11 19 33 3 13 26 15 18 23 19 4 8 16 43 44 39 9 19 4 15 11 23 38 39 9 10 32 1 14 6 10 5 23 56 19 17 0 19 12 4 23 65 16 5 12 0 48 4 35 8245485.7037500003
56 19 0 8 12 19 4 23 19 4 11 15 38 23 39 9 65 16 12 5 48 0 4 35 10 32 14 1 10 6 5 23 19 33 13 7 15 26 18 23 19 4 17 16 43 44 39 9 56 19 8 0 19 12 4 23 19 4 10 15 38 23 39 9 56 12 12 18 0 14 4 23 10 32 1 14 6 10 5 23 19 33 11 13 26 15 18 23 19 4 17 16 44 43 39 9 56 19 0 8 12 19 4 23 65 33 4 3 48 14 47 48 19 4 15 10 23 38 39 9 10 32 1 14 6 10 5 23 19 33 13 7 15 26 18 23 19 4 12 16 44 43 39 9 56 19 17 0 19 12 4 23 10 27 11 8 48 14 47 47 8245575.6049999995
56 19 0 16 12 19 4 23 10 32 17 14 6 10 5 23 65 12 19 6 48 14 4 11 19 4 8 15 43 23 39 9 19 33 13 3 15 26 18 23 19 4 7 1 38 44 39 9 56 19 16 0 19 12 4 23 65 16 12 5 48 0 4 35 10 32 17 14 6 10 5 23 19 4 15 8 23 43 39 9 19 33 13 11 15 26 18 23 19 4 10 1 38 44 39 9 56 19 0 16 12 19 4 23 56 12 18 12 14 0 4 23 10 32 17 14 6 10 5 23 19 4 15 8 23 43 39 9 19 33 3 13 26 15 18 23 19 4 1 11 44 38 39 9 56 19 16 0 19 12 4 23 65 33 4 7 48 14 47 48 8248973.2100000000
65 33 11 4 14 48 47 48 56 19 0 8 12 19 4 23 19 4 16 17 43 44 39 9 10 32 14 1 10 6 5 23 19 33 7 13 26 15 18 23 65 16 12 5 48 0 4 35 19 4 10 15 38 23 39 9 56 19 8 0 19 12 4 23 19 4 16 17 43 44 39 9 10 32 14 1 10 6 5 23 19 33 3 13 26 15 18 23 65 33 4 7 48 14 47 48 19 4 11 15 38 23 39 9 56 19 8 0 19 12 4 23 19 4 16 17 43 44 39 9 10 32 14 1 10 6 5 23 19 33 13 3 15 26 18 23 56 12 9 12 14 0 4 23 19 4 10 15 38 23 39 9 56 19 0 8 12 19 4 23 8249648.0802499996
56 19 1 0 19 12 4 23 19 4 8 11 44 38 39 9 65 12 6 19 14 48 4 11 19 33 3 13 26 15 18 23 10 32 14 17 10 6 5 23 19 4 16 15 43 23 39 9 56 19 0 1 12 19 4 23 19 4 11 8 38 44 39 9 56 12 18 12 14 0 4 23 19 33 13 3 15 26 18 23 10 32 17 14 6 10 5 23 19 4 16 15 43 23 39 9 56 19 8 0 19 12 4 23 19 4 1 10 44 38 39 9 65 16 12 5 48 0 4 35 19 33 13 7 15 26 18 23 10 32 17 14 6 10 5 23 19 4 16 15 43 23 39 9 56 19 8 0 19 12 4 23 65 33 4 11 48 14 47 48 8253743.1287500001
56 19 0 17 12 19 4 23 65 33 7 4 14 48 47 48 19 4 11 15 38 23 39 9 10 32 14 16 10 6 5 23 19 4 8 1 43 44 39 9 19 33 3 13 26 15 18 23 65 16 5 12 0 48 4 35 56 19 17 0 19 12 4 23 19 4 10 15 38 23 39 9 10 32 14 1 10 6 5 23 19 4 8 16 44 43 39 9 19 33 7 13 26 15 18 23 65 16 12 5 48 0 4 35 56 19 17 0 19 12 4 23 19 4 11 15 38 23 39 9 10 32 14 1 10 6 5 23 19 4 16 8 43 44 39 9 19 33 13 7 15 26 18 23 65 12 19 6 48 14 4 11 56 19 0 17 12 19 4 23 8254393.4407500010
56 19 0 16 12 19 4 23 19 33 13 3 15 26 18 23 65 16 14 5 48 0 4 35 19 4 15 17 23 43 39 9 19 4 10 1 38 44 39 9 10 32 12 8 10 6 5 23 56 19 0 16 12 19 4 23 19 33 13 7 15 26 18 23 65 33 4 11 48 14 47 48 19 4 15 17 23 43 39 9 19 4 1 10 44 38 39 9 10 32 12 8 10 6 5 23 56 19 16 0 19 12 4 23 19 33 3 13 26 15 18 23 65 16 5 14 0 48 4 35 19 4 17 11 43 38 39 9 19 4 1 15 44 23 39 9 10 32 8 12 6 10 5 23 56 19 16 0 19 12 4 23 19 33 7 13 26 15 18 23 8254643.0252499999
19 4 15 16 23 43 39 9 56 19 1 0 19 12 4 23 19 4 10 8 38 44 39 9 19 33 11 13 26 15 18 23 10 32 17 14 6 10 5 23 65 16 5 12 0 48 4 35 19 4 15 16 23 43 39 9 56 19 0 1 12 19 4 23 19 4 10 8 38 44 39 9 19 33 13 11 15 26 18 23 56 12 14 18 0 14 4 23 10 32 12 17 10 6 5 23 19 4 16 15 43 23 39 9 56 19 1 0 19 12 4 23 19 4 7 8 38 44 39 9 19 33 13 11 15 26 18 23 65 16 12 5 48 0 4 35 10 32 14 17 10 6 5 23 19 4 16 15 43 23 39 9 56 19 0 1 12 19 4 23 8256668.0810000002
56 19 0 8 12 19 4 23 65 16 17 5 14 0 4 35 19 4 11 15 38 23 39 9 10 32 12 1 10 6 5 23 19 33 13 7 15 26 18 23 19 4 16 14 43 44 39 9 56 19 8 0 19 12 4 23 65 12 19 6 48 14 4 11 19 4 10 15 38 23 39 9 10 32 1 12 6 10 5 23 19 33 3 13 26 15 18 23 19 4 17 16 44 43 39 9 56 19 0 8 12 19 4 23 65 33 11 4 14 48 47 48 19 4 15 10 23 38 39 9 10 32 1 14 6 10 5 23 19 33 13 7 15 26 18 23 19 4 12 16 44 43 39 9 65 16 17 5 14 0 4 35 56 19 8 0 19 12 4 23 8240987.9430000000
56 19 0 8 12 19 4 23 65 16 1 5 14 0 4 35 19 4 11 15 38 23 39 9 10 32 12 17 10 6 5 23 19 33 13 7 15 26 18 23 19 4 16 14 43 44 39 9 65 12 19 6 48 14 4 11 56 19 8 0 19 12 4 23 19 4 10 15 38 23 39 9 10 32 1 12 6 10 5 23 19 33 3 13 26 15 18 23 19 4 17 16 44 43 39 9 65 33 4 11 48 14 47 48 56 19 0 8 12 19 4 23 19 4 15 10 23 38 39 9 10 32 1 14 6 10 5 23 19 33 13 7 15 26 18 23 19 4 17 16 44 43 39 9 65 16 12 5 48 0 4 35 56 19 8 0 19 12 4 23 8241300.6897499999
56 19 17 0 19 12 4 23 65 16 5 8 0 14 4 35 19 33 7 13 26 15 18 23 19 4 15 16 23 43 39 9 19 4 10 12 38 44 39 9 10 32 1 14 6 10 5 23 56 19 0 17 12 19 4 23 65 33 3 4 14 48 47 48 19 33 13 11 15 26 18 23 19 4 16 8 43 44 39 9 19 4 10 15 38 23 39 9 10 32 1 12 6 10 5 23 56 19 0 17 12 19 4 23 65 33 7 2 14 48 47 11 19 33 3 13 26 15 18 23 19 4 8 16 43 44 39 9 19 4 15 11 23 38 39 9 10 32 1 14 6 10 5 23 56 19 17 0 19 12 4 23 65 16 5 12 0 48 4 35 8245485.7037500003
56 19 0 8 12 19 4 23 19 4 11 15 38 23 39 9 65 16 12 5 48 0 4 35 10 32 14 1 10 6 5 23 19 33 13 7 15 26 18 23 19 4 17 16 43 44 39 9 56 19 8 0 19 12 4 23 19 4 10 15 38 23 39 9 56 12 12 18 0 14 4 23 10 32 1 14 6 10 5 23 19 33 11 13 26 15 18 23 19 4 17 16 44 43 39 9 56 19 0 8 12 19 4 23 65 33 4 3 48 14 47 48 19 4 15 10 23 38 39 9 10 32 1 14 6 10 5 23 19 33 13 7 15 26 18 23 19 4 12 16 44 43 39 9 56 19 17 0 19 12 4 23 10 27 11 8 48 14 47 47 8245575.6049999995
56 19 0 16 12 19 4 23 10 32 17 14 6 10 5 23 65 12 19 6 48 14 4 11 19 4 8 15 43 23 39 9 19 33 13 3 15 26 18 23 19 4 7 1 38 44 39 9 56 19 16 0 19 12 4 23 65 16 12 5 48 0 4 35 10 32 17 14 6 10 5 23 19 4 15 8 23 43 39 9 19 33 13 11 15 26 18 23 19 4 10 1 38 44 39 9 56 19 0 16 12 19 4 23 56 12 18 12 14 0 4 23 10 32 17 14 6 10 5 23 19 4 15 8 23 43 39 9 19 33 3 13 26 15 18 23 19 4 1 11 44 38 39 9 56 19 16 0 19 12 4 23 65 33 4 7 48 14 47 48 8248973.2100000000
65 33 11 4 14 48 47 48 56 19 0 8 12 19 4 23 19 4 16 17 43 44 39 9 10 32 14 1 10 6 5 23 19 33 7 13 26 15 18 23 65 16 12 5 48 0 4 35 19 4 10 15 38 23 39 9 56 19 8 0 19 12 4 23 19 4 16 17 43 44 39 9 10 32 14 1 10 6 5 23 19 33 3 13 26 15 18 23 65 33 4 7 48 14 47 48 19 4 11 15 38 23 39 9 56 19 8 0 19 12 4 23 19 4 16 17 43 44 39 9 10 32 14 1 10 6 5 23 19 33 13 3 15 26 18 23 56 12 9 12 14 0 4 23 19 4 10 15 38 23 39 9 56 19 0 8 12 19 4 23 8249648.0802499996
56 19 1 0 19 12 4 23 19 33 3 13 26 15 18 23 19 4 8 15 43 23 39 9 19 4 16 10 44 38 39 9 10 32 14 17 10 6 5 23 65 16 12 5 48 0 4 35 56 19 0 1 12 19 4 23 19 33 13 7 15 26 18 23 19 4 11 15 38 23 39 9 19 4 8 16 44 43 39 9 10 32 14 17 10 6 5 23 65 33 3 4 14 48 47 48 56 19 0 1 12 19 4 23 19 33 7 13 26 15 18 23 19 4 15 10 23 38 39 9 19 4 8 12 43 44 39 9 10 32 16 14 6 10 5 23 10 27 11 17 48 14 47 47 56 19 1 0 19 12 4 23 19 33 13 3 15 26 18 23 8250368.1589999991
56 19 1 0 19 12 4 23 19 4 8 11 44 38 39 9 65 12 6 19 14 48 4 11 19 33 3 13 26 15 18 23 10 32 14 17 10 6 5 23 19 4 16 15 43 23 39 9 56 19 0 1 12 19 4 23 19 4 11 8 38 44 39 9 56 12 18 12 14 0 4 23 19 33 13 3 15 26 18 23 10 32 17 14 6 10 5 23 19 4 16 15 43 23 39 9 56 19 8 0 19 12 4 23 19 4 1 10 44 38 39 9 65 16 12 5 48 0 4 35 19 33 13 7 15 26 18 23 10 32 17 14 6 10 5 23 19 4 16 15 43 23 39 9 56 19 8 0 19 12 4 23 65 33 4 11 48 14 47 48 8253743.1287500001
56 19 0 17 12 19 4 23 65 33 7 4 14 48 47 48 19 4 11 15 38 23 39 9 10 32 14 16 10 6 5 23 19 4 8 1 43 44 39 9 19 33 3 13 26 15 18 23 65 16 5 12 0 48 4 35 56 19 17 0 19 12 4 23 19 4 10 15 38 23 39 9 10 32 14 1 10 6 5 23 19 4 8 16 44 43 39 9 19 33 7 13 26 15 18 23 65 16 12 5 48 0 4 35 56 19 17 0 19 12 4 23 19 4 11 15 38 23 39 9 10 32 14 1 10 6 5 23 19 4 16 8 43 44 39 9 19 33 13 7 15 26 18 23 65 12 19 6 48 14 4 11 56 19 0 17 12 19 4 23 8254393.4407500010
56 19 0 16 12 19 4 23 19 33 13 3 15 26 18 23 65 16 14 5 48 0 4 35 19 4 15 17 23 43 39 9 19 4 10 1 38 44 39 9 10 32 12 8 10 6 5 23 56 19 0 16 12 19 4 23 19 33 13 7 15 26 18 23 65 33 4 11 48 14 47 48 19 4 15 17 23 43 39 9 19 4 1 10 44 38 39 9 10 32 12 8 10 6 5 23 56 19 16 0 19 12 4 23 19 33 3 13 26 15 18 23 65 16 5 14 0 48 4 35 19 4 17 11 43 38 39 9 19 4 1 15 44 23 39 9 10 32 8 12 6 10 5 23 56 19 16 0 19 12 4 23 19 33 7 13 26 15 18 23 8254643.0252499999
56 19 0 8 12 19 4 23 65 16 17 5 14 0 4 35 19 4 11 15 38 23 39 9 10 32 12 1 10 6 5 23 19 33 13 7 15 26 18 23 19 4 16 14 43 44 39 9 56 19 8 0 19 12 4 23 65 12 19 6 48 14 4 11 19 4 10 15 38 23 39 9 10 32 1 12 6 10 5 23 19 33 3 13 26 15 18 23 19 4 17 16 44 43 39 9 56 19 0 8 12 19 4 23 65 33 11 4 14 48 47 48 19 4 15 10 23 38 39 9 10 32 1 14 6 10 5 23 19 33 13 7 15 26 18 23 19 4 12 16 44 43 39 9 65 16 17 5 14 0 4 35 56 19 8 0 19 12 4 23 8240987.9430000000
56 19 0 8 12 19 4 23 65 16 17 5 14 0 4 35 19 4 11 15 38 23 39 9 10 32 12 1 10 6 5 23 19 33 13 7 15 26 18 23 19 4 16 14 43 44 39 9 56 19 8 0 19 12 4 23 65 12 19 6 48 14 4 11 19 4 10 15 38 23 39 9 10 32 1 12 6 10 5 23 19 33 3 13 26 15 18 23 19 4 17 16 44 43 39 9 56 19 0 8 12 19 4 23 65 33 11 4 14 48 47 48 19 4 15 10 23 38 39 9 10 32 1 14 6 10 5 23 19 33 13 7 15 26 18 23 19 4 12 16 44 43 39 9 65 16 17 5 14 0 4 35 56 19 8 0 19 12 4 23 8240987.9430000000
56 19 0 8 12 19 4 23 65 16 17 5 14 0 4 35 19 4 11 15 38 23 39 9 10 32 12 1 10 6 5 23 19 33 13 7 15 26 18 23 19 4 16 14 43 44 39 9 56 19 8 0 19 12 4 23 65 12 19 6 48 14 4 11 19 4 10 15 38 23 39 9 10 32 1 12 6 10 5 23 19 33 3 13 26 15 18 23 19 4 17 16 44 43 39 9 56 19 0 8 12 19 4 23 65 33 11 4 14 48 47 48 19 4 15 10 23 38 39 9 10 32 1 14 6 10 5 23 19 33 13 7 15 26 18 23 19 4 12 16 44 43 39 9 65 16 17 5 14 0 4 35 56 19 8 0 19 12 4 23 8240987.9430000000
56 19 0 8 12 19 4 23 65 16 1 5 14 0 4 35 19 4 11 15 38 23 39 9 10 32 12 17 10 6 5 23 19 33 13 7 15 26 18 23 19 4 16 14 43 44 39 9 65 12 19 6 48 14 4 11 56 19 8 0 19 12 4 23 19 4 10 15 38 23 39 9 10 32 1 12 6 10 5 23 19 33 3 13 26 15 18 23 19 4 17 16 44 43 39 9 65 33 4 11 48 14 47 48 56 19 0 8 12 19 4 23 19 4 15 10 23 38 39 9 10 32 1 14 6 10 5 23 19 33 13 7 15 26 18 23 19 4 17 16 44 43 39 9 65 16 12 5 48 0 4 35 56 19 8 0 19 12 4 23 8241300.6897499999
56 19 17 0 19 12 4 23 65 16 5 8 0 14 4 35 19 33 7 13 26 15 18 23 19 4 15 16 23 43 39 9 19 4 10 12 38 44 39 9 10 32 1 14 6 10 5 23 56 19 0 17 12 19 4 23 65 33 3 4 14 48 47 48 19 33 13 11 15 26 18 23 19 4 16 8 43 44 39 9 19 4 10 15 38 23 39 9 10 32 1 12 6 10 5 23 56 19 0 17 12 19 4 23 65 33 7 2 14 48 47 11 19 33 3 13 26 15 18 23 19 4 8 16 43 44 39 9 19 4 15 11 23 38 39 9 10 32 1 14 6 10 5 23 56 19 17 0 19 12 4 23 65 16 5 12 0 48 4 35 8245485.7037500003
56 19 0 1 12 19 4 23 65 33 4 11 48 14 47 48 19 33 3 13 26 15 18 23 10 32 17 14 6 10 5 23 19 4 8 16 44 43 39 9 19 4 10 15 38 23 39 9 56 19 1 0 19 12 4 23 56 12 12 9 0 14 4 23 19 33 13 7 15 26 18 23 10 32 17 14 6 10 5 23 19 4 16 8 44 43 39 9 19 4 11 15 38 23 39 9 56 19 0 1 12 19 4 23 65 33 3 4 14 48 47 48 19 33 13 7 15 26 18 23 10 32 17 12 6 10 5 23 19 4 14 16 44 43 39 9 19 4 10 15 38 23 39 9 65 16 5 8 0 14 4 35 56 19 1 0 19 12 4 23 8245487.9312500004
56 19 0 8 12 19 4 23 19 4 11 15 38 23 39 9 65 16 12 5 48 0 4 35 10 32 14 1 10 6 5 23 19 33 13 7 15 26 18 23 19 4 17 16 43 44 39 9 56 19 8 0 19 12 4 23 19 4 10 15 38 23 39 9 56 12 12 18 0 14 4 23 10 32 1 14 6 10 5 23 19 33 11 13 26 15 18 23 19 4 17 16 44 43 39 9 56 19 0 8 12 19 4 23 65 33 4 3 48 14 47 48 19 4 15 10 23 38 39 9 10 32 1 14 6 10 5 23 19 33 13 7 15 26 18 23 19 4 12 16 44 43 39 9 56 19 17 0 19 12 4 23 10 27 11 8 48 14 47 47 8245575.6049999995
56 19 0 1 12 19 4 23 65 33 4 11 48 14 47 48 19 33 3 13 26 15 18 23 10 32 17 14 6 10 5 23 19 4 8 16 44 43 39 9 19 4 10 15 38 23 39 9 56 19 1 0 19 12 4 23 56 12 12 9 0 14 4 23 19 33 13 7 15 26 18 23 10 32 17 14 6 10 5 23 19 4 16 8 44 43 39 9 19 4 11 15 38 23 39 9 65 33 3 4 14 48 47 48 56 19 0 1 12 19 4 23 19 33 13 7 15 26 18 23 10 32 12 17 10 6 5 23 19 4 14 16 44 43 39 9 19 4 10 15 38 23 39 9 10 27 11 8 48 14 47 47 56 19 1 0 19 12 4 23 8245665.6817499995
56 12 14 9 0 14 4 23 56 19 0 1 12 19 4 23 19 33 11 13 26 15 18 23 19 4 8 16 43 44 39 9 19 4 10 15 38 23 39 9 10 32 17 12 6 10 5 23 65 33 4 7 48 14 47 48 56 19 0 1 12 19 4 23 19 33 3 13 26 15 18 23 19 4 8 16 44 43 39 9 19 4 11 15 38 23 39 9 65 16 14 5 48 0 4 35 10 32 17 12 6 10 5 23 56 19 1 0 19 12 4 23 19 33 7 13 26 15 18 23 19 4 8 16 44 43 39 9 19 4 10 15 38 23 39 9 65 33 3 4 14 48 47 48 10 32 17 14 6 10 5 23 56 19 1 0 19 12 4 23 8246318.0922499998
56 19 1 0 19 12 4 23 19 4 8 17 43 44 39 9 65 16 14 5 48 0 4 35 10 32 16 12 6 10 5 23 19 4 7 15 38 23 39 9 19 33 3 13 26 15 18 23 56 19 0 1 12 19 4 23 19 4 8 17 43 44 39 9 65 33 4 11 48 14 47 48 10 32 12 16 10 6 5 23 19 4 15 10 23 38 39 9 19 33 7 13 26 15 18 23 56 19 0 1 12 19 4 23 19 4 14 17 44 43 39 9 65 33 3 2 14 48 4 11 10 32 12 8 10 6 5 23 19 4 10 15 38 23 39 9 19 33 13 11 15 26 18 23 56 19 16 0 19 12 4 23 65 16 5 14 0 48 4 35 8247733.3315000003
56 19 0 8 12 19 4 23 65 16 17 5 14 0 4 35 19 4 11 15 38 23 39 9 10 32 12 1 10 6 5 23 19 33 13 7 15 26 18 23 19 4 16 14 43 44 39 9 56 19 8 0 19 12 4 23 65 12 19 6 48 14 4 11 19 4 10 15 38 23 39 9 10 32 1 12 6 10 5 23 19 33 3 13 26 15 18 23 19 4 17 16 44 43 39 9 56 19 0 8 12 19 4 23 65 33 11 4 14 48 47 48 19 4 15 10 23 38 39 9 10 32 1 14 6 10 5 23 19 33 13 7 15 26 18 23 19 4 12 16 44 43 39 9 65 16 17 5 14 0 4 35 56 19 8 0 19 12 4 23 8240987.9430000000
56 19 0 8 12 19 4 23 65 16 17 5 14 0 4 35 19 4 11 15 38 23 39 9 10 32 12 1 10 6 5 23 19 33 13 7 15 26 18 23 19 4 16 14 43 44 39 9 56 19 8 0 19 12 4 23 65 12 19 6 48 14 4 11 19 4 10 15 38 23 39 9 10 32 1 12 6 10 5 23 19 33 3 13 26 15 18 23 19 4 17 16 44 43 39 9 56 19 0 8 12 19 4 23 65 33 11 4 14 48 47 48 19 4 15 10 23 38 39 9 10 32 1 14 6 10 5 23 19 33 13 7 15 26 18 23 19 4 12 16 44 43 39 9 65 16 17 5 14 0 4 35 56 19 8 0 19 12 4 23 8240987.9430000000
56 19 0 8 12 19 4 23 65 16 17 5 14 0 4 35 19 4 11 15 38 23 39 9 10 32 12 1 10 6 5 23 19 33 13 7 15 26 18 23 19 4 16 14 43 44 39 9 56 19 8 0 19 12 4 23 65 12 19 6 48 14 4 11 19 4 10 15 38 23 39 9 10 32 1 12 6 10 5 23 19 33 3 13 26 15 18 23 19 4 17 16 44 43 39 9 56 19 0 8 12 19 4 23 65 33 11 4 14 48 47 48 19 4 15 10 23 38 39 9 10 32 1 14 6 10 5 23 19 33 13 7 15 26 18 23 19 4 12 16 44 43 39 9 65 16 17 5 14 0 4 35 56 19 8 0 19 12 4 23 8240987.9430000000
56 19 0 8 12 19 4 23 65 16 1 5 14 0 4 35 19 4 11 15 38 23 39 9 10 32 12 17 10 6 5 23 19 33 13 7 15 26 18 23 19 4 16 14 43 44 39 9 65 12 19 6 48 14 4 11 56 19 8 0 19 12 4 23 19 4 10 15 38 23 39 9 10 32 1 12 6 10 5 23 19 33 3 13 26 15 18 23 19 4 17 16 44 43 39 9 65 33 4 11 48 14 47 48 56 19 0 8 12 19 4 23 19 4 15 10 23 38 39 9 10 32 1 14 6 10 5 23 19 33 13 7 15 26 18 23 19 4 17 16 44 43 39 9 65 16 12 5 48 0 4 35 56 19 8 0 19 12 4 23 8241300.6897499999
56 19 17 0 19 12 4 23 65 16 5 8 0 14 4 35 19 33 7 13 26 15 18 23 19 4 15 16 23 43 39 9 19 4 10 12 38 44 39 9 10 32 1 14 6 10 5 23 56 19 0 17 12 19 4 23 65 33 3 4 14 48 47 48 19 33 13 11 15 26 18 23 19 4 16 8 43 44 39 9 19 4 10 15 38 23 39 9 10 32 1 12 6 10 5 23 56 19 0 17 12 19 4 23 65 33 7 2 14 48 47 11 19 33 3 13 26 15 18 23 19 4 8 16 43 44 39 9 19 4 15 11 23 38 39 9 10 32 1 14 6 10 5 23 56 19 17 0 19 12 4 23 65 16 5 12 0 48 4 35 8245485.7037500003
56 19 0 1 12 19 4 23 65 33 4 11 48 14 47 48 19 33 3 13 26 15 18 23 10 32 17 14 6 10 5 23 19 4 8 16 44 43 39 9 19 4 10 15 38 23 39 9 56 19 1 0 19 12 4 23 56 12 12 9 0 14 4 23 19 33 13 7 15 26 18 23 10 32 17 14 6 10 5 23 19 4 16 8 44 43 39 9 19 4 11 15 38 23 39 9 56 19 0 1 12 19 4 23 65 33 3 4 14 48 47 48 19 33 13 7 15 26 18 23 10 32 17 12 6 10 5 23 19 4 14 16 44 43 39 9 19 4 10 15 38 23 39 9 65 16 5 8 0 14 4 35 56 19 1 0 19 12 4 23 8245487.9312500004
56 19 0 8 12 19 4 23 19 4 11 15 38 23 39 9 65 16 12 5 48 0 4 35 10 32 14 1 10 6 5 23 19 33 13 7 15 26 18 23 19 4 17 16 43 44 39 9 56 19 8 0 19 12 4 23 19 4 10 15 38 23 39 9 56 12 12 18 0 14 4 23 10 32 1 14 6 10 5 23 19 33 11 13 26 15 18 23 19 4 17 16 44 43 39 9 56 19 0 8 12 19 4 23 65 33 4 3 48 14 47 48 19 4 15 10 23 38 39 9 10 32 1 14 6 10 5 23 19 33 13 7 15 26 18 23 19 4 12 16 44 43 39 9 56 19 17 0 19 12 4 23 10 27 11 8 48 14 47 47 8245575.6049999995
56 19 0 1 12 19 4 23 65 33 4 11 48 14 47 48 19 33 3 13 26 15 18 23 10 32 17 14 6 10 5 23 19 4 8 16 44 43 39 9 19 4 10 15 38 23 39 9 56 19 1 0 19 12 4 23 56 12 12 9 0 14 4 23 19 33 13 7 15 26 18 23 10 32 17 14 6 10 5 23 19 4 16 8 44 43 39 9 19 4 11 15 38 23 39 9 65 33 3 4 14 48 47 48 56 19 0 1 12 19 4 23 19 33 13 7 15 26 18 23 10 32 12 17 10 6 5 23 19 4 14 16 44 43 39 9 19 4 10 15 38 23 39 9 10 27 11 8 48 14 47 47 56 19 1 0 19 12 4 23 8245665.6817499995
56 12 14 9 0 14 4 23 56 19 0 1 12 19 4 23 19 33 11 13 26 15 18 23 19 4 8 16 43 44 39 9 19 4 10 15 38 23 39 9 10 32 17 12 6 10 5 23 65 33 4 7 48 14 47 48 56 19 0 1 12 19 4 23 19 33 3 13 26 15 18 23 19 4 8 16 44 43 39 9 19 4 11 15 38 23 39 9 65 16 14 5 48 0 4 35 10 32 17 12 6 10 5 23 56 19 1 0 19 12 4 23 19 33 7 13 26 15 18 23 19 4 8 16 44 43 39 9 19 4 10 15 38 23 39 9 65 33 3 4 14 48 47 48 10 32 17 14 6 10 5 23 56 19 1 0 19 12 4 23 8246318.0922499998
56 19 1 0 19 12 4 23 19 4 8 17 43 44 39 9 65 16 14 5 48 0 4 35 10 32 16 12 6 10 5 23 19 4 7 15 38 23 39 9 19 33 3 13 26 15 18 23 56 19 0 1 12 19 4 23 19 4 8 17 43 44 39 9 65 33 4 11 48 14 47 48 10 32 12 16 10 6 5 23 19 4 15 10 23 38 39 9 19 33 7 13 26 15 18 23 56 19 0 1 12 19 4 23 19 4 14 17 44 43 39 9 65 33 3 2 14 48 4 11 10 32 12 8 10 6 5 23 19 4 10 15 38 23 39 9 19 33 13 11 15 26 18 23 56 19 16 0 19 12 4 23 65 16 5 14 0 48 4 35 8247733.3315000003
