53 13 19 5 45 31 26 26 1 6 19 11 12 32 1 28 60 35 2 1 43 50 2 58 32 11 6 14 39 28 40 7 58 27 6 9 21 33 14 45 47 0 9 5 46 30 11 37 63 3 13 8 34 13 13 26 27 33 11 4 38 29 6 37 58 7 19 16 28 4 27 52 51 21 9 7 14 30 19 19 66 13 16 4 0 16 20 56 21 4 1 13 33 36 22 53 66 1 14 0 50 11 36 4 14 20 16 6 2 23 47 45 71 8 18 13 41 12 34 29 37 2 0 18 19 13 22 48 75 24 3 9 13 48 38 37 12 23 16 4 5 8 31 16 1 29 9 10 20 48 8 26 25 33 13 0 41 27 44 38 3378556112631242.5000000000
22 19 13 3 42 34 47 25 64 36 10 13 31 3 16 15 31 13 10 17 49 17 39 55 62 6 1 18 27 37 16 57 58 33 8 4 3 27 41 58 70 34 1 17 5 3 42 15 57 7 16 0 36 19 27 15 67 15 10 13 9 0 20 26 17 10 14 6 21 17 28 42 78 3 3 7 40 21 8 50 57 26 0 14 39 9 11 49 10 8 15 10 30 16 12 44 75 24 13 11 10 4 3 8 38 7 10 12 23 21 14 22 1 32 8 10 37 15 44 42 35 24 16 17 27 43 16 20 66 7 18 6 40 8 8 24 63 15 4 0 23 9 6 22 74 4 3 11 46 44 32 4 19 35 14 18 43 9 4 17 3020403315617309.0000000000
33 36 3 8 14 22 48 37 73 22 11 12 3 0 46 6 65 12 9 16 20 4 17 54 20 0 15 1 13 43 6 0 78 8 1 6 17 50 10 57 30 20 3 0 17 25 18 44 63 9 17 7 30 12 10 20 63 30 6 5 38 2 7 48 77 35 17 5 22 32 9 8 26 19 11 19 45 25 25 35 43 11 17 3 47 7 29 3 11 23 4 3 44 50 35 6 20 7 18 13 1 37 24 21 48 31 10 7 45 50 40 23 21 17 0 19 42 35 42 24 29 36 4 2 29 31 15 55 5 28 2 6 49 26 42 24 70 23 16 3 11 24 24 54 14 31 4 5 15 37 36 43 4 2 3 8 6 16 14 5 2360890036437429.5000000000
15 4 9 2 11 6 10 15 65 15 8 14 9 29 7 58 54 15 10 6 35 15 6 29 47 6 0 10 10 47 18 29 57 7 0 18 24 12 48 54 18 2 15 14 29 35 10 49 26 11 8 19 10 26 12 14 18 1 19 8 32 13 36 31 26 6 18 9 14 21 16 22 34 6 11 3 16 3 35 19 9 11 13 2 6 48 9 50 71 3 4 7 27 21 4 45 46 31 4 9 12 1 7 54 1 20 2 16 46 45 30 16 75 33 1 7 16 46 39 38 58 14 19 6 50 35 1 11 41 33 17 13 31 44 37 49 58 17 15 18 37 28 15 24 38 15 2 5 48 9 28 13 44 7 11 15 7 49 0 10 2745775523008370.5000000000
55 6 1 18 45 4 34 51 5 31 12 17 41 35 13 52 48 5 3 15 33 44 39 4 27 15 11 7 24 40 41 15 45 31 17 5 45 19 7 22 6 24 11 7 21 39 13 55 35 24 0 15 24 50 44 55 64 27 3 19 44 22 0 28 55 26 15 16 7 41 47 4 36 32 2 15 31 34 33 39 17 5 12 16 16 32 41 28 24 24 10 17 12 21 15 30 4 10 18 15 21 49 42 11 6 14 0 5 33 37 0 11 19 6 16 5 32 27 32 40 58 12 19 15 21 48 37 49 59 6 2 1 35 3 32 53 21 35 19 1 22 37 9 54 16 6 14 3 15 28 44 2 26 7 15 9 49 14 20 22 2200918994174763.5000000000
27 17 3 11 1 18 5 21 22 9 14 5 45 18 4 45 12 22 17 16 19 6 13 12 9 32 19 18 0 46 39 26 36 3 3 0 23 46 37 49 69 2 8 9 3 24 38 47 20 3 16 4 6 30 36 1 1 31 13 18 1 42 37 57 8 16 19 16 3 29 37 22 19 8 3 5 49 50 14 52 71 13 18 15 6 17 47 36 53 6 3 1 31 33 30 36 69 6 6 11 24 0 18 45 73 34 9 4 17 48 32 49 34 28 10 16 37 0 35 21 53 27 10 9 35 1 25 54 2 19 11 7 27 14 35 11 75 33 11 4 24 30 16 58 69 36 15 16 19 31 19 28 70 1 14 12 16 26 29 56 3785207142313481.5000000000
34 20 6 17 39 4 32 8 46 22 15 14 19 36 15 34 26 17 6 13 6 8 31 21 7 14 6 2 7 19 13 11 40 15 14 12 10 39 9 11 29 0 13 6 3 46 34 13 58 22 9 19 49 11 21 3 23 35 15 7 42 34 26 28 6 13 0 18 37 42 36 0 62 2 16 9 5 50 15 5 34 9 19 14 12 45 6 23 23 1 17 16 15 42 36 27 14 0 0 9 4 38 45 12 23 26 13 0 15 19 10 3 13 4 14 16 7 34 26 6 6 34 5 18 30 16 26 49 1 34 12 19 1 16 7 57 28 31 13 9 35 30 20 25 75 13 7 11 27 4 33 51 1 16 14 7 28 7 36 54 3375409193664573.5000000000
51 3 9 11 33 39 30 28 37 22 19 7 43 8 11 34 54 31 17 12 19 42 18 8 25 11 15 16 16 40 44 38 73 19 12 16 19 50 22 16 54 32 13 10 30 2 30 37 49 18 12 14 21 26 13 42 20 35 8 2 44 42 10 9 5 13 4 13 42 17 5 22 7 17 17 13 22 5 6 14 11 1 8 11 7 47 12 20 76 34 7 3 48 3 3 19 7 14 16 9 45 19 37 44 51 24 16 10 0 24 4 47 10 28 6 15 21 42 43 14 68 24 5 17 50 29 37 19 3 25 7 19 40 42 15 12 61 27 6 4 32 13 47 54 16 10 13 19 0 3 6 26 70 29 4 8 44 4 5 42 2713419053852882.5000000000
17 29 7 14 11 9 39 6 36 25 13 15 45 27 17 50 48 19 10 18 13 16 24 50 75 15 17 10 1 28 10 18 25 15 12 5 9 6 3 47 10 6 14 9 40 11 11 19 39 35 7 0 42 40 9 41 67 32 0 3 9 45 35 46 69 16 8 10 35 22 8 20 78 1 11 14 15 14 30 56 6 1 19 10 19 39 33 32 48 2 9 6 41 32 8 4 77 32 8 9 24 18 20 38 55 19 8 9 4 28 40 49 22 28 8 16 3 48 14 31 31 35 8 14 13 43 46 20 40 31 10 12 21 23 15 52 5 4 14 16 28 7 41 13 33 0 5 1 21 18 38 1 64 9 0 14 21 14 12 25 2664408064685825.0000000000
37 22 12 13 9 17 6 0 18 12 11 4 49 7 18 35 25 36 3 4 50 37 22 29 45 21 9 6 2 24 48 42 1 8 4 16 12 10 39 11 36 3 17 10 2 29 29 54 32 12 3 11 9 38 48 45 38 11 4 1 5 13 9 23 5 8 19 14 38 0 25 33 24 7 2 11 16 8 16 25 18 9 5 1 28 15 29 36 16 34 15 14 15 45 15 3 14 13 13 2 18 9 29 17 27 29 14 8 9 15 15 45 13 28 19 10 32 38 20 10 71 5 14 12 34 42 34 35 65 36 7 16 16 48 14 6 62 13 0 13 15 42 20 43 10 19 8 15 41 42 4 31 77 15 19 18 43 18 0 16 2031014930908020.2500000000
56 19 0 17 12 19 4 23 19 4 16 11 43 38 39 9 65 16 12 5 48 0 4 35 10 32 8 14 6 10 5 23 19 33 13 7 15 26 18 23 19 4 1 15 44 23 39 9 56 19 17 0 19 12 4 23 19 4 10 16 38 43 39 9 56 12 12 9 0 14 4 23 10 32 8 14 6 10 5 23 19 33 13 11 15 26 18 23 19 4 1 15 44 23 39 9 56 19 17 0 19 12 4 23 65 33 7 4 14 48 47 48 19 4 16 10 43 38 39 9 10 32 8 12 6 10 5 23 19 33 3 13 26 15 18 23 19 4 15 14 23 44 39 9 56 19 0 1 12 19 4 23 10 27 11 17 48 14 47 47 8243325.6052499991
56 12 9 15 14 0 4 23 56 19 1 0 19 12 4 23 10 32 17 14 6 10 5 23 19 33 3 13 26 15 18 23 19 4 16 12 43 44 39 9 65 33 11 4 14 48 47 48 19 4 15 7 23 38 39 9 56 19 1 0 19 12 4 23 10 32 8 14 6 10 5 23 19 33 3 13 26 15 18 23 19 4 17 16 43 44 39 9 65 16 5 12 0 48 4 35 19 4 15 10 23 38 39 9 56 19 0 8 12 19 4 23 10 32 1 14 6 10 5 23 19 33 13 7 15 26 18 23 19 4 17 12 43 44 39 9 10 27 16 4 14 48 47 47 19 4 10 15 38 23 39 9 56 19 8 0 19 12 4 23 8260448.0972499996
56 19 0 1 12 19 4 23 19 4 7 15 38 23 39 9 19 4 8 16 44 43 39 9 65 16 14 5 48 0 4 35 19 33 13 11 15 26 18 23 10 32 17 12 6 10 5 23 56 19 0 1 12 19 4 23 19 4 15 10 23 38 39 9 19 4 16 8 44 43 39 9 65 12 6 19 14 48 4 11 19 33 13 7 15 26 18 23 10 32 17 12 6 10 5 23 56 19 1 0 19 12 4 23 19 4 16 11 44 38 39 9 19 4 8 15 43 23 39 9 65 16 14 5 48 0 4 35 19 33 13 3 15 26 18 23 10 32 12 1 10 6 5 23 56 19 17 0 19 12 4 23 19 4 7 16 38 44 39 9 8261145.5695000002
56 19 0 15 12 19 4 23 65 16 12 5 48 0 4 35 19 33 13 3 15 26 18 23 10 32 16 14 6 10 5 23 19 4 17 10 44 38 39 9 56 19 1 0 19 12 4 23 19 4 8 15 43 23 39 9 56 12 9 12 14 0 4 23 19 33 7 13 26 15 18 23 10 32 14 16 10 6 5 23 19 4 10 17 38 44 39 9 56 19 1 0 19 12 4 23 19 4 15 8 23 43 39 9 65 33 11 4 14 48 47 48 19 33 13 3 15 26 18 23 10 32 16 12 6 10 5 23 19 4 7 14 38 44 39 9 56 19 0 1 12 19 4 23 19 4 17 15 43 23 39 9 65 33 4 11 48 14 47 48 8277030.5752499988
10 32 16 12 6 10 5 23 19 4 15 7 23 38 39 9 56 19 0 1 12 19 4 23 19 33 13 11 15 26 18 23 19 4 8 17 43 44 39 9 65 33 3 2 14 48 4 11 10 32 12 16 10 6 5 23 19 4 10 15 38 23 39 9 56 19 1 0 19 12 4 23 19 33 7 13 26 15 18 23 19 4 17 8 43 44 39 9 65 16 5 14 0 48 4 35 10 32 12 16 10 6 5 23 19 4 15 10 23 38 39 9 56 19 1 0 19 12 4 23 19 33 13 11 15 26 18 23 19 4 8 17 43 44 39 9 65 16 14 5 48 0 4 35 10 32 16 12 6 10 5 23 56 19 15 0 19 12 4 23 8279280.5817499990
56 19 0 17 12 19 4 23 65 16 5 12 0 48 4 35 10 32 16 14 6 10 5 23 19 4 1 7 44 38 39 9 19 33 3 13 26 15 18 23 56 19 0 8 12 19 4 23 19 4 15 17 23 43 39 9 65 16 5 12 0 48 4 35 10 32 14 16 10 6 5 23 19 4 1 10 44 38 39 9 19 33 13 7 15 26 18 23 56 19 8 0 19 12 4 23 19 4 17 15 43 23 39 9 65 33 3 4 14 48 47 48 10 32 1 14 6 10 5 23 19 4 12 10 44 38 39 9 19 33 13 7 15 26 18 23 56 19 8 0 19 12 4 23 19 4 16 15 43 23 39 9 10 27 11 17 48 14 47 47 8281438.3082499998
65 16 8 5 14 0 4 35 56 19 1 0 19 12 4 23 19 4 15 14 23 44 39 9 10 32 12 16 10 6 5 23 19 33 3 13 26 15 18 23 65 33 11 4 14 48 47 48 19 4 17 10 43 38 39 9 56 19 0 8 12 19 4 23 19 4 15 16 23 44 39 9 10 32 1 12 6 10 5 23 19 33 7 13 26 15 18 23 65 16 14 5 48 0 4 35 19 4 11 17 38 43 39 9 56 19 0 1 12 19 4 23 19 4 16 15 44 23 39 9 10 32 8 12 6 10 5 23 19 33 3 13 26 15 18 23 65 16 14 1 48 14 4 35 19 4 10 17 38 43 39 9 56 19 0 16 12 19 4 23 8301330.5262500001
56 19 0 17 12 19 4 23 10 32 15 14 23 10 5 23 19 4 8 16 44 43 39 9 65 16 12 5 48 0 4 35 19 33 13 7 15 26 18 23 56 19 0 1 12 19 4 23 10 32 17 14 6 10 5 23 19 4 10 15 38 23 39 9 19 4 16 8 43 44 39 9 65 16 12 5 48 0 4 35 19 33 11 13 26 15 18 23 56 19 17 0 19 12 4 23 10 32 14 1 10 6 5 23 19 4 7 15 38 23 39 9 19 4 16 8 43 44 39 9 65 16 5 12 0 48 4 35 19 33 13 11 15 26 18 23 56 19 17 0 19 12 4 23 10 32 1 14 6 10 5 23 19 4 7 15 38 23 39 9 8308125.5250000004
56 19 0 1 12 19 4 23 19 4 8 15 44 23 39 9 19 4 10 16 38 43 39 9 65 16 5 12 0 48 4 35 10 32 17 14 6 10 5 23 19 33 13 3 15 26 18 23 56 19 1 0 19 12 4 23 19 4 15 7 23 38 39 9 19 4 16 8 43 44 39 9 65 16 12 5 48 0 4 35 10 32 17 14 6 10 5 23 19 33 13 11 15 26 18 23 56 19 0 1 12 19 4 23 19 4 8 15 43 23 39 9 65 33 7 4 14 48 47 48 19 4 16 10 44 38 39 9 10 32 14 17 10 6 5 23 19 33 3 13 26 15 18 23 56 19 1 0 19 12 4 23 65 16 5 12 0 48 4 35 8325920.7754999995
56 19 0 1 12 19 4 23 19 33 13 3 15 26 18 23 19 4 15 7 23 38 39 9 65 16 5 12 0 48 4 35 19 4 8 17 43 44 39 9 10 32 16 14 6 10 5 23 56 19 1 0 19 12 4 23 19 33 3 13 26 15 18 23 19 4 15 7 23 38 39 9 65 16 12 5 48 0 4 35 19 4 8 17 44 43 39 9 10 32 14 1 10 6 5 23 56 19 16 0 19 12 4 23 19 33 13 3 15 26 18 23 65 16 5 17 0 14 4 35 19 4 15 8 23 43 39 9 19 4 12 10 44 38 39 9 10 32 16 14 6 10 5 23 56 19 1 0 19 12 4 23 10 27 13 4 14 48 47 47 8348355.4989999998
56 19 0 17 12 19 4 23 19 4 16 11 43 38 39 9 65 16 12 5 48 0 4 35 10 32 8 14 6 10 5 23 19 33 13 7 15 26 18 23 19 4 1 15 44 23 39 9 56 19 17 0 19 12 4 23 19 4 10 16 38 43 39 9 56 12 12 9 0 14 4 23 10 32 8 14 6 10 5 23 19 33 13 11 15 26 18 23 19 4 1 15 44 23 39 9 56 19 17 0 19 12 4 23 65 33 7 4 14 48 47 48 19 4 16 10 43 38 39 9 10 32 8 12 6 10 5 23 19 33 3 13 26 15 18 23 19 4 15 14 23 44 39 9 56 19 0 1 12 19 4 23 10 27 11 17 48 14 47 47 8243325.6052499991
10 27 16 11 14 48 47 47 56 19 17 0 19 12 4 23 19 4 15 7 23 38 39 9 10 32 8 12 6 10 5 23 19 33 3 13 26 15 18 23 65 16 5 14 0 48 4 35 19 4 16 1 43 44 39 9 56 19 17 0 19 12 4 23 19 4 10 15 38 23 39 9 10 32 12 8 10 6 5 23 19 33 13 11 15 26 18 23 65 33 4 7 48 14 47 48 19 4 16 1 43 44 39 9 56 19 17 0 19 12 4 23 19 4 10 15 38 23 39 9 10 32 8 14 6 10 5 23 19 33 3 13 26 15 18 23 65 16 5 1 0 14 4 35 19 4 12 16 44 43 39 9 56 19 0 17 12 19 4 23 8253698.0135000004
56 19 1 0 19 12 4 23 19 4 17 16 44 43 39 9 19 4 15 10 23 38 39 9 19 33 13 3 15 26 18 23 65 33 7 4 14 48 47 48 10 32 8 14 6 10 5 23 56 19 0 1 12 19 4 23 19 4 17 15 44 23 39 9 19 4 10 16 38 43 39 9 19 33 13 3 15 26 18 23 65 16 12 5 48 0 4 35 10 32 14 8 10 6 5 23 56 19 0 1 12 19 4 23 19 4 15 17 23 44 39 9 19 4 10 16 38 43 39 9 19 33 7 13 26 15 18 23 65 16 5 12 0 48 4 35 10 32 14 8 10 6 5 23 56 19 0 1 12 19 4 23 19 4 15 17 23 44 39 9 8258915.7752500009
56 12 9 14 14 0 4 23 56 19 0 1 12 19 4 23 19 33 13 11 15 26 18 23 19 4 16 10 44 38 39 9 19 4 15 17 23 43 39 9 10 32 8 12 6 10 5 23 65 16 14 5 48 0 4 35 56 19 0 1 12 19 4 23 19 33 7 13 26 15 18 23 19 4 10 16 38 43 39 9 19 4 17 15 44 23 39 9 10 32 8 14 6 10 5 23 65 33 11 4 14 48 47 48 56 19 0 1 12 19 4 23 19 33 7 13 26 15 18 23 19 4 10 16 38 43 39 9 19 4 12 15 44 23 39 9 10 32 17 14 6 10 5 23 65 33 3 4 14 48 47 48 56 19 0 1 12 19 4 23 8259390.6799999997
10 27 11 16 48 14 47 47 56 19 0 1 12 19 4 23 19 4 15 17 23 43 39 9 19 33 13 3 15 26 18 23 19 4 8 10 44 38 39 9 65 16 5 12 0 48 4 35 10 32 14 16 10 6 5 23 56 19 1 0 19 12 4 23 19 4 15 17 23 43 39 9 19 33 13 11 15 26 18 23 19 4 7 8 38 44 39 9 65 16 14 5 48 0 4 35 10 32 1 12 6 10 5 23 56 19 16 0 19 12 4 23 19 4 17 15 43 23 39 9 19 33 13 11 15 26 18 23 19 4 7 8 38 44 39 9 65 33 4 3 48 14 47 48 10 32 1 12 6 10 5 23 56 19 0 16 12 19 4 23 8259635.7630000003
56 12 9 15 14 0 4 23 56 19 1 0 19 12 4 23 10 32 17 14 6 10 5 23 19 33 3 13 26 15 18 23 19 4 16 12 43 44 39 9 65 33 11 4 14 48 47 48 19 4 15 7 23 38 39 9 56 19 1 0 19 12 4 23 10 32 8 14 6 10 5 23 19 33 3 13 26 15 18 23 19 4 17 16 43 44 39 9 65 16 5 12 0 48 4 35 19 4 15 10 23 38 39 9 56 19 0 8 12 19 4 23 10 32 1 14 6 10 5 23 19 33 13 7 15 26 18 23 19 4 17 12 43 44 39 9 10 27 16 4 14 48 47 47 19 4 10 15 38 23 39 9 56 19 8 0 19 12 4 23 8260448.0972499996
56 19 0 1 12 19 4 23 19 4 7 15 38 23 39 9 19 4 8 16 44 43 39 9 65 16 14 5 48 0 4 35 19 33 13 11 15 26 18 23 10 32 17 12 6 10 5 23 56 19 0 1 12 19 4 23 19 4 15 10 23 38 39 9 19 4 16 8 44 43 39 9 65 12 6 19 14 48 4 11 19 33 13 7 15 26 18 23 10 32 17 12 6 10 5 23 56 19 1 0 19 12 4 23 19 4 16 11 44 38 39 9 19 4 8 15 43 23 39 9 65 16 14 5 48 0 4 35 19 33 13 3 15 26 18 23 10 32 12 1 10 6 5 23 56 19 17 0 19 12 4 23 19 4 7 16 38 44 39 9 8261145.5695000002
19 33 3 13 26 15 18 23 56 19 16 0 19 12 4 23 19 4 17 1 43 44 39 9 19 4 15 7 23 38 39 9 10 32 8 14 6 10 5 23 65 16 5 12 0 48 4 35 19 33 3 13 26 15 18 23 56 19 1 0 19 12 4 23 19 4 17 15 43 23 39 9 19 4 16 11 44 38 39 9 10 32 8 14 6 10 5 23 65 33 4 7 48 14 47 48 19 33 3 13 26 15 18 23 56 19 0 1 12 19 4 23 19 4 17 15 43 23 39 9 19 4 10 8 38 44 39 9 10 32 16 12 6 10 5 23 65 16 5 14 0 48 4 35 19 33 13 7 15 26 18 23 56 19 1 0 19 12 4 23 8262968.0249999994
56 19 8 0 19 12 4 23 19 4 17 15 44 23 39 9 19 4 11 16 38 43 39 9 65 16 14 5 48 0 4 35 19 33 3 13 26 15 18 23 10 32 1 12 6 10 5 23 56 19 8 0 19 12 4 23 19 4 15 17 23 44 39 9 19 4 16 10 43 38 39 9 65 16 14 5 48 0 4 35 19 33 13 3 15 26 18 23 10 32 8 12 6 10 5 23 56 19 0 17 12 19 4 23 19 4 11 15 38 23 39 9 19 4 1 16 44 43 39 9 65 16 14 5 48 0 4 35 19 33 13 3 15 26 18 23 10 32 17 12 6 10 5 23 56 19 0 8 12 19 4 23 19 4 15 7 23 38 39 9 8263393.2750000013
56 19 0 15 12 19 4 23 65 16 12 5 48 0 4 35 19 33 13 3 15 26 18 23 10 32 16 14 6 10 5 23 19 4 17 10 44 38 39 9 56 19 1 0 19 12 4 23 19 4 8 15 43 23 39 9 56 12 9 12 14 0 4 23 19 33 7 13 26 15 18 23 10 32 14 16 10 6 5 23 19 4 10 17 38 44 39 9 56 19 1 0 19 12 4 23 19 4 15 8 23 43 39 9 65 33 11 4 14 48 47 48 19 33 13 3 15 26 18 23 10 32 16 12 6 10 5 23 19 4 7 14 38 44 39 9 56 19 0 1 12 19 4 23 19 4 17 15 43 23 39 9 65 33 4 11 48 14 47 48 8277030.5752499988
56 19 0 17 12 19 4 23 19 4 16 11 43 38 39 9 65 16 12 5 48 0 4 35 10 32 8 14 6 10 5 23 19 33 13 7 15 26 18 23 19 4 1 15 44 23 39 9 56 19 17 0 19 12 4 23 19 4 10 16 38 43 39 9 56 12 12 9 0 14 4 23 10 32 8 14 6 10 5 23 19 33 13 11 15 26 18 23 19 4 1 15 44 23 39 9 56 19 17 0 19 12 4 23 65 33 7 4 14 48 47 48 19 4 16 10 43 38 39 9 10 32 8 12 6 10 5 23 19 33 3 13 26 15 18 23 19 4 15 14 23 44 39 9 56 19 0 1 12 19 4 23 10 27 11 17 48 14 47 47 8243325.6052499991
56 19 17 0 19 12 4 23 19 4 15 8 23 43 39 9 10 32 12 16 10 6 5 23 19 33 13 7 15 26 18 23 65 16 5 14 0 48 4 35 19 4 10 1 38 44 39 9 56 19 17 0 19 12 4 23 19 4 8 15 43 23 39 9 10 32 12 16 10 6 5 23 19 33 13 11 15 26 18 23 65 16 14 5 48 0 4 35 19 4 7 17 38 44 39 9 56 19 1 0 19 12 4 23 19 4 8 15 43 23 39 9 10 32 16 12 6 10 5 23 19 33 13 11 15 26 18 23 65 16 14 5 48 0 4 35 19 4 10 17 38 44 39 9 56 19 0 1 12 19 4 23 10 32 15 8 23 6 5 23 8253518.0400000000
10 27 16 11 14 48 47 47 56 19 17 0 19 12 4 23 19 4 15 7 23 38 39 9 10 32 8 12 6 10 5 23 19 33 3 13 26 15 18 23 65 16 5 14 0 48 4 35 19 4 16 1 43 44 39 9 56 19 17 0 19 12 4 23 19 4 10 15 38 23 39 9 10 32 12 8 10 6 5 23 19 33 13 11 15 26 18 23 65 33 4 7 48 14 47 48 19 4 16 1 43 44 39 9 56 19 17 0 19 12 4 23 19 4 10 15 38 23 39 9 10 32 8 14 6 10 5 23 19 33 3 13 26 15 18 23 65 16 5 1 0 14 4 35 19 4 12 16 44 43 39 9 56 19 0 17 12 19 4 23 8253698.0135000004
10 27 4 13 48 14 47 47 56 19 0 1 12 19 4 23 19 4 15 14 23 44 39 9 10 32 12 16 10 6 5 23 19 4 7 8 38 43 39 9 65 16 17 5 14 0 4 35 19 33 13 11 15 26 18 23 56 19 1 0 19 12 4 23 19 4 14 15 44 23 39 9 10 32 8 12 6 10 5 23 19 4 16 10 43 38 39 9 65 33 7 4 14 48 47 48 19 33 3 13 26 15 18 23 56 19 0 17 12 19 4 23 19 4 8 15 44 23 39 9 10 32 1 12 6 10 5 23 19 4 10 16 38 43 39 9 65 16 14 5 48 0 4 35 19 33 13 11 15 26 18 23 56 19 17 0 19 12 4 23 8255970.5130000003
56 19 0 1 12 19 4 23 19 4 15 7 23 38 39 9 65 16 12 5 48 0 4 35 10 32 14 8 10 6 5 23 19 4 16 17 43 44 39 9 19 33 3 13 26 15 18 23 56 19 1 0 19 12 4 23 19 4 15 7 23 38 39 9 65 16 5 12 0 48 4 35 10 32 8 14 6 10 5 23 19 4 17 16 43 44 39 9 19 33 11 13 26 15 18 23 56 19 1 0 19 12 4 23 19 4 15 10 23 38 39 9 65 33 3 4 14 48 47 48 10 32 14 17 10 6 5 23 19 4 8 12 43 44 39 9 19 33 13 11 15 26 18 23 56 19 16 0 19 12 4 23 65 12 19 15 48 0 47 48 8256260.7912499998
56 19 1 0 19 12 4 23 19 4 17 16 44 43 39 9 19 4 15 10 23 38 39 9 19 33 13 3 15 26 18 23 65 33 7 4 14 48 47 48 10 32 8 14 6 10 5 23 56 19 0 1 12 19 4 23 19 4 17 15 44 23 39 9 19 4 10 16 38 43 39 9 19 33 13 3 15 26 18 23 65 16 12 5 48 0 4 35 10 32 14 8 10 6 5 23 56 19 0 1 12 19 4 23 19 4 15 17 23 44 39 9 19 4 10 16 38 43 39 9 19 33 7 13 26 15 18 23 65 16 5 12 0 48 4 35 10 32 14 8 10 6 5 23 56 19 0 1 12 19 4 23 19 4 15 17 23 44 39 9 8258915.7752500009
65 33 3 4 14 48 47 48 56 19 0 1 12 19 4 23 19 33 13 7 15 26 18 23 10 32 12 17 10 6 5 23 19 4 10 8 38 43 39 9 19 4 14 15 44 23 39 9 65 33 4 11 48 14 47 48 56 19 1 0 19 12 4 23 19 33 7 13 26 15 18 23 10 32 12 17 10 6 5 23 19 4 16 8 44 43 39 9 19 4 10 15 38 23 39 9 65 16 5 14 0 48 4 35 56 19 0 1 12 19 4 23 19 33 13 7 15 26 18 23 10 32 8 12 6 10 5 23 19 4 17 16 43 44 39 9 19 4 11 15 38 23 39 9 65 16 5 14 0 48 4 35 56 19 1 0 19 12 4 23 8258938.4085000008
56 12 9 14 14 0 4 23 56 19 0 1 12 19 4 23 19 33 13 11 15 26 18 23 19 4 16 10 44 38 39 9 19 4 15 17 23 43 39 9 10 32 8 12 6 10 5 23 65 16 14 5 48 0 4 35 56 19 0 1 12 19 4 23 19 33 7 13 26 15 18 23 19 4 10 16 38 43 39 9 19 4 17 15 44 23 39 9 10 32 8 14 6 10 5 23 65 33 11 4 14 48 47 48 56 19 0 1 12 19 4 23 19 33 7 13 26 15 18 23 19 4 10 16 38 43 39 9 19 4 12 15 44 23 39 9 10 32 17 14 6 10 5 23 65 33 3 4 14 48 47 48 56 19 0 1 12 19 4 23 8259390.6799999997
10 27 11 16 48 14 47 47 56 19 0 1 12 19 4 23 19 4 15 17 23 43 39 9 19 33 13 3 15 26 18 23 19 4 8 10 44 38 39 9 65 16 5 12 0 48 4 35 10 32 14 16 10 6 5 23 56 19 1 0 19 12 4 23 19 4 15 17 23 43 39 9 19 33 13 11 15 26 18 23 19 4 7 8 38 44 39 9 65 16 14 5 48 0 4 35 10 32 1 12 6 10 5 23 56 19 16 0 19 12 4 23 19 4 17 15 43 23 39 9 19 33 13 11 15 26 18 23 19 4 7 8 38 44 39 9 65 33 4 3 48 14 47 48 10 32 1 12 6 10 5 23 56 19 0 16 12 19 4 23 8259635.7630000003
56 12 9 15 14 0 4 23 56 19 1 0 19 12 4 23 10 32 17 14 6 10 5 23 19 33 3 13 26 15 18 23 19 4 16 12 43 44 39 9 65 33 11 4 14 48 47 48 19 4 15 7 23 38 39 9 56 19 1 0 19 12 4 23 10 32 8 14 6 10 5 23 19 33 3 13 26 15 18 23 19 4 17 16 43 44 39 9 65 16 5 12 0 48 4 35 19 4 15 10 23 38 39 9 56 19 0 8 12 19 4 23 10 32 1 14 6 10 5 23 19 33 13 7 15 26 18 23 19 4 17 12 43 44 39 9 10 27 16 4 14 48 47 47 19 4 10 15 38 23 39 9 56 19 8 0 19 12 4 23 8260448.0972499996
56 19 0 17 12 19 4 23 19 4 16 11 43 38 39 9 65 16 12 5 48 0 4 35 10 32 8 14 6 10 5 23 19 33 13 7 15 26 18 23 19 4 1 15 44 23 39 9 56 19 17 0 19 12 4 23 19 4 10 16 38 43 39 9 56 12 12 9 0 14 4 23 10 32 8 14 6 10 5 23 19 33 13 11 15 26 18 23 19 4 1 15 44 23 39 9 56 19 17 0 19 12 4 23 65 33 7 4 14 48 47 48 19 4 16 10 43 38 39 9 10 32 8 12 6 10 5 23 19 33 3 13 26 15 18 23 19 4 15 14 23 44 39 9 56 19 0 1 12 19 4 23 10 27 11 17 48 14 47 47 8243325.6052499991
56 19 0 8 12 19 4 23 19 33 3 13 26 15 18 23 65 16 5 14 0 48 4 35 19 4 15 16 23 43 39 9 10 32 17 12 6 10 5 23 19 4 1 10 44 38 39 9 56 19 8 0 19 12 4 23 19 33 13 7 15 26 18 23 65 16 14 5 48 0 4 35 19 4 15 16 23 43 39 9 10 32 17 12 6 10 5 23 19 4 11 8 38 44 39 9 56 19 1 0 19 12 4 23 19 33 13 7 15 26 18 23 65 16 14 5 48 0 4 35 19 4 16 15 43 23 39 9 10 32 12 17 10 6 5 23 19 4 10 8 38 44 39 9 56 19 1 0 19 12 4 23 10 27 13 11 14 48 26 47 8253335.7677500006
56 19 17 0 19 12 4 23 19 4 15 8 23 43 39 9 10 32 12 16 10 6 5 23 19 33 13 7 15 26 18 23 65 16 5 14 0 48 4 35 19 4 10 1 38 44 39 9 56 19 17 0 19 12 4 23 19 4 8 15 43 23 39 9 10 32 12 16 10 6 5 23 19 33 13 11 15 26 18 23 65 16 14 5 48 0 4 35 19 4 7 17 38 44 39 9 56 19 1 0 19 12 4 23 19 4 8 15 43 23 39 9 10 32 16 12 6 10 5 23 19 33 13 11 15 26 18 23 65 16 14 5 48 0 4 35 19 4 10 17 38 44 39 9 56 19 0 1 12 19 4 23 10 32 15 8 23 6 5 23 8253518.0400000000
10 27 16 11 14 48 47 47 56 19 17 0 19 12 4 23 19 4 15 7 23 38 39 9 10 32 8 12 6 10 5 23 19 33 3 13 26 15 18 23 65 16 5 14 0 48 4 35 19 4 16 1 43 44 39 9 56 19 17 0 19 12 4 23 19 4 10 15 38 23 39 9 10 32 12 8 10 6 5 23 19 33 13 11 15 26 18 23 65 33 4 7 48 14 47 48 19 4 16 1 43 44 39 9 56 19 17 0 19 12 4 23 19 4 10 15 38 23 39 9 10 32 8 14 6 10 5 23 19 33 3 13 26 15 18 23 65 16 5 1 0 14 4 35 19 4 12 16 44 43 39 9 56 19 0 17 12 19 4 23 8253698.0135000004
10 27 4 13 48 14 47 47 56 19 0 1 12 19 4 23 19 4 15 14 23 44 39 9 10 32 12 16 10 6 5 23 19 4 7 8 38 43 39 9 65 16 17 5 14 0 4 35 19 33 13 11 15 26 18 23 56 19 1 0 19 12 4 23 19 4 14 15 44 23 39 9 10 32 8 12 6 10 5 23 19 4 16 10 43 38 39 9 65 33 7 4 14 48 47 48 19 33 3 13 26 15 18 23 56 19 0 17 12 19 4 23 19 4 8 15 44 23 39 9 10 32 1 12 6 10 5 23 19 4 10 16 38 43 39 9 65 16 14 5 48 0 4 35 19 33 13 11 15 26 18 23 56 19 17 0 19 12 4 23 8255970.5130000003
56 19 0 1 12 19 4 23 19 4 15 7 23 38 39 9 65 16 12 5 48 0 4 35 10 32 14 8 10 6 5 23 19 4 16 17 43 44 39 9 19 33 3 13 26 15 18 23 56 19 1 0 19 12 4 23 19 4 15 7 23 38 39 9 65 16 5 12 0 48 4 35 10 32 8 14 6 10 5 23 19 4 17 16 43 44 39 9 19 33 11 13 26 15 18 23 56 19 1 0 19 12 4 23 19 4 15 10 23 38 39 9 65 33 3 4 14 48 47 48 10 32 14 17 10 6 5 23 19 4 8 12 43 44 39 9 19 33 13 11 15 26 18 23 56 19 16 0 19 12 4 23 65 12 19 15 48 0 47 48 8256260.7912499998
65 33 4 11 48 14 47 48 56 19 0 1 12 19 4 23 19 4 7 8 38 44 39 9 19 33 13 3 15 26 18 23 19 4 16 15 43 23 39 9 65 16 5 14 0 48 4 35 10 32 17 12 6 10 5 23 56 19 1 0 19 12 4 23 19 4 8 10 44 38 39 9 19 33 13 7 15 26 18 23 19 4 15 16 23 43 39 9 65 33 4 11 48 14 47 48 10 32 14 1 10 6 5 23 56 19 17 0 19 12 4 23 19 4 10 8 38 44 39 9 19 33 3 13 26 15 18 23 19 4 15 16 23 43 39 9 65 16 12 5 48 0 4 35 10 32 1 14 6 10 5 23 56 19 0 17 12 19 4 23 8257385.7855000002
56 19 1 0 19 12 4 23 19 4 17 16 44 43 39 9 19 4 15 10 23 38 39 9 19 33 13 3 15 26 18 23 65 33 7 4 14 48 47 48 10 32 8 14 6 10 5 23 56 19 0 1 12 19 4 23 19 4 17 15 44 23 39 9 19 4 10 16 38 43 39 9 19 33 13 3 15 26 18 23 65 16 12 5 48 0 4 35 10 32 14 8 10 6 5 23 56 19 0 1 12 19 4 23 19 4 15 17 23 44 39 9 19 4 10 16 38 43 39 9 19 33 7 13 26 15 18 23 65 16 5 12 0 48 4 35 10 32 14 8 10 6 5 23 56 19 0 1 12 19 4 23 19 4 15 17 23 44 39 9 8258915.7752500009
65 33 3 4 14 48 47 48 56 19 0 1 12 19 4 23 19 33 13 7 15 26 18 23 10 32 12 17 10 6 5 23 19 4 10 8 38 43 39 9 19 4 14 15 44 23 39 9 65 33 4 11 48 14 47 48 56 19 1 0 19 12 4 23 19 33 7 13 26 15 18 23 10 32 12 17 10 6 5 23 19 4 16 8 44 43 39 9 19 4 10 15 38 23 39 9 65 16 5 14 0 48 4 35 56 19 0 1 12 19 4 23 19 33 13 7 15 26 18 23 10 32 8 12 6 10 5 23 19 4 17 16 43 44 39 9 19 4 11 15 38 23 39 9 65 16 5 14 0 48 4 35 56 19 1 0 19 12 4 23 8258938.4085000008
65 16 14 5 48 0 4 35 56 19 0 1 12 19 4 23 19 33 13 3 15 26 18 23 10 32 12 17 10 6 5 23 19 4 8 16 43 44 39 9 19 4 7 15 38 23 39 9 65 33 4 11 48 14 47 48 56 19 1 0 19 12 4 23 19 33 3 13 26 15 18 23 10 32 12 8 10 6 5 23 19 4 16 14 43 44 39 9 19 4 10 15 38 23 39 9 65 16 5 17 0 14 4 35 56 19 1 0 19 12 4 23 19 33 3 13 26 15 18 23 10 32 8 12 6 10 5 23 19 4 14 7 44 38 39 9 19 4 16 15 43 23 39 9 65 16 5 17 0 14 4 35 56 19 1 0 19 12 4 23 8258965.4077499993
56 19 0 17 12 19 4 23 19 33 7 13 26 15 18 23 65 16 5 14 0 48 4 35 19 4 8 10 44 38 39 9 19 4 16 15 43 23 39 9 10 32 12 1 10 6 5 23 56 19 17 0 19 12 4 23 19 33 13 11 15 26 18 23 65 33 4 3 48 14 47 48 19 4 7 14 38 44 39 9 19 4 8 15 43 23 39 9 10 32 16 12 6 10 5 23 56 19 1 0 19 12 4 23 19 33 13 11 15 26 18 23 65 12 19 6 48 14 4 11 19 4 10 14 38 44 39 9 19 4 15 17 23 43 39 9 10 32 12 8 10 6 5 23 56 19 0 16 12 19 4 23 65 16 1 5 14 0 4 35 8238690.5714999996
56 19 0 17 12 19 4 23 19 4 16 11 43 38 39 9 65 16 12 5 48 0 4 35 10 32 8 14 6 10 5 23 19 33 13 7 15 26 18 23 19 4 1 15 44 23 39 9 56 19 17 0 19 12 4 23 19 4 10 16 38 43 39 9 56 12 12 9 0 14 4 23 10 32 8 14 6 10 5 23 19 33 13 11 15 26 18 23 19 4 1 15 44 23 39 9 56 19 17 0 19 12 4 23 65 33 7 4 14 48 47 48 19 4 16 10 43 38 39 9 10 32 8 12 6 10 5 23 19 33 3 13 26 15 18 23 19 4 15 14 23 44 39 9 56 19 0 1 12 19 4 23 10 27 11 17 48 14 47 47 8243325.6052499991
10 27 4 13 48 14 47 47 56 19 0 1 12 19 4 23 19 4 15 14 23 44 39 9 10 32 12 16 10 6 5 23 19 4 7 8 38 43 39 9 65 16 17 5 14 0 4 35 19 33 13 11 15 26 18 23 56 19 1 0 19 12 4 23 19 4 14 15 44 23 39 9 10 32 16 12 6 10 5 23 19 4 8 10 43 38 39 9 65 33 7 4 14 48 47 48 19 33 3 13 26 15 18 23 56 19 0 17 12 19 4 23 19 4 14 15 44 23 39 9 10 32 1 12 6 10 5 23 19 4 10 16 38 43 39 9 65 16 8 5 14 0 4 35 19 33 13 11 15 26 18 23 56 19 17 0 19 12 4 23 8244722.7640000004
10 27 16 11 14 48 47 47 56 19 17 0 19 12 4 23 19 4 15 7 23 38 39 9 10 32 8 12 6 10 5 23 19 33 3 13 26 15 18 23 65 16 5 14 0 48 4 35 19 4 16 1 43 44 39 9 56 19 17 0 19 12 4 23 19 4 10 15 38 23 39 9 10 32 12 8 10 6 5 23 19 33 13 11 15 26 18 23 65 33 4 7 48 14 47 48 19 4 16 1 43 44 39 9 56 19 17 0 19 12 4 23 19 4 10 15 38 23 39 9 10 32 8 14 6 10 5 23 19 33 3 13 26 15 18 23 65 16 12 5 48 0 4 35 19 4 1 16 44 43 39 9 56 19 0 17 12 19 4 23 8249195.7642500009
56 19 0 8 12 19 4 23 19 33 3 13 26 15 18 23 65 16 5 14 0 48 4 35 19 4 15 16 23 43 39 9 10 32 17 12 6 10 5 23 19 4 1 10 44 38 39 9 56 19 8 0 19 12 4 23 19 33 13 7 15 26 18 23 65 16 14 5 48 0 4 35 19 4 15 16 23 43 39 9 10 32 17 12 6 10 5 23 19 4 11 8 38 44 39 9 56 19 1 0 19 12 4 23 19 33 13 7 15 26 18 23 65 16 14 5 48 0 4 35 19 4 16 15 43 23 39 9 10 32 12 17 10 6 5 23 19 4 10 8 38 44 39 9 56 19 1 0 19 12 4 23 10 27 13 11 14 48 26 47 8253335.7677500006
10 27 4 13 48 14 47 47 56 19 0 1 12 19 4 23 19 4 15 17 23 44 39 9 10 32 12 16 10 6 5 23 19 4 7 8 38 43 39 9 65 16 5 14 0 48 4 35 19 33 13 11 15 26 18 23 56 19 1 0 19 12 4 23 19 4 17 15 44 23 39 9 10 32 8 12 6 10 5 23 19 4 16 10 43 38 39 9 65 16 14 5 48 0 4 35 19 33 3 13 26 15 18 23 56 19 0 1 12 19 4 23 19 4 17 15 44 23 39 9 10 32 8 12 6 10 5 23 19 4 10 16 38 43 39 9 65 16 14 5 48 0 4 35 19 33 13 11 15 26 18 23 56 19 1 0 19 12 4 23 8253335.7677500006
56 19 17 0 19 12 4 23 19 4 15 8 23 43 39 9 10 32 12 16 10 6 5 23 19 33 13 7 15 26 18 23 65 16 5 14 0 48 4 35 19 4 10 1 38 44 39 9 56 19 17 0 19 12 4 23 19 4 8 15 43 23 39 9 10 32 12 16 10 6 5 23 19 33 13 11 15 26 18 23 65 16 14 5 48 0 4 35 19 4 7 17 38 44 39 9 56 19 1 0 19 12 4 23 19 4 8 15 43 23 39 9 10 32 16 12 6 10 5 23 19 33 13 11 15 26 18 23 65 16 14 5 48 0 4 35 19 4 10 17 38 44 39 9 56 19 0 1 12 19 4 23 10 32 15 8 23 6 5 23 8253518.0400000000
56 19 0 1 12 19 4 23 19 4 15 7 23 38 39 9 65 16 12 5 48 0 4 35 10 32 14 8 10 6 5 23 19 4 16 17 43 44 39 9 19 33 3 13 26 15 18 23 56 19 1 0 19 12 4 23 19 4 15 7 23 38 39 9 65 16 5 12 0 48 4 35 10 32 8 14 6 10 5 23 19 4 17 16 43 44 39 9 19 33 11 13 26 15 18 23 56 19 1 0 19 12 4 23 19 4 15 10 23 38 39 9 65 33 3 4 14 48 47 48 10 32 14 17 10 6 5 23 19 4 8 12 43 44 39 9 19 33 13 11 15 26 18 23 56 19 16 0 19 12 4 23 65 12 19 15 48 0 47 48 8256260.7912499998
65 33 4 11 48 14 47 48 56 19 0 1 12 19 4 23 19 4 7 8 38 44 39 9 19 33 13 3 15 26 18 23 19 4 16 15 43 23 39 9 65 16 5 14 0 48 4 35 10 32 17 12 6 10 5 23 56 19 1 0 19 12 4 23 19 4 8 10 44 38 39 9 19 33 13 7 15 26 18 23 19 4 15 16 23 43 39 9 65 33 4 11 48 14 47 48 10 32 14 1 10 6 5 23 56 19 17 0 19 12 4 23 19 4 10 8 38 44 39 9 19 33 3 13 26 15 18 23 19 4 15 16 23 43 39 9 65 16 12 5 48 0 4 35 10 32 1 14 6 10 5 23 56 19 0 17 12 19 4 23 8257385.7855000002
56 19 0 1 12 19 4 23 19 33 7 13 26 15 18 23 65 16 5 14 0 48 4 35 19 4 15 10 23 38 39 9 19 4 17 16 43 44 39 9 10 32 8 12 6 10 5 23 56 19 1 0 19 12 4 23 19 33 13 11 15 26 18 23 65 16 14 5 48 0 4 35 19 4 15 10 23 38 39 9 19 4 17 8 44 43 39 9 10 32 16 12 6 10 5 23 56 19 0 1 12 19 4 23 19 33 13 11 15 26 18 23 65 16 5 14 0 48 4 35 19 4 7 15 38 23 39 9 19 4 17 8 44 43 39 9 10 32 12 16 10 6 5 23 56 19 0 1 12 19 4 23 10 27 13 9 0 14 46 38 8258895.5029999996
56 19 0 17 12 19 4 23 19 33 7 13 26 15 18 23 65 16 5 14 0 48 4 35 19 4 8 10 44 38 39 9 19 4 16 15 43 23 39 9 10 32 12 1 10 6 5 23 56 19 17 0 19 12 4 23 19 33 13 11 15 26 18 23 65 33 4 3 48 14 47 48 19 4 7 14 38 44 39 9 19 4 8 15 43 23 39 9 10 32 16 12 6 10 5 23 56 19 1 0 19 12 4 23 19 33 13 11 15 26 18 23 65 12 19 6 48 14 4 11 19 4 10 14 38 44 39 9 19 4 15 17 23 43 39 9 10 32 12 8 10 6 5 23 56 19 0 16 12 19 4 23 65 16 1 5 14 0 4 35 8238690.5714999996
65 33 4 3 48 14 47 48 56 19 0 1 12 19 4 23 19 4 15 14 23 44 39 9 10 32 12 16 10 6 5 23 19 4 7 8 38 43 39 9 65 16 17 5 14 0 4 35 19 33 13 11 15 26 18 23 56 19 1 0 19 12 4 23 19 4 14 15 44 23 39 9 10 32 16 12 6 10 5 23 19 4 8 10 43 38 39 9 65 12 19 6 48 14 4 11 19 33 3 13 26 15 18 23 56 19 0 17 12 19 4 23 19 4 14 15 44 23 39 9 10 32 1 12 6 10 5 23 19 4 11 16 38 43 39 9 65 16 8 5 14 0 4 35 19 33 13 7 15 26 18 23 56 19 17 0 19 12 4 23 8239840.3355000010
56 19 16 0 19 12 4 23 19 4 12 15 44 23 39 9 65 33 3 4 14 48 47 48 10 32 14 1 10 6 5 23 19 33 13 7 15 26 18 23 19 4 17 11 43 38 39 9 56 19 8 0 19 12 4 23 19 4 15 16 23 44 39 9 65 16 12 5 48 0 4 35 10 32 14 1 10 6 5 23 19 33 13 7 15 26 18 23 19 4 10 17 38 43 39 9 56 19 0 8 12 19 4 23 65 33 3 4 14 48 47 48 19 4 15 16 23 44 39 9 10 32 12 1 10 6 5 23 19 33 13 11 15 26 18 23 19 4 17 7 43 38 39 9 56 19 8 0 19 12 4 23 65 16 14 5 48 0 4 35 8241275.8290000008
56 19 0 17 12 19 4 23 19 4 16 11 43 38 39 9 65 16 12 5 48 0 4 35 10 32 8 14 6 10 5 23 19 33 13 7 15 26 18 23 19 4 1 15 44 23 39 9 56 19 17 0 19 12 4 23 19 4 10 16 38 43 39 9 56 12 12 9 0 14 4 23 10 32 8 14 6 10 5 23 19 33 13 11 15 26 18 23 19 4 1 15 44 23 39 9 56 19 17 0 19 12 4 23 65 33 7 4 14 48 47 48 19 4 16 10 43 38 39 9 10 32 8 12 6 10 5 23 19 33 3 13 26 15 18 23 19 4 15 14 23 44 39 9 56 19 0 1 12 19 4 23 10 27 11 17 48 14 47 47 8243325.6052499991
10 27 16 11 14 48 47 47 56 19 17 0 19 12 4 23 19 4 15 7 23 38 39 9 10 32 8 12 6 10 5 23 19 33 3 13 26 15 18 23 65 16 5 14 0 48 4 35 19 4 16 1 43 44 39 9 56 19 17 0 19 12 4 23 19 4 10 15 38 23 39 9 10 32 12 8 10 6 5 23 19 33 13 11 15 26 18 23 65 33 4 7 48 14 47 48 19 4 16 1 43 44 39 9 56 19 17 0 19 12 4 23 19 4 10 15 38 23 39 9 10 32 8 14 6 10 5 23 19 33 3 13 26 15 18 23 65 16 12 5 48 0 4 35 19 4 1 16 44 43 39 9 56 19 0 17 12 19 4 23 8249195.7642500009
56 19 0 8 12 19 4 23 19 33 3 13 26 15 18 23 65 16 5 14 0 48 4 35 19 4 15 16 23 43 39 9 10 32 17 12 6 10 5 23 19 4 1 10 44 38 39 9 56 19 8 0 19 12 4 23 19 33 13 7 15 26 18 23 65 16 14 5 48 0 4 35 19 4 15 16 23 43 39 9 10 32 17 12 6 10 5 23 19 4 11 8 38 44 39 9 56 19 1 0 19 12 4 23 19 33 13 7 15 26 18 23 65 16 14 5 48 0 4 35 19 4 16 15 43 23 39 9 10 32 12 17 10 6 5 23 19 4 10 8 38 44 39 9 56 19 1 0 19 12 4 23 10 27 13 11 14 48 26 47 8253335.7677500006
10 27 4 13 48 14 47 47 56 19 0 1 12 19 4 23 19 4 15 17 23 44 39 9 10 32 12 16 10 6 5 23 19 4 7 8 38 43 39 9 65 16 5 14 0 48 4 35 19 33 13 11 15 26 18 23 56 19 1 0 19 12 4 23 19 4 17 15 44 23 39 9 10 32 8 12 6 10 5 23 19 4 16 10 43 38 39 9 65 16 14 5 48 0 4 35 19 33 3 13 26 15 18 23 56 19 0 1 12 19 4 23 19 4 17 15 44 23 39 9 10 32 8 12 6 10 5 23 19 4 10 16 38 43 39 9 65 16 14 5 48 0 4 35 19 33 13 11 15 26 18 23 56 19 1 0 19 12 4 23 8253335.7677500006
56 19 17 0 19 12 4 23 19 4 15 8 23 43 39 9 10 32 12 16 10 6 5 23 19 33 13 7 15 26 18 23 65 16 5 14 0 48 4 35 19 4 10 1 38 44 39 9 56 19 17 0 19 12 4 23 19 4 8 15 43 23 39 9 10 32 12 16 10 6 5 23 19 33 13 11 15 26 18 23 65 16 14 5 48 0 4 35 19 4 7 17 38 44 39 9 56 19 1 0 19 12 4 23 19 4 8 15 43 23 39 9 10 32 16 12 6 10 5 23 19 33 13 11 15 26 18 23 65 16 14 5 48 0 4 35 19 4 10 17 38 44 39 9 56 19 0 1 12 19 4 23 10 32 15 8 23 6 5 23 8253518.0400000000
56 19 0 1 12 19 4 23 19 4 15 7 23 38 39 9 65 16 12 5 48 0 4 35 10 32 14 8 10 6 5 23 19 4 16 17 43 44 39 9 19 33 3 13 26 15 18 23 56 19 1 0 19 12 4 23 19 4 15 7 23 38 39 9 65 16 5 12 0 48 4 35 10 32 8 14 6 10 5 23 19 4 17 16 43 44 39 9 19 33 11 13 26 15 18 23 56 19 1 0 19 12 4 23 19 4 15 10 23 38 39 9 65 33 3 4 14 48 47 48 10 32 14 17 10 6 5 23 19 4 8 12 43 44 39 9 19 33 13 11 15 26 18 23 56 19 16 0 19 12 4 23 65 12 19 15 48 0 47 48 8256260.7912499998
65 33 4 11 48 14 47 48 56 19 0 1 12 19 4 23 19 4 7 8 38 44 39 9 19 33 13 3 15 26 18 23 19 4 16 15 43 23 39 9 65 16 5 14 0 48 4 35 10 32 17 12 6 10 5 23 56 19 1 0 19 12 4 23 19 4 8 10 44 38 39 9 19 33 13 7 15 26 18 23 19 4 15 16 23 43 39 9 65 33 4 11 48 14 47 48 10 32 14 1 10 6 5 23 56 19 17 0 19 12 4 23 19 4 10 8 38 44 39 9 19 33 3 13 26 15 18 23 19 4 15 16 23 43 39 9 65 16 12 5 48 0 4 35 10 32 1 14 6 10 5 23 56 19 0 17 12 19 4 23 8257385.7855000002
56 19 0 17 12 19 4 23 19 33 7 13 26 15 18 23 65 16 5 14 0 48 4 35 19 4 8 11 44 38 39 9 19 4 16 15 43 23 39 9 10 32 12 1 10 6 5 23 56 19 17 0 19 12 4 23 19 33 13 3 15 26 18 23 65 33 4 7 48 14 47 48 19 4 10 14 38 44 39 9 19 4 8 15 43 23 39 9 10 32 16 12 6 10 5 23 56 19 1 0 19 12 4 23 19 33 13 11 15 26 18 23 65 12 19 6 48 14 4 11 19 4 7 14 38 44 39 9 19 4 15 17 23 43 39 9 10 32 12 8 10 6 5 23 56 19 0 16 12 19 4 23 65 16 1 5 14 0 4 35 8236440.5717499992
56 19 0 17 12 19 4 23 19 33 7 13 26 15 18 23 65 16 5 14 0 48 4 35 19 4 8 10 44 38 39 9 19 4 16 15 43 23 39 9 10 32 12 1 10 6 5 23 56 19 17 0 19 12 4 23 19 33 13 11 15 26 18 23 65 33 4 3 48 14 47 48 19 4 7 14 38 44 39 9 19 4 8 15 43 23 39 9 10 32 16 12 6 10 5 23 56 19 1 0 19 12 4 23 19 33 13 11 15 26 18 23 65 12 19 6 48 14 4 11 19 4 10 14 38 44 39 9 19 4 15 17 23 43 39 9 10 32 12 8 10 6 5 23 56 19 0 16 12 19 4 23 65 16 1 5 14 0 4 35 8238690.5714999996
65 33 4 3 48 14 47 48 56 19 0 1 12 19 4 23 19 4 15 14 23 44 39 9 10 32 12 16 10 6 5 23 19 4 7 8 38 43 39 9 65 16 17 5 14 0 4 35 19 33 13 11 15 26 18 23 56 19 1 0 19 12 4 23 19 4 14 15 44 23 39 9 10 32 16 12 6 10 5 23 19 4 8 10 43 38 39 9 65 12 19 6 48 14 4 11 19 33 3 13 26 15 18 23 56 19 0 17 12 19 4 23 19 4 14 15 44 23 39 9 10 32 1 12 6 10 5 23 19 4 11 16 38 43 39 9 65 16 8 5 14 0 4 35 19 33 13 7 15 26 18 23 56 19 17 0 19 12 4 23 8239840.3355000010
56 19 16 0 19 12 4 23 19 4 12 15 44 23 39 9 65 33 3 4 14 48 47 48 10 32 14 1 10 6 5 23 19 33 13 7 15 26 18 23 19 4 17 11 43 38 39 9 56 19 8 0 19 12 4 23 19 4 15 16 23 44 39 9 65 16 12 5 48 0 4 35 10 32 14 1 10 6 5 23 19 33 13 7 15 26 18 23 19 4 10 17 38 43 39 9 56 19 0 8 12 19 4 23 65 33 3 4 14 48 47 48 19 4 15 16 23 44 39 9 10 32 12 1 10 6 5 23 19 33 13 11 15 26 18 23 19 4 17 7 43 38 39 9 56 19 8 0 19 12 4 23 65 16 14 5 48 0 4 35 8241275.8290000008
56 19 0 17 12 19 4 23 19 4 16 11 43 38 39 9 65 16 12 5 48 0 4 35 10 32 8 14 6 10 5 23 19 33 13 7 15 26 18 23 19 4 1 15 44 23 39 9 56 19 17 0 19 12 4 23 19 4 10 16 38 43 39 9 56 12 12 9 0 14 4 23 10 32 8 14 6 10 5 23 19 33 13 11 15 26 18 23 19 4 1 15 44 23 39 9 56 19 17 0 19 12 4 23 65 33 7 4 14 48 47 48 19 4 16 10 43 38 39 9 10 32 8 12 6 10 5 23 19 33 3 13 26 15 18 23 19 4 15 14 23 44 39 9 56 19 0 1 12 19 4 23 10 27 11 17 48 14 47 47 8243325.6052499991
10 27 16 11 14 48 47 47 56 19 17 0 19 12 4 23 19 4 15 7 23 38 39 9 10 32 8 12 6 10 5 23 19 33 3 13 26 15 18 23 65 16 5 14 0 48 4 35 19 4 16 1 43 44 39 9 56 19 17 0 19 12 4 23 19 4 10 15 38 23 39 9 10 32 12 8 10 6 5 23 19 33 13 11 15 26 18 23 65 33 4 7 48 14 47 48 19 4 16 1 43 44 39 9 56 19 17 0 19 12 4 23 19 4 10 15 38 23 39 9 10 32 8 14 6 10 5 23 19 33 3 13 26 15 18 23 65 16 12 5 48 0 4 35 19 4 1 16 44 43 39 9 56 19 0 17 12 19 4 23 8249195.7642500009
56 19 0 8 12 19 4 23 19 33 3 13 26 15 18 23 65 16 5 14 0 48 4 35 19 4 15 16 23 43 39 9 10 32 17 12 6 10 5 23 19 4 1 10 44 38 39 9 56 19 8 0 19 12 4 23 19 33 13 7 15 26 18 23 65 16 14 5 48 0 4 35 19 4 15 16 23 43 39 9 10 32 17 12 6 10 5 23 19 4 11 8 38 44 39 9 56 19 1 0 19 12 4 23 19 33 13 7 15 26 18 23 65 16 14 5 48 0 4 35 19 4 16 15 43 23 39 9 10 32 12 17 10 6 5 23 19 4 10 8 38 44 39 9 56 19 1 0 19 12 4 23 10 27 13 11 14 48 26 47 8253335.7677500006
10 27 4 13 48 14 47 47 56 19 0 1 12 19 4 23 19 4 15 17 23 44 39 9 10 32 12 16 10 6 5 23 19 4 7 8 38 43 39 9 65 16 5 14 0 48 4 35 19 33 13 11 15 26 18 23 56 19 1 0 19 12 4 23 19 4 17 15 44 23 39 9 10 32 8 12 6 10 5 23 19 4 16 10 43 38 39 9 65 16 14 5 48 0 4 35 19 33 3 13 26 15 18 23 56 19 0 1 12 19 4 23 19 4 17 15 44 23 39 9 10 32 8 12 6 10 5 23 19 4 10 16 38 43 39 9 65 16 14 5 48 0 4 35 19 33 13 11 15 26 18 23 56 19 1 0 19 12 4 23 8253335.7677500006
56 19 17 0 19 12 4 23 19 4 15 8 23 43 39 9 10 32 12 16 10 6 5 23 19 33 13 7 15 26 18 23 65 16 5 14 0 48 4 35 19 4 10 1 38 44 39 9 56 19 17 0 19 12 4 23 19 4 8 15 43 23 39 9 10 32 12 16 10 6 5 23 19 33 13 11 15 26 18 23 65 16 14 5 48 0 4 35 19 4 7 17 38 44 39 9 56 19 1 0 19 12 4 23 19 4 8 15 43 23 39 9 10 32 16 12 6 10 5 23 19 33 13 11 15 26 18 23 65 16 14 5 48 0 4 35 19 4 10 17 38 44 39 9 56 19 0 1 12 19 4 23 10 32 15 8 23 6 5 23 8253518.0400000000
56 19 0 1 12 19 4 23 19 4 15 7 23 38 39 9 65 16 12 5 48 0 4 35 10 32 14 8 10 6 5 23 19 4 16 17 43 44 39 9 19 33 3 13 26 15 18 23 56 19 1 0 19 12 4 23 19 4 15 7 23 38 39 9 65 16 5 12 0 48 4 35 10 32 8 14 6 10 5 23 19 4 17 16 43 44 39 9 19 33 11 13 26 15 18 23 56 19 1 0 19 12 4 23 19 4 15 10 23 38 39 9 65 33 3 4 14 48 47 48 10 32 14 17 10 6 5 23 19 4 8 12 43 44 39 9 19 33 13 11 15 26 18 23 56 19 16 0 19 12 4 23 65 12 19 15 48 0 47 48 8256260.7912499998
56 19 0 17 12 19 4 23 19 33 7 13 26 15 18 23 65 16 5 14 0 48 4 35 19 4 8 11 44 38 39 9 19 4 16 15 43 23 39 9 10 32 12 1 10 6 5 23 56 19 17 0 19 12 4 23 19 33 13 3 15 26 18 23 65 33 4 7 48 14 47 48 19 4 10 14 38 44 39 9 19 4 8 15 43 23 39 9 10 32 16 12 6 10 5 23 56 19 1 0 19 12 4 23 19 33 13 11 15 26 18 23 65 12 19 6 48 14 4 11 19 4 7 14 38 44 39 9 19 4 15 17 23 43 39 9 10 32 12 8 10 6 5 23 56 19 0 16 12 19 4 23 65 16 1 5 14 0 4 35 8236440.5717499992
56 19 0 17 12 19 4 23 19 33 7 13 26 15 18 23 65 16 5 14 0 48 4 35 19 4 8 10 44 38 39 9 19 4 16 15 43 23 39 9 10 32 12 1 10 6 5 23 56 19 17 0 19 12 4 23 19 33 13 11 15 26 18 23 65 33 4 3 48 14 47 48 19 4 7 14 38 44 39 9 19 4 8 15 43 23 39 9 10 32 16 12 6 10 5 23 56 19 1 0 19 12 4 23 19 33 13 11 15 26 18 23 65 12 19 6 48 14 4 11 19 4 10 14 38 44 39 9 19 4 15 17 23 43 39 9 10 32 12 8 10 6 5 23 56 19 0 16 12 19 4 23 65 16 1 5 14 0 4 35 8238690.5714999996
65 33 4 3 48 14 47 48 56 19 0 1 12 19 4 23 19 4 15 14 23 44 39 9 10 32 12 16 10 6 5 23 19 4 7 8 38 43 39 9 65 16 17 5 14 0 4 35 19 33 13 11 15 26 18 23 56 19 1 0 19 12 4 23 19 4 14 15 44 23 39 9 10 32 16 12 6 10 5 23 19 4 8 10 43 38 39 9 65 12 19 6 48 14 4 11 19 33 3 13 26 15 18 23 56 19 0 17 12 19 4 23 19 4 14 15 44 23 39 9 10 32 1 12 6 10 5 23 19 4 11 16 38 43 39 9 65 16 8 5 14 0 4 35 19 33 13 7 15 26 18 23 56 19 17 0 19 12 4 23 8239840.3355000010
56 19 16 0 19 12 4 23 19 4 12 15 44 23 39 9 65 33 3 4 14 48 47 48 10 32 14 1 10 6 5 23 19 33 13 7 15 26 18 23 19 4 17 11 43 38 39 9 56 19 8 0 19 12 4 23 19 4 15 16 23 44 39 9 65 16 12 5 48 0 4 35 10 32 14 1 10 6 5 23 19 33 13 7 15 26 18 23 19 4 10 17 38 43 39 9 56 19 0 8 12 19 4 23 65 33 3 4 14 48 47 48 19 4 15 16 23 44 39 9 10 32 12 1 10 6 5 23 19 33 13 11 15 26 18 23 19 4 17 7 43 38 39 9 56 19 8 0 19 12 4 23 65 16 14 5 48 0 4 35 8241275.8290000008
56 19 0 17 12 19 4 23 19 4 16 11 43 38 39 9 65 16 12 5 48 0 4 35 10 32 8 14 6 10 5 23 19 33 13 7 15 26 18 23 19 4 1 15 44 23 39 9 56 19 17 0 19 12 4 23 19 4 10 16 38 43 39 9 56 12 12 9 0 14 4 23 10 32 8 14 6 10 5 23 19 33 13 11 15 26 18 23 19 4 1 15 44 23 39 9 56 19 17 0 19 12 4 23 65 33 7 4 14 48 47 48 19 4 16 10 43 38 39 9 10 32 8 12 6 10 5 23 19 33 3 13 26 15 18 23 19 4 15 14 23 44 39 9 56 19 0 1 12 19 4 23 10 27 11 17 48 14 47 47 8243325.6052499991
10 27 16 11 14 48 47 47 56 19 17 0 19 12 4 23 19 4 15 7 23 38 39 9 10 32 8 12 6 10 5 23 19 33 3 13 26 15 18 23 65 16 5 14 0 48 4 35 19 4 16 1 43 44 39 9 56 19 17 0 19 12 4 23 19 4 10 15 38 23 39 9 10 32 12 8 10 6 5 23 19 33 13 11 15 26 18 23 65 33 4 7 48 14 47 48 19 4 16 1 43 44 39 9 56 19 17 0 19 12 4 23 19 4 10 15 38 23 39 9 10 32 8 14 6 10 5 23 19 33 3 13 26 15 18 23 65 16 12 5 48 0 4 35 19 4 1 16 44 43 39 9 56 19 0 17 12 19 4 23 8249195.7642500009
56 19 0 8 12 19 4 23 19 33 3 13 26 15 18 23 65 16 5 14 0 48 4 35 19 4 15 16 23 43 39 9 10 32 17 12 6 10 5 23 19 4 1 10 44 38 39 9 56 19 8 0 19 12 4 23 19 33 13 7 15 26 18 23 65 16 14 5 48 0 4 35 19 4 15 16 23 43 39 9 10 32 17 12 6 10 5 23 19 4 11 8 38 44 39 9 56 19 1 0 19 12 4 23 19 33 13 7 15 26 18 23 65 16 14 5 48 0 4 35 19 4 16 15 43 23 39 9 10 32 12 17 10 6 5 23 19 4 10 8 38 44 39 9 56 19 1 0 19 12 4 23 10 27 13 11 14 48 26 47 8253335.7677500006
10 27 4 13 48 14 47 47 56 19 0 1 12 19 4 23 19 4 15 17 23 44 39 9 10 32 12 16 10 6 5 23 19 4 7 8 38 43 39 9 65 16 5 14 0 48 4 35 19 33 13 11 15 26 18 23 56 19 1 0 19 12 4 23 19 4 17 15 44 23 39 9 10 32 8 12 6 10 5 23 19 4 16 10 43 38 39 9 65 16 14 5 48 0 4 35 19 33 3 13 26 15 18 23 56 19 0 1 12 19 4 23 19 4 17 15 44 23 39 9 10 32 8 12 6 10 5 23 19 4 10 16 38 43 39 9 65 16 14 5 48 0 4 35 19 33 13 11 15 26 18 23 56 19 1 0 19 12 4 23 8253335.7677500006
56 19 17 0 19 12 4 23 19 4 15 8 23 43 39 9 10 32 12 16 10 6 5 23 19 33 13 7 15 26 18 23 65 16 5 14 0 48 4 35 19 4 10 1 38 44 39 9 56 19 17 0 19 12 4 23 19 4 8 15 43 23 39 9 10 32 12 16 10 6 5 23 19 33 13 11 15 26 18 23 65 16 14 5 48 0 4 35 19 4 7 17 38 44 39 9 56 19 1 0 19 12 4 23 19 4 8 15 43 23 39 9 10 32 16 12 6 10 5 23 19 33 13 11 15 26 18 23 65 16 14 5 48 0 4 35 19 4 10 17 38 44 39 9 56 19 0 1 12 19 4 23 10 32 15 8 23 6 5 23 8253518.0400000000
56 19 0 8 12 19 4 23 19 4 15 16 23 43 39 9 65 16 5 12 0 48 4 35 19 33 7 13 26 15 18 23 10 32 14 17 10 6 5 23 19 4 11 1 38 44 39 9 56 19 8 0 19 12 4 23 19 4 15 16 23 43 39 9 65 33 4 3 48 14 47 48 19 33 13 7 15 26 18 23 10 32 12 17 10 6 5 23 19 4 11 8 38 44 39 9 56 19 1 0 19 12 4 23 19 4 16 15 43 23 39 9 65 16 5 14 0 48 4 35 19 33 13 3 15 26 18 23 10 32 17 12 6 10 5 23 19 4 8 7 44 38 39 9 56 19 0 1 12 19 4 23 65 33 11 4 14 48 47 48 8253695.7860000012
56 19 0 17 12 19 4 23 19 33 7 13 26 15 18 23 65 16 5 14 0 48 4 35 19 4 8 11 44 38 39 9 19 4 16 15 43 23 39 9 10 32 12 1 10 6 5 23 56 19 17 0 19 12 4 23 19 33 13 3 15 26 18 23 65 33 4 7 48 14 47 48 19 4 10 14 38 44 39 9 19 4 8 15 43 23 39 9 10 32 16 12 6 10 5 23 56 19 1 0 19 12 4 23 19 33 13 11 15 26 18 23 65 12 19 6 48 14 4 11 19 4 7 14 38 44 39 9 19 4 15 17 23 43 39 9 10 32 12 8 10 6 5 23 56 19 0 16 12 19 4 23 65 16 1 5 14 0 4 35 8236440.5717499992
56 19 0 17 12 19 4 23 19 33 7 13 26 15 18 23 65 16 5 14 0 48 4 35 19 4 8 10 44 38 39 9 19 4 16 15 43 23 39 9 10 32 12 1 10 6 5 23 56 19 17 0 19 12 4 23 19 33 13 11 15 26 18 23 65 33 4 3 48 14 47 48 19 4 7 14 38 44 39 9 19 4 8 15 43 23 39 9 10 32 16 12 6 10 5 23 56 19 1 0 19 12 4 23 19 33 13 11 15 26 18 23 65 12 19 6 48 14 4 11 19 4 10 14 38 44 39 9 19 4 15 17 23 43 39 9 10 32 12 8 10 6 5 23 56 19 0 16 12 19 4 23 65 16 1 5 14 0 4 35 8238690.5714999996
65 33 4 3 48 14 47 48 56 19 0 1 12 19 4 23 19 4 15 14 23 44 39 9 10 32 12 16 10 6 5 23 19 4 7 8 38 43 39 9 65 16 17 5 14 0 4 35 19 33 13 11 15 26 18 23 56 19 1 0 19 12 4 23 19 4 14 15 44 23 39 9 10 32 16 12 6 10 5 23 19 4 8 10 43 38 39 9 65 12 19 6 48 14 4 11 19 33 3 13 26 15 18 23 56 19 0 17 12 19 4 23 19 4 14 15 44 23 39 9 10 32 1 12 6 10 5 23 19 4 11 16 38 43 39 9 65 16 8 5 14 0 4 35 19 33 13 7 15 26 18 23 56 19 17 0 19 12 4 23 8239840.3355000010
56 19 16 0 19 12 4 23 19 4 12 15 44 23 39 9 65 33 3 4 14 48 47 48 10 32 14 1 10 6 5 23 19 33 13 7 15 26 18 23 19 4 17 11 43 38 39 9 56 19 8 0 19 12 4 23 19 4 15 16 23 44 39 9 65 16 12 5 48 0 4 35 10 32 14 1 10 6 5 23 19 33 13 7 15 26 18 23 19 4 10 17 38 43 39 9 56 19 0 8 12 19 4 23 65 33 3 4 14 48 47 48 19 4 15 16 23 44 39 9 10 32 12 1 10 6 5 23 19 33 13 11 15 26 18 23 19 4 17 7 43 38 39 9 56 19 8 0 19 12 4 23 65 16 14 5 48 0 4 35 8241275.8290000008
56 19 0 17 12 19 4 23 19 4 16 11 43 38 39 9 65 16 12 5 48 0 4 35 10 32 8 14 6 10 5 23 19 33 13 7 15 26 18 23 19 4 1 15 44 23 39 9 56 19 17 0 19 12 4 23 19 4 10 16 38 43 39 9 56 12 12 9 0 14 4 23 10 32 8 14 6 10 5 23 19 33 13 11 15 26 18 23 19 4 1 15 44 23 39 9 56 19 17 0 19 12 4 23 65 33 7 4 14 48 47 48 19 4 16 10 43 38 39 9 10 32 8 12 6 10 5 23 19 33 3 13 26 15 18 23 19 4 15 14 23 44 39 9 56 19 0 1 12 19 4 23 10 27 11 17 48 14 47 47 8243325.6052499991
10 27 16 11 14 48 47 47 56 19 17 0 19 12 4 23 19 4 15 7 23 38 39 9 10 32 8 12 6 10 5 23 19 33 3 13 26 15 18 23 65 16 5 14 0 48 4 35 19 4 16 1 43 44 39 9 56 19 17 0 19 12 4 23 19 4 10 15 38 23 39 9 10 32 12 8 10 6 5 23 19 33 13 11 15 26 18 23 65 33 4 7 48 14 47 48 19 4 16 1 43 44 39 9 56 19 17 0 19 12 4 23 19 4 10 15 38 23 39 9 10 32 8 14 6 10 5 23 19 33 3 13 26 15 18 23 65 16 12 5 48 0 4 35 19 4 1 16 44 43 39 9 56 19 0 17 12 19 4 23 8249195.7642500009
56 19 0 8 12 19 4 23 19 33 3 13 26 15 18 23 65 16 5 14 0 48 4 35 19 4 15 16 23 43 39 9 10 32 17 12 6 10 5 23 19 4 1 10 44 38 39 9 56 19 8 0 19 12 4 23 19 33 13 7 15 26 18 23 65 16 14 5 48 0 4 35 19 4 15 16 23 43 39 9 10 32 17 12 6 10 5 23 19 4 11 8 38 44 39 9 56 19 1 0 19 12 4 23 19 33 13 7 15 26 18 23 65 16 14 5 48 0 4 35 19 4 16 15 43 23 39 9 10 32 12 17 10 6 5 23 19 4 10 8 38 44 39 9 56 19 1 0 19 12 4 23 10 27 13 11 14 48 26 47 8253335.7677500006
10 27 4 13 48 14 47 47 56 19 0 1 12 19 4 23 19 4 15 17 23 44 39 9 10 32 12 16 10 6 5 23 19 4 7 8 38 43 39 9 65 16 5 14 0 48 4 35 19 33 13 11 15 26 18 23 56 19 1 0 19 12 4 23 19 4 17 15 44 23 39 9 10 32 8 12 6 10 5 23 19 4 16 10 43 38 39 9 65 16 14 5 48 0 4 35 19 33 3 13 26 15 18 23 56 19 0 1 12 19 4 23 19 4 17 15 44 23 39 9 10 32 8 12 6 10 5 23 19 4 10 16 38 43 39 9 65 16 14 5 48 0 4 35 19 33 13 11 15 26 18 23 56 19 1 0 19 12 4 23 8253335.7677500006
56 19 17 0 19 12 4 23 19 4 15 8 23 43 39 9 10 32 12 16 10 6 5 23 19 33 13 7 15 26 18 23 65 16 5 14 0 48 4 35 19 4 10 1 38 44 39 9 56 19 17 0 19 12 4 23 19 4 8 15 43 23 39 9 10 32 12 16 10 6 5 23 19 33 13 11 15 26 18 23 65 16 14 5 48 0 4 35 19 4 7 17 38 44 39 9 56 19 1 0 19 12 4 23 19 4 8 15 43 23 39 9 10 32 16 12 6 10 5 23 19 33 13 11 15 26 18 23 65 16 14 5 48 0 4 35 19 4 10 17 38 44 39 9 56 19 0 1 12 19 4 23 10 32 15 8 23 6 5 23 8253518.0400000000
56 19 0 8 12 19 4 23 19 4 15 16 23 43 39 9 65 16 5 12 0 48 4 35 19 33 7 13 26 15 18 23 10 32 14 17 10 6 5 23 19 4 11 1 38 44 39 9 56 19 8 0 19 12 4 23 19 4 15 16 23 43 39 9 65 33 4 3 48 14 47 48 19 33 13 7 15 26 18 23 10 32 12 17 10 6 5 23 19 4 11 8 38 44 39 9 56 19 1 0 19 12 4 23 19 4 16 15 43 23 39 9 65 16 5 14 0 48 4 35 19 33 13 3 15 26 18 23 10 32 17 12 6 10 5 23 19 4 8 7 44 38 39 9 56 19 0 1 12 19 4 23 65 33 11 4 14 48 47 48 8253695.7860000012
56 19 0 17 12 19 4 23 19 33 7 13 26 15 18 23 65 16 5 14 0 48 4 35 19 4 8 11 44 38 39 9 19 4 16 15 43 23 39 9 10 32 12 1 10 6 5 23 56 19 17 0 19 12 4 23 19 33 13 3 15 26 18 23 65 33 4 7 48 14 47 48 19 4 10 14 38 44 39 9 19 4 8 15 43 23 39 9 10 32 16 12 6 10 5 23 56 19 1 0 19 12 4 23 19 33 13 11 15 26 18 23 65 12 19 6 48 14 4 11 19 4 7 14 38 44 39 9 19 4 15 17 23 43 39 9 10 32 12 8 10 6 5 23 56 19 0 16 12 19 4 23 65 16 1 5 14 0 4 35 8236440.5717499992
56 19 0 17 12 19 4 23 19 33 7 13 26 15 18 23 65 16 5 14 0 48 4 35 19 4 8 10 44 38 39 9 19 4 16 15 43 23 39 9 10 32 12 1 10 6 5 23 56 19 17 0 19 12 4 23 19 33 13 11 15 26 18 23 65 33 4 3 48 14 47 48 19 4 7 14 38 44 39 9 19 4 8 15 43 23 39 9 10 32 16 12 6 10 5 23 56 19 1 0 19 12 4 23 19 33 13 11 15 26 18 23 65 12 19 6 48 14 4 11 19 4 10 14 38 44 39 9 19 4 15 17 23 43 39 9 10 32 12 8 10 6 5 23 56 19 0 16 12 19 4 23 65 16 1 5 14 0 4 35 8238690.5714999996
65 33 4 3 48 14 47 48 56 19 0 1 12 19 4 23 19 4 15 14 23 44 39 9 10 32 12 16 10 6 5 23 19 4 7 8 38 43 39 9 65 16 17 5 14 0 4 35 19 33 13 11 15 26 18 23 56 19 1 0 19 12 4 23 19 4 14 15 44 23 39 9 10 32 16 12 6 10 5 23 19 4 8 10 43 38 39 9 65 12 19 6 48 14 4 11 19 33 3 13 26 15 18 23 56 19 0 17 12 19 4 23 19 4 14 15 44 23 39 9 10 32 1 12 6 10 5 23 19 4 11 16 38 43 39 9 65 16 8 5 14 0 4 35 19 33 13 7 15 26 18 23 56 19 17 0 19 12 4 23 8239840.3355000010
56 19 16 0 19 12 4 23 19 4 12 15 44 23 39 9 65 33 3 4 14 48 47 48 10 32 14 1 10 6 5 23 19 33 13 7 15 26 18 23 19 4 17 11 43 38 39 9 56 19 8 0 19 12 4 23 19 4 15 16 23 44 39 9 65 16 12 5 48 0 4 35 10 32 14 1 10 6 5 23 19 33 13 7 15 26 18 23 19 4 10 17 38 43 39 9 56 19 0 8 12 19 4 23 65 33 3 4 14 48 47 48 19 4 15 16 23 44 39 9 10 32 12 1 10 6 5 23 19 33 13 11 15 26 18 23 19 4 17 7 43 38 39 9 56 19 8 0 19 12 4 23 65 16 14 5 48 0 4 35 8241275.8290000008
56 19 0 17 12 19 4 23 19 4 16 11 43 38 39 9 65 16 12 5 48 0 4 35 10 32 8 14 6 10 5 23 19 33 13 7 15 26 18 23 19 4 1 15 44 23 39 9 56 19 17 0 19 12 4 23 19 4 10 16 38 43 39 9 56 12 12 9 0 14 4 23 10 32 8 14 6 10 5 23 19 33 13 11 15 26 18 23 19 4 1 15 44 23 39 9 56 19 17 0 19 12 4 23 65 33 7 4 14 48 47 48 19 4 16 10 43 38 39 9 10 32 8 12 6 10 5 23 19 33 3 13 26 15 18 23 19 4 15 14 23 44 39 9 56 19 0 1 12 19 4 23 10 27 11 17 48 14 47 47 8243325.6052499991
10 27 16 11 14 48 47 47 56 19 17 0 19 12 4 23 19 4 15 7 23 38 39 9 10 32 8 12 6 10 5 23 19 33 3 13 26 15 18 23 65 16 5 14 0 48 4 35 19 4 16 1 43 44 39 9 56 19 17 0 19 12 4 23 19 4 10 15 38 23 39 9 10 32 12 8 10 6 5 23 19 33 13 11 15 26 18 23 65 33 4 7 48 14 47 48 19 4 16 1 43 44 39 9 56 19 17 0 19 12 4 23 19 4 10 15 38 23 39 9 10 32 8 14 6 10 5 23 19 33 3 13 26 15 18 23 65 16 12 5 48 0 4 35 19 4 1 16 44 43 39 9 56 19 0 17 12 19 4 23 8249195.7642500009
56 19 1 0 19 12 4 23 10 32 14 17 10 6 5 23 65 33 7 4 14 48 47 48 19 33 13 3 15 26 18 23 19 4 15 16 23 43 39 9 19 4 11 8 38 44 39 9 56 19 0 1 12 19 4 23 10 32 17 12 6 10 5 23 56 12 9 14 14 0 4 23 19 33 13 7 15 26 18 23 19 4 15 16 23 43 39 9 19 4 10 8 38 44 39 9 56 19 0 1 12 19 4 23 10 32 17 12 6 10 5 23 65 16 14 5 48 0 4 35 19 33 13 11 15 26 18 23 19 4 15 16 23 43 39 9 19 4 7 8 38 44 39 9 56 19 0 1 12 19 4 23 65 33 4 3 48 14 47 48 8252618.0697500007
65 16 5 12 0 48 4 35 56 19 16 0 19 12 4 23 10 32 1 14 6 10 5 23 19 33 13 11 15 26 18 23 19 4 8 15 43 23 39 9 19 4 10 17 38 44 39 9 65 33 2 3 48 14 47 11 56 19 16 0 19 12 4 23 10 32 12 1 10 6 5 23 19 33 13 7 15 26 18 23 19 4 15 8 23 43 39 9 19 4 17 11 44 38 39 9 65 33 3 4 14 48 47 48 56 19 0 16 12 19 4 23 10 32 1 14 6 10 5 23 19 33 13 7 15 26 18 23 19 4 15 8 23 44 39 9 19 4 17 10 43 38 39 9 65 16 5 12 0 48 4 35 56 19 16 0 19 12 4 23 8252863.4530000007
10 27 4 13 48 14 47 47 56 19 0 1 12 19 4 23 19 4 15 17 23 44 39 9 10 32 12 16 10 6 5 23 19 4 7 8 38 43 39 9 65 16 5 14 0 48 4 35 19 33 13 11 15 26 18 23 56 19 1 0 19 12 4 23 19 4 17 15 44 23 39 9 10 32 8 12 6 10 5 23 19 4 16 10 43 38 39 9 65 16 14 5 48 0 4 35 19 33 3 13 26 15 18 23 56 19 0 1 12 19 4 23 19 4 17 15 44 23 39 9 10 32 8 12 6 10 5 23 19 4 10 16 38 43 39 9 65 16 14 5 48 0 4 35 19 33 13 11 15 26 18 23 56 19 1 0 19 12 4 23 8253335.7677500006
56 19 0 8 12 19 4 23 19 33 3 13 26 15 18 23 65 16 5 14 0 48 4 35 19 4 15 16 23 43 39 9 10 32 17 12 6 10 5 23 19 4 1 10 44 38 39 9 56 19 8 0 19 12 4 23 19 33 13 7 15 26 18 23 65 16 14 5 48 0 4 35 19 4 15 16 23 43 39 9 10 32 17 12 6 10 5 23 19 4 11 8 38 44 39 9 56 19 1 0 19 12 4 23 19 33 13 7 15 26 18 23 65 16 14 5 48 0 4 35 19 4 16 15 43 23 39 9 10 32 12 17 10 6 5 23 19 4 10 8 38 44 39 9 56 19 1 0 19 12 4 23 10 27 13 11 14 48 26 47 8253335.7677500006
56 19 0 17 12 19 4 23 19 33 7 13 26 15 18 23 65 16 5 14 0 48 4 35 19 4 8 11 44 38 39 9 19 4 16 15 43 23 39 9 10 32 12 1 10 6 5 23 56 19 17 0 19 12 4 23 19 33 13 3 15 26 18 23 65 33 4 7 48 14 47 48 19 4 10 14 38 44 39 9 19 4 8 15 43 23 39 9 10 32 16 12 6 10 5 23 56 19 1 0 19 12 4 23 19 33 13 11 15 26 18 23 65 12 19 6 48 14 4 11 19 4 7 14 38 44 39 9 19 4 15 17 23 43 39 9 10 32 12 8 10 6 5 23 56 19 0 16 12 19 4 23 65 16 1 5 14 0 4 35 8236440.5717499992
56 19 0 17 12 19 4 23 19 33 7 13 26 15 18 23 65 16 5 14 0 48 4 35 19 4 8 10 44 38 39 9 19 4 16 15 43 23 39 9 10 32 12 1 10 6 5 23 56 19 17 0 19 12 4 23 19 33 13 11 15 26 18 23 65 33 4 3 48 14 47 48 19 4 7 14 38 44 39 9 19 4 8 15 43 23 39 9 10 32 16 12 6 10 5 23 56 19 1 0 19 12 4 23 19 33 13 11 15 26 18 23 65 12 19 6 48 14 4 11 19 4 10 14 38 44 39 9 19 4 15 17 23 43 39 9 10 32 12 8 10 6 5 23 56 19 0 16 12 19 4 23 65 16 1 5 14 0 4 35 8238690.5714999996
65 33 4 3 48 14 47 48 56 19 0 1 12 19 4 23 19 4 15 14 23 44 39 9 10 32 12 16 10 6 5 23 19 4 7 8 38 43 39 9 65 16 17 5 14 0 4 35 19 33 13 11 15 26 18 23 56 19 1 0 19 12 4 23 19 4 14 15 44 23 39 9 10 32 16 12 6 10 5 23 19 4 8 10 43 38 39 9 65 12 19 6 48 14 4 11 19 33 3 13 26 15 18 23 56 19 0 17 12 19 4 23 19 4 14 15 44 23 39 9 10 32 1 12 6 10 5 23 19 4 11 16 38 43 39 9 65 16 8 5 14 0 4 35 19 33 13 7 15 26 18 23 56 19 17 0 19 12 4 23 8239840.3355000010
56 19 16 0 19 12 4 23 19 4 12 15 44 23 39 9 65 33 3 4 14 48 47 48 10 32 14 1 10 6 5 23 19 33 13 7 15 26 18 23 19 4 17 11 43 38 39 9 56 19 8 0 19 12 4 23 19 4 15 16 23 44 39 9 65 16 12 5 48 0 4 35 10 32 14 1 10 6 5 23 19 33 13 7 15 26 18 23 19 4 10 17 38 43 39 9 56 19 0 8 12 19 4 23 65 33 3 4 14 48 47 48 19 4 15 16 23 44 39 9 10 32 12 1 10 6 5 23 19 33 13 11 15 26 18 23 19 4 17 7 43 38 39 9 56 19 8 0 19 12 4 23 65 16 14 5 48 0 4 35 8241275.8290000008
56 19 0 17 12 19 4 23 19 4 16 11 43 38 39 9 65 16 12 5 48 0 4 35 10 32 8 14 6 10 5 23 19 33 13 7 15 26 18 23 19 4 1 15 44 23 39 9 56 19 17 0 19 12 4 23 19 4 10 16 38 43 39 9 56 12 12 9 0 14 4 23 10 32 8 14 6 10 5 23 19 33 13 11 15 26 18 23 19 4 1 15 44 23 39 9 56 19 17 0 19 12 4 23 65 33 7 4 14 48 47 48 19 4 16 10 43 38 39 9 10 32 8 12 6 10 5 23 19 33 3 13 26 15 18 23 19 4 15 14 23 44 39 9 56 19 0 1 12 19 4 23 10 27 11 17 48 14 47 47 8243325.6052499991
10 27 16 11 14 48 47 47 56 19 17 0 19 12 4 23 19 4 15 7 23 38 39 9 10 32 8 12 6 10 5 23 19 33 3 13 26 15 18 23 65 16 5 14 0 48 4 35 19 4 16 1 43 44 39 9 56 19 17 0 19 12 4 23 19 4 10 15 38 23 39 9 10 32 12 8 10 6 5 23 19 33 13 11 15 26 18 23 65 33 4 7 48 14 47 48 19 4 16 1 43 44 39 9 56 19 17 0 19 12 4 23 19 4 10 15 38 23 39 9 10 32 8 14 6 10 5 23 19 33 3 13 26 15 18 23 65 16 12 5 48 0 4 35 19 4 1 16 44 43 39 9 56 19 0 17 12 19 4 23 8249195.7642500009
56 19 1 0 19 12 4 23 10 32 14 17 10 6 5 23 65 33 7 4 14 48 47 48 19 33 13 3 15 26 18 23 19 4 15 16 23 43 39 9 19 4 11 8 38 44 39 9 56 19 0 1 12 19 4 23 10 32 17 12 6 10 5 23 56 12 9 14 14 0 4 23 19 33 13 7 15 26 18 23 19 4 15 16 23 43 39 9 19 4 10 8 38 44 39 9 56 19 0 1 12 19 4 23 10 32 17 12 6 10 5 23 65 16 14 5 48 0 4 35 19 33 13 11 15 26 18 23 19 4 15 16 23 43 39 9 19 4 7 8 38 44 39 9 56 19 0 1 12 19 4 23 65 33 4 3 48 14 47 48 8252618.0697500007
65 16 5 12 0 48 4 35 56 19 16 0 19 12 4 23 10 32 1 14 6 10 5 23 19 33 13 11 15 26 18 23 19 4 8 15 43 23 39 9 19 4 10 17 38 44 39 9 65 33 2 3 48 14 47 11 56 19 16 0 19 12 4 23 10 32 12 1 10 6 5 23 19 33 13 7 15 26 18 23 19 4 15 8 23 43 39 9 19 4 17 11 44 38 39 9 65 33 3 4 14 48 47 48 56 19 0 16 12 19 4 23 10 32 1 14 6 10 5 23 19 33 13 7 15 26 18 23 19 4 15 8 23 44 39 9 19 4 17 10 43 38 39 9 65 16 5 12 0 48 4 35 56 19 16 0 19 12 4 23 8252863.4530000007
10 27 4 13 48 14 47 47 56 19 0 1 12 19 4 23 19 4 15 17 23 44 39 9 10 32 12 16 10 6 5 23 19 4 7 8 38 43 39 9 65 16 5 14 0 48 4 35 19 33 13 11 15 26 18 23 56 19 1 0 19 12 4 23 19 4 17 15 44 23 39 9 10 32 8 12 6 10 5 23 19 4 16 10 43 38 39 9 65 16 14 5 48 0 4 35 19 33 3 13 26 15 18 23 56 19 0 1 12 19 4 23 19 4 17 15 44 23 39 9 10 32 8 12 6 10 5 23 19 4 10 16 38 43 39 9 65 16 14 5 48 0 4 35 19 33 13 11 15 26 18 23 56 19 1 0 19 12 4 23 8253335.7677500006
56 19 0 8 12 19 4 23 19 33 3 13 26 15 18 23 65 16 5 14 0 48 4 35 19 4 15 16 23 43 39 9 10 32 17 12 6 10 5 23 19 4 1 10 44 38 39 9 56 19 8 0 19 12 4 23 19 33 13 7 15 26 18 23 65 16 14 5 48 0 4 35 19 4 15 16 23 43 39 9 10 32 17 12 6 10 5 23 19 4 11 8 38 44 39 9 56 19 1 0 19 12 4 23 19 33 13 7 15 26 18 23 65 16 14 5 48 0 4 35 19 4 16 15 43 23 39 9 10 32 12 17 10 6 5 23 19 4 10 8 38 44 39 9 56 19 1 0 19 12 4 23 10 27 13 11 14 48 26 47 8253335.7677500006
