50 8 14 16 15 12 26 12 2 23 18 14 3 45 17 44 28 18 17 18 47 42 20 26 37 13 19 13 27 29 26 52 14 24 13 14 17 21 2 53 3 7 12 11 40 3 42 24 55 34 0 17 36 11 16 21 63 19 10 1 23 36 47 0 4 20 0 19 11 30 33 23 46 18 11 4 45 20 9 22 2 27 11 9 11 35 26 57 24 7 6 0 37 48 8 23 78 34 9 13 0 42 40 56 31 35 11 3 6 14 14 58 57 25 10 3 29 15 33 15 41 8 10 18 19 17 38 9 57 22 9 3 2 42 37 32 76 3 10 16 41 6 14 43 67 8 16 14 31 21 36 44 62 9 7 16 45 38 7 30 2907583548609.1933593750
57 15 9 18 41 15 21 14 8 6 12 3 5 42 22 24 62 32 7 15 26 34 24 57 61 35 12 8 28 42 7 34 32 32 17 18 15 38 10 4 21 33 15 4 38 20 28 17 41 35 6 9 37 7 42 34 51 0 3 8 14 8 28 39 24 32 2 1 40 6 30 35 50 14 14 2 11 12 40 20 3 5 12 13 3 49 30 0 45 12 17 5 44 18 32 11 22 30 13 18 14 10 6 13 67 34 4 14 5 2 35 20 21 12 14 10 4 2 27 24 25 15 18 15 23 21 7 21 35 18 3 15 28 16 42 16 16 20 8 17 17 21 40 19 40 35 5 2 23 10 6 44 9 21 3 15 9 39 8 48 2543359519879.8642578125
12 26 3 12 35 33 0 6 16 36 19 16 0 17 15 24 14 32 19 7 39 10 27 13 52 23 7 8 39 26 23 7 18 18 14 4 8 40 27 5 28 24 19 10 45 15 5 52 31 6 13 2 3 39 3 36 72 5 6 3 48 5 3 36 5 5 12 5 14 35 16 14 27 33 17 8 48 24 1 35 53 0 4 16 0 39 32 55 11 6 1 6 13 49 6 54 49 3 19 3 14 29 3 48 13 11 3 11 46 13 19 12 13 24 9 17 50 46 47 55 44 25 14 2 8 7 21 50 45 8 1 5 45 42 7 39 32 22 10 18 45 40 42 0 26 34 19 10 7 3 26 57 29 10 4 7 34 4 41 48 3136815090202.5195312500
73 27 14 1 27 12 18 29 43 14 1 6 47 5 48 8 32 34 2 9 40 7 36 43 46 4 19 17 44 43 26 29 16 27 7 10 15 37 23 36 31 10 8 11 11 20 2 8 50 12 11 7 43 15 23 35 46 2 0 14 20 48 39 5 30 3 4 13 25 7 45 33 45 3 4 14 13 19 40 24 54 19 17 16 42 48 1 54 50 7 10 4 16 4 24 54 24 24 19 18 50 1 45 30 17 23 11 18 36 14 3 24 31 20 1 2 12 36 41 4 46 16 1 10 23 10 3 21 72 19 11 12 44 1 2 43 21 2 18 10 17 36 4 37 9 13 16 6 4 13 41 33 64 11 7 0 14 22 15 28 2782584122122.3188476562
62 15 11 17 30 27 8 55 13 32 17 6 43 45 45 54 34 4 19 16 1 16 35 23 50 17 14 15 5 4 44 14 46 10 15 0 18 23 12 3 26 16 1 7 8 3 32 21 56 11 2 14 15 40 22 6 71 32 13 7 4 17 21 32 6 25 15 3 34 27 12 57 46 30 19 5 27 18 45 4 63 18 16 14 24 26 1 15 68 21 13 10 19 28 30 26 54 24 12 13 11 8 11 15 2 8 17 16 9 0 39 3 44 10 3 10 41 23 44 45 9 12 4 12 40 26 20 14 5 1 16 18 26 38 10 48 70 1 19 2 49 44 16 44 19 26 9 16 19 45 46 50 63 24 1 8 18 2 32 17 2216269826167.7861328125
73 4 4 16 40 3 34 58 52 25 4 16 24 3 36 53 29 27 7 8 5 29 21 49 41 34 19 10 25 18 20 3 5 3 2 12 41 32 24 49 3 20 18 11 9 11 46 33 43 13 1 17 45 30 1 34 62 16 4 7 21 4 23 33 32 8 10 13 20 13 20 29 4 26 14 7 16 18 39 19 78 16 10 18 38 17 4 50 47 28 4 17 1 27 5 47 57 5 8 15 10 44 18 29 7 4 16 3 14 23 41 5 73 18 7 15 18 26 44 14 74 22 19 4 47 1 45 13 38 34 1 16 17 11 45 23 14 11 2 4 5 13 24 46 8 24 15 14 25 27 35 35 24 1 6 1 48 25 42 44 2485247044720.8076171875
51 12 17 3 15 45 37 41 64 18 2 14 37 19 5 13 68 4 7 14 19 25 9 40 58 9 4 2 34 11 18 10 47 11 0 17 37 33 24 49 68 4 5 8 35 16 5 19 51 25 3 15 33 10 6 31 70 6 16 13 48 7 10 28 72 9 15 13 38 41 15 52 39 5 2 19 47 43 42 13 41 8 0 5 7 40 41 12 19 26 17 18 7 2 47 21 11 35 2 1 50 6 34 24 31 31 0 3 3 47 3 22 64 21 18 15 48 4 11 57 34 34 14 6 49 4 18 43 36 33 8 18 4 9 42 51 60 23 10 3 16 36 20 48 20 13 9 0 7 28 43 49 13 27 5 13 35 31 13 33 2425144686239.5175781250
61 8 13 16 20 0 20 22 70 30 9 4 0 11 12 6 22 5 11 18 8 38 30 1 36 21 17 9 28 45 19 24 19 10 10 9 21 48 31 58 77 31 12 7 43 23 8 34 29 33 2 3 10 37 5 52 13 25 19 4 43 20 30 55 31 30 19 0 39 19 31 4 72 6 3 11 9 18 35 13 2 25 1 18 5 25 9 28 61 7 16 10 40 24 19 30 54 10 11 18 1 21 32 23 0 26 8 19 22 32 21 14 76 18 8 19 5 14 40 45 53 5 4 17 17 27 46 9 15 3 0 13 1 8 3 11 63 8 15 17 9 32 10 0 63 31 2 13 25 43 0 2 66 24 9 5 12 22 41 47 2359913892412.5273437500
70 3 4 3 25 14 42 19 27 23 13 15 18 9 38 26 24 28 10 2 40 37 40 47 30 3 11 8 37 33 23 45 25 1 8 6 29 14 21 54 42 34 1 16 0 12 9 55 78 10 14 16 15 22 47 5 70 10 17 8 17 6 27 11 28 19 17 14 47 3 9 3 55 7 10 13 40 10 23 2 9 12 16 11 23 27 45 22 51 31 19 8 41 28 48 16 51 31 18 9 44 4 31 28 72 32 7 14 12 31 20 23 75 23 19 5 18 30 47 28 33 1 18 19 38 42 22 3 1 20 18 15 26 39 17 32 55 27 14 3 11 18 36 57 71 16 10 11 17 6 39 5 41 22 13 7 26 34 47 53 2625868846537.2612304688
5 9 12 3 10 14 46 15 15 20 12 7 32 44 9 32 32 24 6 2 48 36 10 48 54 6 5 14 45 14 35 29 77 22 2 15 49 2 26 8 11 0 11 12 17 43 6 23 11 15 11 15 37 49 0 9 14 8 9 3 22 1 29 5 23 12 13 2 22 28 1 47 65 4 18 5 8 11 1 45 75 3 6 17 21 1 37 23 36 22 7 15 6 39 47 12 5 0 9 15 33 24 42 58 3 35 6 0 14 47 17 20 6 4 18 19 44 18 43 33 21 14 5 17 36 20 13 46 47 33 17 9 34 13 2 58 29 13 7 0 44 6 9 16 71 22 2 4 1 50 1 3 70 33 1 19 36 42 16 14 2182182025115.1733398438
