21 34 3 9 39 38 21 11 37 0 17 18 47 41 25 39 5 28 2 0 17 18 8 42 50 2 8 1 12 9 47 58 16 1 13 12 34 12 42 17 20 36 14 4 37 50 34 58 57 14 17 16 41 38 39 4 8 25 5 3 31 11 24 11 65 24 3 9 41 14 2 37 7 33 11 16 49 19 1 21 73 23 5 14 41 6 45 7 55 17 13 3 28 1 5 0 48 28 17 16 34 31 44 32 19 25 0 6 44 27 43 36 24 35 11 0 19 22 15 36 45 16 4 13 2 33 16 23 32 19 16 8 24 8 19 9 8 1 10 0 42 9 39 48 39 19 15 4 13 25 38 12 8 33 13 5 20 49 6 51 2860897525047993.0000000000
23 17 10 9 19 7 42 51 20 31 5 16 13 45 21 32 61 4 6 9 50 14 9 49 21 0 4 18 0 46 38 31 53 36 15 16 22 24 32 53 28 26 9 13 2 32 42 36 44 27 6 11 2 12 29 5 49 25 18 8 46 41 44 16 34 7 7 12 16 39 33 58 13 6 5 4 20 32 16 9 64 0 9 4 5 41 5 3 70 35 1 17 16 15 5 3 73 18 14 5 29 39 17 0 10 13 13 12 33 5 33 23 67 9 8 7 42 0 41 22 44 27 12 3 46 2 26 37 5 11 0 9 23 39 28 2 7 35 8 2 46 15 47 27 61 16 9 16 23 19 38 34 2 22 1 11 4 27 38 10 3868040550030920.0000000000
77 7 17 15 30 12 32 24 3 15 5 7 41 11 21 53 34 28 14 8 5 23 21 29 53 19 19 14 44 42 41 3 46 20 15 4 3 46 26 35 52 24 2 9 42 13 23 11 21 16 19 11 12 26 48 34 21 8 0 13 37 32 23 52 63 29 12 19 3 42 18 34 74 22 19 16 35 24 30 7 59 23 2 10 49 36 12 34 3 17 9 18 34 50 43 48 53 13 12 4 39 44 6 49 27 5 13 7 23 32 32 49 73 27 17 10 8 1 45 46 21 20 17 1 3 39 34 3 36 19 13 15 9 29 28 38 34 31 18 0 22 36 22 2 7 35 19 15 31 1 20 42 15 34 1 15 11 2 5 14 2071682526620258.7500000000
56 29 2 10 21 31 29 1 40 18 6 15 39 2 31 8 32 5 0 9 20 17 45 49 27 32 6 19 33 26 34 38 6 17 5 3 45 5 25 45 59 17 13 11 15 24 15 43 9 0 12 10 46 19 30 46 61 36 1 6 50 3 16 37 73 11 5 10 35 8 4 51 18 0 15 2 23 44 25 40 48 16 1 4 24 23 19 30 47 18 0 5 38 30 37 56 50 10 16 2 31 22 3 32 12 33 10 13 5 19 36 38 14 33 7 13 1 23 45 17 32 20 0 2 27 1 37 8 14 24 2 18 0 28 15 6 29 3 16 11 45 39 9 3 40 28 18 13 44 31 46 50 22 11 0 18 8 19 2 56 3708533749024693.5000000000
1 12 15 3 23 35 8 30 71 4 0 19 32 41 47 44 42 3 7 15 15 18 2 6 18 16 4 6 16 8 42 12 38 15 17 2 0 34 20 35 53 19 11 13 40 9 16 19 27 16 13 11 41 39 48 57 75 27 5 4 22 28 25 52 41 3 15 19 9 20 20 21 74 35 15 0 0 36 40 37 71 3 11 4 28 42 4 54 33 8 17 0 16 5 34 56 0 19 17 13 44 4 9 29 45 20 10 2 29 27 45 51 5 9 12 10 7 23 6 7 21 12 4 3 0 14 6 58 0 33 6 16 40 42 1 42 68 5 6 18 36 43 19 41 70 30 14 9 31 50 31 50 69 15 9 16 29 28 29 6 2167763569942734.0000000000
43 14 7 10 8 10 37 2 66 23 3 14 31 30 24 32 78 18 2 7 49 4 34 22 32 0 6 9 5 10 25 42 37 36 5 13 42 5 0 2 64 16 5 1 12 47 7 58 20 8 1 7 20 3 12 2 53 20 6 2 32 49 6 57 22 31 0 2 5 17 2 34 62 22 16 12 19 12 28 28 41 3 5 18 6 15 0 52 30 35 10 4 46 30 40 2 11 5 19 18 32 28 45 35 68 9 10 6 18 27 32 2 57 16 13 19 26 29 25 6 22 22 17 1 28 1 30 4 22 33 19 4 43 22 26 4 1 27 10 3 22 40 30 57 53 17 18 15 12 9 4 53 15 20 18 11 42 1 21 34 3425667577906335.0000000000
75 18 6 10 26 9 4 47 75 26 13 19 49 16 13 39 2 28 1 6 12 22 26 26 11 7 10 16 1 0 0 40 25 8 15 3 1 10 17 27 49 22 19 13 45 5 21 9 4 25 2 1 31 30 28 12 27 29 17 12 35 5 15 1 10 7 2 7 13 24 9 15 14 20 14 9 29 45 37 43 8 31 2 15 49 41 46 40 44 22 17 8 9 4 44 54 7 26 6 12 16 18 34 45 58 9 3 12 26 1 39 28 21 2 0 6 12 33 18 42 61 9 1 2 47 15 35 25 16 29 4 11 13 49 24 19 63 21 2 18 13 21 32 33 4 27 5 19 44 13 12 46 13 15 11 17 21 0 9 51 2617255486129269.5000000000
48 21 5 2 14 5 39 49 17 17 16 0 10 11 8 48 4 4 9 13 5 48 17 9 55 13 9 5 9 31 42 25 13 34 4 11 24 35 8 24 5 7 18 6 27 26 46 21 55 10 2 11 27 14 45 5 26 24 16 3 12 30 24 36 15 3 18 6 24 25 47 52 13 34 13 14 8 14 39 22 67 10 14 0 1 14 33 11 24 36 8 3 34 7 31 43 67 11 0 13 9 37 4 27 17 12 8 16 23 41 41 3 67 6 0 1 19 36 10 16 66 2 2 5 27 4 3 0 66 17 19 14 22 44 48 8 52 9 2 4 39 46 30 55 73 31 5 14 29 0 0 43 53 36 18 10 7 28 4 25 2524901396064283.5000000000
19 9 0 19 21 10 19 11 31 12 6 0 7 22 2 50 37 31 2 5 37 33 0 36 53 20 5 6 8 12 28 39 52 6 2 13 14 22 15 33 61 0 12 19 32 42 21 23 73 2 1 16 40 16 42 41 71 1 11 15 37 20 8 51 52 2 6 3 1 50 30 24 22 30 1 10 3 30 40 55 7 12 14 7 43 26 24 36 47 34 2 0 6 30 40 52 5 15 15 11 20 21 20 26 53 5 16 11 10 14 11 17 36 26 0 14 12 17 14 24 1 13 11 6 2 5 1 32 0 26 0 3 30 5 23 35 38 17 12 17 0 37 43 29 37 22 4 3 11 33 47 25 21 3 3 9 39 30 22 13 2815565307919630.5000000000
18 18 16 0 44 33 41 39 0 20 11 4 40 28 28 58 35 5 9 4 24 15 19 30 65 5 2 19 15 49 35 40 40 34 9 18 2 27 21 11 40 29 6 19 36 23 11 0 34 17 7 1 6 20 24 49 55 31 18 0 48 43 40 1 59 9 9 3 6 3 48 9 25 36 0 4 11 48 41 56 40 21 17 2 16 18 13 49 54 11 18 1 31 20 47 27 75 2 6 4 28 43 8 30 74 19 13 14 44 24 37 47 10 34 14 4 33 48 40 17 61 20 1 0 41 29 19 2 35 31 11 4 22 12 37 20 75 5 3 6 50 2 22 57 57 34 15 2 42 24 11 17 46 23 16 3 48 38 21 29 2615566943996332.0000000000
65 16 12 5 48 0 4 35 56 19 16 0 19 12 4 23 10 32 1 14 6 10 5 23 19 4 11 17 38 44 39 9 19 33 3 13 26 15 18 23 19 4 15 8 23 43 39 9 65 33 4 7 48 14 47 48 56 19 16 0 19 12 4 23 10 32 17 12 6 10 5 23 19 4 10 1 38 44 39 9 19 33 13 3 15 26 18 23 65 16 5 14 0 48 4 35 19 4 16 15 43 23 39 9 56 19 0 8 12 19 4 23 10 32 17 12 6 10 5 23 19 4 1 11 44 38 39 9 19 33 13 3 15 26 18 23 65 16 14 5 48 0 4 35 19 4 16 15 43 23 39 9 56 19 8 0 19 12 4 23 8259500.8267500009
10 27 11 17 48 14 47 47 56 19 16 0 19 12 4 23 10 32 1 14 6 10 5 23 19 33 3 13 26 15 18 23 19 4 8 15 44 23 39 9 65 16 12 5 48 0 4 35 19 4 10 17 38 43 39 9 56 19 0 1 12 19 4 23 10 32 14 16 10 6 5 23 19 33 13 11 15 26 18 23 65 12 6 19 14 48 4 11 19 4 7 15 38 23 39 9 19 4 17 12 43 44 39 9 56 19 8 0 19 12 4 23 10 32 14 1 10 6 5 23 19 33 11 13 26 15 18 23 10 27 16 4 14 48 47 47 19 4 15 10 23 38 39 9 19 4 17 12 43 44 39 9 56 19 0 8 12 19 4 23 8303623.3425000003
19 4 15 8 23 43 39 9 56 19 17 0 19 12 4 23 65 16 5 12 0 48 4 35 10 32 14 16 10 6 5 23 19 33 13 7 15 26 18 23 19 4 11 1 38 44 39 9 19 4 8 15 43 23 39 9 56 19 0 17 12 19 4 23 65 33 4 3 48 14 47 48 10 32 16 14 6 10 5 23 19 33 7 13 26 15 18 23 19 4 10 8 38 44 39 9 56 19 1 0 19 12 4 23 19 4 17 15 43 23 39 9 65 16 5 12 0 48 4 35 10 32 14 16 10 6 5 23 19 33 13 11 15 26 18 23 19 4 8 10 44 38 39 9 56 19 17 0 19 12 4 23 65 16 1 12 14 48 47 35 8309675.8427499998
56 19 15 0 19 12 4 23 65 33 4 7 48 14 47 48 19 4 16 11 44 38 39 9 10 32 1 12 6 10 5 23 19 33 13 3 15 26 18 23 56 19 8 0 19 12 4 23 19 4 17 15 43 23 39 9 56 12 14 18 0 14 4 23 19 4 11 16 38 44 39 9 10 32 12 1 10 6 5 23 19 33 13 3 15 26 18 23 56 19 17 0 19 12 4 23 19 4 15 8 23 43 39 9 65 16 5 14 0 48 4 35 19 4 16 7 44 38 39 9 10 32 1 12 6 10 5 23 19 33 3 13 26 15 18 23 56 19 0 17 12 19 4 23 65 16 8 14 14 48 47 35 19 4 10 15 38 23 39 9 8325945.5829999996
56 19 17 0 19 12 4 23 65 16 14 5 48 0 4 35 19 4 15 10 23 38 39 9 19 33 13 7 15 26 18 23 10 32 1 12 6 10 5 23 19 4 8 16 43 44 39 9 56 19 17 0 19 12 4 23 65 33 3 4 14 48 47 48 19 4 10 15 38 23 39 9 19 33 13 7 15 26 18 23 10 32 14 1 10 6 5 23 19 4 12 8 44 43 39 9 56 19 16 0 19 12 4 23 65 33 3 4 14 48 47 48 19 4 15 10 23 38 39 9 19 33 11 13 26 15 18 23 10 32 1 12 6 10 5 23 56 19 0 8 12 19 4 23 65 16 14 5 48 0 4 35 19 4 17 7 44 38 39 9 8327023.3702499997
19 4 1 15 44 23 39 9 56 19 8 0 19 12 4 23 65 33 3 4 14 48 47 48 19 33 13 7 15 26 18 23 10 32 16 12 6 10 5 23 19 4 17 10 43 38 39 9 19 4 15 14 23 44 39 9 56 19 8 0 19 12 4 23 65 33 3 4 14 48 47 48 19 33 13 7 15 26 18 23 10 32 12 1 10 6 5 23 19 4 10 15 38 23 39 9 56 19 8 0 19 12 4 23 65 16 16 5 14 0 4 35 19 4 17 14 43 44 39 9 19 33 7 13 26 15 18 23 10 32 1 12 6 10 5 23 19 4 15 10 23 38 39 9 56 19 0 8 12 19 4 23 10 27 16 11 14 48 47 47 8329520.8649999993
10 27 4 1 48 14 47 47 56 19 8 0 19 12 4 23 19 33 13 7 15 26 18 23 19 4 11 15 38 23 39 9 10 32 16 14 6 10 5 23 65 16 5 12 0 48 4 35 19 4 17 8 44 43 39 9 56 19 0 1 12 19 4 23 19 33 13 7 15 26 18 23 19 4 11 15 38 23 39 9 10 32 14 17 10 6 5 23 65 16 16 5 14 0 4 35 19 4 1 8 44 43 39 9 56 19 15 0 19 12 4 23 19 33 3 13 26 15 18 23 10 32 14 17 10 6 5 23 65 33 11 4 14 48 47 48 19 4 7 8 38 44 39 9 19 4 15 16 23 43 39 9 56 19 0 1 12 19 4 23 8395155.4987500012
56 19 0 16 12 19 4 23 19 4 1 7 44 38 39 9 65 16 17 12 14 48 47 35 10 32 15 14 10 23 5 23 19 33 13 11 15 26 18 23 56 19 0 8 12 19 4 23 19 4 10 16 38 43 39 9 65 16 5 12 0 48 4 35 19 4 15 1 23 44 39 9 10 32 17 14 6 10 5 23 19 33 7 13 26 15 18 23 56 19 0 16 12 19 4 23 65 33 4 11 48 14 47 48 19 4 10 8 38 43 39 9 19 4 14 15 44 23 39 9 10 32 12 1 10 6 5 23 19 33 13 3 15 26 18 23 56 19 16 0 19 12 4 23 10 27 17 11 14 48 47 47 19 4 7 15 38 23 39 9 8404153.2747500017
56 12 15 18 0 14 4 23 19 4 17 8 44 43 39 9 56 19 0 1 12 19 4 23 19 33 13 7 15 26 18 23 65 33 3 2 14 48 47 11 10 32 14 12 23 10 5 23 19 4 10 16 38 43 39 9 56 19 0 15 12 19 4 23 19 33 13 11 15 26 18 23 65 33 7 4 14 48 47 48 10 32 12 8 23 6 5 23 19 4 17 1 43 44 39 9 56 19 0 16 12 19 4 23 19 33 3 13 26 15 18 23 65 16 14 5 48 0 4 35 10 32 8 15 6 10 5 23 19 4 10 12 38 44 39 9 56 19 0 17 12 19 4 23 19 33 13 7 15 26 18 23 10 27 11 16 48 14 47 47 8718980.0069999993
10 32 17 14 6 23 5 23 19 4 11 16 38 44 39 9 56 19 0 8 12 19 4 23 65 16 1 12 14 48 47 35 19 33 7 13 26 15 18 23 10 32 15 14 10 23 5 23 19 4 10 16 38 44 39 9 56 19 17 0 19 12 4 23 65 33 4 3 48 14 47 48 19 33 11 13 26 15 18 23 10 32 8 12 6 10 5 23 19 4 14 10 44 38 39 9 56 19 1 0 19 12 4 23 65 33 7 2 14 48 47 11 19 4 16 15 43 23 39 9 10 32 12 17 10 6 5 23 19 4 8 11 44 38 39 9 56 19 0 1 12 19 4 23 65 33 13 4 14 48 47 48 10 32 14 15 10 23 5 23 8722532.8917500004
65 16 5 14 0 48 4 35 56 19 0 17 12 19 4 23 10 32 1 12 6 10 5 23 19 33 13 11 15 26 18 23 19 4 10 8 38 44 39 9 65 33 7 4 14 48 47 48 19 4 15 16 23 43 39 9 56 19 0 17 12 19 4 23 10 32 14 1 10 6 5 23 19 33 3 13 26 15 18 23 19 4 12 11 44 38 39 9 65 33 7 4 14 48 47 48 19 4 15 16 23 43 39 9 56 19 8 0 19 12 4 23 10 32 14 17 10 6 5 23 19 33 13 3 15 26 18 23 19 4 10 1 38 44 39 9 56 12 12 9 0 14 4 23 19 4 15 16 23 43 39 9 56 19 8 0 19 12 4 23 8246520.5767500009
65 16 14 5 48 0 4 35 56 19 1 0 19 12 4 23 19 4 15 16 23 43 39 9 10 32 8 12 6 10 5 23 19 4 10 17 38 44 39 9 65 33 4 7 48 14 47 48 19 33 13 11 15 26 18 23 56 19 0 1 12 19 4 23 19 4 16 15 43 23 39 9 10 32 12 17 10 6 5 23 19 4 10 14 38 44 39 9 65 33 3 4 14 48 47 48 19 33 7 13 26 15 18 23 56 19 0 16 12 19 4 23 19 4 15 8 23 43 39 9 10 32 12 17 10 6 5 23 19 4 1 10 44 38 39 9 65 16 14 5 48 0 4 35 19 33 13 3 15 26 18 23 56 19 16 0 19 12 4 23 8256350.7812500009
56 19 16 0 19 12 4 23 19 33 3 13 26 15 18 23 65 16 5 12 0 48 4 35 10 32 1 14 6 10 5 23 19 4 10 8 38 44 39 9 19 4 15 17 23 43 39 9 56 19 16 0 19 12 4 23 19 33 13 7 15 26 18 23 65 12 19 6 48 14 4 11 10 32 1 12 6 10 5 23 19 4 17 11 44 38 39 9 19 4 15 8 23 43 39 9 56 19 0 16 12 19 4 23 19 33 13 7 15 26 18 23 65 16 14 5 48 0 4 35 10 32 12 1 10 6 5 23 19 4 11 17 38 44 39 9 19 4 8 15 43 23 39 9 56 19 16 0 19 12 4 23 10 27 13 4 14 48 47 47 8258218.2985000005
65 16 12 5 48 0 4 35 56 19 16 0 19 12 4 23 10 32 1 14 6 10 5 23 19 4 11 17 38 44 39 9 19 33 3 13 26 15 18 23 19 4 15 8 23 43 39 9 65 33 4 7 48 14 47 48 56 19 16 0 19 12 4 23 10 32 17 12 6 10 5 23 19 4 10 1 38 44 39 9 19 33 13 3 15 26 18 23 65 16 5 14 0 48 4 35 19 4 16 15 43 23 39 9 56 19 0 8 12 19 4 23 10 32 17 12 6 10 5 23 19 4 1 11 44 38 39 9 19 33 13 3 15 26 18 23 65 16 14 5 48 0 4 35 19 4 16 15 43 23 39 9 56 19 8 0 19 12 4 23 8259500.8267500009
56 19 1 0 19 12 4 23 65 16 5 12 0 48 4 35 19 33 13 3 15 26 18 23 10 32 8 14 6 10 5 23 19 4 15 16 23 43 39 9 56 19 17 0 19 12 4 23 19 4 1 11 44 38 39 9 65 16 12 5 48 0 4 35 19 33 13 7 15 26 18 23 10 32 14 16 10 6 5 23 19 4 8 15 43 23 39 9 56 19 0 17 12 19 4 23 19 4 1 10 44 38 39 9 65 33 4 3 48 14 47 48 19 33 13 7 15 26 18 23 10 32 16 14 6 10 5 23 19 4 8 15 43 23 39 9 56 19 17 0 19 12 4 23 19 4 10 1 38 44 39 9 10 27 13 11 14 48 26 47 8281078.3032500008
10 27 11 17 48 14 47 47 56 19 16 0 19 12 4 23 10 32 1 14 6 10 5 23 19 33 3 13 26 15 18 23 19 4 8 15 44 23 39 9 65 16 12 5 48 0 4 35 19 4 10 17 38 43 39 9 56 19 0 1 12 19 4 23 10 32 14 16 10 6 5 23 19 33 13 11 15 26 18 23 65 12 6 19 14 48 4 11 19 4 7 15 38 23 39 9 19 4 17 12 43 44 39 9 56 19 8 0 19 12 4 23 10 32 14 1 10 6 5 23 19 33 11 13 26 15 18 23 10 27 16 4 14 48 47 47 19 4 15 10 23 38 39 9 19 4 17 12 43 44 39 9 56 19 0 8 12 19 4 23 8303623.3425000003
19 4 15 8 23 43 39 9 56 19 17 0 19 12 4 23 65 16 5 12 0 48 4 35 10 32 14 16 10 6 5 23 19 33 13 7 15 26 18 23 19 4 11 1 38 44 39 9 19 4 8 15 43 23 39 9 56 19 0 17 12 19 4 23 65 33 4 3 48 14 47 48 10 32 16 14 6 10 5 23 19 33 7 13 26 15 18 23 19 4 10 8 38 44 39 9 56 19 1 0 19 12 4 23 19 4 17 15 43 23 39 9 65 16 5 12 0 48 4 35 10 32 14 16 10 6 5 23 19 33 13 11 15 26 18 23 19 4 8 10 44 38 39 9 56 19 17 0 19 12 4 23 65 16 1 12 14 48 47 35 8309675.8427499998
65 16 8 12 14 48 4 35 19 4 10 14 38 44 39 9 56 19 1 0 19 12 4 23 19 4 17 15 43 23 39 9 19 33 3 13 26 15 18 23 65 16 5 16 0 14 4 35 10 32 12 8 10 6 5 23 19 4 14 7 44 38 39 9 56 19 1 0 19 12 4 23 19 4 17 15 43 23 39 9 19 33 13 3 15 26 18 23 65 16 5 12 0 48 4 35 10 32 8 14 6 10 5 23 56 19 1 0 19 12 4 23 19 4 10 16 38 44 39 9 19 4 17 15 43 23 39 9 19 33 13 7 15 26 18 23 65 16 5 12 0 48 4 35 10 32 1 14 6 10 5 23 56 19 16 0 19 12 4 23 8313930.4812500002
56 19 15 0 19 12 4 23 65 33 4 7 48 14 47 48 19 4 16 11 44 38 39 9 10 32 1 12 6 10 5 23 19 33 13 3 15 26 18 23 56 19 8 0 19 12 4 23 19 4 17 15 43 23 39 9 56 12 14 18 0 14 4 23 19 4 11 16 38 44 39 9 10 32 12 1 10 6 5 23 19 33 13 3 15 26 18 23 56 19 17 0 19 12 4 23 19 4 15 8 23 43 39 9 65 16 5 14 0 48 4 35 19 4 16 7 44 38 39 9 10 32 1 12 6 10 5 23 19 33 3 13 26 15 18 23 56 19 0 17 12 19 4 23 65 16 8 14 14 48 47 35 19 4 10 15 38 23 39 9 8325945.5829999996
56 19 17 0 19 12 4 23 65 16 14 5 48 0 4 35 19 4 15 10 23 38 39 9 19 33 13 7 15 26 18 23 10 32 1 12 6 10 5 23 19 4 8 16 43 44 39 9 56 19 17 0 19 12 4 23 65 33 3 4 14 48 47 48 19 4 10 15 38 23 39 9 19 33 13 7 15 26 18 23 10 32 14 1 10 6 5 23 19 4 12 8 44 43 39 9 56 19 16 0 19 12 4 23 65 33 3 4 14 48 47 48 19 4 15 10 23 38 39 9 19 33 11 13 26 15 18 23 10 32 1 12 6 10 5 23 56 19 0 8 12 19 4 23 65 16 14 5 48 0 4 35 19 4 17 7 44 38 39 9 8327023.3702499997
65 16 5 14 0 48 4 35 56 19 0 17 12 19 4 23 10 32 1 12 6 10 5 23 19 33 13 11 15 26 18 23 19 4 10 8 38 44 39 9 65 33 7 4 14 48 47 48 19 4 15 16 23 43 39 9 56 19 0 17 12 19 4 23 10 32 14 1 10 6 5 23 19 33 3 13 26 15 18 23 19 4 12 11 44 38 39 9 65 33 7 4 14 48 47 48 19 4 15 16 23 43 39 9 56 19 8 0 19 12 4 23 10 32 14 17 10 6 5 23 19 33 13 3 15 26 18 23 19 4 10 1 38 44 39 9 56 12 12 9 0 14 4 23 19 4 15 16 23 43 39 9 56 19 8 0 19 12 4 23 8246520.5767500009
65 16 14 5 48 0 4 35 56 19 1 0 19 12 4 23 19 4 15 16 23 43 39 9 10 32 8 12 6 10 5 23 19 4 10 17 38 44 39 9 65 33 4 7 48 14 47 48 19 33 13 11 15 26 18 23 56 19 0 1 12 19 4 23 19 4 16 15 43 23 39 9 10 32 12 17 10 6 5 23 19 4 10 14 38 44 39 9 65 33 3 4 14 48 47 48 19 33 7 13 26 15 18 23 56 19 0 16 12 19 4 23 19 4 15 8 23 43 39 9 10 32 12 17 10 6 5 23 19 4 1 10 44 38 39 9 65 16 14 5 48 0 4 35 19 33 13 3 15 26 18 23 56 19 16 0 19 12 4 23 8256350.7812500009
56 19 1 0 19 12 4 23 19 33 11 13 26 15 18 23 65 16 14 5 48 0 4 35 10 32 12 16 10 6 5 23 19 4 15 17 23 43 39 9 19 4 10 8 38 44 39 9 56 19 1 0 19 12 4 23 19 33 13 7 15 26 18 23 65 16 14 5 48 0 4 35 10 32 16 12 6 10 5 23 19 4 17 15 43 23 39 9 19 4 10 8 38 44 39 9 56 19 1 0 19 12 4 23 19 33 13 7 15 26 18 23 65 16 5 14 0 48 4 35 10 32 16 12 6 10 5 23 19 4 15 8 23 43 39 9 19 4 10 17 38 44 39 9 56 19 0 1 12 19 4 23 10 27 4 13 48 14 47 47 8258218.2539999997
56 19 16 0 19 12 4 23 19 33 3 13 26 15 18 23 65 16 5 12 0 48 4 35 10 32 1 14 6 10 5 23 19 4 10 8 38 44 39 9 19 4 15 17 23 43 39 9 56 19 16 0 19 12 4 23 19 33 13 7 15 26 18 23 65 12 19 6 48 14 4 11 10 32 1 12 6 10 5 23 19 4 17 11 44 38 39 9 19 4 15 8 23 43 39 9 56 19 0 16 12 19 4 23 19 33 13 7 15 26 18 23 65 16 14 5 48 0 4 35 10 32 12 1 10 6 5 23 19 4 11 17 38 44 39 9 19 4 8 15 43 23 39 9 56 19 16 0 19 12 4 23 10 27 13 4 14 48 47 47 8258218.2985000005
56 19 0 8 12 19 4 23 10 32 12 17 10 6 5 23 19 4 10 15 38 23 39 9 65 16 14 5 48 0 4 35 19 33 11 13 26 15 18 23 19 4 1 16 44 43 39 9 56 19 17 0 19 12 4 23 10 32 8 12 6 10 5 23 19 4 15 10 23 38 39 9 65 16 5 14 0 48 4 35 19 33 13 7 15 26 18 23 19 4 16 1 43 44 39 9 56 19 0 17 12 19 4 23 10 32 8 12 6 10 5 23 19 4 15 10 23 38 39 9 65 33 3 4 14 48 47 48 19 33 11 13 26 15 18 23 19 4 14 16 44 43 39 9 56 19 1 0 19 12 4 23 10 32 12 15 23 10 5 23 8259210.5352499997
65 16 12 5 48 0 4 35 56 19 16 0 19 12 4 23 10 32 1 14 6 10 5 23 19 4 11 17 38 44 39 9 19 33 3 13 26 15 18 23 19 4 15 8 23 43 39 9 65 33 4 7 48 14 47 48 56 19 16 0 19 12 4 23 10 32 17 12 6 10 5 23 19 4 10 1 38 44 39 9 19 33 13 3 15 26 18 23 65 16 5 14 0 48 4 35 19 4 16 15 43 23 39 9 56 19 0 8 12 19 4 23 10 32 17 12 6 10 5 23 19 4 1 11 44 38 39 9 19 33 13 3 15 26 18 23 65 16 14 5 48 0 4 35 19 4 16 15 43 23 39 9 56 19 8 0 19 12 4 23 8259500.8267500009
56 19 1 0 19 12 4 23 65 16 5 12 0 48 4 35 19 33 13 3 15 26 18 23 10 32 8 14 6 10 5 23 19 4 15 16 23 43 39 9 56 19 17 0 19 12 4 23 19 4 1 11 44 38 39 9 65 16 12 5 48 0 4 35 19 33 13 7 15 26 18 23 10 32 14 16 10 6 5 23 19 4 8 15 43 23 39 9 56 19 0 17 12 19 4 23 19 4 1 10 44 38 39 9 65 33 4 3 48 14 47 48 19 33 13 7 15 26 18 23 10 32 16 14 6 10 5 23 19 4 8 15 43 23 39 9 56 19 17 0 19 12 4 23 19 4 10 1 38 44 39 9 10 27 13 11 14 48 26 47 8281078.3032500008
19 4 15 16 23 43 39 9 19 4 8 7 44 38 39 9 56 19 17 0 19 12 4 23 65 16 12 5 48 0 4 35 19 33 3 13 26 15 18 23 10 32 14 1 10 6 5 23 19 4 15 10 23 38 39 9 56 19 0 8 12 19 4 23 19 4 16 17 44 43 39 9 56 12 12 9 0 14 4 23 19 33 13 7 15 26 18 23 10 32 14 1 10 6 5 23 19 4 10 15 38 23 39 9 56 19 8 0 19 12 4 23 19 4 17 16 44 43 39 9 65 12 19 6 48 14 4 11 19 33 13 11 15 26 18 23 10 32 1 14 6 10 5 23 19 4 10 15 38 23 39 9 56 19 0 8 12 19 4 23 8302478.1604999993
10 27 11 17 48 14 47 47 56 19 16 0 19 12 4 23 10 32 1 14 6 10 5 23 19 33 3 13 26 15 18 23 19 4 8 15 44 23 39 9 65 16 12 5 48 0 4 35 19 4 10 17 38 43 39 9 56 19 0 1 12 19 4 23 10 32 14 16 10 6 5 23 19 33 13 11 15 26 18 23 65 12 6 19 14 48 4 11 19 4 7 15 38 23 39 9 19 4 17 12 43 44 39 9 56 19 8 0 19 12 4 23 10 32 14 1 10 6 5 23 19 33 11 13 26 15 18 23 10 27 16 4 14 48 47 47 19 4 15 10 23 38 39 9 19 4 17 12 43 44 39 9 56 19 0 8 12 19 4 23 8303623.3425000003
56 19 1 0 19 12 4 23 19 4 11 8 38 44 39 9 10 27 17 4 14 48 47 47 19 4 16 15 43 23 39 9 19 33 13 7 15 26 18 23 10 32 8 14 6 10 5 23 56 19 1 0 19 12 4 23 19 4 12 10 44 38 39 9 65 33 3 4 14 48 47 48 19 4 16 15 43 23 39 9 19 33 11 13 26 15 18 23 10 32 17 12 6 10 5 23 56 19 1 0 19 12 4 23 65 16 14 5 48 0 4 35 19 4 16 10 44 38 39 9 19 4 8 15 43 23 39 9 19 33 7 13 26 15 18 23 10 32 12 17 10 6 5 23 56 19 0 1 12 19 4 23 10 27 16 4 14 48 47 47 8305850.8380000005
65 16 5 14 0 48 4 35 56 19 0 17 12 19 4 23 10 32 1 12 6 10 5 23 19 33 13 11 15 26 18 23 19 4 10 8 38 44 39 9 65 33 7 4 14 48 47 48 19 4 15 16 23 43 39 9 56 19 0 17 12 19 4 23 10 32 14 1 10 6 5 23 19 33 3 13 26 15 18 23 19 4 12 11 44 38 39 9 65 33 7 4 14 48 47 48 19 4 15 16 23 43 39 9 56 19 8 0 19 12 4 23 10 32 14 17 10 6 5 23 19 33 13 3 15 26 18 23 19 4 10 1 38 44 39 9 56 12 12 9 0 14 4 23 19 4 15 16 23 43 39 9 56 19 8 0 19 12 4 23 8246520.5767500009
10 27 11 16 48 14 47 47 56 19 0 8 12 19 4 23 10 32 14 17 10 6 5 23 19 4 1 10 44 38 39 9 19 33 7 13 26 15 18 23 65 16 12 5 48 0 4 35 19 4 15 16 23 43 39 9 56 19 8 0 19 12 4 23 10 32 14 1 10 6 5 23 19 4 11 17 38 44 39 9 19 33 3 13 26 15 18 23 65 12 19 6 48 14 4 11 19 4 16 15 43 23 39 9 56 19 0 8 12 19 4 23 10 32 1 12 6 10 5 23 19 4 17 10 44 38 39 9 19 33 13 7 15 26 18 23 65 16 14 5 48 0 4 35 19 4 15 16 23 43 39 9 56 19 0 8 12 19 4 23 8256238.3137500007
65 16 14 5 48 0 4 35 56 19 1 0 19 12 4 23 19 4 15 16 23 43 39 9 10 32 8 12 6 10 5 23 19 4 10 17 38 44 39 9 65 33 4 7 48 14 47 48 19 33 13 11 15 26 18 23 56 19 0 1 12 19 4 23 19 4 16 15 43 23 39 9 10 32 12 17 10 6 5 23 19 4 10 14 38 44 39 9 65 33 3 4 14 48 47 48 19 33 7 13 26 15 18 23 56 19 0 16 12 19 4 23 19 4 15 8 23 43 39 9 10 32 12 17 10 6 5 23 19 4 1 10 44 38 39 9 65 16 14 5 48 0 4 35 19 33 13 3 15 26 18 23 56 19 16 0 19 12 4 23 8256350.7812500009
56 19 1 0 19 12 4 23 19 33 11 13 26 15 18 23 65 16 14 5 48 0 4 35 10 32 12 16 10 6 5 23 19 4 15 17 23 43 39 9 19 4 10 8 38 44 39 9 56 19 1 0 19 12 4 23 19 33 13 7 15 26 18 23 65 16 14 5 48 0 4 35 10 32 16 12 6 10 5 23 19 4 17 15 43 23 39 9 19 4 10 8 38 44 39 9 56 19 1 0 19 12 4 23 19 33 13 7 15 26 18 23 65 16 5 14 0 48 4 35 10 32 16 12 6 10 5 23 19 4 15 8 23 43 39 9 19 4 10 17 38 44 39 9 56 19 0 1 12 19 4 23 10 27 4 13 48 14 47 47 8258218.2539999997
56 19 16 0 19 12 4 23 19 33 3 13 26 15 18 23 65 16 5 12 0 48 4 35 10 32 1 14 6 10 5 23 19 4 10 8 38 44 39 9 19 4 15 17 23 43 39 9 56 19 16 0 19 12 4 23 19 33 13 7 15 26 18 23 65 12 19 6 48 14 4 11 10 32 1 12 6 10 5 23 19 4 17 11 44 38 39 9 19 4 15 8 23 43 39 9 56 19 0 16 12 19 4 23 19 33 13 7 15 26 18 23 65 16 14 5 48 0 4 35 10 32 12 1 10 6 5 23 19 4 11 17 38 44 39 9 19 4 8 15 43 23 39 9 56 19 16 0 19 12 4 23 10 27 13 4 14 48 47 47 8258218.2985000005
56 19 0 8 12 19 4 23 10 32 12 17 10 6 5 23 19 4 10 15 38 23 39 9 65 16 14 5 48 0 4 35 19 33 11 13 26 15 18 23 19 4 1 16 44 43 39 9 56 19 17 0 19 12 4 23 10 32 8 12 6 10 5 23 19 4 15 10 23 38 39 9 65 16 5 14 0 48 4 35 19 33 13 7 15 26 18 23 19 4 16 1 43 44 39 9 56 19 0 17 12 19 4 23 10 32 8 12 6 10 5 23 19 4 15 10 23 38 39 9 65 33 3 4 14 48 47 48 19 33 11 13 26 15 18 23 19 4 14 16 44 43 39 9 56 19 1 0 19 12 4 23 10 32 12 15 23 10 5 23 8259210.5352499997
65 16 12 5 48 0 4 35 56 19 16 0 19 12 4 23 10 32 1 14 6 10 5 23 19 4 11 17 38 44 39 9 19 33 3 13 26 15 18 23 19 4 15 8 23 43 39 9 65 33 4 7 48 14 47 48 56 19 16 0 19 12 4 23 10 32 17 12 6 10 5 23 19 4 10 1 38 44 39 9 19 33 13 3 15 26 18 23 65 16 5 14 0 48 4 35 19 4 16 15 43 23 39 9 56 19 0 8 12 19 4 23 10 32 17 12 6 10 5 23 19 4 1 11 44 38 39 9 19 33 13 3 15 26 18 23 65 16 14 5 48 0 4 35 19 4 16 15 43 23 39 9 56 19 8 0 19 12 4 23 8259500.8267500009
56 19 16 0 19 12 4 23 10 32 14 17 10 6 5 23 65 33 4 11 48 14 47 48 19 33 3 13 26 15 18 23 19 4 1 10 44 38 39 9 19 4 15 8 23 43 39 9 56 19 0 17 12 19 4 23 10 32 16 12 6 10 5 23 65 16 14 5 48 0 4 35 19 33 13 7 15 26 18 23 19 4 10 8 38 44 39 9 19 4 17 15 43 23 39 9 56 19 1 0 19 12 4 23 10 32 16 12 6 10 5 23 65 16 14 5 48 0 4 35 19 33 13 7 15 26 18 23 19 4 8 11 44 38 39 9 19 4 17 15 43 23 39 9 56 19 1 0 19 12 4 23 10 27 4 16 48 14 47 47 8263415.7525000004
56 19 1 0 19 12 4 23 65 16 5 12 0 48 4 35 19 33 13 3 15 26 18 23 10 32 8 14 6 10 5 23 19 4 15 16 23 43 39 9 56 19 17 0 19 12 4 23 19 4 1 11 44 38 39 9 65 16 12 5 48 0 4 35 19 33 13 7 15 26 18 23 10 32 14 16 10 6 5 23 19 4 8 15 43 23 39 9 56 19 0 17 12 19 4 23 19 4 1 10 44 38 39 9 65 33 4 3 48 14 47 48 19 33 13 7 15 26 18 23 10 32 16 14 6 10 5 23 19 4 8 15 43 23 39 9 56 19 17 0 19 12 4 23 19 4 10 1 38 44 39 9 10 27 13 11 14 48 26 47 8281078.3032500008
19 4 15 16 23 43 39 9 19 4 8 7 44 38 39 9 56 19 17 0 19 12 4 23 65 16 12 5 48 0 4 35 19 33 3 13 26 15 18 23 10 32 14 1 10 6 5 23 19 4 15 10 23 38 39 9 56 19 0 8 12 19 4 23 19 4 16 17 44 43 39 9 56 12 12 9 0 14 4 23 19 33 13 7 15 26 18 23 10 32 14 1 10 6 5 23 19 4 10 15 38 23 39 9 56 19 8 0 19 12 4 23 19 4 17 16 44 43 39 9 65 12 19 6 48 14 4 11 19 33 13 11 15 26 18 23 10 32 1 14 6 10 5 23 19 4 10 15 38 23 39 9 56 19 0 8 12 19 4 23 8302478.1604999993
65 16 5 14 0 48 4 35 56 19 0 17 12 19 4 23 10 32 1 12 6 10 5 23 19 33 13 11 15 26 18 23 19 4 16 15 44 23 39 9 19 4 10 8 38 43 39 9 65 33 2 7 48 14 47 11 56 19 0 17 12 19 4 23 10 32 14 1 10 6 5 23 19 33 3 13 26 15 18 23 19 4 12 11 44 38 39 9 19 4 15 16 23 43 39 9 65 33 7 4 14 48 47 48 56 19 8 0 19 12 4 23 10 32 14 17 10 6 5 23 19 33 13 3 15 26 18 23 19 4 10 1 38 44 39 9 19 4 15 16 23 43 39 9 56 12 12 9 0 14 4 23 56 19 8 0 19 12 4 23 8242065.7479999997
65 16 5 14 0 48 4 35 56 19 0 17 12 19 4 23 10 32 1 12 6 10 5 23 19 33 13 11 15 26 18 23 19 4 10 8 38 44 39 9 65 33 7 4 14 48 47 48 19 4 15 16 23 43 39 9 56 19 0 17 12 19 4 23 10 32 14 1 10 6 5 23 19 33 3 13 26 15 18 23 19 4 12 11 44 38 39 9 65 33 2 7 48 14 4 11 19 4 15 16 23 43 39 9 56 19 8 0 19 12 4 23 10 32 14 17 10 6 5 23 19 33 13 3 15 26 18 23 19 4 10 1 38 44 39 9 56 12 12 9 0 14 4 23 19 4 15 16 23 43 39 9 56 19 8 0 19 12 4 23 8244270.6215000004
65 16 5 14 0 48 4 35 56 19 0 17 12 19 4 23 10 32 1 12 6 10 5 23 19 33 13 11 15 26 18 23 19 4 10 8 38 44 39 9 65 33 2 7 48 14 47 11 19 4 15 16 23 43 39 9 56 19 0 17 12 19 4 23 10 32 14 1 10 6 5 23 19 33 3 13 26 15 18 23 19 4 12 11 44 38 39 9 65 33 7 4 14 48 47 48 19 4 15 16 23 43 39 9 56 19 8 0 19 12 4 23 10 32 14 17 10 6 5 23 19 33 13 3 15 26 18 23 19 4 10 1 38 44 39 9 56 12 12 9 0 14 4 23 19 4 15 16 23 43 39 9 56 19 8 0 19 12 4 23 8244270.6215000004
65 16 5 14 0 48 4 35 56 19 0 17 12 19 4 23 10 32 1 12 6 10 5 23 19 33 13 11 15 26 18 23 19 4 10 8 38 44 39 9 65 33 7 4 14 48 47 48 19 4 15 16 23 43 39 9 56 19 0 17 12 19 4 23 10 32 14 1 10 6 5 23 19 33 3 13 26 15 18 23 19 4 12 11 44 38 39 9 65 33 7 4 14 48 47 48 19 4 15 16 23 43 39 9 56 19 8 0 19 12 4 23 10 32 14 17 10 6 5 23 19 33 13 3 15 26 18 23 19 4 10 1 38 44 39 9 56 12 12 9 0 14 4 23 19 4 15 16 23 43 39 9 56 19 8 0 19 12 4 23 8246520.5767500009
65 16 5 14 0 48 4 35 56 19 0 17 12 19 4 23 10 32 1 12 6 10 5 23 19 33 13 11 15 26 18 23 19 4 10 8 38 44 39 9 65 33 7 4 14 48 47 48 19 4 15 16 23 43 39 9 56 19 0 17 12 19 4 23 10 32 14 1 10 6 5 23 19 33 3 13 26 15 18 23 19 4 12 11 44 38 39 9 65 33 7 4 14 48 47 48 19 4 15 16 23 43 39 9 56 19 8 0 19 12 4 23 10 32 14 17 10 6 5 23 19 33 13 3 15 26 18 23 19 4 10 1 38 44 39 9 56 12 12 9 0 14 4 23 19 4 15 16 23 43 39 9 56 19 8 0 19 12 4 23 8246520.5767500009
10 27 11 16 48 14 47 47 56 19 0 8 12 19 4 23 10 32 14 17 10 6 5 23 19 4 1 10 44 38 39 9 19 33 7 13 26 15 18 23 65 16 12 5 48 0 4 35 19 4 15 16 23 43 39 9 56 19 8 0 19 12 4 23 10 32 14 1 10 6 5 23 19 4 11 17 38 44 39 9 19 33 3 13 26 15 18 23 65 12 19 6 48 14 4 11 19 4 16 15 43 23 39 9 56 19 0 8 12 19 4 23 10 32 1 12 6 10 5 23 19 4 17 10 44 38 39 9 19 33 13 7 15 26 18 23 65 16 14 5 48 0 4 35 19 4 15 16 23 43 39 9 56 19 0 8 12 19 4 23 8256238.3137500007
65 16 14 5 48 0 4 35 56 19 1 0 19 12 4 23 19 4 15 16 23 43 39 9 10 32 8 12 6 10 5 23 19 4 10 17 38 44 39 9 65 33 4 7 48 14 47 48 19 33 13 11 15 26 18 23 56 19 0 1 12 19 4 23 19 4 16 15 43 23 39 9 10 32 12 17 10 6 5 23 19 4 10 14 38 44 39 9 65 33 3 4 14 48 47 48 19 33 7 13 26 15 18 23 56 19 0 16 12 19 4 23 19 4 15 8 23 43 39 9 10 32 12 17 10 6 5 23 19 4 1 10 44 38 39 9 65 16 14 5 48 0 4 35 19 33 13 3 15 26 18 23 56 19 16 0 19 12 4 23 8256350.7812500009
56 19 1 0 19 12 4 23 19 33 11 13 26 15 18 23 65 16 14 5 48 0 4 35 10 32 12 16 10 6 5 23 19 4 15 17 23 43 39 9 19 4 10 8 38 44 39 9 56 19 1 0 19 12 4 23 19 33 13 7 15 26 18 23 65 16 14 5 48 0 4 35 10 32 16 12 6 10 5 23 19 4 17 15 43 23 39 9 19 4 10 8 38 44 39 9 56 19 1 0 19 12 4 23 19 33 13 7 15 26 18 23 65 16 5 14 0 48 4 35 10 32 16 12 6 10 5 23 19 4 15 8 23 43 39 9 19 4 10 17 38 44 39 9 56 19 0 1 12 19 4 23 10 27 4 13 48 14 47 47 8258218.2539999997
56 19 16 0 19 12 4 23 19 33 3 13 26 15 18 23 65 16 5 12 0 48 4 35 10 32 1 14 6 10 5 23 19 4 10 8 38 44 39 9 19 4 15 17 23 43 39 9 56 19 16 0 19 12 4 23 19 33 13 7 15 26 18 23 65 12 19 6 48 14 4 11 10 32 1 12 6 10 5 23 19 4 17 11 44 38 39 9 19 4 15 8 23 43 39 9 56 19 0 16 12 19 4 23 19 33 13 7 15 26 18 23 65 16 14 5 48 0 4 35 10 32 12 1 10 6 5 23 19 4 11 17 38 44 39 9 19 4 8 15 43 23 39 9 56 19 16 0 19 12 4 23 10 27 13 4 14 48 47 47 8258218.2985000005
56 19 0 8 12 19 4 23 10 32 12 17 10 6 5 23 19 4 10 15 38 23 39 9 65 16 14 5 48 0 4 35 19 33 11 13 26 15 18 23 19 4 1 16 44 43 39 9 56 19 17 0 19 12 4 23 10 32 8 12 6 10 5 23 19 4 15 10 23 38 39 9 65 16 5 14 0 48 4 35 19 33 13 7 15 26 18 23 19 4 16 1 43 44 39 9 56 19 0 17 12 19 4 23 10 32 8 12 6 10 5 23 19 4 15 10 23 38 39 9 65 33 3 4 14 48 47 48 19 33 11 13 26 15 18 23 19 4 14 16 44 43 39 9 56 19 1 0 19 12 4 23 10 32 12 15 23 10 5 23 8259210.5352499997
65 16 5 14 0 48 4 35 56 19 0 17 12 19 4 23 10 32 1 12 6 10 5 23 19 33 13 11 15 26 18 23 19 4 16 15 44 23 39 9 19 4 10 8 38 43 39 9 65 33 2 7 48 14 47 11 56 19 0 17 12 19 4 23 10 32 14 1 10 6 5 23 19 33 3 13 26 15 18 23 19 4 12 11 44 38 39 9 19 4 15 16 23 43 39 9 65 33 7 4 14 48 47 48 56 19 8 0 19 12 4 23 10 32 14 17 10 6 5 23 19 33 13 3 15 26 18 23 19 4 10 1 38 44 39 9 19 4 15 16 23 43 39 9 56 12 12 9 0 14 4 23 56 19 8 0 19 12 4 23 8242065.7479999997
65 16 5 14 0 48 4 35 56 19 0 17 12 19 4 23 10 32 1 12 6 10 5 23 19 33 13 11 15 26 18 23 19 4 10 8 38 44 39 9 65 33 7 4 14 48 47 48 19 4 15 16 23 43 39 9 56 19 0 17 12 19 4 23 10 32 14 1 10 6 5 23 19 33 3 13 26 15 18 23 19 4 12 11 44 38 39 9 65 33 2 7 48 14 4 11 19 4 15 16 23 43 39 9 56 19 8 0 19 12 4 23 10 32 14 17 10 6 5 23 19 33 13 3 15 26 18 23 19 4 10 1 38 44 39 9 56 12 12 9 0 14 4 23 19 4 15 16 23 43 39 9 56 19 8 0 19 12 4 23 8244270.6215000004
65 16 5 14 0 48 4 35 56 19 0 17 12 19 4 23 10 32 1 12 6 10 5 23 19 33 13 11 15 26 18 23 19 4 10 8 38 44 39 9 65 33 2 7 48 14 47 11 19 4 15 16 23 43 39 9 56 19 0 17 12 19 4 23 10 32 14 1 10 6 5 23 19 33 3 13 26 15 18 23 19 4 12 11 44 38 39 9 65 33 7 4 14 48 47 48 19 4 15 16 23 43 39 9 56 19 8 0 19 12 4 23 10 32 14 17 10 6 5 23 19 33 13 3 15 26 18 23 19 4 10 1 38 44 39 9 56 12 12 9 0 14 4 23 19 4 15 16 23 43 39 9 56 19 8 0 19 12 4 23 8244270.6215000004
65 16 5 14 0 48 4 35 56 19 0 17 12 19 4 23 10 32 1 12 6 10 5 23 19 33 13 11 15 26 18 23 19 4 10 8 38 44 39 9 65 33 7 4 14 48 47 48 19 4 15 16 23 43 39 9 56 19 0 17 12 19 4 23 10 32 14 1 10 6 5 23 19 33 3 13 26 15 18 23 19 4 12 11 44 38 39 9 65 33 7 4 14 48 47 48 19 4 15 16 23 43 39 9 56 19 8 0 19 12 4 23 10 32 14 17 10 6 5 23 19 33 13 3 15 26 18 23 19 4 10 1 38 44 39 9 56 12 12 9 0 14 4 23 19 4 15 16 23 43 39 9 56 19 8 0 19 12 4 23 8246520.5767500009
65 16 5 14 0 48 4 35 56 19 0 17 12 19 4 23 10 32 1 12 6 10 5 23 19 33 13 11 15 26 18 23 19 4 10 8 38 44 39 9 65 33 7 4 14 48 47 48 19 4 15 16 23 43 39 9 56 19 0 17 12 19 4 23 10 32 14 1 10 6 5 23 19 33 3 13 26 15 18 23 19 4 12 11 44 38 39 9 65 33 7 4 14 48 47 48 19 4 15 16 23 43 39 9 56 19 8 0 19 12 4 23 10 32 14 17 10 6 5 23 19 33 13 3 15 26 18 23 19 4 10 1 38 44 39 9 56 12 12 9 0 14 4 23 19 4 15 16 23 43 39 9 56 19 8 0 19 12 4 23 8246520.5767500009
10 27 11 16 48 14 47 47 56 19 0 8 12 19 4 23 10 32 14 17 10 6 5 23 19 4 1 10 44 38 39 9 19 33 7 13 26 15 18 23 65 16 12 5 48 0 4 35 19 4 15 16 23 43 39 9 56 19 8 0 19 12 4 23 10 32 14 1 10 6 5 23 19 4 11 17 38 44 39 9 19 33 3 13 26 15 18 23 65 12 19 6 48 14 4 11 19 4 16 15 43 23 39 9 56 19 0 8 12 19 4 23 10 32 1 12 6 10 5 23 19 4 17 10 44 38 39 9 19 33 13 7 15 26 18 23 65 16 14 5 48 0 4 35 19 4 15 16 23 43 39 9 56 19 0 8 12 19 4 23 8256238.3137500007
65 16 14 5 48 0 4 35 56 19 1 0 19 12 4 23 19 4 15 16 23 43 39 9 10 32 8 12 6 10 5 23 19 4 10 17 38 44 39 9 65 33 4 7 48 14 47 48 19 33 13 11 15 26 18 23 56 19 0 1 12 19 4 23 19 4 16 15 43 23 39 9 10 32 12 17 10 6 5 23 19 4 10 14 38 44 39 9 65 33 3 4 14 48 47 48 19 33 7 13 26 15 18 23 56 19 0 16 12 19 4 23 19 4 15 8 23 43 39 9 10 32 12 17 10 6 5 23 19 4 1 10 44 38 39 9 65 16 14 5 48 0 4 35 19 33 13 3 15 26 18 23 56 19 16 0 19 12 4 23 8256350.7812500009
56 19 1 0 19 12 4 23 19 33 11 13 26 15 18 23 65 16 14 5 48 0 4 35 10 32 12 16 10 6 5 23 19 4 15 17 23 43 39 9 19 4 10 8 38 44 39 9 56 19 1 0 19 12 4 23 19 33 13 7 15 26 18 23 65 16 14 5 48 0 4 35 10 32 16 12 6 10 5 23 19 4 17 15 43 23 39 9 19 4 10 8 38 44 39 9 56 19 1 0 19 12 4 23 19 33 13 7 15 26 18 23 65 16 5 14 0 48 4 35 10 32 16 12 6 10 5 23 19 4 15 8 23 43 39 9 19 4 10 17 38 44 39 9 56 19 0 1 12 19 4 23 10 27 4 13 48 14 47 47 8258218.2539999997
56 19 16 0 19 12 4 23 19 33 3 13 26 15 18 23 65 16 5 12 0 48 4 35 10 32 1 14 6 10 5 23 19 4 10 8 38 44 39 9 19 4 15 17 23 43 39 9 56 19 16 0 19 12 4 23 19 33 13 7 15 26 18 23 65 12 19 6 48 14 4 11 10 32 1 12 6 10 5 23 19 4 17 11 44 38 39 9 19 4 15 8 23 43 39 9 56 19 0 16 12 19 4 23 19 33 13 7 15 26 18 23 65 16 14 5 48 0 4 35 10 32 12 1 10 6 5 23 19 4 11 17 38 44 39 9 19 4 8 15 43 23 39 9 56 19 16 0 19 12 4 23 10 27 13 4 14 48 47 47 8258218.2985000005
56 19 0 8 12 19 4 23 10 32 12 17 10 6 5 23 19 4 10 15 38 23 39 9 65 16 14 5 48 0 4 35 19 33 11 13 26 15 18 23 19 4 1 16 44 43 39 9 56 19 17 0 19 12 4 23 10 32 8 12 6 10 5 23 19 4 15 10 23 38 39 9 65 16 5 14 0 48 4 35 19 33 13 7 15 26 18 23 19 4 16 1 43 44 39 9 56 19 0 17 12 19 4 23 10 32 8 12 6 10 5 23 19 4 15 10 23 38 39 9 65 33 3 4 14 48 47 48 19 33 11 13 26 15 18 23 19 4 14 16 44 43 39 9 56 19 1 0 19 12 4 23 10 32 12 15 23 10 5 23 8259210.5352499997
