0 2 7 0 2 7 5 31 3 0 2 7 0 2 7 16 6 2 17 9 2 5 30 3 5 31 3 0 2 7 0 2 7 1 2 7 16 6 2 0 2 7 1 2 7 0 2 7 0 2 7 1 2 7 0 2 7 0 2 7 0 2 7 0 2 7 16 31 2 0 2 7 0 2 7 1 2 7 0 2 7 1 2 7 1 2 7 5 31 3 1 2 7 1 2 7 0 2 7 1 2 7 17 9 2 0 2 7 1 2 7 1 2 7 0 2 7 0 2 7 0 40.3387407064437866
16 6 2 0 2 7 1 2 3 0 2 7 0 2 7 12 16 2 16 19 11 5 30 3 5 31 3 1 2 7 0 2 7 5 31 3 16 6 2 0 2 3 0 2 3 0 2 3 16 6 2 0 2 7 0 2 4 5 31 3 0 2 3 0 2 7 16 6 2 1 2 3 0 2 3 0 2 7 0 2 7 1 2 3 0 2 3 1 2 7 0 2 7 1 2 3 0 2 7 0 2 7 0 2 7 12 16 2 0 2 7 0 2 7 1 2 7 0 2 7 0 41.7899106740951538
8 18 2 0 2 4 12 16 2 1 2 7 0 2 7 17 18 2 1 2 11 5 30 3 1 2 11 1 2 11 1 2 7 0 2 7 12 16 2 0 2 11 8 18 2 17 18 2 0 2 7 0 2 7 5 30 3 17 9 2 0 2 7 0 2 7 5 31 3 0 2 4 6 2 1 17 18 2 1 2 7 1 2 7 0 2 11 0 2 7 1 2 7 0 2 7 0 2 4 1 2 7 5 30 3 0 2 7 0 2 11 0 2 4 0 2 7 0 2 7 0 41.9487537145614624
8 9 2 0 2 7 5 31 3 0 2 11 0 2 7 17 9 2 16 6 2 5 30 3 1 2 8 0 2 7 0 2 3 5 30 3 16 19 11 0 2 1 1 2 7 5 30 3 0 2 7 0 2 8 5 30 3 16 6 2 0 2 7 0 2 7 8 9 2 1 2 7 6 2 7 17 9 2 0 2 7 0 2 7 0 2 8 0 2 3 0 2 8 0 2 7 1 2 7 0 2 8 5 30 3 1 2 7 0 2 8 0 2 8 0 2 7 1 2 3 0 42.8594240546226501
0 2 3 5 30 3 5 30 3 0 2 7 5 30 3 1 2 3 0 2 3 0 2 3 16 19 12 0 2 3 0 2 7 0 2 8 16 31 2 0 2 7 1 2 3 5 30 3 5 30 3 0 2 7 0 2 3 16 19 12 0 2 7 0 2 3 0 2 7 12 16 2 1 2 3 0 2 3 0 2 8 16 19 12 16 6 2 0 2 12 0 2 7 0 2 7 0 2 7 0 2 8 5 31 3 0 2 7 0 2 7 0 2 3 1 2 3 0 2 3 0 43.7668989896774292
0 2 11 8 9 2 12 16 2 6 2 11 1 2 7 0 2 3 5 30 3 17 9 2 8 9 2 0 2 3 0 2 11 0 2 7 0 2 3 0 2 11 0 2 7 0 2 11 12 16 2 12 16 2 0 2 11 16 19 11 6 2 11 5 30 3 5 30 3 0 2 8 0 2 8 0 2 11 5 30 3 0 2 8 16 6 2 16 19 11 1 2 3 0 2 7 0 2 8 0 2 11 5 30 3 0 2 7 0 2 11 0 2 11 0 2 7 5 30 3 0 44.2972912788391113
16 6 2 16 19 11 0 2 3 0 2 3 0 2 3 12 16 2 8 18 2 5 30 3 1 2 8 1 2 8 16 9 8 16 18 8 5 30 3 0 2 8 0 2 8 0 2 3 0 2 3 1 2 8 5 30 3 5 30 3 0 2 8 0 2 8 8 18 2 0 2 3 1 2 8 0 2 3 12 16 2 0 2 8 1 2 7 0 2 3 0 2 3 5 30 3 0 2 8 0 2 3 1 2 3 12 16 2 0 2 3 0 2 3 0 2 3 0 2 8 0 45.0787508487701416
0 2 7 0 2 7 5 30 3 8 9 2 5 31 3 8 9 2 1 2 7 5 30 3 0 2 8 0 2 8 0 2 11 0 2 11 16 6 2 6 2 8 0 2 8 5 30 3 1 2 8 0 2 8 16 6 2 0 2 8 0 2 8 0 2 8 17 9 2 1 2 8 0 2 8 17 18 2 0 2 8 8 9 2 12 16 2 5 30 3 0 2 8 0 2 3 0 2 7 0 2 8 5 30 3 0 2 12 6 2 8 0 2 8 1 2 8 1 2 8 2.22147161330759417e-07 44.4910625219345093
16 19 12 0 2 8 0 2 8 5 30 3 0 2 8 16 19 12 5 30 3 0 2 8 1 2 8 8 18 2 5 30 3 0 2 8 6 2 8 0 2 8 0 2 8 8 18 2 16 19 12 1 2 7 1 2 8 8 18 2 0 2 8 8 18 2 0 2 8 0 2 7 5 30 3 0 2 8 16 15 2 0 2 8 0 2 8 8 18 2 5 30 3 5 30 3 16 19 12 0 2 8 0 2 8 0 2 8 0 2 8 0 2 8 0 2 7 0 2 7 0.00166256013375817098 45.4268689155578613
1 2 8 12 16 2 5 19 3 0 2 8 0 2 7 16 30 3 5 30 3 8 18 2 16 6 4 0 2 8 0 2 7 5 31 3 5 19 3 0 2 4 1 2 4 1 2 7 16 9 2 0 2 7 1 2 3 5 16 3 0 2 7 1 2 8 0 2 7 0 2 8 0 2 7 0 2 8 0 2 8 0 2 7 0 2 8 0 2 3 1 2 7 0 2 8 0 2 8 0 2 4 1 2 7 0 2 4 5 30 3 1 2 7 0 2 3 16 30 3 409597.870177066477 43.850008487701416
0 2 7 0 2 7 5 31 3 0 2 7 0 2 7 16 6 2 17 9 2 5 30 3 5 31 3 0 2 7 0 2 7 1 2 7 16 6 2 0 2 7 1 2 7 0 2 7 0 2 7 1 2 7 0 2 7 0 2 7 0 2 7 0 2 7 16 31 2 0 2 7 0 2 7 1 2 7 0 2 7 1 2 7 1 2 7 5 31 3 1 2 7 1 2 7 0 2 7 1 2 7 17 9 2 0 2 7 1 2 7 1 2 7 0 2 7 0 2 7 0 40.3387407064437866
17 9 2 1 2 4 8 18 2 1 2 7 0 2 3 17 18 2 0 2 7 16 6 2 0 2 7 0 2 7 16 19 11 1 2 11 12 16 2 0 2 7 0 2 7 0 2 7 1 2 7 0 2 7 5 30 3 1 2 7 1 2 3 1 2 7 5 31 3 0 2 7 0 2 4 8 18 2 12 16 2 1 2 7 0 2 7 0 2 7 1 2 7 5 30 3 0 2 7 0 2 4 5 30 3 0 2 3 0 2 7 0 2 7 0 2 7 0 2 7 0 41.6282805204391479
0 2 7 1 2 3 5 31 3 0 2 7 0 2 3 16 6 2 17 9 2 0 2 3 0 2 7 0 2 7 0 2 7 0 2 7 16 6 2 1 2 7 1 2 3 1 2 7 1 2 3 1 2 3 0 2 3 0 2 3 1 2 3 0 2 3 0 2 7 0 2 7 5 30 3 0 2 3 16 9 8 0 2 7 0 2 7 5 31 3 1 2 7 5 30 3 1 2 7 1 2 3 0 2 3 0 2 7 0 2 7 6 2 7 12 16 2 0 2 7 0 42.0260208249092102
8 9 2 0 2 7 5 31 3 0 2 8 0 2 7 17 9 2 16 6 2 5 30 3 1 2 7 0 2 7 0 2 7 5 31 3 16 19 11 0 2 8 1 2 8 5 30 3 0 2 7 0 2 8 5 30 3 16 6 2 0 2 7 0 2 7 8 9 2 1 2 8 0 2 7 17 9 2 0 2 7 0 2 7 0 2 8 0 2 7 0 2 8 0 2 7 1 2 7 0 2 7 5 30 3 1 2 8 0 2 7 1 2 11 0 2 8 1 2 7 0 42.7968097925186157
8 9 2 0 2 7 0 2 3 5 30 3 1 2 4 16 6 2 5 30 3 1 2 3 1 2 3 0 2 7 16 19 11 16 18 8 0 2 3 0 2 3 12 16 2 0 2 3 0 2 3 0 2 3 0 2 4 12 16 2 0 2 3 12 16 2 8 9 2 0 2 7 0 2 3 1 2 7 16 6 2 0 2 3 0 2 7 1 2 7 0 2 3 5 30 3 0 2 7 1 2 7 5 30 3 12 16 2 0 2 3 0 2 4 1 2 7 0 2 3 0 42.8833365440368652
0 2 11 8 9 2 12 16 2 6 2 11 1 2 7 0 2 3 5 30 3 17 9 2 8 9 2 0 2 3 0 2 11 0 2 7 0 2 3 0 2 11 0 2 7 0 2 11 12 16 2 12 16 2 0 2 11 16 19 11 6 2 11 5 30 3 5 30 3 0 2 8 0 2 8 0 2 11 5 30 3 0 2 8 16 6 2 16 19 11 1 2 3 0 2 7 0 2 8 0 2 11 5 30 3 0 2 7 0 2 11 0 2 11 0 2 7 5 30 3 0 44.2972912788391113
16 6 2 16 19 11 0 2 3 0 2 3 0 2 3 12 16 2 8 18 2 5 30 3 1 2 8 1 2 8 16 9 8 16 18 8 5 30 3 0 2 8 0 2 8 0 2 3 0 2 3 1 2 8 5 30 3 5 30 3 0 2 8 0 2 8 8 18 2 0 2 3 1 2 8 0 2 3 12 16 2 0 2 8 1 2 7 0 2 3 0 2 3 5 30 3 0 2 8 0 2 3 1 2 3 12 16 2 0 2 3 0 2 3 0 2 3 0 2 8 0 45.0787508487701416
0 2 7 0 2 7 5 30 3 8 9 2 5 31 3 8 9 2 1 2 7 5 30 3 0 2 8 0 2 8 0 2 11 0 2 11 16 6 2 6 2 8 0 2 8 5 30 3 1 2 8 0 2 8 16 6 2 0 2 8 0 2 8 0 2 8 17 9 2 1 2 8 0 2 8 17 18 2 0 2 8 8 9 2 12 16 2 5 30 3 0 2 8 0 2 3 0 2 7 0 2 8 5 30 3 0 2 12 6 2 8 0 2 8 1 2 8 1 2 8 2.22147161330759417e-07 44.4910625219345093
16 19 12 0 2 8 0 2 8 5 30 3 0 2 8 16 19 12 5 30 3 0 2 8 1 2 8 8 18 2 5 30 3 0 2 8 6 2 8 0 2 8 0 2 8 8 18 2 16 19 12 1 2 7 1 2 8 8 18 2 0 2 8 8 18 2 0 2 8 0 2 7 5 30 3 0 2 8 16 15 2 0 2 8 0 2 8 8 18 2 5 30 3 5 30 3 16 19 12 0 2 8 0 2 8 0 2 8 0 2 8 0 2 8 0 2 7 0 2 7 0.00166256013375817098 45.4268689155578613
16 18 2 16 19 4 12 2 3 1 2 7 0 2 7 12 18 2 1 2 2 5 30 3 1 2 11 1 2 8 1 9 8 0 18 8 5 16 3 0 2 11 0 18 2 0 2 3 0 2 3 1 2 8 5 30 3 17 9 3 0 2 8 0 2 8 8 18 2 0 2 4 1 2 1 0 2 2 1 16 7 1 2 8 0 2 7 0 2 7 0 2 3 0 2 3 0 2 4 0 2 3 1 2 3 0 2 2 0 2 11 0 2 4 0 2 3 0 2 8 382046.911544324481 43.6396353244781494
0 2 7 0 2 7 5 31 3 0 2 7 0 2 7 16 6 2 17 9 2 5 30 3 5 31 3 0 2 7 0 2 7 1 2 7 16 6 2 0 2 7 1 2 7 0 2 7 0 2 7 1 2 7 0 2 7 0 2 7 0 2 7 0 2 7 16 31 2 0 2 7 0 2 7 1 2 7 0 2 7 1 2 7 1 2 7 5 31 3 1 2 7 1 2 7 0 2 7 1 2 7 17 9 2 0 2 7 1 2 7 1 2 7 0 2 7 0 2 7 0 40.3387407064437866
17 9 2 1 2 7 5 30 3 0 2 7 0 2 7 12 16 2 17 18 2 5 31 3 5 31 3 1 2 7 1 2 7 0 2 7 12 16 2 0 2 7 0 2 7 0 2 7 6 2 7 0 2 7 0 2 4 1 2 7 0 2 7 6 2 7 17 18 2 0 2 7 6 2 7 1 2 7 12 16 2 0 2 7 0 2 7 5 30 3 0 2 7 5 30 3 13 6 3 0 2 7 17 1 2 0 2 7 0 2 4 0 2 7 0 2 7 1 2 7 0 41.0470185875892639
0 2 7 1 2 3 5 31 3 0 2 7 0 2 3 16 6 2 17 9 2 0 2 3 0 2 7 0 2 7 0 2 7 0 2 7 16 6 2 1 2 7 1 2 3 1 2 7 1 2 3 1 2 3 0 2 3 0 2 3 1 2 3 0 2 3 0 2 7 0 2 7 5 30 3 0 2 3 16 9 8 0 2 7 0 2 7 5 31 3 1 2 7 5 30 3 1 2 7 1 2 3 0 2 3 0 2 7 0 2 7 6 2 7 12 16 2 0 2 7 0 42.0260208249092102
16 6 2 1 2 7 0 2 3 16 30 2 0 2 3 12 16 2 0 2 3 16 6 2 0 2 4 0 2 3 0 2 3 16 9 12 12 16 2 1 2 7 5 30 3 0 2 7 0 2 3 1 2 3 5 31 3 0 2 3 0 2 7 0 2 7 8 18 2 0 2 3 1 2 3 1 2 7 12 16 2 1 2 7 0 2 3 1 2 3 0 2 3 5 30 3 1 2 7 0 2 3 0 2 3 0 2 3 0 2 7 1 2 3 0 2 7 5 30 3 0 42.5390338897705078
8 9 2 0 2 7 5 31 3 0 2 8 0 2 7 17 9 2 16 6 2 5 30 3 1 2 7 0 2 7 0 2 7 5 31 3 16 19 11 0 2 8 1 2 8 5 30 3 0 2 7 0 2 8 5 30 3 16 6 2 0 2 7 0 2 7 8 9 2 1 2 8 0 2 7 17 9 2 0 2 7 0 2 7 0 2 8 0 2 7 0 2 8 0 2 7 1 2 7 0 2 7 5 30 3 1 2 8 0 2 7 1 2 11 0 2 8 1 2 7 0 42.7968097925186157
16 19 12 0 2 3 5 31 3 0 2 3 5 30 3 1 2 7 16 6 2 5 30 3 0 2 7 0 2 7 1 2 7 9 2 7 16 19 11 0 2 11 1 2 7 5 30 3 0 2 11 0 2 3 0 2 7 0 2 3 0 2 3 1 2 7 0 2 7 0 2 7 0 2 3 17 18 2 0 2 3 16 24 2 0 2 7 0 2 7 1 2 7 0 2 7 5 30 3 0 2 3 5 30 3 0 2 3 0 2 11 0 2 3 0 2 7 0 2 3 0 43.0345358848571777
0 2 11 8 9 2 12 16 2 6 2 11 1 2 7 0 2 3 5 30 3 17 9 2 8 9 2 0 2 3 0 2 11 0 2 7 0 2 3 0 2 11 0 2 7 0 2 11 12 16 2 12 16 2 0 2 11 16 19 11 6 2 11 5 30 3 5 30 3 0 2 8 0 2 8 0 2 11 5 30 3 0 2 8 16 6 2 16 19 11 1 2 3 0 2 7 0 2 8 0 2 11 5 30 3 0 2 7 0 2 11 0 2 11 0 2 7 5 30 3 0 44.2972912788391113
16 6 2 16 19 11 0 2 3 0 2 3 0 2 3 12 16 2 8 18 2 5 30 3 1 2 8 1 2 8 16 9 8 16 18 8 5 30 3 0 2 8 0 2 8 0 2 3 0 2 3 1 2 8 5 30 3 5 30 3 0 2 8 0 2 8 8 18 2 0 2 3 1 2 8 0 2 3 12 16 2 0 2 8 1 2 7 0 2 3 0 2 3 5 30 3 0 2 8 0 2 3 1 2 3 12 16 2 0 2 3 0 2 3 0 2 3 0 2 8 0 45.0787508487701416
0 2 7 0 2 7 5 30 3 8 9 2 5 31 3 8 9 2 1 2 7 5 30 3 0 2 8 0 2 8 0 2 11 0 2 11 16 6 2 6 2 8 0 2 8 5 30 3 1 2 8 0 2 8 16 6 2 0 2 8 0 2 8 0 2 8 17 9 2 1 2 8 0 2 8 17 18 2 0 2 8 8 9 2 12 16 2 5 30 3 0 2 8 0 2 3 0 2 7 0 2 8 5 30 3 0 2 12 6 2 8 0 2 8 1 2 8 1 2 8 2.22147161330759417e-07 44.4910625219345093
16 19 12 0 2 7 5 31 3 0 2 7 5 2 3 1 2 7 17 9 2 5 30 3 5 2 7 0 2 7 1 2 7 9 2 7 16 6 2 0 2 11 1 2 7 5 30 7 0 2 7 1 2 3 0 2 7 0 2 7 0 2 3 0 2 7 16 31 7 0 2 7 0 2 3 17 2 7 0 2 7 1 2 7 1 2 7 0 31 7 1 2 7 0 2 7 5 30 3 1 2 7 17 30 2 0 2 3 1 2 11 1 2 3 0 2 7 0 2 7 827460.588109041215 41.7891079783439636
0 2 7 0 2 7 5 31 3 0 2 7 0 2 7 16 6 2 17 9 2 5 30 3 5 31 3 0 2 7 0 2 7 1 2 7 16 6 2 0 2 7 1 2 7 0 2 7 0 2 7 1 2 7 0 2 7 0 2 7 0 2 7 0 2 7 16 31 2 0 2 7 0 2 7 1 2 7 0 2 7 1 2 7 1 2 7 5 31 3 1 2 7 1 2 7 0 2 7 1 2 7 17 9 2 0 2 7 1 2 7 1 2 7 0 2 7 0 2 7 0 40.3387407064437866
17 9 2 1 2 7 5 30 3 0 2 7 0 2 7 12 16 2 17 18 2 5 31 3 5 31 3 1 2 7 1 2 7 0 2 7 12 16 2 0 2 7 0 2 7 0 2 7 6 2 7 0 2 7 0 2 4 1 2 7 0 2 7 6 2 7 17 18 2 0 2 7 6 2 7 1 2 7 12 16 2 0 2 7 0 2 7 5 30 3 0 2 7 5 30 3 13 6 3 0 2 7 17 1 2 0 2 7 0 2 4 0 2 7 0 2 7 1 2 7 0 41.0470185875892639
0 2 7 0 2 7 5 30 3 5 30 3 1 2 7 16 6 2 17 18 2 8 9 2 1 2 3 1 2 7 0 2 3 16 6 2 12 16 2 1 2 3 0 2 3 0 2 7 0 2 3 0 2 7 0 2 3 0 2 7 1 2 4 6 2 7 16 19 11 0 2 7 5 31 3 0 2 7 16 6 2 0 2 7 0 2 7 0 2 7 0 2 7 5 31 3 0 2 7 5 30 3 1 2 7 0 2 7 0 2 3 0 2 3 1 2 7 0 2 7 0 41.6952616572380066
16 6 2 1 2 7 0 2 3 16 30 2 0 2 3 12 16 2 0 2 3 16 6 2 0 2 4 0 2 3 0 2 3 16 9 12 12 16 2 1 2 7 5 30 3 0 2 7 0 2 3 1 2 3 5 31 3 0 2 3 0 2 7 0 2 7 8 18 2 0 2 3 1 2 3 1 2 7 12 16 2 1 2 7 0 2 3 1 2 3 0 2 3 5 30 3 1 2 7 0 2 3 0 2 3 0 2 3 0 2 7 1 2 3 0 2 7 5 30 3 0 42.5390338897705078
1 2 7 0 2 7 5 30 3 0 2 8 0 2 7 16 19 11 0 2 7 5 31 3 0 2 7 1 2 7 0 2 7 8 18 2 16 6 2 0 2 8 0 2 7 0 2 7 0 2 7 0 2 7 12 16 2 0 2 7 1 2 7 0 2 8 16 30 2 5 31 3 1 2 8 16 19 11 0 2 7 1 2 11 0 2 7 5 30 3 5 30 3 0 2 7 0 2 7 0 2 11 17 9 2 0 2 7 5 30 3 0 2 7 0 2 3 0 2 8 0 42.7419407367706299
16 19 12 0 2 3 5 31 3 0 2 3 5 30 3 1 2 7 16 6 2 5 30 3 0 2 7 0 2 7 1 2 7 9 2 7 16 19 11 0 2 11 1 2 7 5 30 3 0 2 11 0 2 3 0 2 7 0 2 3 0 2 3 1 2 7 0 2 7 0 2 7 0 2 3 17 18 2 0 2 3 16 24 2 0 2 7 0 2 7 1 2 7 0 2 7 5 30 3 0 2 3 5 30 3 0 2 3 0 2 11 0 2 3 0 2 7 0 2 3 0 43.0345358848571777
0 2 7 8 9 2 5 30 3 0 2 7 5 30 3 6 2 3 17 18 2 5 30 3 1 2 11 0 2 7 1 2 3 1 2 3 17 18 2 0 2 3 1 2 3 16 19 12 1 2 3 0 2 3 5 30 3 1 2 11 0 2 11 0 2 8 0 2 7 0 2 7 0 2 11 6 2 3 12 16 2 0 2 7 0 2 7 0 2 7 0 2 7 5 30 3 0 2 7 0 2 3 16 19 11 8 9 2 0 2 12 0 2 7 0 2 3 1 2 3 0 43.3286827802658081
0 2 11 8 9 2 12 16 2 6 2 11 1 2 7 0 2 3 5 30 3 17 9 2 8 9 2 0 2 3 0 2 11 0 2 7 0 2 3 0 2 11 0 2 7 0 2 11 12 16 2 12 16 2 0 2 11 16 19 11 6 2 11 5 30 3 5 30 3 0 2 8 0 2 8 0 2 11 5 30 3 0 2 8 16 6 2 16 19 11 1 2 3 0 2 7 0 2 8 0 2 11 5 30 3 0 2 7 0 2 11 0 2 11 0 2 7 5 30 3 0 44.2972912788391113
16 6 2 16 19 11 0 2 3 0 2 3 0 2 3 12 16 2 8 18 2 5 30 3 1 2 8 1 2 8 16 9 8 16 18 8 5 30 3 0 2 8 0 2 8 0 2 3 0 2 3 1 2 8 5 30 3 5 30 3 0 2 8 0 2 8 8 18 2 0 2 3 1 2 8 0 2 3 12 16 2 0 2 8 1 2 7 0 2 3 0 2 3 5 30 3 0 2 8 0 2 3 1 2 3 12 16 2 0 2 3 0 2 3 0 2 3 0 2 8 0 45.0787508487701416
0 2 7 0 2 7 5 30 3 8 9 2 5 31 3 8 9 2 1 2 7 5 30 3 0 2 8 0 2 8 0 2 11 0 2 11 16 6 2 6 2 8 0 2 8 5 30 3 1 2 8 0 2 8 16 6 2 0 2 8 0 2 8 0 2 8 17 9 2 1 2 8 0 2 8 17 18 2 0 2 8 8 9 2 12 16 2 5 30 3 0 2 8 0 2 3 0 2 7 0 2 8 5 30 3 0 2 12 6 2 8 0 2 8 1 2 8 1 2 8 2.22147161330759417e-07 44.4910625219345093
0 2 7 0 2 7 5 31 3 0 2 7 0 2 7 16 6 2 17 9 2 5 30 3 5 31 3 0 2 7 0 2 7 1 2 7 16 6 2 0 2 7 1 2 7 0 2 7 0 2 7 1 2 7 0 2 7 0 2 7 0 2 7 0 2 7 16 31 2 0 2 7 0 2 7 1 2 7 0 2 7 1 2 7 1 2 7 5 31 3 1 2 7 1 2 7 0 2 7 1 2 7 17 9 2 0 2 7 1 2 7 1 2 7 0 2 7 0 2 7 0 40.3387407064437866
17 9 2 0 2 7 12 16 2 16 30 2 1 2 7 12 16 2 12 16 2 5 31 3 1 2 7 1 2 7 0 2 7 12 16 2 17 18 2 1 2 7 0 2 7 13 6 3 13 6 3 0 2 7 1 2 4 0 2 7 0 2 7 1 2 7 0 2 4 0 2 7 0 2 7 5 30 3 12 16 2 0 2 4 1 2 7 17 9 2 0 2 7 0 2 7 6 2 7 1 2 7 5 31 3 0 2 7 0 2 7 0 2 4 0 2 7 1 2 7 0 40.4391276240348816
1 2 3 5 30 3 1 2 4 1 2 7 0 2 7 1 2 7 17 18 2 5 31 3 12 16 2 5 30 3 0 2 7 15 2 11 17 9 2 1 2 7 0 2 7 0 2 11 16 18 11 1 2 4 0 2 7 0 2 7 1 2 4 0 2 7 0 2 4 0 2 7 0 2 11 0 2 7 0 2 7 0 2 7 0 2 7 1 2 7 1 2 7 0 2 7 0 2 7 1 2 7 17 9 2 5 30 3 15 2 11 0 2 7 0 2 7 0 2 7 0 41.4526727795600891
12 16 2 5 30 3 0 2 7 16 6 2 16 19 11 12 16 2 0 2 7 5 30 3 0 2 7 1 2 7 0 2 3 8 18 2 8 18 2 1 2 7 0 2 3 13 6 3 1 2 7 0 2 4 1 2 4 0 2 7 0 2 7 1 2 11 0 2 7 17 9 2 0 2 7 1 2 3 12 16 2 5 30 3 0 2 3 0 2 7 0 2 3 1 2 7 1 2 7 0 2 7 17 9 2 12 16 2 0 2 3 1 2 7 0 2 7 0 2 7 0 41.5907634496688843
17 9 2 0 2 7 1 2 7 0 2 7 5 30 3 12 16 2 8 18 2 5 30 3 1 2 7 1 2 11 0 2 7 12 16 2 17 18 2 0 2 7 0 2 7 13 6 3 1 2 7 0 2 7 6 2 7 1 2 11 0 2 7 0 2 4 0 2 7 0 2 11 1 2 7 17 18 2 12 16 2 5 31 3 6 2 7 16 19 11 0 2 7 0 2 7 5 30 3 0 2 7 5 30 3 0 2 4 0 2 7 0 2 7 0 2 7 0 2 7 0 41.6974064111709595
16 19 11 0 2 7 5 31 3 1 2 3 5 30 3 0 2 7 16 31 2 5 30 3 0 2 7 0 2 11 1 2 7 0 2 7 16 19 11 0 2 3 0 2 7 5 30 3 0 2 7 0 2 7 1 2 7 0 2 7 0 2 7 0 2 3 0 2 7 0 2 7 1 2 11 17 18 2 0 2 7 16 6 2 0 2 7 0 2 7 0 2 7 0 2 7 5 30 3 0 2 7 5 30 3 0 2 7 1 2 7 0 2 3 1 2 7 0 2 3 0 42.0993374586105347
1 2 8 0 2 8 5 30 3 0 2 7 0 2 7 16 6 2 16 19 11 5 31 3 12 16 2 0 2 7 0 2 8 0 2 7 16 6 2 0 2 3 0 2 7 0 2 7 5 30 3 0 2 7 0 2 7 12 16 2 1 2 8 0 2 7 16 6 2 0 2 3 0 2 7 8 18 2 0 2 7 0 2 7 0 2 7 0 2 7 0 2 7 0 2 7 16 6 2 0 2 7 5 31 3 1 2 7 5 31 3 5 30 3 0 2 7 1 2 8 0 42.4271054267883301
16 6 2 1 2 7 0 2 3 16 30 2 0 2 3 12 16 2 0 2 3 16 6 2 0 2 4 0 2 3 0 2 3 16 9 12 12 16 2 1 2 7 5 30 3 0 2 7 0 2 3 1 2 3 5 31 3 0 2 3 0 2 7 0 2 7 8 18 2 0 2 3 1 2 3 1 2 7 12 16 2 1 2 7 0 2 3 1 2 3 0 2 3 5 30 3 1 2 7 0 2 3 0 2 3 0 2 3 0 2 7 1 2 3 0 2 7 5 30 3 0 42.5390338897705078
16 19 12 0 2 3 5 31 3 0 2 3 5 30 3 1 2 7 16 6 2 5 30 3 0 2 7 0 2 7 1 2 7 9 2 7 16 19 11 0 2 11 1 2 7 5 30 3 0 2 11 0 2 3 0 2 7 0 2 3 0 2 3 1 2 7 0 2 7 0 2 7 0 2 3 17 18 2 0 2 3 16 24 2 0 2 7 0 2 7 1 2 7 0 2 7 5 30 3 0 2 3 5 30 3 0 2 3 0 2 11 0 2 3 0 2 7 0 2 3 0 43.0345358848571777
0 2 7 8 9 2 5 30 3 0 2 7 5 30 3 6 2 3 17 18 2 5 30 3 1 2 11 0 2 7 1 2 3 1 2 3 17 18 2 0 2 3 1 2 3 16 19 12 1 2 3 0 2 3 5 30 3 1 2 11 0 2 11 0 2 8 0 2 7 0 2 7 0 2 11 6 2 3 12 16 2 0 2 7 0 2 7 0 2 7 0 2 7 5 30 3 0 2 7 0 2 3 16 19 11 8 9 2 0 2 12 0 2 7 0 2 3 1 2 3 0 43.3286827802658081
0 2 7 0 2 7 5 31 3 0 2 7 0 2 7 16 6 2 17 9 2 5 30 3 5 31 3 0 2 7 0 2 7 1 2 7 16 6 2 0 2 7 1 2 7 0 2 7 0 2 7 1 2 7 0 2 7 0 2 7 0 2 7 0 2 7 16 31 2 0 2 7 0 2 7 1 2 7 0 2 7 1 2 7 1 2 7 5 31 3 1 2 7 1 2 7 0 2 7 1 2 7 17 9 2 0 2 7 1 2 7 1 2 7 0 2 7 0 2 7 0 40.3387407064437866
17 9 2 0 2 7 12 16 2 16 30 2 1 2 7 12 16 2 12 16 2 5 31 3 1 2 7 1 2 7 0 2 7 12 16 2 17 18 2 1 2 7 0 2 7 13 6 3 13 6 3 0 2 7 1 2 4 0 2 7 0 2 7 1 2 7 0 2 4 0 2 7 0 2 7 5 30 3 12 16 2 0 2 4 1 2 7 17 9 2 0 2 7 0 2 7 6 2 7 1 2 7 5 31 3 0 2 7 0 2 7 0 2 4 0 2 7 1 2 7 0 40.4391276240348816
17 18 2 0 2 7 0 2 4 1 2 7 5 31 3 0 2 7 5 30 3 5 31 3 16 6 2 0 2 7 1 2 7 12 16 2 17 18 2 1 2 7 0 2 7 0 2 7 0 2 7 1 2 7 1 2 4 0 2 7 0 2 7 0 2 7 1 2 11 0 2 7 1 2 7 17 18 2 0 2 7 5 31 3 0 2 7 16 6 2 1 2 7 0 2 4 13 6 3 0 2 7 5 30 3 0 2 7 0 2 7 0 2 7 0 2 7 6 2 7 0 40.6108766198158264
0 2 7 1 2 7 5 30 3 17 18 2 1 2 4 12 16 2 17 18 2 5 30 3 12 16 2 1 2 3 0 2 7 1 2 3 8 18 2 0 2 7 0 2 4 0 2 7 16 18 11 1 2 7 1 2 7 5 31 3 1 2 7 1 2 3 0 2 4 0 2 3 0 2 3 0 2 7 1 2 7 0 2 4 0 2 7 0 2 7 1 2 7 1 2 7 1 2 7 0 2 7 17 9 2 0 2 3 0 2 4 0 2 4 0 2 4 0 2 7 0 41.4022868275642395
1 2 3 5 30 3 1 2 4 1 2 7 0 2 7 1 2 7 17 18 2 5 31 3 12 16 2 5 30 3 0 2 7 15 2 11 17 9 2 1 2 7 0 2 7 0 2 11 16 18 11 1 2 4 0 2 7 0 2 7 1 2 4 0 2 7 0 2 4 0 2 7 0 2 11 0 2 7 0 2 7 0 2 7 0 2 7 1 2 7 1 2 7 0 2 7 0 2 7 1 2 7 17 9 2 5 30 3 15 2 11 0 2 7 0 2 7 0 2 7 0 41.4526727795600891
0 2 7 1 2 7 0 2 7 8 9 2 0 2 7 16 6 2 16 19 11 5 30 3 16 6 2 1 2 7 0 2 7 12 16 2 17 18 2 0 2 3 1 2 7 1 2 3 5 31 3 1 2 3 0 2 7 1 2 7 0 2 3 0 2 7 5 30 3 0 2 3 0 2 7 16 6 2 0 2 7 0 2 7 1 2 3 0 2 7 0 2 7 0 2 7 0 2 3 0 2 7 5 31 3 0 2 7 1 2 7 0 2 7 0 2 3 1 2 7 0 41.4777736663818359
1 2 8 0 2 8 5 30 3 0 2 7 0 2 7 16 6 2 16 19 11 5 31 3 12 16 2 0 2 7 0 2 8 0 2 7 16 6 2 0 2 3 0 2 7 0 2 7 5 30 3 0 2 7 0 2 7 12 16 2 1 2 8 0 2 7 16 6 2 0 2 3 0 2 7 8 18 2 0 2 7 0 2 7 0 2 7 0 2 7 0 2 7 0 2 7 16 6 2 0 2 7 5 31 3 1 2 7 5 31 3 5 30 3 0 2 7 1 2 8 0 42.4271054267883301
16 6 2 1 2 7 0 2 3 16 30 2 0 2 3 12 16 2 0 2 3 16 6 2 0 2 4 0 2 3 0 2 3 16 9 12 12 16 2 1 2 7 5 30 3 0 2 7 0 2 3 1 2 3 5 31 3 0 2 3 0 2 7 0 2 7 8 18 2 0 2 3 1 2 3 1 2 7 12 16 2 1 2 7 0 2 3 1 2 3 0 2 3 5 30 3 1 2 7 0 2 3 0 2 3 0 2 3 0 2 7 1 2 3 0 2 7 5 30 3 0 42.5390338897705078
16 19 12 0 2 3 5 31 3 0 2 3 5 30 3 1 2 7 16 6 2 5 30 3 0 2 7 0 2 7 1 2 7 9 2 7 16 19 11 0 2 11 1 2 7 5 30 3 0 2 11 0 2 3 0 2 7 0 2 3 0 2 3 1 2 7 0 2 7 0 2 7 0 2 3 17 18 2 0 2 3 16 24 2 0 2 7 0 2 7 1 2 7 0 2 7 5 30 3 0 2 3 5 30 3 0 2 3 0 2 11 0 2 3 0 2 7 0 2 3 0 43.0345358848571777
0 2 7 8 9 2 5 30 3 0 2 7 5 30 3 6 2 3 17 18 2 5 30 3 1 2 11 0 2 7 1 2 3 1 2 3 17 18 2 0 2 3 1 2 3 16 19 12 1 2 3 0 2 3 5 30 3 1 2 11 0 2 11 0 2 8 0 2 7 0 2 7 0 2 11 6 2 3 12 16 2 0 2 7 0 2 7 0 2 7 0 2 7 5 30 3 0 2 7 0 2 3 16 19 11 8 9 2 0 2 12 0 2 7 0 2 3 1 2 3 0 43.3286827802658081
0 2 7 0 2 7 5 31 3 0 2 7 0 2 7 16 6 2 17 9 2 5 30 3 5 31 3 0 2 7 0 2 7 1 2 7 16 6 2 0 2 7 1 2 7 0 2 7 0 2 7 1 2 7 0 2 7 0 2 7 0 2 7 0 2 7 16 31 2 0 2 7 0 2 7 1 2 7 0 2 7 1 2 7 1 2 7 5 31 3 1 2 7 1 2 7 0 2 7 1 2 7 17 9 2 0 2 7 1 2 7 1 2 7 0 2 7 0 2 7 0 40.3387407064437866
17 9 2 0 2 4 12 16 2 16 31 2 1 2 7 12 16 2 12 16 2 5 30 3 1 2 7 1 2 7 0 2 7 12 16 2 17 18 2 1 2 4 0 2 7 13 6 3 13 6 3 0 2 7 1 2 7 0 2 7 0 2 7 1 2 7 0 2 4 0 2 7 0 2 7 5 30 3 12 16 2 0 2 7 0 2 7 17 9 2 0 2 7 1 2 7 6 2 7 1 2 7 5 31 3 0 2 7 0 2 7 0 2 7 0 2 4 1 2 7 0 40.439127504825592
17 18 2 0 2 7 0 2 4 1 2 7 5 31 3 0 2 7 5 30 3 5 31 3 16 6 2 0 2 7 1 2 7 12 16 2 17 18 2 1 2 7 0 2 7 0 2 7 0 2 7 1 2 7 1 2 4 0 2 7 0 2 7 0 2 7 1 2 11 0 2 7 1 2 7 17 18 2 0 2 7 5 31 3 0 2 7 16 6 2 1 2 7 0 2 4 13 6 3 0 2 7 5 30 3 0 2 7 0 2 7 0 2 7 0 2 7 6 2 7 0 40.6108766198158264
0 2 7 0 2 7 12 16 2 8 18 2 1 2 7 12 16 2 5 31 3 5 30 3 0 2 4 0 2 7 1 2 4 12 16 2 17 18 2 17 18 2 0 2 7 0 2 7 1 2 4 0 2 7 1 2 7 0 2 7 1 2 7 1 2 11 0 2 4 0 2 4 16 6 2 8 18 2 1 2 4 1 2 7 0 2 7 17 9 2 0 2 7 1 2 11 0 2 7 1 2 7 5 31 3 0 2 4 1 2 12 0 2 7 0 2 7 0 2 7 0 41.2151516675949097
0 2 7 1 2 7 5 30 3 17 18 2 1 2 4 12 16 2 17 18 2 5 30 3 12 16 2 1 2 3 0 2 7 1 2 3 8 18 2 0 2 7 0 2 4 0 2 7 16 18 11 1 2 7 1 2 7 5 31 3 1 2 7 1 2 3 0 2 4 0 2 3 0 2 3 0 2 7 1 2 7 0 2 4 0 2 7 0 2 7 1 2 7 1 2 7 1 2 7 0 2 7 17 9 2 0 2 3 0 2 4 0 2 4 0 2 4 0 2 7 0 41.4022868275642395
1 2 3 5 30 3 1 2 4 1 2 7 0 2 7 1 2 7 17 18 2 5 31 3 12 16 2 5 30 3 0 2 7 15 2 11 17 9 2 1 2 7 0 2 7 0 2 11 16 18 11 1 2 4 0 2 7 0 2 7 1 2 4 0 2 7 0 2 4 0 2 7 0 2 11 0 2 7 0 2 7 0 2 7 0 2 7 1 2 7 1 2 7 0 2 7 0 2 7 1 2 7 17 9 2 5 30 3 15 2 11 0 2 7 0 2 7 0 2 7 0 41.4526727795600891
0 2 7 1 2 7 0 2 7 8 9 2 0 2 7 16 6 2 16 19 11 5 30 3 16 6 2 1 2 7 0 2 7 12 16 2 17 18 2 0 2 3 1 2 7 1 2 3 5 31 3 1 2 3 0 2 7 1 2 7 0 2 3 0 2 7 5 30 3 0 2 3 0 2 7 16 6 2 0 2 7 0 2 7 1 2 3 0 2 7 0 2 7 0 2 7 0 2 3 0 2 7 5 31 3 0 2 7 1 2 7 0 2 7 0 2 3 1 2 7 0 41.4777736663818359
1 2 8 0 2 8 5 30 3 0 2 7 0 2 7 16 6 2 16 19 11 5 31 3 12 16 2 0 2 7 0 2 8 0 2 7 16 6 2 0 2 3 0 2 7 0 2 7 5 30 3 0 2 7 0 2 7 12 16 2 1 2 8 0 2 7 16 6 2 0 2 3 0 2 7 8 18 2 0 2 7 0 2 7 0 2 7 0 2 7 0 2 7 0 2 7 16 6 2 0 2 7 5 31 3 1 2 7 5 31 3 5 30 3 0 2 7 1 2 8 0 42.4271054267883301
16 6 2 1 2 7 0 2 3 16 30 2 0 2 3 12 16 2 0 2 3 16 6 2 0 2 4 0 2 3 0 2 3 16 9 12 12 16 2 1 2 7 5 30 3 0 2 7 0 2 3 1 2 3 5 31 3 0 2 3 0 2 7 0 2 7 8 18 2 0 2 3 1 2 3 1 2 7 12 16 2 1 2 7 0 2 3 1 2 3 0 2 3 5 30 3 1 2 7 0 2 3 0 2 3 0 2 3 0 2 7 1 2 3 0 2 7 5 30 3 0 42.5390338897705078
1 2 7 12 16 2 0 2 7 9 2 7 0 2 3 0 2 11 17 18 2 5 31 3 12 16 2 5 30 3 0 2 7 9 2 7 17 9 2 0 2 4 1 2 4 0 2 7 1 2 4 0 2 6 16 18 11 6 2 3 0 2 7 5 30 3 1 2 3 0 2 7 1 2 7 0 2 7 2 3 3 0 2 7 9 2 7 0 2 7 0 2 7 0 2 7 5 30 3 0 2 7 17 18 2 1 2 7 0 2 3 1 2 7 0 2 7 1 2 11 0 42.6011916995048523
0 2 7 0 2 7 5 31 3 0 2 7 0 2 7 16 6 2 17 9 2 5 30 3 5 31 3 0 2 7 0 2 7 1 2 7 16 6 2 0 2 7 1 2 7 0 2 7 0 2 7 1 2 7 0 2 7 0 2 7 0 2 7 0 2 7 16 31 2 0 2 7 0 2 7 1 2 7 0 2 7 1 2 7 1 2 7 5 31 3 1 2 7 1 2 7 0 2 7 1 2 7 17 9 2 0 2 7 1 2 7 1 2 7 0 2 7 0 2 7 0 40.3387407064437866
17 9 2 0 2 4 12 16 2 16 31 2 1 2 7 12 16 2 12 16 2 5 30 3 1 2 7 1 2 7 0 2 7 12 16 2 17 18 2 1 2 4 0 2 7 13 6 3 13 6 3 0 2 7 1 2 7 0 2 7 0 2 7 1 2 7 0 2 4 0 2 7 0 2 7 5 30 3 12 16 2 0 2 7 0 2 7 17 9 2 0 2 7 1 2 7 6 2 7 1 2 7 5 31 3 0 2 7 0 2 7 0 2 7 0 2 4 1 2 7 0 40.439127504825592
17 18 2 0 2 7 0 2 4 1 2 7 5 31 3 0 2 7 5 30 3 5 31 3 16 6 2 0 2 7 1 2 7 12 16 2 17 18 2 1 2 7 0 2 7 0 2 7 0 2 7 1 2 7 1 2 4 0 2 7 0 2 7 0 2 7 1 2 11 0 2 7 1 2 7 17 18 2 0 2 7 5 31 3 0 2 7 16 6 2 1 2 7 0 2 4 13 6 3 0 2 7 5 30 3 0 2 7 0 2 7 0 2 7 0 2 7 6 2 7 0 40.6108766198158264
0 2 7 0 2 7 12 16 2 8 18 2 1 2 7 12 16 2 5 31 3 5 30 3 0 2 4 0 2 7 1 2 4 12 16 2 17 18 2 17 18 2 0 2 7 0 2 7 1 2 4 0 2 7 1 2 7 0 2 7 1 2 7 1 2 11 0 2 4 0 2 4 16 6 2 8 18 2 1 2 4 1 2 7 0 2 7 17 9 2 0 2 7 1 2 11 0 2 7 1 2 7 5 31 3 0 2 4 1 2 12 0 2 7 0 2 7 0 2 7 0 41.2151516675949097
0 2 7 1 2 7 5 30 3 17 18 2 1 2 4 12 16 2 17 18 2 5 30 3 12 16 2 1 2 3 0 2 7 1 2 3 8 18 2 0 2 7 0 2 4 0 2 7 16 18 11 1 2 7 1 2 7 5 31 3 1 2 7 1 2 3 0 2 4 0 2 3 0 2 3 0 2 7 1 2 7 0 2 4 0 2 7 0 2 7 1 2 7 1 2 7 1 2 7 0 2 7 17 9 2 0 2 3 0 2 4 0 2 4 0 2 4 0 2 7 0 41.4022868275642395
1 2 3 5 30 3 1 2 4 1 2 7 0 2 7 1 2 7 17 18 2 5 31 3 12 16 2 5 30 3 0 2 7 15 2 11 17 9 2 1 2 7 0 2 7 0 2 11 16 18 11 1 2 4 0 2 7 0 2 7 1 2 4 0 2 7 0 2 4 0 2 7 0 2 11 0 2 7 0 2 7 0 2 7 0 2 7 1 2 7 1 2 7 0 2 7 0 2 7 1 2 7 17 9 2 5 30 3 15 2 11 0 2 7 0 2 7 0 2 7 0 41.4526727795600891
0 2 7 1 2 7 0 2 7 8 9 2 0 2 7 16 6 2 16 19 11 5 30 3 16 6 2 1 2 7 0 2 7 12 16 2 17 18 2 0 2 3 1 2 7 1 2 3 5 31 3 1 2 3 0 2 7 1 2 7 0 2 3 0 2 7 5 30 3 0 2 3 0 2 7 16 6 2 0 2 7 0 2 7 1 2 3 0 2 7 0 2 7 0 2 7 0 2 3 0 2 7 5 31 3 0 2 7 1 2 7 0 2 7 0 2 3 1 2 7 0 41.4777736663818359
0 2 7 0 2 7 0 2 7 0 2 7 0 2 7 12 16 2 5 30 3 5 31 3 0 2 7 0 2 7 0 2 7 16 19 13 16 6 2 0 2 7 0 2 7 17 1 2 5 30 3 0 2 7 0 2 7 12 16 2 6 2 7 0 2 7 0 2 7 1 2 7 1 2 8 17 18 2 0 2 7 1 2 7 5 30 3 0 2 7 0 2 7 0 2 7 16 19 11 0 2 7 5 31 3 0 2 7 0 2 7 5 31 3 0 2 7 0 2 7 0 42.1778814196586609
1 2 8 0 2 8 5 30 3 0 2 7 0 2 7 16 6 2 16 19 11 5 31 3 12 16 2 0 2 7 0 2 8 0 2 7 16 6 2 0 2 3 0 2 7 0 2 7 5 30 3 0 2 7 0 2 7 12 16 2 1 2 8 0 2 7 16 6 2 0 2 3 0 2 7 8 18 2 0 2 7 0 2 7 0 2 7 0 2 7 0 2 7 0 2 7 16 6 2 0 2 7 5 31 3 1 2 7 5 31 3 5 30 3 0 2 7 1 2 8 0 42.4271054267883301
16 6 2 1 2 7 0 2 3 16 30 2 0 2 3 12 16 2 0 2 3 16 6 2 0 2 4 0 2 3 0 2 3 16 9 12 12 16 2 1 2 7 5 30 3 0 2 7 0 2 3 1 2 3 5 31 3 0 2 3 0 2 7 0 2 7 8 18 2 0 2 3 1 2 3 1 2 7 12 16 2 1 2 7 0 2 3 1 2 3 0 2 3 5 30 3 1 2 7 0 2 3 0 2 3 0 2 3 0 2 7 1 2 3 0 2 7 5 30 3 0 42.5390338897705078
0 2 7 0 2 7 5 31 3 0 2 7 0 2 7 16 6 2 17 9 2 5 30 3 5 31 3 0 2 7 0 2 7 1 2 7 16 6 2 0 2 7 1 2 7 0 2 7 0 2 7 1 2 7 0 2 7 0 2 7 0 2 7 0 2 7 16 31 2 0 2 7 0 2 7 1 2 7 0 2 7 1 2 7 1 2 7 5 31 3 1 2 7 1 2 7 0 2 7 1 2 7 17 9 2 0 2 7 1 2 7 1 2 7 0 2 7 0 2 7 0 40.3387407064437866
17 9 2 0 2 4 12 16 2 16 31 2 1 2 7 12 16 2 12 16 2 5 30 3 1 2 7 1 2 7 0 2 7 12 16 2 17 18 2 1 2 4 0 2 7 13 6 3 13 6 3 0 2 7 1 2 7 0 2 7 0 2 7 1 2 7 0 2 4 0 2 7 0 2 7 5 30 3 12 16 2 0 2 7 0 2 7 17 9 2 0 2 7 1 2 7 6 2 7 1 2 7 5 31 3 0 2 7 0 2 7 0 2 7 0 2 4 1 2 7 0 40.439127504825592
17 18 2 0 2 7 0 2 4 1 2 7 5 31 3 0 2 7 5 30 3 5 31 3 16 6 2 0 2 7 1 2 7 12 16 2 17 18 2 1 2 7 0 2 7 0 2 7 0 2 7 1 2 7 1 2 4 0 2 7 0 2 7 0 2 7 1 2 11 0 2 7 1 2 7 17 18 2 0 2 7 5 31 3 0 2 7 16 6 2 1 2 7 0 2 4 13 6 3 0 2 7 5 30 3 0 2 7 0 2 7 0 2 7 0 2 7 6 2 7 0 40.6108766198158264
6 2 4 1 2 7 5 30 3 0 2 7 0 2 7 13 6 3 17 9 2 5 31 3 5 30 3 8 18 2 0 2 7 17 9 2 17 9 2 0 2 7 0 2 7 0 2 7 5 30 3 1 2 7 0 2 3 12 16 2 0 2 7 0 2 7 16 6 2 0 2 7 0 2 7 0 2 3 0 2 7 1 2 7 1 2 7 5 30 3 0 2 7 1 2 7 1 2 7 0 2 7 1 2 7 0 2 7 0 2 7 1 2 3 1 2 7 0 2 7 0 40.939763605594635
0 2 7 0 2 7 12 16 2 8 18 2 1 2 7 12 16 2 5 31 3 5 30 3 0 2 4 0 2 7 1 2 4 12 16 2 17 18 2 17 18 2 0 2 7 0 2 7 1 2 4 0 2 7 1 2 7 0 2 7 1 2 7 1 2 11 0 2 4 0 2 4 16 6 2 8 18 2 1 2 4 1 2 7 0 2 7 17 9 2 0 2 7 1 2 11 0 2 7 1 2 7 5 31 3 0 2 4 1 2 12 0 2 7 0 2 7 0 2 7 0 41.2151516675949097
0 2 7 1 2 7 5 30 3 17 18 2 1 2 4 12 16 2 17 18 2 5 30 3 12 16 2 1 2 3 0 2 7 1 2 3 8 18 2 0 2 7 0 2 4 0 2 7 16 18 11 1 2 7 1 2 7 5 31 3 1 2 7 1 2 3 0 2 4 0 2 3 0 2 3 0 2 7 1 2 7 0 2 4 0 2 7 0 2 7 1 2 7 1 2 7 1 2 7 0 2 7 17 9 2 0 2 3 0 2 4 0 2 4 0 2 4 0 2 7 0 41.4022868275642395
1 2 3 5 30 3 1 2 4 1 2 7 0 2 7 1 2 7 17 18 2 5 31 3 12 16 2 5 30 3 0 2 7 15 2 11 17 9 2 1 2 7 0 2 7 0 2 11 16 18 11 1 2 4 0 2 7 0 2 7 1 2 4 0 2 7 0 2 4 0 2 7 0 2 11 0 2 7 0 2 7 0 2 7 0 2 7 1 2 7 1 2 7 0 2 7 0 2 7 1 2 7 17 9 2 5 30 3 15 2 11 0 2 7 0 2 7 0 2 7 0 41.4526727795600891
0 2 7 1 2 7 0 2 7 8 9 2 0 2 7 16 6 2 16 19 11 5 30 3 16 6 2 1 2 7 0 2 7 12 16 2 17 18 2 0 2 3 1 2 7 1 2 3 5 31 3 1 2 3 0 2 7 1 2 7 0 2 3 0 2 7 5 30 3 0 2 3 0 2 7 16 6 2 0 2 7 0 2 7 1 2 3 0 2 7 0 2 7 0 2 7 0 2 3 0 2 7 5 31 3 0 2 7 1 2 7 0 2 7 0 2 3 1 2 7 0 41.4777736663818359
0 2 7 0 2 7 0 2 7 0 2 7 0 2 7 12 16 2 5 30 3 5 31 3 0 2 7 0 2 7 0 2 7 16 19 13 16 6 2 0 2 7 0 2 7 17 1 2 5 30 3 0 2 7 0 2 7 12 16 2 6 2 7 0 2 7 0 2 7 1 2 7 1 2 8 17 18 2 0 2 7 1 2 7 5 30 3 0 2 7 0 2 7 0 2 7 16 19 11 0 2 7 5 31 3 0 2 7 0 2 7 5 31 3 0 2 7 0 2 7 0 42.1778814196586609
1 2 8 0 2 8 5 30 3 0 2 7 0 2 7 16 6 2 16 19 11 5 31 3 12 16 2 0 2 7 0 2 8 0 2 7 16 6 2 0 2 3 0 2 7 0 2 7 5 30 3 0 2 7 0 2 7 12 16 2 1 2 8 0 2 7 16 6 2 0 2 3 0 2 7 8 18 2 0 2 7 0 2 7 0 2 7 0 2 7 0 2 7 0 2 7 16 6 2 0 2 7 5 31 3 1 2 7 5 31 3 5 30 3 0 2 7 1 2 8 0 42.4271054267883301
0 2 7 0 2 7 5 31 3 0 2 7 0 2 7 16 6 2 17 9 2 5 30 3 5 31 3 0 2 7 0 2 7 1 2 7 16 6 2 0 2 7 1 2 7 0 2 7 0 2 7 1 2 7 0 2 7 0 2 7 0 2 7 0 2 7 16 31 2 0 2 7 0 2 7 1 2 7 0 2 7 1 2 7 1 2 7 5 31 3 1 2 7 1 2 7 0 2 7 1 2 7 17 9 2 0 2 7 1 2 7 1 2 7 0 2 7 0 2 7 0 40.3387407064437866
17 9 2 0 2 4 12 16 2 16 31 2 1 2 7 12 16 2 12 16 2 5 30 3 1 2 7 1 2 7 0 2 7 12 16 2 17 18 2 1 2 4 0 2 7 13 6 3 13 6 3 0 2 7 1 2 7 0 2 7 0 2 7 1 2 7 0 2 4 0 2 7 0 2 7 5 30 3 12 16 2 0 2 7 0 2 7 17 9 2 0 2 7 1 2 7 6 2 7 1 2 7 5 31 3 0 2 7 0 2 7 0 2 7 0 2 4 1 2 7 0 40.439127504825592
17 18 2 0 2 7 0 2 4 1 2 7 5 31 3 0 2 7 5 30 3 5 31 3 16 6 2 0 2 7 1 2 7 12 16 2 17 18 2 1 2 7 0 2 7 0 2 7 0 2 7 1 2 7 1 2 4 0 2 7 0 2 7 0 2 7 1 2 11 0 2 7 1 2 7 17 18 2 0 2 7 5 31 3 0 2 7 16 6 2 1 2 7 0 2 4 13 6 3 0 2 7 5 30 3 0 2 7 0 2 7 0 2 7 0 2 7 6 2 7 0 40.6108766198158264
0 2 7 0 2 7 12 16 2 8 18 2 1 2 7 12 16 2 5 31 3 5 30 3 1 2 11 1 2 7 13 6 3 12 16 2 0 2 7 17 18 2 0 2 7 0 2 7 1 2 7 0 2 7 0 2 11 0 2 4 1 2 7 1 2 7 0 2 7 0 2 7 16 6 2 17 18 2 1 2 7 0 2 7 0 2 7 17 9 2 1 2 7 1 2 7 6 2 7 0 2 7 5 31 3 0 2 7 1 2 7 0 2 7 0 2 7 0 2 4 0 40.7630006670951843
0 2 4 0 2 7 5 31 3 1 2 7 1 2 3 16 6 2 17 9 2 5 30 3 17 9 2 1 2 4 0 2 7 1 2 3 1 2 4 0 2 7 0 2 7 0 2 7 16 18 11 1 2 7 1 2 7 0 2 7 1 2 7 0 2 7 0 2 7 0 2 7 1 2 7 0 2 7 0 2 4 0 2 7 0 2 7 5 31 3 1 2 3 5 31 3 0 2 7 0 2 7 17 9 2 0 2 7 1 2 7 0 2 7 1 2 4 0 2 7 0 40.8782948851585388
6 2 4 1 2 7 5 30 3 0 2 7 0 2 7 13 6 3 17 9 2 5 31 3 5 30 3 8 18 2 0 2 7 17 9 2 17 9 2 0 2 7 0 2 7 0 2 7 5 30 3 1 2 7 0 2 3 12 16 2 0 2 7 0 2 7 16 6 2 0 2 7 0 2 7 0 2 3 0 2 7 1 2 7 1 2 7 5 30 3 0 2 7 1 2 7 1 2 7 0 2 7 1 2 7 0 2 7 0 2 7 1 2 3 1 2 7 0 2 7 0 40.939763605594635
0 2 3 0 2 7 5 30 3 17 18 2 1 2 7 12 16 2 17 18 2 5 31 3 12 16 2 1 2 7 0 2 4 0 2 7 8 18 2 1 2 7 0 2 7 0 2 7 16 18 11 1 2 7 1 2 7 5 31 3 1 2 7 1 2 7 0 2 4 0 2 4 0 2 4 0 2 7 0 2 7 1 2 7 0 2 7 0 2 7 1 2 4 1 2 7 1 2 7 0 2 7 17 9 2 1 2 7 0 2 4 0 2 7 0 2 7 0 2 7 0 41.0225657820701599
0 2 7 0 2 7 12 16 2 8 18 2 1 2 7 12 16 2 5 31 3 5 30 3 0 2 4 0 2 7 1 2 4 12 16 2 17 18 2 17 18 2 0 2 7 0 2 7 1 2 4 0 2 7 1 2 7 0 2 7 1 2 7 1 2 11 0 2 4 0 2 4 16 6 2 8 18 2 1 2 4 1 2 7 0 2 7 17 9 2 0 2 7 1 2 11 0 2 7 1 2 7 5 31 3 0 2 4 1 2 12 0 2 7 0 2 7 0 2 7 0 41.2151516675949097
1 2 3 5 30 3 1 2 4 1 2 7 0 2 7 1 2 7 17 18 2 5 31 3 12 16 2 5 30 3 0 2 7 15 2 11 17 9 2 1 2 7 0 2 7 0 2 11 16 18 11 1 2 4 0 2 7 0 2 7 1 2 4 0 2 7 0 2 4 0 2 7 0 2 11 0 2 7 0 2 7 0 2 7 0 2 7 1 2 7 1 2 7 0 2 7 0 2 7 1 2 7 17 9 2 5 30 3 15 2 11 0 2 7 0 2 7 0 2 7 0 41.4526727795600891
0 2 7 1 2 7 0 2 7 8 9 2 0 2 7 16 6 2 16 19 11 5 30 3 16 6 2 1 2 7 0 2 7 12 16 2 17 18 2 0 2 3 1 2 7 1 2 3 5 31 3 1 2 3 0 2 7 1 2 7 0 2 3 0 2 7 5 30 3 0 2 3 0 2 7 16 6 2 0 2 7 0 2 7 1 2 3 0 2 7 0 2 7 0 2 7 0 2 3 0 2 7 5 31 3 0 2 7 1 2 7 0 2 7 0 2 3 1 2 7 0 41.4777736663818359
0 2 7 0 2 7 5 31 3 1 2 7 1 2 4 16 6 2 17 9 2 5 31 3 17 9 2 1 2 7 1 2 7 0 2 4 1 2 7 13 6 3 0 2 7 5 31 3 17 18 2 0 2 7 1 2 7 0 2 7 1 2 7 0 2 7 0 2 7 0 2 7 1 2 7 0 2 7 0 2 7 0 2 7 0 2 7 5 30 3 1 2 7 0 2 7 1 2 7 0 2 7 17 9 2 0 2 4 0 2 7 1 2 7 1 2 7 0 2 7 0 40.1886777877807617
17 9 2 0 2 7 12 16 2 16 31 2 1 2 7 12 16 2 12 16 2 5 30 3 1 2 7 1 2 7 0 2 7 12 16 2 17 18 2 6 2 7 0 2 7 13 6 3 13 6 3 1 2 7 1 2 7 0 2 7 0 2 11 1 2 7 0 2 7 0 2 7 0 2 7 5 30 3 1 2 7 0 2 7 0 2 7 17 9 2 0 2 7 1 2 7 0 2 7 1 2 7 5 31 3 0 2 7 0 2 7 0 2 7 0 2 7 1 2 7 0 40.4003775715827942
17 18 2 0 2 7 0 2 4 1 2 7 5 31 3 0 2 7 5 30 3 5 31 3 16 6 2 0 2 7 1 2 7 12 16 2 17 18 2 1 2 7 0 2 7 0 2 7 0 2 7 1 2 7 1 2 4 0 2 7 0 2 7 0 2 7 1 2 11 0 2 7 1 2 7 17 18 2 0 2 7 5 31 3 0 2 7 16 6 2 1 2 7 0 2 4 13 6 3 0 2 7 5 30 3 0 2 7 0 2 7 0 2 7 0 2 7 6 2 7 0 40.6108766198158264
0 2 7 0 2 4 1 2 7 8 18 2 1 2 7 12 16 2 5 31 3 5 30 3 1 2 7 1 2 7 0 2 7 1 2 7 0 2 7 17 18 2 0 2 7 0 2 4 1 2 7 0 2 7 0 2 7 1 2 7 0 2 7 1 2 7 0 2 7 0 2 7 16 30 2 17 18 2 0 2 7 0 2 7 0 2 7 17 9 2 0 2 3 1 2 7 0 2 7 0 2 7 5 31 3 1 2 7 1 2 11 0 2 3 1 2 4 1 2 4 0 40.7372218370437622
6 2 4 1 2 7 5 30 3 0 2 7 0 2 7 13 6 3 17 9 2 5 31 3 5 30 3 8 18 2 0 2 7 17 9 2 17 9 2 0 2 7 0 2 7 0 2 7 5 30 3 1 2 7 0 2 3 12 16 2 0 2 7 0 2 7 16 6 2 0 2 7 0 2 7 0 2 3 0 2 7 1 2 7 1 2 7 5 30 3 0 2 7 1 2 7 1 2 7 0 2 7 1 2 7 0 2 7 0 2 7 1 2 3 1 2 7 0 2 7 0 40.939763605594635
0 2 7 0 2 7 12 16 2 17 18 2 0 2 7 12 16 2 5 30 3 5 30 3 0 2 7 0 2 11 13 6 3 12 16 2 8 9 2 17 18 2 5 31 3 0 2 7 1 2 7 0 2 7 0 2 7 0 2 11 1 2 4 1 2 7 1 2 4 1 2 7 16 6 2 8 18 2 1 2 7 1 2 7 0 2 7 17 9 2 0 2 7 1 2 7 0 2 7 0 2 7 5 30 3 0 2 11 1 2 7 0 2 7 0 2 7 0 2 7 0 41.171028733253479
0 2 7 0 2 7 12 16 2 8 18 2 1 2 7 12 16 2 5 31 3 5 30 3 0 2 4 0 2 7 1 2 4 12 16 2 17 18 2 17 18 2 0 2 7 0 2 7 1 2 4 0 2 7 1 2 7 0 2 7 1 2 7 1 2 11 0 2 4 0 2 4 16 6 2 8 18 2 1 2 4 1 2 7 0 2 7 17 9 2 0 2 7 1 2 11 0 2 7 1 2 7 5 31 3 0 2 4 1 2 12 0 2 7 0 2 7 0 2 7 0 41.2151516675949097
1 2 3 5 30 3 1 2 4 1 2 7 0 2 7 1 2 7 17 18 2 5 31 3 12 16 2 5 30 3 0 2 7 15 2 11 17 9 2 1 2 7 0 2 7 0 2 11 16 18 11 1 2 4 0 2 7 0 2 7 1 2 4 0 2 7 0 2 4 0 2 7 0 2 11 0 2 7 0 2 7 0 2 7 0 2 7 1 2 7 1 2 7 0 2 7 0 2 7 1 2 7 17 9 2 5 30 3 15 2 11 0 2 7 0 2 7 0 2 7 0 41.4526727795600891
1 2 7 1 2 7 0 2 7 0 2 7 1 2 7 16 6 2 0 2 7 5 31 3 5 31 3 0 2 7 16 19 13 1 2 7 0 2 7 5 31 3 0 2 7 16 19 13 12 16 2 0 2 7 0 2 7 1 2 7 0 2 7 6 2 7 0 2 7 5 31 3 0 2 7 5 30 3 0 2 7 0 2 7 12 16 2 16 6 2 0 2 7 0 2 7 0 2 7 6 2 7 17 9 2 0 2 7 0 2 7 0 2 7 0 2 4 0 2 7 0 41.6298596858978271
0 2 8 0 2 3 0 2 3 1 2 3 0 2 3 16 6 2 0 2 8 5 30 3 5 31 3 0 2 8 16 19 12 0 2 8 0 2 3 5 31 3 0 2 3 16 19 12 12 16 2 0 2 8 5 31 3 0 2 8 0 2 3 16 19 12 0 2 8 0 2 7 0 2 8 5 30 3 1 2 3 5 30 3 0 2 7 16 6 2 0 2 8 0 2 3 0 2 3 12 16 2 8 9 2 0 2 8 0 2 8 0 2 3 0 2 3 0 2 8 1.0543765806707372e-06 45.4195107221603394
0 2 7 1 2 7 5 30 3 1 2 7 1 2 7 16 24 2 17 9 2 5 31 3 17 9 2 1 2 7 1 2 4 0 2 7 1 2 7 13 6 3 0 2 7 5 31 3 17 18 2 0 2 7 0 2 7 0 2 7 1 2 7 0 2 7 0 2 7 0 2 7 1 2 7 0 2 7 0 2 7 1 2 7 0 2 7 5 30 3 0 2 7 0 2 7 1 2 7 0 2 7 17 9 2 0 2 4 0 2 7 1 2 4 1 2 7 0 2 7 0 40.1302337646484375
17 9 2 0 2 7 12 16 2 16 31 2 1 2 7 12 16 2 12 16 2 5 30 3 1 2 7 1 2 7 0 2 7 12 16 2 17 18 2 6 2 7 0 2 7 13 6 3 13 6 3 1 2 7 1 2 7 1 2 7 0 2 7 1 2 7 0 2 7 0 2 7 0 2 7 5 30 3 1 2 11 0 2 7 0 2 7 17 9 2 0 2 7 1 2 7 0 2 7 1 2 7 5 31 3 0 2 7 0 2 7 0 2 7 0 2 7 0 2 7 0 40.4003774523735046
17 18 2 1 2 7 0 2 7 1 2 7 1 2 7 0 2 7 5 31 3 5 31 3 16 6 2 0 2 7 1 2 7 12 16 2 17 18 2 1 2 7 0 2 7 0 2 7 0 2 7 1 2 7 1 2 7 0 2 7 0 2 7 1 2 7 0 2 7 0 2 7 1 2 7 17 18 2 0 2 7 5 31 3 0 2 7 16 6 2 0 2 7 0 2 7 13 6 3 1 2 7 5 31 3 0 2 7 0 2 7 0 2 7 0 2 7 0 2 7 0 40.4340677261352539
17 18 2 0 2 7 0 2 4 1 2 7 5 31 3 0 2 7 5 30 3 5 31 3 16 6 2 0 2 7 1 2 7 12 16 2 17 18 2 1 2 7 0 2 7 0 2 7 0 2 7 1 2 7 1 2 4 0 2 7 0 2 7 0 2 7 1 2 11 0 2 7 1 2 7 17 18 2 0 2 7 5 31 3 0 2 7 16 6 2 1 2 7 0 2 4 13 6 3 0 2 7 5 30 3 0 2 7 0 2 7 0 2 7 0 2 7 6 2 7 0 40.6108766198158264
0 2 7 0 2 4 1 2 7 8 18 2 1 2 7 12 16 2 5 31 3 5 30 3 1 2 7 1 2 7 0 2 7 1 2 7 0 2 7 17 18 2 0 2 7 0 2 4 1 2 7 0 2 7 0 2 7 1 2 7 0 2 7 1 2 7 0 2 7 0 2 7 16 30 2 17 18 2 0 2 7 0 2 7 0 2 7 17 9 2 0 2 3 1 2 7 0 2 7 0 2 7 5 31 3 1 2 7 1 2 11 0 2 3 1 2 4 1 2 4 0 40.7372218370437622
16 9 11 0 2 3 12 16 2 17 18 2 0 2 7 12 16 2 12 16 2 5 31 3 1 2 7 0 2 7 1 2 7 12 16 2 17 18 2 1 2 7 13 6 3 1 2 7 13 6 3 1 2 7 0 2 7 1 2 3 0 2 7 1 2 7 0 2 7 1 2 7 0 2 7 5 30 3 1 2 7 0 2 7 0 2 7 17 9 2 0 2 7 0 2 7 0 2 7 0 2 4 5 30 3 0 2 4 0 2 7 0 2 3 1 2 7 0 2 7 0 40.8613515496253967
0 2 7 1 2 4 12 16 2 17 9 2 1 2 7 12 16 2 5 31 3 5 30 3 0 2 7 0 2 7 13 6 3 12 16 2 1 2 7 8 18 2 0 2 7 1 2 4 0 2 11 0 2 4 0 2 7 1 2 11 0 2 7 1 2 7 0 2 7 0 2 4 16 30 2 17 18 2 1 2 7 1 2 7 0 2 3 17 9 2 1 2 7 0 2 7 1 2 3 0 2 7 5 30 3 0 2 7 0 2 7 0 2 7 0 2 3 1 2 7 0 40.9110517501831055
6 2 4 1 2 7 5 30 3 0 2 7 0 2 7 13 6 3 17 9 2 5 31 3 5 30 3 8 18 2 0 2 7 17 9 2 17 9 2 0 2 7 0 2 7 0 2 7 5 30 3 1 2 7 0 2 3 12 16 2 0 2 7 0 2 7 16 6 2 0 2 7 0 2 7 0 2 3 0 2 7 1 2 7 1 2 7 5 30 3 0 2 7 1 2 7 1 2 7 0 2 7 1 2 7 0 2 7 0 2 7 1 2 3 1 2 7 0 2 7 0 40.939763605594635
0 2 4 1 2 7 1 2 7 1 2 7 5 31 3 0 2 7 5 30 3 5 31 3 0 2 7 1 2 7 0 2 7 1 2 7 16 19 11 17 18 2 0 2 7 5 31 3 17 18 2 1 2 4 0 2 7 0 2 7 1 2 4 1 2 7 0 2 7 0 2 7 16 20 12 0 2 7 0 2 7 0 2 7 1 2 7 0 2 7 0 2 7 0 2 7 0 2 7 0 2 7 17 18 2 0 2 7 0 2 3 1 2 7 1 2 7 0 2 7 0 40.9765057563781738
16 9 11 0 2 7 12 16 2 17 18 2 1 2 7 12 16 2 12 16 2 5 31 3 1 2 4 1 2 7 1 2 7 12 16 2 17 18 2 0 2 7 1 2 7 0 2 7 13 6 3 1 2 3 0 2 4 6 2 3 0 2 7 1 2 7 0 2 4 0 2 7 0 2 4 5 30 3 1 2 7 1 2 7 0 2 4 17 9 2 0 2 4 0 2 7 0 2 7 0 2 7 5 31 3 0 2 4 0 2 7 0 2 7 1 2 7 0 2 7 0 41.0295626521110535
0 2 7 1 2 7 1 2 7 1 2 7 1 2 7 16 6 2 17 9 2 5 31 3 17 9 2 1 2 7 0 2 7 0 2 7 1 2 7 13 6 3 0 2 7 5 31 3 17 18 2 0 2 7 0 2 7 0 2 4 1 2 7 0 2 7 0 2 7 0 2 7 1 2 7 0 2 7 0 2 7 0 2 7 0 2 7 5 31 3 1 2 7 0 2 7 1 2 7 0 2 7 17 9 2 0 2 7 1 2 7 1 2 11 1 2 7 0 2 7 0 40.0670827627182007
17 9 2 0 2 7 12 16 2 16 31 2 1 2 7 12 16 2 12 16 2 5 30 3 1 2 7 1 2 7 0 2 7 12 16 2 17 18 2 6 2 7 0 2 7 13 6 3 13 6 3 1 2 7 1 2 7 1 2 7 0 2 7 1 2 7 0 2 7 0 2 7 0 2 7 5 30 3 1 2 11 0 2 7 0 2 7 17 9 2 0 2 7 1 2 7 0 2 7 1 2 7 5 31 3 0 2 7 0 2 7 0 2 7 0 2 7 0 2 7 0 40.4003774523735046
17 18 2 1 2 7 0 2 7 1 2 7 1 2 7 0 2 7 5 31 3 5 31 3 16 6 2 0 2 7 1 2 7 12 16 2 17 18 2 1 2 7 0 2 7 0 2 7 0 2 7 1 2 7 1 2 7 0 2 7 0 2 7 1 2 7 0 2 7 0 2 7 1 2 7 17 18 2 0 2 7 5 31 3 0 2 7 16 6 2 0 2 7 0 2 7 13 6 3 1 2 7 5 31 3 0 2 7 0 2 7 0 2 7 0 2 7 0 2 7 0 40.4340677261352539
6 2 7 0 2 7 0 2 7 1 2 7 1 2 7 0 2 7 5 31 3 5 30 3 16 31 2 1 2 7 0 2 7 17 18 2 16 6 2 5 31 3 0 2 7 17 9 2 0 2 7 0 2 4 0 2 7 0 2 7 0 2 7 1 2 7 1 2 7 1 2 7 0 2 4 0 2 7 1 2 7 0 2 7 0 2 7 16 6 2 1 2 3 0 2 7 1 2 7 0 2 7 5 31 3 0 2 7 0 2 4 0 2 7 12 16 2 1 2 7 0 40.502831757068634
17 18 2 0 2 7 0 2 4 1 2 7 5 31 3 0 2 7 5 30 3 5 31 3 16 6 2 0 2 7 1 2 7 12 16 2 17 18 2 1 2 7 0 2 7 0 2 7 0 2 7 1 2 7 1 2 4 0 2 7 0 2 7 0 2 7 1 2 11 0 2 7 1 2 7 17 18 2 0 2 7 5 31 3 0 2 7 16 6 2 1 2 7 0 2 4 13 6 3 0 2 7 5 30 3 0 2 7 0 2 7 0 2 7 0 2 7 6 2 7 0 40.6108766198158264
0 2 7 0 2 4 1 2 7 8 18 2 1 2 7 12 16 2 5 31 3 5 30 3 1 2 7 1 2 7 0 2 7 1 2 7 0 2 7 17 18 2 0 2 7 0 2 4 1 2 7 0 2 7 0 2 7 1 2 7 0 2 7 1 2 7 0 2 7 0 2 7 16 30 2 17 18 2 0 2 7 0 2 7 0 2 7 17 9 2 0 2 3 1 2 7 0 2 7 0 2 7 5 31 3 1 2 7 1 2 11 0 2 3 1 2 4 1 2 4 0 40.7372218370437622
0 2 7 0 2 7 5 30 3 0 2 7 0 2 7 16 6 2 5 31 3 5 30 3 17 9 2 17 9 2 0 2 7 17 9 2 16 19 11 5 30 3 0 2 7 13 6 3 5 31 3 1 2 7 0 2 3 1 2 7 1 2 7 0 2 7 0 2 7 0 2 7 0 2 7 0 2 7 1 2 7 0 2 7 0 2 7 1 2 11 0 2 7 0 2 7 0 2 7 0 2 7 1 2 7 1 2 7 0 2 7 1 2 7 1 2 7 1 2 7 0 40.8418045043945312
16 9 11 0 2 3 12 16 2 17 18 2 0 2 7 12 16 2 12 16 2 5 31 3 1 2 7 0 2 7 1 2 7 12 16 2 17 18 2 1 2 7 13 6 3 1 2 7 13 6 3 1 2 7 0 2 7 1 2 3 0 2 7 1 2 7 0 2 7 1 2 7 0 2 7 5 30 3 1 2 7 0 2 7 0 2 7 17 9 2 0 2 7 0 2 7 0 2 7 0 2 4 5 30 3 0 2 4 0 2 7 0 2 3 1 2 7 0 2 7 0 40.8613515496253967
0 2 7 1 2 4 12 16 2 17 9 2 1 2 7 12 16 2 5 31 3 5 30 3 0 2 7 0 2 7 13 6 3 12 16 2 1 2 7 8 18 2 0 2 7 1 2 4 0 2 11 0 2 4 0 2 7 1 2 11 0 2 7 1 2 7 0 2 7 0 2 4 16 30 2 17 18 2 1 2 7 1 2 7 0 2 3 17 9 2 1 2 7 0 2 7 1 2 3 0 2 7 5 30 3 0 2 7 0 2 7 0 2 7 0 2 3 1 2 7 0 40.9110517501831055
6 2 4 1 2 7 5 30 3 0 2 7 0 2 7 13 6 3 17 9 2 5 31 3 5 30 3 8 18 2 0 2 7 17 9 2 17 9 2 0 2 7 0 2 7 0 2 7 5 30 3 1 2 7 0 2 3 12 16 2 0 2 7 0 2 7 16 6 2 0 2 7 0 2 7 0 2 3 0 2 7 1 2 7 1 2 7 5 30 3 0 2 7 1 2 7 1 2 7 0 2 7 1 2 7 0 2 7 0 2 7 1 2 3 1 2 7 0 2 7 0 40.939763605594635
0 2 7 1 2 7 1 2 7 1 2 7 1 2 7 16 6 2 17 9 2 5 31 3 17 9 2 1 2 7 0 2 7 0 2 7 1 2 7 13 6 3 0 2 7 5 31 3 17 18 2 0 2 7 0 2 7 0 2 4 1 2 7 0 2 7 0 2 7 0 2 7 1 2 7 0 2 7 0 2 7 0 2 7 0 2 7 5 31 3 1 2 7 0 2 7 1 2 7 0 2 7 17 9 2 0 2 7 1 2 7 1 2 11 1 2 7 0 2 7 0 40.0670827627182007
0 2 7 0 2 4 0 2 7 17 9 2 0 2 4 17 18 2 17 9 2 5 30 3 13 6 3 1 2 7 1 2 7 0 2 7 1 2 7 5 31 3 0 2 7 1 2 7 17 18 2 1 2 7 6 2 7 0 2 7 1 2 7 0 2 7 0 2 7 0 2 7 0 2 7 0 2 7 0 2 7 0 2 7 0 2 7 5 31 3 0 2 7 0 2 7 1 2 7 0 2 7 5 30 3 1 2 7 1 2 7 1 2 7 1 2 7 1 2 7 0 40.3204837441444397
17 9 2 0 2 7 12 16 2 16 31 2 1 2 7 12 16 2 12 16 2 5 30 3 1 2 7 1 2 7 0 2 7 12 16 2 17 18 2 6 2 7 0 2 7 13 6 3 13 6 3 1 2 7 1 2 7 1 2 7 0 2 7 1 2 7 0 2 7 0 2 7 0 2 7 5 30 3 1 2 11 0 2 7 0 2 7 17 9 2 0 2 7 1 2 7 0 2 7 1 2 7 5 31 3 0 2 7 0 2 7 0 2 7 0 2 7 0 2 7 0 40.4003774523735046
1 2 7 0 2 4 0 2 7 1 2 7 1 2 7 0 2 7 5 31 3 5 30 3 16 31 2 1 2 7 0 2 7 17 18 2 16 6 2 5 31 3 0 2 7 17 9 2 0 2 7 0 2 7 0 2 7 0 2 7 0 2 7 1 2 7 1 2 7 1 2 7 0 2 7 0 2 4 1 2 7 0 2 7 0 2 7 16 6 2 1 2 7 0 2 7 1 2 7 0 2 7 5 31 3 0 2 7 0 2 4 0 2 7 12 16 2 1 2 7 0 40.4265387058258057
17 18 2 0 2 7 0 2 7 1 2 7 1 2 7 0 2 7 5 31 3 5 31 3 16 6 2 0 2 7 1 2 7 12 16 2 17 18 2 1 2 7 0 2 7 0 2 7 0 2 7 1 2 7 1 2 7 0 2 7 1 2 7 0 2 7 0 2 7 0 2 7 1 2 7 17 18 2 1 2 7 5 31 3 0 2 7 16 6 2 0 2 7 0 2 7 13 6 3 1 2 7 5 31 3 0 2 7 0 2 7 0 2 7 0 2 7 0 2 7 0 40.4340677261352539
17 18 2 0 2 7 0 2 4 1 2 7 5 31 3 0 2 7 5 30 3 5 31 3 16 6 2 0 2 7 1 2 7 12 16 2 17 18 2 1 2 7 0 2 7 0 2 7 0 2 7 1 2 7 1 2 4 0 2 7 0 2 7 0 2 7 1 2 11 0 2 7 1 2 7 17 18 2 0 2 7 5 31 3 0 2 7 16 6 2 1 2 7 0 2 4 13 6 3 0 2 7 5 30 3 0 2 7 0 2 7 0 2 7 0 2 7 6 2 7 0 40.6108766198158264
0 2 7 0 2 4 1 2 7 8 18 2 1 2 7 12 16 2 5 31 3 5 30 3 1 2 7 1 2 7 0 2 7 1 2 7 0 2 7 17 18 2 0 2 7 0 2 4 1 2 7 0 2 7 0 2 7 1 2 7 0 2 7 1 2 7 0 2 7 0 2 7 16 30 2 17 18 2 0 2 7 0 2 7 0 2 7 17 9 2 0 2 3 1 2 7 0 2 7 0 2 7 5 31 3 1 2 7 1 2 11 0 2 3 1 2 4 1 2 4 0 40.7372218370437622
0 2 7 0 2 7 5 30 3 0 2 7 0 2 7 16 6 2 5 31 3 5 30 3 17 9 2 17 9 2 0 2 7 17 9 2 16 19 11 5 30 3 0 2 7 13 6 3 5 31 3 1 2 7 0 2 3 1 2 7 1 2 7 0 2 7 0 2 7 0 2 7 0 2 7 0 2 7 1 2 7 0 2 7 0 2 7 1 2 11 0 2 7 0 2 7 0 2 7 0 2 7 1 2 7 1 2 7 0 2 7 1 2 7 1 2 7 1 2 7 0 40.8418045043945312
16 9 11 0 2 3 12 16 2 17 18 2 0 2 7 12 16 2 12 16 2 5 31 3 1 2 7 0 2 7 1 2 7 12 16 2 17 18 2 1 2 7 13 6 3 1 2 7 13 6 3 1 2 7 0 2 7 1 2 3 0 2 7 1 2 7 0 2 7 1 2 7 0 2 7 5 30 3 1 2 7 0 2 7 0 2 7 17 9 2 0 2 7 0 2 7 0 2 7 0 2 4 5 30 3 0 2 4 0 2 7 0 2 3 1 2 7 0 2 7 0 40.8613515496253967
0 2 7 1 2 4 12 16 2 17 9 2 1 2 7 12 16 2 5 31 3 5 30 3 0 2 7 0 2 7 13 6 3 12 16 2 1 2 7 8 18 2 0 2 7 1 2 4 0 2 11 0 2 4 0 2 7 1 2 11 0 2 7 1 2 7 0 2 7 0 2 4 16 30 2 17 18 2 1 2 7 1 2 7 0 2 3 17 9 2 1 2 7 0 2 7 1 2 3 0 2 7 5 30 3 0 2 7 0 2 7 0 2 7 0 2 3 1 2 7 0 40.9110517501831055
0 2 7 1 2 7 1 2 7 1 2 7 1 2 7 16 6 2 17 9 2 5 31 3 17 9 2 1 2 7 0 2 7 0 2 7 1 2 7 13 6 3 0 2 7 5 31 3 17 18 2 0 2 7 0 2 7 0 2 4 1 2 7 0 2 7 0 2 7 0 2 7 1 2 7 0 2 7 0 2 7 0 2 7 0 2 7 5 31 3 1 2 7 0 2 7 1 2 7 0 2 7 17 9 2 0 2 7 1 2 7 1 2 11 1 2 7 0 2 7 0 40.0670827627182007
0 2 7 0 2 7 0 2 7 17 9 2 0 2 4 17 18 2 17 9 2 5 30 3 13 6 3 1 2 7 1 2 7 1 2 7 1 2 4 5 31 3 0 2 7 1 2 7 17 18 2 1 2 7 0 2 7 0 2 7 0 2 4 0 2 7 0 2 7 0 2 7 16 24 2 0 2 7 0 2 7 0 2 7 0 2 7 5 30 3 0 2 7 0 2 7 1 2 7 0 2 7 5 31 3 1 2 7 1 2 7 1 2 7 1 2 7 1 2 7 0 40.1302337646484375
17 9 2 0 2 7 12 16 2 16 31 2 1 2 7 12 16 2 12 16 2 5 30 3 1 2 7 1 2 7 0 2 7 12 16 2 17 18 2 6 2 7 0 2 7 13 6 3 13 6 3 1 2 7 1 2 7 1 2 7 0 2 7 1 2 7 0 2 7 0 2 7 0 2 7 5 30 3 1 2 11 0 2 7 0 2 7 17 9 2 0 2 7 1 2 7 0 2 7 1 2 7 5 31 3 0 2 7 0 2 7 0 2 7 0 2 7 0 2 7 0 40.4003774523735046
1 2 7 0 2 4 0 2 7 1 2 7 1 2 7 0 2 7 5 31 3 5 30 3 16 31 2 1 2 7 0 2 7 17 18 2 16 6 2 5 31 3 0 2 7 17 9 2 0 2 7 0 2 7 0 2 7 0 2 7 0 2 7 1 2 7 1 2 7 1 2 7 0 2 7 0 2 4 1 2 7 0 2 7 0 2 7 16 6 2 1 2 7 0 2 7 1 2 7 0 2 7 5 31 3 0 2 7 0 2 4 0 2 7 12 16 2 1 2 7 0 40.4265387058258057
17 18 2 0 2 7 0 2 7 1 2 7 1 2 7 0 2 7 5 31 3 5 31 3 16 6 2 0 2 7 1 2 7 12 16 2 17 18 2 1 2 7 0 2 7 0 2 7 0 2 7 1 2 7 1 2 7 0 2 7 1 2 7 0 2 7 0 2 7 0 2 7 1 2 7 17 18 2 1 2 7 5 31 3 0 2 7 16 6 2 0 2 7 0 2 7 13 6 3 1 2 7 5 31 3 0 2 7 0 2 7 0 2 7 0 2 7 0 2 7 0 40.4340677261352539
17 18 2 0 2 7 0 2 7 1 2 4 5 31 3 0 2 7 5 30 3 5 31 3 16 6 2 0 2 7 1 2 7 12 16 2 17 18 2 1 2 7 0 2 7 0 2 7 0 2 7 1 2 7 1 2 7 0 2 7 1 2 4 0 2 7 0 2 7 0 2 7 1 2 11 17 18 2 0 2 7 5 31 3 0 2 7 16 6 2 1 2 7 0 2 7 13 6 3 0 2 7 5 30 3 0 2 7 0 2 4 0 2 7 0 2 7 6 2 7 0 40.6108766198158264
0 2 7 0 2 4 1 2 7 8 18 2 1 2 7 12 16 2 5 31 3 5 30 3 1 2 7 1 2 7 0 2 7 1 2 7 0 2 7 17 18 2 0 2 7 0 2 4 1 2 7 0 2 7 0 2 7 1 2 7 0 2 7 1 2 7 0 2 7 0 2 7 16 30 2 17 18 2 0 2 7 0 2 7 0 2 7 17 9 2 0 2 3 1 2 7 0 2 7 0 2 7 5 31 3 1 2 7 1 2 11 0 2 3 1 2 4 1 2 4 0 40.7372218370437622
0 2 7 0 2 7 5 30 3 0 2 7 0 2 7 16 6 2 5 31 3 5 30 3 17 9 2 17 9 2 0 2 7 17 9 2 16 19 11 5 30 3 0 2 7 13 6 3 5 31 3 1 2 7 0 2 3 1 2 7 1 2 7 0 2 7 0 2 7 0 2 7 0 2 7 0 2 7 1 2 7 0 2 7 0 2 7 1 2 11 0 2 7 0 2 7 0 2 7 0 2 7 1 2 7 1 2 7 0 2 7 1 2 7 1 2 7 1 2 7 0 40.8418045043945312
16 9 11 0 2 3 12 16 2 17 18 2 0 2 7 12 16 2 12 16 2 5 31 3 1 2 7 0 2 7 1 2 7 12 16 2 17 18 2 1 2 7 13 6 3 1 2 7 13 6 3 1 2 7 0 2 7 1 2 3 0 2 7 1 2 7 0 2 7 1 2 7 0 2 7 5 30 3 1 2 7 0 2 7 0 2 7 17 9 2 0 2 7 0 2 7 0 2 7 0 2 4 5 30 3 0 2 4 0 2 7 0 2 3 1 2 7 0 2 7 0 40.8613515496253967
0 2 7 1 2 4 12 16 2 17 9 2 1 2 7 12 16 2 5 31 3 5 30 3 0 2 7 0 2 7 13 6 3 12 16 2 1 2 7 8 18 2 0 2 7 1 2 4 0 2 11 0 2 4 0 2 7 1 2 11 0 2 7 1 2 7 0 2 7 0 2 4 16 30 2 17 18 2 1 2 7 1 2 7 0 2 3 17 9 2 1 2 7 0 2 7 1 2 3 0 2 7 5 30 3 0 2 7 0 2 7 0 2 7 0 2 3 1 2 7 0 40.9110517501831055
0 2 7 1 2 7 1 2 7 1 2 7 1 2 7 16 6 2 17 9 2 5 31 3 17 9 2 1 2 7 0 2 7 0 2 7 1 2 7 13 6 3 0 2 7 5 31 3 17 18 2 0 2 7 0 2 7 0 2 4 1 2 7 0 2 7 0 2 7 0 2 7 1 2 7 0 2 7 0 2 7 0 2 7 0 2 7 5 31 3 1 2 7 0 2 7 1 2 7 0 2 7 17 9 2 0 2 7 1 2 7 1 2 11 1 2 7 0 2 7 0 40.0670827627182007
0 2 7 0 2 7 0 2 7 17 9 2 0 2 4 17 18 2 17 9 2 5 30 3 13 6 3 1 2 7 1 2 7 1 2 7 1 2 4 5 31 3 0 2 7 1 2 7 17 18 2 1 2 7 0 2 7 0 2 7 0 2 4 0 2 7 0 2 7 0 2 7 16 24 2 0 2 7 0 2 7 0 2 7 0 2 7 5 30 3 0 2 7 0 2 7 1 2 7 0 2 7 5 31 3 1 2 7 1 2 7 1 2 7 1 2 7 1 2 7 0 40.1302337646484375
17 9 2 0 2 7 12 16 2 16 31 2 1 2 7 12 16 2 12 16 2 5 30 3 1 2 7 1 2 7 0 2 7 12 16 2 17 18 2 6 2 7 0 2 7 13 6 3 13 6 3 1 2 7 1 2 7 1 2 7 0 2 7 1 2 7 0 2 7 0 2 7 0 2 7 5 30 3 1 2 11 0 2 7 0 2 7 17 9 2 0 2 7 1 2 7 0 2 7 1 2 7 5 31 3 0 2 7 0 2 7 0 2 7 0 2 7 0 2 7 0 40.4003774523735046
1 2 7 0 2 4 0 2 7 1 2 7 1 2 7 0 2 7 5 31 3 5 30 3 16 31 2 1 2 7 0 2 7 17 18 2 16 6 2 5 31 3 0 2 7 17 9 2 0 2 7 0 2 7 0 2 7 0 2 7 0 2 7 1 2 7 1 2 7 1 2 7 0 2 7 0 2 4 1 2 7 0 2 7 0 2 7 16 6 2 1 2 7 0 2 7 1 2 7 0 2 7 5 31 3 0 2 7 0 2 4 0 2 7 12 16 2 1 2 7 0 40.4265387058258057
17 18 2 0 2 7 0 2 7 1 2 7 1 2 7 0 2 7 5 31 3 5 31 3 16 6 2 0 2 7 1 2 7 12 16 2 17 18 2 1 2 7 0 2 7 0 2 7 0 2 7 1 2 7 1 2 7 0 2 7 1 2 7 0 2 7 0 2 7 0 2 7 1 2 7 17 18 2 1 2 7 5 31 3 0 2 7 16 6 2 0 2 7 0 2 7 13 6 3 1 2 7 5 31 3 0 2 7 0 2 7 0 2 7 0 2 7 0 2 7 0 40.4340677261352539
17 18 2 0 2 7 0 2 7 1 2 4 5 31 3 0 2 7 5 30 3 5 31 3 16 6 2 0 2 7 1 2 7 12 16 2 17 18 2 1 2 7 0 2 7 0 2 7 0 2 7 1 2 7 1 2 7 0 2 7 1 2 4 0 2 7 0 2 7 0 2 7 1 2 11 17 18 2 0 2 7 5 31 3 0 2 7 16 6 2 1 2 7 0 2 7 13 6 3 0 2 7 5 30 3 0 2 7 0 2 4 0 2 7 0 2 7 6 2 7 0 40.6108766198158264
0 2 7 0 2 7 1 2 7 8 18 2 1 2 7 12 16 2 5 31 3 5 30 3 1 2 7 1 2 4 0 2 7 1 2 7 0 2 4 17 18 2 0 2 7 0 2 4 1 2 7 0 2 7 0 2 7 1 2 4 0 2 7 1 2 7 0 2 7 0 2 7 17 18 2 17 18 2 0 2 7 0 2 7 0 2 7 17 9 2 0 2 7 1 2 7 0 2 7 0 2 4 5 31 3 1 2 7 1 2 7 0 2 7 1 2 4 1 2 4 0 40.6167898178100586
1 2 7 0 2 7 17 9 2 1 2 7 1 2 7 17 9 2 5 31 3 5 30 3 16 6 2 8 9 2 0 2 7 17 9 2 12 16 2 13 6 3 0 2 7 5 31 3 1 2 7 1 2 7 0 2 7 1 2 7 5 31 3 1 2 7 1 2 7 0 2 7 16 6 2 0 2 7 0 2 7 1 2 7 0 2 7 0 2 7 0 2 7 0 2 7 0 2 7 0 2 7 5 30 3 0 2 7 0 2 7 0 2 7 0 2 7 0 2 7 0 40.6482366323471069
0 2 7 0 2 4 1 2 7 8 18 2 1 2 7 12 16 2 5 31 3 5 30 3 1 2 7 1 2 7 0 2 7 1 2 7 0 2 7 17 18 2 0 2 7 0 2 4 1 2 7 0 2 7 0 2 7 1 2 7 0 2 7 1 2 7 0 2 7 0 2 7 16 30 2 17 18 2 0 2 7 0 2 7 0 2 7 17 9 2 0 2 3 1 2 7 0 2 7 0 2 7 5 31 3 1 2 7 1 2 11 0 2 3 1 2 4 1 2 4 0 40.7372218370437622
0 2 7 0 2 7 5 30 3 0 2 7 0 2 7 16 6 2 5 31 3 5 30 3 17 9 2 17 9 2 0 2 7 17 9 2 16 19 11 5 30 3 0 2 7 13 6 3 5 31 3 1 2 7 0 2 3 1 2 7 1 2 7 0 2 7 0 2 7 0 2 7 0 2 7 0 2 7 1 2 7 0 2 7 0 2 7 1 2 11 0 2 7 0 2 7 0 2 7 0 2 7 1 2 7 1 2 7 0 2 7 1 2 7 1 2 7 1 2 7 0 40.8418045043945312
0 2 7 1 2 7 1 2 7 1 2 7 1 2 7 16 6 2 17 9 2 5 31 3 17 9 2 1 2 7 0 2 7 0 2 7 1 2 7 13 6 3 0 2 7 5 31 3 17 18 2 0 2 7 0 2 7 0 2 4 1 2 7 0 2 7 0 2 7 0 2 7 1 2 7 0 2 7 0 2 7 0 2 7 0 2 7 5 31 3 1 2 7 0 2 7 1 2 7 0 2 7 17 9 2 0 2 7 1 2 7 1 2 11 1 2 7 0 2 7 0 40.0670827627182007
0 2 7 0 2 7 0 2 7 17 9 2 0 2 4 17 18 2 17 9 2 5 30 3 13 6 3 1 2 7 1 2 7 1 2 7 1 2 4 5 31 3 0 2 7 1 2 7 17 18 2 1 2 7 0 2 7 0 2 7 0 2 4 0 2 7 0 2 7 0 2 7 16 24 2 0 2 7 0 2 7 0 2 7 0 2 7 5 30 3 0 2 7 0 2 7 1 2 7 0 2 7 5 31 3 1 2 7 1 2 7 1 2 7 1 2 7 1 2 7 0 40.1302337646484375
17 9 2 0 2 7 12 16 2 16 31 2 1 2 7 12 16 2 12 16 2 5 30 3 1 2 7 1 2 7 0 2 7 12 16 2 17 18 2 6 2 7 0 2 7 13 6 3 13 6 3 1 2 7 1 2 7 1 2 7 0 2 7 1 2 7 0 2 7 0 2 7 0 2 7 5 30 3 1 2 11 0 2 7 0 2 7 17 9 2 0 2 7 1 2 7 0 2 7 1 2 7 5 31 3 0 2 7 0 2 7 0 2 7 0 2 7 0 2 7 0 40.4003774523735046
1 2 7 0 2 4 0 2 7 1 2 7 1 2 7 0 2 7 5 31 3 5 30 3 16 31 2 1 2 7 0 2 7 17 18 2 16 6 2 5 31 3 0 2 7 17 9 2 0 2 7 0 2 7 0 2 7 0 2 7 0 2 7 1 2 7 1 2 7 1 2 7 0 2 7 0 2 4 1 2 7 0 2 7 0 2 7 16 6 2 1 2 7 0 2 7 1 2 7 0 2 7 5 31 3 0 2 7 0 2 4 0 2 7 12 16 2 1 2 7 0 40.4265387058258057
17 18 2 0 2 7 0 2 7 1 2 7 1 2 7 0 2 7 5 31 3 5 31 3 16 6 2 0 2 7 1 2 7 12 16 2 17 18 2 1 2 7 0 2 7 0 2 7 0 2 7 1 2 7 1 2 7 0 2 7 1 2 7 0 2 7 0 2 7 0 2 7 1 2 7 17 18 2 1 2 7 5 31 3 0 2 7 16 6 2 0 2 7 0 2 7 13 6 3 1 2 7 5 31 3 0 2 7 0 2 7 0 2 7 0 2 7 0 2 7 0 40.4340677261352539
1 2 7 5 30 3 13 6 3 1 2 4 1 2 7 17 18 2 17 9 2 5 31 3 17 9 2 0 2 7 0 2 4 0 2 4 0 2 7 17 9 2 0 2 7 1 2 4 12 16 2 0 2 7 0 2 7 6 2 7 5 30 3 1 2 7 1 2 7 1 2 7 5 31 3 0 2 7 0 2 7 0 2 7 1 2 7 0 2 7 1 2 4 0 2 7 1 2 7 1 2 7 0 2 7 0 2 7 0 2 7 0 2 7 0 2 7 0 2 7 0 40.4788337349891663
17 18 2 0 2 7 0 2 7 1 2 4 5 31 3 0 2 7 5 30 3 5 31 3 16 6 2 0 2 7 1 2 7 12 16 2 17 18 2 1 2 7 0 2 7 0 2 7 0 2 7 1 2 7 1 2 7 0 2 7 1 2 4 0 2 7 0 2 7 0 2 7 1 2 11 17 18 2 0 2 7 5 31 3 0 2 7 16 6 2 1 2 7 0 2 7 13 6 3 0 2 7 5 30 3 0 2 7 0 2 4 0 2 7 0 2 7 6 2 7 0 40.6108766198158264
0 2 7 0 2 7 1 2 7 8 18 2 1 2 7 12 16 2 5 31 3 5 30 3 1 2 7 1 2 4 0 2 7 1 2 7 0 2 4 17 18 2 0 2 7 0 2 4 1 2 7 0 2 7 0 2 7 1 2 4 0 2 7 1 2 7 0 2 7 0 2 7 17 18 2 17 18 2 0 2 7 0 2 7 0 2 7 17 9 2 0 2 7 1 2 7 0 2 7 0 2 4 5 31 3 1 2 7 1 2 7 0 2 7 1 2 4 1 2 4 0 40.6167898178100586
1 2 7 0 2 7 17 9 2 1 2 7 1 2 7 17 9 2 5 31 3 5 30 3 16 6 2 8 9 2 0 2 7 17 9 2 12 16 2 13 6 3 0 2 7 5 31 3 1 2 7 1 2 7 0 2 7 1 2 7 5 31 3 1 2 7 1 2 7 0 2 7 16 6 2 0 2 7 0 2 7 1 2 7 0 2 7 0 2 7 0 2 7 0 2 7 0 2 7 0 2 7 5 30 3 0 2 7 0 2 7 0 2 7 0 2 7 0 2 7 0 40.6482366323471069
0 2 7 0 2 4 1 2 7 8 18 2 1 2 7 12 16 2 5 31 3 5 30 3 1 2 7 1 2 7 0 2 7 1 2 7 0 2 7 17 18 2 0 2 7 0 2 4 1 2 7 0 2 7 0 2 7 1 2 7 0 2 7 1 2 7 0 2 7 0 2 7 16 30 2 17 18 2 0 2 7 0 2 7 0 2 7 17 9 2 0 2 3 1 2 7 0 2 7 0 2 7 5 31 3 1 2 7 1 2 11 0 2 3 1 2 4 1 2 4 0 40.7372218370437622
0 2 7 1 2 7 1 2 7 1 2 7 1 2 7 16 6 2 17 9 2 5 31 3 17 9 2 1 2 7 0 2 7 0 2 7 1 2 7 13 6 3 0 2 7 5 31 3 17 18 2 0 2 7 0 2 7 0 2 4 1 2 7 0 2 7 0 2 7 0 2 7 1 2 7 0 2 7 0 2 7 0 2 7 0 2 7 5 31 3 1 2 7 0 2 7 1 2 7 0 2 7 17 9 2 0 2 7 1 2 7 1 2 11 1 2 7 0 2 7 0 40.0670827627182007
0 2 7 0 2 7 0 2 7 17 9 2 0 2 4 17 18 2 17 9 2 5 30 3 13 6 3 1 2 7 1 2 7 1 2 7 1 2 4 5 31 3 0 2 7 1 2 7 17 18 2 1 2 7 0 2 7 0 2 7 0 2 4 0 2 7 0 2 7 0 2 7 16 24 2 0 2 7 0 2 7 0 2 7 0 2 7 5 30 3 0 2 7 0 2 7 1 2 7 0 2 7 5 31 3 1 2 7 1 2 7 1 2 7 1 2 7 1 2 7 0 40.1302337646484375
17 9 2 0 2 7 12 16 2 16 31 2 1 2 7 12 16 2 12 16 2 5 30 3 1 2 7 1 2 7 0 2 7 12 16 2 17 18 2 6 2 7 0 2 7 13 6 3 13 6 3 1 2 7 1 2 7 1 2 7 0 2 7 1 2 7 0 2 7 0 2 7 0 2 7 5 30 3 1 2 11 0 2 7 0 2 7 17 9 2 0 2 7 1 2 7 0 2 7 1 2 7 5 31 3 0 2 7 0 2 7 0 2 7 0 2 7 0 2 7 0 40.4003774523735046
16 31 2 1 2 7 0 2 7 1 2 4 0 2 7 0 2 7 5 31 3 5 31 3 16 6 2 1 2 7 0 2 7 12 16 2 17 18 2 1 2 7 1 2 7 0 2 7 0 2 7 1 2 7 0 2 7 1 2 7 0 2 7 0 2 7 0 2 7 0 2 7 0 2 4 17 18 2 1 2 7 5 30 3 0 2 7 16 6 2 1 2 7 1 2 7 0 2 4 1 2 7 5 31 3 0 2 7 0 2 7 0 2 7 0 2 7 0 2 7 0 40.4265387058258057
1 2 7 0 2 4 0 2 7 1 2 7 1 2 7 0 2 7 5 31 3 5 30 3 16 31 2 1 2 7 0 2 7 17 18 2 16 6 2 5 31 3 0 2 7 17 9 2 0 2 7 0 2 7 0 2 7 0 2 7 0 2 7 1 2 7 1 2 7 1 2 7 0 2 7 0 2 4 1 2 7 0 2 7 0 2 7 16 6 2 1 2 7 0 2 7 1 2 7 0 2 7 5 31 3 0 2 7 0 2 4 0 2 7 12 16 2 1 2 7 0 40.4265387058258057
17 18 2 0 2 7 0 2 7 1 2 7 1 2 7 0 2 7 5 31 3 5 31 3 16 6 2 0 2 7 1 2 7 12 16 2 17 18 2 1 2 7 0 2 7 0 2 7 0 2 7 1 2 7 1 2 7 0 2 7 1 2 7 0 2 7 0 2 7 0 2 7 1 2 7 17 18 2 1 2 7 5 31 3 0 2 7 16 6 2 0 2 7 0 2 7 13 6 3 1 2 7 5 31 3 0 2 7 0 2 7 0 2 7 0 2 7 0 2 7 0 40.4340677261352539
1 2 7 5 30 3 13 6 3 1 2 4 1 2 7 17 18 2 17 9 2 5 31 3 17 9 2 0 2 7 0 2 4 0 2 4 0 2 7 17 9 2 0 2 7 1 2 4 12 16 2 0 2 7 0 2 7 6 2 7 5 30 3 1 2 7 1 2 7 1 2 7 5 31 3 0 2 7 0 2 7 0 2 7 1 2 7 0 2 7 1 2 4 0 2 7 1 2 7 1 2 7 0 2 7 0 2 7 0 2 7 0 2 7 0 2 7 0 2 7 0 40.4788337349891663
17 18 2 0 2 7 0 2 7 1 2 4 5 31 3 0 2 7 5 30 3 5 31 3 16 6 2 0 2 7 1 2 7 12 16 2 17 18 2 1 2 7 0 2 7 0 2 7 0 2 7 1 2 7 1 2 7 0 2 7 1 2 4 0 2 7 0 2 7 0 2 7 1 2 11 17 18 2 0 2 7 5 31 3 0 2 7 16 6 2 1 2 7 0 2 7 13 6 3 0 2 7 5 30 3 0 2 7 0 2 4 0 2 7 0 2 7 6 2 7 0 40.6108766198158264
0 2 7 0 2 7 1 2 7 8 18 2 1 2 7 12 16 2 5 31 3 5 30 3 1 2 7 1 2 4 0 2 7 1 2 7 0 2 4 17 18 2 0 2 7 0 2 4 1 2 7 0 2 7 0 2 7 1 2 4 0 2 7 1 2 7 0 2 7 0 2 7 17 18 2 17 18 2 0 2 7 0 2 7 0 2 7 17 9 2 0 2 7 1 2 7 0 2 7 0 2 4 5 31 3 1 2 7 1 2 7 0 2 7 1 2 4 1 2 4 0 40.6167898178100586
1 2 7 0 2 7 17 9 2 1 2 7 1 2 7 17 9 2 5 31 3 5 30 3 16 6 2 8 9 2 0 2 7 17 9 2 12 16 2 13 6 3 0 2 7 5 31 3 1 2 7 1 2 7 0 2 7 1 2 7 5 31 3 1 2 7 1 2 7 0 2 7 16 6 2 0 2 7 0 2 7 1 2 7 0 2 7 0 2 7 0 2 7 0 2 7 0 2 7 0 2 7 5 30 3 0 2 7 0 2 7 0 2 7 0 2 7 0 2 7 0 40.6482366323471069
0 2 7 1 2 7 1 2 7 1 2 7 1 2 7 16 6 2 17 9 2 5 31 3 17 9 2 1 2 7 0 2 7 0 2 7 1 2 7 13 6 3 0 2 7 5 31 3 17 18 2 0 2 7 0 2 7 0 2 4 1 2 7 0 2 7 0 2 7 0 2 7 1 2 7 0 2 7 0 2 7 0 2 7 0 2 7 5 31 3 1 2 7 0 2 7 1 2 7 0 2 7 17 9 2 0 2 7 1 2 7 1 2 11 1 2 7 0 2 7 0 40.0670827627182007
0 2 7 0 2 7 0 2 7 17 9 2 0 2 4 17 18 2 17 9 2 5 30 3 13 6 3 1 2 7 1 2 7 1 2 7 1 2 4 5 31 3 0 2 7 1 2 7 17 18 2 1 2 7 0 2 7 0 2 7 0 2 4 0 2 7 0 2 7 0 2 7 16 24 2 0 2 7 0 2 7 0 2 7 0 2 7 5 30 3 0 2 7 0 2 7 1 2 7 0 2 7 5 31 3 1 2 7 1 2 7 1 2 7 1 2 7 1 2 7 0 40.1302337646484375
17 9 2 0 2 7 12 16 2 16 31 2 1 2 7 12 16 2 12 16 2 5 30 3 1 2 7 1 2 7 0 2 7 12 16 2 17 18 2 6 2 7 0 2 7 13 6 3 13 6 3 1 2 7 1 2 7 1 2 7 0 2 7 1 2 7 0 2 7 0 2 7 0 2 7 5 30 3 1 2 11 0 2 7 0 2 7 17 9 2 0 2 7 1 2 7 0 2 7 1 2 7 5 31 3 0 2 7 0 2 7 0 2 7 0 2 7 0 2 7 0 40.4003774523735046
16 31 2 1 2 7 0 2 7 1 2 4 0 2 7 0 2 7 5 31 3 5 31 3 16 6 2 1 2 7 0 2 7 12 16 2 17 18 2 1 2 7 1 2 7 0 2 7 0 2 7 1 2 7 0 2 7 1 2 7 0 2 7 0 2 7 0 2 7 0 2 7 0 2 4 17 18 2 1 2 7 5 30 3 0 2 7 16 6 2 1 2 7 1 2 7 0 2 4 1 2 7 5 31 3 0 2 7 0 2 7 0 2 7 0 2 7 0 2 7 0 40.4265387058258057
1 2 7 0 2 4 0 2 7 1 2 7 1 2 7 0 2 7 5 31 3 5 30 3 16 31 2 1 2 7 0 2 7 17 18 2 16 6 2 5 31 3 0 2 7 17 9 2 0 2 7 0 2 7 0 2 7 0 2 7 0 2 7 1 2 7 1 2 7 1 2 7 0 2 7 0 2 4 1 2 7 0 2 7 0 2 7 16 6 2 1 2 7 0 2 7 1 2 7 0 2 7 5 31 3 0 2 7 0 2 4 0 2 7 12 16 2 1 2 7 0 40.4265387058258057
17 18 2 0 2 7 0 2 7 1 2 7 1 2 7 0 2 7 5 31 3 5 31 3 16 6 2 0 2 7 1 2 7 12 16 2 17 18 2 1 2 7 0 2 7 0 2 7 0 2 7 1 2 7 1 2 7 0 2 7 1 2 7 0 2 7 0 2 7 0 2 7 1 2 7 17 18 2 1 2 7 5 31 3 0 2 7 16 6 2 0 2 7 0 2 7 13 6 3 1 2 7 5 31 3 0 2 7 0 2 7 0 2 7 0 2 7 0 2 7 0 40.4340677261352539
1 2 7 5 30 3 13 6 3 1 2 4 1 2 7 17 18 2 17 9 2 5 31 3 17 9 2 0 2 7 0 2 4 0 2 4 0 2 7 17 9 2 0 2 7 1 2 4 12 16 2 0 2 7 0 2 7 6 2 7 5 30 3 1 2 7 1 2 7 1 2 7 5 31 3 0 2 7 0 2 7 0 2 7 1 2 7 0 2 7 1 2 4 0 2 7 1 2 7 1 2 7 0 2 7 0 2 7 0 2 7 0 2 7 0 2 7 0 2 7 0 40.4788337349891663
17 18 2 0 2 7 1 2 7 1 2 7 1 2 7 0 2 7 5 31 3 5 31 3 16 6 2 0 2 7 1 2 7 12 16 2 17 18 2 0 2 7 1 2 7 0 2 7 0 2 7 1 2 7 0 2 7 0 2 7 1 2 7 0 2 7 0 2 7 0 2 7 1 2 7 17 18 2 0 2 7 5 31 3 0 2 3 16 6 2 1 2 7 0 2 7 13 6 3 0 2 7 5 31 3 1 2 3 0 2 7 0 2 7 6 2 7 0 2 7 0 40.5398088097572327
17 18 2 0 2 7 1 2 7 1 2 7 5 31 3 0 2 7 5 31 3 5 31 3 16 6 2 0 2 7 1 2 7 12 16 2 17 18 2 0 2 7 0 2 7 0 2 7 1 2 7 1 2 7 1 2 7 0 2 7 1 2 7 0 2 7 0 2 7 0 2 7 1 2 7 17 18 2 0 2 7 5 31 3 0 2 7 16 6 2 0 2 7 0 2 7 13 6 3 0 2 3 6 2 7 1 2 7 0 2 7 0 2 7 0 2 3 1 2 7 0 40.5398088097572327
17 18 2 0 2 7 0 2 7 1 2 4 5 31 3 0 2 7 5 30 3 5 31 3 16 6 2 0 2 7 1 2 7 12 16 2 17 18 2 1 2 7 0 2 7 0 2 7 0 2 7 1 2 7 1 2 7 0 2 7 1 2 4 0 2 7 0 2 7 0 2 7 1 2 11 17 18 2 0 2 7 5 31 3 0 2 7 16 6 2 1 2 7 0 2 7 13 6 3 0 2 7 5 30 3 0 2 7 0 2 4 0 2 7 0 2 7 6 2 7 0 40.6108766198158264
0 2 7 1 2 7 1 2 7 1 2 7 1 2 7 16 6 2 17 9 2 5 31 3 17 9 2 1 2 7 0 2 7 0 2 7 1 2 7 13 6 3 0 2 7 5 31 3 17 18 2 0 2 7 0 2 7 0 2 4 1 2 7 0 2 7 0 2 7 0 2 7 1 2 7 0 2 7 0 2 7 0 2 7 0 2 7 5 31 3 1 2 7 0 2 7 1 2 7 0 2 7 17 9 2 0 2 7 1 2 7 1 2 11 1 2 7 0 2 7 0 40.0670827627182007
0 2 7 0 2 7 0 2 7 17 9 2 0 2 4 17 18 2 17 9 2 5 30 3 13 6 3 1 2 7 1 2 7 1 2 7 1 2 4 5 31 3 0 2 7 1 2 7 17 18 2 1 2 7 0 2 7 0 2 7 0 2 4 0 2 7 0 2 7 0 2 7 16 24 2 0 2 7 0 2 7 0 2 7 0 2 7 5 30 3 0 2 7 0 2 7 1 2 7 0 2 7 5 31 3 1 2 7 1 2 7 1 2 7 1 2 7 1 2 7 0 40.1302337646484375
17 9 2 0 2 7 12 16 2 16 31 2 1 2 7 12 16 2 12 16 2 5 30 3 1 2 7 1 2 7 0 2 7 12 16 2 17 18 2 6 2 7 0 2 7 13 6 3 13 6 3 1 2 7 1 2 7 1 2 7 0 2 7 1 2 7 0 2 7 0 2 7 0 2 7 5 30 3 1 2 11 0 2 7 0 2 7 17 9 2 0 2 7 1 2 7 0 2 7 1 2 7 5 31 3 0 2 7 0 2 7 0 2 7 0 2 7 0 2 7 0 40.4003774523735046
16 31 2 1 2 7 0 2 7 1 2 4 0 2 7 0 2 7 5 31 3 5 31 3 16 6 2 1 2 7 0 2 7 12 16 2 17 18 2 1 2 7 1 2 7 0 2 7 0 2 7 1 2 7 0 2 7 1 2 7 0 2 7 0 2 7 0 2 7 0 2 7 0 2 4 17 18 2 1 2 7 5 30 3 0 2 7 16 6 2 1 2 7 1 2 7 0 2 4 1 2 7 5 31 3 0 2 7 0 2 7 0 2 7 0 2 7 0 2 7 0 40.4265387058258057
1 2 7 0 2 4 0 2 7 1 2 7 1 2 7 0 2 7 5 31 3 5 30 3 16 31 2 1 2 7 0 2 7 17 18 2 16 6 2 5 31 3 0 2 7 17 9 2 0 2 7 0 2 7 0 2 7 0 2 7 0 2 7 1 2 7 1 2 7 1 2 7 0 2 7 0 2 4 1 2 7 0 2 7 0 2 7 16 6 2 1 2 7 0 2 7 1 2 7 0 2 7 5 31 3 0 2 7 0 2 4 0 2 7 12 16 2 1 2 7 0 40.4265387058258057
16 31 2 0 2 7 0 2 7 0 2 4 1 2 7 0 2 7 5 31 3 5 31 3 16 6 2 1 2 7 1 2 7 12 16 2 17 18 2 1 2 7 1 2 7 0 2 4 0 2 7 1 2 7 1 2 7 1 2 7 0 2 7 0 2 7 0 2 7 0 2 7 1 2 7 17 18 2 1 2 7 5 30 3 0 2 7 16 6 2 0 2 7 0 2 7 0 2 4 1 2 7 5 31 3 0 2 7 0 2 7 0 2 7 0 2 7 0 2 7 0 40.4265387058258057
17 18 2 0 2 7 0 2 7 1 2 7 1 2 7 0 2 7 5 31 3 5 31 3 16 6 2 0 2 7 1 2 7 12 16 2 17 18 2 1 2 7 0 2 7 0 2 7 0 2 7 1 2 7 1 2 7 0 2 7 1 2 7 0 2 7 0 2 7 0 2 7 1 2 7 17 18 2 1 2 7 5 31 3 0 2 7 16 6 2 0 2 7 0 2 7 13 6 3 1 2 7 5 31 3 0 2 7 0 2 7 0 2 7 0 2 7 0 2 7 0 40.4340677261352539
1 2 7 5 30 3 13 6 3 1 2 4 1 2 7 17 18 2 17 9 2 5 31 3 17 9 2 0 2 7 0 2 4 0 2 4 0 2 7 17 9 2 0 2 7 1 2 4 12 16 2 0 2 7 0 2 7 6 2 7 5 30 3 1 2 7 1 2 7 1 2 7 5 31 3 0 2 7 0 2 7 0 2 7 1 2 7 0 2 7 1 2 4 0 2 7 1 2 7 1 2 7 0 2 7 0 2 7 0 2 7 0 2 7 0 2 7 0 2 7 0 40.4788337349891663
17 18 2 0 2 7 1 2 7 1 2 7 1 2 7 0 2 7 5 31 3 5 31 3 16 6 2 0 2 7 1 2 7 12 16 2 17 18 2 0 2 7 1 2 7 0 2 7 0 2 7 1 2 7 0 2 7 0 2 7 1 2 7 0 2 7 0 2 7 0 2 7 1 2 7 17 18 2 0 2 7 5 31 3 0 2 3 16 6 2 1 2 7 0 2 7 13 6 3 0 2 7 5 31 3 1 2 3 0 2 7 0 2 7 6 2 7 0 2 7 0 40.5398088097572327
17 18 2 0 2 7 1 2 7 1 2 7 5 31 3 0 2 7 5 31 3 5 31 3 16 6 2 0 2 7 1 2 7 12 16 2 17 18 2 0 2 7 0 2 7 0 2 7 1 2 7 1 2 7 1 2 7 0 2 7 1 2 7 0 2 7 0 2 7 0 2 7 1 2 7 17 18 2 0 2 7 5 31 3 0 2 7 16 6 2 0 2 7 0 2 7 13 6 3 0 2 3 6 2 7 1 2 7 0 2 7 0 2 7 0 2 3 1 2 7 0 40.5398088097572327
MonoObjective Genetic Algorithm
Number of Evaluations = 0
Mutation Probability = 0
Crossover Probability = 1
Population Size = 10
Survival Selection Type = 19
Time =  9008.50592613220215
0 2 7 1 2 7 1 2 7 1 2 7 1 2 7 16 6 2 17 9 2 5 31 3 17 9 2 1 2 7 0 2 7 0 2 7 1 2 7 13 6 3 0 2 7 5 31 3 17 18 2 0 2 7 0 2 7 0 2 4 1 2 7 0 2 7 0 2 7 0 2 7 1 2 7 0 2 7 0 2 7 0 2 7 0 2 7 5 31 3 1 2 7 0 2 7 1 2 7 0 2 7 17 9 2 0 2 7 1 2 7 1 2 11 1 2 7 0 2 7 0 40.0670827627182007
0 2 7 0 2 7 0 2 7 17 9 2 0 2 4 17 18 2 17 9 2 5 30 3 13 6 3 1 2 7 1 2 7 1 2 7 1 2 4 5 31 3 0 2 7 1 2 7 17 18 2 1 2 7 0 2 7 0 2 7 0 2 4 0 2 7 0 2 7 0 2 7 16 24 2 0 2 7 0 2 7 0 2 7 0 2 7 5 30 3 0 2 7 0 2 7 1 2 7 0 2 7 5 31 3 1 2 7 1 2 7 1 2 7 1 2 7 1 2 7 0 40.1302337646484375
17 9 2 0 2 7 12 16 2 16 31 2 1 2 7 12 16 2 12 16 2 5 30 3 1 2 7 1 2 7 0 2 7 12 16 2 17 18 2 6 2 7 0 2 7 13 6 3 13 6 3 1 2 7 1 2 7 1 2 7 0 2 7 1 2 7 0 2 7 0 2 7 0 2 7 5 30 3 1 2 11 0 2 7 0 2 7 17 9 2 0 2 7 1 2 7 0 2 7 1 2 7 5 31 3 0 2 7 0 2 7 0 2 7 0 2 7 0 2 7 0 40.4003774523735046
16 31 2 1 2 7 0 2 7 1 2 4 0 2 7 0 2 7 5 31 3 5 31 3 16 6 2 1 2 7 0 2 7 12 16 2 17 18 2 1 2 7 1 2 7 0 2 7 0 2 7 1 2 7 0 2 7 1 2 7 0 2 7 0 2 7 0 2 7 0 2 7 0 2 4 17 18 2 1 2 7 5 30 3 0 2 7 16 6 2 1 2 7 1 2 7 0 2 4 1 2 7 5 31 3 0 2 7 0 2 7 0 2 7 0 2 7 0 2 7 0 40.4265387058258057
1 2 7 0 2 4 0 2 7 1 2 7 1 2 7 0 2 7 5 31 3 5 30 3 16 31 2 1 2 7 0 2 7 17 18 2 16 6 2 5 31 3 0 2 7 17 9 2 0 2 7 0 2 7 0 2 7 0 2 7 0 2 7 1 2 7 1 2 7 1 2 7 0 2 7 0 2 4 1 2 7 0 2 7 0 2 7 16 6 2 1 2 7 0 2 7 1 2 7 0 2 7 5 31 3 0 2 7 0 2 4 0 2 7 12 16 2 1 2 7 0 40.4265387058258057
16 31 2 0 2 7 0 2 7 0 2 4 1 2 7 0 2 7 5 31 3 5 31 3 16 6 2 1 2 7 1 2 7 12 16 2 17 18 2 1 2 7 1 2 7 0 2 4 0 2 7 1 2 7 1 2 7 1 2 7 0 2 7 0 2 7 0 2 7 0 2 7 1 2 7 17 18 2 1 2 7 5 30 3 0 2 7 16 6 2 0 2 7 0 2 7 0 2 4 1 2 7 5 31 3 0 2 7 0 2 7 0 2 7 0 2 7 0 2 7 0 40.4265387058258057
17 18 2 0 2 7 0 2 7 1 2 7 1 2 7 0 2 7 5 31 3 5 31 3 16 6 2 0 2 7 1 2 7 12 16 2 17 18 2 1 2 7 0 2 7 0 2 7 0 2 7 1 2 7 1 2 7 0 2 7 1 2 7 0 2 7 0 2 7 0 2 7 1 2 7 17 18 2 1 2 7 5 31 3 0 2 7 16 6 2 0 2 7 0 2 7 13 6 3 1 2 7 5 31 3 0 2 7 0 2 7 0 2 7 0 2 7 0 2 7 0 40.4340677261352539
1 2 7 5 30 3 13 6 3 1 2 4 1 2 7 17 18 2 17 9 2 5 31 3 17 9 2 0 2 7 0 2 4 0 2 4 0 2 7 17 9 2 0 2 7 1 2 4 12 16 2 0 2 7 0 2 7 6 2 7 5 30 3 1 2 7 1 2 7 1 2 7 5 31 3 0 2 7 0 2 7 0 2 7 1 2 7 0 2 7 1 2 4 0 2 7 1 2 7 1 2 7 0 2 7 0 2 7 0 2 7 0 2 7 0 2 7 0 2 7 0 40.4788337349891663
17 18 2 0 2 7 1 2 7 1 2 7 1 2 7 0 2 7 5 31 3 5 31 3 16 6 2 0 2 7 1 2 7 12 16 2 17 18 2 0 2 7 1 2 7 0 2 7 0 2 7 1 2 7 0 2 7 0 2 7 1 2 7 0 2 7 0 2 7 0 2 7 1 2 7 17 18 2 0 2 7 5 31 3 0 2 3 16 6 2 1 2 7 0 2 7 13 6 3 0 2 7 5 31 3 1 2 3 0 2 7 0 2 7 6 2 7 0 2 7 0 40.5398088097572327
17 18 2 0 2 7 1 2 7 1 2 7 5 31 3 0 2 7 5 31 3 5 31 3 16 6 2 0 2 7 1 2 7 12 16 2 17 18 2 0 2 7 0 2 7 0 2 7 1 2 7 1 2 7 1 2 7 0 2 7 1 2 7 0 2 7 0 2 7 0 2 7 1 2 7 17 18 2 0 2 7 5 31 3 0 2 7 16 6 2 0 2 7 0 2 7 13 6 3 0 2 3 6 2 7 1 2 7 0 2 7 0 2 7 0 2 3 1 2 7 0 40.5398088097572327
