0 2 7 0 2 7 0 2 7 13 6 3 0 2 7 5 30 3 1 2 7 0 2 7 17 18 2 5 31 3 5 31 3 1 2 7 1 2 4 0 2 7 16 6 2 1 2 7 1 2 7 0 2 7 16 6 2 0 2 7 0 2 7 5 31 3 0 2 7 1 2 7 0 2 7 0 2 7 0 2 7 0 2 7 0 2 7 0 2 7 17 9 2 0 2 4 1 2 4 1 2 7 0 2 7 12 16 2 17 9 2 1 2 7 0 2 7 5 30 3 0 40.5349836349487305
5 30 3 0 2 3 1 2 3 0 2 7 0 2 7 1 2 7 16 6 2 0 2 7 16 30 2 16 6 2 5 31 3 0 2 7 0 2 3 0 2 7 1 2 7 0 2 3 8 18 2 0 2 3 12 16 2 0 2 3 6 2 7 5 30 3 12 16 2 12 16 2 0 2 7 1 2 7 0 2 7 0 2 3 0 2 3 0 2 7 5 30 3 0 2 7 1 2 7 0 2 7 1 2 7 0 2 3 16 30 2 1 2 7 0 2 3 5 31 3 0 41.8768067955970764
5 30 3 0 2 8 8 18 2 0 2 3 0 2 3 1 2 3 0 2 8 0 2 8 16 19 12 5 30 3 5 30 3 8 18 2 0 2 8 0 2 7 1 2 3 0 2 8 0 2 3 0 2 7 12 16 2 1 2 8 0 2 8 5 30 3 16 19 12 17 18 2 1 2 3 0 2 8 0 2 8 0 2 3 0 2 8 1 2 3 8 9 2 0 2 8 16 6 2 1 2 3 0 2 8 12 16 2 0 2 7 0 2 7 0 2 3 5 30 3 0 44.683213472366333
0 2 11 0 2 8 5 31 3 16 19 11 5 30 3 0 2 11 0 2 3 0 2 8 0 2 11 0 2 7 1 2 7 16 19 11 0 2 8 17 9 2 6 2 8 5 30 3 0 2 8 0 2 11 0 2 7 0 2 8 0 2 3 16 19 11 0 2 8 0 2 8 5 30 3 0 2 11 0 2 3 5 30 3 0 2 3 0 2 7 0 2 11 5 30 3 0 2 7 5 30 3 0 2 8 0 2 8 0 2 7 16 19 11 0 2 7 0 2 11 1.69315962138199715e-06 45.1552804708480835
5 30 3 0 2 3 1 18 3 0 2 3 0 2 7 1 2 7 16 2 2 0 2 8 16 30 2 5 6 3 5 31 3 8 2 2 0 2 3 0 2 7 1 2 7 0 2 8 8 2 3 0 2 3 12 16 2 0 2 8 6 2 8 5 30 3 16 19 12 17 18 2 0 2 7 0 2 7 0 2 8 0 2 3 0 2 8 0 2 7 8 9 2 0 2 7 1 2 2 1 2 3 1 2 7 12 16 3 16 30 2 0 2 7 0 2 3 5 30 3 421739.726412691001 43.4809054136276245
1 2 3 16 6 3 0 2 3 13 18 3 12 2 3 5 30 3 0 24 2 1 2 7 17 18 2 5 16 3 8 18 2 0 2 7 1 2 7 0 2 7 5 2 3 5 30 11 0 2 4 0 2 7 16 30 11 0 2 7 0 2 7 5 30 4 1 2 10 0 2 7 1 2 7 0 2 4 0 2 7 0 2 2 1 2 2 0 2 7 17 9 2 8 9 2 0 2 7 1 2 7 0 2 7 1 2 7 1 2 7 6 2 3 0 2 3 1 2 7 478645.384897954704 41.6031821966171265
0 2 3 1 2 3 0 2 7 13 6 7 12 2 3 5 30 3 0 24 2 0 2 7 17 18 7 0 31 3 5 31 3 1 18 2 6 2 7 0 2 3 16 6 3 5 30 7 0 2 4 0 2 7 16 6 11 0 2 7 0 2 7 5 30 3 1 2 7 1 2 7 0 2 7 0 2 7 0 2 7 0 2 7 0 2 2 0 2 2 17 2 2 0 9 2 1 2 11 0 2 7 0 2 7 12 16 7 17 9 2 1 2 7 0 2 7 5 2 3 747499.265583347646 40.845344066619873
0 2 3 1 2 3 0 2 3 8 18 7 12 31 3 5 30 3 0 24 2 0 2 7 17 18 7 0 16 2 8 2 2 0 18 2 5 2 7 0 2 3 5 2 3 5 30 7 0 2 4 1 2 7 16 2 11 1 2 7 0 2 7 5 30 4 1 2 10 0 2 7 1 2 7 0 2 7 0 2 7 0 2 2 0 2 2 1 16 2 1 2 7 8 9 2 6 2 7 0 2 7 0 2 7 6 2 7 1 2 7 6 2 3 0 2 3 1 2 3 767424.109521717066 42.3563672304153442
1 2 7 0 2 2 1 2 2 0 2 3 0 2 7 1 2 3 0 2 8 0 2 8 17 18 2 5 31 3 5 18 3 8 18 7 1 2 8 0 2 7 1 31 3 0 2 8 0 2 3 0 2 7 16 16 2 0 2 7 0 2 8 5 30 3 16 19 12 0 18 7 1 2 4 0 2 8 1 2 8 0 2 3 1 2 7 0 2 7 17 9 2 0 2 8 0 2 2 1 2 7 0 2 8 12 2 7 5 2 3 0 2 7 0 2 3 5 2 3 771847.813167811488 44.3145264983177185
5 30 3 0 2 8 8 2 7 0 6 3 0 2 3 5 2 3 0 2 8 0 2 7 16 18 2 5 31 3 5 31 3 1 18 2 0 2 8 0 2 7 16 6 3 1 2 8 1 2 7 0 2 7 12 16 2 0 2 7 0 2 7 5 30 3 0 19 12 1 18 7 0 2 3 0 2 7 0 2 8 0 2 3 0 2 7 1 2 3 8 9 2 0 2 8 16 6 2 1 2 7 0 2 8 12 16 2 17 9 2 0 2 7 0 2 7 5 30 3 813172.139366546995 43.2400621175765991
0 2 7 0 2 7 0 2 7 13 6 3 0 2 7 5 30 3 1 2 7 0 2 7 17 18 2 5 31 3 5 31 3 1 2 7 1 2 4 0 2 7 16 6 2 1 2 7 1 2 7 0 2 7 16 6 2 0 2 7 0 2 7 5 31 3 0 2 7 1 2 7 0 2 7 0 2 7 0 2 7 0 2 7 0 2 7 0 2 7 17 9 2 0 2 4 1 2 4 1 2 7 0 2 7 12 16 2 17 9 2 1 2 7 0 2 7 5 30 3 0 40.5349836349487305
5 30 3 8 9 2 0 2 7 1 2 3 0 2 3 1 2 3 0 2 7 0 2 7 16 30 2 13 6 3 5 30 3 0 2 3 1 2 3 0 2 7 0 2 7 16 19 11 1 2 3 0 2 7 12 16 2 0 2 7 1 2 7 5 30 3 1 2 3 0 2 3 0 2 7 1 2 7 0 2 7 0 2 7 5 30 3 0 2 7 17 9 2 1 2 7 0 2 7 0 2 7 0 2 3 12 16 2 17 9 2 1 2 7 1 2 7 0 2 3 0 41.6670286655426025
0 2 3 0 2 3 5 30 3 16 19 13 0 2 3 0 2 8 6 2 7 0 2 7 16 6 2 0 2 8 5 30 3 0 2 7 0 2 7 0 2 7 0 2 8 16 19 13 0 2 8 0 2 7 16 6 2 0 2 3 1 2 7 0 2 7 0 2 7 8 9 2 5 31 3 0 2 7 1 2 7 5 30 3 0 2 3 0 2 3 12 16 2 5 30 3 0 2 11 1 2 7 16 6 2 12 16 2 0 2 7 5 31 3 0 2 7 0 2 3 0 43.1411699652671814
5 30 3 0 2 8 8 18 2 0 2 3 0 2 3 1 2 3 0 2 8 0 2 8 16 19 12 5 30 3 5 30 3 8 18 2 0 2 8 0 2 7 1 2 3 0 2 8 0 2 3 0 2 7 12 16 2 1 2 8 0 2 8 5 30 3 16 19 12 17 18 2 1 2 3 0 2 8 0 2 8 0 2 3 0 2 8 1 2 3 8 9 2 0 2 8 16 6 2 1 2 3 0 2 8 12 16 2 0 2 7 0 2 7 0 2 3 5 30 3 0 44.683213472366333
0 2 3 0 2 8 5 31 3 16 19 11 5 30 3 0 2 11 0 2 11 1 2 8 0 2 7 0 2 7 0 2 8 16 19 11 0 2 8 17 9 2 0 2 8 5 30 3 0 2 8 0 2 7 0 2 7 0 2 8 0 2 8 16 19 11 0 2 11 0 2 7 5 30 3 0 2 11 0 2 3 5 30 3 0 2 7 0 2 7 0 2 8 5 30 3 0 2 7 5 30 3 0 2 8 0 2 11 0 2 7 16 19 11 0 2 7 0 2 11 1.77783760757931409e-07 44.9499392509460449
0 2 7 16 6 2 0 2 3 5 30 3 0 2 7 5 30 3 1 2 3 0 2 7 1 2 8 5 30 3 16 19 12 16 18 12 0 2 3 0 2 12 0 2 3 5 30 3 0 2 3 0 2 3 0 2 3 0 2 7 1 2 3 0 2 7 0 2 3 0 2 3 0 2 3 0 2 3 5 31 3 5 30 3 0 2 3 1 2 11 0 2 3 0 2 7 0 2 7 16 19 12 0 2 3 0 2 3 12 16 2 16 19 11 0 2 7 0 2 11 7.41180912278420573e-07 44.1640137434005737
0 2 3 0 2 7 1 2 7 0 2 3 0 2 7 1 30 3 1 2 2 0 2 7 16 30 2 5 6 3 5 31 3 1 2 7 1 2 3 0 2 7 16 6 7 1 2 8 8 2 3 0 2 3 16 6 2 0 2 7 0 2 8 5 31 3 0 2 12 17 18 2 0 2 7 0 2 7 0 2 8 0 2 7 0 2 8 0 2 7 17 9 2 0 2 4 1 2 2 1 2 3 1 2 7 12 16 3 16 30 2 0 2 7 0 2 3 5 30 3 282906.903388498351 41.4587721824645996
0 2 7 0 2 8 8 18 2 0 2 3 0 2 3 1 30 3 0 2 7 0 2 8 17 19 2 5 30 3 5 31 3 8 18 7 1 2 4 0 2 7 16 6 3 1 2 7 1 2 7 0 2 7 12 6 2 1 2 7 0 2 7 5 31 3 16 2 7 17 18 7 1 2 7 0 2 8 0 2 7 0 2 7 0 2 7 1 2 3 8 9 2 0 2 4 1 2 2 1 2 7 0 2 8 12 16 2 0 9 2 0 2 7 0 2 7 5 30 3 411090.527449422632 41.5588001012802124
0 2 3 0 2 7 0 18 2 13 6 3 0 2 3 5 2 3 1 2 8 0 2 7 16 19 2 5 31 3 5 30 3 1 18 2 1 2 4 0 2 7 1 6 2 1 2 8 1 2 7 0 2 7 16 6 2 0 2 8 0 2 7 5 31 3 16 19 12 17 18 2 1 2 3 0 2 7 0 2 8 0 2 7 0 2 8 1 2 3 8 9 2 0 2 8 16 2 4 1 2 7 0 2 8 12 16 2 17 9 2 1 2 7 0 2 3 5 30 3 425897.16684091097 42.4621081352233887
1 2 3 16 6 3 0 2 3 13 18 3 12 2 3 5 30 3 0 24 2 1 2 7 17 18 2 5 16 3 8 18 2 0 2 7 1 2 7 0 2 7 5 2 3 5 30 11 0 2 4 0 2 7 16 30 11 0 2 7 0 2 7 5 30 4 1 2 10 0 2 7 1 2 7 0 2 4 0 2 7 0 2 2 1 2 2 0 2 7 17 9 2 8 9 2 0 2 7 1 2 7 0 2 7 1 2 7 1 2 7 6 2 3 0 2 3 1 2 7 478645.384897954704 41.6031821966171265
0 2 7 0 2 7 0 2 7 13 6 3 0 2 7 5 30 3 1 2 7 0 2 7 17 18 2 5 31 3 5 31 3 1 2 7 1 2 4 0 2 7 16 6 2 1 2 7 1 2 7 0 2 7 16 6 2 0 2 7 0 2 7 5 31 3 0 2 7 1 2 7 0 2 7 0 2 7 0 2 7 0 2 7 0 2 7 0 2 7 17 9 2 0 2 4 1 2 4 1 2 7 0 2 7 12 16 2 17 9 2 1 2 7 0 2 7 5 30 3 0 40.5349836349487305
1 2 7 1 2 4 0 2 7 0 2 4 0 2 3 0 2 7 1 2 7 0 2 7 1 2 7 0 2 7 5 30 3 1 2 7 17 9 2 1 2 3 8 18 2 0 2 3 1 2 3 0 2 4 12 16 2 0 2 7 16 18 11 5 31 3 0 2 7 0 2 7 0 2 7 0 2 3 1 2 6 0 2 4 5 30 3 0 2 7 17 9 2 1 2 7 1 2 7 1 2 7 0 2 4 12 16 2 17 18 2 0 2 4 0 2 7 1 2 7 0 41.4422867894172668
5 30 3 8 9 2 0 2 7 1 2 3 0 2 3 1 2 3 0 2 7 0 2 7 16 30 2 13 6 3 5 30 3 0 2 3 1 2 3 0 2 7 0 2 7 16 19 11 1 2 3 0 2 7 12 16 2 0 2 7 1 2 7 5 30 3 1 2 3 0 2 3 0 2 7 1 2 7 0 2 7 0 2 7 5 30 3 0 2 7 17 9 2 1 2 7 0 2 7 0 2 7 0 2 3 12 16 2 17 9 2 1 2 7 1 2 7 0 2 3 0 41.6670286655426025
0 2 3 0 2 3 5 30 3 16 19 13 0 2 3 0 2 8 6 2 7 0 2 7 16 6 2 0 2 8 5 30 3 0 2 7 0 2 7 0 2 7 0 2 8 16 19 13 0 2 8 0 2 7 16 6 2 0 2 3 1 2 7 0 2 7 0 2 7 8 9 2 5 31 3 0 2 7 1 2 7 5 30 3 0 2 3 0 2 3 12 16 2 5 30 3 0 2 11 1 2 7 16 6 2 12 16 2 0 2 7 5 31 3 0 2 7 0 2 3 0 43.1411699652671814
5 30 3 0 2 8 8 18 2 0 2 3 0 2 3 1 2 3 0 2 8 0 2 8 16 19 12 5 30 3 5 30 3 8 18 2 0 2 8 0 2 7 1 2 3 0 2 8 0 2 3 0 2 7 12 16 2 1 2 8 0 2 8 5 30 3 16 19 12 17 18 2 1 2 3 0 2 8 0 2 8 0 2 3 0 2 8 1 2 3 8 9 2 0 2 8 16 6 2 1 2 3 0 2 8 12 16 2 0 2 7 0 2 7 0 2 3 5 30 3 0 44.683213472366333
0 2 7 0 2 8 5 31 3 16 19 11 5 30 3 0 2 11 0 2 11 0 2 8 0 2 11 0 2 11 0 2 8 16 19 11 0 2 12 17 9 2 0 2 8 5 31 3 0 2 8 0 2 11 0 2 8 0 2 8 0 2 8 16 19 11 12 16 2 0 2 7 5 30 3 0 2 8 0 2 7 5 30 3 0 2 7 6 2 11 0 2 7 5 30 3 0 2 7 5 30 3 0 2 8 0 2 7 0 2 8 16 19 11 0 2 8 0 2 11 0 45.495309591293335
0 2 3 0 2 7 0 2 3 16 6 2 0 2 3 5 30 3 0 2 3 0 2 3 9 2 7 0 2 3 5 31 3 0 2 7 16 6 2 0 2 3 0 2 3 16 19 12 0 2 7 0 2 3 16 19 11 1 2 3 0 2 8 5 30 3 0 2 8 0 2 12 0 2 8 0 2 7 1 2 3 5 30 3 5 30 3 1 2 3 0 2 3 5 31 3 0 2 3 0 2 8 16 19 12 12 16 2 0 2 8 0 2 7 0 2 3 0 2 3 4.60549028615898103e-08 44.6425411701202393
0 2 7 0 2 7 1 2 7 0 2 3 0 2 7 1 30 3 1 2 2 0 2 7 16 30 2 5 6 3 5 31 3 1 2 7 1 2 3 0 2 7 16 6 2 1 2 7 1 2 7 0 2 3 16 6 2 0 2 7 0 2 7 5 31 3 0 2 7 17 18 7 0 2 7 0 2 7 0 2 8 0 2 7 0 2 8 0 2 7 17 9 2 0 2 4 1 2 2 1 2 3 0 2 7 12 16 3 16 30 2 1 2 7 0 2 3 5 30 3 256126.37838458558 40.6394679546356201
0 2 3 0 2 7 0 18 2 13 6 3 0 2 3 5 2 3 1 2 8 0 2 7 16 19 2 5 31 3 5 30 3 1 18 2 1 2 4 0 2 7 1 6 2 1 2 8 1 2 7 0 2 7 16 6 2 0 2 8 0 2 7 5 31 3 16 19 12 17 18 2 1 2 3 0 2 7 0 2 8 0 2 7 0 2 8 1 2 3 8 9 2 0 2 8 16 2 4 1 2 7 0 2 8 12 16 2 17 9 2 1 2 7 0 2 3 5 30 3 425897.16684091097 42.4621081352233887
1 2 3 1 2 3 5 2 7 16 2 4 0 2 3 0 2 8 1 2 7 0 2 7 1 6 2 0 2 7 5 30 3 0 2 7 17 9 7 1 2 7 0 2 8 0 19 3 1 2 8 0 2 7 12 6 2 0 2 3 16 2 7 0 31 3 0 2 7 8 2 7 5 2 7 0 2 3 1 2 6 5 2 3 5 30 3 0 2 7 12 9 2 1 2 7 0 2 7 1 2 7 0 2 4 12 16 2 17 18 2 5 2 4 0 2 7 0 2 3 1151625.13665821264 43.3256353139877319
0 2 7 0 2 7 0 2 7 13 6 3 0 2 7 5 30 3 1 2 7 0 2 7 17 18 2 5 31 3 5 31 3 1 2 7 1 2 4 0 2 7 16 6 2 1 2 7 1 2 7 0 2 7 16 6 2 0 2 7 0 2 7 5 31 3 0 2 7 1 2 7 0 2 7 0 2 7 0 2 7 0 2 7 0 2 7 0 2 7 17 9 2 0 2 4 1 2 4 1 2 7 0 2 7 12 16 2 17 9 2 1 2 7 0 2 7 5 30 3 0 40.5349836349487305
1 2 7 1 2 4 0 2 7 0 2 7 0 2 3 0 2 3 1 2 7 0 2 7 1 2 7 0 2 4 5 30 3 1 2 7 17 9 2 0 2 3 8 18 2 0 2 3 1 2 7 0 2 7 12 16 2 0 2 7 16 18 11 5 31 3 0 2 4 0 2 7 0 2 7 0 2 3 1 2 7 0 2 4 5 30 3 0 2 4 17 9 2 1 2 7 1 2 4 1 2 7 0 2 4 12 16 2 17 18 2 0 2 3 1 2 7 1 2 7 0 41.4022868275642395
5 30 3 8 9 2 0 2 7 1 2 3 0 2 3 1 2 3 0 2 7 0 2 7 16 30 2 13 6 3 5 30 3 0 2 3 1 2 3 0 2 7 0 2 7 16 19 11 1 2 3 0 2 7 12 16 2 0 2 7 1 2 7 5 30 3 1 2 3 0 2 3 0 2 7 1 2 7 0 2 7 0 2 7 5 30 3 0 2 7 17 9 2 1 2 7 0 2 7 0 2 7 0 2 3 12 16 2 17 9 2 1 2 7 1 2 7 0 2 3 0 41.6670286655426025
0 2 10 0 2 7 0 2 7 0 2 7 15 2 11 1 2 7 1 2 7 0 2 7 16 31 2 0 2 3 5 30 3 5 31 3 0 2 7 0 2 7 1 2 7 16 19 11 12 16 2 0 2 7 17 9 2 1 2 7 0 2 7 0 2 4 16 18 11 5 30 3 5 30 3 0 2 7 0 2 7 0 2 7 0 2 7 0 2 7 12 16 2 0 2 10 12 16 2 0 2 7 0 2 7 12 16 2 1 2 10 5 30 3 1 2 7 0 2 7 0 42.3346423506736755
0 2 7 0 2 11 9 2 7 0 2 7 1 2 11 2 3 3 0 2 7 1 2 7 0 2 7 5 30 3 5 30 3 8 18 2 0 2 10 0 2 7 12 16 2 6 2 7 12 16 2 0 2 11 17 9 2 0 2 7 6 2 11 5 31 3 16 19 11 5 30 3 0 2 7 1 2 7 0 2 7 0 2 7 0 2 7 12 2 4 17 18 2 0 2 7 17 18 2 0 2 7 0 2 7 12 16 2 1 2 11 6 2 7 0 2 7 5 30 3 0 42.7546325922012329
0 2 3 0 2 3 5 30 3 16 19 13 0 2 3 0 2 8 6 2 7 0 2 7 16 6 2 0 2 8 5 30 3 0 2 7 0 2 7 0 2 7 0 2 8 16 19 13 0 2 8 0 2 7 16 6 2 0 2 3 1 2 7 0 2 7 0 2 7 8 9 2 5 31 3 0 2 7 1 2 7 5 30 3 0 2 3 0 2 3 12 16 2 5 30 3 0 2 11 1 2 7 16 6 2 12 16 2 0 2 7 5 31 3 0 2 7 0 2 3 0 43.1411699652671814
1 2 3 0 2 11 5 30 3 16 19 11 0 2 7 0 2 7 0 2 3 0 2 3 0 2 7 0 2 7 5 30 3 16 19 12 1 2 3 0 2 7 5 30 3 5 30 3 0 2 3 0 2 3 0 2 12 0 2 3 9 2 7 5 30 3 16 6 2 0 2 3 5 31 3 0 2 3 0 2 3 0 2 3 1 2 7 0 2 3 16 19 12 16 19 12 0 2 3 0 2 7 0 2 3 0 2 3 0 2 7 0 2 3 12 16 2 0 2 3 0 44.3501118421554565
5 30 3 0 2 8 8 18 2 0 2 3 0 2 3 1 2 3 0 2 8 0 2 8 16 19 12 5 30 3 5 30 3 8 18 2 0 2 8 0 2 7 1 2 3 0 2 8 0 2 3 0 2 7 12 16 2 1 2 8 0 2 8 5 30 3 16 19 12 17 18 2 1 2 3 0 2 8 0 2 8 0 2 3 0 2 8 1 2 3 8 9 2 0 2 8 16 6 2 1 2 3 0 2 8 12 16 2 0 2 7 0 2 7 0 2 3 5 30 3 0 44.683213472366333
0 2 7 0 2 8 5 31 3 16 19 11 5 30 3 0 2 11 0 2 11 0 2 8 0 2 11 0 2 11 0 2 8 16 19 11 0 2 12 17 9 2 0 2 8 5 31 3 0 2 8 0 2 11 0 2 8 0 2 8 0 2 8 16 19 11 12 16 2 0 2 7 5 30 3 0 2 8 0 2 7 5 30 3 0 2 7 6 2 11 0 2 7 5 30 3 0 2 7 5 30 3 0 2 8 0 2 7 0 2 8 16 19 11 0 2 8 0 2 11 0 45.495309591293335
0 2 7 0 2 7 1 2 7 0 2 3 0 2 7 1 30 3 1 2 2 0 2 7 16 30 2 5 6 3 5 31 3 1 2 7 1 2 3 0 2 7 16 6 2 1 2 7 1 2 7 0 2 3 16 6 2 0 2 7 0 2 7 5 31 3 0 2 7 17 18 7 0 2 7 0 2 7 0 2 8 0 2 7 0 2 8 0 2 7 17 9 2 0 2 4 1 2 2 1 2 3 0 2 7 12 16 3 16 30 2 1 2 7 0 2 3 5 30 3 256126.37838458558 40.6394679546356201
1 2 7 0 2 7 0 2 7 13 6 3 0 2 7 5 30 3 0 2 7 0 2 7 17 18 2 5 31 3 5 31 3 1 2 7 1 2 7 0 2 7 16 6 2 1 2 7 1 2 7 0 2 7 16 6 2 6 2 7 0 2 7 5 31 3 0 2 7 1 2 7 0 2 7 0 2 7 0 2 7 0 2 7 0 2 7 0 2 7 17 9 2 0 2 7 1 2 7 1 2 8 0 2 7 0 2 7 17 9 2 1 2 7 0 2 7 5 30 3 0 40.5071266293525696
1 2 7 1 2 7 0 2 7 0 2 7 0 2 7 0 2 7 1 2 4 0 2 3 0 2 7 0 2 4 5 31 3 1 2 7 17 9 2 0 2 4 8 18 2 0 2 7 1 2 7 0 2 7 12 16 2 0 2 7 16 18 11 5 31 3 0 2 4 0 2 7 0 2 7 0 2 7 1 2 7 1 2 7 5 30 3 0 2 7 17 9 2 1 2 7 1 2 7 1 2 4 0 2 4 12 16 2 17 18 2 0 2 7 1 2 7 1 2 7 0 41.0225657820701599
1 2 4 0 2 7 0 2 7 0 2 3 0 2 7 0 2 7 0 2 7 0 2 3 16 6 2 5 31 3 5 30 3 0 2 3 0 2 7 1 2 7 1 2 7 5 31 3 0 2 7 0 2 3 16 24 2 0 2 7 1 2 7 5 30 3 0 2 7 0 2 7 0 2 3 16 6 2 1 2 7 1 2 3 16 6 2 0 2 7 17 9 2 1 2 7 0 2 7 0 2 3 0 2 7 12 16 2 8 9 2 1 2 3 0 2 7 5 30 3 0 41.394953727722168
0 2 7 1 2 7 17 18 2 0 2 11 0 2 7 0 2 7 0 2 7 0 2 4 1 2 4 0 2 7 5 30 3 17 18 2 1 2 11 0 2 7 0 2 7 1 2 11 0 2 11 1 2 11 8 9 2 1 2 7 0 2 10 5 30 3 8 18 2 5 30 3 1 2 7 1 2 7 0 2 10 1 2 7 0 2 11 0 2 7 17 9 2 0 2 4 17 18 2 1 2 7 1 2 11 12 16 2 0 2 4 0 2 4 0 2 11 5 30 3 0 41.7460317611694336
0 2 7 0 2 7 6 2 7 6 2 11 1 2 11 6 2 7 0 2 7 0 2 7 0 2 7 5 30 3 5 30 3 0 2 7 0 2 7 6 2 7 0 2 7 17 9 2 12 16 2 0 2 4 8 9 2 0 2 4 0 2 7 5 31 3 2 3 3 5 30 3 5 31 3 0 2 11 0 2 7 0 2 11 9 2 7 6 2 7 17 18 2 6 2 7 12 16 2 0 2 7 0 2 7 12 16 2 16 15 2 17 18 2 6 2 11 1 2 7 0 42.2718198895454407
0 2 10 0 2 7 0 2 7 0 2 7 15 2 11 1 2 7 1 2 7 0 2 7 16 31 2 0 2 3 5 30 3 5 31 3 0 2 7 0 2 7 1 2 7 16 19 11 12 16 2 0 2 7 17 9 2 1 2 7 0 2 7 0 2 4 16 18 11 5 30 3 5 30 3 0 2 7 0 2 7 0 2 7 0 2 7 0 2 7 12 16 2 0 2 10 12 16 2 0 2 7 0 2 7 12 16 2 1 2 10 5 30 3 1 2 7 0 2 7 0 42.3346423506736755
1 2 3 0 2 11 5 30 3 16 19 11 0 2 7 0 2 7 0 2 3 0 2 3 0 2 7 0 2 7 5 30 3 16 19 12 1 2 3 0 2 7 5 30 3 5 30 3 0 2 3 0 2 3 0 2 12 0 2 3 9 2 7 5 30 3 16 6 2 0 2 3 5 31 3 0 2 3 0 2 3 0 2 3 1 2 7 0 2 3 16 19 12 16 19 12 0 2 3 0 2 7 0 2 3 0 2 3 0 2 7 0 2 3 12 16 2 0 2 3 0 44.3501118421554565
5 30 3 0 2 8 8 18 2 0 2 3 0 2 3 1 2 3 0 2 8 0 2 8 16 19 12 5 30 3 5 30 3 8 18 2 0 2 8 0 2 7 1 2 3 0 2 8 0 2 3 0 2 7 12 16 2 1 2 8 0 2 8 5 30 3 16 19 12 17 18 2 1 2 3 0 2 8 0 2 8 0 2 3 0 2 8 1 2 3 8 9 2 0 2 8 16 6 2 1 2 3 0 2 8 12 16 2 0 2 7 0 2 7 0 2 3 5 30 3 0 44.683213472366333
0 2 7 0 2 8 5 31 3 16 19 11 5 30 3 0 2 11 0 2 11 0 2 8 0 2 11 0 2 11 0 2 8 16 19 11 0 2 12 17 9 2 0 2 8 5 31 3 0 2 8 0 2 11 0 2 8 0 2 8 0 2 8 16 19 11 12 16 2 0 2 7 5 30 3 0 2 8 0 2 7 5 30 3 0 2 7 6 2 11 0 2 7 5 30 3 0 2 7 5 30 3 0 2 8 0 2 7 0 2 8 16 19 11 0 2 8 0 2 11 0 45.495309591293335
1 2 7 1 2 11 0 2 7 0 2 7 0 2 3 0 2 3 0 2 7 0 2 7 1 2 2 5 31 3 5 30 3 1 2 7 0 2 2 0 2 3 1 18 2 0 2 3 1 2 7 0 2 7 12 6 2 0 2 7 1 18 11 5 31 3 0 2 4 0 2 7 0 2 3 0 2 3 1 2 7 1 2 4 5 6 3 0 2 11 17 9 2 1 2 7 0 2 4 0 2 7 0 2 3 12 16 2 8 18 2 0 2 3 0 2 7 5 2 7 268121.324751776236 42.6868249773979187
0 2 7 0 2 7 5 31 3 0 2 4 0 2 7 6 2 4 0 2 7 1 2 7 0 2 7 17 18 2 5 31 3 1 2 7 0 2 7 1 2 7 16 6 2 16 31 2 1 2 7 0 2 3 0 2 4 0 2 7 0 2 7 5 31 3 16 6 2 1 2 7 5 30 3 1 2 7 0 2 7 0 2 7 1 2 7 0 2 7 1 2 7 0 2 7 0 2 7 0 2 7 1 2 7 0 2 7 17 18 2 0 2 7 1 2 7 12 16 2 0 40.502831757068634
0 2 7 1 2 7 0 2 7 0 2 7 1 2 7 0 2 7 16 19 11 1 2 4 12 16 2 1 2 7 5 30 3 0 2 7 0 2 7 0 2 11 17 18 2 5 30 3 17 9 2 1 2 7 0 2 7 0 2 7 8 18 2 8 9 2 0 2 7 5 30 3 5 30 3 1 2 7 1 2 7 0 2 7 1 2 7 0 2 7 17 9 2 0 2 7 0 2 7 0 2 7 0 2 7 0 2 7 0 2 7 0 2 7 1 2 7 5 31 3 0 41.6149165630340576
0 2 7 1 2 7 17 18 2 0 2 11 0 2 7 0 2 7 0 2 7 0 2 4 1 2 4 0 2 7 5 30 3 17 18 2 1 2 11 0 2 7 0 2 7 1 2 11 0 2 11 1 2 11 8 9 2 1 2 7 0 2 10 5 30 3 8 18 2 5 30 3 1 2 7 1 2 7 0 2 10 1 2 7 0 2 11 0 2 7 17 9 2 0 2 4 17 18 2 1 2 7 1 2 11 12 16 2 0 2 4 0 2 4 0 2 11 5 30 3 0 41.7460317611694336
0 2 3 0 2 7 16 30 2 0 2 7 1 2 3 0 2 10 1 2 7 0 2 7 0 2 7 0 2 3 5 30 3 8 18 2 6 2 7 0 2 7 5 31 3 6 2 3 0 2 7 0 2 7 16 6 2 0 2 7 1 2 4 12 16 2 0 2 7 17 18 2 0 2 3 16 24 2 12 16 2 0 2 7 0 2 7 1 2 7 0 2 7 5 30 3 0 2 7 5 31 3 5 30 3 1 2 11 0 2 7 0 2 7 12 16 2 1 2 3 0 41.8677026629447937
0 2 7 0 2 7 6 2 7 6 2 11 1 2 11 6 2 7 0 2 7 0 2 7 0 2 7 5 30 3 5 30 3 0 2 7 0 2 7 6 2 7 0 2 7 17 9 2 12 16 2 0 2 4 8 9 2 0 2 4 0 2 7 5 31 3 2 3 3 5 30 3 5 31 3 0 2 11 0 2 7 0 2 11 9 2 7 6 2 7 17 18 2 6 2 7 12 16 2 0 2 7 0 2 7 12 16 2 16 15 2 17 18 2 6 2 11 1 2 7 0 42.2718198895454407
0 2 3 0 2 7 16 19 11 5 30 3 0 2 7 0 2 7 16 9 11 1 2 7 12 16 2 0 2 11 5 30 3 1 2 3 0 2 7 1 2 4 0 2 3 5 30 3 8 9 2 0 2 7 0 2 3 0 2 3 1 2 7 0 2 7 0 2 7 5 30 3 16 9 11 0 2 7 1 2 7 0 2 7 5 30 3 1 2 3 12 16 2 0 2 3 0 2 3 0 2 3 1 2 7 1 2 3 0 2 7 0 2 3 17 18 2 0 2 7 0 42.9145866632461548
1 2 10 0 2 7 5 30 3 16 19 11 6 2 3 0 2 11 0 2 7 0 2 7 12 16 2 5 30 3 5 31 3 6 2 11 0 2 7 1 2 11 8 18 2 5 30 3 17 9 2 0 2 7 0 2 7 0 2 7 6 2 11 5 30 3 0 2 11 5 30 3 16 19 11 0 2 11 6 2 7 0 2 7 0 2 11 0 2 7 17 9 2 0 2 11 0 2 7 0 2 7 0 2 7 0 2 11 1 2 7 0 2 7 12 16 2 0 2 3 0 43.179239809513092
5 30 3 0 2 8 8 18 2 0 2 3 0 2 3 1 2 3 0 2 8 0 2 8 16 19 12 5 30 3 5 30 3 8 18 2 0 2 8 0 2 7 1 2 3 0 2 8 0 2 3 0 2 7 12 16 2 1 2 8 0 2 8 5 30 3 16 19 12 17 18 2 1 2 3 0 2 8 0 2 8 0 2 3 0 2 8 1 2 3 8 9 2 0 2 8 16 6 2 1 2 3 0 2 8 12 16 2 0 2 7 0 2 7 0 2 3 5 30 3 0 44.683213472366333
0 2 7 0 2 8 5 31 3 16 19 11 5 30 3 0 2 11 0 2 11 0 2 8 0 2 11 0 2 11 0 2 8 16 19 11 0 2 12 17 9 2 0 2 8 5 31 3 0 2 8 0 2 11 0 2 8 0 2 8 0 2 8 16 19 11 12 16 2 0 2 7 5 30 3 0 2 8 0 2 7 5 30 3 0 2 7 6 2 11 0 2 7 5 30 3 0 2 7 5 30 3 0 2 8 0 2 7 0 2 8 16 19 11 0 2 8 0 2 11 0 45.495309591293335
0 2 7 1 2 7 17 31 3 0 2 11 0 2 7 0 2 4 0 2 7 0 2 7 0 2 7 17 2 7 5 30 3 1 2 7 0 2 11 1 2 7 0 2 7 16 31 2 1 2 11 0 2 3 8 2 2 1 2 7 0 2 7 5 31 3 8 6 2 5 2 7 5 30 3 1 2 7 0 2 10 0 2 7 1 2 7 0 2 7 17 2 7 0 2 7 0 18 2 0 2 7 1 2 7 12 2 2 17 2 4 0 2 7 1 2 7 5 30 3 413514.068900041457 41.7309402227401733
0 2 7 0 2 7 5 31 3 0 2 7 0 2 4 1 2 7 0 2 7 0 2 7 0 2 7 17 18 2 5 31 3 1 2 7 0 2 7 1 2 7 16 6 2 16 31 2 0 2 7 0 2 7 0 2 7 1 2 7 0 2 7 5 31 3 16 6 2 1 2 7 5 30 3 1 2 4 1 2 7 1 2 7 1 2 4 0 2 7 0 2 7 0 2 7 0 2 7 1 2 7 0 2 7 0 2 7 17 18 2 0 2 7 1 2 7 12 16 2 0 40.4265387058258057
0 2 4 0 2 4 5 31 3 0 2 4 1 2 7 0 2 7 0 2 11 0 2 7 0 2 7 6 2 7 5 30 3 17 18 2 1 2 7 0 2 7 1 2 7 16 31 2 1 2 7 1 2 7 17 9 2 0 2 7 0 2 7 1 2 7 0 2 3 5 30 3 0 2 7 1 2 7 0 2 7 5 31 3 1 2 7 0 2 7 1 2 7 16 19 11 0 2 7 0 2 7 1 2 7 17 9 2 0 2 7 1 2 7 0 2 7 0 2 4 0 40.833443820476532
0 2 7 0 2 7 16 30 2 1 2 7 1 2 7 1 2 11 0 2 7 1 2 3 0 2 7 0 2 3 5 30 3 8 18 2 0 2 7 0 2 7 0 2 7 1 2 7 0 2 7 0 2 11 1 2 11 0 2 7 1 2 7 16 6 2 1 2 7 5 31 3 0 2 7 16 6 2 17 18 2 5 30 3 0 2 3 1 2 7 0 2 7 5 31 3 0 2 3 0 2 7 0 2 3 17 9 2 1 2 3 0 2 7 1 2 7 0 2 7 0 41.0902358293533325
0 2 7 1 2 7 17 18 2 0 2 11 0 2 7 0 2 7 0 2 7 0 2 4 1 2 4 0 2 7 5 30 3 17 18 2 1 2 11 0 2 7 0 2 7 1 2 11 0 2 11 1 2 11 8 9 2 1 2 7 0 2 10 5 30 3 8 18 2 5 30 3 1 2 7 1 2 7 0 2 10 1 2 7 0 2 11 0 2 7 17 9 2 0 2 4 17 18 2 1 2 7 1 2 11 12 16 2 0 2 4 0 2 4 0 2 11 5 30 3 0 41.7460317611694336
1 2 7 0 2 7 5 30 3 0 2 7 0 2 7 0 2 7 0 2 7 0 2 7 0 2 7 5 31 3 5 30 3 0 2 7 0 2 7 1 2 7 1 2 7 16 6 2 17 18 2 6 2 7 17 18 2 0 2 10 5 31 3 5 30 3 15 2 11 0 2 7 1 2 11 0 2 7 0 2 7 5 30 3 1 2 7 0 2 7 1 2 7 0 2 7 16 19 11 0 2 7 0 2 7 0 2 7 16 19 11 0 2 7 0 2 7 0 2 7 0 41.778891384601593
1 2 4 0 2 7 1 2 3 13 6 3 0 2 7 0 2 7 1 2 7 0 2 7 0 2 3 0 2 7 5 30 3 1 2 7 0 2 7 0 2 7 1 2 7 17 9 2 17 9 2 0 2 7 0 2 7 0 2 3 0 2 7 0 2 7 1 2 3 5 31 3 5 30 3 0 2 7 16 9 11 0 2 7 5 30 3 0 2 7 12 16 2 0 2 7 1 2 7 5 30 3 0 2 7 12 16 2 0 2 7 16 19 11 0 2 7 1 2 3 0 41.8323954939842224
0 2 7 0 2 7 6 2 7 6 2 11 1 2 11 6 2 7 0 2 7 0 2 7 0 2 7 5 30 3 5 30 3 0 2 7 0 2 7 6 2 7 0 2 7 17 9 2 12 16 2 0 2 4 8 9 2 0 2 4 0 2 7 5 31 3 2 3 3 5 30 3 5 31 3 0 2 11 0 2 7 0 2 11 9 2 7 6 2 7 17 18 2 6 2 7 12 16 2 0 2 7 0 2 7 12 16 2 16 15 2 17 18 2 6 2 11 1 2 7 0 42.2718198895454407
1 2 7 0 2 7 0 2 12 16 20 12 8 18 2 0 2 11 1 2 7 0 2 8 1 2 7 5 30 3 5 30 3 0 2 13 1 2 7 0 2 7 0 2 7 0 2 7 0 2 7 0 2 7 0 2 7 16 19 11 0 2 7 5 30 3 17 9 2 5 31 3 6 2 7 0 2 7 0 2 7 0 2 7 1 2 7 0 2 7 17 18 2 1 2 8 5 31 3 0 2 8 0 2 7 5 31 3 0 2 8 0 2 7 12 16 2 16 6 2 0 42.5159528851509094
0 2 7 0 2 3 16 19 11 5 31 3 0 2 3 0 2 7 0 2 7 0 2 7 12 16 2 0 2 11 5 30 3 0 2 7 0 2 7 0 2 3 0 2 7 0 2 3 0 2 7 0 2 7 0 2 3 0 2 3 0 2 3 16 19 11 0 2 7 5 30 3 16 6 2 16 6 2 1 2 7 1 2 7 1 2 3 16 24 2 5 31 3 5 30 3 5 30 3 1 2 3 1 2 7 12 16 2 0 2 7 0 2 3 0 2 7 0 2 7 0 42.7393065690994263
1 2 3 0 2 7 5 30 3 8 18 2 0 2 7 0 2 7 0 2 7 6 2 7 16 6 2 5 30 3 5 30 3 0 2 3 1 2 8 1 2 3 0 2 8 5 30 3 17 18 2 0 2 12 0 2 7 1 2 8 0 2 7 5 31 3 0 2 1 1 2 7 0 2 7 1 2 7 0 2 8 5 30 3 0 2 11 0 2 7 8 9 2 16 19 11 16 6 2 0 2 8 0 2 7 0 2 7 0 2 3 0 2 7 0 2 8 17 18 2 0 42.9182239174842834
1 2 7 17 18 2 17 18 2 0 2 7 1 2 4 0 2 7 0 2 7 1 2 7 0 2 7 1 2 7 5 31 3 12 16 2 1 2 7 0 2 7 1 2 7 13 6 3 0 2 7 1 2 7 1 2 7 0 2 7 1 2 7 1 2 7 0 2 7 5 30 3 0 2 7 0 2 7 0 2 7 1 2 7 0 2 7 5 31 3 8 18 2 0 2 7 17 18 2 1 2 7 1 2 7 17 18 2 0 2 7 0 2 7 0 2 7 0 2 7 0 40.3745987415313721
0 2 4 0 2 4 5 31 3 0 2 4 1 2 7 0 2 7 0 2 11 0 2 7 0 2 7 6 2 7 5 30 3 17 18 2 1 2 7 0 2 7 1 2 7 16 31 2 1 2 7 1 2 7 17 9 2 0 2 7 0 2 7 1 2 7 0 2 3 5 30 3 0 2 7 1 2 7 0 2 7 5 31 3 1 2 7 0 2 7 1 2 7 16 19 11 0 2 7 0 2 7 1 2 7 17 9 2 0 2 7 1 2 7 0 2 7 0 2 4 0 40.833443820476532
0 2 7 0 2 7 1 2 7 0 2 7 0 2 7 0 2 7 1 2 7 1 2 7 0 2 4 1 2 7 5 30 3 17 18 2 0 2 4 0 2 7 0 2 7 1 2 7 0 2 3 0 2 7 17 9 2 1 2 4 0 2 7 5 31 3 8 9 2 16 9 11 1 2 7 1 2 4 0 2 7 0 2 7 0 2 7 0 2 7 17 18 2 1 2 7 12 16 2 1 2 4 1 2 7 12 16 2 0 2 7 0 2 7 1 2 4 5 31 3 0 41.0225657820701599
0 2 7 0 2 7 16 30 2 1 2 7 1 2 7 1 2 11 0 2 7 1 2 3 0 2 7 0 2 3 5 30 3 8 18 2 0 2 7 0 2 7 0 2 7 1 2 7 0 2 7 0 2 11 1 2 11 0 2 7 1 2 7 16 6 2 1 2 7 5 31 3 0 2 7 16 6 2 17 18 2 5 30 3 0 2 3 1 2 7 0 2 7 5 31 3 0 2 3 0 2 7 0 2 3 17 9 2 1 2 3 0 2 7 1 2 7 0 2 7 0 41.0902358293533325
12 16 2 1 2 7 17 9 2 0 2 7 0 2 7 15 2 11 0 2 3 0 2 3 0 2 7 0 2 7 5 30 3 17 18 2 1 2 7 0 2 7 1 2 7 16 15 2 0 2 7 1 2 4 8 9 2 1 2 7 0 2 7 0 2 7 1 2 7 5 30 3 0 2 7 1 2 3 0 2 7 5 30 3 0 2 7 0 2 4 0 2 7 0 2 7 17 9 2 0 2 7 1 2 7 0 2 3 1 2 7 1 2 7 8 18 2 1 2 7 0 41.1297826766967773
0 2 7 0 2 7 17 18 2 13 6 3 0 2 7 0 2 7 0 2 3 16 31 2 0 2 7 0 2 7 5 31 3 0 2 7 1 2 7 0 2 7 1 2 7 5 30 3 1 2 7 0 2 7 0 2 7 1 2 3 0 2 7 1 2 7 0 2 7 5 30 3 0 2 7 0 2 7 0 2 7 0 2 7 5 30 3 5 30 3 12 16 2 1 2 7 17 18 2 5 30 3 0 2 7 16 6 2 1 2 11 0 2 7 0 2 7 16 19 11 0 41.2527333498001099
0 2 7 1 2 7 17 18 2 0 2 11 0 2 7 0 2 7 0 2 7 0 2 4 1 2 4 0 2 7 5 30 3 17 18 2 1 2 11 0 2 7 0 2 7 1 2 11 0 2 11 1 2 11 8 9 2 1 2 7 0 2 10 5 30 3 8 18 2 5 30 3 1 2 7 1 2 7 0 2 10 1 2 7 0 2 11 0 2 7 17 9 2 0 2 4 17 18 2 1 2 7 1 2 11 12 16 2 0 2 4 0 2 4 0 2 11 5 30 3 0 41.7460317611694336
0 2 7 0 2 7 6 2 7 6 2 11 1 2 11 6 2 7 0 2 7 0 2 7 0 2 7 5 30 3 5 30 3 0 2 7 0 2 7 6 2 7 0 2 7 17 9 2 12 16 2 0 2 4 8 9 2 0 2 4 0 2 7 5 31 3 2 3 3 5 30 3 5 31 3 0 2 11 0 2 7 0 2 11 9 2 7 6 2 7 17 18 2 6 2 7 12 16 2 0 2 7 0 2 7 12 16 2 16 15 2 17 18 2 6 2 11 1 2 7 0 42.2718198895454407
1 2 7 0 2 7 0 2 12 16 20 12 8 18 2 0 2 11 1 2 7 0 2 8 1 2 7 5 30 3 5 30 3 0 2 13 1 2 7 0 2 7 0 2 7 0 2 7 0 2 7 0 2 7 0 2 7 16 19 11 0 2 7 5 30 3 17 9 2 5 31 3 6 2 7 0 2 7 0 2 7 0 2 7 1 2 7 0 2 7 17 18 2 1 2 8 5 31 3 0 2 8 0 2 7 5 31 3 0 2 8 0 2 7 12 16 2 16 6 2 0 42.5159528851509094
0 2 7 0 2 3 16 19 11 5 31 3 0 2 3 0 2 7 0 2 7 0 2 7 12 16 2 0 2 11 5 30 3 0 2 7 0 2 7 0 2 3 0 2 7 0 2 3 0 2 7 0 2 7 0 2 3 0 2 3 0 2 3 16 19 11 0 2 7 5 30 3 16 6 2 16 6 2 1 2 7 1 2 7 1 2 3 16 24 2 5 31 3 5 30 3 5 30 3 1 2 3 1 2 7 12 16 2 0 2 7 0 2 3 0 2 7 0 2 7 0 42.7393065690994263
1 2 7 17 18 2 17 18 2 0 2 7 1 2 4 0 2 7 0 2 7 1 2 7 0 2 7 1 2 7 5 31 3 12 16 2 1 2 7 0 2 7 1 2 7 13 6 3 0 2 7 1 2 7 1 2 7 0 2 7 1 2 7 1 2 7 0 2 7 5 30 3 0 2 7 0 2 7 0 2 7 1 2 7 0 2 7 5 31 3 8 18 2 0 2 7 17 18 2 1 2 7 1 2 7 17 18 2 0 2 7 0 2 7 0 2 7 0 2 7 0 40.3745987415313721
1 2 7 1 2 7 0 2 7 1 2 7 1 2 7 0 2 7 0 2 7 0 2 7 1 2 4 0 2 7 5 31 3 17 18 2 0 2 7 1 2 7 16 6 2 1 2 4 0 2 7 0 2 7 5 31 3 1 2 7 0 2 7 5 31 3 1 2 7 5 31 3 0 2 7 0 2 7 0 2 4 6 2 7 0 2 7 0 2 7 17 9 2 0 2 4 0 2 7 1 2 7 0 2 7 16 6 2 1 2 7 0 2 7 0 2 7 17 9 2 0 40.4036498665809631
0 2 3 17 18 2 17 18 2 0 2 7 0 2 4 0 2 7 0 2 7 0 2 7 1 2 4 0 2 7 0 2 4 1 2 4 0 2 7 1 2 4 0 2 7 5 31 3 0 2 4 1 2 3 1 2 3 1 2 7 0 2 7 0 2 7 0 2 7 5 30 3 1 2 3 1 2 7 0 2 7 1 2 3 0 2 7 5 30 3 17 9 2 1 2 7 8 18 2 1 2 7 1 2 7 17 18 2 0 2 4 0 2 7 1 2 7 1 2 4 0 40.7781609296798706
1 2 3 8 18 2 17 18 2 0 2 7 5 30 3 0 2 7 5 31 3 0 2 7 0 2 3 0 2 4 5 31 3 12 16 2 0 2 7 1 2 7 1 2 7 17 9 2 1 2 7 0 2 7 1 2 7 1 2 7 1 2 7 1 2 7 1 2 7 16 6 2 0 2 3 0 2 4 0 2 4 0 2 7 0 2 7 0 2 7 17 9 2 0 2 4 0 2 7 6 2 4 0 2 7 0 2 7 0 2 3 1 2 7 1 2 7 1 2 7 0 40.8292918801307678
1 2 7 0 2 3 17 18 2 0 2 3 0 2 7 1 2 7 0 2 7 0 2 7 1 2 3 0 2 7 8 18 2 12 16 2 0 2 7 1 2 4 1 2 7 6 2 7 0 2 7 0 2 7 16 6 2 0 2 7 1 2 7 5 30 3 0 2 7 5 30 3 0 2 11 1 2 7 0 2 7 1 2 7 0 2 7 5 31 3 17 18 2 1 2 7 17 18 2 0 2 7 0 2 7 12 16 2 0 2 3 1 2 3 13 6 3 1 2 11 0 40.9643717408180237
12 16 2 1 2 7 17 9 2 0 2 7 0 2 7 15 2 11 0 2 3 0 2 3 0 2 7 0 2 7 5 30 3 17 18 2 1 2 7 0 2 7 1 2 7 16 15 2 0 2 7 1 2 4 8 9 2 1 2 7 0 2 7 0 2 7 1 2 7 5 30 3 0 2 7 1 2 3 0 2 7 5 30 3 0 2 7 0 2 4 0 2 7 0 2 7 17 9 2 0 2 7 1 2 7 0 2 3 1 2 7 1 2 7 8 18 2 1 2 7 0 41.1297826766967773
1 2 7 0 2 7 16 19 11 0 2 7 1 2 7 0 2 7 0 2 7 6 2 7 0 2 7 1 2 3 0 2 7 0 2 7 0 2 7 1 2 7 5 30 3 0 2 7 0 2 4 0 2 7 5 31 3 0 2 7 1 2 4 0 2 7 0 2 7 5 30 3 5 30 3 17 1 2 0 2 7 1 2 3 0 2 7 17 18 2 0 2 7 1 2 4 17 18 2 0 2 7 0 2 7 17 9 2 0 2 7 1 2 7 6 2 7 5 31 3 0 41.158476710319519
0 2 7 0 2 7 17 18 2 13 6 3 0 2 7 0 2 7 0 2 3 16 31 2 0 2 7 0 2 7 5 31 3 0 2 7 1 2 7 0 2 7 1 2 7 5 30 3 1 2 7 0 2 7 0 2 7 1 2 3 0 2 7 1 2 7 0 2 7 5 30 3 0 2 7 0 2 7 0 2 7 0 2 7 5 30 3 5 30 3 12 16 2 1 2 7 17 18 2 5 30 3 0 2 7 16 6 2 1 2 11 0 2 7 0 2 7 16 19 11 0 41.2527333498001099
0 2 7 1 2 7 17 18 2 0 2 11 0 2 7 0 2 7 0 2 7 0 2 4 1 2 4 0 2 7 5 30 3 17 18 2 1 2 11 0 2 7 0 2 7 1 2 11 0 2 11 1 2 11 8 9 2 1 2 7 0 2 10 5 30 3 8 18 2 5 30 3 1 2 7 1 2 7 0 2 10 1 2 7 0 2 11 0 2 7 17 9 2 0 2 4 17 18 2 1 2 7 1 2 11 12 16 2 0 2 4 0 2 4 0 2 11 5 30 3 0 41.7460317611694336
0 2 7 0 2 7 6 2 7 6 2 11 1 2 11 6 2 7 0 2 7 0 2 7 0 2 7 5 30 3 5 30 3 0 2 7 0 2 7 6 2 7 0 2 7 17 9 2 12 16 2 0 2 4 8 9 2 0 2 4 0 2 7 5 31 3 2 3 3 5 30 3 5 31 3 0 2 11 0 2 7 0 2 11 9 2 7 6 2 7 17 18 2 6 2 7 12 16 2 0 2 7 0 2 7 12 16 2 16 15 2 17 18 2 6 2 11 1 2 7 0 42.2718198895454407
1 2 7 17 18 2 1 2 7 1 2 7 1 2 11 0 2 7 0 2 7 0 2 7 0 2 7 0 2 7 13 6 3 1 2 7 0 2 7 1 2 7 0 2 7 5 31 3 0 2 7 1 2 7 0 2 7 0 2 7 1 2 7 0 2 7 0 2 7 5 31 3 0 2 4 0 2 7 0 2 7 1 2 7 16 6 2 5 31 3 17 9 2 1 2 7 17 18 2 1 2 7 1 2 7 17 18 2 0 2 7 0 2 7 1 2 7 0 2 7 0 40.0670827627182007
1 2 7 0 2 7 17 18 2 0 2 7 1 2 4 0 2 7 0 2 7 6 2 3 1 2 7 0 2 4 17 18 2 12 16 2 0 2 7 1 2 4 1 2 7 0 2 7 0 2 7 0 2 7 5 31 3 1 2 4 0 2 7 5 30 3 1 2 7 1 2 7 0 2 7 0 2 4 0 2 7 1 2 4 1 2 7 5 31 3 17 18 2 1 2 7 17 18 2 0 2 4 0 2 7 12 16 2 0 2 7 0 2 7 13 6 3 1 2 7 0 40.4254367351531982
1 2 7 0 2 7 17 18 2 1 2 7 1 2 7 0 2 4 0 2 7 0 2 3 0 2 4 0 2 7 0 2 7 12 16 2 1 2 7 0 2 7 0 2 4 0 2 4 0 2 7 0 2 7 0 2 7 1 2 7 1 2 3 5 30 3 1 2 7 5 31 3 1 2 4 1 2 7 0 2 4 1 2 7 1 2 7 5 30 3 17 18 2 0 2 4 17 18 2 6 2 7 0 2 7 17 18 2 0 2 7 12 16 2 13 6 3 15 2 11 0 40.5759547352790833
1 2 7 8 18 2 17 18 2 0 2 7 5 30 3 0 2 7 5 30 3 0 2 7 1 2 3 0 2 7 5 31 3 12 16 2 0 2 7 1 2 7 1 2 7 17 9 2 1 2 7 0 2 7 0 2 7 1 2 7 1 2 11 1 2 7 1 2 3 16 31 2 0 2 7 0 2 7 0 2 7 1 2 7 0 2 7 0 2 7 17 9 2 0 2 7 0 2 7 0 2 4 0 2 4 0 2 7 1 2 7 0 2 7 1 2 4 1 2 4 0 40.7372217178344727
1 2 7 0 2 3 17 18 2 0 2 7 1 2 7 1 2 7 0 2 3 0 2 7 1 2 7 1 2 7 8 18 2 12 16 2 0 2 7 1 2 3 0 2 7 0 2 7 0 2 7 0 2 7 16 30 2 0 2 7 1 2 7 5 30 3 0 2 7 5 30 3 0 2 11 1 2 7 0 2 7 1 2 7 0 2 7 5 31 3 17 18 2 1 2 7 17 18 2 0 2 4 0 2 7 12 16 2 0 2 7 1 2 3 13 6 3 1 2 7 0 40.7531018257141113
0 2 3 17 18 2 17 18 2 0 2 7 0 2 4 0 2 7 0 2 7 0 2 7 1 2 4 0 2 7 0 2 4 1 2 4 0 2 7 1 2 4 0 2 7 5 31 3 0 2 4 1 2 3 1 2 3 1 2 7 0 2 7 0 2 7 0 2 7 5 30 3 1 2 3 1 2 7 0 2 7 1 2 3 0 2 7 5 30 3 17 9 2 1 2 7 8 18 2 1 2 7 1 2 7 17 18 2 0 2 4 0 2 7 1 2 7 1 2 4 0 40.7781609296798706
1 2 3 8 18 2 17 18 2 0 2 7 5 30 3 0 2 7 5 31 3 0 2 7 0 2 3 0 2 4 5 31 3 12 16 2 0 2 7 1 2 7 1 2 7 17 9 2 1 2 7 0 2 7 1 2 7 1 2 7 1 2 7 1 2 7 1 2 7 16 6 2 0 2 3 0 2 4 0 2 4 0 2 7 0 2 7 0 2 7 17 9 2 0 2 4 0 2 7 6 2 4 0 2 7 0 2 7 0 2 3 1 2 7 1 2 7 1 2 7 0 40.8292918801307678
1 2 7 0 2 7 16 19 11 0 2 7 1 2 7 0 2 7 0 2 7 6 2 7 0 2 7 1 2 3 0 2 7 0 2 7 0 2 7 1 2 7 5 30 3 0 2 7 0 2 4 0 2 7 5 31 3 0 2 7 1 2 4 0 2 7 0 2 7 5 30 3 5 30 3 17 1 2 0 2 7 1 2 3 0 2 7 17 18 2 0 2 7 1 2 4 17 18 2 0 2 7 0 2 7 17 9 2 0 2 7 1 2 7 6 2 7 5 31 3 0 41.158476710319519
0 2 7 0 2 7 17 18 2 13 6 3 0 2 7 0 2 7 0 2 3 16 31 2 0 2 7 0 2 7 5 31 3 0 2 7 1 2 7 0 2 7 1 2 7 5 30 3 1 2 7 0 2 7 0 2 7 1 2 3 0 2 7 1 2 7 0 2 7 5 30 3 0 2 7 0 2 7 0 2 7 0 2 7 5 30 3 5 30 3 12 16 2 1 2 7 17 18 2 5 30 3 0 2 7 16 6 2 1 2 11 0 2 7 0 2 7 16 19 11 0 41.2527333498001099
0 2 7 1 2 7 17 18 2 0 2 11 0 2 7 0 2 7 0 2 7 0 2 4 1 2 4 0 2 7 5 30 3 17 18 2 1 2 11 0 2 7 0 2 7 1 2 11 0 2 11 1 2 11 8 9 2 1 2 7 0 2 10 5 30 3 8 18 2 5 30 3 1 2 7 1 2 7 0 2 10 1 2 7 0 2 11 0 2 7 17 9 2 0 2 4 17 18 2 1 2 7 1 2 11 12 16 2 0 2 4 0 2 4 0 2 11 5 30 3 0 41.7460317611694336
1 2 7 17 18 2 1 2 7 1 2 7 1 2 11 0 2 7 0 2 7 0 2 7 0 2 7 0 2 7 13 6 3 1 2 7 0 2 7 1 2 7 0 2 7 5 31 3 0 2 7 1 2 7 0 2 7 0 2 7 1 2 7 0 2 7 0 2 7 5 31 3 0 2 4 0 2 7 0 2 7 1 2 7 16 6 2 5 31 3 17 9 2 1 2 7 17 18 2 1 2 7 1 2 7 17 18 2 0 2 7 0 2 7 1 2 7 0 2 7 0 40.0670827627182007
1 2 7 0 2 7 17 18 2 0 2 7 1 2 4 0 2 7 0 2 7 6 2 3 1 2 7 0 2 4 17 18 2 12 16 2 0 2 7 1 2 4 1 2 7 0 2 7 0 2 7 0 2 7 5 31 3 1 2 4 0 2 7 5 30 3 1 2 7 1 2 7 0 2 7 0 2 4 0 2 7 1 2 4 1 2 7 5 31 3 17 18 2 1 2 7 17 18 2 0 2 4 0 2 7 12 16 2 0 2 7 0 2 7 13 6 3 1 2 7 0 40.4254367351531982
1 2 3 13 6 3 17 18 2 0 2 7 5 30 3 5 30 3 12 16 2 0 2 3 1 2 7 0 2 7 5 31 3 12 16 2 0 2 4 1 2 7 1 2 7 17 9 2 1 2 7 0 2 7 0 2 4 1 2 7 1 2 7 1 2 7 1 2 7 16 31 2 0 2 7 0 2 7 0 2 7 1 2 7 0 2 7 0 2 7 17 9 2 0 2 7 0 2 7 0 2 7 0 2 7 0 2 3 1 2 7 0 2 7 1 2 4 0 2 7 0 40.5605276823043823
1 2 7 0 2 7 17 18 2 1 2 7 1 2 7 0 2 4 0 2 7 0 2 3 0 2 4 0 2 7 0 2 7 12 16 2 1 2 7 0 2 7 0 2 4 0 2 4 0 2 7 0 2 7 0 2 7 1 2 7 1 2 3 5 30 3 1 2 7 5 31 3 1 2 4 1 2 7 0 2 4 1 2 7 1 2 7 5 30 3 17 18 2 0 2 4 17 18 2 6 2 7 0 2 7 17 18 2 0 2 7 12 16 2 13 6 3 15 2 11 0 40.5759547352790833
6 2 4 1 2 7 17 18 2 0 2 7 1 2 4 1 2 4 0 2 7 0 2 7 1 2 7 1 2 4 17 18 2 12 16 2 0 2 4 0 2 7 0 2 7 0 2 7 0 2 7 0 2 7 15 2 11 1 2 7 1 2 4 5 30 3 0 2 7 5 30 3 0 2 7 1 2 3 0 2 7 1 2 4 0 2 7 5 31 3 17 18 2 0 2 7 17 18 2 0 2 7 0 2 7 12 16 2 0 2 7 1 2 3 13 6 3 1 2 7 0 40.5759547352790833
0 2 3 17 18 2 17 18 2 0 2 7 0 2 4 0 2 7 0 2 7 0 2 7 1 2 4 0 2 7 0 2 4 1 2 4 0 2 7 1 2 4 0 2 7 5 31 3 0 2 4 1 2 3 1 2 3 1 2 7 0 2 7 0 2 7 0 2 7 5 30 3 1 2 3 1 2 7 0 2 7 1 2 3 0 2 7 5 30 3 17 9 2 1 2 7 8 18 2 1 2 7 1 2 7 17 18 2 0 2 4 0 2 7 1 2 7 1 2 4 0 40.7781609296798706
1 2 3 8 18 2 17 18 2 0 2 7 5 30 3 0 2 7 5 31 3 0 2 7 0 2 3 0 2 4 5 31 3 12 16 2 0 2 7 1 2 7 1 2 7 17 9 2 1 2 7 0 2 7 1 2 7 1 2 7 1 2 7 1 2 7 1 2 7 16 6 2 0 2 3 0 2 4 0 2 4 0 2 7 0 2 7 0 2 7 17 9 2 0 2 4 0 2 7 6 2 4 0 2 7 0 2 7 0 2 3 1 2 7 1 2 7 1 2 7 0 40.8292918801307678
1 2 11 0 2 7 17 9 2 8 9 2 0 2 7 0 2 7 0 2 7 0 2 7 0 2 7 0 2 4 0 2 7 1 2 7 0 2 7 0 2 7 1 2 7 5 30 3 0 2 7 1 2 7 0 2 7 1 2 7 0 2 11 1 2 7 1 2 7 5 31 3 1 2 7 1 2 11 6 2 4 1 2 8 0 2 7 5 31 3 17 9 2 0 2 7 17 18 2 0 2 7 0 2 7 17 18 2 0 2 4 1 2 4 1 2 7 1 2 7 0 40.8877328038215637
1 2 7 0 2 7 17 18 2 1 2 7 0 2 7 1 2 7 0 2 7 0 2 7 1 2 7 0 2 7 5 31 3 1 2 7 0 2 7 0 2 7 0 2 7 1 2 7 0 2 7 6 2 7 1 2 7 1 2 7 0 2 7 6 2 7 16 19 11 5 31 3 0 2 7 0 2 7 0 2 7 0 2 7 1 2 7 5 31 3 17 18 2 6 2 7 17 18 2 0 2 7 0 2 7 0 2 7 0 2 7 16 15 2 5 31 3 0 2 7 0 40.9448258280754089
0 2 7 1 2 7 8 18 2 0 2 7 1 2 3 0 2 11 0 2 7 1 2 7 1 2 7 1 2 7 5 30 3 0 2 7 1 2 7 0 2 7 0 2 4 1 2 7 0 2 11 0 2 7 1 2 7 0 2 7 1 2 7 5 31 3 17 9 2 5 30 3 6 2 7 0 2 3 0 2 4 0 2 7 0 2 3 5 30 3 17 18 2 0 2 3 17 18 2 0 2 7 0 2 3 0 2 7 0 2 4 16 19 11 1 2 7 1 2 7 0 41.5474599003791809
1 2 7 17 18 2 1 2 7 1 2 7 1 2 11 0 2 7 0 2 7 0 2 7 0 2 7 0 2 7 13 6 3 1 2 7 0 2 7 1 2 7 0 2 7 5 31 3 0 2 7 1 2 7 0 2 7 0 2 7 1 2 7 0 2 7 0 2 7 5 31 3 0 2 4 0 2 7 0 2 7 1 2 7 16 6 2 5 31 3 17 9 2 1 2 7 17 18 2 1 2 7 1 2 7 17 18 2 0 2 7 0 2 7 1 2 7 0 2 7 0 40.0670827627182007
1 2 7 0 2 7 17 18 2 0 2 7 1 2 4 0 2 7 0 2 7 6 2 3 1 2 7 0 2 4 17 18 2 12 16 2 0 2 7 1 2 4 1 2 7 0 2 7 0 2 7 0 2 7 5 31 3 1 2 4 0 2 7 5 30 3 1 2 7 1 2 7 0 2 7 0 2 4 0 2 7 1 2 4 1 2 7 5 31 3 17 18 2 1 2 7 17 18 2 0 2 4 0 2 7 12 16 2 0 2 7 0 2 7 13 6 3 1 2 7 0 40.4254367351531982
1 2 3 0 2 7 17 18 2 1 2 7 1 2 7 0 2 7 1 2 7 1 2 7 1 2 7 0 2 7 17 18 2 12 16 2 0 2 7 0 2 7 1 2 7 0 2 7 0 2 7 0 2 7 1 2 7 0 2 7 0 2 7 5 30 3 1 2 3 5 30 3 0 2 4 0 2 4 0 2 4 1 2 7 1 2 7 5 31 3 17 18 2 0 2 7 17 18 2 0 2 7 0 2 7 8 18 2 0 2 7 1 2 7 13 6 3 1 2 7 0 40.4343197345733643
1 2 3 13 6 3 17 18 2 0 2 7 5 30 3 5 30 3 12 16 2 0 2 3 1 2 7 0 2 7 5 31 3 12 16 2 0 2 4 1 2 7 1 2 7 17 9 2 1 2 7 0 2 7 0 2 4 1 2 7 1 2 7 1 2 7 1 2 7 16 31 2 0 2 7 0 2 7 0 2 7 1 2 7 0 2 7 0 2 7 17 9 2 0 2 7 0 2 7 0 2 7 0 2 7 0 2 3 1 2 7 0 2 7 1 2 4 0 2 7 0 40.5605276823043823
6 2 4 1 2 7 17 18 2 0 2 7 1 2 4 1 2 4 0 2 7 0 2 7 1 2 7 1 2 4 17 18 2 12 16 2 0 2 4 0 2 7 0 2 7 0 2 7 0 2 7 0 2 7 15 2 11 1 2 7 1 2 4 5 30 3 0 2 7 5 30 3 0 2 7 1 2 3 0 2 7 1 2 4 0 2 7 5 31 3 17 18 2 0 2 7 17 18 2 0 2 7 0 2 7 12 16 2 0 2 7 1 2 3 13 6 3 1 2 7 0 40.5759547352790833
0 2 3 17 18 2 17 18 2 0 2 7 0 2 4 0 2 7 0 2 7 0 2 7 1 2 4 0 2 7 0 2 4 1 2 4 0 2 7 1 2 4 0 2 7 5 31 3 0 2 4 1 2 3 1 2 3 1 2 7 0 2 7 0 2 7 0 2 7 5 30 3 1 2 3 1 2 7 0 2 7 1 2 3 0 2 7 5 30 3 17 9 2 1 2 7 8 18 2 1 2 7 1 2 7 17 18 2 0 2 4 0 2 7 1 2 7 1 2 4 0 40.7781609296798706
1 2 3 8 18 2 17 18 2 0 2 7 5 30 3 0 2 7 5 31 3 0 2 7 0 2 3 0 2 4 5 31 3 12 16 2 0 2 7 1 2 7 1 2 7 17 9 2 1 2 7 0 2 7 1 2 7 1 2 7 1 2 7 1 2 7 1 2 7 16 6 2 0 2 3 0 2 4 0 2 4 0 2 7 0 2 7 0 2 7 17 9 2 0 2 4 0 2 7 6 2 4 0 2 7 0 2 7 0 2 3 1 2 7 1 2 7 1 2 7 0 40.8292918801307678
1 2 11 0 2 7 17 9 2 8 9 2 0 2 7 0 2 7 0 2 7 0 2 7 0 2 7 0 2 4 0 2 7 1 2 7 0 2 7 0 2 7 1 2 7 5 30 3 0 2 7 1 2 7 0 2 7 1 2 7 0 2 11 1 2 7 1 2 7 5 31 3 1 2 7 1 2 11 6 2 4 1 2 8 0 2 7 5 31 3 17 9 2 0 2 7 17 18 2 0 2 7 0 2 7 17 18 2 0 2 4 1 2 4 1 2 7 1 2 7 0 40.8877328038215637
1 2 7 0 2 7 17 18 2 1 2 7 0 2 7 1 2 7 0 2 7 0 2 7 1 2 7 0 2 7 5 31 3 1 2 7 0 2 7 0 2 7 0 2 7 1 2 7 0 2 7 6 2 7 1 2 7 1 2 7 0 2 7 6 2 7 16 19 11 5 31 3 0 2 7 0 2 7 0 2 7 0 2 7 1 2 7 5 31 3 17 18 2 6 2 7 17 18 2 0 2 7 0 2 7 0 2 7 0 2 7 16 15 2 5 31 3 0 2 7 0 40.9448258280754089
1 2 7 0 2 3 17 18 2 1 2 3 1 2 3 1 2 7 0 2 7 0 2 3 1 2 7 0 2 7 5 30 3 12 2 7 1 2 3 0 2 4 0 2 3 1 2 7 0 2 3 0 2 3 1 2 7 1 2 3 0 2 3 0 2 4 1 2 3 5 31 3 0 2 3 0 2 7 1 2 4 0 2 7 0 2 3 5 30 3 17 18 2 1 2 7 17 18 2 0 2 7 0 2 7 0 2 7 0 2 7 16 6 2 0 2 7 1 2 4 0 41.5217189788818359
1 2 7 17 18 2 1 2 7 1 2 7 1 2 11 0 2 7 0 2 7 0 2 7 0 2 7 0 2 7 13 6 3 1 2 7 0 2 7 1 2 7 0 2 7 5 31 3 0 2 7 1 2 7 0 2 7 0 2 7 1 2 7 0 2 7 0 2 7 5 31 3 0 2 4 0 2 7 0 2 7 1 2 7 16 6 2 5 31 3 17 9 2 1 2 7 17 18 2 1 2 7 1 2 7 17 18 2 0 2 7 0 2 7 1 2 7 0 2 7 0 40.0670827627182007
1 2 7 0 2 7 17 18 2 1 2 4 0 2 7 0 2 7 0 2 7 13 6 3 0 2 7 0 2 7 17 18 2 12 16 2 1 2 7 1 2 7 1 2 7 0 2 7 0 2 7 0 2 7 6 2 7 1 2 4 0 2 7 5 30 3 0 2 7 5 31 3 0 2 7 1 2 7 0 2 7 1 2 7 1 2 7 5 31 3 17 18 2 1 2 7 17 18 2 1 2 7 0 2 7 12 16 2 0 2 7 12 16 2 13 6 3 0 2 7 0 40.2815956473350525
1 2 7 0 2 7 17 18 2 0 2 7 1 2 4 0 2 7 0 2 7 6 2 3 1 2 7 0 2 4 17 18 2 12 16 2 0 2 7 1 2 4 1 2 7 0 2 7 0 2 7 0 2 7 5 31 3 1 2 4 0 2 7 5 30 3 1 2 7 1 2 7 0 2 7 0 2 4 0 2 7 1 2 4 1 2 7 5 31 3 17 18 2 1 2 7 17 18 2 0 2 4 0 2 7 12 16 2 0 2 7 0 2 7 13 6 3 1 2 7 0 40.4254367351531982
0 2 7 1 2 7 17 18 2 0 2 3 8 18 2 1 2 7 1 2 7 1 2 7 0 2 4 1 2 7 17 18 2 12 16 2 0 2 7 1 2 4 1 2 7 0 2 4 0 2 7 0 2 3 1 2 7 0 2 7 0 2 7 5 30 3 0 2 7 5 31 3 0 2 7 1 2 7 1 2 7 0 2 7 0 2 7 5 30 3 17 18 2 0 2 7 17 18 2 0 2 7 0 2 7 1 2 7 0 2 7 1 2 7 13 6 3 1 2 7 0 40.4343197345733643
1 2 3 13 6 3 17 18 2 0 2 7 5 30 3 5 30 3 12 16 2 0 2 3 1 2 7 0 2 7 5 31 3 12 16 2 0 2 4 1 2 7 1 2 7 17 9 2 1 2 7 0 2 7 0 2 4 1 2 7 1 2 7 1 2 7 1 2 7 16 31 2 0 2 7 0 2 7 0 2 7 1 2 7 0 2 7 0 2 7 17 9 2 0 2 7 0 2 7 0 2 7 0 2 7 0 2 3 1 2 7 0 2 7 1 2 4 0 2 7 0 40.5605276823043823
6 2 4 1 2 7 17 18 2 0 2 7 1 2 4 1 2 4 0 2 7 0 2 7 1 2 7 1 2 4 17 18 2 12 16 2 0 2 4 0 2 7 0 2 7 0 2 7 0 2 7 0 2 7 15 2 11 1 2 7 1 2 4 5 30 3 0 2 7 5 30 3 0 2 7 1 2 3 0 2 7 1 2 4 0 2 7 5 31 3 17 18 2 0 2 7 17 18 2 0 2 7 0 2 7 12 16 2 0 2 7 1 2 3 13 6 3 1 2 7 0 40.5759547352790833
0 2 7 5 30 3 17 18 2 0 2 7 0 2 7 0 2 7 0 2 7 0 2 7 0 2 7 1 2 7 0 2 7 1 2 7 0 2 7 0 2 7 0 2 7 5 31 3 1 2 7 1 2 7 1 2 7 0 2 7 1 2 4 0 2 7 0 2 7 5 31 3 1 2 4 0 2 7 1 2 7 16 19 11 13 6 3 5 30 3 17 9 2 0 2 7 17 18 2 1 2 7 1 2 4 17 18 2 0 2 11 1 2 7 0 2 7 0 2 7 0 40.6244007349014282
1 2 7 0 2 7 0 2 4 1 2 7 1 2 3 1 2 7 0 2 4 0 2 7 0 2 7 0 2 7 0 2 4 1 2 7 0 2 7 0 2 7 0 2 7 5 31 3 0 2 7 0 2 3 0 2 7 0 2 7 0 2 7 1 2 7 16 6 2 5 31 3 0 2 7 1 2 7 6 2 7 1 2 4 1 2 7 5 31 3 17 9 2 16 6 2 17 18 2 0 2 7 1 2 7 17 18 2 5 30 3 0 2 10 1 2 4 0 2 3 0 40.6373708844184875
0 2 3 17 18 2 17 18 2 0 2 7 0 2 4 0 2 7 0 2 7 0 2 7 1 2 4 0 2 7 0 2 4 1 2 4 0 2 7 1 2 4 0 2 7 5 31 3 0 2 4 1 2 3 1 2 3 1 2 7 0 2 7 0 2 7 0 2 7 5 30 3 1 2 3 1 2 7 0 2 7 1 2 3 0 2 7 5 30 3 17 9 2 1 2 7 8 18 2 1 2 7 1 2 7 17 18 2 0 2 4 0 2 7 1 2 7 1 2 4 0 40.7781609296798706
1 2 3 8 18 2 17 18 2 0 2 7 5 30 3 0 2 7 5 31 3 0 2 7 0 2 3 0 2 4 5 31 3 12 16 2 0 2 7 1 2 7 1 2 7 17 9 2 1 2 7 0 2 7 1 2 7 1 2 7 1 2 7 1 2 7 1 2 7 16 6 2 0 2 3 0 2 4 0 2 4 0 2 7 0 2 7 0 2 7 17 9 2 0 2 4 0 2 7 6 2 4 0 2 7 0 2 7 0 2 3 1 2 7 1 2 7 1 2 7 0 40.8292918801307678
0 2 7 0 2 7 17 18 2 1 2 7 0 2 7 0 2 7 1 2 4 1 2 7 1 2 7 5 31 3 17 18 2 0 2 7 0 2 7 0 2 7 1 2 7 0 2 7 0 2 7 5 31 3 1 2 7 16 6 2 0 2 7 5 31 3 0 2 7 0 2 7 0 2 7 0 2 7 0 2 7 1 2 7 1 2 7 1 2 7 17 18 2 0 2 7 17 18 2 0 2 7 1 2 11 1 2 7 1 2 7 1 2 7 13 6 3 0 2 7 0 40.0670827627182007
1 2 7 0 2 7 17 18 2 1 2 4 0 2 7 0 2 7 0 2 7 13 6 3 0 2 7 0 2 7 17 18 2 12 16 2 1 2 7 1 2 7 1 2 7 0 2 7 0 2 7 0 2 7 6 2 7 1 2 4 0 2 7 5 30 3 0 2 7 5 31 3 0 2 7 1 2 7 0 2 7 1 2 7 1 2 7 5 31 3 17 18 2 1 2 7 17 18 2 1 2 7 0 2 7 12 16 2 0 2 7 12 16 2 13 6 3 0 2 7 0 40.2815956473350525
0 2 7 0 2 7 17 18 2 1 2 7 0 2 7 0 2 7 1 2 7 1 2 7 1 2 7 5 31 3 17 18 2 0 2 11 1 2 7 1 2 7 0 2 7 0 2 7 0 2 7 5 31 3 1 2 7 0 2 7 0 2 7 5 30 3 0 2 7 0 2 7 0 2 7 0 2 3 0 2 7 6 2 7 1 2 7 1 2 7 17 18 2 0 2 7 17 18 2 0 2 7 1 2 3 0 2 7 1 2 7 1 2 7 13 6 3 1 2 7 0 40.398888885974884
1 2 7 0 2 7 17 18 2 0 2 7 1 2 4 0 2 7 0 2 7 6 2 3 1 2 7 0 2 4 17 18 2 12 16 2 0 2 7 1 2 4 1 2 7 0 2 7 0 2 7 0 2 7 5 31 3 1 2 4 0 2 7 5 30 3 1 2 7 1 2 7 0 2 7 0 2 4 0 2 7 1 2 4 1 2 7 5 31 3 17 18 2 1 2 7 17 18 2 0 2 4 0 2 7 12 16 2 0 2 7 0 2 7 13 6 3 1 2 7 0 40.4254367351531982
0 2 7 1 2 7 17 18 2 0 2 7 1 2 7 0 2 7 1 2 7 0 2 7 1 2 7 1 2 7 17 18 2 12 16 2 0 2 4 1 2 7 1 2 7 0 2 4 0 2 7 0 2 7 1 2 7 0 2 3 0 2 3 5 30 3 0 2 7 5 30 3 0 2 7 8 9 2 0 2 4 1 2 7 0 2 7 5 31 3 17 18 2 1 2 7 17 18 2 0 2 7 0 2 7 1 2 7 1 2 7 0 2 7 13 6 3 1 2 7 0 40.4343197345733643
1 2 3 13 6 3 17 18 2 0 2 7 5 30 3 5 30 3 12 16 2 0 2 3 1 2 7 0 2 7 5 31 3 12 16 2 0 2 4 1 2 7 1 2 7 17 9 2 1 2 7 0 2 7 0 2 4 1 2 7 1 2 7 1 2 7 1 2 7 16 31 2 0 2 7 0 2 7 0 2 7 1 2 7 0 2 7 0 2 7 17 9 2 0 2 7 0 2 7 0 2 7 0 2 7 0 2 3 1 2 7 0 2 7 1 2 4 0 2 7 0 40.5605276823043823
6 2 4 1 2 7 17 18 2 0 2 7 1 2 4 1 2 4 0 2 7 0 2 7 1 2 7 1 2 4 17 18 2 12 16 2 0 2 4 0 2 7 0 2 7 0 2 7 0 2 7 0 2 7 15 2 11 1 2 7 1 2 4 5 30 3 0 2 7 5 30 3 0 2 7 1 2 3 0 2 7 1 2 4 0 2 7 5 31 3 17 18 2 0 2 7 17 18 2 0 2 7 0 2 7 12 16 2 0 2 7 1 2 3 13 6 3 1 2 7 0 40.5759547352790833
1 2 8 1 2 7 1 2 7 1 2 7 1 2 4 6 2 11 0 2 7 0 2 7 0 2 7 0 2 7 0 2 4 0 2 7 0 2 7 0 2 4 0 2 11 5 31 3 0 2 3 0 2 7 0 2 7 1 2 7 0 2 7 1 2 3 16 6 2 5 31 3 0 2 7 1 2 7 0 2 7 0 2 7 1 2 4 5 30 3 17 18 2 17 18 2 17 18 2 1 2 7 1 2 7 17 18 2 5 30 3 0 2 7 0 2 7 13 6 3 0 40.5980918407440186
1 2 7 0 2 7 0 2 4 1 2 7 1 2 3 1 2 7 0 2 4 0 2 7 0 2 7 0 2 7 0 2 4 1 2 7 0 2 7 0 2 7 0 2 7 5 31 3 0 2 7 0 2 3 0 2 7 0 2 7 0 2 7 1 2 7 16 6 2 5 31 3 0 2 7 1 2 7 6 2 7 1 2 4 1 2 7 5 31 3 17 9 2 16 6 2 17 18 2 0 2 7 1 2 7 17 18 2 5 30 3 0 2 10 1 2 4 0 2 3 0 40.6373708844184875
0 2 7 0 2 7 17 18 2 1 2 7 0 2 7 0 2 7 1 2 7 1 2 7 0 2 7 5 31 3 17 18 2 0 2 11 0 2 7 1 2 7 0 2 7 0 2 7 0 2 7 5 31 3 1 2 7 0 6 2 0 2 7 5 30 3 0 2 7 0 2 7 0 2 7 0 2 7 0 2 7 1 2 7 1 2 7 1 31 7 17 18 2 0 2 7 17 18 2 0 2 7 1 2 4 1 2 7 1 2 7 1 2 4 13 6 3 1 2 7 348378.894840800262 39.6495758891105652
0 2 7 1 2 7 17 18 2 0 2 7 0 2 7 1 2 4 0 2 7 0 2 7 1 2 7 5 31 3 1 2 11 0 2 7 1 2 7 5 31 3 0 2 7 1 2 7 0 2 7 0 2 7 0 2 7 0 2 7 1 2 7 5 31 3 1 2 7 0 2 7 1 2 7 0 2 7 1 2 7 0 2 7 1 2 7 16 6 2 17 18 2 0 2 7 17 18 2 0 2 7 0 2 7 17 9 2 1 2 7 1 2 7 13 6 3 0 2 7 0 40.0670827627182007
0 2 7 0 2 7 17 18 2 0 2 7 0 2 7 0 2 7 16 24 2 13 6 3 0 2 7 5 30 3 17 18 2 1 2 7 1 2 7 1 2 4 0 2 7 1 2 7 0 2 7 5 31 3 1 2 7 1 2 7 0 2 7 5 31 3 0 2 7 0 2 7 0 2 7 0 2 7 0 2 7 0 2 7 1 2 7 1 2 7 17 18 2 1 2 4 17 18 2 0 2 7 1 2 7 0 2 4 1 2 7 0 2 7 5 30 3 1 2 7 0 40.1302337646484375
1 2 7 0 2 7 17 18 2 1 2 4 0 2 7 0 2 7 0 2 7 13 6 3 0 2 7 0 2 7 17 18 2 12 16 2 1 2 7 1 2 7 1 2 7 0 2 7 0 2 7 0 2 7 6 2 7 1 2 4 0 2 7 5 30 3 0 2 7 5 31 3 0 2 7 1 2 7 0 2 7 1 2 7 1 2 7 5 31 3 17 18 2 1 2 7 17 18 2 1 2 7 0 2 7 12 16 2 0 2 7 12 16 2 13 6 3 0 2 7 0 40.2815956473350525
1 2 7 1 2 7 17 18 2 0 2 7 0 2 4 0 2 7 0 2 7 13 6 3 0 2 7 1 2 7 17 18 2 0 2 7 1 2 7 1 2 7 1 2 4 1 2 7 0 2 7 1 2 7 1 2 7 0 2 4 1 2 7 5 31 3 1 2 7 0 2 7 0 2 7 0 2 7 0 2 3 0 2 7 5 31 3 0 2 7 17 18 2 0 2 7 17 18 2 1 2 7 0 2 7 12 16 2 1 2 7 0 2 7 5 30 3 0 2 4 0 40.3613457679748535
0 2 7 0 2 7 17 18 2 1 2 7 0 2 7 0 2 7 1 2 7 1 2 7 1 2 7 5 31 3 17 18 2 0 2 11 1 2 7 1 2 7 0 2 7 0 2 7 0 2 7 5 31 3 1 2 7 0 2 7 0 2 7 5 30 3 0 2 7 0 2 7 0 2 7 0 2 3 0 2 7 6 2 7 1 2 7 1 2 7 17 18 2 0 2 7 17 18 2 0 2 7 1 2 3 0 2 7 1 2 7 1 2 7 13 6 3 1 2 7 0 40.398888885974884
1 2 7 0 2 7 17 18 2 0 2 7 1 2 4 0 2 7 0 2 7 6 2 3 1 2 7 0 2 4 17 18 2 12 16 2 0 2 7 1 2 4 1 2 7 0 2 7 0 2 7 0 2 7 5 31 3 1 2 4 0 2 7 5 30 3 1 2 7 1 2 7 0 2 7 0 2 4 0 2 7 1 2 4 1 2 7 5 31 3 17 18 2 1 2 7 17 18 2 0 2 4 0 2 7 12 16 2 0 2 7 0 2 7 13 6 3 1 2 7 0 40.4254367351531982
1 2 3 13 6 3 17 18 2 0 2 7 5 30 3 5 30 3 12 16 2 0 2 3 1 2 7 0 2 7 5 31 3 12 16 2 0 2 4 1 2 7 1 2 7 17 9 2 1 2 7 0 2 7 0 2 4 1 2 7 1 2 7 1 2 7 1 2 7 16 31 2 0 2 7 0 2 7 0 2 7 1 2 7 0 2 7 0 2 7 17 9 2 0 2 7 0 2 7 0 2 7 0 2 7 0 2 3 1 2 7 0 2 7 1 2 4 0 2 7 0 40.5605276823043823
6 2 4 1 2 7 17 18 2 0 2 7 1 2 4 1 2 4 0 2 7 0 2 7 1 2 7 1 2 4 17 18 2 12 16 2 0 2 4 0 2 7 0 2 7 0 2 7 0 2 7 0 2 7 15 2 11 1 2 7 1 2 4 5 30 3 0 2 7 5 30 3 0 2 7 1 2 3 0 2 7 1 2 4 0 2 7 5 31 3 17 18 2 0 2 7 17 18 2 0 2 7 0 2 7 12 16 2 0 2 7 1 2 3 13 6 3 1 2 7 0 40.5759547352790833
1 2 8 1 2 7 1 2 7 1 2 7 1 2 4 6 2 11 0 2 7 0 2 7 0 2 7 0 2 7 0 2 4 0 2 7 0 2 7 0 2 4 0 2 11 5 31 3 0 2 3 0 2 7 0 2 7 1 2 7 0 2 7 1 2 3 16 6 2 5 31 3 0 2 7 1 2 7 0 2 7 0 2 7 1 2 4 5 30 3 17 18 2 17 18 2 17 18 2 1 2 7 1 2 7 17 18 2 5 30 3 0 2 7 0 2 7 13 6 3 0 40.5980918407440186
1 2 7 0 2 7 0 2 4 1 2 7 1 2 3 1 2 7 0 2 4 0 2 7 0 2 7 0 2 7 0 2 4 1 2 7 0 2 7 0 2 7 0 2 7 5 31 3 0 2 7 0 2 3 0 2 7 0 2 7 0 2 7 1 2 7 16 6 2 5 31 3 0 2 7 1 2 7 6 2 7 1 2 4 1 2 7 5 31 3 17 9 2 16 6 2 17 18 2 0 2 7 1 2 7 17 18 2 5 30 3 0 2 10 1 2 4 0 2 3 0 40.6373708844184875
1 2 11 0 2 7 17 18 2 0 2 7 0 2 7 0 2 7 16 6 2 13 6 3 0 2 7 5 31 3 17 18 2 1 2 7 1 2 7 1 2 4 0 2 7 1 2 7 0 2 7 5 31 3 1 2 7 1 2 7 0 2 7 5 31 3 0 2 7 0 2 7 0 2 7 0 2 7 0 2 7 0 2 7 1 2 7 1 2 7 17 9 2 1 2 7 17 18 2 0 2 7 0 2 7 0 2 7 1 2 7 0 2 7 1 2 7 1 2 7 0 40.0670827627182007
0 2 7 0 2 7 17 18 2 0 2 7 0 2 7 0 2 7 16 24 2 13 6 3 0 2 7 5 30 3 17 18 2 1 2 7 1 2 7 1 2 4 0 2 7 1 2 7 0 2 7 5 31 3 1 2 7 1 2 7 0 2 7 5 31 3 0 2 7 0 2 7 0 2 7 0 2 7 0 2 7 0 2 7 1 2 7 1 2 7 17 18 2 1 2 4 17 18 2 0 2 7 1 2 7 0 2 4 1 2 7 0 2 7 5 30 3 1 2 7 0 40.1302337646484375
1 2 7 0 2 7 17 18 2 1 2 4 0 2 7 0 2 7 0 2 7 13 6 3 0 2 7 0 2 7 17 18 2 12 16 2 1 2 7 1 2 7 1 2 7 0 2 7 0 2 7 0 2 7 6 2 7 1 2 4 0 2 7 5 30 3 0 2 7 5 31 3 0 2 7 1 2 7 0 2 7 1 2 7 1 2 7 5 31 3 17 18 2 1 2 7 17 18 2 1 2 7 0 2 7 12 16 2 0 2 7 12 16 2 13 6 3 0 2 7 0 40.2815956473350525
1 2 7 1 2 7 17 18 2 0 2 7 0 2 4 0 2 7 0 2 7 13 6 3 0 2 7 1 2 7 17 18 2 0 2 7 1 2 7 1 2 7 1 2 4 1 2 7 0 2 7 1 2 7 1 2 7 0 2 4 1 2 7 5 31 3 1 2 7 0 2 7 0 2 7 0 2 7 0 2 3 0 2 7 5 31 3 0 2 7 17 18 2 0 2 7 17 18 2 1 2 7 0 2 7 12 16 2 1 2 7 0 2 7 5 30 3 0 2 4 0 40.3613457679748535
0 2 7 0 2 7 17 18 2 1 2 7 0 2 7 0 2 7 1 2 7 1 2 7 1 2 7 5 31 3 17 18 2 0 2 11 1 2 7 1 2 7 0 2 7 0 2 7 0 2 7 5 31 3 1 2 7 0 2 7 0 2 7 5 30 3 0 2 7 0 2 7 0 2 7 0 2 3 0 2 7 6 2 7 1 2 7 1 2 7 17 18 2 0 2 7 17 18 2 0 2 7 1 2 3 0 2 7 1 2 7 1 2 7 13 6 3 1 2 7 0 40.398888885974884
1 2 7 0 2 7 17 18 2 0 2 7 1 2 4 0 2 7 0 2 7 6 2 3 1 2 7 0 2 4 17 18 2 12 16 2 0 2 7 1 2 4 1 2 7 0 2 7 0 2 7 0 2 7 5 31 3 1 2 4 0 2 7 5 30 3 1 2 7 1 2 7 0 2 7 0 2 4 0 2 7 1 2 4 1 2 7 5 31 3 17 18 2 1 2 7 17 18 2 0 2 4 0 2 7 12 16 2 0 2 7 0 2 7 13 6 3 1 2 7 0 40.4254367351531982
1 2 3 13 6 3 17 18 2 0 2 7 5 30 3 5 30 3 12 16 2 0 2 3 1 2 7 0 2 7 5 31 3 12 16 2 0 2 4 1 2 7 1 2 7 17 9 2 1 2 7 0 2 7 0 2 4 1 2 7 1 2 7 1 2 7 1 2 7 16 31 2 0 2 7 0 2 7 0 2 7 1 2 7 0 2 7 0 2 7 17 9 2 0 2 7 0 2 7 0 2 7 0 2 7 0 2 3 1 2 7 0 2 7 1 2 4 0 2 7 0 40.5605276823043823
6 2 4 1 2 7 17 18 2 0 2 7 1 2 4 1 2 4 0 2 7 0 2 7 1 2 7 1 2 4 17 18 2 12 16 2 0 2 4 0 2 7 0 2 7 0 2 7 0 2 7 0 2 7 15 2 11 1 2 7 1 2 4 5 30 3 0 2 7 5 30 3 0 2 7 1 2 3 0 2 7 1 2 4 0 2 7 5 31 3 17 18 2 0 2 7 17 18 2 0 2 7 0 2 7 12 16 2 0 2 7 1 2 3 13 6 3 1 2 7 0 40.5759547352790833
1 2 8 1 2 7 1 2 7 1 2 7 1 2 4 6 2 11 0 2 7 0 2 7 0 2 7 0 2 7 0 2 4 0 2 7 0 2 7 0 2 4 0 2 11 5 31 3 0 2 3 0 2 7 0 2 7 1 2 7 0 2 7 1 2 3 16 6 2 5 31 3 0 2 7 1 2 7 0 2 7 0 2 7 1 2 4 5 30 3 17 18 2 17 18 2 17 18 2 1 2 7 1 2 7 17 18 2 5 30 3 0 2 7 0 2 7 13 6 3 0 40.5980918407440186
1 2 7 0 2 7 0 2 4 1 2 7 1 2 3 1 2 7 0 2 4 0 2 7 0 2 7 0 2 7 0 2 4 1 2 7 0 2 7 0 2 7 0 2 7 5 31 3 0 2 7 0 2 3 0 2 7 0 2 7 0 2 7 1 2 7 16 6 2 5 31 3 0 2 7 1 2 7 6 2 7 1 2 4 1 2 7 5 31 3 17 9 2 16 6 2 17 18 2 0 2 7 1 2 7 17 18 2 5 30 3 0 2 10 1 2 4 0 2 3 0 40.6373708844184875
1 2 7 0 2 7 17 18 2 1 2 7 1 2 7 0 2 7 0 2 4 13 6 3 1 2 7 1 2 7 17 18 2 1 2 7 0 2 7 1 2 7 1 2 7 1 2 7 16 6 2 5 31 3 5 31 3 0 2 7 0 2 7 5 31 3 0 2 7 0 2 7 0 2 7 0 2 7 0 2 7 0 2 7 1 2 7 0 2 7 17 18 2 0 2 7 17 18 2 0 2 7 1 2 7 1 2 7 0 2 7 0 2 7 1 2 11 0 2 7 0 40.0670827627182007
0 2 7 0 2 7 17 18 2 0 2 7 0 2 7 0 2 7 16 24 2 13 6 3 0 2 7 5 30 3 17 18 2 1 2 7 1 2 7 1 2 4 0 2 7 1 2 7 0 2 7 5 31 3 1 2 7 1 2 7 0 2 7 5 31 3 0 2 7 0 2 7 0 2 7 0 2 7 0 2 7 0 2 7 1 2 7 1 2 7 17 18 2 1 2 4 17 18 2 0 2 7 1 2 7 0 2 4 1 2 7 0 2 7 5 30 3 1 2 7 0 40.1302337646484375
1 2 7 0 2 7 17 18 2 1 2 4 0 2 7 0 2 7 0 2 7 13 6 3 0 2 7 0 2 7 17 18 2 12 16 2 1 2 7 1 2 7 1 2 7 0 2 7 0 2 7 0 2 7 6 2 7 1 2 4 0 2 7 5 30 3 0 2 7 5 31 3 0 2 7 1 2 7 0 2 7 1 2 7 1 2 7 5 31 3 17 18 2 1 2 7 17 18 2 1 2 7 0 2 7 12 16 2 0 2 7 12 16 2 13 6 3 0 2 7 0 40.2815956473350525
1 2 7 1 2 7 17 18 2 0 2 7 0 2 4 0 2 7 0 2 7 13 6 3 0 2 7 1 2 7 17 18 2 0 2 7 1 2 7 1 2 7 1 2 4 1 2 7 0 2 7 1 2 7 1 2 7 0 2 4 1 2 7 5 31 3 1 2 7 0 2 7 0 2 7 0 2 7 0 2 3 0 2 7 5 31 3 0 2 7 17 18 2 0 2 7 17 18 2 1 2 7 0 2 7 12 16 2 1 2 7 0 2 7 5 30 3 0 2 4 0 40.3613457679748535
0 2 7 0 2 7 17 18 2 1 2 7 0 2 7 0 2 7 1 2 7 1 2 7 1 2 7 5 31 3 17 18 2 0 2 11 1 2 7 1 2 7 0 2 7 0 2 7 0 2 7 5 31 3 1 2 7 0 2 7 0 2 7 5 30 3 0 2 7 0 2 7 0 2 7 0 2 3 0 2 7 6 2 7 1 2 7 1 2 7 17 18 2 0 2 7 17 18 2 0 2 7 1 2 3 0 2 7 1 2 7 1 2 7 13 6 3 1 2 7 0 40.398888885974884
1 2 7 0 2 7 17 18 2 0 2 7 1 2 4 0 2 7 0 2 7 6 2 3 1 2 7 0 2 4 17 18 2 12 16 2 0 2 7 1 2 4 1 2 7 0 2 7 0 2 7 0 2 7 5 31 3 1 2 4 0 2 7 5 30 3 1 2 7 1 2 7 0 2 7 0 2 4 0 2 7 1 2 4 1 2 7 5 31 3 17 18 2 1 2 7 17 18 2 0 2 4 0 2 7 12 16 2 0 2 7 0 2 7 13 6 3 1 2 7 0 40.4254367351531982
1 2 3 13 6 3 17 18 2 0 2 7 5 30 3 5 30 3 12 16 2 0 2 3 1 2 7 0 2 7 5 31 3 12 16 2 0 2 4 1 2 7 1 2 7 17 9 2 1 2 7 0 2 7 0 2 4 1 2 7 1 2 7 1 2 7 1 2 7 16 31 2 0 2 7 0 2 7 0 2 7 1 2 7 0 2 7 0 2 7 17 9 2 0 2 7 0 2 7 0 2 7 0 2 7 0 2 3 1 2 7 0 2 7 1 2 4 0 2 7 0 40.5605276823043823
6 2 4 1 2 7 17 18 2 0 2 7 1 2 4 1 2 4 0 2 7 0 2 7 1 2 7 1 2 4 17 18 2 12 16 2 0 2 4 0 2 7 0 2 7 0 2 7 0 2 7 0 2 7 15 2 11 1 2 7 1 2 4 5 30 3 0 2 7 5 30 3 0 2 7 1 2 3 0 2 7 1 2 4 0 2 7 5 31 3 17 18 2 0 2 7 17 18 2 0 2 7 0 2 7 12 16 2 0 2 7 1 2 3 13 6 3 1 2 7 0 40.5759547352790833
1 2 8 1 2 7 1 2 7 1 2 7 1 2 4 6 2 11 0 2 7 0 2 7 0 2 7 0 2 7 0 2 4 0 2 7 0 2 7 0 2 4 0 2 11 5 31 3 0 2 3 0 2 7 0 2 7 1 2 7 0 2 7 1 2 3 16 6 2 5 31 3 0 2 7 1 2 7 0 2 7 0 2 7 1 2 4 5 30 3 17 18 2 17 18 2 17 18 2 1 2 7 1 2 7 17 18 2 5 30 3 0 2 7 0 2 7 13 6 3 0 40.5980918407440186
1 2 7 0 2 7 0 2 4 1 2 7 1 2 3 1 2 7 0 2 4 0 2 7 0 2 7 0 2 7 0 2 4 1 2 7 0 2 7 0 2 7 0 2 7 5 31 3 0 2 7 0 2 3 0 2 7 0 2 7 0 2 7 1 2 7 16 6 2 5 31 3 0 2 7 1 2 7 6 2 7 1 2 4 1 2 7 5 31 3 17 9 2 16 6 2 17 18 2 0 2 7 1 2 7 17 18 2 5 30 3 0 2 10 1 2 4 0 2 3 0 40.6373708844184875
1 2 7 0 2 7 17 18 2 1 2 7 1 2 7 0 2 7 0 2 4 13 6 3 1 2 7 1 2 7 17 18 2 1 2 7 0 2 7 1 2 7 1 2 7 1 2 7 16 6 2 5 31 3 5 31 3 0 2 7 0 2 7 5 31 3 0 2 7 0 2 7 0 2 7 0 2 7 0 2 7 0 2 7 1 2 7 0 2 7 17 18 2 0 2 7 17 18 2 0 2 7 1 2 7 1 2 7 0 2 7 0 2 7 1 2 11 0 2 7 0 40.0670827627182007
0 2 7 0 2 7 17 18 2 1 2 7 0 2 7 16 6 2 1 2 7 1 2 7 1 2 7 5 31 3 17 9 2 1 2 11 0 2 7 1 2 7 0 2 7 0 2 7 0 2 7 5 31 3 0 2 7 0 2 7 1 2 7 5 31 3 0 2 7 0 2 7 1 2 4 0 2 7 0 2 7 1 2 7 1 2 7 0 2 7 17 18 2 0 2 7 17 18 2 0 2 7 1 2 7 0 2 7 0 2 7 1 2 7 13 6 3 1 2 7 0 40.0670827627182007
0 2 7 0 2 7 17 18 2 1 2 7 0 2 7 16 6 2 0 2 7 1 2 7 1 2 7 5 31 3 17 18 2 0 2 7 1 2 7 0 2 7 0 2 7 0 2 7 0 2 7 5 31 3 0 2 7 0 2 7 1 2 7 5 31 3 0 2 7 0 2 7 0 2 7 0 2 7 0 2 7 1 2 7 1 2 7 1 2 7 17 18 2 0 2 11 17 18 2 1 2 7 1 2 7 0 2 7 1 2 7 1 2 4 13 6 3 1 2 7 0 40.0670828819274902
0 2 7 0 2 7 17 18 2 0 2 7 0 2 7 0 2 7 16 24 2 13 6 3 0 2 7 5 30 3 17 18 2 1 2 7 1 2 7 1 2 4 0 2 7 1 2 7 0 2 7 5 31 3 1 2 7 1 2 7 0 2 7 5 31 3 0 2 7 0 2 7 0 2 7 0 2 7 0 2 7 0 2 7 1 2 7 1 2 7 17 18 2 1 2 4 17 18 2 0 2 7 1 2 7 0 2 4 1 2 7 0 2 7 5 30 3 1 2 7 0 40.1302337646484375
0 2 7 0 2 7 17 18 2 0 2 7 0 2 7 16 6 2 1 2 7 1 2 7 1 2 7 5 31 3 17 18 2 0 2 7 1 2 7 0 2 7 0 2 7 0 2 4 0 2 7 5 31 3 1 2 7 0 2 4 1 2 7 5 31 3 5 30 3 0 2 7 0 2 7 0 2 4 0 2 7 1 2 7 1 2 7 1 2 7 17 18 2 0 2 7 17 18 2 0 2 7 1 2 7 0 2 7 1 2 7 0 2 7 13 6 3 1 2 7 0 40.1886777877807617
1 2 7 0 2 7 17 18 2 1 2 4 0 2 7 0 2 7 0 2 7 13 6 3 0 2 7 0 2 7 17 18 2 12 16 2 1 2 7 1 2 7 1 2 7 0 2 7 0 2 7 0 2 7 6 2 7 1 2 4 0 2 7 5 30 3 0 2 7 5 31 3 0 2 7 1 2 7 0 2 7 1 2 7 1 2 7 5 31 3 17 18 2 1 2 7 17 18 2 1 2 7 0 2 7 12 16 2 0 2 7 12 16 2 13 6 3 0 2 7 0 40.2815956473350525
0 2 7 0 2 7 17 18 2 1 2 7 0 2 7 16 6 2 1 2 7 1 2 4 1 2 7 5 31 3 17 18 2 0 2 7 1 2 8 0 2 7 0 2 7 0 2 7 0 2 7 5 31 3 1 2 7 0 2 7 0 2 7 5 31 3 0 2 7 0 2 7 0 2 7 0 2 7 0 2 7 1 2 7 1 2 8 1 2 3 17 18 2 0 2 7 17 18 2 0 2 7 1 2 7 0 2 7 1 2 7 1 2 7 13 6 3 1 2 4 0 40.3558827638626099
1 2 7 1 2 7 17 18 2 0 2 7 0 2 4 0 2 7 0 2 7 13 6 3 0 2 7 1 2 7 17 18 2 0 2 7 1 2 7 1 2 7 1 2 4 1 2 7 0 2 7 1 2 7 1 2 7 0 2 4 1 2 7 5 31 3 1 2 7 0 2 7 0 2 7 0 2 7 0 2 3 0 2 7 5 31 3 0 2 7 17 18 2 0 2 7 17 18 2 1 2 7 0 2 7 12 16 2 1 2 7 0 2 7 5 30 3 0 2 4 0 40.3613457679748535
1 2 7 1 2 7 17 18 2 1 2 7 0 2 7 1 2 7 0 2 7 1 2 7 0 2 7 0 2 4 17 18 2 12 16 2 0 2 7 0 2 7 0 2 7 5 30 3 13 6 3 0 2 7 0 2 7 1 2 4 0 2 7 5 30 3 0 2 7 12 16 2 0 2 7 1 2 7 1 2 7 0 2 7 0 2 7 5 30 3 17 18 2 0 2 7 17 18 2 0 2 7 1 2 7 5 31 3 1 2 7 0 2 7 13 6 3 0 2 4 0 40.3689725399017334
0 2 7 0 2 7 17 18 2 1 2 7 0 2 7 0 2 7 1 2 7 1 2 7 1 2 7 5 31 3 17 18 2 0 2 11 1 2 7 1 2 7 0 2 7 0 2 7 0 2 7 5 31 3 1 2 7 0 2 7 0 2 7 5 30 3 0 2 7 0 2 7 0 2 7 0 2 3 0 2 7 6 2 7 1 2 7 1 2 7 17 18 2 0 2 7 17 18 2 0 2 7 1 2 3 0 2 7 1 2 7 1 2 7 13 6 3 1 2 7 0 40.398888885974884
0 2 7 1 2 7 1 2 11 0 2 7 0 2 7 16 6 2 0 2 7 0 2 7 1 2 7 5 31 3 17 9 2 1 2 7 1 2 7 0 2 7 0 2 7 1 2 7 1 2 7 5 31 3 1 2 7 0 2 7 0 2 7 5 31 3 17 9 2 0 2 7 1 2 7 1 2 7 0 2 7 0 2 7 17 18 2 1 2 7 17 18 2 0 2 7 0 2 7 0 2 7 0 2 7 1 2 7 1 2 4 0 2 7 13 6 3 0 2 7 0 40.0670827627182007
0 2 7 0 2 7 17 9 2 0 2 7 0 2 7 1 2 7 16 6 2 1 2 7 1 2 7 5 31 3 17 9 2 0 2 7 0 2 7 0 2 7 1 2 7 1 2 7 0 2 7 5 31 3 1 2 7 0 2 7 0 2 7 5 31 3 17 9 2 1 2 7 1 2 7 0 2 7 0 2 7 0 2 7 0 2 7 0 2 7 17 18 2 0 2 7 1 2 7 1 2 4 0 2 7 0 2 7 1 2 7 1 2 7 13 6 3 1 2 11 0 40.0670827627182007
1 2 7 0 2 7 17 18 2 1 2 7 0 2 7 16 6 2 0 2 7 0 2 7 1 2 7 5 31 3 17 18 2 0 2 7 1 2 7 0 2 7 0 2 7 0 2 7 0 2 7 5 31 3 1 2 7 0 2 7 1 2 7 5 31 3 0 2 7 0 2 7 0 2 7 0 2 7 0 2 7 1 2 7 1 2 7 0 2 7 17 18 2 0 2 7 17 18 2 1 2 11 1 2 7 0 2 4 1 2 7 1 2 7 13 6 3 1 2 7 0 40.0670827627182007
0 2 7 0 2 7 17 18 2 0 2 7 0 2 7 16 6 2 1 2 4 1 2 7 1 2 7 5 31 3 17 18 2 0 2 7 1 2 7 0 2 7 0 2 7 1 2 7 0 2 7 5 31 3 1 2 7 1 2 11 0 2 7 5 31 3 17 9 2 0 2 7 0 2 7 0 2 7 0 2 7 1 2 7 1 2 7 0 2 7 17 18 2 0 2 7 0 2 7 0 2 7 1 2 7 0 2 7 1 2 7 1 2 7 13 6 3 1 2 7 0 40.0670827627182007
0 2 7 0 2 7 17 9 2 0 2 7 1 2 7 0 2 7 16 6 2 0 2 7 1 2 7 5 31 3 17 9 2 1 2 7 0 2 7 0 2 7 1 2 7 0 2 7 0 2 7 5 31 3 0 2 7 1 2 11 0 2 7 5 31 3 17 9 2 1 2 7 0 2 4 0 2 7 0 2 7 0 2 7 0 2 7 1 2 7 17 18 2 1 2 7 0 2 7 1 2 7 1 2 7 1 2 7 0 2 7 1 2 7 13 6 3 1 2 7 0 40.0670827627182007
0 2 7 0 2 7 17 18 2 1 2 7 0 2 7 16 6 2 0 2 7 1 2 7 1 2 7 5 31 3 17 18 2 0 2 7 1 2 7 0 2 7 0 2 7 0 2 7 0 2 7 5 31 3 0 2 7 0 2 7 1 2 7 5 31 3 0 2 7 0 2 7 0 2 7 0 2 7 0 2 7 1 2 7 1 2 7 1 2 7 17 18 2 0 2 11 17 18 2 1 2 7 1 2 7 0 2 7 1 2 7 1 2 4 13 6 3 1 2 7 0 40.0670828819274902
0 2 7 0 2 7 17 9 2 0 2 7 0 2 7 0 2 7 16 6 2 1 2 7 1 2 7 5 31 3 17 9 2 1 2 7 0 2 7 0 2 7 1 2 7 1 2 7 0 2 7 5 31 3 0 2 7 1 2 7 0 2 7 5 31 3 17 9 2 1 2 7 0 2 7 0 2 11 0 2 7 0 2 7 0 2 7 1 2 7 17 18 2 0 2 7 1 2 7 1 2 7 0 2 7 0 2 4 1 2 7 1 2 7 13 6 3 1 2 7 0 40.0670828819274902
0 2 7 0 2 7 17 18 2 0 2 7 0 2 7 0 2 7 16 24 2 13 6 3 0 2 7 5 30 3 17 18 2 1 2 7 1 2 7 1 2 4 0 2 7 1 2 7 0 2 7 5 31 3 1 2 7 1 2 7 0 2 7 5 31 3 0 2 7 0 2 7 0 2 7 0 2 7 0 2 7 0 2 7 1 2 7 1 2 7 17 18 2 1 2 4 17 18 2 0 2 7 1 2 7 0 2 4 1 2 7 0 2 7 5 30 3 1 2 7 0 40.1302337646484375
1 2 7 0 2 7 17 18 2 1 2 4 0 2 7 16 24 2 1 2 7 1 2 7 1 2 7 5 31 3 17 18 2 0 2 7 1 2 7 0 2 7 0 2 7 0 2 4 0 2 7 5 31 3 1 2 7 0 2 7 0 2 7 5 30 3 5 30 3 0 2 7 1 2 7 0 2 7 0 2 4 1 2 7 0 2 7 0 2 7 17 18 2 0 2 7 17 18 2 0 2 7 1 2 7 0 2 7 1 2 7 1 2 7 13 6 3 0 2 7 0 40.1302337646484375
0 2 7 0 2 4 17 18 2 1 2 7 0 2 7 16 6 2 1 2 4 1 2 4 1 2 7 5 31 3 17 18 2 0 2 7 0 2 4 0 2 7 0 2 7 1 2 7 0 2 7 5 31 3 1 2 7 1 2 7 1 2 7 5 30 3 5 30 3 0 2 7 0 2 7 0 2 7 0 2 7 0 2 7 1 2 7 0 2 3 17 18 2 0 2 7 17 18 2 0 2 7 1 2 4 0 2 7 0 2 7 1 2 7 13 6 3 1 2 7 0 40.148398756980896
1 2 7 0 2 7 17 18 2 0 2 7 0 2 7 16 6 2 0 2 4 0 2 7 1 2 7 5 31 3 17 9 2 0 2 7 0 2 7 0 2 7 1 2 7 1 2 7 0 2 7 5 31 3 0 2 7 1 2 7 0 2 7 5 31 3 17 9 2 0 2 7 1 2 7 0 2 7 0 2 7 1 2 7 1 2 7 0 2 7 17 18 2 1 2 7 1 2 7 0 2 7 1 2 11 1 2 7 0 2 7 0 2 7 13 6 3 1 2 7 0 40.0670827627182007
1 2 7 0 2 7 17 18 2 1 2 7 0 2 7 16 6 2 1 2 11 1 2 7 1 2 7 5 31 3 17 18 2 1 2 4 1 2 7 0 2 7 0 2 7 0 2 7 1 2 7 5 31 3 0 2 7 0 2 7 0 2 7 5 31 3 1 2 7 0 2 7 0 2 7 0 2 7 0 2 7 0 2 7 1 2 7 0 2 7 17 18 2 0 2 7 17 18 2 1 2 7 1 2 7 0 2 7 0 2 7 1 2 7 13 6 3 0 2 7 0 40.0670827627182007
0 2 7 0 2 7 17 9 2 0 2 7 1 2 7 0 2 7 16 6 2 0 2 7 1 2 7 5 31 3 17 9 2 1 2 7 0 2 7 0 2 7 1 2 7 0 2 7 0 2 7 5 31 3 0 2 7 1 2 11 0 2 7 5 31 3 17 9 2 1 2 7 0 2 4 0 2 7 0 2 7 0 2 7 0 2 7 1 2 7 17 18 2 1 2 7 0 2 7 1 2 7 1 2 7 1 2 7 0 2 7 1 2 7 13 6 3 1 2 7 0 40.0670827627182007
0 2 7 1 2 7 1 2 11 0 2 7 0 2 7 16 6 2 0 2 7 0 2 7 1 2 7 5 31 3 17 9 2 1 2 7 1 2 7 0 2 7 0 2 7 1 2 7 1 2 7 5 31 3 1 2 7 0 2 7 0 2 7 5 31 3 17 9 2 0 2 7 1 2 7 1 2 7 0 2 7 0 2 7 17 18 2 1 2 7 17 18 2 0 2 7 0 2 7 0 2 7 0 2 7 1 2 7 1 2 4 0 2 7 13 6 3 0 2 7 0 40.0670827627182007
1 2 7 0 2 7 17 18 2 1 2 7 1 2 7 16 6 2 1 2 7 0 2 7 1 2 7 5 31 3 17 18 2 0 2 7 0 2 7 0 2 7 0 2 7 1 2 7 1 2 7 5 31 3 1 2 7 0 2 7 1 2 7 5 31 3 0 2 7 0 2 7 0 2 7 0 2 7 0 2 4 0 2 7 1 2 7 0 2 7 17 18 2 0 2 7 17 18 2 0 2 7 1 2 11 0 2 7 0 2 7 1 2 7 13 6 3 1 2 7 0 40.0670827627182007
0 2 7 0 2 7 17 18 2 0 2 7 0 2 7 16 6 2 1 2 4 1 2 7 1 2 7 5 31 3 17 18 2 0 2 7 1 2 7 0 2 7 0 2 7 1 2 7 0 2 7 5 31 3 1 2 7 1 2 11 0 2 7 5 31 3 17 9 2 0 2 7 0 2 7 0 2 7 0 2 7 1 2 7 1 2 7 0 2 7 17 18 2 0 2 7 0 2 7 0 2 7 1 2 7 0 2 7 1 2 7 1 2 7 13 6 3 1 2 7 0 40.0670827627182007
0 2 7 0 2 7 1 2 7 0 2 7 0 2 7 16 6 2 0 2 7 1 2 7 1 2 4 5 31 3 17 9 2 0 2 7 1 2 7 0 2 7 0 2 7 0 2 7 1 2 7 5 31 3 1 2 7 0 2 7 0 2 7 5 31 3 17 9 2 0 2 7 0 2 7 1 2 7 0 2 7 1 2 7 1 2 7 1 2 7 17 18 2 0 2 7 0 2 7 0 2 7 17 9 2 0 2 7 1 2 7 1 2 7 13 6 3 1 2 11 0 40.0670827627182007
1 2 7 0 2 7 17 18 2 1 2 7 0 2 7 16 6 2 0 2 7 1 2 7 1 2 7 5 31 3 17 18 2 0 2 7 1 2 4 0 2 7 0 2 7 0 2 7 0 2 7 5 31 3 0 2 7 0 2 7 1 2 7 5 31 3 0 2 7 0 2 7 0 2 7 0 2 7 0 2 7 1 2 7 1 2 7 0 2 7 17 18 2 0 2 11 17 18 2 1 2 7 1 2 7 0 2 7 1 2 7 1 2 7 13 6 3 1 2 7 0 40.0670828819274902
0 2 7 0 2 7 17 9 2 0 2 7 0 2 7 0 2 7 16 6 2 1 2 7 1 2 7 5 31 3 17 9 2 1 2 7 0 2 7 0 2 7 1 2 7 1 2 7 0 2 7 5 31 3 0 2 7 1 2 7 0 2 7 5 31 3 17 9 2 1 2 7 0 2 7 0 2 11 0 2 7 0 2 7 0 2 7 1 2 7 17 18 2 0 2 7 1 2 7 1 2 7 0 2 7 0 2 4 1 2 7 1 2 7 13 6 3 1 2 7 0 40.0670828819274902
0 2 7 0 2 7 17 18 2 0 2 7 0 2 7 0 2 7 16 24 2 13 6 3 0 2 7 5 30 3 17 18 2 1 2 7 1 2 7 1 2 4 0 2 7 1 2 7 0 2 7 5 31 3 1 2 7 1 2 7 0 2 7 5 31 3 0 2 7 0 2 7 0 2 7 0 2 7 0 2 7 0 2 7 1 2 7 1 2 7 17 18 2 1 2 4 17 18 2 0 2 7 1 2 7 0 2 4 1 2 7 0 2 7 5 30 3 1 2 7 0 40.1302337646484375
MonoObjective Genetic Algorithm
Number of Evaluations = 0
Mutation Probability = 0
Crossover Probability = 1
Population Size = 10
Survival Selection Type = 19
Time =  9015.3610668182373
1 2 7 0 2 7 17 18 2 0 2 7 0 2 7 16 6 2 0 2 4 0 2 7 1 2 7 5 31 3 17 9 2 0 2 7 0 2 7 0 2 7 1 2 7 1 2 7 0 2 7 5 31 3 0 2 7 1 2 7 0 2 7 5 31 3 17 9 2 0 2 7 1 2 7 0 2 7 0 2 7 1 2 7 1 2 7 0 2 7 17 18 2 1 2 7 1 2 7 0 2 7 1 2 11 1 2 7 0 2 7 0 2 7 13 6 3 1 2 7 0 40.0670827627182007
1 2 7 0 2 7 17 18 2 1 2 7 0 2 7 16 6 2 1 2 11 1 2 7 1 2 7 5 31 3 17 18 2 1 2 4 1 2 7 0 2 7 0 2 7 0 2 7 1 2 7 5 31 3 0 2 7 0 2 7 0 2 7 5 31 3 1 2 7 0 2 7 0 2 7 0 2 7 0 2 7 0 2 7 1 2 7 0 2 7 17 18 2 0 2 7 17 18 2 1 2 7 1 2 7 0 2 7 0 2 7 1 2 7 13 6 3 0 2 7 0 40.0670827627182007
0 2 7 0 2 7 17 9 2 0 2 7 1 2 7 0 2 7 16 6 2 0 2 7 1 2 7 5 31 3 17 9 2 1 2 7 0 2 7 0 2 7 1 2 7 0 2 7 0 2 7 5 31 3 0 2 7 1 2 11 0 2 7 5 31 3 17 9 2 1 2 7 0 2 4 0 2 7 0 2 7 0 2 7 0 2 7 1 2 7 17 18 2 1 2 7 0 2 7 1 2 7 1 2 7 1 2 7 0 2 7 1 2 7 13 6 3 1 2 7 0 40.0670827627182007
0 2 7 1 2 7 1 2 11 0 2 7 0 2 7 16 6 2 0 2 7 0 2 7 1 2 7 5 31 3 17 9 2 1 2 7 1 2 7 0 2 7 0 2 7 1 2 7 1 2 7 5 31 3 1 2 7 0 2 7 0 2 7 5 31 3 17 9 2 0 2 7 1 2 7 1 2 7 0 2 7 0 2 7 17 18 2 1 2 7 17 18 2 0 2 7 0 2 7 0 2 7 0 2 7 1 2 7 1 2 4 0 2 7 13 6 3 0 2 7 0 40.0670827627182007
1 2 7 0 2 7 17 18 2 1 2 7 1 2 7 16 6 2 1 2 7 0 2 7 1 2 7 5 31 3 17 18 2 0 2 7 0 2 7 0 2 7 0 2 7 1 2 7 1 2 7 5 31 3 1 2 7 0 2 7 1 2 7 5 31 3 0 2 7 0 2 7 0 2 7 0 2 7 0 2 4 0 2 7 1 2 7 0 2 7 17 18 2 0 2 7 17 18 2 0 2 7 1 2 11 0 2 7 0 2 7 1 2 7 13 6 3 1 2 7 0 40.0670827627182007
0 2 7 0 2 7 17 18 2 0 2 7 0 2 7 16 6 2 1 2 4 1 2 7 1 2 7 5 31 3 17 18 2 0 2 7 1 2 7 0 2 7 0 2 7 1 2 7 0 2 7 5 31 3 1 2 7 1 2 11 0 2 7 5 31 3 17 9 2 0 2 7 0 2 7 0 2 7 0 2 7 1 2 7 1 2 7 0 2 7 17 18 2 0 2 7 0 2 7 0 2 7 1 2 7 0 2 7 1 2 7 1 2 7 13 6 3 1 2 7 0 40.0670827627182007
0 2 7 0 2 7 1 2 7 0 2 7 0 2 7 16 6 2 0 2 7 1 2 7 1 2 4 5 31 3 17 9 2 0 2 7 1 2 7 0 2 7 0 2 7 0 2 7 1 2 7 5 31 3 1 2 7 0 2 7 0 2 7 5 31 3 17 9 2 0 2 7 0 2 7 1 2 7 0 2 7 1 2 7 1 2 7 1 2 7 17 18 2 0 2 7 0 2 7 0 2 7 17 9 2 0 2 7 1 2 7 1 2 7 13 6 3 1 2 11 0 40.0670827627182007
1 2 7 0 2 7 17 18 2 1 2 7 0 2 7 16 6 2 0 2 7 1 2 7 1 2 7 5 31 3 17 18 2 0 2 7 1 2 4 0 2 7 0 2 7 0 2 7 0 2 7 5 31 3 0 2 7 0 2 7 1 2 7 5 31 3 0 2 7 0 2 7 0 2 7 0 2 7 0 2 7 1 2 7 1 2 7 0 2 7 17 18 2 0 2 11 17 18 2 1 2 7 1 2 7 0 2 7 1 2 7 1 2 7 13 6 3 1 2 7 0 40.0670828819274902
0 2 7 0 2 7 17 9 2 0 2 7 0 2 7 0 2 7 16 6 2 1 2 7 1 2 7 5 31 3 17 9 2 1 2 7 0 2 7 0 2 7 1 2 7 1 2 7 0 2 7 5 31 3 0 2 7 1 2 7 0 2 7 5 31 3 17 9 2 1 2 7 0 2 7 0 2 11 0 2 7 0 2 7 0 2 7 1 2 7 17 18 2 0 2 7 1 2 7 1 2 7 0 2 7 0 2 4 1 2 7 1 2 7 13 6 3 1 2 7 0 40.0670828819274902
0 2 7 0 2 7 17 18 2 0 2 7 0 2 7 0 2 7 16 24 2 13 6 3 0 2 7 5 30 3 17 18 2 1 2 7 1 2 7 1 2 4 0 2 7 1 2 7 0 2 7 5 31 3 1 2 7 1 2 7 0 2 7 5 31 3 0 2 7 0 2 7 0 2 7 0 2 7 0 2 7 0 2 7 1 2 7 1 2 7 17 18 2 1 2 4 17 18 2 0 2 7 1 2 7 0 2 4 1 2 7 0 2 7 5 30 3 1 2 7 0 40.1302337646484375
