0 2 7 17 9 2 0 2 7 0 2 7 12 16 2 13 6 3 0 2 7 0 2 7 1 2 7 5 31 3 1 2 7 1 2 7 17 9 2 5 30 3 0 2 7 1 2 7 0 2 7 0 2 7 0 2 7 1 2 7 0 20.2646257877349854
5 30 3 0 2 3 0 2 3 5 31 3 0 2 3 0 2 7 0 2 7 0 2 7 1 2 4 12 16 2 0 2 4 1 2 7 0 2 10 17 18 2 0 2 10 1 2 7 0 2 3 1 2 7 16 6 2 1 2 7 0 20.8910259008407593
12 16 2 5 30 3 0 2 7 1 2 3 1 2 4 0 2 4 0 2 7 0 2 7 1 2 7 1 2 11 1 2 3 0 2 7 0 2 11 17 9 2 0 2 7 17 18 2 0 2 7 5 30 3 0 2 7 8 9 2 0 20.9389908313751221
12 16 2 5 30 3 0 2 7 6 2 7 0 2 1 16 32 2 0 2 7 8 9 2 5 31 3 0 2 7 12 16 2 12 16 2 0 2 7 0 2 7 12 16 2 17 18 2 0 2 11 1 2 7 8 9 2 1 2 7 0 21.4400278925895691
0 2 3 0 2 7 1 2 7 12 16 2 0 2 3 1 2 11 5 30 3 0 2 3 0 2 3 5 30 3 12 16 2 1 2 7 1 2 11 0 2 3 0 2 3 0 2 3 16 9 11 0 2 3 16 9 11 0 2 3 0 21.9789397716522217
5 31 3 0 2 3 5 30 3 0 2 12 16 19 12 5 30 3 12 16 2 0 2 8 1 2 8 0 2 3 17 9 2 0 2 8 0 2 7 0 2 12 0 2 3 12 16 2 0 2 7 0 2 7 0 2 7 13 6 3 0 22.049333930015564
5 30 3 0 2 7 0 2 11 5 30 3 0 2 3 1 2 3 0 2 7 0 2 3 12 16 2 0 2 3 0 2 11 1 2 7 0 2 7 5 30 3 0 2 3 0 2 7 16 19 11 16 19 11 0 2 3 0 2 3 0 22.152154803276062
5 31 3 0 2 8 0 2 8 0 2 3 6 2 3 0 2 11 1 2 8 16 19 11 0 2 8 12 16 2 5 30 3 0 2 8 0 2 8 12 16 2 0 2 3 0 2 3 16 9 11 0 2 3 1 2 12 5 30 3 0 22.9499401450157166
5 30 3 0 2 8 9 2 7 0 2 8 0 2 8 0 2 8 5 30 3 1 2 3 16 6 2 16 6 2 0 2 8 1 2 11 0 2 3 0 2 3 8 18 2 0 2 7 5 30 3 1 2 8 0 2 7 0 2 3 0.000364992662313111274 21.9556710720062256
5 31 3 1 2 11 12 16 2 16 6 2 16 9 12 12 16 2 1 2 3 5 31 3 6 2 7 0 2 11 0 2 7 0 2 7 1 2 3 0 2 7 0 2 4 12 16 2 0 2 7 0 2 7 0 2 3 0 2 7 0 21.4257718920707703
5 30 3 5 31 3 0 2 7 0 2 7 0 2 7 12 16 2 1 2 7 1 2 7 1 2 7 0 2 7 0 2 7 0 2 7 0 2 7 13 6 3 1 2 7 1 2 7 17 18 2 0 2 7 0 2 7 17 9 2 0 20.2646257877349854
12 16 2 0 2 3 0 2 7 12 16 2 17 9 2 1 2 11 0 2 4 5 30 3 0 2 7 0 2 7 13 6 3 16 6 2 1 2 7 8 9 2 5 30 3 0 2 7 1 2 7 12 16 2 0 2 7 0 2 7 0 20.6301085948944092
12 16 2 5 31 3 0 2 4 0 2 7 0 2 3 16 6 2 1 2 4 1 2 4 1 2 11 1 2 7 12 16 2 12 16 2 0 2 4 0 2 3 12 16 2 17 9 2 0 2 4 13 6 3 12 16 2 0 2 7 0 20.7315356731414795
5 30 3 0 2 3 0 2 3 5 31 3 0 2 3 0 2 7 0 2 7 0 2 7 1 2 4 12 16 2 0 2 4 1 2 7 0 2 10 17 18 2 0 2 10 1 2 7 0 2 3 1 2 7 16 6 2 1 2 7 0 20.8910259008407593
0 2 7 1 2 4 12 16 2 5 31 3 12 16 2 0 2 7 0 2 7 1 2 4 5 31 3 16 6 2 12 16 2 0 2 7 0 2 7 1 2 7 0 2 3 0 2 7 0 2 7 1 2 3 16 19 11 0 2 3 0 21.311511754989624
0 2 3 0 2 7 1 2 7 12 16 2 0 2 3 1 2 11 5 30 3 0 2 3 0 2 3 5 30 3 12 16 2 1 2 7 1 2 11 0 2 3 0 2 3 0 2 3 16 9 11 0 2 3 16 9 11 0 2 3 0 21.9789397716522217
0 2 7 5 30 3 5 30 3 12 16 2 0 2 11 1 2 3 0 2 7 12 16 2 0 2 3 1 2 11 16 18 11 1 2 3 0 2 7 16 18 11 0 2 3 0 2 3 0 2 3 1 2 3 0 2 3 0 2 3 0 21.9789398908615112
5 31 3 0 2 3 5 30 3 0 2 12 16 19 12 5 30 3 12 16 2 0 2 8 1 2 8 0 2 3 17 9 2 0 2 8 0 2 7 0 2 12 0 2 3 12 16 2 0 2 7 0 2 7 0 2 7 13 6 3 0 22.049333930015564
5 31 3 0 2 8 0 2 8 0 2 3 6 2 3 0 2 11 1 2 8 16 19 11 0 2 8 12 16 2 5 30 3 0 2 8 0 2 8 12 16 2 0 2 3 0 2 3 16 9 11 0 2 3 1 2 12 5 30 3 0 22.9499401450157166
5 30 3 0 2 8 9 2 7 0 2 8 0 2 8 0 2 8 5 30 3 1 2 3 16 6 2 16 6 2 0 2 8 1 2 11 0 2 3 0 2 3 8 18 2 0 2 7 5 30 3 1 2 8 0 2 7 0 2 3 0.000364992662313111274 21.9556710720062256
1 2 7 5 31 3 5 30 3 1 2 7 12 16 2 1 2 7 0 2 7 1 2 7 0 2 7 0 2 7 0 2 7 0 2 7 1 2 7 0 2 7 17 18 2 0 2 7 0 2 7 13 6 3 0 2 7 17 9 2 0 20.2646257877349854
0 2 7 5 31 3 5 30 3 12 16 2 17 9 2 1 2 7 0 2 7 0 2 7 13 6 3 0 2 7 0 2 7 1 2 7 12 16 2 0 2 4 1 2 4 0 2 3 0 2 3 16 6 2 12 16 2 6 2 7 0 20.5632757544517517
1 2 7 0 2 4 12 16 2 0 2 7 1 2 7 13 6 3 0 2 4 0 2 4 12 16 2 5 30 3 1 2 7 0 2 7 12 16 2 17 9 2 12 16 2 0 2 4 1 2 1 17 9 2 0 2 7 8 9 2 0 20.6559027433395386
5 30 3 5 30 3 0 2 7 0 2 7 0 2 11 12 16 2 1 2 7 13 6 3 12 16 2 1 2 7 12 16 2 17 18 2 0 2 11 12 16 2 0 2 11 13 6 3 16 30 2 0 2 11 12 16 2 0 2 7 0 20.7642358541488647
5 30 3 1 2 7 0 2 7 0 2 4 12 16 2 0 2 7 0 2 4 1 2 11 0 2 3 1 2 11 8 18 2 0 2 7 5 30 3 1 2 7 17 9 2 0 2 10 0 2 7 0 2 7 1 2 11 17 9 2 0 20.9925906658172607
5 30 3 5 30 3 8 18 2 1 2 7 0 2 7 0 2 3 0 2 7 12 16 2 16 15 2 0 2 7 17 18 2 0 2 3 1 2 4 0 2 7 1 2 7 1 2 3 0 2 7 0 2 7 0 2 3 1 2 3 0 20.9987398386001587
1 2 7 5 31 3 5 30 3 1 2 7 0 2 3 0 2 3 0 2 3 12 16 2 16 6 2 0 2 3 16 9 11 1 2 7 0 2 10 0 2 3 0 2 3 0 2 7 1 2 7 0 2 7 0 2 7 12 16 2 0 21.3628018498420715
5 30 3 0 2 11 12 16 2 0 2 7 12 16 2 6 2 12 0 2 7 0 2 11 0 2 7 6 2 7 0 2 11 6 2 11 0 2 7 6 2 7 0 2 7 0 2 7 16 15 2 17 18 2 5 31 3 5 31 3 0 21.491610050201416
5 30 3 0 2 3 12 16 2 0 2 3 8 9 2 1 2 8 12 16 2 0 2 3 13 6 3 0 2 7 12 16 2 16 19 12 12 16 2 16 6 2 0 2 7 0 2 3 0 2 12 0 2 3 0 2 3 5 30 3 0 21.7820696830749512
5 30 3 5 31 3 1 2 7 0 2 3 0 2 7 0 2 3 0 2 11 16 19 11 0 2 7 0 2 3 0 2 7 1 2 3 0 2 12 16 6 2 0 2 7 0 2 3 12 16 2 5 30 3 0 2 8 0 2 7 0 21.8541839122772217
0 2 7 0 2 7 1 2 7 5 31 3 12 16 2 0 2 7 1 2 7 1 2 7 0 2 7 1 2 7 0 2 7 17 18 2 0 2 7 1 2 7 17 9 2 5 30 3 0 2 7 0 2 7 13 6 3 0 2 7 0 20.2646257877349854
0 2 7 12 16 2 1 2 11 0 2 7 17 9 2 0 2 11 5 30 3 12 16 2 0 2 7 0 2 7 12 16 2 13 6 3 1 2 7 0 2 7 1 2 7 1 2 4 17 18 2 13 6 3 0 2 7 12 16 2 0 20.3046586513519287
5 30 3 1 2 7 0 2 7 0 2 4 12 16 2 0 2 7 0 2 4 1 2 11 0 2 3 1 2 11 8 18 2 0 2 7 5 30 3 1 2 7 17 9 2 0 2 10 0 2 7 0 2 7 1 2 11 17 9 2 0 20.9925906658172607
1 2 7 5 31 3 5 30 3 1 2 7 0 2 3 0 2 3 0 2 3 12 16 2 16 6 2 0 2 3 16 9 11 1 2 7 0 2 10 0 2 3 0 2 3 0 2 7 1 2 7 0 2 7 0 2 7 12 16 2 0 21.3628018498420715
5 30 3 0 2 11 12 16 2 0 2 7 12 16 2 6 2 12 0 2 7 0 2 11 0 2 7 6 2 7 0 2 11 6 2 11 0 2 7 6 2 7 0 2 7 0 2 7 16 15 2 17 18 2 5 31 3 5 31 3 0 21.491610050201416
12 16 2 0 2 7 16 18 11 12 16 2 5 30 3 0 2 7 12 16 2 12 16 2 8 9 2 1 2 11 0 2 7 0 2 7 1 2 1 0 2 7 0 2 7 17 18 2 0 2 7 0 2 7 5 31 3 0 2 4 0 21.6771456599235535
5 31 3 1 2 3 0 2 7 0 2 7 0 2 3 0 2 7 0 2 7 16 30 2 1 2 7 1 2 11 0 2 3 0 2 7 0 2 7 1 2 7 1 2 3 0 2 7 17 18 2 5 30 3 0 2 7 1 2 7 0 20.6688989400863647
5 30 3 1 2 7 0 2 4 0 2 7 1 2 7 0 2 7 12 16 2 1 2 3 17 18 2 0 2 7 13 6 3 16 31 2 0 2 7 12 16 2 0 2 4 0 2 7 5 30 3 1 2 7 12 16 2 0 2 7 0 20.4516056776046753
1 2 7 1 2 7 0 2 7 0 2 7 12 16 2 5 30 3 13 6 3 16 6 2 0 2 7 1 2 7 0 2 7 1 2 7 12 16 2 0 2 3 0 2 3 13 6 3 0 2 7 1 2 11 0 2 7 0 2 7 0.00885122720780289092 19.9576727151870728
1 2 4 12 16 2 0 2 7 17 1 2 0 2 7 17 18 2 0 2 7 1 2 7 8 18 2 5 30 3 5 30 3 12 16 2 0 2 3 0 2 7 0 2 7 0 2 7 0 2 7 0 2 7 1 2 7 1 2 7 0 20.7358447313308716
0 2 7 1 2 7 0 2 7 17 9 2 1 2 7 5 30 3 0 2 7 17 18 2 1 2 7 12 16 2 0 2 7 0 2 7 0 2 7 5 31 3 0 2 7 0 2 7 1 2 7 0 2 7 13 6 3 1 2 7 0 20.2646257877349854
0 2 7 12 16 2 1 2 11 0 2 7 17 9 2 0 2 7 5 30 3 12 16 2 0 2 7 0 2 7 12 16 2 13 6 3 0 2 7 0 2 7 1 2 11 1 2 4 17 18 2 13 6 3 1 2 7 12 16 2 0 20.3046585321426392
5 30 3 1 2 7 0 2 4 0 2 7 1 2 7 0 2 7 12 16 2 1 2 3 17 18 2 0 2 7 13 6 3 16 31 2 0 2 7 12 16 2 0 2 4 0 2 7 5 30 3 1 2 7 12 16 2 0 2 7 0 20.4516056776046753
1 2 3 0 2 7 0 2 7 0 2 7 0 2 7 0 2 7 1 2 7 5 30 3 0 2 7 1 2 7 0 2 7 0 2 7 17 18 2 0 2 3 5 30 3 1 2 3 1 2 3 16 31 2 1 2 11 0 2 7 0 20.6688988208770752
0 2 4 0 2 7 5 31 3 0 2 7 0 2 7 5 31 3 16 6 2 0 2 7 1 2 7 0 2 7 1 2 11 6 2 7 12 16 2 0 2 7 0 2 3 17 9 2 0 2 7 12 16 2 1 2 7 6 2 4 0 20.783288836479187
1 2 7 5 30 3 1 2 7 0 2 4 8 9 2 0 2 7 1 2 11 0 2 11 0 2 11 1 2 7 1 2 7 5 30 3 0 2 4 17 18 2 0 2 11 0 2 7 0 2 7 0 2 7 1 2 3 17 9 2 0 20.8198410272598267
5 30 3 12 16 2 1 2 11 12 16 2 0 2 7 0 2 4 0 2 7 0 2 11 0 2 7 8 9 2 13 6 3 0 2 7 1 2 7 1 2 11 1 2 12 0 2 3 17 18 2 5 30 3 0 2 7 17 18 2 0 20.9277497529983521
1 2 7 5 31 3 5 30 3 1 2 7 0 2 3 0 2 3 0 2 3 12 16 2 16 6 2 0 2 3 16 9 11 1 2 7 0 2 10 0 2 3 0 2 3 0 2 7 1 2 7 0 2 7 0 2 7 12 16 2 0 21.3628018498420715
5 30 3 0 2 11 12 16 2 0 2 7 12 16 2 6 2 12 0 2 7 0 2 11 0 2 7 6 2 7 0 2 11 6 2 11 0 2 7 6 2 7 0 2 7 0 2 7 16 15 2 17 18 2 5 31 3 5 31 3 0 21.491610050201416
5 31 3 12 16 2 12 16 2 0 2 7 0 2 7 0 2 7 1 2 4 13 6 3 0 2 7 0 2 7 17 18 2 5 30 3 0 2 3 16 6 2 1 2 7 1 2 4 6 2 7 0 2 7 12 16 2 0 2 3 0 20.5632757544517517
5 30 3 0 2 7 0 2 7 1 2 7 1 2 7 1 2 7 0 2 7 17 18 2 0 2 7 0 2 7 0 2 7 13 6 3 12 16 2 1 2 7 5 31 3 0 2 7 17 9 2 1 2 7 0 2 7 0 2 7 0 20.2646257877349854
0 2 7 12 16 2 1 2 11 0 2 7 17 9 2 0 2 7 5 30 3 12 16 2 0 2 7 0 2 7 12 16 2 13 6 3 0 2 7 0 2 7 1 2 11 1 2 4 17 18 2 13 6 3 1 2 7 12 16 2 0 20.3046585321426392
5 30 3 1 2 7 0 2 4 0 2 7 1 2 7 0 2 7 12 16 2 1 2 3 17 18 2 0 2 7 13 6 3 16 31 2 0 2 7 12 16 2 0 2 4 0 2 7 5 30 3 1 2 7 12 16 2 0 2 7 0 20.4516056776046753
17 9 2 0 2 1 1 2 7 0 2 4 5 30 3 0 2 7 0 2 7 0 2 7 0 2 4 17 18 2 0 2 4 12 16 2 8 18 2 12 16 2 12 16 2 13 6 3 1 2 7 1 2 7 1 2 4 12 16 2 0 20.6559027433395386
1 2 3 0 2 7 0 2 7 0 2 7 0 2 7 0 2 7 1 2 7 5 30 3 0 2 7 1 2 7 0 2 7 0 2 7 17 18 2 0 2 3 5 30 3 1 2 3 1 2 3 16 31 2 1 2 11 0 2 7 0 20.6688988208770752
17 9 2 5 30 3 0 2 7 0 2 7 0 2 7 0 2 7 0 2 3 0 2 7 12 16 2 0 2 7 12 16 2 0 2 7 1 2 7 1 2 7 17 1 2 1 2 7 5 30 3 8 9 2 0 2 7 1 2 4 0 20.7358447313308716
0 2 7 5 31 3 0 2 7 0 2 7 0 2 7 1 2 3 0 2 7 12 16 2 0 2 7 17 9 2 0 2 3 1 2 3 0 2 3 5 30 3 16 6 2 0 2 3 1 2 7 13 6 3 12 16 2 1 2 7 0 20.7791848182678223
0 2 4 0 2 7 5 31 3 0 2 7 0 2 7 5 31 3 16 6 2 0 2 7 1 2 7 0 2 7 1 2 11 6 2 7 12 16 2 0 2 7 0 2 3 17 9 2 0 2 7 12 16 2 1 2 7 6 2 4 0 20.783288836479187
1 2 7 5 30 3 1 2 7 0 2 4 8 9 2 0 2 7 1 2 11 0 2 11 0 2 11 1 2 7 1 2 7 5 30 3 0 2 4 17 18 2 0 2 11 0 2 7 0 2 7 0 2 7 1 2 3 17 9 2 0 20.8198410272598267
5 30 3 12 16 2 1 2 11 12 16 2 0 2 7 0 2 4 0 2 7 0 2 11 0 2 7 8 9 2 13 6 3 0 2 7 1 2 7 1 2 11 1 2 12 0 2 3 17 18 2 5 30 3 0 2 7 17 18 2 0 20.9277497529983521
0 2 7 0 2 7 0 2 7 1 2 7 5 30 3 0 2 7 17 18 2 0 2 7 1 2 7 1 2 7 5 31 3 0 2 7 12 16 2 1 2 7 17 9 2 13 6 3 1 2 7 0 2 7 0 2 7 0 2 7 0 20.2646257877349854
0 2 7 12 16 2 0 2 7 17 9 2 1 2 11 5 30 3 12 16 2 0 2 7 0 2 7 13 6 3 0 2 7 1 2 11 1 2 7 12 16 2 0 2 7 1 2 7 0 2 4 17 18 2 13 6 3 12 16 2 0 20.3046585321426392
1 2 4 5 30 3 0 2 7 1 2 7 0 2 7 0 2 7 12 16 2 17 9 2 0 2 7 5 30 3 16 31 2 1 2 3 13 6 3 12 16 2 0 2 7 0 2 7 0 2 7 12 16 2 1 2 4 0 2 7 0 20.4516056776046753
0 2 4 1 2 7 0 2 7 1 2 7 15 2 11 1 2 7 17 18 2 12 16 2 0 2 11 12 16 2 0 2 7 5 30 3 0 2 7 0 2 7 0 2 7 0 2 11 17 18 2 5 30 3 13 6 3 1 2 4 0 20.6221418380737305
0 2 4 12 16 2 0 2 4 5 30 3 17 18 2 0 2 1 12 16 2 17 9 2 1 2 7 12 16 2 1 2 7 1 2 7 12 16 2 0 2 7 0 2 4 13 6 3 8 18 2 1 2 7 0 2 7 0 2 4 0 20.6559027433395386
1 2 3 0 2 7 0 2 7 0 2 7 0 2 7 0 2 7 1 2 7 5 30 3 0 2 7 1 2 7 0 2 7 0 2 7 17 18 2 0 2 3 5 30 3 1 2 3 1 2 3 16 31 2 1 2 11 0 2 7 0 20.6688988208770752
17 1 2 5 30 3 1 2 7 0 2 7 1 2 7 1 2 7 0 2 7 0 2 7 12 16 2 0 2 7 12 16 2 0 2 7 0 2 4 5 30 3 8 18 2 0 2 7 0 2 7 17 9 2 0 2 3 1 2 7 0 20.7358447313308716
0 2 7 5 31 3 0 2 7 0 2 7 0 2 7 0 2 7 12 16 2 17 9 2 0 2 3 5 30 3 16 6 2 1 2 7 13 6 3 12 16 2 1 2 7 1 2 3 0 2 7 1 2 3 0 2 3 0 2 3 0 20.7791848182678223
1 2 7 5 30 3 1 2 7 0 2 4 8 9 2 0 2 7 1 2 11 0 2 11 0 2 11 1 2 7 1 2 7 5 30 3 0 2 4 17 18 2 0 2 11 0 2 7 0 2 7 0 2 7 1 2 3 17 9 2 0 20.8198410272598267
0 2 7 0 2 7 0 2 7 1 2 7 5 30 3 1 2 7 17 18 2 12 16 2 0 2 7 12 16 2 8 18 2 0 2 4 0 2 7 0 2 4 5 30 3 1 2 3 1 2 4 16 31 2 1 2 11 0 2 1 0.00731929961059548696 20.9232997894287109
0 2 7 0 2 7 0 2 7 0 2 7 1 2 7 1 2 7 1 2 7 0 2 7 13 6 3 12 16 2 5 30 3 1 2 7 0 2 7 1 2 7 17 18 2 5 31 3 0 2 7 0 2 7 0 2 7 17 18 2 0 20.2646257877349854
1 2 7 0 2 7 0 2 7 0 2 7 12 16 2 12 16 2 17 9 2 13 6 3 12 16 2 17 9 2 1 2 11 12 16 2 0 2 7 13 6 3 1 2 11 5 30 3 0 2 7 0 2 4 0 2 7 1 2 7 0 20.3046585321426392
1 2 4 5 30 3 0 2 7 1 2 7 0 2 7 0 2 7 12 16 2 17 9 2 0 2 7 5 30 3 16 31 2 1 2 3 13 6 3 12 16 2 0 2 7 0 2 7 0 2 7 12 16 2 1 2 4 0 2 7 0 20.4516056776046753
0 2 7 0 2 7 0 2 7 12 16 2 13 6 3 1 2 7 1 2 3 0 2 7 5 31 3 1 2 7 17 18 2 0 2 7 5 30 3 1 2 7 0 2 4 12 16 2 16 30 2 0 2 4 12 16 2 0 2 7 0 20.4516057968139648
1 2 7 0 2 4 1 2 4 0 2 4 12 16 2 12 16 2 17 9 2 5 31 3 13 6 3 12 16 2 1 2 1 12 16 2 0 2 4 0 2 4 17 9 2 0 2 7 0 2 7 0 2 7 1 2 7 1 2 7 0 20.6123768091201782
1 2 4 0 2 7 1 2 7 0 2 7 12 16 2 12 16 2 17 9 2 13 6 3 0 2 7 5 31 3 0 2 7 0 2 7 1 2 4 12 16 2 17 9 2 1 2 4 12 16 2 0 2 1 1 2 4 0 2 4 0 20.6123768091201782
0 2 4 1 2 7 0 2 7 1 2 7 15 2 11 1 2 7 17 18 2 12 16 2 0 2 11 12 16 2 0 2 7 5 30 3 0 2 7 0 2 7 0 2 7 0 2 11 17 18 2 5 30 3 13 6 3 1 2 4 0 20.6221418380737305
1 2 3 0 2 7 0 2 7 0 2 7 0 2 7 0 2 7 1 2 7 5 30 3 0 2 7 1 2 7 0 2 7 0 2 7 17 18 2 0 2 3 5 30 3 1 2 3 1 2 3 16 31 2 1 2 11 0 2 7 0 20.6688988208770752
17 1 2 5 30 3 1 2 7 0 2 7 1 2 7 1 2 7 0 2 7 0 2 7 12 16 2 0 2 7 12 16 2 0 2 7 0 2 4 5 30 3 8 18 2 0 2 7 0 2 7 17 9 2 0 2 3 1 2 7 0 20.7358447313308716
0 2 7 5 31 3 0 2 7 0 2 7 0 2 7 0 2 7 12 16 2 17 9 2 0 2 3 5 30 3 16 6 2 1 2 7 13 6 3 12 16 2 1 2 7 1 2 3 0 2 7 1 2 3 0 2 3 0 2 3 0 20.7791848182678223
1 2 7 0 2 7 0 2 7 0 2 7 0 2 7 13 6 3 0 2 7 1 2 7 17 9 2 5 30 3 0 2 7 0 2 7 5 31 3 1 2 7 1 2 7 17 9 2 12 16 2 0 2 7 0 2 7 1 2 7 0 20.2646257877349854
0 2 7 0 2 7 12 16 2 12 16 2 17 9 2 13 6 3 17 9 2 0 2 7 0 2 7 0 2 7 1 2 7 12 16 2 12 16 2 13 6 3 1 2 7 1 2 11 0 2 4 5 30 3 1 2 11 0 2 7 0 20.3046585321426392
1 2 7 0 2 11 12 16 2 12 16 2 17 9 2 5 31 3 13 6 3 12 16 2 0 2 7 0 2 7 1 2 7 1 2 7 0 2 7 1 2 7 13 6 3 12 16 2 17 9 2 0 2 7 0 2 3 0 2 7 0 20.4253377914428711
1 2 4 5 30 3 0 2 7 1 2 7 0 2 7 0 2 7 12 16 2 17 9 2 0 2 7 5 30 3 16 31 2 1 2 3 13 6 3 12 16 2 0 2 7 0 2 7 0 2 7 12 16 2 1 2 4 0 2 7 0 20.4516056776046753
0 2 4 5 31 3 0 2 4 0 2 7 0 2 7 12 16 2 17 9 2 0 2 7 13 6 3 12 16 2 0 2 7 1 2 7 0 2 7 5 30 3 16 30 2 1 2 3 0 2 7 1 2 7 12 16 2 1 2 7 0 20.4516057968139648
1 2 7 0 2 4 1 2 4 12 16 2 12 16 2 17 9 2 5 31 3 13 6 3 12 16 2 12 16 2 17 9 2 0 2 7 0 2 7 0 2 7 0 2 4 0 2 1 1 2 4 0 2 7 1 2 7 1 2 4 0 20.6123768091201782
0 2 4 1 2 7 0 2 7 1 2 7 15 2 11 1 2 7 17 18 2 12 16 2 0 2 11 12 16 2 0 2 7 5 30 3 0 2 7 0 2 7 0 2 7 0 2 11 17 18 2 5 30 3 13 6 3 1 2 4 0 20.6221418380737305
1 2 3 0 2 7 0 2 7 0 2 7 0 2 7 0 2 7 1 2 7 5 30 3 0 2 7 1 2 7 0 2 7 0 2 7 17 18 2 0 2 3 5 30 3 1 2 3 1 2 3 16 31 2 1 2 11 0 2 7 0 20.6688988208770752
0 2 7 0 2 7 0 2 3 1 2 7 12 16 2 12 16 2 17 1 2 5 30 3 5 30 3 0 2 7 0 2 7 0 2 7 0 2 7 1 2 7 0 2 4 17 9 2 1 2 7 0 2 7 8 18 2 1 2 7 0 20.7358447313308716
0 2 7 5 31 3 0 2 7 0 2 7 0 2 7 0 2 7 12 16 2 17 9 2 0 2 3 5 30 3 16 6 2 1 2 7 13 6 3 12 16 2 1 2 7 1 2 3 0 2 7 1 2 3 0 2 3 0 2 3 0 20.7791848182678223
0 2 7 0 2 7 0 2 7 17 9 2 0 2 7 13 6 3 17 9 2 0 2 7 1 2 7 1 2 7 1 2 7 0 2 7 5 31 3 1 2 7 0 2 7 0 2 7 1 2 7 5 30 3 12 16 2 0 2 7 0 20.2646257877349854
1 2 11 0 2 7 12 16 2 12 16 2 17 9 2 5 30 3 13 6 3 12 16 2 0 2 4 1 2 7 1 2 11 0 2 7 1 2 7 0 2 7 13 6 3 12 16 2 17 9 2 0 2 7 0 2 7 0 2 7 0 20.3046585321426392
0 2 7 0 2 11 12 16 2 12 16 2 17 9 2 5 30 3 13 6 3 12 16 2 0 2 11 1 2 7 1 2 7 0 2 7 0 2 7 1 2 7 13 6 3 12 16 2 17 18 2 0 2 7 1 2 7 0 2 4 0 20.3046587705612183
0 2 7 0 2 7 1 2 7 0 2 7 0 2 7 17 18 2 12 16 2 6 2 7 12 16 2 13 6 3 5 30 3 0 2 7 0 2 4 1 2 7 0 2 7 0 2 4 17 9 2 1 2 7 5 31 3 1 2 7 0 20.3487167954444885
1 2 4 5 30 3 0 2 7 1 2 7 0 2 7 0 2 7 12 16 2 17 9 2 0 2 7 5 30 3 16 31 2 1 2 3 13 6 3 12 16 2 0 2 7 0 2 7 0 2 7 12 16 2 1 2 4 0 2 7 0 20.4516056776046753
1 2 7 12 16 2 12 16 2 17 9 2 5 31 3 13 6 3 12 16 2 12 16 2 17 9 2 0 2 7 0 2 7 0 2 7 0 2 7 1 2 7 0 2 4 1 2 4 0 2 4 0 2 1 1 2 4 1 2 4 0 20.6123768091201782
0 2 4 1 2 7 0 2 7 1 2 7 15 2 11 1 2 7 17 18 2 12 16 2 0 2 11 12 16 2 0 2 7 5 30 3 0 2 7 0 2 7 0 2 7 0 2 11 17 18 2 5 30 3 13 6 3 1 2 4 0 20.6221418380737305
1 2 3 0 2 7 0 2 7 0 2 7 0 2 7 0 2 7 1 2 7 5 30 3 0 2 7 1 2 7 0 2 7 0 2 7 17 18 2 0 2 3 5 30 3 1 2 3 1 2 3 16 31 2 1 2 11 0 2 7 0 20.6688988208770752
0 2 7 0 2 7 0 2 3 1 2 7 12 16 2 12 16 2 17 1 2 5 30 3 5 30 3 0 2 7 0 2 7 0 2 7 0 2 7 1 2 7 0 2 4 17 9 2 1 2 7 0 2 7 8 18 2 1 2 7 0 20.7358447313308716
0 2 7 1 2 7 0 2 7 0 2 7 12 16 2 13 6 3 5 30 3 0 2 7 1 2 7 1 2 7 0 2 7 0 2 4 12 16 2 0 2 7 17 9 2 1 2 7 0 2 7 12 16 2 0 2 11 0 2 7 0.00788591201790203589 20.5220047235488892
5 31 3 0 2 7 0 2 7 1 2 7 5 30 3 0 2 7 1 2 7 0 2 7 0 2 7 1 2 7 0 2 7 0 2 7 0 2 7 0 2 7 13 6 3 1 2 7 1 2 7 17 9 2 17 9 2 12 16 2 0 20.2646257877349854
1 2 11 0 2 4 0 2 7 0 2 7 1 2 7 12 16 2 12 16 2 13 6 3 5 30 3 17 9 2 1 2 7 13 6 3 12 16 2 12 16 2 0 2 7 0 2 7 0 2 7 0 2 7 17 9 2 1 2 11 0 20.3046585321426392
5 30 3 0 2 7 1 2 7 0 2 7 17 9 2 0 2 11 1 2 7 0 2 11 1 2 4 0 2 7 0 2 7 1 2 7 12 16 2 13 6 3 13 6 3 12 16 2 12 16 2 0 2 7 17 9 2 12 16 2 0 20.3046587705612183
5 31 3 0 2 4 0 2 7 0 2 7 12 16 2 17 9 2 1 2 7 13 6 3 0 2 4 1 2 7 0 2 7 5 30 3 0 2 7 0 2 7 0 2 7 1 2 7 12 16 2 6 2 7 1 2 7 17 18 2 0 20.3487167954444885
1 2 4 5 30 3 0 2 7 1 2 7 0 2 7 0 2 7 12 16 2 17 9 2 0 2 7 5 30 3 16 31 2 1 2 3 13 6 3 12 16 2 0 2 7 0 2 7 0 2 7 12 16 2 1 2 4 0 2 7 0 20.4516056776046753
0 2 7 0 2 7 12 16 2 17 9 2 0 2 7 13 6 3 0 2 7 5 30 3 0 2 4 1 2 7 0 2 7 12 16 2 1 2 7 1 2 4 0 2 3 12 16 2 5 30 3 1 2 7 16 31 2 0 2 7 0 20.4516056776046753
0 2 7 1 2 7 0 2 7 0 2 3 0 2 4 0 2 7 5 31 3 5 30 3 1 2 4 1 2 10 1 2 7 17 18 2 0 2 7 0 2 7 0 2 7 1 2 7 0 2 10 1 2 7 17 9 2 0 2 7 0 20.5764669179916382
0 2 7 0 2 7 1 2 4 0 2 7 6 2 7 1 2 7 5 31 3 0 2 7 1 2 7 0 2 7 0 2 7 1 2 4 17 9 2 0 2 7 1 2 7 12 16 2 0 2 7 17 9 2 0 2 7 5 31 3 0 20.5928369164466858
1 2 7 12 16 2 12 16 2 17 9 2 5 31 3 13 6 3 12 16 2 12 16 2 17 9 2 0 2 7 0 2 7 0 2 7 0 2 7 1 2 7 0 2 4 1 2 4 0 2 4 0 2 1 1 2 4 1 2 4 0 20.6123768091201782
0 2 7 0 2 7 0 2 4 1 2 7 0 2 7 0 2 7 5 31 3 17 18 2 0 2 7 1 2 7 1 2 7 5 31 3 0 2 7 12 16 2 16 30 2 1 2 7 12 16 2 0 2 7 0 2 7 1 2 7 0 20.6157258749008179
0 2 7 0 2 7 0 2 7 17 9 2 1 2 7 1 2 7 0 2 7 12 16 2 1 2 7 0 2 7 0 2 7 0 2 7 5 31 3 0 2 7 0 2 7 13 6 3 17 9 2 1 2 7 5 30 3 1 2 7 0 20.2646257877349854
1 2 11 0 2 7 0 2 7 12 16 2 12 16 2 13 6 3 5 30 3 17 9 2 1 2 7 13 6 3 12 16 2 12 16 2 1 2 7 0 2 7 0 2 7 17 9 2 1 2 11 0 2 7 0 2 4 0 2 7 0 20.3046585321426392
0 2 7 0 2 7 1 2 7 12 16 2 12 16 2 13 6 3 5 30 3 17 9 2 1 2 7 13 6 3 12 16 2 12 16 2 0 2 4 0 2 7 0 2 7 17 9 2 1 2 7 1 2 7 0 2 11 0 2 11 0 20.3046587705612183
0 2 7 0 2 7 0 2 7 12 16 2 12 16 2 13 6 3 5 30 3 17 9 2 6 2 7 0 2 4 1 2 7 17 9 2 1 2 7 1 2 7 0 2 7 5 31 3 0 2 7 0 2 7 1 2 4 0 2 7 0 20.3487167954444885
1 2 4 5 30 3 0 2 7 1 2 7 0 2 7 0 2 7 12 16 2 17 9 2 0 2 7 5 30 3 16 31 2 1 2 3 13 6 3 12 16 2 0 2 7 0 2 7 0 2 7 12 16 2 1 2 4 0 2 7 0 20.4516056776046753
0 2 7 0 2 7 12 16 2 17 9 2 0 2 7 13 6 3 0 2 7 5 30 3 0 2 4 1 2 7 0 2 7 12 16 2 1 2 7 1 2 4 0 2 3 12 16 2 5 30 3 1 2 7 16 31 2 0 2 7 0 20.4516056776046753
0 2 7 0 2 7 0 2 7 17 9 2 1 2 7 1 2 7 0 2 7 12 16 2 1 2 7 0 2 7 0 2 7 0 2 7 5 31 3 0 2 7 0 2 7 5 31 3 1 2 4 0 2 4 6 2 7 16 6 2 0 20.4595978856086731
0 2 7 1 2 7 0 2 7 0 2 7 0 2 7 0 2 4 5 31 3 17 18 2 0 2 4 1 2 7 1 2 7 5 31 3 0 2 3 12 16 2 16 30 2 1 2 7 1 2 7 0 2 7 0 2 7 0 2 7 0 20.5479279756546021
0 2 7 1 2 7 0 2 4 0 2 3 0 2 7 0 2 7 5 31 3 5 30 3 1 2 4 1 2 7 1 2 7 17 18 2 0 2 7 1 2 7 0 2 7 0 2 3 0 2 7 1 2 7 17 9 2 0 2 7 0 20.5684669017791748
1 2 7 12 16 2 12 16 2 17 9 2 5 31 3 13 6 3 12 16 2 12 16 2 17 9 2 0 2 7 0 2 7 0 2 7 0 2 7 1 2 7 0 2 4 1 2 4 0 2 4 0 2 1 1 2 4 1 2 4 0 20.6123768091201782
0 2 7 0 2 7 1 2 7 5 30 3 0 2 7 0 2 7 17 9 2 0 2 7 5 31 3 1 2 7 1 2 7 12 16 2 1 2 7 0 2 7 13 6 3 1 2 7 0 2 7 17 18 2 0 2 7 0 2 7 0 20.2646257877349854
1 2 11 0 2 7 0 2 7 12 16 2 12 16 2 13 6 3 5 30 3 17 9 2 1 2 7 13 6 3 12 16 2 12 16 2 1 2 7 0 2 7 0 2 7 17 9 2 1 2 11 0 2 7 0 2 4 0 2 7 0 20.3046585321426392
0 2 7 0 2 7 1 2 7 12 16 2 12 16 2 13 6 3 5 30 3 17 9 2 1 2 7 13 6 3 12 16 2 12 16 2 0 2 4 0 2 7 0 2 7 17 9 2 1 2 7 1 2 7 0 2 11 0 2 11 0 20.3046587705612183
0 2 7 0 2 7 1 2 7 0 2 4 5 30 3 0 2 4 0 2 7 0 2 7 17 9 2 0 2 7 5 31 3 17 18 2 1 2 7 1 2 7 12 16 2 1 2 7 12 16 2 0 2 7 6 2 7 13 6 3 0 20.3487167954444885
1 2 4 5 30 3 0 2 7 1 2 7 0 2 7 0 2 7 12 16 2 17 9 2 0 2 7 5 30 3 16 31 2 1 2 3 13 6 3 12 16 2 0 2 7 0 2 7 0 2 7 12 16 2 1 2 4 0 2 7 0 20.4516056776046753
0 2 7 0 2 7 12 16 2 17 9 2 0 2 7 13 6 3 0 2 7 5 30 3 0 2 4 1 2 7 0 2 7 12 16 2 1 2 7 1 2 4 0 2 3 12 16 2 5 30 3 1 2 7 16 31 2 0 2 7 0 20.4516056776046753
0 2 7 0 2 7 0 2 7 17 9 2 1 2 7 1 2 7 0 2 7 12 16 2 1 2 7 0 2 7 0 2 7 0 2 7 5 31 3 0 2 7 0 2 7 5 31 3 1 2 4 0 2 4 6 2 7 16 6 2 0 20.4595978856086731
0 2 7 1 2 7 0 2 7 0 2 7 5 30 3 1 2 4 0 2 7 0 2 7 0 2 4 17 9 2 0 2 7 0 2 7 0 2 7 5 31 3 1 2 7 0 2 3 16 31 2 1 2 7 1 2 7 12 16 2 0 20.5479278564453125
0 2 7 1 2 7 0 2 7 0 2 7 0 2 7 0 2 4 5 31 3 17 18 2 0 2 4 1 2 7 1 2 7 5 31 3 0 2 3 12 16 2 16 30 2 1 2 7 1 2 7 0 2 7 0 2 7 0 2 7 0 20.5479279756546021
1 2 7 12 16 2 12 16 2 17 9 2 5 31 3 13 6 3 12 16 2 12 16 2 17 9 2 0 2 7 0 2 7 0 2 7 0 2 7 1 2 7 0 2 4 1 2 4 0 2 4 0 2 1 1 2 4 1 2 4 0 20.6123768091201782
5 30 3 0 2 7 1 2 7 0 2 7 0 2 7 1 2 7 17 9 2 0 2 7 13 6 3 0 2 7 1 2 7 0 2 7 0 2 7 5 31 3 1 2 7 0 2 7 12 16 2 1 2 7 17 9 2 0 2 7 0 20.2646257877349854
0 2 7 0 2 7 1 2 7 12 16 2 12 16 2 13 6 3 5 30 3 17 9 2 1 2 7 12 16 2 0 2 4 0 2 7 0 2 7 0 2 7 0 2 7 13 6 3 12 16 2 17 9 2 1 2 11 1 2 11 0 20.3046585321426392
0 2 7 0 2 7 1 2 7 12 16 2 12 16 2 13 6 3 5 30 3 17 9 2 1 2 7 13 6 3 12 16 2 12 16 2 0 2 4 0 2 7 0 2 7 17 9 2 1 2 7 1 2 7 0 2 11 0 2 11 0 20.3046587705612183
1 2 4 5 30 3 0 2 7 1 2 7 0 2 7 0 2 7 12 16 2 17 9 2 0 2 7 13 6 3 12 16 2 0 2 7 0 2 7 0 2 7 1 2 4 0 2 7 5 31 3 17 18 2 1 2 7 6 2 7 0 20.3487167954444885
0 2 7 0 2 7 5 30 3 1 2 7 0 2 4 17 9 2 0 2 7 5 31 3 0 2 7 0 2 7 12 16 2 13 6 3 12 16 2 6 2 7 0 2 4 0 2 7 17 9 2 1 2 7 1 2 7 1 2 7 0 20.3487167954444885
0 2 7 0 2 7 1 2 7 12 16 2 12 16 2 13 6 3 5 30 3 17 9 2 1 2 7 12 16 2 0 2 4 0 2 7 0 2 7 0 2 7 0 2 7 1 2 7 1 2 4 5 30 3 16 31 2 0 2 3 0 20.4516056776046753
5 30 3 0 2 7 1 2 7 0 2 7 0 2 7 12 16 2 17 9 2 0 2 7 13 6 3 0 2 7 0 2 7 0 2 7 0 2 7 12 16 2 5 30 3 1 2 3 16 31 2 12 16 2 1 2 4 1 2 4 0 20.4516056776046753
1 2 7 1 2 7 0 2 7 12 16 2 12 16 2 13 6 3 5 30 3 17 18 2 0 2 4 12 16 2 0 2 4 5 30 3 0 2 7 1 2 3 0 2 7 1 2 7 0 2 7 0 2 7 16 31 2 0 2 7 0 20.4516056776046753
0 2 7 0 2 7 0 2 7 17 9 2 1 2 7 1 2 7 0 2 7 12 16 2 1 2 7 0 2 7 0 2 7 0 2 7 5 31 3 0 2 7 0 2 7 5 31 3 1 2 4 0 2 4 6 2 7 16 6 2 0 20.4595978856086731
0 2 7 1 2 7 0 2 7 0 2 7 5 30 3 1 2 4 0 2 7 0 2 7 0 2 4 17 9 2 0 2 7 0 2 7 0 2 7 5 31 3 1 2 7 0 2 3 16 31 2 1 2 7 1 2 7 12 16 2 0 20.5479278564453125
0 2 7 0 2 7 0 2 7 5 31 3 0 2 7 17 9 2 0 2 7 1 2 7 1 2 7 17 9 2 1 2 7 1 2 7 1 2 7 5 30 3 13 6 3 0 2 7 12 16 2 0 2 7 0 2 7 0 2 7 0 20.2646257877349854
0 2 7 0 2 7 12 16 2 12 16 2 13 6 3 5 30 3 17 9 2 0 2 7 1 2 7 0 2 7 13 6 3 12 16 2 12 16 2 17 9 2 1 2 11 0 2 7 1 2 7 1 2 11 0 2 7 0 2 4 0 20.3046585321426392
5 30 3 0 2 7 6 2 7 1 2 7 0 2 7 12 16 2 17 9 2 0 2 4 13 6 3 0 2 7 0 2 7 0 2 7 1 2 4 17 18 2 0 2 7 0 2 7 1 2 7 12 16 2 5 31 3 1 2 7 0 20.3487167954444885
0 2 7 1 2 7 1 2 7 12 16 2 12 16 2 13 6 3 17 9 2 0 2 7 0 2 4 0 2 7 17 9 2 1 2 7 5 30 3 5 31 3 0 2 4 0 2 7 0 2 7 6 2 7 1 2 7 0 2 7 0 20.3487167954444885
5 30 3 0 2 7 1 2 7 0 2 7 0 2 7 12 16 2 17 9 2 0 2 7 13 6 3 0 2 7 0 2 7 0 2 7 0 2 7 12 16 2 5 30 3 1 2 3 16 31 2 12 16 2 1 2 4 1 2 4 0 20.4516056776046753
0 2 4 1 2 4 0 2 7 12 16 2 12 16 2 13 6 3 5 30 3 12 16 2 0 2 7 1 2 7 0 2 7 0 2 7 0 2 3 17 18 2 0 2 7 1 2 7 5 30 3 1 2 7 16 31 2 0 2 7 0 20.4516056776046753
0 2 7 0 2 7 0 2 7 17 9 2 1 2 7 1 2 7 0 2 7 12 16 2 1 2 7 0 2 7 0 2 7 0 2 7 5 31 3 0 2 7 0 2 7 5 31 3 1 2 4 0 2 4 6 2 7 16 6 2 0 20.4595978856086731
0 2 7 1 2 7 0 2 7 0 2 7 5 30 3 1 2 4 0 2 7 0 2 7 0 2 4 17 9 2 0 2 7 0 2 7 0 2 7 5 31 3 1 2 7 0 2 3 16 31 2 1 2 7 1 2 7 12 16 2 0 20.5479278564453125
5 30 3 1 2 7 0 2 7 0 2 7 0 2 7 12 16 2 17 9 2 0 2 7 13 6 3 0 2 7 0 2 7 1 2 7 0 2 7 12 16 2 0 2 7 6 2 7 1 2 7 12 16 2 5 31 3 0 2 7 0 20.7096197009086609
0 2 7 0 2 7 12 16 2 13 6 3 5 30 3 17 9 2 0 2 7 1 2 7 0 2 7 17 9 2 0 2 7 1 2 7 0 2 7 12 16 2 0 2 7 12 16 2 0 2 7 1 2 11 1 2 11 1 2 7 0.000534932314756439995 20.4684995412826538
0 2 7 1 2 7 0 2 7 13 6 3 0 2 7 5 30 3 1 2 7 0 2 7 0 2 7 0 2 7 0 2 7 12 16 2 17 18 2 5 31 3 17 9 2 0 2 7 1 2 7 0 2 7 1 2 7 1 2 7 0 20.2646257877349854
1 2 7 0 2 7 12 16 2 12 16 2 13 6 3 0 2 7 0 2 7 0 2 7 12 16 2 0 2 7 13 6 3 1 2 11 5 30 3 1 2 7 12 16 2 17 9 2 0 2 7 1 2 11 0 2 4 17 9 2 0 20.3046585321426392
0 2 7 1 2 7 0 2 11 13 6 3 0 2 7 5 30 3 1 2 7 0 2 7 0 2 7 0 2 7 12 16 2 17 9 2 12 16 2 12 16 2 17 18 2 12 16 2 1 2 11 1 2 4 0 2 7 13 6 3 0 20.3046586513519287
0 2 7 1 2 7 12 16 2 13 6 3 17 9 2 0 2 4 5 30 3 1 2 7 0 2 7 0 2 7 0 2 7 12 16 2 0 2 7 0 2 7 17 9 2 5 31 3 6 2 7 1 2 7 0 2 4 1 2 7 0 20.3487167954444885
0 2 7 1 2 7 0 2 4 13 6 3 0 2 7 5 30 3 1 2 7 0 2 7 0 2 7 0 2 7 0 2 7 12 16 2 17 18 2 5 31 3 17 9 2 0 2 7 1 2 7 6 2 7 1 2 4 12 16 2 0 20.3487167954444885
0 2 7 1 2 7 0 2 7 13 6 3 0 2 7 5 30 3 1 2 7 0 2 7 0 2 7 0 2 7 0 2 7 12 16 2 17 18 2 5 31 3 17 9 2 6 2 4 1 2 4 0 2 7 12 16 2 1 2 7 0 20.3487167954444885
0 2 7 1 2 7 12 16 2 13 6 3 17 9 2 5 30 3 1 2 7 0 2 7 0 2 7 0 2 7 0 2 7 0 2 7 5 31 3 1 2 7 1 2 7 0 2 4 12 16 2 17 9 2 0 2 7 1 2 7 0 20.3924237489700317
0 2 7 1 2 7 0 2 7 13 6 3 0 2 7 5 30 3 1 2 7 0 2 7 0 2 7 0 2 7 12 16 2 17 9 2 12 16 2 0 2 7 0 2 4 5 31 3 6 2 4 17 9 2 1 2 11 1 2 7 0 20.448316752910614
1 2 4 0 2 7 12 16 2 12 16 2 13 6 3 5 30 3 12 16 2 0 2 7 1 2 7 0 2 7 0 2 7 0 2 7 5 30 3 16 31 2 0 2 7 0 2 7 0 2 3 17 18 2 1 2 4 1 2 7 0 20.4516056776046753
0 2 4 12 16 2 12 16 2 13 6 3 5 30 3 12 16 2 0 2 7 1 2 7 0 2 7 0 2 7 1 2 7 0 2 7 1 2 3 0 2 7 5 30 3 16 31 2 0 2 7 1 2 7 17 18 2 0 2 4 0 20.4516056776046753
1 2 7 1 2 7 13 6 3 0 2 7 5 30 3 1 2 7 0 2 7 1 2 7 0 2 7 0 2 7 12 16 2 5 31 3 17 9 2 0 2 7 1 2 7 0 2 7 17 9 2 0 2 7 0 2 7 0 2 7 0 20.2646257877349854
0 2 7 1 2 7 13 6 3 0 2 7 5 30 3 0 2 7 0 2 7 0 2 7 1 2 7 1 2 7 17 18 2 12 16 2 1 2 7 0 2 7 0 2 7 0 2 7 5 31 3 1 2 7 17 18 2 0 2 7 0 20.2646257877349854
1 2 11 0 2 7 12 16 2 12 16 2 13 6 3 0 2 7 0 2 7 1 2 11 12 16 2 0 2 7 13 6 3 1 2 7 5 30 3 12 16 2 17 9 2 0 2 7 1 2 7 0 2 7 17 18 2 0 2 4 0 20.3046585321426392
1 2 7 0 2 7 12 16 2 12 16 2 13 6 3 0 2 7 0 2 7 0 2 7 12 16 2 0 2 7 13 6 3 1 2 11 5 30 3 12 16 2 17 9 2 0 2 7 1 2 4 1 2 11 0 2 7 17 9 2 0 20.3046585321426392
0 2 7 0 2 7 1 2 7 13 6 3 5 30 3 0 2 7 1 2 7 0 2 7 12 16 2 17 9 2 12 16 2 0 2 7 12 16 2 13 6 3 12 16 2 17 9 2 0 2 11 1 2 7 0 2 4 1 2 11 0 20.3046586513519287
1 2 7 0 2 7 12 16 2 12 16 2 13 6 3 0 2 7 0 2 7 0 2 7 12 16 2 0 2 7 13 6 3 1 2 11 5 30 3 12 16 2 17 9 2 0 2 7 1 2 4 1 2 7 17 18 2 0 2 11 0 20.3046586513519287
0 2 7 1 2 7 0 2 4 13 6 3 0 2 7 5 30 3 1 2 7 0 2 7 0 2 7 0 2 7 0 2 7 12 16 2 17 18 2 5 31 3 17 9 2 0 2 7 1 2 7 6 2 7 1 2 4 12 16 2 0 20.3487167954444885
0 2 7 1 2 7 12 16 2 13 6 3 17 9 2 0 2 4 5 30 3 6 2 7 0 2 7 0 2 7 0 2 7 12 16 2 0 2 7 0 2 7 17 9 2 5 31 3 1 2 7 0 2 4 1 2 7 1 2 7 0 20.3487167954444885
0 2 7 1 2 7 0 2 7 13 6 3 0 2 7 5 30 3 1 2 7 0 2 7 0 2 7 0 2 7 0 2 7 12 16 2 17 18 2 5 31 3 17 9 2 6 2 4 1 2 4 0 2 7 12 16 2 1 2 7 0 20.3487167954444885
0 2 7 1 2 7 12 16 2 13 6 3 17 9 2 5 30 3 1 2 7 0 2 7 0 2 7 0 2 7 0 2 7 0 2 7 5 31 3 1 2 7 1 2 7 0 2 4 12 16 2 17 9 2 0 2 7 1 2 7 0 20.3924237489700317
0 2 7 0 2 7 13 6 3 1 2 7 5 30 3 0 2 7 0 2 7 0 2 7 0 2 7 12 16 2 17 9 2 1 2 7 0 2 7 0 2 7 5 31 3 0 2 7 1 2 7 1 2 7 1 2 7 17 9 2 0 20.2646257877349854
0 2 7 0 2 7 13 6 3 1 2 7 5 30 3 0 2 7 0 2 7 0 2 7 0 2 7 12 16 2 17 9 2 1 2 7 0 2 7 0 2 7 5 31 3 0 2 7 1 2 7 1 2 7 1 2 7 17 18 2 0 20.2646257877349854
0 2 7 12 16 2 12 16 2 13 6 3 1 2 11 0 2 7 1 2 7 12 16 2 0 2 7 13 6 3 1 2 11 5 30 3 12 16 2 17 9 2 0 2 7 0 2 7 1 2 4 0 2 7 0 2 7 17 9 2 0 20.3046585321426392
0 2 7 12 16 2 12 16 2 13 6 3 1 2 11 0 2 7 0 2 7 12 16 2 0 2 7 13 6 3 1 2 7 5 30 3 12 16 2 17 9 2 0 2 7 0 2 7 1 2 11 0 2 4 1 2 7 17 18 2 0 20.3046585321426392
0 2 7 12 16 2 12 16 2 13 6 3 1 2 4 0 2 7 12 16 2 0 2 7 13 6 3 1 2 11 5 30 3 12 16 2 17 9 2 0 2 7 0 2 7 0 2 7 1 2 7 0 2 7 1 2 11 17 18 2 0 20.3046585321426392
0 2 7 12 16 2 12 16 2 13 6 3 1 2 7 0 2 7 0 2 7 12 16 2 0 2 7 13 6 3 1 2 7 5 30 3 12 16 2 17 9 2 0 2 7 1 2 7 0 2 4 17 9 2 1 2 11 0 2 11 0 20.3046586513519287
0 2 7 12 16 2 12 16 2 13 6 3 1 2 4 0 2 7 0 2 11 12 16 2 0 2 7 13 6 3 1 2 11 5 30 3 12 16 2 17 9 2 0 2 7 17 9 2 0 2 7 0 2 7 1 2 7 1 2 7 0 20.3046586513519287
0 2 7 12 16 2 12 16 2 13 6 3 1 2 4 0 2 7 0 2 11 12 16 2 0 2 7 13 6 3 1 2 11 5 30 3 12 16 2 17 9 2 0 2 7 0 2 7 0 2 7 1 2 7 1 2 7 17 18 2 0 20.3046586513519287
0 2 7 1 2 7 12 16 2 13 6 3 17 9 2 0 2 4 5 30 3 6 2 7 0 2 7 0 2 7 0 2 7 12 16 2 0 2 7 0 2 7 17 9 2 5 31 3 1 2 7 0 2 4 1 2 7 1 2 7 0 20.3487167954444885
0 2 7 1 2 7 0 2 7 13 6 3 0 2 7 5 30 3 1 2 7 0 2 7 0 2 7 0 2 7 0 2 7 12 16 2 17 18 2 5 31 3 17 9 2 6 2 4 1 2 4 0 2 7 12 16 2 1 2 7 0 20.3487167954444885
0 2 7 12 16 2 0 2 7 0 2 7 0 2 7 0 2 7 5 30 3 17 9 2 1 2 7 17 18 2 1 2 7 13 6 3 5 31 3 1 2 7 0 2 7 0 2 7 0 2 7 1 2 7 0 2 7 1 2 7 0 20.2646257877349854
0 2 7 12 16 2 13 6 3 0 2 7 0 2 7 5 30 3 17 9 2 0 2 7 0 2 7 0 2 7 1 2 7 1 2 7 0 2 7 5 31 3 0 2 7 1 2 7 0 2 7 17 9 2 1 2 7 1 2 7 0 20.2646257877349854
0 2 7 12 16 2 12 16 2 13 6 3 1 2 11 0 2 7 1 2 7 12 16 2 0 2 7 13 6 3 5 30 3 12 16 2 17 9 2 0 2 7 0 2 7 0 2 7 1 2 11 1 2 4 0 2 7 17 9 2 0 20.3046585321426392
0 2 7 12 16 2 12 16 2 13 6 3 1 2 11 0 2 7 1 2 11 12 16 2 0 2 7 13 6 3 5 30 3 12 16 2 17 9 2 1 2 7 0 2 7 0 2 4 17 18 2 1 2 7 0 2 7 0 2 7 0 20.3046585321426392
0 2 7 12 16 2 12 16 2 13 6 3 1 2 11 0 2 7 1 2 7 12 16 2 0 2 7 13 6 3 5 30 3 12 16 2 17 9 2 0 2 7 0 2 7 0 2 7 1 2 11 1 2 7 17 9 2 0 2 4 0 20.3046585321426392
0 2 7 12 16 2 12 16 2 13 6 3 1 2 11 0 2 7 1 2 7 12 16 2 0 2 7 13 6 3 5 30 3 12 16 2 17 9 2 0 2 7 0 2 7 0 2 7 1 2 4 17 18 2 1 2 11 0 2 7 0 20.3046585321426392
0 2 4 12 16 2 12 16 2 13 6 3 1 2 11 0 2 7 1 2 7 12 16 2 0 2 7 13 6 3 5 30 3 12 16 2 17 9 2 0 2 7 0 2 7 17 18 2 1 2 7 0 2 11 0 2 7 1 2 7 0 20.3046586513519287
0 2 7 12 16 2 12 16 2 13 6 3 1 2 11 0 2 7 1 2 7 12 16 2 0 2 7 13 6 3 5 30 3 12 16 2 17 9 2 0 2 7 0 2 7 0 2 7 1 2 4 17 18 2 1 2 7 0 2 11 0 20.3046586513519287
0 2 7 12 16 2 12 16 2 13 6 3 0 2 7 12 16 2 0 2 7 13 6 3 1 2 11 5 30 3 12 16 2 17 9 2 0 2 7 0 2 7 0 2 7 1 2 7 1 2 4 17 9 2 1 2 7 0 2 11 0 20.3046586513519287
0 2 7 12 16 2 12 16 2 13 6 3 1 2 7 0 2 7 0 2 7 12 16 2 0 2 7 13 6 3 1 2 7 5 30 3 12 16 2 17 9 2 0 2 7 1 2 7 0 2 4 17 9 2 1 2 11 0 2 11 0 20.3046586513519287
0 2 7 1 2 7 13 6 3 0 2 7 1 2 7 5 31 3 17 9 2 0 2 7 0 2 7 0 2 7 0 2 7 0 2 7 0 2 7 1 2 7 1 2 7 5 30 3 1 2 7 0 2 7 12 16 2 17 18 2 0 20.2646257877349854
0 2 7 0 2 7 13 6 3 12 16 2 0 2 7 0 2 7 5 31 3 0 2 7 1 2 7 1 2 7 0 2 7 1 2 7 0 2 7 0 2 7 5 30 3 1 2 7 1 2 7 0 2 7 17 18 2 17 18 2 0 20.2646257877349854
0 2 7 1 2 7 13 6 3 0 2 7 1 2 7 5 31 3 17 9 2 0 2 7 0 2 7 0 2 7 0 2 7 0 2 7 0 2 7 1 2 7 1 2 7 5 30 3 1 2 7 0 2 7 12 16 2 17 9 2 0 20.2646257877349854
0 2 4 12 16 2 12 16 2 13 6 3 0 2 7 12 16 2 0 2 7 13 6 3 1 2 11 5 30 3 12 16 2 17 9 2 1 2 11 0 2 7 0 2 7 0 2 7 1 2 7 17 9 2 0 2 7 1 2 7 0 20.3046585321426392
0 2 7 12 16 2 12 16 2 13 6 3 0 2 7 12 16 2 0 2 7 13 6 3 1 2 11 5 30 3 12 16 2 17 9 2 0 2 7 0 2 7 0 2 7 1 2 4 1 2 11 17 18 2 1 2 7 0 2 7 0 20.3046585321426392
12 16 2 12 16 2 13 6 3 0 2 7 12 16 2 0 2 7 13 6 3 1 2 11 5 30 3 12 16 2 17 9 2 1 2 11 0 2 7 0 2 7 0 2 7 1 2 7 1 2 7 0 2 4 17 18 2 0 2 7 0 20.3046585321426392
0 2 7 12 16 2 12 16 2 13 6 3 0 2 7 12 16 2 0 2 7 13 6 3 1 2 11 5 30 3 12 16 2 17 9 2 0 2 7 0 2 7 0 2 7 1 2 4 1 2 11 1 2 7 0 2 7 17 9 2 0 20.3046585321426392
0 2 7 12 16 2 12 16 2 13 6 3 1 2 7 0 2 7 0 2 7 12 16 2 0 2 7 13 6 3 1 2 7 5 30 3 12 16 2 17 9 2 0 2 7 1 2 7 0 2 4 17 9 2 1 2 11 0 2 11 0 20.3046586513519287
0 2 7 12 16 2 12 16 2 13 6 3 1 2 11 0 2 7 1 2 7 12 16 2 0 2 7 13 6 3 5 30 3 12 16 2 17 9 2 0 2 7 0 2 7 1 2 7 0 2 11 0 2 7 1 2 4 17 18 2 0 20.3046586513519287
0 2 7 12 16 2 12 16 2 13 6 3 0 2 7 12 16 2 0 2 7 13 6 3 1 2 11 5 30 3 12 16 2 17 9 2 0 2 7 0 2 7 0 2 7 1 2 7 1 2 4 17 9 2 1 2 7 0 2 11 0 20.3046586513519287
MonoObjective Genetic Algorithm
Number of Evaluations = 0
Mutation Probability = 0
Crossover Probability = 1
Population Size = 10
Survival Selection Type = 19
Time =  3608.40711903572083
0 2 7 1 2 7 13 6 3 0 2 7 1 2 7 5 31 3 17 9 2 0 2 7 0 2 7 0 2 7 0 2 7 0 2 7 0 2 7 1 2 7 1 2 7 5 30 3 1 2 7 0 2 7 12 16 2 17 18 2 0 20.2646257877349854
0 2 7 0 2 7 13 6 3 12 16 2 0 2 7 0 2 7 5 31 3 0 2 7 1 2 7 1 2 7 0 2 7 1 2 7 0 2 7 0 2 7 5 30 3 1 2 7 1 2 7 0 2 7 17 18 2 17 18 2 0 20.2646257877349854
0 2 7 1 2 7 13 6 3 0 2 7 1 2 7 5 31 3 17 9 2 0 2 7 0 2 7 0 2 7 0 2 7 0 2 7 0 2 7 1 2 7 1 2 7 5 30 3 1 2 7 0 2 7 12 16 2 17 9 2 0 20.2646257877349854
0 2 4 12 16 2 12 16 2 13 6 3 0 2 7 12 16 2 0 2 7 13 6 3 1 2 11 5 30 3 12 16 2 17 9 2 1 2 11 0 2 7 0 2 7 0 2 7 1 2 7 17 9 2 0 2 7 1 2 7 0 20.3046585321426392
0 2 7 12 16 2 12 16 2 13 6 3 0 2 7 12 16 2 0 2 7 13 6 3 1 2 11 5 30 3 12 16 2 17 9 2 0 2 7 0 2 7 0 2 7 1 2 4 1 2 11 17 18 2 1 2 7 0 2 7 0 20.3046585321426392
12 16 2 12 16 2 13 6 3 0 2 7 12 16 2 0 2 7 13 6 3 1 2 11 5 30 3 12 16 2 17 9 2 1 2 11 0 2 7 0 2 7 0 2 7 1 2 7 1 2 7 0 2 4 17 18 2 0 2 7 0 20.3046585321426392
0 2 7 12 16 2 12 16 2 13 6 3 0 2 7 12 16 2 0 2 7 13 6 3 1 2 11 5 30 3 12 16 2 17 9 2 0 2 7 0 2 7 0 2 7 1 2 4 1 2 11 1 2 7 0 2 7 17 9 2 0 20.3046585321426392
0 2 7 12 16 2 12 16 2 13 6 3 1 2 7 0 2 7 0 2 7 12 16 2 0 2 7 13 6 3 1 2 7 5 30 3 12 16 2 17 9 2 0 2 7 1 2 7 0 2 4 17 9 2 1 2 11 0 2 11 0 20.3046586513519287
0 2 7 12 16 2 12 16 2 13 6 3 1 2 11 0 2 7 1 2 7 12 16 2 0 2 7 13 6 3 5 30 3 12 16 2 17 9 2 0 2 7 0 2 7 1 2 7 0 2 11 0 2 7 1 2 4 17 18 2 0 20.3046586513519287
0 2 7 12 16 2 12 16 2 13 6 3 0 2 7 12 16 2 0 2 7 13 6 3 1 2 11 5 30 3 12 16 2 17 9 2 0 2 7 0 2 7 0 2 7 1 2 7 1 2 4 17 9 2 1 2 7 0 2 11 0 20.3046586513519287
