1 2 7 0 2 7 12 16 2 0 2 7 17 9 2 1 2 7 0 2 7 5 31 3 1 2 7 0 2 7 0 2 7 0 2 7 17 18 2 5 30 3 1 2 7 0 2 7 0 2 7 1 2 7 0 2 7 13 6 3 0 20.2646257877349854
5 30 3 12 16 2 8 9 2 0 2 7 0 2 4 12 16 2 13 6 3 5 30 3 0 2 7 1 2 11 0 2 7 16 6 2 0 2 7 1 2 7 12 16 2 0 2 7 0 2 3 1 2 7 0 2 7 17 9 2 0 20.6301085948944092
1 2 4 0 2 3 0 2 7 0 2 7 5 30 3 12 16 2 0 2 4 5 31 3 1 2 7 0 2 10 0 2 7 0 2 3 17 9 2 16 30 2 0 2 11 0 2 7 1 2 7 1 2 7 1 2 7 0 2 3 0 20.8012490272521973
1 2 7 0 2 11 0 2 7 0 2 7 8 9 2 1 2 11 0 2 11 1 2 3 1 2 11 1 2 7 1 2 7 0 2 4 17 18 2 0 2 7 5 30 3 17 18 2 0 2 4 0 2 7 0 2 7 5 30 3 0 20.8198409080505371
12 16 2 17 9 2 1 2 7 0 2 7 5 30 3 0 2 11 5 30 3 5 30 3 0 2 11 0 2 10 0 2 11 0 2 7 1 2 11 13 6 3 0 2 7 17 18 2 0 2 11 12 16 2 6 2 11 0 2 7 0 21.2717849016189575
0 2 7 0 2 4 1 2 11 0 2 7 5 31 3 0 2 11 0 2 7 5 30 3 0 2 8 1 2 8 1 2 11 0 2 7 17 18 2 1 2 7 0 2 7 12 16 2 8 18 2 12 16 2 16 9 12 0 2 7 0 21.5664458274841309
6 2 8 0 2 11 5 30 3 6 2 7 8 9 2 0 2 11 0 2 11 5 31 3 6 2 11 16 6 2 0 2 11 0 2 11 12 16 2 17 9 2 0 2 1 0 2 7 12 16 2 0 2 8 5 30 3 0 2 8 0 22.1399033665657043
0 2 7 0 2 11 0 2 3 1 2 11 5 30 3 0 2 7 0 2 3 16 19 11 5 30 3 0 2 7 16 19 11 0 2 3 0 2 3 0 2 3 5 30 3 1 2 3 12 16 2 0 2 3 0 2 7 0 2 7 0 22.1521546840667725
1 2 3 0 2 1 0 2 3 1 2 11 0 2 11 1 2 1 0 2 3 1 2 3 17 9 2 0 2 3 0 2 12 1 2 3 12 16 2 1 2 1 5 31 3 16 6 2 0 2 1 12 16 2 0 2 11 12 16 2 0 22.2492271661758423
1 2 4 0 2 3 0 2 7 0 2 7 5 30 3 1 2 2 0 2 4 5 31 3 1 2 7 1 2 10 0 2 7 0 2 4 17 18 2 16 2 7 5 30 3 17 2 2 1 2 7 1 2 7 1 2 7 5 30 3 126500.413689325942 21.003713846206665
1 2 7 0 2 7 12 16 2 0 2 7 17 9 2 1 2 7 0 2 7 5 31 3 1 2 7 0 2 7 0 2 7 0 2 7 17 18 2 5 30 3 1 2 7 0 2 7 0 2 7 1 2 7 0 2 7 13 6 3 0 20.2646257877349854
5 30 3 12 16 2 17 9 2 1 2 7 0 2 7 12 16 2 13 6 3 5 30 3 0 2 4 0 2 7 0 2 7 16 31 2 0 2 7 6 2 7 12 16 2 0 2 7 0 2 7 1 2 11 1 2 7 0 2 3 0 20.5474986433982849
1 2 4 0 2 3 0 2 7 0 2 7 5 30 3 12 16 2 0 2 4 5 31 3 1 2 7 0 2 10 0 2 7 0 2 3 17 9 2 16 30 2 0 2 11 0 2 7 1 2 7 1 2 7 1 2 7 0 2 3 0 20.8012490272521973
1 2 7 0 2 11 0 2 7 0 2 7 8 9 2 1 2 11 0 2 7 1 2 11 1 2 11 0 2 4 1 2 3 0 2 7 17 18 2 0 2 7 5 30 3 17 18 2 0 2 4 0 2 7 1 2 7 5 30 3 0 20.8198407888412476
12 16 2 17 9 2 1 2 7 0 2 7 5 30 3 0 2 11 5 30 3 5 30 3 0 2 11 0 2 10 0 2 11 0 2 7 1 2 11 13 6 3 0 2 7 17 18 2 0 2 11 12 16 2 6 2 11 0 2 7 0 21.2717849016189575
0 2 7 6 2 7 0 2 7 0 2 11 5 31 3 6 2 7 0 2 7 12 16 2 0 2 7 0 2 7 0 2 7 0 2 7 0 2 7 16 19 11 5 30 3 16 6 2 12 16 2 0 2 8 0 2 13 5 31 3 0 21.5548468828201294
6 2 8 0 2 11 5 30 3 6 2 7 8 9 2 0 2 11 0 2 11 5 31 3 6 2 11 16 6 2 0 2 11 0 2 11 12 16 2 17 9 2 0 2 1 0 2 7 12 16 2 0 2 8 5 30 3 0 2 8 0 22.1399033665657043
0 2 7 0 2 11 0 2 3 1 2 11 5 30 3 0 2 7 0 2 3 16 19 11 5 30 3 0 2 7 16 19 11 0 2 3 0 2 3 0 2 3 5 30 3 1 2 3 12 16 2 0 2 3 0 2 7 0 2 7 0 22.1521546840667725
1 2 3 0 2 1 0 2 3 1 2 11 0 2 11 1 2 1 0 2 3 1 2 3 17 9 2 0 2 3 0 2 12 1 2 3 12 16 2 1 2 1 5 31 3 16 6 2 0 2 1 12 16 2 0 2 11 12 16 2 0 22.2492271661758423
1 2 8 0 2 7 0 2 11 5 30 3 5 30 3 0 2 7 0 2 3 5 30 3 0 2 8 0 2 8 0 2 8 0 2 11 0 2 3 16 19 11 0 2 3 9 2 7 0 2 3 16 18 8 0 2 11 1 2 8 0.000424204637873048076 22.7096370458602905
0 2 7 12 16 2 0 2 7 1 2 7 17 18 2 17 18 2 1 2 7 5 30 3 0 2 7 0 2 7 0 2 7 5 31 3 0 2 7 0 2 7 13 6 3 1 2 7 1 2 7 0 2 7 1 2 7 0 2 7 0 20.2646257877349854
5 30 3 12 16 2 17 9 2 1 2 7 0 2 7 12 16 2 13 6 3 5 30 3 0 2 4 0 2 7 0 2 7 16 31 2 0 2 7 6 2 7 12 16 2 0 2 7 0 2 7 1 2 11 1 2 7 0 2 3 0 20.5474986433982849
1 2 11 16 6 2 12 16 2 0 2 7 5 31 3 0 2 7 1 2 7 0 2 4 1 2 4 6 2 3 0 2 7 5 31 3 0 2 7 0 2 7 12 16 2 17 18 2 0 2 7 0 2 7 0 2 7 6 2 7 0 20.7832887768745422
1 2 4 0 2 3 0 2 7 0 2 7 5 30 3 12 16 2 0 2 4 5 31 3 1 2 7 0 2 10 0 2 7 0 2 3 17 9 2 16 30 2 0 2 11 0 2 7 1 2 7 1 2 7 1 2 7 0 2 3 0 20.8012490272521973
1 2 7 0 2 11 0 2 7 0 2 7 8 9 2 1 2 11 0 2 7 1 2 11 1 2 11 0 2 4 1 2 3 0 2 7 17 18 2 0 2 7 5 30 3 17 18 2 0 2 4 0 2 7 1 2 7 5 30 3 0 20.8198407888412476
8 9 2 0 2 11 0 2 11 17 9 2 5 30 3 0 2 7 5 30 3 1 2 7 1 2 7 0 2 4 1 2 7 0 2 11 0 2 7 0 2 10 0 2 4 12 16 2 1 2 7 17 18 2 0 2 10 1 2 10 0 21.0005910396575928
12 16 2 17 9 2 1 2 7 0 2 7 5 30 3 0 2 11 5 30 3 5 30 3 0 2 11 0 2 10 0 2 11 0 2 7 1 2 11 13 6 3 0 2 7 17 18 2 0 2 11 12 16 2 6 2 11 0 2 7 0 21.2717849016189575
0 2 1 0 2 11 6 2 7 5 31 3 0 2 11 0 2 3 1 2 7 5 30 3 0 2 3 1 2 7 0 2 7 1 2 3 0 2 4 17 9 2 0 2 4 1 2 10 0 2 11 16 30 2 12 16 2 12 16 2 0 21.3195402026176453
1 2 3 0 2 7 0 2 7 1 2 7 0 2 7 1 2 11 1 2 3 16 6 2 0 2 4 12 16 2 0 2 3 0 2 3 12 16 2 0 2 7 5 30 3 16 9 11 5 31 3 0 2 7 0 2 3 0 2 3 0 21.3884018063545227
6 2 8 0 2 11 5 30 3 6 2 7 8 9 2 0 2 11 0 2 11 5 31 3 6 2 11 16 6 2 0 2 11 0 2 11 12 16 2 17 9 2 0 2 1 0 2 7 12 16 2 0 2 8 5 30 3 0 2 8 0 22.1399033665657043
5 31 3 0 2 7 0 2 7 17 9 2 0 2 7 1 2 7 0 2 7 5 30 3 13 6 3 0 2 7 1 2 7 0 2 7 1 2 7 1 2 7 0 2 7 12 16 2 0 2 7 17 18 2 0 2 7 1 2 7 0 20.2646257877349854
5 30 3 12 16 2 17 9 2 1 2 7 0 2 3 12 16 2 13 6 3 5 30 3 0 2 7 0 2 4 0 2 7 16 31 2 1 2 7 0 2 4 12 16 2 0 2 7 0 2 7 0 2 7 1 2 7 1 2 7 0 20.4516056776046753
1 2 4 0 2 3 0 2 7 0 2 7 5 30 3 12 16 2 0 2 4 5 31 3 1 2 7 0 2 10 0 2 7 0 2 3 17 9 2 16 30 2 0 2 11 0 2 7 1 2 7 1 2 7 1 2 7 0 2 3 0 20.8012490272521973
1 2 7 0 2 11 0 2 7 0 2 7 8 9 2 1 2 11 0 2 7 1 2 11 1 2 11 0 2 4 1 2 3 0 2 7 17 18 2 0 2 7 5 30 3 17 18 2 0 2 4 0 2 7 1 2 7 5 30 3 0 20.8198407888412476
8 9 2 0 2 11 0 2 11 17 9 2 5 30 3 0 2 7 5 30 3 1 2 7 1 2 7 0 2 4 1 2 7 0 2 11 0 2 7 0 2 10 0 2 4 12 16 2 1 2 7 17 18 2 0 2 10 1 2 10 0 21.0005910396575928
12 16 2 17 9 2 1 2 7 0 2 7 5 30 3 0 2 11 5 30 3 5 30 3 0 2 11 0 2 10 0 2 11 0 2 7 1 2 11 13 6 3 0 2 7 17 18 2 0 2 11 12 16 2 6 2 11 0 2 7 0 21.2717849016189575
0 2 1 0 2 11 6 2 7 5 31 3 0 2 11 0 2 3 1 2 7 5 30 3 0 2 3 1 2 7 0 2 7 1 2 3 0 2 4 17 9 2 0 2 4 1 2 10 0 2 11 16 30 2 12 16 2 12 16 2 0 21.3195402026176453
6 2 8 0 2 11 5 30 3 6 2 7 8 9 2 0 2 11 0 2 11 5 31 3 6 2 11 16 6 2 0 2 11 0 2 11 12 16 2 17 9 2 0 2 1 0 2 7 12 16 2 0 2 8 5 30 3 0 2 8 0 22.1399033665657043
12 31 3 17 9 2 0 2 7 17 2 7 5 31 3 0 2 11 0 2 3 5 2 7 0 2 11 0 2 10 0 2 11 0 2 7 1 2 2 13 6 7 0 2 7 1 18 2 1 2 1 12 16 2 6 2 7 0 2 7 285993.305275933351 21.0686141848564148
1 2 7 12 2 11 0 2 7 0 2 7 8 18 2 17 18 2 0 2 7 5 2 3 1 2 11 0 2 4 1 2 7 5 2 7 17 2 7 0 2 7 13 30 3 1 18 2 0 2 7 0 2 7 1 2 7 5 30 3 399361.156412082782 21.1525599956512451
1 2 7 0 2 7 0 2 7 17 18 2 1 2 7 5 31 3 1 2 7 17 9 2 0 2 7 13 6 3 0 2 7 1 2 7 1 2 7 0 2 7 0 2 7 12 16 2 0 2 7 0 2 7 0 2 7 5 30 3 0 20.2646257877349854
5 30 3 12 16 2 17 9 2 1 2 7 0 2 3 12 16 2 13 6 3 5 30 3 0 2 7 0 2 4 0 2 7 16 31 2 1 2 7 0 2 4 12 16 2 0 2 7 0 2 7 0 2 7 1 2 7 1 2 7 0 20.4516056776046753
0 2 7 0 2 7 0 2 7 1 2 4 0 2 7 0 2 7 16 31 2 1 2 3 0 2 7 0 2 3 12 16 2 1 2 7 0 2 7 1 2 7 5 30 3 0 2 3 0 2 7 5 31 3 12 16 2 16 6 2 0 20.7824867963790894
1 2 4 0 2 3 0 2 7 0 2 7 5 30 3 12 16 2 0 2 4 5 31 3 1 2 7 0 2 10 0 2 7 0 2 3 17 9 2 16 30 2 0 2 11 0 2 7 1 2 7 1 2 7 1 2 7 0 2 3 0 20.8012490272521973
1 2 7 0 2 11 0 2 7 0 2 7 8 9 2 1 2 11 0 2 7 1 2 11 1 2 11 0 2 4 1 2 3 0 2 7 17 18 2 0 2 7 5 30 3 17 18 2 0 2 4 0 2 7 1 2 7 5 30 3 0 20.8198407888412476
17 18 2 6 2 7 0 2 7 8 9 2 12 16 2 0 2 7 16 15 2 0 2 7 0 2 7 0 2 7 6 2 7 1 2 11 0 2 7 0 2 7 12 16 2 1 2 7 0 2 7 5 31 3 5 30 3 0 2 4 0 20.8695547580718994
8 9 2 0 2 11 0 2 11 17 9 2 5 30 3 0 2 7 5 30 3 1 2 7 1 2 7 0 2 4 1 2 7 0 2 11 0 2 7 0 2 10 0 2 4 12 16 2 1 2 7 17 18 2 0 2 10 1 2 10 0 21.0005910396575928
0 2 11 1 2 7 0 2 7 1 2 7 16 6 2 0 2 7 5 30 3 5 30 3 1 2 11 8 18 2 0 2 7 0 2 4 0 2 7 15 2 11 0 2 11 17 18 2 0 2 4 12 16 2 0 2 11 12 16 2 0 21.1035468578338623
0 2 1 0 2 11 6 2 7 5 31 3 0 2 11 0 2 3 1 2 7 5 30 3 0 2 3 1 2 7 0 2 7 1 2 3 0 2 4 17 9 2 0 2 4 1 2 10 0 2 11 16 30 2 12 16 2 12 16 2 0 21.3195402026176453
6 2 8 0 2 11 5 30 3 6 2 7 8 9 2 0 2 11 0 2 11 5 31 3 6 2 11 16 6 2 0 2 11 0 2 11 12 16 2 17 9 2 0 2 1 0 2 7 12 16 2 0 2 8 5 30 3 0 2 8 0 22.1399033665657043
1 2 7 0 2 7 0 2 7 17 18 2 1 2 7 5 31 3 1 2 7 17 9 2 0 2 7 13 6 3 0 2 7 1 2 7 1 2 7 0 2 7 0 2 7 12 16 2 0 2 7 0 2 7 0 2 7 5 30 3 0 20.2646257877349854
5 30 3 12 16 2 17 9 2 1 2 7 0 2 3 12 16 2 13 6 3 5 30 3 0 2 7 0 2 4 0 2 7 16 31 2 1 2 7 0 2 4 12 16 2 0 2 7 0 2 7 0 2 7 1 2 7 1 2 7 0 20.4516056776046753
0 2 7 0 2 7 5 31 3 1 2 7 0 2 7 0 2 3 0 2 11 1 2 3 0 2 3 0 2 7 1 2 7 1 2 7 0 2 7 1 2 7 5 30 3 17 9 2 0 2 7 1 2 7 16 30 2 0 2 3 0 20.6688990592956543
0 2 7 0 2 7 0 2 7 1 2 4 0 2 7 0 2 7 16 31 2 1 2 3 0 2 7 0 2 3 12 16 2 1 2 7 0 2 7 1 2 7 5 30 3 0 2 3 0 2 7 5 31 3 12 16 2 16 6 2 0 20.7824867963790894
6 2 7 0 2 7 0 2 7 1 2 7 5 31 3 1 2 4 5 31 3 12 16 2 1 2 7 0 2 4 0 2 7 17 9 2 0 2 7 0 2 7 12 16 2 17 9 2 0 2 7 0 2 7 1 2 7 0 2 7 0 20.8111868500709534
1 2 7 0 2 11 0 2 7 0 2 7 8 9 2 1 2 11 0 2 7 1 2 11 1 2 11 0 2 4 1 2 3 0 2 7 17 18 2 0 2 7 5 30 3 17 18 2 0 2 4 0 2 7 1 2 7 5 30 3 0 20.8198407888412476
17 18 2 6 2 7 0 2 7 8 9 2 12 16 2 0 2 7 16 15 2 0 2 7 0 2 7 0 2 7 6 2 7 1 2 11 0 2 7 0 2 7 12 16 2 1 2 7 0 2 7 5 31 3 5 30 3 0 2 4 0 20.8695547580718994
8 9 2 0 2 11 0 2 11 17 9 2 5 30 3 0 2 7 5 30 3 1 2 7 1 2 7 0 2 4 1 2 7 0 2 11 0 2 7 0 2 10 0 2 4 12 16 2 1 2 7 17 18 2 0 2 10 1 2 10 0 21.0005910396575928
0 2 11 1 2 7 0 2 7 1 2 7 16 6 2 0 2 7 5 30 3 5 30 3 1 2 11 8 18 2 0 2 7 0 2 4 0 2 7 15 2 11 0 2 11 17 18 2 0 2 4 12 16 2 0 2 11 12 16 2 0 21.1035468578338623
1 2 7 0 2 7 0 2 4 5 30 3 12 16 2 0 2 10 0 2 10 5 31 3 0 2 3 0 2 3 0 2 7 12 16 2 1 2 7 12 16 2 0 2 7 1 2 7 0 2 7 16 31 2 12 16 2 16 6 2 0 21.1566346883773804
1 2 7 0 2 7 0 2 7 0 2 7 5 31 3 0 2 7 5 30 3 12 16 2 0 2 7 1 2 7 13 6 3 17 18 2 1 2 7 0 2 7 1 2 7 17 9 2 1 2 7 0 2 7 0 2 7 0 2 7 0 20.2646257877349854
5 30 3 12 16 2 17 9 2 1 2 7 0 2 3 12 16 2 13 6 3 5 30 3 0 2 7 0 2 4 0 2 7 16 31 2 1 2 7 0 2 4 12 16 2 0 2 7 0 2 7 0 2 7 1 2 7 1 2 7 0 20.4516056776046753
0 2 7 0 2 7 5 31 3 1 2 7 0 2 7 0 2 3 1 2 7 1 2 7 0 2 7 0 2 4 1 2 7 0 2 3 0 2 4 1 2 7 5 30 3 17 9 2 0 2 7 1 2 7 17 9 2 0 2 7 0 20.5684669017791748
0 2 7 0 2 10 0 2 7 0 2 3 5 31 3 0 2 7 5 30 3 1 2 7 0 2 7 0 2 7 1 2 10 17 18 2 0 2 7 1 2 4 1 2 4 1 2 7 0 2 7 17 18 2 1 2 7 0 2 7 0 20.5764669179916382
5 31 3 16 30 2 0 2 7 0 2 7 12 16 2 12 16 2 1 2 4 0 2 7 0 2 7 1 2 7 1 2 7 5 31 3 1 2 7 0 2 4 1 2 7 0 2 7 0 2 7 17 18 2 0 2 11 0 2 7 0 20.6953259706497192
1 2 12 1 2 7 0 2 7 0 2 7 0 2 7 0 2 7 5 31 3 0 2 7 0 2 3 1 2 7 0 2 7 12 16 2 0 2 7 17 9 2 5 30 3 16 6 2 1 2 3 0 2 4 1 2 7 8 9 2 0 20.769278883934021
1 2 7 0 2 7 0 2 7 0 2 7 8 18 2 1 2 11 0 2 7 1 2 11 1 2 11 0 2 4 1 2 3 0 2 7 17 18 2 0 2 7 5 30 3 17 18 2 0 2 4 0 2 7 1 2 11 5 30 3 0 20.819840669631958
17 18 2 0 2 7 8 18 2 8 9 2 12 16 2 0 2 7 16 15 2 0 2 7 0 2 7 0 2 7 1 2 7 1 2 7 0 2 7 0 2 7 12 16 2 1 2 7 0 2 7 5 30 3 5 30 3 0 2 4 0 20.8408946990966797
8 9 2 0 2 11 0 2 11 17 9 2 5 30 3 0 2 7 5 30 3 1 2 7 1 2 7 0 2 4 1 2 7 0 2 11 0 2 7 0 2 10 0 2 4 12 16 2 1 2 7 17 18 2 0 2 10 1 2 10 0 21.0005910396575928
1 2 7 1 2 7 5 2 3 0 2 4 0 2 7 0 2 3 1 2 3 1 2 7 0 2 7 0 2 7 1 2 7 0 16 2 0 2 10 1 2 7 5 30 3 17 6 2 1 2 3 0 2 4 1 2 2 0 9 7 379078.018125934701 20.7757760882377625
1 2 7 0 2 7 0 2 7 0 2 7 5 31 3 0 2 7 5 30 3 12 16 2 0 2 7 1 2 7 13 6 3 17 18 2 1 2 7 0 2 7 1 2 7 17 9 2 1 2 7 0 2 7 0 2 7 0 2 7 0 20.2646257877349854
5 30 3 12 16 2 17 9 2 1 2 7 0 2 3 12 16 2 13 6 3 5 30 3 0 2 7 0 2 4 0 2 7 16 31 2 1 2 7 0 2 4 12 16 2 0 2 7 0 2 7 0 2 7 1 2 7 1 2 7 0 20.4516056776046753
1 2 7 1 2 7 0 2 7 0 2 7 0 2 4 0 2 7 5 31 3 6 2 7 1 2 4 0 2 7 0 2 7 12 16 2 0 2 7 17 9 2 5 31 3 16 6 2 1 2 7 0 2 7 0 2 7 0 2 7 0 20.4595978856086731
0 2 7 0 2 7 5 31 3 1 2 7 0 2 7 0 2 3 1 2 7 1 2 7 0 2 7 0 2 4 1 2 7 0 2 3 0 2 4 1 2 7 5 30 3 17 9 2 0 2 7 1 2 7 17 9 2 0 2 7 0 20.5684669017791748
0 2 7 0 2 10 0 2 7 0 2 3 5 31 3 0 2 7 5 30 3 1 2 7 0 2 7 0 2 7 1 2 10 17 18 2 0 2 7 1 2 4 1 2 4 1 2 7 0 2 7 17 18 2 1 2 7 0 2 7 0 20.5764669179916382
0 2 7 0 2 7 5 30 3 0 2 7 17 9 2 0 2 7 5 31 3 0 2 7 17 9 2 0 2 7 1 2 11 1 2 7 0 2 7 0 2 7 1 2 7 8 18 2 0 2 7 1 2 4 1 2 11 1 2 7 0 20.6409198045730591
1 2 12 1 2 7 0 2 7 0 2 7 0 2 7 0 2 7 5 31 3 0 2 7 0 2 3 1 2 7 0 2 7 12 16 2 0 2 7 17 9 2 5 30 3 16 6 2 1 2 3 0 2 4 1 2 7 8 9 2 0 20.769278883934021
1 2 7 0 2 7 0 2 7 0 2 7 8 18 2 1 2 11 0 2 7 1 2 11 1 2 11 0 2 4 1 2 3 0 2 7 17 18 2 0 2 7 5 30 3 17 18 2 0 2 4 0 2 7 1 2 11 5 30 3 0 20.819840669631958
1 2 7 0 2 11 1 2 7 1 2 4 17 18 2 0 2 7 8 9 2 0 2 7 5 30 3 1 2 4 0 2 7 0 2 7 17 18 2 1 2 7 0 2 11 0 2 11 0 2 7 1 2 11 5 30 3 0 2 3 0 20.8198410272598267
17 18 2 0 2 7 8 18 2 8 9 2 12 16 2 0 2 7 16 15 2 0 2 7 0 2 7 0 2 7 1 2 7 1 2 7 0 2 7 0 2 7 12 16 2 1 2 7 0 2 7 5 30 3 5 30 3 0 2 4 0 20.8408946990966797
0 2 7 0 2 7 0 2 7 1 2 7 5 31 3 0 2 7 5 30 3 12 16 2 0 2 7 1 2 7 13 6 3 17 18 2 0 2 7 0 2 7 1 2 7 17 18 2 0 2 7 1 2 7 0 2 7 1 2 7 0 20.2646257877349854
5 30 3 12 16 2 17 9 2 1 2 7 0 2 3 12 16 2 13 6 3 5 30 3 0 2 7 0 2 4 0 2 7 16 31 2 1 2 7 0 2 4 12 16 2 0 2 7 0 2 7 0 2 7 1 2 7 1 2 7 0 20.4516056776046753
1 2 7 0 2 7 0 2 7 0 2 4 0 2 4 0 2 7 5 31 3 6 2 7 0 2 7 1 2 7 0 2 7 12 16 2 0 2 7 17 9 2 5 31 3 16 6 2 1 2 7 0 2 7 1 2 7 0 2 7 0 20.4595978856086731
0 2 7 0 2 7 5 31 3 1 2 7 0 2 7 0 2 3 1 2 7 1 2 7 0 2 7 0 2 4 1 2 7 0 2 3 0 2 4 1 2 7 5 30 3 17 9 2 0 2 7 1 2 7 17 9 2 0 2 7 0 20.5684669017791748
0 2 7 0 2 7 1 2 7 1 2 7 17 9 2 0 2 3 5 30 3 0 2 7 5 31 3 0 2 10 0 2 7 0 2 10 1 2 7 0 2 7 1 2 4 17 9 2 0 2 7 0 2 7 1 2 7 1 2 4 0 20.5764669179916382
0 2 7 0 2 7 5 30 3 0 2 7 17 9 2 0 2 7 5 31 3 0 2 7 17 9 2 0 2 7 1 2 11 1 2 7 0 2 7 0 2 7 1 2 7 8 18 2 0 2 7 1 2 4 1 2 11 1 2 7 0 20.6409198045730591
0 2 7 0 2 7 16 30 2 1 2 3 1 2 3 0 2 7 0 2 7 1 2 3 0 2 7 1 2 7 1 2 7 0 2 11 0 2 7 0 2 7 5 30 3 5 31 3 0 2 3 1 2 7 17 9 2 0 2 7 0 20.6688990592956543
1 2 12 1 2 7 0 2 7 0 2 7 0 2 7 0 2 7 5 31 3 0 2 7 0 2 3 1 2 7 0 2 7 12 16 2 0 2 7 17 9 2 5 30 3 16 6 2 1 2 3 0 2 4 1 2 7 8 9 2 0 20.769278883934021
1 2 7 0 2 7 0 2 7 0 2 7 8 18 2 1 2 11 0 2 7 1 2 11 1 2 11 0 2 4 1 2 3 0 2 7 17 18 2 0 2 7 5 30 3 17 18 2 0 2 4 0 2 7 1 2 11 5 30 3 0 20.819840669631958
0 2 7 0 2 11 0 2 11 1 2 11 1 2 11 0 2 7 13 6 3 5 30 3 0 2 7 0 2 11 1 2 7 1 2 7 0 2 7 5 30 3 12 16 2 17 18 2 5 30 3 17 18 2 0 2 7 0 2 11 0 21.0231418609619141
0 2 7 0 2 7 0 2 7 1 2 7 17 9 2 0 2 7 13 6 3 5 30 3 0 2 7 1 2 7 1 2 7 12 16 2 1 2 7 0 2 7 17 18 2 5 31 3 0 2 7 0 2 7 0 2 7 1 2 7 0 20.2646257877349854
5 30 3 12 16 2 17 9 2 1 2 7 0 2 3 12 16 2 13 6 3 5 30 3 0 2 7 0 2 4 0 2 7 16 31 2 1 2 7 0 2 4 12 16 2 0 2 7 0 2 7 0 2 7 1 2 7 1 2 7 0 20.4516056776046753
1 2 7 0 2 7 0 2 7 0 2 4 0 2 4 0 2 7 5 31 3 6 2 7 0 2 7 1 2 7 0 2 7 12 16 2 0 2 7 17 9 2 5 31 3 16 6 2 1 2 7 0 2 7 1 2 7 0 2 7 0 20.4595978856086731
0 2 7 0 2 7 5 31 3 1 2 7 0 2 7 0 2 3 1 2 7 1 2 7 0 2 7 0 2 4 1 2 7 0 2 3 0 2 4 1 2 7 5 30 3 17 9 2 0 2 7 1 2 7 17 9 2 0 2 7 0 20.5684669017791748
0 2 7 1 2 4 0 2 4 0 2 7 17 18 2 0 2 7 5 30 3 1 2 7 1 2 7 0 2 7 5 31 3 0 2 7 1 2 7 0 2 7 1 2 7 17 18 2 0 2 10 1 2 10 0 2 7 0 2 3 0 20.5764669179916382
0 2 7 0 2 7 5 30 3 0 2 7 17 9 2 0 2 7 5 31 3 0 2 7 17 9 2 0 2 7 1 2 11 1 2 7 0 2 7 0 2 7 1 2 7 8 18 2 0 2 7 1 2 4 1 2 11 1 2 7 0 20.6409198045730591
0 2 7 0 2 7 16 30 2 1 2 3 1 2 3 0 2 7 0 2 7 1 2 3 0 2 7 1 2 7 1 2 7 0 2 11 0 2 7 0 2 7 5 30 3 5 31 3 0 2 3 1 2 7 17 9 2 0 2 7 0 20.6688990592956543
0 2 10 1 2 7 0 2 7 0 2 7 12 16 2 1 2 4 5 30 3 0 2 7 0 2 7 0 2 7 0 2 7 12 16 2 8 9 2 1 2 7 5 31 3 16 6 2 0 2 7 0 2 7 1 2 7 17 18 2 0 20.7286287546157837
1 2 7 0 2 4 0 2 7 0 2 7 5 30 3 0 2 7 5 30 3 0 2 7 0 2 7 1 2 7 8 1 2 1 2 3 1 2 7 17 18 2 17 9 2 0 2 7 12 16 2 12 16 2 0 2 7 0 2 7 0 20.735844612121582
1 2 12 1 2 7 0 2 7 0 2 7 0 2 7 0 2 7 5 31 3 0 2 7 0 2 3 1 2 7 0 2 7 12 16 2 0 2 7 17 9 2 5 30 3 16 6 2 1 2 3 0 2 4 1 2 7 8 9 2 0 20.769278883934021
5 31 3 12 16 2 1 2 7 0 2 7 0 2 7 13 6 3 5 30 3 17 9 2 0 2 7 0 2 7 0 2 7 0 2 7 0 2 7 1 2 7 17 18 2 1 2 7 0 2 7 0 2 7 1 2 7 1 2 7 0 20.2646257877349854
0 2 7 12 16 2 17 9 2 0 2 7 0 2 7 12 16 2 6 2 7 5 30 3 0 2 7 13 6 3 1 2 7 0 2 4 0 2 7 17 9 2 1 2 7 5 31 3 1 2 7 0 2 7 0 2 7 1 2 4 0 20.3487167954444885
5 30 3 12 16 2 17 9 2 1 2 7 0 2 3 12 16 2 13 6 3 5 30 3 0 2 7 0 2 4 0 2 7 16 31 2 1 2 7 0 2 4 12 16 2 0 2 7 0 2 7 0 2 7 1 2 7 1 2 7 0 20.4516056776046753
1 2 7 0 2 7 0 2 7 0 2 4 0 2 4 0 2 7 5 31 3 6 2 7 0 2 7 1 2 7 0 2 7 12 16 2 0 2 7 17 9 2 5 31 3 16 6 2 1 2 7 0 2 7 1 2 7 0 2 7 0 20.4595978856086731
0 2 7 0 2 7 5 31 3 1 2 7 0 2 7 0 2 3 1 2 7 1 2 7 0 2 7 0 2 4 1 2 7 0 2 3 0 2 4 1 2 7 5 30 3 17 9 2 0 2 7 1 2 7 17 9 2 0 2 7 0 20.5684669017791748
0 2 7 1 2 4 0 2 3 0 2 7 17 18 2 0 2 7 5 30 3 1 2 7 1 2 7 0 2 7 5 31 3 0 2 7 1 2 7 0 2 7 1 2 7 17 18 2 1 2 7 0 2 4 0 2 7 0 2 3 0 20.5684669017791748
0 2 7 0 2 7 5 30 3 0 2 7 17 9 2 0 2 7 5 31 3 0 2 7 17 9 2 0 2 7 1 2 11 1 2 7 0 2 7 0 2 7 1 2 7 8 18 2 0 2 7 1 2 4 1 2 11 1 2 7 0 20.6409198045730591
0 2 7 0 2 7 16 30 2 1 2 3 1 2 3 0 2 7 0 2 7 1 2 3 0 2 7 1 2 7 1 2 7 0 2 11 0 2 7 0 2 7 5 30 3 5 31 3 0 2 3 1 2 7 17 9 2 0 2 7 0 20.6688990592956543
0 2 10 1 2 7 0 2 7 0 2 7 12 16 2 1 2 4 5 30 3 0 2 7 0 2 7 0 2 7 0 2 7 12 16 2 8 9 2 1 2 7 5 31 3 16 6 2 0 2 7 0 2 7 1 2 7 17 18 2 0 20.7286287546157837
1 2 7 0 2 4 0 2 7 0 2 7 5 30 3 0 2 7 5 30 3 0 2 7 0 2 7 1 2 7 8 1 2 1 2 3 1 2 7 17 18 2 17 9 2 0 2 7 12 16 2 12 16 2 0 2 7 0 2 7 0 20.735844612121582
5 31 3 12 16 2 1 2 7 0 2 7 0 2 7 13 6 3 5 30 3 17 9 2 0 2 7 0 2 7 0 2 7 0 2 7 0 2 7 1 2 7 17 18 2 1 2 7 0 2 7 0 2 7 1 2 7 1 2 7 0 20.2646257877349854
0 2 7 12 16 2 17 9 2 0 2 7 0 2 7 12 16 2 6 2 7 5 30 3 0 2 7 13 6 3 1 2 7 0 2 4 0 2 7 17 9 2 1 2 7 5 31 3 1 2 7 0 2 7 0 2 7 1 2 4 0 20.3487167954444885
5 30 3 12 16 2 17 9 2 1 2 7 0 2 3 12 16 2 13 6 3 5 30 3 0 2 7 0 2 4 0 2 7 16 31 2 1 2 7 0 2 4 12 16 2 0 2 7 0 2 7 0 2 7 1 2 7 1 2 7 0 20.4516056776046753
1 2 7 0 2 7 0 2 7 0 2 4 0 2 4 0 2 7 5 31 3 6 2 7 0 2 7 1 2 7 0 2 7 12 16 2 0 2 7 17 9 2 5 31 3 16 6 2 1 2 7 0 2 7 1 2 7 0 2 7 0 20.4595978856086731
0 2 7 1 2 4 0 2 7 0 2 7 17 18 2 0 2 7 5 31 3 1 2 7 1 2 7 0 2 7 5 31 3 0 2 7 1 2 7 0 2 7 1 2 7 17 18 2 1 2 7 0 2 4 0 2 7 0 2 7 0 20.4687459468841553
0 2 7 0 2 7 5 31 3 1 2 7 0 2 7 0 2 3 1 2 7 1 2 7 0 2 7 0 2 4 1 2 7 0 2 3 0 2 4 1 2 7 5 30 3 17 9 2 0 2 7 1 2 7 17 9 2 0 2 7 0 20.5684669017791748
0 2 7 0 2 10 5 30 3 0 2 7 0 2 7 5 31 3 1 2 7 1 2 10 0 2 3 0 2 4 0 2 7 0 2 4 1 2 7 1 2 7 17 18 2 17 18 2 0 2 7 0 2 7 1 2 7 1 2 7 0 20.5764669179916382
0 2 7 0 2 7 5 30 3 0 2 7 17 9 2 0 2 7 5 31 3 0 2 7 17 9 2 0 2 7 1 2 11 1 2 7 0 2 7 0 2 7 1 2 7 8 18 2 0 2 7 1 2 4 1 2 11 1 2 7 0 20.6409198045730591
0 2 7 0 2 7 16 30 2 1 2 3 1 2 3 0 2 7 0 2 7 1 2 3 0 2 7 1 2 7 1 2 7 0 2 11 0 2 7 0 2 7 5 30 3 5 31 3 0 2 3 1 2 7 17 9 2 0 2 7 0 20.6688990592956543
0 2 10 1 2 7 0 2 7 0 2 7 12 16 2 1 2 4 5 30 3 0 2 7 0 2 7 0 2 7 0 2 7 12 16 2 8 9 2 1 2 7 5 31 3 16 6 2 0 2 7 0 2 7 1 2 7 17 18 2 0 20.7286287546157837
0 2 7 0 2 7 5 30 3 0 2 7 13 6 3 0 2 7 0 2 7 0 2 7 1 2 7 12 16 2 0 2 7 1 2 7 1 2 7 17 9 2 5 31 3 0 2 7 1 2 7 1 2 7 17 18 2 0 2 7 0 20.2646257877349854
0 2 7 12 16 2 17 9 2 0 2 7 0 2 7 12 16 2 6 2 7 5 30 3 0 2 7 13 6 3 1 2 7 0 2 4 0 2 7 17 9 2 1 2 7 5 31 3 1 2 7 0 2 7 0 2 7 1 2 4 0 20.3487167954444885
5 30 3 12 16 2 17 9 2 1 2 7 0 2 3 12 16 2 13 6 3 5 30 3 0 2 7 0 2 4 0 2 7 16 31 2 1 2 7 0 2 4 12 16 2 0 2 7 0 2 7 0 2 7 1 2 7 1 2 7 0 20.4516056776046753
1 2 7 0 2 7 0 2 7 0 2 4 0 2 4 0 2 7 5 31 3 6 2 7 0 2 7 1 2 7 0 2 7 12 16 2 0 2 7 17 9 2 5 31 3 16 6 2 1 2 7 0 2 7 1 2 7 0 2 7 0 20.4595978856086731
0 2 7 1 2 4 0 2 7 0 2 7 17 18 2 0 2 7 5 31 3 1 2 7 1 2 7 0 2 7 5 31 3 0 2 7 1 2 7 0 2 7 1 2 7 17 18 2 1 2 7 0 2 4 0 2 7 0 2 7 0 20.4687459468841553
0 2 7 0 2 7 5 31 3 0 2 7 5 31 3 0 2 7 0 2 7 0 2 7 0 2 7 0 2 7 0 2 7 1 2 4 1 2 7 1 2 7 1 2 7 1 2 7 17 9 2 0 2 7 17 18 2 1 2 4 0 20.4687459468841553
0 2 4 1 2 7 5 31 3 1 2 7 5 30 3 0 2 7 0 2 7 17 18 2 1 2 7 1 2 4 0 2 3 0 2 7 0 2 7 0 2 7 0 2 7 16 31 2 12 16 2 0 2 7 0 2 7 1 2 7 0 20.5479278564453125
0 2 7 0 2 7 5 31 3 1 2 7 0 2 7 0 2 3 1 2 7 1 2 7 0 2 7 0 2 4 1 2 7 0 2 3 0 2 4 1 2 7 5 30 3 17 9 2 0 2 7 1 2 7 17 9 2 0 2 7 0 20.5684669017791748
0 2 7 0 2 10 5 30 3 0 2 7 0 2 7 5 31 3 1 2 7 1 2 10 0 2 3 0 2 4 0 2 7 0 2 4 1 2 7 1 2 7 17 18 2 17 18 2 0 2 7 0 2 7 1 2 7 1 2 7 0 20.5764669179916382
0 2 7 0 2 7 5 30 3 0 2 7 17 9 2 0 2 7 5 31 3 0 2 7 17 9 2 0 2 7 1 2 11 1 2 7 0 2 7 0 2 7 1 2 7 8 18 2 0 2 7 1 2 4 1 2 11 1 2 7 0 20.6409198045730591
0 2 7 0 2 7 5 30 3 0 2 7 13 6 3 0 2 7 0 2 7 0 2 7 1 2 7 12 16 2 0 2 7 1 2 7 1 2 7 17 9 2 5 31 3 0 2 7 1 2 7 1 2 7 17 18 2 0 2 7 0 20.2646257877349854
0 2 7 12 16 2 17 9 2 0 2 7 0 2 7 12 16 2 6 2 7 5 30 3 0 2 7 13 6 3 1 2 7 0 2 4 0 2 7 17 9 2 1 2 7 5 31 3 1 2 7 0 2 7 0 2 7 1 2 4 0 20.3487167954444885
5 30 3 12 16 2 17 9 2 1 2 7 0 2 3 12 16 2 13 6 3 5 30 3 0 2 7 0 2 4 0 2 7 16 31 2 1 2 7 0 2 4 12 16 2 0 2 7 0 2 7 0 2 7 1 2 7 1 2 7 0 20.4516056776046753
1 2 7 0 2 7 0 2 7 0 2 4 0 2 4 0 2 7 5 31 3 6 2 7 0 2 7 1 2 7 0 2 7 12 16 2 0 2 7 17 9 2 5 31 3 16 6 2 1 2 7 0 2 7 1 2 7 0 2 7 0 20.4595978856086731
0 2 7 0 2 7 5 31 3 0 2 7 5 31 3 0 2 7 0 2 7 0 2 7 0 2 7 0 2 7 0 2 7 1 2 4 1 2 7 1 2 7 1 2 7 1 2 7 17 9 2 0 2 7 17 18 2 1 2 4 0 20.4687459468841553
0 2 7 1 2 4 0 2 7 0 2 7 17 18 2 0 2 7 5 31 3 1 2 7 1 2 7 0 2 7 5 31 3 0 2 7 1 2 7 0 2 7 1 2 7 17 18 2 1 2 7 0 2 4 0 2 7 0 2 7 0 20.4687459468841553
0 2 4 1 2 7 5 31 3 1 2 7 5 30 3 0 2 7 0 2 7 17 18 2 1 2 7 1 2 4 0 2 3 0 2 7 0 2 7 0 2 7 0 2 7 16 31 2 12 16 2 0 2 7 0 2 7 1 2 7 0 20.5479278564453125
0 2 7 0 2 7 5 31 3 1 2 7 0 2 7 0 2 3 1 2 7 1 2 7 0 2 7 0 2 4 1 2 7 0 2 3 0 2 4 1 2 7 5 30 3 17 9 2 0 2 7 1 2 7 17 9 2 0 2 7 0 20.5684669017791748
0 2 7 0 2 10 5 30 3 0 2 7 0 2 7 5 31 3 1 2 7 1 2 10 0 2 3 0 2 4 0 2 7 0 2 4 1 2 7 1 2 7 17 18 2 17 18 2 0 2 7 0 2 7 1 2 7 1 2 7 0 20.5764669179916382
0 2 7 0 2 7 5 30 3 0 2 7 17 9 2 0 2 7 5 31 3 0 2 7 17 9 2 0 2 7 1 2 11 1 2 7 0 2 7 0 2 7 1 2 7 8 18 2 0 2 7 1 2 4 1 2 11 1 2 7 0 20.6409198045730591
1 2 7 0 2 7 5 31 3 0 2 7 1 2 7 1 2 7 1 2 7 0 2 7 0 2 7 0 2 7 5 30 3 17 9 2 0 2 7 17 9 2 13 6 3 12 16 2 0 2 7 1 2 7 0 2 7 0 2 7 0 20.2646257877349854
0 2 7 0 2 4 5 31 3 13 6 3 1 2 7 1 2 7 0 2 7 0 2 7 0 2 7 5 30 3 0 2 7 12 16 2 0 2 7 17 18 2 17 18 2 12 16 2 6 2 7 1 2 7 1 2 4 0 2 7 0 20.3487167954444885
0 2 7 0 2 7 5 31 3 0 2 7 1 2 7 1 2 7 0 2 7 0 2 4 0 2 7 12 16 2 5 30 3 17 9 2 6 2 4 17 9 2 13 6 3 12 16 2 0 2 7 1 2 7 0 2 7 1 2 7 0 20.3487167954444885
5 30 3 12 16 2 17 9 2 1 2 7 0 2 3 12 16 2 13 6 3 5 30 3 0 2 7 0 2 4 0 2 7 16 31 2 1 2 7 0 2 4 12 16 2 0 2 7 0 2 7 0 2 7 1 2 7 1 2 7 0 20.4516056776046753
1 2 7 0 2 7 0 2 7 0 2 4 0 2 4 0 2 7 5 31 3 6 2 7 0 2 7 1 2 7 0 2 7 12 16 2 0 2 7 17 9 2 5 31 3 16 6 2 1 2 7 0 2 7 1 2 7 0 2 7 0 20.4595978856086731
5 31 3 1 2 4 17 18 2 0 2 7 1 2 7 6 2 7 5 31 3 0 2 4 1 2 7 0 2 7 0 2 7 12 16 2 0 2 7 0 2 7 0 2 7 16 6 2 1 2 7 0 2 7 0 2 7 0 2 7 0 20.4595978856086731
0 2 7 1 2 4 5 31 3 1 2 7 5 30 3 0 2 7 1 2 7 17 18 2 1 2 7 0 2 7 0 2 7 0 2 7 0 2 7 0 2 7 0 2 7 16 31 2 12 16 2 0 2 7 0 2 7 1 2 7 0 20.4679278135299683
0 2 7 1 2 4 0 2 7 0 2 7 17 18 2 0 2 7 5 31 3 1 2 7 1 2 7 0 2 7 5 31 3 0 2 7 1 2 7 0 2 7 1 2 7 17 18 2 1 2 7 0 2 4 0 2 7 0 2 7 0 20.4687459468841553
0 2 7 0 2 7 5 31 3 0 2 7 5 31 3 0 2 7 0 2 7 0 2 7 0 2 7 0 2 7 0 2 7 1 2 4 1 2 7 1 2 7 1 2 7 1 2 7 17 9 2 0 2 7 17 18 2 1 2 4 0 20.4687459468841553
0 2 7 0 2 7 5 31 3 1 2 7 0 2 7 0 2 3 1 2 7 1 2 7 0 2 7 0 2 4 1 2 7 0 2 3 0 2 4 1 2 7 5 30 3 17 9 2 0 2 7 1 2 7 17 9 2 0 2 7 0 20.5684669017791748
0 2 7 5 31 3 0 2 7 0 2 7 0 2 7 5 30 3 1 2 7 0 2 7 1 2 7 1 2 7 0 2 7 12 16 2 1 2 7 17 9 2 13 6 3 17 9 2 0 2 7 1 2 7 0 2 7 0 2 7 0 20.2646257877349854
0 2 7 0 2 4 5 31 3 13 6 3 1 2 7 1 2 7 0 2 7 0 2 7 0 2 7 5 30 3 0 2 7 12 16 2 0 2 7 17 18 2 17 18 2 12 16 2 6 2 7 1 2 7 1 2 4 0 2 7 0 20.3487167954444885
0 2 7 1 2 7 5 31 3 1 2 7 12 16 2 0 2 4 0 2 7 6 2 7 0 2 7 1 2 7 5 30 3 12 16 2 0 2 7 17 9 2 13 6 3 17 9 2 0 2 7 1 2 7 0 2 7 0 2 4 0 20.3487167954444885
6 2 4 0 2 7 5 30 3 13 6 3 1 2 7 1 2 7 0 2 7 0 2 7 1 2 7 5 31 3 1 2 7 12 16 2 0 2 7 17 9 2 17 18 2 12 16 2 0 2 4 0 2 7 0 2 7 0 2 7 0 20.3487167954444885
5 30 3 0 2 7 17 9 2 1 2 7 0 2 3 12 16 2 13 6 3 12 16 2 1 2 7 0 2 7 0 2 7 16 31 2 0 2 7 1 2 4 12 16 2 5 30 3 0 2 7 1 2 7 0 2 7 0 2 4 0 20.4516056776046753
5 30 3 12 16 2 17 9 2 1 2 7 0 2 3 12 16 2 13 6 3 5 30 3 0 2 7 0 2 4 0 2 7 16 31 2 1 2 7 0 2 4 12 16 2 0 2 7 0 2 7 0 2 7 1 2 7 1 2 7 0 20.4516056776046753
5 30 3 0 2 7 17 9 2 1 2 7 0 2 3 12 16 2 13 6 3 12 16 2 1 2 7 0 2 7 0 2 4 16 30 2 1 2 7 1 2 7 12 16 2 5 31 3 0 2 7 0 2 7 0 2 7 0 2 4 0 20.4516057968139648
1 2 7 0 2 7 0 2 7 0 2 4 0 2 4 0 2 7 5 31 3 6 2 7 0 2 7 1 2 7 0 2 7 12 16 2 0 2 7 17 9 2 5 31 3 16 6 2 1 2 7 0 2 7 1 2 7 0 2 7 0 20.4595978856086731
5 31 3 1 2 4 17 18 2 0 2 7 1 2 7 6 2 7 5 31 3 0 2 4 1 2 7 0 2 7 0 2 7 12 16 2 0 2 7 0 2 7 0 2 7 16 6 2 1 2 7 0 2 7 0 2 7 0 2 7 0 20.4595978856086731
0 2 7 1 2 4 5 31 3 1 2 7 5 30 3 0 2 7 1 2 7 17 18 2 1 2 7 0 2 7 0 2 7 0 2 7 0 2 7 0 2 7 0 2 7 16 31 2 12 16 2 0 2 7 0 2 7 1 2 7 0 20.4679278135299683
13 6 3 0 2 7 5 30 3 5 31 3 0 2 7 1 2 7 0 2 7 0 2 7 1 2 7 1 2 7 1 2 7 12 16 2 0 2 7 17 18 2 17 18 2 0 2 7 0 2 7 0 2 7 0 2 7 1 2 7 0 20.2646257877349854
0 2 7 1 2 7 5 31 3 1 2 7 12 16 2 0 2 4 0 2 7 6 2 7 0 2 7 1 2 7 5 30 3 12 16 2 0 2 7 17 9 2 13 6 3 17 9 2 0 2 7 1 2 7 0 2 7 0 2 4 0 20.3487167954444885
0 2 7 0 2 7 5 31 3 13 6 3 1 2 4 1 2 4 0 2 7 0 2 7 0 2 7 5 30 3 0 2 7 12 16 2 0 2 7 17 9 2 17 18 2 12 16 2 0 2 7 1 2 7 1 2 7 6 2 7 0 20.3487167954444885
6 2 7 0 2 4 5 31 3 13 6 3 1 2 7 1 2 4 0 2 7 0 2 7 0 2 7 5 30 3 0 2 7 12 16 2 0 2 7 17 18 2 17 18 2 12 16 2 0 2 7 1 2 7 1 2 7 0 2 7 0 20.3487167954444885
6 2 4 0 2 4 5 31 3 13 6 3 1 2 7 1 2 7 0 2 7 0 2 7 0 2 7 5 30 3 0 2 7 12 16 2 0 2 7 17 9 2 17 18 2 12 16 2 1 2 7 1 2 7 0 2 7 0 2 7 0 20.3487167954444885
17 9 2 0 2 7 5 30 3 5 31 3 0 2 7 12 16 2 17 18 2 0 2 7 1 2 7 1 2 7 1 2 7 1 2 4 12 16 2 0 2 7 0 2 7 6 2 4 13 6 3 0 2 7 0 2 7 0 2 7 0 20.3487167954444885
0 2 4 0 2 4 5 31 3 13 6 3 1 2 7 1 2 7 0 2 7 0 2 7 0 2 7 5 30 3 0 2 7 12 16 2 0 2 7 17 18 2 17 18 2 12 16 2 6 2 7 1 2 7 1 2 7 0 2 7 0 20.3487167954444885
5 30 3 0 2 7 17 9 2 1 2 7 0 2 3 12 16 2 13 6 3 12 16 2 1 2 7 0 2 7 0 2 7 16 31 2 0 2 7 1 2 4 12 16 2 5 30 3 0 2 7 1 2 7 0 2 7 0 2 4 0 20.4516056776046753
5 30 3 12 16 2 17 9 2 1 2 7 0 2 3 12 16 2 13 6 3 5 30 3 0 2 7 0 2 4 0 2 7 16 31 2 1 2 7 0 2 4 12 16 2 0 2 7 0 2 7 0 2 7 1 2 7 1 2 7 0 20.4516056776046753
5 30 3 0 2 7 17 9 2 1 2 7 0 2 3 12 16 2 13 6 3 12 16 2 1 2 7 0 2 7 0 2 4 16 30 2 1 2 7 1 2 7 12 16 2 5 31 3 0 2 7 0 2 7 0 2 7 0 2 4 0 20.4516057968139648
1 2 7 0 2 7 5 31 3 13 6 3 0 2 7 1 2 7 0 2 7 0 2 7 0 2 7 5 30 3 0 2 7 12 16 2 0 2 7 17 18 2 17 18 2 0 2 7 0 2 7 1 2 7 1 2 7 1 2 7 0 20.2646257877349854
17 9 2 0 2 7 5 30 3 5 31 3 0 2 7 12 16 2 17 18 2 0 2 7 1 2 7 1 2 7 1 2 7 0 2 7 0 2 7 0 2 7 0 2 7 1 2 7 13 6 3 0 2 7 0 2 7 1 2 7 0 20.2646257877349854
0 2 7 1 2 7 5 31 3 1 2 7 12 16 2 0 2 4 0 2 7 6 2 7 0 2 7 1 2 7 5 30 3 12 16 2 0 2 7 17 9 2 13 6 3 17 9 2 0 2 7 1 2 7 0 2 7 0 2 4 0 20.3487167954444885
1 2 4 0 2 7 5 31 3 13 6 3 6 2 7 1 2 4 0 2 7 0 2 7 0 2 7 5 30 3 0 2 7 12 16 2 0 2 7 17 9 2 17 18 2 12 16 2 0 2 7 1 2 7 1 2 7 0 2 7 0 20.3487167954444885
6 2 4 0 2 4 5 31 3 13 6 3 1 2 7 1 2 7 0 2 7 0 2 7 0 2 7 5 30 3 0 2 7 12 16 2 0 2 7 17 9 2 17 18 2 12 16 2 0 2 7 1 2 7 1 2 7 0 2 7 0 20.3487167954444885
0 2 7 0 2 4 5 31 3 13 6 3 1 2 7 1 2 4 0 2 7 0 2 7 0 2 7 5 30 3 6 2 7 12 16 2 0 2 7 17 18 2 17 18 2 12 16 2 0 2 7 1 2 7 1 2 7 0 2 7 0 20.3487167954444885
1 2 7 0 2 7 5 31 3 13 6 3 6 2 4 1 2 4 0 2 7 0 2 7 0 2 7 5 30 3 0 2 7 12 16 2 0 2 7 17 18 2 17 18 2 12 16 2 0 2 7 1 2 7 1 2 7 0 2 7 0 20.3487167954444885
0 2 4 0 2 4 5 31 3 13 6 3 1 2 7 1 2 7 0 2 7 0 2 7 0 2 7 5 30 3 6 2 7 12 16 2 0 2 7 17 18 2 17 18 2 12 16 2 0 2 7 1 2 7 1 2 7 0 2 7 0 20.3487167954444885
17 9 2 0 2 7 5 30 3 5 31 3 0 2 7 12 16 2 17 18 2 0 2 7 1 2 7 1 2 7 1 2 7 1 2 4 12 16 2 0 2 7 0 2 7 6 2 4 13 6 3 0 2 7 0 2 7 0 2 7 0 20.3487167954444885
6 2 7 0 2 7 5 31 3 13 6 3 1 2 7 1 2 7 0 2 7 0 2 7 0 2 7 5 30 3 0 2 4 12 16 2 0 2 7 17 9 2 17 18 2 12 16 2 0 2 7 1 2 4 1 2 7 0 2 7 0 20.3487167954444885
1 2 7 0 2 7 5 31 3 13 6 3 0 2 7 1 2 7 0 2 7 0 2 7 0 2 7 5 30 3 0 2 7 1 2 7 0 2 7 17 18 2 17 18 2 12 16 2 0 2 7 1 2 7 1 2 7 0 2 7 0 20.2646257877349854
1 2 7 1 2 7 5 31 3 13 6 3 0 2 7 1 2 7 0 2 7 0 2 7 0 2 7 5 30 3 0 2 7 1 2 7 0 2 7 17 9 2 17 18 2 12 16 2 0 2 7 0 2 7 1 2 7 0 2 7 0 20.2646257877349854
0 2 7 0 2 7 5 31 3 13 6 3 1 2 7 0 2 7 12 16 2 0 2 7 0 2 7 5 30 3 0 2 7 0 2 7 1 2 7 17 9 2 17 9 2 1 2 7 0 2 7 1 2 7 1 2 7 0 2 7 0 20.2646257877349854
1 2 7 0 2 7 5 31 3 13 6 3 6 2 7 1 2 4 0 2 7 0 2 7 0 2 7 5 30 3 0 2 7 12 16 2 0 2 7 17 18 2 17 18 2 12 16 2 0 2 7 1 2 4 1 2 7 0 2 7 0 20.3487167954444885
6 2 7 0 2 4 5 31 3 13 6 3 1 2 7 1 2 7 0 2 7 0 2 7 0 2 7 5 30 3 0 2 7 12 16 2 0 2 7 17 9 2 17 18 2 12 16 2 0 2 7 0 2 4 1 2 7 1 2 7 0 20.3487167954444885
0 2 7 0 2 4 5 31 3 13 6 3 1 2 7 1 2 4 0 2 7 0 2 7 0 2 7 5 30 3 6 2 7 12 16 2 0 2 7 17 18 2 17 18 2 12 16 2 0 2 7 1 2 7 1 2 7 0 2 7 0 20.3487167954444885
1 2 7 0 2 4 5 31 3 13 6 3 1 2 7 1 2 7 0 2 7 0 2 7 0 2 7 5 30 3 0 2 7 12 16 2 0 2 7 17 9 2 17 18 2 12 16 2 0 2 7 6 2 4 1 2 7 0 2 7 0 20.3487167954444885
1 2 7 0 2 7 5 31 3 13 6 3 6 2 4 1 2 4 0 2 7 0 2 7 0 2 7 5 30 3 0 2 7 12 16 2 0 2 7 17 18 2 17 18 2 12 16 2 0 2 7 1 2 7 1 2 7 0 2 7 0 20.3487167954444885
6 2 7 1 2 7 5 31 3 13 6 3 1 2 7 1 2 7 0 2 7 0 2 7 0 2 7 5 30 3 0 2 4 12 16 2 0 2 7 17 9 2 17 18 2 12 16 2 0 2 7 0 2 7 1 2 4 0 2 7 0 20.3487167954444885
1 2 4 0 2 7 5 31 3 13 6 3 6 2 7 1 2 4 0 2 7 0 2 7 0 2 7 5 30 3 0 2 7 12 16 2 0 2 7 17 9 2 17 18 2 12 16 2 0 2 7 1 2 7 1 2 7 0 2 7 0 20.3487167954444885
1 2 7 0 2 7 5 31 3 13 6 3 0 2 7 0 2 7 12 16 2 0 2 7 0 2 7 5 30 3 0 2 7 1 2 7 1 2 7 17 9 2 17 18 2 0 2 7 0 2 7 1 2 7 1 2 7 0 2 7 0 20.2646257877349854
0 2 7 1 2 7 5 31 3 13 6 3 1 2 7 0 2 7 0 2 7 0 2 7 0 2 7 5 30 3 0 2 7 12 16 2 0 2 7 17 18 2 17 18 2 1 2 7 0 2 7 0 2 7 1 2 7 1 2 7 0 20.2646257877349854
0 2 7 0 2 7 5 31 3 13 6 3 1 2 7 0 2 7 12 16 2 0 2 7 0 2 7 5 30 3 0 2 7 0 2 7 1 2 7 17 9 2 17 9 2 1 2 7 1 2 7 0 2 7 1 2 7 0 2 7 0 20.2646257877349854
0 2 7 0 2 7 5 31 3 13 6 3 1 2 7 0 2 7 1 2 4 1 2 7 0 2 7 5 30 3 6 2 7 12 16 2 0 2 7 17 18 2 17 9 2 12 16 2 0 2 7 1 2 7 0 2 4 0 2 7 0 20.3487167954444885
1 2 7 0 2 4 5 31 3 13 6 3 1 2 7 0 2 7 0 2 4 0 2 7 0 2 7 5 30 3 0 2 7 12 16 2 0 2 7 17 18 2 17 18 2 12 16 2 0 2 7 6 2 7 1 2 7 1 2 7 0 20.3487167954444885
1 2 7 0 2 7 5 31 3 13 6 3 6 2 4 1 2 4 0 2 7 0 2 7 0 2 7 5 30 3 0 2 7 12 16 2 1 2 7 17 18 2 17 18 2 12 16 2 0 2 7 0 2 7 1 2 7 0 2 7 0 20.3487167954444885
1 2 7 1 2 7 5 31 3 13 6 3 1 2 7 6 2 4 0 2 7 0 2 4 0 2 7 5 30 3 0 2 7 12 16 2 0 2 7 17 18 2 17 18 2 12 16 2 0 2 7 0 2 7 1 2 7 0 2 7 0 20.3487167954444885
6 2 7 0 2 7 5 31 3 13 6 3 1 2 4 1 2 4 0 2 7 0 2 7 0 2 7 5 30 3 0 2 7 12 16 2 0 2 7 17 18 2 17 18 2 12 16 2 0 2 7 1 2 7 1 2 7 0 2 7 0 20.3487167954444885
6 2 7 0 2 4 5 31 3 13 6 3 1 2 7 1 2 7 0 2 7 0 2 7 0 2 7 5 30 3 0 2 7 12 16 2 0 2 7 17 9 2 17 18 2 12 16 2 0 2 7 0 2 4 1 2 7 1 2 7 0 20.3487167954444885
1 2 7 0 2 7 5 31 3 13 6 3 1 2 4 6 2 7 0 2 7 0 2 7 0 2 4 5 30 3 0 2 7 12 16 2 0 2 7 17 18 2 17 18 2 12 16 2 0 2 7 1 2 7 1 2 7 0 2 7 0 20.3487167954444885
MonoObjective Genetic Algorithm
Number of Evaluations = 0
Mutation Probability = 0
Crossover Probability = 1
Population Size = 10
Survival Selection Type = 19
Time =  3604.57620811462402
1 2 7 0 2 7 5 31 3 13 6 3 0 2 7 0 2 7 12 16 2 0 2 7 0 2 7 5 30 3 0 2 7 1 2 7 1 2 7 17 9 2 17 18 2 0 2 7 0 2 7 1 2 7 1 2 7 0 2 7 0 20.2646257877349854
0 2 7 1 2 7 5 31 3 13 6 3 1 2 7 0 2 7 0 2 7 0 2 7 0 2 7 5 30 3 0 2 7 12 16 2 0 2 7 17 18 2 17 18 2 1 2 7 0 2 7 0 2 7 1 2 7 1 2 7 0 20.2646257877349854
0 2 7 0 2 7 5 31 3 13 6 3 1 2 7 0 2 7 12 16 2 0 2 7 0 2 7 5 30 3 0 2 7 0 2 7 1 2 7 17 9 2 17 9 2 1 2 7 1 2 7 0 2 7 1 2 7 0 2 7 0 20.2646257877349854
0 2 7 0 2 7 5 31 3 13 6 3 1 2 7 0 2 7 1 2 4 1 2 7 0 2 7 5 30 3 6 2 7 12 16 2 0 2 7 17 18 2 17 9 2 12 16 2 0 2 7 1 2 7 0 2 4 0 2 7 0 20.3487167954444885
1 2 7 0 2 4 5 31 3 13 6 3 1 2 7 0 2 7 0 2 4 0 2 7 0 2 7 5 30 3 0 2 7 12 16 2 0 2 7 17 18 2 17 18 2 12 16 2 0 2 7 6 2 7 1 2 7 1 2 7 0 20.3487167954444885
1 2 7 0 2 7 5 31 3 13 6 3 6 2 4 1 2 4 0 2 7 0 2 7 0 2 7 5 30 3 0 2 7 12 16 2 1 2 7 17 18 2 17 18 2 12 16 2 0 2 7 0 2 7 1 2 7 0 2 7 0 20.3487167954444885
1 2 7 1 2 7 5 31 3 13 6 3 1 2 7 6 2 4 0 2 7 0 2 4 0 2 7 5 30 3 0 2 7 12 16 2 0 2 7 17 18 2 17 18 2 12 16 2 0 2 7 0 2 7 1 2 7 0 2 7 0 20.3487167954444885
6 2 7 0 2 7 5 31 3 13 6 3 1 2 4 1 2 4 0 2 7 0 2 7 0 2 7 5 30 3 0 2 7 12 16 2 0 2 7 17 18 2 17 18 2 12 16 2 0 2 7 1 2 7 1 2 7 0 2 7 0 20.3487167954444885
6 2 7 0 2 4 5 31 3 13 6 3 1 2 7 1 2 7 0 2 7 0 2 7 0 2 7 5 30 3 0 2 7 12 16 2 0 2 7 17 9 2 17 18 2 12 16 2 0 2 7 0 2 4 1 2 7 1 2 7 0 20.3487167954444885
1 2 7 0 2 7 5 31 3 13 6 3 1 2 4 6 2 7 0 2 7 0 2 7 0 2 4 5 30 3 0 2 7 12 16 2 0 2 7 17 18 2 17 18 2 12 16 2 0 2 7 1 2 7 1 2 7 0 2 7 0 20.3487167954444885
