0 2 7 5 31 3 0 2 7 0 2 7 1 2 7 0 2 7 5 31 3 1 2 7 0 2 7 16 6 2 0 2 7 1 2 7 0 2 7 17 9 2 0 2 7 0 2 7 0 2 7 0 2 7 0 2 7 1 2 7 0 2 7 0 2 3 1 2 7 17 9 2 13 6 3 12 16 2 1 2 7 1 2 7 5 31 3 16 6 2 1 2 7 0 2 7 0 2 7 17 18 2 5 31 3 1 2 7 1 2 7 1 2 7 0 2 7 0 2 7 0 40.4635157585144043
0 2 7 5 31 3 12 16 2 0 2 7 6 2 7 0 2 7 5 31 3 0 2 7 0 2 7 0 2 7 1 2 7 1 2 7 0 2 7 17 9 2 1 2 7 0 2 7 16 6 2 0 2 7 0 2 7 0 2 7 0 2 7 0 2 7 0 2 7 0 2 7 0 2 7 0 2 7 1 2 7 1 2 7 17 9 2 16 6 2 13 6 3 5 31 3 12 16 2 1 2 7 5 31 3 1 2 7 16 6 2 0 2 7 0 2 7 5 30 3 0 40.6861146092414856
0 2 7 5 31 3 12 16 2 0 2 7 6 2 7 0 2 7 5 31 3 0 2 7 0 2 7 0 2 7 1 2 7 1 2 7 0 2 7 17 9 2 1 2 7 0 2 7 16 6 2 0 2 7 0 2 7 0 2 7 0 2 7 0 2 7 0 2 7 0 2 7 0 2 7 0 2 7 1 2 7 1 2 7 17 9 2 16 6 2 13 6 3 5 31 3 12 16 2 1 2 7 5 31 3 1 2 7 16 6 2 0 2 7 0 2 7 5 30 3 0 40.6861146092414856
0 2 7 0 2 7 5 31 3 12 16 2 0 2 7 0 2 3 17 18 2 0 2 7 13 6 3 1 2 7 0 2 4 1 2 7 1 2 7 17 9 2 6 2 7 0 2 7 0 2 7 5 30 3 0 2 4 0 2 7 5 31 3 0 2 7 1 2 7 1 2 7 1 2 7 0 2 7 5 30 3 1 2 7 0 2 7 0 2 7 0 2 7 0 2 4 0 2 7 0 2 4 1 2 7 1 2 7 1 2 3 16 30 2 17 9 2 12 16 2 0 40.6780157685279846
0 2 7 0 2 7 5 31 3 12 16 2 0 2 7 0 2 7 0 2 7 0 2 7 0 2 7 5 30 3 1 2 7 0 2 7 1 2 7 1 2 7 0 2 7 0 2 7 0 2 7 1 2 7 0 2 7 12 16 2 12 16 2 17 9 2 1 2 7 0 2 7 5 30 3 0 2 7 0 2 7 1 2 7 0 2 7 16 6 2 8 9 2 13 6 3 5 30 3 17 18 2 1 2 7 0 2 7 0 2 7 1 2 7 16 31 2 1 2 7 0 40.7200864553451538
0 2 7 5 31 3 12 16 2 0 2 7 6 2 7 0 2 7 5 31 3 0 2 7 0 2 7 0 2 7 1 2 7 1 2 7 0 2 7 17 9 2 1 2 7 0 2 7 16 6 2 0 2 7 0 2 7 0 2 7 0 2 7 0 2 7 0 2 7 0 2 7 0 2 7 0 2 7 1 2 7 1 2 7 17 9 2 16 6 2 13 6 3 5 31 3 12 16 2 1 2 7 5 31 3 1 2 7 16 6 2 0 2 7 0 2 7 5 30 3 0 40.6861146092414856
0 2 7 0 2 7 5 31 3 12 16 2 0 2 7 0 2 7 0 2 7 0 2 7 1 2 7 5 30 3 1 2 4 0 2 7 1 2 7 1 2 4 0 2 7 0 2 7 0 2 3 6 2 7 1 2 7 12 16 2 12 16 2 17 9 2 0 2 7 0 2 7 0 2 4 15 2 11 1 2 7 0 2 7 16 6 2 0 2 4 13 6 3 5 31 3 17 18 2 1 2 7 1 2 7 17 9 2 0 2 7 0 2 7 1 2 7 1 2 7 0 40.65079265832901
0 2 7 0 2 7 5 31 3 12 16 2 0 2 7 0 2 7 0 2 7 0 2 7 0 2 7 5 30 3 1 2 7 0 2 7 1 2 7 1 2 7 0 2 7 0 2 7 0 2 7 1 2 7 0 2 7 12 16 2 12 16 2 17 9 2 1 2 7 0 2 7 5 30 3 0 2 7 0 2 7 1 2 7 0 2 7 16 6 2 8 9 2 13 6 3 5 30 3 17 18 2 1 2 7 0 2 7 0 2 7 1 2 7 16 31 2 1 2 7 0 40.7200864553451538
0 2 7 0 2 7 5 31 3 12 16 2 0 2 7 0 2 7 13 6 3 1 2 7 6 2 7 1 2 7 17 9 2 1 2 7 0 2 7 0 2 7 5 30 3 0 2 7 5 31 3 0 2 7 1 2 7 1 2 7 0 2 7 0 2 7 1 2 7 0 2 7 0 2 7 0 2 7 0 2 7 17 9 2 12 16 2 5 31 3 16 6 2 0 2 7 16 6 2 5 31 3 0 2 7 0 2 7 1 2 7 0 2 7 0 2 7 16 6 2 0 40.6861146092414856
0 2 7 5 31 3 12 16 2 0 2 7 6 2 7 0 2 7 5 31 3 0 2 7 0 2 7 0 2 7 1 2 7 1 2 7 0 2 7 17 9 2 1 2 7 0 2 7 16 6 2 0 2 7 0 2 7 0 2 7 0 2 7 0 2 7 0 2 7 0 2 7 0 2 7 0 2 7 1 2 7 1 2 7 17 9 2 16 6 2 13 6 3 5 31 3 12 16 2 1 2 7 5 31 3 1 2 7 16 6 2 0 2 7 0 2 7 5 30 3 0 40.6861146092414856
0 2 7 1 2 7 5 31 3 12 16 2 0 2 7 12 16 2 0 2 7 0 2 7 0 2 7 0 2 7 0 2 7 0 2 7 1 2 7 0 2 7 1 2 7 5 31 3 17 9 2 0 2 7 0 2 7 1 2 7 1 2 7 1 2 7 16 6 2 13 6 3 17 18 2 0 2 7 1 2 7 17 9 2 1 2 7 1 2 7 0 2 7 0 2 7 1 2 7 0 2 7 0 2 7 0 2 7 5 30 3 1 2 7 1 2 7 8 18 2 0 40.4091576337814331
0 2 7 1 2 7 5 30 3 12 16 2 1 2 7 0 2 7 1 2 7 13 6 3 0 2 7 1 2 7 0 2 7 17 9 2 0 2 7 0 2 7 1 2 7 0 2 7 1 2 7 1 2 7 1 2 7 0 2 7 1 2 7 0 2 7 0 2 7 0 2 7 0 2 7 17 18 2 1 2 7 17 9 2 0 2 7 5 31 3 1 2 7 0 2 7 1 2 7 16 6 2 0 2 7 0 2 7 12 16 2 8 18 2 0 2 7 5 31 3 0 40.4091576337814331
0 2 7 1 2 7 5 31 3 12 16 2 1 2 7 0 2 7 8 18 2 0 2 7 13 6 3 0 2 7 1 2 7 0 2 7 17 9 2 0 2 7 0 2 7 1 2 7 5 30 3 0 2 7 1 2 7 1 2 7 1 2 7 0 2 7 1 2 7 0 2 7 0 2 7 0 2 7 0 2 7 17 18 2 1 2 7 17 9 2 0 2 7 5 31 3 1 2 7 0 2 7 1 2 7 16 6 2 0 2 7 1 2 7 0 2 7 12 16 2 0 40.4091576337814331
0 2 7 1 2 7 5 30 3 12 16 2 0 2 7 12 16 2 0 2 7 0 2 7 1 2 7 0 2 7 0 2 7 0 2 7 1 2 7 0 2 7 1 2 7 5 31 3 17 9 2 8 9 2 0 2 7 1 2 7 1 2 7 1 2 7 16 6 2 13 6 3 5 31 3 17 18 2 0 2 7 1 2 7 17 9 2 1 2 7 1 2 7 0 2 7 0 2 7 1 2 7 0 2 7 0 2 7 1 2 7 0 2 7 0 2 7 0 2 7 0 40.4091576337814331
0 2 7 1 2 7 5 30 3 12 16 2 1 2 7 0 2 7 1 2 7 13 6 3 0 2 7 1 2 7 0 2 7 17 9 2 0 2 7 0 2 7 1 2 7 0 2 7 1 2 7 1 2 7 1 2 7 0 2 7 1 2 7 0 2 7 0 2 7 0 2 7 0 2 7 17 18 2 1 2 7 17 9 2 0 2 7 5 31 3 1 2 7 0 2 7 1 2 7 16 6 2 0 2 7 0 2 7 12 16 2 8 18 2 0 2 7 5 31 3 0 40.4091576337814331
0 2 7 1 2 7 5 31 3 12 16 2 0 2 7 12 16 2 0 2 7 0 2 7 0 2 7 0 2 7 0 2 7 0 2 7 1 2 7 0 2 7 1 2 7 5 31 3 17 9 2 1 2 7 0 2 7 1 2 7 1 2 7 1 2 7 16 6 2 13 6 3 17 18 2 0 2 7 0 2 7 17 9 2 1 2 7 1 2 7 0 2 7 8 9 2 1 2 7 0 2 7 0 2 7 0 2 7 5 30 3 1 2 7 1 2 7 0 2 7 0 40.4091576337814331
0 2 7 1 2 7 5 31 3 12 16 2 0 2 7 12 16 2 0 2 7 0 2 7 0 2 7 0 2 7 0 2 7 0 2 7 1 2 7 0 2 7 1 2 7 5 31 3 17 9 2 1 2 7 0 2 7 1 2 7 1 2 7 1 2 7 16 6 2 13 6 3 17 18 2 0 2 7 0 2 7 17 9 2 1 2 7 1 2 7 0 2 7 8 9 2 1 2 7 0 2 7 0 2 7 0 2 7 5 30 3 1 2 7 1 2 7 0 2 7 0 40.4091576337814331
0 2 7 1 2 7 5 31 3 12 16 2 0 2 7 12 16 2 0 2 7 0 2 7 0 2 7 0 2 7 0 2 7 0 2 7 1 2 7 0 2 7 1 2 7 5 31 3 17 9 2 0 2 7 0 2 7 1 2 7 1 2 7 1 2 7 16 6 2 13 6 3 17 18 2 0 2 7 1 2 7 17 9 2 1 2 7 1 2 7 0 2 7 0 2 7 1 2 7 0 2 7 0 2 7 0 2 7 5 30 3 1 2 7 1 2 7 8 18 2 0 40.4091576337814331
0 2 7 1 2 7 5 31 3 12 16 2 0 2 7 12 16 2 0 2 7 0 2 7 0 2 7 0 2 7 0 2 7 0 2 7 1 2 7 0 2 7 1 2 7 5 31 3 17 9 2 0 2 7 0 2 7 1 2 7 1 2 7 1 2 7 16 6 2 13 6 3 17 18 2 0 2 7 1 2 7 17 9 2 1 2 7 1 2 7 0 2 7 0 2 7 1 2 7 0 2 7 0 2 7 0 2 7 5 30 3 1 2 7 1 2 7 8 9 2 0 40.4091576337814331
0 2 7 1 2 7 5 31 3 12 16 2 0 2 7 12 16 2 0 2 7 0 2 7 0 2 7 0 2 7 0 2 7 0 2 7 1 2 7 0 2 7 1 2 7 5 31 3 17 9 2 0 2 7 0 2 7 1 2 7 1 2 7 1 2 7 16 6 2 13 6 3 17 18 2 0 2 7 1 2 7 17 9 2 1 2 7 1 2 7 0 2 7 0 2 7 1 2 7 0 2 7 0 2 7 0 2 7 5 30 3 8 18 2 1 2 7 1 2 7 0 40.4091576337814331
0 2 7 1 2 7 5 30 3 12 16 2 1 2 7 0 2 7 1 2 7 13 6 3 0 2 7 1 2 7 0 2 7 17 9 2 0 2 7 0 2 7 1 2 7 0 2 7 1 2 7 1 2 7 1 2 7 0 2 7 1 2 7 0 2 7 0 2 7 0 2 7 0 2 7 17 18 2 1 2 7 17 9 2 0 2 7 5 31 3 1 2 7 0 2 7 1 2 7 16 6 2 0 2 7 0 2 7 12 16 2 0 2 7 5 31 3 8 18 2 0 40.4091576337814331
0 2 7 1 2 7 5 30 3 12 16 2 1 2 7 0 2 7 1 2 7 13 6 3 0 2 7 1 2 7 0 2 7 17 9 2 0 2 7 0 2 7 1 2 7 0 2 7 1 2 7 1 2 7 1 2 7 0 2 7 1 2 7 0 2 7 0 2 7 0 2 7 0 2 7 17 18 2 1 2 7 17 9 2 0 2 7 5 31 3 1 2 7 0 2 7 1 2 7 16 6 2 0 2 7 0 2 7 12 16 2 8 18 2 0 2 7 5 31 3 0 40.4091576337814331
0 2 7 1 2 7 5 31 3 12 16 2 1 2 7 0 2 7 8 18 2 0 2 7 13 6 3 0 2 7 1 2 7 0 2 7 17 9 2 0 2 7 0 2 7 1 2 7 5 30 3 0 2 7 1 2 7 1 2 7 1 2 7 0 2 7 1 2 7 0 2 7 0 2 7 0 2 7 0 2 7 17 18 2 1 2 7 17 9 2 0 2 7 5 31 3 1 2 7 0 2 7 1 2 7 16 6 2 0 2 7 1 2 7 0 2 7 12 16 2 0 40.4091576337814331
0 2 7 1 2 7 5 30 3 12 16 2 0 2 7 12 16 2 0 2 7 0 2 7 1 2 7 0 2 7 0 2 7 0 2 7 1 2 7 0 2 7 1 2 7 5 31 3 17 9 2 8 9 2 0 2 7 1 2 7 1 2 7 1 2 7 16 6 2 13 6 3 5 31 3 17 18 2 0 2 7 1 2 7 17 9 2 1 2 7 1 2 7 0 2 7 0 2 7 1 2 7 0 2 7 0 2 7 1 2 7 0 2 7 0 2 7 0 2 7 0 40.4091576337814331
0 2 7 1 2 7 5 30 3 12 16 2 1 2 7 0 2 7 1 2 7 13 6 3 0 2 7 1 2 7 0 2 7 17 9 2 0 2 7 0 2 7 1 2 7 0 2 7 1 2 7 1 2 7 1 2 7 0 2 7 1 2 7 0 2 7 0 2 7 0 2 7 0 2 7 17 18 2 1 2 7 17 9 2 0 2 7 5 31 3 1 2 7 0 2 7 1 2 7 16 6 2 0 2 7 0 2 7 12 16 2 8 18 2 0 2 7 5 31 3 0 40.4091576337814331
0 2 7 1 2 7 5 31 3 12 16 2 0 2 7 12 16 2 0 2 7 0 2 7 0 2 7 0 2 7 0 2 7 0 2 7 1 2 7 0 2 7 1 2 7 5 31 3 17 9 2 1 2 7 0 2 7 1 2 7 1 2 7 1 2 7 16 6 2 13 6 3 17 18 2 0 2 7 0 2 7 17 9 2 1 2 7 1 2 7 0 2 7 8 9 2 1 2 7 0 2 7 0 2 7 0 2 7 5 30 3 1 2 7 1 2 7 0 2 7 0 40.4091576337814331
0 2 7 1 2 7 5 31 3 12 16 2 0 2 7 12 16 2 0 2 7 0 2 7 0 2 7 0 2 7 0 2 7 0 2 7 1 2 7 0 2 7 1 2 7 5 31 3 17 9 2 1 2 7 0 2 7 1 2 7 1 2 7 1 2 7 16 6 2 13 6 3 17 18 2 0 2 7 0 2 7 17 9 2 1 2 7 1 2 7 0 2 7 8 9 2 1 2 7 0 2 7 0 2 7 0 2 7 5 30 3 1 2 7 1 2 7 0 2 7 0 40.4091576337814331
0 2 7 1 2 7 5 31 3 12 16 2 0 2 7 12 16 2 0 2 7 0 2 7 0 2 7 0 2 7 0 2 7 0 2 7 1 2 7 0 2 7 1 2 7 5 31 3 17 9 2 0 2 7 0 2 7 1 2 7 1 2 7 1 2 7 16 6 2 13 6 3 17 18 2 0 2 7 1 2 7 17 9 2 1 2 7 1 2 7 0 2 7 0 2 7 1 2 7 0 2 7 0 2 7 0 2 7 5 30 3 1 2 7 1 2 7 8 18 2 0 40.4091576337814331
0 2 7 1 2 7 5 31 3 12 16 2 0 2 7 12 16 2 0 2 7 0 2 7 0 2 7 0 2 7 0 2 7 0 2 7 1 2 7 0 2 7 1 2 7 5 31 3 17 9 2 0 2 7 0 2 7 1 2 7 1 2 7 1 2 7 16 6 2 13 6 3 17 18 2 0 2 7 1 2 7 17 9 2 1 2 7 1 2 7 0 2 7 0 2 7 1 2 7 0 2 7 0 2 7 0 2 7 5 30 3 1 2 7 1 2 7 8 9 2 0 40.4091576337814331
0 2 7 1 2 7 5 31 3 12 16 2 0 2 7 12 16 2 0 2 7 0 2 7 0 2 7 0 2 7 0 2 7 0 2 7 1 2 7 0 2 7 1 2 7 5 31 3 17 9 2 0 2 7 0 2 7 1 2 7 1 2 7 1 2 7 16 6 2 13 6 3 17 18 2 0 2 7 1 2 7 17 9 2 1 2 7 1 2 7 0 2 7 0 2 7 1 2 7 0 2 7 0 2 7 0 2 7 5 30 3 8 18 2 1 2 7 1 2 7 0 40.4091576337814331
0 2 7 1 2 7 5 30 3 12 16 2 0 2 7 12 16 2 0 2 7 0 2 7 1 2 7 0 2 7 0 2 7 0 2 7 1 2 7 0 2 7 1 2 7 5 31 3 17 9 2 8 9 2 0 2 7 1 2 7 1 2 7 1 2 7 16 6 2 13 6 3 5 31 3 17 18 2 0 2 7 1 2 7 17 9 2 1 2 7 1 2 7 0 2 7 0 2 7 1 2 7 0 2 7 0 2 7 1 2 7 0 2 7 0 2 7 0 2 7 0 40.4091576337814331
0 2 7 1 2 7 5 30 3 12 16 2 1 2 7 0 2 7 1 2 7 13 6 3 0 2 7 1 2 7 0 2 7 17 9 2 0 2 7 0 2 7 1 2 7 0 2 7 1 2 7 1 2 7 1 2 7 0 2 7 1 2 7 0 2 7 0 2 7 0 2 7 0 2 7 17 18 2 1 2 7 17 9 2 0 2 7 5 31 3 1 2 7 0 2 7 1 2 7 16 6 2 0 2 7 0 2 7 12 16 2 8 18 2 0 2 7 5 31 3 0 40.4091576337814331
0 2 7 1 2 7 5 31 3 12 16 2 1 2 7 0 2 7 8 18 2 0 2 7 13 6 3 0 2 7 1 2 7 0 2 7 17 9 2 0 2 7 0 2 7 1 2 7 5 30 3 0 2 7 1 2 7 1 2 7 1 2 7 0 2 7 1 2 7 0 2 7 0 2 7 0 2 7 0 2 7 17 18 2 1 2 7 17 9 2 0 2 7 5 31 3 1 2 7 0 2 7 1 2 7 16 6 2 0 2 7 1 2 7 0 2 7 12 16 2 0 40.4091576337814331
0 2 7 1 2 7 5 30 3 12 16 2 0 2 7 12 16 2 0 2 7 0 2 7 1 2 7 0 2 7 0 2 7 0 2 7 1 2 7 0 2 7 1 2 7 5 31 3 17 9 2 8 9 2 0 2 7 1 2 7 1 2 7 1 2 7 16 6 2 13 6 3 5 31 3 17 18 2 0 2 7 1 2 7 17 9 2 1 2 7 1 2 7 0 2 7 0 2 7 1 2 7 0 2 7 0 2 7 1 2 7 0 2 7 0 2 7 0 2 7 0 40.4091576337814331
0 2 7 1 2 7 5 30 3 12 16 2 1 2 7 0 2 7 1 2 7 13 6 3 0 2 7 1 2 7 0 2 7 17 9 2 0 2 7 0 2 7 1 2 7 0 2 7 1 2 7 1 2 7 1 2 7 0 2 7 1 2 7 0 2 7 0 2 7 0 2 7 0 2 7 17 18 2 1 2 7 17 9 2 0 2 7 5 31 3 1 2 7 0 2 7 1 2 7 16 6 2 0 2 7 0 2 7 12 16 2 8 18 2 0 2 7 5 31 3 0 40.4091576337814331
0 2 7 1 2 7 5 31 3 12 16 2 0 2 7 12 16 2 0 2 7 0 2 7 0 2 7 0 2 7 0 2 7 0 2 7 1 2 7 0 2 7 1 2 7 5 31 3 17 9 2 1 2 7 0 2 7 1 2 7 1 2 7 1 2 7 16 6 2 13 6 3 17 18 2 0 2 7 0 2 7 17 9 2 1 2 7 1 2 7 0 2 7 8 9 2 1 2 7 0 2 7 0 2 7 0 2 7 5 30 3 1 2 7 1 2 7 0 2 7 0 40.4091576337814331
0 2 7 1 2 7 5 31 3 12 16 2 0 2 7 12 16 2 0 2 7 0 2 7 0 2 7 0 2 7 0 2 7 0 2 7 1 2 7 0 2 7 1 2 7 5 31 3 17 9 2 1 2 7 0 2 7 1 2 7 1 2 7 1 2 7 16 6 2 13 6 3 17 18 2 0 2 7 0 2 7 17 9 2 1 2 7 1 2 7 0 2 7 8 9 2 1 2 7 0 2 7 0 2 7 0 2 7 5 30 3 1 2 7 1 2 7 0 2 7 0 40.4091576337814331
0 2 7 1 2 7 5 31 3 12 16 2 0 2 7 12 16 2 0 2 7 0 2 7 0 2 7 0 2 7 0 2 7 0 2 7 1 2 7 0 2 7 1 2 7 5 31 3 17 9 2 0 2 7 0 2 7 1 2 7 1 2 7 1 2 7 16 6 2 13 6 3 17 18 2 0 2 7 1 2 7 17 9 2 1 2 7 1 2 7 0 2 7 0 2 7 1 2 7 0 2 7 0 2 7 0 2 7 5 30 3 1 2 7 1 2 7 8 18 2 0 40.4091576337814331
0 2 7 1 2 7 5 31 3 12 16 2 0 2 7 12 16 2 0 2 7 0 2 7 0 2 7 0 2 7 0 2 7 0 2 7 1 2 7 0 2 7 1 2 7 5 31 3 17 9 2 0 2 7 0 2 7 1 2 7 1 2 7 1 2 7 16 6 2 13 6 3 17 18 2 0 2 7 1 2 7 17 9 2 1 2 7 1 2 7 0 2 7 0 2 7 1 2 7 0 2 7 0 2 7 0 2 7 5 30 3 1 2 7 1 2 7 8 9 2 0 40.4091576337814331
0 2 7 1 2 7 5 31 3 12 16 2 0 2 7 12 16 2 0 2 7 0 2 7 0 2 7 0 2 7 0 2 7 0 2 7 1 2 7 0 2 7 1 2 7 5 31 3 17 9 2 0 2 7 0 2 7 1 2 7 1 2 7 1 2 7 16 6 2 13 6 3 17 18 2 0 2 7 1 2 7 17 9 2 1 2 7 1 2 7 0 2 7 0 2 7 1 2 7 0 2 7 0 2 7 0 2 7 5 30 3 8 18 2 1 2 7 1 2 7 0 40.4091576337814331
0 2 7 1 2 7 5 31 3 12 16 2 0 2 7 12 16 2 0 2 7 0 2 7 0 2 7 0 2 7 0 2 7 0 2 7 1 2 7 0 2 7 1 2 7 5 31 3 17 9 2 0 2 7 0 2 7 1 2 7 1 2 7 1 2 7 16 6 2 13 6 3 17 18 2 0 2 7 1 2 7 17 9 2 1 2 7 1 2 7 0 2 7 0 2 7 1 2 7 0 2 7 0 2 7 0 2 7 5 30 3 1 2 7 1 2 7 8 9 2 0 40.4091576337814331
0 2 7 1 2 7 5 30 3 12 16 2 1 2 7 0 2 7 1 2 7 13 6 3 0 2 7 1 2 7 0 2 7 17 9 2 0 2 7 0 2 7 1 2 7 0 2 7 1 2 7 1 2 7 1 2 7 0 2 7 1 2 7 0 2 7 0 2 7 0 2 7 0 2 7 17 18 2 1 2 7 17 9 2 0 2 7 5 31 3 1 2 7 0 2 7 1 2 7 16 6 2 0 2 7 0 2 7 12 16 2 8 18 2 0 2 7 5 31 3 0 40.4091576337814331
0 2 7 1 2 7 5 31 3 12 16 2 1 2 7 0 2 7 8 18 2 0 2 7 13 6 3 0 2 7 1 2 7 0 2 7 17 9 2 0 2 7 0 2 7 1 2 7 5 30 3 0 2 7 1 2 7 1 2 7 1 2 7 0 2 7 1 2 7 0 2 7 0 2 7 0 2 7 0 2 7 17 18 2 1 2 7 17 9 2 0 2 7 5 31 3 1 2 7 0 2 7 1 2 7 16 6 2 0 2 7 1 2 7 0 2 7 12 16 2 0 40.4091576337814331
0 2 7 1 2 7 5 30 3 12 16 2 0 2 7 12 16 2 0 2 7 0 2 7 1 2 7 0 2 7 0 2 7 0 2 7 1 2 7 0 2 7 1 2 7 5 31 3 17 9 2 8 9 2 0 2 7 1 2 7 1 2 7 1 2 7 16 6 2 13 6 3 5 31 3 17 18 2 0 2 7 1 2 7 17 9 2 1 2 7 1 2 7 0 2 7 0 2 7 1 2 7 0 2 7 0 2 7 1 2 7 0 2 7 0 2 7 0 2 7 0 40.4091576337814331
0 2 7 1 2 7 5 30 3 12 16 2 1 2 7 0 2 7 1 2 7 13 6 3 0 2 7 1 2 7 0 2 7 17 9 2 0 2 7 0 2 7 1 2 7 0 2 7 1 2 7 1 2 7 1 2 7 0 2 7 1 2 7 0 2 7 0 2 7 0 2 7 0 2 7 17 18 2 1 2 7 17 9 2 0 2 7 5 31 3 1 2 7 0 2 7 1 2 7 16 6 2 0 2 7 0 2 7 12 16 2 8 18 2 0 2 7 5 31 3 0 40.4091576337814331
0 2 7 1 2 7 5 31 3 12 16 2 0 2 7 12 16 2 0 2 7 0 2 7 0 2 7 0 2 7 0 2 7 0 2 7 1 2 7 0 2 7 1 2 7 5 31 3 17 9 2 1 2 7 0 2 7 1 2 7 1 2 7 1 2 7 16 6 2 13 6 3 17 18 2 0 2 7 0 2 7 17 9 2 1 2 7 1 2 7 0 2 7 8 9 2 1 2 7 0 2 7 0 2 7 0 2 7 5 30 3 1 2 7 1 2 7 0 2 7 0 40.4091576337814331
0 2 7 1 2 7 5 31 3 12 16 2 0 2 7 12 16 2 0 2 7 0 2 7 0 2 7 0 2 7 0 2 7 0 2 7 1 2 7 0 2 7 1 2 7 5 31 3 17 9 2 1 2 7 0 2 7 1 2 7 1 2 7 1 2 7 16 6 2 13 6 3 17 18 2 0 2 7 0 2 7 17 9 2 1 2 7 1 2 7 0 2 7 8 9 2 1 2 7 0 2 7 0 2 7 0 2 7 5 30 3 1 2 7 1 2 7 0 2 7 0 40.4091576337814331
0 2 7 1 2 7 5 31 3 12 16 2 0 2 7 12 16 2 0 2 7 0 2 7 0 2 7 0 2 7 0 2 7 0 2 7 1 2 7 0 2 7 1 2 7 5 31 3 17 9 2 0 2 7 0 2 7 1 2 7 1 2 7 1 2 7 16 6 2 13 6 3 17 18 2 0 2 7 1 2 7 17 9 2 1 2 7 1 2 7 0 2 7 0 2 7 1 2 7 0 2 7 0 2 7 0 2 7 5 30 3 1 2 7 1 2 7 8 18 2 0 40.4091576337814331
0 2 7 1 2 7 5 31 3 12 16 2 0 2 7 12 16 2 0 2 7 0 2 7 0 2 7 0 2 7 0 2 7 0 2 7 1 2 7 0 2 7 1 2 7 5 31 3 17 9 2 0 2 7 0 2 7 1 2 7 1 2 7 1 2 7 16 6 2 13 6 3 17 18 2 0 2 7 1 2 7 17 9 2 1 2 7 1 2 7 0 2 7 0 2 7 1 2 7 0 2 7 0 2 7 0 2 7 5 30 3 1 2 7 1 2 7 8 9 2 0 40.4091576337814331
0 2 7 1 2 7 5 31 3 12 16 2 0 2 7 12 16 2 0 2 7 0 2 7 0 2 7 0 2 7 0 2 7 0 2 7 1 2 7 0 2 7 1 2 7 5 31 3 17 9 2 0 2 7 0 2 7 1 2 7 1 2 7 1 2 7 16 6 2 13 6 3 17 18 2 0 2 7 1 2 7 17 9 2 1 2 7 1 2 7 0 2 7 0 2 7 1 2 7 0 2 7 0 2 7 0 2 7 5 30 3 8 18 2 1 2 7 1 2 7 0 40.4091576337814331
0 2 7 1 2 7 5 31 3 12 16 2 0 2 7 12 16 2 0 2 7 0 2 7 0 2 7 0 2 7 0 2 7 0 2 7 1 2 7 0 2 7 1 2 7 5 31 3 17 9 2 1 2 7 0 2 7 1 2 7 1 2 7 1 2 7 16 6 2 13 6 3 17 18 2 0 2 7 0 2 7 17 9 2 1 2 7 1 2 7 0 2 7 1 2 7 0 2 7 0 2 7 0 2 7 5 30 3 1 2 7 1 2 7 0 2 7 8 18 2 0 40.4091576337814331
0 2 7 1 2 7 5 30 3 12 16 2 1 2 7 0 2 7 1 2 7 13 6 3 0 2 7 1 2 7 0 2 7 17 9 2 0 2 7 0 2 7 1 2 7 0 2 7 1 2 7 1 2 7 1 2 7 0 2 7 1 2 7 0 2 7 0 2 7 0 2 7 0 2 7 17 18 2 1 2 7 17 9 2 0 2 7 5 31 3 1 2 7 0 2 7 1 2 7 16 6 2 0 2 7 0 2 7 12 16 2 8 18 2 0 2 7 5 31 3 0 40.4091576337814331
0 2 7 1 2 7 5 31 3 12 16 2 1 2 7 0 2 7 8 18 2 0 2 7 13 6 3 0 2 7 1 2 7 0 2 7 17 9 2 0 2 7 0 2 7 1 2 7 5 30 3 0 2 7 1 2 7 1 2 7 1 2 7 0 2 7 1 2 7 0 2 7 0 2 7 0 2 7 0 2 7 17 18 2 1 2 7 17 9 2 0 2 7 5 31 3 1 2 7 0 2 7 1 2 7 16 6 2 0 2 7 1 2 7 0 2 7 12 16 2 0 40.4091576337814331
0 2 7 1 2 7 5 30 3 12 16 2 0 2 7 12 16 2 0 2 7 0 2 7 1 2 7 0 2 7 0 2 7 0 2 7 1 2 7 0 2 7 1 2 7 5 31 3 17 9 2 8 9 2 0 2 7 1 2 7 1 2 7 1 2 7 16 6 2 13 6 3 5 31 3 17 18 2 0 2 7 1 2 7 17 9 2 1 2 7 1 2 7 0 2 7 0 2 7 1 2 7 0 2 7 0 2 7 1 2 7 0 2 7 0 2 7 0 2 7 0 40.4091576337814331
0 2 7 1 2 7 5 30 3 12 16 2 1 2 7 0 2 7 1 2 7 13 6 3 0 2 7 1 2 7 0 2 7 17 9 2 0 2 7 0 2 7 1 2 7 0 2 7 1 2 7 1 2 7 1 2 7 0 2 7 1 2 7 0 2 7 0 2 7 0 2 7 0 2 7 17 18 2 1 2 7 17 9 2 0 2 7 5 31 3 1 2 7 0 2 7 1 2 7 16 6 2 0 2 7 0 2 7 12 16 2 8 18 2 0 2 7 5 31 3 0 40.4091576337814331
0 2 7 1 2 7 5 31 3 12 16 2 0 2 7 12 16 2 0 2 7 0 2 7 0 2 7 0 2 7 0 2 7 0 2 7 1 2 7 0 2 7 1 2 7 5 31 3 17 9 2 1 2 7 0 2 7 1 2 7 1 2 7 1 2 7 16 6 2 13 6 3 17 18 2 0 2 7 0 2 7 17 9 2 1 2 7 1 2 7 0 2 7 8 9 2 1 2 7 0 2 7 0 2 7 0 2 7 5 30 3 1 2 7 1 2 7 0 2 7 0 40.4091576337814331
0 2 7 1 2 7 5 31 3 12 16 2 0 2 7 12 16 2 0 2 7 0 2 7 0 2 7 0 2 7 0 2 7 0 2 7 1 2 7 0 2 7 1 2 7 5 31 3 17 9 2 1 2 7 0 2 7 1 2 7 1 2 7 1 2 7 16 6 2 13 6 3 17 18 2 0 2 7 0 2 7 17 9 2 1 2 7 1 2 7 0 2 7 8 9 2 1 2 7 0 2 7 0 2 7 0 2 7 5 30 3 1 2 7 1 2 7 0 2 7 0 40.4091576337814331
0 2 7 1 2 7 5 31 3 12 16 2 0 2 7 12 16 2 0 2 7 0 2 7 0 2 7 0 2 7 0 2 7 0 2 7 1 2 7 0 2 7 1 2 7 5 31 3 17 9 2 0 2 7 0 2 7 1 2 7 1 2 7 1 2 7 16 6 2 13 6 3 17 18 2 0 2 7 1 2 7 17 9 2 1 2 7 1 2 7 0 2 7 0 2 7 1 2 7 0 2 7 0 2 7 0 2 7 5 30 3 1 2 7 1 2 7 8 18 2 0 40.4091576337814331
0 2 7 1 2 7 5 31 3 12 16 2 0 2 7 12 16 2 0 2 7 0 2 7 0 2 7 0 2 7 0 2 7 0 2 7 1 2 7 0 2 7 1 2 7 5 31 3 17 9 2 0 2 7 0 2 7 1 2 7 1 2 7 1 2 7 16 6 2 13 6 3 17 18 2 0 2 7 1 2 7 17 9 2 1 2 7 1 2 7 0 2 7 0 2 7 1 2 7 0 2 7 0 2 7 0 2 7 5 30 3 1 2 7 1 2 7 8 9 2 0 40.4091576337814331
0 2 7 1 2 7 5 31 3 12 16 2 0 2 7 12 16 2 0 2 7 0 2 7 0 2 7 0 2 7 0 2 7 0 2 7 1 2 7 0 2 7 1 2 7 5 31 3 17 9 2 0 2 7 0 2 7 1 2 7 1 2 7 1 2 7 16 6 2 13 6 3 17 18 2 0 2 7 1 2 7 17 9 2 1 2 7 1 2 7 0 2 7 0 2 7 1 2 7 0 2 7 0 2 7 0 2 7 5 30 3 8 18 2 1 2 7 1 2 7 0 40.4091576337814331
0 2 7 1 2 7 5 31 3 12 16 2 0 2 7 12 16 2 0 2 7 0 2 7 0 2 7 0 2 7 0 2 7 0 2 7 1 2 7 0 2 7 1 2 7 5 31 3 17 9 2 1 2 7 0 2 7 1 2 7 1 2 7 1 2 7 16 6 2 13 6 3 17 18 2 0 2 7 0 2 7 17 9 2 1 2 7 1 2 7 0 2 7 8 9 2 1 2 7 0 2 7 0 2 7 0 2 7 5 30 3 1 2 7 1 2 7 0 2 7 0 40.4091576337814331
0 2 7 1 2 7 5 30 3 12 16 2 1 2 7 0 2 7 1 2 7 13 6 3 0 2 7 1 2 7 0 2 7 17 9 2 0 2 7 0 2 7 1 2 7 0 2 7 1 2 7 1 2 7 1 2 7 0 2 7 1 2 7 0 2 7 0 2 7 0 2 7 0 2 7 17 18 2 1 2 7 17 9 2 0 2 7 5 31 3 1 2 7 0 2 7 1 2 7 16 6 2 0 2 7 0 2 7 12 16 2 8 18 2 0 2 7 5 31 3 0 40.4091576337814331
0 2 7 1 2 7 5 31 3 12 16 2 1 2 7 0 2 7 8 18 2 0 2 7 13 6 3 0 2 7 1 2 7 0 2 7 17 9 2 0 2 7 0 2 7 1 2 7 5 30 3 0 2 7 1 2 7 1 2 7 1 2 7 0 2 7 1 2 7 0 2 7 0 2 7 0 2 7 0 2 7 17 18 2 1 2 7 17 9 2 0 2 7 5 31 3 1 2 7 0 2 7 1 2 7 16 6 2 0 2 7 1 2 7 0 2 7 12 16 2 0 40.4091576337814331
0 2 7 1 2 7 5 30 3 12 16 2 0 2 7 12 16 2 0 2 7 0 2 7 1 2 7 0 2 7 0 2 7 0 2 7 1 2 7 0 2 7 1 2 7 5 31 3 17 9 2 8 9 2 0 2 7 1 2 7 1 2 7 1 2 7 16 6 2 13 6 3 5 31 3 17 18 2 0 2 7 1 2 7 17 9 2 1 2 7 1 2 7 0 2 7 0 2 7 1 2 7 0 2 7 0 2 7 1 2 7 0 2 7 0 2 7 0 2 7 0 40.4091576337814331
0 2 7 1 2 7 5 30 3 12 16 2 1 2 7 0 2 7 1 2 7 13 6 3 0 2 7 1 2 7 0 2 7 17 9 2 0 2 7 0 2 7 1 2 7 0 2 7 1 2 7 1 2 7 1 2 7 0 2 7 1 2 7 0 2 7 0 2 7 0 2 7 0 2 7 17 18 2 1 2 7 17 9 2 0 2 7 5 31 3 1 2 7 0 2 7 1 2 7 16 6 2 0 2 7 0 2 7 12 16 2 8 18 2 0 2 7 5 31 3 0 40.4091576337814331
0 2 7 1 2 7 5 31 3 12 16 2 0 2 7 12 16 2 0 2 7 0 2 7 0 2 7 0 2 7 0 2 7 0 2 7 1 2 7 0 2 7 1 2 7 5 31 3 17 9 2 1 2 7 0 2 7 1 2 7 1 2 7 1 2 7 16 6 2 13 6 3 17 18 2 0 2 7 0 2 7 17 9 2 1 2 7 1 2 7 0 2 7 8 9 2 1 2 7 0 2 7 0 2 7 0 2 7 5 30 3 1 2 7 1 2 7 0 2 7 0 40.4091576337814331
0 2 7 1 2 7 5 31 3 12 16 2 0 2 7 12 16 2 0 2 7 0 2 7 0 2 7 0 2 7 0 2 7 0 2 7 1 2 7 0 2 7 1 2 7 5 31 3 17 9 2 1 2 7 0 2 7 1 2 7 1 2 7 1 2 7 16 6 2 13 6 3 17 18 2 0 2 7 0 2 7 17 9 2 1 2 7 1 2 7 0 2 7 8 9 2 1 2 7 0 2 7 0 2 7 0 2 7 5 30 3 1 2 7 1 2 7 0 2 7 0 40.4091576337814331
0 2 7 1 2 7 5 31 3 12 16 2 0 2 7 12 16 2 0 2 7 0 2 7 0 2 7 0 2 7 0 2 7 0 2 7 1 2 7 0 2 7 1 2 7 5 31 3 17 9 2 0 2 7 0 2 7 1 2 7 1 2 7 1 2 7 16 6 2 13 6 3 17 18 2 0 2 7 1 2 7 17 9 2 1 2 7 1 2 7 0 2 7 0 2 7 1 2 7 0 2 7 0 2 7 0 2 7 5 30 3 1 2 7 1 2 7 8 18 2 0 40.4091576337814331
0 2 7 1 2 7 5 31 3 12 16 2 0 2 7 12 16 2 0 2 7 0 2 7 0 2 7 0 2 7 0 2 7 0 2 7 1 2 7 0 2 7 1 2 7 5 31 3 17 9 2 0 2 7 0 2 7 1 2 7 1 2 7 1 2 7 16 6 2 13 6 3 17 18 2 0 2 7 1 2 7 17 9 2 1 2 7 1 2 7 0 2 7 0 2 7 1 2 7 0 2 7 0 2 7 0 2 7 5 30 3 1 2 7 1 2 7 8 9 2 0 40.4091576337814331
0 2 7 1 2 7 5 31 3 12 16 2 0 2 7 12 16 2 0 2 7 0 2 7 0 2 7 0 2 7 0 2 7 0 2 7 1 2 7 0 2 7 1 2 7 5 31 3 17 9 2 0 2 7 0 2 7 1 2 7 1 2 7 1 2 7 16 6 2 13 6 3 17 18 2 0 2 7 1 2 7 17 9 2 1 2 7 1 2 7 0 2 7 0 2 7 1 2 7 0 2 7 0 2 7 0 2 7 5 30 3 8 18 2 1 2 7 1 2 7 0 40.4091576337814331
0 2 7 1 2 7 5 31 3 12 16 2 0 2 7 12 16 2 0 2 7 0 2 7 0 2 7 0 2 7 0 2 7 0 2 7 1 2 7 0 2 7 1 2 7 5 31 3 17 9 2 1 2 7 0 2 7 1 2 7 1 2 7 1 2 7 16 6 2 13 6 3 17 18 2 0 2 7 0 2 7 17 9 2 1 2 7 1 2 7 0 2 7 8 9 2 1 2 7 0 2 7 0 2 7 0 2 7 5 30 3 1 2 7 1 2 7 0 2 7 0 40.4091576337814331
0 2 7 1 2 7 5 30 3 12 16 2 1 2 7 0 2 7 1 2 7 13 6 3 0 2 7 1 2 7 0 2 7 17 9 2 0 2 7 0 2 7 1 2 7 0 2 7 1 2 7 1 2 7 1 2 7 0 2 7 1 2 7 0 2 7 0 2 7 0 2 7 0 2 7 17 18 2 1 2 7 17 9 2 0 2 7 5 31 3 1 2 7 0 2 7 1 2 7 16 6 2 0 2 7 0 2 7 12 16 2 8 18 2 0 2 7 5 31 3 0 40.4091576337814331
0 2 7 1 2 7 5 31 3 12 16 2 1 2 7 0 2 7 8 18 2 0 2 7 13 6 3 0 2 7 1 2 7 0 2 7 17 9 2 0 2 7 0 2 7 1 2 7 5 30 3 0 2 7 1 2 7 1 2 7 1 2 7 0 2 7 1 2 7 0 2 7 0 2 7 0 2 7 0 2 7 17 18 2 1 2 7 17 9 2 0 2 7 5 31 3 1 2 7 0 2 7 1 2 7 16 6 2 0 2 7 1 2 7 0 2 7 12 16 2 0 40.4091576337814331
0 2 7 1 2 7 5 30 3 12 16 2 0 2 7 12 16 2 0 2 7 0 2 7 1 2 7 0 2 7 0 2 7 0 2 7 1 2 7 0 2 7 1 2 7 5 31 3 17 9 2 8 9 2 0 2 7 1 2 7 1 2 7 1 2 7 16 6 2 13 6 3 5 31 3 17 18 2 0 2 7 1 2 7 17 9 2 1 2 7 1 2 7 0 2 7 0 2 7 1 2 7 0 2 7 0 2 7 1 2 7 0 2 7 0 2 7 0 2 7 0 40.4091576337814331
0 2 7 1 2 7 5 30 3 12 16 2 1 2 7 0 2 7 1 2 7 13 6 3 0 2 7 1 2 7 0 2 7 17 9 2 0 2 7 0 2 7 1 2 7 0 2 7 1 2 7 1 2 7 1 2 7 0 2 7 1 2 7 0 2 7 0 2 7 0 2 7 0 2 7 17 18 2 1 2 7 17 9 2 0 2 7 5 31 3 1 2 7 0 2 7 1 2 7 16 6 2 0 2 7 0 2 7 12 16 2 8 18 2 0 2 7 5 31 3 0 40.4091576337814331
0 2 7 1 2 7 5 31 3 12 16 2 0 2 7 12 16 2 0 2 7 0 2 7 0 2 7 0 2 7 0 2 7 0 2 7 1 2 7 0 2 7 1 2 7 5 31 3 17 9 2 1 2 7 0 2 7 1 2 7 1 2 7 1 2 7 16 6 2 13 6 3 17 18 2 0 2 7 0 2 7 17 9 2 1 2 7 1 2 7 0 2 7 8 9 2 1 2 7 0 2 7 0 2 7 0 2 7 5 30 3 1 2 7 1 2 7 0 2 7 0 40.4091576337814331
0 2 7 1 2 7 5 31 3 12 16 2 0 2 7 12 16 2 0 2 7 0 2 7 0 2 7 0 2 7 0 2 7 0 2 7 1 2 7 0 2 7 1 2 7 5 31 3 17 9 2 1 2 7 0 2 7 1 2 7 1 2 7 1 2 7 16 6 2 13 6 3 17 18 2 0 2 7 0 2 7 17 9 2 1 2 7 1 2 7 0 2 7 8 9 2 1 2 7 0 2 7 0 2 7 0 2 7 5 30 3 1 2 7 1 2 7 0 2 7 0 40.4091576337814331
0 2 7 1 2 7 5 31 3 12 16 2 0 2 7 12 16 2 0 2 7 0 2 7 0 2 7 0 2 7 0 2 7 0 2 7 1 2 7 0 2 7 1 2 7 5 31 3 17 9 2 0 2 7 0 2 7 1 2 7 1 2 7 1 2 7 16 6 2 13 6 3 17 18 2 0 2 7 1 2 7 17 9 2 1 2 7 1 2 7 0 2 7 0 2 7 1 2 7 0 2 7 0 2 7 0 2 7 5 30 3 1 2 7 1 2 7 8 18 2 0 40.4091576337814331
0 2 7 1 2 7 5 31 3 12 16 2 0 2 7 12 16 2 0 2 7 0 2 7 0 2 7 0 2 7 0 2 7 0 2 7 1 2 7 0 2 7 1 2 7 5 31 3 17 9 2 0 2 7 0 2 7 1 2 7 1 2 7 1 2 7 16 6 2 13 6 3 17 18 2 0 2 7 1 2 7 17 9 2 1 2 7 1 2 7 0 2 7 0 2 7 1 2 7 0 2 7 0 2 7 0 2 7 5 30 3 1 2 7 1 2 7 8 9 2 0 40.4091576337814331
0 2 7 1 2 7 5 31 3 12 16 2 0 2 7 12 16 2 0 2 7 0 2 7 0 2 7 0 2 7 0 2 7 0 2 7 1 2 7 0 2 7 1 2 7 5 31 3 17 9 2 0 2 7 0 2 7 1 2 7 1 2 7 1 2 7 16 6 2 13 6 3 17 18 2 0 2 7 1 2 7 17 9 2 1 2 7 1 2 7 0 2 7 0 2 7 1 2 7 0 2 7 0 2 7 0 2 7 5 30 3 8 18 2 1 2 7 1 2 7 0 40.4091576337814331
0 2 7 1 2 7 5 30 3 12 16 2 1 2 7 0 2 7 1 2 7 13 6 3 0 2 7 1 2 7 0 2 7 17 9 2 0 2 7 0 2 7 1 2 7 0 2 7 1 2 7 1 2 7 1 2 7 0 2 7 1 2 7 0 2 7 0 2 7 0 2 7 0 2 7 17 18 2 1 2 7 17 9 2 0 2 7 5 31 3 1 2 7 0 2 7 1 2 7 16 6 2 0 2 7 0 2 7 12 16 2 8 18 2 0 2 7 5 31 3 0 40.4091576337814331
0 2 7 1 2 7 5 30 3 12 16 2 1 2 7 0 2 7 1 2 7 13 6 3 0 2 7 1 2 7 0 2 7 17 9 2 0 2 7 0 2 7 1 2 7 0 2 7 1 2 7 1 2 7 1 2 7 0 2 7 1 2 7 0 2 7 0 2 7 0 2 7 0 2 7 17 18 2 1 2 7 17 9 2 0 2 7 5 31 3 1 2 7 0 2 7 1 2 7 16 6 2 0 2 7 0 2 7 12 16 2 8 18 2 0 2 7 5 31 3 0 40.4091576337814331
0 2 7 1 2 7 5 31 3 12 16 2 1 2 7 0 2 7 8 18 2 0 2 7 13 6 3 0 2 7 1 2 7 0 2 7 17 9 2 0 2 7 0 2 7 1 2 7 5 30 3 0 2 7 1 2 7 1 2 7 1 2 7 0 2 7 1 2 7 0 2 7 0 2 7 0 2 7 0 2 7 17 18 2 1 2 7 17 9 2 0 2 7 5 31 3 1 2 7 0 2 7 1 2 7 16 6 2 0 2 7 1 2 7 0 2 7 12 16 2 0 40.4091576337814331
0 2 7 1 2 7 5 30 3 12 16 2 0 2 7 12 16 2 0 2 7 0 2 7 1 2 7 0 2 7 0 2 7 0 2 7 1 2 7 0 2 7 1 2 7 5 31 3 17 9 2 8 9 2 0 2 7 1 2 7 1 2 7 1 2 7 16 6 2 13 6 3 5 31 3 17 18 2 0 2 7 1 2 7 17 9 2 1 2 7 1 2 7 0 2 7 0 2 7 1 2 7 0 2 7 0 2 7 1 2 7 0 2 7 0 2 7 0 2 7 0 40.4091576337814331
0 2 7 1 2 7 5 30 3 12 16 2 1 2 7 0 2 7 1 2 7 13 6 3 0 2 7 1 2 7 0 2 7 17 9 2 0 2 7 0 2 7 1 2 7 0 2 7 1 2 7 1 2 7 1 2 7 0 2 7 1 2 7 0 2 7 0 2 7 0 2 7 0 2 7 17 18 2 1 2 7 17 9 2 0 2 7 5 31 3 1 2 7 0 2 7 1 2 7 16 6 2 0 2 7 0 2 7 12 16 2 8 18 2 0 2 7 5 31 3 0 40.4091576337814331
0 2 7 1 2 7 5 31 3 12 16 2 0 2 7 12 16 2 0 2 7 0 2 7 0 2 7 0 2 7 0 2 7 0 2 7 1 2 7 0 2 7 1 2 7 5 31 3 17 9 2 1 2 7 0 2 7 1 2 7 1 2 7 1 2 7 16 6 2 13 6 3 17 18 2 0 2 7 0 2 7 17 9 2 1 2 7 1 2 7 0 2 7 8 9 2 1 2 7 0 2 7 0 2 7 0 2 7 5 30 3 1 2 7 1 2 7 0 2 7 0 40.4091576337814331
0 2 7 1 2 7 5 31 3 12 16 2 0 2 7 12 16 2 0 2 7 0 2 7 0 2 7 0 2 7 0 2 7 0 2 7 1 2 7 0 2 7 1 2 7 5 31 3 17 9 2 1 2 7 0 2 7 1 2 7 1 2 7 1 2 7 16 6 2 13 6 3 17 18 2 0 2 7 0 2 7 17 9 2 1 2 7 1 2 7 0 2 7 8 9 2 1 2 7 0 2 7 0 2 7 0 2 7 5 30 3 1 2 7 1 2 7 0 2 7 0 40.4091576337814331
0 2 7 1 2 7 5 31 3 12 16 2 0 2 7 12 16 2 0 2 7 0 2 7 0 2 7 0 2 7 0 2 7 0 2 7 1 2 7 0 2 7 1 2 7 5 31 3 17 9 2 0 2 7 0 2 7 1 2 7 1 2 7 1 2 7 16 6 2 13 6 3 17 18 2 0 2 7 1 2 7 17 9 2 1 2 7 1 2 7 0 2 7 0 2 7 1 2 7 0 2 7 0 2 7 0 2 7 5 30 3 1 2 7 1 2 7 8 18 2 0 40.4091576337814331
0 2 7 1 2 7 5 31 3 12 16 2 0 2 7 12 16 2 0 2 7 0 2 7 0 2 7 0 2 7 0 2 7 0 2 7 1 2 7 0 2 7 1 2 7 5 31 3 17 9 2 0 2 7 0 2 7 1 2 7 1 2 7 1 2 7 16 6 2 13 6 3 17 18 2 0 2 7 1 2 7 17 9 2 1 2 7 1 2 7 0 2 7 0 2 7 1 2 7 0 2 7 0 2 7 0 2 7 5 30 3 1 2 7 1 2 7 8 9 2 0 40.4091576337814331
0 2 7 1 2 7 5 31 3 12 16 2 0 2 7 12 16 2 0 2 7 0 2 7 0 2 7 0 2 7 0 2 7 0 2 7 1 2 7 0 2 7 1 2 7 5 31 3 17 9 2 0 2 7 0 2 7 1 2 7 1 2 7 1 2 7 16 6 2 13 6 3 17 18 2 0 2 7 1 2 7 17 9 2 1 2 7 1 2 7 0 2 7 0 2 7 1 2 7 0 2 7 0 2 7 0 2 7 5 30 3 8 18 2 1 2 7 1 2 7 0 40.4091576337814331
0 2 7 1 2 7 5 31 3 12 16 2 0 2 7 12 16 2 0 2 7 0 2 7 0 2 7 0 2 7 0 2 7 0 2 7 1 2 7 0 2 7 1 2 7 5 31 3 17 9 2 0 2 7 0 2 7 1 2 7 1 2 7 1 2 7 16 6 2 13 6 3 17 18 2 0 2 7 1 2 7 17 9 2 1 2 7 1 2 7 0 2 7 0 2 7 1 2 7 0 2 7 0 2 7 0 2 7 5 30 3 8 18 2 1 2 7 1 2 7 0 40.4091576337814331
0 2 7 1 2 7 5 30 3 12 16 2 1 2 7 0 2 7 1 2 7 13 6 3 0 2 7 1 2 7 0 2 7 17 9 2 0 2 7 0 2 7 1 2 7 0 2 7 1 2 7 1 2 7 1 2 7 0 2 7 1 2 7 0 2 7 0 2 7 0 2 7 0 2 7 17 18 2 1 2 7 17 9 2 0 2 7 5 31 3 1 2 7 0 2 7 1 2 7 16 6 2 0 2 7 0 2 7 12 16 2 8 18 2 0 2 7 5 31 3 0 40.4091576337814331
0 2 7 1 2 7 5 31 3 12 16 2 1 2 7 0 2 7 8 18 2 0 2 7 13 6 3 0 2 7 1 2 7 0 2 7 17 9 2 0 2 7 0 2 7 1 2 7 5 30 3 0 2 7 1 2 7 1 2 7 1 2 7 0 2 7 1 2 7 0 2 7 0 2 7 0 2 7 0 2 7 17 18 2 1 2 7 17 9 2 0 2 7 5 31 3 1 2 7 0 2 7 1 2 7 16 6 2 0 2 7 1 2 7 0 2 7 12 16 2 0 40.4091576337814331
0 2 7 1 2 7 5 30 3 12 16 2 0 2 7 12 16 2 0 2 7 0 2 7 1 2 7 0 2 7 0 2 7 0 2 7 1 2 7 0 2 7 1 2 7 5 31 3 17 9 2 8 9 2 0 2 7 1 2 7 1 2 7 1 2 7 16 6 2 13 6 3 5 31 3 17 18 2 0 2 7 1 2 7 17 9 2 1 2 7 1 2 7 0 2 7 0 2 7 1 2 7 0 2 7 0 2 7 1 2 7 0 2 7 0 2 7 0 2 7 0 40.4091576337814331
0 2 7 1 2 7 5 30 3 12 16 2 1 2 7 0 2 7 1 2 7 13 6 3 0 2 7 1 2 7 0 2 7 17 9 2 0 2 7 0 2 7 1 2 7 0 2 7 1 2 7 1 2 7 1 2 7 0 2 7 1 2 7 0 2 7 0 2 7 0 2 7 0 2 7 17 18 2 1 2 7 17 9 2 0 2 7 5 31 3 1 2 7 0 2 7 1 2 7 16 6 2 0 2 7 0 2 7 12 16 2 8 18 2 0 2 7 5 31 3 0 40.4091576337814331
0 2 7 1 2 7 5 31 3 12 16 2 0 2 7 12 16 2 0 2 7 0 2 7 0 2 7 0 2 7 0 2 7 0 2 7 1 2 7 0 2 7 1 2 7 5 31 3 17 9 2 1 2 7 0 2 7 1 2 7 1 2 7 1 2 7 16 6 2 13 6 3 17 18 2 0 2 7 0 2 7 17 9 2 1 2 7 1 2 7 0 2 7 8 9 2 1 2 7 0 2 7 0 2 7 0 2 7 5 30 3 1 2 7 1 2 7 0 2 7 0 40.4091576337814331
0 2 7 1 2 7 5 31 3 12 16 2 0 2 7 12 16 2 0 2 7 0 2 7 0 2 7 0 2 7 0 2 7 0 2 7 1 2 7 0 2 7 1 2 7 5 31 3 17 9 2 1 2 7 0 2 7 1 2 7 1 2 7 1 2 7 16 6 2 13 6 3 17 18 2 0 2 7 0 2 7 17 9 2 1 2 7 1 2 7 0 2 7 8 9 2 1 2 7 0 2 7 0 2 7 0 2 7 5 30 3 1 2 7 1 2 7 0 2 7 0 40.4091576337814331
0 2 7 1 2 7 5 31 3 12 16 2 0 2 7 12 16 2 0 2 7 0 2 7 0 2 7 0 2 7 0 2 7 0 2 7 1 2 7 0 2 7 1 2 7 5 31 3 17 9 2 0 2 7 0 2 7 1 2 7 1 2 7 1 2 7 16 6 2 13 6 3 17 18 2 0 2 7 1 2 7 17 9 2 1 2 7 1 2 7 0 2 7 0 2 7 1 2 7 0 2 7 0 2 7 0 2 7 5 30 3 1 2 7 1 2 7 8 18 2 0 40.4091576337814331
0 2 7 1 2 7 5 31 3 12 16 2 0 2 7 12 16 2 0 2 7 0 2 7 0 2 7 0 2 7 0 2 7 0 2 7 1 2 7 0 2 7 1 2 7 5 31 3 17 9 2 0 2 7 0 2 7 1 2 7 1 2 7 1 2 7 16 6 2 13 6 3 17 18 2 0 2 7 1 2 7 17 9 2 1 2 7 1 2 7 0 2 7 0 2 7 1 2 7 0 2 7 0 2 7 0 2 7 5 30 3 1 2 7 1 2 7 8 9 2 0 40.4091576337814331
0 2 7 1 2 7 5 31 3 12 16 2 0 2 7 12 16 2 0 2 7 0 2 7 0 2 7 0 2 7 0 2 7 0 2 7 1 2 7 0 2 7 1 2 7 5 31 3 17 9 2 0 2 7 0 2 7 1 2 7 1 2 7 1 2 7 16 6 2 13 6 3 17 18 2 0 2 7 1 2 7 17 9 2 1 2 7 1 2 7 0 2 7 0 2 7 1 2 7 0 2 7 0 2 7 0 2 7 5 30 3 8 18 2 1 2 7 1 2 7 0 40.4091576337814331
0 2 7 1 2 7 5 30 3 12 16 2 1 2 7 0 2 7 1 2 7 13 6 3 0 2 7 1 2 7 0 2 7 17 9 2 0 2 7 0 2 7 1 2 7 0 2 7 1 2 7 1 2 7 1 2 7 0 2 7 1 2 7 0 2 7 0 2 7 0 2 7 0 2 7 17 18 2 1 2 7 17 9 2 0 2 7 5 31 3 1 2 7 0 2 7 1 2 7 16 6 2 0 2 7 0 2 7 12 16 2 8 18 2 0 2 7 5 31 3 0 40.4091576337814331
0 2 7 1 2 7 5 30 3 12 16 2 1 2 7 0 2 7 1 2 7 13 6 3 0 2 7 1 2 7 0 2 7 17 9 2 0 2 7 0 2 7 1 2 7 0 2 7 1 2 7 1 2 7 1 2 7 0 2 7 1 2 7 0 2 7 0 2 7 0 2 7 0 2 7 17 18 2 1 2 7 17 9 2 0 2 7 5 31 3 1 2 7 0 2 7 1 2 7 16 6 2 0 2 7 0 2 7 12 16 2 8 18 2 0 2 7 5 31 3 0 40.4091576337814331
0 2 7 1 2 7 5 31 3 12 16 2 1 2 7 0 2 7 8 18 2 0 2 7 13 6 3 0 2 7 1 2 7 0 2 7 17 9 2 0 2 7 0 2 7 1 2 7 5 30 3 0 2 7 1 2 7 1 2 7 1 2 7 0 2 7 1 2 7 0 2 7 0 2 7 0 2 7 0 2 7 17 18 2 1 2 7 17 9 2 0 2 7 5 31 3 1 2 7 0 2 7 1 2 7 16 6 2 0 2 7 1 2 7 0 2 7 12 16 2 0 40.4091576337814331
0 2 7 1 2 7 5 30 3 12 16 2 0 2 7 12 16 2 0 2 7 0 2 7 1 2 7 0 2 7 0 2 7 0 2 7 1 2 7 0 2 7 1 2 7 5 31 3 17 9 2 8 9 2 0 2 7 1 2 7 1 2 7 1 2 7 16 6 2 13 6 3 5 31 3 17 18 2 0 2 7 1 2 7 17 9 2 1 2 7 1 2 7 0 2 7 0 2 7 1 2 7 0 2 7 0 2 7 1 2 7 0 2 7 0 2 7 0 2 7 0 40.4091576337814331
0 2 7 1 2 7 5 30 3 12 16 2 1 2 7 0 2 7 1 2 7 13 6 3 0 2 7 1 2 7 0 2 7 17 9 2 0 2 7 0 2 7 1 2 7 0 2 7 1 2 7 1 2 7 1 2 7 0 2 7 1 2 7 0 2 7 0 2 7 0 2 7 0 2 7 17 18 2 1 2 7 17 9 2 0 2 7 5 31 3 1 2 7 0 2 7 1 2 7 16 6 2 0 2 7 0 2 7 12 16 2 8 18 2 0 2 7 5 31 3 0 40.4091576337814331
0 2 7 1 2 7 5 31 3 12 16 2 0 2 7 12 16 2 0 2 7 0 2 7 0 2 7 0 2 7 0 2 7 0 2 7 1 2 7 0 2 7 1 2 7 5 31 3 17 9 2 1 2 7 0 2 7 1 2 7 1 2 7 1 2 7 16 6 2 13 6 3 17 18 2 0 2 7 0 2 7 17 9 2 1 2 7 1 2 7 0 2 7 8 9 2 1 2 7 0 2 7 0 2 7 0 2 7 5 30 3 1 2 7 1 2 7 0 2 7 0 40.4091576337814331
0 2 7 1 2 7 5 31 3 12 16 2 0 2 7 12 16 2 0 2 7 0 2 7 0 2 7 0 2 7 0 2 7 0 2 7 1 2 7 0 2 7 1 2 7 5 31 3 17 9 2 1 2 7 0 2 7 1 2 7 1 2 7 1 2 7 16 6 2 13 6 3 17 18 2 0 2 7 0 2 7 17 9 2 1 2 7 1 2 7 0 2 7 8 9 2 1 2 7 0 2 7 0 2 7 0 2 7 5 30 3 1 2 7 1 2 7 0 2 7 0 40.4091576337814331
0 2 7 1 2 7 5 31 3 12 16 2 0 2 7 12 16 2 0 2 7 0 2 7 0 2 7 0 2 7 0 2 7 0 2 7 1 2 7 0 2 7 1 2 7 5 31 3 17 9 2 0 2 7 0 2 7 1 2 7 1 2 7 1 2 7 16 6 2 13 6 3 17 18 2 0 2 7 1 2 7 17 9 2 1 2 7 1 2 7 0 2 7 0 2 7 1 2 7 0 2 7 0 2 7 0 2 7 5 30 3 1 2 7 1 2 7 8 18 2 0 40.4091576337814331
0 2 7 1 2 7 5 31 3 12 16 2 0 2 7 12 16 2 0 2 7 0 2 7 0 2 7 0 2 7 0 2 7 0 2 7 1 2 7 0 2 7 1 2 7 5 31 3 17 9 2 0 2 7 0 2 7 1 2 7 1 2 7 1 2 7 16 6 2 13 6 3 17 18 2 0 2 7 1 2 7 17 9 2 1 2 7 1 2 7 0 2 7 0 2 7 1 2 7 0 2 7 0 2 7 0 2 7 5 30 3 1 2 7 1 2 7 8 9 2 0 40.4091576337814331
0 2 7 1 2 7 5 31 3 12 16 2 0 2 7 12 16 2 0 2 7 0 2 7 0 2 7 0 2 7 0 2 7 0 2 7 1 2 7 0 2 7 1 2 7 5 31 3 17 9 2 0 2 7 0 2 7 1 2 7 1 2 7 1 2 7 16 6 2 13 6 3 17 18 2 0 2 7 1 2 7 17 9 2 1 2 7 1 2 7 0 2 7 0 2 7 1 2 7 0 2 7 0 2 7 0 2 7 5 30 3 8 18 2 1 2 7 1 2 7 0 40.4091576337814331
0 2 7 1 2 7 5 31 3 12 16 2 0 2 7 12 16 2 0 2 7 0 2 7 0 2 7 0 2 7 0 2 7 0 2 7 1 2 7 0 2 7 1 2 7 5 31 3 17 9 2 0 2 7 0 2 7 1 2 7 1 2 7 1 2 7 16 6 2 13 6 3 17 18 2 0 2 7 1 2 7 17 9 2 1 2 7 1 2 7 0 2 7 0 2 7 1 2 7 0 2 7 0 2 7 0 2 7 5 30 3 8 18 2 1 2 7 1 2 7 0 40.4091576337814331
0 2 7 1 2 7 5 30 3 12 16 2 1 2 7 0 2 7 1 2 7 13 6 3 0 2 7 1 2 7 0 2 7 17 9 2 0 2 7 0 2 7 1 2 7 0 2 7 1 2 7 1 2 7 1 2 7 0 2 7 1 2 7 0 2 7 0 2 7 0 2 7 0 2 7 17 18 2 1 2 7 17 9 2 0 2 7 5 31 3 1 2 7 0 2 7 1 2 7 16 6 2 0 2 7 0 2 7 12 16 2 8 18 2 0 2 7 5 31 3 0 40.4091576337814331
0 2 7 1 2 7 5 31 3 12 16 2 1 2 7 0 2 7 8 18 2 0 2 7 13 6 3 0 2 7 1 2 7 0 2 7 17 9 2 0 2 7 0 2 7 1 2 7 5 30 3 0 2 7 1 2 7 1 2 7 1 2 7 0 2 7 1 2 7 0 2 7 0 2 7 0 2 7 0 2 7 17 18 2 1 2 7 17 9 2 0 2 7 5 31 3 1 2 7 0 2 7 1 2 7 16 6 2 0 2 7 1 2 7 0 2 7 12 16 2 0 40.4091576337814331
0 2 7 1 2 7 5 30 3 12 16 2 0 2 7 12 16 2 0 2 7 0 2 7 1 2 7 0 2 7 0 2 7 0 2 7 1 2 7 0 2 7 1 2 7 5 31 3 17 9 2 8 9 2 0 2 7 1 2 7 1 2 7 1 2 7 16 6 2 13 6 3 5 31 3 17 18 2 0 2 7 1 2 7 17 9 2 1 2 7 1 2 7 0 2 7 0 2 7 1 2 7 0 2 7 0 2 7 1 2 7 0 2 7 0 2 7 0 2 7 0 40.4091576337814331
0 2 7 1 2 7 5 30 3 12 16 2 1 2 7 0 2 7 1 2 7 13 6 3 0 2 7 1 2 7 0 2 7 17 9 2 0 2 7 0 2 7 1 2 7 0 2 7 1 2 7 1 2 7 1 2 7 0 2 7 1 2 7 0 2 7 0 2 7 0 2 7 0 2 7 17 18 2 1 2 7 17 9 2 0 2 7 5 31 3 1 2 7 0 2 7 1 2 7 16 6 2 0 2 7 0 2 7 12 16 2 8 18 2 0 2 7 5 31 3 0 40.4091576337814331
0 2 7 1 2 7 5 31 3 12 16 2 0 2 7 12 16 2 0 2 7 0 2 7 0 2 7 0 2 7 0 2 7 0 2 7 1 2 7 0 2 7 1 2 7 5 31 3 17 9 2 1 2 7 0 2 7 1 2 7 1 2 7 1 2 7 16 6 2 13 6 3 17 18 2 0 2 7 0 2 7 17 9 2 1 2 7 1 2 7 0 2 7 8 9 2 1 2 7 0 2 7 0 2 7 0 2 7 5 30 3 1 2 7 1 2 7 0 2 7 0 40.4091576337814331
0 2 7 1 2 7 5 31 3 12 16 2 0 2 7 12 16 2 0 2 7 0 2 7 0 2 7 0 2 7 0 2 7 0 2 7 1 2 7 0 2 7 1 2 7 5 31 3 17 9 2 1 2 7 0 2 7 1 2 7 1 2 7 1 2 7 16 6 2 13 6 3 17 18 2 0 2 7 0 2 7 17 9 2 1 2 7 1 2 7 0 2 7 8 9 2 1 2 7 0 2 7 0 2 7 0 2 7 5 30 3 1 2 7 1 2 7 0 2 7 0 40.4091576337814331
0 2 7 1 2 7 5 31 3 12 16 2 0 2 7 12 16 2 0 2 7 0 2 7 0 2 7 0 2 7 0 2 7 0 2 7 1 2 7 0 2 7 1 2 7 5 31 3 17 9 2 0 2 7 0 2 7 1 2 7 1 2 7 1 2 7 16 6 2 13 6 3 17 18 2 0 2 7 1 2 7 17 9 2 1 2 7 1 2 7 0 2 7 0 2 7 1 2 7 0 2 7 0 2 7 0 2 7 5 30 3 1 2 7 1 2 7 8 18 2 0 40.4091576337814331
0 2 7 1 2 7 5 31 3 12 16 2 0 2 7 12 16 2 0 2 7 0 2 7 0 2 7 0 2 7 0 2 7 0 2 7 1 2 7 0 2 7 1 2 7 5 31 3 17 9 2 0 2 7 0 2 7 1 2 7 1 2 7 1 2 7 16 6 2 13 6 3 17 18 2 0 2 7 1 2 7 17 9 2 1 2 7 1 2 7 0 2 7 0 2 7 1 2 7 0 2 7 0 2 7 0 2 7 5 30 3 1 2 7 1 2 7 8 9 2 0 40.4091576337814331
0 2 7 1 2 7 5 31 3 12 16 2 0 2 7 12 16 2 0 2 7 0 2 7 0 2 7 0 2 7 0 2 7 0 2 7 1 2 7 0 2 7 1 2 7 5 31 3 17 9 2 0 2 7 0 2 7 1 2 7 1 2 7 1 2 7 16 6 2 13 6 3 17 18 2 0 2 7 1 2 7 17 9 2 1 2 7 1 2 7 0 2 7 0 2 7 1 2 7 0 2 7 0 2 7 0 2 7 5 30 3 8 18 2 1 2 7 1 2 7 0 40.4091576337814331
0 2 7 1 2 7 5 31 3 12 16 2 0 2 7 12 16 2 0 2 7 0 2 7 0 2 7 0 2 7 0 2 7 0 2 7 1 2 7 0 2 7 1 2 7 5 31 3 17 9 2 0 2 7 0 2 7 1 2 7 1 2 7 1 2 7 16 6 2 13 6 3 17 18 2 0 2 7 1 2 7 17 9 2 1 2 7 1 2 7 0 2 7 0 2 7 1 2 7 0 2 7 0 2 7 0 2 7 5 30 3 1 2 7 1 2 7 8 9 2 0 40.4091576337814331
0 2 7 1 2 7 5 30 3 12 16 2 1 2 7 0 2 7 1 2 7 13 6 3 0 2 7 1 2 7 0 2 7 17 9 2 0 2 7 0 2 7 1 2 7 0 2 7 1 2 7 1 2 7 1 2 7 0 2 7 1 2 7 0 2 7 0 2 7 0 2 7 0 2 7 17 18 2 1 2 7 17 9 2 0 2 7 5 31 3 1 2 7 0 2 7 1 2 7 16 6 2 0 2 7 0 2 7 12 16 2 8 18 2 0 2 7 5 31 3 0 40.4091576337814331
0 2 7 1 2 7 5 31 3 12 16 2 1 2 7 0 2 7 8 18 2 0 2 7 13 6 3 0 2 7 1 2 7 0 2 7 17 9 2 0 2 7 0 2 7 1 2 7 5 30 3 0 2 7 1 2 7 1 2 7 1 2 7 0 2 7 1 2 7 0 2 7 0 2 7 0 2 7 0 2 7 17 18 2 1 2 7 17 9 2 0 2 7 5 31 3 1 2 7 0 2 7 1 2 7 16 6 2 0 2 7 1 2 7 0 2 7 12 16 2 0 40.4091576337814331
0 2 7 1 2 7 5 30 3 12 16 2 0 2 7 12 16 2 0 2 7 0 2 7 1 2 7 0 2 7 0 2 7 0 2 7 1 2 7 0 2 7 1 2 7 5 31 3 17 9 2 8 9 2 0 2 7 1 2 7 1 2 7 1 2 7 16 6 2 13 6 3 5 31 3 17 18 2 0 2 7 1 2 7 17 9 2 1 2 7 1 2 7 0 2 7 0 2 7 1 2 7 0 2 7 0 2 7 1 2 7 0 2 7 0 2 7 0 2 7 0 40.4091576337814331
0 2 7 1 2 7 5 30 3 12 16 2 1 2 7 0 2 7 1 2 7 13 6 3 0 2 7 1 2 7 0 2 7 17 9 2 0 2 7 0 2 7 1 2 7 0 2 7 1 2 7 1 2 7 1 2 7 0 2 7 1 2 7 0 2 7 0 2 7 0 2 7 0 2 7 17 18 2 1 2 7 17 9 2 0 2 7 5 31 3 1 2 7 0 2 7 1 2 7 16 6 2 0 2 7 0 2 7 12 16 2 8 18 2 0 2 7 5 31 3 0 40.4091576337814331
0 2 7 1 2 7 5 31 3 12 16 2 0 2 7 12 16 2 0 2 7 0 2 7 0 2 7 0 2 7 0 2 7 0 2 7 1 2 7 0 2 7 1 2 7 5 31 3 17 9 2 1 2 7 0 2 7 1 2 7 1 2 7 1 2 7 16 6 2 13 6 3 17 18 2 0 2 7 0 2 7 17 9 2 1 2 7 1 2 7 0 2 7 8 9 2 1 2 7 0 2 7 0 2 7 0 2 7 5 30 3 1 2 7 1 2 7 0 2 7 0 40.4091576337814331
0 2 7 1 2 7 5 31 3 12 16 2 0 2 7 12 16 2 0 2 7 0 2 7 0 2 7 0 2 7 0 2 7 0 2 7 1 2 7 0 2 7 1 2 7 5 31 3 17 9 2 1 2 7 0 2 7 1 2 7 1 2 7 1 2 7 16 6 2 13 6 3 17 18 2 0 2 7 0 2 7 17 9 2 1 2 7 1 2 7 0 2 7 8 9 2 1 2 7 0 2 7 0 2 7 0 2 7 5 30 3 1 2 7 1 2 7 0 2 7 0 40.4091576337814331
0 2 7 1 2 7 5 31 3 12 16 2 0 2 7 12 16 2 0 2 7 0 2 7 0 2 7 0 2 7 0 2 7 0 2 7 1 2 7 0 2 7 1 2 7 5 31 3 17 9 2 0 2 7 0 2 7 1 2 7 1 2 7 1 2 7 16 6 2 13 6 3 17 18 2 0 2 7 1 2 7 17 9 2 1 2 7 1 2 7 0 2 7 0 2 7 1 2 7 0 2 7 0 2 7 0 2 7 5 30 3 1 2 7 1 2 7 8 18 2 0 40.4091576337814331
0 2 7 1 2 7 5 31 3 12 16 2 0 2 7 12 16 2 0 2 7 0 2 7 0 2 7 0 2 7 0 2 7 0 2 7 1 2 7 0 2 7 1 2 7 5 31 3 17 9 2 0 2 7 0 2 7 1 2 7 1 2 7 1 2 7 16 6 2 13 6 3 17 18 2 0 2 7 1 2 7 17 9 2 1 2 7 1 2 7 0 2 7 0 2 7 1 2 7 0 2 7 0 2 7 0 2 7 5 30 3 1 2 7 1 2 7 8 9 2 0 40.4091576337814331
0 2 7 1 2 7 5 31 3 12 16 2 0 2 7 12 16 2 0 2 7 0 2 7 0 2 7 0 2 7 0 2 7 0 2 7 1 2 7 0 2 7 1 2 7 5 31 3 17 9 2 0 2 7 0 2 7 1 2 7 1 2 7 1 2 7 16 6 2 13 6 3 17 18 2 0 2 7 1 2 7 17 9 2 1 2 7 1 2 7 0 2 7 0 2 7 1 2 7 0 2 7 0 2 7 0 2 7 5 30 3 8 18 2 1 2 7 1 2 7 0 40.4091576337814331
0 2 7 1 2 7 5 30 3 12 16 2 0 2 7 12 16 2 0 2 7 0 2 7 1 2 7 0 2 7 0 2 7 0 2 7 1 2 7 0 2 7 1 2 7 5 31 3 17 9 2 0 2 7 1 2 7 1 2 7 1 2 7 16 6 2 13 6 3 5 31 3 17 18 2 0 2 7 1 2 7 17 9 2 1 2 7 1 2 7 0 2 7 0 2 7 1 2 7 0 2 7 0 2 7 1 2 7 0 2 7 0 2 7 0 2 7 8 18 2 0 40.4091576337814331
0 2 7 1 2 7 5 30 3 12 16 2 1 2 7 0 2 7 1 2 7 13 6 3 0 2 7 1 2 7 0 2 7 17 9 2 0 2 7 0 2 7 1 2 7 0 2 7 1 2 7 1 2 7 1 2 7 0 2 7 1 2 7 0 2 7 0 2 7 0 2 7 0 2 7 17 18 2 1 2 7 17 9 2 0 2 7 5 31 3 1 2 7 0 2 7 1 2 7 16 6 2 0 2 7 0 2 7 12 16 2 8 18 2 0 2 7 5 31 3 0 40.4091576337814331
0 2 7 1 2 7 5 31 3 12 16 2 1 2 7 0 2 7 8 18 2 0 2 7 13 6 3 0 2 7 1 2 7 0 2 7 17 9 2 0 2 7 0 2 7 1 2 7 5 30 3 0 2 7 1 2 7 1 2 7 1 2 7 0 2 7 1 2 7 0 2 7 0 2 7 0 2 7 0 2 7 17 18 2 1 2 7 17 9 2 0 2 7 5 31 3 1 2 7 0 2 7 1 2 7 16 6 2 0 2 7 1 2 7 0 2 7 12 16 2 0 40.4091576337814331
0 2 7 1 2 7 5 30 3 12 16 2 0 2 7 12 16 2 0 2 7 0 2 7 1 2 7 0 2 7 0 2 7 0 2 7 1 2 7 0 2 7 1 2 7 5 31 3 17 9 2 8 9 2 0 2 7 1 2 7 1 2 7 1 2 7 16 6 2 13 6 3 5 31 3 17 18 2 0 2 7 1 2 7 17 9 2 1 2 7 1 2 7 0 2 7 0 2 7 1 2 7 0 2 7 0 2 7 1 2 7 0 2 7 0 2 7 0 2 7 0 40.4091576337814331
0 2 7 1 2 7 5 30 3 12 16 2 1 2 7 0 2 7 1 2 7 13 6 3 0 2 7 1 2 7 0 2 7 17 9 2 0 2 7 0 2 7 1 2 7 0 2 7 1 2 7 1 2 7 1 2 7 0 2 7 1 2 7 0 2 7 0 2 7 0 2 7 0 2 7 17 18 2 1 2 7 17 9 2 0 2 7 5 31 3 1 2 7 0 2 7 1 2 7 16 6 2 0 2 7 0 2 7 12 16 2 8 18 2 0 2 7 5 31 3 0 40.4091576337814331
0 2 7 1 2 7 5 31 3 12 16 2 0 2 7 12 16 2 0 2 7 0 2 7 0 2 7 0 2 7 0 2 7 0 2 7 1 2 7 0 2 7 1 2 7 5 31 3 17 9 2 1 2 7 0 2 7 1 2 7 1 2 7 1 2 7 16 6 2 13 6 3 17 18 2 0 2 7 0 2 7 17 9 2 1 2 7 1 2 7 0 2 7 8 9 2 1 2 7 0 2 7 0 2 7 0 2 7 5 30 3 1 2 7 1 2 7 0 2 7 0 40.4091576337814331
0 2 7 1 2 7 5 31 3 12 16 2 0 2 7 12 16 2 0 2 7 0 2 7 0 2 7 0 2 7 0 2 7 0 2 7 1 2 7 0 2 7 1 2 7 5 31 3 17 9 2 1 2 7 0 2 7 1 2 7 1 2 7 1 2 7 16 6 2 13 6 3 17 18 2 0 2 7 0 2 7 17 9 2 1 2 7 1 2 7 0 2 7 8 9 2 1 2 7 0 2 7 0 2 7 0 2 7 5 30 3 1 2 7 1 2 7 0 2 7 0 40.4091576337814331
0 2 7 1 2 7 5 31 3 12 16 2 0 2 7 12 16 2 0 2 7 0 2 7 0 2 7 0 2 7 0 2 7 0 2 7 1 2 7 0 2 7 1 2 7 5 31 3 17 9 2 0 2 7 0 2 7 1 2 7 1 2 7 1 2 7 16 6 2 13 6 3 17 18 2 0 2 7 1 2 7 17 9 2 1 2 7 1 2 7 0 2 7 0 2 7 1 2 7 0 2 7 0 2 7 0 2 7 5 30 3 1 2 7 1 2 7 8 18 2 0 40.4091576337814331
0 2 7 1 2 7 5 31 3 12 16 2 0 2 7 12 16 2 0 2 7 0 2 7 0 2 7 0 2 7 0 2 7 0 2 7 1 2 7 0 2 7 1 2 7 5 31 3 17 9 2 0 2 7 0 2 7 1 2 7 1 2 7 1 2 7 16 6 2 13 6 3 17 18 2 0 2 7 1 2 7 17 9 2 1 2 7 1 2 7 0 2 7 0 2 7 1 2 7 0 2 7 0 2 7 0 2 7 5 30 3 1 2 7 1 2 7 8 9 2 0 40.4091576337814331
0 2 7 1 2 7 5 31 3 12 16 2 0 2 7 12 16 2 0 2 7 0 2 7 0 2 7 0 2 7 0 2 7 0 2 7 1 2 7 0 2 7 1 2 7 5 31 3 17 9 2 0 2 7 0 2 7 1 2 7 1 2 7 1 2 7 16 6 2 13 6 3 17 18 2 0 2 7 1 2 7 17 9 2 1 2 7 1 2 7 0 2 7 0 2 7 1 2 7 0 2 7 0 2 7 0 2 7 5 30 3 8 18 2 1 2 7 1 2 7 0 40.4091576337814331
0 2 7 1 2 7 5 31 3 12 16 2 0 2 7 12 16 2 0 2 7 0 2 7 0 2 7 0 2 7 0 2 7 0 2 7 1 2 7 0 2 7 1 2 7 5 31 3 17 9 2 0 2 7 0 2 7 1 2 7 1 2 7 1 2 7 16 6 2 13 6 3 17 18 2 0 2 7 1 2 7 17 9 2 1 2 7 1 2 7 0 2 7 0 2 7 1 2 7 0 2 7 0 2 7 0 2 7 5 30 3 1 2 7 1 2 7 8 9 2 0 40.4091576337814331
0 2 7 1 2 7 5 30 3 12 16 2 1 2 7 0 2 7 1 2 7 13 6 3 0 2 7 1 2 7 0 2 7 17 9 2 0 2 7 0 2 7 1 2 7 0 2 7 1 2 7 1 2 7 1 2 7 0 2 7 1 2 7 0 2 7 0 2 7 0 2 7 0 2 7 17 18 2 1 2 7 17 9 2 0 2 7 5 31 3 1 2 7 0 2 7 1 2 7 16 6 2 0 2 7 0 2 7 12 16 2 8 18 2 0 2 7 5 31 3 0 40.4091576337814331
0 2 7 1 2 7 5 31 3 12 16 2 1 2 7 0 2 7 8 18 2 0 2 7 13 6 3 0 2 7 1 2 7 0 2 7 17 9 2 0 2 7 0 2 7 1 2 7 5 30 3 0 2 7 1 2 7 1 2 7 1 2 7 0 2 7 1 2 7 0 2 7 0 2 7 0 2 7 0 2 7 17 18 2 1 2 7 17 9 2 0 2 7 5 31 3 1 2 7 0 2 7 1 2 7 16 6 2 0 2 7 1 2 7 0 2 7 12 16 2 0 40.4091576337814331
0 2 7 1 2 7 5 30 3 12 16 2 0 2 7 12 16 2 0 2 7 0 2 7 1 2 7 0 2 7 0 2 7 0 2 7 1 2 7 0 2 7 1 2 7 5 31 3 17 9 2 8 9 2 0 2 7 1 2 7 1 2 7 1 2 7 16 6 2 13 6 3 5 31 3 17 18 2 0 2 7 1 2 7 17 9 2 1 2 7 1 2 7 0 2 7 0 2 7 1 2 7 0 2 7 0 2 7 1 2 7 0 2 7 0 2 7 0 2 7 0 40.4091576337814331
0 2 7 1 2 7 5 30 3 12 16 2 1 2 7 0 2 7 1 2 7 13 6 3 0 2 7 1 2 7 0 2 7 17 9 2 0 2 7 0 2 7 1 2 7 0 2 7 1 2 7 1 2 7 1 2 7 0 2 7 1 2 7 0 2 7 0 2 7 0 2 7 0 2 7 17 18 2 1 2 7 17 9 2 0 2 7 5 31 3 1 2 7 0 2 7 1 2 7 16 6 2 0 2 7 0 2 7 12 16 2 8 18 2 0 2 7 5 31 3 0 40.4091576337814331
0 2 7 1 2 7 5 31 3 12 16 2 0 2 7 12 16 2 0 2 7 0 2 7 0 2 7 0 2 7 0 2 7 0 2 7 1 2 7 0 2 7 1 2 7 5 31 3 17 9 2 1 2 7 0 2 7 1 2 7 1 2 7 1 2 7 16 6 2 13 6 3 17 18 2 0 2 7 0 2 7 17 9 2 1 2 7 1 2 7 0 2 7 8 9 2 1 2 7 0 2 7 0 2 7 0 2 7 5 30 3 1 2 7 1 2 7 0 2 7 0 40.4091576337814331
0 2 7 1 2 7 5 31 3 12 16 2 0 2 7 12 16 2 0 2 7 0 2 7 0 2 7 0 2 7 0 2 7 0 2 7 1 2 7 0 2 7 1 2 7 5 31 3 17 9 2 1 2 7 0 2 7 1 2 7 1 2 7 1 2 7 16 6 2 13 6 3 17 18 2 0 2 7 0 2 7 17 9 2 1 2 7 1 2 7 0 2 7 8 9 2 1 2 7 0 2 7 0 2 7 0 2 7 5 30 3 1 2 7 1 2 7 0 2 7 0 40.4091576337814331
0 2 7 1 2 7 5 31 3 12 16 2 0 2 7 12 16 2 0 2 7 0 2 7 0 2 7 0 2 7 0 2 7 0 2 7 1 2 7 0 2 7 1 2 7 5 31 3 17 9 2 0 2 7 0 2 7 1 2 7 1 2 7 1 2 7 16 6 2 13 6 3 17 18 2 0 2 7 1 2 7 17 9 2 1 2 7 1 2 7 0 2 7 0 2 7 1 2 7 0 2 7 0 2 7 0 2 7 5 30 3 1 2 7 1 2 7 8 18 2 0 40.4091576337814331
0 2 7 1 2 7 5 31 3 12 16 2 0 2 7 12 16 2 0 2 7 0 2 7 0 2 7 0 2 7 0 2 7 0 2 7 1 2 7 0 2 7 1 2 7 5 31 3 17 9 2 0 2 7 0 2 7 1 2 7 1 2 7 1 2 7 16 6 2 13 6 3 17 18 2 0 2 7 1 2 7 17 9 2 1 2 7 1 2 7 0 2 7 0 2 7 1 2 7 0 2 7 0 2 7 0 2 7 5 30 3 1 2 7 1 2 7 8 9 2 0 40.4091576337814331
0 2 7 1 2 7 5 31 3 12 16 2 0 2 7 12 16 2 0 2 7 0 2 7 0 2 7 0 2 7 0 2 7 0 2 7 1 2 7 0 2 7 1 2 7 5 31 3 17 9 2 0 2 7 0 2 7 1 2 7 1 2 7 1 2 7 16 6 2 13 6 3 17 18 2 0 2 7 1 2 7 17 9 2 1 2 7 1 2 7 0 2 7 0 2 7 1 2 7 0 2 7 0 2 7 0 2 7 5 30 3 8 18 2 1 2 7 1 2 7 0 40.4091576337814331
0 2 7 1 2 7 5 31 3 12 16 2 0 2 7 12 16 2 0 2 7 0 2 7 0 2 7 0 2 7 0 2 7 0 2 7 1 2 7 0 2 7 1 2 7 5 31 3 17 9 2 0 2 7 0 2 7 1 2 7 1 2 7 1 2 7 16 6 2 13 6 3 17 18 2 0 2 7 1 2 7 17 9 2 1 2 7 1 2 7 0 2 7 0 2 7 1 2 7 0 2 7 0 2 7 0 2 7 5 30 3 8 18 2 1 2 7 1 2 7 0 40.4091576337814331
0 2 7 1 2 7 5 30 3 12 16 2 1 2 7 0 2 7 1 2 7 13 6 3 0 2 7 1 2 7 0 2 7 17 9 2 0 2 7 0 2 7 1 2 7 0 2 7 1 2 7 1 2 7 1 2 7 0 2 7 1 2 7 0 2 7 0 2 7 0 2 7 0 2 7 17 18 2 1 2 7 17 9 2 0 2 7 5 31 3 1 2 7 0 2 7 1 2 7 16 6 2 0 2 7 0 2 7 12 16 2 8 18 2 0 2 7 5 31 3 0 40.4091576337814331
0 2 7 1 2 7 5 31 3 12 16 2 1 2 7 0 2 7 8 18 2 0 2 7 13 6 3 0 2 7 1 2 7 0 2 7 17 9 2 0 2 7 0 2 7 1 2 7 5 30 3 0 2 7 1 2 7 1 2 7 1 2 7 0 2 7 1 2 7 0 2 7 0 2 7 0 2 7 0 2 7 17 18 2 1 2 7 17 9 2 0 2 7 5 31 3 1 2 7 0 2 7 1 2 7 16 6 2 0 2 7 1 2 7 0 2 7 12 16 2 0 40.4091576337814331
0 2 7 1 2 7 5 30 3 12 16 2 0 2 7 12 16 2 0 2 7 0 2 7 1 2 7 0 2 7 0 2 7 0 2 7 1 2 7 0 2 7 1 2 7 5 31 3 17 9 2 8 9 2 0 2 7 1 2 7 1 2 7 1 2 7 16 6 2 13 6 3 5 31 3 17 18 2 0 2 7 1 2 7 17 9 2 1 2 7 1 2 7 0 2 7 0 2 7 1 2 7 0 2 7 0 2 7 1 2 7 0 2 7 0 2 7 0 2 7 0 40.4091576337814331
0 2 7 1 2 7 5 30 3 12 16 2 1 2 7 0 2 7 1 2 7 13 6 3 0 2 7 1 2 7 0 2 7 17 9 2 0 2 7 0 2 7 1 2 7 0 2 7 1 2 7 1 2 7 1 2 7 0 2 7 1 2 7 0 2 7 0 2 7 0 2 7 0 2 7 17 18 2 1 2 7 17 9 2 0 2 7 5 31 3 1 2 7 0 2 7 1 2 7 16 6 2 0 2 7 0 2 7 12 16 2 8 18 2 0 2 7 5 31 3 0 40.4091576337814331
0 2 7 1 2 7 5 31 3 12 16 2 0 2 7 12 16 2 0 2 7 0 2 7 0 2 7 0 2 7 0 2 7 0 2 7 1 2 7 0 2 7 1 2 7 5 31 3 17 9 2 1 2 7 0 2 7 1 2 7 1 2 7 1 2 7 16 6 2 13 6 3 17 18 2 0 2 7 0 2 7 17 9 2 1 2 7 1 2 7 0 2 7 8 9 2 1 2 7 0 2 7 0 2 7 0 2 7 5 30 3 1 2 7 1 2 7 0 2 7 0 40.4091576337814331
0 2 7 1 2 7 5 31 3 12 16 2 0 2 7 12 16 2 0 2 7 0 2 7 0 2 7 0 2 7 0 2 7 0 2 7 1 2 7 0 2 7 1 2 7 5 31 3 17 9 2 1 2 7 0 2 7 1 2 7 1 2 7 1 2 7 16 6 2 13 6 3 17 18 2 0 2 7 0 2 7 17 9 2 1 2 7 1 2 7 0 2 7 8 9 2 1 2 7 0 2 7 0 2 7 0 2 7 5 30 3 1 2 7 1 2 7 0 2 7 0 40.4091576337814331
0 2 7 1 2 7 5 31 3 12 16 2 0 2 7 12 16 2 0 2 7 0 2 7 0 2 7 0 2 7 0 2 7 0 2 7 1 2 7 0 2 7 1 2 7 5 31 3 17 9 2 0 2 7 0 2 7 1 2 7 1 2 7 1 2 7 16 6 2 13 6 3 17 18 2 0 2 7 1 2 7 17 9 2 1 2 7 1 2 7 0 2 7 0 2 7 1 2 7 0 2 7 0 2 7 0 2 7 5 30 3 1 2 7 1 2 7 8 18 2 0 40.4091576337814331
0 2 7 1 2 7 5 31 3 12 16 2 0 2 7 12 16 2 0 2 7 0 2 7 0 2 7 0 2 7 0 2 7 0 2 7 1 2 7 0 2 7 1 2 7 5 31 3 17 9 2 0 2 7 0 2 7 1 2 7 1 2 7 1 2 7 16 6 2 13 6 3 17 18 2 0 2 7 1 2 7 17 9 2 1 2 7 1 2 7 0 2 7 0 2 7 1 2 7 0 2 7 0 2 7 0 2 7 5 30 3 1 2 7 1 2 7 8 9 2 0 40.4091576337814331
0 2 7 1 2 7 5 31 3 12 16 2 0 2 7 12 16 2 0 2 7 0 2 7 0 2 7 0 2 7 0 2 7 0 2 7 1 2 7 0 2 7 1 2 7 5 31 3 17 9 2 0 2 7 0 2 7 1 2 7 1 2 7 1 2 7 16 6 2 13 6 3 17 18 2 0 2 7 1 2 7 17 9 2 1 2 7 1 2 7 0 2 7 0 2 7 1 2 7 0 2 7 0 2 7 0 2 7 5 30 3 8 18 2 1 2 7 1 2 7 0 40.4091576337814331
0 2 7 1 2 7 5 31 3 12 16 2 1 2 7 0 2 7 8 18 2 0 2 7 13 6 3 0 2 7 1 2 7 0 2 7 17 9 2 0 2 7 0 2 7 1 2 7 5 30 3 0 2 7 1 2 7 1 2 7 1 2 7 0 2 7 1 2 7 0 2 7 0 2 7 0 2 7 0 2 7 17 18 2 1 2 7 17 9 2 0 2 7 5 31 3 1 2 7 0 2 7 1 2 7 16 6 2 0 2 7 1 2 7 0 2 7 12 16 2 0 40.4091576337814331
0 2 7 1 2 7 5 30 3 12 16 2 1 2 7 0 2 7 1 2 7 13 6 3 0 2 7 1 2 7 0 2 7 17 9 2 0 2 7 0 2 7 1 2 7 0 2 7 1 2 7 1 2 7 1 2 7 0 2 7 1 2 7 0 2 7 0 2 7 0 2 7 0 2 7 17 18 2 1 2 7 17 9 2 0 2 7 5 31 3 1 2 7 0 2 7 1 2 7 16 6 2 0 2 7 0 2 7 12 16 2 8 18 2 0 2 7 5 31 3 0 40.4091576337814331
0 2 7 1 2 7 5 31 3 12 16 2 1 2 7 0 2 7 8 18 2 0 2 7 13 6 3 0 2 7 1 2 7 0 2 7 17 9 2 0 2 7 0 2 7 1 2 7 5 30 3 0 2 7 1 2 7 1 2 7 1 2 7 0 2 7 1 2 7 0 2 7 0 2 7 0 2 7 0 2 7 17 18 2 1 2 7 17 9 2 0 2 7 5 31 3 1 2 7 0 2 7 1 2 7 16 6 2 0 2 7 1 2 7 0 2 7 12 16 2 0 40.4091576337814331
0 2 7 1 2 7 5 30 3 12 16 2 0 2 7 12 16 2 0 2 7 0 2 7 1 2 7 0 2 7 0 2 7 0 2 7 1 2 7 0 2 7 1 2 7 5 31 3 17 9 2 8 9 2 0 2 7 1 2 7 1 2 7 1 2 7 16 6 2 13 6 3 5 31 3 17 18 2 0 2 7 1 2 7 17 9 2 1 2 7 1 2 7 0 2 7 0 2 7 1 2 7 0 2 7 0 2 7 1 2 7 0 2 7 0 2 7 0 2 7 0 40.4091576337814331
0 2 7 1 2 7 5 30 3 12 16 2 1 2 7 0 2 7 1 2 7 13 6 3 0 2 7 1 2 7 0 2 7 17 9 2 0 2 7 0 2 7 1 2 7 0 2 7 1 2 7 1 2 7 1 2 7 0 2 7 1 2 7 0 2 7 0 2 7 0 2 7 0 2 7 17 18 2 1 2 7 17 9 2 0 2 7 5 31 3 1 2 7 0 2 7 1 2 7 16 6 2 0 2 7 0 2 7 12 16 2 8 18 2 0 2 7 5 31 3 0 40.4091576337814331
0 2 7 1 2 7 5 31 3 12 16 2 0 2 7 12 16 2 0 2 7 0 2 7 0 2 7 0 2 7 0 2 7 0 2 7 1 2 7 0 2 7 1 2 7 5 31 3 17 9 2 1 2 7 0 2 7 1 2 7 1 2 7 1 2 7 16 6 2 13 6 3 17 18 2 0 2 7 0 2 7 17 9 2 1 2 7 1 2 7 0 2 7 8 9 2 1 2 7 0 2 7 0 2 7 0 2 7 5 30 3 1 2 7 1 2 7 0 2 7 0 40.4091576337814331
0 2 7 1 2 7 5 31 3 12 16 2 0 2 7 12 16 2 0 2 7 0 2 7 0 2 7 0 2 7 0 2 7 0 2 7 1 2 7 0 2 7 1 2 7 5 31 3 17 9 2 1 2 7 0 2 7 1 2 7 1 2 7 1 2 7 16 6 2 13 6 3 17 18 2 0 2 7 0 2 7 17 9 2 1 2 7 1 2 7 0 2 7 8 9 2 1 2 7 0 2 7 0 2 7 0 2 7 5 30 3 1 2 7 1 2 7 0 2 7 0 40.4091576337814331
0 2 7 1 2 7 5 31 3 12 16 2 0 2 7 12 16 2 0 2 7 0 2 7 0 2 7 0 2 7 0 2 7 0 2 7 1 2 7 0 2 7 1 2 7 5 31 3 17 9 2 0 2 7 0 2 7 1 2 7 1 2 7 1 2 7 16 6 2 13 6 3 17 18 2 0 2 7 1 2 7 17 9 2 1 2 7 1 2 7 0 2 7 0 2 7 1 2 7 0 2 7 0 2 7 0 2 7 5 30 3 1 2 7 1 2 7 8 18 2 0 40.4091576337814331
0 2 7 1 2 7 5 31 3 12 16 2 0 2 7 12 16 2 0 2 7 0 2 7 0 2 7 0 2 7 0 2 7 0 2 7 1 2 7 0 2 7 1 2 7 5 31 3 17 9 2 0 2 7 0 2 7 1 2 7 1 2 7 1 2 7 16 6 2 13 6 3 17 18 2 0 2 7 1 2 7 17 9 2 1 2 7 1 2 7 0 2 7 0 2 7 1 2 7 0 2 7 0 2 7 0 2 7 5 30 3 1 2 7 1 2 7 8 9 2 0 40.4091576337814331
0 2 7 1 2 7 5 31 3 12 16 2 0 2 7 12 16 2 0 2 7 0 2 7 0 2 7 0 2 7 0 2 7 0 2 7 1 2 7 0 2 7 1 2 7 5 31 3 17 9 2 0 2 7 0 2 7 1 2 7 1 2 7 1 2 7 16 6 2 13 6 3 17 18 2 0 2 7 1 2 7 17 9 2 1 2 7 1 2 7 0 2 7 0 2 7 1 2 7 0 2 7 0 2 7 0 2 7 5 30 3 8 18 2 1 2 7 1 2 7 0 40.4091576337814331
0 2 7 1 2 7 5 31 3 12 16 2 0 2 7 12 16 2 0 2 7 0 2 7 0 2 7 0 2 7 0 2 7 0 2 7 1 2 7 0 2 7 1 2 7 5 31 3 17 9 2 0 2 7 0 2 7 1 2 7 1 2 7 1 2 7 16 6 2 13 6 3 17 18 2 0 2 7 1 2 7 17 9 2 1 2 7 1 2 7 0 2 7 0 2 7 1 2 7 0 2 7 0 2 7 0 2 7 5 30 3 8 18 2 1 2 7 1 2 7 0 40.4091576337814331
0 2 7 1 2 7 5 30 3 12 16 2 1 2 7 0 2 7 1 2 7 13 6 3 0 2 7 1 2 7 0 2 7 17 9 2 0 2 7 0 2 7 1 2 7 0 2 7 1 2 7 1 2 7 1 2 7 0 2 7 1 2 7 0 2 7 0 2 7 0 2 7 0 2 7 17 18 2 1 2 7 17 9 2 0 2 7 5 31 3 1 2 7 0 2 7 1 2 7 16 6 2 0 2 7 0 2 7 12 16 2 8 18 2 0 2 7 5 31 3 0 40.4091576337814331
0 2 7 1 2 7 5 31 3 12 16 2 1 2 7 0 2 7 8 18 2 0 2 7 13 6 3 0 2 7 1 2 7 0 2 7 17 9 2 0 2 7 0 2 7 1 2 7 5 30 3 0 2 7 1 2 7 1 2 7 1 2 7 0 2 7 1 2 7 0 2 7 0 2 7 0 2 7 0 2 7 17 18 2 1 2 7 17 9 2 0 2 7 5 31 3 1 2 7 0 2 7 1 2 7 16 6 2 0 2 7 1 2 7 0 2 7 12 16 2 0 40.4091576337814331
0 2 7 1 2 7 5 30 3 12 16 2 0 2 7 12 16 2 0 2 7 0 2 7 1 2 7 0 2 7 0 2 7 0 2 7 1 2 7 0 2 7 1 2 7 5 31 3 17 9 2 8 9 2 0 2 7 1 2 7 1 2 7 1 2 7 16 6 2 13 6 3 5 31 3 17 18 2 0 2 7 1 2 7 17 9 2 1 2 7 1 2 7 0 2 7 0 2 7 1 2 7 0 2 7 0 2 7 1 2 7 0 2 7 0 2 7 0 2 7 0 40.4091576337814331
0 2 7 1 2 7 5 30 3 12 16 2 1 2 7 0 2 7 1 2 7 13 6 3 0 2 7 1 2 7 0 2 7 17 9 2 0 2 7 0 2 7 1 2 7 0 2 7 1 2 7 1 2 7 1 2 7 0 2 7 1 2 7 0 2 7 0 2 7 0 2 7 0 2 7 17 18 2 1 2 7 17 9 2 0 2 7 5 31 3 1 2 7 0 2 7 1 2 7 16 6 2 0 2 7 0 2 7 12 16 2 8 18 2 0 2 7 5 31 3 0 40.4091576337814331
0 2 7 1 2 7 5 31 3 12 16 2 0 2 7 12 16 2 0 2 7 0 2 7 0 2 7 0 2 7 0 2 7 0 2 7 1 2 7 0 2 7 1 2 7 5 31 3 17 9 2 1 2 7 0 2 7 1 2 7 1 2 7 1 2 7 16 6 2 13 6 3 17 18 2 0 2 7 0 2 7 17 9 2 1 2 7 1 2 7 0 2 7 8 9 2 1 2 7 0 2 7 0 2 7 0 2 7 5 30 3 1 2 7 1 2 7 0 2 7 0 40.4091576337814331
0 2 7 1 2 7 5 31 3 12 16 2 0 2 7 12 16 2 0 2 7 0 2 7 0 2 7 0 2 7 0 2 7 0 2 7 1 2 7 0 2 7 1 2 7 5 31 3 17 9 2 1 2 7 0 2 7 1 2 7 1 2 7 1 2 7 16 6 2 13 6 3 17 18 2 0 2 7 0 2 7 17 9 2 1 2 7 1 2 7 0 2 7 8 9 2 1 2 7 0 2 7 0 2 7 0 2 7 5 30 3 1 2 7 1 2 7 0 2 7 0 40.4091576337814331
0 2 7 1 2 7 5 31 3 12 16 2 0 2 7 12 16 2 0 2 7 0 2 7 0 2 7 0 2 7 0 2 7 0 2 7 1 2 7 0 2 7 1 2 7 5 31 3 17 9 2 0 2 7 0 2 7 1 2 7 1 2 7 1 2 7 16 6 2 13 6 3 17 18 2 0 2 7 1 2 7 17 9 2 1 2 7 1 2 7 0 2 7 0 2 7 1 2 7 0 2 7 0 2 7 0 2 7 5 30 3 1 2 7 1 2 7 8 18 2 0 40.4091576337814331
0 2 7 1 2 7 5 31 3 12 16 2 0 2 7 12 16 2 0 2 7 0 2 7 0 2 7 0 2 7 0 2 7 0 2 7 1 2 7 0 2 7 1 2 7 5 31 3 17 9 2 0 2 7 0 2 7 1 2 7 1 2 7 1 2 7 16 6 2 13 6 3 17 18 2 0 2 7 1 2 7 17 9 2 1 2 7 1 2 7 0 2 7 0 2 7 1 2 7 0 2 7 0 2 7 0 2 7 5 30 3 1 2 7 1 2 7 8 9 2 0 40.4091576337814331
0 2 7 1 2 7 5 31 3 12 16 2 0 2 7 12 16 2 0 2 7 0 2 7 0 2 7 0 2 7 0 2 7 0 2 7 1 2 7 0 2 7 1 2 7 5 31 3 17 9 2 0 2 7 0 2 7 1 2 7 1 2 7 1 2 7 16 6 2 13 6 3 17 18 2 0 2 7 1 2 7 17 9 2 1 2 7 1 2 7 0 2 7 0 2 7 1 2 7 0 2 7 0 2 7 0 2 7 5 30 3 8 18 2 1 2 7 1 2 7 0 40.4091576337814331
0 2 7 1 2 7 5 31 3 12 16 2 0 2 7 12 16 2 0 2 7 0 2 7 0 2 7 0 2 7 0 2 7 0 2 7 1 2 7 0 2 7 1 2 7 5 31 3 17 9 2 0 2 7 0 2 7 1 2 7 1 2 7 1 2 7 16 6 2 13 6 3 17 18 2 0 2 7 1 2 7 17 9 2 1 2 7 1 2 7 0 2 7 0 2 7 1 2 7 0 2 7 0 2 7 0 2 7 5 30 3 1 2 7 1 2 7 8 18 2 0 40.4091576337814331
0 2 7 1 2 7 5 30 3 12 16 2 1 2 7 0 2 7 1 2 7 13 6 3 0 2 7 1 2 7 0 2 7 17 9 2 0 2 7 0 2 7 1 2 7 0 2 7 1 2 7 1 2 7 1 2 7 0 2 7 1 2 7 0 2 7 0 2 7 0 2 7 0 2 7 17 18 2 1 2 7 17 9 2 0 2 7 5 31 3 1 2 7 0 2 7 1 2 7 16 6 2 0 2 7 0 2 7 12 16 2 8 18 2 0 2 7 5 31 3 0 40.4091576337814331
0 2 7 1 2 7 5 31 3 12 16 2 1 2 7 0 2 7 8 18 2 0 2 7 13 6 3 0 2 7 1 2 7 0 2 7 17 9 2 0 2 7 0 2 7 1 2 7 5 30 3 0 2 7 1 2 7 1 2 7 1 2 7 0 2 7 1 2 7 0 2 7 0 2 7 0 2 7 0 2 7 17 18 2 1 2 7 17 9 2 0 2 7 5 31 3 1 2 7 0 2 7 1 2 7 16 6 2 0 2 7 1 2 7 0 2 7 12 16 2 0 40.4091576337814331
0 2 7 1 2 7 5 30 3 12 16 2 0 2 7 12 16 2 0 2 7 0 2 7 1 2 7 0 2 7 0 2 7 0 2 7 1 2 7 0 2 7 1 2 7 5 31 3 17 9 2 8 9 2 0 2 7 1 2 7 1 2 7 1 2 7 16 6 2 13 6 3 5 31 3 17 18 2 0 2 7 1 2 7 17 9 2 1 2 7 1 2 7 0 2 7 0 2 7 1 2 7 0 2 7 0 2 7 1 2 7 0 2 7 0 2 7 0 2 7 0 40.4091576337814331
0 2 7 1 2 7 5 30 3 12 16 2 1 2 7 0 2 7 1 2 7 13 6 3 0 2 7 1 2 7 0 2 7 17 9 2 0 2 7 0 2 7 1 2 7 0 2 7 1 2 7 1 2 7 1 2 7 0 2 7 1 2 7 0 2 7 0 2 7 0 2 7 0 2 7 17 18 2 1 2 7 17 9 2 0 2 7 5 31 3 1 2 7 0 2 7 1 2 7 16 6 2 0 2 7 0 2 7 12 16 2 8 18 2 0 2 7 5 31 3 0 40.4091576337814331
0 2 7 1 2 7 5 31 3 12 16 2 0 2 7 12 16 2 0 2 7 0 2 7 0 2 7 0 2 7 0 2 7 0 2 7 1 2 7 0 2 7 1 2 7 5 31 3 17 9 2 1 2 7 0 2 7 1 2 7 1 2 7 1 2 7 16 6 2 13 6 3 17 18 2 0 2 7 0 2 7 17 9 2 1 2 7 1 2 7 0 2 7 8 9 2 1 2 7 0 2 7 0 2 7 0 2 7 5 30 3 1 2 7 1 2 7 0 2 7 0 40.4091576337814331
0 2 7 1 2 7 5 31 3 12 16 2 0 2 7 12 16 2 0 2 7 0 2 7 0 2 7 0 2 7 0 2 7 0 2 7 1 2 7 0 2 7 1 2 7 5 31 3 17 9 2 1 2 7 0 2 7 1 2 7 1 2 7 1 2 7 16 6 2 13 6 3 17 18 2 0 2 7 0 2 7 17 9 2 1 2 7 1 2 7 0 2 7 8 9 2 1 2 7 0 2 7 0 2 7 0 2 7 5 30 3 1 2 7 1 2 7 0 2 7 0 40.4091576337814331
0 2 7 1 2 7 5 31 3 12 16 2 0 2 7 12 16 2 0 2 7 0 2 7 0 2 7 0 2 7 0 2 7 0 2 7 1 2 7 0 2 7 1 2 7 5 31 3 17 9 2 0 2 7 0 2 7 1 2 7 1 2 7 1 2 7 16 6 2 13 6 3 17 18 2 0 2 7 1 2 7 17 9 2 1 2 7 1 2 7 0 2 7 0 2 7 1 2 7 0 2 7 0 2 7 0 2 7 5 30 3 1 2 7 1 2 7 8 18 2 0 40.4091576337814331
0 2 7 1 2 7 5 31 3 12 16 2 0 2 7 12 16 2 0 2 7 0 2 7 0 2 7 0 2 7 0 2 7 0 2 7 1 2 7 0 2 7 1 2 7 5 31 3 17 9 2 0 2 7 0 2 7 1 2 7 1 2 7 1 2 7 16 6 2 13 6 3 17 18 2 0 2 7 1 2 7 17 9 2 1 2 7 1 2 7 0 2 7 0 2 7 1 2 7 0 2 7 0 2 7 0 2 7 5 30 3 1 2 7 1 2 7 8 9 2 0 40.4091576337814331
0 2 7 1 2 7 5 31 3 12 16 2 0 2 7 12 16 2 0 2 7 0 2 7 0 2 7 0 2 7 0 2 7 0 2 7 1 2 7 0 2 7 1 2 7 5 31 3 17 9 2 0 2 7 0 2 7 1 2 7 1 2 7 1 2 7 16 6 2 13 6 3 17 18 2 0 2 7 1 2 7 17 9 2 1 2 7 1 2 7 0 2 7 0 2 7 1 2 7 0 2 7 0 2 7 0 2 7 5 30 3 8 18 2 1 2 7 1 2 7 0 40.4091576337814331
0 2 7 1 2 7 5 31 3 12 16 2 0 2 7 12 16 2 0 2 7 0 2 7 0 2 7 0 2 7 0 2 7 0 2 7 1 2 7 0 2 7 1 2 7 5 31 3 17 9 2 1 2 7 0 2 7 1 2 7 1 2 7 1 2 7 16 6 2 13 6 3 17 18 2 0 2 7 0 2 7 17 9 2 1 2 7 1 2 7 0 2 7 8 9 2 1 2 7 0 2 7 0 2 7 0 2 7 5 30 3 1 2 7 1 2 7 0 2 7 0 40.4091576337814331
0 2 7 1 2 7 5 30 3 12 16 2 1 2 7 0 2 7 1 2 7 13 6 3 0 2 7 1 2 7 0 2 7 17 9 2 0 2 7 0 2 7 1 2 7 0 2 7 1 2 7 1 2 7 1 2 7 0 2 7 1 2 7 0 2 7 0 2 7 0 2 7 0 2 7 17 18 2 1 2 7 17 9 2 0 2 7 5 31 3 1 2 7 0 2 7 1 2 7 16 6 2 0 2 7 0 2 7 12 16 2 8 18 2 0 2 7 5 31 3 0 40.4091576337814331
0 2 7 1 2 7 5 31 3 12 16 2 1 2 7 0 2 7 8 18 2 0 2 7 13 6 3 0 2 7 1 2 7 0 2 7 17 9 2 0 2 7 0 2 7 1 2 7 5 30 3 0 2 7 1 2 7 1 2 7 1 2 7 0 2 7 1 2 7 0 2 7 0 2 7 0 2 7 0 2 7 17 18 2 1 2 7 17 9 2 0 2 7 5 31 3 1 2 7 0 2 7 1 2 7 16 6 2 0 2 7 1 2 7 0 2 7 12 16 2 0 40.4091576337814331
0 2 7 1 2 7 5 30 3 12 16 2 0 2 7 12 16 2 0 2 7 0 2 7 1 2 7 0 2 7 0 2 7 0 2 7 1 2 7 0 2 7 1 2 7 5 31 3 17 9 2 8 9 2 0 2 7 1 2 7 1 2 7 1 2 7 16 6 2 13 6 3 5 31 3 17 18 2 0 2 7 1 2 7 17 9 2 1 2 7 1 2 7 0 2 7 0 2 7 1 2 7 0 2 7 0 2 7 1 2 7 0 2 7 0 2 7 0 2 7 0 40.4091576337814331
0 2 7 1 2 7 5 30 3 12 16 2 1 2 7 0 2 7 1 2 7 13 6 3 0 2 7 1 2 7 0 2 7 17 9 2 0 2 7 0 2 7 1 2 7 0 2 7 1 2 7 1 2 7 1 2 7 0 2 7 1 2 7 0 2 7 0 2 7 0 2 7 0 2 7 17 18 2 1 2 7 17 9 2 0 2 7 5 31 3 1 2 7 0 2 7 1 2 7 16 6 2 0 2 7 0 2 7 12 16 2 8 18 2 0 2 7 5 31 3 0 40.4091576337814331
0 2 7 1 2 7 5 31 3 12 16 2 0 2 7 12 16 2 0 2 7 0 2 7 0 2 7 0 2 7 0 2 7 0 2 7 1 2 7 0 2 7 1 2 7 5 31 3 17 9 2 1 2 7 0 2 7 1 2 7 1 2 7 1 2 7 16 6 2 13 6 3 17 18 2 0 2 7 0 2 7 17 9 2 1 2 7 1 2 7 0 2 7 8 9 2 1 2 7 0 2 7 0 2 7 0 2 7 5 30 3 1 2 7 1 2 7 0 2 7 0 40.4091576337814331
0 2 7 1 2 7 5 31 3 12 16 2 0 2 7 12 16 2 0 2 7 0 2 7 0 2 7 0 2 7 0 2 7 0 2 7 1 2 7 0 2 7 1 2 7 5 31 3 17 9 2 1 2 7 0 2 7 1 2 7 1 2 7 1 2 7 16 6 2 13 6 3 17 18 2 0 2 7 0 2 7 17 9 2 1 2 7 1 2 7 0 2 7 8 9 2 1 2 7 0 2 7 0 2 7 0 2 7 5 30 3 1 2 7 1 2 7 0 2 7 0 40.4091576337814331
0 2 7 1 2 7 5 31 3 12 16 2 0 2 7 12 16 2 0 2 7 0 2 7 0 2 7 0 2 7 0 2 7 0 2 7 1 2 7 0 2 7 1 2 7 5 31 3 17 9 2 0 2 7 0 2 7 1 2 7 1 2 7 1 2 7 16 6 2 13 6 3 17 18 2 0 2 7 1 2 7 17 9 2 1 2 7 1 2 7 0 2 7 0 2 7 1 2 7 0 2 7 0 2 7 0 2 7 5 30 3 1 2 7 1 2 7 8 18 2 0 40.4091576337814331
0 2 7 1 2 7 5 31 3 12 16 2 0 2 7 12 16 2 0 2 7 0 2 7 0 2 7 0 2 7 0 2 7 0 2 7 1 2 7 0 2 7 1 2 7 5 31 3 17 9 2 0 2 7 0 2 7 1 2 7 1 2 7 1 2 7 16 6 2 13 6 3 17 18 2 0 2 7 1 2 7 17 9 2 1 2 7 1 2 7 0 2 7 0 2 7 1 2 7 0 2 7 0 2 7 0 2 7 5 30 3 1 2 7 1 2 7 8 9 2 0 40.4091576337814331
0 2 7 1 2 7 5 31 3 12 16 2 0 2 7 12 16 2 0 2 7 0 2 7 0 2 7 0 2 7 0 2 7 0 2 7 1 2 7 0 2 7 1 2 7 5 31 3 17 9 2 0 2 7 0 2 7 1 2 7 1 2 7 1 2 7 16 6 2 13 6 3 17 18 2 0 2 7 1 2 7 17 9 2 1 2 7 1 2 7 0 2 7 0 2 7 1 2 7 0 2 7 0 2 7 0 2 7 5 30 3 8 18 2 1 2 7 1 2 7 0 40.4091576337814331
MonoObjective Genetic Algorithm
Number of Evaluations = 0
Mutation Probability = 0
Crossover Probability = 1
Population Size = 10
Survival Selection Type = 18
Time =  9003.37228894233704
0 2 7 1 2 7 5 31 3 12 16 2 0 2 7 12 16 2 0 2 7 0 2 7 0 2 7 0 2 7 0 2 7 0 2 7 1 2 7 0 2 7 1 2 7 5 31 3 17 9 2 1 2 7 0 2 7 1 2 7 1 2 7 1 2 7 16 6 2 13 6 3 17 18 2 0 2 7 0 2 7 17 9 2 1 2 7 1 2 7 0 2 7 8 9 2 1 2 7 0 2 7 0 2 7 0 2 7 5 30 3 1 2 7 1 2 7 0 2 7 0 40.4091576337814331
0 2 7 1 2 7 5 30 3 12 16 2 1 2 7 0 2 7 1 2 7 13 6 3 0 2 7 1 2 7 0 2 7 17 9 2 0 2 7 0 2 7 1 2 7 0 2 7 1 2 7 1 2 7 1 2 7 0 2 7 1 2 7 0 2 7 0 2 7 0 2 7 0 2 7 17 18 2 1 2 7 17 9 2 0 2 7 5 31 3 1 2 7 0 2 7 1 2 7 16 6 2 0 2 7 0 2 7 12 16 2 8 18 2 0 2 7 5 31 3 0 40.4091576337814331
0 2 7 1 2 7 5 31 3 12 16 2 1 2 7 0 2 7 8 18 2 0 2 7 13 6 3 0 2 7 1 2 7 0 2 7 17 9 2 0 2 7 0 2 7 1 2 7 5 30 3 0 2 7 1 2 7 1 2 7 1 2 7 0 2 7 1 2 7 0 2 7 0 2 7 0 2 7 0 2 7 17 18 2 1 2 7 17 9 2 0 2 7 5 31 3 1 2 7 0 2 7 1 2 7 16 6 2 0 2 7 1 2 7 0 2 7 12 16 2 0 40.4091576337814331
0 2 7 1 2 7 5 30 3 12 16 2 0 2 7 12 16 2 0 2 7 0 2 7 1 2 7 0 2 7 0 2 7 0 2 7 1 2 7 0 2 7 1 2 7 5 31 3 17 9 2 8 9 2 0 2 7 1 2 7 1 2 7 1 2 7 16 6 2 13 6 3 5 31 3 17 18 2 0 2 7 1 2 7 17 9 2 1 2 7 1 2 7 0 2 7 0 2 7 1 2 7 0 2 7 0 2 7 1 2 7 0 2 7 0 2 7 0 2 7 0 40.4091576337814331
0 2 7 1 2 7 5 30 3 12 16 2 1 2 7 0 2 7 1 2 7 13 6 3 0 2 7 1 2 7 0 2 7 17 9 2 0 2 7 0 2 7 1 2 7 0 2 7 1 2 7 1 2 7 1 2 7 0 2 7 1 2 7 0 2 7 0 2 7 0 2 7 0 2 7 17 18 2 1 2 7 17 9 2 0 2 7 5 31 3 1 2 7 0 2 7 1 2 7 16 6 2 0 2 7 0 2 7 12 16 2 8 18 2 0 2 7 5 31 3 0 40.4091576337814331
0 2 7 1 2 7 5 31 3 12 16 2 0 2 7 12 16 2 0 2 7 0 2 7 0 2 7 0 2 7 0 2 7 0 2 7 1 2 7 0 2 7 1 2 7 5 31 3 17 9 2 1 2 7 0 2 7 1 2 7 1 2 7 1 2 7 16 6 2 13 6 3 17 18 2 0 2 7 0 2 7 17 9 2 1 2 7 1 2 7 0 2 7 8 9 2 1 2 7 0 2 7 0 2 7 0 2 7 5 30 3 1 2 7 1 2 7 0 2 7 0 40.4091576337814331
0 2 7 1 2 7 5 31 3 12 16 2 0 2 7 12 16 2 0 2 7 0 2 7 0 2 7 0 2 7 0 2 7 0 2 7 1 2 7 0 2 7 1 2 7 5 31 3 17 9 2 1 2 7 0 2 7 1 2 7 1 2 7 1 2 7 16 6 2 13 6 3 17 18 2 0 2 7 0 2 7 17 9 2 1 2 7 1 2 7 0 2 7 8 9 2 1 2 7 0 2 7 0 2 7 0 2 7 5 30 3 1 2 7 1 2 7 0 2 7 0 40.4091576337814331
0 2 7 1 2 7 5 31 3 12 16 2 0 2 7 12 16 2 0 2 7 0 2 7 0 2 7 0 2 7 0 2 7 0 2 7 1 2 7 0 2 7 1 2 7 5 31 3 17 9 2 0 2 7 0 2 7 1 2 7 1 2 7 1 2 7 16 6 2 13 6 3 17 18 2 0 2 7 1 2 7 17 9 2 1 2 7 1 2 7 0 2 7 0 2 7 1 2 7 0 2 7 0 2 7 0 2 7 5 30 3 1 2 7 1 2 7 8 18 2 0 40.4091576337814331
0 2 7 1 2 7 5 31 3 12 16 2 0 2 7 12 16 2 0 2 7 0 2 7 0 2 7 0 2 7 0 2 7 0 2 7 1 2 7 0 2 7 1 2 7 5 31 3 17 9 2 0 2 7 0 2 7 1 2 7 1 2 7 1 2 7 16 6 2 13 6 3 17 18 2 0 2 7 1 2 7 17 9 2 1 2 7 1 2 7 0 2 7 0 2 7 1 2 7 0 2 7 0 2 7 0 2 7 5 30 3 1 2 7 1 2 7 8 9 2 0 40.4091576337814331
0 2 7 1 2 7 5 31 3 12 16 2 0 2 7 12 16 2 0 2 7 0 2 7 0 2 7 0 2 7 0 2 7 0 2 7 1 2 7 0 2 7 1 2 7 5 31 3 17 9 2 0 2 7 0 2 7 1 2 7 1 2 7 1 2 7 16 6 2 13 6 3 17 18 2 0 2 7 1 2 7 17 9 2 1 2 7 1 2 7 0 2 7 0 2 7 1 2 7 0 2 7 0 2 7 0 2 7 5 30 3 8 18 2 1 2 7 1 2 7 0 40.4091576337814331
