1 2 7 0 2 7 1 2 7 5 31 3 0 2 7 0 2 7 16 31 2 17 9 2 0 2 7 12 16 2 0 2 7 0 2 7 0 2 7 0 2 4 1 2 7 1 2 4 1 2 7 0 2 7 5 31 3 17 9 2 0 2 7 0 2 7 0 2 7 0 2 7 1 2 7 0 2 7 1 2 7 16 6 2 1 2 7 0 2 7 1 2 7 0 2 7 0 2 7 5 30 3 1 2 7 0 2 7 16 6 2 1 2 7 0 2 4 5 31 3 0 40.4265387058258057
1 2 7 0 2 7 1 2 7 5 31 3 0 2 7 0 2 7 16 19 11 17 9 2 1 2 7 12 16 2 0 2 7 0 2 7 0 2 7 0 2 7 0 2 7 1 2 4 0 2 7 0 2 7 5 31 3 17 9 2 0 2 7 0 2 7 0 2 7 0 2 7 1 2 7 1 2 7 1 2 7 16 6 2 1 2 7 0 2 7 1 2 7 0 2 7 0 2 7 5 31 3 0 2 7 0 2 7 16 6 2 1 2 4 1 2 7 5 31 3 0 40.8477656841278076
1 2 7 0 2 4 1 2 7 5 31 3 0 2 7 0 2 7 16 31 2 17 9 2 0 2 7 12 16 2 0 2 7 0 2 7 0 2 7 1 2 4 0 2 7 1 2 7 1 2 7 0 2 7 5 31 3 17 9 2 0 2 7 0 2 7 0 2 7 0 2 7 1 2 7 0 2 7 1 2 4 16 6 2 1 2 7 0 2 7 1 2 7 1 2 7 0 2 7 5 30 3 0 2 7 0 2 7 16 6 2 1 2 7 0 2 7 5 31 3 0 40.4265387058258057
0 2 4 0 2 7 1 2 7 5 31 3 0 2 7 0 2 7 16 19 11 17 9 2 1 2 7 12 16 2 0 2 7 0 2 7 0 2 7 0 2 7 1 2 7 0 2 7 1 2 7 0 2 4 5 31 3 17 9 2 1 2 7 1 2 7 1 2 7 0 2 7 0 2 7 0 2 7 0 2 7 5 31 3 1 2 7 16 6 2 0 2 7 0 2 7 1 2 7 0 2 7 1 2 7 0 2 7 16 6 2 1 2 7 0 2 7 5 31 3 0 40.8477656841278076
1 2 7 0 2 7 1 2 7 5 31 3 0 2 7 0 2 7 16 19 11 17 9 2 0 2 7 12 16 2 0 2 7 0 2 7 0 2 7 0 2 7 0 2 7 1 2 7 0 2 7 0 2 7 5 31 3 17 9 2 0 2 7 0 2 7 0 2 7 0 2 7 1 2 7 1 2 7 1 2 7 16 20 12 1 2 7 0 2 7 1 2 7 0 2 7 0 2 7 5 31 3 0 2 7 0 2 7 16 6 2 1 2 7 1 2 7 5 31 3 0 41.0513436794281006
1 2 7 0 2 7 1 2 7 5 31 3 0 2 7 0 2 7 16 19 11 17 9 2 0 2 7 12 16 2 0 2 7 0 2 7 0 2 7 0 2 7 0 2 7 1 2 7 0 2 7 0 2 7 5 31 3 17 9 2 0 2 7 0 2 7 0 2 7 0 2 7 1 2 7 1 2 7 1 2 7 16 20 12 1 2 7 0 2 7 1 2 7 0 2 7 0 2 7 5 31 3 0 2 7 0 2 7 16 6 2 1 2 7 1 2 7 5 31 3 0 41.0513436794281006
1 2 7 0 2 7 1 2 7 5 31 3 0 2 7 0 2 7 16 19 11 17 9 2 0 2 7 12 16 2 0 2 7 0 2 7 0 2 7 0 2 7 0 2 7 1 2 7 0 2 7 0 2 7 5 31 3 17 9 2 0 2 7 0 2 7 0 2 7 0 2 7 1 2 7 1 2 7 1 2 7 16 20 12 1 2 7 0 2 7 1 2 7 0 2 7 0 2 7 5 31 3 0 2 7 0 2 7 16 6 2 1 2 7 1 2 7 5 31 3 0 41.0513436794281006
1 2 7 0 2 7 1 2 7 5 31 3 0 2 7 0 2 7 16 19 11 17 9 2 0 2 7 12 16 2 0 2 7 0 2 7 0 2 7 0 2 7 0 2 7 1 2 7 0 2 7 0 2 7 5 31 3 17 9 2 0 2 7 0 2 7 0 2 7 0 2 7 1 2 7 1 2 7 1 2 7 16 20 12 1 2 7 0 2 7 1 2 7 0 2 7 0 2 7 5 31 3 0 2 7 0 2 7 16 6 2 1 2 7 1 2 7 5 31 3 0 41.0513436794281006
1 2 7 0 2 7 1 2 7 5 31 3 0 2 7 0 2 7 16 19 11 17 9 2 0 2 7 12 16 2 0 2 7 0 2 7 0 2 7 0 2 7 0 2 7 1 2 7 0 2 7 0 2 7 5 31 3 17 9 2 0 2 7 0 2 7 0 2 7 0 2 7 1 2 7 1 2 7 1 2 7 16 20 12 1 2 7 0 2 7 1 2 7 0 2 7 0 2 7 5 31 3 0 2 7 0 2 7 16 6 2 1 2 7 1 2 7 5 31 3 0 41.0513436794281006
1 2 7 0 2 7 1 2 7 5 31 3 0 2 7 0 2 7 16 19 11 17 9 2 0 2 7 12 16 2 0 2 7 0 2 7 0 2 7 0 2 7 0 2 7 1 2 7 0 2 7 0 2 7 5 31 3 17 9 2 0 2 7 1 2 7 0 2 7 0 2 7 1 2 7 1 2 7 1 2 7 16 20 12 1 2 7 0 2 7 0 2 7 0 2 7 0 2 7 5 31 3 0 2 7 0 2 7 16 6 2 1 2 7 1 2 7 5 31 3 0 41.0513436794281006
1 2 7 0 2 7 1 2 7 5 31 3 0 2 7 0 2 7 16 31 2 17 9 2 0 2 7 12 16 2 0 2 7 0 2 7 0 2 7 1 2 4 0 2 7 1 2 4 1 2 7 0 2 7 5 31 3 17 9 2 0 2 7 0 2 7 0 2 7 0 2 7 1 2 7 0 2 7 1 2 7 16 6 2 1 2 7 0 2 7 1 2 7 0 2 7 0 2 7 5 30 3 1 2 7 0 2 7 16 6 2 1 2 4 0 2 7 5 31 3 0 40.4265387058258057
1 2 7 0 2 4 1 2 7 5 31 3 0 2 7 0 2 7 16 31 2 17 9 2 0 2 7 12 16 2 0 2 7 0 2 7 0 2 7 1 2 4 0 2 7 1 2 7 1 2 7 0 2 7 5 31 3 17 9 2 0 2 7 0 2 7 0 2 7 0 2 7 1 2 7 0 2 7 1 2 4 16 6 2 1 2 7 0 2 7 1 2 7 1 2 7 0 2 7 5 30 3 0 2 7 0 2 7 16 6 2 1 2 7 0 2 7 5 31 3 0 40.4265387058258057
1 2 7 0 2 4 1 2 7 5 31 3 0 2 7 0 2 7 16 31 2 17 9 2 0 2 7 12 16 2 0 2 7 0 2 7 0 2 7 1 2 4 0 2 7 1 2 7 1 2 7 0 2 7 5 31 3 17 9 2 0 2 7 0 2 7 0 2 7 0 2 7 1 2 7 0 2 7 1 2 4 16 6 2 1 2 7 0 2 7 1 2 7 1 2 7 0 2 7 5 30 3 0 2 7 0 2 7 16 6 2 1 2 7 0 2 7 5 31 3 0 40.4265387058258057
1 2 7 0 2 4 1 2 7 5 31 3 0 2 7 0 2 7 16 31 2 17 9 2 0 2 7 12 16 2 0 2 7 0 2 7 0 2 7 1 2 4 0 2 7 1 2 7 1 2 7 0 2 7 5 31 3 17 9 2 0 2 7 0 2 7 0 2 7 0 2 7 1 2 7 0 2 7 1 2 4 16 6 2 1 2 7 0 2 7 1 2 7 1 2 7 0 2 7 5 30 3 0 2 7 0 2 7 16 6 2 1 2 7 0 2 7 5 31 3 0 40.4265387058258057
1 2 7 0 2 7 1 2 7 5 31 3 0 2 7 0 2 7 16 31 2 17 9 2 0 2 7 12 16 2 0 2 7 0 2 7 0 2 7 0 2 4 1 2 7 1 2 4 1 2 7 0 2 7 5 31 3 17 9 2 0 2 7 0 2 7 0 2 7 0 2 7 1 2 7 0 2 7 1 2 7 16 6 2 1 2 7 0 2 7 1 2 7 0 2 7 0 2 7 5 30 3 1 2 7 0 2 7 16 6 2 1 2 7 0 2 4 5 31 3 0 40.4265387058258057
1 2 7 0 2 7 1 2 4 5 31 3 0 2 7 0 2 4 16 31 2 17 9 2 0 2 7 12 16 2 0 2 7 0 2 7 0 2 7 0 2 7 1 2 7 0 2 7 1 2 7 0 2 7 5 31 3 17 9 2 0 2 7 0 2 7 0 2 7 0 2 7 1 2 7 0 2 7 1 2 7 16 6 2 1 2 7 0 2 7 1 2 7 1 2 7 1 2 7 5 30 3 0 2 7 0 2 7 16 6 2 1 2 7 0 2 4 5 31 3 0 40.4265387058258057
0 2 7 0 2 7 1 2 7 5 31 3 0 2 7 0 2 7 16 31 2 17 9 2 0 2 7 12 16 2 0 2 7 0 2 7 0 2 7 1 2 4 1 2 7 1 2 4 1 2 7 0 2 7 5 31 3 17 9 2 0 2 7 0 2 7 0 2 7 0 2 7 1 2 7 0 2 7 1 2 7 16 6 2 1 2 7 0 2 7 1 2 7 0 2 7 0 2 7 5 30 3 1 2 7 0 2 7 16 6 2 1 2 7 0 2 4 5 31 3 0 40.4265387058258057
1 2 7 0 2 4 1 2 7 5 31 3 0 2 7 0 2 7 16 31 2 17 9 2 0 2 7 12 16 2 0 2 7 0 2 7 1 2 7 0 2 4 0 2 7 1 2 7 1 2 7 0 2 7 5 31 3 17 9 2 0 2 7 0 2 7 0 2 7 0 2 7 1 2 7 0 2 7 1 2 4 16 6 2 1 2 7 0 2 7 1 2 7 1 2 7 0 2 7 5 30 3 0 2 7 0 2 7 16 6 2 1 2 7 0 2 7 5 31 3 0 40.4265387058258057
1 2 7 0 2 4 1 2 7 5 31 3 0 2 7 0 2 7 16 31 2 17 9 2 0 2 7 12 16 2 0 2 7 0 2 7 0 2 7 1 2 4 0 2 7 1 2 7 1 2 7 0 2 7 5 31 3 17 9 2 0 2 7 0 2 7 0 2 7 0 2 7 1 2 7 0 2 7 1 2 4 16 6 2 1 2 7 0 2 7 1 2 7 1 2 7 0 2 7 5 30 3 0 2 7 0 2 7 16 6 2 1 2 7 0 2 7 5 31 3 0 40.4265387058258057
1 2 7 0 2 4 1 2 7 5 31 3 0 2 7 0 2 7 16 31 2 17 9 2 0 2 7 12 16 2 0 2 7 0 2 7 0 2 7 1 2 4 0 2 7 1 2 7 1 2 7 0 2 7 5 31 3 17 9 2 0 2 7 0 2 7 0 2 7 0 2 7 1 2 7 0 2 7 1 2 4 16 6 2 1 2 7 0 2 7 1 2 7 1 2 7 0 2 7 5 30 3 0 2 7 0 2 7 16 6 2 1 2 7 0 2 7 5 31 3 0 40.4265387058258057
1 2 7 0 2 4 1 2 7 5 31 3 0 2 7 0 2 7 16 31 2 17 9 2 0 2 7 12 16 2 0 2 7 0 2 7 0 2 7 1 2 4 0 2 7 1 2 7 1 2 7 0 2 7 5 31 3 17 9 2 0 2 7 0 2 7 0 2 7 0 2 7 1 2 7 0 2 7 1 2 4 16 6 2 1 2 7 0 2 7 1 2 7 1 2 7 0 2 7 5 30 3 0 2 7 0 2 7 16 6 2 1 2 7 0 2 7 5 31 3 0 40.4265387058258057
1 2 7 0 2 4 1 2 7 5 31 3 0 2 7 0 2 7 16 31 2 17 9 2 0 2 7 12 16 2 0 2 7 0 2 7 0 2 7 1 2 4 0 2 7 1 2 7 1 2 7 0 2 7 5 31 3 17 9 2 0 2 7 0 2 7 0 2 7 0 2 7 1 2 7 0 2 7 1 2 4 16 6 2 1 2 7 0 2 7 1 2 7 1 2 7 0 2 7 5 30 3 0 2 7 0 2 7 16 6 2 1 2 7 0 2 7 5 31 3 0 40.4265387058258057
1 2 7 0 2 4 1 2 7 5 31 3 0 2 7 0 2 7 16 31 2 17 9 2 0 2 7 12 16 2 0 2 7 0 2 7 0 2 7 1 2 4 0 2 7 1 2 7 1 2 7 0 2 7 5 31 3 17 9 2 0 2 7 0 2 7 0 2 7 0 2 7 1 2 7 0 2 7 1 2 4 16 6 2 1 2 7 0 2 7 1 2 7 1 2 7 0 2 7 5 30 3 0 2 7 0 2 7 16 6 2 1 2 7 0 2 7 5 31 3 0 40.4265387058258057
1 2 7 0 2 4 1 2 7 5 31 3 0 2 7 0 2 7 16 31 2 17 9 2 0 2 7 12 16 2 0 2 7 0 2 7 0 2 7 1 2 4 0 2 7 1 2 7 1 2 7 0 2 7 5 31 3 17 9 2 0 2 7 0 2 7 0 2 7 0 2 7 1 2 7 0 2 7 1 2 4 16 6 2 1 2 7 0 2 7 1 2 7 1 2 7 0 2 7 5 30 3 0 2 7 0 2 7 16 6 2 1 2 7 0 2 7 5 31 3 0 40.4265387058258057
1 2 7 0 2 7 1 2 7 5 31 3 0 2 7 0 2 7 16 31 2 17 9 2 0 2 7 12 16 2 0 2 7 0 2 7 0 2 7 0 2 4 1 2 7 1 2 4 1 2 7 0 2 7 5 31 3 17 9 2 0 2 7 0 2 7 0 2 7 0 2 7 1 2 7 0 2 7 1 2 7 16 6 2 1 2 7 0 2 7 1 2 7 0 2 7 0 2 7 5 30 3 1 2 7 0 2 7 16 6 2 1 2 7 0 2 4 5 31 3 0 40.4265387058258057
1 2 7 0 2 7 1 2 4 5 31 3 0 2 7 0 2 4 16 31 2 17 9 2 0 2 7 12 16 2 0 2 7 0 2 7 0 2 7 0 2 7 1 2 7 0 2 7 1 2 7 0 2 7 5 31 3 17 9 2 0 2 7 0 2 7 0 2 7 0 2 7 1 2 7 0 2 7 1 2 7 16 6 2 1 2 7 0 2 7 1 2 7 1 2 7 1 2 7 5 30 3 0 2 7 0 2 7 16 6 2 1 2 7 0 2 4 5 31 3 0 40.4265387058258057
0 2 7 0 2 7 1 2 7 5 31 3 0 2 7 0 2 7 16 31 2 17 9 2 0 2 7 12 16 2 0 2 7 0 2 7 0 2 7 1 2 4 1 2 7 1 2 4 1 2 7 0 2 7 5 31 3 17 9 2 0 2 7 0 2 7 0 2 7 0 2 7 1 2 7 0 2 7 1 2 7 16 6 2 1 2 7 0 2 7 1 2 7 0 2 7 0 2 7 5 30 3 1 2 7 0 2 7 16 6 2 1 2 7 0 2 4 5 31 3 0 40.4265387058258057
1 2 7 0 2 4 1 2 7 5 31 3 0 2 7 0 2 7 16 31 2 17 9 2 0 2 7 12 16 2 0 2 7 0 2 7 1 2 7 0 2 4 0 2 7 1 2 7 1 2 7 0 2 7 5 31 3 17 9 2 0 2 7 0 2 7 0 2 7 0 2 7 1 2 7 0 2 7 1 2 4 16 6 2 1 2 7 0 2 7 1 2 7 1 2 7 0 2 7 5 30 3 0 2 7 0 2 7 16 6 2 1 2 7 0 2 7 5 31 3 0 40.4265387058258057
1 2 7 0 2 4 1 2 7 5 31 3 0 2 7 0 2 7 16 31 2 17 9 2 0 2 7 12 16 2 0 2 7 0 2 7 0 2 7 1 2 4 0 2 7 1 2 7 1 2 7 0 2 7 5 31 3 17 9 2 0 2 7 0 2 7 0 2 7 0 2 7 1 2 7 0 2 7 1 2 4 16 6 2 1 2 7 0 2 7 1 2 7 1 2 7 0 2 7 5 30 3 0 2 7 0 2 7 16 6 2 1 2 7 0 2 7 5 31 3 0 40.4265387058258057
1 2 7 0 2 4 1 2 7 5 31 3 0 2 7 0 2 7 16 31 2 17 9 2 0 2 7 12 16 2 0 2 7 0 2 7 0 2 7 1 2 4 0 2 7 1 2 7 1 2 7 0 2 7 5 31 3 17 9 2 0 2 7 0 2 7 0 2 7 0 2 7 1 2 7 0 2 7 1 2 4 16 6 2 1 2 7 0 2 7 1 2 7 1 2 7 0 2 7 5 30 3 0 2 7 0 2 7 16 6 2 1 2 7 0 2 7 5 31 3 0 40.4265387058258057
1 2 7 0 2 4 1 2 7 5 31 3 0 2 7 0 2 7 16 31 2 17 9 2 0 2 7 12 16 2 0 2 7 0 2 7 0 2 7 1 2 4 0 2 7 1 2 7 1 2 7 0 2 7 5 31 3 17 9 2 0 2 7 0 2 7 0 2 7 0 2 7 1 2 7 0 2 7 1 2 4 16 6 2 1 2 7 0 2 7 1 2 7 1 2 7 0 2 7 5 30 3 0 2 7 0 2 7 16 6 2 1 2 7 0 2 7 5 31 3 0 40.4265387058258057
1 2 7 0 2 4 1 2 7 5 31 3 0 2 7 0 2 7 16 31 2 17 9 2 0 2 7 12 16 2 0 2 7 0 2 7 0 2 7 1 2 4 0 2 7 1 2 7 1 2 7 0 2 7 5 31 3 17 9 2 0 2 7 0 2 7 0 2 7 0 2 7 1 2 7 0 2 7 1 2 4 16 6 2 1 2 7 0 2 7 1 2 7 1 2 7 0 2 7 5 30 3 0 2 7 0 2 7 16 6 2 1 2 7 0 2 7 5 31 3 0 40.4265387058258057
1 2 7 0 2 4 1 2 7 5 31 3 0 2 7 0 2 7 16 31 2 17 9 2 0 2 7 12 16 2 0 2 7 0 2 7 0 2 7 1 2 4 0 2 7 1 2 7 1 2 7 0 2 7 5 31 3 17 9 2 0 2 7 0 2 7 0 2 7 0 2 7 1 2 7 0 2 7 1 2 4 16 6 2 1 2 7 0 2 7 1 2 7 1 2 7 0 2 7 5 30 3 0 2 7 0 2 7 16 6 2 1 2 7 0 2 7 5 31 3 0 40.4265387058258057
1 2 7 0 2 4 1 2 7 5 31 3 0 2 7 0 2 7 16 31 2 17 9 2 0 2 7 12 16 2 0 2 7 0 2 7 0 2 7 1 2 4 0 2 7 1 2 7 1 2 7 0 2 7 5 31 3 17 9 2 0 2 7 0 2 7 0 2 7 0 2 7 1 2 7 0 2 7 1 2 4 16 6 2 1 2 7 0 2 7 1 2 7 1 2 7 0 2 7 5 30 3 0 2 7 0 2 7 16 6 2 1 2 7 0 2 7 5 31 3 0 40.4265387058258057
1 2 7 0 2 7 1 2 7 5 31 3 0 2 7 0 2 7 16 31 2 17 9 2 0 2 7 12 16 2 0 2 7 0 2 7 0 2 7 0 2 4 1 2 7 1 2 4 1 2 7 0 2 7 5 31 3 17 9 2 0 2 7 0 2 7 0 2 7 0 2 7 1 2 7 0 2 7 1 2 7 16 6 2 1 2 7 0 2 7 1 2 7 0 2 7 0 2 7 5 30 3 1 2 7 0 2 7 16 6 2 1 2 7 0 2 4 5 31 3 0 40.4265387058258057
1 2 7 0 2 7 1 2 4 5 31 3 0 2 7 0 2 4 16 31 2 17 9 2 0 2 7 12 16 2 0 2 7 0 2 7 0 2 7 0 2 7 1 2 7 0 2 7 1 2 7 0 2 7 5 31 3 17 9 2 0 2 7 0 2 7 0 2 7 0 2 7 1 2 7 0 2 7 1 2 7 16 6 2 1 2 7 0 2 7 1 2 7 1 2 7 1 2 7 5 30 3 0 2 7 0 2 7 16 6 2 1 2 7 0 2 4 5 31 3 0 40.4265387058258057
0 2 7 0 2 7 1 2 7 5 31 3 0 2 7 0 2 7 16 31 2 17 9 2 0 2 7 12 16 2 0 2 7 0 2 7 0 2 7 1 2 4 1 2 7 1 2 4 1 2 7 0 2 7 5 31 3 17 9 2 0 2 7 0 2 7 0 2 7 0 2 7 1 2 7 0 2 7 1 2 7 16 6 2 1 2 7 0 2 7 1 2 7 0 2 7 0 2 7 5 30 3 1 2 7 0 2 7 16 6 2 1 2 7 0 2 4 5 31 3 0 40.4265387058258057
1 2 7 0 2 4 1 2 7 5 31 3 0 2 7 0 2 7 16 31 2 17 9 2 0 2 7 12 16 2 0 2 7 0 2 7 1 2 7 0 2 4 0 2 7 1 2 7 1 2 7 0 2 7 5 31 3 17 9 2 0 2 7 0 2 7 0 2 7 0 2 7 1 2 7 0 2 7 1 2 4 16 6 2 1 2 7 0 2 7 1 2 7 1 2 7 0 2 7 5 30 3 0 2 7 0 2 7 16 6 2 1 2 7 0 2 7 5 31 3 0 40.4265387058258057
1 2 7 0 2 4 1 2 7 5 31 3 0 2 7 0 2 7 16 31 2 17 9 2 0 2 7 12 16 2 0 2 7 0 2 7 0 2 7 1 2 4 0 2 7 1 2 7 1 2 7 0 2 7 5 31 3 17 9 2 0 2 7 0 2 7 0 2 7 0 2 7 1 2 7 0 2 7 1 2 4 16 6 2 1 2 7 0 2 7 1 2 7 1 2 7 0 2 7 5 30 3 0 2 7 0 2 7 16 6 2 1 2 7 0 2 7 5 31 3 0 40.4265387058258057
1 2 7 0 2 4 1 2 7 5 31 3 0 2 7 0 2 7 16 31 2 17 9 2 0 2 7 12 16 2 0 2 7 0 2 7 0 2 7 1 2 4 0 2 7 1 2 7 1 2 7 0 2 7 5 31 3 17 9 2 0 2 7 0 2 7 0 2 7 0 2 7 1 2 7 0 2 7 1 2 4 16 6 2 1 2 7 0 2 7 1 2 7 1 2 7 0 2 7 5 30 3 0 2 7 0 2 7 16 6 2 1 2 7 0 2 7 5 31 3 0 40.4265387058258057
1 2 7 0 2 7 1 2 7 5 31 3 0 2 7 0 2 7 16 31 2 17 9 2 1 2 7 1 2 7 0 2 7 0 2 7 0 2 7 1 2 7 0 2 7 0 2 7 1 2 7 0 2 7 5 31 3 17 9 2 0 2 7 0 2 7 0 2 7 0 2 7 1 2 7 0 2 7 1 2 7 16 6 2 1 2 7 0 2 7 1 2 7 1 2 7 0 2 7 5 30 3 0 2 7 0 2 7 16 6 2 0 2 7 0 2 7 5 31 3 0 40.3387407064437866
0 2 7 0 2 7 1 2 7 5 31 3 0 2 7 1 2 7 16 6 2 17 9 2 0 2 7 0 2 7 0 2 7 1 2 7 0 2 7 1 2 7 0 2 7 1 2 7 1 2 7 0 2 7 5 31 3 17 9 2 0 2 7 0 2 7 0 2 7 0 2 7 0 2 7 0 2 7 1 2 7 16 6 2 1 2 7 0 2 7 1 2 7 1 2 7 0 2 7 5 30 3 0 2 7 0 2 7 16 31 2 1 2 7 0 2 7 5 31 3 0 40.3387407064437866
1 2 7 0 2 7 1 2 7 5 31 3 0 2 7 0 2 7 16 31 2 17 9 2 1 2 7 0 2 7 0 2 7 0 2 7 0 2 7 1 2 7 0 2 7 1 2 7 1 2 7 0 2 7 5 31 3 17 9 2 0 2 7 0 2 7 0 2 7 0 2 7 0 2 7 0 2 7 1 2 7 16 6 2 1 2 7 0 2 7 1 2 7 1 2 7 0 2 7 5 30 3 0 2 7 0 2 7 16 6 2 1 2 7 0 2 7 5 31 3 0 40.3387407064437866
0 2 7 0 2 7 1 2 7 5 31 3 0 2 7 1 2 7 16 6 2 17 9 2 0 2 7 0 2 7 0 2 7 1 2 7 0 2 7 1 2 7 0 2 7 1 2 7 1 2 7 0 2 7 5 31 3 17 9 2 0 2 7 0 2 7 0 2 7 0 2 7 1 2 7 0 2 7 1 2 7 16 6 2 1 2 7 0 2 7 1 2 7 1 2 7 0 2 7 5 30 3 0 2 7 0 2 7 16 31 2 0 2 7 0 2 7 5 31 3 0 40.3387407064437866
0 2 7 0 2 7 1 2 7 5 31 3 0 2 7 1 2 7 16 6 2 17 9 2 0 2 7 0 2 7 0 2 7 1 2 7 0 2 7 1 2 7 0 2 7 1 2 7 1 2 7 0 2 7 5 31 3 17 9 2 0 2 7 0 2 7 0 2 7 0 2 7 0 2 7 0 2 7 1 2 7 16 6 2 1 2 7 0 2 7 1 2 7 1 2 7 0 2 7 5 30 3 0 2 7 0 2 7 16 31 2 1 2 7 0 2 7 5 31 3 0 40.3387407064437866
0 2 7 0 2 7 1 2 7 5 31 3 0 2 7 1 2 7 16 6 2 17 9 2 0 2 7 0 2 7 0 2 7 1 2 7 0 2 7 1 2 7 0 2 7 1 2 7 1 2 7 0 2 7 5 31 3 17 9 2 0 2 7 0 2 7 0 2 7 0 2 7 0 2 7 0 2 7 1 2 7 16 6 2 1 2 7 0 2 7 1 2 7 1 2 7 0 2 7 5 30 3 0 2 7 0 2 7 16 31 2 1 2 7 0 2 7 5 31 3 0 40.3387407064437866
0 2 7 0 2 7 1 2 7 5 31 3 0 2 7 1 2 7 16 6 2 17 9 2 0 2 7 0 2 7 0 2 7 1 2 7 0 2 7 1 2 7 0 2 7 1 2 7 1 2 7 0 2 7 5 31 3 17 9 2 0 2 7 0 2 7 0 2 7 0 2 7 0 2 7 0 2 7 1 2 7 16 6 2 1 2 7 0 2 7 1 2 7 1 2 7 0 2 7 5 30 3 0 2 7 0 2 7 16 31 2 1 2 7 0 2 7 5 31 3 0 40.3387407064437866
0 2 7 0 2 7 1 2 7 5 31 3 0 2 7 1 2 7 16 6 2 17 9 2 0 2 7 0 2 7 0 2 7 1 2 7 0 2 7 1 2 7 0 2 7 1 2 7 1 2 7 0 2 7 5 31 3 17 9 2 0 2 7 0 2 7 0 2 7 0 2 7 0 2 7 0 2 7 1 2 7 16 6 2 1 2 7 0 2 7 1 2 7 1 2 7 0 2 7 5 30 3 0 2 7 0 2 7 16 31 2 1 2 7 0 2 7 5 31 3 0 40.3387407064437866
1 2 7 0 2 7 1 2 7 5 31 3 0 2 7 0 2 7 16 31 2 17 9 2 1 2 7 1 2 7 0 2 7 0 2 7 0 2 7 0 2 7 1 2 7 0 2 7 1 2 7 0 2 7 5 31 3 17 9 2 0 2 7 0 2 7 0 2 7 0 2 7 1 2 7 0 2 7 1 2 7 16 6 2 1 2 7 0 2 7 1 2 7 0 2 7 0 2 7 5 30 3 0 2 7 0 2 7 16 6 2 1 2 7 0 2 7 5 31 3 0 40.3387407064437866
1 2 7 0 2 7 1 2 7 5 31 3 0 2 7 0 2 7 16 31 2 17 9 2 1 2 7 0 2 7 0 2 7 0 2 7 0 2 7 1 2 7 0 2 7 1 2 7 1 2 7 0 2 7 5 31 3 17 9 2 0 2 7 0 2 7 0 2 7 0 2 7 1 2 7 0 2 7 1 2 7 16 6 2 1 2 7 0 2 7 1 2 7 1 2 7 0 2 7 5 30 3 0 2 7 0 2 7 16 6 2 0 2 7 0 2 7 5 31 3 0 40.3387407064437866
1 2 7 0 2 7 1 2 7 5 31 3 0 2 7 0 2 7 16 6 2 17 9 2 0 2 7 0 2 7 0 2 7 1 2 7 0 2 7 1 2 7 0 2 7 1 2 7 1 2 7 0 2 7 5 31 3 17 9 2 0 2 7 0 2 7 0 2 7 0 2 7 0 2 7 0 2 7 1 2 7 16 6 2 1 2 7 0 2 7 1 2 7 1 2 7 0 2 7 5 30 3 0 2 7 0 2 7 16 31 2 1 2 7 0 2 7 5 31 3 0 40.3387407064437866
0 2 7 0 2 7 1 2 7 5 31 3 0 2 7 1 2 7 16 6 2 17 9 2 0 2 7 0 2 7 0 2 7 1 2 7 0 2 7 1 2 7 0 2 7 1 2 7 1 2 7 0 2 7 5 31 3 17 9 2 0 2 7 0 2 7 0 2 7 0 2 7 0 2 7 0 2 7 1 2 7 16 6 2 1 2 7 0 2 7 1 2 7 1 2 7 0 2 7 5 30 3 0 2 7 0 2 7 16 31 2 1 2 7 0 2 7 5 31 3 0 40.3387407064437866
1 2 7 0 2 7 1 2 7 5 31 3 0 2 7 0 2 7 16 31 2 17 9 2 1 2 7 0 2 7 0 2 7 0 2 7 0 2 7 1 2 7 0 2 7 1 2 7 1 2 7 0 2 7 5 31 3 17 9 2 0 2 7 0 2 7 0 2 7 0 2 7 0 2 7 0 2 7 1 2 7 16 6 2 1 2 7 0 2 7 1 2 7 1 2 7 0 2 7 5 30 3 0 2 7 0 2 7 16 6 2 1 2 7 0 2 7 5 31 3 0 40.3387407064437866
0 2 7 0 2 7 1 2 7 5 31 3 0 2 7 1 2 7 16 6 2 17 9 2 0 2 7 0 2 7 0 2 7 1 2 7 0 2 7 1 2 7 0 2 7 1 2 7 1 2 7 0 2 7 5 31 3 17 9 2 0 2 7 0 2 7 0 2 7 0 2 7 1 2 7 0 2 7 1 2 7 16 6 2 1 2 7 0 2 7 1 2 7 1 2 7 0 2 7 5 30 3 0 2 7 0 2 7 16 31 2 0 2 7 0 2 7 5 31 3 0 40.3387407064437866
0 2 7 0 2 7 1 2 7 5 31 3 0 2 7 1 2 7 16 6 2 17 9 2 0 2 7 0 2 7 0 2 7 1 2 7 0 2 7 1 2 7 0 2 7 1 2 7 1 2 7 0 2 7 5 31 3 17 9 2 0 2 7 0 2 7 0 2 7 0 2 7 0 2 7 0 2 7 1 2 7 16 6 2 1 2 7 0 2 7 1 2 7 1 2 7 0 2 7 5 30 3 0 2 7 0 2 7 16 31 2 1 2 7 0 2 7 5 31 3 0 40.3387407064437866
0 2 7 0 2 7 1 2 7 5 31 3 0 2 7 1 2 7 16 6 2 17 9 2 0 2 7 0 2 7 0 2 7 1 2 7 0 2 7 1 2 7 0 2 7 1 2 7 1 2 7 0 2 7 5 31 3 17 9 2 0 2 7 0 2 7 0 2 7 0 2 7 0 2 7 0 2 7 1 2 7 16 6 2 1 2 7 0 2 7 1 2 7 1 2 7 0 2 7 5 30 3 0 2 7 0 2 7 16 31 2 1 2 7 0 2 7 5 31 3 0 40.3387407064437866
0 2 7 0 2 7 1 2 7 5 31 3 0 2 7 1 2 7 16 6 2 17 9 2 0 2 7 0 2 7 0 2 7 1 2 7 0 2 7 1 2 7 0 2 7 1 2 7 1 2 7 0 2 7 5 31 3 17 9 2 0 2 7 0 2 7 0 2 7 0 2 7 0 2 7 0 2 7 1 2 7 16 6 2 1 2 7 0 2 7 1 2 7 1 2 7 0 2 7 5 30 3 0 2 7 0 2 7 16 31 2 1 2 7 0 2 7 5 31 3 0 40.3387407064437866
0 2 7 0 2 7 1 2 7 5 31 3 0 2 7 1 2 7 16 6 2 17 9 2 0 2 7 0 2 7 0 2 7 1 2 7 0 2 7 1 2 7 0 2 7 1 2 7 1 2 7 0 2 7 5 31 3 17 9 2 0 2 7 0 2 7 0 2 7 0 2 7 0 2 7 0 2 7 1 2 7 16 6 2 1 2 7 0 2 7 1 2 7 1 2 7 0 2 7 5 30 3 0 2 7 0 2 7 16 31 2 1 2 7 0 2 7 5 31 3 0 40.3387407064437866
1 2 7 0 2 7 1 2 7 5 31 3 0 2 7 0 2 7 16 31 2 17 9 2 1 2 7 1 2 7 0 2 7 0 2 7 0 2 7 0 2 7 1 2 7 0 2 7 1 2 7 0 2 7 5 31 3 17 9 2 0 2 7 0 2 7 0 2 7 0 2 7 1 2 7 0 2 7 1 2 7 16 6 2 1 2 7 0 2 7 1 2 7 0 2 7 0 2 7 5 30 3 0 2 7 0 2 7 16 6 2 1 2 7 0 2 7 5 31 3 0 40.3387407064437866
1 2 7 0 2 7 1 2 7 5 31 3 0 2 7 0 2 7 16 31 2 17 9 2 1 2 7 0 2 7 0 2 7 0 2 7 0 2 7 1 2 7 0 2 7 1 2 7 1 2 7 0 2 7 5 31 3 17 9 2 0 2 7 0 2 7 0 2 7 0 2 7 1 2 7 0 2 7 1 2 7 16 6 2 1 2 7 0 2 7 1 2 7 1 2 7 0 2 7 5 30 3 0 2 7 0 2 7 16 6 2 0 2 7 0 2 7 5 31 3 0 40.3387407064437866
1 2 7 0 2 7 1 2 7 5 31 3 0 2 7 0 2 7 16 31 2 17 9 2 1 2 7 0 2 7 0 2 7 0 2 7 0 2 7 1 2 7 0 2 7 1 2 7 1 2 7 0 2 7 5 31 3 17 9 2 0 2 7 0 2 7 0 2 7 0 2 7 0 2 7 0 2 7 1 2 7 16 6 2 1 2 7 0 2 7 1 2 7 1 2 7 0 2 7 5 30 3 0 2 7 0 2 7 16 6 2 1 2 7 0 2 7 5 31 3 0 40.3387407064437866
0 2 7 0 2 7 1 2 7 5 31 3 0 2 7 1 2 7 16 6 2 17 9 2 0 2 7 0 2 7 0 2 7 1 2 7 0 2 7 1 2 7 0 2 7 1 2 7 1 2 7 0 2 7 5 31 3 17 9 2 0 2 7 0 2 7 0 2 7 0 2 7 0 2 7 0 2 7 1 2 7 16 6 2 1 2 7 0 2 7 1 2 7 1 2 7 0 2 7 5 30 3 0 2 7 0 2 7 16 31 2 1 2 7 0 2 7 5 31 3 0 40.3387407064437866
1 2 7 0 2 7 1 2 7 5 31 3 0 2 7 0 2 7 16 31 2 17 9 2 1 2 7 0 2 7 0 2 7 0 2 7 0 2 7 1 2 7 0 2 7 1 2 7 1 2 7 0 2 7 5 31 3 17 9 2 0 2 7 0 2 7 0 2 7 0 2 7 0 2 7 0 2 7 1 2 7 16 6 2 1 2 7 0 2 7 1 2 7 1 2 7 0 2 7 5 30 3 0 2 7 0 2 7 16 6 2 1 2 7 0 2 7 5 31 3 0 40.3387407064437866
0 2 7 0 2 7 1 2 7 5 31 3 0 2 7 1 2 7 16 6 2 17 9 2 0 2 7 0 2 7 0 2 7 1 2 7 0 2 7 1 2 7 0 2 7 1 2 7 1 2 7 0 2 7 5 31 3 17 9 2 0 2 7 0 2 7 0 2 7 0 2 7 1 2 7 0 2 7 1 2 7 16 6 2 1 2 7 0 2 7 1 2 7 1 2 7 0 2 7 5 30 3 0 2 7 0 2 7 16 31 2 0 2 7 0 2 7 5 31 3 0 40.3387407064437866
0 2 7 0 2 7 1 2 7 5 31 3 0 2 7 1 2 7 16 6 2 17 9 2 0 2 7 0 2 7 0 2 7 1 2 7 0 2 7 1 2 7 0 2 7 1 2 7 1 2 7 0 2 7 5 31 3 17 9 2 0 2 7 0 2 7 0 2 7 0 2 7 0 2 7 0 2 7 1 2 7 16 6 2 1 2 7 0 2 7 1 2 7 1 2 7 0 2 7 5 30 3 0 2 7 0 2 7 16 31 2 1 2 7 0 2 7 5 31 3 0 40.3387407064437866
0 2 7 0 2 7 1 2 7 5 31 3 0 2 7 1 2 7 16 6 2 17 9 2 0 2 7 0 2 7 0 2 7 1 2 7 0 2 7 1 2 7 0 2 7 1 2 7 1 2 7 0 2 7 5 31 3 17 9 2 0 2 7 0 2 7 0 2 7 0 2 7 0 2 7 0 2 7 1 2 7 16 6 2 1 2 7 0 2 7 1 2 7 1 2 7 0 2 7 5 30 3 0 2 7 0 2 7 16 31 2 1 2 7 0 2 7 5 31 3 0 40.3387407064437866
0 2 7 0 2 7 1 2 7 5 31 3 0 2 7 1 2 7 16 6 2 17 9 2 0 2 7 0 2 7 0 2 7 1 2 7 0 2 7 1 2 7 0 2 7 1 2 7 1 2 7 0 2 7 5 31 3 17 9 2 0 2 7 0 2 7 0 2 7 0 2 7 0 2 7 0 2 7 1 2 7 16 6 2 1 2 7 0 2 7 1 2 7 1 2 7 0 2 7 5 30 3 0 2 7 0 2 7 16 31 2 1 2 7 0 2 7 5 31 3 0 40.3387407064437866
0 2 7 0 2 7 1 2 7 5 31 3 0 2 7 1 2 7 16 6 2 17 9 2 0 2 7 0 2 7 0 2 7 1 2 7 0 2 7 1 2 7 0 2 7 1 2 7 1 2 7 0 2 7 5 31 3 17 9 2 0 2 7 0 2 7 0 2 7 0 2 7 0 2 7 0 2 7 1 2 7 16 6 2 1 2 7 0 2 7 1 2 7 1 2 7 0 2 7 5 30 3 0 2 7 0 2 7 16 31 2 1 2 7 0 2 7 5 31 3 0 40.3387407064437866
1 2 7 0 2 7 1 2 7 5 31 3 0 2 7 0 2 7 16 31 2 17 9 2 1 2 7 1 2 7 0 2 7 0 2 7 0 2 7 0 2 7 1 2 7 0 2 7 1 2 7 0 2 7 5 31 3 17 9 2 0 2 7 0 2 7 0 2 7 0 2 7 1 2 7 0 2 7 1 2 7 16 6 2 1 2 7 0 2 7 1 2 7 0 2 7 0 2 7 5 30 3 0 2 7 0 2 7 16 6 2 1 2 7 0 2 7 5 31 3 0 40.3387407064437866
1 2 7 0 2 7 1 2 7 5 31 3 0 2 7 0 2 7 16 31 2 17 9 2 1 2 7 0 2 7 0 2 7 0 2 7 0 2 7 1 2 7 0 2 7 1 2 7 1 2 7 0 2 7 5 31 3 17 9 2 0 2 7 0 2 7 0 2 7 0 2 7 1 2 7 0 2 7 1 2 7 16 6 2 1 2 7 0 2 7 1 2 7 1 2 7 0 2 7 5 30 3 0 2 7 0 2 7 16 6 2 0 2 7 0 2 7 5 31 3 0 40.3387407064437866
1 2 7 0 2 7 1 2 7 5 31 3 0 2 7 0 2 7 16 31 2 17 9 2 1 2 7 0 2 7 0 2 7 0 2 7 0 2 7 1 2 7 0 2 7 1 2 7 1 2 7 0 2 7 5 31 3 17 9 2 0 2 7 0 2 7 0 2 7 0 2 7 0 2 7 0 2 7 1 2 7 16 6 2 1 2 7 0 2 7 1 2 7 1 2 7 0 2 7 5 30 3 0 2 7 0 2 7 16 6 2 1 2 7 0 2 7 5 31 3 0 40.3387407064437866
0 2 7 0 2 7 1 2 7 5 31 3 0 2 7 1 2 7 16 6 2 17 9 2 0 2 7 0 2 7 0 2 7 1 2 7 0 2 7 1 2 7 0 2 7 1 2 7 1 2 7 0 2 7 5 31 3 17 9 2 0 2 7 0 2 7 0 2 7 0 2 7 0 2 7 0 2 7 1 2 7 16 6 2 1 2 7 0 2 7 1 2 7 1 2 7 0 2 7 5 30 3 0 2 7 0 2 7 16 31 2 1 2 7 0 2 7 5 31 3 0 40.3387407064437866
1 2 7 0 2 7 1 2 7 5 31 3 0 2 7 0 2 7 16 31 2 17 9 2 1 2 7 0 2 7 0 2 7 0 2 7 0 2 7 1 2 7 0 2 7 1 2 7 1 2 7 0 2 7 5 31 3 17 9 2 0 2 7 0 2 7 0 2 7 0 2 7 0 2 7 0 2 7 1 2 7 16 6 2 1 2 7 0 2 7 1 2 7 1 2 7 0 2 7 5 30 3 0 2 7 0 2 7 16 6 2 1 2 7 0 2 7 5 31 3 0 40.3387407064437866
0 2 7 0 2 7 1 2 7 5 31 3 0 2 7 1 2 7 16 6 2 17 9 2 0 2 7 0 2 7 0 2 7 1 2 7 0 2 7 1 2 7 0 2 7 1 2 7 1 2 7 0 2 7 5 31 3 17 9 2 0 2 7 0 2 7 0 2 7 0 2 7 1 2 7 0 2 7 1 2 7 16 6 2 1 2 7 0 2 7 1 2 7 1 2 7 0 2 7 5 30 3 0 2 7 0 2 7 16 31 2 0 2 7 0 2 7 5 31 3 0 40.3387407064437866
0 2 7 0 2 7 1 2 7 5 31 3 0 2 7 1 2 7 16 6 2 17 9 2 0 2 7 0 2 7 0 2 7 1 2 7 0 2 7 1 2 7 0 2 7 1 2 7 1 2 7 0 2 7 5 31 3 17 9 2 0 2 7 0 2 7 0 2 7 0 2 7 0 2 7 0 2 7 1 2 7 16 6 2 1 2 7 0 2 7 1 2 7 1 2 7 0 2 7 5 30 3 0 2 7 0 2 7 16 31 2 1 2 7 0 2 7 5 31 3 0 40.3387407064437866
0 2 7 0 2 7 1 2 7 5 31 3 0 2 7 1 2 7 16 6 2 17 9 2 0 2 7 0 2 7 0 2 7 1 2 7 0 2 7 1 2 7 0 2 7 1 2 7 1 2 7 0 2 7 5 31 3 17 9 2 0 2 7 0 2 7 0 2 7 0 2 7 0 2 7 0 2 7 1 2 7 16 6 2 1 2 7 0 2 7 1 2 7 1 2 7 0 2 7 5 30 3 0 2 7 0 2 7 16 31 2 1 2 7 0 2 7 5 31 3 0 40.3387407064437866
0 2 7 0 2 7 1 2 7 5 31 3 0 2 7 1 2 7 16 6 2 17 9 2 0 2 7 0 2 7 0 2 7 1 2 7 0 2 7 1 2 7 0 2 7 1 2 7 1 2 7 0 2 7 5 31 3 17 9 2 0 2 7 0 2 7 0 2 7 0 2 7 0 2 7 0 2 7 1 2 7 16 6 2 1 2 7 0 2 7 1 2 7 1 2 7 0 2 7 5 30 3 0 2 7 0 2 7 16 31 2 1 2 7 0 2 7 5 31 3 0 40.3387407064437866
0 2 7 0 2 7 1 2 7 5 31 3 0 2 7 1 2 7 16 6 2 17 9 2 0 2 7 0 2 7 0 2 7 1 2 7 0 2 7 1 2 7 0 2 7 1 2 7 1 2 7 0 2 7 5 31 3 17 9 2 0 2 7 0 2 7 0 2 7 0 2 7 0 2 7 0 2 7 1 2 7 16 6 2 1 2 7 0 2 7 1 2 7 1 2 7 0 2 7 5 30 3 0 2 7 0 2 7 16 31 2 1 2 7 0 2 7 5 31 3 0 40.3387407064437866
1 2 7 0 2 7 1 2 7 5 31 3 0 2 7 0 2 7 16 31 2 17 9 2 1 2 7 1 2 7 0 2 7 0 2 7 0 2 7 0 2 7 1 2 7 0 2 7 1 2 7 0 2 7 5 31 3 17 9 2 0 2 7 0 2 7 0 2 7 0 2 7 1 2 7 0 2 7 1 2 7 16 6 2 1 2 7 0 2 7 1 2 7 0 2 7 0 2 7 5 30 3 0 2 7 0 2 7 16 6 2 1 2 7 0 2 7 5 31 3 0 40.3387407064437866
1 2 7 0 2 7 1 2 7 5 31 3 0 2 7 0 2 7 16 31 2 17 9 2 1 2 7 0 2 7 0 2 7 0 2 7 0 2 7 1 2 7 0 2 7 1 2 7 1 2 7 0 2 7 5 31 3 17 9 2 0 2 7 0 2 7 0 2 7 0 2 7 1 2 7 0 2 7 1 2 7 16 6 2 1 2 7 0 2 7 1 2 7 1 2 7 0 2 7 5 30 3 0 2 7 0 2 7 16 6 2 0 2 7 0 2 7 5 31 3 0 40.3387407064437866
0 2 7 0 2 7 1 2 7 5 31 3 0 2 7 0 2 7 16 31 2 17 9 2 0 2 7 0 2 7 0 2 7 1 2 7 0 2 7 1 2 7 0 2 7 1 2 7 1 2 7 0 2 7 5 31 3 17 9 2 0 2 7 0 2 7 0 2 7 0 2 7 1 2 7 0 2 7 1 2 7 16 6 2 1 2 7 0 2 7 1 2 7 1 2 7 0 2 7 5 30 3 0 2 7 0 2 7 16 6 2 1 2 7 0 2 7 5 31 3 0 40.3387407064437866
0 2 7 0 2 7 1 2 7 5 31 3 0 2 7 1 2 7 16 6 2 17 9 2 0 2 7 0 2 7 0 2 7 1 2 7 0 2 7 1 2 7 0 2 7 1 2 7 1 2 7 0 2 7 5 31 3 17 9 2 0 2 7 0 2 7 0 2 7 0 2 7 0 2 7 0 2 7 1 2 7 16 6 2 1 2 7 0 2 7 1 2 7 1 2 7 0 2 7 5 30 3 0 2 7 0 2 7 16 31 2 1 2 7 0 2 7 5 31 3 0 40.3387407064437866
1 2 7 0 2 7 1 2 7 5 31 3 0 2 7 0 2 7 16 31 2 17 9 2 1 2 7 0 2 7 0 2 7 0 2 7 0 2 7 1 2 7 0 2 7 1 2 7 1 2 7 0 2 7 5 31 3 17 9 2 0 2 7 0 2 7 0 2 7 0 2 7 0 2 7 0 2 7 1 2 7 16 6 2 1 2 7 0 2 7 1 2 7 1 2 7 0 2 7 5 30 3 0 2 7 0 2 7 16 6 2 1 2 7 0 2 7 5 31 3 0 40.3387407064437866
0 2 7 0 2 7 1 2 7 5 31 3 0 2 7 1 2 7 16 6 2 17 9 2 0 2 7 0 2 7 0 2 7 1 2 7 0 2 7 1 2 7 0 2 7 1 2 7 1 2 7 0 2 7 5 31 3 17 9 2 0 2 7 0 2 7 0 2 7 0 2 7 1 2 7 0 2 7 1 2 7 16 6 2 1 2 7 0 2 7 1 2 7 1 2 7 0 2 7 5 30 3 0 2 7 0 2 7 16 31 2 0 2 7 0 2 7 5 31 3 0 40.3387407064437866
0 2 7 0 2 7 1 2 7 5 31 3 0 2 7 1 2 7 16 6 2 17 9 2 0 2 7 0 2 7 0 2 7 1 2 7 0 2 7 1 2 7 0 2 7 1 2 7 1 2 7 0 2 7 5 31 3 17 9 2 0 2 7 0 2 7 0 2 7 0 2 7 0 2 7 0 2 7 1 2 7 16 6 2 1 2 7 0 2 7 1 2 7 1 2 7 0 2 7 5 30 3 0 2 7 0 2 7 16 31 2 1 2 7 0 2 7 5 31 3 0 40.3387407064437866
0 2 7 0 2 7 1 2 7 5 31 3 0 2 7 1 2 7 16 6 2 17 9 2 0 2 7 0 2 7 0 2 7 1 2 7 0 2 7 1 2 7 0 2 7 1 2 7 1 2 7 0 2 7 5 31 3 17 9 2 0 2 7 0 2 7 0 2 7 0 2 7 0 2 7 0 2 7 1 2 7 16 6 2 1 2 7 0 2 7 1 2 7 1 2 7 0 2 7 5 30 3 0 2 7 0 2 7 16 31 2 1 2 7 0 2 7 5 31 3 0 40.3387407064437866
0 2 7 0 2 7 1 2 7 5 31 3 0 2 7 1 2 7 16 6 2 17 9 2 0 2 7 0 2 7 0 2 7 1 2 7 0 2 7 1 2 7 0 2 7 1 2 7 1 2 7 0 2 7 5 31 3 17 9 2 0 2 7 0 2 7 0 2 7 0 2 7 0 2 7 0 2 7 1 2 7 16 6 2 1 2 7 0 2 7 1 2 7 1 2 7 0 2 7 5 30 3 0 2 7 0 2 7 16 31 2 1 2 7 0 2 7 5 31 3 0 40.3387407064437866
0 2 7 0 2 7 1 2 7 5 31 3 0 2 7 1 2 7 16 6 2 17 9 2 0 2 7 0 2 7 0 2 7 1 2 7 0 2 7 1 2 7 0 2 7 1 2 7 1 2 7 0 2 7 5 31 3 17 9 2 0 2 7 0 2 7 0 2 7 0 2 7 0 2 7 0 2 7 1 2 7 16 6 2 1 2 7 0 2 7 1 2 7 1 2 7 0 2 7 5 30 3 0 2 7 0 2 7 16 31 2 1 2 7 0 2 7 5 31 3 0 40.3387407064437866
1 2 7 0 2 7 1 2 7 5 31 3 0 2 7 0 2 7 16 31 2 17 9 2 1 2 7 1 2 7 0 2 7 0 2 7 0 2 7 0 2 7 1 2 7 0 2 7 1 2 7 0 2 7 5 31 3 17 9 2 0 2 7 0 2 7 0 2 7 0 2 7 1 2 7 0 2 7 1 2 7 16 6 2 1 2 7 0 2 7 1 2 7 0 2 7 0 2 7 5 30 3 0 2 7 0 2 7 16 6 2 1 2 7 0 2 7 5 31 3 0 40.3387407064437866
1 2 7 0 2 7 1 2 7 5 31 3 0 2 7 0 2 7 16 31 2 17 9 2 1 2 7 0 2 7 0 2 7 0 2 7 0 2 7 1 2 7 0 2 7 1 2 7 1 2 7 0 2 7 5 31 3 17 9 2 0 2 7 0 2 7 0 2 7 0 2 7 1 2 7 0 2 7 1 2 7 16 6 2 1 2 7 0 2 7 1 2 7 1 2 7 0 2 7 5 30 3 0 2 7 0 2 7 16 6 2 0 2 7 0 2 7 5 31 3 0 40.3387407064437866
0 2 7 0 2 7 1 2 7 5 31 3 0 2 7 1 2 7 16 6 2 17 9 2 0 2 7 0 2 7 0 2 7 1 2 7 0 2 7 1 2 7 0 2 7 1 2 7 1 2 7 0 2 7 5 31 3 17 9 2 0 2 7 0 2 7 0 2 7 0 2 7 1 2 7 0 2 7 1 2 7 16 6 2 1 2 7 0 2 7 1 2 7 1 2 7 0 2 7 5 30 3 0 2 7 0 2 7 16 31 2 0 2 7 0 2 7 5 31 3 0 40.3387407064437866
0 2 7 0 2 7 1 2 7 5 31 3 0 2 7 1 2 7 16 6 2 17 9 2 0 2 7 0 2 7 0 2 7 1 2 7 0 2 7 1 2 7 0 2 7 1 2 7 1 2 7 0 2 7 5 31 3 17 9 2 0 2 7 0 2 7 0 2 7 0 2 7 0 2 7 0 2 7 1 2 7 16 6 2 1 2 7 0 2 7 1 2 7 1 2 7 0 2 7 5 30 3 0 2 7 0 2 7 16 31 2 1 2 7 0 2 7 5 31 3 0 40.3387407064437866
1 2 7 0 2 7 1 2 7 5 31 3 0 2 7 0 2 7 16 31 2 17 9 2 1 2 7 0 2 7 0 2 7 0 2 7 0 2 7 1 2 7 0 2 7 1 2 7 1 2 7 0 2 7 5 31 3 17 9 2 0 2 7 0 2 7 0 2 7 0 2 7 0 2 7 0 2 7 1 2 7 16 6 2 1 2 7 0 2 7 1 2 7 1 2 7 0 2 7 5 30 3 0 2 7 0 2 7 16 6 2 1 2 7 0 2 7 5 31 3 0 40.3387407064437866
0 2 7 0 2 7 1 2 7 5 31 3 0 2 7 1 2 7 16 6 2 17 9 2 0 2 7 0 2 7 0 2 7 1 2 7 0 2 7 1 2 7 0 2 7 1 2 7 1 2 7 0 2 7 5 31 3 17 9 2 0 2 7 0 2 7 0 2 7 0 2 7 1 2 7 0 2 7 1 2 7 16 6 2 1 2 7 0 2 7 1 2 7 1 2 7 0 2 7 5 30 3 0 2 7 0 2 7 16 31 2 0 2 7 0 2 7 5 31 3 0 40.3387407064437866
0 2 7 0 2 7 1 2 7 5 31 3 0 2 7 1 2 7 16 6 2 17 9 2 0 2 7 0 2 7 0 2 7 1 2 7 0 2 7 1 2 7 0 2 7 1 2 7 1 2 7 0 2 7 5 31 3 17 9 2 0 2 7 0 2 7 0 2 7 0 2 7 0 2 7 0 2 7 1 2 7 16 6 2 1 2 7 0 2 7 1 2 7 1 2 7 0 2 7 5 30 3 0 2 7 0 2 7 16 31 2 1 2 7 0 2 7 5 31 3 0 40.3387407064437866
0 2 7 0 2 7 1 2 7 5 31 3 0 2 7 1 2 7 16 6 2 17 9 2 0 2 7 0 2 7 0 2 7 1 2 7 0 2 7 1 2 7 0 2 7 1 2 7 1 2 7 0 2 7 5 31 3 17 9 2 0 2 7 0 2 7 0 2 7 0 2 7 0 2 7 0 2 7 1 2 7 16 6 2 1 2 7 0 2 7 1 2 7 1 2 7 0 2 7 5 30 3 0 2 7 0 2 7 16 31 2 1 2 7 0 2 7 5 31 3 0 40.3387407064437866
0 2 7 0 2 7 1 2 7 5 31 3 0 2 7 1 2 7 16 6 2 17 9 2 0 2 7 0 2 7 0 2 7 1 2 7 0 2 7 1 2 7 0 2 7 1 2 7 1 2 7 0 2 7 5 31 3 17 9 2 0 2 7 0 2 7 0 2 7 0 2 7 0 2 7 0 2 7 1 2 7 16 6 2 1 2 7 0 2 7 1 2 7 1 2 7 0 2 7 5 30 3 0 2 7 0 2 7 16 31 2 1 2 7 0 2 7 5 31 3 0 40.3387407064437866
0 2 7 0 2 7 1 2 7 5 31 3 0 2 7 1 2 7 16 6 2 17 9 2 0 2 7 0 2 7 0 2 7 1 2 7 0 2 7 1 2 7 0 2 7 1 2 7 1 2 7 0 2 7 5 31 3 17 9 2 0 2 7 0 2 7 0 2 7 0 2 7 0 2 7 0 2 7 1 2 7 16 6 2 1 2 7 0 2 7 1 2 7 1 2 7 0 2 7 5 30 3 0 2 7 0 2 7 16 31 2 1 2 7 0 2 7 5 31 3 0 40.3387407064437866
1 2 7 0 2 7 1 2 7 5 31 3 0 2 7 0 2 7 16 31 2 17 9 2 1 2 7 1 2 7 0 2 7 0 2 7 0 2 7 0 2 7 1 2 7 0 2 7 1 2 7 0 2 7 5 31 3 17 9 2 0 2 7 0 2 7 0 2 7 0 2 7 1 2 7 0 2 7 1 2 7 16 6 2 1 2 7 0 2 7 1 2 7 0 2 7 0 2 7 5 30 3 0 2 7 0 2 7 16 6 2 1 2 7 0 2 7 5 31 3 0 40.3387407064437866
1 2 7 0 2 7 1 2 7 5 31 3 0 2 7 0 2 7 16 31 2 17 9 2 1 2 7 0 2 7 0 2 7 0 2 7 0 2 7 1 2 7 0 2 7 1 2 7 1 2 7 0 2 7 5 31 3 17 9 2 0 2 7 0 2 7 0 2 7 0 2 7 1 2 7 0 2 7 1 2 7 16 6 2 1 2 7 0 2 7 1 2 7 1 2 7 0 2 7 5 30 3 0 2 7 0 2 7 16 6 2 0 2 7 0 2 7 5 31 3 0 40.3387407064437866
0 2 7 0 2 7 1 2 7 5 31 3 0 2 7 1 2 7 16 6 2 17 9 2 0 2 7 0 2 7 0 2 7 1 2 7 0 2 7 1 2 7 0 2 7 1 2 7 1 2 7 0 2 7 5 31 3 17 9 2 0 2 7 0 2 7 0 2 7 0 2 7 0 2 7 0 2 7 1 2 7 16 6 2 1 2 7 0 2 7 1 2 7 1 2 7 0 2 7 5 30 3 0 2 7 0 2 7 16 31 2 1 2 7 0 2 7 5 31 3 0 40.3387407064437866
0 2 7 0 2 7 1 2 7 5 31 3 0 2 7 1 2 7 16 6 2 17 9 2 0 2 7 0 2 7 0 2 7 1 2 7 0 2 7 1 2 7 0 2 7 1 2 7 1 2 7 0 2 7 5 31 3 17 9 2 0 2 7 0 2 7 0 2 7 0 2 7 0 2 7 0 2 7 1 2 7 16 6 2 1 2 7 0 2 7 1 2 7 1 2 7 0 2 7 5 30 3 0 2 7 0 2 7 16 31 2 1 2 7 0 2 7 5 31 3 0 40.3387407064437866
1 2 7 0 2 7 1 2 7 5 31 3 0 2 7 0 2 7 16 31 2 17 9 2 1 2 7 0 2 7 0 2 7 0 2 7 0 2 7 1 2 7 0 2 7 1 2 7 1 2 7 0 2 7 5 31 3 17 9 2 0 2 7 0 2 7 0 2 7 0 2 7 0 2 7 0 2 7 1 2 7 16 6 2 1 2 7 0 2 7 1 2 7 1 2 7 0 2 7 5 30 3 0 2 7 0 2 7 16 6 2 1 2 7 0 2 7 5 31 3 0 40.3387407064437866
0 2 7 0 2 7 1 2 7 5 31 3 0 2 7 1 2 7 16 6 2 17 9 2 0 2 7 0 2 7 0 2 7 1 2 7 0 2 7 1 2 7 0 2 7 1 2 7 1 2 7 0 2 7 5 31 3 17 9 2 0 2 7 0 2 7 0 2 7 0 2 7 1 2 7 0 2 7 1 2 7 16 6 2 1 2 7 0 2 7 1 2 7 1 2 7 0 2 7 5 30 3 0 2 7 0 2 7 16 31 2 0 2 7 0 2 7 5 31 3 0 40.3387407064437866
0 2 7 0 2 7 1 2 7 5 31 3 0 2 7 1 2 7 16 6 2 17 9 2 0 2 7 0 2 7 0 2 7 1 2 7 0 2 7 1 2 7 0 2 7 1 2 7 1 2 7 0 2 7 5 31 3 17 9 2 0 2 7 0 2 7 0 2 7 0 2 7 0 2 7 0 2 7 1 2 7 16 6 2 1 2 7 0 2 7 1 2 7 1 2 7 0 2 7 5 30 3 0 2 7 0 2 7 16 31 2 1 2 7 0 2 7 5 31 3 0 40.3387407064437866
0 2 7 0 2 7 1 2 7 5 31 3 0 2 7 1 2 7 16 6 2 17 9 2 0 2 7 0 2 7 0 2 7 1 2 7 0 2 7 1 2 7 0 2 7 1 2 7 1 2 7 0 2 7 5 31 3 17 9 2 0 2 7 0 2 7 0 2 7 0 2 7 0 2 7 0 2 7 1 2 7 16 6 2 1 2 7 0 2 7 1 2 7 1 2 7 0 2 7 5 30 3 0 2 7 0 2 7 16 31 2 1 2 7 0 2 7 5 31 3 0 40.3387407064437866
0 2 7 0 2 7 1 2 7 5 31 3 0 2 7 1 2 7 16 6 2 17 9 2 0 2 7 0 2 7 0 2 7 1 2 7 0 2 7 1 2 7 0 2 7 1 2 7 1 2 7 0 2 7 5 31 3 17 9 2 0 2 7 0 2 7 0 2 7 0 2 7 0 2 7 0 2 7 1 2 7 16 6 2 1 2 7 0 2 7 1 2 7 1 2 7 0 2 7 5 30 3 0 2 7 0 2 7 16 31 2 1 2 7 0 2 7 5 31 3 0 40.3387407064437866
0 2 7 0 2 7 1 2 7 5 31 3 0 2 7 1 2 7 16 6 2 17 9 2 0 2 7 0 2 7 0 2 7 1 2 7 0 2 7 1 2 7 0 2 7 1 2 7 1 2 7 0 2 7 5 31 3 17 9 2 0 2 7 0 2 7 0 2 7 0 2 7 0 2 7 0 2 7 1 2 7 16 6 2 1 2 7 0 2 7 1 2 7 1 2 7 0 2 7 5 30 3 0 2 7 0 2 7 16 31 2 1 2 7 0 2 7 5 31 3 0 40.3387407064437866
1 2 7 0 2 7 1 2 7 5 31 3 0 2 7 0 2 7 16 31 2 17 9 2 1 2 7 1 2 7 0 2 7 0 2 7 0 2 7 0 2 7 1 2 7 0 2 7 1 2 7 0 2 7 5 31 3 17 9 2 0 2 7 0 2 7 0 2 7 0 2 7 1 2 7 0 2 7 1 2 7 16 6 2 1 2 7 0 2 7 1 2 7 0 2 7 0 2 7 5 30 3 0 2 7 0 2 7 16 6 2 1 2 7 0 2 7 5 31 3 0 40.3387407064437866
1 2 7 0 2 7 1 2 7 5 31 3 0 2 7 0 2 7 16 31 2 17 9 2 1 2 7 0 2 7 0 2 7 0 2 7 0 2 7 1 2 7 0 2 7 1 2 7 1 2 7 0 2 7 5 31 3 17 9 2 0 2 7 0 2 7 0 2 7 0 2 7 1 2 7 0 2 7 1 2 7 16 6 2 1 2 7 0 2 7 1 2 7 1 2 7 0 2 7 5 30 3 0 2 7 0 2 7 16 6 2 0 2 7 0 2 7 5 31 3 0 40.3387407064437866
0 2 7 0 2 7 1 2 7 5 31 3 0 2 7 1 2 7 16 6 2 17 9 2 0 2 7 0 2 7 0 2 7 1 2 7 0 2 7 1 2 7 0 2 7 1 2 7 1 2 7 0 2 7 5 31 3 17 9 2 0 2 7 0 2 7 0 2 7 0 2 7 0 2 7 0 2 7 1 2 7 16 6 2 1 2 7 0 2 7 1 2 7 1 2 7 0 2 7 5 30 3 0 2 7 0 2 7 16 31 2 1 2 7 0 2 7 5 31 3 0 40.3387407064437866
0 2 7 0 2 7 1 2 7 5 31 3 0 2 7 1 2 7 16 6 2 17 9 2 0 2 7 0 2 7 0 2 7 1 2 7 0 2 7 1 2 7 0 2 7 1 2 7 1 2 7 0 2 7 5 31 3 17 9 2 0 2 7 0 2 7 0 2 7 0 2 7 0 2 7 0 2 7 1 2 7 16 6 2 1 2 7 0 2 7 1 2 7 1 2 7 0 2 7 5 30 3 0 2 7 0 2 7 16 31 2 1 2 7 0 2 7 5 31 3 0 40.3387407064437866
1 2 7 0 2 7 1 2 7 5 31 3 0 2 7 0 2 7 16 31 2 17 9 2 1 2 7 0 2 7 0 2 7 0 2 7 0 2 7 1 2 7 0 2 7 1 2 7 1 2 7 0 2 7 5 31 3 17 9 2 0 2 7 0 2 7 0 2 7 0 2 7 0 2 7 0 2 7 1 2 7 16 6 2 1 2 7 0 2 7 1 2 7 1 2 7 0 2 7 5 30 3 0 2 7 0 2 7 16 6 2 1 2 7 0 2 7 5 31 3 0 40.3387407064437866
0 2 7 0 2 7 1 2 7 5 31 3 0 2 7 1 2 7 16 6 2 17 9 2 0 2 7 0 2 7 0 2 7 1 2 7 0 2 7 1 2 7 0 2 7 1 2 7 1 2 7 0 2 7 5 31 3 17 9 2 0 2 7 0 2 7 0 2 7 0 2 7 1 2 7 0 2 7 1 2 7 16 6 2 1 2 7 0 2 7 1 2 7 1 2 7 0 2 7 5 30 3 0 2 7 0 2 7 16 31 2 0 2 7 0 2 7 5 31 3 0 40.3387407064437866
0 2 7 0 2 7 1 2 7 5 31 3 0 2 7 1 2 7 16 6 2 17 9 2 0 2 7 0 2 7 0 2 7 1 2 7 0 2 7 1 2 7 0 2 7 1 2 7 1 2 7 0 2 7 5 31 3 17 9 2 0 2 7 0 2 7 0 2 7 0 2 7 0 2 7 0 2 7 1 2 7 16 6 2 1 2 7 0 2 7 1 2 7 1 2 7 0 2 7 5 30 3 0 2 7 0 2 7 16 31 2 1 2 7 0 2 7 5 31 3 0 40.3387407064437866
0 2 7 0 2 7 1 2 7 5 31 3 0 2 7 1 2 7 16 6 2 17 9 2 0 2 7 0 2 7 0 2 7 1 2 7 0 2 7 1 2 7 0 2 7 1 2 7 1 2 7 0 2 7 5 31 3 17 9 2 0 2 7 0 2 7 0 2 7 0 2 7 0 2 7 0 2 7 1 2 7 16 6 2 1 2 7 0 2 7 1 2 7 1 2 7 0 2 7 5 30 3 0 2 7 0 2 7 16 31 2 1 2 7 0 2 7 5 31 3 0 40.3387407064437866
0 2 7 0 2 7 1 2 7 5 31 3 0 2 7 1 2 7 16 6 2 17 9 2 0 2 7 0 2 7 0 2 7 1 2 7 0 2 7 1 2 7 0 2 7 1 2 7 1 2 7 0 2 7 5 31 3 17 9 2 0 2 7 0 2 7 0 2 7 0 2 7 0 2 7 0 2 7 1 2 7 16 6 2 1 2 7 0 2 7 1 2 7 1 2 7 0 2 7 5 30 3 0 2 7 0 2 7 16 31 2 1 2 7 0 2 7 5 31 3 0 40.3387407064437866
0 2 7 0 2 7 1 2 7 5 31 3 0 2 7 1 2 7 16 6 2 17 9 2 0 2 7 0 2 7 0 2 7 1 2 7 0 2 7 1 2 7 0 2 7 1 2 7 1 2 7 0 2 7 5 31 3 17 9 2 0 2 7 0 2 7 0 2 7 0 2 7 0 2 7 0 2 7 1 2 7 16 6 2 1 2 7 0 2 7 1 2 7 1 2 7 0 2 7 5 30 3 0 2 7 0 2 7 16 31 2 1 2 7 0 2 7 5 31 3 0 40.3387407064437866
1 2 7 0 2 7 1 2 7 5 31 3 0 2 7 0 2 7 16 31 2 17 9 2 1 2 7 1 2 7 0 2 7 0 2 7 0 2 7 0 2 7 1 2 7 0 2 7 1 2 7 0 2 7 5 31 3 17 9 2 0 2 7 0 2 7 0 2 7 0 2 7 1 2 7 0 2 7 1 2 7 16 6 2 1 2 7 0 2 7 1 2 7 0 2 7 0 2 7 5 30 3 0 2 7 0 2 7 16 6 2 1 2 7 0 2 7 5 31 3 0 40.3387407064437866
1 2 7 0 2 7 1 2 7 5 31 3 0 2 7 0 2 7 16 31 2 17 9 2 1 2 7 0 2 7 0 2 7 0 2 7 0 2 7 1 2 7 0 2 7 1 2 7 1 2 7 0 2 7 5 31 3 17 9 2 0 2 7 0 2 7 0 2 7 0 2 7 1 2 7 0 2 7 1 2 7 16 6 2 1 2 7 0 2 7 1 2 7 1 2 7 0 2 7 5 30 3 0 2 7 0 2 7 16 6 2 0 2 7 0 2 7 5 31 3 0 40.3387407064437866
0 2 7 0 2 7 1 2 7 5 31 3 0 2 7 1 2 7 16 6 2 17 9 2 0 2 7 0 2 7 0 2 7 1 2 7 0 2 7 1 2 7 0 2 7 1 2 7 1 2 7 0 2 7 5 31 3 17 9 2 0 2 7 0 2 7 0 2 7 0 2 7 1 2 7 0 2 7 1 2 7 16 6 2 0 2 7 0 2 7 1 2 7 1 2 7 0 2 7 5 30 3 0 2 7 0 2 7 16 31 2 1 2 7 0 2 7 5 31 3 0 40.3387407064437866
0 2 7 0 2 7 1 2 7 5 31 3 0 2 7 1 2 7 16 6 2 17 9 2 0 2 7 0 2 7 0 2 7 1 2 7 0 2 7 1 2 7 0 2 7 1 2 7 1 2 7 0 2 7 5 31 3 17 9 2 0 2 7 0 2 7 0 2 7 0 2 7 0 2 7 0 2 7 1 2 7 16 6 2 1 2 7 0 2 7 1 2 7 1 2 7 0 2 7 5 30 3 0 2 7 0 2 7 16 31 2 1 2 7 0 2 7 5 31 3 0 40.3387407064437866
1 2 7 0 2 7 1 2 7 5 31 3 0 2 7 0 2 7 16 31 2 17 9 2 1 2 7 0 2 7 0 2 7 0 2 7 0 2 7 1 2 7 0 2 7 1 2 7 1 2 7 0 2 7 5 31 3 17 9 2 0 2 7 0 2 7 0 2 7 0 2 7 0 2 7 0 2 7 1 2 7 16 6 2 1 2 7 0 2 7 1 2 7 1 2 7 0 2 7 5 30 3 0 2 7 0 2 7 16 6 2 1 2 7 0 2 7 5 31 3 0 40.3387407064437866
0 2 7 0 2 7 1 2 7 5 31 3 0 2 7 1 2 7 16 6 2 17 9 2 0 2 7 0 2 7 0 2 7 1 2 7 0 2 7 1 2 7 0 2 7 1 2 7 1 2 7 0 2 7 5 31 3 17 9 2 0 2 7 0 2 7 0 2 7 0 2 7 1 2 7 0 2 7 1 2 7 16 6 2 1 2 7 0 2 7 1 2 7 1 2 7 0 2 7 5 30 3 0 2 7 0 2 7 16 31 2 0 2 7 0 2 7 5 31 3 0 40.3387407064437866
0 2 7 0 2 7 1 2 7 5 31 3 0 2 7 1 2 7 16 6 2 17 9 2 0 2 7 0 2 7 0 2 7 1 2 7 0 2 7 1 2 7 0 2 7 1 2 7 1 2 7 0 2 7 5 31 3 17 9 2 0 2 7 0 2 7 0 2 7 0 2 7 0 2 7 0 2 7 1 2 7 16 6 2 1 2 7 0 2 7 1 2 7 1 2 7 0 2 7 5 30 3 0 2 7 0 2 7 16 31 2 1 2 7 0 2 7 5 31 3 0 40.3387407064437866
0 2 7 0 2 7 1 2 7 5 31 3 0 2 7 1 2 7 16 6 2 17 9 2 0 2 7 0 2 7 0 2 7 1 2 7 0 2 7 1 2 7 0 2 7 1 2 7 1 2 7 0 2 7 5 31 3 17 9 2 0 2 7 0 2 7 0 2 7 0 2 7 0 2 7 0 2 7 1 2 7 16 6 2 1 2 7 0 2 7 1 2 7 1 2 7 0 2 7 5 30 3 0 2 7 0 2 7 16 31 2 1 2 7 0 2 7 5 31 3 0 40.3387407064437866
0 2 7 0 2 7 1 2 7 5 31 3 0 2 7 1 2 7 16 6 2 17 9 2 0 2 7 0 2 7 0 2 7 1 2 7 0 2 7 1 2 7 0 2 7 1 2 7 1 2 7 0 2 7 5 31 3 17 9 2 0 2 7 0 2 7 0 2 7 0 2 7 0 2 7 0 2 7 1 2 7 16 6 2 1 2 7 0 2 7 1 2 7 1 2 7 0 2 7 5 30 3 0 2 7 0 2 7 16 31 2 1 2 7 0 2 7 5 31 3 0 40.3387407064437866
0 2 7 0 2 7 1 2 7 5 31 3 0 2 7 1 2 7 16 6 2 17 9 2 0 2 7 0 2 7 0 2 7 1 2 7 0 2 7 1 2 7 0 2 7 1 2 7 1 2 7 0 2 7 5 31 3 17 9 2 0 2 7 0 2 7 0 2 7 0 2 7 0 2 7 0 2 7 1 2 7 16 6 2 1 2 7 0 2 7 1 2 7 1 2 7 0 2 7 5 30 3 0 2 7 0 2 7 16 31 2 1 2 7 0 2 7 5 31 3 0 40.3387407064437866
1 2 7 0 2 7 1 2 7 5 31 3 0 2 7 0 2 7 16 31 2 17 9 2 1 2 7 1 2 7 0 2 7 0 2 7 0 2 7 0 2 7 1 2 7 0 2 7 1 2 7 0 2 7 5 31 3 17 9 2 0 2 7 0 2 7 0 2 7 0 2 7 1 2 7 0 2 7 1 2 7 16 6 2 1 2 7 0 2 7 1 2 7 0 2 7 0 2 7 5 30 3 0 2 7 0 2 7 16 6 2 1 2 7 0 2 7 5 31 3 0 40.3387407064437866
1 2 7 0 2 7 1 2 7 5 31 3 0 2 7 0 2 7 16 31 2 17 9 2 1 2 7 0 2 7 0 2 7 0 2 7 0 2 7 1 2 7 0 2 7 1 2 7 1 2 7 0 2 7 5 31 3 17 9 2 0 2 7 0 2 7 0 2 7 0 2 7 1 2 7 0 2 7 1 2 7 16 6 2 1 2 7 0 2 7 1 2 7 1 2 7 0 2 7 5 30 3 0 2 7 0 2 7 16 6 2 0 2 7 0 2 7 5 31 3 0 40.3387407064437866
0 2 7 0 2 7 1 2 7 5 31 3 0 2 7 1 2 7 16 6 2 17 9 2 0 2 7 0 2 7 0 2 7 1 2 7 0 2 7 1 2 7 0 2 7 1 2 7 1 2 7 0 2 7 5 31 3 17 9 2 0 2 7 0 2 7 0 2 7 0 2 7 0 2 7 0 2 7 1 2 7 16 6 2 1 2 7 0 2 7 1 2 7 1 2 7 0 2 7 5 30 3 0 2 7 0 2 7 16 31 2 1 2 7 0 2 7 5 31 3 0 40.3387407064437866
0 2 7 0 2 7 1 2 7 5 31 3 0 2 7 1 2 7 16 6 2 17 9 2 0 2 7 0 2 7 0 2 7 1 2 7 0 2 7 1 2 7 0 2 7 1 2 7 1 2 7 0 2 7 5 31 3 17 9 2 0 2 7 0 2 7 0 2 7 0 2 7 0 2 7 0 2 7 1 2 7 16 6 2 1 2 7 0 2 7 1 2 7 1 2 7 0 2 7 5 30 3 0 2 7 0 2 7 16 31 2 1 2 7 0 2 7 5 31 3 0 40.3387407064437866
1 2 7 0 2 7 1 2 7 5 31 3 0 2 7 0 2 7 16 31 2 17 9 2 1 2 7 0 2 7 0 2 7 0 2 7 0 2 7 1 2 7 0 2 7 1 2 7 1 2 7 0 2 7 5 31 3 17 9 2 0 2 7 0 2 7 0 2 7 0 2 7 0 2 7 0 2 7 1 2 7 16 6 2 1 2 7 0 2 7 1 2 7 1 2 7 0 2 7 5 30 3 0 2 7 0 2 7 16 6 2 1 2 7 0 2 7 5 31 3 0 40.3387407064437866
0 2 7 0 2 7 1 2 7 5 31 3 0 2 7 1 2 7 16 6 2 17 9 2 0 2 7 0 2 7 0 2 7 1 2 7 0 2 7 1 2 7 0 2 7 1 2 7 1 2 7 0 2 7 5 31 3 17 9 2 0 2 7 0 2 7 0 2 7 0 2 7 1 2 7 0 2 7 1 2 7 16 6 2 1 2 7 0 2 7 1 2 7 1 2 7 0 2 7 5 30 3 0 2 7 0 2 7 16 31 2 0 2 7 0 2 7 5 31 3 0 40.3387407064437866
0 2 7 0 2 7 1 2 7 5 31 3 0 2 7 1 2 7 16 6 2 17 9 2 0 2 7 0 2 7 0 2 7 1 2 7 0 2 7 1 2 7 0 2 7 1 2 7 1 2 7 0 2 7 5 31 3 17 9 2 0 2 7 0 2 7 0 2 7 0 2 7 0 2 7 0 2 7 1 2 7 16 6 2 1 2 7 0 2 7 1 2 7 1 2 7 0 2 7 5 30 3 0 2 7 0 2 7 16 31 2 1 2 7 0 2 7 5 31 3 0 40.3387407064437866
0 2 7 0 2 7 1 2 7 5 31 3 0 2 7 1 2 7 16 6 2 17 9 2 0 2 7 0 2 7 0 2 7 1 2 7 0 2 7 1 2 7 0 2 7 1 2 7 1 2 7 0 2 7 5 31 3 17 9 2 0 2 7 0 2 7 0 2 7 0 2 7 0 2 7 0 2 7 1 2 7 16 6 2 1 2 7 0 2 7 1 2 7 1 2 7 0 2 7 5 30 3 0 2 7 0 2 7 16 31 2 1 2 7 0 2 7 5 31 3 0 40.3387407064437866
0 2 7 0 2 7 1 2 7 5 31 3 0 2 7 1 2 7 16 6 2 17 9 2 0 2 7 0 2 7 0 2 7 1 2 7 0 2 7 1 2 7 0 2 7 1 2 7 1 2 7 0 2 7 5 31 3 17 9 2 0 2 7 0 2 7 0 2 7 0 2 7 0 2 7 0 2 7 1 2 7 16 6 2 1 2 7 0 2 7 1 2 7 1 2 7 0 2 7 5 30 3 0 2 7 0 2 7 16 31 2 1 2 7 0 2 7 5 31 3 0 40.3387407064437866
0 2 7 0 2 7 1 2 7 5 31 3 0 2 7 1 2 7 16 6 2 17 9 2 0 2 7 0 2 7 0 2 7 1 2 7 0 2 7 1 2 7 0 2 7 1 2 7 1 2 7 0 2 7 5 31 3 17 9 2 0 2 7 0 2 7 0 2 7 0 2 7 0 2 7 0 2 7 1 2 7 16 6 2 1 2 7 0 2 7 1 2 7 1 2 7 0 2 7 5 30 3 0 2 7 0 2 7 16 31 2 1 2 7 0 2 7 5 31 3 0 40.3387407064437866
1 2 7 0 2 7 1 2 7 5 31 3 0 2 7 0 2 7 16 31 2 17 9 2 1 2 7 1 2 7 0 2 7 0 2 7 0 2 7 0 2 7 1 2 7 0 2 7 1 2 7 0 2 7 5 31 3 17 9 2 0 2 7 0 2 7 0 2 7 0 2 7 1 2 7 0 2 7 1 2 7 16 6 2 1 2 7 0 2 7 1 2 7 0 2 7 0 2 7 5 30 3 0 2 7 0 2 7 16 6 2 1 2 7 0 2 7 5 31 3 0 40.3387407064437866
1 2 7 0 2 7 1 2 7 5 31 3 0 2 7 0 2 7 16 31 2 17 9 2 1 2 7 0 2 7 0 2 7 0 2 7 0 2 7 1 2 7 0 2 7 1 2 7 1 2 7 0 2 7 5 31 3 17 9 2 0 2 7 0 2 7 0 2 7 0 2 7 1 2 7 0 2 7 1 2 7 16 6 2 1 2 7 0 2 7 1 2 7 1 2 7 0 2 7 5 30 3 0 2 7 0 2 7 16 6 2 0 2 7 0 2 7 5 31 3 0 40.3387407064437866
0 2 7 0 2 7 1 2 7 5 31 3 0 2 7 1 2 7 16 6 2 17 9 2 0 2 7 0 2 7 0 2 7 1 2 7 0 2 7 1 2 7 0 2 7 1 2 7 1 2 7 0 2 7 5 31 3 17 9 2 0 2 7 0 2 7 0 2 7 0 2 7 0 2 7 0 2 7 1 2 7 16 6 2 1 2 7 0 2 7 1 2 7 1 2 7 0 2 7 5 30 3 0 2 7 0 2 7 16 31 2 1 2 7 0 2 7 5 31 3 0 40.3387407064437866
0 2 7 0 2 7 1 2 7 5 31 3 0 2 7 1 2 7 16 6 2 17 9 2 0 2 7 0 2 7 0 2 7 1 2 7 0 2 7 1 2 7 0 2 7 1 2 7 1 2 7 0 2 7 5 31 3 17 9 2 0 2 7 0 2 7 0 2 7 0 2 7 0 2 7 0 2 7 1 2 7 16 6 2 1 2 7 0 2 7 1 2 7 1 2 7 0 2 7 5 30 3 0 2 7 0 2 7 16 31 2 1 2 7 0 2 7 5 31 3 0 40.3387407064437866
1 2 7 0 2 7 1 2 7 5 31 3 0 2 7 0 2 7 16 31 2 17 9 2 1 2 7 0 2 7 0 2 7 0 2 7 0 2 7 1 2 7 0 2 7 1 2 7 1 2 7 0 2 7 5 31 3 17 9 2 0 2 7 0 2 7 0 2 7 0 2 7 0 2 7 0 2 7 1 2 7 16 6 2 1 2 7 0 2 7 1 2 7 1 2 7 0 2 7 5 30 3 0 2 7 0 2 7 16 6 2 1 2 7 0 2 7 5 31 3 0 40.3387407064437866
0 2 7 0 2 7 1 2 7 5 31 3 0 2 7 1 2 7 16 6 2 17 9 2 0 2 7 0 2 7 0 2 7 1 2 7 0 2 7 1 2 7 0 2 7 1 2 7 1 2 7 0 2 7 5 31 3 17 9 2 0 2 7 0 2 7 0 2 7 0 2 7 1 2 7 0 2 7 1 2 7 16 6 2 1 2 7 0 2 7 1 2 7 1 2 7 0 2 7 5 30 3 0 2 7 0 2 7 16 31 2 0 2 7 0 2 7 5 31 3 0 40.3387407064437866
0 2 7 0 2 7 1 2 7 5 31 3 0 2 7 1 2 7 16 6 2 17 9 2 0 2 7 0 2 7 0 2 7 1 2 7 0 2 7 1 2 7 0 2 7 1 2 7 1 2 7 0 2 7 5 31 3 17 9 2 0 2 7 0 2 7 0 2 7 0 2 7 0 2 7 0 2 7 1 2 7 16 6 2 1 2 7 0 2 7 1 2 7 1 2 7 0 2 7 5 30 3 0 2 7 0 2 7 16 31 2 1 2 7 0 2 7 5 31 3 0 40.3387407064437866
0 2 7 0 2 7 1 2 7 5 31 3 0 2 7 1 2 7 16 6 2 17 9 2 0 2 7 0 2 7 0 2 7 1 2 7 0 2 7 1 2 7 0 2 7 1 2 7 1 2 7 0 2 7 5 31 3 17 9 2 0 2 7 0 2 7 0 2 7 0 2 7 0 2 7 0 2 7 1 2 7 16 6 2 1 2 7 0 2 7 1 2 7 1 2 7 0 2 7 5 30 3 0 2 7 0 2 7 16 31 2 1 2 7 0 2 7 5 31 3 0 40.3387407064437866
0 2 7 0 2 7 1 2 7 5 31 3 0 2 7 1 2 7 16 6 2 17 9 2 0 2 7 0 2 7 0 2 7 1 2 7 0 2 7 1 2 7 0 2 7 1 2 7 1 2 7 0 2 7 5 31 3 17 9 2 0 2 7 0 2 7 0 2 7 0 2 7 0 2 7 0 2 7 1 2 7 16 6 2 1 2 7 0 2 7 1 2 7 1 2 7 0 2 7 5 30 3 0 2 7 0 2 7 16 31 2 1 2 7 0 2 7 5 31 3 0 40.3387407064437866
0 2 7 0 2 7 1 2 7 5 31 3 0 2 7 1 2 7 16 6 2 17 9 2 0 2 7 0 2 7 0 2 7 1 2 7 0 2 7 1 2 7 0 2 7 1 2 7 1 2 7 0 2 7 5 31 3 17 9 2 0 2 7 0 2 7 0 2 7 0 2 7 0 2 7 0 2 7 1 2 7 16 6 2 1 2 7 0 2 7 1 2 7 1 2 7 0 2 7 5 30 3 0 2 7 0 2 7 16 31 2 1 2 7 0 2 7 5 31 3 0 40.3387407064437866
1 2 7 0 2 7 1 2 7 5 31 3 0 2 7 0 2 7 16 31 2 17 9 2 1 2 7 1 2 7 0 2 7 0 2 7 0 2 7 0 2 7 1 2 7 0 2 7 1 2 7 0 2 7 5 31 3 17 9 2 0 2 7 0 2 7 0 2 7 0 2 7 1 2 7 0 2 7 1 2 7 16 6 2 1 2 7 0 2 7 1 2 7 0 2 7 0 2 7 5 30 3 0 2 7 0 2 7 16 6 2 1 2 7 0 2 7 5 31 3 0 40.3387407064437866
1 2 7 0 2 7 1 2 7 5 31 3 0 2 7 0 2 7 16 31 2 17 9 2 1 2 7 0 2 7 0 2 7 0 2 7 0 2 7 1 2 7 0 2 7 1 2 7 1 2 7 0 2 7 5 31 3 17 9 2 0 2 7 0 2 7 0 2 7 0 2 7 1 2 7 0 2 7 1 2 7 16 6 2 1 2 7 0 2 7 1 2 7 1 2 7 0 2 7 5 30 3 0 2 7 0 2 7 16 6 2 0 2 7 0 2 7 5 31 3 0 40.3387407064437866
0 2 7 0 2 7 1 2 7 5 31 3 0 2 7 1 2 7 16 6 2 17 9 2 0 2 7 0 2 7 0 2 7 1 2 7 0 2 7 1 2 7 0 2 7 1 2 7 1 2 7 0 2 7 5 31 3 17 9 2 0 2 7 0 2 7 0 2 7 0 2 7 0 2 7 0 2 7 1 2 7 16 6 2 1 2 7 0 2 7 1 2 7 1 2 7 0 2 7 5 30 3 0 2 7 0 2 7 16 31 2 1 2 7 0 2 7 5 31 3 0 40.3387407064437866
0 2 7 0 2 7 1 2 7 5 31 3 0 2 7 1 2 7 16 6 2 17 9 2 0 2 7 0 2 7 0 2 7 1 2 7 0 2 7 1 2 7 0 2 7 1 2 7 1 2 7 0 2 7 5 31 3 17 9 2 0 2 7 0 2 7 0 2 7 0 2 7 0 2 7 0 2 7 1 2 7 16 6 2 1 2 7 0 2 7 1 2 7 1 2 7 0 2 7 5 30 3 0 2 7 0 2 7 16 31 2 1 2 7 0 2 7 5 31 3 0 40.3387407064437866
1 2 7 0 2 7 1 2 7 5 31 3 0 2 7 0 2 7 16 31 2 17 9 2 1 2 7 0 2 7 0 2 7 0 2 7 0 2 7 1 2 7 0 2 7 1 2 7 1 2 7 0 2 7 5 31 3 17 9 2 0 2 7 0 2 7 0 2 7 0 2 7 0 2 7 0 2 7 1 2 7 16 6 2 1 2 7 0 2 7 1 2 7 1 2 7 0 2 7 5 30 3 0 2 7 0 2 7 16 6 2 1 2 7 0 2 7 5 31 3 0 40.3387407064437866
0 2 7 0 2 7 1 2 7 5 31 3 0 2 7 1 2 7 16 6 2 17 9 2 0 2 7 0 2 7 0 2 7 1 2 7 0 2 7 1 2 7 0 2 7 1 2 7 1 2 7 0 2 7 5 31 3 17 9 2 0 2 7 0 2 7 0 2 7 0 2 7 1 2 7 0 2 7 1 2 7 16 6 2 1 2 7 0 2 7 1 2 7 1 2 7 0 2 7 5 30 3 0 2 7 0 2 7 16 31 2 0 2 7 0 2 7 5 31 3 0 40.3387407064437866
0 2 7 0 2 7 1 2 7 5 31 3 0 2 7 1 2 7 16 6 2 17 9 2 0 2 7 0 2 7 0 2 7 1 2 7 0 2 7 1 2 7 0 2 7 1 2 7 1 2 7 0 2 7 5 31 3 17 9 2 0 2 7 0 2 7 0 2 7 0 2 7 0 2 7 0 2 7 1 2 7 16 6 2 1 2 7 0 2 7 1 2 7 1 2 7 0 2 7 5 30 3 0 2 7 0 2 7 16 31 2 1 2 7 0 2 7 5 31 3 0 40.3387407064437866
0 2 7 0 2 7 1 2 7 5 31 3 0 2 7 1 2 7 16 6 2 17 9 2 0 2 7 0 2 7 0 2 7 1 2 7 0 2 7 1 2 7 0 2 7 1 2 7 1 2 7 0 2 7 5 31 3 17 9 2 0 2 7 0 2 7 0 2 7 0 2 7 0 2 7 0 2 7 1 2 7 16 6 2 1 2 7 0 2 7 1 2 7 1 2 7 0 2 7 5 30 3 0 2 7 0 2 7 16 31 2 1 2 7 0 2 7 5 31 3 0 40.3387407064437866
0 2 7 0 2 7 1 2 7 5 31 3 0 2 7 1 2 7 16 6 2 17 9 2 0 2 7 0 2 7 0 2 7 1 2 7 0 2 7 1 2 7 0 2 7 1 2 7 1 2 7 0 2 7 5 31 3 17 9 2 0 2 7 0 2 7 0 2 7 0 2 7 0 2 7 0 2 7 1 2 7 16 6 2 1 2 7 0 2 7 1 2 7 1 2 7 0 2 7 5 30 3 0 2 7 0 2 7 16 31 2 1 2 7 0 2 7 5 31 3 0 40.3387407064437866
0 2 7 0 2 7 1 2 7 5 31 3 0 2 7 1 2 7 16 6 2 17 9 2 0 2 7 0 2 7 0 2 7 1 2 7 0 2 7 1 2 7 0 2 7 1 2 7 1 2 7 0 2 7 5 31 3 17 9 2 0 2 7 0 2 7 0 2 7 0 2 7 0 2 7 0 2 7 1 2 7 16 6 2 1 2 7 0 2 7 1 2 7 1 2 7 0 2 7 5 30 3 0 2 7 0 2 7 16 31 2 1 2 7 0 2 7 5 31 3 0 40.3387407064437866
1 2 7 0 2 7 1 2 7 5 31 3 0 2 7 0 2 7 16 31 2 17 9 2 1 2 7 1 2 7 0 2 7 0 2 7 0 2 7 0 2 7 1 2 7 0 2 7 1 2 7 0 2 7 5 31 3 17 9 2 0 2 7 0 2 7 0 2 7 0 2 7 1 2 7 0 2 7 1 2 7 16 6 2 1 2 7 0 2 7 1 2 7 0 2 7 0 2 7 5 30 3 0 2 7 0 2 7 16 6 2 1 2 7 0 2 7 5 31 3 0 40.3387407064437866
1 2 7 0 2 7 1 2 7 5 31 3 0 2 7 0 2 7 16 31 2 17 9 2 1 2 7 0 2 7 0 2 7 0 2 7 0 2 7 1 2 7 0 2 7 1 2 7 1 2 7 0 2 7 5 31 3 17 9 2 0 2 7 0 2 7 0 2 7 0 2 7 1 2 7 0 2 7 1 2 7 16 6 2 1 2 7 0 2 7 1 2 7 1 2 7 0 2 7 5 30 3 0 2 7 0 2 7 16 6 2 0 2 7 0 2 7 5 31 3 0 40.3387407064437866
0 2 7 0 2 7 1 2 7 5 31 3 0 2 7 1 2 7 16 6 2 17 9 2 0 2 7 0 2 7 0 2 7 1 2 7 0 2 7 1 2 7 0 2 7 1 2 7 1 2 7 0 2 7 5 31 3 17 9 2 0 2 7 0 2 7 0 2 7 0 2 7 1 2 7 0 2 7 1 2 7 16 6 2 1 2 7 0 2 7 1 2 7 1 2 7 0 2 7 5 30 3 0 2 7 0 2 7 16 31 2 0 2 7 0 2 7 5 31 3 0 40.3387407064437866
0 2 7 0 2 7 1 2 7 5 31 3 0 2 7 1 2 7 16 6 2 17 9 2 0 2 7 0 2 7 0 2 7 1 2 7 0 2 7 1 2 7 0 2 7 1 2 7 1 2 7 0 2 7 5 31 3 17 9 2 0 2 7 0 2 7 0 2 7 0 2 7 0 2 7 0 2 7 1 2 7 16 6 2 1 2 7 0 2 7 1 2 7 1 2 7 0 2 7 5 30 3 0 2 7 0 2 7 16 31 2 1 2 7 0 2 7 5 31 3 0 40.3387407064437866
1 2 7 0 2 7 1 2 7 5 31 3 0 2 7 0 2 7 16 31 2 17 9 2 1 2 7 0 2 7 0 2 7 0 2 7 0 2 7 1 2 7 0 2 7 1 2 7 1 2 7 0 2 7 5 31 3 17 9 2 0 2 7 0 2 7 0 2 7 0 2 7 0 2 7 0 2 7 1 2 7 16 6 2 1 2 7 0 2 7 1 2 7 1 2 7 0 2 7 5 30 3 0 2 7 0 2 7 16 6 2 1 2 7 0 2 7 5 31 3 0 40.3387407064437866
0 2 7 0 2 7 1 2 7 5 31 3 0 2 7 1 2 7 16 6 2 17 9 2 0 2 7 0 2 7 0 2 7 1 2 7 0 2 7 1 2 7 0 2 7 1 2 7 1 2 7 0 2 7 5 31 3 17 9 2 0 2 7 0 2 7 0 2 7 0 2 7 1 2 7 0 2 7 1 2 7 16 6 2 1 2 7 0 2 7 1 2 7 1 2 7 0 2 7 5 30 3 0 2 7 0 2 7 16 31 2 0 2 7 0 2 7 5 31 3 0 40.3387407064437866
0 2 7 0 2 7 1 2 7 5 31 3 0 2 7 1 2 7 16 6 2 17 9 2 0 2 7 0 2 7 0 2 7 1 2 7 0 2 7 1 2 7 0 2 7 1 2 7 1 2 7 0 2 7 5 31 3 17 9 2 0 2 7 0 2 7 0 2 7 0 2 7 0 2 7 0 2 7 1 2 7 16 6 2 1 2 7 0 2 7 1 2 7 1 2 7 0 2 7 5 30 3 0 2 7 0 2 7 16 31 2 1 2 7 0 2 7 5 31 3 0 40.3387407064437866
0 2 7 0 2 7 1 2 7 5 31 3 0 2 7 1 2 7 16 6 2 17 9 2 0 2 7 0 2 7 0 2 7 1 2 7 0 2 7 1 2 7 0 2 7 1 2 7 1 2 7 0 2 7 5 31 3 17 9 2 0 2 7 0 2 7 0 2 7 0 2 7 0 2 7 0 2 7 1 2 7 16 6 2 1 2 7 0 2 7 1 2 7 1 2 7 0 2 7 5 30 3 0 2 7 0 2 7 16 31 2 1 2 7 0 2 7 5 31 3 0 40.3387407064437866
0 2 7 0 2 7 1 2 7 5 31 3 0 2 7 1 2 7 16 6 2 17 9 2 0 2 7 0 2 7 0 2 7 1 2 7 0 2 7 1 2 7 0 2 7 1 2 7 1 2 7 0 2 7 5 31 3 17 9 2 0 2 7 0 2 7 0 2 7 0 2 7 0 2 7 0 2 7 1 2 7 16 6 2 1 2 7 0 2 7 1 2 7 1 2 7 0 2 7 5 30 3 0 2 7 0 2 7 16 31 2 1 2 7 0 2 7 5 31 3 0 40.3387407064437866
0 2 7 0 2 7 1 2 7 5 31 3 0 2 7 1 2 7 16 6 2 17 9 2 0 2 7 0 2 7 0 2 7 1 2 7 0 2 7 1 2 7 0 2 7 1 2 7 1 2 7 0 2 7 5 31 3 17 9 2 0 2 7 0 2 7 0 2 7 0 2 7 0 2 7 0 2 7 1 2 7 16 6 2 1 2 7 0 2 7 1 2 7 1 2 7 0 2 7 5 30 3 0 2 7 0 2 7 16 31 2 1 2 7 0 2 7 5 31 3 0 40.3387407064437866
1 2 7 0 2 7 1 2 7 5 31 3 0 2 7 0 2 7 16 31 2 17 9 2 1 2 7 1 2 7 0 2 7 0 2 7 0 2 7 0 2 7 1 2 7 0 2 7 1 2 7 0 2 7 5 31 3 17 9 2 0 2 7 0 2 7 0 2 7 0 2 7 1 2 7 0 2 7 1 2 7 16 6 2 1 2 7 0 2 7 1 2 7 0 2 7 0 2 7 5 30 3 0 2 7 0 2 7 16 6 2 1 2 7 0 2 7 5 31 3 0 40.3387407064437866
1 2 7 0 2 7 1 2 7 5 31 3 0 2 7 0 2 7 16 31 2 17 9 2 1 2 7 0 2 7 0 2 7 0 2 7 0 2 7 1 2 7 0 2 7 1 2 7 1 2 7 0 2 7 5 31 3 17 9 2 0 2 7 0 2 7 0 2 7 0 2 7 1 2 7 0 2 7 1 2 7 16 6 2 1 2 7 0 2 7 1 2 7 1 2 7 0 2 7 5 30 3 0 2 7 0 2 7 16 6 2 0 2 7 0 2 7 5 31 3 0 40.3387407064437866
0 2 7 0 2 7 1 2 7 5 31 3 0 2 7 1 2 7 16 6 2 17 9 2 0 2 7 0 2 7 0 2 7 1 2 7 0 2 7 1 2 7 0 2 7 1 2 7 1 2 7 0 2 7 5 31 3 17 9 2 0 2 7 0 2 7 0 2 7 0 2 7 0 2 7 0 2 7 1 2 7 16 6 2 1 2 7 0 2 7 1 2 7 1 2 7 0 2 7 5 30 3 0 2 7 0 2 7 16 31 2 1 2 7 0 2 7 5 31 3 0 40.3387407064437866
0 2 7 0 2 7 1 2 7 5 31 3 0 2 7 1 2 7 16 6 2 17 9 2 0 2 7 0 2 7 0 2 7 1 2 7 0 2 7 1 2 7 0 2 7 1 2 7 1 2 7 0 2 7 5 31 3 17 9 2 0 2 7 0 2 7 0 2 7 0 2 7 0 2 7 0 2 7 1 2 7 16 6 2 1 2 7 0 2 7 1 2 7 1 2 7 0 2 7 5 30 3 0 2 7 0 2 7 16 31 2 1 2 7 0 2 7 5 31 3 0 40.3387407064437866
1 2 7 0 2 7 1 2 7 5 31 3 0 2 7 0 2 7 16 31 2 17 9 2 1 2 7 0 2 7 0 2 7 0 2 7 0 2 7 1 2 7 0 2 7 1 2 7 1 2 7 0 2 7 5 31 3 17 9 2 0 2 7 0 2 7 0 2 7 0 2 7 0 2 7 0 2 7 1 2 7 16 6 2 1 2 7 0 2 7 1 2 7 1 2 7 0 2 7 5 30 3 0 2 7 0 2 7 16 6 2 1 2 7 0 2 7 5 31 3 0 40.3387407064437866
0 2 7 0 2 7 1 2 7 5 31 3 0 2 7 1 2 7 16 6 2 17 9 2 0 2 7 0 2 7 0 2 7 1 2 7 0 2 7 1 2 7 0 2 7 1 2 7 1 2 7 0 2 7 5 31 3 17 9 2 0 2 7 0 2 7 0 2 7 0 2 7 1 2 7 0 2 7 1 2 7 16 6 2 1 2 7 0 2 7 1 2 7 1 2 7 0 2 7 5 30 3 0 2 7 0 2 7 16 31 2 0 2 7 0 2 7 5 31 3 0 40.3387407064437866
0 2 7 0 2 7 1 2 7 5 31 3 0 2 7 1 2 7 16 6 2 17 9 2 0 2 7 0 2 7 0 2 7 1 2 7 0 2 7 1 2 7 0 2 7 1 2 7 1 2 7 0 2 7 5 31 3 17 9 2 0 2 7 0 2 7 0 2 7 0 2 7 0 2 7 0 2 7 1 2 7 16 6 2 1 2 7 0 2 7 1 2 7 1 2 7 0 2 7 5 30 3 0 2 7 0 2 7 16 31 2 1 2 7 0 2 7 5 31 3 0 40.3387407064437866
0 2 7 0 2 7 1 2 7 5 31 3 0 2 7 1 2 7 16 6 2 17 9 2 0 2 7 0 2 7 0 2 7 1 2 7 0 2 7 1 2 7 0 2 7 1 2 7 1 2 7 0 2 7 5 31 3 17 9 2 0 2 7 0 2 7 0 2 7 0 2 7 0 2 7 0 2 7 1 2 7 16 6 2 1 2 7 0 2 7 1 2 7 1 2 7 0 2 7 5 30 3 0 2 7 0 2 7 16 31 2 1 2 7 0 2 7 5 31 3 0 40.3387407064437866
0 2 7 0 2 7 1 2 7 5 31 3 0 2 7 1 2 7 16 6 2 17 9 2 0 2 7 0 2 7 0 2 7 1 2 7 0 2 7 1 2 7 0 2 7 1 2 7 1 2 7 0 2 7 5 31 3 17 9 2 0 2 7 0 2 7 0 2 7 0 2 7 0 2 7 0 2 7 1 2 7 16 6 2 1 2 7 0 2 7 1 2 7 1 2 7 0 2 7 5 30 3 0 2 7 0 2 7 16 31 2 1 2 7 0 2 7 5 31 3 0 40.3387407064437866
0 2 7 0 2 7 1 2 7 5 31 3 0 2 7 1 2 7 16 6 2 17 9 2 0 2 7 0 2 7 0 2 7 1 2 7 0 2 7 1 2 7 0 2 7 1 2 7 1 2 7 0 2 7 5 31 3 17 9 2 0 2 7 0 2 7 0 2 7 0 2 7 0 2 7 0 2 7 1 2 7 16 6 2 1 2 7 0 2 7 1 2 7 1 2 7 0 2 7 5 30 3 0 2 7 0 2 7 16 31 2 1 2 7 0 2 7 5 31 3 0 40.3387407064437866
1 2 7 0 2 7 1 2 7 5 31 3 0 2 7 0 2 7 16 31 2 17 9 2 1 2 7 1 2 7 0 2 7 0 2 7 0 2 7 0 2 7 1 2 7 0 2 7 1 2 7 0 2 7 5 31 3 17 9 2 0 2 7 0 2 7 0 2 7 0 2 7 1 2 7 0 2 7 1 2 7 16 6 2 1 2 7 0 2 7 1 2 7 0 2 7 0 2 7 5 30 3 0 2 7 0 2 7 16 6 2 1 2 7 0 2 7 5 31 3 0 40.3387407064437866
1 2 7 0 2 7 1 2 7 5 31 3 0 2 7 0 2 7 16 31 2 17 9 2 1 2 7 0 2 7 0 2 7 0 2 7 0 2 7 1 2 7 0 2 7 1 2 7 1 2 7 0 2 7 5 31 3 17 9 2 0 2 7 0 2 7 0 2 7 0 2 7 1 2 7 0 2 7 1 2 7 16 6 2 1 2 7 0 2 7 1 2 7 1 2 7 0 2 7 5 30 3 0 2 7 0 2 7 16 6 2 0 2 7 0 2 7 5 31 3 0 40.3387407064437866
0 2 7 0 2 7 1 2 7 5 31 3 0 2 7 1 2 7 16 6 2 17 9 2 1 2 7 0 2 7 0 2 7 0 2 7 0 2 7 1 2 7 1 2 7 1 2 7 1 2 7 0 2 7 5 31 3 17 9 2 0 2 7 0 2 7 0 2 7 0 2 7 1 2 7 0 2 7 1 2 7 16 6 2 1 2 7 0 2 7 1 2 7 0 2 7 0 2 7 5 30 3 0 2 7 0 2 7 16 31 2 0 2 7 0 2 7 5 31 3 0 40.3387407064437866
0 2 7 0 2 7 1 2 7 5 31 3 0 2 7 1 2 7 16 6 2 17 9 2 0 2 7 0 2 7 0 2 7 1 2 7 0 2 7 1 2 7 0 2 7 1 2 7 1 2 7 0 2 7 5 31 3 17 9 2 0 2 7 0 2 7 0 2 7 0 2 7 0 2 7 0 2 7 1 2 7 16 6 2 1 2 7 0 2 7 1 2 7 1 2 7 0 2 7 5 30 3 0 2 7 0 2 7 16 31 2 1 2 7 0 2 7 5 31 3 0 40.3387407064437866
1 2 7 0 2 7 1 2 7 5 31 3 0 2 7 0 2 7 16 31 2 17 9 2 1 2 7 0 2 7 0 2 7 0 2 7 0 2 7 1 2 7 0 2 7 1 2 7 1 2 7 0 2 7 5 31 3 17 9 2 0 2 7 0 2 7 0 2 7 0 2 7 0 2 7 0 2 7 1 2 7 16 6 2 1 2 7 0 2 7 1 2 7 1 2 7 0 2 7 5 30 3 0 2 7 0 2 7 16 6 2 1 2 7 0 2 7 5 31 3 0 40.3387407064437866
0 2 7 0 2 7 1 2 7 5 31 3 0 2 7 1 2 7 16 6 2 17 9 2 0 2 7 0 2 7 0 2 7 1 2 7 0 2 7 1 2 7 0 2 7 1 2 7 1 2 7 0 2 7 5 31 3 17 9 2 0 2 7 0 2 7 0 2 7 0 2 7 1 2 7 0 2 7 1 2 7 16 6 2 1 2 7 0 2 7 1 2 7 1 2 7 0 2 7 5 30 3 0 2 7 0 2 7 16 31 2 0 2 7 0 2 7 5 31 3 0 40.3387407064437866
0 2 7 0 2 7 1 2 7 5 31 3 0 2 7 1 2 7 16 6 2 17 9 2 0 2 7 0 2 7 0 2 7 1 2 7 0 2 7 1 2 7 0 2 7 1 2 7 1 2 7 0 2 7 5 31 3 17 9 2 0 2 7 0 2 7 0 2 7 0 2 7 0 2 7 0 2 7 1 2 7 16 6 2 1 2 7 0 2 7 1 2 7 1 2 7 0 2 7 5 30 3 0 2 7 0 2 7 16 31 2 1 2 7 0 2 7 5 31 3 0 40.3387407064437866
0 2 7 0 2 7 1 2 7 5 31 3 0 2 7 1 2 7 16 6 2 17 9 2 0 2 7 0 2 7 0 2 7 1 2 7 0 2 7 1 2 7 0 2 7 1 2 7 1 2 7 0 2 7 5 31 3 17 9 2 0 2 7 0 2 7 0 2 7 0 2 7 0 2 7 0 2 7 1 2 7 16 6 2 1 2 7 0 2 7 1 2 7 1 2 7 0 2 7 5 30 3 0 2 7 0 2 7 16 31 2 1 2 7 0 2 7 5 31 3 0 40.3387407064437866
0 2 7 0 2 7 1 2 7 5 31 3 0 2 7 1 2 7 16 6 2 17 9 2 0 2 7 0 2 7 0 2 7 1 2 7 0 2 7 1 2 7 0 2 7 1 2 7 1 2 7 0 2 7 5 31 3 17 9 2 0 2 7 0 2 7 0 2 7 0 2 7 0 2 7 0 2 7 1 2 7 16 6 2 1 2 7 0 2 7 1 2 7 1 2 7 0 2 7 5 30 3 0 2 7 0 2 7 16 31 2 1 2 7 0 2 7 5 31 3 0 40.3387407064437866
0 2 7 0 2 7 1 2 7 5 31 3 0 2 7 1 2 7 16 6 2 17 9 2 0 2 7 0 2 7 0 2 7 1 2 7 0 2 7 1 2 7 0 2 7 1 2 7 1 2 7 0 2 7 5 31 3 17 9 2 0 2 7 0 2 7 0 2 7 0 2 7 0 2 7 0 2 7 1 2 7 16 6 2 1 2 7 0 2 7 1 2 7 1 2 7 0 2 7 5 30 3 0 2 7 0 2 7 16 31 2 1 2 7 0 2 7 5 31 3 0 40.3387407064437866
1 2 7 0 2 7 1 2 7 5 31 3 0 2 7 0 2 7 16 31 2 17 9 2 1 2 7 1 2 7 0 2 7 0 2 7 0 2 7 0 2 7 1 2 7 0 2 7 1 2 7 0 2 7 5 31 3 17 9 2 0 2 7 0 2 7 0 2 7 0 2 7 1 2 7 0 2 7 1 2 7 16 6 2 1 2 7 0 2 7 1 2 7 0 2 7 0 2 7 5 30 3 0 2 7 0 2 7 16 6 2 1 2 7 0 2 7 5 31 3 0 40.3387407064437866
1 2 7 0 2 7 1 2 7 5 31 3 0 2 7 0 2 7 16 31 2 17 9 2 1 2 7 0 2 7 0 2 7 0 2 7 0 2 7 1 2 7 0 2 7 1 2 7 1 2 7 0 2 7 5 31 3 17 9 2 0 2 7 0 2 7 0 2 7 0 2 7 1 2 7 0 2 7 1 2 7 16 6 2 1 2 7 0 2 7 1 2 7 1 2 7 0 2 7 5 30 3 0 2 7 0 2 7 16 6 2 0 2 7 0 2 7 5 31 3 0 40.3387407064437866
0 2 7 0 2 7 1 2 7 5 31 3 0 2 7 1 2 7 16 6 2 17 9 2 0 2 7 0 2 7 0 2 7 1 2 7 0 2 7 1 2 7 0 2 7 1 2 7 1 2 7 0 2 7 5 31 3 17 9 2 0 2 7 0 2 7 0 2 7 0 2 7 0 2 7 0 2 7 1 2 7 16 6 2 1 2 7 0 2 7 1 2 7 1 2 7 0 2 7 5 30 3 0 2 7 0 2 7 16 31 2 1 2 7 0 2 7 5 31 3 0 40.3387407064437866
0 2 7 0 2 7 1 2 7 5 31 3 0 2 7 1 2 7 16 6 2 17 9 2 0 2 7 0 2 7 0 2 7 1 2 7 0 2 7 1 2 7 0 2 7 1 2 7 1 2 7 0 2 7 5 31 3 17 9 2 0 2 7 0 2 7 0 2 7 0 2 7 0 2 7 0 2 7 1 2 7 16 6 2 1 2 7 0 2 7 1 2 7 1 2 7 0 2 7 5 30 3 0 2 7 0 2 7 16 31 2 1 2 7 0 2 7 5 31 3 0 40.3387407064437866
1 2 7 0 2 7 1 2 7 5 31 3 0 2 7 0 2 7 16 31 2 17 9 2 1 2 7 0 2 7 0 2 7 0 2 7 0 2 7 1 2 7 0 2 7 1 2 7 1 2 7 0 2 7 5 31 3 17 9 2 0 2 7 0 2 7 0 2 7 0 2 7 0 2 7 0 2 7 1 2 7 16 6 2 1 2 7 0 2 7 1 2 7 1 2 7 0 2 7 5 30 3 0 2 7 0 2 7 16 6 2 1 2 7 0 2 7 5 31 3 0 40.3387407064437866
0 2 7 0 2 7 1 2 7 5 31 3 0 2 7 1 2 7 16 6 2 17 9 2 0 2 7 0 2 7 0 2 7 1 2 7 0 2 7 1 2 7 0 2 7 1 2 7 1 2 7 0 2 7 5 31 3 17 9 2 0 2 7 0 2 7 0 2 7 0 2 7 1 2 7 0 2 7 1 2 7 16 6 2 1 2 7 0 2 7 1 2 7 1 2 7 0 2 7 5 30 3 0 2 7 0 2 7 16 31 2 0 2 7 0 2 7 5 31 3 0 40.3387407064437866
0 2 7 0 2 7 1 2 7 5 31 3 0 2 7 1 2 7 16 6 2 17 9 2 0 2 7 0 2 7 0 2 7 1 2 7 0 2 7 1 2 7 0 2 7 1 2 7 1 2 7 0 2 7 5 31 3 17 9 2 0 2 7 0 2 7 0 2 7 0 2 7 0 2 7 0 2 7 1 2 7 16 6 2 1 2 7 0 2 7 1 2 7 1 2 7 0 2 7 5 30 3 0 2 7 0 2 7 16 31 2 1 2 7 0 2 7 5 31 3 0 40.3387407064437866
0 2 7 0 2 7 1 2 7 5 31 3 0 2 7 1 2 7 16 6 2 17 9 2 0 2 7 0 2 7 0 2 7 1 2 7 0 2 7 1 2 7 0 2 7 1 2 7 1 2 7 0 2 7 5 31 3 17 9 2 0 2 7 0 2 7 0 2 7 0 2 7 0 2 7 0 2 7 1 2 7 16 6 2 1 2 7 0 2 7 1 2 7 1 2 7 0 2 7 5 30 3 0 2 7 0 2 7 16 31 2 1 2 7 0 2 7 5 31 3 0 40.3387407064437866
0 2 7 0 2 7 1 2 7 5 31 3 0 2 7 1 2 7 16 6 2 17 9 2 0 2 7 0 2 7 0 2 7 1 2 7 0 2 7 1 2 7 0 2 7 1 2 7 1 2 7 0 2 7 5 31 3 17 9 2 0 2 7 0 2 7 0 2 7 0 2 7 0 2 7 0 2 7 1 2 7 16 6 2 1 2 7 0 2 7 1 2 7 1 2 7 0 2 7 5 30 3 0 2 7 0 2 7 16 31 2 1 2 7 0 2 7 5 31 3 0 40.3387407064437866
0 2 7 0 2 7 1 2 7 5 31 3 0 2 7 1 2 7 16 6 2 17 9 2 0 2 7 0 2 7 0 2 7 1 2 7 0 2 7 1 2 7 0 2 7 1 2 7 1 2 7 0 2 7 5 31 3 17 9 2 0 2 7 0 2 7 0 2 7 0 2 7 0 2 7 0 2 7 1 2 7 16 6 2 1 2 7 0 2 7 1 2 7 1 2 7 0 2 7 5 30 3 0 2 7 0 2 7 16 31 2 1 2 7 0 2 7 5 31 3 0 40.3387407064437866
1 2 7 0 2 7 1 2 7 5 31 3 0 2 7 0 2 7 16 31 2 17 9 2 1 2 7 1 2 7 0 2 7 0 2 7 0 2 7 0 2 7 1 2 7 0 2 7 1 2 7 0 2 7 5 31 3 17 9 2 0 2 7 0 2 7 0 2 7 0 2 7 1 2 7 0 2 7 1 2 7 16 6 2 1 2 7 0 2 7 1 2 7 0 2 7 0 2 7 5 30 3 0 2 7 0 2 7 16 6 2 1 2 7 0 2 7 5 31 3 0 40.3387407064437866
1 2 7 0 2 7 1 2 7 5 31 3 0 2 7 0 2 7 16 31 2 17 9 2 1 2 7 0 2 7 0 2 7 0 2 7 0 2 7 1 2 7 0 2 7 1 2 7 1 2 7 0 2 7 5 31 3 17 9 2 0 2 7 0 2 7 0 2 7 0 2 7 1 2 7 0 2 7 1 2 7 16 6 2 1 2 7 0 2 7 1 2 7 1 2 7 0 2 7 5 30 3 0 2 7 0 2 7 16 6 2 0 2 7 0 2 7 5 31 3 0 40.3387407064437866
MonoObjective Genetic Algorithm
Number of Evaluations = 0
Mutation Probability = 0
Crossover Probability = 1
Population Size = 10
Survival Selection Type = 18
Time =  9034.80454015731812
0 2 7 0 2 7 1 2 7 5 31 3 0 2 7 1 2 7 16 6 2 17 9 2 0 2 7 0 2 7 0 2 7 1 2 7 0 2 7 1 2 7 0 2 7 1 2 7 1 2 7 0 2 7 5 31 3 17 9 2 0 2 7 0 2 7 0 2 7 0 2 7 0 2 7 0 2 7 1 2 7 16 6 2 1 2 7 0 2 7 1 2 7 1 2 7 0 2 7 5 30 3 0 2 7 0 2 7 16 31 2 1 2 7 0 2 7 5 31 3 0 40.3387407064437866
0 2 7 0 2 7 1 2 7 5 31 3 0 2 7 1 2 7 16 6 2 17 9 2 0 2 7 0 2 7 0 2 7 1 2 7 0 2 7 1 2 7 0 2 7 1 2 7 1 2 7 0 2 7 5 31 3 17 9 2 0 2 7 0 2 7 0 2 7 0 2 7 0 2 7 0 2 7 1 2 7 16 6 2 1 2 7 0 2 7 1 2 7 1 2 7 0 2 7 5 30 3 0 2 7 0 2 7 16 31 2 1 2 7 0 2 7 5 31 3 0 40.3387407064437866
1 2 7 0 2 7 1 2 7 5 31 3 0 2 7 0 2 7 16 31 2 17 9 2 1 2 7 0 2 7 0 2 7 0 2 7 0 2 7 1 2 7 0 2 7 1 2 7 1 2 7 0 2 7 5 31 3 17 9 2 0 2 7 0 2 7 0 2 7 0 2 7 0 2 7 0 2 7 1 2 7 16 6 2 1 2 7 0 2 7 1 2 7 1 2 7 0 2 7 5 30 3 0 2 7 0 2 7 16 6 2 1 2 7 0 2 7 5 31 3 0 40.3387407064437866
0 2 7 0 2 7 1 2 7 5 31 3 0 2 7 1 2 7 16 6 2 17 9 2 0 2 7 0 2 7 0 2 7 1 2 7 0 2 7 1 2 7 0 2 7 1 2 7 1 2 7 0 2 7 5 31 3 17 9 2 0 2 7 0 2 7 0 2 7 0 2 7 1 2 7 0 2 7 1 2 7 16 6 2 1 2 7 0 2 7 1 2 7 1 2 7 0 2 7 5 30 3 0 2 7 0 2 7 16 31 2 0 2 7 0 2 7 5 31 3 0 40.3387407064437866
0 2 7 0 2 7 1 2 7 5 31 3 0 2 7 1 2 7 16 6 2 17 9 2 0 2 7 0 2 7 0 2 7 1 2 7 0 2 7 1 2 7 0 2 7 1 2 7 1 2 7 0 2 7 5 31 3 17 9 2 0 2 7 0 2 7 0 2 7 0 2 7 0 2 7 0 2 7 1 2 7 16 6 2 1 2 7 0 2 7 1 2 7 1 2 7 0 2 7 5 30 3 0 2 7 0 2 7 16 31 2 1 2 7 0 2 7 5 31 3 0 40.3387407064437866
0 2 7 0 2 7 1 2 7 5 31 3 0 2 7 1 2 7 16 6 2 17 9 2 0 2 7 0 2 7 0 2 7 1 2 7 0 2 7 1 2 7 0 2 7 1 2 7 1 2 7 0 2 7 5 31 3 17 9 2 0 2 7 0 2 7 0 2 7 0 2 7 0 2 7 0 2 7 1 2 7 16 6 2 1 2 7 0 2 7 1 2 7 1 2 7 0 2 7 5 30 3 0 2 7 0 2 7 16 31 2 1 2 7 0 2 7 5 31 3 0 40.3387407064437866
0 2 7 0 2 7 1 2 7 5 31 3 0 2 7 1 2 7 16 6 2 17 9 2 0 2 7 0 2 7 0 2 7 1 2 7 0 2 7 1 2 7 0 2 7 1 2 7 1 2 7 0 2 7 5 31 3 17 9 2 0 2 7 0 2 7 0 2 7 0 2 7 0 2 7 0 2 7 1 2 7 16 6 2 1 2 7 0 2 7 1 2 7 1 2 7 0 2 7 5 30 3 0 2 7 0 2 7 16 31 2 1 2 7 0 2 7 5 31 3 0 40.3387407064437866
0 2 7 0 2 7 1 2 7 5 31 3 0 2 7 1 2 7 16 6 2 17 9 2 0 2 7 0 2 7 0 2 7 1 2 7 0 2 7 1 2 7 0 2 7 1 2 7 1 2 7 0 2 7 5 31 3 17 9 2 0 2 7 0 2 7 0 2 7 0 2 7 0 2 7 0 2 7 1 2 7 16 6 2 1 2 7 0 2 7 1 2 7 1 2 7 0 2 7 5 30 3 0 2 7 0 2 7 16 31 2 1 2 7 0 2 7 5 31 3 0 40.3387407064437866
1 2 7 0 2 7 1 2 7 5 31 3 0 2 7 0 2 7 16 31 2 17 9 2 1 2 7 1 2 7 0 2 7 0 2 7 0 2 7 0 2 7 1 2 7 0 2 7 1 2 7 0 2 7 5 31 3 17 9 2 0 2 7 0 2 7 0 2 7 0 2 7 1 2 7 0 2 7 1 2 7 16 6 2 1 2 7 0 2 7 1 2 7 0 2 7 0 2 7 5 30 3 0 2 7 0 2 7 16 6 2 1 2 7 0 2 7 5 31 3 0 40.3387407064437866
1 2 7 0 2 7 1 2 7 5 31 3 0 2 7 0 2 7 16 31 2 17 9 2 1 2 7 0 2 7 0 2 7 0 2 7 0 2 7 1 2 7 0 2 7 1 2 7 1 2 7 0 2 7 5 31 3 17 9 2 0 2 7 0 2 7 0 2 7 0 2 7 1 2 7 0 2 7 1 2 7 16 6 2 1 2 7 0 2 7 1 2 7 1 2 7 0 2 7 5 30 3 0 2 7 0 2 7 16 6 2 0 2 7 0 2 7 5 31 3 0 40.3387407064437866
