0 2 7 1 2 4 5 31 3 5 30 3 17 9 2 1 2 7 1 2 7 0 2 7 12 16 2 6 2 7 17 9 2 1 2 7 0 2 7 0 2 7 0 2 4 0 2 7 0 2 7 0 2 7 13 6 3 12 16 2 0 20.3487167954444885
0 2 7 1 2 7 5 31 3 5 31 3 6 2 4 0 2 7 0 2 4 0 2 7 12 16 2 0 2 7 16 6 2 0 2 7 1 2 7 1 2 7 0 2 7 17 18 2 0 2 7 0 2 7 1 2 7 0 2 7 0 20.4595978856086731
0 2 7 1 2 4 5 31 3 5 31 3 0 2 7 0 2 7 0 2 7 1 2 7 12 16 2 0 2 7 16 6 2 0 2 4 0 2 7 1 2 7 6 2 7 17 18 2 0 2 7 1 2 7 0 2 7 0 2 7 0 20.4595978856086731
1 2 7 0 2 7 5 31 3 5 31 3 6 2 4 0 2 7 0 2 7 0 2 7 12 16 2 0 2 7 16 6 2 0 2 7 1 2 7 1 2 7 0 2 7 17 18 2 0 2 7 0 2 7 1 2 4 0 2 7 0 20.4595978856086731
0 2 10 1 2 7 0 2 7 5 9 2 6 18 7 0 2 7 0 2 3 0 2 7 12 16 3 0 2 4 5 31 2 1 2 7 1 2 4 0 2 7 1 2 7 1 18 2 0 2 7 1 2 7 0 2 7 0 2 7 844949.858688376611 20.7989217638969421
0 2 7 1 2 7 0 2 4 0 2 4 17 9 2 0 2 7 5 30 3 1 2 7 12 16 2 0 2 7 17 9 2 6 2 7 1 2 7 5 31 3 0 2 7 1 2 7 0 2 7 0 2 7 13 6 3 12 16 2 0 20.3487167954444885
0 2 7 0 2 7 1 2 7 17 9 2 17 18 2 0 2 7 1 2 4 0 2 7 5 30 3 0 2 7 5 31 3 1 2 6 1 2 7 1 2 7 1 2 7 0 2 10 0 2 7 0 2 7 0 2 7 0 2 7 0 20.5624668598175049
0 2 10 1 2 7 0 2 7 17 9 2 17 18 2 0 2 7 1 2 3 0 2 7 5 30 3 0 2 4 5 31 3 1 2 7 0 2 4 0 2 7 1 2 7 1 2 7 0 2 7 0 2 10 1 2 7 0 2 7 0 20.5764669179916382
5 31 3 0 2 12 0 2 7 8 18 2 16 6 2 0 2 7 1 2 7 0 2 7 12 16 2 0 2 3 0 2 7 5 30 3 0 2 3 1 2 7 1 2 7 1 2 7 0 2 7 0 2 4 1 2 7 17 18 2 0 20.769278883934021
0 2 7 1 2 7 5 31 3 17 31 3 17 2 2 0 2 7 1 2 7 0 2 7 5 30 2 0 2 4 16 6 3 0 2 7 0 2 7 0 2 7 0 2 7 17 2 7 0 2 4 0 2 10 1 2 7 1 2 7 360429.246644360654 20.2371430397033691
0 2 7 1 2 7 5 31 3 5 30 3 17 9 2 1 2 7 1 2 7 0 2 7 0 2 7 1 2 7 17 9 2 1 2 7 0 2 7 0 2 7 0 2 7 0 2 7 0 2 7 0 2 7 13 6 3 12 16 2 0 20.2646257877349854
0 2 7 1 2 4 5 31 3 5 30 3 17 9 2 1 2 7 1 2 7 0 2 7 12 16 2 6 2 7 17 9 2 1 2 7 0 2 7 0 2 7 0 2 4 0 2 7 0 2 7 0 2 7 13 6 3 12 16 2 0 20.3487167954444885
1 2 7 1 2 7 0 2 7 0 2 7 17 18 2 13 6 3 1 2 7 0 2 4 12 16 2 0 2 7 12 16 2 0 2 7 0 2 7 0 2 7 1 2 4 6 2 7 5 30 3 5 31 3 17 9 2 0 2 7 0 20.3487167954444885
0 2 7 1 2 7 0 2 4 0 2 4 17 9 2 0 2 7 5 30 3 1 2 7 12 16 2 0 2 7 17 9 2 6 2 7 1 2 7 5 31 3 0 2 7 1 2 7 0 2 7 0 2 7 13 6 3 12 16 2 0 20.3487167954444885
0 2 7 1 2 4 5 31 3 5 31 3 0 2 7 1 2 7 0 2 7 6 2 7 12 16 2 0 2 4 16 6 2 0 2 7 0 2 7 1 2 7 0 2 7 17 18 2 0 2 7 0 2 7 1 2 7 0 2 7 0 20.4595978856086731
6 2 7 1 2 7 5 31 3 5 31 3 0 2 7 0 2 7 0 2 7 1 2 7 12 16 2 0 2 7 16 6 2 0 2 7 1 2 7 0 2 7 0 2 4 17 18 2 0 2 4 0 2 7 1 2 7 0 2 7 0 20.4595978856086731
0 2 7 0 2 7 1 2 7 17 9 2 17 18 2 0 2 7 1 2 4 0 2 7 5 30 3 0 2 7 5 31 3 1 2 6 1 2 7 1 2 7 1 2 7 0 2 10 0 2 7 0 2 7 0 2 7 0 2 7 0 20.5624668598175049
0 2 10 1 2 7 0 2 7 17 9 2 17 18 2 0 2 7 1 2 3 0 2 7 5 30 3 0 2 4 5 31 3 1 2 7 0 2 4 0 2 7 1 2 7 1 2 7 0 2 7 0 2 10 1 2 7 0 2 7 0 20.5764669179916382
0 2 7 0 2 7 0 2 7 17 18 2 16 6 2 12 16 2 5 30 3 1 2 7 12 16 2 0 2 7 0 2 7 12 16 2 13 6 3 0 2 3 0 2 4 1 2 7 1 2 11 0 2 7 5 30 3 8 18 2 0 20.6301085948944092
0 2 7 16 31 2 5 30 3 5 30 3 1 2 7 0 2 7 1 2 3 0 2 3 12 16 2 0 2 7 17 9 2 0 2 7 1 2 4 0 2 4 1 2 7 0 2 11 0 2 10 0 2 7 1 2 3 0 2 7 0 20.8012489080429077
1 2 7 0 2 7 13 6 3 5 30 3 17 9 2 0 2 7 5 31 3 0 2 7 12 16 2 1 2 7 17 9 2 1 2 7 0 2 7 0 2 7 0 2 7 0 2 7 1 2 7 0 2 7 0 2 7 1 2 7 0 20.2646257877349854
1 2 7 1 2 7 0 2 7 0 2 7 17 18 2 13 6 3 1 2 7 0 2 7 12 16 2 0 2 7 0 2 7 0 2 7 0 2 7 0 2 7 1 2 7 1 2 7 5 30 3 5 31 3 17 9 2 0 2 7 0 20.2646257877349854
1 2 7 1 2 7 0 2 7 0 2 7 17 18 2 13 6 3 1 2 7 0 2 4 12 16 2 0 2 7 12 16 2 0 2 7 0 2 7 0 2 7 1 2 4 6 2 7 5 30 3 5 31 3 17 9 2 0 2 7 0 20.3487167954444885
0 2 7 1 2 7 0 2 4 0 2 4 17 9 2 0 2 7 5 30 3 1 2 7 12 16 2 0 2 7 17 9 2 6 2 7 1 2 7 5 31 3 0 2 7 1 2 7 0 2 7 0 2 7 13 6 3 12 16 2 0 20.3487167954444885
0 2 7 0 2 4 1 2 7 5 31 3 16 6 2 0 2 7 0 2 7 0 2 7 12 16 2 0 2 7 17 9 2 0 2 7 6 2 7 1 2 7 0 2 7 0 2 7 0 2 7 1 2 7 5 31 3 1 2 4 0 20.4595978856086731
0 2 7 0 2 7 1 2 7 17 9 2 17 18 2 0 2 7 1 2 4 0 2 7 5 30 3 0 2 7 5 31 3 1 2 6 1 2 7 1 2 7 1 2 7 0 2 10 0 2 7 0 2 7 0 2 7 0 2 7 0 20.5624668598175049
6 2 7 1 2 7 5 31 3 5 31 3 0 2 7 0 2 7 0 2 7 1 2 7 12 16 2 0 2 7 16 6 2 0 2 7 1 2 7 0 2 7 0 2 4 17 18 2 0 2 4 0 2 7 1 2 7 0 2 7 0 20.4595978856086731
0 2 10 1 2 7 0 2 7 17 9 2 17 18 2 0 2 7 1 2 3 0 2 7 5 30 3 0 2 4 5 31 3 1 2 7 0 2 4 0 2 7 1 2 7 1 2 7 0 2 7 0 2 10 1 2 7 0 2 7 0 20.5764669179916382
0 2 7 0 2 7 0 2 7 17 18 2 16 6 2 12 16 2 5 30 3 1 2 7 12 16 2 0 2 7 0 2 7 12 16 2 13 6 3 0 2 3 0 2 4 1 2 7 1 2 11 0 2 7 5 30 3 8 18 2 0 20.6301085948944092
0 2 7 1 2 7 1 2 7 17 2 2 17 9 2 0 2 7 1 30 3 1 2 7 5 16 3 0 2 7 17 31 2 1 2 6 1 2 7 5 31 3 1 2 7 0 2 7 0 2 7 0 2 7 13 6 7 12 16 7 328293.816741135437 20.0880728960037231
0 2 7 1 2 7 0 2 7 0 2 7 1 2 7 13 6 3 0 2 7 1 2 7 1 2 7 0 2 7 12 16 2 1 2 7 5 31 3 0 2 7 0 2 7 0 2 7 17 9 2 5 30 3 17 9 2 0 2 7 0 20.2646257877349854
1 2 7 1 2 7 0 2 7 0 2 7 17 18 2 13 6 3 1 2 7 0 2 7 12 16 2 0 2 7 1 2 7 0 2 7 0 2 7 0 2 7 1 2 7 0 2 7 5 30 3 5 31 3 17 9 2 0 2 7 0 20.2646257877349854
1 2 7 1 2 7 0 2 7 0 2 7 17 18 2 13 6 3 1 2 7 0 2 4 12 16 2 0 2 7 12 16 2 0 2 7 0 2 7 0 2 7 1 2 4 6 2 7 5 30 3 5 31 3 17 9 2 0 2 7 0 20.3487167954444885
0 2 7 1 2 7 0 2 4 0 2 4 17 9 2 0 2 7 5 30 3 1 2 7 12 16 2 0 2 7 17 9 2 6 2 7 1 2 7 5 31 3 0 2 7 1 2 7 0 2 7 0 2 7 13 6 3 12 16 2 0 20.3487167954444885
0 2 7 0 2 4 1 2 7 5 31 3 16 6 2 0 2 7 0 2 7 0 2 7 12 16 2 0 2 7 17 9 2 0 2 7 6 2 7 1 2 7 0 2 7 0 2 7 0 2 7 1 2 7 5 31 3 1 2 4 0 20.4595978856086731
0 2 7 1 2 7 1 2 7 17 9 2 17 18 2 0 2 7 1 2 3 0 2 7 5 30 3 0 2 3 5 31 3 0 2 7 1 2 4 0 2 7 1 2 7 0 2 7 0 2 7 1 2 7 0 2 7 0 2 4 0 20.5684669017791748
6 2 7 1 2 7 5 31 3 5 31 3 0 2 7 0 2 7 0 2 7 1 2 7 12 16 2 0 2 7 16 6 2 0 2 7 1 2 7 0 2 7 0 2 4 17 18 2 0 2 4 0 2 7 1 2 7 0 2 7 0 20.4595978856086731
0 2 10 1 2 7 0 2 7 17 9 2 17 18 2 0 2 7 1 2 3 0 2 7 5 30 3 0 2 4 5 31 3 1 2 7 0 2 4 0 2 7 1 2 7 1 2 7 0 2 7 0 2 10 1 2 7 0 2 7 0 20.5764669179916382
0 2 7 0 2 7 0 2 7 17 18 2 16 6 2 12 16 2 5 30 3 1 2 7 12 16 2 0 2 7 0 2 7 12 16 2 13 6 3 0 2 3 0 2 4 1 2 7 1 2 11 0 2 7 5 30 3 8 18 2 0 20.6301085948944092
6 2 7 1 2 7 0 2 3 5 31 3 0 2 2 0 2 2 0 2 3 1 2 7 12 16 2 0 2 7 16 6 2 12 2 2 1 2 3 0 2 7 0 2 4 17 2 7 0 2 4 0 2 7 1 2 7 0 2 7 48697.5519962257677 20.7698671221733093
0 2 7 0 2 7 1 2 7 0 2 7 17 9 2 13 6 3 0 2 7 0 2 7 12 16 2 1 2 7 5 30 3 0 2 7 1 2 7 1 2 7 0 2 7 1 2 7 5 31 3 0 2 7 17 9 2 0 2 7 0 20.2646257877349854
0 2 7 1 2 7 0 2 7 0 2 7 17 18 2 0 2 7 1 2 7 0 2 7 12 16 2 0 2 7 17 9 2 1 2 7 1 2 7 5 31 3 0 2 7 1 2 7 5 30 3 0 2 7 13 6 3 0 2 7 0 20.2646257877349854
1 2 7 1 2 7 0 2 7 0 2 7 17 18 2 13 6 3 1 2 7 0 2 4 12 16 2 0 2 7 12 16 2 0 2 7 0 2 7 0 2 7 1 2 4 6 2 7 5 30 3 5 31 3 17 9 2 0 2 7 0 20.3487167954444885
0 2 7 1 2 7 0 2 4 0 2 4 17 9 2 0 2 7 5 30 3 1 2 7 12 16 2 0 2 7 17 9 2 6 2 7 1 2 7 5 31 3 0 2 7 1 2 7 0 2 7 0 2 7 13 6 3 12 16 2 0 20.3487167954444885
6 2 7 1 2 7 5 31 3 5 31 3 0 2 7 0 2 7 0 2 7 1 2 7 12 16 2 0 2 7 16 6 2 0 2 7 1 2 7 0 2 7 0 2 4 17 18 2 0 2 4 0 2 7 1 2 7 0 2 7 0 20.4595978856086731
0 2 4 1 2 7 5 30 3 1 2 11 0 2 7 1 2 10 0 2 7 0 2 7 17 9 2 0 2 7 0 2 11 1 2 7 0 2 4 0 2 7 0 2 7 17 9 2 5 31 3 1 2 4 1 2 7 0 2 7 0 20.6016669273376465
0 2 7 1 2 7 0 2 7 17 9 2 12 16 2 0 2 7 1 2 4 0 2 7 16 6 2 1 2 7 5 31 3 0 2 7 6 2 7 0 2 7 0 2 7 0 2 7 0 2 7 1 2 4 5 31 3 0 2 7 0 20.4595978856086731
0 2 7 0 2 7 0 2 7 17 18 2 16 6 2 12 16 2 5 30 3 1 2 7 12 16 2 0 2 7 0 2 7 12 16 2 13 6 3 0 2 3 0 2 4 1 2 7 1 2 11 0 2 7 5 30 3 8 18 2 0 20.6301085948944092
0 2 3 1 2 7 0 2 11 16 19 11 12 16 2 5 30 3 0 2 7 0 2 7 16 6 2 0 2 8 0 2 3 0 2 8 5 30 3 0 2 7 0 2 7 5 31 3 0 2 11 0 2 3 0 2 7 0 2 7 0 21.8655359745025635
0 2 7 0 2 3 5 30 3 0 2 3 16 6 2 0 2 3 0 2 7 0 2 12 0 2 3 0 2 8 0 2 7 0 2 3 5 31 3 6 2 7 0 2 11 5 30 3 16 19 11 12 16 2 1 2 3 0 2 7 0 21.93047696352005
0 2 7 1 2 7 5 31 3 0 2 7 17 9 2 13 6 3 1 2 7 0 2 7 12 16 2 0 2 7 0 2 7 0 2 7 0 2 7 1 2 7 1 2 7 1 2 7 5 30 3 0 2 7 17 9 2 0 2 7 0 20.2646257877349854
1 2 7 1 2 7 0 2 7 1 2 7 17 18 2 13 6 3 0 2 7 0 2 7 12 16 2 0 2 7 1 2 7 0 2 7 0 2 7 0 2 7 1 2 7 0 2 7 5 30 3 5 31 3 17 9 2 0 2 7 0 20.2646257877349854
6 2 7 0 2 7 1 2 4 13 6 3 17 18 2 12 16 2 0 2 7 1 2 4 17 9 2 1 2 7 12 16 2 1 2 7 0 2 7 0 2 7 0 2 7 0 2 7 5 31 3 5 30 3 0 2 7 0 2 7 0 20.3487167954444885
0 2 7 1 2 7 0 2 4 0 2 4 17 9 2 0 2 7 5 30 3 1 2 7 12 16 2 0 2 7 17 9 2 6 2 7 1 2 7 5 31 3 0 2 7 1 2 7 0 2 7 0 2 7 13 6 3 12 16 2 0 20.3487167954444885
0 2 7 1 2 7 0 2 7 17 9 2 12 16 2 0 2 7 1 2 4 0 2 7 16 6 2 1 2 7 5 31 3 0 2 7 6 2 7 0 2 7 0 2 7 0 2 7 0 2 7 1 2 4 5 31 3 0 2 7 0 20.4595978856086731
6 2 7 1 2 7 5 31 3 5 31 3 0 2 7 0 2 7 0 2 7 1 2 7 12 16 2 0 2 7 16 6 2 0 2 7 1 2 7 0 2 7 0 2 4 17 18 2 0 2 4 0 2 7 1 2 7 0 2 7 0 20.4595978856086731
0 2 4 1 2 7 5 30 3 1 2 11 0 2 7 1 2 10 0 2 7 0 2 7 17 9 2 0 2 7 0 2 11 1 2 7 0 2 4 0 2 7 0 2 7 17 9 2 5 31 3 1 2 4 1 2 7 0 2 7 0 20.6016669273376465
0 2 7 0 2 7 0 2 7 17 18 2 16 6 2 12 16 2 5 30 3 1 2 7 12 16 2 0 2 7 0 2 7 12 16 2 13 6 3 0 2 3 0 2 4 1 2 7 1 2 11 0 2 7 5 30 3 8 18 2 0 20.6301085948944092
0 2 7 0 2 3 0 2 7 1 2 7 16 6 2 0 2 7 0 2 7 0 2 3 16 6 2 12 16 2 1 2 4 0 2 7 5 30 3 0 2 7 0 2 3 1 2 7 15 2 11 0 2 3 5 31 3 12 16 2 0 20.9683817625045776
1 2 4 1 2 7 0 30 3 1 2 11 17 2 7 1 2 10 0 2 7 0 2 7 12 16 2 0 2 7 1 2 11 1 2 7 0 2 7 0 2 7 1 2 7 0 2 2 5 30 3 1 2 3 1 2 2 0 2 7 315479.892967763415 20.3824458122253418
1 2 7 1 2 7 0 2 7 0 2 7 17 9 2 13 6 3 1 2 7 0 2 7 12 16 2 0 2 7 0 2 7 0 2 7 0 2 7 1 2 7 1 2 7 0 2 7 5 30 3 5 31 3 17 9 2 0 2 7 0 20.2646257877349854
1 2 7 0 2 7 1 2 7 0 2 7 17 9 2 5 30 3 0 2 7 1 2 7 1 2 7 1 2 7 0 2 7 0 2 7 13 6 3 12 16 2 0 2 7 0 2 7 0 2 7 0 2 7 17 18 2 5 31 3 0 20.2646257877349854
6 2 7 0 2 7 1 2 4 13 6 3 17 18 2 12 16 2 0 2 7 1 2 4 17 9 2 1 2 7 12 16 2 1 2 7 0 2 7 0 2 7 0 2 7 0 2 7 5 31 3 5 30 3 0 2 7 0 2 7 0 20.3487167954444885
0 2 7 1 2 7 0 2 4 0 2 4 17 9 2 0 2 7 5 30 3 1 2 7 12 16 2 0 2 7 17 9 2 6 2 7 1 2 7 5 31 3 0 2 7 1 2 7 0 2 7 0 2 7 13 6 3 12 16 2 0 20.3487167954444885
0 2 7 1 2 7 0 2 7 17 9 2 12 16 2 0 2 7 1 2 4 0 2 7 16 6 2 1 2 7 5 31 3 0 2 7 6 2 7 0 2 7 0 2 7 0 2 7 0 2 7 1 2 4 5 31 3 0 2 7 0 20.4595978856086731
6 2 7 1 2 7 5 31 3 5 31 3 0 2 7 0 2 7 0 2 7 1 2 7 12 16 2 0 2 7 16 6 2 0 2 7 1 2 7 0 2 7 0 2 4 17 18 2 0 2 4 0 2 7 1 2 7 0 2 7 0 20.4595978856086731
0 2 4 1 2 7 5 30 3 1 2 11 0 2 7 1 2 10 0 2 7 0 2 7 17 9 2 0 2 7 0 2 11 1 2 7 0 2 4 0 2 7 0 2 7 17 9 2 5 31 3 1 2 4 1 2 7 0 2 7 0 20.6016669273376465
0 2 7 0 2 7 0 2 7 17 18 2 16 6 2 12 16 2 5 30 3 1 2 7 12 16 2 0 2 7 0 2 7 12 16 2 13 6 3 0 2 3 0 2 4 1 2 7 1 2 11 0 2 7 5 30 3 8 18 2 0 20.6301085948944092
0 2 7 0 2 3 0 2 7 1 2 7 16 6 2 0 2 7 0 2 7 0 2 3 16 6 2 12 16 2 1 2 4 0 2 7 5 30 3 0 2 7 0 2 3 1 2 7 15 2 11 0 2 3 5 31 3 12 16 2 0 20.9683817625045776
0 2 8 1 2 3 5 30 3 1 2 12 16 19 11 0 2 3 16 6 2 0 2 3 0 2 8 0 2 3 12 16 2 1 2 7 0 2 7 0 2 3 0 2 8 0 2 3 5 30 3 0 2 7 0 2 7 5 31 3 0 22.0924320220947266
1 2 7 1 2 7 0 2 7 0 2 7 17 9 2 13 6 3 1 2 7 0 2 7 12 16 2 0 2 7 0 2 7 0 2 7 0 2 7 1 2 7 1 2 7 0 2 7 5 30 3 5 31 3 17 9 2 0 2 7 0 20.2646257877349854
0 2 7 0 2 7 1 2 7 13 6 3 17 18 2 12 16 2 0 2 7 1 2 7 17 9 2 1 2 7 1 2 7 1 2 7 0 2 7 0 2 7 0 2 7 0 2 7 5 31 3 5 30 3 0 2 7 0 2 7 0 20.2646257877349854
6 2 7 0 2 7 1 2 4 13 6 3 17 18 2 12 16 2 0 2 7 1 2 4 17 9 2 1 2 7 12 16 2 1 2 7 0 2 7 0 2 7 0 2 7 0 2 7 5 31 3 5 30 3 0 2 7 0 2 7 0 20.3487167954444885
0 2 7 1 2 7 0 2 4 0 2 4 17 9 2 0 2 7 5 30 3 1 2 7 12 16 2 0 2 7 17 9 2 6 2 7 1 2 7 5 31 3 0 2 7 1 2 7 0 2 7 0 2 7 13 6 3 12 16 2 0 20.3487167954444885
16 6 2 1 2 7 6 2 4 0 2 7 0 2 7 0 2 7 0 2 7 1 2 7 12 16 2 0 2 7 5 31 3 0 2 7 1 2 7 0 2 7 0 2 7 0 2 4 17 18 2 5 31 3 1 2 7 0 2 7 0 20.4595978856086731
0 2 7 1 2 7 0 2 7 17 9 2 12 16 2 0 2 7 1 2 4 0 2 7 16 6 2 1 2 7 5 31 3 0 2 7 6 2 7 0 2 7 0 2 7 0 2 7 0 2 7 1 2 4 5 31 3 0 2 7 0 20.4595978856086731
0 2 4 1 2 7 5 30 3 1 2 11 0 2 7 1 2 10 0 2 7 0 2 7 17 9 2 0 2 7 0 2 11 1 2 7 0 2 4 0 2 7 0 2 7 17 9 2 5 31 3 1 2 4 1 2 7 0 2 7 0 20.6016669273376465
0 2 7 0 2 7 0 2 7 17 18 2 16 6 2 12 16 2 5 30 3 1 2 7 12 16 2 0 2 7 0 2 7 12 16 2 13 6 3 0 2 3 0 2 4 1 2 7 1 2 11 0 2 7 5 30 3 8 18 2 0 20.6301085948944092
0 2 7 0 2 3 0 2 7 1 2 7 16 6 2 0 2 7 0 2 7 0 2 3 16 6 2 12 16 2 1 2 4 0 2 7 5 30 3 0 2 7 0 2 3 1 2 7 15 2 11 0 2 3 5 31 3 12 16 2 0 20.9683817625045776
0 2 7 1 2 7 0 2 4 0 2 2 16 9 2 12 16 2 5 30 3 1 2 7 12 16 2 0 2 7 17 9 2 6 2 2 1 2 3 5 31 3 0 2 7 1 2 7 1 2 11 0 2 7 5 6 3 12 16 2 45928.3606004350731 21.3786417245864868
1 2 7 0 2 7 1 2 7 13 6 3 17 18 2 12 16 2 0 2 7 1 2 7 0 2 7 5 31 3 17 18 2 0 2 7 0 2 7 0 2 7 0 2 7 0 2 7 5 30 3 0 2 7 1 2 7 1 2 7 0 20.2646257877349854
1 2 7 0 2 7 0 2 7 0 2 7 17 9 2 12 16 2 1 2 7 0 2 7 0 2 7 13 6 3 17 18 2 1 2 7 0 2 7 5 30 3 1 2 7 0 2 7 5 31 3 0 2 7 1 2 7 0 2 7 0 20.2646257877349854
1 2 7 1 2 7 0 2 7 0 2 7 17 9 2 13 6 3 1 2 7 0 2 7 12 16 2 0 2 7 0 2 7 0 2 7 0 2 7 1 2 7 1 2 7 0 2 7 5 30 3 5 31 3 17 9 2 0 2 7 0 20.2646257877349854
0 2 7 0 2 7 1 2 7 0 2 7 17 9 2 12 16 2 5 30 3 0 2 7 12 16 2 1 2 7 17 9 2 0 2 7 6 2 7 5 31 3 1 2 7 1 2 4 0 2 4 0 2 7 13 6 3 0 2 7 0 20.3487167954444885
0 2 7 1 2 7 0 2 4 0 2 4 17 9 2 0 2 7 5 30 3 1 2 7 12 16 2 0 2 7 17 9 2 6 2 7 1 2 7 5 31 3 0 2 7 1 2 7 0 2 7 0 2 7 13 6 3 12 16 2 0 20.3487167954444885
6 2 7 0 2 7 1 2 4 13 6 3 17 18 2 12 16 2 0 2 7 1 2 4 17 9 2 1 2 7 12 16 2 1 2 7 0 2 7 0 2 7 0 2 7 0 2 7 5 31 3 5 30 3 0 2 7 0 2 7 0 20.3487167954444885
16 6 2 1 2 4 0 2 7 0 2 7 1 2 7 17 9 2 0 2 7 0 2 7 12 16 2 0 2 7 0 2 7 0 2 4 0 2 7 1 2 7 6 2 7 0 2 7 5 31 3 5 31 3 0 2 7 1 2 7 0 20.4595978856086731
0 2 4 1 2 7 5 30 3 1 2 11 0 2 7 1 2 10 0 2 7 0 2 7 17 9 2 0 2 7 0 2 11 1 2 7 0 2 4 0 2 7 0 2 7 17 9 2 5 31 3 1 2 4 1 2 7 0 2 7 0 20.6016669273376465
0 2 7 0 2 7 0 2 7 17 18 2 16 6 2 12 16 2 5 30 3 1 2 7 12 16 2 0 2 7 0 2 7 12 16 2 13 6 3 0 2 3 0 2 4 1 2 7 1 2 11 0 2 7 5 30 3 8 18 2 0 20.6301085948944092
0 2 7 0 2 3 0 2 7 1 2 7 16 6 2 0 2 7 0 2 7 0 2 3 16 6 2 12 16 2 1 2 4 0 2 7 5 30 3 0 2 7 0 2 3 1 2 7 15 2 11 0 2 3 5 31 3 12 16 2 0 20.9683817625045776
1 2 7 1 2 7 0 2 7 0 2 7 17 9 2 13 6 3 1 2 7 0 2 7 12 16 2 0 2 7 0 2 7 0 2 7 0 2 7 1 2 7 1 2 7 0 2 7 5 30 3 5 31 3 17 9 2 0 2 7 0 20.2646257877349854
1 2 7 0 2 7 1 2 7 0 2 7 17 9 2 12 16 2 0 2 7 13 6 3 0 2 7 5 30 3 17 18 2 1 2 7 0 2 7 1 2 7 0 2 7 0 2 7 5 31 3 0 2 7 0 2 7 1 2 7 0 20.2646257877349854
1 2 7 0 2 7 1 2 7 13 6 3 17 18 2 12 16 2 0 2 7 1 2 7 0 2 7 5 31 3 17 18 2 0 2 7 0 2 7 0 2 7 0 2 7 0 2 7 5 30 3 0 2 7 1 2 7 1 2 7 0 20.2646257877349854
0 2 7 0 2 7 1 2 7 0 2 7 17 9 2 12 16 2 5 30 3 0 2 7 12 16 2 1 2 7 17 9 2 0 2 7 6 2 7 5 31 3 1 2 7 1 2 4 0 2 4 0 2 7 13 6 3 0 2 7 0 20.3487167954444885
1 2 7 17 9 2 0 2 7 0 2 7 17 18 2 12 16 2 1 2 7 1 2 7 12 16 2 0 2 7 6 2 4 0 2 7 1 2 4 5 30 3 0 2 7 0 2 7 0 2 7 5 31 3 13 6 3 0 2 7 0 20.3487167954444885
0 2 7 17 18 2 0 2 7 6 2 7 17 9 2 1 2 7 5 31 3 1 2 4 12 16 2 1 2 4 0 2 7 13 6 3 0 2 7 0 2 7 0 2 7 1 2 7 0 2 7 12 16 2 5 30 3 0 2 7 0 20.3487167954444885
1 2 7 17 18 2 1 2 4 1 2 7 17 18 2 12 16 2 0 2 7 0 2 7 12 16 2 0 2 7 0 2 7 0 2 7 5 31 3 0 2 4 6 2 7 1 2 7 0 2 7 5 30 3 13 6 3 0 2 7 0 20.3487167954444885
0 2 7 1 2 7 0 2 4 0 2 4 17 9 2 0 2 7 5 30 3 1 2 7 12 16 2 0 2 7 17 9 2 6 2 7 1 2 7 5 31 3 0 2 7 1 2 7 0 2 7 0 2 7 13 6 3 12 16 2 0 20.3487167954444885
16 6 2 1 2 4 0 2 7 0 2 7 1 2 7 17 9 2 0 2 7 0 2 7 12 16 2 0 2 7 0 2 7 0 2 4 0 2 7 1 2 7 6 2 7 0 2 7 5 31 3 5 31 3 0 2 7 1 2 7 0 20.4595978856086731
0 2 4 1 2 7 5 30 3 1 2 11 0 2 7 1 2 10 0 2 7 0 2 7 17 9 2 0 2 7 0 2 11 1 2 7 0 2 4 0 2 7 0 2 7 17 9 2 5 31 3 1 2 4 1 2 7 0 2 7 0 20.6016669273376465
1 2 7 1 2 7 0 2 7 0 2 7 17 9 2 13 6 3 1 2 7 0 2 7 12 16 2 0 2 7 0 2 7 0 2 7 0 2 7 1 2 7 1 2 7 0 2 7 5 30 3 5 31 3 17 9 2 0 2 7 0 20.2646257877349854
0 2 7 1 2 7 1 2 7 0 2 7 17 9 2 12 16 2 1 2 7 13 6 3 1 2 7 5 30 3 17 18 2 1 2 7 0 2 7 0 2 7 0 2 7 0 2 7 5 31 3 0 2 7 0 2 7 0 2 7 0 20.2646257877349854
0 2 7 17 18 2 0 2 7 1 2 7 17 18 2 1 2 7 0 2 7 1 2 7 12 16 2 0 2 7 0 2 7 0 2 7 5 31 3 0 2 7 1 2 7 1 2 7 0 2 7 5 30 3 13 6 3 0 2 7 0 20.2646257877349854
0 2 7 0 2 7 0 2 7 1 2 4 17 9 2 1 2 7 5 30 3 0 2 7 12 16 2 0 2 4 17 9 2 1 2 7 1 2 7 5 31 3 0 2 7 0 2 7 6 2 7 0 2 7 13 6 3 12 16 2 0 20.3487167954444885
0 2 7 0 2 7 0 2 7 1 2 7 17 18 2 17 9 2 0 2 7 1 2 7 12 16 2 0 2 7 0 2 7 1 2 4 5 30 3 6 2 4 0 2 7 1 2 7 0 2 7 5 31 3 13 6 3 12 16 2 0 20.3487167954444885
0 2 7 1 2 7 0 2 4 0 2 4 17 9 2 0 2 7 5 30 3 1 2 7 12 16 2 0 2 7 17 9 2 6 2 7 1 2 7 5 31 3 0 2 7 1 2 7 0 2 7 0 2 7 13 6 3 12 16 2 0 20.3487167954444885
0 2 7 17 18 2 0 2 7 6 2 7 17 9 2 1 2 7 5 31 3 1 2 4 12 16 2 1 2 4 0 2 7 13 6 3 0 2 7 0 2 7 0 2 7 1 2 7 0 2 7 12 16 2 5 30 3 0 2 7 0 20.3487167954444885
0 2 7 17 18 2 1 2 7 1 2 7 17 18 2 12 16 2 0 2 4 1 2 7 12 16 2 0 2 7 0 2 7 0 2 7 5 31 3 0 2 4 6 2 7 1 2 7 0 2 7 5 30 3 13 6 3 0 2 7 0 20.3487167954444885
16 6 2 1 2 4 0 2 7 0 2 7 1 2 7 17 9 2 0 2 7 0 2 7 12 16 2 0 2 7 0 2 7 0 2 4 0 2 7 1 2 7 6 2 7 0 2 7 5 31 3 5 31 3 0 2 7 1 2 7 0 20.4595978856086731
0 2 4 1 2 7 5 30 3 1 2 11 0 2 7 1 2 10 0 2 7 0 2 7 17 9 2 0 2 7 0 2 11 1 2 7 0 2 4 0 2 7 0 2 7 17 9 2 5 31 3 1 2 4 1 2 7 0 2 7 0 20.6016669273376465
0 2 7 0 2 7 0 2 7 1 2 7 17 9 2 1 2 7 5 30 3 0 2 7 0 2 7 0 2 7 17 9 2 1 2 7 1 2 7 5 31 3 0 2 7 1 2 7 0 2 7 0 2 7 13 6 3 12 16 2 0 20.2646257877349854
0 2 7 0 2 7 0 2 7 1 2 7 17 18 2 0 2 7 0 2 7 0 2 7 12 16 2 0 2 7 1 2 7 1 2 7 5 30 3 0 2 7 1 2 7 1 2 7 0 2 7 5 31 3 13 6 3 17 9 2 0 20.2646257877349854
0 2 7 17 18 2 0 2 7 1 2 7 17 18 2 12 16 2 0 2 7 1 2 7 0 2 7 1 2 7 1 2 7 0 2 7 5 31 3 0 2 7 0 2 7 0 2 7 0 2 7 5 30 3 13 6 3 1 2 7 0 20.2646257877349854
0 2 7 0 2 7 0 2 7 1 2 4 17 9 2 1 2 7 5 30 3 0 2 7 12 16 2 0 2 4 17 9 2 1 2 7 1 2 7 5 31 3 0 2 7 0 2 7 6 2 7 0 2 7 13 6 3 12 16 2 0 20.3487167954444885
0 2 7 17 18 2 0 2 7 6 2 7 17 9 2 1 2 7 5 31 3 1 2 4 12 16 2 1 2 4 0 2 7 13 6 3 0 2 7 0 2 7 0 2 7 1 2 7 0 2 7 12 16 2 5 30 3 0 2 7 0 20.3487167954444885
0 2 7 17 18 2 1 2 7 1 2 7 17 18 2 12 16 2 0 2 4 1 2 7 12 16 2 0 2 7 0 2 7 0 2 7 5 31 3 0 2 4 6 2 7 1 2 7 0 2 7 5 30 3 13 6 3 0 2 7 0 20.3487167954444885
16 6 2 1 2 4 0 2 7 0 2 7 1 2 7 17 9 2 0 2 7 0 2 7 12 16 2 0 2 7 0 2 7 0 2 4 0 2 7 1 2 7 6 2 7 0 2 7 5 31 3 5 31 3 0 2 7 1 2 7 0 20.4595978856086731
0 2 4 1 2 7 5 30 3 1 2 11 0 2 7 1 2 10 0 2 7 0 2 7 17 9 2 0 2 7 0 2 11 1 2 7 0 2 4 0 2 7 0 2 7 17 9 2 5 31 3 1 2 4 1 2 7 0 2 7 0 20.6016669273376465
0 2 3 1 2 3 1 2 7 16 18 11 1 2 7 1 2 4 0 2 3 0 2 7 12 16 2 0 2 7 0 2 7 0 2 7 5 30 3 17 18 2 0 2 7 0 2 7 0 2 7 5 31 3 1 2 7 0 2 4 0 20.9542428851127625
16 6 2 1 2 7 0 2 7 0 2 7 1 2 7 17 9 10 0 2 7 0 2 7 17 16 2 0 2 7 0 2 7 1 2 4 0 2 4 0 2 7 0 2 7 0 2 2 5 31 3 1 2 4 0 2 7 0 2 7 53287.4359298273048 20.2184309959411621
0 2 7 0 2 7 0 2 7 1 2 7 17 9 2 1 2 7 5 30 3 0 2 7 0 2 7 0 2 7 17 9 2 1 2 7 1 2 7 5 31 3 1 2 7 0 2 7 0 2 7 0 2 7 13 6 3 12 16 2 0 20.2646257877349854
0 2 7 0 2 7 0 2 7 1 2 7 17 18 2 0 2 7 0 2 7 0 2 7 12 16 2 0 2 7 1 2 7 1 2 7 5 30 3 0 2 7 1 2 7 1 2 7 0 2 7 5 31 3 13 6 3 17 9 2 0 20.2646257877349854
0 2 7 0 2 7 0 2 7 1 2 7 17 18 2 5 31 3 0 2 7 0 2 7 1 2 7 0 2 7 0 2 7 1 2 7 5 30 3 0 2 7 1 2 7 1 2 7 0 2 7 12 16 2 13 6 3 17 18 2 0 20.2646257877349854
0 2 7 0 2 4 0 2 7 1 2 7 17 9 2 1 2 7 5 30 3 0 2 7 12 16 2 0 2 4 17 9 2 1 2 7 6 2 7 5 31 3 0 2 7 1 2 7 0 2 7 0 2 7 13 6 3 12 16 2 0 20.3487167954444885
0 2 7 0 2 7 0 2 7 1 2 4 17 9 2 1 2 7 5 30 3 0 2 7 12 16 2 0 2 4 17 9 2 1 2 7 6 2 7 5 31 3 0 2 7 1 2 7 0 2 7 0 2 7 13 6 3 12 16 2 0 20.3487167954444885
5 31 3 0 2 7 0 2 7 1 2 7 6 2 7 12 16 2 5 30 3 0 2 7 1 2 7 0 2 7 17 18 2 0 2 4 1 2 7 0 2 7 1 2 7 0 2 7 0 2 4 12 16 2 13 6 3 17 18 2 0 20.3487167954444885
0 2 7 17 18 2 0 2 7 6 2 7 17 9 2 1 2 7 5 31 3 1 2 4 12 16 2 1 2 4 0 2 7 13 6 3 0 2 7 0 2 7 0 2 7 1 2 7 0 2 7 12 16 2 5 30 3 0 2 7 0 20.3487167954444885
16 6 2 1 2 4 0 2 7 0 2 7 1 2 7 17 9 2 0 2 7 0 2 7 12 16 2 0 2 7 0 2 7 0 2 4 0 2 7 1 2 7 6 2 7 0 2 7 5 31 3 5 31 3 0 2 7 1 2 7 0 20.4595978856086731
0 2 4 1 2 7 5 30 3 1 2 11 0 2 7 1 2 10 0 2 7 0 2 7 17 9 2 0 2 7 0 2 11 1 2 7 0 2 4 0 2 7 0 2 7 17 9 2 5 31 3 1 2 4 1 2 7 0 2 7 0 20.6016669273376465
0 2 3 1 2 3 1 2 7 16 18 11 1 2 7 1 2 4 0 2 3 0 2 7 12 16 2 0 2 7 0 2 7 0 2 7 5 30 3 17 18 2 0 2 7 0 2 7 0 2 7 5 31 3 1 2 7 0 2 4 0 20.9542428851127625
5 31 3 1 2 7 0 2 7 0 2 7 0 2 7 1 2 7 5 30 3 0 2 7 0 2 7 1 2 7 17 18 2 0 2 7 1 2 7 0 2 7 0 2 7 0 2 7 1 2 7 12 16 2 13 6 3 17 18 2 0 20.2646257877349854
0 2 7 17 18 2 0 2 7 1 2 7 17 9 2 0 2 7 5 31 3 1 2 7 0 2 7 0 2 7 0 2 7 13 6 3 1 2 7 0 2 7 0 2 7 1 2 7 0 2 7 12 16 2 5 30 3 1 2 7 0 20.2646257877349854
0 2 7 0 2 7 0 2 7 1 2 7 17 9 2 1 2 7 5 30 3 0 2 7 1 2 7 0 2 7 17 9 2 1 2 7 0 2 7 5 31 3 0 2 7 1 2 7 0 2 7 0 2 7 13 6 3 12 16 2 0 20.2646257877349854
0 2 7 0 2 4 0 2 7 1 2 7 17 9 2 1 2 7 5 30 3 0 2 7 12 16 2 0 2 4 17 9 2 1 2 7 6 2 7 5 31 3 0 2 7 1 2 7 0 2 7 0 2 7 13 6 3 12 16 2 0 20.3487167954444885
0 2 7 0 2 7 0 2 7 1 2 4 17 9 2 1 2 7 5 30 3 0 2 7 12 16 2 0 2 4 17 9 2 1 2 7 6 2 7 5 31 3 0 2 7 1 2 7 0 2 7 0 2 7 13 6 3 12 16 2 0 20.3487167954444885
5 31 3 0 2 7 0 2 7 1 2 7 6 2 7 12 16 2 5 30 3 0 2 7 1 2 7 0 2 7 17 18 2 0 2 4 1 2 7 0 2 7 1 2 7 0 2 7 0 2 4 12 16 2 13 6 3 17 18 2 0 20.3487167954444885
0 2 7 17 18 2 0 2 7 6 2 7 17 9 2 1 2 7 5 31 3 1 2 4 12 16 2 1 2 4 0 2 7 13 6 3 0 2 7 0 2 7 0 2 7 1 2 7 0 2 7 12 16 2 5 30 3 0 2 7 0 20.3487167954444885
16 6 2 1 2 4 0 2 7 0 2 7 1 2 7 17 9 2 0 2 7 0 2 7 12 16 2 0 2 7 0 2 7 0 2 4 0 2 7 1 2 7 6 2 7 0 2 7 5 31 3 5 31 3 0 2 7 1 2 7 0 20.4595978856086731
0 2 4 1 2 7 5 30 3 1 2 11 0 2 7 1 2 10 0 2 7 0 2 7 17 9 2 0 2 7 0 2 11 1 2 7 0 2 4 0 2 7 0 2 7 17 9 2 5 31 3 1 2 4 1 2 7 0 2 7 0 20.6016669273376465
5 31 3 0 2 7 0 2 7 0 2 7 0 9 2 1 2 7 5 30 3 0 2 7 12 2 7 0 2 4 17 18 2 0 2 7 1 2 7 0 2 7 0 2 7 0 2 7 0 2 7 12 2 7 13 6 3 17 18 2 28980.1522525178734 20.3344849348068237
5 31 3 0 2 7 0 2 7 1 2 7 0 2 7 1 2 7 5 30 3 1 2 7 0 2 7 1 2 7 17 18 2 1 2 7 0 2 7 0 2 7 0 2 7 0 2 7 0 2 7 12 16 2 13 6 3 17 18 2 0 20.2646257877349854
0 2 7 17 18 2 1 2 7 1 2 7 17 9 2 1 2 7 5 31 3 0 2 7 12 16 2 1 2 7 0 2 7 13 6 3 0 2 7 0 2 7 0 2 7 0 2 7 0 2 7 0 2 7 5 30 3 1 2 7 0 20.2646257877349854
0 2 7 0 2 7 0 2 7 1 2 7 17 9 2 1 2 7 5 30 3 0 2 7 0 2 7 1 2 7 17 9 2 1 2 7 0 2 7 5 31 3 0 2 7 1 2 7 0 2 7 0 2 7 13 6 3 12 16 2 0 20.2646257877349854
5 31 3 1 2 7 0 2 7 1 2 7 6 2 7 12 16 2 5 30 3 0 2 7 1 2 7 0 2 7 17 18 2 0 2 7 1 2 7 0 2 4 0 2 4 0 2 7 0 2 7 12 16 2 13 6 3 17 18 2 0 20.3487167954444885
5 31 3 0 2 7 0 2 7 1 2 7 0 2 4 12 16 2 5 30 3 0 2 7 1 2 7 0 2 7 17 18 2 0 2 7 6 2 7 0 2 7 1 2 4 0 2 7 1 2 7 12 16 2 13 6 3 17 18 2 0 20.3487167954444885
0 2 7 0 2 4 0 2 7 1 2 7 17 9 2 1 2 7 5 30 3 0 2 7 12 16 2 0 2 4 17 9 2 1 2 7 6 2 7 5 31 3 0 2 7 1 2 7 0 2 7 0 2 7 13 6 3 12 16 2 0 20.3487167954444885
0 2 7 17 18 2 0 2 7 6 2 7 17 9 2 1 2 7 5 31 3 1 2 4 12 16 2 1 2 4 0 2 7 13 6 3 0 2 7 0 2 7 0 2 7 1 2 7 0 2 7 12 16 2 5 30 3 0 2 7 0 20.3487167954444885
16 6 2 1 2 4 0 2 7 0 2 7 1 2 7 17 9 2 0 2 7 0 2 7 12 16 2 0 2 7 0 2 7 0 2 4 0 2 7 1 2 7 6 2 7 0 2 7 5 31 3 5 31 3 0 2 7 1 2 7 0 20.4595978856086731
0 2 4 1 2 7 5 30 3 1 2 11 0 2 7 1 2 10 0 2 7 0 2 7 17 9 2 0 2 7 0 2 11 1 2 7 0 2 4 0 2 7 0 2 7 17 9 2 5 31 3 1 2 4 1 2 7 0 2 7 0 20.6016669273376465
0 2 7 1 2 7 0 2 7 1 2 7 6 9 7 1 2 2 5 30 3 0 2 7 12 2 2 0 2 7 17 9 2 1 2 7 6 2 7 0 31 3 0 2 7 1 2 7 0 2 7 0 2 7 13 6 3 17 16 2 308359.094983390823 19.6453578472137451
0 2 7 0 2 7 1 2 7 5 30 3 17 18 2 0 2 7 0 2 7 1 2 7 0 2 7 1 2 7 17 18 2 1 2 7 0 2 7 5 31 3 0 2 7 1 2 7 0 2 7 0 2 7 13 6 3 12 16 2 0 20.2646257877349854
0 2 7 0 2 7 0 2 7 1 2 7 17 18 2 0 2 7 1 2 7 0 2 7 1 2 7 0 2 7 17 9 2 0 2 7 1 2 7 5 31 3 0 2 7 1 2 7 0 2 7 5 30 3 13 6 3 12 16 2 0 20.2646257877349854
0 2 7 0 2 7 0 2 7 1 2 7 17 9 2 1 2 7 5 30 3 0 2 7 0 2 7 1 2 7 17 9 2 1 2 7 0 2 7 5 31 3 0 2 7 1 2 7 0 2 7 0 2 7 13 6 3 12 16 2 0 20.2646257877349854
5 31 3 0 2 7 0 2 7 1 2 7 1 2 7 12 16 2 5 30 3 0 2 7 1 2 7 0 2 4 17 18 2 0 2 7 6 2 7 0 2 7 1 2 4 0 2 7 0 2 7 12 16 2 13 6 3 17 18 2 0 20.3487167954444885
5 31 3 0 2 7 0 2 7 1 2 7 0 2 7 12 16 2 5 30 3 1 2 7 1 2 4 0 2 7 17 18 2 0 2 7 1 2 4 0 2 7 0 2 7 6 2 7 0 2 7 12 16 2 13 6 3 17 18 2 0 20.3487167954444885
0 2 7 17 18 2 0 2 7 6 2 7 17 9 2 1 2 7 5 31 3 1 2 4 12 16 2 1 2 4 0 2 7 13 6 3 0 2 7 0 2 7 0 2 7 1 2 7 0 2 7 12 16 2 5 30 3 0 2 7 0 20.3487167954444885
1 2 7 6 2 7 1 2 7 0 2 7 17 18 2 0 2 4 5 30 3 0 2 7 5 31 3 0 2 7 0 2 7 17 18 2 1 2 7 0 2 7 1 2 7 0 2 4 12 16 2 12 16 2 13 6 3 0 2 7 0 20.3487167954444885
0 2 4 0 2 7 0 2 4 1 2 7 17 9 2 1 2 7 5 30 3 0 2 7 12 16 2 1 2 7 17 9 2 6 2 7 0 2 7 5 31 3 0 2 7 1 2 7 0 2 7 0 2 7 13 6 3 12 16 2 0 20.3487167954444885
16 6 2 1 2 4 0 2 7 0 2 7 1 2 7 17 9 2 0 2 7 0 2 7 12 16 2 0 2 7 0 2 7 0 2 4 0 2 7 1 2 7 6 2 7 0 2 7 5 31 3 5 31 3 0 2 7 1 2 7 0 20.4595978856086731
0 2 4 1 2 7 5 30 3 1 2 11 0 2 7 1 2 10 0 2 7 0 2 7 17 9 2 0 2 7 0 2 11 1 2 7 0 2 4 0 2 7 0 2 7 17 9 2 5 31 3 1 2 4 1 2 7 0 2 7 0 20.6016669273376465
0 2 7 0 2 7 13 6 3 1 2 7 1 2 7 17 9 2 17 9 2 1 2 7 0 2 7 0 2 7 1 2 7 0 2 7 1 2 7 5 31 3 0 2 7 0 2 7 0 2 7 12 16 2 5 30 3 0 2 7 0 20.2646257877349854
0 2 7 0 2 7 13 6 3 1 2 7 17 18 2 0 2 7 1 2 7 0 2 7 0 2 7 0 2 7 17 9 2 1 2 7 0 2 7 5 30 3 1 2 7 1 2 7 0 2 7 0 2 7 5 31 3 12 16 2 0 20.2646257877349854
5 31 3 0 2 7 0 2 7 1 2 7 0 2 7 12 16 2 5 30 3 1 2 7 1 2 7 0 2 7 17 18 2 1 2 7 1 2 7 0 2 7 0 2 7 0 2 7 0 2 7 0 2 7 13 6 3 17 18 2 0 20.2646257877349854
5 31 3 0 2 7 0 2 7 1 2 7 0 2 7 12 16 2 5 30 3 1 2 7 1 2 4 0 2 7 17 18 2 0 2 7 1 2 4 0 2 7 0 2 7 6 2 7 0 2 7 12 16 2 13 6 3 17 18 2 0 20.3487167954444885
1 2 7 0 2 7 1 2 7 6 2 7 5 31 3 12 16 2 5 30 3 0 2 4 0 2 7 0 2 7 17 18 2 1 2 7 0 2 7 17 9 2 0 2 7 1 2 7 0 2 7 12 16 2 0 2 4 13 6 3 0 20.3487167954444885
0 2 7 17 18 2 0 2 7 6 2 7 17 9 2 1 2 7 5 31 3 1 2 4 12 16 2 1 2 4 0 2 7 13 6 3 0 2 7 0 2 7 0 2 7 1 2 7 0 2 7 12 16 2 5 30 3 0 2 7 0 20.3487167954444885
5 31 3 0 2 7 0 2 7 1 2 7 0 2 7 12 16 2 5 30 3 1 2 7 0 2 7 0 2 4 17 18 2 0 2 7 6 2 7 0 2 7 0 2 7 1 2 7 1 2 4 12 16 2 13 6 3 17 18 2 0 20.3487167954444885
0 2 7 0 2 4 0 2 7 0 2 7 0 2 7 12 16 2 5 30 3 0 2 7 1 2 7 1 2 7 0 2 4 17 9 2 6 2 7 5 31 3 1 2 7 0 2 7 1 2 7 12 16 2 13 6 3 17 9 2 0 20.3487167954444885
16 6 2 1 2 4 0 2 7 0 2 7 1 2 7 17 9 2 0 2 7 0 2 7 12 16 2 0 2 7 0 2 7 0 2 4 0 2 7 1 2 7 6 2 7 0 2 7 5 31 3 5 31 3 0 2 7 1 2 7 0 20.4595978856086731
0 2 4 1 2 7 5 30 3 1 2 11 0 2 7 1 2 10 0 2 7 0 2 7 17 9 2 0 2 7 0 2 11 1 2 7 0 2 4 0 2 7 0 2 7 17 9 2 5 31 3 1 2 4 1 2 7 0 2 7 0 20.6016669273376465
1 2 7 0 2 7 0 2 7 0 2 7 1 2 7 0 2 7 5 31 3 0 2 7 0 2 7 1 2 7 0 2 7 17 9 2 0 2 7 1 2 7 13 6 3 1 2 7 0 2 7 12 16 2 5 30 3 17 9 2 0 20.2646257877349854
1 2 7 0 2 7 17 18 2 0 2 7 1 2 7 1 2 7 17 9 2 0 2 7 0 2 7 0 2 7 0 2 7 0 2 7 0 2 7 5 30 3 0 2 7 1 2 7 1 2 7 12 16 2 13 6 3 5 31 3 0 20.2646257877349854
5 31 3 0 2 7 0 2 7 1 2 7 0 2 7 12 16 2 5 30 3 1 2 7 0 2 7 0 2 7 17 18 2 1 2 7 0 2 7 0 2 7 0 2 7 1 2 7 1 2 7 0 2 7 13 6 3 17 18 2 0 20.2646257877349854
1 2 7 0 2 7 1 2 7 6 2 7 5 31 3 12 16 2 5 30 3 0 2 4 0 2 7 0 2 7 17 18 2 1 2 7 0 2 7 17 9 2 0 2 7 1 2 7 0 2 7 12 16 2 0 2 4 13 6 3 0 20.3487167954444885
0 2 7 0 2 4 0 2 7 0 2 7 0 2 7 12 16 2 5 30 3 0 2 7 1 2 7 1 2 7 0 2 4 17 9 2 6 2 7 5 31 3 1 2 7 0 2 7 1 2 7 12 16 2 13 6 3 17 9 2 0 20.3487167954444885
5 31 3 0 2 7 0 2 7 1 2 7 0 2 7 12 16 2 5 30 3 1 2 7 0 2 7 0 2 4 17 18 2 0 2 7 6 2 7 0 2 7 0 2 7 1 2 7 1 2 4 12 16 2 13 6 3 17 18 2 0 20.3487167954444885
0 2 7 17 18 2 0 2 7 6 2 7 17 9 2 1 2 7 5 31 3 1 2 4 12 16 2 1 2 4 0 2 7 13 6 3 0 2 7 0 2 7 0 2 7 1 2 7 0 2 7 12 16 2 5 30 3 0 2 7 0 20.3487167954444885
16 6 2 1 2 4 0 2 7 0 2 7 1 2 7 17 9 2 0 2 7 0 2 7 12 16 2 0 2 7 0 2 7 0 2 4 0 2 7 1 2 7 6 2 7 0 2 7 5 31 3 5 31 3 0 2 7 1 2 7 0 20.4595978856086731
0 2 4 1 2 7 5 30 3 1 2 11 0 2 7 1 2 10 0 2 7 0 2 7 17 9 2 0 2 7 0 2 11 1 2 7 0 2 4 0 2 7 0 2 7 17 9 2 5 31 3 1 2 4 1 2 7 0 2 7 0 20.6016669273376465
0 2 11 1 2 3 16 6 2 0 2 7 0 2 7 0 2 3 5 31 3 0 2 3 0 2 7 0 2 7 0 2 3 1 2 7 0 2 3 5 30 3 0 2 7 0 2 12 12 16 2 5 30 3 16 19 11 0 2 8 0 21.8541839122772217
0 2 7 0 2 7 0 2 7 0 2 7 0 2 7 1 2 7 5 30 3 0 2 7 1 2 7 1 2 7 0 2 7 17 9 2 0 2 7 5 31 3 1 2 7 0 2 7 1 2 7 12 16 2 13 6 3 17 9 2 0 20.2646257877349854
1 2 7 0 2 7 17 18 2 0 2 7 1 2 7 1 2 7 17 9 2 0 2 7 0 2 7 0 2 7 0 2 7 0 2 7 0 2 7 5 30 3 0 2 7 1 2 7 1 2 7 12 16 2 13 6 3 5 31 3 0 20.2646257877349854
0 2 7 0 2 7 0 2 7 0 2 7 12 16 2 1 2 7 5 30 3 0 2 7 0 2 7 1 2 7 0 2 7 1 2 7 0 2 7 17 18 2 0 2 7 5 31 3 17 18 2 1 2 7 1 2 7 13 6 3 0 20.2646257877349854
1 2 7 0 2 7 1 2 7 6 2 7 5 31 3 12 16 2 5 30 3 0 2 4 0 2 7 0 2 7 17 18 2 1 2 7 0 2 7 17 9 2 0 2 7 1 2 7 0 2 7 12 16 2 0 2 4 13 6 3 0 20.3487167954444885
0 2 7 0 2 4 0 2 7 0 2 7 0 2 7 12 16 2 5 30 3 0 2 7 1 2 7 1 2 7 0 2 4 17 9 2 6 2 7 5 31 3 1 2 7 0 2 7 1 2 7 12 16 2 13 6 3 17 9 2 0 20.3487167954444885
5 31 3 0 2 7 0 2 7 1 2 7 0 2 7 12 16 2 5 30 3 1 2 7 0 2 7 0 2 4 17 18 2 0 2 7 6 2 7 0 2 7 0 2 7 1 2 7 1 2 4 12 16 2 13 6 3 17 18 2 0 20.3487167954444885
0 2 7 17 18 2 0 2 7 6 2 7 17 9 2 1 2 7 5 31 3 1 2 4 12 16 2 1 2 4 0 2 7 13 6 3 0 2 7 0 2 7 0 2 7 1 2 7 0 2 7 12 16 2 5 30 3 0 2 7 0 20.3487167954444885
16 6 2 1 2 4 0 2 7 0 2 7 1 2 7 17 9 2 0 2 7 0 2 7 12 16 2 0 2 7 0 2 7 0 2 4 0 2 7 1 2 7 6 2 7 0 2 7 5 31 3 5 31 3 0 2 7 1 2 7 0 20.4595978856086731
0 2 4 1 2 7 5 30 3 1 2 11 0 2 7 1 2 10 0 2 7 0 2 7 17 9 2 0 2 7 0 2 11 1 2 7 0 2 4 0 2 7 0 2 7 17 9 2 5 31 3 1 2 4 1 2 7 0 2 7 0 20.6016669273376465
12 2 4 5 31 3 17 9 2 0 2 7 12 16 2 0 2 7 13 6 3 0 2 7 12 16 2 1 2 11 0 2 7 0 2 7 0 2 7 5 30 3 16 6 2 0 2 7 0 2 7 12 16 2 12 16 2 1 2 7 0 20.8455345630645752
0 2 7 0 2 7 0 2 7 0 2 7 12 16 2 1 2 7 5 30 3 0 2 7 0 2 7 1 2 7 0 2 7 1 2 7 0 2 7 17 18 2 0 2 7 5 31 3 17 18 2 1 2 7 1 2 7 13 6 3 0 20.2646257877349854
0 2 7 1 2 7 0 2 7 5 30 3 0 2 7 0 2 7 5 31 3 1 2 7 12 16 2 0 2 7 0 2 7 17 18 2 1 2 7 1 2 7 0 2 7 1 2 7 0 2 7 0 2 7 13 6 3 17 9 2 0 20.2646257877349854
0 2 7 0 2 7 0 2 7 0 2 7 0 2 7 0 2 7 5 30 3 0 2 7 1 2 7 1 2 7 0 2 7 17 9 2 1 2 7 5 31 3 1 2 7 0 2 7 1 2 7 12 16 2 13 6 3 17 9 2 0 20.2646257877349854
1 2 7 0 2 7 1 2 7 6 2 7 5 31 3 12 16 2 5 30 3 0 2 4 0 2 7 0 2 7 17 18 2 1 2 7 0 2 7 17 9 2 0 2 7 1 2 7 0 2 7 12 16 2 0 2 4 13 6 3 0 20.3487167954444885
0 2 7 0 2 4 0 2 7 0 2 7 0 2 7 12 16 2 5 30 3 0 2 7 1 2 7 1 2 7 0 2 4 17 9 2 6 2 7 5 31 3 1 2 7 0 2 7 1 2 7 12 16 2 13 6 3 17 9 2 0 20.3487167954444885
0 2 7 0 2 7 0 2 7 0 2 7 0 2 4 0 2 7 5 30 3 1 2 7 12 16 2 0 2 7 1 2 4 5 31 3 0 2 7 17 18 2 1 2 7 6 2 7 1 2 7 12 16 2 13 6 3 17 18 2 0 20.3487167954444885
0 2 7 17 18 2 0 2 7 6 2 7 17 9 2 1 2 7 5 31 3 1 2 4 12 16 2 1 2 4 0 2 7 13 6 3 0 2 7 0 2 7 0 2 7 1 2 7 0 2 7 12 16 2 5 30 3 0 2 7 0 20.3487167954444885
16 6 2 1 2 4 0 2 7 0 2 7 1 2 7 17 9 2 0 2 7 0 2 7 12 16 2 0 2 7 0 2 7 0 2 4 0 2 7 1 2 7 6 2 7 0 2 7 5 31 3 5 31 3 0 2 7 1 2 7 0 20.4595978856086731
0 2 4 1 2 7 5 30 3 1 2 11 0 2 7 1 2 10 0 2 7 0 2 7 17 9 2 0 2 7 0 2 11 1 2 7 0 2 4 0 2 7 0 2 7 17 9 2 5 31 3 1 2 4 1 2 7 0 2 7 0 20.6016669273376465
12 2 4 5 31 3 17 9 2 0 2 7 12 16 2 0 2 7 13 6 3 0 2 7 12 16 2 1 2 11 0 2 7 0 2 7 0 2 7 5 30 3 16 6 2 0 2 7 0 2 7 12 16 2 12 16 2 1 2 7 0 20.8455345630645752
MonoObjective Genetic Algorithm
Number of Evaluations = 0
Mutation Probability = 0
Crossover Probability = 1
Population Size = 10
Survival Selection Type = 15
Time =  3607.92852115631104
0 2 7 0 2 7 0 2 7 0 2 7 12 16 2 1 2 7 5 30 3 0 2 7 0 2 7 1 2 7 0 2 7 1 2 7 0 2 7 17 18 2 0 2 7 5 31 3 17 18 2 1 2 7 1 2 7 13 6 3 0 20.2646257877349854
0 2 7 1 2 7 0 2 7 5 30 3 0 2 7 0 2 7 5 31 3 1 2 7 12 16 2 0 2 7 0 2 7 17 18 2 1 2 7 1 2 7 0 2 7 1 2 7 0 2 7 0 2 7 13 6 3 17 9 2 0 20.2646257877349854
0 2 7 0 2 7 0 2 7 0 2 7 0 2 7 0 2 7 5 30 3 0 2 7 1 2 7 1 2 7 0 2 7 17 9 2 1 2 7 5 31 3 1 2 7 0 2 7 1 2 7 12 16 2 13 6 3 17 9 2 0 20.2646257877349854
1 2 7 0 2 7 1 2 7 6 2 7 5 31 3 12 16 2 5 30 3 0 2 4 0 2 7 0 2 7 17 18 2 1 2 7 0 2 7 17 9 2 0 2 7 1 2 7 0 2 7 12 16 2 0 2 4 13 6 3 0 20.3487167954444885
0 2 7 0 2 4 0 2 7 0 2 7 0 2 7 12 16 2 5 30 3 0 2 7 1 2 7 1 2 7 0 2 4 17 9 2 6 2 7 5 31 3 1 2 7 0 2 7 1 2 7 12 16 2 13 6 3 17 9 2 0 20.3487167954444885
0 2 7 0 2 7 0 2 7 0 2 7 0 2 4 0 2 7 5 30 3 1 2 7 12 16 2 0 2 7 1 2 4 5 31 3 0 2 7 17 18 2 1 2 7 6 2 7 1 2 7 12 16 2 13 6 3 17 18 2 0 20.3487167954444885
0 2 7 17 18 2 0 2 7 6 2 7 17 9 2 1 2 7 5 31 3 1 2 4 12 16 2 1 2 4 0 2 7 13 6 3 0 2 7 0 2 7 0 2 7 1 2 7 0 2 7 12 16 2 5 30 3 0 2 7 0 20.3487167954444885
16 6 2 1 2 4 0 2 7 0 2 7 1 2 7 17 9 2 0 2 7 0 2 7 12 16 2 0 2 7 0 2 7 0 2 4 0 2 7 1 2 7 6 2 7 0 2 7 5 31 3 5 31 3 0 2 7 1 2 7 0 20.4595978856086731
0 2 4 1 2 7 5 30 3 1 2 11 0 2 7 1 2 10 0 2 7 0 2 7 17 9 2 0 2 7 0 2 11 1 2 7 0 2 4 0 2 7 0 2 7 17 9 2 5 31 3 1 2 4 1 2 7 0 2 7 0 20.6016669273376465
12 2 4 5 31 3 17 9 2 0 2 7 12 16 2 0 2 7 13 6 3 0 2 7 12 16 2 1 2 11 0 2 7 0 2 7 0 2 7 5 30 3 16 6 2 0 2 7 0 2 7 12 16 2 12 16 2 1 2 7 0 20.8455345630645752
