1 2 7 0 2 7 0 2 7 8 9 2 0 2 7 12 16 2 1 2 7 5 31 3 5 31 3 1 2 7 1 2 4 0 2 7 5 31 3 0 2 7 16 6 2 0 2 7 6 2 7 0 2 7 0 2 7 17 18 2 0 2 7 1 2 7 16 6 2 17 9 2 0 2 7 0 2 7 1 2 7 16 6 2 1 2 7 0 2 7 0 2 7 0 2 7 0 2 7 0 2 4 5 31 3 1 2 7 0 2 7 0 2 7 5 30 3 0 2 7 0 40.8432087302207947
1 2 7 1 2 7 0 2 7 0 2 7 0 2 7 12 16 2 0 2 7 5 31 3 5 30 3 0 2 7 0 2 7 1 2 7 5 31 3 6 2 7 16 6 2 0 2 7 0 2 7 0 2 7 0 2 7 17 9 2 0 2 4 0 2 7 1 2 7 17 9 2 0 2 7 0 2 7 0 2 7 16 6 2 16 19 11 0 2 7 0 2 7 1 2 4 0 2 7 0 2 7 5 31 3 0 2 7 6 2 4 1 2 7 5 31 3 1 2 7 0 41.1120986938476562
0 2 7 0 2 7 1 2 4 12 16 2 0 2 7 17 9 2 1 2 7 5 31 3 5 31 3 0 2 7 0 2 7 0 2 7 5 31 3 0 2 7 16 6 2 6 2 7 0 2 7 1 2 7 0 2 7 17 18 2 0 2 4 0 2 7 1 2 7 0 2 7 0 2 7 0 2 7 1 2 7 16 6 2 1 2 7 1 2 7 0 2 7 0 2 7 0 2 7 1 2 7 16 19 11 1 2 7 0 2 7 0 2 7 5 31 3 0 2 7 0 40.8946107029914856
1 2 7 0 2 7 0 2 4 0 2 7 0 2 7 12 16 2 0 2 7 5 31 3 5 30 3 0 2 7 1 2 4 6 2 7 5 31 3 0 2 7 6 2 7 0 2 7 0 2 7 0 2 4 0 2 7 17 18 2 0 2 7 1 2 7 1 2 7 17 9 2 0 2 7 0 2 7 0 2 7 16 6 2 16 19 11 0 2 7 0 2 7 1 2 7 1 2 7 0 2 7 16 6 2 0 2 7 5 31 3 0 2 7 5 31 3 1 2 7 0 41.1120986938476562
0 2 7 1 2 4 0 2 7 0 2 7 1 2 7 12 16 2 1 2 7 5 31 3 5 30 3 1 2 4 6 2 4 0 2 7 5 31 3 0 2 7 17 9 2 0 2 7 0 2 7 0 2 7 0 2 7 17 9 2 0 2 7 0 2 7 1 2 7 0 2 7 0 2 7 0 2 7 0 2 7 16 6 2 16 19 11 0 2 7 0 2 7 6 2 7 0 2 7 0 2 7 16 6 2 1 2 7 5 31 3 1 2 7 5 31 3 0 2 7 0 41.1120986938476562
1 2 7 1 2 7 0 2 7 8 9 2 0 2 7 12 16 2 0 2 7 5 31 3 5 30 3 0 2 7 0 2 7 0 2 7 5 31 3 0 2 7 16 6 2 0 2 7 1 2 7 0 2 7 0 2 7 17 18 2 0 2 7 1 2 7 0 2 7 17 9 2 0 2 7 0 2 7 0 2 4 16 6 2 16 19 11 1 2 7 0 2 7 1 2 7 1 2 7 0 2 4 5 31 3 0 2 7 0 2 7 1 2 7 5 30 3 0 2 7 0 41.2030385732650757
0 2 7 5 31 3 17 9 2 0 2 7 8 18 2 12 16 2 0 2 7 5 30 3 1 2 7 1 2 7 1 2 7 0 2 7 1 2 7 0 2 7 16 31 2 0 2 7 0 2 7 0 2 4 0 2 7 12 16 2 12 16 2 0 2 7 1 2 7 1 2 7 6 2 7 0 2 7 0 2 7 16 6 2 0 2 11 0 2 7 0 2 7 5 31 3 0 2 7 5 30 3 16 30 2 0 2 7 1 2 7 0 2 7 5 30 3 0 2 7 0 41.2604766488075256
0 2 7 0 2 7 0 2 7 1 2 11 0 2 7 12 16 2 0 2 7 5 30 3 5 31 3 1 2 11 0 2 4 0 2 7 5 30 3 1 2 4 17 9 2 8 18 2 0 2 7 1 2 7 1 2 4 17 9 2 1 2 7 1 2 7 0 2 7 17 9 2 0 2 7 0 2 7 0 2 7 0 2 7 0 2 7 1 2 7 0 2 7 0 2 7 1 2 7 0 2 7 16 30 2 0 2 7 1 2 7 0 2 7 5 31 3 1 2 4 0 40.9685686826705933
1 2 7 5 31 3 17 2 2 0 2 7 0 2 7 12 16 2 0 2 7 5 30 3 5 30 3 0 2 7 1 2 7 6 2 7 1 2 3 0 2 7 6 2 2 0 2 7 0 2 7 0 2 4 0 2 7 17 18 2 0 16 2 0 2 7 1 2 7 17 2 7 6 2 7 0 2 7 0 2 7 16 6 2 0 19 11 0 2 7 0 2 7 1 2 7 1 2 7 5 30 3 16 30 2 0 2 7 5 2 3 0 2 7 5 30 3 1 2 7 422610.754446164181 41.6744248867034912
1 2 7 1 2 7 0 2 7 1 2 7 1 2 7 12 16 2 0 2 3 5 31 3 5 30 3 1 2 7 0 2 7 0 2 7 5 30 3 0 2 7 16 6 2 0 2 3 0 2 7 0 2 7 0 2 7 17 18 2 0 2 7 1 2 7 1 2 7 8 9 2 0 2 3 0 2 3 0 2 7 16 6 2 16 19 11 0 2 7 1 2 7 0 2 7 1 2 3 0 2 3 16 6 2 0 2 7 0 2 3 0 2 3 5 31 3 0 2 7 0 41.4777736663818359
1 2 7 1 2 7 1 2 4 1 2 4 6 2 7 12 16 2 0 2 4 5 30 3 5 31 3 0 2 4 0 2 7 0 2 7 17 9 2 0 2 4 17 9 2 0 2 7 0 2 7 1 2 7 1 2 3 17 18 2 0 2 7 1 2 7 0 2 4 1 2 7 1 2 7 0 2 7 0 2 7 0 2 4 13 6 3 0 2 7 0 2 7 1 2 7 1 2 7 0 2 7 5 31 3 17 18 2 1 2 7 0 2 7 12 16 2 0 2 7 0 40.425436794757843
0 2 7 0 2 7 1 2 4 16 6 2 1 2 7 12 16 2 1 2 7 5 31 3 5 31 3 0 2 7 0 2 7 0 2 7 5 30 3 0 2 7 17 9 2 0 2 7 0 2 7 1 2 7 0 2 7 17 18 2 0 2 7 0 2 7 0 2 7 17 9 2 0 2 4 0 2 7 1 2 7 0 2 4 16 6 2 0 2 7 1 2 7 0 2 7 1 2 7 1 2 7 5 31 3 13 6 3 0 2 7 1 2 7 5 30 3 0 2 7 0 40.5349836349487305
0 2 7 0 2 7 1 2 7 16 6 2 1 2 7 12 16 2 1 2 7 0 2 7 5 31 3 0 2 7 1 2 7 0 2 7 5 31 3 6 2 7 17 9 2 0 2 7 0 2 7 1 2 7 0 2 7 17 18 2 0 2 7 0 2 7 1 2 7 17 9 2 0 2 7 0 2 7 0 2 7 0 2 3 16 6 2 1 2 7 0 2 7 0 2 7 1 2 7 1 2 3 5 31 3 13 6 3 0 2 7 1 2 7 5 31 3 0 2 7 0 40.5398088097572327
0 2 7 0 2 7 1 2 4 16 6 2 1 2 7 12 16 2 1 2 7 5 31 3 5 31 3 0 2 7 0 2 7 0 2 7 5 30 3 0 2 7 17 9 2 0 2 7 0 2 7 1 2 7 0 2 7 17 18 2 0 2 7 0 2 7 1 2 7 17 9 2 0 2 7 0 2 7 0 2 7 0 2 4 16 6 2 0 2 7 6 2 4 0 2 7 1 2 7 1 2 7 5 31 3 13 6 3 0 2 7 1 2 11 5 30 3 0 2 7 0 40.6108766198158264
1 2 7 0 2 7 0 2 7 1 2 3 0 2 7 12 16 2 0 2 7 1 2 7 5 30 3 1 2 7 0 2 7 1 2 7 5 30 3 1 2 7 13 6 3 17 18 2 1 2 7 0 2 7 0 2 7 17 9 2 0 2 4 0 2 7 0 2 7 17 9 2 1 2 7 0 2 7 0 2 7 0 2 7 5 31 3 1 2 7 0 2 7 0 2 7 1 2 7 0 2 3 16 31 2 0 2 7 1 2 7 0 2 7 5 30 3 0 2 7 0 40.6139246225357056
1 2 7 0 2 7 0 2 4 1 2 7 0 2 7 12 16 2 0 2 7 1 2 7 5 30 3 1 2 7 0 2 7 1 2 4 5 30 3 1 2 7 17 9 2 8 18 2 0 2 7 0 2 7 1 2 7 17 9 2 1 2 7 1 2 7 0 2 3 17 9 2 1 2 7 0 2 7 0 2 7 0 2 7 0 2 3 1 2 4 0 2 7 0 2 7 1 2 4 0 2 7 16 31 2 0 2 7 1 2 11 0 2 7 5 31 3 0 2 7 0 40.7372217178344727
1 2 7 0 2 7 0 2 4 1 2 7 1 2 7 12 16 2 0 2 3 5 31 3 5 30 3 1 2 7 0 2 7 0 2 4 5 30 3 1 2 7 16 9 2 8 18 3 0 2 7 0 2 7 1 2 7 17 9 2 0 2 7 1 2 7 1 2 7 8 9 2 1 2 7 0 2 3 0 2 7 16 2 2 16 2 3 1 2 7 0 2 7 0 2 7 1 2 3 0 2 3 16 31 2 0 2 7 0 2 11 0 2 3 5 31 3 0 2 7 479718.856202505296 41.8886659145355225
0 2 7 17 18 2 0 2 7 0 2 7 0 2 7 12 16 2 0 2 7 0 2 3 5 30 3 0 2 3 6 2 7 0 2 7 5 31 3 0 2 7 13 6 3 0 2 7 0 2 7 0 2 3 16 15 2 17 9 2 0 2 3 1 2 7 0 2 7 5 30 3 1 2 7 6 2 7 0 2 7 0 2 7 5 30 3 1 2 7 1 2 7 0 2 7 1 2 7 0 2 7 16 6 2 12 16 2 0 2 7 1 2 7 5 31 3 0 2 3 0 41.4109336137771606
1 2 7 0 2 7 1 2 7 1 2 4 6 2 7 12 16 2 0 2 7 5 30 3 5 31 3 1 2 4 0 2 7 0 2 7 17 9 3 1 2 4 17 6 3 17 2 2 1 2 7 1 2 7 1 2 3 17 9 2 0 2 7 1 2 7 0 2 4 17 2 7 1 2 7 0 2 7 0 2 7 0 2 4 13 6 3 1 2 7 0 2 7 1 2 7 1 2 7 0 2 7 16 31 2 0 2 2 1 2 7 0 2 7 12 16 2 0 2 7 157801.34814957116 39.8069830536842346
0 2 7 1 2 7 0 2 7 0 2 7 1 2 3 12 16 2 0 2 7 16 6 2 0 2 7 0 2 3 0 2 7 1 2 3 5 31 3 0 2 3 16 6 2 1 2 3 1 2 7 0 2 3 1 2 7 1 2 3 1 2 7 0 2 7 0 2 3 17 9 2 0 2 7 0 2 3 0 2 3 16 6 2 5 31 3 0 2 3 0 2 7 0 2 3 1 2 7 0 2 7 16 6 2 1 2 7 0 2 7 0 2 7 5 31 3 1 2 4 0 41.2072029113769531
0 2 7 0 2 7 16 6 2 0 2 11 0 2 7 1 2 7 0 2 7 5 31 3 5 31 3 0 2 7 1 2 7 1 2 7 17 9 2 0 2 7 0 2 7 17 18 2 0 2 7 1 2 7 1 2 7 17 9 2 0 2 7 1 2 7 0 2 7 1 2 7 1 2 4 0 2 7 0 2 7 0 2 7 13 6 3 1 2 7 1 2 7 1 2 7 1 2 7 0 2 7 0 2 7 17 18 2 0 2 7 0 2 7 5 31 3 1 2 7 0 40.0670828819274902
0 2 7 1 2 7 0 2 7 16 6 2 0 2 7 12 16 2 0 2 7 5 31 3 5 31 3 1 2 4 0 2 7 0 2 7 5 31 3 0 2 7 17 9 2 0 2 7 0 2 7 1 2 7 1 2 7 17 18 2 0 2 7 0 2 7 0 2 7 17 9 2 1 2 7 0 2 7 1 2 7 0 2 7 16 6 2 1 2 7 1 2 4 0 2 7 0 2 7 1 2 7 5 30 3 13 6 3 0 2 7 0 2 4 5 30 3 0 2 7 0 40.5349836349487305
0 2 7 0 2 7 1 2 4 16 6 2 1 2 7 12 16 2 1 2 7 5 31 3 5 31 3 0 2 7 0 2 7 0 2 7 5 30 3 0 2 7 17 9 2 0 2 7 0 2 7 1 2 7 0 2 7 17 18 2 0 2 7 0 2 7 0 2 7 17 9 2 0 2 4 0 2 7 1 2 7 0 2 4 16 6 2 0 2 7 1 2 7 0 2 7 1 2 7 1 2 7 5 31 3 13 6 3 0 2 7 1 2 7 5 30 3 0 2 7 0 40.5349836349487305
0 2 7 0 2 7 1 2 7 16 6 2 1 2 7 12 16 2 0 2 7 5 31 3 5 31 3 1 2 7 0 2 7 0 2 7 5 31 3 0 2 7 17 9 2 0 2 7 0 2 3 0 2 7 1 2 7 17 18 2 0 2 7 0 2 7 1 2 7 17 9 2 6 2 3 0 2 7 0 2 7 0 2 7 16 6 2 1 2 7 1 2 7 0 2 7 1 2 7 0 2 7 5 31 3 13 6 3 0 2 7 0 2 7 1 2 7 1 2 7 0 40.5398087501525879
0 2 7 0 2 7 1 2 7 16 6 2 1 2 7 12 16 2 0 2 3 5 31 3 5 31 3 1 2 7 0 2 7 0 2 7 5 31 3 6 2 7 17 9 2 0 2 7 0 2 3 0 2 7 1 2 7 17 18 2 0 2 7 0 2 7 1 2 7 17 9 2 0 2 7 0 2 7 0 2 7 0 2 7 16 6 2 1 2 7 1 2 7 0 2 7 1 2 7 0 2 7 5 31 3 13 6 3 0 2 7 0 2 7 1 2 7 1 2 7 0 40.5398088097572327
1 2 7 0 2 3 1 2 3 0 2 3 0 2 3 16 6 2 0 2 3 1 2 3 5 31 3 0 2 7 1 2 3 0 2 7 16 6 2 1 2 3 1 2 7 17 9 2 0 2 3 1 2 3 0 2 7 9 2 7 0 2 3 0 2 3 0 2 3 1 2 3 1 2 7 0 2 3 1 2 3 0 2 7 16 6 2 0 2 3 0 2 7 1 2 3 0 2 12 0 2 3 5 31 3 5 30 3 1 2 3 0 2 7 16 9 12 0 2 3 4.20613359347897812e-05 42.3809041976928711
1 2 7 0 2 7 0 2 7 1 2 3 0 2 7 12 16 2 0 2 7 1 2 7 5 30 3 1 2 7 0 2 7 1 2 7 5 30 3 1 2 7 13 6 3 17 18 2 1 2 7 0 2 7 0 2 7 17 9 2 0 2 4 0 2 7 0 2 7 17 9 2 1 2 7 0 2 7 0 2 7 0 2 7 5 31 3 1 2 7 0 2 7 0 2 7 1 2 7 0 2 3 16 31 2 0 2 7 1 2 7 0 2 7 5 30 3 0 2 7 0 40.6139246225357056
1 2 7 0 2 7 0 2 4 1 2 7 0 2 7 12 16 2 0 2 7 1 2 7 5 30 3 1 2 7 0 2 7 1 2 4 5 30 3 1 2 7 17 9 2 8 18 2 0 2 7 0 2 7 1 2 7 17 9 2 1 2 7 1 2 7 0 2 3 17 9 2 1 2 7 0 2 7 0 2 7 0 2 7 0 2 3 1 2 4 0 2 7 0 2 7 1 2 4 0 2 7 16 31 2 0 2 7 1 2 11 0 2 7 5 31 3 0 2 7 0 40.7372217178344727
1 2 7 1 2 7 1 2 4 1 2 4 6 2 7 12 16 2 0 2 4 5 30 3 5 31 3 0 2 4 0 2 7 0 2 7 17 9 2 0 2 4 17 9 2 0 2 7 0 2 7 1 2 7 1 2 3 17 18 2 0 2 7 1 2 7 0 2 4 1 2 7 1 2 7 0 2 7 0 2 7 0 2 4 13 6 3 0 2 7 0 2 7 1 2 7 1 2 7 0 2 7 5 31 3 17 18 2 1 2 7 0 2 7 12 16 2 0 2 7 0 40.425436794757843
0 2 7 1 2 7 0 2 7 0 2 7 1 2 3 12 16 2 0 2 7 16 6 2 0 2 7 0 2 3 0 2 7 1 2 3 5 31 3 0 2 3 16 6 2 1 2 3 1 2 7 0 2 3 1 2 7 1 2 3 1 2 7 0 2 7 0 2 3 17 9 2 0 2 7 0 2 3 0 2 3 16 6 2 5 31 3 0 2 3 0 2 7 0 2 3 1 2 7 0 2 7 16 6 2 1 2 7 0 2 7 0 2 7 5 31 3 1 2 4 0 41.2072029113769531
0 2 7 0 2 7 16 6 2 1 2 7 0 2 7 1 2 7 0 2 7 5 31 3 5 31 3 1 2 7 0 2 7 1 2 4 17 9 2 0 2 7 0 2 7 17 18 2 0 2 7 1 2 7 1 2 7 17 9 2 0 2 7 1 2 7 0 2 7 1 2 7 0 2 7 0 2 7 0 2 7 0 2 7 13 6 3 1 2 7 0 2 7 1 2 7 1 2 11 0 2 7 1 2 7 17 18 2 0 2 7 0 2 7 5 31 3 1 2 7 0 40.0670827627182007
0 2 4 0 2 7 16 6 2 1 2 7 0 2 7 1 2 7 0 2 7 5 31 3 5 31 3 0 2 7 0 2 7 1 2 7 17 9 2 0 2 7 0 2 7 17 18 2 0 2 7 1 2 7 1 2 7 17 9 2 0 2 7 1 2 7 1 2 11 1 2 7 0 2 7 0 2 7 0 2 7 0 2 7 13 6 3 1 2 7 1 2 7 1 2 7 1 2 7 0 2 7 0 2 7 17 18 2 0 2 7 0 2 7 5 31 3 1 2 7 0 40.0670827627182007
0 2 7 1 2 7 1 2 7 17 18 2 0 2 7 0 2 7 13 6 3 1 2 7 5 31 3 0 2 7 1 2 7 1 2 7 5 31 3 0 2 7 17 18 2 0 2 7 0 2 7 0 2 7 1 2 7 17 9 2 0 2 7 0 2 7 1 2 7 1 2 7 0 2 4 0 2 7 0 2 7 0 2 7 16 6 2 1 2 7 0 2 7 1 2 7 1 2 7 0 2 7 0 2 7 17 18 2 1 2 11 0 2 7 5 31 3 1 2 7 0 40.0670827627182007
0 2 7 0 2 7 16 6 2 0 2 11 0 2 7 1 2 7 0 2 7 5 31 3 5 31 3 0 2 7 1 2 7 1 2 7 17 9 2 0 2 7 0 2 7 17 18 2 0 2 7 1 2 7 1 2 7 17 9 2 0 2 7 1 2 7 0 2 7 1 2 7 1 2 4 0 2 7 0 2 7 0 2 7 13 6 3 1 2 7 1 2 7 1 2 7 1 2 7 0 2 7 0 2 7 17 18 2 0 2 7 0 2 7 5 31 3 1 2 7 0 40.0670828819274902
0 2 7 1 2 7 0 2 7 16 6 2 0 2 7 0 2 7 1 2 7 5 31 3 5 30 3 0 2 7 0 2 7 0 2 7 5 31 3 0 2 7 17 9 2 0 2 7 0 2 7 6 2 7 1 2 7 17 18 2 0 2 7 1 2 7 1 2 7 17 9 2 1 2 7 0 2 7 1 2 7 0 2 7 16 6 2 0 2 7 0 2 7 0 2 7 1 2 8 0 2 7 5 31 3 13 6 3 0 2 7 0 2 7 5 30 3 1 2 7 0 40.5071266293525696
0 2 7 0 2 7 1 2 4 16 6 2 1 2 7 12 16 2 1 2 7 5 31 3 5 31 3 0 2 7 0 2 7 0 2 7 5 30 3 0 2 7 17 9 2 0 2 7 0 2 7 1 2 7 0 2 7 17 18 2 0 2 7 0 2 7 0 2 7 17 9 2 0 2 4 0 2 7 1 2 7 0 2 4 16 6 2 0 2 7 1 2 7 0 2 7 1 2 7 1 2 7 5 31 3 13 6 3 0 2 7 1 2 7 5 30 3 0 2 7 0 40.5349836349487305
0 2 7 0 2 7 1 2 7 16 6 2 1 2 7 12 16 2 0 2 3 5 31 3 5 31 3 1 2 7 0 2 7 0 2 7 5 31 3 6 2 7 17 9 2 0 2 7 0 2 3 0 2 7 1 2 7 17 18 2 0 2 7 0 2 7 1 2 7 17 9 2 0 2 7 0 2 7 0 2 7 0 2 7 16 6 2 1 2 7 1 2 7 0 2 7 1 2 7 0 2 7 5 31 3 13 6 3 0 2 7 0 2 7 1 2 7 1 2 7 0 40.5398088097572327
1 2 7 0 2 3 1 2 3 0 2 3 0 2 3 16 6 2 0 2 3 1 2 3 5 31 3 0 2 7 1 2 3 0 2 7 16 6 2 1 2 3 1 2 7 17 9 2 0 2 3 1 2 3 0 2 7 9 2 7 0 2 3 0 2 3 0 2 3 1 2 3 1 2 7 0 2 3 1 2 3 0 2 7 16 6 2 0 2 3 0 2 7 1 2 3 0 2 12 0 2 3 5 31 3 5 30 3 1 2 3 0 2 7 16 9 12 0 2 3 4.20613359347897812e-05 42.3809041976928711
1 2 7 1 2 7 1 2 4 1 2 4 6 2 7 12 16 2 0 2 4 5 30 3 5 31 3 0 2 4 0 2 7 0 2 7 17 9 2 0 2 4 17 9 2 0 2 7 0 2 7 1 2 7 1 2 3 17 18 2 0 2 7 1 2 7 0 2 4 1 2 7 1 2 7 0 2 7 0 2 7 0 2 4 13 6 3 0 2 7 0 2 7 1 2 7 1 2 7 0 2 7 5 31 3 17 18 2 1 2 7 0 2 7 12 16 2 0 2 7 0 40.425436794757843
0 2 7 1 2 7 0 2 7 0 2 7 1 2 3 12 16 2 0 2 7 16 6 2 0 2 7 0 2 3 0 2 7 1 2 3 5 31 3 0 2 3 16 6 2 1 2 3 1 2 7 0 2 3 1 2 7 1 2 3 1 2 7 0 2 7 0 2 3 17 9 2 0 2 7 0 2 3 0 2 3 16 6 2 5 31 3 0 2 3 0 2 7 0 2 3 1 2 7 0 2 7 16 6 2 1 2 7 0 2 7 0 2 7 5 31 3 1 2 4 0 41.2072029113769531
0 2 7 1 2 7 1 2 7 17 18 2 0 2 7 0 2 7 13 6 3 1 2 7 5 31 3 0 2 7 1 2 7 1 2 7 5 31 3 0 2 7 17 18 2 0 2 7 0 2 7 0 2 7 1 2 7 17 9 2 0 2 7 0 2 7 1 2 7 1 2 7 0 2 4 0 2 7 0 2 7 0 2 7 16 6 2 1 2 7 0 2 7 1 2 7 1 2 7 0 2 7 0 2 7 17 18 2 1 2 11 0 2 7 5 31 3 1 2 7 0 40.0670827627182007
0 2 7 0 2 7 16 6 2 0 2 4 0 2 7 1 2 7 0 2 7 5 31 3 5 31 3 0 2 7 1 2 7 1 2 7 17 9 2 0 2 7 0 2 7 17 18 2 0 2 7 1 2 7 1 2 7 17 9 2 1 2 7 1 2 7 1 2 7 1 2 7 0 2 7 0 2 7 0 2 7 0 2 7 13 6 3 1 2 7 1 2 7 1 2 7 0 2 7 0 2 7 0 2 7 17 18 2 0 2 7 0 2 7 5 31 3 1 2 11 0 40.0670827627182007
0 2 7 1 2 7 16 6 2 0 2 7 0 2 7 1 2 7 0 2 7 5 31 3 5 31 3 0 2 7 0 2 7 1 2 7 17 9 2 0 2 7 0 2 7 17 18 2 0 2 7 1 2 7 1 2 7 17 9 2 0 2 7 1 2 7 1 2 11 1 2 7 0 2 7 0 2 7 0 2 7 0 2 7 13 6 3 1 2 7 1 2 7 1 2 4 1 2 7 0 2 7 0 2 7 17 18 2 0 2 7 0 2 7 5 31 3 1 2 7 0 40.0670827627182007
0 2 7 0 2 7 16 6 2 0 2 4 1 2 7 1 2 7 0 2 7 5 31 3 5 31 3 0 2 7 1 2 7 0 2 7 17 9 2 0 2 7 0 2 7 17 18 2 0 2 7 0 2 7 1 2 7 17 9 2 0 2 7 1 2 11 0 2 7 1 2 7 1 2 7 1 2 7 0 2 7 0 2 7 13 6 3 1 2 7 1 2 7 1 2 7 1 2 7 0 2 7 0 2 7 17 9 2 0 2 7 1 2 7 5 31 3 0 2 7 0 40.0670827627182007
0 2 7 1 2 7 16 6 2 0 2 7 0 2 7 1 2 11 0 2 7 5 31 3 5 31 3 0 2 7 1 2 7 0 2 7 17 9 2 0 2 7 0 2 7 17 18 2 0 2 7 1 2 7 1 2 7 17 9 2 0 2 7 1 2 7 1 2 7 1 2 7 0 2 7 0 2 7 1 2 4 0 2 7 13 6 3 1 2 7 0 2 7 1 2 7 1 2 7 0 2 7 0 2 7 17 9 2 0 2 7 0 2 7 5 31 3 1 2 7 0 40.0670827627182007
0 2 7 1 2 7 16 6 2 0 2 11 0 2 7 1 2 7 0 2 7 5 31 3 5 31 3 0 2 7 1 2 7 1 2 7 17 9 2 0 2 7 0 2 7 17 18 2 0 2 7 1 2 7 1 2 7 17 9 2 0 2 7 1 2 7 0 2 7 1 2 7 1 2 7 0 2 7 0 2 7 0 2 7 13 6 3 1 2 7 0 2 7 1 2 7 1 2 7 0 2 7 0 2 7 17 18 2 0 2 7 0 2 7 5 31 3 1 2 4 0 40.0670828819274902
0 2 7 0 2 7 0 2 7 5 31 3 0 2 7 0 2 7 1 2 7 5 31 3 5 30 3 1 2 7 0 2 4 1 2 7 17 18 2 0 2 7 17 18 2 17 18 2 0 2 7 1 2 7 1 2 4 0 2 7 0 2 4 1 2 7 1 2 7 17 9 2 1 2 7 0 2 7 1 2 7 0 2 7 16 6 2 0 2 7 0 2 7 0 2 7 0 2 4 1 2 4 0 2 3 13 6 3 1 2 7 0 2 7 5 30 3 1 2 7 0 40.148398756980896
1 2 7 1 2 7 1 2 4 1 2 4 6 2 7 12 16 2 0 2 4 5 30 3 5 31 3 0 2 4 0 2 7 0 2 7 17 9 2 0 2 4 17 9 2 0 2 7 0 2 7 1 2 7 1 2 3 17 18 2 0 2 7 1 2 7 0 2 4 1 2 7 1 2 7 0 2 7 0 2 7 0 2 4 13 6 3 0 2 7 0 2 7 1 2 7 1 2 7 0 2 7 5 31 3 17 18 2 1 2 7 0 2 7 12 16 2 0 2 7 0 40.425436794757843
1 2 7 0 2 3 1 2 3 0 2 3 0 2 3 16 6 2 0 2 3 1 2 3 5 31 3 0 2 7 1 2 3 0 2 7 16 6 2 1 2 3 1 2 7 17 9 2 0 2 3 1 2 3 0 2 7 9 2 7 0 2 3 0 2 3 0 2 3 1 2 3 1 2 7 0 2 3 1 2 3 0 2 7 16 6 2 0 2 3 0 2 7 1 2 3 0 2 12 0 2 3 5 31 3 5 30 3 1 2 3 0 2 7 16 9 12 0 2 3 4.20613359347897812e-05 42.3809041976928711
0 2 7 1 2 7 0 2 7 0 2 7 1 2 3 12 16 2 0 2 7 16 6 2 0 2 7 0 2 3 0 2 7 1 2 3 5 31 3 0 2 3 16 6 2 1 2 3 1 2 7 0 2 3 1 2 7 1 2 3 1 2 7 0 2 7 0 2 3 17 9 2 0 2 7 0 2 3 0 2 3 16 6 2 5 31 3 0 2 3 0 2 7 0 2 3 1 2 7 0 2 7 16 6 2 1 2 7 0 2 7 0 2 7 5 31 3 1 2 4 0 41.2072029113769531
0 2 7 1 2 7 1 2 7 17 18 2 0 2 7 0 2 7 13 6 3 1 2 7 5 31 3 0 2 7 1 2 7 1 2 7 5 31 3 0 2 7 17 18 2 0 2 7 0 2 7 0 2 7 1 2 7 17 9 2 0 2 7 0 2 7 1 2 7 1 2 7 0 2 4 0 2 7 0 2 7 0 2 7 16 6 2 1 2 7 0 2 7 1 2 7 1 2 7 0 2 7 0 2 7 17 18 2 1 2 11 0 2 7 5 31 3 1 2 7 0 40.0670827627182007
0 2 7 0 2 7 16 6 2 0 2 7 0 2 7 0 2 7 0 2 7 5 31 3 5 31 3 0 2 7 1 2 7 0 2 7 17 9 2 1 2 4 0 2 7 17 18 2 0 2 7 0 2 7 1 2 11 17 9 2 0 2 7 1 2 7 1 2 7 1 2 7 0 2 7 0 2 7 1 2 7 0 2 7 13 6 3 1 2 7 1 2 7 1 2 7 1 2 7 0 2 7 1 2 7 17 18 2 0 2 7 0 2 7 5 31 3 1 2 7 0 40.0670827627182007
0 2 4 0 2 7 16 6 2 0 2 7 0 2 7 1 2 7 1 2 7 5 31 3 5 31 3 0 2 7 1 2 7 0 2 7 17 9 2 1 2 7 0 2 7 17 18 2 0 2 7 1 2 7 1 2 7 17 9 2 0 2 7 1 2 7 0 2 7 0 2 7 0 2 7 0 2 7 1 2 7 0 2 7 13 6 3 1 2 7 1 2 11 1 2 7 0 2 7 0 2 7 0 2 7 17 18 2 0 2 7 1 2 7 5 31 3 1 2 7 0 40.0670827627182007
0 2 7 0 2 7 16 6 2 0 2 7 0 2 7 1 2 7 0 2 7 5 31 3 5 31 3 0 2 7 1 2 7 1 2 7 17 9 2 0 2 7 0 2 7 17 18 2 0 2 7 1 2 7 1 2 7 17 9 2 0 2 7 1 2 7 1 2 7 1 2 11 0 2 7 0 2 7 1 2 7 0 2 7 13 6 3 0 2 7 1 2 7 1 2 4 1 2 7 0 2 7 0 2 7 17 9 2 0 2 7 0 2 7 5 31 3 1 2 7 0 40.0670827627182007
0 2 7 0 2 7 0 2 7 5 31 3 0 2 7 0 2 7 1 2 7 5 31 3 1 2 7 1 2 7 0 2 7 1 2 7 17 18 2 0 2 7 17 18 2 17 18 2 0 2 7 1 2 7 1 2 7 0 2 7 0 2 7 1 2 7 1 2 7 17 9 2 1 2 7 0 2 7 1 2 4 0 2 7 16 6 2 0 2 7 0 2 7 0 2 7 0 2 7 1 2 11 0 2 7 13 6 3 1 2 7 0 2 7 5 31 3 1 2 7 0 40.0670827627182007
1 2 11 1 2 7 16 6 2 0 2 7 0 2 7 0 2 7 0 2 7 5 31 3 5 31 3 0 2 7 1 2 7 0 2 4 17 9 2 1 2 7 0 2 7 17 18 2 0 2 7 1 2 7 1 2 7 17 9 2 0 2 7 1 2 7 1 2 7 0 2 7 0 2 7 0 2 7 1 2 7 0 2 7 13 6 3 1 2 7 1 2 7 1 2 7 0 2 7 0 2 7 1 2 7 17 9 2 0 2 7 0 2 7 5 31 3 0 2 7 0 40.0670827627182007
0 2 7 1 2 7 16 6 2 0 2 11 0 2 7 1 2 7 0 2 7 5 31 3 5 31 3 0 2 7 1 2 7 1 2 7 17 9 2 0 2 7 0 2 7 17 18 2 0 2 7 1 2 7 1 2 7 17 9 2 0 2 7 1 2 7 0 2 7 1 2 7 1 2 7 0 2 7 0 2 7 0 2 7 13 6 3 1 2 7 0 2 7 1 2 7 1 2 7 0 2 7 0 2 7 17 18 2 0 2 7 0 2 7 5 31 3 1 2 4 0 40.0670828819274902
0 2 7 1 2 7 0 2 7 5 31 3 0 2 7 0 2 7 1 2 7 5 31 3 5 31 3 1 2 7 0 2 7 1 2 7 17 18 2 0 2 7 17 18 2 17 18 2 0 2 11 1 2 7 1 2 7 0 2 7 0 2 7 1 2 7 1 2 7 17 9 2 1 2 7 0 2 7 1 2 7 0 2 7 16 6 2 0 2 7 0 2 7 0 2 7 0 2 7 1 2 7 0 2 7 13 6 3 1 2 4 0 2 7 0 2 7 1 2 7 0 40.0670828819274902
0 2 7 0 2 7 0 2 7 5 31 3 0 2 7 0 2 7 1 2 7 5 31 3 5 30 3 1 2 7 0 2 4 1 2 7 17 18 2 0 2 7 17 18 2 17 18 2 0 2 7 1 2 7 1 2 4 0 2 7 0 2 4 1 2 7 1 2 7 17 9 2 1 2 7 0 2 7 1 2 7 0 2 7 16 6 2 0 2 7 0 2 7 0 2 7 0 2 4 1 2 4 0 2 3 13 6 3 1 2 7 0 2 7 5 30 3 1 2 7 0 40.148398756980896
1 2 7 1 2 7 1 2 4 1 2 4 6 2 7 12 16 2 0 2 4 5 30 3 5 31 3 0 2 4 0 2 7 0 2 7 17 9 2 0 2 4 17 9 2 0 2 7 0 2 7 1 2 7 1 2 3 17 18 2 0 2 7 1 2 7 0 2 4 1 2 7 1 2 7 0 2 7 0 2 7 0 2 4 13 6 3 0 2 7 0 2 7 1 2 7 1 2 7 0 2 7 5 31 3 17 18 2 1 2 7 0 2 7 12 16 2 0 2 7 0 40.425436794757843
0 2 7 0 2 7 16 6 2 0 2 7 0 2 7 0 2 7 0 2 7 5 31 3 5 31 3 0 2 7 1 2 7 0 2 4 17 9 2 1 2 7 0 2 7 17 18 2 0 2 7 1 2 7 1 2 7 17 9 2 0 2 7 1 2 7 1 2 7 1 2 7 0 2 7 0 2 7 1 2 7 0 2 7 13 6 3 1 2 7 1 2 11 0 2 7 1 2 7 0 2 7 1 2 7 17 9 2 0 2 7 0 2 7 5 31 3 1 2 7 0 40.0670827627182007
0 2 7 0 2 7 16 6 2 0 2 7 0 2 7 1 2 7 0 2 7 5 31 3 5 31 3 0 2 7 0 2 7 0 2 7 17 9 2 1 2 7 0 2 7 17 18 2 0 2 7 1 2 7 1 2 4 17 9 2 0 2 7 1 2 11 1 2 7 1 2 7 0 2 7 0 2 7 1 2 7 1 2 7 13 6 3 1 2 7 1 2 7 1 2 7 0 2 7 0 2 7 0 2 7 17 18 2 0 2 7 0 2 7 5 31 3 1 2 7 0 40.0670827627182007
0 2 4 0 2 7 16 6 2 0 2 7 0 2 7 1 2 7 0 2 7 5 31 3 5 31 3 0 2 7 0 2 7 0 2 7 17 9 2 1 2 7 0 2 7 17 18 2 0 2 7 0 2 7 1 2 7 17 9 2 0 2 7 1 2 7 1 2 11 1 2 7 0 2 7 0 2 7 1 2 7 0 2 7 13 6 3 1 2 7 1 2 7 1 2 7 1 2 7 0 2 7 0 2 7 17 18 2 0 2 7 1 2 7 5 31 3 1 2 7 0 40.0670827627182007
0 2 7 0 2 7 16 6 2 0 2 7 0 2 7 1 2 7 0 2 7 5 31 3 5 31 3 0 2 7 1 2 7 0 2 7 17 9 2 0 2 7 0 2 7 17 18 2 0 2 7 1 2 7 1 2 7 17 9 2 0 2 7 1 2 11 1 2 7 1 2 7 0 2 7 0 2 7 1 2 7 1 2 7 13 6 3 1 2 7 1 2 7 1 2 4 0 2 7 0 2 7 0 2 7 17 9 2 0 2 7 0 2 7 5 31 3 1 2 7 0 40.0670827627182007
0 2 7 0 2 7 0 2 7 5 31 3 0 2 7 0 2 7 1 2 7 5 31 3 1 2 7 1 2 7 0 2 7 1 2 7 17 18 2 0 2 7 17 18 2 17 18 2 0 2 7 1 2 7 1 2 7 0 2 7 0 2 7 1 2 7 1 2 7 17 9 2 1 2 7 0 2 7 1 2 4 0 2 7 16 6 2 0 2 7 0 2 7 0 2 7 0 2 7 1 2 11 0 2 7 13 6 3 1 2 7 0 2 7 5 31 3 1 2 7 0 40.0670827627182007
0 2 7 1 2 7 1 2 7 17 18 2 0 2 7 0 2 7 13 6 3 1 2 7 5 31 3 0 2 7 1 2 7 1 2 7 5 31 3 0 2 7 17 18 2 0 2 7 0 2 7 0 2 7 1 2 7 17 9 2 0 2 7 0 2 7 1 2 7 1 2 7 0 2 4 0 2 7 0 2 7 0 2 7 16 6 2 1 2 7 0 2 7 1 2 7 1 2 7 0 2 7 0 2 7 17 18 2 1 2 11 0 2 7 5 31 3 1 2 7 0 40.0670827627182007
0 2 7 1 2 7 0 2 7 5 31 3 0 2 7 0 2 7 1 2 7 5 31 3 5 31 3 1 2 7 0 2 7 1 2 7 17 18 2 0 2 7 17 18 2 17 18 2 0 2 11 1 2 7 1 2 7 0 2 7 0 2 7 1 2 7 1 2 7 17 9 2 1 2 7 0 2 7 1 2 7 0 2 7 16 6 2 0 2 7 0 2 7 0 2 7 0 2 7 1 2 7 0 2 7 13 6 3 1 2 4 0 2 7 0 2 7 1 2 7 0 40.0670828819274902
0 2 7 0 2 7 16 6 2 0 2 11 0 2 7 1 2 7 0 2 7 5 31 3 5 31 3 0 2 7 1 2 7 0 2 7 17 9 2 1 2 7 0 2 7 17 18 2 0 2 7 1 2 7 1 2 7 17 9 2 0 2 7 1 2 7 0 2 7 0 2 7 1 2 7 0 2 7 1 2 4 0 2 7 13 6 3 1 2 7 1 2 7 1 2 7 1 2 7 0 2 7 0 2 7 17 9 2 0 2 7 0 2 7 5 31 3 1 2 7 0 40.0670828819274902
0 2 7 1 2 7 0 2 11 5 31 3 1 2 7 0 2 4 1 2 7 0 2 7 5 31 3 0 2 7 0 2 7 1 2 7 17 18 2 1 2 7 17 18 2 17 9 2 0 2 7 1 2 7 0 2 7 1 2 7 1 2 7 0 2 7 1 2 7 17 9 2 1 2 7 0 2 7 1 2 7 1 2 7 16 6 2 0 2 7 0 2 7 0 2 7 0 2 7 0 2 7 0 2 7 13 6 3 1 2 7 0 2 7 5 31 3 0 2 7 0 40.0670828819274902
0 2 7 0 2 7 0 2 7 5 31 3 0 2 7 0 2 7 1 2 7 5 31 3 5 30 3 1 2 7 0 2 4 1 2 7 17 18 2 0 2 7 17 18 2 17 18 2 0 2 7 1 2 7 1 2 4 0 2 7 0 2 4 1 2 7 1 2 7 17 9 2 1 2 7 0 2 7 1 2 7 0 2 7 16 6 2 0 2 7 0 2 7 0 2 7 0 2 4 1 2 4 0 2 3 13 6 3 1 2 7 0 2 7 5 30 3 1 2 7 0 40.148398756980896
0 2 7 0 2 7 16 6 2 0 2 7 0 2 7 1 2 7 0 2 7 5 31 3 5 31 3 0 2 7 1 2 7 0 2 7 17 18 2 1 2 7 0 2 7 17 18 2 0 2 7 1 2 7 1 2 7 17 9 2 0 2 7 1 2 11 0 2 7 1 2 7 0 2 7 0 2 7 1 2 7 0 2 7 13 6 3 1 2 7 0 2 7 1 2 7 1 2 7 0 2 7 0 2 4 17 18 2 0 2 7 1 2 7 5 31 3 1 2 7 0 40.0670827627182007
0 2 7 0 2 7 16 6 2 0 2 7 0 2 7 1 2 7 0 2 7 5 31 3 5 31 3 0 2 7 1 2 11 0 2 7 17 9 2 1 2 7 0 2 7 17 18 2 0 2 7 1 2 7 1 2 7 17 9 2 0 2 7 1 2 4 0 2 7 0 2 7 0 2 7 0 2 7 1 2 7 0 2 7 13 6 3 1 2 7 0 2 7 1 2 7 1 2 7 0 2 7 0 2 7 17 18 2 1 2 7 1 2 7 5 31 3 1 2 7 0 40.0670827627182007
0 2 4 0 2 7 16 6 2 0 2 7 0 2 7 1 2 7 1 2 11 5 31 3 5 31 3 0 2 7 1 2 7 1 2 7 17 9 2 0 2 7 0 2 7 17 18 2 1 2 7 1 2 7 0 2 7 17 9 2 1 2 7 1 2 7 0 2 7 0 2 7 0 2 7 0 2 7 1 2 7 1 2 7 13 6 3 1 2 7 0 2 7 0 2 7 0 2 7 0 2 7 0 2 7 17 18 2 0 2 7 1 2 7 5 31 3 1 2 7 0 40.0670827627182007
0 2 7 0 2 7 16 6 2 0 2 7 0 2 7 1 2 7 0 2 7 5 31 3 5 31 3 0 2 7 0 2 7 0 2 7 17 9 2 1 2 4 1 2 7 17 18 2 1 2 7 1 2 7 0 2 7 17 9 2 1 2 7 1 2 7 0 2 7 1 2 7 0 2 7 1 2 7 1 2 7 0 2 7 13 6 3 1 2 7 0 2 7 0 2 7 1 2 11 0 2 7 0 2 7 17 9 2 0 2 7 0 2 7 5 31 3 1 2 7 0 40.0670827627182007
0 2 7 0 2 7 16 6 2 0 2 7 0 2 7 1 2 7 0 2 7 5 31 3 5 31 3 0 2 7 1 2 7 0 2 7 17 18 2 1 2 7 0 2 7 17 18 2 0 2 7 1 2 7 1 2 7 17 9 2 0 2 7 1 2 7 0 2 7 1 2 7 0 2 7 1 2 7 1 2 7 0 2 7 13 6 3 1 2 7 0 2 7 1 2 11 0 2 7 0 2 7 1 2 4 17 18 2 0 2 7 0 2 7 5 31 3 1 2 7 0 40.0670827627182007
0 2 7 0 2 7 16 6 2 0 2 7 0 2 7 1 2 7 0 2 7 5 31 3 5 31 3 0 2 7 0 2 7 0 2 7 17 9 2 1 2 7 0 2 7 17 18 2 1 2 7 1 2 7 1 2 7 17 9 2 1 2 7 1 2 7 0 2 7 1 2 7 0 2 7 0 2 7 1 2 7 0 2 7 13 6 3 1 2 11 0 2 7 1 2 7 0 2 4 1 2 7 0 2 7 17 9 2 0 2 7 0 2 7 5 31 3 1 2 7 0 40.0670827627182007
0 2 7 0 2 7 16 6 2 0 2 11 0 2 7 1 2 7 0 2 7 5 31 3 5 31 3 0 2 7 1 2 7 0 2 7 17 9 2 1 2 7 0 2 7 17 18 2 0 2 7 1 2 7 1 2 7 17 9 2 0 2 7 1 2 7 0 2 7 0 2 7 1 2 7 0 2 7 1 2 4 0 2 7 13 6 3 1 2 7 1 2 7 1 2 7 1 2 7 0 2 7 0 2 7 17 9 2 0 2 7 0 2 7 5 31 3 1 2 7 0 40.0670828819274902
0 2 7 1 2 7 0 2 7 5 31 3 0 2 7 0 2 7 1 2 7 5 31 3 5 31 3 1 2 7 0 2 7 1 2 7 17 18 2 0 2 7 17 18 2 17 18 2 0 2 11 1 2 7 1 2 7 0 2 7 0 2 7 1 2 7 1 2 7 17 9 2 1 2 7 0 2 7 1 2 7 0 2 7 16 6 2 0 2 7 0 2 7 0 2 7 0 2 7 1 2 7 0 2 7 13 6 3 1 2 4 0 2 7 0 2 7 1 2 7 0 40.0670828819274902
0 2 7 0 2 7 16 6 2 0 2 7 0 2 7 1 2 7 0 2 7 5 31 3 5 31 3 1 2 7 1 2 7 1 2 7 17 9 2 1 2 7 0 2 4 17 18 2 0 2 7 1 2 7 1 2 7 17 9 2 0 2 7 1 2 7 0 2 7 0 2 7 0 2 7 0 2 7 1 2 7 0 2 7 13 6 3 1 2 7 1 2 7 1 2 7 0 2 7 0 2 7 0 2 7 17 18 2 0 2 7 0 2 11 5 31 3 1 2 7 0 40.0670828819274902
0 2 7 0 2 7 0 2 7 5 31 3 0 2 7 0 2 7 1 2 7 5 31 3 5 30 3 1 2 7 0 2 4 1 2 7 17 18 2 0 2 7 17 18 2 17 18 2 0 2 7 1 2 7 1 2 4 0 2 7 0 2 4 1 2 7 1 2 7 17 9 2 1 2 7 0 2 7 1 2 7 0 2 7 16 6 2 0 2 7 0 2 7 0 2 7 0 2 4 1 2 4 0 2 3 13 6 3 1 2 7 0 2 7 5 30 3 1 2 7 0 40.148398756980896
0 2 7 0 2 7 16 6 2 0 2 7 0 2 4 1 2 7 0 2 7 5 31 3 5 31 3 0 2 7 1 2 7 0 2 7 17 9 2 1 2 7 0 2 7 17 18 2 1 2 7 1 2 11 1 2 7 17 9 2 0 2 7 1 2 7 0 2 7 1 2 7 1 2 7 0 2 7 1 2 7 0 2 7 13 6 3 1 2 7 0 2 7 0 2 7 1 2 7 0 2 7 0 2 7 17 9 2 0 2 7 1 2 7 5 31 3 0 2 7 0 40.0670827627182007
0 2 7 0 2 7 16 6 2 0 2 7 0 2 7 1 2 7 0 2 7 5 31 3 5 31 3 0 2 7 1 2 7 1 2 7 17 9 2 1 2 7 0 2 7 17 18 2 0 2 7 1 2 7 1 2 7 17 9 2 1 2 7 0 2 7 0 2 4 1 2 7 1 2 7 1 2 7 0 2 7 0 2 7 13 6 3 1 2 7 1 2 11 1 2 7 0 2 7 0 2 7 0 2 7 17 18 2 0 2 7 0 2 7 5 31 3 0 2 7 0 40.0670827627182007
1 2 7 0 2 7 16 6 2 0 2 7 0 2 7 1 2 7 0 2 7 5 31 3 5 31 3 0 2 7 1 2 7 1 2 7 17 9 2 1 2 7 0 2 7 17 18 2 0 2 7 1 2 7 0 2 7 17 9 2 1 2 11 0 2 7 0 2 7 1 2 7 1 2 7 0 2 7 1 2 7 0 2 7 13 6 3 1 2 7 1 2 7 1 2 4 0 2 7 0 2 7 0 2 7 17 18 2 0 2 7 0 2 7 5 31 3 0 2 7 0 40.0670827627182007
0 2 4 0 2 7 16 6 2 0 2 7 0 2 7 1 2 7 1 2 7 5 31 3 5 31 3 0 2 7 1 2 7 1 2 7 17 18 2 0 2 7 1 2 7 17 18 2 0 2 7 1 2 7 1 2 7 17 9 2 0 2 7 0 2 7 0 2 7 1 2 7 0 2 7 0 2 7 1 2 7 0 2 7 13 6 3 0 2 7 0 2 7 1 2 11 1 2 7 0 2 7 0 2 7 17 18 2 0 2 7 1 2 7 5 31 3 1 2 7 0 40.0670827627182007
0 2 7 0 2 7 16 6 2 0 2 7 0 2 7 1 2 7 0 2 7 5 31 3 5 31 3 0 2 7 0 2 7 1 2 7 17 9 2 0 2 7 1 2 7 17 18 2 0 2 7 1 2 7 1 2 7 17 9 2 0 2 7 0 2 7 0 2 7 1 2 4 0 2 7 1 2 7 1 2 7 0 2 7 13 6 3 0 2 7 1 2 7 1 2 7 0 2 7 0 2 7 1 2 7 17 9 2 0 2 7 1 2 7 5 31 3 1 2 11 0 40.0670827627182007
0 2 7 0 2 7 16 6 2 0 2 7 0 2 7 1 2 7 1 2 7 5 31 3 5 31 3 0 2 7 1 2 7 0 2 7 17 18 2 1 2 7 0 2 7 17 18 2 0 2 7 1 2 7 1 2 4 17 9 2 0 2 7 1 2 11 0 2 7 1 2 7 0 2 7 0 2 7 1 2 7 0 2 7 13 6 3 1 2 7 0 2 7 1 2 7 1 2 7 0 2 7 0 2 7 17 18 2 0 2 7 1 2 7 5 31 3 0 2 7 0 40.0670827627182007
0 2 7 0 2 7 16 6 2 0 2 7 0 2 7 1 2 7 0 2 11 5 31 3 5 31 3 0 2 7 1 2 7 1 2 7 17 18 2 1 2 7 0 2 4 17 18 2 1 2 7 1 2 7 1 2 7 17 9 2 0 2 7 1 2 7 0 2 7 0 2 7 0 2 7 0 2 7 1 2 7 0 2 7 13 6 3 1 2 7 1 2 7 1 2 7 1 2 7 0 2 7 0 2 7 17 18 2 0 2 7 0 2 7 5 31 3 0 2 7 0 40.0670828819274902
0 2 7 0 2 7 16 6 2 0 2 7 0 2 7 1 2 7 0 2 7 5 31 3 5 31 3 1 2 7 1 2 7 1 2 7 17 9 2 1 2 7 0 2 4 17 18 2 0 2 7 1 2 7 1 2 7 17 9 2 0 2 7 1 2 7 0 2 7 0 2 7 0 2 7 0 2 7 1 2 7 0 2 7 13 6 3 1 2 7 1 2 7 1 2 7 0 2 7 0 2 7 0 2 7 17 18 2 0 2 7 0 2 11 5 31 3 1 2 7 0 40.0670828819274902
0 2 7 0 2 7 16 6 2 0 2 11 0 2 7 1 2 7 0 2 7 5 31 3 5 31 3 0 2 7 1 2 7 0 2 7 17 9 2 1 2 7 0 2 7 17 18 2 0 2 7 1 2 7 1 2 7 17 9 2 0 2 7 1 2 7 0 2 7 0 2 7 1 2 7 0 2 7 1 2 4 0 2 7 13 6 3 1 2 7 1 2 7 1 2 7 1 2 7 0 2 7 0 2 7 17 9 2 0 2 7 0 2 7 5 31 3 1 2 7 0 40.0670828819274902
0 2 7 1 2 7 0 2 7 5 31 3 0 2 7 0 2 7 1 2 7 5 31 3 5 31 3 1 2 7 0 2 7 1 2 7 17 18 2 0 2 7 17 18 2 17 18 2 0 2 11 1 2 7 1 2 7 0 2 7 0 2 7 1 2 7 1 2 7 17 9 2 1 2 7 0 2 7 1 2 7 0 2 7 16 6 2 0 2 7 0 2 7 0 2 7 0 2 7 1 2 7 0 2 7 13 6 3 1 2 4 0 2 7 0 2 7 1 2 7 0 40.0670828819274902
0 2 7 0 2 7 16 6 2 0 2 7 0 2 4 1 2 7 0 2 7 5 31 3 5 31 3 0 2 7 1 2 7 0 2 7 17 18 2 1 2 7 0 2 7 17 18 2 1 2 7 1 2 7 0 2 7 17 18 2 1 2 7 1 2 11 0 2 7 1 2 7 1 2 7 1 2 7 1 2 7 0 2 7 13 6 3 1 2 7 0 2 7 0 2 7 0 2 7 0 2 7 0 2 7 17 18 2 0 2 7 1 2 7 5 31 3 0 2 7 0 40.0670827627182007
1 2 7 0 2 7 16 6 2 0 2 7 1 2 7 0 2 7 0 2 7 5 31 3 5 31 3 0 2 7 1 2 7 0 2 7 17 9 2 1 2 7 0 2 7 17 18 2 1 2 11 1 2 7 0 2 7 17 18 2 0 2 4 0 2 7 0 2 7 1 2 7 1 2 7 1 2 7 1 2 7 0 2 7 13 6 3 1 2 7 0 2 7 0 2 7 1 2 7 0 2 7 0 2 7 17 18 2 0 2 7 1 2 7 5 31 3 0 2 7 0 40.0670827627182007
1 2 7 0 2 7 16 6 2 0 2 7 0 2 7 0 2 7 0 2 7 5 31 3 5 31 3 0 2 4 1 2 7 0 2 7 17 9 2 1 2 7 0 2 7 17 18 2 1 2 7 1 2 7 0 2 7 17 18 2 0 2 7 1 2 7 0 2 7 1 2 7 1 2 7 1 2 11 1 2 7 0 2 7 13 6 3 1 2 7 0 2 7 0 2 7 1 2 7 0 2 7 0 2 7 17 9 2 0 2 7 1 2 7 5 31 3 0 2 7 0 40.0670827627182007
0 2 7 0 2 7 16 6 2 0 2 7 1 2 11 0 2 7 0 2 7 5 31 3 5 31 3 1 2 7 1 2 7 0 2 7 17 9 2 0 2 7 0 2 7 17 18 2 0 2 7 1 2 7 0 2 7 17 18 2 0 2 7 1 2 7 0 2 7 1 2 7 1 2 7 1 2 7 1 2 7 0 2 7 13 6 3 1 2 7 1 2 7 0 2 7 0 2 7 0 2 7 1 2 4 17 9 2 0 2 7 1 2 7 5 31 3 0 2 7 0 40.0670827627182007
0 2 7 0 2 7 16 6 2 0 2 7 0 2 7 1 2 7 0 2 7 5 31 3 5 31 3 0 2 7 0 2 7 1 2 7 17 18 2 1 2 11 0 2 7 17 18 2 1 2 7 1 2 7 1 2 7 17 9 2 0 2 7 1 2 4 0 2 7 0 2 7 0 2 7 0 2 7 1 2 7 0 2 7 13 6 3 1 2 7 1 2 7 1 2 7 1 2 7 0 2 7 1 2 7 17 18 2 0 2 7 0 2 7 5 31 3 0 2 7 0 40.0670827627182007
1 2 7 0 2 7 16 6 2 0 2 7 1 2 7 0 2 7 0 2 7 5 31 3 5 31 3 0 2 7 1 2 11 0 2 7 17 9 2 0 2 7 0 2 7 17 9 2 0 2 7 1 2 7 1 2 7 17 9 2 0 2 7 1 2 7 0 2 7 1 2 7 1 2 7 1 2 7 1 2 7 1 2 7 13 6 3 1 2 7 0 2 7 0 2 7 0 2 7 0 2 7 1 2 7 17 18 2 0 2 7 0 2 4 5 31 3 0 2 7 0 40.0670827627182007
0 2 7 0 2 7 16 6 2 0 2 7 0 2 7 0 2 7 0 2 7 5 31 3 5 31 3 1 2 7 1 2 7 0 2 7 17 9 2 1 2 7 0 2 7 17 9 2 1 2 7 1 2 7 1 2 7 17 9 2 0 2 7 1 2 7 0 2 7 0 2 7 1 2 7 0 2 7 1 2 4 1 2 7 13 6 3 1 2 7 1 2 11 0 2 7 1 2 7 0 2 7 0 2 7 17 18 2 0 2 7 0 2 7 5 31 3 0 2 7 0 40.0670827627182007
0 2 7 0 2 7 16 6 2 0 2 7 0 2 7 1 2 7 0 2 11 5 31 3 5 31 3 0 2 7 1 2 7 1 2 7 17 18 2 1 2 7 0 2 4 17 18 2 1 2 7 1 2 7 1 2 7 17 9 2 0 2 7 1 2 7 0 2 7 0 2 7 0 2 7 0 2 7 1 2 7 0 2 7 13 6 3 1 2 7 1 2 7 1 2 7 1 2 7 0 2 7 0 2 7 17 18 2 0 2 7 0 2 7 5 31 3 0 2 7 0 40.0670828819274902
0 2 7 1 2 7 0 2 7 5 31 3 0 2 7 0 2 7 1 2 7 5 31 3 5 31 3 1 2 7 0 2 7 1 2 7 17 18 2 0 2 7 17 18 2 17 18 2 0 2 11 1 2 7 1 2 7 0 2 7 0 2 7 1 2 7 1 2 7 17 9 2 1 2 7 0 2 7 1 2 7 0 2 7 16 6 2 0 2 7 0 2 7 0 2 7 0 2 7 1 2 7 0 2 7 13 6 3 1 2 4 0 2 7 0 2 7 1 2 7 0 40.0670828819274902
0 2 4 0 2 7 16 6 2 0 2 7 1 2 7 1 2 7 0 2 7 5 31 3 5 31 3 0 2 7 1 2 7 1 2 7 17 18 2 0 2 7 0 2 4 17 18 2 0 2 7 1 2 7 1 2 7 17 9 2 0 2 7 1 2 7 0 2 7 1 2 7 0 2 7 1 2 7 0 2 7 0 2 7 13 6 3 1 2 7 1 2 7 1 2 7 0 2 7 0 2 7 1 2 7 17 18 2 0 2 7 0 2 7 5 31 3 0 2 7 3.36088722057542389e-06 39.9474828243255615
0 2 7 0 2 7 16 6 2 0 2 7 1 2 7 0 2 7 0 2 7 5 31 3 5 31 3 1 2 7 0 2 7 0 2 7 17 9 2 0 2 7 0 2 7 17 9 2 0 2 7 0 2 7 1 2 11 17 9 2 0 2 7 1 2 7 1 2 7 0 2 7 0 2 7 1 2 7 0 2 7 1 2 7 13 6 3 1 2 7 1 2 7 0 2 7 1 2 4 1 2 7 1 2 7 17 9 2 0 2 7 0 2 7 5 31 3 1 2 7 0 40.0670827627182007
1 2 7 0 2 4 16 6 2 0 2 7 0 2 7 1 2 7 0 2 7 5 31 3 5 31 3 1 2 7 1 2 7 0 2 7 17 9 2 1 2 7 0 2 7 17 18 2 1 2 11 1 2 7 1 2 7 17 18 2 0 2 7 0 2 7 0 2 7 0 2 7 1 2 7 0 2 7 1 2 7 0 2 7 13 6 3 0 2 7 1 2 7 0 2 7 1 2 7 0 2 7 0 2 7 17 18 2 1 2 7 0 2 7 5 31 3 0 2 7 0 40.0670827627182007
1 2 7 0 2 7 16 6 2 1 2 7 0 2 7 0 2 7 0 2 7 5 31 3 5 31 3 0 2 7 1 2 7 0 2 7 17 9 2 0 2 7 0 2 7 17 9 2 0 2 4 0 2 7 1 2 7 17 9 2 0 2 7 0 2 7 0 2 7 0 2 7 1 2 7 1 2 7 1 2 11 1 2 7 13 6 3 1 2 7 0 2 7 0 2 7 0 2 7 1 2 7 1 2 7 17 18 2 0 2 7 1 2 7 5 31 3 1 2 7 0 40.0670827627182007
0 2 7 0 2 7 16 6 2 0 2 7 1 2 7 0 2 7 0 2 7 5 31 3 5 31 3 0 2 7 0 2 7 0 2 7 17 9 2 1 2 7 0 2 7 17 9 2 0 2 7 1 2 7 1 2 11 17 18 2 0 2 7 0 2 4 0 2 7 1 2 7 0 2 7 1 2 7 1 2 7 1 2 7 13 6 3 1 2 7 1 2 7 1 2 7 0 2 7 1 2 7 1 2 7 17 18 2 0 2 7 0 2 7 5 31 3 0 2 7 0 40.0670827627182007
0 2 7 0 2 7 16 6 2 0 2 7 0 2 7 1 2 7 1 2 11 5 31 3 5 31 3 0 2 7 1 2 7 0 2 7 17 18 2 1 2 7 0 2 7 17 18 2 1 2 7 1 2 7 0 2 7 17 9 2 0 2 7 0 2 7 0 2 7 0 2 7 1 2 7 1 2 7 1 2 7 0 2 7 13 6 3 1 2 7 1 2 7 0 2 7 1 2 4 0 2 7 0 2 7 17 18 2 0 2 7 1 2 7 5 31 3 0 2 7 0 40.0670827627182007
1 2 7 0 2 7 16 6 2 0 2 7 0 2 7 1 2 7 0 2 7 5 31 3 5 31 3 0 2 7 1 2 7 0 2 7 17 9 2 1 2 11 0 2 7 17 18 2 1 2 7 0 2 7 1 2 7 17 9 2 0 2 7 0 2 7 0 2 7 0 2 7 1 2 4 1 2 7 1 2 7 0 2 7 13 6 3 1 2 7 1 2 7 0 2 7 0 2 7 1 2 7 0 2 7 17 18 2 0 2 7 0 2 7 5 31 3 1 2 7 0 40.0670827627182007
0 2 7 0 2 7 16 6 2 0 2 7 0 2 7 0 2 7 0 2 7 5 31 3 5 31 3 0 2 7 1 2 7 1 2 7 17 9 2 0 2 7 0 2 7 17 9 2 0 2 7 0 2 7 1 2 7 17 9 2 0 2 7 1 2 4 1 2 7 0 2 7 0 2 7 0 2 7 1 2 7 1 2 7 13 6 3 1 2 7 1 2 7 1 2 7 1 2 7 0 2 7 1 2 7 17 18 2 0 2 7 0 2 7 5 31 3 1 2 11 0 40.0670827627182007
1 2 7 0 2 7 16 6 2 0 2 7 1 2 7 1 2 7 0 2 7 5 31 3 5 31 3 1 2 7 0 2 7 0 2 7 17 18 2 1 2 7 0 2 7 17 18 2 1 2 7 1 2 7 1 2 7 17 18 2 0 2 7 0 2 7 0 2 7 0 2 7 1 2 7 0 2 4 1 2 7 0 2 7 13 6 3 1 2 7 1 2 7 0 2 7 1 2 11 0 2 7 0 2 7 17 18 2 0 2 7 0 2 7 5 31 3 0 2 7 0 40.0670827627182007
0 2 7 1 2 7 16 6 2 0 2 7 0 2 7 0 2 7 1 2 7 5 31 3 5 31 3 1 2 7 1 2 7 0 2 7 17 9 2 0 2 7 0 2 7 17 9 2 0 2 7 1 2 7 0 2 7 17 9 2 1 2 7 0 2 4 1 2 7 0 2 7 1 2 7 0 2 7 1 2 7 1 2 7 13 6 3 1 2 7 1 2 11 0 2 7 1 2 7 0 2 7 0 2 7 17 9 2 0 2 7 0 2 7 5 31 3 0 2 7 0 40.0670827627182007
0 2 7 1 2 7 1 2 7 0 2 7 0 2 7 1 2 7 0 2 7 5 31 3 5 31 3 0 2 7 1 2 7 1 2 7 17 18 2 1 2 7 0 2 7 17 18 2 0 2 7 0 2 7 0 2 7 17 18 2 1 2 7 1 2 7 1 2 7 1 2 7 0 2 7 0 2 7 0 2 7 0 2 7 13 6 3 1 2 11 1 2 7 1 2 4 0 2 7 16 6 2 0 2 7 17 18 2 0 2 7 0 2 7 5 31 3 0 2 7 0 40.0670827627182007
0 2 7 0 2 7 16 6 2 1 2 7 0 2 7 0 2 7 0 2 7 5 31 3 5 31 3 0 2 4 1 2 7 0 2 7 17 18 2 0 2 7 1 2 7 17 18 2 0 2 7 1 2 7 0 2 7 17 18 2 0 2 7 1 2 7 1 2 11 0 2 7 0 2 7 1 2 7 1 2 7 0 2 7 13 6 3 1 2 7 1 2 7 1 2 7 0 2 7 0 2 7 0 2 7 17 18 2 0 2 7 1 2 7 5 31 3 1 2 7 0 40.0670827627182007
0 2 7 0 2 7 16 6 2 1 2 7 0 2 7 0 2 7 0 2 7 5 31 3 5 31 3 0 2 7 1 2 4 0 2 7 17 9 2 1 2 7 0 2 7 17 9 2 0 2 7 0 2 7 0 2 7 17 18 2 0 2 7 1 2 7 0 2 7 0 2 7 0 2 7 1 2 11 1 2 7 1 2 7 13 6 3 1 2 7 1 2 7 0 2 7 1 2 7 0 2 7 1 2 7 17 9 2 0 2 7 1 2 7 5 31 3 1 2 7 0 40.0670827627182007
0 2 7 1 2 7 16 6 2 0 2 7 1 2 11 0 2 7 1 2 7 5 31 3 5 31 3 0 2 7 0 2 7 1 2 7 17 18 2 0 2 7 0 2 7 17 9 2 1 2 7 1 2 7 0 2 7 17 9 2 1 2 7 1 2 7 0 2 7 1 2 7 0 2 7 1 2 7 1 2 7 0 2 7 13 6 3 1 2 4 1 2 7 0 2 7 0 2 7 0 2 7 0 2 7 17 18 2 0 2 7 0 2 7 5 31 3 0 2 7 0 40.0670827627182007
0 2 7 0 2 7 16 6 2 0 2 7 1 2 7 0 2 7 0 2 7 5 31 3 5 31 3 0 2 7 0 2 7 0 2 7 17 18 2 0 2 7 0 2 7 17 9 2 0 2 7 1 2 7 1 2 7 17 18 2 0 2 7 1 2 7 1 2 11 1 2 7 1 2 7 1 2 4 1 2 7 1 2 7 13 6 3 1 2 7 1 2 7 0 2 7 1 2 7 0 2 7 0 2 7 17 18 2 0 2 7 0 2 7 5 31 3 0 2 7 0 40.0670827627182007
0 2 7 0 2 4 16 6 2 1 2 7 0 2 7 0 2 7 0 2 7 5 31 3 5 31 3 0 2 7 0 2 7 0 2 7 17 18 2 1 2 7 0 2 7 17 9 2 0 2 7 0 2 7 0 2 7 17 9 2 0 2 7 0 2 7 0 2 7 0 2 7 1 2 7 1 2 11 1 2 7 1 2 7 13 6 3 1 2 7 1 2 7 0 2 7 1 2 7 1 2 7 1 2 7 17 9 2 0 2 7 1 2 7 5 31 3 1 2 7 0 40.0670827627182007
0 2 7 1 2 7 16 6 2 0 2 7 0 2 7 0 2 7 0 2 4 5 31 3 5 31 3 0 2 7 0 2 7 0 2 7 17 9 2 1 2 7 0 2 7 17 9 2 0 2 7 0 2 7 0 2 7 17 18 2 0 2 7 1 2 7 0 2 7 1 2 11 1 2 7 1 2 7 1 2 7 1 2 7 13 6 3 1 2 7 1 2 7 0 2 7 1 2 7 0 2 7 0 2 7 17 18 2 0 2 7 1 2 7 5 31 3 1 2 7 0 40.0670827627182007
0 2 7 0 2 7 16 6 2 1 2 7 0 2 7 0 2 7 0 2 7 5 31 3 5 31 3 0 2 7 1 2 7 0 2 7 17 18 2 0 2 7 0 2 7 17 9 2 0 2 7 0 2 7 0 2 4 17 18 2 0 2 7 1 2 7 1 2 7 0 2 7 0 2 7 1 2 11 1 2 7 1 2 7 13 6 3 1 2 7 1 2 7 0 2 7 1 2 7 0 2 7 1 2 7 17 18 2 0 2 7 1 2 7 5 31 3 1 2 7 0 40.0670827627182007
0 2 7 1 2 7 16 6 2 1 2 7 1 2 7 0 2 7 0 2 7 5 31 3 5 31 3 0 2 7 0 2 7 0 2 7 17 9 2 0 2 7 0 2 7 17 9 2 0 2 7 0 2 7 0 2 7 17 9 2 0 2 7 1 2 7 1 2 7 0 2 7 0 2 7 1 2 7 0 2 7 1 2 11 13 6 3 1 2 7 1 2 7 0 2 7 1 2 4 1 2 7 1 2 7 17 9 2 0 2 7 0 2 7 5 31 3 1 2 7 0 40.0670827627182007
0 2 7 1 2 7 1 2 7 0 2 7 0 2 7 1 2 7 0 2 7 5 31 3 5 31 3 0 2 7 1 2 7 1 2 7 17 18 2 1 2 7 0 2 7 17 18 2 0 2 7 0 2 7 0 2 7 17 18 2 1 2 7 1 2 7 1 2 7 1 2 7 0 2 7 0 2 7 0 2 7 0 2 7 13 6 3 1 2 11 1 2 7 1 2 4 0 2 7 16 6 2 0 2 7 17 18 2 0 2 7 0 2 7 5 31 3 0 2 7 0 40.0670827627182007
1 2 7 0 2 7 16 6 2 1 2 7 0 2 7 0 2 7 0 2 7 5 31 3 5 31 3 0 2 7 0 2 7 0 2 7 17 9 2 1 2 7 1 2 7 17 9 2 0 2 7 1 2 11 0 2 7 17 9 2 1 2 7 0 2 7 0 2 7 1 2 7 0 2 7 1 2 7 0 2 4 1 2 7 13 6 3 1 2 7 1 2 7 0 2 7 1 2 7 0 2 7 1 2 7 17 9 2 0 2 7 0 2 7 5 31 3 0 2 7 0 40.0670827627182007
1 2 7 0 2 7 16 6 2 1 2 7 0 2 7 0 2 7 0 2 7 5 31 3 5 31 3 0 2 7 0 2 7 0 2 7 17 9 2 1 2 7 1 2 7 17 9 2 0 2 7 1 2 11 0 2 7 17 9 2 1 2 7 0 2 7 0 2 7 1 2 7 0 2 7 1 2 7 0 2 4 1 2 7 13 6 3 1 2 7 1 2 7 0 2 7 1 2 7 0 2 7 1 2 7 17 9 2 0 2 7 0 2 7 5 31 3 0 2 7 0 40.0670827627182007
0 2 7 0 2 7 16 6 2 0 2 7 0 2 7 1 2 7 0 2 7 5 31 3 5 31 3 0 2 7 1 2 7 0 2 7 17 9 2 1 2 7 0 2 7 17 9 2 0 2 7 1 2 7 0 2 7 17 18 2 0 2 7 1 2 7 0 2 7 0 2 7 0 2 7 0 2 7 1 2 7 1 2 7 13 6 3 0 2 7 1 2 7 1 2 7 1 2 11 0 2 7 1 2 7 17 9 2 0 2 7 1 2 4 5 31 3 1 2 7 0 40.0670827627182007
1 2 7 0 2 7 16 6 2 1 2 7 0 2 7 1 2 7 1 2 7 5 31 3 5 31 3 0 2 7 0 2 7 0 2 7 17 9 2 1 2 7 0 2 7 17 9 2 0 2 7 1 2 11 0 2 7 17 18 2 0 2 7 0 2 7 0 2 4 0 2 7 0 2 7 0 2 7 1 2 7 1 2 7 13 6 3 0 2 7 1 2 7 1 2 7 0 2 7 0 2 7 1 2 7 17 9 2 1 2 7 0 2 7 5 31 3 1 2 7 0 40.0670827627182007
1 2 7 0 2 7 16 6 2 1 2 7 1 2 7 0 2 7 0 2 7 5 31 3 5 31 3 0 2 7 0 2 7 0 2 7 17 18 2 1 2 7 0 2 7 17 9 2 0 2 7 1 2 7 0 2 7 17 18 2 0 2 7 1 2 7 0 2 7 1 2 7 0 2 7 1 2 11 0 2 7 1 2 7 13 6 3 1 2 7 1 2 4 0 2 7 0 2 7 0 2 7 1 2 7 17 9 2 0 2 7 0 2 7 5 31 3 1 2 7 0 40.0670827627182007
0 2 7 0 2 7 16 6 2 0 2 7 1 2 7 0 2 7 0 2 7 5 31 3 5 31 3 0 2 7 1 2 7 0 2 7 17 18 2 1 2 7 0 2 7 17 9 2 0 2 7 1 2 7 0 2 7 17 18 2 0 2 7 1 2 7 1 2 11 1 2 7 1 2 7 1 2 4 1 2 7 1 2 7 13 6 3 1 2 7 1 2 7 0 2 7 0 2 7 0 2 7 0 2 7 17 18 2 0 2 7 0 2 7 5 31 3 0 2 7 0 40.0670827627182007
0 2 4 0 2 7 16 6 2 1 2 7 1 2 7 0 2 7 0 2 7 5 31 3 5 31 3 0 2 7 1 2 7 0 2 7 17 18 2 1 2 7 0 2 7 17 9 2 0 2 7 0 2 7 0 2 7 17 18 2 0 2 7 1 2 7 1 2 11 1 2 7 0 2 7 1 2 7 1 2 7 1 2 7 13 6 3 1 2 7 1 2 7 0 2 7 1 2 7 0 2 7 0 2 7 17 18 2 0 2 7 0 2 7 5 31 3 0 2 7 0 40.0670827627182007
0 2 7 0 2 7 16 6 2 0 2 7 0 2 7 0 2 7 0 2 7 5 31 3 5 31 3 1 2 7 1 2 7 0 2 7 17 9 2 0 2 4 0 2 7 17 9 2 0 2 7 1 2 7 0 2 7 17 18 2 0 2 7 1 2 7 1 2 11 1 2 7 1 2 7 1 2 7 1 2 7 1 2 7 13 6 3 1 2 7 1 2 7 0 2 7 0 2 7 0 2 7 0 2 7 17 18 2 0 2 7 1 2 7 5 31 3 0 2 7 0 40.0670827627182007
0 2 7 0 2 7 16 6 2 1 2 7 1 2 7 0 2 7 0 2 7 5 31 3 5 31 3 0 2 7 0 2 7 0 2 7 17 9 2 1 2 7 0 2 7 17 9 2 0 2 7 0 2 7 0 2 7 17 9 2 0 2 7 1 2 7 0 2 7 0 2 7 1 2 7 1 2 4 1 2 7 1 2 11 13 6 3 1 2 7 0 2 7 0 2 7 1 2 7 1 2 7 1 2 7 17 9 2 0 2 7 0 2 7 5 31 3 1 2 7 0 40.0670827627182007
0 2 7 0 2 7 1 2 7 0 2 7 1 2 7 1 2 7 0 2 7 5 31 3 5 31 3 0 2 7 1 2 11 0 2 7 17 18 2 0 2 7 0 2 7 17 18 2 0 2 7 1 2 7 1 2 7 17 18 2 0 2 4 1 2 7 0 2 7 1 2 7 1 2 7 1 2 7 0 2 7 0 2 7 13 6 3 1 2 7 1 2 7 1 2 7 0 2 7 16 6 2 0 2 7 17 18 2 0 2 7 0 2 7 5 31 3 0 2 7 0 40.0670827627182007
0 2 7 1 2 7 1 2 7 0 2 7 0 2 7 1 2 7 0 2 7 5 31 3 5 31 3 0 2 7 1 2 7 1 2 7 17 18 2 1 2 7 0 2 7 17 18 2 0 2 7 0 2 7 0 2 7 17 18 2 1 2 7 1 2 7 1 2 7 1 2 7 0 2 7 0 2 7 0 2 7 0 2 7 13 6 3 1 2 11 1 2 7 1 2 4 0 2 7 16 6 2 0 2 7 17 18 2 0 2 7 0 2 7 5 31 3 0 2 7 0 40.0670827627182007
0 2 7 0 2 7 16 6 2 0 2 7 1 2 7 0 2 7 0 2 7 5 31 3 5 31 3 0 2 7 0 2 7 0 2 7 17 9 2 1 2 7 0 2 7 17 9 2 1 2 7 0 2 7 0 2 7 17 9 2 0 2 7 1 2 7 0 2 7 1 2 11 0 2 7 1 2 4 0 2 7 1 2 7 13 6 3 1 2 7 1 2 7 0 2 7 1 2 7 1 2 7 1 2 7 17 9 2 0 2 7 0 2 7 5 31 3 1 2 7 0 40.0670827627182007
1 2 7 0 2 7 16 6 2 0 2 7 0 2 7 1 2 7 1 2 7 5 31 3 5 31 3 0 2 7 0 2 7 0 2 7 17 18 2 0 2 7 0 2 7 17 9 2 0 2 7 0 2 7 0 2 7 17 18 2 0 2 7 1 2 7 1 2 7 1 2 4 0 2 7 1 2 7 1 2 7 1 2 7 13 6 3 0 2 7 1 2 7 1 2 11 0 2 7 1 2 7 0 2 7 17 18 2 1 2 7 0 2 7 5 31 3 0 2 7 0 40.0670827627182007
1 2 7 0 2 7 16 6 2 0 2 7 0 2 7 1 2 7 0 2 7 5 31 3 5 31 3 0 2 7 0 2 7 0 2 7 17 9 2 1 2 7 0 2 7 17 9 2 0 2 4 1 2 7 0 2 7 17 18 2 0 2 7 1 2 7 0 2 7 0 2 7 0 2 7 1 2 7 1 2 7 1 2 7 13 6 3 0 2 7 0 2 7 1 2 11 1 2 7 1 2 7 1 2 7 17 18 2 0 2 7 0 2 7 5 31 3 1 2 7 0 40.0670827627182007
1 2 7 0 2 7 16 6 2 0 2 7 0 2 7 0 2 7 0 2 7 5 31 3 5 31 3 0 2 7 0 2 7 0 2 4 17 18 2 1 2 7 0 2 7 17 9 2 1 2 7 0 2 7 0 2 7 17 9 2 0 2 7 1 2 7 1 2 7 1 2 11 0 2 7 1 2 7 1 2 7 1 2 7 13 6 3 1 2 7 0 2 7 0 2 7 1 2 7 1 2 7 0 2 7 17 9 2 1 2 7 0 2 7 5 31 3 0 2 7 0 40.0670827627182007
1 2 11 0 2 7 16 6 2 1 2 7 0 2 7 1 2 7 0 2 7 5 31 3 5 31 3 0 2 7 0 2 7 0 2 7 17 18 2 0 2 7 0 2 7 17 9 2 0 2 7 0 2 7 0 2 7 17 18 2 0 2 7 1 2 7 1 2 7 1 2 7 1 2 7 1 2 7 1 2 7 1 2 7 13 6 3 1 2 7 1 2 7 0 2 7 0 2 4 0 2 7 0 2 7 17 18 2 1 2 7 0 2 7 5 31 3 0 2 7 0 40.0670827627182007
1 2 7 0 2 7 16 6 2 0 2 7 1 2 7 0 2 7 0 2 7 5 31 3 5 31 3 0 2 7 0 2 7 1 2 7 17 18 2 1 2 7 0 2 7 17 9 2 1 2 7 1 2 7 0 2 7 17 18 2 0 2 7 1 2 7 1 2 7 1 2 11 0 2 7 1 2 7 0 2 7 1 2 4 13 6 3 0 2 7 1 2 7 0 2 7 0 2 7 0 2 7 1 2 7 17 9 2 0 2 7 0 2 7 5 31 3 0 2 7 0 40.0670827627182007
0 2 7 1 2 7 1 2 7 0 2 7 0 2 7 1 2 7 0 2 7 5 31 3 5 31 3 0 2 7 1 2 7 1 2 7 17 18 2 1 2 7 0 2 7 17 18 2 0 2 7 0 2 7 0 2 7 17 18 2 1 2 7 1 2 7 1 2 7 1 2 7 0 2 7 0 2 7 0 2 7 0 2 7 13 6 3 1 2 11 1 2 7 1 2 4 0 2 7 16 6 2 0 2 7 17 18 2 0 2 7 0 2 7 5 31 3 0 2 7 0 40.0670827627182007
0 2 7 0 2 7 16 6 2 0 2 7 0 2 7 1 2 7 0 2 7 5 31 3 5 31 3 0 2 7 0 2 7 0 2 7 17 9 2 1 2 7 0 2 7 17 9 2 0 2 7 1 2 7 0 2 7 17 9 2 0 2 7 1 2 7 0 2 7 0 2 7 0 2 7 1 2 7 1 2 7 1 2 7 13 6 3 1 2 7 0 2 7 1 2 7 1 2 7 1 2 7 1 2 11 17 9 2 0 2 7 0 2 4 5 31 3 1 2 7 0 40.0670827627182007
0 2 7 1 2 7 1 2 7 0 2 7 1 2 7 0 2 7 0 2 7 5 31 3 5 31 3 0 2 7 1 2 7 1 2 7 17 18 2 1 2 11 0 2 7 17 18 2 1 2 7 0 2 7 1 2 7 17 18 2 0 2 7 1 2 7 0 2 7 1 2 7 1 2 7 0 2 7 0 2 7 0 2 7 13 6 3 1 2 7 0 2 7 1 2 7 0 2 4 16 6 2 0 2 7 17 18 2 0 2 7 0 2 7 5 31 3 0 2 7 0 40.0670827627182007
1 2 11 0 2 7 16 6 2 1 2 7 0 2 7 0 2 7 0 2 7 5 31 3 5 31 3 0 2 7 0 2 7 0 2 7 17 18 2 1 2 7 0 2 7 17 9 2 1 2 7 0 2 7 0 2 7 17 9 2 0 2 7 1 2 7 1 2 7 1 2 11 0 2 7 1 2 7 1 2 7 1 2 7 13 6 3 1 2 7 1 2 7 0 2 7 1 2 4 0 2 7 0 2 7 17 9 2 1 2 7 0 2 7 5 31 3 0 2 7 4.41470682839462017e-05 40.0961307287216187
0 2 7 1 2 7 1 2 7 0 2 7 0 2 7 0 2 7 0 2 7 5 31 3 5 31 3 0 2 7 1 2 7 1 2 11 17 18 2 1 2 7 0 2 7 17 18 2 0 2 7 0 2 7 0 2 7 17 18 2 0 2 7 1 2 7 0 2 7 1 2 7 1 2 7 0 2 7 1 2 7 0 2 7 13 6 3 1 2 7 1 2 7 1 2 4 0 2 7 16 6 2 0 2 7 17 18 2 0 2 7 0 2 7 5 31 3 1 2 7 0 40.0670827627182007
1 2 11 0 2 7 16 6 2 1 2 7 0 2 7 0 2 7 0 2 7 5 31 3 5 31 3 0 2 7 0 2 7 1 2 7 17 9 2 0 2 7 0 2 7 17 9 2 0 2 7 0 2 7 0 2 7 17 9 2 0 2 7 1 2 7 1 2 7 1 2 7 0 2 7 0 2 7 1 2 7 1 2 7 13 6 3 1 2 7 1 2 7 0 2 7 1 2 7 1 2 7 0 2 7 17 18 2 1 2 7 0 2 4 5 31 3 0 2 7 0 40.0670827627182007
1 2 11 0 2 7 16 6 2 1 2 7 0 2 7 0 2 7 0 2 7 5 31 3 5 31 3 0 2 7 0 2 7 1 2 7 17 9 2 0 2 7 0 2 7 17 9 2 1 2 7 0 2 7 0 2 7 17 18 2 0 2 7 1 2 7 1 2 7 0 2 7 0 2 7 0 2 7 1 2 7 1 2 7 13 6 3 1 2 7 1 2 7 0 2 7 1 2 7 1 2 7 0 2 4 17 18 2 1 2 7 0 2 7 5 31 3 0 2 7 0 40.0670827627182007
1 2 7 0 2 7 16 6 2 0 2 7 0 2 7 1 2 7 0 2 7 5 31 3 5 31 3 1 2 7 0 2 7 0 2 7 17 18 2 0 2 7 0 2 7 17 9 2 0 2 7 0 2 7 0 2 7 17 18 2 0 2 7 1 2 7 1 2 7 1 2 7 1 2 7 1 2 7 1 2 7 1 2 11 13 6 3 1 2 7 1 2 7 0 2 7 0 2 4 0 2 7 0 2 7 17 18 2 0 2 7 1 2 7 5 31 3 0 2 7 0 40.0670827627182007
1 2 7 0 2 7 16 6 2 0 2 7 0 2 7 1 2 7 1 2 7 5 31 3 5 31 3 1 2 7 0 2 7 0 2 7 17 9 2 0 2 7 0 2 7 17 9 2 0 2 7 0 2 7 0 2 7 17 18 2 0 2 7 1 2 7 0 2 7 1 2 7 0 2 7 1 2 7 0 2 7 1 2 11 13 6 3 1 2 4 1 2 7 0 2 7 1 2 7 1 2 7 0 2 7 17 18 2 1 2 7 0 2 7 5 31 3 0 2 7 0 40.0670827627182007
1 2 7 0 2 7 16 6 2 1 2 7 0 2 7 1 2 7 1 2 4 5 31 3 5 31 3 0 2 7 0 2 7 0 2 7 17 18 2 0 2 7 0 2 7 17 9 2 0 2 7 0 2 7 0 2 7 17 18 2 0 2 7 1 2 7 1 2 7 1 2 7 0 2 7 1 2 11 1 2 7 1 2 7 13 6 3 0 2 7 1 2 7 1 2 7 0 2 7 0 2 7 0 2 7 17 18 2 1 2 7 0 2 7 5 31 3 0 2 7 0 40.0670827627182007
1 2 7 0 2 7 16 6 2 0 2 7 0 2 7 0 2 7 0 2 7 5 31 3 5 31 3 0 2 7 0 2 7 1 2 7 17 18 2 1 2 7 0 2 7 17 9 2 1 2 11 0 2 7 0 2 7 17 9 2 0 2 7 1 2 7 1 2 7 1 2 7 0 2 7 1 2 7 1 2 7 1 2 7 13 6 3 1 2 4 0 2 7 0 2 7 0 2 7 1 2 7 0 2 7 17 9 2 0 2 7 1 2 7 5 31 3 0 2 7 0 40.0670827627182007
1 2 7 0 2 7 16 6 2 1 2 7 1 2 7 0 2 7 0 2 7 5 31 3 5 31 3 0 2 7 0 2 7 1 2 7 17 9 2 1 2 7 0 2 7 17 9 2 1 2 7 0 2 7 0 2 7 17 9 2 0 2 7 1 2 7 1 2 7 1 2 7 0 2 7 0 2 7 1 2 11 1 2 7 13 6 3 0 2 4 0 2 7 0 2 7 0 2 7 1 2 7 0 2 7 17 9 2 1 2 7 0 2 7 5 31 3 0 2 7 0 40.0670827627182007
1 2 7 1 2 7 0 2 7 0 2 7 0 2 7 0 2 7 0 2 7 5 31 3 5 31 3 1 2 7 0 2 7 1 2 7 17 18 2 1 2 7 0 2 7 17 18 2 1 2 7 0 2 7 0 2 7 17 18 2 0 2 7 1 2 7 0 2 7 0 2 7 0 2 7 1 2 7 1 2 7 1 2 11 13 6 3 1 2 7 1 2 7 16 6 2 0 2 7 0 2 7 0 2 7 17 18 2 0 2 7 0 2 4 5 31 3 1 2 7 0 40.0670827627182007
1 2 7 0 2 7 16 6 2 1 2 7 1 2 7 0 2 7 0 2 7 5 31 3 5 31 3 0 2 7 0 2 7 0 2 7 17 9 2 0 2 7 0 2 7 17 9 2 0 2 7 0 2 7 0 2 7 17 9 2 1 2 7 1 2 7 1 2 7 1 2 11 0 2 7 0 2 7 1 2 7 1 2 7 13 6 3 1 2 4 1 2 7 0 2 7 0 2 7 1 2 7 0 2 7 17 9 2 1 2 7 0 2 7 5 31 3 0 2 7 0 40.0670827627182007
0 2 7 0 2 7 16 6 2 1 2 7 0 2 7 0 2 7 1 2 4 5 31 3 5 31 3 0 2 7 0 2 7 1 2 7 17 9 2 0 2 7 0 2 7 17 9 2 1 2 7 0 2 7 0 2 7 17 9 2 0 2 7 0 2 7 1 2 7 1 2 7 0 2 7 1 2 11 1 2 7 1 2 7 13 6 3 1 2 7 1 2 7 0 2 7 0 2 7 1 2 7 0 2 7 17 9 2 1 2 7 0 2 7 5 31 3 0 2 7 0 40.0670827627182007
0 2 4 1 2 7 16 6 2 1 2 7 1 2 7 0 2 7 0 2 7 5 31 3 5 31 3 0 2 7 0 2 7 1 2 7 17 9 2 0 2 7 0 2 7 17 9 2 1 2 7 0 2 7 0 2 7 17 18 2 0 2 7 0 2 7 1 2 7 1 2 7 1 2 7 0 2 7 1 2 7 1 2 11 13 6 3 1 2 7 0 2 7 0 2 7 0 2 7 1 2 7 0 2 7 17 18 2 1 2 7 0 2 7 5 31 3 0 2 7 0 40.0670827627182007
1 2 7 1 2 7 0 2 7 0 2 7 0 2 7 0 2 7 0 2 7 5 31 3 5 31 3 1 2 7 0 2 7 1 2 7 17 18 2 1 2 7 0 2 7 17 18 2 1 2 7 0 2 7 0 2 7 17 18 2 0 2 7 1 2 7 0 2 7 0 2 7 0 2 7 1 2 7 1 2 7 1 2 11 13 6 3 1 2 7 1 2 7 16 6 2 0 2 7 0 2 7 0 2 7 17 18 2 0 2 7 0 2 4 5 31 3 1 2 7 0 40.0670827627182007
1 2 7 0 2 7 1 2 7 0 2 7 1 2 11 0 2 7 0 2 7 5 31 3 5 31 3 1 2 7 0 2 7 1 2 7 17 18 2 1 2 7 0 2 7 17 9 2 16 6 2 0 2 7 0 2 7 17 18 2 0 2 7 1 2 7 0 2 7 1 2 7 0 2 7 0 2 7 1 2 7 1 2 7 13 6 3 1 2 7 1 2 7 0 2 7 0 2 4 0 2 7 0 2 7 17 18 2 0 2 7 1 2 7 5 31 3 0 2 7 0 40.0670827627182007
0 2 7 0 2 7 16 6 2 0 2 7 1 2 7 0 2 7 1 2 7 5 31 3 5 31 3 0 2 7 0 2 7 1 2 7 17 9 2 1 2 7 0 2 7 17 9 2 1 2 7 1 2 7 1 2 7 17 18 2 0 2 7 0 2 7 0 2 7 0 2 7 0 2 7 0 2 7 1 2 7 1 2 4 13 6 3 1 2 11 0 2 7 0 2 7 0 2 7 1 2 7 0 2 7 17 18 2 1 2 7 1 2 7 5 31 3 0 2 7 0 40.0670827627182007
1 2 7 0 2 7 16 6 2 1 2 7 1 2 7 0 2 7 0 2 7 5 31 3 5 31 3 0 2 7 0 2 7 1 2 7 17 9 2 1 2 7 0 2 7 17 9 2 1 2 7 0 2 7 0 2 7 17 9 2 0 2 7 1 2 7 1 2 7 1 2 7 0 2 7 0 2 7 1 2 11 1 2 7 13 6 3 0 2 4 0 2 7 0 2 7 0 2 7 1 2 7 0 2 7 17 9 2 1 2 7 0 2 7 5 31 3 0 2 7 0 40.0670827627182007
0 2 7 1 2 7 0 2 7 1 2 7 0 2 7 0 2 7 0 2 7 5 31 3 5 31 3 1 2 4 1 2 7 1 2 7 17 18 2 1 2 7 1 2 7 17 18 2 0 2 7 0 2 7 0 2 7 17 18 2 0 2 7 1 2 7 0 2 7 1 2 7 0 2 7 0 2 7 16 6 2 1 2 7 13 6 3 0 2 7 1 2 7 0 2 7 0 2 7 0 2 7 1 2 11 17 18 2 0 2 7 0 2 7 5 31 3 1 2 7 0 40.0670827627182007
0 2 11 0 2 7 16 31 3 0 2 7 1 2 7 0 2 7 1 2 7 5 31 3 5 31 3 0 2 7 0 2 7 1 2 7 17 9 2 1 2 7 0 2 7 17 9 2 1 2 7 1 30 3 0 2 7 17 9 2 0 2 7 0 2 7 0 2 7 1 2 7 0 2 7 0 2 7 1 2 7 0 2 4 13 6 11 1 2 7 0 2 7 0 2 7 0 2 7 1 31 2 0 2 7 17 18 2 1 2 11 16 2 7 5 31 3 0 2 7 370052.361626080121 39.8727118372917175
0 2 7 0 2 7 5 31 3 0 2 7 1 2 7 1 2 7 0 2 7 5 31 3 5 30 3 1 2 7 0 2 7 1 2 7 17 18 2 0 2 7 1 2 7 17 9 2 0 2 7 5 30 3 0 2 7 12 16 2 0 2 7 0 2 7 0 2 7 1 2 7 0 2 7 0 2 7 0 2 7 0 2 7 0 2 7 6 2 7 1 2 7 0 2 7 0 2 4 16 6 2 0 2 7 17 1 2 1 2 7 16 30 2 5 31 3 0 2 7 0 40.735794723033905
0 2 11 0 2 7 5 31 3 0 2 7 1 2 7 1 2 7 0 2 7 5 30 3 5 30 3 1 2 4 1 2 7 1 2 7 17 18 2 0 2 7 0 2 7 17 9 2 0 2 7 5 30 3 0 2 7 8 9 2 0 2 7 1 2 7 0 2 7 1 2 7 0 2 7 0 2 7 0 2 7 0 2 7 0 2 11 1 2 7 1 2 7 0 2 4 0 2 7 16 31 2 0 2 7 17 9 2 1 2 11 16 6 2 5 31 3 0 2 7 0 41.0155007839202881
0 2 7 0 2 7 16 6 2 0 2 7 1 2 7 0 2 7 0 2 7 5 31 3 5 31 3 1 2 7 0 2 7 0 2 7 17 9 2 0 2 7 0 2 7 17 9 2 1 2 7 0 2 7 1 2 7 17 9 2 0 2 7 0 2 7 0 2 4 1 2 7 0 2 7 1 2 7 1 2 7 1 2 11 13 6 3 1 2 7 0 2 7 0 2 7 0 2 7 1 2 7 1 2 7 17 9 2 1 2 7 1 2 7 5 31 3 0 2 7 0 40.0670827627182007
1 2 7 1 2 7 1 2 7 0 2 7 0 2 7 0 2 7 0 2 7 5 31 3 5 31 3 1 2 7 0 2 7 1 2 7 17 9 2 1 2 7 0 2 7 17 18 2 1 2 7 0 2 7 0 2 7 17 18 2 0 2 7 1 2 7 0 2 7 0 2 7 0 2 7 0 2 7 1 2 7 1 2 11 13 6 3 1 2 7 0 2 4 16 6 2 0 2 7 1 2 7 0 2 7 17 18 2 0 2 7 0 2 7 5 31 3 1 2 7 0 40.0670827627182007
1 2 7 0 2 7 1 2 7 1 2 7 1 2 7 0 2 7 0 2 7 5 31 3 5 31 3 1 2 7 1 2 7 1 2 4 17 9 2 0 2 7 0 2 7 17 9 2 16 6 2 0 2 7 0 2 7 17 9 2 0 2 7 1 2 7 0 2 7 0 2 7 1 2 7 0 2 7 0 2 7 1 2 7 13 6 3 1 2 11 0 2 7 1 2 7 0 2 7 1 2 7 0 2 7 17 18 2 0 2 7 0 2 7 5 31 3 0 2 7 0 40.0670827627182007
1 2 11 0 2 7 1 2 7 0 2 7 1 2 7 1 2 7 0 2 7 5 31 3 5 31 3 1 2 7 0 2 7 1 2 7 17 18 2 0 2 7 0 2 7 17 9 2 16 6 2 0 2 7 0 2 7 17 18 2 0 2 7 1 2 7 0 2 7 1 2 7 0 2 7 0 2 7 1 2 7 1 2 4 13 6 3 1 2 7 1 2 7 0 2 7 0 2 7 0 2 7 0 2 7 17 18 2 0 2 7 1 2 7 5 31 3 0 2 7 0 40.0670827627182007
1 2 7 0 2 7 16 6 2 0 2 7 1 2 4 0 2 7 0 2 7 5 31 3 5 31 3 1 2 7 0 2 7 1 2 7 17 9 2 1 2 11 0 2 7 17 9 2 1 2 7 0 2 7 0 2 7 17 18 2 0 2 7 1 2 7 0 2 7 0 2 7 1 2 7 1 2 7 1 2 7 1 2 7 13 6 3 1 2 7 0 2 7 0 2 7 0 2 7 0 2 7 0 2 7 17 18 2 0 2 7 1 2 7 5 31 3 0 2 7 0 40.0670827627182007
0 2 7 0 2 7 16 6 2 1 2 7 0 2 7 0 2 7 1 2 7 5 31 3 5 31 3 0 2 7 0 2 7 1 2 7 17 9 2 1 2 7 1 2 7 17 9 2 1 2 7 0 2 7 1 2 7 17 18 2 0 2 4 0 2 7 1 2 7 0 2 7 0 2 7 0 2 7 0 2 7 0 2 7 13 6 3 1 2 7 1 2 7 0 2 7 0 2 7 1 2 7 0 2 7 17 18 2 1 2 11 0 2 7 5 31 3 1 2 7 0 40.0670827627182007
0 2 7 0 2 7 16 6 2 1 2 7 0 2 7 0 2 7 1 2 4 5 31 3 5 31 3 0 2 7 0 2 7 1 2 7 17 9 2 0 2 7 0 2 7 17 9 2 1 2 7 0 2 7 0 2 7 17 9 2 0 2 7 0 2 7 1 2 7 1 2 7 0 2 7 1 2 11 1 2 7 1 2 7 13 6 3 1 2 7 1 2 7 0 2 7 0 2 7 1 2 7 0 2 7 17 9 2 1 2 7 0 2 7 5 31 3 0 2 7 0 40.0670827627182007
0 2 7 1 2 7 0 2 7 1 2 7 0 2 7 0 2 7 0 2 7 5 31 3 5 31 3 1 2 4 1 2 7 1 2 7 17 18 2 1 2 7 1 2 7 17 18 2 0 2 7 0 2 7 0 2 7 17 18 2 0 2 7 1 2 7 0 2 7 1 2 7 0 2 7 0 2 7 16 6 2 1 2 7 13 6 3 0 2 7 1 2 7 0 2 7 0 2 7 0 2 7 1 2 11 17 18 2 0 2 7 0 2 7 5 31 3 1 2 7 0 40.0670827627182007
1 2 7 1 2 7 0 2 7 0 2 7 0 2 7 0 2 7 0 2 7 5 31 3 5 31 3 1 2 7 0 2 7 1 2 7 17 18 2 1 2 7 0 2 7 17 18 2 1 2 7 0 2 7 0 2 7 17 18 2 0 2 7 1 2 7 0 2 7 0 2 7 0 2 7 1 2 7 1 2 7 1 2 11 13 6 3 1 2 7 1 2 7 16 6 2 0 2 7 0 2 7 0 2 7 17 18 2 0 2 7 0 2 4 5 31 3 1 2 7 0 40.0670827627182007
0 2 7 0 2 7 5 31 3 0 2 3 1 2 7 6 2 3 1 2 7 5 31 3 1 2 7 1 2 7 0 2 7 1 2 3 17 9 2 0 2 3 0 2 7 17 9 2 1 2 7 0 2 7 0 2 7 12 16 2 1 2 3 1 2 7 0 2 7 0 2 7 0 2 3 0 2 7 0 2 7 0 2 7 13 6 3 1 2 7 1 2 7 0 2 7 0 2 7 16 6 2 0 2 7 17 18 2 1 2 7 1 2 7 5 30 3 0 2 7 0 40.7138477563858032
1 2 7 1 2 7 0 2 7 0 2 7 0 2 7 0 2 7 0 2 7 5 31 3 5 31 3 1 2 7 0 2 7 1 2 7 17 18 2 1 2 7 0 2 7 17 18 2 1 2 7 0 2 7 0 2 7 17 18 2 0 2 7 1 2 7 0 2 7 0 2 7 0 2 7 1 2 7 1 2 7 1 2 11 13 6 3 1 2 7 1 2 7 16 6 2 0 2 7 0 2 7 0 2 7 17 18 2 0 2 7 0 2 4 5 31 3 1 2 7 0 40.0670827627182007
0 2 7 0 2 7 16 6 2 0 2 4 0 2 7 0 2 7 0 2 7 5 31 3 5 31 3 1 2 7 0 2 7 0 2 7 17 9 2 1 2 7 0 2 7 17 9 2 0 2 7 0 2 7 0 2 7 17 18 2 0 2 7 1 2 7 1 2 7 1 2 7 0 2 7 0 2 7 1 2 7 1 2 11 13 6 3 1 2 7 1 2 7 0 2 7 0 2 7 1 2 7 1 2 7 17 9 2 1 2 7 1 2 7 5 31 3 0 2 7 0 40.0670827627182007
0 2 7 0 2 7 16 6 2 1 2 4 0 2 7 0 2 7 1 2 7 5 31 3 5 31 3 0 2 7 0 2 7 1 2 7 17 9 2 0 2 7 0 2 7 17 9 2 1 2 7 0 2 7 0 2 7 17 18 2 0 2 7 0 2 7 1 2 7 1 2 7 0 2 7 1 2 7 0 2 7 1 2 11 13 6 3 1 2 7 1 2 7 0 2 7 0 2 7 1 2 7 0 2 7 17 9 2 0 2 7 1 2 7 5 31 3 1 2 7 0 40.0670827627182007
0 2 7 0 2 7 16 6 2 1 2 4 0 2 7 0 2 7 0 2 7 5 31 3 5 31 3 0 2 7 0 2 7 1 2 7 17 9 2 1 2 7 0 2 7 17 9 2 1 2 7 0 2 7 0 2 7 17 18 2 0 2 7 1 2 7 0 2 7 1 2 7 0 2 7 1 2 7 1 2 7 1 2 11 13 6 3 1 2 7 1 2 7 0 2 7 0 2 7 1 2 7 0 2 7 17 18 2 0 2 7 1 2 7 5 31 3 0 2 7 0 40.0670827627182007
0 2 7 1 2 7 16 6 2 1 2 7 1 2 7 0 2 7 1 2 7 5 31 3 5 31 3 0 2 7 0 2 7 1 2 7 17 9 2 0 2 7 0 2 7 17 18 2 1 2 4 1 2 7 0 2 7 17 18 2 0 2 7 0 2 7 0 2 7 1 2 7 0 2 7 1 2 7 1 2 7 1 2 11 13 6 3 0 2 7 0 2 7 0 2 7 5 31 3 0 2 7 0 2 7 17 18 2 0 2 7 0 2 7 1 2 7 1 2 7 0 40.0670827627182007
0 2 7 0 2 4 16 6 2 0 2 7 0 2 7 0 2 7 1 2 7 5 31 3 5 31 3 0 2 7 0 2 7 1 2 7 17 9 2 0 2 7 0 2 7 17 9 2 1 2 7 0 2 7 1 2 7 17 18 2 0 2 7 0 2 7 1 2 7 0 2 7 1 2 7 1 2 7 1 2 7 0 2 7 13 6 3 1 2 7 1 2 7 1 2 7 0 2 7 1 2 7 0 2 7 17 18 2 0 2 7 1 2 11 5 31 3 0 2 7 0 40.0670827627182007
0 2 7 0 2 7 16 6 2 1 2 7 0 2 7 0 2 7 0 2 7 5 31 3 5 31 3 1 2 7 0 2 7 0 2 7 17 9 2 1 2 11 0 2 7 17 9 2 1 2 7 0 2 7 0 2 7 17 9 2 0 2 7 0 2 7 0 2 7 0 2 7 1 2 7 1 2 7 0 2 7 1 2 7 13 6 3 1 2 4 1 2 7 0 2 7 0 2 7 1 2 7 1 2 7 17 9 2 1 2 7 0 2 7 5 31 3 1 2 7 0 40.0670827627182007
0 2 7 1 2 7 16 6 2 1 2 11 0 2 7 0 2 7 0 2 7 5 31 3 5 31 3 1 2 7 0 2 7 0 2 7 17 9 2 1 2 7 0 2 7 17 9 2 1 2 7 0 2 7 0 2 7 17 9 2 0 2 7 0 2 7 0 2 7 1 2 7 0 2 7 0 2 7 0 2 7 1 2 7 13 6 3 1 2 7 1 2 7 0 2 7 0 2 7 1 2 7 1 2 7 17 9 2 1 2 7 0 2 4 5 31 3 1 2 7 0 40.0670827627182007
0 2 7 1 2 7 0 2 7 1 2 7 0 2 7 0 2 7 0 2 7 5 31 3 5 31 3 1 2 4 1 2 7 1 2 7 17 18 2 1 2 7 1 2 7 17 18 2 0 2 7 0 2 7 0 2 7 17 18 2 0 2 7 1 2 7 0 2 7 1 2 7 0 2 7 0 2 7 16 6 2 1 2 7 13 6 3 0 2 7 1 2 7 0 2 7 0 2 7 0 2 7 1 2 11 17 18 2 0 2 7 0 2 7 5 31 3 1 2 7 0 40.0670827627182007
0 2 7 0 2 7 16 6 2 1 2 4 0 2 7 0 2 7 0 2 7 5 31 3 5 31 3 0 2 7 0 2 7 1 2 7 17 9 2 0 2 7 0 2 7 17 9 2 1 2 7 0 2 7 0 2 7 17 18 2 0 2 7 0 2 7 0 2 7 1 2 7 0 2 7 1 2 7 1 2 7 1 2 11 13 6 3 1 2 7 1 2 7 0 2 7 0 2 7 1 2 7 0 2 7 17 18 2 0 2 7 1 2 7 5 31 3 0 2 7 0.00054690740432282892 40.2081867456436157
0 2 7 1 2 7 0 2 7 0 2 7 0 2 7 0 2 4 0 2 7 5 31 3 5 31 3 1 2 7 1 2 7 1 2 7 17 18 2 1 2 7 0 2 7 17 18 2 1 2 7 0 2 7 0 2 7 17 18 2 0 2 7 16 6 2 1 2 11 1 2 7 0 2 7 0 2 7 1 2 7 1 2 7 13 6 3 1 2 7 1 2 7 0 2 7 0 2 7 0 2 7 0 2 7 17 18 2 0 2 7 0 2 7 5 31 3 1 2 7 0 40.0670827627182007
0 2 7 0 2 7 16 6 2 1 2 11 0 2 7 0 2 7 1 2 7 5 31 3 5 31 3 1 2 7 0 2 7 0 2 7 17 9 2 1 2 7 0 2 7 17 9 2 1 2 7 0 2 7 0 2 7 17 18 2 0 2 7 0 2 7 0 2 7 1 2 7 0 2 7 1 2 7 0 2 7 1 2 7 13 6 3 0 2 7 1 2 7 0 2 7 0 2 7 1 2 7 1 2 7 17 18 2 1 2 7 0 2 4 5 31 3 1 2 7 0 40.0670827627182007
0 2 7 1 2 7 16 6 2 1 2 11 0 2 7 0 2 7 0 2 7 5 31 3 5 31 3 1 2 7 0 2 7 0 2 7 17 9 2 1 2 7 0 2 7 17 9 2 1 2 7 0 2 7 0 2 7 17 9 2 0 2 7 0 2 7 0 2 7 1 2 7 0 2 7 0 2 7 0 2 7 1 2 7 13 6 3 1 2 7 1 2 7 0 2 7 0 2 7 1 2 7 1 2 7 17 9 2 1 2 7 0 2 4 5 31 3 1 2 7 0 40.0670827627182007
0 2 7 0 2 7 16 6 2 1 2 11 0 2 7 0 2 7 1 2 7 5 31 3 5 31 3 1 2 4 0 2 7 0 2 7 17 9 2 1 2 7 0 2 7 17 9 2 1 2 7 0 2 7 0 2 7 17 18 2 0 2 7 0 2 7 0 2 7 1 2 7 1 2 7 1 2 7 0 2 7 1 2 7 13 6 3 0 2 7 0 2 7 0 2 7 0 2 7 1 2 7 1 2 7 17 18 2 1 2 7 0 2 7 5 31 3 1 2 7 0 40.0670827627182007
0 2 7 0 2 7 0 2 7 1 2 7 0 2 7 0 2 7 0 2 7 5 31 3 5 31 3 1 2 4 1 2 11 0 2 7 17 18 2 1 2 7 1 2 7 17 18 2 1 2 7 0 2 7 0 2 7 17 9 2 0 2 7 0 2 7 0 2 7 1 2 7 0 2 7 0 2 7 16 6 2 1 2 7 13 6 3 0 2 7 1 2 7 0 2 7 0 2 7 0 2 7 1 2 7 17 18 2 1 2 7 1 2 7 5 31 3 1 2 7 0 40.0670827627182007
0 2 7 1 2 7 0 2 7 1 2 4 0 2 7 0 2 7 0 2 7 5 31 3 5 31 3 1 2 7 1 2 7 1 2 7 17 18 2 1 2 7 1 2 11 17 18 2 0 2 7 0 2 7 0 2 7 17 18 2 0 2 7 1 2 7 0 2 7 1 2 7 0 2 7 0 2 7 16 6 2 1 2 7 13 6 3 0 2 7 1 2 7 0 2 7 0 2 7 0 2 7 1 2 7 17 18 2 0 2 7 0 2 7 5 31 3 1 2 7 0 40.0670827627182007
0 2 7 1 2 7 0 2 7 1 2 7 0 2 7 5 31 3 1 2 7 5 31 3 5 31 3 0 2 4 0 2 7 1 2 7 17 9 2 1 2 11 1 2 7 17 9 2 1 2 7 0 2 7 0 2 7 17 18 2 0 2 7 0 2 7 0 2 7 0 2 7 0 2 7 16 6 2 0 2 7 1 2 7 13 6 3 1 2 7 1 2 7 0 2 7 0 2 7 1 2 7 1 2 7 17 9 2 1 2 7 0 2 7 0 2 7 0 2 7 0 40.0670827627182007
0 2 7 0 2 7 16 6 2 1 2 7 0 2 7 0 2 7 0 2 7 5 31 3 5 31 3 1 2 7 0 2 7 0 2 7 17 9 2 1 2 11 0 2 7 17 9 2 1 2 7 0 2 7 0 2 7 17 9 2 0 2 7 0 2 7 0 2 7 0 2 7 1 2 7 1 2 7 0 2 7 1 2 7 13 6 3 1 2 4 1 2 7 0 2 7 0 2 7 1 2 7 1 2 7 17 9 2 1 2 7 0 2 7 5 31 3 1 2 7 0 40.0670827627182007
0 2 7 0 2 7 16 2 2 1 2 4 1 2 7 0 2 7 0 2 11 5 31 3 5 31 3 1 2 7 1 2 7 1 2 7 17 18 2 1 2 7 0 2 7 17 18 2 1 2 7 1 2 7 0 2 7 17 18 2 0 2 7 0 6 2 1 2 11 0 2 7 1 2 7 1 2 7 1 2 7 1 2 7 13 6 3 1 2 7 1 2 7 0 2 7 0 2 7 1 2 7 0 2 7 17 18 2 5 31 3 1 2 7 0 2 3 1 2 7 403069.472294709762 39.9729369878768921
1 2 4 1 2 7 0 2 3 1 2 7 1 2 7 0 2 7 1 2 7 5 30 3 5 31 3 0 2 7 0 2 7 0 2 7 17 18 2 16 6 2 0 2 7 17 9 2 0 2 4 1 2 7 0 2 7 17 18 2 0 2 4 0 2 4 1 2 7 1 2 7 0 2 7 1 2 7 0 2 7 0 2 7 13 6 3 0 2 7 5 30 3 1 2 7 0 2 7 0 2 7 1 2 4 17 18 2 0 2 7 0 2 7 5 31 3 1 2 7 0 40.148398756980896
0 2 7 0 2 7 16 6 2 1 2 7 1 2 7 0 2 7 0 2 7 5 31 3 5 31 3 0 2 4 0 2 7 0 2 7 17 9 2 1 2 11 0 2 7 17 9 2 1 2 7 0 2 7 1 2 7 17 9 2 0 2 7 0 2 7 0 2 7 0 2 7 1 2 7 1 2 7 0 2 7 1 2 7 13 6 3 1 2 7 1 2 7 0 2 7 0 2 7 1 2 7 0 2 7 17 9 2 1 2 7 0 2 7 5 31 3 1 2 7 0 40.0670827627182007
0 2 7 0 2 7 16 6 2 1 2 11 0 2 7 0 2 7 0 2 7 5 31 3 5 31 3 1 2 7 0 2 7 0 2 7 17 9 2 1 2 7 0 2 7 17 9 2 1 2 7 0 2 7 0 2 7 17 18 2 0 2 7 0 2 7 0 2 7 0 2 7 1 2 7 1 2 7 0 2 7 1 2 7 13 6 3 1 2 4 1 2 7 0 2 7 0 2 7 1 2 7 1 2 7 17 9 2 1 2 7 0 2 7 5 31 3 1 2 7 0 40.0670827627182007
0 2 7 0 2 7 0 2 7 1 2 7 0 2 7 0 2 4 0 2 7 5 31 3 5 31 3 1 2 7 1 2 7 1 2 7 17 18 2 1 2 11 1 2 7 17 18 2 1 2 7 1 2 7 16 6 2 17 9 2 0 2 7 0 2 7 0 2 7 1 2 7 0 2 7 0 2 7 0 2 7 1 2 7 13 6 3 0 2 7 0 2 7 0 2 7 0 2 7 0 2 7 1 2 7 17 18 2 1 2 7 0 2 7 5 31 3 1 2 7 0 40.0670827627182007
0 2 7 0 2 7 0 2 7 1 2 7 0 2 7 0 2 7 0 2 7 5 31 3 5 31 3 1 2 4 1 2 11 0 2 7 17 18 2 1 2 7 1 2 7 17 18 2 1 2 7 0 2 7 0 2 7 17 9 2 0 2 7 0 2 7 0 2 7 1 2 7 0 2 7 0 2 7 16 6 2 1 2 7 13 6 3 0 2 7 1 2 7 0 2 7 0 2 7 0 2 7 1 2 7 17 18 2 1 2 7 1 2 7 5 31 3 1 2 7 0 40.0670827627182007
0 2 7 0 2 7 1 2 7 1 2 4 0 2 7 0 2 7 0 2 7 5 31 3 5 31 3 1 2 7 1 2 7 0 2 7 17 9 2 1 2 7 0 2 7 17 18 2 1 2 11 0 2 7 0 2 7 17 9 2 0 2 7 1 2 7 0 2 7 1 2 7 0 2 7 0 2 7 16 6 2 1 2 7 13 6 3 0 2 7 0 2 7 0 2 7 0 2 7 1 2 7 1 2 7 17 18 2 1 2 7 0 2 7 5 31 3 1 2 7 0 40.0670827627182007
1 2 7 0 2 7 0 2 7 0 2 7 0 2 7 1 2 7 0 2 7 5 31 3 5 31 3 1 2 7 0 2 7 0 2 7 17 18 2 1 2 7 1 2 7 17 9 2 1 2 7 0 2 7 0 2 7 17 18 2 1 2 7 0 2 7 0 2 7 0 2 7 0 2 7 1 2 7 0 2 7 1 2 7 13 6 3 16 6 2 1 2 7 0 2 7 0 2 7 1 2 7 1 2 11 17 9 2 0 2 4 1 2 7 5 31 3 0 2 7 0 40.0670827627182007
0 2 7 1 2 7 0 2 7 0 2 7 0 2 7 0 2 4 0 2 7 5 31 3 5 31 3 1 2 7 1 2 7 1 2 7 17 18 2 1 2 7 0 2 7 17 18 2 1 2 7 0 2 7 0 2 7 17 18 2 0 2 7 16 6 2 1 2 11 1 2 7 0 2 7 0 2 7 1 2 7 1 2 7 13 6 3 1 2 7 1 2 7 0 2 7 0 2 7 0 2 7 0 2 7 17 18 2 0 2 7 0 2 7 5 31 3 1 2 7 0 40.0670827627182007
0 2 7 0 2 7 16 6 2 1 2 7 0 2 7 0 2 7 0 2 7 5 31 3 5 31 3 1 2 7 0 2 7 0 2 7 17 9 2 1 2 11 0 2 7 17 9 2 1 2 7 0 2 7 0 2 7 17 9 2 0 2 7 0 2 7 0 2 7 0 2 7 1 2 7 1 2 7 0 2 7 1 2 7 13 6 3 1 2 4 1 2 7 0 2 7 0 2 7 1 2 7 1 2 7 17 9 2 1 2 7 0 2 7 5 31 3 1 2 7 0 40.0670827627182007
0 2 7 1 2 7 0 2 7 1 2 4 0 2 7 0 2 7 0 2 7 5 31 3 5 31 3 1 2 7 1 2 7 1 2 7 17 18 2 1 2 7 1 2 11 17 18 2 0 2 7 0 2 7 0 2 7 17 18 2 0 2 7 1 2 7 0 2 7 1 2 7 0 2 7 0 2 7 16 6 2 1 2 7 13 6 3 0 2 7 1 2 7 0 2 7 0 2 7 0 2 7 1 2 7 17 18 2 0 2 7 0 2 7 5 31 3 1 2 7 0 40.0670827627182007
0 2 4 0 2 4 0 2 7 1 2 7 0 2 4 0 2 7 1 2 3 5 30 3 5 31 3 1 2 7 0 2 7 0 2 7 17 18 2 1 2 7 1 2 7 17 18 2 1 2 7 0 2 4 0 2 7 17 18 2 0 2 7 17 9 2 0 2 4 0 2 7 0 2 7 0 2 7 0 2 7 1 2 7 13 6 3 1 2 7 5 31 3 1 2 7 0 2 7 1 2 7 1 2 7 16 6 2 0 2 7 1 2 7 5 30 3 0 2 7 0 40.148398756980896
MonoObjective Genetic Algorithm
Number of Evaluations = 0
Mutation Probability = 0
Crossover Probability = 1
Population Size = 10
Survival Selection Type = 15
Time =  9004.14378786087036
0 2 7 0 2 7 16 6 2 1 2 7 1 2 7 0 2 7 0 2 7 5 31 3 5 31 3 0 2 4 0 2 7 0 2 7 17 9 2 1 2 11 0 2 7 17 9 2 1 2 7 0 2 7 1 2 7 17 9 2 0 2 7 0 2 7 0 2 7 0 2 7 1 2 7 1 2 7 0 2 7 1 2 7 13 6 3 1 2 7 1 2 7 0 2 7 0 2 7 1 2 7 0 2 7 17 9 2 1 2 7 0 2 7 5 31 3 1 2 7 0 40.0670827627182007
0 2 7 0 2 7 16 6 2 1 2 11 0 2 7 0 2 7 0 2 7 5 31 3 5 31 3 1 2 7 0 2 7 0 2 7 17 9 2 1 2 7 0 2 7 17 9 2 1 2 7 0 2 7 0 2 7 17 18 2 0 2 7 0 2 7 0 2 7 0 2 7 1 2 7 1 2 7 0 2 7 1 2 7 13 6 3 1 2 4 1 2 7 0 2 7 0 2 7 1 2 7 1 2 7 17 9 2 1 2 7 0 2 7 5 31 3 1 2 7 0 40.0670827627182007
0 2 7 0 2 7 0 2 7 1 2 7 0 2 7 0 2 4 0 2 7 5 31 3 5 31 3 1 2 7 1 2 7 1 2 7 17 18 2 1 2 11 1 2 7 17 18 2 1 2 7 1 2 7 16 6 2 17 9 2 0 2 7 0 2 7 0 2 7 1 2 7 0 2 7 0 2 7 0 2 7 1 2 7 13 6 3 0 2 7 0 2 7 0 2 7 0 2 7 0 2 7 1 2 7 17 18 2 1 2 7 0 2 7 5 31 3 1 2 7 0 40.0670827627182007
0 2 7 0 2 7 0 2 7 1 2 7 0 2 7 0 2 7 0 2 7 5 31 3 5 31 3 1 2 4 1 2 11 0 2 7 17 18 2 1 2 7 1 2 7 17 18 2 1 2 7 0 2 7 0 2 7 17 9 2 0 2 7 0 2 7 0 2 7 1 2 7 0 2 7 0 2 7 16 6 2 1 2 7 13 6 3 0 2 7 1 2 7 0 2 7 0 2 7 0 2 7 1 2 7 17 18 2 1 2 7 1 2 7 5 31 3 1 2 7 0 40.0670827627182007
0 2 7 0 2 7 1 2 7 1 2 4 0 2 7 0 2 7 0 2 7 5 31 3 5 31 3 1 2 7 1 2 7 0 2 7 17 9 2 1 2 7 0 2 7 17 18 2 1 2 11 0 2 7 0 2 7 17 9 2 0 2 7 1 2 7 0 2 7 1 2 7 0 2 7 0 2 7 16 6 2 1 2 7 13 6 3 0 2 7 0 2 7 0 2 7 0 2 7 1 2 7 1 2 7 17 18 2 1 2 7 0 2 7 5 31 3 1 2 7 0 40.0670827627182007
1 2 7 0 2 7 0 2 7 0 2 7 0 2 7 1 2 7 0 2 7 5 31 3 5 31 3 1 2 7 0 2 7 0 2 7 17 18 2 1 2 7 1 2 7 17 9 2 1 2 7 0 2 7 0 2 7 17 18 2 1 2 7 0 2 7 0 2 7 0 2 7 0 2 7 1 2 7 0 2 7 1 2 7 13 6 3 16 6 2 1 2 7 0 2 7 0 2 7 1 2 7 1 2 11 17 9 2 0 2 4 1 2 7 5 31 3 0 2 7 0 40.0670827627182007
0 2 7 1 2 7 0 2 7 0 2 7 0 2 7 0 2 4 0 2 7 5 31 3 5 31 3 1 2 7 1 2 7 1 2 7 17 18 2 1 2 7 0 2 7 17 18 2 1 2 7 0 2 7 0 2 7 17 18 2 0 2 7 16 6 2 1 2 11 1 2 7 0 2 7 0 2 7 1 2 7 1 2 7 13 6 3 1 2 7 1 2 7 0 2 7 0 2 7 0 2 7 0 2 7 17 18 2 0 2 7 0 2 7 5 31 3 1 2 7 0 40.0670827627182007
0 2 7 0 2 7 16 6 2 1 2 7 0 2 7 0 2 7 0 2 7 5 31 3 5 31 3 1 2 7 0 2 7 0 2 7 17 9 2 1 2 11 0 2 7 17 9 2 1 2 7 0 2 7 0 2 7 17 9 2 0 2 7 0 2 7 0 2 7 0 2 7 1 2 7 1 2 7 0 2 7 1 2 7 13 6 3 1 2 4 1 2 7 0 2 7 0 2 7 1 2 7 1 2 7 17 9 2 1 2 7 0 2 7 5 31 3 1 2 7 0 40.0670827627182007
0 2 7 1 2 7 0 2 7 1 2 4 0 2 7 0 2 7 0 2 7 5 31 3 5 31 3 1 2 7 1 2 7 1 2 7 17 18 2 1 2 7 1 2 11 17 18 2 0 2 7 0 2 7 0 2 7 17 18 2 0 2 7 1 2 7 0 2 7 1 2 7 0 2 7 0 2 7 16 6 2 1 2 7 13 6 3 0 2 7 1 2 7 0 2 7 0 2 7 0 2 7 1 2 7 17 18 2 0 2 7 0 2 7 5 31 3 1 2 7 0 40.0670827627182007
0 2 4 0 2 4 0 2 7 1 2 7 0 2 4 0 2 7 1 2 3 5 30 3 5 31 3 1 2 7 0 2 7 0 2 7 17 18 2 1 2 7 1 2 7 17 18 2 1 2 7 0 2 4 0 2 7 17 18 2 0 2 7 17 9 2 0 2 4 0 2 7 0 2 7 0 2 7 0 2 7 1 2 7 13 6 3 1 2 7 5 31 3 1 2 7 0 2 7 1 2 7 1 2 7 16 6 2 0 2 7 1 2 7 5 30 3 0 2 7 0 40.148398756980896
