1 2 7 5 31 3 5 31 3 1 2 7 0 2 7 1 2 7 1 2 7 13 6 3 1 2 7 0 2 7 1 2 7 0 2 4 0 2 7 0 2 7 1 2 7 0 2 7 0 2 7 1 2 7 17 9 2 0 2 7 17 18 2 0 2 7 0 2 7 0 2 7 0 2 7 1 2 11 1 2 7 0 2 7 17 18 2 1 2 7 0 2 7 16 6 2 1 2 7 5 31 3 17 9 2 0 2 7 1 2 7 0 2 7 0 2 7 0 2 7 0 40.0670827627182007
1 2 7 0 2 7 5 31 3 0 2 7 5 31 3 0 2 7 17 18 2 0 2 4 0 2 4 0 2 7 1 2 7 0 2 7 0 2 7 1 2 7 1 2 7 0 2 7 1 2 7 0 2 7 0 2 7 0 2 7 1 2 7 0 2 7 1 2 4 13 6 3 0 2 7 1 2 7 1 2 7 17 9 2 1 2 7 17 18 2 1 2 7 17 9 2 1 2 7 0 2 7 5 30 3 0 2 7 5 31 3 0 2 7 0 2 7 16 6 2 0 40.1886777877807617
0 2 7 0 2 7 5 30 3 0 2 7 5 31 3 0 2 7 17 18 2 0 2 4 0 2 4 0 2 7 1 2 7 0 2 7 1 2 7 1 2 7 1 2 7 0 2 7 1 2 7 0 2 7 0 2 7 0 2 7 1 2 7 0 2 4 0 2 4 13 6 3 1 2 7 1 2 7 1 2 3 17 9 2 0 2 7 17 18 2 1 2 7 17 9 2 1 2 7 0 2 7 5 30 3 5 31 3 0 2 7 16 6 2 0 2 7 1 2 4 0 40.148398756980896
0 2 7 0 2 7 5 30 3 0 2 7 5 31 3 0 2 7 17 18 2 0 2 4 0 2 4 0 2 7 1 2 7 0 2 7 1 2 7 1 2 7 1 2 7 0 2 7 1 2 7 0 2 7 0 2 7 0 2 7 1 2 7 0 2 4 0 2 4 13 6 3 1 2 7 1 2 7 1 2 3 17 9 2 0 2 7 17 18 2 1 2 7 17 9 2 1 2 7 0 2 7 5 30 3 0 2 4 5 31 3 0 2 7 1 2 7 16 6 2 0 40.148398756980896
1 2 7 0 2 7 1 2 7 5 31 3 1 2 7 0 2 7 1 2 3 0 2 7 5 31 3 1 2 7 1 2 7 0 2 7 0 2 7 17 18 2 1 2 7 0 2 7 0 2 7 0 2 7 0 2 7 13 6 3 1 2 7 0 2 7 12 16 2 0 2 7 0 2 7 16 6 2 0 2 7 5 31 3 1 2 7 1 2 7 0 2 3 17 9 2 0 2 7 0 2 7 0 2 7 16 6 2 17 18 2 0 2 7 5 31 3 6 2 7 0 40.5398088097572327
1 2 7 5 31 3 0 2 7 0 2 7 1 2 7 0 2 7 5 31 3 1 2 7 0 2 7 1 2 7 1 2 7 0 2 7 0 2 7 0 2 7 17 9 2 16 6 2 1 2 7 1 2 7 17 9 2 0 2 3 1 2 7 1 2 7 0 2 7 0 2 7 1 2 7 0 2 7 1 2 7 0 2 7 0 2 7 5 31 3 0 2 7 0 2 7 0 2 7 17 9 2 0 2 7 0 2 7 17 1 2 1 2 7 1 2 7 0 2 7 0 40.307377815246582
1 2 7 0 2 3 0 2 7 1 2 7 12 16 2 5 30 3 0 2 7 0 2 3 0 2 7 0 2 7 0 2 7 0 2 3 12 16 2 0 2 3 12 16 2 16 9 11 1 2 3 0 2 11 5 30 3 1 2 3 0 2 7 0 2 7 0 2 7 0 2 4 0 2 11 17 18 2 8 9 2 5 30 3 1 2 3 16 30 2 17 18 2 0 2 7 1 2 7 0 2 7 5 30 3 5 30 3 0 2 7 13 6 3 1 2 10 1 2 7 0 41.9851407408714294
0 2 7 5 30 3 1 2 7 0 2 7 17 18 2 0 2 7 0 2 7 6 2 7 6 2 7 0 2 7 0 2 7 0 2 7 1 2 7 0 2 4 0 2 7 0 2 7 0 2 4 0 2 7 1 2 7 0 2 7 5 30 3 1 2 7 17 9 2 0 2 4 1 2 7 17 9 2 1 2 7 0 2 7 5 30 3 0 2 7 16 15 2 1 2 7 5 31 3 13 6 3 0 2 7 0 2 7 17 9 2 5 31 3 1 2 7 0 2 7 0 40.5154716968536377
5 31 3 0 2 7 5 30 3 0 2 7 17 18 2 0 2 7 0 2 7 0 2 7 1 2 7 1 2 7 0 2 7 1 2 7 0 2 7 0 2 7 1 2 7 0 2 7 0 2 7 1 2 11 1 2 7 0 2 7 6 2 4 13 6 3 0 2 7 1 2 7 17 9 2 0 2 7 0 2 7 0 2 4 5 31 3 0 2 7 5 31 3 0 2 7 16 6 2 5 30 3 16 6 2 0 2 7 0 2 7 17 9 2 12 16 2 1 2 4 0 40.6108766198158264
1 2 4 1 2 3 0 2 7 1 2 7 5 30 3 0 2 7 0 2 7 17 9 2 16 31 2 0 2 4 0 2 10 1 2 11 1 2 4 0 2 7 1 2 3 0 2 7 5 30 3 1 2 7 1 2 7 1 2 7 0 2 7 12 16 2 17 9 2 0 2 7 0 2 7 1 2 4 0 2 7 5 31 3 0 2 7 0 2 3 0 2 7 5 30 3 17 9 2 0 2 11 0 2 4 0 2 3 0 2 3 6 2 7 0 2 10 1 2 7 0 41.4090568423271179
0 2 7 0 2 7 1 2 7 5 31 3 1 2 7 17 9 2 0 2 7 0 2 7 0 2 7 1 2 11 0 2 7 1 2 7 1 2 7 1 2 7 1 2 7 0 2 7 0 2 7 0 2 7 1 2 7 13 6 3 1 2 7 1 2 7 0 2 7 17 9 2 0 2 7 5 31 3 16 6 2 1 2 7 0 2 7 0 2 7 5 31 3 0 2 7 0 2 7 1 2 7 0 2 7 0 2 7 1 2 4 0 2 7 17 18 2 17 18 2 0 40.0670827627182007
0 2 7 1 2 7 1 2 7 0 2 7 1 2 7 17 9 2 0 2 7 0 2 7 0 2 7 0 2 7 1 2 7 0 2 7 1 2 7 1 2 7 1 2 7 0 2 7 0 2 7 1 2 7 13 6 3 1 2 7 1 2 7 0 2 7 17 9 2 0 2 7 5 31 3 16 6 2 1 2 11 0 2 7 0 2 7 1 2 7 0 2 7 0 2 4 5 31 3 5 31 3 0 2 7 0 2 7 1 2 7 0 2 7 17 9 2 17 18 2 0 40.0670827627182007
0 2 7 0 2 7 1 2 7 5 31 3 1 2 7 17 9 2 0 2 7 0 2 7 0 2 7 1 2 11 0 2 7 1 2 7 1 2 7 1 2 7 1 2 7 0 2 7 0 2 7 0 2 7 1 2 7 13 6 3 1 2 7 1 2 7 0 2 7 17 9 2 0 2 7 17 9 2 5 31 3 16 6 2 1 2 7 0 2 7 0 2 7 5 31 3 0 2 7 0 2 7 1 2 7 0 2 7 0 2 7 1 2 4 0 2 7 17 18 2 0 40.0670827627182007
0 2 7 1 2 7 1 2 7 5 31 3 0 2 7 1 2 11 0 2 7 1 2 7 0 2 7 1 2 7 1 2 7 1 2 7 0 2 7 1 2 7 0 2 7 0 2 7 0 2 7 0 2 7 13 6 3 0 2 7 0 2 7 1 2 7 17 9 2 1 2 7 17 9 2 5 31 3 16 6 2 1 2 7 0 2 7 1 2 7 0 2 7 0 2 7 0 2 7 0 2 7 5 31 3 0 2 7 1 2 7 17 9 2 0 2 4 17 9 2 0 40.0670827627182007
0 2 7 0 2 7 1 2 7 5 31 3 1 2 7 17 9 2 0 2 7 0 2 7 0 2 7 1 2 11 0 2 7 1 2 7 1 2 7 1 2 7 1 2 7 0 2 7 0 2 7 0 2 7 1 2 7 13 6 3 1 2 7 1 2 7 0 2 7 17 9 2 0 2 7 17 9 2 5 31 3 16 6 2 1 2 7 0 2 7 0 2 7 5 31 3 0 2 7 0 2 7 1 2 7 0 2 7 0 2 7 1 2 4 0 2 7 17 9 2 0 40.0670827627182007
0 2 7 1 2 7 1 2 7 0 2 7 1 2 7 17 9 2 0 2 7 0 2 7 0 2 7 0 2 7 1 2 7 0 2 7 1 2 7 1 2 7 1 2 7 0 2 7 0 2 7 1 2 7 13 6 3 1 2 7 1 2 7 0 2 7 17 9 2 0 2 7 5 31 3 16 6 2 1 2 11 0 2 7 0 2 7 1 2 7 0 2 7 0 2 4 5 31 3 5 31 3 0 2 7 0 2 7 1 2 7 0 2 7 17 18 2 17 18 2 0 40.0670827627182007
1 2 7 1 2 7 1 2 7 5 31 3 0 2 7 17 18 2 0 2 7 1 2 7 0 2 7 1 2 7 1 2 7 1 2 7 0 2 7 1 2 4 0 2 7 0 2 7 0 2 7 0 2 7 13 6 3 0 2 7 0 2 7 0 2 7 17 9 2 1 2 7 17 18 2 5 31 3 16 6 2 1 2 7 0 2 7 1 2 7 0 2 7 0 2 7 0 2 7 0 2 11 5 31 3 1 2 7 0 2 7 1 2 7 0 2 7 17 9 2 0 40.0670828819274902
0 2 7 1 2 7 1 2 7 5 31 3 0 2 7 17 18 2 0 2 7 1 2 7 0 2 7 1 2 7 1 2 7 1 2 7 0 2 7 1 2 7 0 2 7 0 2 7 0 2 7 0 2 7 13 6 3 0 2 7 0 2 7 1 2 7 17 9 2 1 2 7 17 9 2 5 31 3 16 6 2 1 2 7 0 2 7 1 2 7 0 2 7 0 2 7 0 2 7 0 2 7 5 31 3 1 2 7 0 2 4 17 18 2 0 2 11 1 2 7 0 40.0670828819274902
0 2 7 0 2 7 5 30 3 0 2 7 5 31 3 0 2 7 17 18 2 0 2 4 0 2 4 0 2 7 1 2 7 0 2 7 1 2 7 1 2 7 1 2 7 0 2 7 1 2 7 0 2 7 0 2 7 0 2 7 1 2 7 0 2 4 0 2 4 13 6 3 1 2 7 1 2 7 1 2 3 17 9 2 0 2 7 17 18 2 1 2 7 17 9 2 1 2 7 0 2 7 5 30 3 5 31 3 0 2 7 16 6 2 0 2 4 1 2 7 0 40.148398756980896
0 2 7 1 2 7 0 2 7 17 18 2 0 2 7 0 2 7 0 2 7 0 2 4 0 2 7 1 2 7 0 2 7 0 2 7 0 2 7 0 2 7 1 2 7 0 2 7 1 2 7 17 9 2 1 2 7 17 9 2 1 2 7 16 24 2 0 2 7 1 2 7 5 31 3 13 6 3 0 2 7 0 2 7 5 31 3 1 2 7 0 2 7 5 30 3 17 18 2 1 2 7 0 2 4 5 30 3 0 2 4 1 2 7 1 2 7 1 2 7 0 40.1302337646484375
1 2 7 1 2 7 0 2 4 5 31 3 1 2 7 0 2 7 1 2 11 0 2 7 1 2 7 1 2 7 1 2 7 0 2 7 1 2 7 0 2 7 0 2 7 0 2 7 0 2 7 13 6 3 0 2 7 0 2 7 0 2 7 0 2 7 1 2 7 5 31 3 16 6 2 1 2 7 0 2 7 0 2 7 0 2 7 1 2 7 0 2 7 5 31 3 1 2 7 0 2 7 0 2 7 17 18 2 1 2 7 17 18 2 17 18 2 17 18 2 0 40.0670827627182007
0 2 7 1 2 7 1 2 7 5 31 3 0 2 7 17 18 2 0 2 7 1 2 7 0 2 7 1 2 7 1 2 7 1 2 7 1 2 7 0 2 7 0 2 7 0 2 7 0 2 7 13 6 3 0 2 7 0 2 7 1 2 7 17 9 2 1 2 7 17 9 2 5 31 3 16 6 2 0 2 7 0 2 7 1 2 7 0 2 7 0 2 7 0 2 7 0 2 7 5 31 3 1 2 7 0 2 7 17 18 2 1 2 4 1 2 11 0 2 7 0 40.0670827627182007
0 2 7 1 2 7 1 2 7 5 31 3 0 2 7 17 18 2 0 2 7 1 2 7 0 2 7 1 2 7 1 2 7 1 2 7 1 2 7 0 2 7 0 2 7 0 2 7 0 2 7 13 6 3 0 2 7 0 2 7 1 2 7 17 9 2 1 2 7 17 9 2 5 31 3 16 6 2 0 2 7 0 2 7 1 2 7 0 2 7 0 2 7 0 2 7 0 2 7 5 31 3 1 2 7 0 2 7 17 18 2 1 2 4 0 2 11 1 2 7 0 40.0670828819274902
0 2 7 1 2 7 1 2 7 5 31 3 0 2 7 17 18 2 0 2 7 1 2 7 0 2 7 1 2 7 1 2 7 1 2 7 0 2 7 1 2 7 0 2 7 0 2 7 0 2 7 0 2 7 13 6 3 0 2 7 0 2 7 1 2 7 17 9 2 1 2 7 17 9 2 5 31 3 16 6 2 0 2 7 0 2 7 1 2 7 0 2 7 0 2 7 0 2 7 0 2 7 5 31 3 1 2 7 1 2 11 0 2 7 17 9 2 1 2 4 0 40.0670827627182007
0 2 7 1 2 7 1 2 7 5 31 3 0 2 7 17 18 2 0 2 7 1 2 7 0 2 7 1 2 7 1 2 7 1 2 7 0 2 7 1 2 7 0 2 7 0 2 7 0 2 7 0 2 7 13 6 3 0 2 7 0 2 7 1 2 7 17 9 2 1 2 7 17 9 2 5 31 3 16 6 2 0 2 7 0 2 7 1 2 7 0 2 7 0 2 7 0 2 7 0 2 7 5 31 3 1 2 7 0 2 4 1 2 11 1 2 7 17 9 2 0 40.0670827627182007
1 2 7 1 2 7 0 2 7 5 31 3 0 2 7 17 18 2 0 2 7 1 2 7 0 2 7 1 2 7 0 2 7 0 2 7 0 2 7 1 2 11 0 2 7 0 2 7 0 2 7 0 2 4 13 6 3 0 2 7 0 2 7 1 2 7 1 2 7 5 31 3 16 6 2 0 2 7 0 2 7 1 2 7 1 2 7 0 2 7 1 2 7 5 31 3 1 2 7 1 2 7 17 9 2 17 18 2 1 2 7 0 2 7 0 2 7 17 9 2 0 40.0670827627182007
0 2 7 1 2 7 1 2 7 5 31 3 1 2 7 17 18 2 0 2 7 1 2 7 0 2 7 1 2 7 1 2 7 0 2 4 0 2 7 1 2 7 0 2 7 0 2 7 0 2 7 0 2 7 13 6 3 0 2 7 0 2 7 1 2 7 1 2 7 5 31 3 16 6 2 0 2 7 0 2 7 1 2 7 0 2 7 0 2 7 0 2 7 0 2 7 5 31 3 1 2 7 17 18 2 0 2 7 17 18 2 17 9 2 1 2 11 1 2 7 0 40.0670827627182007
0 2 7 1 2 7 1 2 7 5 31 3 0 2 7 17 18 2 0 2 7 1 2 7 0 2 7 1 2 7 1 2 7 0 2 7 0 2 7 1 2 7 0 2 7 0 2 7 0 2 7 0 2 7 13 6 3 0 2 7 0 2 7 1 2 7 1 2 7 5 31 3 16 6 2 0 2 7 0 2 7 1 2 7 0 2 7 0 2 7 0 2 7 0 2 7 5 31 3 1 2 7 1 2 11 17 9 2 17 18 2 17 18 2 1 2 7 1 2 4 0 40.0670827627182007
1 2 7 1 2 7 1 2 7 5 31 3 0 2 7 0 2 4 1 2 7 0 2 7 1 2 7 1 2 7 1 2 7 0 2 7 0 2 7 0 2 7 0 2 7 0 2 7 13 6 3 0 2 7 0 2 7 0 2 7 17 9 2 1 2 7 5 31 3 16 6 2 1 2 7 0 2 7 1 2 7 0 2 7 0 2 7 0 2 7 5 31 3 1 2 7 0 2 7 1 2 7 17 9 2 1 2 11 17 9 2 17 9 2 0 2 7 0 2 7 0 40.0670827627182007
0 2 7 0 2 7 1 2 7 5 31 3 1 2 7 17 9 2 0 2 7 0 2 7 0 2 7 1 2 11 0 2 7 1 2 7 1 2 7 1 2 7 1 2 7 0 2 7 0 2 7 0 2 7 1 2 7 13 6 3 1 2 7 1 2 7 0 2 7 17 9 2 0 2 7 5 31 3 16 6 2 1 2 7 0 2 7 0 2 7 5 31 3 0 2 7 0 2 7 1 2 7 0 2 7 0 2 7 1 2 4 0 2 7 17 9 2 17 9 2 0 40.0670827627182007
1 2 7 1 2 7 0 2 4 5 31 3 1 2 7 0 2 7 1 2 11 0 2 7 1 2 7 1 2 7 1 2 7 0 2 7 1 2 7 0 2 7 0 2 7 0 2 7 0 2 7 13 6 3 0 2 7 0 2 7 0 2 7 0 2 7 1 2 7 5 31 3 16 6 2 1 2 7 0 2 7 0 2 7 0 2 7 1 2 7 0 2 7 5 31 3 1 2 7 0 2 7 0 2 7 1 2 7 17 18 2 17 18 2 17 18 2 17 18 2 0 40.0670827627182007
0 2 7 0 2 7 5 31 3 1 2 7 0 2 7 1 2 11 0 2 7 0 2 7 0 2 7 1 2 7 1 2 7 1 2 7 0 2 7 0 2 7 0 2 7 0 2 4 13 6 3 1 2 7 0 2 7 0 2 7 1 2 7 1 2 7 5 31 3 16 6 2 0 2 7 0 2 7 0 2 7 0 2 7 1 2 7 1 2 7 5 31 3 1 2 7 0 2 7 0 2 7 1 2 7 17 9 2 1 2 7 17 9 2 17 18 2 17 18 2 0 40.0670827627182007
0 2 7 0 2 7 1 2 7 5 31 3 1 2 7 17 9 2 0 2 7 0 2 7 0 2 7 1 2 11 0 2 7 1 2 7 1 2 7 1 2 7 1 2 7 0 2 7 0 2 7 0 2 7 1 2 7 13 6 3 1 2 7 1 2 7 0 2 7 17 9 2 0 2 7 5 31 3 16 6 2 1 2 7 0 2 7 0 2 7 5 31 3 0 2 7 0 2 7 1 2 7 0 2 7 0 2 7 17 9 2 1 2 7 0 2 4 17 18 2 0 40.0670827627182007
1 2 7 1 2 7 0 2 4 5 31 3 1 2 7 0 2 7 1 2 11 0 2 7 1 2 7 1 2 7 1 2 7 0 2 7 1 2 7 0 2 7 0 2 7 0 2 7 0 2 7 13 6 3 0 2 7 0 2 7 0 2 7 0 2 7 1 2 7 5 31 3 16 6 2 1 2 7 0 2 7 0 2 7 0 2 7 1 2 7 0 2 7 5 31 3 1 2 7 0 2 7 0 2 7 1 2 7 17 18 2 17 18 2 17 18 2 17 9 2 0 40.0670827627182007
0 2 7 0 2 7 1 2 7 5 31 3 1 2 7 17 9 2 0 2 7 0 2 7 0 2 7 1 2 11 0 2 7 1 2 7 1 2 7 1 2 7 1 2 7 0 2 7 0 2 7 0 2 7 1 2 7 13 6 3 1 2 7 1 2 7 0 2 7 17 9 2 0 2 7 5 31 3 16 6 2 1 2 7 0 2 7 0 2 7 5 31 3 0 2 7 0 2 7 1 2 7 0 2 7 0 2 7 1 2 4 0 2 7 17 9 2 17 18 2 0 40.0670827627182007
0 2 7 0 2 7 1 2 7 5 31 3 1 2 7 17 9 2 0 2 7 0 2 7 0 2 7 1 2 11 0 2 7 1 2 7 1 2 7 1 2 7 1 2 7 0 2 7 0 2 7 0 2 7 1 2 7 13 6 3 1 2 7 1 2 7 0 2 7 0 2 7 5 31 3 16 6 2 1 2 7 0 2 7 0 2 7 5 31 3 0 2 7 0 2 7 1 2 7 0 2 7 0 2 7 1 2 4 0 2 7 17 18 2 17 18 2 17 9 2 0 40.0670827627182007
0 2 7 1 2 7 1 2 7 5 31 3 0 2 7 17 18 2 0 2 7 1 2 7 0 2 7 1 2 7 1 2 7 1 2 7 1 2 7 0 2 7 0 2 7 0 2 7 0 2 7 13 6 3 0 2 7 0 2 7 1 2 7 17 9 2 1 2 7 17 9 2 5 31 3 16 6 2 0 2 7 0 2 7 1 2 7 0 2 7 0 2 7 0 2 7 0 2 7 5 31 3 1 2 7 0 2 7 17 18 2 1 2 4 0 2 11 1 2 7 0 40.0670828819274902
0 2 7 0 2 7 1 2 7 5 31 3 1 2 7 17 9 2 0 2 7 0 2 7 0 2 7 1 2 11 0 2 7 1 2 7 1 2 7 1 2 7 1 2 7 0 2 7 0 2 7 0 2 7 1 2 7 13 6 3 1 2 7 1 2 7 0 2 7 17 9 2 0 2 7 5 31 3 16 6 2 1 2 7 0 2 7 0 2 7 5 31 3 0 2 7 0 2 7 1 2 7 0 2 7 0 2 7 1 2 4 0 2 7 17 9 2 17 9 2 0 40.0670827627182007
1 2 7 1 2 7 5 31 3 1 2 7 0 2 7 1 2 11 0 2 7 1 2 7 1 2 7 1 2 7 0 2 7 1 2 7 0 2 7 0 2 7 0 2 7 0 2 7 13 6 3 0 2 7 0 2 7 0 2 7 0 2 7 1 2 7 5 31 3 16 6 2 1 2 7 0 2 7 0 2 7 0 2 7 0 2 7 0 2 7 5 31 3 1 2 7 0 2 7 0 2 7 17 18 2 1 2 4 1 2 7 17 9 2 17 18 2 17 18 2 0 40.0670827627182007
1 2 7 0 2 7 1 2 7 5 31 3 1 2 7 0 2 7 0 2 7 0 2 7 1 2 7 0 2 7 1 2 7 1 2 7 1 2 7 1 2 11 0 2 7 0 2 7 0 2 7 1 2 7 13 6 3 1 2 7 0 2 7 0 2 7 1 2 7 5 31 3 16 6 2 1 2 7 0 2 7 0 2 7 5 31 3 0 2 7 0 2 7 1 2 7 0 2 4 0 2 7 17 9 2 17 9 2 0 2 7 0 2 7 17 9 2 17 9 2 0 40.0670827627182007
1 2 7 1 2 7 5 31 3 1 2 7 0 2 7 1 2 11 0 2 7 1 2 7 1 2 7 1 2 7 0 2 7 1 2 7 0 2 7 0 2 7 0 2 7 0 2 7 13 6 3 0 2 7 0 2 7 0 2 7 0 2 7 1 2 7 5 31 3 16 6 2 1 2 7 0 2 7 0 2 7 0 2 7 0 2 7 0 2 7 5 31 3 1 2 7 0 2 7 17 18 2 1 2 7 17 18 2 17 18 2 17 18 2 0 2 4 1 2 7 0 40.0670827627182007
1 2 7 1 2 7 5 31 3 1 2 7 0 2 7 1 2 11 0 2 7 1 2 7 1 2 7 1 2 7 0 2 7 1 2 7 0 2 7 0 2 7 0 2 7 0 2 7 13 6 3 0 2 7 0 2 7 0 2 7 0 2 7 1 2 7 5 31 3 16 6 2 1 2 7 0 2 7 0 2 7 0 2 7 0 2 7 0 2 7 5 31 3 1 2 7 0 2 7 0 2 7 1 2 4 1 2 7 17 9 2 17 18 2 17 9 2 17 18 2 0 40.0670827627182007
0 2 7 0 2 7 1 2 7 5 31 3 1 2 7 17 9 2 0 2 7 0 2 7 0 2 7 1 2 11 0 2 7 1 2 7 1 2 7 1 2 7 1 2 7 0 2 7 0 2 7 0 2 7 1 2 7 13 6 3 1 2 7 1 2 7 0 2 7 0 2 7 5 31 3 16 6 2 1 2 7 0 2 7 0 2 7 5 31 3 0 2 7 0 2 7 1 2 7 0 2 7 0 2 7 1 2 4 0 2 7 17 9 2 17 18 2 17 9 2 0 40.0670827627182007
1 2 7 1 2 7 0 2 4 5 31 3 1 2 7 0 2 7 1 2 11 0 2 7 1 2 7 1 2 7 1 2 7 0 2 7 1 2 7 0 2 7 0 2 7 0 2 7 0 2 7 13 6 3 0 2 7 0 2 7 0 2 7 0 2 7 1 2 7 5 31 3 16 6 2 1 2 7 0 2 7 0 2 7 0 2 7 1 2 7 0 2 7 5 31 3 1 2 7 0 2 7 0 2 7 1 2 7 17 9 2 17 9 2 17 18 2 17 9 2 0 40.0670827627182007
1 2 7 1 2 7 0 2 4 5 31 3 1 2 7 0 2 7 1 2 11 0 2 7 1 2 7 1 2 7 1 2 7 0 2 7 1 2 7 0 2 7 0 2 7 0 2 7 0 2 7 13 6 3 0 2 7 0 2 7 0 2 7 0 2 7 1 2 7 5 31 3 16 6 2 1 2 7 0 2 7 0 2 7 0 2 7 1 2 7 0 2 7 5 31 3 1 2 7 0 2 7 0 2 7 1 2 7 17 9 2 17 9 2 17 9 2 17 9 2 0 40.0670827627182007
1 2 7 1 2 7 0 2 4 5 31 3 1 2 7 0 2 7 1 2 11 0 2 7 1 2 7 1 2 7 1 2 7 0 2 7 1 2 7 0 2 7 0 2 7 0 2 7 0 2 7 13 6 3 0 2 7 0 2 7 0 2 7 0 2 7 1 2 7 5 31 3 16 6 2 1 2 7 0 2 7 0 2 7 0 2 7 1 2 7 0 2 7 5 31 3 1 2 7 0 2 7 0 2 7 1 2 7 17 9 2 17 9 2 17 18 2 17 18 2 0 40.0670827627182007
0 2 7 0 2 7 1 2 7 5 31 3 1 2 7 17 9 2 0 2 7 0 2 7 0 2 7 1 2 11 0 2 7 1 2 7 1 2 7 1 2 7 1 2 7 0 2 7 0 2 7 0 2 7 1 2 7 13 6 3 1 2 7 1 2 7 0 2 7 0 2 7 5 31 3 16 6 2 1 2 7 0 2 7 0 2 7 5 31 3 0 2 7 0 2 7 1 2 7 0 2 7 0 2 7 17 9 2 1 2 4 0 2 7 17 9 2 17 9 2 0 40.0670827627182007
0 2 7 1 2 7 5 31 3 1 2 7 0 2 7 1 2 7 0 2 7 1 2 7 1 2 7 1 2 7 0 2 7 1 2 7 0 2 7 0 2 7 0 2 7 0 2 7 13 6 3 0 2 7 0 2 7 0 2 7 1 2 11 1 2 7 5 31 3 16 6 2 1 2 7 0 2 7 0 2 4 0 2 7 1 2 7 1 2 7 5 31 3 1 2 7 0 2 7 0 2 7 17 9 2 17 18 2 17 18 2 0 2 7 0 2 7 17 18 2 0 40.0670827627182007
0 2 7 1 2 7 1 2 7 5 31 3 0 2 7 17 18 2 0 2 7 1 2 7 0 2 7 1 2 7 1 2 7 1 2 7 1 2 7 0 2 7 0 2 7 0 2 7 0 2 7 13 6 3 0 2 7 0 2 7 1 2 7 17 9 2 1 2 7 17 9 2 5 31 3 16 6 2 0 2 7 0 2 7 1 2 7 0 2 7 0 2 7 0 2 7 0 2 7 5 31 3 1 2 7 0 2 7 17 18 2 1 2 4 0 2 11 1 2 7 0 40.0670828819274902
1 2 7 1 2 7 5 31 3 1 2 7 0 2 7 1 2 11 0 2 7 1 2 7 1 2 7 1 2 7 0 2 7 1 2 7 0 2 7 0 2 7 0 2 7 0 2 7 13 6 3 0 2 7 0 2 7 0 2 7 0 2 7 1 2 7 5 31 3 16 6 2 1 2 7 0 2 7 0 2 7 0 2 7 0 2 7 0 2 7 5 31 3 1 2 7 0 2 7 0 2 7 17 18 2 1 2 4 1 2 7 17 9 2 17 18 2 17 18 2 0 40.0670827627182007
0 2 7 0 2 7 1 2 7 5 31 3 1 2 7 0 2 7 0 2 7 0 2 7 1 2 11 0 2 7 1 2 7 1 2 7 1 2 7 1 2 7 0 2 7 0 2 7 0 2 7 1 2 7 13 6 3 1 2 7 1 2 7 0 2 7 0 2 7 5 31 3 16 6 2 1 2 7 0 2 7 0 2 7 5 31 3 0 2 7 0 2 7 1 2 7 0 2 7 0 2 7 17 18 2 17 18 2 0 2 4 1 2 7 17 18 2 17 18 2 0 40.0670827627182007
0 2 7 0 2 7 1 2 7 5 31 3 1 2 7 17 9 2 0 2 7 0 2 7 0 2 7 1 2 11 0 2 7 1 2 7 1 2 7 1 2 7 1 2 7 0 2 7 0 2 7 0 2 7 1 2 7 13 6 3 1 2 7 1 2 7 0 2 7 0 2 7 5 31 3 16 6 2 1 2 7 0 2 7 0 2 7 5 31 3 0 2 7 0 2 7 1 2 7 0 2 7 0 2 4 1 2 7 17 9 2 0 2 7 17 18 2 17 9 2 0 40.0670827627182007
0 2 7 0 2 7 1 2 7 5 31 3 1 2 7 17 9 2 0 2 7 0 2 4 0 2 7 1 2 11 0 2 7 1 2 7 1 2 7 1 2 7 1 2 7 0 2 7 0 2 7 0 2 7 1 2 7 13 6 3 1 2 7 1 2 7 0 2 7 0 2 7 5 31 3 16 6 2 1 2 7 0 2 7 0 2 7 5 31 3 0 2 7 0 2 7 1 2 7 0 2 7 0 2 7 17 18 2 17 18 2 1 2 7 0 2 7 17 9 2 0 40.0670827627182007
0 2 7 0 2 7 1 2 7 5 31 3 1 2 7 17 9 2 0 2 7 0 2 4 0 2 7 1 2 11 0 2 7 1 2 7 1 2 7 1 2 7 1 2 7 0 2 7 0 2 7 0 2 7 1 2 7 13 6 3 1 2 7 1 2 7 0 2 7 0 2 7 5 31 3 16 6 2 1 2 7 0 2 7 0 2 7 5 31 3 0 2 7 0 2 7 1 2 7 0 2 7 0 2 7 17 18 2 17 18 2 1 2 7 0 2 7 17 18 2 0 40.0670827627182007
1 2 7 0 2 7 1 2 7 5 31 3 1 2 7 17 9 2 0 2 7 0 2 7 0 2 7 1 2 11 0 2 7 1 2 7 1 2 7 1 2 7 1 2 7 0 2 7 0 2 7 0 2 7 1 2 7 13 6 3 1 2 7 1 2 7 0 2 7 0 2 7 5 31 3 16 6 2 1 2 4 0 2 7 0 2 7 5 31 3 0 2 7 0 2 7 1 2 7 0 2 7 0 2 7 17 9 2 0 2 7 0 2 7 17 18 2 17 9 2 0 40.0670827627182007
0 2 7 0 2 7 1 2 7 5 31 3 1 2 7 17 9 2 0 2 7 0 2 7 0 2 7 1 2 4 0 2 7 1 2 7 1 2 7 1 2 11 1 2 7 0 2 7 0 2 7 0 2 7 1 2 7 13 6 3 1 2 7 1 2 7 0 2 7 0 2 7 5 31 3 16 6 2 1 2 7 0 2 7 0 2 7 5 31 3 0 2 7 0 2 7 1 2 7 0 2 7 0 2 7 17 18 2 0 2 7 1 2 7 17 9 2 17 18 2 0 40.0670827627182007
0 2 7 0 2 7 1 2 7 5 31 3 1 2 7 17 9 2 0 2 7 0 2 7 0 2 7 1 2 11 0 2 7 1 2 7 1 2 7 1 2 7 1 2 7 0 2 7 0 2 7 0 2 7 1 2 7 13 6 3 1 2 7 1 2 7 0 2 7 0 2 7 5 31 3 16 6 2 1 2 7 0 2 7 0 2 7 5 31 3 0 2 7 0 2 7 1 2 7 0 2 7 0 2 7 1 2 4 0 2 7 17 18 2 17 18 2 17 18 2 0 40.0670827627182007
0 2 7 0 2 7 1 2 7 5 31 3 1 2 7 17 9 2 0 2 7 0 2 7 0 2 7 1 2 11 0 2 7 1 2 7 1 2 7 1 2 7 1 2 7 0 2 7 0 2 7 0 2 7 1 2 7 13 6 3 1 2 7 1 2 7 0 2 7 0 2 7 5 31 3 16 6 2 1 2 7 0 2 7 0 2 7 5 31 3 0 2 7 0 2 7 1 2 7 0 2 7 0 2 7 17 9 2 17 9 2 17 9 2 1 2 7 0 2 4 0 40.0670827627182007
0 2 7 0 2 7 1 2 7 5 31 3 1 2 7 17 9 2 0 2 7 0 2 7 0 2 7 1 2 11 0 2 7 1 2 7 1 2 7 1 2 7 1 2 7 0 2 7 0 2 7 0 2 7 1 2 7 13 6 3 1 2 7 1 2 7 0 2 7 0 2 7 5 31 3 16 6 2 1 2 7 0 2 7 0 2 7 5 31 3 0 2 7 0 2 7 1 2 7 0 2 7 0 2 7 17 9 2 17 9 2 17 9 2 1 2 4 0 2 7 0 40.0670827627182007
0 2 7 1 2 7 1 2 7 5 31 3 0 2 7 17 18 2 0 2 7 1 2 7 0 2 7 1 2 7 1 2 7 1 2 7 1 2 7 0 2 7 0 2 7 0 2 7 0 2 7 13 6 3 0 2 7 0 2 7 1 2 7 17 9 2 1 2 7 17 9 2 5 31 3 16 6 2 0 2 7 0 2 7 1 2 7 0 2 7 0 2 7 0 2 7 0 2 7 5 31 3 1 2 7 0 2 7 17 18 2 1 2 4 0 2 11 1 2 7 0 40.0670828819274902
0 2 7 0 2 7 1 2 7 5 31 3 1 2 7 0 2 7 0 2 7 0 2 7 1 2 11 0 2 7 1 2 7 1 2 7 1 2 7 1 2 7 0 2 7 0 2 7 0 2 7 1 2 7 13 6 3 1 2 7 1 2 7 0 2 7 0 2 7 5 31 3 16 6 2 1 2 7 0 2 7 0 2 7 5 31 3 0 2 7 0 2 7 1 2 7 0 2 7 0 2 7 17 18 2 17 18 2 0 2 4 1 2 7 17 18 2 17 18 2 0 40.0670827627182007
0 2 7 0 2 7 1 2 7 5 31 3 1 2 7 17 9 2 0 2 7 0 2 7 0 2 7 1 2 11 0 2 7 1 2 7 1 2 7 1 2 7 1 2 7 0 2 7 0 2 7 0 2 7 1 2 7 13 6 3 1 2 7 1 2 7 0 2 7 0 2 7 5 31 3 16 6 2 1 2 7 0 2 7 0 2 7 5 31 3 0 2 7 0 2 7 1 2 7 0 2 7 0 2 7 17 9 2 17 9 2 1 2 4 0 2 7 17 18 2 0 40.0670827627182007
0 2 7 0 2 7 1 2 7 5 31 3 1 2 7 17 9 2 0 2 7 0 2 7 0 2 7 1 2 11 0 2 7 1 2 7 1 2 7 1 2 7 1 2 7 0 2 7 0 2 7 0 2 7 1 2 7 13 6 3 1 2 7 1 2 7 0 2 7 0 2 7 5 31 3 16 6 2 1 2 7 0 2 7 0 2 7 5 31 3 0 2 7 0 2 7 1 2 7 0 2 7 0 2 7 17 9 2 17 9 2 17 9 2 1 2 7 0 2 4 0 40.0670827627182007
0 2 7 0 2 7 1 2 7 5 31 3 1 2 7 0 2 7 0 2 7 0 2 7 1 2 11 0 2 7 1 2 7 1 2 7 1 2 7 1 2 7 0 2 7 0 2 7 0 2 7 1 2 7 13 6 3 1 2 7 1 2 7 0 2 7 0 2 7 5 31 3 16 6 2 1 2 7 0 2 7 0 2 7 5 31 3 0 2 7 0 2 7 1 2 7 0 2 7 0 2 7 1 2 4 0 2 7 17 18 2 17 9 2 17 9 2 17 18 2 0 40.0670827627182007
0 2 7 0 2 7 1 2 7 5 31 3 1 2 7 17 9 2 0 2 7 0 2 7 0 2 7 1 2 11 0 2 7 1 2 7 1 2 7 1 2 7 1 2 7 0 2 7 0 2 7 0 2 7 1 2 7 13 6 3 1 2 7 1 2 7 0 2 7 0 2 7 5 31 3 16 6 2 1 2 7 0 2 7 0 2 7 5 31 3 0 2 7 0 2 7 1 2 7 0 2 7 0 2 7 17 9 2 17 9 2 1 2 4 0 2 7 17 9 2 0 40.0670827627182007
0 2 7 0 2 7 1 2 7 5 31 3 1 2 7 17 9 2 0 2 7 0 2 7 0 2 7 1 2 11 0 2 7 1 2 7 1 2 7 1 2 7 1 2 7 0 2 7 0 2 7 0 2 7 1 2 7 13 6 3 1 2 7 1 2 7 0 2 7 0 2 7 5 31 3 16 6 2 1 2 7 0 2 7 0 2 7 5 31 3 0 2 7 0 2 7 1 2 7 0 2 7 0 2 7 1 2 7 0 2 4 17 9 2 17 9 2 17 18 2 0 40.0670827627182007
0 2 7 0 2 7 1 2 7 5 31 3 1 2 7 17 9 2 0 2 7 0 2 7 0 2 7 1 2 11 0 2 7 1 2 7 1 2 7 1 2 7 1 2 7 0 2 7 0 2 7 0 2 7 1 2 7 13 6 3 1 2 7 1 2 7 0 2 7 0 2 7 5 31 3 16 6 2 1 2 7 0 2 7 0 2 7 5 31 3 0 2 7 0 2 7 1 2 7 0 2 7 0 2 4 1 2 7 0 2 7 17 18 2 17 9 2 17 18 2 0 40.0670827627182007
0 2 7 0 2 7 1 2 7 5 31 3 1 2 7 17 9 2 0 2 7 0 2 7 1 2 11 0 2 7 1 2 7 1 2 7 1 2 7 1 2 7 0 2 7 0 2 7 0 2 7 1 2 7 13 6 3 1 2 7 1 2 7 0 2 7 0 2 7 5 31 3 16 6 2 1 2 7 0 2 7 0 2 7 5 31 3 0 2 7 0 2 7 1 2 7 0 2 7 0 2 7 17 18 2 17 18 2 0 2 7 17 18 2 1 2 4 0 2 7 0 40.0670827627182007
0 2 7 0 2 7 1 2 7 5 31 3 1 2 7 17 9 2 0 2 7 0 2 4 1 2 11 0 2 7 1 2 7 1 2 7 1 2 7 1 2 7 0 2 7 0 2 7 0 2 7 1 2 7 13 6 3 1 2 7 1 2 7 0 2 7 0 2 7 5 31 3 16 6 2 1 2 7 0 2 7 0 2 7 5 31 3 0 2 7 0 2 7 1 2 7 0 2 7 0 2 7 17 18 2 17 18 2 0 2 7 17 18 2 1 2 7 0 2 7 0 40.0670827627182007
0 2 7 0 2 7 1 2 7 5 31 3 1 2 7 0 2 7 0 2 7 1 2 11 0 2 7 1 2 7 1 2 7 1 2 7 1 2 7 0 2 7 0 2 7 0 2 7 0 2 7 13 6 3 1 2 7 1 2 7 0 2 7 0 2 7 5 31 3 16 6 2 1 2 7 0 2 7 0 2 7 5 31 3 0 2 7 0 2 7 1 2 7 0 2 7 0 2 7 17 18 2 17 18 2 0 2 7 17 18 2 1 2 7 1 2 4 17 18 2 0 40.0670827627182007
0 2 7 0 2 7 1 2 11 5 31 3 1 2 7 0 2 7 0 2 7 1 2 7 1 2 7 0 2 7 1 2 7 1 2 7 1 2 7 0 2 7 0 2 7 0 2 7 13 6 3 1 2 7 0 2 7 0 2 7 0 2 7 5 31 3 16 6 2 1 2 7 1 2 7 0 2 7 5 31 3 0 2 7 1 2 7 1 2 7 0 2 7 0 2 7 17 18 2 17 18 2 0 2 7 17 18 2 0 2 7 17 18 2 1 2 4 0 2 7 0 40.0670827627182007
0 2 7 0 2 7 1 2 7 5 31 3 1 2 7 17 9 2 0 2 7 0 2 7 0 2 7 1 2 11 0 2 7 1 2 7 1 2 7 1 2 7 1 2 7 0 2 7 0 2 7 0 2 7 1 2 7 13 6 3 1 2 7 1 2 7 0 2 7 0 2 7 5 31 3 16 6 2 1 2 7 0 2 7 0 2 7 5 31 3 0 2 7 0 2 7 1 2 7 0 2 7 0 2 7 17 9 2 0 2 7 1 2 4 17 9 2 17 9 2 0 40.0670827627182007
0 2 7 0 2 7 1 2 11 5 31 3 1 2 7 0 2 7 0 2 7 1 2 7 0 2 4 1 2 7 0 2 7 1 2 7 1 2 7 1 2 7 0 2 7 0 2 7 0 2 7 13 6 3 1 2 7 0 2 7 0 2 7 0 2 7 5 31 3 16 6 2 1 2 7 1 2 7 0 2 7 5 31 3 0 2 7 1 2 7 1 2 7 0 2 7 0 2 7 17 18 2 17 18 2 0 2 7 17 18 2 1 2 7 0 2 7 17 18 2 0 40.0670827627182007
0 2 7 0 2 7 1 2 7 5 31 3 1 2 7 17 9 2 0 2 7 0 2 7 0 2 7 1 2 11 0 2 7 1 2 7 1 2 7 1 2 7 1 2 7 0 2 7 0 2 7 0 2 7 1 2 7 13 6 3 1 2 7 1 2 7 0 2 7 0 2 7 5 31 3 16 6 2 1 2 7 0 2 7 0 2 7 5 31 3 0 2 7 0 2 7 1 2 7 0 2 7 0 2 7 17 9 2 0 2 7 1 2 4 17 9 2 17 18 2 0 40.0670827627182007
0 2 7 0 2 7 1 2 7 5 31 3 1 2 7 0 2 7 0 2 7 0 2 7 1 2 11 0 2 7 1 2 7 1 2 7 1 2 7 1 2 7 0 2 7 0 2 7 0 2 7 1 2 7 13 6 3 1 2 7 1 2 7 0 2 7 0 2 7 5 31 3 16 6 2 1 2 7 0 2 7 0 2 7 5 31 3 0 2 7 0 2 7 1 2 7 0 2 7 0 2 7 1 2 4 0 2 7 17 18 2 17 9 2 17 9 2 17 18 2 0 40.0670827627182007
0 2 7 0 2 7 0 2 7 5 31 3 1 2 7 0 2 7 1 2 7 1 2 7 1 2 7 0 2 7 1 2 7 0 2 7 1 2 7 0 2 7 0 2 7 0 2 7 13 6 3 1 2 4 0 2 7 0 2 7 0 2 7 5 31 3 16 6 2 0 2 7 1 2 7 1 2 7 5 31 3 0 2 7 1 2 11 1 2 7 0 2 7 0 2 7 17 18 2 0 2 7 1 2 7 17 9 2 17 18 2 17 18 2 1 2 7 0 2 7 0 40.0670827627182007
0 2 7 0 2 7 0 2 7 5 31 3 1 2 7 17 9 2 0 2 7 1 2 11 0 2 7 1 2 7 1 2 7 1 2 7 1 2 7 0 2 7 0 2 7 0 2 7 1 2 7 13 6 3 1 2 7 1 2 7 1 2 7 1 2 7 5 31 3 16 6 2 1 2 7 0 2 7 0 2 7 5 31 3 0 2 7 0 2 7 1 2 7 0 2 7 0 2 7 0 2 7 0 2 7 0 2 4 0 2 7 17 9 2 17 18 2 17 18 2 0 40.0670827627182007
0 2 7 1 2 7 1 2 7 5 31 3 1 2 7 0 2 7 0 2 7 1 2 7 1 2 7 0 2 7 1 2 7 1 2 7 1 2 7 1 2 7 0 2 7 1 2 7 13 6 3 1 2 11 0 2 7 0 2 7 0 2 7 5 31 3 16 6 2 0 2 7 1 2 7 0 2 7 5 31 3 0 2 7 1 2 7 0 2 4 0 2 7 0 2 7 17 18 2 0 2 7 0 2 7 17 9 2 17 18 2 17 18 2 0 2 7 0 2 7 0 40.0670827627182007
0 2 7 0 2 7 1 2 7 5 31 3 1 2 7 17 9 2 0 2 7 0 2 7 0 2 7 1 2 11 0 2 7 1 2 7 1 2 7 1 2 7 1 2 7 0 2 7 0 2 7 0 2 7 1 2 7 13 6 3 1 2 7 1 2 7 0 2 7 0 2 7 5 31 3 16 6 2 1 2 7 0 2 7 0 2 7 5 31 3 0 2 7 0 2 7 1 2 7 0 2 7 0 2 7 1 2 7 0 2 4 17 9 2 17 9 2 17 18 2 0 40.0670827627182007
0 2 7 0 2 7 1 2 7 5 31 3 1 2 7 17 9 2 0 2 7 0 2 7 0 2 7 1 2 11 0 2 7 1 2 7 1 2 7 1 2 7 1 2 7 0 2 7 0 2 7 0 2 7 1 2 7 13 6 3 1 2 7 1 2 7 0 2 7 0 2 7 5 31 3 16 6 2 1 2 7 0 2 7 0 2 7 5 31 3 0 2 7 0 2 7 1 2 7 0 2 7 0 2 7 17 9 2 17 9 2 17 9 2 1 2 7 0 2 4 0 40.0670827627182007
1 2 7 0 2 7 1 2 7 5 31 3 1 2 7 17 9 2 0 2 7 0 2 7 0 2 7 1 2 7 0 2 7 1 2 7 1 2 7 1 2 7 1 2 7 0 2 7 0 2 7 0 2 7 0 2 7 13 6 3 1 2 7 0 2 7 0 2 7 0 2 7 5 31 3 16 6 2 1 2 7 0 2 7 1 2 11 5 31 3 0 2 7 0 2 7 1 2 7 0 2 7 0 2 7 17 9 2 17 9 2 17 9 2 0 2 4 1 2 7 0 40.0670827627182007
0 2 7 0 2 7 1 2 11 5 31 3 0 2 7 0 2 7 0 2 7 1 2 7 1 2 7 0 2 7 1 2 7 1 2 7 1 2 7 0 2 7 0 2 7 0 2 7 13 6 3 1 2 7 0 2 7 0 2 7 0 2 7 5 31 3 16 6 2 1 2 7 1 2 7 5 31 3 0 2 7 1 2 7 1 2 7 0 2 7 0 2 7 17 18 2 17 18 2 0 2 7 17 18 2 0 2 7 1 2 7 0 2 7 1 2 4 17 9 2 0 40.0670827627182007
0 2 7 0 2 7 1 2 7 5 31 3 1 2 7 17 9 2 0 2 7 0 2 7 0 2 7 1 2 11 0 2 7 1 2 7 1 2 7 1 2 7 1 2 7 0 2 7 0 2 7 0 2 7 1 2 7 13 6 3 1 2 7 1 2 7 0 2 7 0 2 7 5 31 3 16 6 2 1 2 7 0 2 7 0 2 7 5 31 3 0 2 7 0 2 7 1 2 7 0 2 7 0 2 7 17 9 2 0 2 7 1 2 4 17 9 2 17 9 2 0 40.0670827627182007
0 2 7 1 2 7 0 2 7 5 31 3 1 2 7 0 2 7 0 2 7 0 2 7 0 2 7 0 2 7 1 2 7 1 2 7 1 2 7 1 2 7 0 2 7 0 2 7 0 2 7 1 2 7 13 6 3 1 2 7 1 2 4 0 2 7 0 2 7 5 31 3 16 6 2 1 2 7 0 2 7 0 2 7 5 31 3 0 2 7 0 2 7 1 2 11 0 2 7 0 2 7 1 2 7 17 9 2 17 9 2 1 2 7 17 18 2 17 18 2 0 40.0670827627182007
0 2 7 0 2 7 0 2 7 5 31 3 1 2 7 0 2 4 0 2 7 0 2 7 0 2 7 0 2 7 0 2 7 1 2 7 1 2 7 1 2 7 1 2 7 0 2 7 1 2 7 1 2 7 13 6 3 1 2 7 0 2 7 0 2 7 5 31 3 16 6 2 1 2 7 0 2 7 0 2 7 5 31 3 1 2 7 0 2 7 1 2 7 0 2 7 0 2 7 1 2 11 17 18 2 0 2 7 1 2 7 17 18 2 17 9 2 17 18 2 0 40.0670827627182007
0 2 7 0 2 7 0 2 7 5 31 3 1 2 7 17 9 2 0 2 7 1 2 11 0 2 7 1 2 7 1 2 7 1 2 7 1 2 7 0 2 7 0 2 7 0 2 7 1 2 7 13 6 3 1 2 7 1 2 7 1 2 7 1 2 7 5 31 3 16 6 2 1 2 7 0 2 7 0 2 7 5 31 3 0 2 7 0 2 7 1 2 7 0 2 7 0 2 7 0 2 7 0 2 7 0 2 4 0 2 7 17 9 2 17 18 2 17 18 2 0 40.0670827627182007
0 2 7 1 2 7 1 2 7 5 31 3 1 2 7 0 2 7 0 2 7 1 2 7 1 2 7 0 2 7 1 2 7 1 2 7 1 2 7 1 2 7 0 2 7 1 2 7 13 6 3 1 2 11 0 2 7 0 2 7 0 2 7 5 31 3 16 6 2 0 2 7 1 2 7 0 2 4 5 31 3 0 2 7 0 2 7 0 2 7 0 2 7 0 2 7 17 9 2 0 2 7 0 2 7 1 2 7 0 2 7 17 18 2 17 9 2 17 9 2 0 40.0670827627182007
0 2 7 1 2 7 0 2 7 5 31 3 1 2 7 0 2 7 0 2 7 0 2 7 0 2 7 0 2 7 1 2 7 1 2 7 1 2 7 1 2 7 0 2 7 0 2 7 0 2 7 1 2 7 13 6 3 1 2 7 0 2 7 0 2 7 5 31 3 16 6 2 0 2 7 0 2 7 0 2 7 5 31 3 0 2 7 0 2 7 1 2 11 0 2 7 1 2 7 1 2 7 1 2 4 17 9 2 1 2 7 17 9 2 17 9 2 17 18 2 0 40.0670827627182007
0 2 7 0 2 7 1 2 11 5 31 3 0 2 7 0 2 7 0 2 7 1 2 7 1 2 7 0 2 7 1 2 7 1 2 7 1 2 7 0 2 7 0 2 7 0 2 7 13 6 3 1 2 7 0 2 7 0 2 7 0 2 7 5 31 3 16 6 2 1 2 7 1 2 7 5 31 3 0 2 7 1 2 7 1 2 7 0 2 7 0 2 7 17 18 2 17 18 2 0 2 7 17 18 2 0 2 7 17 18 2 1 2 7 0 2 7 1 2 4 0 40.0670827627182007
0 2 7 0 2 7 1 2 11 5 31 3 0 2 7 0 2 7 0 2 7 1 2 7 1 2 7 0 2 7 1 2 7 1 2 7 1 2 7 0 2 7 0 2 7 0 2 7 13 6 3 1 2 7 0 2 7 0 2 7 0 2 7 5 31 3 16 6 2 1 2 7 1 2 7 5 31 3 0 2 7 1 2 7 1 2 7 0 2 7 0 2 7 17 18 2 17 18 2 0 2 7 0 2 7 1 2 7 0 2 4 1 2 7 17 18 2 17 18 2 0 40.0670827627182007
0 2 7 0 2 7 1 2 7 5 31 3 1 2 7 0 2 7 0 2 7 1 2 11 0 2 7 1 2 7 1 2 7 1 2 7 0 2 7 0 2 7 0 2 7 0 2 7 1 2 7 13 6 3 1 2 7 1 2 7 0 2 7 0 2 7 5 31 3 16 6 2 1 2 7 0 2 7 0 2 7 5 31 3 0 2 7 0 2 7 1 2 7 0 2 7 0 2 7 1 2 7 17 18 2 17 18 2 1 2 7 17 18 2 17 18 2 0 2 4 0 40.0670827627182007
0 2 7 0 2 7 1 2 7 5 31 3 1 2 7 17 9 2 0 2 4 0 2 7 0 2 7 1 2 11 0 2 7 1 2 7 1 2 7 1 2 7 0 2 7 0 2 7 0 2 7 0 2 7 1 2 7 13 6 3 1 2 7 1 2 7 0 2 7 0 2 7 5 31 3 16 6 2 1 2 7 0 2 7 0 2 7 5 31 3 0 2 7 0 2 7 1 2 7 0 2 7 0 2 7 17 9 2 1 2 7 1 2 7 17 18 2 17 18 2 0 40.0670827627182007
0 2 7 0 2 7 1 2 11 5 31 3 0 2 7 0 2 7 0 2 7 1 2 7 1 2 7 0 2 7 1 2 7 1 2 7 1 2 7 0 2 7 0 2 7 0 2 7 13 6 3 1 2 7 0 2 7 0 2 7 0 2 7 5 31 3 16 6 2 1 2 7 1 2 7 5 31 3 0 2 7 1 2 7 1 2 7 0 2 7 0 2 7 0 2 7 0 2 7 1 2 7 17 9 2 1 2 4 0 2 7 17 9 2 17 18 2 17 18 2 0 40.0670827627182007
0 2 7 0 2 7 1 2 11 5 31 3 0 2 7 0 2 7 0 2 7 0 2 7 1 2 7 1 2 7 1 2 7 1 2 7 1 2 7 0 2 7 0 2 7 0 2 7 13 6 3 1 2 7 0 2 7 0 2 4 0 2 7 5 31 3 16 6 2 0 2 7 1 2 7 5 31 3 0 2 7 1 2 7 1 2 7 0 2 7 0 2 7 0 2 7 0 2 7 1 2 7 17 9 2 1 2 7 1 2 7 17 18 2 17 18 2 17 18 2 0 40.0670827627182007
0 2 7 0 2 7 1 2 7 5 31 3 1 2 7 0 2 7 0 2 7 1 2 11 0 2 7 1 2 7 1 2 7 1 2 7 0 2 7 0 2 7 0 2 7 0 2 7 1 2 7 13 6 3 1 2 7 1 2 7 0 2 7 0 2 7 5 31 3 16 6 2 1 2 7 0 2 7 0 2 7 5 31 3 0 2 7 0 2 7 1 2 7 0 2 7 0 2 7 1 2 7 1 2 7 0 2 4 17 9 2 17 9 2 17 9 2 17 18 2 0 40.0670827627182007
0 2 7 0 2 7 1 2 11 5 31 3 0 2 7 0 2 7 0 2 7 1 2 7 1 2 7 0 2 7 1 2 7 1 2 7 1 2 7 0 2 7 0 2 7 0 2 7 13 6 3 1 2 7 0 2 7 0 2 7 0 2 7 5 31 3 16 6 2 1 2 7 1 2 7 5 31 3 0 2 7 1 2 7 1 2 7 0 2 7 0 2 7 0 2 7 0 2 7 1 2 7 17 9 2 1 2 4 0 2 7 17 18 2 17 9 2 17 9 2 0 40.0670827627182007
0 2 7 0 2 7 1 2 11 5 31 3 0 2 7 0 2 7 0 2 7 1 2 7 1 2 7 0 2 7 1 2 7 1 2 7 1 2 7 0 2 7 0 2 7 0 2 7 13 6 3 1 2 7 0 2 7 0 2 7 0 2 7 5 31 3 16 6 2 1 2 7 1 2 7 5 31 3 0 2 7 1 2 7 1 2 7 0 2 7 0 2 7 17 18 2 0 2 7 0 2 7 1 2 7 17 9 2 1 2 4 0 2 7 17 18 2 17 18 2 0 40.0670827627182007
0 2 7 0 2 7 1 2 7 5 31 3 1 2 7 0 2 7 0 2 7 0 2 7 1 2 11 0 2 7 1 2 7 1 2 7 1 2 7 1 2 7 0 2 7 0 2 7 0 2 7 1 2 7 13 6 3 1 2 7 1 2 7 0 2 7 0 2 7 5 31 3 16 6 2 1 2 7 0 2 7 0 2 7 5 31 3 0 2 7 0 2 7 1 2 7 0 2 7 0 2 7 0 2 7 1 2 4 17 18 2 17 18 2 17 18 2 17 18 2 0 40.0670827627182007
0 2 7 0 2 7 1 2 7 5 31 3 1 2 7 17 9 2 0 2 7 0 2 7 0 2 7 1 2 11 0 2 7 1 2 7 1 2 7 1 2 7 1 2 7 0 2 7 0 2 7 0 2 7 1 2 7 13 6 3 1 2 7 1 2 7 0 2 7 0 2 7 5 31 3 16 6 2 1 2 7 0 2 7 0 2 7 5 31 3 0 2 7 0 2 7 1 2 7 0 2 7 0 2 7 17 9 2 17 9 2 17 9 2 0 2 7 1 2 4 0 40.0670827627182007
0 2 7 0 2 7 1 2 11 5 31 3 0 2 7 0 2 7 0 2 7 0 2 7 1 2 7 1 2 7 1 2 7 1 2 7 1 2 7 0 2 7 0 2 7 0 2 7 13 6 3 1 2 7 0 2 7 0 2 4 0 2 7 5 31 3 16 6 2 0 2 7 1 2 7 5 31 3 0 2 7 1 2 7 1 2 7 0 2 7 0 2 7 0 2 7 0 2 7 1 2 7 17 9 2 1 2 7 1 2 7 17 9 2 17 9 2 17 9 2 0 40.0670827627182007
0 2 7 0 2 7 1 2 7 5 31 3 0 2 7 0 2 7 0 2 7 0 2 7 1 2 4 1 2 7 1 2 7 1 2 7 1 2 7 0 2 7 0 2 7 0 2 7 13 6 3 1 2 7 0 2 7 1 2 11 5 31 3 16 6 2 0 2 7 1 2 7 5 31 3 0 2 7 1 2 7 1 2 7 0 2 7 0 2 7 0 2 7 0 2 7 1 2 7 17 9 2 1 2 7 17 9 2 17 9 2 0 2 7 0 2 7 17 9 2 0 40.0670827627182007
0 2 7 0 2 7 1 2 11 5 31 3 0 2 7 0 2 7 0 2 7 0 2 7 1 2 7 1 2 7 1 2 7 1 2 7 1 2 7 0 2 7 0 2 7 0 2 7 13 6 3 1 2 7 0 2 7 0 2 4 0 2 7 5 31 3 16 6 2 0 2 7 1 2 7 5 31 3 0 2 7 1 2 7 1 2 7 0 2 7 0 2 7 0 2 7 0 2 7 1 2 7 1 2 7 1 2 7 17 18 2 17 9 2 17 18 2 17 9 2 0 40.0670827627182007
0 2 7 0 2 7 1 2 7 5 31 3 0 2 7 0 2 7 0 2 7 0 2 7 1 2 4 1 2 7 1 2 7 1 2 7 1 2 7 0 2 7 0 2 7 0 2 7 13 6 3 1 2 7 0 2 7 1 2 11 5 31 3 16 6 2 0 2 7 1 2 7 5 31 3 0 2 7 1 2 7 1 2 7 0 2 7 0 2 7 0 2 7 0 2 7 1 2 7 17 9 2 1 2 7 17 9 2 0 2 7 0 2 7 17 18 2 17 18 2 0 40.0670827627182007
0 2 7 0 2 7 1 2 11 5 31 3 0 2 7 0 2 7 0 2 7 0 2 7 1 2 7 1 2 7 1 2 7 1 2 7 1 2 7 0 2 7 0 2 7 0 2 7 13 6 3 1 2 7 0 2 7 0 2 4 0 2 7 5 31 3 16 6 2 0 2 7 1 2 7 5 31 3 0 2 7 1 2 7 1 2 7 0 2 7 0 2 7 0 2 7 0 2 7 1 2 7 1 2 7 1 2 7 17 9 2 17 18 2 17 18 2 17 18 2 0 40.0670827627182007
0 2 7 0 2 7 1 2 11 5 31 3 0 2 7 0 2 7 0 2 7 0 2 7 1 2 7 1 2 7 1 2 7 1 2 7 1 2 7 0 2 7 0 2 7 0 2 7 13 6 3 1 2 7 0 2 7 0 2 4 0 2 7 5 31 3 16 6 2 0 2 7 1 2 7 5 31 3 0 2 7 1 2 7 1 2 7 0 2 7 0 2 7 0 2 7 0 2 7 1 2 7 1 2 7 1 2 7 17 18 2 17 9 2 17 9 2 17 9 2 0 40.0670827627182007
0 2 7 0 2 7 1 2 11 5 31 3 0 2 7 0 2 7 0 2 7 1 2 7 1 2 7 0 2 7 1 2 7 1 2 7 1 2 7 0 2 7 0 2 7 0 2 7 13 6 3 1 2 7 0 2 7 0 2 7 0 2 7 5 31 3 16 6 2 1 2 7 1 2 7 5 31 3 0 2 7 1 2 7 1 2 7 0 2 7 0 2 7 0 2 7 0 2 7 1 2 7 17 9 2 1 2 4 0 2 7 17 9 2 17 9 2 17 18 2 0 40.0670827627182007
0 2 7 0 2 7 1 2 7 5 31 3 1 2 7 0 2 7 0 2 7 1 2 11 0 2 7 1 2 7 1 2 7 1 2 7 0 2 7 0 2 7 0 2 7 0 2 7 1 2 7 13 6 3 1 2 7 1 2 7 0 2 7 0 2 7 5 31 3 16 6 2 1 2 7 0 2 7 0 2 7 5 31 3 0 2 7 0 2 7 1 2 4 0 2 7 0 2 7 1 2 7 17 18 2 17 18 2 17 18 2 1 2 7 0 2 7 17 9 2 0 40.0670827627182007
0 2 7 0 2 7 1 2 7 5 31 3 1 2 7 0 2 7 0 2 7 1 2 11 0 2 7 1 2 7 1 2 7 1 2 7 0 2 7 0 2 7 0 2 7 0 2 7 1 2 7 13 6 3 1 2 7 1 2 7 0 2 7 0 2 7 5 31 3 16 6 2 1 2 7 0 2 7 0 2 7 5 31 3 0 2 7 0 2 7 1 2 7 0 2 7 0 2 7 1 2 7 17 18 2 17 18 2 0 2 7 1 2 4 17 18 2 17 18 2 0 40.0670827627182007
0 2 7 0 2 7 1 2 7 5 31 3 1 2 7 0 2 7 0 2 7 1 2 11 0 2 7 1 2 7 1 2 7 1 2 7 0 2 7 0 2 7 0 2 7 0 2 7 1 2 7 13 6 3 1 2 7 1 2 7 0 2 7 0 2 7 5 31 3 16 6 2 1 2 7 0 2 7 0 2 7 5 31 3 0 2 7 0 2 7 1 2 7 0 2 7 0 2 7 1 2 7 17 18 2 17 18 2 17 18 2 17 18 2 0 2 4 1 2 7 0 40.0670827627182007
0 2 7 0 2 7 1 2 11 5 31 3 0 2 7 0 2 7 0 2 7 0 2 7 1 2 7 1 2 7 1 2 7 1 2 7 1 2 7 0 2 7 0 2 7 0 2 7 13 6 3 1 2 7 0 2 7 0 2 4 0 2 7 5 31 3 16 6 2 0 2 7 1 2 7 5 31 3 0 2 7 1 2 7 1 2 7 0 2 7 0 2 7 0 2 7 0 2 7 1 2 7 17 9 2 1 2 7 1 2 7 17 9 2 17 9 2 17 9 2 0 40.0670827627182007
0 2 7 0 2 7 1 2 11 5 31 3 0 2 7 0 2 7 0 2 7 0 2 7 1 2 7 1 2 7 1 2 7 1 2 7 1 2 7 0 2 7 0 2 7 0 2 7 13 6 3 1 2 7 0 2 7 0 2 4 0 2 7 5 31 3 16 6 2 0 2 7 1 2 7 5 31 3 0 2 7 1 2 7 1 2 7 0 2 7 0 2 7 0 2 7 0 2 7 1 2 7 1 2 7 1 2 7 17 9 2 17 9 2 17 9 2 17 9 2 0 40.0670827627182007
0 2 7 0 2 7 1 2 11 5 31 3 0 2 7 0 2 7 0 2 7 0 2 7 1 2 7 1 2 7 1 2 7 1 2 7 1 2 7 0 2 7 0 2 7 0 2 7 13 6 3 1 2 7 0 2 7 0 2 7 5 31 3 16 6 2 0 2 7 1 2 7 5 31 3 0 2 7 1 2 7 1 2 4 0 2 7 0 2 7 0 2 7 0 2 7 1 2 7 1 2 7 17 18 2 17 18 2 0 2 7 17 18 2 1 2 7 17 9 2 0 40.0670827627182007
0 2 7 0 2 7 1 2 7 5 31 3 0 2 7 0 2 7 0 2 7 0 2 7 1 2 7 1 2 7 1 2 7 1 2 7 0 2 7 0 2 7 0 2 7 13 6 3 1 2 7 0 2 7 1 2 11 5 31 3 16 6 2 0 2 7 1 2 7 5 31 3 0 2 7 1 2 7 1 2 7 0 2 7 0 2 7 0 2 7 0 2 7 1 2 7 1 2 7 0 2 7 17 9 2 17 18 2 17 9 2 1 2 4 0 2 7 17 18 2 0 40.0670827627182007
0 2 7 0 2 7 1 2 11 5 31 3 0 2 7 0 2 7 0 2 7 0 2 7 1 2 7 1 2 7 1 2 7 1 2 7 1 2 7 0 2 7 0 2 7 0 2 7 13 6 3 1 2 7 0 2 7 0 2 4 0 2 7 5 31 3 16 6 2 0 2 7 1 2 7 5 31 3 0 2 7 1 2 7 1 2 7 0 2 7 0 2 7 0 2 7 0 2 7 1 2 7 1 2 7 1 2 7 17 9 2 17 18 2 17 18 2 17 18 2 0 40.0670827627182007
0 2 7 0 2 7 1 2 11 5 31 3 0 2 7 0 2 7 0 2 7 0 2 7 1 2 7 1 2 7 1 2 7 1 2 7 1 2 7 0 2 7 0 2 7 0 2 7 13 6 3 1 2 7 0 2 7 0 2 7 5 31 3 16 6 2 0 2 7 1 2 7 5 31 3 0 2 7 1 2 7 1 2 7 0 2 7 0 2 7 0 2 7 0 2 7 1 2 7 1 2 7 17 18 2 17 18 2 17 9 2 0 2 4 1 2 7 17 9 2 0 40.0670827627182007
0 2 7 0 2 7 1 2 11 5 31 3 0 2 7 0 2 7 0 2 7 0 2 7 1 2 7 1 2 7 1 2 7 1 2 7 1 2 7 0 2 7 0 2 7 0 2 7 13 6 3 1 2 7 0 2 7 0 2 4 0 2 7 5 31 3 16 6 2 0 2 7 1 2 7 5 31 3 0 2 7 1 2 7 1 2 7 0 2 7 0 2 7 0 2 7 0 2 7 1 2 7 17 9 2 1 2 7 1 2 7 17 9 2 17 9 2 17 18 2 0 40.0670827627182007
0 2 7 0 2 7 1 2 11 5 31 3 0 2 7 0 2 7 0 2 7 0 2 7 1 2 7 1 2 7 1 2 7 1 2 7 1 2 7 0 2 7 0 2 7 0 2 7 13 6 3 1 2 7 0 2 7 0 2 7 5 31 3 16 6 2 0 2 7 1 2 7 5 31 3 0 2 7 1 2 7 1 2 7 0 2 7 0 2 7 0 2 7 0 2 7 1 2 7 1 2 7 17 18 2 17 9 2 17 9 2 1 2 4 0 2 7 17 9 2 0 40.0670827627182007
0 2 7 0 2 7 1 2 7 5 31 3 0 2 7 0 2 7 0 2 7 0 2 7 1 2 4 1 2 7 1 2 7 1 2 7 1 2 7 0 2 7 0 2 7 0 2 7 13 6 3 1 2 7 0 2 7 1 2 11 5 31 3 16 6 2 0 2 7 1 2 7 5 31 3 0 2 7 1 2 7 1 2 7 0 2 7 0 2 7 0 2 7 0 2 7 1 2 7 17 9 2 1 2 7 17 9 2 17 9 2 0 2 7 0 2 7 17 9 2 0 40.0670827627182007
0 2 7 0 2 7 1 2 7 5 31 3 0 2 7 0 2 7 0 2 7 0 2 7 0 2 4 1 2 7 1 2 7 1 2 7 0 2 7 0 2 7 0 2 7 13 6 3 1 2 7 0 2 7 1 2 11 5 31 3 16 6 2 0 2 7 1 2 7 5 31 3 0 2 7 1 2 7 1 2 7 0 2 7 0 2 7 0 2 7 0 2 7 1 2 7 1 2 7 0 2 7 17 18 2 17 18 2 17 18 2 1 2 7 1 2 7 17 18 2 0 40.0670827627182007
0 2 7 0 2 7 1 2 7 5 31 3 0 2 7 0 2 7 0 2 7 0 2 7 1 2 4 1 2 7 1 2 7 1 2 7 1 2 7 0 2 7 0 2 7 0 2 7 13 6 3 1 2 7 0 2 7 1 2 11 5 31 3 16 6 2 0 2 7 1 2 7 5 31 3 0 2 7 1 2 7 1 2 7 0 2 7 0 2 7 0 2 7 0 2 7 1 2 7 1 2 7 0 2 7 0 2 7 17 18 2 17 18 2 17 18 2 17 18 2 0 40.0670827627182007
0 2 7 0 2 7 1 2 11 5 31 3 0 2 7 0 2 7 0 2 7 0 2 7 1 2 7 1 2 7 1 2 7 1 2 7 1 2 7 0 2 7 0 2 7 0 2 7 13 6 3 1 2 7 0 2 7 0 2 7 5 31 3 16 6 2 0 2 7 1 2 7 5 31 3 0 2 7 1 2 7 1 2 4 0 2 7 0 2 7 0 2 7 0 2 7 1 2 7 1 2 7 17 18 2 17 18 2 0 2 7 17 18 2 1 2 7 17 18 2 0 40.0670827627182007
0 2 7 0 2 7 1 2 11 5 31 3 0 2 7 0 2 7 0 2 7 0 2 7 1 2 7 1 2 7 1 2 7 1 2 7 1 2 7 0 2 7 0 2 7 0 2 7 13 6 3 1 2 7 0 2 7 0 2 7 5 31 3 16 6 2 0 2 7 1 2 7 5 31 3 0 2 7 1 2 7 1 2 7 0 2 4 0 2 7 0 2 7 0 2 7 1 2 7 1 2 7 17 18 2 17 9 2 17 9 2 17 18 2 1 2 7 0 2 7 0 40.0670827627182007
0 2 7 0 2 7 1 2 11 5 31 3 0 2 7 0 2 7 0 2 7 0 2 7 1 2 7 1 2 7 1 2 7 1 2 7 1 2 7 0 2 7 0 2 7 0 2 7 13 6 3 1 2 7 0 2 7 0 2 7 5 31 3 16 6 2 0 2 7 1 2 7 5 31 3 0 2 7 1 2 7 0 2 7 0 2 7 0 2 7 0 2 4 1 2 7 1 2 7 17 18 2 1 2 7 17 9 2 17 9 2 0 2 7 1 2 7 17 9 2 0 40.0670827627182007
0 2 7 0 2 7 1 2 7 5 31 3 0 2 7 1 2 7 0 2 7 1 2 7 1 2 4 1 2 7 1 2 7 0 2 7 0 2 7 0 2 7 13 6 3 1 2 7 1 2 7 1 2 11 5 31 3 16 6 2 0 2 7 0 2 7 5 31 3 0 2 7 1 2 7 1 2 7 0 2 7 0 2 7 0 2 7 0 2 7 0 2 7 1 2 7 0 2 7 1 2 7 17 18 2 17 18 2 17 18 2 0 2 7 0 2 7 17 9 2 0 40.0670827627182007
0 2 7 0 2 7 1 2 7 5 31 3 0 2 7 0 2 7 0 2 7 0 2 7 1 2 7 0 2 7 1 2 7 0 2 7 0 2 7 13 6 3 1 2 7 0 2 7 1 2 11 5 31 3 16 6 2 0 2 7 1 2 7 5 31 3 0 2 7 1 2 7 1 2 7 0 2 7 0 2 7 0 2 7 0 2 7 1 2 7 1 2 7 0 2 7 1 2 7 17 18 2 17 18 2 1 2 7 17 9 2 0 2 7 1 2 4 17 9 2 0 40.0670827627182007
0 2 7 0 2 7 1 2 7 5 31 3 0 2 7 0 2 7 0 2 7 0 2 7 1 2 4 1 2 7 1 2 7 1 2 7 1 2 7 0 2 7 0 2 7 0 2 7 13 6 3 1 2 7 0 2 7 1 2 11 5 31 3 16 6 2 0 2 7 1 2 7 5 31 3 0 2 7 1 2 7 1 2 7 0 2 7 0 2 7 0 2 7 0 2 7 1 2 7 17 9 2 1 2 7 17 9 2 17 9 2 0 2 7 0 2 7 17 18 2 0 40.0670827627182007
0 2 7 0 2 7 1 2 7 5 31 3 0 2 7 0 2 7 0 2 7 0 2 7 0 2 4 1 2 7 1 2 7 1 2 7 0 2 7 0 2 7 0 2 7 13 6 3 1 2 7 0 2 7 1 2 11 5 31 3 16 6 2 0 2 7 1 2 7 5 31 3 0 2 7 1 2 7 1 2 7 0 2 7 0 2 7 0 2 7 0 2 7 1 2 7 1 2 7 0 2 7 1 2 7 1 2 7 17 18 2 17 9 2 17 18 2 17 18 2 0 40.0670827627182007
0 2 7 0 2 7 1 2 11 5 31 3 0 2 7 0 2 7 0 2 7 0 2 7 1 2 7 1 2 7 1 2 7 1 2 7 1 2 7 0 2 7 0 2 7 0 2 7 13 6 3 1 2 7 0 2 7 0 2 4 0 2 7 5 31 3 16 6 2 0 2 7 1 2 7 5 31 3 0 2 7 1 2 7 1 2 7 0 2 7 0 2 7 0 2 7 0 2 7 1 2 7 1 2 7 1 2 7 17 9 2 17 9 2 17 9 2 17 9 2 0 40.0670827627182007
0 2 7 0 2 7 1 2 7 5 31 3 0 2 7 0 2 7 0 2 7 0 2 7 1 2 7 0 2 7 1 2 7 0 2 7 0 2 7 13 6 3 1 2 7 0 2 7 1 2 11 5 31 3 16 6 2 0 2 7 1 2 7 5 31 3 0 2 7 1 2 7 1 2 7 0 2 7 0 2 7 0 2 7 0 2 7 1 2 7 1 2 7 0 2 7 1 2 7 17 18 2 17 18 2 1 2 7 0 2 4 17 18 2 17 18 2 1 2 7 0 40.0670827627182007
0 2 7 0 2 7 1 2 7 5 31 3 0 2 7 0 2 7 0 2 7 0 2 7 1 2 4 1 2 7 1 2 7 1 2 7 1 2 7 0 2 7 0 2 7 0 2 7 13 6 3 1 2 7 0 2 7 1 2 11 5 31 3 16 6 2 0 2 7 1 2 7 5 31 3 0 2 7 1 2 7 1 2 7 0 2 7 0 2 7 0 2 7 0 2 7 1 2 7 17 9 2 1 2 7 17 9 2 17 9 2 0 2 7 0 2 7 17 9 2 0 40.0670827627182007
0 2 7 0 2 7 1 2 11 5 31 3 0 2 7 0 2 7 0 2 7 0 2 7 1 2 7 1 2 7 1 2 7 1 2 7 1 2 7 0 2 7 0 2 7 0 2 7 13 6 3 1 2 7 0 2 7 0 2 7 5 31 3 16 6 2 0 2 7 1 2 7 5 31 3 0 2 7 1 2 7 1 2 4 0 2 7 0 2 7 0 2 7 0 2 7 1 2 7 1 2 7 17 18 2 17 18 2 0 2 7 1 2 7 17 18 2 17 18 2 0 40.0670827627182007
0 2 7 0 2 7 1 2 11 5 31 3 0 2 7 0 2 7 0 2 7 0 2 7 1 2 7 1 2 7 1 2 7 1 2 7 1 2 7 0 2 7 0 2 7 0 2 7 13 6 3 1 2 7 0 2 7 0 2 7 5 31 3 16 6 2 0 2 7 1 2 7 5 31 3 0 2 7 1 2 7 0 2 7 0 2 7 0 2 7 0 2 7 1 2 7 1 2 7 1 2 7 1 2 7 0 2 4 17 9 2 17 9 2 17 18 2 17 18 2 0 40.0670827627182007
0 2 7 0 2 7 1 2 11 5 31 3 0 2 7 0 2 7 0 2 7 0 2 7 1 2 7 1 2 7 1 2 7 1 2 7 1 2 7 0 2 7 0 2 7 0 2 7 13 6 3 1 2 7 0 2 7 0 2 7 5 31 3 16 6 2 0 2 7 1 2 7 5 31 3 0 2 7 1 2 7 0 2 7 0 2 7 0 2 7 0 2 7 1 2 7 1 2 7 1 2 7 17 18 2 17 18 2 17 18 2 17 9 2 0 2 4 1 2 7 0 40.0670827627182007
0 2 7 0 2 7 1 2 11 5 31 3 0 2 7 0 2 7 0 2 7 0 2 7 1 2 7 1 2 7 1 2 7 1 2 7 1 2 7 0 2 7 0 2 7 0 2 7 13 6 3 1 2 7 0 2 7 0 2 7 5 31 3 16 6 2 0 2 7 1 2 7 5 31 3 0 2 7 1 2 7 1 2 4 0 2 7 0 2 7 0 2 7 0 2 7 1 2 7 1 2 7 17 18 2 17 18 2 0 2 7 1 2 7 17 18 2 17 9 2 0 40.0670827627182007
0 2 7 0 2 7 1 2 11 5 31 3 0 2 7 0 2 7 0 2 7 0 2 7 1 2 7 1 2 7 1 2 7 1 2 7 1 2 7 0 2 7 0 2 7 0 2 7 13 6 3 1 2 7 0 2 7 0 2 7 5 31 3 16 6 2 0 2 7 1 2 7 5 31 3 0 2 7 1 2 7 1 2 4 0 2 7 0 2 7 0 2 7 0 2 7 1 2 7 1 2 7 17 18 2 17 18 2 0 2 7 1 2 7 17 9 2 17 9 2 0 40.0670827627182007
0 2 7 0 2 7 1 2 11 5 31 3 0 2 7 0 2 7 0 2 7 0 2 7 1 2 7 1 2 7 1 2 7 1 2 7 1 2 7 0 2 7 0 2 7 0 2 7 13 6 3 1 2 7 0 2 7 0 2 7 5 31 3 16 6 2 0 2 7 1 2 7 5 31 3 0 2 7 1 2 7 0 2 7 0 2 7 0 2 7 0 2 7 1 2 7 1 2 7 1 2 7 1 2 7 0 2 4 17 9 2 17 9 2 17 18 2 17 9 2 0 40.0670827627182007
0 2 7 0 2 7 1 2 7 5 31 3 0 2 7 0 2 7 0 2 7 0 2 7 1 2 4 1 2 7 1 2 7 1 2 7 1 2 7 0 2 7 0 2 7 0 2 7 13 6 3 1 2 7 0 2 7 1 2 11 5 31 3 16 6 2 0 2 7 1 2 7 5 31 3 0 2 7 1 2 7 1 2 7 0 2 7 0 2 7 0 2 7 0 2 7 1 2 7 17 9 2 1 2 7 17 9 2 17 9 2 0 2 7 0 2 7 17 18 2 0 40.0670827627182007
0 2 7 0 2 7 1 2 11 5 31 3 0 2 7 0 2 7 0 2 7 0 2 7 1 2 7 1 2 7 1 2 7 1 2 7 1 2 7 0 2 4 0 2 7 13 6 3 1 2 7 0 2 7 0 2 7 5 31 3 16 6 2 0 2 7 1 2 7 5 31 3 0 2 7 1 2 7 1 2 7 0 2 7 0 2 7 0 2 7 1 2 7 1 2 7 17 18 2 17 18 2 0 2 7 0 2 7 17 18 2 17 18 2 0 2 7 1 2 7 0 40.0670827627182007
0 2 7 0 2 7 1 2 11 5 31 3 0 2 7 0 2 7 0 2 7 0 2 7 1 2 7 1 2 7 1 2 7 1 2 7 1 2 7 0 2 7 0 2 7 0 2 7 13 6 3 1 2 7 0 2 7 0 2 7 5 31 3 16 6 2 0 2 7 1 2 7 5 31 3 0 2 7 1 2 7 1 2 7 0 2 7 0 2 7 0 2 7 0 2 7 1 2 7 1 2 7 17 9 2 17 9 2 17 9 2 17 9 2 0 2 4 1 2 7 0 40.0670827627182007
0 2 7 0 2 7 1 2 7 5 31 3 0 2 7 0 2 7 0 2 7 0 2 7 1 2 4 1 2 7 1 2 7 1 2 7 1 2 7 0 2 7 0 2 7 0 2 7 13 6 3 1 2 7 0 2 7 1 2 11 5 31 3 16 6 2 0 2 7 1 2 7 5 31 3 0 2 7 1 2 7 1 2 7 0 2 7 0 2 7 0 2 7 0 2 7 1 2 7 17 9 2 1 2 7 17 9 2 17 9 2 0 2 7 0 2 7 17 9 2 0 40.0670827627182007
0 2 7 1 2 7 5 31 3 0 2 7 0 2 7 0 2 7 0 2 7 1 2 7 1 2 7 1 2 7 1 2 7 0 2 7 0 2 7 0 2 7 13 6 3 1 2 7 0 2 7 1 2 11 5 31 3 16 6 2 0 2 7 1 2 7 5 31 3 0 2 7 1 2 7 1 2 7 0 2 7 0 2 7 0 2 7 0 2 7 1 2 7 17 9 2 1 2 7 0 2 7 17 9 2 0 2 7 17 9 2 0 2 7 1 2 4 17 9 2 0 40.0670827627182007
0 2 7 0 2 7 1 2 11 5 31 3 0 2 7 0 2 7 0 2 7 0 2 7 1 2 7 1 2 7 1 2 7 1 2 7 1 2 7 0 2 7 0 2 7 0 2 7 13 6 3 1 2 7 0 2 7 0 2 7 5 31 3 16 6 2 0 2 7 1 2 7 5 31 3 0 2 7 1 2 7 0 2 7 0 2 7 0 2 7 1 2 7 1 2 7 17 18 2 1 2 7 0 2 7 17 9 2 17 9 2 0 2 4 17 18 2 1 2 7 0 40.0670827627182007
0 2 7 1 2 7 5 31 3 0 2 7 0 2 7 0 2 7 0 2 7 1 2 7 1 2 7 1 2 7 1 2 7 0 2 7 0 2 7 0 2 7 13 6 3 1 2 7 0 2 7 1 2 11 5 31 3 16 6 2 0 2 7 1 2 7 5 31 3 0 2 7 1 2 7 1 2 7 0 2 7 0 2 7 0 2 7 0 2 7 1 2 7 17 9 2 1 2 7 0 2 7 17 9 2 0 2 7 17 9 2 0 2 4 17 18 2 1 2 7 0 40.0670827627182007
0 2 7 0 2 7 1 2 7 5 31 3 0 2 7 0 2 7 0 2 7 0 2 7 1 2 4 1 2 7 1 2 7 1 2 7 1 2 7 0 2 7 0 2 7 0 2 7 13 6 3 1 2 7 0 2 7 1 2 11 5 31 3 16 6 2 0 2 7 1 2 7 5 31 3 0 2 7 1 2 7 1 2 7 0 2 7 0 2 7 0 2 7 0 2 7 1 2 7 1 2 7 0 2 7 0 2 7 17 9 2 17 18 2 17 9 2 17 18 2 0 40.0670827627182007
0 2 7 1 2 7 5 31 3 0 2 7 0 2 7 0 2 7 0 2 7 1 2 7 1 2 11 0 2 7 1 2 7 1 2 7 0 2 7 0 2 7 0 2 7 13 6 3 1 2 7 0 2 7 0 2 7 5 31 3 16 6 2 0 2 7 1 2 7 5 31 3 0 2 7 1 2 7 1 2 7 0 2 7 1 2 7 0 2 7 0 2 7 1 2 7 1 2 7 0 2 7 17 9 2 17 18 2 17 18 2 17 18 2 0 2 7 1 2 4 0 40.0670827627182007
0 2 7 0 2 7 1 2 11 5 31 3 0 2 7 0 2 7 0 2 7 0 2 7 1 2 7 1 2 7 1 2 7 1 2 7 1 2 7 0 2 7 0 2 7 0 2 7 13 6 3 1 2 7 0 2 7 0 2 7 5 31 3 16 6 2 0 2 7 1 2 7 5 31 3 0 2 7 1 2 7 0 2 7 0 2 7 0 2 7 0 2 7 1 2 7 1 2 7 1 2 7 1 2 7 0 2 4 17 18 2 17 18 2 17 18 2 17 9 2 0 40.0670827627182007
0 2 7 0 2 7 1 2 7 5 31 3 0 2 7 0 2 7 0 2 7 0 2 7 1 2 4 1 2 7 1 2 7 1 2 7 1 2 7 0 2 7 0 2 7 0 2 7 13 6 3 1 2 7 0 2 7 1 2 11 5 31 3 16 6 2 0 2 7 1 2 7 5 31 3 0 2 7 1 2 7 1 2 7 0 2 7 0 2 7 0 2 7 0 2 7 1 2 7 17 9 2 1 2 7 0 2 7 0 2 7 17 9 2 17 18 2 17 9 2 0 40.0670827627182007
0 2 7 0 2 7 1 2 11 5 31 3 0 2 7 0 2 7 0 2 7 0 2 7 1 2 7 1 2 7 1 2 7 1 2 7 1 2 7 0 2 7 0 2 7 0 2 7 13 6 3 1 2 7 0 2 7 0 2 7 5 31 3 16 6 2 0 2 7 1 2 7 5 31 3 0 2 7 1 2 7 0 2 7 0 2 4 0 2 7 0 2 7 1 2 7 1 2 7 1 2 7 0 2 7 1 2 7 17 9 2 17 9 2 17 9 2 17 9 2 0 40.0670827627182007
0 2 7 0 2 7 1 2 11 5 31 3 0 2 7 0 2 7 0 2 7 0 2 7 1 2 7 1 2 7 1 2 7 1 2 7 1 2 7 0 2 7 0 2 7 0 2 7 13 6 3 1 2 7 0 2 7 0 2 7 5 31 3 16 6 2 0 2 7 1 2 7 5 31 3 0 2 7 1 2 7 1 2 4 0 2 7 0 2 7 0 2 7 0 2 7 1 2 7 1 2 7 17 18 2 17 18 2 0 2 7 1 2 7 17 18 2 17 18 2 0 40.0670827627182007
0 2 7 0 2 7 0 2 7 5 31 3 0 2 7 0 2 7 0 2 7 0 2 7 1 2 7 1 2 7 1 2 7 1 2 7 1 2 7 0 2 7 0 2 7 0 2 7 13 6 3 1 2 7 0 2 7 0 2 7 5 31 3 16 6 2 0 2 7 1 2 7 5 31 3 0 2 4 1 2 7 0 2 7 0 2 7 0 2 7 0 2 7 1 2 7 1 2 7 17 18 2 17 18 2 1 2 11 17 18 2 17 18 2 1 2 7 1 2 7 0 40.0670827627182007
0 2 7 0 2 7 1 2 7 5 31 3 0 2 7 0 2 7 0 2 7 1 2 7 1 2 7 1 2 7 0 2 7 1 2 11 0 2 7 0 2 7 0 2 7 13 6 3 1 2 7 0 2 7 0 2 7 5 31 3 16 6 2 0 2 7 1 2 7 5 31 3 0 2 7 1 2 7 0 2 7 0 2 7 0 2 7 1 2 7 1 2 7 1 2 7 0 2 7 17 9 2 0 2 7 1 2 4 1 2 7 17 9 2 17 9 2 17 9 2 0 40.0670827627182007
0 2 7 0 2 7 1 2 11 5 31 3 0 2 7 0 2 7 0 2 7 0 2 7 1 2 7 1 2 7 1 2 7 1 2 7 1 2 7 0 2 7 0 2 7 0 2 7 13 6 3 1 2 7 0 2 7 0 2 7 5 31 3 16 6 2 0 2 7 1 2 7 5 31 3 0 2 7 1 2 7 1 2 4 0 2 7 0 2 7 0 2 7 0 2 7 1 2 7 1 2 7 17 18 2 17 18 2 0 2 7 1 2 7 17 18 2 17 9 2 0 40.0670827627182007
0 2 7 1 2 7 5 31 3 0 2 7 0 2 7 0 2 7 0 2 7 1 2 7 1 2 11 0 2 7 1 2 7 1 2 7 1 2 7 0 2 7 0 2 7 13 6 3 1 2 7 0 2 7 0 2 7 5 31 3 16 6 2 0 2 7 1 2 7 5 31 3 0 2 7 1 2 7 1 2 7 0 2 7 1 2 7 0 2 7 0 2 7 1 2 7 1 2 7 0 2 7 17 9 2 17 18 2 17 18 2 17 18 2 0 2 7 0 2 4 0 40.0670827627182007
1 2 7 0 2 4 1 2 7 5 31 3 0 2 7 0 2 7 0 2 7 1 2 7 1 2 11 1 2 7 0 2 7 1 2 7 0 2 7 0 2 7 0 2 7 13 6 3 0 2 7 0 2 7 0 2 7 5 31 3 16 6 2 1 2 7 1 2 7 5 31 3 0 2 7 0 2 7 0 2 7 0 2 7 0 2 7 1 2 7 1 2 7 1 2 7 0 2 7 17 9 2 1 2 7 17 9 2 17 9 2 1 2 7 0 2 7 17 18 2 0 40.0670827627182007
0 2 7 0 2 7 1 2 7 5 31 3 0 2 7 0 2 7 0 2 7 0 2 7 1 2 4 1 2 7 1 2 7 1 2 7 1 2 7 0 2 7 0 2 7 0 2 7 13 6 3 1 2 7 0 2 7 1 2 11 5 31 3 16 6 2 0 2 7 1 2 7 5 31 3 0 2 7 1 2 7 1 2 7 0 2 7 0 2 7 0 2 7 0 2 7 1 2 7 17 9 2 1 2 7 0 2 7 0 2 7 17 9 2 17 18 2 17 18 2 0 40.0670827627182007
0 2 7 0 2 7 1 2 11 5 31 3 0 2 7 0 2 7 0 2 7 0 2 7 1 2 7 1 2 7 1 2 7 1 2 7 1 2 7 0 2 7 0 2 7 0 2 7 13 6 3 1 2 7 0 2 7 0 2 7 5 31 3 16 6 2 0 2 7 1 2 7 5 31 3 0 2 7 1 2 7 1 2 4 0 2 7 0 2 7 0 2 7 0 2 7 1 2 7 1 2 7 17 18 2 17 18 2 0 2 7 1 2 7 17 18 2 17 18 2 0 40.0670827627182007
0 2 7 1 2 7 5 31 3 0 2 7 0 2 7 0 2 7 0 2 7 1 2 7 1 2 7 0 2 7 1 2 7 1 2 7 0 2 7 0 2 7 0 2 7 13 6 3 1 2 7 0 2 7 0 2 7 5 31 3 16 6 2 0 2 7 1 2 7 5 31 3 0 2 7 1 2 7 1 2 7 0 2 7 1 2 7 0 2 7 0 2 7 1 2 7 0 2 7 17 18 2 17 18 2 1 2 11 1 2 7 0 2 4 17 9 2 17 9 2 0 40.0670827627182007
0 2 7 0 2 7 1 2 7 5 31 3 0 2 7 0 2 7 0 2 7 0 2 7 1 2 4 1 2 7 1 2 7 1 2 7 1 2 7 0 2 7 0 2 7 0 2 7 13 6 3 1 2 7 0 2 7 1 2 11 5 31 3 16 6 2 0 2 7 1 2 7 5 31 3 0 2 7 1 2 7 1 2 7 0 2 7 0 2 7 0 2 7 0 2 7 1 2 7 17 9 2 1 2 7 0 2 7 0 2 7 17 9 2 17 18 2 17 9 2 0 40.0670827627182007
0 2 7 0 2 7 1 2 11 5 31 3 0 2 4 0 2 7 0 2 7 0 2 7 1 2 7 1 2 7 1 2 7 1 2 7 1 2 7 0 2 7 0 2 7 0 2 7 13 6 3 1 2 7 0 2 7 0 2 7 5 31 3 16 6 2 0 2 7 1 2 7 5 31 3 0 2 7 1 2 7 0 2 7 0 2 7 0 2 7 1 2 7 1 2 7 1 2 7 0 2 7 17 9 2 17 9 2 17 9 2 0 2 7 1 2 7 17 9 2 0 40.0670827627182007
0 2 7 0 2 7 0 2 7 5 31 3 0 2 7 0 2 7 0 2 7 0 2 7 1 2 7 1 2 7 1 2 7 1 2 7 1 2 7 0 2 7 0 2 7 0 2 7 13 6 3 1 2 7 0 2 7 0 2 7 5 31 3 16 6 2 0 2 7 1 2 7 5 31 3 0 2 4 1 2 7 0 2 7 0 2 7 0 2 7 0 2 7 1 2 7 1 2 7 17 18 2 17 18 2 1 2 11 17 18 2 17 18 2 1 2 7 1 2 7 0 40.0670827627182007
0 2 7 0 2 7 1 2 7 5 31 3 0 2 7 0 2 7 0 2 7 1 2 7 1 2 7 1 2 7 0 2 7 1 2 11 0 2 7 0 2 7 0 2 7 13 6 3 1 2 7 0 2 7 0 2 7 5 31 3 16 6 2 0 2 7 1 2 7 5 31 3 0 2 7 1 2 7 0 2 7 0 2 7 0 2 7 1 2 7 1 2 7 1 2 7 0 2 7 17 9 2 0 2 7 1 2 4 1 2 7 17 9 2 17 9 2 17 9 2 0 40.0670827627182007
0 2 7 0 2 7 1 2 7 5 31 3 0 2 7 0 2 7 0 2 7 1 2 7 1 2 7 1 2 7 0 2 7 1 2 11 0 2 7 0 2 7 0 2 7 13 6 3 1 2 7 0 2 7 0 2 7 5 31 3 16 6 2 0 2 7 1 2 7 5 31 3 0 2 7 1 2 7 0 2 7 0 2 7 0 2 7 1 2 7 1 2 7 1 2 7 0 2 7 1 2 7 1 2 7 0 2 4 17 18 2 17 18 2 17 18 2 17 9 2 0 40.0670827627182007
0 2 7 0 2 7 1 2 7 5 31 3 0 2 7 0 2 7 0 2 7 1 2 7 1 2 7 1 2 7 0 2 7 1 2 11 0 2 7 0 2 7 0 2 7 13 6 3 1 2 7 0 2 7 0 2 7 5 31 3 16 6 2 0 2 7 1 2 7 5 31 3 0 2 7 1 2 7 0 2 7 0 2 7 0 2 7 1 2 7 1 2 7 1 2 7 0 2 7 17 9 2 1 2 7 1 2 7 0 2 4 17 18 2 17 9 2 17 18 2 0 40.0670827627182007
0 2 7 0 2 7 0 2 7 5 31 3 0 2 7 0 2 7 0 2 7 0 2 7 1 2 7 1 2 7 1 2 7 1 2 7 1 2 7 0 2 7 0 2 7 0 2 7 13 6 3 1 2 7 0 2 7 0 2 7 5 31 3 16 6 2 0 2 7 1 2 7 5 31 3 0 2 4 1 2 7 0 2 7 0 2 7 0 2 7 0 2 7 1 2 7 1 2 7 17 18 2 17 18 2 1 2 11 17 18 2 17 18 2 1 2 7 1 2 7 0 40.0670827627182007
0 2 7 0 2 7 0 2 7 5 31 3 0 2 7 0 2 7 0 2 7 0 2 7 1 2 7 1 2 7 1 2 7 1 2 7 1 2 7 0 2 7 0 2 7 0 2 7 13 6 3 1 2 7 0 2 7 0 2 7 5 31 3 16 6 2 0 2 7 1 2 7 5 31 3 1 2 7 0 2 7 0 2 7 0 2 7 0 2 7 1 2 7 1 2 7 17 18 2 1 2 11 1 2 7 0 2 7 17 9 2 17 18 2 17 9 2 1 2 4 0 40.0670827627182007
0 2 7 0 2 7 1 2 7 5 31 3 0 2 7 0 2 7 0 2 7 1 2 7 1 2 7 1 2 7 0 2 7 1 2 11 0 2 7 0 2 7 0 2 7 13 6 3 1 2 7 0 2 7 0 2 7 5 31 3 16 6 2 0 2 7 1 2 7 5 31 3 0 2 7 1 2 7 0 2 7 0 2 7 0 2 7 1 2 7 1 2 7 1 2 7 0 2 7 17 9 2 1 2 7 17 9 2 17 9 2 0 2 7 1 2 4 17 18 2 0 40.0670827627182007
0 2 7 0 2 7 1 2 7 5 31 3 0 2 7 0 2 7 0 2 7 1 2 7 1 2 7 1 2 7 0 2 7 1 2 11 0 2 7 0 2 7 0 2 7 13 6 3 1 2 7 0 2 7 0 2 7 5 31 3 16 6 2 0 2 7 1 2 7 5 31 3 0 2 7 1 2 7 0 2 7 0 2 7 0 2 7 1 2 7 1 2 7 1 2 7 0 2 7 0 2 7 1 2 4 1 2 7 17 18 2 17 18 2 17 18 2 17 9 2 0 40.0670827627182007
0 2 7 0 2 7 1 2 7 5 31 3 0 2 7 0 2 7 0 2 7 1 2 7 1 2 7 1 2 7 0 2 7 1 2 11 0 2 7 0 2 7 0 2 7 13 6 3 1 2 7 0 2 7 0 2 7 5 31 3 16 6 2 0 2 7 1 2 7 5 31 3 0 2 7 1 2 7 0 2 7 0 2 7 0 2 7 1 2 7 1 2 7 1 2 7 0 2 7 1 2 7 1 2 7 0 2 4 17 18 2 17 9 2 17 9 2 17 9 2 0 40.0670827627182007
0 2 7 0 2 7 1 2 11 5 31 3 0 2 7 0 2 7 0 2 7 0 2 7 1 2 7 1 2 7 1 2 7 1 2 7 1 2 7 0 2 7 0 2 7 0 2 7 13 6 3 1 2 7 0 2 7 0 2 7 5 31 3 16 6 2 0 2 7 1 2 7 5 31 3 0 2 7 1 2 7 1 2 4 0 2 7 0 2 7 0 2 7 0 2 7 1 2 7 1 2 7 17 18 2 17 18 2 0 2 7 1 2 7 17 18 2 17 18 2 0 40.0670827627182007
0 2 7 0 2 7 1 2 7 5 31 3 0 2 7 0 2 7 0 2 7 1 2 7 1 2 7 1 2 7 0 2 7 1 2 7 0 2 7 0 2 7 0 2 7 13 6 3 1 2 7 0 2 7 0 2 7 5 31 3 16 6 2 0 2 7 1 2 7 5 31 3 0 2 7 1 2 7 0 2 7 0 2 7 0 2 7 1 2 7 1 2 7 1 2 7 0 2 7 17 9 2 1 2 7 17 9 2 0 2 4 1 2 11 17 9 2 17 9 2 0 40.0670827627182007
0 2 7 0 2 7 1 2 7 5 31 3 0 2 7 0 2 7 0 2 7 1 2 7 1 2 7 1 2 7 0 2 7 1 2 11 0 2 7 0 2 7 0 2 7 13 6 3 1 2 7 0 2 7 0 2 7 5 31 3 16 6 2 0 2 7 1 2 7 5 31 3 0 2 7 1 2 7 0 2 7 0 2 7 0 2 7 1 2 7 1 2 7 1 2 7 0 2 7 17 9 2 0 2 7 1 2 4 1 2 7 17 9 2 17 9 2 17 9 2 0 40.0670827627182007
0 2 7 0 2 7 1 2 7 5 31 3 0 2 7 0 2 7 0 2 7 1 2 7 1 2 7 1 2 7 0 2 7 1 2 11 0 2 7 0 2 7 0 2 7 13 6 3 1 2 7 0 2 7 0 2 7 5 31 3 16 6 2 0 2 7 1 2 7 5 31 3 0 2 7 1 2 7 0 2 7 0 2 7 0 2 7 1 2 7 1 2 7 1 2 7 0 2 7 17 9 2 1 2 7 17 9 2 17 18 2 17 9 2 1 2 7 0 2 4 0 40.0670827627182007
0 2 7 0 2 7 1 2 7 5 31 3 0 2 7 0 2 7 0 2 7 1 2 7 1 2 7 1 2 7 0 2 7 1 2 11 0 2 7 0 2 7 0 2 7 13 6 3 1 2 7 0 2 7 0 2 7 5 31 3 16 6 2 0 2 7 1 2 7 5 31 3 0 2 7 1 2 7 0 2 7 0 2 7 0 2 7 1 2 7 1 2 7 1 2 7 0 2 7 17 9 2 0 2 7 1 2 4 1 2 7 17 9 2 17 9 2 17 18 2 0 40.0670827627182007
0 2 7 0 2 7 1 2 7 5 31 3 0 2 7 0 2 7 0 2 7 1 2 7 1 2 7 1 2 7 0 2 7 1 2 11 0 2 7 0 2 7 0 2 7 13 6 3 1 2 7 0 2 7 0 2 7 5 31 3 16 6 2 0 2 7 1 2 7 5 31 3 0 2 7 1 2 7 0 2 7 0 2 7 0 2 7 1 2 7 1 2 7 1 2 7 0 2 7 1 2 7 1 2 7 0 2 4 17 9 2 17 9 2 17 18 2 17 18 2 0 40.0670827627182007
0 2 7 0 2 7 1 2 7 5 31 3 0 2 7 0 2 7 0 2 7 1 2 7 1 2 7 1 2 7 0 2 7 1 2 11 0 2 7 0 2 7 0 2 7 13 6 3 1 2 7 0 2 7 0 2 7 5 31 3 16 6 2 0 2 7 1 2 7 5 31 3 0 2 7 1 2 7 0 2 7 0 2 7 0 2 7 1 2 7 1 2 7 1 2 7 0 2 7 1 2 7 1 2 7 0 2 4 17 18 2 17 18 2 17 18 2 17 9 2 0 40.0670827627182007
0 2 7 0 2 7 1 2 7 5 31 3 0 2 7 0 2 7 0 2 7 1 2 7 1 2 7 1 2 7 0 2 7 1 2 11 0 2 7 0 2 7 0 2 7 13 6 3 1 2 7 0 2 7 0 2 7 5 31 3 16 6 2 0 2 7 1 2 7 5 31 3 0 2 7 1 2 7 0 2 7 0 2 7 0 2 7 1 2 7 1 2 7 1 2 7 0 2 7 0 2 7 1 2 4 1 2 7 17 18 2 17 18 2 17 18 2 17 9 2 0 40.0670827627182007
0 2 7 0 2 7 1 2 7 5 31 3 0 2 7 0 2 7 0 2 7 1 2 7 1 2 7 1 2 7 0 2 7 1 2 11 0 2 7 0 2 7 0 2 7 13 6 3 1 2 7 0 2 7 0 2 7 5 31 3 16 6 2 0 2 7 1 2 7 5 31 3 0 2 7 1 2 7 0 2 7 0 2 7 0 2 7 1 2 7 1 2 7 1 2 7 0 2 7 0 2 7 1 2 4 1 2 7 17 18 2 17 9 2 17 9 2 17 18 2 0 40.0670827627182007
0 2 7 0 2 7 1 2 11 5 31 3 0 2 7 0 2 7 0 2 7 1 2 7 0 2 7 1 2 7 1 2 7 1 2 7 0 2 7 0 2 7 0 2 4 13 6 3 1 2 7 0 2 7 0 2 7 5 31 3 16 6 2 0 2 7 0 2 7 5 31 3 0 2 7 1 2 7 0 2 7 0 2 7 0 2 7 1 2 7 1 2 7 1 2 7 0 2 7 17 9 2 17 9 2 1 2 7 17 9 2 17 9 2 1 2 7 1 2 7 0 40.0670827627182007
0 2 7 0 2 7 0 2 7 5 31 3 0 2 7 0 2 7 0 2 7 0 2 7 1 2 7 1 2 7 1 2 7 1 2 7 1 2 7 0 2 7 0 2 7 0 2 7 13 6 3 1 2 7 0 2 7 0 2 7 5 31 3 16 6 2 0 2 7 1 2 7 5 31 3 1 2 7 0 2 7 0 2 7 0 2 7 0 2 7 1 2 7 1 2 7 17 18 2 1 2 11 1 2 7 0 2 4 17 18 2 17 18 2 17 18 2 1 2 7 0 40.0670827627182007
0 2 7 0 2 7 1 2 11 5 31 3 0 2 7 0 2 7 0 2 7 0 2 7 1 2 7 1 2 7 1 2 7 1 2 7 1 2 7 0 2 7 0 2 7 0 2 7 13 6 3 1 2 7 0 2 7 0 2 7 5 31 3 16 6 2 0 2 7 1 2 7 5 31 3 0 2 7 1 2 7 0 2 7 0 2 7 0 2 7 0 2 7 1 2 7 1 2 7 17 18 2 17 18 2 1 2 7 17 18 2 17 18 2 1 2 4 0 2 7 0 40.0670827627182007
0 2 7 0 2 7 1 2 7 5 31 3 0 2 7 0 2 7 0 2 7 1 2 7 1 2 7 1 2 7 0 2 7 1 2 11 0 2 7 0 2 7 0 2 7 13 6 3 1 2 7 0 2 7 0 2 7 5 31 3 16 6 2 0 2 7 1 2 7 5 31 3 0 2 7 1 2 7 0 2 7 0 2 7 0 2 7 1 2 7 1 2 7 1 2 7 0 2 7 17 9 2 1 2 7 17 9 2 17 9 2 17 9 2 0 2 7 1 2 4 0 40.0670827627182007
0 2 7 0 2 7 1 2 7 5 31 3 0 2 7 0 2 7 0 2 7 1 2 7 1 2 7 1 2 7 0 2 7 1 2 11 0 2 7 0 2 7 0 2 7 13 6 3 1 2 7 0 2 7 0 2 7 5 31 3 16 6 2 0 2 7 1 2 7 5 31 3 0 2 7 1 2 7 0 2 7 0 2 7 0 2 7 1 2 7 1 2 7 1 2 7 0 2 7 1 2 7 17 9 2 17 9 2 1 2 4 0 2 7 17 18 2 17 18 2 0 40.0670827627182007
0 2 7 0 2 7 1 2 11 5 31 3 0 2 7 0 2 7 0 2 7 0 2 7 1 2 7 1 2 7 1 2 7 1 2 7 1 2 7 0 2 7 0 2 7 0 2 7 13 6 3 1 2 7 0 2 7 0 2 7 5 31 3 16 6 2 0 2 7 1 2 7 5 31 3 0 2 7 1 2 7 0 2 7 0 2 7 0 2 7 0 2 7 1 2 7 1 2 7 1 2 7 17 18 2 17 18 2 17 18 2 1 2 4 0 2 7 17 9 2 0 40.0670827627182007
0 2 4 0 2 7 1 2 7 5 31 3 0 2 7 0 2 7 0 2 7 1 2 7 1 2 7 1 2 7 0 2 7 1 2 11 0 2 7 0 2 7 0 2 7 13 6 3 1 2 7 0 2 7 0 2 7 5 31 3 16 6 2 0 2 7 1 2 7 5 31 3 1 2 7 1 2 7 0 2 7 0 2 7 0 2 7 1 2 7 1 2 7 1 2 7 0 2 7 17 9 2 1 2 7 17 9 2 0 2 7 0 2 7 17 18 2 17 18 2 0 40.0670827627182007
0 2 7 0 2 7 1 2 7 5 31 3 0 2 7 0 2 7 0 2 7 1 2 7 1 2 7 1 2 7 0 2 7 1 2 11 0 2 7 0 2 7 0 2 7 13 6 3 1 2 7 0 2 7 0 2 7 5 31 3 16 6 2 0 2 7 1 2 7 5 31 3 0 2 7 1 2 7 0 2 7 0 2 7 0 2 7 1 2 7 1 2 7 1 2 7 0 2 7 1 2 7 17 18 2 17 18 2 17 9 2 1 2 7 0 2 4 17 18 2 0 40.0670827627182007
0 2 4 0 2 7 1 2 7 5 31 3 0 2 7 0 2 7 0 2 7 1 2 7 1 2 7 1 2 7 0 2 7 1 2 11 0 2 7 0 2 7 0 2 7 13 6 3 1 2 7 0 2 7 0 2 7 5 31 3 16 6 2 0 2 7 1 2 7 5 31 3 1 2 7 1 2 7 0 2 7 0 2 7 0 2 7 1 2 7 1 2 7 1 2 7 0 2 7 17 9 2 1 2 7 17 9 2 0 2 7 0 2 7 17 18 2 17 9 2 0 40.0670827627182007
0 2 7 0 2 7 1 2 11 5 31 3 0 2 7 0 2 7 0 2 7 0 2 7 1 2 7 1 2 7 1 2 7 1 2 7 1 2 7 0 2 7 0 2 7 0 2 7 13 6 3 1 2 7 0 2 7 0 2 7 5 31 3 16 6 2 0 2 7 1 2 7 5 31 3 0 2 7 1 2 7 0 2 7 0 2 7 0 2 7 0 2 7 1 2 7 1 2 7 1 2 7 1 2 4 0 2 7 17 9 2 17 9 2 17 9 2 17 18 2 0 40.0670827627182007
0 2 7 0 2 7 1 2 11 5 31 3 0 2 7 0 2 7 0 2 7 0 2 7 1 2 7 1 2 7 1 2 7 1 2 7 1 2 7 0 2 7 0 2 7 0 2 7 13 6 3 1 2 7 0 2 7 0 2 7 5 31 3 16 6 2 0 2 7 1 2 7 5 31 3 0 2 7 1 2 7 0 2 7 0 2 7 0 2 7 0 2 7 1 2 7 1 2 7 17 18 2 17 18 2 1 2 7 17 18 2 17 18 2 1 2 4 0 2 7 0 40.0670827627182007
0 2 4 0 2 7 1 2 7 5 31 3 0 2 7 0 2 7 0 2 7 1 2 7 1 2 7 1 2 7 0 2 7 1 2 11 0 2 7 0 2 7 0 2 7 13 6 3 1 2 7 0 2 7 0 2 7 5 31 3 16 6 2 0 2 7 1 2 7 5 31 3 1 2 7 1 2 7 0 2 7 0 2 7 0 2 7 1 2 7 1 2 7 1 2 7 0 2 7 17 9 2 1 2 7 17 9 2 0 2 7 0 2 7 17 9 2 17 9 2 0 40.0670827627182007
0 2 7 0 2 7 0 2 7 5 31 3 0 2 7 0 2 7 0 2 7 0 2 7 1 2 7 1 2 7 1 2 7 1 2 7 1 2 7 0 2 7 0 2 7 0 2 7 13 6 3 1 2 7 0 2 7 0 2 7 5 31 3 16 6 2 0 2 7 1 2 7 5 31 3 1 2 7 0 2 7 0 2 7 0 2 7 0 2 7 1 2 7 1 2 7 17 18 2 1 2 11 1 2 7 0 2 4 17 18 2 1 2 7 17 18 2 17 18 2 0 40.0670827627182007
0 2 7 0 2 7 0 2 7 5 31 3 0 2 7 0 2 7 0 2 7 0 2 7 1 2 7 1 2 7 1 2 7 1 2 7 1 2 7 0 2 7 0 2 7 0 2 7 13 6 3 1 2 7 0 2 7 0 2 7 5 31 3 16 6 2 0 2 7 1 2 7 5 31 3 1 2 7 0 2 7 0 2 7 0 2 7 0 2 7 1 2 7 1 2 7 17 18 2 1 2 11 1 2 7 17 18 2 1 2 4 0 2 7 17 18 2 17 18 2 0 40.0670827627182007
0 2 7 0 2 7 1 2 7 5 31 3 0 2 7 0 2 7 0 2 7 1 2 7 1 2 7 1 2 7 0 2 7 1 2 11 0 2 7 0 2 7 0 2 7 13 6 3 1 2 7 0 2 7 0 2 7 5 31 3 16 6 2 0 2 7 1 2 7 5 31 3 0 2 7 1 2 7 0 2 7 0 2 7 0 2 7 1 2 7 1 2 7 1 2 7 0 2 7 1 2 7 17 18 2 17 18 2 17 9 2 17 9 2 1 2 4 0 2 7 0 40.0670827627182007
0 2 7 0 2 7 1 2 7 5 31 3 0 2 7 0 2 7 0 2 7 1 2 7 1 2 7 1 2 7 0 2 7 1 2 11 0 2 7 0 2 7 0 2 7 13 6 3 1 2 7 0 2 7 0 2 7 5 31 3 16 6 2 0 2 7 1 2 7 5 31 3 0 2 7 1 2 7 0 2 7 0 2 7 0 2 7 1 2 7 1 2 7 1 2 7 0 2 7 1 2 7 0 2 7 1 2 4 17 18 2 17 9 2 17 9 2 17 9 2 0 40.0670827627182007
0 2 4 0 2 7 1 2 7 5 31 3 0 2 7 0 2 7 0 2 7 1 2 7 1 2 7 1 2 7 0 2 7 1 2 11 0 2 7 0 2 7 0 2 7 13 6 3 1 2 7 0 2 7 0 2 7 5 31 3 16 6 2 0 2 7 1 2 7 5 31 3 1 2 7 1 2 7 0 2 7 0 2 7 0 2 7 1 2 7 1 2 7 1 2 7 0 2 7 17 9 2 1 2 7 17 9 2 0 2 7 0 2 7 17 18 2 17 9 2 0 40.0670827627182007
0 2 7 0 2 7 0 2 7 5 31 3 0 2 7 0 2 7 0 2 7 0 2 7 1 2 7 1 2 7 1 2 7 1 2 7 1 2 7 0 2 7 0 2 7 0 2 7 13 6 3 1 2 7 0 2 7 0 2 7 5 31 3 16 6 2 0 2 7 1 2 7 5 31 3 1 2 7 0 2 7 0 2 7 0 2 7 0 2 7 1 2 7 1 2 7 17 18 2 1 2 11 1 2 7 17 18 2 0 2 4 1 2 7 17 9 2 17 9 2 0 40.0670827627182007
0 2 7 0 2 7 0 2 7 5 31 3 0 2 7 0 2 7 0 2 7 0 2 7 1 2 7 1 2 7 1 2 7 1 2 7 1 2 7 0 2 7 0 2 7 0 2 7 13 6 3 1 2 7 0 2 7 0 2 7 5 31 3 16 6 2 0 2 7 1 2 7 5 31 3 1 2 7 0 2 7 0 2 7 0 2 7 0 2 7 1 2 7 1 2 7 1 2 11 1 2 7 0 2 4 1 2 7 17 18 2 17 18 2 17 9 2 17 18 2 0 40.0670827627182007
0 2 7 0 2 7 0 2 7 5 31 3 0 2 7 0 2 7 0 2 7 1 2 7 1 2 7 0 2 7 1 2 7 1 2 7 1 2 7 0 2 7 0 2 7 13 6 3 1 2 11 0 2 7 0 2 7 5 31 3 16 6 2 1 2 7 1 2 7 5 31 3 0 2 7 0 2 7 0 2 7 0 2 7 0 2 7 1 2 7 1 2 7 0 2 7 0 2 7 17 18 2 17 18 2 17 9 2 1 2 7 17 18 2 1 2 7 1 2 4 0 40.0670827627182007
0 2 7 0 2 7 1 2 7 5 31 3 0 2 7 0 2 7 0 2 7 1 2 7 1 2 7 1 2 7 0 2 7 1 2 11 0 2 7 0 2 7 0 2 7 13 6 3 1 2 7 0 2 7 0 2 7 5 31 3 16 6 2 0 2 7 1 2 7 5 31 3 0 2 7 1 2 7 0 2 7 0 2 7 0 2 7 1 2 7 1 2 7 1 2 7 0 2 7 1 2 7 0 2 7 1 2 4 17 9 2 17 9 2 17 9 2 17 9 2 0 40.0670827627182007
0 2 7 0 2 7 1 2 7 5 31 3 0 2 7 0 2 7 0 2 7 1 2 7 1 2 7 1 2 7 0 2 7 1 2 11 0 2 7 0 2 7 0 2 7 13 6 3 1 2 7 0 2 4 0 2 7 5 31 3 16 6 2 0 2 7 1 2 7 5 31 3 0 2 7 1 2 7 0 2 7 0 2 7 0 2 7 1 2 7 1 2 7 1 2 7 0 2 7 1 2 7 17 9 2 17 9 2 17 9 2 17 9 2 0 2 7 1 2 7 0 40.0670827627182007
0 2 7 0 2 7 0 2 7 5 31 3 0 2 7 0 2 7 0 2 7 0 2 7 1 2 7 1 2 7 1 2 7 1 2 7 1 2 7 0 2 7 0 2 7 0 2 7 13 6 3 1 2 7 0 2 7 0 2 7 5 31 3 16 6 2 0 2 7 1 2 7 5 31 3 1 2 7 0 2 7 0 2 7 0 2 7 0 2 7 1 2 7 1 2 7 17 18 2 1 2 11 1 2 7 0 2 4 17 18 2 1 2 7 17 18 2 17 18 2 0 40.0670827627182007
MonoObjective Genetic Algorithm
Number of Evaluations = 0
Mutation Probability = 0
Crossover Probability = 1
Population Size = 10
Survival Selection Type = 15
Time =  9017.18983697891235
0 2 7 0 2 7 0 2 7 5 31 3 0 2 7 0 2 7 0 2 7 0 2 7 1 2 7 1 2 7 1 2 7 1 2 7 1 2 7 0 2 7 0 2 7 0 2 7 13 6 3 1 2 7 0 2 7 0 2 7 5 31 3 16 6 2 0 2 7 1 2 7 5 31 3 1 2 7 0 2 7 0 2 7 0 2 7 0 2 7 1 2 7 1 2 7 17 18 2 1 2 11 1 2 7 17 18 2 1 2 4 0 2 7 17 18 2 17 18 2 0 40.0670827627182007
0 2 7 0 2 7 1 2 7 5 31 3 0 2 7 0 2 7 0 2 7 1 2 7 1 2 7 1 2 7 0 2 7 1 2 11 0 2 7 0 2 7 0 2 7 13 6 3 1 2 7 0 2 7 0 2 7 5 31 3 16 6 2 0 2 7 1 2 7 5 31 3 0 2 7 1 2 7 0 2 7 0 2 7 0 2 7 1 2 7 1 2 7 1 2 7 0 2 7 1 2 7 17 18 2 17 18 2 17 9 2 17 9 2 1 2 4 0 2 7 0 40.0670827627182007
0 2 7 0 2 7 1 2 7 5 31 3 0 2 7 0 2 7 0 2 7 1 2 7 1 2 7 1 2 7 0 2 7 1 2 11 0 2 7 0 2 7 0 2 7 13 6 3 1 2 7 0 2 7 0 2 7 5 31 3 16 6 2 0 2 7 1 2 7 5 31 3 0 2 7 1 2 7 0 2 7 0 2 7 0 2 7 1 2 7 1 2 7 1 2 7 0 2 7 1 2 7 0 2 7 1 2 4 17 18 2 17 9 2 17 9 2 17 9 2 0 40.0670827627182007
0 2 4 0 2 7 1 2 7 5 31 3 0 2 7 0 2 7 0 2 7 1 2 7 1 2 7 1 2 7 0 2 7 1 2 11 0 2 7 0 2 7 0 2 7 13 6 3 1 2 7 0 2 7 0 2 7 5 31 3 16 6 2 0 2 7 1 2 7 5 31 3 1 2 7 1 2 7 0 2 7 0 2 7 0 2 7 1 2 7 1 2 7 1 2 7 0 2 7 17 9 2 1 2 7 17 9 2 0 2 7 0 2 7 17 18 2 17 9 2 0 40.0670827627182007
0 2 7 0 2 7 0 2 7 5 31 3 0 2 7 0 2 7 0 2 7 0 2 7 1 2 7 1 2 7 1 2 7 1 2 7 1 2 7 0 2 7 0 2 7 0 2 7 13 6 3 1 2 7 0 2 7 0 2 7 5 31 3 16 6 2 0 2 7 1 2 7 5 31 3 1 2 7 0 2 7 0 2 7 0 2 7 0 2 7 1 2 7 1 2 7 17 18 2 1 2 11 1 2 7 17 18 2 0 2 4 1 2 7 17 9 2 17 9 2 0 40.0670827627182007
0 2 7 0 2 7 0 2 7 5 31 3 0 2 7 0 2 7 0 2 7 0 2 7 1 2 7 1 2 7 1 2 7 1 2 7 1 2 7 0 2 7 0 2 7 0 2 7 13 6 3 1 2 7 0 2 7 0 2 7 5 31 3 16 6 2 0 2 7 1 2 7 5 31 3 1 2 7 0 2 7 0 2 7 0 2 7 0 2 7 1 2 7 1 2 7 1 2 11 1 2 7 0 2 4 1 2 7 17 18 2 17 18 2 17 9 2 17 18 2 0 40.0670827627182007
0 2 7 0 2 7 0 2 7 5 31 3 0 2 7 0 2 7 0 2 7 1 2 7 1 2 7 0 2 7 1 2 7 1 2 7 1 2 7 0 2 7 0 2 7 13 6 3 1 2 11 0 2 7 0 2 7 5 31 3 16 6 2 1 2 7 1 2 7 5 31 3 0 2 7 0 2 7 0 2 7 0 2 7 0 2 7 1 2 7 1 2 7 0 2 7 0 2 7 17 18 2 17 18 2 17 9 2 1 2 7 17 18 2 1 2 7 1 2 4 0 40.0670827627182007
0 2 7 0 2 7 1 2 7 5 31 3 0 2 7 0 2 7 0 2 7 1 2 7 1 2 7 1 2 7 0 2 7 1 2 11 0 2 7 0 2 7 0 2 7 13 6 3 1 2 7 0 2 7 0 2 7 5 31 3 16 6 2 0 2 7 1 2 7 5 31 3 0 2 7 1 2 7 0 2 7 0 2 7 0 2 7 1 2 7 1 2 7 1 2 7 0 2 7 1 2 7 0 2 7 1 2 4 17 9 2 17 9 2 17 9 2 17 9 2 0 40.0670827627182007
0 2 7 0 2 7 1 2 7 5 31 3 0 2 7 0 2 7 0 2 7 1 2 7 1 2 7 1 2 7 0 2 7 1 2 11 0 2 7 0 2 7 0 2 7 13 6 3 1 2 7 0 2 4 0 2 7 5 31 3 16 6 2 0 2 7 1 2 7 5 31 3 0 2 7 1 2 7 0 2 7 0 2 7 0 2 7 1 2 7 1 2 7 1 2 7 0 2 7 1 2 7 17 9 2 17 9 2 17 9 2 17 9 2 0 2 7 1 2 7 0 40.0670827627182007
0 2 7 0 2 7 0 2 7 5 31 3 0 2 7 0 2 7 0 2 7 0 2 7 1 2 7 1 2 7 1 2 7 1 2 7 1 2 7 0 2 7 0 2 7 0 2 7 13 6 3 1 2 7 0 2 7 0 2 7 5 31 3 16 6 2 0 2 7 1 2 7 5 31 3 1 2 7 0 2 7 0 2 7 0 2 7 0 2 7 1 2 7 1 2 7 17 18 2 1 2 11 1 2 7 0 2 4 17 18 2 1 2 7 17 18 2 17 18 2 0 40.0670827627182007
