5 30 3 13 6 3 0 2 7 0 2 7 1 2 7 12 16 2 1 2 7 12 16 2 17 9 2 1 2 7 12 16 2 17 9 2 0 2 7 0 2 7 0 2 7 0 2 4 0 2 7 12 16 2 0 2 7 5 31 3 17 9 2 0 2 7 1 2 7 1 2 7 0 2 7 0 2 7 1 2 7 13 6 3 1 2 4 1 2 7 0 2 7 1 2 7 17 9 2 0 2 7 0 2 4 0 2 4 1 2 7 6 2 7 0 2 4 5 31 3 0 40.4399456381797791
5 30 3 13 6 3 0 2 7 0 2 7 1 2 7 12 16 2 1 2 7 12 16 2 17 9 2 1 2 7 12 16 2 17 9 2 0 2 7 0 2 7 0 2 7 0 2 4 0 2 7 12 16 2 0 2 4 0 2 7 5 31 3 17 9 2 0 2 7 1 2 7 1 2 7 0 2 7 0 2 7 1 2 7 13 6 3 1 2 4 1 2 4 1 2 7 6 2 7 0 2 7 1 2 7 0 2 4 17 9 2 0 2 7 5 31 3 0 2 7 0 40.4399456381797791
5 31 3 13 6 3 0 2 7 0 2 7 0 2 7 12 16 2 1 2 7 12 16 2 16 6 2 17 9 2 1 2 7 12 16 2 0 2 7 0 2 7 0 2 7 0 2 7 0 2 7 1 2 7 12 16 2 1 2 7 0 2 3 1 2 7 1 2 7 1 2 7 0 2 7 0 2 3 0 2 7 13 6 3 0 2 4 5 31 3 0 2 7 0 2 7 17 9 2 6 2 7 1 2 7 0 2 7 17 9 2 6 2 7 5 30 3 1 2 7 0 40.4924476146697998
5 30 3 13 6 3 0 2 3 0 2 7 0 2 7 0 2 7 12 16 2 1 2 7 12 16 2 16 6 2 17 9 2 1 2 7 12 16 2 6 2 7 17 9 2 0 2 7 0 2 7 0 2 7 0 2 7 0 2 7 12 16 2 0 2 4 1 2 3 6 2 7 1 2 7 5 31 3 17 9 2 0 2 7 1 2 7 1 2 7 0 2 7 0 2 7 0 2 7 13 6 3 0 2 7 1 2 7 5 31 3 0 2 7 1 2 7 1 2 7 0 40.4924476146697998
12 16 2 17 9 2 5 30 3 12 16 2 0 2 7 0 2 7 1 2 7 16 6 2 0 2 7 0 2 7 1 2 7 0 2 7 0 2 7 0 2 7 17 18 2 1 2 7 12 16 2 12 16 2 5 30 3 1 2 7 1 2 7 5 31 3 13 6 3 0 2 7 0 2 4 1 2 7 0 2 7 0 2 7 13 6 3 0 2 7 0 2 7 0 2 7 0 2 4 1 2 7 1 2 4 12 16 2 17 18 2 0 2 4 8 18 2 1 2 7 0 40.5217374563217163
8 9 2 1 2 7 0 2 7 5 30 3 0 2 4 1 2 7 12 16 2 5 30 3 12 16 2 1 2 7 1 2 4 0 2 7 0 2 11 12 16 2 13 6 3 0 2 3 17 9 2 0 2 7 1 2 3 0 2 4 12 16 2 0 2 7 12 16 2 0 2 7 1 2 4 0 2 7 0 2 7 16 6 2 5 30 3 17 18 2 1 2 4 0 2 4 0 2 3 1 2 3 0 2 7 0 2 3 0 2 7 13 6 3 17 9 2 1 2 7 0 40.9810585975646973
12 16 2 17 18 2 1 2 7 12 16 2 1 2 7 1 2 7 1 2 7 0 2 7 0 2 7 1 2 7 0 2 7 1 2 7 0 2 7 1 2 7 12 16 2 5 30 3 0 2 7 0 2 7 5 31 3 13 6 3 0 2 7 1 2 7 1 2 7 1 2 7 0 2 7 13 6 3 0 2 7 12 16 2 0 2 7 0 2 7 0 2 7 0 2 7 0 2 3 0 2 7 16 6 2 0 2 7 5 30 3 8 9 2 17 18 2 17 9 2 0 40.4833874702453613
5 30 3 13 6 3 0 2 7 0 2 7 1 2 7 12 16 2 1 2 4 12 16 2 17 9 2 0 2 7 12 16 2 17 9 2 0 2 7 0 2 12 0 2 7 0 2 7 0 2 7 12 16 2 0 2 7 5 31 3 17 9 2 0 2 7 1 2 7 1 2 4 0 2 7 0 2 7 1 2 7 13 6 3 1 2 4 1 2 7 0 2 7 1 2 7 17 9 2 0 2 7 0 2 7 8 18 2 1 2 7 1 2 3 1 2 3 1 2 7 0 40.5084316730499268
0 2 7 5 31 3 13 6 3 1 2 7 0 2 7 0 2 7 0 2 7 12 16 2 12 16 2 1 2 4 8 18 2 17 9 2 0 2 7 0 2 7 0 2 7 0 2 7 0 2 7 1 2 7 0 2 7 1 2 7 0 2 7 0 2 7 16 30 2 0 2 7 0 2 7 1 2 7 1 2 4 1 2 11 17 9 2 0 2 7 1 2 7 5 30 3 1 2 7 0 2 7 1 2 7 0 2 7 1 2 11 17 9 2 12 16 2 5 31 3 0 40.7513306140899658
12 16 2 17 9 2 5 31 3 5 30 3 0 2 7 5 31 3 0 2 7 0 2 7 16 6 2 0 2 7 0 2 7 0 2 7 0 2 7 6 2 7 0 2 7 0 2 7 17 18 2 0 2 7 1 2 7 12 16 2 12 16 2 5 30 3 12 16 2 5 30 3 1 2 7 1 2 7 0 2 7 13 6 3 0 2 7 0 2 7 1 2 7 0 2 7 0 2 7 1 2 7 0 2 7 0 2 7 0 2 7 16 6 2 0 2 11 13 6 3 0 40.9660094380378723
1 2 7 13 6 3 0 2 7 0 2 7 1 2 7 12 16 2 12 16 2 17 18 2 0 2 7 12 16 2 17 9 2 0 2 7 1 2 7 1 2 7 0 2 7 12 16 2 1 2 7 5 31 3 17 9 2 5 30 3 0 2 7 12 16 2 0 2 7 0 2 7 13 6 3 1 2 7 1 2 7 0 2 7 0 2 7 0 2 7 0 2 7 1 2 7 1 2 7 1 2 7 17 9 2 13 6 3 0 2 7 1 2 7 0 2 4 0 2 7 0 40.0383374691009521
0 2 7 13 6 3 0 2 7 1 2 7 1 2 7 12 16 2 12 16 2 17 9 2 1 2 7 12 16 2 17 9 2 1 2 7 1 2 7 0 2 7 12 16 2 0 2 7 17 9 2 5 31 3 12 16 2 1 2 7 0 2 7 13 6 3 0 2 7 0 2 7 0 2 7 1 2 7 0 2 7 0 2 7 0 2 7 13 6 3 1 2 7 1 2 7 5 30 3 0 2 7 0 2 7 0 2 7 17 9 2 1 2 7 1 2 4 0 2 7 0 40.0383374691009521
5 30 3 13 6 3 0 2 7 0 2 7 1 2 7 12 16 2 12 16 2 17 9 2 0 2 7 12 16 2 17 9 2 1 2 7 1 2 7 1 2 7 0 2 7 12 16 2 0 2 7 1 2 7 17 9 2 5 31 3 0 2 7 12 16 2 0 2 7 1 2 7 13 6 3 1 2 7 1 2 7 1 2 7 0 2 7 0 2 7 1 2 7 0 2 7 0 2 7 0 2 7 17 9 2 0 2 7 13 6 3 0 2 4 1 2 7 0 2 7 0 40.0383374691009521
5 30 3 13 6 3 0 2 7 1 2 7 1 2 7 12 16 2 12 16 2 17 9 2 0 2 7 12 16 2 17 9 2 0 2 7 1 2 7 1 2 7 1 2 7 12 16 2 0 2 7 1 2 7 17 9 2 5 31 3 0 2 7 12 16 2 0 2 7 1 2 7 13 6 3 0 2 7 1 2 7 0 2 7 0 2 7 0 2 7 1 2 7 0 2 7 1 2 7 0 2 7 17 18 2 0 2 7 13 6 3 0 2 7 1 2 4 0 2 7 0 40.0383374691009521
0 2 7 13 6 3 0 2 7 1 2 7 1 2 7 12 16 2 12 16 2 17 9 2 1 2 7 12 16 2 17 9 2 1 2 7 1 2 7 0 2 7 12 16 2 0 2 7 17 9 2 5 31 3 12 16 2 1 2 7 0 2 7 13 6 3 0 2 7 0 2 7 0 2 7 1 2 7 0 2 7 0 2 7 0 2 3 17 9 2 0 2 7 13 6 3 1 2 7 1 2 7 1 2 7 5 30 3 0 2 7 1 2 4 0 2 4 0 2 7 0 40.1183375120162964
5 30 3 13 6 3 0 2 7 1 2 4 12 16 2 12 16 2 17 9 2 0 2 7 12 16 2 17 9 2 0 2 7 1 2 7 0 2 7 0 2 7 0 2 7 1 2 7 17 9 2 5 31 3 12 16 2 1 2 7 13 6 3 1 2 7 0 2 7 0 2 3 1 2 7 1 2 7 0 2 7 17 9 2 13 6 3 0 2 7 1 2 4 1 2 7 0 2 7 0 2 7 0 2 7 0 2 7 1 2 7 0 2 7 12 16 2 1 2 7 0 40.1183375120162964
5 30 3 13 6 3 0 2 7 1 2 7 1 2 4 12 16 2 12 16 2 17 9 2 0 2 7 12 16 2 17 9 2 1 2 7 1 2 7 1 2 7 0 2 7 12 16 2 0 2 7 1 2 7 17 9 2 5 31 3 0 2 7 12 16 2 0 2 7 1 2 3 13 6 3 1 2 7 1 2 7 0 2 7 0 2 7 0 2 4 1 2 7 0 2 7 0 2 7 0 2 7 17 9 2 0 2 7 13 6 3 0 2 7 1 2 7 0 2 7 0 40.1183375120162964
5 30 3 13 6 3 0 2 7 0 2 7 6 2 7 12 16 2 12 16 2 17 9 2 0 2 7 12 16 2 17 9 2 1 2 7 1 2 4 0 2 7 0 2 7 12 16 2 0 2 7 1 2 7 17 9 2 5 31 3 12 16 2 1 2 7 0 2 7 13 6 3 1 2 7 0 2 7 1 2 7 0 2 4 1 2 7 0 2 7 1 2 7 17 9 2 13 6 3 0 2 7 5 30 3 0 2 7 0 2 7 1 2 7 0 2 7 0 2 7 0 40.2558254599571228
5 30 3 13 6 3 0 2 7 0 2 7 1 2 7 12 16 2 12 16 2 17 9 2 0 2 7 12 16 2 17 9 2 0 2 7 1 2 7 0 2 7 0 2 7 12 16 2 0 2 7 1 2 7 17 9 2 5 31 3 5 30 3 12 16 2 1 2 7 0 2 7 13 6 3 0 2 4 1 2 7 0 2 7 0 2 7 0 2 7 1 2 7 6 2 4 0 2 7 1 2 7 1 2 7 0 2 7 17 9 2 0 2 7 13 6 3 1 2 7 0 40.2558254599571228
5 30 3 13 6 3 0 2 7 0 2 11 1 2 7 12 16 2 12 16 2 17 9 2 0 2 7 12 16 2 17 9 2 0 2 7 1 2 4 0 2 7 0 2 4 12 16 2 0 2 7 1 2 7 17 9 2 5 31 3 12 16 2 6 2 7 1 2 7 13 6 3 1 2 7 0 2 7 0 2 7 0 2 4 1 2 7 1 2 7 1 2 7 17 9 2 13 6 3 0 2 7 12 16 2 1 2 7 1 2 7 0 2 7 0 2 7 0 2 4 0 40.2020285725593567
0 2 7 13 6 3 0 2 7 0 2 7 1 2 7 12 16 2 12 16 2 17 9 2 1 2 7 12 16 2 17 9 2 1 2 7 1 2 7 0 2 7 12 16 2 0 2 7 17 9 2 5 31 3 12 16 2 1 2 7 0 2 7 13 6 3 0 2 7 0 2 7 0 2 7 1 2 7 0 2 7 0 2 7 0 2 7 0 2 7 13 6 3 1 2 7 1 2 7 5 30 3 0 2 7 1 2 4 0 2 7 1 2 7 1 2 7 17 18 2 0 40.0383374691009521
5 30 3 13 6 3 0 2 7 0 2 11 1 2 7 12 16 2 12 16 2 17 9 2 0 2 7 12 16 2 17 9 2 0 2 7 1 2 4 0 2 7 0 2 4 12 16 2 0 2 7 1 2 7 17 9 2 5 31 3 12 16 2 6 2 7 1 2 7 13 6 3 1 2 7 0 2 7 0 2 7 0 2 4 1 2 7 1 2 7 1 2 7 17 9 2 13 6 3 0 2 7 12 16 2 1 2 7 1 2 7 0 2 7 0 2 7 0 2 4 0 40.2020285725593567
0 2 7 13 6 3 0 2 7 1 2 7 1 2 7 12 16 2 12 16 2 17 9 2 1 2 7 12 16 2 17 9 2 0 2 7 1 2 7 0 2 7 12 16 2 0 2 7 17 9 2 5 31 3 12 16 2 0 2 7 0 2 4 13 6 3 1 2 7 0 2 7 0 2 7 1 2 7 0 2 7 0 2 7 0 2 7 13 6 3 1 2 7 1 2 7 1 2 7 5 30 3 0 2 7 0 2 7 1 2 7 0 2 7 1 2 7 17 9 2 0 40.0383374691009521
0 2 7 13 6 3 0 2 7 1 2 7 1 2 7 12 16 2 12 16 2 17 9 2 1 2 7 12 16 2 17 9 2 1 2 7 1 2 7 0 2 7 12 16 2 0 2 7 17 9 2 5 31 3 12 16 2 1 2 7 0 2 7 13 6 3 0 2 7 0 2 7 0 2 7 1 2 7 0 2 7 0 2 7 13 6 3 1 2 7 1 2 7 5 30 3 1 2 7 0 2 7 0 2 7 0 2 7 17 9 2 0 2 7 0 2 7 1 2 4 0 40.0383374691009521
5 30 3 13 6 3 1 2 7 1 2 7 1 2 7 12 16 2 12 16 2 17 9 2 1 2 7 12 16 2 17 9 2 0 2 7 0 2 7 1 2 7 12 16 2 0 2 7 1 2 7 17 9 2 5 31 3 0 2 7 12 16 2 0 2 7 1 2 7 13 6 3 0 2 7 0 2 7 0 2 7 0 2 7 0 2 7 1 2 7 0 2 7 0 2 7 0 2 7 0 2 7 13 6 3 1 2 7 17 18 2 1 2 7 1 2 7 0 2 4 0 40.0383374691009521
5 30 3 13 6 3 0 2 7 1 2 7 1 2 4 12 16 2 12 16 2 17 9 2 0 2 7 12 16 2 17 9 2 1 2 7 1 2 7 1 2 7 0 2 7 12 16 2 0 2 7 1 2 7 17 9 2 5 31 3 0 2 7 12 16 2 0 2 7 1 2 3 13 6 3 1 2 7 1 2 7 0 2 7 0 2 7 0 2 4 1 2 7 0 2 7 0 2 7 0 2 7 17 9 2 0 2 7 13 6 3 0 2 7 1 2 7 0 2 7 0 40.1183375120162964
0 2 7 13 6 3 0 2 7 1 2 7 1 2 7 12 16 2 12 16 2 17 9 2 1 2 7 12 16 2 17 9 2 1 2 7 1 2 7 0 2 7 12 16 2 0 2 7 17 9 2 5 31 3 12 16 2 1 2 7 0 2 7 13 6 3 0 2 7 0 2 7 0 2 7 1 2 7 0 2 7 0 2 7 13 6 3 1 2 7 1 2 7 5 30 3 1 2 7 0 2 7 0 2 7 0 2 7 0 2 4 17 9 2 1 2 3 0 2 4 0 40.1183375120162964
0 2 7 13 6 3 0 2 7 0 2 7 1 2 7 0 2 7 12 16 2 17 9 2 1 2 7 12 16 2 17 9 2 1 2 7 1 2 3 1 2 4 12 16 2 0 2 7 17 9 2 5 31 3 12 16 2 1 2 4 1 2 7 13 6 3 0 2 7 0 2 7 0 2 7 1 2 7 0 2 7 17 9 2 13 6 3 1 2 7 0 2 7 5 30 3 1 2 7 1 2 7 0 2 7 0 2 7 12 16 2 0 2 7 0 2 7 0 2 7 0 40.1183375120162964
5 30 3 13 6 3 0 2 7 1 2 4 12 16 2 12 16 2 17 9 2 0 2 7 12 16 2 17 9 2 0 2 7 1 2 7 0 2 7 0 2 7 0 2 7 1 2 7 17 9 2 5 31 3 12 16 2 1 2 7 13 6 3 1 2 7 0 2 7 0 2 3 1 2 7 1 2 7 0 2 7 17 9 2 13 6 3 0 2 7 1 2 4 1 2 7 0 2 7 0 2 7 0 2 7 0 2 7 1 2 7 0 2 7 12 16 2 1 2 7 0 40.1183375120162964
0 2 7 13 6 3 0 2 7 1 2 7 1 2 7 12 16 2 12 16 2 17 9 2 1 2 7 12 16 2 17 9 2 1 2 7 1 2 7 0 2 7 12 16 2 0 2 7 17 9 2 5 31 3 12 16 2 1 2 7 0 2 7 13 6 3 0 2 7 0 2 7 0 2 7 1 2 7 0 2 7 0 2 7 0 2 3 17 9 2 0 2 7 13 6 3 1 2 7 1 2 7 1 2 7 5 30 3 0 2 7 1 2 4 0 2 4 0 2 7 0 40.1183375120162964
5 30 3 13 6 3 1 2 7 12 16 2 12 16 2 17 9 2 0 2 7 12 16 2 17 9 2 0 2 7 1 2 7 0 2 7 0 2 7 0 2 7 1 2 7 5 31 3 12 16 2 1 2 7 13 6 3 1 2 7 0 2 7 1 2 7 0 2 7 0 2 7 13 6 3 0 2 7 1 2 7 0 2 7 1 2 7 0 2 7 0 2 7 0 2 7 12 16 2 1 2 7 1 2 7 0 2 7 1 2 4 17 18 2 17 18 2 0 2 7 0 40.0383374691009521
5 30 3 13 6 3 1 2 7 12 16 2 12 16 2 17 9 2 0 2 7 12 16 2 17 9 2 0 2 7 1 2 7 0 2 7 0 2 7 0 2 7 1 2 7 17 9 2 5 31 3 12 16 2 1 2 7 13 6 3 1 2 7 0 2 7 1 2 7 0 2 7 0 2 7 13 6 3 0 2 7 1 2 7 0 2 7 1 2 7 0 2 7 0 2 7 0 2 7 12 16 2 1 2 7 1 2 7 1 2 7 0 2 7 0 2 4 17 9 2 0 40.0383374691009521
0 2 7 13 6 3 0 2 7 0 2 7 1 2 7 0 2 7 12 16 2 17 9 2 1 2 7 12 16 2 17 9 2 1 2 7 1 2 3 1 2 4 12 16 2 0 2 7 17 9 2 5 31 3 12 16 2 1 2 4 1 2 7 13 6 3 0 2 7 0 2 7 0 2 7 1 2 7 0 2 7 17 9 2 13 6 3 1 2 7 0 2 7 5 30 3 1 2 7 1 2 7 0 2 7 0 2 7 12 16 2 0 2 7 0 2 7 0 2 7 0 40.1183375120162964
0 2 7 13 6 3 0 2 7 0 2 7 1 2 7 0 2 7 12 16 2 17 9 2 1 2 7 12 16 2 17 9 2 1 2 7 1 2 7 1 2 7 0 2 7 17 18 2 5 31 3 12 16 2 0 2 7 13 6 3 0 2 7 1 2 7 1 2 7 1 2 7 0 2 7 13 6 3 1 2 7 5 30 3 1 2 7 12 16 2 0 2 7 0 2 7 12 16 2 0 2 7 0 2 7 0 2 7 0 2 7 17 9 2 1 2 4 0 2 7 0 40.0383374691009521
5 30 3 13 6 3 1 2 7 12 16 2 12 16 2 17 9 2 0 2 7 12 16 2 17 9 2 0 2 7 1 2 7 0 2 7 0 2 7 0 2 7 1 2 7 17 9 2 5 31 3 12 16 2 1 2 7 13 6 3 1 2 7 0 2 7 1 2 7 0 2 7 0 2 7 13 6 3 0 2 7 1 2 7 0 2 7 1 2 7 0 2 7 0 2 7 0 2 7 12 16 2 1 2 7 1 2 7 1 2 7 0 2 7 0 2 4 17 18 2 0 40.0383374691009521
0 2 7 13 6 3 0 2 7 0 2 7 0 2 7 12 16 2 17 9 2 1 2 7 12 16 2 17 9 2 1 2 7 1 2 7 12 16 2 0 2 7 17 9 2 5 31 3 12 16 2 1 2 7 13 6 3 0 2 7 0 2 7 0 2 7 1 2 7 0 2 7 17 9 2 13 6 3 1 2 7 0 2 7 5 30 3 1 2 7 1 2 7 0 2 7 0 2 7 12 16 2 0 2 7 1 2 7 1 2 7 0 2 7 1 2 4 0 2 7 0 40.0383374691009521
5 30 3 13 6 3 0 2 7 12 16 2 12 16 2 17 9 2 0 2 7 12 16 2 17 9 2 0 2 7 0 2 7 0 2 7 0 2 7 0 2 7 1 2 7 17 9 2 5 31 3 12 16 2 1 2 7 13 6 3 1 2 7 0 2 7 1 2 7 1 2 7 0 2 7 13 6 3 0 2 7 1 2 7 0 2 7 1 2 7 0 2 7 0 2 7 1 2 7 12 16 2 1 2 7 1 2 3 1 2 4 17 18 2 0 2 4 0 2 7 0 40.1183375120162964
5 30 3 13 6 3 1 2 7 12 16 2 12 16 2 17 9 2 0 2 7 12 16 2 17 9 2 0 2 7 1 2 7 0 2 7 0 2 7 0 2 7 1 2 7 17 9 2 5 31 3 12 16 2 1 2 7 13 6 3 1 2 7 0 2 7 1 2 7 0 2 7 0 2 7 13 6 3 0 2 7 1 2 7 0 2 7 1 2 7 0 2 7 0 2 7 0 2 7 12 16 2 1 2 7 0 2 7 0 2 4 17 9 2 1 2 3 1 2 4 0 40.1183375120162964
0 2 7 13 6 3 0 2 7 0 2 7 1 2 7 12 16 2 12 16 2 17 9 2 1 2 7 12 16 2 17 9 2 1 2 7 1 2 7 0 2 7 12 16 2 1 2 7 17 9 2 5 31 3 12 16 2 0 2 7 0 2 7 13 6 3 1 2 7 0 2 4 1 2 7 0 2 7 0 2 7 0 2 7 0 2 7 13 6 3 1 2 7 1 2 7 5 30 3 0 2 7 1 2 7 0 2 7 0 2 7 0 2 3 1 2 4 17 9 2 0 40.1183375120162964
5 30 3 13 6 3 0 2 7 1 2 7 12 16 2 12 16 2 17 9 2 0 2 7 12 16 2 17 9 2 1 2 7 1 2 7 1 2 7 0 2 7 12 16 2 0 2 7 1 2 7 17 9 2 5 31 3 0 2 4 12 16 2 0 2 7 13 6 3 1 2 7 1 2 7 0 2 7 0 2 7 0 2 4 1 2 7 0 2 7 0 2 7 0 2 7 0 2 7 13 6 3 0 2 7 1 2 7 0 2 7 17 18 2 1 2 3 1 2 7 0 40.1183375120162964
5 30 3 13 6 3 0 2 7 0 2 7 12 16 2 12 16 2 17 9 2 0 2 7 12 16 2 13 6 3 1 2 7 0 2 7 1 2 7 0 2 7 12 16 2 0 2 4 0 2 7 5 31 3 0 2 7 12 16 2 0 2 7 13 6 3 1 2 7 1 2 7 1 2 7 1 2 7 1 2 7 17 18 2 0 2 7 0 2 7 1 2 7 17 18 2 0 2 7 0 2 7 0 2 7 17 18 2 1 2 7 1 2 7 0 2 7 1 2 7 0 40.0383374691009521
0 2 7 13 6 3 0 2 7 0 2 7 0 2 4 12 16 2 17 9 2 1 2 7 12 16 2 17 9 2 1 2 7 1 2 7 12 16 2 0 2 7 17 9 2 5 31 3 12 16 2 1 2 7 13 6 3 0 2 7 0 2 7 0 2 7 1 2 7 0 2 7 13 6 3 1 2 7 0 2 7 5 30 3 1 2 7 1 2 7 0 2 7 0 2 7 12 16 2 0 2 7 1 2 7 1 2 7 0 2 7 17 9 2 0 2 7 1 2 7 0 40.0383374691009521
5 30 3 13 6 3 0 2 7 1 2 7 12 16 2 12 16 2 17 9 2 0 2 7 12 16 2 17 9 2 1 2 7 1 2 7 1 2 7 0 2 7 12 16 2 0 2 7 1 2 7 17 9 2 5 31 3 0 2 4 12 16 2 0 2 7 13 6 3 1 2 7 1 2 7 0 2 7 0 2 7 0 2 4 1 2 7 0 2 7 0 2 7 0 2 7 0 2 7 13 6 3 0 2 7 1 2 7 0 2 7 17 18 2 1 2 3 1 2 7 0 40.1183375120162964
5 30 3 13 6 3 0 2 7 0 2 7 12 16 2 12 16 2 17 9 2 0 2 7 12 16 2 13 6 3 1 2 7 0 2 7 1 2 7 0 2 7 12 16 2 0 2 4 0 2 7 5 31 3 0 2 7 12 16 2 0 2 7 13 6 3 1 2 7 1 2 7 1 2 7 1 2 7 1 2 7 0 2 7 0 2 7 1 2 7 0 2 7 0 2 7 0 2 7 1 2 7 1 2 7 0 2 7 1 2 7 17 9 2 17 18 2 17 9 2 0 40.0383374691009521
5 30 3 13 6 3 1 2 7 12 16 2 12 16 2 17 9 2 0 2 7 12 16 2 0 2 7 1 2 7 0 2 7 0 2 7 0 2 7 1 2 7 5 31 3 12 16 2 1 2 7 13 6 3 1 2 7 0 2 7 1 2 7 0 2 7 0 2 7 13 6 3 0 2 7 1 2 7 0 2 7 1 2 7 0 2 7 0 2 7 0 2 7 12 16 2 1 2 7 1 2 7 0 2 7 17 18 2 0 2 4 17 18 2 1 2 7 17 9 2 0 40.0383374691009521
5 30 3 13 6 3 1 2 7 12 16 2 12 16 2 17 9 2 0 2 7 12 16 2 17 9 2 0 2 7 1 2 7 0 2 7 0 2 7 0 2 7 1 2 7 17 9 2 5 31 3 12 16 2 1 2 7 13 6 3 1 2 7 0 2 7 1 2 7 0 2 7 0 2 7 13 6 3 0 2 7 1 2 7 0 2 7 1 2 7 0 2 7 0 2 7 0 2 7 12 16 2 1 2 7 0 2 7 1 2 4 1 2 7 0 2 7 17 18 2 0 40.0383374691009521
5 30 3 13 6 3 1 2 7 12 16 2 12 16 2 17 9 2 0 2 7 12 16 2 17 9 2 0 2 7 1 2 7 0 2 7 0 2 7 0 2 7 1 2 7 17 9 2 5 31 3 12 16 2 1 2 7 13 6 3 1 2 7 0 2 7 1 2 7 0 2 7 0 2 7 13 6 3 0 2 7 1 2 7 0 2 7 1 2 7 0 2 7 0 2 7 0 2 7 12 16 2 1 2 7 0 2 7 1 2 4 1 2 7 0 2 7 17 9 2 0 40.0383374691009521
5 30 3 13 6 3 1 2 7 12 16 2 12 16 2 17 9 2 0 2 7 12 16 2 17 9 2 0 2 7 1 2 7 0 2 7 0 2 7 0 2 7 1 2 7 5 31 3 12 16 2 1 2 7 13 6 3 1 2 7 0 2 7 1 2 7 0 2 7 0 2 7 13 6 3 0 2 7 1 2 7 0 2 7 1 2 7 0 2 7 0 2 7 0 2 7 12 16 2 1 2 7 1 2 7 0 2 7 17 18 2 0 2 7 1 2 4 17 18 2 0 40.0383374691009521
5 30 3 13 6 3 1 2 7 12 16 2 12 16 2 17 9 2 0 2 7 12 16 2 17 9 2 0 2 7 1 2 7 0 2 7 0 2 7 0 2 7 1 2 7 17 9 2 5 31 3 12 16 2 1 2 7 13 6 3 1 2 7 0 2 4 1 2 7 0 2 7 0 2 7 13 6 3 0 2 7 1 2 7 0 2 7 1 2 7 0 2 7 0 2 7 0 2 7 12 16 2 1 2 7 0 2 7 17 9 2 1 2 4 0 2 7 1 2 3 0 40.1183375120162964
0 2 7 13 6 3 0 2 7 0 2 7 1 2 7 0 2 7 12 16 2 17 9 2 1 2 7 12 16 2 17 9 2 1 2 7 1 2 3 1 2 4 12 16 2 0 2 7 17 9 2 5 31 3 12 16 2 1 2 4 1 2 7 13 6 3 0 2 7 0 2 7 0 2 7 1 2 7 0 2 7 17 9 2 13 6 3 1 2 7 0 2 7 5 30 3 1 2 7 1 2 7 0 2 7 0 2 7 12 16 2 0 2 7 0 2 7 0 2 7 0 40.1183375120162964
5 30 3 13 6 3 0 2 7 0 2 7 12 16 2 12 16 2 17 9 2 0 2 7 12 16 2 13 6 3 1 2 7 0 2 7 1 2 7 0 2 7 12 16 2 0 2 4 0 2 7 5 31 3 0 2 7 12 16 2 0 2 7 13 6 3 1 2 7 1 2 7 1 2 7 1 2 7 1 2 7 17 18 2 0 2 7 0 2 7 1 2 7 17 18 2 0 2 7 0 2 7 0 2 7 17 18 2 1 2 7 1 2 7 0 2 7 1 2 7 0 40.0383374691009521
5 31 3 13 6 3 0 2 7 0 2 7 12 16 2 12 16 2 17 9 2 0 2 7 12 16 2 13 6 3 0 2 7 0 2 7 1 2 7 0 2 7 12 16 2 1 2 7 5 30 3 1 2 7 12 16 2 1 2 7 13 6 3 1 2 4 1 2 7 0 2 7 1 2 7 1 2 7 0 2 7 0 2 7 1 2 7 0 2 7 0 2 7 0 2 7 0 2 7 1 2 7 0 2 7 17 9 2 0 2 7 1 2 7 17 9 2 17 18 2 0 40.0383374691009521
5 30 3 13 6 3 0 2 7 0 2 7 12 16 2 12 16 2 17 9 2 0 2 7 12 16 2 13 6 3 1 2 7 0 2 7 1 2 7 0 2 7 12 16 2 0 2 7 5 31 3 0 2 7 12 16 2 0 2 7 13 6 3 1 2 7 1 2 7 1 2 7 1 2 7 1 2 7 0 2 7 0 2 7 0 2 7 0 2 7 0 2 7 1 2 7 1 2 7 0 2 7 17 18 2 1 2 7 17 9 2 0 2 4 1 2 7 17 9 2 0 40.0383374691009521
5 30 3 13 6 3 1 2 7 12 16 2 12 16 2 17 9 2 0 2 7 12 16 2 17 9 2 0 2 7 1 2 7 0 2 7 0 2 7 0 2 7 1 2 7 5 31 3 12 16 2 1 2 7 13 6 3 1 2 7 0 2 7 1 2 7 0 2 7 0 2 7 13 6 3 1 2 7 0 2 7 1 2 7 1 2 7 0 2 7 0 2 7 12 16 2 0 2 7 0 2 7 1 2 7 17 9 2 0 2 7 17 9 2 0 2 7 1 2 4 0 40.0383374691009521
5 30 3 13 6 3 0 2 7 0 2 7 12 16 2 12 16 2 17 9 2 0 2 7 12 16 2 13 6 3 1 2 7 0 2 7 1 2 7 0 2 7 12 16 2 0 2 7 5 31 3 0 2 7 12 16 2 0 2 7 13 6 3 1 2 7 1 2 7 1 2 7 1 2 7 1 2 7 0 2 7 0 2 7 0 2 7 0 2 7 0 2 7 1 2 7 1 2 7 0 2 7 17 18 2 1 2 7 17 9 2 0 2 4 1 2 7 17 18 2 0 40.0383374691009521
5 30 3 13 6 3 0 2 7 1 2 7 12 16 2 12 16 2 17 9 2 0 2 7 12 16 2 17 9 2 1 2 7 1 2 7 1 2 7 0 2 7 12 16 2 0 2 7 1 2 7 17 9 2 5 31 3 12 16 2 0 2 7 13 6 3 1 2 7 1 2 7 0 2 7 0 2 7 1 2 7 0 2 7 0 2 7 0 2 7 0 2 7 13 6 3 0 2 7 1 2 7 0 2 7 1 2 7 0 2 4 0 2 4 17 18 2 1 2 3 0 40.1183375120162964
5 30 3 13 6 3 1 2 7 12 16 2 12 16 2 17 9 2 0 2 7 12 16 2 17 9 2 0 2 7 1 2 7 0 2 7 0 2 7 0 2 7 1 2 7 5 31 3 12 16 2 1 2 7 13 6 3 1 2 7 0 2 7 1 2 7 0 2 7 0 2 7 13 6 3 1 2 7 0 2 7 1 2 7 1 2 7 0 2 7 0 2 7 12 16 2 0 2 7 0 2 7 1 2 7 0 2 7 17 9 2 17 9 2 1 2 7 0 2 4 0 40.0383374691009521
5 30 3 13 6 3 1 2 7 12 16 2 12 16 2 17 9 2 0 2 7 12 16 2 17 9 2 0 2 7 1 2 7 0 2 7 0 2 7 0 2 7 1 2 7 5 31 3 12 16 2 1 2 7 13 6 3 1 2 7 0 2 7 1 2 7 0 2 7 0 2 7 13 6 3 1 2 7 0 2 7 1 2 7 1 2 7 0 2 7 0 2 7 12 16 2 0 2 7 0 2 7 1 2 7 0 2 7 17 18 2 17 18 2 0 2 7 1 2 4 0 40.0383374691009521
5 30 3 13 6 3 0 2 7 1 2 7 12 16 2 12 16 2 17 9 2 0 2 7 12 16 2 17 9 2 1 2 7 1 2 7 1 2 7 0 2 7 12 16 2 0 2 7 1 2 7 17 9 2 5 31 3 12 16 2 0 2 7 13 6 3 1 2 7 1 2 7 0 2 7 0 2 7 1 2 7 0 2 7 0 2 7 0 2 7 0 2 7 13 6 3 0 2 4 0 2 7 1 2 3 1 2 7 17 9 2 0 2 7 1 2 4 0 2 7 0 40.1183375120162964
0 2 7 13 6 3 0 2 7 0 2 7 1 2 7 0 2 7 12 16 2 17 9 2 1 2 7 12 16 2 17 9 2 1 2 7 1 2 3 1 2 4 12 16 2 0 2 7 17 9 2 5 31 3 12 16 2 1 2 4 1 2 7 13 6 3 0 2 7 0 2 7 0 2 7 1 2 7 0 2 7 17 9 2 13 6 3 1 2 7 0 2 7 5 30 3 1 2 7 1 2 7 0 2 7 0 2 7 12 16 2 0 2 7 0 2 7 0 2 7 0 40.1183375120162964
5 31 3 13 6 3 0 2 7 0 2 7 12 16 2 12 16 2 17 9 2 0 2 7 12 16 2 13 6 3 0 2 7 0 2 7 1 2 7 0 2 7 12 16 2 1 2 7 5 30 3 1 2 7 12 16 2 1 2 7 13 6 3 1 2 7 0 2 7 1 2 7 1 2 7 1 2 4 0 2 7 0 2 7 0 2 7 0 2 7 0 2 7 0 2 7 1 2 7 0 2 7 0 2 7 17 18 2 1 2 7 1 2 7 17 18 2 17 18 2 0 40.0383374691009521
5 30 3 13 6 3 1 2 7 12 16 2 12 16 2 17 9 2 0 2 7 12 16 2 17 9 2 0 2 7 1 2 7 0 2 7 0 2 7 0 2 7 1 2 7 5 31 3 12 16 2 1 2 7 13 6 3 1 2 7 0 2 7 1 2 7 0 2 7 0 2 7 13 6 3 1 2 7 0 2 7 1 2 7 1 2 7 0 2 7 0 2 7 12 16 2 0 2 7 0 2 7 0 2 7 1 2 7 17 18 2 17 9 2 0 2 7 1 2 4 0 40.0383374691009521
5 31 3 13 6 3 0 2 7 0 2 7 12 16 2 12 16 2 17 9 2 0 2 7 12 16 2 13 6 3 0 2 7 0 2 7 1 2 7 0 2 7 12 16 2 1 2 7 5 30 3 1 2 7 12 16 2 1 2 7 13 6 3 1 2 7 0 2 7 1 2 7 1 2 7 0 2 7 0 2 7 1 2 7 0 2 7 0 2 7 0 2 7 0 2 7 1 2 7 0 2 7 1 2 7 17 18 2 17 18 2 1 2 7 0 2 4 17 9 2 0 40.0383374691009521
5 30 3 13 6 3 0 2 4 1 2 7 12 16 2 12 16 2 17 9 2 0 2 7 12 16 2 17 9 2 1 2 7 1 2 7 1 2 7 0 2 7 12 16 2 0 2 7 1 2 7 17 9 2 5 31 3 12 16 2 0 2 7 13 6 3 1 2 7 1 2 7 0 2 7 0 2 7 1 2 7 1 2 7 0 2 7 0 2 7 0 2 7 13 6 3 0 2 7 1 2 7 0 2 7 0 2 7 0 2 7 0 2 7 17 18 2 1 2 7 0 40.0383374691009521
5 31 3 13 6 3 0 2 7 0 2 7 12 16 2 12 16 2 17 9 2 0 2 7 12 16 2 13 6 3 0 2 7 0 2 7 1 2 7 0 2 7 12 16 2 1 2 7 5 30 3 1 2 7 12 16 2 1 2 7 13 6 3 1 2 4 1 2 7 0 2 7 1 2 7 1 2 7 0 2 7 0 2 7 1 2 7 0 2 7 0 2 7 0 2 7 0 2 7 1 2 7 0 2 7 17 9 2 0 2 7 1 2 7 17 18 2 17 18 2 0 40.0383374691009521
5 30 3 13 6 3 0 2 7 1 2 7 12 16 2 12 16 2 17 9 2 0 2 7 12 16 2 17 9 2 1 2 7 1 2 7 1 2 7 0 2 7 12 16 2 0 2 7 1 2 7 17 9 2 5 31 3 12 16 2 0 2 7 13 6 3 1 2 7 1 2 7 0 2 7 0 2 7 1 2 7 0 2 7 0 2 7 0 2 7 0 2 7 13 6 3 0 2 7 1 2 7 0 2 7 1 2 7 0 2 7 17 9 2 0 2 7 1 2 4 0 40.0383374691009521
5 31 3 13 6 3 0 2 7 0 2 7 12 16 2 12 16 2 17 9 2 0 2 7 12 16 2 13 6 3 0 2 7 0 2 7 1 2 7 0 2 7 12 16 2 1 2 7 5 30 3 1 2 7 12 16 2 1 2 7 13 6 3 1 2 7 0 2 7 1 2 7 1 2 7 0 2 7 0 2 7 1 2 7 0 2 7 0 2 7 0 2 7 0 2 7 1 2 7 0 2 7 1 2 7 17 18 2 17 18 2 1 2 7 17 18 2 0 2 4 0 40.0383374691009521
5 30 3 13 6 3 1 2 7 12 16 2 12 16 2 17 9 2 0 2 7 12 16 2 17 9 2 0 2 7 1 2 7 0 2 7 0 2 7 0 2 7 1 2 7 5 31 3 12 16 2 1 2 7 13 6 3 1 2 7 0 2 7 1 2 7 0 2 7 0 2 7 13 6 3 1 2 7 0 2 7 1 2 7 1 2 7 0 2 7 0 2 7 12 16 2 0 2 7 0 2 7 0 2 7 0 2 4 17 9 2 1 2 7 1 2 7 17 9 2 0 40.0383374691009521
5 30 3 13 6 3 1 2 7 12 16 2 12 16 2 17 9 2 0 2 7 12 16 2 17 9 2 0 2 7 1 2 7 0 2 7 0 2 7 0 2 7 1 2 7 5 31 3 12 16 2 1 2 7 13 6 3 1 2 7 0 2 7 1 2 7 0 2 7 0 2 7 13 6 3 1 2 7 0 2 7 1 2 7 1 2 7 0 2 7 0 2 7 12 16 2 0 2 7 0 2 7 17 9 2 0 2 7 17 9 2 1 2 4 1 2 3 0 2 4 0 40.1183375120162964
5 30 3 13 6 3 0 2 7 1 2 7 12 16 2 12 16 2 17 9 2 0 2 7 12 16 2 17 9 2 1 2 7 1 2 7 1 2 7 0 2 7 12 16 2 0 2 7 1 2 7 17 9 2 5 31 3 12 16 2 0 2 7 13 6 3 1 2 7 1 2 7 0 2 7 0 2 7 1 2 7 0 2 7 0 2 7 0 2 7 0 2 7 13 6 3 0 2 7 1 2 7 0 2 7 1 2 7 0 2 4 0 2 4 17 18 2 1 2 3 0 40.1183375120162964
5 30 3 13 6 3 1 2 7 12 16 2 12 16 2 17 9 2 0 2 7 12 16 2 0 2 7 1 2 7 0 2 7 0 2 7 0 2 7 1 2 7 5 31 3 12 16 2 1 2 7 13 6 3 1 2 7 0 2 7 1 2 7 0 2 7 0 2 7 13 6 3 1 2 7 0 2 7 1 2 7 1 2 7 0 2 7 0 2 7 12 16 2 0 2 7 0 2 7 0 2 7 1 2 7 17 9 2 0 2 7 1 2 4 17 9 2 17 9 2 0 40.0383374691009521
5 30 3 13 6 3 0 2 7 12 16 2 12 16 2 17 9 2 0 2 7 12 16 2 1 2 7 1 2 7 0 2 7 0 2 7 12 16 2 0 2 7 1 2 7 5 31 3 12 16 2 1 2 7 13 6 3 1 2 7 1 2 7 0 2 7 1 2 7 1 2 7 1 2 7 0 2 7 0 2 7 0 2 7 13 6 3 1 2 7 0 2 7 0 2 7 0 2 7 0 2 7 17 18 2 0 2 7 17 9 2 0 2 4 1 2 7 17 9 2 0 40.0383374691009521
5 30 3 13 6 3 1 2 7 12 16 2 12 16 2 17 9 2 0 2 7 12 16 2 17 9 2 1 2 7 1 2 7 0 2 7 0 2 7 0 2 7 1 2 7 5 31 3 12 16 2 1 2 7 13 6 3 1 2 7 0 2 7 1 2 7 0 2 7 0 2 7 13 6 3 1 2 7 0 2 7 1 2 7 0 2 7 0 2 7 0 2 7 12 16 2 0 2 7 0 2 7 0 2 7 17 18 2 1 2 7 17 9 2 1 2 4 0 2 7 0 40.0383374691009521
5 30 3 13 6 3 1 2 7 12 16 2 12 16 2 17 9 2 0 2 7 12 16 2 1 2 7 1 2 7 0 2 7 0 2 7 0 2 7 1 2 7 5 31 3 12 16 2 1 2 7 13 6 3 1 2 7 0 2 7 1 2 7 0 2 7 0 2 7 13 6 3 1 2 7 0 2 7 1 2 7 0 2 7 0 2 7 0 2 7 12 16 2 0 2 7 0 2 7 0 2 7 17 18 2 1 2 7 1 2 4 0 2 7 17 18 2 17 9 2 0 40.0383374691009521
5 30 3 13 6 3 1 2 7 12 16 2 12 16 2 17 9 2 0 2 7 12 16 2 0 2 7 1 2 7 0 2 7 0 2 7 0 2 7 1 2 7 5 31 3 12 16 2 1 2 7 13 6 3 1 2 7 0 2 7 1 2 7 0 2 7 0 2 7 13 6 3 1 2 7 0 2 7 1 2 7 1 2 7 0 2 7 0 2 7 12 16 2 0 2 7 0 2 7 0 2 7 1 2 7 17 9 2 1 2 7 17 18 2 17 18 2 0 2 4 0 40.0383374691009521
5 30 3 13 6 3 1 2 7 12 16 2 12 16 2 17 9 2 0 2 7 12 16 2 17 9 2 0 2 7 1 2 7 0 2 7 0 2 7 0 2 7 1 2 7 5 31 3 12 16 2 1 2 7 13 6 3 1 2 7 0 2 7 1 2 7 0 2 7 0 2 7 13 6 3 1 2 7 0 2 7 1 2 7 1 2 7 0 2 7 0 2 4 12 16 2 0 2 7 0 2 7 0 2 7 17 9 2 1 2 4 17 9 2 1 2 3 0 2 7 0 40.1183375120162964
5 30 3 13 6 3 1 2 7 12 16 2 12 16 2 17 9 2 0 2 7 12 16 2 1 2 7 1 2 7 0 2 7 0 2 7 0 2 7 1 2 7 5 31 3 12 16 2 1 2 7 13 6 3 1 2 7 0 2 7 1 2 7 0 2 7 0 2 7 13 6 3 1 2 7 0 2 7 1 2 7 0 2 7 0 2 7 0 2 7 12 16 2 0 2 7 1 2 4 0 2 7 0 2 7 17 18 2 0 2 7 1 2 7 17 18 2 17 18 2 0 40.0383374691009521
5 30 3 13 6 3 0 2 7 12 16 2 12 16 2 17 9 2 0 2 7 12 16 2 1 2 7 1 2 7 0 2 7 0 2 7 12 16 2 0 2 7 1 2 7 5 31 3 12 16 2 1 2 7 13 6 3 1 2 7 1 2 7 0 2 7 1 2 7 1 2 7 1 2 7 0 2 7 0 2 7 0 2 7 13 6 3 1 2 7 0 2 7 0 2 7 0 2 7 0 2 7 17 18 2 0 2 7 0 2 4 1 2 7 17 18 2 17 18 2 0 40.0383374691009521
5 30 3 13 6 3 1 2 7 12 16 2 12 16 2 17 9 2 0 2 7 12 16 2 17 9 2 0 2 7 1 2 7 0 2 7 0 2 7 0 2 7 1 2 7 5 31 3 12 16 2 1 2 7 13 6 3 1 2 7 0 2 7 1 2 7 0 2 7 0 2 7 13 6 3 1 2 7 0 2 7 1 2 7 1 2 7 0 2 7 0 2 7 12 16 2 0 2 7 0 2 7 0 2 7 1 2 7 1 2 7 0 2 4 17 9 2 17 9 2 0 40.0383374691009521
5 30 3 13 6 3 0 2 7 1 2 7 12 16 2 12 16 2 17 9 2 0 2 7 12 16 2 17 9 2 1 2 7 1 2 7 1 2 7 0 2 7 12 16 2 0 2 7 1 2 7 17 9 2 5 31 3 12 16 2 0 2 7 13 6 3 1 2 7 1 2 7 0 2 7 0 2 7 1 2 7 0 2 7 0 2 7 0 2 7 0 2 7 13 6 3 0 2 7 1 2 7 0 2 7 1 2 7 0 2 4 0 2 4 17 18 2 1 2 3 0 40.1183375120162964
5 30 3 13 6 3 1 2 7 12 16 2 12 16 2 17 9 2 0 2 4 12 16 2 1 2 7 1 2 7 0 2 7 0 2 7 0 2 7 1 2 7 5 31 3 12 16 2 1 2 7 13 6 3 1 2 7 0 2 7 1 2 7 0 2 7 0 2 7 13 6 3 0 2 7 0 2 7 1 2 7 0 2 7 0 2 7 0 2 7 12 16 2 0 2 7 0 2 7 0 2 7 17 18 2 1 2 7 17 18 2 17 18 2 1 2 7 1 2 7 0 40.0383374691009521
5 31 3 13 6 3 0 2 7 12 16 2 12 16 2 17 9 2 0 2 7 12 16 2 0 2 7 1 2 7 0 2 7 0 2 7 12 16 2 0 2 7 1 2 7 5 30 3 12 16 2 0 2 7 13 6 3 1 2 7 1 2 7 0 2 7 0 2 7 1 2 7 1 2 7 0 2 7 0 2 7 1 2 7 13 6 3 0 2 7 0 2 7 0 2 7 0 2 7 1 2 7 1 2 7 1 2 4 17 9 2 1 2 7 17 18 2 17 18 2 0 40.0383374691009521
5 31 3 13 6 3 0 2 7 12 16 2 12 16 2 17 9 2 0 2 7 12 16 2 0 2 7 1 2 7 0 2 7 0 2 7 12 16 2 0 2 7 1 2 7 5 30 3 12 16 2 0 2 7 13 6 3 1 2 7 1 2 7 0 2 7 0 2 7 1 2 7 1 2 7 0 2 7 0 2 7 1 2 7 13 6 3 0 2 7 0 2 7 0 2 7 0 2 7 1 2 7 1 2 7 1 2 4 17 9 2 1 2 7 17 18 2 17 9 2 0 40.0383374691009521
5 31 3 13 6 3 0 2 7 12 16 2 12 16 2 17 9 2 0 2 7 12 16 2 1 2 7 1 2 7 0 2 7 0 2 7 12 16 2 0 2 7 1 2 7 5 30 3 12 16 2 0 2 7 13 6 3 1 2 7 1 2 7 0 2 7 0 2 7 1 2 7 1 2 7 0 2 7 0 2 7 1 2 7 13 6 3 0 2 7 0 2 7 0 2 7 0 2 7 1 2 7 1 2 7 1 2 7 0 2 4 17 9 2 17 9 2 17 18 2 0 40.0383374691009521
5 31 3 13 6 3 0 2 7 12 16 2 12 16 2 17 9 2 0 2 7 12 16 2 1 2 7 1 2 7 0 2 7 0 2 7 12 16 2 0 2 7 1 2 7 5 30 3 12 16 2 0 2 7 13 6 3 1 2 7 1 2 7 0 2 7 0 2 7 1 2 7 1 2 7 0 2 7 0 2 7 1 2 7 13 6 3 0 2 7 0 2 7 0 2 7 0 2 7 1 2 7 1 2 7 1 2 7 0 2 4 17 18 2 17 18 2 17 9 2 0 40.0383374691009521
5 30 3 13 6 3 0 2 7 1 2 7 12 16 2 12 16 2 17 9 2 0 2 7 12 16 2 17 9 2 1 2 7 1 2 7 1 2 7 0 2 7 12 16 2 0 2 7 1 2 7 17 9 2 5 31 3 12 16 2 0 2 7 13 6 3 1 2 7 1 2 7 0 2 7 0 2 7 1 2 7 0 2 7 0 2 7 0 2 7 0 2 7 13 6 3 0 2 7 1 2 7 0 2 7 1 2 7 0 2 4 0 2 4 17 18 2 1 2 3 0 40.1183375120162964
5 31 3 13 6 3 0 2 7 12 16 2 12 16 2 17 9 2 0 2 7 12 16 2 17 9 2 1 2 7 1 2 7 0 2 7 0 2 7 12 16 2 0 2 7 1 2 7 5 30 3 12 16 2 0 2 7 13 6 3 1 2 7 1 2 7 0 2 7 0 2 7 1 2 7 1 2 7 0 2 7 0 2 7 1 2 7 13 6 3 0 2 7 0 2 7 0 2 7 0 2 7 1 2 7 1 2 7 1 2 7 17 9 2 0 2 4 17 9 2 0 40.0383374691009521
5 31 3 13 6 3 0 2 7 12 16 2 12 16 2 17 9 2 0 2 7 12 16 2 1 2 7 1 2 7 0 2 7 0 2 7 12 16 2 0 2 7 1 2 7 5 30 3 12 16 2 0 2 7 13 6 3 1 2 7 1 2 7 0 2 7 0 2 7 1 2 7 1 2 7 0 2 7 0 2 7 1 2 7 13 6 3 0 2 7 0 2 7 0 2 7 0 2 7 1 2 7 1 2 7 17 18 2 17 18 2 0 2 7 1 2 4 17 18 2 0 40.0383374691009521
5 31 3 13 6 3 0 2 7 1 2 4 12 16 2 12 16 2 17 9 2 0 2 7 12 16 2 17 9 2 1 2 7 1 2 7 0 2 7 0 2 7 12 16 2 0 2 7 1 2 7 17 9 2 5 30 3 12 16 2 0 2 7 13 6 3 1 2 7 1 2 7 0 2 7 0 2 7 1 2 7 1 2 7 0 2 7 0 2 7 1 2 7 13 6 3 0 2 7 0 2 7 0 2 7 0 2 7 1 2 7 1 2 7 0 2 7 17 9 2 0 40.0383374691009521
5 30 3 13 6 3 0 2 7 1 2 7 12 16 2 12 16 2 17 9 2 0 2 7 12 16 2 1 2 7 1 2 7 1 2 7 0 2 7 12 16 2 0 2 7 1 2 7 5 31 3 12 16 2 0 2 7 13 6 3 1 2 7 1 2 7 0 2 7 0 2 7 1 2 7 0 2 3 0 2 7 0 2 7 0 2 7 13 6 3 0 2 7 1 2 7 0 2 7 1 2 7 17 18 2 17 18 2 17 9 2 1 2 7 0 2 4 0 2 4 0 40.1183375120162964
5 31 3 13 6 3 0 2 7 12 16 2 12 16 2 17 9 2 0 2 7 12 16 2 0 2 7 1 2 7 0 2 7 0 2 7 12 16 2 0 2 7 1 2 7 5 30 3 12 16 2 0 2 7 13 6 3 1 2 7 1 2 7 0 2 7 1 2 7 1 2 7 1 2 7 0 2 7 0 2 7 1 2 7 13 6 3 0 2 4 0 2 7 0 2 7 1 2 7 1 2 7 17 9 2 1 2 7 17 9 2 0 2 7 0 2 7 17 9 2 0 40.0383374691009521
5 31 3 13 6 3 0 2 7 12 16 2 12 16 2 17 9 2 0 2 7 12 16 2 0 2 7 1 2 7 0 2 7 0 2 7 12 16 2 0 2 7 1 2 7 5 30 3 12 16 2 0 2 7 13 6 3 1 2 7 1 2 7 0 2 7 1 2 7 1 2 7 1 2 7 0 2 7 0 2 7 1 2 7 13 6 3 0 2 4 0 2 7 0 2 7 1 2 7 1 2 7 1 2 7 0 2 7 0 2 7 17 9 2 17 18 2 17 18 2 0 40.0383374691009521
5 31 3 13 6 3 1 2 7 12 16 2 12 16 2 17 9 2 0 2 7 12 16 2 1 2 4 1 2 7 0 2 7 0 2 7 12 16 2 0 2 7 1 2 7 5 30 3 12 16 2 0 2 7 13 6 3 0 2 7 1 2 7 0 2 7 0 2 7 1 2 7 1 2 7 0 2 7 0 2 7 1 2 7 13 6 3 0 2 7 0 2 7 1 2 7 1 2 7 1 2 7 0 2 7 0 2 7 0 2 7 17 9 2 17 9 2 17 18 2 0 40.0383374691009521
5 31 3 13 6 3 1 2 7 12 16 2 12 16 2 17 9 2 0 2 7 12 16 2 1 2 4 1 2 7 0 2 7 0 2 7 12 16 2 0 2 7 1 2 7 5 30 3 12 16 2 0 2 7 13 6 3 0 2 7 1 2 7 0 2 7 0 2 7 1 2 7 1 2 7 0 2 7 0 2 7 1 2 7 13 6 3 0 2 7 0 2 7 1 2 7 1 2 7 1 2 7 0 2 7 0 2 7 0 2 7 17 18 2 17 18 2 17 9 2 0 40.0383374691009521
5 31 3 13 6 3 1 2 7 12 16 2 12 16 2 17 9 2 0 2 7 12 16 2 1 2 7 0 2 7 0 2 7 12 16 2 0 2 7 1 2 7 5 30 3 12 16 2 0 2 7 13 6 3 0 2 7 1 2 7 0 2 7 0 2 7 1 2 7 1 2 7 0 2 7 0 2 7 1 2 7 13 6 3 0 2 7 0 2 7 1 2 7 1 2 7 1 2 7 0 2 7 0 2 7 17 18 2 17 18 2 1 2 7 17 18 2 0 2 4 0 40.0383374691009521
5 31 3 13 6 3 0 2 7 12 16 2 12 16 2 17 9 2 0 2 7 12 16 2 0 2 7 1 2 7 0 2 7 0 2 7 12 16 2 0 2 7 1 2 7 5 30 3 12 16 2 0 2 7 13 6 3 1 2 7 1 2 7 0 2 7 1 2 7 1 2 7 1 2 7 0 2 7 0 2 7 1 2 7 13 6 3 0 2 4 0 2 7 0 2 7 1 2 7 1 2 7 1 2 7 0 2 7 0 2 7 17 18 2 17 9 2 17 9 2 0 40.0383374691009521
5 30 3 13 6 3 0 2 7 1 2 7 12 16 2 12 16 2 17 9 2 0 2 7 12 16 2 17 9 2 1 2 7 1 2 7 1 2 7 0 2 7 12 16 2 0 2 7 1 2 7 17 9 2 5 31 3 12 16 2 0 2 7 13 6 3 1 2 7 1 2 7 0 2 7 0 2 7 1 2 7 0 2 7 0 2 7 0 2 7 0 2 7 13 6 3 0 2 7 1 2 7 0 2 7 1 2 7 0 2 4 0 2 4 17 18 2 1 2 3 0 40.1183375120162964
5 31 3 13 6 3 0 2 7 1 2 4 12 16 2 12 16 2 17 9 2 0 2 7 12 16 2 17 9 2 1 2 7 1 2 7 0 2 7 0 2 7 12 16 2 0 2 7 1 2 7 17 9 2 5 30 3 12 16 2 0 2 7 13 6 3 1 2 7 1 2 7 0 2 7 0 2 7 1 2 7 1 2 7 0 2 7 0 2 7 1 2 7 13 6 3 0 2 7 0 2 7 0 2 7 0 2 7 1 2 7 1 2 7 0 2 7 17 9 2 0 40.0383374691009521
5 31 3 13 6 3 1 2 7 12 16 2 12 16 2 17 9 2 0 2 7 12 16 2 1 2 4 1 2 7 0 2 7 0 2 7 12 16 2 0 2 7 1 2 7 5 30 3 12 16 2 0 2 7 13 6 3 0 2 7 1 2 7 0 2 7 0 2 7 1 2 7 1 2 7 0 2 7 0 2 7 1 2 7 13 6 3 0 2 7 0 2 7 1 2 7 1 2 7 1 2 7 0 2 7 17 18 2 0 2 7 0 2 7 17 18 2 17 18 2 0 40.0383374691009521
5 30 3 13 6 3 0 2 7 1 2 7 12 16 2 12 16 2 17 9 2 0 2 7 12 16 2 1 2 7 1 2 7 1 2 7 0 2 7 12 16 2 0 2 7 1 2 7 5 31 3 12 16 2 0 2 7 13 6 3 1 2 7 1 2 7 0 2 7 0 2 7 1 2 7 0 2 3 0 2 7 0 2 7 0 2 7 13 6 3 0 2 7 1 2 7 0 2 7 1 2 7 17 18 2 17 18 2 17 9 2 1 2 7 0 2 4 0 2 4 0 40.1183375120162964
5 31 3 13 6 3 1 2 7 12 16 2 12 16 2 17 9 2 0 2 7 12 16 2 1 2 7 0 2 7 0 2 7 12 16 2 0 2 7 1 2 7 5 30 3 12 16 2 0 2 7 13 6 3 0 2 7 1 2 7 1 2 7 0 2 7 1 2 7 1 2 7 0 2 7 0 2 7 1 2 7 13 6 3 0 2 7 0 2 7 1 2 7 1 2 7 0 2 7 0 2 7 17 18 2 0 2 7 17 18 2 17 18 2 0 2 7 1 2 4 0 40.0383374691009521
5 31 3 13 6 3 1 2 7 12 16 2 12 16 2 17 9 2 0 2 7 12 16 2 0 2 7 1 2 7 0 2 7 0 2 7 12 16 2 1 2 7 0 2 7 5 30 3 12 16 2 0 2 7 13 6 3 1 2 4 1 2 7 0 2 7 0 2 7 1 2 7 1 2 7 1 2 7 0 2 7 1 2 7 13 6 3 1 2 7 0 2 7 0 2 7 1 2 7 0 2 7 0 2 7 17 9 2 0 2 7 0 2 7 17 18 2 17 9 2 0 40.0383374691009521
5 31 3 13 6 3 1 2 7 12 16 2 12 16 2 17 9 2 0 2 7 12 16 2 1 2 7 0 2 7 0 2 7 12 16 2 0 2 7 1 2 7 5 30 3 12 16 2 0 2 7 13 6 3 0 2 7 1 2 7 0 2 7 0 2 7 1 2 7 1 2 7 0 2 7 0 2 7 1 2 7 13 6 3 0 2 7 0 2 7 1 2 7 1 2 7 1 2 7 0 2 7 17 18 2 0 2 4 0 2 7 17 9 2 17 18 2 1 2 7 0 40.0383374691009521
5 31 3 13 6 3 0 2 7 12 16 2 12 16 2 17 9 2 0 2 7 12 16 2 0 2 7 1 2 7 0 2 7 0 2 7 12 16 2 0 2 7 1 2 7 5 30 3 12 16 2 0 2 7 13 6 3 1 2 7 1 2 7 0 2 7 1 2 7 1 2 7 1 2 7 0 2 7 0 2 7 1 2 7 13 6 3 0 2 7 0 2 7 1 2 7 1 2 7 0 2 7 0 2 7 0 2 4 1 2 7 17 18 2 17 9 2 17 9 2 0 40.0383374691009521
5 31 3 13 6 3 1 2 7 12 16 2 12 16 2 17 9 2 0 2 7 12 16 2 0 2 7 1 2 7 0 2 7 0 2 7 12 16 2 1 2 7 0 2 7 5 30 3 12 16 2 0 2 7 13 6 3 1 2 4 1 2 7 0 2 7 0 2 7 1 2 7 1 2 7 1 2 7 0 2 7 1 2 7 13 6 3 1 2 7 0 2 7 0 2 7 1 2 7 0 2 7 0 2 7 17 9 2 0 2 7 0 2 7 17 18 2 17 18 2 0 40.0383374691009521
5 31 3 13 6 3 1 2 7 12 16 2 12 16 2 17 9 2 0 2 7 12 16 2 0 2 7 1 2 7 0 2 7 0 2 7 12 16 2 1 2 7 0 2 7 5 30 3 12 16 2 0 2 7 13 6 3 1 2 4 1 2 7 0 2 7 0 2 7 1 2 7 1 2 7 1 2 7 0 2 7 1 2 7 13 6 3 1 2 7 0 2 7 0 2 7 1 2 7 0 2 7 0 2 7 17 9 2 17 9 2 0 2 7 0 2 7 17 9 2 0 40.0383374691009521
5 30 3 13 6 3 0 2 7 1 2 7 12 16 2 12 16 2 17 9 2 0 2 7 12 16 2 1 2 7 1 2 7 1 2 7 0 2 7 12 16 2 0 2 7 1 2 7 5 31 3 12 16 2 0 2 7 13 6 3 1 2 7 1 2 7 0 2 7 0 2 7 1 2 7 0 2 3 0 2 7 0 2 7 0 2 7 13 6 3 0 2 7 1 2 7 0 2 7 1 2 7 17 18 2 17 18 2 17 9 2 1 2 7 0 2 4 0 2 4 0 40.1183375120162964
5 31 3 13 6 3 0 2 7 12 16 2 12 16 2 17 9 2 0 2 7 12 16 2 0 2 7 1 2 7 0 2 7 0 2 7 12 16 2 0 2 7 1 2 7 5 30 3 12 16 2 0 2 7 13 6 3 1 2 7 1 2 7 0 2 7 1 2 7 1 2 7 1 2 7 0 2 7 0 2 7 1 2 7 13 6 3 0 2 7 0 2 7 1 2 7 1 2 7 0 2 7 0 2 7 0 2 4 1 2 7 17 18 2 17 18 2 17 18 2 0 40.0383374691009521
5 31 3 13 6 3 0 2 7 12 16 2 12 16 2 17 9 2 0 2 7 12 16 2 0 2 7 1 2 7 0 2 7 0 2 7 12 16 2 0 2 7 1 2 7 5 30 3 12 16 2 0 2 7 13 6 3 1 2 7 1 2 7 0 2 7 1 2 7 1 2 7 1 2 7 0 2 7 0 2 7 1 2 7 13 6 3 0 2 7 0 2 7 1 2 7 1 2 7 0 2 7 0 2 7 17 9 2 17 9 2 0 2 4 1 2 7 17 9 2 0 40.0383374691009521
5 30 3 13 6 3 0 2 7 1 2 7 12 16 2 12 16 2 17 9 2 0 2 7 12 16 2 17 9 2 1 2 7 1 2 7 1 2 7 0 2 7 12 16 2 0 2 7 1 2 7 17 9 2 5 31 3 12 16 2 0 2 7 13 6 3 1 2 7 1 2 7 0 2 7 0 2 7 1 2 7 0 2 7 0 2 7 0 2 7 0 2 7 13 6 3 0 2 7 1 2 7 0 2 7 1 2 7 0 2 4 0 2 4 17 18 2 1 2 3 0 40.1183375120162964
5 31 3 13 6 3 1 2 7 12 16 2 12 16 2 17 9 2 0 2 7 12 16 2 1 2 7 0 2 7 0 2 7 12 16 2 0 2 7 1 2 7 5 30 3 12 16 2 0 2 7 13 6 3 0 2 7 1 2 7 0 2 7 0 2 7 1 2 7 1 2 7 0 2 7 0 2 7 0 2 7 13 6 3 0 2 7 0 2 7 1 2 7 1 2 4 1 2 7 1 2 7 17 18 2 0 2 7 17 18 2 0 2 7 1 2 7 17 18 2 0 40.0383374691009521
5 31 3 13 6 3 12 16 2 12 16 2 17 9 2 0 2 7 12 16 2 0 2 7 0 2 7 0 2 7 0 2 7 12 16 2 0 2 7 1 2 7 5 30 3 12 16 2 0 2 4 13 6 3 1 2 7 1 2 7 0 2 7 1 2 7 1 2 7 1 2 7 0 2 7 0 2 7 0 2 7 13 6 3 0 2 7 0 2 7 1 2 7 1 2 7 0 2 7 1 2 7 17 9 2 0 2 7 1 2 7 1 2 7 17 18 2 17 9 2 0 40.0383374691009521
5 31 3 13 6 3 1 2 7 12 16 2 12 16 2 17 9 2 0 2 7 12 16 2 1 2 7 0 2 7 0 2 7 12 16 2 0 2 7 1 2 7 5 30 3 12 16 2 0 2 7 13 6 3 0 2 7 1 2 7 1 2 7 0 2 7 1 2 7 1 2 7 0 2 7 0 2 7 1 2 7 13 6 3 0 2 7 0 2 7 1 2 7 1 2 7 0 2 7 0 2 7 17 18 2 0 2 7 0 2 7 1 2 4 17 9 2 17 9 2 0 40.0383374691009521
5 31 3 13 6 3 0 2 4 12 16 2 12 16 2 17 9 2 0 2 7 12 16 2 0 2 7 1 2 7 0 2 7 0 2 7 12 16 2 0 2 7 1 2 7 5 30 3 12 16 2 0 2 7 13 6 3 1 2 7 1 2 7 0 2 7 1 2 7 1 2 7 1 2 7 0 2 7 0 2 7 1 2 7 13 6 3 0 2 7 0 2 7 1 2 7 1 2 7 0 2 7 0 2 7 17 9 2 1 2 7 17 18 2 0 2 7 17 18 2 0 40.0383374691009521
5 31 3 13 6 3 1 2 7 12 16 2 12 16 2 17 9 2 0 2 7 12 16 2 1 2 7 0 2 7 0 2 7 12 16 2 0 2 7 1 2 7 5 30 3 12 16 2 0 2 7 13 6 3 0 2 7 1 2 7 0 2 7 0 2 7 1 2 7 1 2 7 0 2 7 0 2 7 0 2 7 13 6 3 0 2 7 0 2 7 1 2 7 1 2 7 1 2 7 17 18 2 0 2 7 1 2 7 1 2 4 17 18 2 0 2 7 17 9 2 0 40.0383374691009521
5 31 3 13 6 3 12 16 2 12 16 2 17 9 2 0 2 7 12 16 2 0 2 7 0 2 7 0 2 7 0 2 7 12 16 2 0 2 7 1 2 7 5 30 3 12 16 2 0 2 4 13 6 3 1 2 7 1 2 7 0 2 7 1 2 7 1 2 7 1 2 7 0 2 7 0 2 7 0 2 7 13 6 3 0 2 7 0 2 7 1 2 7 1 2 7 0 2 7 1 2 7 17 9 2 0 2 7 1 2 7 1 2 7 17 9 2 17 9 2 0 40.0383374691009521
5 30 3 13 6 3 0 2 7 1 2 7 12 16 2 12 16 2 17 9 2 0 2 7 12 16 2 1 2 7 1 2 7 1 2 7 0 2 7 12 16 2 0 2 7 1 2 7 5 31 3 12 16 2 0 2 7 13 6 3 1 2 7 1 2 7 0 2 7 0 2 7 1 2 7 0 2 3 0 2 7 0 2 7 0 2 7 13 6 3 0 2 7 1 2 7 0 2 7 1 2 7 17 18 2 17 18 2 17 9 2 1 2 7 0 2 4 0 2 4 0 40.1183375120162964
5 31 3 13 6 3 0 2 7 12 16 2 12 16 2 17 9 2 0 2 7 12 16 2 0 2 7 1 2 7 0 2 7 0 2 7 12 16 2 0 2 7 1 2 7 5 30 3 12 16 2 0 2 7 13 6 3 1 2 7 1 2 7 0 2 7 1 2 7 1 2 7 1 2 7 0 2 7 0 2 7 1 2 4 13 6 3 1 2 7 0 2 7 1 2 7 1 2 7 0 2 7 0 2 7 17 9 2 17 9 2 17 9 2 0 2 7 0 2 7 0 40.0383374691009521
5 31 3 13 6 3 1 2 7 12 16 2 12 16 2 17 9 2 0 2 7 12 16 2 1 2 7 0 2 7 0 2 7 12 16 2 0 2 7 1 2 7 5 30 3 12 16 2 0 2 7 13 6 3 0 2 7 1 2 7 1 2 7 0 2 7 1 2 7 1 2 7 0 2 7 0 2 7 1 2 7 13 6 3 0 2 7 0 2 7 1 2 7 1 2 7 0 2 7 0 2 7 17 18 2 0 2 7 17 18 2 17 18 2 0 2 4 1 2 7 0 40.0383374691009521
5 31 3 13 6 3 0 2 7 12 16 2 12 16 2 17 9 2 0 2 7 12 16 2 0 2 7 1 2 7 0 2 7 0 2 7 12 16 2 0 2 7 1 2 7 5 30 3 12 16 2 0 2 7 13 6 3 1 2 7 1 2 7 0 2 7 1 2 7 1 2 7 1 2 7 0 2 7 0 2 7 1 2 7 13 6 3 0 2 7 0 2 7 1 2 7 1 2 7 0 2 7 17 9 2 17 9 2 0 2 4 1 2 3 0 2 4 17 18 2 0 40.1183375120162964
5 31 3 13 6 3 1 2 7 12 16 2 12 16 2 17 9 2 0 2 7 12 16 2 1 2 7 0 2 7 0 2 7 12 16 2 0 2 7 1 2 7 5 30 3 12 16 2 0 2 7 13 6 3 0 2 7 1 2 7 0 2 7 0 2 7 1 2 7 1 2 7 0 2 7 0 2 7 0 2 7 13 6 3 0 2 7 0 2 7 1 2 7 1 2 4 1 2 7 1 2 7 17 18 2 0 2 7 17 18 2 0 2 7 1 2 7 17 18 2 0 40.0383374691009521
5 31 3 13 6 3 12 16 2 12 16 2 17 9 2 0 2 7 12 16 2 0 2 4 0 2 7 0 2 7 0 2 7 12 16 2 0 2 7 1 2 7 5 30 3 12 16 2 13 6 3 1 2 7 1 2 7 0 2 7 1 2 7 1 2 7 1 2 7 0 2 7 0 2 7 0 2 7 13 6 3 0 2 7 0 2 7 1 2 7 1 2 7 0 2 7 1 2 7 0 2 7 1 2 7 17 18 2 17 9 2 1 2 7 0 2 7 17 9 2 0 40.0383374691009521
5 31 3 13 6 3 12 16 2 12 16 2 17 9 2 0 2 7 12 16 2 0 2 7 0 2 7 0 2 7 0 2 7 12 16 2 0 2 7 1 2 7 5 30 3 12 16 2 13 6 3 1 2 7 1 2 7 0 2 7 1 2 7 1 2 7 1 2 7 0 2 7 0 2 7 0 2 7 13 6 3 0 2 7 0 2 7 1 2 7 1 2 7 0 2 7 1 2 7 0 2 7 1 2 7 1 2 4 17 9 2 0 2 7 17 18 2 17 9 2 0 40.0383374691009521
5 31 3 13 6 3 1 2 7 12 16 2 12 16 2 17 9 2 0 2 7 12 16 2 1 2 7 0 2 7 0 2 7 12 16 2 0 2 7 1 2 7 5 30 3 12 16 2 0 2 7 13 6 3 0 2 7 1 2 7 0 2 7 0 2 7 1 2 7 1 2 7 0 2 7 0 2 7 0 2 7 13 6 3 0 2 7 0 2 7 1 2 7 1 2 4 1 2 7 1 2 7 0 2 7 0 2 7 1 2 7 17 9 2 17 18 2 17 18 2 0 40.0383374691009521
5 31 3 13 6 3 12 16 2 12 16 2 17 9 2 0 2 7 12 16 2 0 2 7 0 2 7 0 2 7 0 2 7 12 16 2 0 2 7 1 2 7 5 30 3 12 16 2 13 6 3 1 2 7 1 2 7 0 2 7 1 2 7 1 2 7 1 2 7 0 2 7 0 2 7 0 2 7 13 6 3 0 2 7 0 2 7 1 2 7 1 2 7 0 2 7 1 2 7 0 2 7 1 2 7 0 2 4 1 2 7 17 18 2 17 18 2 17 9 2 0 40.0383374691009521
5 31 3 13 6 3 1 2 7 12 16 2 12 16 2 17 9 2 0 2 7 12 16 2 1 2 7 0 2 7 0 2 7 12 16 2 0 2 7 1 2 7 5 30 3 12 16 2 0 2 7 13 6 3 0 2 7 1 2 7 1 2 7 0 2 7 1 2 7 1 2 7 0 2 7 0 2 7 1 2 7 13 6 3 0 2 7 0 2 7 1 2 7 1 2 7 0 2 7 0 2 7 0 2 7 0 2 4 1 2 7 17 9 2 17 9 2 17 9 2 0 40.0383374691009521
5 31 3 13 6 3 12 16 2 12 16 2 17 9 2 0 2 7 12 16 2 0 2 7 0 2 7 0 2 7 0 2 7 12 16 2 0 2 7 1 2 7 5 30 3 12 16 2 13 6 3 1 2 7 1 2 7 0 2 7 1 2 7 1 2 7 1 2 7 0 2 7 0 2 7 0 2 7 13 6 3 0 2 7 0 2 7 1 2 7 1 2 7 0 2 7 1 2 7 0 2 7 1 2 7 1 2 4 17 9 2 0 2 7 17 9 2 17 9 2 0 40.0383374691009521
5 31 3 13 6 3 0 2 7 12 16 2 12 16 2 17 9 2 0 2 7 12 16 2 0 2 7 1 2 7 0 2 7 0 2 7 12 16 2 0 2 7 1 2 7 5 30 3 12 16 2 0 2 7 13 6 3 1 2 7 1 2 7 0 2 7 1 2 7 1 2 7 1 2 7 0 2 7 0 2 7 1 2 7 13 6 3 0 2 7 0 2 7 1 2 7 1 2 7 0 2 7 17 9 2 17 9 2 0 2 4 1 2 3 0 2 4 17 18 2 0 40.1183375120162964
5 31 3 13 6 3 1 2 7 12 16 2 12 16 2 17 9 2 0 2 7 12 16 2 1 2 7 0 2 7 0 2 7 12 16 2 0 2 7 1 2 7 5 30 3 12 16 2 0 2 7 13 6 3 0 2 7 1 2 7 1 2 7 0 2 7 1 2 7 1 2 7 0 2 7 0 2 7 1 2 7 13 6 3 0 2 7 0 2 7 1 2 7 1 2 7 0 2 7 0 2 7 17 18 2 0 2 7 17 18 2 0 2 4 1 2 7 17 18 2 0 40.0383374691009521
5 30 3 13 6 3 0 2 7 1 2 7 12 16 2 12 16 2 17 9 2 0 2 7 12 16 2 1 2 7 1 2 7 1 2 7 0 2 7 12 16 2 0 2 7 1 2 7 5 31 3 12 16 2 0 2 7 13 6 3 1 2 7 1 2 7 0 2 7 0 2 7 1 2 7 0 2 3 0 2 7 0 2 7 0 2 7 13 6 3 0 2 7 1 2 7 0 2 7 1 2 7 17 18 2 17 18 2 17 9 2 1 2 7 0 2 4 0 2 4 0 40.1183375120162964
5 31 3 13 6 3 12 16 2 12 16 2 17 9 2 0 2 7 12 16 2 0 2 7 0 2 7 0 2 7 12 16 2 0 2 7 1 2 7 5 30 3 12 16 2 13 6 3 1 2 4 1 2 7 0 2 7 1 2 7 1 2 7 1 2 7 0 2 7 0 2 7 0 2 7 13 6 3 1 2 7 0 2 7 1 2 7 1 2 7 0 2 7 1 2 7 0 2 7 1 2 7 17 9 2 0 2 7 17 9 2 0 2 7 0 2 7 17 9 2 0 40.0383374691009521
5 31 3 13 6 3 12 16 2 12 16 2 17 9 2 0 2 7 12 16 2 0 2 7 0 2 7 0 2 7 12 16 2 0 2 7 1 2 7 5 30 3 12 16 2 13 6 3 1 2 4 0 2 7 1 2 7 1 2 7 1 2 7 0 2 7 0 2 7 0 2 7 13 6 3 1 2 7 0 2 7 1 2 7 1 2 7 1 2 7 1 2 7 0 2 7 1 2 7 17 9 2 0 2 7 0 2 7 0 2 7 0 2 7 17 18 2 17 18 2 0 40.0383374691009521
5 31 3 13 6 3 12 16 2 12 16 2 17 9 2 0 2 7 12 16 2 0 2 7 0 2 7 0 2 7 12 16 2 0 2 7 1 2 7 5 30 3 12 16 2 13 6 3 0 2 7 1 2 7 1 2 7 1 2 7 0 2 7 0 2 7 0 2 7 13 6 3 1 2 7 0 2 7 1 2 7 1 2 7 1 2 7 1 2 7 0 2 7 1 2 7 0 2 7 0 2 7 0 2 7 17 18 2 1 2 4 17 9 2 0 2 7 17 9 2 0 40.0383374691009521
5 31 3 13 6 3 12 16 2 12 16 2 17 9 2 0 2 7 12 16 2 0 2 4 0 2 7 0 2 7 0 2 7 12 16 2 0 2 7 1 2 7 5 30 3 12 16 2 13 6 3 1 2 7 1 2 7 0 2 7 1 2 7 1 2 7 1 2 7 0 2 7 0 2 7 0 2 7 13 6 3 0 2 7 0 2 7 1 2 7 1 2 7 0 2 7 1 2 7 0 2 7 1 2 7 17 9 2 1 2 7 0 2 7 17 9 2 17 18 2 0 40.0383374691009521
5 31 3 13 6 3 1 2 7 12 16 2 12 16 2 0 2 7 0 2 7 12 16 2 0 2 7 1 2 7 0 2 7 12 16 2 0 2 7 1 2 7 5 30 3 12 16 2 0 2 7 13 6 3 1 2 7 0 2 7 0 2 7 1 2 7 1 2 7 0 2 7 0 2 7 0 2 7 13 6 3 0 2 7 0 2 7 1 2 7 1 2 7 1 2 7 0 2 7 1 2 7 17 18 2 17 18 2 17 9 2 0 2 4 17 9 2 1 2 7 0 40.0383374691009521
5 31 3 13 6 3 1 2 7 12 16 2 12 16 2 0 2 7 0 2 7 12 16 2 0 2 7 1 2 7 0 2 7 12 16 2 0 2 7 1 2 7 5 30 3 12 16 2 0 2 7 13 6 3 1 2 7 1 2 7 0 2 7 1 2 7 1 2 7 0 2 7 0 2 7 0 2 7 13 6 3 0 2 7 0 2 7 0 2 7 1 2 7 1 2 7 1 2 7 17 18 2 17 9 2 0 2 4 1 2 3 17 18 2 17 9 2 0 2 4 0 40.1183375120162964
5 31 3 13 6 3 12 16 2 12 16 2 17 9 2 0 2 7 12 16 2 0 2 7 0 2 7 0 2 7 12 16 2 0 2 7 1 2 7 5 30 3 12 16 2 13 6 3 1 2 4 0 2 7 1 2 7 1 2 7 1 2 7 0 2 7 0 2 7 0 2 7 13 6 3 1 2 7 0 2 7 1 2 7 1 2 7 1 2 7 1 2 7 0 2 7 1 2 7 0 2 7 0 2 7 0 2 7 0 2 7 17 18 2 17 18 2 17 18 2 0 40.0383374691009521
5 31 3 13 6 3 12 16 2 12 16 2 17 9 2 0 2 7 12 16 2 0 2 7 0 2 7 0 2 7 12 16 2 0 2 7 1 2 7 5 30 3 12 16 2 13 6 3 0 2 7 1 2 7 1 2 7 1 2 7 0 2 7 0 2 7 0 2 7 13 6 3 1 2 7 0 2 7 1 2 7 1 2 7 1 2 7 1 2 7 0 2 7 1 2 7 0 2 7 0 2 7 0 2 7 17 18 2 17 18 2 0 2 4 1 2 7 17 18 2 0 40.0383374691009521
5 30 3 0 2 7 0 2 7 12 16 2 12 16 2 1 2 7 0 2 7 12 16 2 0 2 7 0 2 4 0 2 7 1 2 7 0 2 7 1 2 7 5 31 3 12 16 2 0 2 7 13 6 3 1 2 7 1 2 7 0 2 7 0 2 7 1 2 7 1 2 7 13 6 3 1 2 7 13 6 3 0 2 7 0 2 7 0 2 7 1 2 7 0 2 7 1 2 7 17 9 2 0 2 7 1 2 7 12 16 2 17 9 2 17 9 2 17 9 2 0 40.0383374691009521
5 30 3 13 6 3 0 2 7 1 2 7 12 16 2 12 16 2 17 9 2 0 2 7 12 16 2 1 2 7 1 2 7 1 2 7 0 2 7 12 16 2 0 2 7 1 2 7 5 31 3 12 16 2 0 2 7 13 6 3 1 2 7 1 2 7 0 2 7 0 2 7 1 2 7 0 2 3 0 2 7 0 2 7 0 2 7 13 6 3 0 2 7 1 2 7 0 2 7 1 2 7 17 18 2 17 18 2 17 9 2 1 2 7 0 2 4 0 2 4 0 40.1183375120162964
5 30 3 0 2 7 0 2 7 12 16 2 12 16 2 1 2 7 0 2 7 12 16 2 0 2 7 0 2 7 1 2 7 0 2 7 1 2 7 5 31 3 12 16 2 0 2 7 13 6 3 1 2 7 1 2 7 0 2 7 0 2 4 1 2 7 1 2 7 13 6 3 1 2 7 13 6 3 0 2 7 0 2 7 0 2 7 1 2 7 0 2 7 1 2 7 17 9 2 0 2 7 12 16 2 17 9 2 17 9 2 17 9 2 0 2 7 1 2 7 0 40.0383374691009521
5 31 3 13 6 3 12 16 2 12 16 2 17 9 2 0 2 7 12 16 2 0 2 7 0 2 7 0 2 7 12 16 2 0 2 7 1 2 7 5 30 3 12 16 2 13 6 3 0 2 7 1 2 7 1 2 7 1 2 7 0 2 7 0 2 7 0 2 7 13 6 3 1 2 7 0 2 7 1 2 7 1 2 7 1 2 7 1 2 7 0 2 7 1 2 7 0 2 7 0 2 7 0 2 7 1 2 4 0 2 7 17 9 2 17 9 2 17 18 2 0 40.0383374691009521
5 31 3 13 6 3 12 16 2 12 16 2 17 9 2 0 2 7 12 16 2 0 2 7 0 2 7 0 2 7 12 16 2 0 2 7 1 2 7 5 30 3 12 16 2 13 6 3 1 2 7 0 2 7 1 2 7 1 2 7 1 2 7 0 2 7 0 2 7 0 2 7 13 6 3 1 2 7 0 2 7 1 2 7 1 2 7 0 2 7 1 2 7 0 2 7 1 2 7 0 2 7 0 2 7 17 9 2 17 18 2 17 9 2 1 2 7 0 2 4 0 40.0383374691009521
5 31 3 13 6 3 12 16 2 12 16 2 17 9 2 0 2 7 12 16 2 0 2 7 0 2 7 0 2 7 12 16 2 0 2 7 1 2 7 5 30 3 12 16 2 13 6 3 0 2 7 1 2 7 1 2 7 1 2 7 0 2 7 0 2 7 0 2 7 13 6 3 1 2 7 0 2 7 1 2 7 1 2 7 1 2 7 1 2 7 0 2 7 1 2 7 0 2 7 0 2 7 0 2 7 1 2 4 0 2 7 17 9 2 17 18 2 17 18 2 0 40.0383374691009521
5 31 3 13 6 3 12 16 2 12 16 2 17 9 2 0 2 7 12 16 2 0 2 7 0 2 7 0 2 7 12 16 2 0 2 4 1 2 7 5 30 3 12 16 2 13 6 3 0 2 7 1 2 7 1 2 7 1 2 7 0 2 7 0 2 7 0 2 7 13 6 3 1 2 7 0 2 7 1 2 7 1 2 7 1 2 7 1 2 7 0 2 7 1 2 7 0 2 7 0 2 7 17 9 2 17 18 2 17 18 2 0 2 7 0 2 7 1 2 7 0 40.0383374691009521
5 31 3 13 6 3 1 2 7 12 16 2 12 16 2 0 2 7 0 2 7 12 16 2 0 2 7 1 2 7 0 2 4 12 16 2 0 2 7 1 2 7 5 30 3 12 16 2 0 2 3 13 6 3 1 2 7 1 2 7 0 2 7 1 2 7 1 2 7 0 2 7 0 2 7 0 2 7 13 6 3 0 2 7 0 2 7 0 2 4 0 2 7 1 2 7 1 2 7 17 9 2 17 9 2 0 2 7 17 9 2 1 2 7 1 2 7 17 9 2 0 40.1183375120162964
5 31 3 13 6 3 12 16 2 12 16 2 17 9 2 0 2 7 12 16 2 0 2 7 0 2 7 0 2 7 12 16 2 0 2 7 1 2 7 5 30 3 12 16 2 13 6 3 0 2 7 1 2 7 1 2 7 1 2 7 0 2 7 0 2 7 0 2 7 13 6 3 1 2 7 0 2 7 0 2 7 1 2 7 1 2 7 1 2 7 0 2 7 1 2 7 0 2 7 0 2 7 0 2 7 1 2 7 1 2 4 17 18 2 17 18 2 17 18 2 0 40.0383374691009521
5 31 3 13 6 3 12 16 2 12 16 2 17 9 2 0 2 7 12 16 2 0 2 7 0 2 7 0 2 7 12 16 2 0 2 7 1 2 7 5 30 3 12 16 2 13 6 3 0 2 7 1 2 7 1 2 7 1 2 7 0 2 7 0 2 7 0 2 7 13 6 3 1 2 7 0 2 7 1 2 7 1 2 7 1 2 7 1 2 7 0 2 7 1 2 7 0 2 7 0 2 7 0 2 7 17 18 2 17 18 2 17 18 2 1 2 7 0 2 4 0 40.0383374691009521
5 31 3 13 6 3 12 16 2 12 16 2 17 9 2 0 2 7 12 16 2 0 2 7 0 2 7 0 2 7 12 16 2 0 2 7 1 2 7 5 30 3 12 16 2 13 6 3 0 2 7 1 2 7 1 2 7 1 2 7 0 2 7 0 2 7 0 2 7 13 6 3 1 2 7 0 2 7 0 2 7 1 2 7 1 2 7 1 2 7 0 2 7 1 2 7 0 2 7 0 2 7 0 2 7 1 2 7 1 2 4 17 9 2 17 9 2 17 9 2 0 40.0383374691009521
5 31 3 13 6 3 1 2 7 12 16 2 12 16 2 0 2 7 0 2 7 12 16 2 0 2 7 1 2 7 0 2 7 12 16 2 0 2 7 1 2 7 5 30 3 12 16 2 0 2 7 13 6 3 1 2 7 1 2 7 0 2 7 1 2 7 1 2 7 0 2 7 0 2 7 0 2 7 13 6 3 0 2 7 0 2 7 0 2 7 1 2 7 1 2 7 1 2 7 17 18 2 17 9 2 0 2 4 17 18 2 1 2 3 17 9 2 0 2 4 0 40.1183375120162964
5 31 3 13 6 3 12 16 2 12 16 2 17 9 2 1 2 7 12 16 2 0 2 7 0 2 7 0 2 7 12 16 2 0 2 7 1 2 7 5 30 3 12 16 2 13 6 3 0 2 7 1 2 7 1 2 7 1 2 7 0 2 7 0 2 7 0 2 7 13 6 3 1 2 7 0 2 7 0 2 7 1 2 7 1 2 7 1 2 7 0 2 7 1 2 7 0 2 7 0 2 7 17 18 2 0 2 7 17 18 2 17 18 2 1 2 7 0 2 4 0 40.0383374691009521
5 31 3 13 6 3 12 16 2 12 16 2 17 9 2 12 16 2 0 2 7 0 2 7 0 2 7 12 16 2 0 2 7 1 2 7 5 30 3 12 16 2 13 6 3 0 2 7 1 2 7 1 2 7 1 2 7 0 2 7 0 2 7 1 2 7 13 6 3 1 2 4 0 2 7 1 2 7 0 2 7 1 2 7 1 2 7 0 2 7 1 2 7 0 2 7 0 2 7 0 2 7 17 18 2 0 2 7 0 2 7 1 2 7 17 9 2 17 18 2 0 40.0383374691009521
5 31 3 13 6 3 1 2 7 12 16 2 12 16 2 0 2 7 0 2 7 12 16 2 0 2 7 1 2 7 0 2 4 12 16 2 0 2 7 1 2 7 5 30 3 12 16 2 0 2 3 13 6 3 1 2 7 1 2 7 0 2 7 1 2 7 1 2 7 0 2 7 0 2 7 0 2 7 13 6 3 0 2 7 0 2 7 0 2 4 0 2 7 1 2 7 1 2 7 17 9 2 17 9 2 0 2 7 17 9 2 1 2 7 1 2 7 17 9 2 0 40.1183375120162964
5 31 3 13 6 3 12 16 2 12 16 2 17 9 2 12 16 2 0 2 7 0 2 7 0 2 7 12 16 2 0 2 7 1 2 7 5 30 3 12 16 2 13 6 3 0 2 7 1 2 7 1 2 7 1 2 7 0 2 7 0 2 7 1 2 7 13 6 3 1 2 4 0 2 7 1 2 7 0 2 7 1 2 7 1 2 7 0 2 7 1 2 7 0 2 7 0 2 7 0 2 7 0 2 7 0 2 7 1 2 7 17 9 2 17 9 2 17 18 2 0 40.0383374691009521
5 31 3 13 6 3 12 16 2 12 16 2 17 9 2 0 2 7 12 16 2 0 2 7 0 2 7 0 2 7 12 16 2 0 2 7 1 2 7 5 30 3 12 16 2 13 6 3 0 2 7 1 2 7 1 2 7 1 2 7 0 2 7 0 2 7 0 2 7 13 6 3 1 2 7 0 2 7 0 2 7 1 2 7 1 2 7 1 2 7 0 2 7 1 2 7 0 2 7 0 2 7 1 2 7 17 9 2 17 18 2 17 9 2 1 2 7 0 2 4 0 40.0383374691009521
5 31 3 13 6 3 1 2 7 12 16 2 12 16 2 0 2 4 0 2 7 12 16 2 0 2 7 1 2 7 0 2 7 12 16 2 0 2 7 1 2 7 5 30 3 12 16 2 0 2 7 13 6 3 1 2 7 1 2 7 0 2 7 1 2 7 1 2 7 0 2 7 0 2 7 0 2 7 13 6 3 0 2 7 0 2 7 0 2 7 1 2 7 1 2 7 1 2 7 17 18 2 17 9 2 17 18 2 17 9 2 0 2 7 1 2 7 0 2 7 0 40.0383374691009521
5 31 3 13 6 3 12 16 2 12 16 2 17 9 2 12 16 2 0 2 7 0 2 7 0 2 7 12 16 2 0 2 7 1 2 7 5 30 3 12 16 2 13 6 3 0 2 7 1 2 7 1 2 7 1 2 7 0 2 7 0 2 7 1 2 7 13 6 3 1 2 4 0 2 7 1 2 7 0 2 7 1 2 7 1 2 7 0 2 7 1 2 7 0 2 7 0 2 7 0 2 7 17 18 2 0 2 7 0 2 7 17 18 2 1 2 7 17 18 2 0 40.0383374691009521
5 30 3 0 2 7 0 2 7 12 16 2 12 16 2 1 2 7 0 2 7 12 16 2 0 2 7 0 2 7 1 2 7 0 2 7 1 2 7 5 31 3 12 16 2 0 2 7 13 6 3 1 2 7 1 2 7 0 2 7 0 2 4 1 2 7 1 2 7 13 6 3 1 2 7 13 6 3 0 2 7 0 2 7 0 2 7 1 2 7 0 2 7 1 2 7 17 9 2 0 2 7 12 16 2 17 9 2 17 9 2 17 9 2 0 2 7 1 2 7 0 40.0383374691009521
5 30 3 0 2 7 0 2 7 12 16 2 12 16 2 1 2 7 0 2 7 12 16 2 0 2 7 0 2 7 1 2 7 0 2 7 1 2 7 5 31 3 12 16 2 0 2 7 13 6 3 1 2 7 1 2 7 0 2 7 1 2 7 1 2 7 13 6 3 1 2 7 13 6 3 0 2 7 0 2 7 0 2 7 1 2 7 0 2 7 1 2 7 17 9 2 0 2 7 12 16 2 0 2 7 0 2 7 1 2 4 17 9 2 17 9 2 17 9 2 0 40.0383374691009521
5 31 3 13 6 3 1 2 7 12 16 2 12 16 2 0 2 7 0 2 7 12 16 2 0 2 7 1 2 7 0 2 7 12 16 2 0 2 7 1 2 7 5 30 3 12 16 2 0 2 7 13 6 3 1 2 7 1 2 7 0 2 7 1 2 7 1 2 7 0 2 7 0 2 7 0 2 7 13 6 3 0 2 7 0 2 7 0 2 7 1 2 7 1 2 7 1 2 7 17 18 2 17 9 2 0 2 4 17 18 2 1 2 3 17 9 2 0 2 4 0 40.1183375120162964
5 31 3 13 6 3 12 16 2 12 16 2 17 9 2 0 2 7 12 16 2 0 2 7 0 2 7 0 2 7 12 16 2 0 2 7 1 2 7 5 30 3 12 16 2 13 6 3 0 2 7 1 2 7 1 2 7 1 2 7 0 2 7 0 2 7 0 2 7 13 6 3 1 2 7 0 2 7 0 2 7 1 2 7 1 2 7 1 2 7 0 2 7 1 2 7 1 2 7 17 9 2 17 9 2 0 2 7 0 2 7 1 2 4 0 2 7 17 9 2 0 40.0383374691009521
5 31 3 13 6 3 12 16 2 12 16 2 17 9 2 12 16 2 0 2 7 0 2 7 0 2 7 12 16 2 0 2 7 0 2 7 5 30 3 12 16 2 13 6 3 0 2 7 1 2 7 1 2 7 1 2 7 0 2 7 0 2 7 0 2 7 13 6 3 1 2 7 0 2 7 0 2 7 1 2 7 1 2 7 0 2 7 0 2 7 1 2 7 1 2 7 1 2 7 17 9 2 1 2 7 17 18 2 0 2 7 0 2 4 17 9 2 1 2 7 0 40.0383374691009521
5 31 3 13 6 3 12 16 2 12 16 2 17 9 2 0 2 7 12 16 2 0 2 7 0 2 7 0 2 7 12 16 2 0 2 7 1 2 7 5 30 3 12 16 2 13 6 3 0 2 7 1 2 7 1 2 7 1 2 7 0 2 7 0 2 7 0 2 7 13 6 3 1 2 7 0 2 7 0 2 7 1 2 7 1 2 7 1 2 7 0 2 7 1 2 7 1 2 7 0 2 7 0 2 7 17 18 2 17 9 2 17 9 2 1 2 4 0 2 7 0 40.0383374691009521
5 31 3 13 6 3 12 16 2 12 16 2 17 9 2 0 2 7 12 16 2 0 2 7 0 2 7 0 2 7 12 16 2 0 2 7 1 2 7 5 30 3 12 16 2 13 6 3 0 2 7 1 2 7 1 2 7 1 2 7 0 2 7 0 2 7 0 2 7 13 6 3 1 2 7 0 2 7 0 2 7 1 2 7 1 2 7 1 2 7 0 2 7 1 2 7 1 2 7 0 2 7 0 2 7 17 18 2 17 9 2 1 2 4 0 2 7 17 18 2 0 40.0383374691009521
5 31 3 13 6 3 1 2 7 12 16 2 12 16 2 1 2 7 12 16 2 0 2 7 1 2 7 0 2 7 12 16 2 0 2 7 1 2 7 5 30 3 12 16 2 0 2 7 13 6 3 1 2 7 1 2 7 0 2 7 1 2 7 1 2 7 0 2 7 0 2 7 0 2 7 13 6 3 0 2 7 0 2 7 0 2 7 1 2 7 1 2 7 17 18 2 17 9 2 17 18 2 0 2 7 0 2 7 0 2 7 1 2 7 0 2 4 17 9 2 0 40.0383374691009521
5 31 3 13 6 3 1 2 7 12 16 2 12 16 2 0 2 7 0 2 7 12 16 2 0 2 7 1 2 7 0 2 4 12 16 2 0 2 7 1 2 7 5 30 3 12 16 2 0 2 3 13 6 3 1 2 7 1 2 7 0 2 7 1 2 7 1 2 7 0 2 7 0 2 7 0 2 7 13 6 3 0 2 7 0 2 7 0 2 4 0 2 7 1 2 7 1 2 7 17 9 2 17 9 2 0 2 7 17 9 2 1 2 7 1 2 7 17 9 2 0 40.1183375120162964
5 31 3 13 6 3 12 16 2 12 16 2 17 9 2 12 16 2 0 2 7 0 2 7 0 2 7 12 16 2 0 2 7 1 2 7 5 30 3 12 16 2 13 6 3 0 2 7 1 2 7 1 2 7 1 2 7 0 2 7 0 2 7 1 2 7 13 6 3 1 2 4 0 2 7 1 2 7 0 2 7 1 2 7 1 2 7 0 2 7 1 2 7 0 2 7 0 2 7 0 2 7 17 18 2 0 2 7 0 2 7 17 18 2 1 2 7 17 18 2 0 40.0383374691009521
5 31 3 13 6 3 12 16 2 12 16 2 17 9 2 12 16 2 0 2 7 0 2 7 0 2 7 12 16 2 1 2 7 1 2 7 5 30 3 12 16 2 13 6 3 0 2 7 1 2 7 0 2 4 1 2 7 0 2 7 0 2 7 1 2 7 13 6 3 0 2 7 1 2 7 0 2 7 1 2 7 1 2 7 0 2 7 1 2 7 0 2 7 0 2 7 0 2 7 17 18 2 0 2 7 1 2 7 0 2 7 1 2 7 17 18 2 17 18 2 0 40.0383374691009521
5 30 3 0 2 7 0 2 7 12 16 2 12 16 2 1 2 7 0 2 7 12 16 2 0 2 7 0 2 7 1 2 7 0 2 7 1 2 7 5 31 3 12 16 2 0 2 7 13 6 3 1 2 7 1 2 7 0 2 7 0 2 4 1 2 7 1 2 7 13 6 3 1 2 7 13 6 3 0 2 7 0 2 7 0 2 7 1 2 7 0 2 7 1 2 7 17 9 2 0 2 7 12 16 2 0 2 7 1 2 7 17 9 2 17 9 2 17 9 2 0 40.0383374691009521
5 31 3 13 6 3 1 2 7 12 16 2 12 16 2 0 2 7 0 2 7 12 16 2 0 2 7 1 2 7 0 2 7 12 16 2 0 2 7 1 2 7 5 30 3 12 16 2 0 2 7 13 6 3 1 2 7 1 2 7 0 2 7 1 2 7 1 2 7 0 2 7 0 2 7 0 2 7 13 6 3 0 2 7 0 2 7 0 2 7 1 2 7 1 2 7 1 2 7 17 18 2 17 9 2 0 2 4 17 18 2 1 2 3 17 9 2 0 2 4 0 40.1183375120162964
5 31 3 13 6 3 12 16 2 12 16 2 17 9 2 0 2 7 12 16 2 0 2 7 0 2 7 0 2 7 12 16 2 0 2 7 1 2 7 5 30 3 12 16 2 13 6 3 0 2 7 1 2 7 1 2 7 1 2 7 0 2 7 0 2 7 0 2 7 13 6 3 1 2 7 0 2 7 1 2 7 1 2 7 1 2 7 0 2 7 1 2 7 1 2 7 0 2 7 1 2 7 17 9 2 0 2 7 17 9 2 0 2 4 0 2 7 17 9 2 0 40.0383374691009521
5 31 3 13 6 3 12 16 2 12 16 2 17 9 2 0 2 7 12 16 2 0 2 7 0 2 7 0 2 7 12 16 2 0 2 7 1 2 7 5 30 3 12 16 2 13 6 3 0 2 7 1 2 7 1 2 7 1 2 7 0 2 7 0 2 7 0 2 7 13 6 3 1 2 7 0 2 7 1 2 7 1 2 7 1 2 7 0 2 7 1 2 7 1 2 7 0 2 7 17 9 2 0 2 7 0 2 7 1 2 7 17 18 2 0 2 4 17 18 2 0 40.0383374691009521
5 31 3 13 6 3 12 16 2 12 16 2 17 9 2 12 16 2 0 2 7 0 2 7 1 2 7 12 16 2 0 2 7 1 2 7 5 30 3 12 16 2 13 6 3 0 2 7 1 2 7 0 2 7 1 2 7 0 2 7 0 2 7 1 2 7 13 6 3 1 2 7 1 2 7 0 2 4 1 2 7 1 2 7 0 2 7 1 2 7 0 2 7 0 2 7 0 2 7 0 2 7 1 2 7 17 18 2 17 18 2 17 18 2 0 2 7 0 2 7 0 40.0383374691009521
5 31 3 13 6 3 12 16 2 12 16 2 17 9 2 0 2 7 12 16 2 0 2 7 0 2 7 0 2 7 12 16 2 0 2 7 1 2 7 5 30 3 12 16 2 13 6 3 0 2 7 1 2 7 1 2 7 1 2 7 0 2 7 0 2 7 0 2 7 13 6 3 1 2 7 0 2 7 1 2 7 1 2 7 1 2 7 0 2 7 1 2 7 1 2 7 0 2 7 0 2 7 17 9 2 0 2 7 17 9 2 17 18 2 0 2 4 1 2 7 0 40.0383374691009521
5 31 3 13 6 3 12 16 2 12 16 2 17 9 2 0 2 7 12 16 2 0 2 7 0 2 7 0 2 7 12 16 2 0 2 7 1 2 7 5 30 3 12 16 2 13 6 3 0 2 7 1 2 7 1 2 7 1 2 7 0 2 7 0 2 7 0 2 7 13 6 3 1 2 7 0 2 7 1 2 7 1 2 7 1 2 7 0 2 7 1 2 7 1 2 7 0 2 7 0 2 7 17 9 2 0 2 7 17 9 2 17 18 2 0 2 7 1 2 4 0 40.0383374691009521
5 31 3 13 6 3 12 16 2 12 16 2 17 9 2 12 16 2 0 2 7 0 2 7 0 2 7 12 16 2 0 2 7 1 2 7 5 30 3 12 16 2 13 6 3 0 2 7 1 2 7 1 2 7 1 2 7 0 2 7 0 2 7 1 2 7 13 6 3 1 2 4 0 2 7 1 2 7 0 2 7 1 2 7 1 2 7 0 2 7 1 2 7 0 2 7 0 2 7 0 2 7 0 2 7 0 2 7 1 2 7 17 9 2 17 18 2 17 18 2 0 40.0383374691009521
5 31 3 13 6 3 12 16 2 12 16 2 17 9 2 12 16 2 0 2 7 0 2 7 0 2 7 12 16 2 0 2 7 1 2 7 5 30 3 12 16 2 13 6 3 0 2 7 1 2 7 1 2 7 1 2 7 0 2 7 0 2 7 1 2 7 13 6 3 1 2 4 0 2 7 1 2 7 0 2 7 1 2 7 1 2 7 0 2 7 1 2 7 0 2 7 0 2 7 0 2 7 0 2 7 0 2 7 1 2 7 17 18 2 17 18 2 17 18 2 0 40.0383374691009521
5 31 3 13 6 3 1 2 7 12 16 2 12 16 2 0 2 7 0 2 7 12 16 2 0 2 7 1 2 7 0 2 7 12 16 2 0 2 7 1 2 7 5 30 3 12 16 2 0 2 7 13 6 3 1 2 7 1 2 7 0 2 7 1 2 7 1 2 7 0 2 7 0 2 7 0 2 7 13 6 3 0 2 7 0 2 7 0 2 7 1 2 7 1 2 7 1 2 7 17 18 2 17 9 2 0 2 4 17 18 2 1 2 3 17 9 2 0 2 4 0 40.1183375120162964
5 31 3 13 6 3 12 16 2 12 16 2 17 9 2 12 16 2 0 2 7 0 2 7 0 2 7 12 16 2 0 2 7 1 2 7 5 30 3 12 16 2 13 6 3 0 2 7 1 2 7 1 2 7 1 2 7 0 2 7 0 2 7 1 2 7 13 6 3 1 2 4 0 2 7 1 2 7 0 2 7 1 2 7 1 2 7 0 2 7 1 2 7 0 2 7 0 2 7 0 2 7 0 2 7 0 2 7 1 2 7 17 9 2 17 9 2 17 9 2 0 40.0383374691009521
5 31 3 13 6 3 12 16 2 12 16 2 17 9 2 12 16 2 0 2 7 0 2 7 0 2 7 12 16 2 1 2 7 1 2 7 5 30 3 12 16 2 13 6 3 0 2 4 1 2 7 0 2 4 1 2 7 0 2 7 0 2 7 1 2 7 13 6 3 0 2 7 1 2 7 0 2 7 1 2 7 1 2 7 0 2 7 1 2 7 0 2 7 0 2 7 0 2 7 1 2 7 1 2 7 17 9 2 0 2 3 0 2 7 17 9 2 17 18 2 0 40.1183375120162964
5 31 3 13 6 3 12 16 2 12 16 2 17 9 2 12 16 2 0 2 7 0 2 7 0 2 7 12 16 2 0 2 7 1 2 7 5 30 3 12 16 2 13 6 3 0 2 7 1 2 7 1 2 7 1 2 7 0 2 7 0 2 7 1 2 7 13 6 3 0 2 7 1 2 7 0 2 7 1 2 7 1 2 7 0 2 7 1 2 7 0 2 7 0 2 7 0 2 7 0 2 7 1 2 7 17 9 2 17 9 2 1 2 4 0 2 7 17 9 2 0 40.0383374691009521
5 31 3 13 6 3 12 16 2 12 16 2 17 9 2 0 2 7 12 16 2 0 2 7 0 2 7 12 16 2 0 2 7 0 2 7 5 30 3 12 16 2 13 6 3 0 2 7 1 2 7 1 2 7 1 2 7 1 2 7 0 2 7 0 2 7 13 6 3 1 2 7 0 2 7 1 2 7 1 2 4 1 2 7 0 2 7 1 2 7 1 2 7 0 2 7 0 2 7 17 18 2 17 18 2 0 2 7 0 2 7 0 2 7 1 2 7 17 18 2 0 40.0383374691009521
5 31 3 13 6 3 12 16 2 12 16 2 17 9 2 0 2 7 12 16 2 0 2 7 0 2 7 12 16 2 0 2 7 0 2 7 5 30 3 12 16 2 13 6 3 0 2 7 1 2 7 1 2 7 1 2 7 1 2 7 0 2 7 0 2 7 13 6 3 1 2 7 0 2 7 1 2 7 1 2 7 1 2 7 0 2 7 1 2 7 1 2 7 0 2 7 0 2 7 17 18 2 17 18 2 0 2 7 0 2 7 0 2 7 1 2 4 17 9 2 0 40.0383374691009521
5 31 3 13 6 3 12 16 2 12 16 2 17 9 2 0 2 7 12 16 2 0 2 7 0 2 7 12 16 2 0 2 7 0 2 7 5 30 3 12 16 2 13 6 3 0 2 7 1 2 7 1 2 7 1 2 7 1 2 7 0 2 7 0 2 7 13 6 3 1 2 7 0 2 7 1 2 7 1 2 7 0 2 7 1 2 7 0 2 7 0 2 4 0 2 7 17 18 2 1 2 7 0 2 7 17 9 2 1 2 7 17 9 2 0 2 7 1 2 7 0 40.0383374691009521
5 31 3 13 6 3 12 16 2 12 16 2 17 9 2 12 16 2 0 2 7 0 2 7 0 2 7 12 16 2 0 2 7 0 2 7 5 30 3 12 16 2 13 6 3 1 2 7 1 2 7 1 2 7 1 2 7 0 2 7 0 2 7 13 6 3 0 2 7 0 2 7 0 2 7 1 2 7 1 2 7 0 2 7 1 2 4 0 2 7 1 2 7 0 2 7 0 2 7 1 2 7 17 9 2 17 9 2 1 2 7 0 2 7 17 18 2 1 2 7 0 40.0383374691009521
5 31 3 13 6 3 12 16 2 12 16 2 17 9 2 0 2 7 12 16 2 0 2 4 0 2 7 0 2 7 12 16 2 0 2 7 0 2 7 5 30 3 12 16 2 13 6 3 0 2 7 1 2 7 1 2 7 1 2 7 1 2 7 0 2 7 0 2 7 13 6 3 1 2 7 0 2 7 1 2 7 1 2 7 1 2 7 0 2 7 1 2 7 1 2 7 1 2 7 0 2 7 0 2 7 17 18 2 17 9 2 17 18 2 0 2 7 0 2 7 0 40.0383374691009521
5 31 3 13 6 3 12 16 2 12 16 2 17 9 2 0 2 7 12 16 2 0 2 7 0 2 7 0 2 7 12 16 2 0 2 7 1 2 7 5 30 3 12 16 2 13 6 3 0 2 7 1 2 7 1 2 7 1 2 7 0 2 7 0 2 7 0 2 7 13 6 3 1 2 7 0 2 7 1 2 7 1 2 7 1 2 7 0 2 7 1 2 7 1 2 7 0 2 4 0 2 7 0 2 7 17 18 2 17 18 2 17 18 2 0 2 7 1 2 7 0 40.0383374691009521
5 31 3 13 6 3 12 16 2 12 16 2 17 9 2 12 16 2 0 2 7 0 2 7 0 2 7 12 16 2 1 2 7 1 2 7 5 30 3 12 16 2 13 6 3 0 2 4 1 2 7 0 2 4 1 2 7 0 2 7 0 2 7 1 2 7 13 6 3 0 2 7 1 2 7 0 2 7 1 2 7 1 2 7 0 2 7 1 2 7 0 2 7 0 2 7 0 2 7 1 2 7 1 2 7 17 9 2 0 2 3 0 2 7 17 9 2 17 18 2 0 40.1183375120162964
5 31 3 13 6 3 12 16 2 12 16 2 17 9 2 0 2 7 12 16 2 0 2 7 0 2 7 0 2 7 12 16 2 0 2 7 1 2 7 5 30 3 12 16 2 13 6 3 0 2 7 1 2 7 1 2 7 1 2 7 0 2 7 0 2 7 0 2 7 13 6 3 1 2 7 0 2 7 1 2 7 1 2 7 1 2 7 0 2 7 1 2 7 1 2 7 0 2 7 0 2 7 17 9 2 0 2 7 17 9 2 0 2 4 1 2 7 17 9 2 0 40.0383374691009521
5 31 3 13 6 3 12 16 2 12 16 2 17 9 2 12 16 2 0 2 7 0 2 7 0 2 7 12 16 2 0 2 7 1 2 7 5 30 3 12 16 2 13 6 3 0 2 7 1 2 7 1 2 7 1 2 7 0 2 7 0 2 7 1 2 7 13 6 3 0 2 7 1 2 4 0 2 7 1 2 7 1 2 7 0 2 7 1 2 7 0 2 7 0 2 7 0 2 7 1 2 7 17 9 2 17 18 2 17 18 2 0 2 4 1 2 3 0 2 7 0 40.1183375120162964
5 31 3 13 6 3 12 16 2 12 16 2 17 9 2 12 16 2 0 2 7 0 2 7 0 2 7 12 16 2 0 2 7 0 2 7 5 30 3 12 16 2 13 6 3 1 2 7 1 2 7 1 2 7 1 2 7 0 2 7 0 2 7 13 6 3 0 2 7 0 2 7 0 2 7 1 2 7 1 2 7 0 2 7 1 2 4 0 2 7 1 2 7 0 2 7 0 2 7 1 2 7 17 9 2 1 2 7 0 2 7 1 2 7 17 9 2 17 9 2 0 40.0383374691009521
5 31 3 13 6 3 12 16 2 12 16 2 17 9 2 0 2 7 12 16 2 0 2 7 0 2 7 0 2 7 12 16 2 0 2 7 1 2 7 5 30 3 12 16 2 13 6 3 0 2 7 1 2 7 1 2 7 1 2 7 0 2 7 0 2 7 0 2 7 13 6 3 1 2 7 0 2 7 1 2 7 1 2 7 1 2 7 0 2 7 1 2 7 1 2 7 0 2 7 0 2 7 17 18 2 17 18 2 0 2 7 0 2 4 17 9 2 1 2 7 0 40.0383374691009521
5 31 3 13 6 3 12 16 2 12 16 2 17 9 2 0 2 7 12 16 2 0 2 7 0 2 7 0 2 7 12 16 2 0 2 7 1 2 7 5 30 3 12 16 2 13 6 3 0 2 7 1 2 7 1 2 7 1 2 7 0 2 7 0 2 7 0 2 7 13 6 3 1 2 7 0 2 7 1 2 7 1 2 7 1 2 7 0 2 7 1 2 7 1 2 7 0 2 7 0 2 7 0 2 7 0 2 4 17 9 2 1 2 7 17 18 2 17 9 2 0 40.0383374691009521
5 31 3 13 6 3 12 16 2 12 16 2 17 9 2 12 16 2 0 2 7 0 2 7 0 2 7 12 16 2 0 2 7 1 2 7 5 30 3 12 16 2 13 6 3 0 2 7 1 2 7 1 2 7 1 2 7 0 2 7 0 2 7 1 2 7 13 6 3 0 2 7 0 2 7 0 2 7 1 2 7 0 2 7 1 2 7 0 2 7 1 2 7 0 2 7 1 2 4 17 18 2 17 18 2 0 2 7 0 2 7 1 2 7 17 9 2 1 2 7 0 40.0383374691009521
5 31 3 13 6 3 12 16 2 12 16 2 17 9 2 12 16 2 0 2 7 0 2 7 0 2 7 12 16 2 0 2 7 0 2 7 5 30 3 12 16 2 13 6 3 1 2 7 1 2 7 1 2 7 1 2 7 0 2 7 0 2 7 13 6 3 0 2 7 0 2 7 0 2 7 1 2 7 1 2 7 0 2 7 1 2 4 0 2 7 1 2 7 0 2 7 0 2 7 1 2 7 1 2 7 0 2 7 1 2 7 17 9 2 17 18 2 17 9 2 0 40.0383374691009521
5 31 3 13 6 3 12 16 2 12 16 2 17 9 2 12 16 2 0 2 7 0 2 7 0 2 7 12 16 2 1 2 7 1 2 7 5 30 3 12 16 2 13 6 3 0 2 7 1 2 7 1 2 7 1 2 7 0 2 7 0 2 7 1 2 7 13 6 3 0 2 4 0 2 7 1 2 7 1 2 7 0 2 7 1 2 7 0 2 7 0 2 7 0 2 7 1 2 7 17 18 2 17 18 2 0 2 7 0 2 7 0 2 7 1 2 7 17 18 2 0 40.0383374691009521
5 31 3 13 6 3 12 16 2 12 16 2 17 9 2 0 2 7 12 16 2 0 2 7 0 2 7 0 2 7 12 16 2 0 2 7 1 2 7 5 30 3 12 16 2 13 6 3 0 2 7 1 2 7 1 2 7 1 2 7 0 2 7 0 2 7 0 2 7 13 6 3 1 2 7 0 2 7 1 2 7 1 2 7 1 2 7 0 2 7 1 2 7 1 2 7 0 2 7 0 2 7 0 2 7 17 18 2 17 18 2 1 2 4 0 2 7 17 18 2 0 40.0383374691009521
5 31 3 13 6 3 12 16 2 12 16 2 17 9 2 0 2 7 12 16 2 0 2 7 0 2 7 0 2 7 12 16 2 0 2 7 1 2 7 5 30 3 12 16 2 13 6 3 0 2 7 1 2 7 1 2 7 1 2 7 0 2 7 0 2 7 0 2 7 13 6 3 1 2 7 0 2 7 1 2 7 1 2 7 1 2 7 0 2 7 1 2 7 1 2 7 0 2 4 0 2 7 0 2 7 0 2 7 1 2 7 17 9 2 17 9 2 17 9 2 0 40.0383374691009521
5 31 3 13 6 3 12 16 2 12 16 2 17 9 2 12 16 2 0 2 7 0 2 7 0 2 7 12 16 2 0 2 7 1 2 7 5 30 3 12 16 2 13 6 3 0 2 7 1 2 7 1 2 7 1 2 7 0 2 7 0 2 7 1 2 7 13 6 3 0 2 7 1 2 4 0 2 7 1 2 7 1 2 7 0 2 7 1 2 7 0 2 7 0 2 7 0 2 7 1 2 7 17 9 2 17 18 2 17 18 2 0 2 4 1 2 3 0 2 7 0 40.1183375120162964
5 31 3 13 6 3 12 16 2 12 16 2 17 9 2 12 16 2 0 2 7 0 2 7 0 2 7 12 16 2 1 2 7 1 2 7 5 30 3 12 16 2 13 6 3 0 2 4 1 2 7 0 2 4 1 2 7 0 2 7 0 2 7 1 2 7 13 6 3 0 2 7 1 2 7 0 2 7 1 2 7 1 2 7 0 2 7 1 2 7 0 2 7 0 2 7 0 2 7 1 2 7 1 2 7 17 9 2 0 2 3 0 2 7 17 9 2 17 18 2 0 40.1183375120162964
MonoObjective Genetic Algorithm
Number of Evaluations = 0
Mutation Probability = 0
Crossover Probability = 1
Population Size = 10
Survival Selection Type = 15
Time =  9002.83608198165894
5 31 3 13 6 3 12 16 2 12 16 2 17 9 2 12 16 2 0 2 7 0 2 7 0 2 7 12 16 2 0 2 7 0 2 7 5 30 3 12 16 2 13 6 3 1 2 7 1 2 7 1 2 7 1 2 7 0 2 7 0 2 7 13 6 3 0 2 7 0 2 7 0 2 7 1 2 7 1 2 7 0 2 7 1 2 4 0 2 7 1 2 7 0 2 7 0 2 7 1 2 7 17 9 2 1 2 7 0 2 7 1 2 7 17 9 2 17 9 2 0 40.0383374691009521
5 31 3 13 6 3 12 16 2 12 16 2 17 9 2 0 2 7 12 16 2 0 2 7 0 2 7 0 2 7 12 16 2 0 2 7 1 2 7 5 30 3 12 16 2 13 6 3 0 2 7 1 2 7 1 2 7 1 2 7 0 2 7 0 2 7 0 2 7 13 6 3 1 2 7 0 2 7 1 2 7 1 2 7 1 2 7 0 2 7 1 2 7 1 2 7 0 2 7 0 2 7 17 18 2 17 18 2 0 2 7 0 2 4 17 9 2 1 2 7 0 40.0383374691009521
5 31 3 13 6 3 12 16 2 12 16 2 17 9 2 0 2 7 12 16 2 0 2 7 0 2 7 0 2 7 12 16 2 0 2 7 1 2 7 5 30 3 12 16 2 13 6 3 0 2 7 1 2 7 1 2 7 1 2 7 0 2 7 0 2 7 0 2 7 13 6 3 1 2 7 0 2 7 1 2 7 1 2 7 1 2 7 0 2 7 1 2 7 1 2 7 0 2 7 0 2 7 0 2 7 0 2 4 17 9 2 1 2 7 17 18 2 17 9 2 0 40.0383374691009521
5 31 3 13 6 3 12 16 2 12 16 2 17 9 2 12 16 2 0 2 7 0 2 7 0 2 7 12 16 2 0 2 7 1 2 7 5 30 3 12 16 2 13 6 3 0 2 7 1 2 7 1 2 7 1 2 7 0 2 7 0 2 7 1 2 7 13 6 3 0 2 7 0 2 7 0 2 7 1 2 7 0 2 7 1 2 7 0 2 7 1 2 7 0 2 7 1 2 4 17 18 2 17 18 2 0 2 7 0 2 7 1 2 7 17 9 2 1 2 7 0 40.0383374691009521
5 31 3 13 6 3 12 16 2 12 16 2 17 9 2 12 16 2 0 2 7 0 2 7 0 2 7 12 16 2 0 2 7 0 2 7 5 30 3 12 16 2 13 6 3 1 2 7 1 2 7 1 2 7 1 2 7 0 2 7 0 2 7 13 6 3 0 2 7 0 2 7 0 2 7 1 2 7 1 2 7 0 2 7 1 2 4 0 2 7 1 2 7 0 2 7 0 2 7 1 2 7 1 2 7 0 2 7 1 2 7 17 9 2 17 18 2 17 9 2 0 40.0383374691009521
5 31 3 13 6 3 12 16 2 12 16 2 17 9 2 12 16 2 0 2 7 0 2 7 0 2 7 12 16 2 1 2 7 1 2 7 5 30 3 12 16 2 13 6 3 0 2 7 1 2 7 1 2 7 1 2 7 0 2 7 0 2 7 1 2 7 13 6 3 0 2 4 0 2 7 1 2 7 1 2 7 0 2 7 1 2 7 0 2 7 0 2 7 0 2 7 1 2 7 17 18 2 17 18 2 0 2 7 0 2 7 0 2 7 1 2 7 17 18 2 0 40.0383374691009521
5 31 3 13 6 3 12 16 2 12 16 2 17 9 2 0 2 7 12 16 2 0 2 7 0 2 7 0 2 7 12 16 2 0 2 7 1 2 7 5 30 3 12 16 2 13 6 3 0 2 7 1 2 7 1 2 7 1 2 7 0 2 7 0 2 7 0 2 7 13 6 3 1 2 7 0 2 7 1 2 7 1 2 7 1 2 7 0 2 7 1 2 7 1 2 7 0 2 7 0 2 7 0 2 7 17 18 2 17 18 2 1 2 4 0 2 7 17 18 2 0 40.0383374691009521
5 31 3 13 6 3 12 16 2 12 16 2 17 9 2 0 2 7 12 16 2 0 2 7 0 2 7 0 2 7 12 16 2 0 2 7 1 2 7 5 30 3 12 16 2 13 6 3 0 2 7 1 2 7 1 2 7 1 2 7 0 2 7 0 2 7 0 2 7 13 6 3 1 2 7 0 2 7 1 2 7 1 2 7 1 2 7 0 2 7 1 2 7 1 2 7 0 2 4 0 2 7 0 2 7 0 2 7 1 2 7 17 9 2 17 9 2 17 9 2 0 40.0383374691009521
5 31 3 13 6 3 12 16 2 12 16 2 17 9 2 12 16 2 0 2 7 0 2 7 0 2 7 12 16 2 0 2 7 1 2 7 5 30 3 12 16 2 13 6 3 0 2 7 1 2 7 1 2 7 1 2 7 0 2 7 0 2 7 1 2 7 13 6 3 0 2 7 1 2 4 0 2 7 1 2 7 1 2 7 0 2 7 1 2 7 0 2 7 0 2 7 0 2 7 1 2 7 17 9 2 17 18 2 17 18 2 0 2 4 1 2 3 0 2 7 0 40.1183375120162964
5 31 3 13 6 3 12 16 2 12 16 2 17 9 2 12 16 2 0 2 7 0 2 7 0 2 7 12 16 2 1 2 7 1 2 7 5 30 3 12 16 2 13 6 3 0 2 4 1 2 7 0 2 4 1 2 7 0 2 7 0 2 7 1 2 7 13 6 3 0 2 7 1 2 7 0 2 7 1 2 7 1 2 7 0 2 7 1 2 7 0 2 7 0 2 7 0 2 7 1 2 7 1 2 7 17 9 2 0 2 3 0 2 7 17 9 2 17 18 2 0 40.1183375120162964
