0 2 7 12 16 2 5 30 3 0 2 7 0 2 7 1 2 7 0 2 7 0 2 7 0 2 7 0 2 7 1 2 7 0 2 7 13 6 3 17 18 2 1 2 7 5 31 3 1 2 7 1 2 7 0 2 7 17 18 2 0 20.2646257877349854
0 2 7 12 16 2 5 30 3 0 2 4 0 2 7 1 2 7 0 2 7 0 2 7 12 16 2 6 2 7 1 2 7 0 2 7 13 6 3 17 18 2 0 2 7 5 31 3 1 2 7 17 9 2 0 2 4 1 2 7 0 20.3487167954444885
0 2 7 12 16 2 5 30 3 0 2 4 6 2 7 0 2 7 0 2 7 1 2 7 0 2 7 13 6 3 17 18 2 0 2 7 5 31 3 1 2 7 1 2 7 0 2 7 12 16 2 17 18 2 0 2 4 1 2 7 0 20.3487167954444885
1 2 7 12 16 2 5 30 3 0 2 7 0 2 7 0 2 7 1 2 7 1 2 7 0 2 7 13 6 3 17 18 2 0 2 7 5 31 3 1 2 7 1 2 7 0 2 7 0 2 7 0 2 7 17 9 2 0 2 7 0 20.2646257877349854
0 2 7 12 16 2 5 30 3 0 2 7 6 2 4 1 2 7 1 2 7 0 2 4 0 2 7 13 6 3 1 2 7 1 2 7 5 31 3 0 2 7 0 2 7 0 2 7 12 16 2 17 18 2 17 9 2 0 2 7 0 20.3487167954444885
0 2 7 12 16 2 5 31 3 0 2 7 0 2 7 1 2 4 0 2 7 0 2 4 1 2 7 0 2 7 1 2 7 13 6 3 17 18 2 17 18 2 5 30 3 0 2 7 1 2 7 6 2 7 0 2 7 12 16 2 0 20.3487167954444885
17 18 2 5 31 3 0 2 7 12 16 2 0 2 7 1 2 3 0 2 7 1 2 4 13 6 3 0 2 7 12 16 2 1 2 7 0 2 7 5 30 3 0 2 4 16 30 2 0 2 7 1 2 7 0 2 7 12 16 2 0 20.4516057968139648
0 2 7 6 2 7 12 16 2 0 2 7 0 2 7 1 2 7 1 2 7 0 2 7 0 2 7 0 2 7 0 2 7 1 2 4 17 9 2 5 31 3 16 6 2 0 2 7 0 2 7 1 2 4 0 2 7 5 31 3 0 20.4595978856086731
17 9 2 16 6 2 8 18 2 0 2 7 0 2 3 12 16 2 0 2 7 1 2 7 1 2 7 0 2 3 5 30 3 0 2 7 1 2 7 0 2 7 1 2 4 5 31 3 0 2 3 1 2 3 0 2 7 0 2 7 0 20.8562788963317871
0 2 7 12 16 2 5 30 3 1 2 7 0 2 7 0 2 11 1 2 12 0 2 7 13 6 3 0 2 7 17 9 2 5 30 3 0 2 7 5 31 3 0 2 7 1 2 12 6 2 7 0 2 12 17 9 2 0 2 7 0 20.9407139420509338
0 2 7 12 16 2 5 30 3 0 2 7 0 2 7 1 2 7 0 2 7 13 6 3 17 18 2 0 2 7 5 31 3 1 2 7 1 2 7 0 2 7 1 2 7 0 2 7 0 2 7 1 2 7 0 2 7 17 18 2 0 20.2646257877349854
0 2 7 6 2 7 12 16 2 0 2 7 0 2 7 1 2 7 1 2 7 0 2 7 0 2 7 0 2 7 0 2 7 1 2 4 17 9 2 5 31 3 16 6 2 0 2 7 0 2 7 1 2 4 0 2 7 5 31 3 0 20.4595978856086731
0 2 7 12 16 2 5 31 3 0 2 7 0 2 7 1 2 7 0 2 4 13 6 3 17 18 2 5 30 3 0 2 7 1 2 7 0 2 7 0 2 7 1 2 4 17 18 2 0 2 7 1 2 7 6 2 7 12 16 2 0 20.3487167954444885
5 30 3 0 2 4 1 2 7 0 2 7 12 16 2 1 2 7 0 2 7 0 2 7 1 2 7 6 2 4 0 2 7 17 9 2 1 2 7 0 2 7 17 18 2 13 6 3 5 31 3 12 16 2 0 2 7 0 2 7 0 20.3487167954444885
0 2 7 12 16 2 5 30 3 0 2 7 0 2 7 1 2 7 0 2 7 13 6 3 17 18 2 0 2 7 5 31 3 1 2 7 1 2 7 0 2 7 0 2 7 0 2 7 17 9 2 1 2 7 1 2 7 0 2 7 0 20.2646257877349854
1 2 7 0 2 4 5 30 3 0 2 4 0 2 7 17 9 2 1 2 7 13 6 3 17 18 2 12 16 2 5 31 3 1 2 7 0 2 7 0 2 7 0 2 7 6 2 7 0 2 7 12 16 2 0 2 7 1 2 7 0 20.3487167954444885
17 18 2 5 31 3 0 2 7 1 2 7 13 6 3 0 2 7 12 16 2 0 2 7 5 30 3 0 2 7 0 2 7 1 2 7 12 16 2 0 2 7 0 2 7 17 9 2 1 2 7 1 2 4 6 2 4 0 2 7 0 20.3487167954444885
17 18 2 5 31 3 0 2 7 6 2 7 13 6 3 0 2 7 12 16 2 0 2 7 5 30 3 0 2 7 1 2 7 0 2 7 0 2 7 0 2 7 1 2 7 12 16 2 1 2 4 1 2 4 17 18 2 0 2 7 0 20.3487167954444885
1 2 7 12 16 2 5 30 3 0 2 7 0 2 7 1 2 4 0 2 7 13 6 3 17 18 2 0 2 7 5 31 3 1 2 7 1 2 4 0 2 7 12 16 2 0 2 7 16 30 2 0 2 3 0 2 7 12 16 2 0 20.4516057968139648
17 18 2 5 31 3 0 2 7 12 16 2 0 2 4 1 2 7 13 6 3 0 2 7 12 16 2 0 2 7 5 30 3 0 2 7 1 2 7 0 2 7 0 2 7 1 2 7 1 2 3 0 2 4 16 30 2 12 16 2 0 20.4516057968139648
5 31 3 0 2 7 13 6 3 0 2 7 12 16 2 0 2 7 5 30 3 0 2 7 0 2 7 1 2 7 1 2 7 0 2 7 17 9 2 0 2 7 1 2 7 17 9 2 0 2 7 0 2 7 1 2 7 1 2 7 0 20.2646257877349854
1 2 7 5 30 3 0 2 7 17 9 2 1 2 7 13 6 3 17 18 2 0 2 7 5 31 3 0 2 7 1 2 7 0 2 7 0 2 7 1 2 7 0 2 7 0 2 7 0 2 7 12 16 2 0 2 7 1 2 7 0 20.2646257877349854
5 31 3 0 2 7 0 2 7 13 6 3 0 2 7 12 16 2 0 2 7 5 30 3 0 2 7 0 2 7 1 2 7 0 2 7 1 2 7 1 2 7 0 2 7 17 18 2 1 2 7 17 18 2 1 2 7 0 2 7 0 20.2646257877349854
17 18 2 5 31 3 0 2 7 13 6 3 0 2 7 12 16 2 0 2 7 5 30 3 0 2 7 1 2 7 0 2 7 0 2 7 1 2 7 12 16 2 17 9 2 1 2 7 0 2 4 1 2 4 0 2 7 6 2 7 0 20.3487167954444885
1 2 7 5 30 3 0 2 7 17 9 2 1 2 7 13 6 3 17 18 2 12 16 2 5 31 3 0 2 4 0 2 7 0 2 7 0 2 7 1 2 7 6 2 7 0 2 7 0 2 4 0 2 7 1 2 7 12 16 2 0 20.3487167954444885
5 31 3 0 2 7 13 6 3 0 2 4 12 16 2 0 2 7 5 30 3 1 2 7 0 2 7 1 2 4 1 2 7 0 2 7 17 9 2 0 2 7 6 2 7 17 9 2 1 2 7 0 2 7 0 2 7 12 16 2 0 20.3487167954444885
17 9 2 5 31 3 0 2 7 13 6 3 0 2 7 12 16 2 0 2 4 5 30 3 0 2 7 6 2 4 1 2 7 0 2 7 1 2 7 12 16 2 1 2 7 1 2 7 0 2 7 0 2 7 0 2 7 17 18 2 0 20.3487167954444885
0 2 7 12 16 2 5 31 3 0 2 7 0 2 7 1 2 7 0 2 4 13 6 3 17 18 2 5 30 3 0 2 7 1 2 7 0 2 7 0 2 7 1 2 7 6 2 7 12 16 2 1 2 7 17 18 2 0 2 4 0 20.3487167954444885
17 18 2 5 31 3 0 2 7 13 6 3 0 2 7 0 2 7 5 30 3 0 2 7 1 2 4 0 2 7 0 2 7 0 2 7 1 2 7 12 16 2 12 16 2 1 2 7 1 2 7 0 2 7 6 2 4 17 18 2 0 20.3487167954444885
5 31 3 0 2 7 6 2 7 13 6 3 0 2 7 12 16 2 0 2 7 5 30 3 0 2 7 1 2 7 0 2 7 0 2 7 0 2 7 1 2 7 12 16 2 1 2 4 17 18 2 1 2 4 17 18 2 0 2 7 0 20.3487167954444885
0 2 7 12 16 2 0 2 7 1 2 7 13 6 3 17 18 2 5 30 3 0 2 7 1 2 7 1 2 7 0 2 7 0 2 7 1 2 7 5 31 3 0 2 7 1 2 7 0 2 7 0 2 7 0 2 7 17 18 2 0 20.2646257877349854
0 2 7 1 2 7 0 2 7 0 2 7 13 6 3 17 18 2 5 30 3 0 2 7 1 2 7 1 2 7 0 2 7 0 2 7 1 2 7 5 31 3 0 2 7 0 2 7 17 9 2 1 2 7 12 16 2 0 2 7 0 20.2646257877349854
0 2 7 12 16 2 5 31 3 0 2 7 1 2 7 13 6 3 17 18 2 5 30 3 0 2 7 1 2 7 0 2 7 6 2 7 1 2 7 12 16 2 0 2 7 0 2 4 0 2 7 0 2 4 17 9 2 1 2 7 0 20.3487167954444885
0 2 7 0 2 7 5 31 3 0 2 7 1 2 7 13 6 3 5 30 3 0 2 7 1 2 7 0 2 7 0 2 7 1 2 7 12 16 2 0 2 7 0 2 7 1 2 7 0 2 7 17 9 2 17 9 2 1 2 7 0 20.2646257877349854
1 2 7 5 30 3 0 2 7 1 2 7 13 6 3 0 2 7 5 31 3 0 2 7 1 2 7 0 2 7 0 2 7 0 2 7 0 2 7 0 2 7 12 16 2 17 18 2 17 9 2 6 2 4 1 2 4 12 16 2 0 20.3487167954444885
0 2 7 12 16 2 5 31 3 0 2 7 0 2 7 13 6 3 17 18 2 5 30 3 0 2 7 1 2 7 0 2 7 0 2 7 1 2 7 12 16 2 0 2 7 6 2 4 17 18 2 0 2 7 1 2 7 1 2 4 0 20.3487167954444885
5 30 3 0 2 7 0 2 7 13 6 3 0 2 7 12 16 2 6 2 4 12 16 2 1 2 7 1 2 4 0 2 7 1 2 7 0 2 7 17 9 2 0 2 7 5 31 3 0 2 7 17 9 2 0 2 7 1 2 7 0 20.3487167954444885
5 31 3 1 2 7 13 6 3 0 2 7 0 2 7 5 30 3 0 2 7 1 2 7 0 2 7 0 2 7 0 2 7 12 16 2 6 2 4 0 2 7 1 2 7 17 9 2 0 2 4 12 16 2 1 2 7 17 18 2 0 20.3487167954444885
0 2 7 12 16 2 5 31 3 0 2 7 1 2 7 13 6 3 5 30 3 0 2 7 1 2 7 0 2 7 0 2 7 1 2 4 12 16 2 0 2 7 0 2 7 1 2 4 0 2 7 17 18 2 6 2 7 17 18 2 0 20.3487167954444885
0 2 7 12 16 2 5 31 3 0 2 4 0 2 7 1 2 7 13 6 3 17 18 2 5 30 3 0 2 7 1 2 7 0 2 7 0 2 7 1 2 4 12 16 2 0 2 7 6 2 7 17 18 2 0 2 7 1 2 7 0 20.3487167954444885
0 2 7 12 16 2 5 31 3 0 2 7 0 2 7 13 6 3 17 18 2 5 30 3 0 2 7 1 2 7 0 2 7 0 2 7 1 2 7 0 2 7 17 18 2 0 2 7 1 2 7 0 2 7 1 2 7 1 2 7 0 20.2646257877349854
0 2 7 12 16 2 5 31 3 0 2 7 0 2 7 13 6 3 5 30 3 0 2 7 0 2 7 0 2 7 1 2 7 1 2 7 1 2 7 0 2 7 0 2 7 17 9 2 1 2 7 1 2 7 0 2 7 17 18 2 0 20.2646257877349854
0 2 7 12 16 2 5 31 3 0 2 7 1 2 4 13 6 3 17 18 2 5 30 3 0 2 7 1 2 7 0 2 7 1 2 7 0 2 4 0 2 7 17 9 2 6 2 7 1 2 7 12 16 2 0 2 7 0 2 7 0 20.3487167954444885
0 2 7 12 16 2 5 31 3 0 2 7 6 2 7 13 6 3 5 30 3 0 2 7 1 2 7 0 2 7 0 2 7 0 2 7 0 2 4 17 18 2 1 2 7 17 18 2 1 2 7 12 16 2 0 2 7 1 2 4 0 20.3487167954444885
0 2 10 16 30 2 5 31 3 0 2 3 0 2 7 5 30 3 1 2 7 0 2 4 0 2 4 1 2 7 0 2 3 1 2 7 0 2 7 17 18 2 0 2 7 1 2 7 0 2 3 12 16 2 0 2 7 1 2 11 0 20.8012489080429077
0 2 7 12 16 2 1 2 7 13 6 3 5 30 3 0 2 7 1 2 7 0 2 7 0 2 7 1 2 7 5 31 3 0 2 7 0 2 7 0 2 7 1 2 7 0 2 7 1 2 7 0 2 7 17 9 2 17 9 2 0 20.2646257877349854
0 2 7 5 30 3 0 2 7 0 2 7 13 6 3 12 16 2 0 2 7 1 2 7 5 31 3 0 2 4 0 2 7 0 2 7 1 2 7 1 2 7 0 2 4 17 18 2 1 2 7 6 2 7 12 16 2 17 18 2 0 20.3487167954444885
0 2 7 12 16 2 5 31 3 0 2 7 0 2 7 13 6 3 17 18 2 5 30 3 0 2 7 1 2 7 0 2 7 0 2 7 1 2 7 0 2 7 17 18 2 0 2 7 1 2 7 12 16 2 6 2 4 1 2 4 0 20.3487167954444885
0 2 4 0 2 7 5 30 3 1 2 7 0 2 7 13 6 3 12 16 2 0 2 7 6 2 4 1 2 7 5 31 3 0 2 7 12 16 2 0 2 7 0 2 7 1 2 7 1 2 7 0 2 7 17 9 2 17 18 2 0 20.3487167954444885
0 2 7 5 30 3 1 2 7 0 2 7 13 6 3 12 16 2 0 2 7 6 2 4 1 2 7 5 31 3 0 2 7 12 16 2 0 2 7 0 2 7 1 2 7 0 2 7 17 9 2 1 2 4 17 9 2 0 2 7 0 20.3487167954444885
0 2 7 12 16 2 5 31 3 0 2 7 0 2 7 13 6 3 5 30 3 0 2 7 0 2 7 0 2 7 1 2 7 1 2 7 0 2 7 1 2 7 0 2 7 1 2 7 0 2 7 1 2 7 17 9 2 17 9 2 0 20.2646257877349854
0 2 7 12 16 2 5 31 3 0 2 7 0 2 7 13 6 3 5 30 3 0 2 7 0 2 7 0 2 7 1 2 7 1 2 7 0 2 7 1 2 7 0 2 7 1 2 7 0 2 7 1 2 7 17 18 2 17 9 2 0 20.2646257877349854
0 2 7 12 16 2 1 2 7 13 6 3 5 30 3 0 2 7 1 2 7 0 2 7 0 2 7 1 2 7 5 31 3 0 2 7 0 2 7 0 2 7 0 2 7 0 2 7 1 2 7 1 2 7 17 18 2 17 18 2 0 20.2646257877349854
0 2 7 12 16 2 5 31 3 0 2 7 0 2 7 13 6 3 5 30 3 0 2 7 0 2 7 0 2 7 1 2 4 1 2 7 1 2 7 0 2 7 17 9 2 1 2 7 17 18 2 12 16 2 6 2 4 0 2 7 0 20.3487167954444885
0 2 7 12 16 2 5 30 3 12 16 2 0 2 7 13 6 3 5 31 3 0 2 4 1 2 7 0 2 7 0 2 7 1 2 7 1 2 7 6 2 7 17 9 2 0 2 7 17 18 2 0 2 4 0 2 7 1 2 7 0 20.3487167954444885
0 2 7 12 16 2 1 2 7 13 6 3 5 30 3 0 2 7 1 2 7 0 2 7 0 2 7 1 2 7 5 31 3 0 2 7 0 2 7 0 2 7 17 9 2 17 18 2 1 2 4 6 2 7 0 2 4 12 16 2 0 20.3487167954444885
0 2 7 5 30 3 0 2 7 0 2 7 13 6 3 12 16 2 0 2 7 1 2 7 5 31 3 0 2 7 0 2 7 1 2 7 1 2 7 17 18 2 12 16 2 17 18 2 0 2 7 6 2 4 1 2 4 0 2 7 0 20.3487167954444885
0 2 7 5 30 3 0 2 7 0 2 7 13 6 3 12 16 2 0 2 7 1 2 7 5 31 3 0 2 4 0 2 7 0 2 7 1 2 7 1 2 7 0 2 4 17 18 2 1 2 7 6 2 7 12 16 2 17 18 2 0 20.3487167954444885
1 2 4 12 16 2 5 31 3 0 2 7 13 6 3 17 18 2 5 30 3 0 2 7 1 2 7 0 2 7 1 2 7 0 2 7 0 2 7 17 9 2 1 2 4 12 16 2 0 2 7 0 2 7 6 2 7 0 2 7 0 20.3487167954444885
0 2 7 12 16 2 1 2 7 13 6 3 5 30 3 0 2 7 1 2 7 0 2 7 0 2 7 1 2 7 5 31 3 0 2 7 0 2 4 0 2 7 12 16 2 0 2 7 1 2 7 17 9 2 17 9 2 6 2 4 0 20.3487167954444885
0 2 7 5 30 3 0 2 7 1 2 7 13 6 3 1 2 7 0 2 7 1 2 7 5 31 3 0 2 7 0 2 7 1 2 7 17 18 2 0 2 7 0 2 7 0 2 7 17 18 2 1 2 7 12 16 2 0 2 7 0 20.2646257877349854
0 2 7 12 16 2 6 2 7 13 6 3 5 30 3 0 2 4 1 2 7 0 2 7 0 2 7 5 31 3 0 2 7 0 2 7 0 2 7 0 2 7 17 18 2 1 2 7 17 9 2 1 2 7 12 16 2 1 2 4 0 20.3487167954444885
0 2 7 12 16 2 5 31 3 0 2 7 0 2 7 13 6 3 5 30 3 0 2 7 0 2 7 0 2 7 1 2 7 1 2 7 0 2 7 1 2 7 17 9 2 12 16 2 1 2 4 0 2 4 6 2 7 17 9 2 0 20.3487167954444885
0 2 7 0 2 7 13 6 3 5 30 3 1 2 7 0 2 7 0 2 7 5 31 3 0 2 7 0 2 7 0 2 7 0 2 7 17 18 2 1 2 7 17 9 2 1 2 7 12 16 2 1 2 7 0 2 7 1 2 7 0 20.2646257877349854
0 2 7 12 16 2 5 31 3 0 2 7 0 2 7 13 6 3 5 30 3 0 2 7 0 2 7 0 2 7 1 2 7 1 2 7 0 2 7 1 2 7 0 2 7 1 2 7 0 2 7 1 2 7 17 9 2 17 9 2 0 20.2646257877349854
0 2 7 12 16 2 5 31 3 0 2 7 0 2 4 13 6 3 5 30 3 0 2 7 6 2 7 1 2 7 0 2 7 0 2 7 17 18 2 1 2 7 1 2 4 0 2 7 12 16 2 0 2 7 1 2 7 17 18 2 0 20.3487167954444885
0 2 7 5 30 3 0 2 7 0 2 7 13 6 3 12 16 2 0 2 7 1 2 7 5 31 3 0 2 7 0 2 7 1 2 7 1 2 7 17 18 2 12 16 2 0 2 7 1 2 4 17 9 2 6 2 4 0 2 7 0 20.3487167954444885
0 2 7 5 30 3 0 2 7 0 2 7 13 6 3 12 16 2 0 2 7 1 2 7 5 31 3 0 2 7 0 2 7 1 2 7 1 2 7 17 18 2 1 2 7 17 18 2 0 2 4 0 2 4 6 2 7 1 2 7 8.15046341929365263e-05 20.1303668618202209
0 2 7 5 30 3 0 2 7 0 2 7 13 6 3 12 16 2 0 2 7 1 2 7 5 31 3 0 2 7 0 2 7 1 2 7 1 2 7 17 18 2 12 16 2 0 2 7 1 2 7 17 9 2 6 2 4 0 2 4 0 20.3487167954444885
0 2 7 12 16 2 13 6 3 5 30 3 1 2 7 0 2 7 0 2 7 5 31 3 0 2 7 0 2 7 0 2 7 0 2 7 17 18 2 6 2 7 17 9 2 1 2 7 12 16 2 1 2 4 0 2 7 1 2 4 0 20.3487167954444885
0 2 7 12 16 2 13 6 3 5 30 3 1 2 7 0 2 7 0 2 7 5 31 3 0 2 7 0 2 7 0 2 7 0 2 7 0 2 7 1 2 7 0 2 7 1 2 7 1 2 7 1 2 7 17 9 2 17 9 2 0 20.2646257877349854
0 2 7 12 16 2 13 6 3 5 30 3 1 2 7 0 2 7 0 2 7 5 31 3 0 2 7 0 2 7 0 2 7 1 2 7 1 2 7 1 2 7 17 9 2 0 2 7 17 18 2 0 2 7 1 2 7 0 2 7 0 20.2646257877349854
0 2 7 12 16 2 13 6 3 5 30 3 1 2 7 0 2 7 0 2 7 5 31 3 6 2 7 0 2 4 0 2 4 0 2 7 17 18 2 1 2 7 17 9 2 0 2 7 12 16 2 1 2 7 1 2 7 0 2 7 0 20.3487167954444885
0 2 7 5 30 3 0 2 4 0 2 7 13 6 3 12 16 2 0 2 7 1 2 7 5 31 3 0 2 7 0 2 7 1 2 7 1 2 7 17 18 2 1 2 7 0 2 4 17 18 2 12 16 2 6 2 7 0 2 7 0 20.3487167954444885
0 2 7 5 30 3 0 2 7 0 2 7 13 6 3 1 2 7 0 2 7 1 2 7 5 31 3 0 2 7 0 2 7 1 2 7 0 2 7 17 18 2 1 2 7 12 16 2 0 2 7 0 2 7 17 18 2 1 2 7 0 20.2646257877349854
0 2 4 12 16 2 13 6 3 5 30 3 1 2 7 0 2 4 0 2 7 5 31 3 0 2 7 0 2 7 0 2 7 1 2 7 17 9 2 1 2 7 12 16 2 0 2 7 0 2 7 17 9 2 6 2 7 1 2 7 0 20.3487167954444885
0 2 7 12 16 2 6 2 7 13 6 3 5 30 3 0 2 4 1 2 7 0 2 7 0 2 7 5 31 3 0 2 7 0 2 7 0 2 7 0 2 7 1 2 7 17 9 2 1 2 7 12 16 2 1 2 4 17 18 2 0 20.3487167954444885
0 2 7 12 16 2 13 6 3 5 30 3 1 2 7 0 2 7 0 2 7 5 31 3 0 2 7 0 2 7 0 2 7 1 2 7 17 9 2 1 2 7 12 16 2 0 2 7 0 2 7 6 2 4 17 18 2 1 2 4 0 20.3487167954444885
0 2 7 12 16 2 13 6 3 5 30 3 1 2 7 0 2 7 0 2 7 5 31 3 0 2 7 0 2 7 0 2 7 0 2 7 17 18 2 6 2 7 17 9 2 1 2 7 12 16 2 1 2 4 0 2 7 1 2 4 0 20.3487167954444885
0 2 7 5 30 3 0 2 7 0 2 7 13 6 3 12 16 2 0 2 7 1 2 7 5 31 3 0 2 7 0 2 7 1 2 7 1 2 7 17 18 2 1 2 7 0 2 4 17 18 2 12 16 2 6 2 4 0 2 7 0 20.3487167954444885
1 2 7 5 30 3 0 2 7 1 2 7 13 6 3 0 2 7 0 2 7 0 2 7 5 31 3 0 2 7 0 2 7 0 2 7 1 2 7 12 16 2 1 2 7 0 2 7 0 2 7 1 2 7 17 18 2 17 18 2 0 20.2646257877349854
12 16 2 13 6 3 5 30 3 1 2 7 0 2 7 5 31 3 0 2 7 0 2 7 1 2 7 17 9 2 1 2 7 0 2 7 0 2 7 1 2 7 0 2 7 0 2 7 17 18 2 1 2 7 0 2 7 0 2 7 0 20.2646257877349854
1 2 7 5 30 3 0 2 7 1 2 7 13 6 3 0 2 7 0 2 7 0 2 7 5 31 3 0 2 7 0 2 7 0 2 7 1 2 7 12 16 2 6 2 4 17 18 2 17 9 2 1 2 7 0 2 4 12 16 2 0 20.3487167954444885
0 2 4 5 30 3 6 2 7 0 2 7 13 6 3 1 2 7 0 2 7 0 2 7 5 31 3 0 2 7 0 2 7 1 2 7 1 2 7 12 16 2 17 9 2 12 16 2 0 2 7 0 2 4 17 18 2 1 2 7 0 20.3487167954444885
0 2 4 12 16 2 13 6 3 5 30 3 1 2 7 0 2 7 5 31 3 0 2 7 0 2 7 1 2 7 17 9 2 1 2 7 12 16 2 0 2 7 0 2 7 17 9 2 1 2 7 0 2 7 6 2 7 0 2 4 0 20.3487167954444885
0 2 7 1 2 7 13 6 3 5 30 3 1 2 7 0 2 7 5 31 3 0 2 7 0 2 7 1 2 7 17 9 2 1 2 7 12 16 2 0 2 7 0 2 7 1 2 7 0 2 7 0 2 7 0 2 7 17 9 2 0 20.2646257877349854
12 16 2 13 6 3 5 30 3 1 2 7 0 2 7 5 31 3 0 2 7 0 2 7 0 2 7 1 2 7 17 9 2 0 2 7 12 16 2 0 2 4 0 2 7 0 2 7 1 2 7 17 9 2 6 2 4 1 2 7 0 20.3487167954444885
0 2 7 12 16 2 13 6 3 5 30 3 1 2 7 0 2 7 0 2 7 5 31 3 0 2 7 0 2 7 0 2 7 1 2 7 17 9 2 1 2 7 12 16 2 0 2 7 0 2 7 6 2 4 17 18 2 1 2 4 0 20.3487167954444885
12 16 2 13 6 3 5 30 3 1 2 7 0 2 7 5 31 3 0 2 7 0 2 7 1 2 7 17 9 2 1 2 7 0 2 7 0 2 7 1 2 4 0 2 7 0 2 4 12 16 2 17 18 2 6 2 7 0 2 7 0 20.3487167954444885
0 2 7 12 16 2 13 6 3 5 30 3 1 2 7 0 2 7 0 2 7 5 31 3 0 2 7 0 2 7 0 2 7 0 2 7 1 2 7 17 9 2 12 16 2 1 2 4 6 2 7 17 18 2 0 2 7 1 2 4 0 20.3487167954444885
0 2 7 13 6 3 5 30 3 0 2 7 1 2 7 5 31 3 0 2 7 12 16 2 1 2 7 1 2 7 0 2 7 0 2 7 0 2 7 0 2 7 0 2 7 1 2 7 1 2 7 0 2 7 17 18 2 17 18 2 0 20.2646257877349854
0 2 7 13 6 3 5 30 3 0 2 7 1 2 7 5 31 3 0 2 7 0 2 7 1 2 7 0 2 7 0 2 7 0 2 7 0 2 7 0 2 7 17 18 2 1 2 7 1 2 7 1 2 7 17 9 2 12 16 2 0 20.2646257877349854
12 16 2 13 6 3 5 30 3 1 2 7 0 2 7 5 31 3 0 2 7 0 2 7 0 2 7 1 2 7 17 9 2 0 2 7 0 2 7 0 2 7 17 9 2 0 2 7 1 2 7 1 2 4 1 2 4 1 2 7 6.62037283157481543e-05 20.1540738344192505
12 16 2 13 6 3 5 30 3 1 2 7 0 2 7 5 31 3 0 2 7 0 2 7 0 2 7 1 2 7 17 9 2 0 2 7 1 2 7 0 2 7 0 2 7 17 9 2 0 2 7 1 2 7 0 2 7 1 2 7 0 20.2646257877349854
12 16 2 13 6 3 5 30 3 1 2 7 0 2 7 5 31 3 0 2 7 0 2 7 0 2 7 1 2 7 17 9 2 0 2 7 12 16 2 0 2 7 0 2 7 17 9 2 1 2 4 1 2 4 6 2 7 0 2 7 0 20.3487167954444885
12 16 2 13 6 3 5 30 3 1 2 7 0 2 4 5 31 3 0 2 7 0 2 7 0 2 7 1 2 7 17 9 2 0 2 7 12 16 2 0 2 7 0 2 7 17 9 2 1 2 4 6 2 7 1 2 7 0 2 7 0 20.3487167954444885
1 2 7 0 2 7 0 2 7 0 2 7 13 6 3 0 2 7 0 2 7 5 30 3 0 2 7 0 2 7 12 16 2 5 31 3 0 2 7 6 2 7 17 18 2 1 2 4 1 2 7 12 16 2 1 2 4 17 9 2 0 20.3487167954444885
12 16 2 13 6 3 5 30 3 1 2 7 0 2 7 5 31 3 0 2 7 0 2 7 1 2 7 1 2 7 0 2 7 0 2 7 0 2 7 0 2 7 17 18 2 17 9 2 1 2 4 12 16 2 0 2 4 6 2 7 0 20.3487167954444885
12 16 2 13 6 3 5 30 3 1 2 7 0 2 7 5 31 3 0 2 7 0 2 7 0 2 7 1 2 7 17 9 2 0 2 7 12 16 2 6 2 7 17 9 2 0 2 7 0 2 4 1 2 7 1 2 7 0 2 4 0 20.3487167954444885
12 16 2 13 6 3 5 30 3 1 2 7 0 2 7 5 31 3 0 2 7 0 2 7 0 2 7 1 2 7 17 9 2 0 2 7 12 16 2 0 2 4 0 2 7 0 2 7 1 2 7 17 9 2 6 2 4 1 2 7 0 20.3487167954444885
0 2 7 13 6 3 5 30 3 1 2 7 1 2 7 5 31 3 0 2 7 0 2 7 1 2 7 1 2 7 0 2 7 0 2 7 0 2 7 0 2 7 12 16 2 0 2 7 1 2 7 0 2 7 17 18 2 17 18 2 0 20.2646257877349854
12 16 2 13 6 3 5 30 3 0 2 7 0 2 7 5 31 3 0 2 7 0 2 7 0 2 7 1 2 7 17 9 2 0 2 7 1 2 7 0 2 7 17 9 2 0 2 7 1 2 7 0 2 7 1 2 7 1 2 7 0 20.2646257877349854
12 16 2 16 19 11 5 30 3 0 2 7 1 2 7 5 30 3 0 2 11 0 2 7 0 2 8 0 2 11 0 2 11 5 30 3 0 2 7 0 2 11 0 2 7 0 2 11 0 2 11 17 18 2 8 18 2 1 2 11 0 21.9955490827560425
0 2 7 0 2 7 5 30 3 1 2 7 1 2 7 5 31 3 0 2 7 13 6 3 1 2 7 1 2 7 0 2 7 0 2 7 0 2 7 12 16 2 0 2 7 0 2 7 1 2 7 0 2 7 17 9 2 17 18 2 0 20.2646257877349854
12 16 2 13 6 3 5 30 3 1 2 7 0 2 4 5 31 3 0 2 7 0 2 7 0 2 7 1 2 7 17 9 2 0 2 7 12 16 2 0 2 7 17 9 2 0 2 4 1 2 7 0 2 7 6 2 7 1 2 7 0 20.3487167954444885
12 16 2 13 6 3 5 30 3 1 2 7 0 2 4 5 31 3 0 2 7 0 2 7 0 2 7 1 2 7 17 9 2 0 2 7 12 16 2 6 2 7 0 2 7 17 9 2 0 2 7 1 2 4 1 2 7 0 2 7 0 20.3487167954444885
0 2 7 13 6 3 5 30 3 1 2 4 1 2 7 5 31 3 0 2 7 0 2 7 1 2 7 1 2 7 0 2 4 0 2 7 0 2 7 0 2 7 12 16 2 0 2 7 12 16 2 17 9 2 17 18 2 6 2 7 0 20.3487167954444885
12 16 2 13 6 3 5 30 3 1 2 7 0 2 7 5 31 3 0 2 7 0 2 7 0 2 7 1 2 7 17 9 2 0 2 7 12 16 2 6 2 7 0 2 7 1 2 7 0 2 4 1 2 7 0 2 4 17 18 2 0 20.3487167954444885
12 16 2 13 6 3 5 30 3 1 2 7 0 2 7 5 31 3 0 2 4 0 2 7 0 2 7 1 2 7 17 9 2 0 2 7 12 16 2 0 2 7 17 9 2 0 2 7 1 2 7 0 2 7 1 2 7 6 2 4 0 20.3487167954444885
1 2 7 0 2 7 0 2 7 0 2 7 13 6 3 0 2 7 0 2 7 5 30 3 0 2 7 0 2 7 12 16 2 5 31 3 0 2 7 6 2 7 17 18 2 1 2 4 1 2 7 12 16 2 1 2 4 17 9 2 0 20.3487167954444885
12 16 2 13 6 3 5 30 3 1 2 7 0 2 7 5 31 3 0 2 7 0 2 7 1 2 7 17 9 2 0 2 7 0 2 7 17 9 2 0 2 7 1 2 7 0 2 7 0 2 7 0 2 7 1 2 7 1 2 7 0 20.2646257877349854
1 2 7 13 6 3 5 30 3 1 2 7 0 2 7 5 31 3 0 2 7 0 2 7 1 2 7 0 2 7 0 2 7 0 2 7 0 2 7 1 2 7 17 18 2 0 2 7 0 2 7 12 16 2 1 2 7 17 9 2 0 20.2646257877349854
12 16 2 5 31 3 1 2 7 0 2 3 0 2 4 1 2 7 0 2 7 0 2 7 1 2 7 0 2 7 5 30 3 17 18 2 0 2 7 15 2 11 1 2 7 0 2 7 0 2 7 16 6 2 0 2 7 0 2 4 0 20.6338227987289429
1 2 7 5 30 3 1 2 7 0 2 7 5 31 3 0 2 7 0 2 7 1 2 7 0 2 7 13 6 3 0 2 7 0 2 7 1 2 7 17 18 2 12 16 2 0 2 7 0 2 7 0 2 7 1 2 7 17 18 2 0 20.2646257877349854
6 2 4 13 6 3 5 30 3 1 2 7 0 2 7 5 31 3 1 2 7 0 2 7 1 2 7 0 2 4 0 2 7 0 2 7 0 2 7 1 2 7 12 16 2 17 18 2 0 2 7 0 2 7 12 16 2 17 9 2 0 20.3487167954444885
12 16 2 13 6 3 5 30 3 1 2 7 0 2 7 5 31 3 0 2 4 0 2 7 0 2 7 1 2 7 17 9 2 0 2 7 12 16 2 0 2 7 17 9 2 0 2 7 1 2 7 0 2 7 1 2 7 6 2 4 0 20.3487167954444885
12 16 2 13 6 3 5 30 3 1 2 7 0 2 7 5 31 3 0 2 7 0 2 7 0 2 7 1 2 7 17 9 2 0 2 7 12 16 2 6 2 7 0 2 7 1 2 7 0 2 4 1 2 7 0 2 4 17 18 2 0 20.3487167954444885
12 16 2 13 6 3 5 30 3 1 2 7 0 2 7 5 31 3 0 2 4 0 2 7 0 2 7 1 2 7 17 9 2 0 2 7 12 16 2 0 2 7 17 9 2 0 2 7 1 2 7 0 2 7 6 2 7 1 2 4 0 20.3487167954444885
12 16 2 13 6 3 5 30 3 6 2 4 0 2 7 5 31 3 0 2 7 0 2 7 0 2 7 1 2 4 0 2 7 0 2 7 1 2 7 1 2 7 17 18 2 0 2 7 12 16 2 1 2 7 0 2 7 17 18 2 0 20.3487167954444885
12 16 2 13 6 3 5 30 3 1 2 7 5 31 3 0 2 7 0 2 7 0 2 7 1 2 4 0 2 7 0 2 7 0 2 7 1 2 7 0 2 7 17 18 2 0 2 7 12 16 2 6 2 7 17 9 2 1 2 4 0 20.3487167954444885
12 16 2 13 6 3 5 30 3 0 2 7 5 31 3 0 2 7 0 2 7 0 2 7 0 2 7 0 2 7 1 2 7 1 2 7 0 2 7 0 2 7 0 2 7 1 2 7 1 2 7 1 2 7 17 9 2 17 9 2 0 20.2646257877349854
5 31 3 13 6 3 5 30 3 1 2 7 0 2 7 0 2 7 0 2 7 0 2 7 12 16 2 0 2 7 0 2 7 1 2 7 17 18 2 0 2 7 0 2 7 0 2 7 1 2 7 1 2 7 1 2 7 17 9 2 0 20.2646257877349854
5 31 3 13 6 3 5 30 3 1 2 7 0 2 7 0 2 7 0 2 7 0 2 7 12 16 2 0 2 7 0 2 7 1 2 7 17 18 2 0 2 7 0 2 7 0 2 7 1 2 7 1 2 7 1 2 7 17 18 2 0 20.2646257877349854
0 2 7 13 6 3 5 30 3 1 2 7 0 2 7 5 31 3 0 2 7 0 2 7 1 2 7 0 2 7 0 2 7 0 2 7 0 2 7 1 2 7 12 16 2 17 18 2 17 9 2 12 16 2 1 2 4 6 2 4 0 20.3487167954444885
5 31 3 13 6 3 5 30 3 6 2 7 1 2 4 1 2 7 0 2 7 0 2 7 0 2 7 0 2 7 12 16 2 0 2 4 0 2 7 12 16 2 0 2 7 1 2 7 1 2 7 17 9 2 17 18 2 0 2 7 0 20.3487167954444885
5 31 3 13 6 3 5 30 3 1 2 7 0 2 7 0 2 7 0 2 7 0 2 7 12 16 2 0 2 7 0 2 7 1 2 4 1 2 7 17 18 2 0 2 7 6 2 7 12 16 2 1 2 7 17 18 2 0 2 4 0 20.3487167954444885
12 16 2 13 6 3 5 30 3 6 2 4 0 2 7 5 31 3 0 2 7 0 2 7 0 2 7 1 2 4 0 2 7 0 2 7 1 2 7 1 2 7 17 18 2 0 2 7 12 16 2 1 2 7 0 2 7 17 18 2 0 20.3487167954444885
0 2 7 13 6 3 5 30 3 1 2 7 0 2 7 5 31 3 1 2 7 0 2 7 1 2 7 0 2 7 0 2 7 0 2 7 0 2 4 1 2 7 12 16 2 17 18 2 17 9 2 12 16 2 6 2 4 0 2 7 0 20.3487167954444885
5 31 3 13 6 3 5 30 3 1 2 7 0 2 7 0 2 7 0 2 7 0 2 7 12 16 2 0 2 7 0 2 7 1 2 4 1 2 7 17 9 2 17 18 2 0 2 7 6 2 7 1 2 4 0 2 7 12 16 2 0 20.3487167954444885
0 2 7 13 6 3 5 30 3 1 2 7 0 2 7 5 31 3 1 2 7 6 2 7 1 2 7 0 2 7 0 2 7 0 2 7 0 2 4 1 2 7 12 16 2 17 18 2 12 16 2 17 18 2 0 2 4 0 2 7 0 20.3487167954444885
5 30 3 1 2 7 5 31 3 0 2 7 1 2 7 1 2 7 0 2 7 12 16 2 1 2 7 0 2 7 0 2 7 17 9 2 13 6 3 0 2 7 1 2 7 0 2 7 0 2 7 0 2 7 0 2 7 17 9 2 0 20.2646257877349854
5 30 3 13 6 3 5 31 3 1 2 7 0 2 7 0 2 4 0 2 7 1 2 7 0 2 7 1 2 7 17 9 2 17 18 2 0 2 7 0 2 7 0 2 7 6 2 7 12 16 2 1 2 4 0 2 7 12 16 2 0 20.3487167954444885
5 30 3 13 6 3 5 31 3 1 2 7 0 2 7 0 2 7 0 2 7 1 2 7 0 2 7 1 2 7 17 18 2 0 2 7 0 2 7 0 2 7 1 2 7 0 2 7 0 2 7 1 2 7 12 16 2 17 9 2 0 20.2646257877349854
5 31 3 13 6 3 5 30 3 1 2 7 0 2 7 0 2 7 0 2 7 0 2 7 12 16 2 0 2 7 0 2 7 1 2 7 17 18 2 1 2 7 1 2 7 0 2 7 1 2 7 0 2 7 17 18 2 0 2 7 0 20.2646257877349854
5 31 3 13 6 3 5 30 3 1 2 7 0 2 7 0 2 7 0 2 7 0 2 7 0 2 7 0 2 7 0 2 7 1 2 7 1 2 7 17 18 2 12 16 2 17 18 2 0 2 4 1 2 4 12 16 2 6 2 7 0 20.3487167954444885
0 2 7 13 6 3 5 30 3 1 2 7 0 2 7 5 31 3 1 2 7 0 2 7 1 2 7 0 2 7 0 2 7 0 2 7 12 16 2 17 18 2 17 9 2 0 2 7 12 16 2 6 2 4 1 2 4 0 2 7 0 20.3487167954444885
5 30 3 1 2 7 5 31 3 0 2 7 1 2 7 6 2 7 0 2 7 1 2 7 12 16 2 0 2 7 0 2 7 0 2 7 17 9 2 13 6 3 0 2 7 0 2 4 1 2 4 0 2 7 17 9 2 12 16 2 0 20.3487167954444885
5 31 3 13 6 3 5 30 3 1 2 7 0 2 7 0 2 7 0 2 7 12 16 2 0 2 7 1 2 7 17 9 2 17 18 2 1 2 7 0 2 7 0 2 7 1 2 7 6 2 4 0 2 7 0 2 4 12 16 2 0 20.3487167954444885
5 31 3 13 6 3 5 30 3 1 2 7 0 2 7 0 2 7 6 2 7 0 2 7 12 16 2 0 2 7 1 2 4 17 9 2 17 18 2 0 2 7 0 2 7 0 2 7 1 2 7 12 16 2 0 2 7 1 2 4 0 20.3487167954444885
5 30 3 13 6 3 5 31 3 1 2 7 0 2 7 0 2 7 0 2 7 1 2 7 0 2 7 1 2 7 17 18 2 0 2 7 0 2 7 1 2 7 12 16 2 6 2 7 17 18 2 0 2 4 12 16 2 0 2 4 0 20.3487167954444885
5 30 3 13 6 3 5 31 3 1 2 7 0 2 7 0 2 7 1 2 7 0 2 7 1 2 7 17 9 2 0 2 7 0 2 7 0 2 7 12 16 2 0 2 7 0 2 7 1 2 7 0 2 7 1 2 7 17 9 2 0 20.2646257877349854
5 30 3 13 6 3 5 31 3 1 2 7 0 2 7 1 2 7 1 2 7 0 2 7 0 2 7 17 9 2 0 2 7 0 2 7 0 2 7 12 16 2 0 2 7 0 2 7 0 2 7 1 2 7 1 2 7 17 18 2 0 20.2646257877349854
5 30 3 13 6 3 5 31 3 1 2 7 0 2 7 0 2 7 1 2 7 0 2 7 1 2 7 0 2 7 0 2 7 0 2 7 12 16 2 0 2 7 0 2 7 1 2 7 0 2 7 1 2 7 17 18 2 17 18 2 0 20.2646257877349854
5 31 3 13 6 3 5 30 3 1 2 7 0 2 7 0 2 7 0 2 7 12 16 2 0 2 7 1 2 7 17 9 2 17 18 2 1 2 7 0 2 7 0 2 7 0 2 7 6 2 7 12 16 2 1 2 4 0 2 4 0 20.3487167954444885
5 31 3 13 6 3 5 30 3 1 2 7 0 2 4 0 2 7 0 2 7 0 2 7 0 2 7 0 2 7 0 2 4 1 2 7 1 2 7 17 18 2 12 16 2 0 2 7 17 9 2 1 2 7 12 16 2 6 2 7 0 20.3487167954444885
5 31 3 13 6 3 5 30 3 1 2 7 0 2 7 0 2 7 0 2 7 12 16 2 0 2 7 1 2 7 17 18 2 1 2 7 0 2 7 0 2 7 1 2 7 0 2 4 12 16 2 0 2 4 6 2 7 17 18 2 0 20.3487167954444885
5 31 3 13 6 3 5 30 3 1 2 7 0 2 7 0 2 7 0 2 7 0 2 7 0 2 7 0 2 7 0 2 7 1 2 7 1 2 7 17 18 2 12 16 2 1 2 4 12 16 2 17 18 2 0 2 4 6 2 7 0 20.3487167954444885
5 31 3 13 6 3 5 30 3 1 2 7 0 2 7 0 2 7 0 2 7 12 16 2 0 2 7 1 2 7 17 9 2 17 18 2 1 2 7 0 2 7 0 2 7 1 2 7 0 2 7 6 2 4 0 2 4 12 16 2 0 20.3487167954444885
5 31 3 13 6 3 5 30 3 1 2 7 0 2 7 0 2 7 0 2 7 0 2 7 0 2 7 0 2 7 1 2 7 17 18 2 12 16 2 0 2 7 17 9 2 12 16 2 0 2 7 6 2 4 1 2 7 1 2 4 0 20.3487167954444885
5 31 3 13 6 3 5 30 3 0 2 7 0 2 7 0 2 7 12 16 2 0 2 7 0 2 7 17 18 2 0 2 7 0 2 7 0 2 7 1 2 7 1 2 7 1 2 4 12 16 2 0 2 7 17 18 2 1 2 4 0 20.4429757595062256
5 31 3 13 6 3 5 30 3 1 2 7 0 2 7 0 2 7 0 2 7 0 2 7 0 2 7 1 2 7 12 16 2 1 2 7 17 9 2 0 2 7 0 2 7 1 2 7 0 2 7 1 2 7 0 2 7 17 9 2 0 20.2646257877349854
5 31 3 13 6 3 5 30 3 1 2 7 0 2 7 0 2 7 0 2 7 0 2 7 0 2 7 1 2 7 12 16 2 1 2 7 17 18 2 17 9 2 0 2 7 0 2 7 0 2 7 0 2 7 1 2 7 1 2 7 0 20.2646257877349854
5 31 3 13 6 3 5 30 3 1 2 7 0 2 7 0 2 7 0 2 7 0 2 7 0 2 7 6 2 7 1 2 7 12 16 2 1 2 7 17 18 2 17 9 2 0 2 7 0 2 7 12 16 2 1 2 4 0 2 4 0 20.3487167954444885
5 31 3 13 6 3 5 30 3 1 2 7 0 2 7 0 2 7 0 2 4 0 2 7 0 2 7 1 2 7 1 2 7 17 18 2 12 16 2 12 16 2 17 18 2 0 2 7 6 2 7 0 2 7 1 2 4 0 2 7 0 20.3487167954444885
5 31 3 13 6 3 5 30 3 1 2 7 0 2 7 0 2 7 0 2 7 0 2 7 0 2 7 0 2 7 1 2 7 12 16 2 0 2 7 17 9 2 0 2 7 1 2 7 17 18 2 12 16 2 6 2 4 1 2 4 0 20.3487167954444885
5 31 3 13 6 3 5 30 3 0 2 7 0 2 7 0 2 7 12 16 2 0 2 7 0 2 7 17 18 2 0 2 7 0 2 7 0 2 7 1 2 7 1 2 7 1 2 4 12 16 2 0 2 7 17 18 2 1 2 4 0 20.4429757595062256
5 31 3 13 6 3 5 30 3 1 2 7 0 2 7 0 2 7 0 2 7 0 2 7 0 2 7 1 2 7 12 16 2 1 2 7 17 18 2 0 2 7 0 2 7 0 2 7 0 2 7 1 2 7 1 2 7 17 18 2 0 20.2646257877349854
5 31 3 13 6 3 5 30 3 1 2 7 0 2 7 0 2 7 0 2 7 0 2 7 0 2 4 0 2 7 6 2 4 1 2 7 12 16 2 1 2 7 17 18 2 17 9 2 0 2 7 0 2 7 12 16 2 1 2 7 0 20.3487167954444885
5 31 3 13 6 3 5 30 3 0 2 7 0 2 7 0 2 7 0 2 7 0 2 7 0 2 7 0 2 7 1 2 4 17 18 2 12 16 2 12 16 2 1 2 7 6 2 7 0 2 7 17 9 2 1 2 7 1 2 4 0 20.3487167954444885
5 31 3 13 6 3 5 30 3 1 2 7 0 2 7 0 2 7 0 2 4 0 2 7 0 2 7 1 2 7 1 2 7 17 18 2 12 16 2 12 16 2 17 18 2 0 2 7 6 2 7 0 2 7 0 2 4 1 2 7 0 20.3487167954444885
5 31 3 13 6 3 5 30 3 1 2 7 0 2 7 0 2 7 0 2 7 0 2 7 0 2 7 1 2 7 12 16 2 1 2 7 0 2 7 17 9 2 1 2 7 0 2 7 0 2 7 0 2 7 1 2 7 17 9 2 0 20.2646257877349854
5 31 3 13 6 3 5 30 3 1 2 7 0 2 7 0 2 7 0 2 7 0 2 7 0 2 4 1 2 7 12 16 2 1 2 7 0 2 7 17 9 2 1 2 7 6 2 7 17 18 2 12 16 2 0 2 7 0 2 4 0 20.3487167954444885
5 31 3 13 6 3 5 30 3 0 2 7 0 2 7 0 2 7 0 2 7 1 2 7 0 2 7 0 2 7 1 2 7 12 16 2 1 2 7 1 2 7 0 2 7 0 2 7 0 2 7 1 2 7 17 18 2 17 9 2 0 20.2646257877349854
5 31 3 13 6 3 5 30 3 0 2 7 0 2 7 0 2 7 0 2 7 0 2 7 0 2 7 17 18 2 12 16 2 12 16 2 1 2 7 6 2 7 17 9 2 1 2 7 0 2 7 1 2 4 1 2 7 0 2 4 0 20.3487167954444885
0 2 7 13 6 3 5 30 3 1 2 7 0 2 4 1 2 7 1 2 7 12 16 2 12 16 2 0 2 7 17 18 2 6 2 7 5 31 3 0 2 7 0 2 7 0 2 7 1 2 7 0 2 4 17 18 2 0 2 7 0 20.3487167954444885
0 2 7 13 6 3 5 30 3 0 2 7 0 2 4 1 2 4 1 2 7 1 2 7 12 16 2 12 16 2 0 2 7 17 18 2 17 18 2 6 2 7 5 31 3 0 2 7 0 2 7 0 2 7 0 2 7 1 2 7 0 20.3487167954444885
5 30 3 13 6 3 5 30 3 1 2 7 0 2 7 0 2 7 0 2 1 1 2 7 0 2 7 0 2 7 0 2 11 12 16 2 1 2 7 8 18 2 12 16 2 0 2 7 1 2 7 17 18 2 17 18 2 0 2 7 0 20.7305498123168945
5 31 3 13 6 3 5 30 3 0 2 7 0 2 7 0 2 7 0 2 7 1 2 7 0 2 7 0 2 7 1 2 7 12 16 2 1 2 7 17 18 2 0 2 7 0 2 7 0 2 7 1 2 7 1 2 7 17 18 2 0 20.2646257877349854
5 31 3 13 6 3 5 30 3 1 2 7 0 2 7 0 2 7 0 2 7 0 2 7 0 2 7 1 2 7 12 16 2 1 2 7 17 18 2 0 2 7 0 2 7 12 16 2 1 2 4 17 9 2 0 2 7 6 2 4 0 20.3487167954444885
5 31 3 13 6 3 5 30 3 0 2 7 0 2 7 0 2 7 0 2 7 0 2 7 0 2 7 0 2 7 1 2 4 17 18 2 12 16 2 12 16 2 1 2 7 6 2 7 0 2 7 17 9 2 1 2 7 1 2 4 0 20.3487167954444885
5 31 3 13 6 3 5 30 3 0 2 7 0 2 7 0 2 7 0 2 7 1 2 7 0 2 7 12 16 2 0 2 7 1 2 7 1 2 7 1 2 7 17 18 2 1 2 7 0 2 7 17 18 2 0 2 7 0 2 7 0 20.2646257877349854
5 31 3 13 6 3 5 30 3 0 2 7 1 2 7 1 2 7 0 2 7 1 2 7 1 2 7 17 18 2 1 2 7 0 2 7 0 2 7 0 2 7 0 2 7 0 2 7 0 2 7 12 16 2 0 2 7 17 9 2 0 20.2646257877349854
5 31 3 13 6 3 5 30 3 0 2 7 0 2 7 1 2 7 0 2 7 1 2 7 0 2 7 12 16 2 0 2 7 6 2 7 1 2 7 0 2 7 17 18 2 0 2 7 12 16 2 0 2 4 1 2 4 17 18 2 0 20.3487167954444885
5 31 3 13 6 3 5 30 3 0 2 7 1 2 7 1 2 7 0 2 7 1 2 7 1 2 7 17 18 2 12 16 2 0 2 7 0 2 7 0 2 7 0 2 7 0 2 4 6 2 7 12 16 2 0 2 4 17 9 2 0 20.3487167954444885
5 31 3 13 6 3 5 30 3 0 2 7 1 2 7 1 2 7 0 2 7 1 2 7 1 2 7 12 16 2 0 2 7 0 2 7 0 2 7 0 2 7 17 9 2 17 18 2 17 9 2 6 2 7 12 16 2 1 2 7 0.0686909444088407983 20.2156117558479309
1 2 7 13 6 3 5 30 3 0 2 7 1 2 7 12 16 2 0 2 7 5 31 3 0 2 7 0 2 7 0 2 7 1 2 7 0 2 7 0 2 7 17 9 2 1 2 7 0 2 7 1 2 7 0 2 7 17 9 2 0 20.2646257877349854
5 31 3 13 6 3 5 30 3 0 2 7 1 2 7 1 2 7 0 2 7 1 2 7 1 2 7 17 18 2 12 16 2 0 2 4 0 2 7 0 2 7 6 2 7 12 16 2 0 2 7 0 2 7 0 2 4 17 18 2 0 20.3487167954444885
0 2 7 13 6 3 5 30 3 1 2 7 1 2 7 1 2 4 12 16 2 0 2 7 17 18 2 5 31 3 0 2 7 0 2 7 0 2 7 0 2 7 0 2 7 12 16 2 0 2 7 6 2 7 1 2 4 17 9 2 0 20.3487167954444885
0 2 7 13 6 3 5 30 3 1 2 7 1 2 7 1 2 4 12 16 2 0 2 7 17 18 2 5 31 3 0 2 7 0 2 7 0 2 7 1 2 7 17 18 2 0 2 7 0 2 7 12 16 2 0 2 7 6 2 4 0 20.3487167954444885
5 31 3 13 6 3 5 30 3 0 2 7 0 2 7 6 2 7 0 2 7 0 2 7 0 2 7 12 16 2 0 2 7 1 2 7 1 2 4 0 2 7 0 2 7 1 2 4 12 16 2 1 2 7 17 9 2 17 9 2 0 20.3487167954444885
5 31 3 13 6 3 0 2 7 0 2 7 1 2 7 1 2 7 0 2 7 0 2 7 1 2 7 0 2 7 5 30 3 17 9 2 0 2 7 1 2 7 0 2 7 0 2 7 12 16 2 1 2 7 0 2 7 17 9 2 0 20.2646257877349854
5 31 3 13 6 3 5 30 3 0 2 7 1 2 7 0 2 7 0 2 7 1 2 7 0 2 7 0 2 7 0 2 7 12 16 2 17 9 2 1 2 7 1 2 7 17 18 2 0 2 7 0 2 7 1 2 7 0 2 7 0 20.2646257877349854
5 31 3 13 6 3 12 16 2 0 2 7 1 2 7 1 2 7 0 2 7 0 2 7 1 2 7 1 2 7 17 18 2 5 30 3 0 2 7 0 2 7 0 2 7 1 2 7 0 2 7 0 2 7 0 2 7 17 18 2 0 20.2646257877349854
5 31 3 13 6 3 5 30 3 0 2 7 1 2 7 0 2 7 0 2 7 0 2 7 0 2 7 0 2 7 0 2 4 0 2 7 12 16 2 1 2 7 17 9 2 6 2 7 17 18 2 1 2 4 12 16 2 1 2 7 0 20.3487167954444885
5 31 3 13 6 3 5 30 3 1 2 7 0 2 7 1 2 7 1 2 4 0 2 7 12 16 2 0 2 4 1 2 7 6 2 7 0 2 7 0 2 7 17 18 2 0 2 7 0 2 7 17 18 2 0 2 7 12 16 2 0 20.3487167954444885
5 31 3 13 6 3 5 30 3 0 2 7 1 2 7 0 2 7 0 2 7 0 2 7 0 2 7 0 2 7 0 2 7 0 2 7 12 16 2 1 2 7 6 2 7 17 9 2 17 18 2 1 2 4 12 16 2 1 2 4 0 20.3487167954444885
5 31 3 13 6 3 5 30 3 0 2 7 1 2 7 6 2 7 0 2 7 0 2 7 0 2 7 0 2 7 0 2 7 0 2 7 0 2 7 12 16 2 17 9 2 17 9 2 1 2 4 1 2 7 12 16 2 1 2 4 0 20.3487167954444885
0 2 7 13 6 3 5 30 3 1 2 7 1 2 7 1 2 4 12 16 2 0 2 7 17 18 2 5 31 3 0 2 7 0 2 7 0 2 7 1 2 7 17 18 2 0 2 7 0 2 7 12 16 2 0 2 7 6 2 4 0 20.3487167954444885
5 31 3 13 6 3 5 30 3 0 2 7 1 2 7 0 2 7 0 2 7 1 2 7 0 2 7 0 2 7 0 2 7 0 2 7 12 16 2 1 2 7 1 2 7 17 18 2 17 18 2 12 16 2 0 2 4 6 2 4 0 20.3487167954444885
5 31 3 13 6 3 5 30 3 0 2 7 1 2 7 0 2 7 0 2 7 1 2 7 0 2 7 0 2 7 0 2 7 12 16 2 17 9 2 1 2 7 1 2 7 17 18 2 12 16 2 0 2 4 0 2 4 6 2 7 0 20.3487167954444885
0 2 7 13 6 3 5 30 3 0 2 7 0 2 7 12 16 2 0 2 7 5 31 3 0 2 7 0 2 7 1 2 7 0 2 7 0 2 7 17 9 2 1 2 7 1 2 7 1 2 7 1 2 7 0 2 7 17 9 2 0 20.2646257877349854
0 2 7 13 6 3 5 30 3 0 2 7 0 2 7 12 16 2 0 2 7 5 31 3 0 2 7 0 2 7 1 2 7 0 2 7 0 2 7 1 2 7 1 2 7 17 18 2 17 9 2 1 2 7 1 2 7 0 2 7 0 20.2646257877349854
0 2 7 13 6 3 5 30 3 0 2 7 0 2 7 0 2 7 0 2 7 5 31 3 0 2 7 0 2 7 1 2 7 0 2 7 0 2 7 1 2 7 1 2 7 17 18 2 12 16 2 17 18 2 1 2 7 1 2 7 0 20.2646257877349854
5 31 3 13 6 3 5 30 3 0 2 7 1 2 7 0 2 7 0 2 7 1 2 7 0 2 7 0 2 7 0 2 7 0 2 7 12 16 2 1 2 7 1 2 7 17 18 2 17 18 2 12 16 2 0 2 4 6 2 4 0 20.3487167954444885
0 2 7 13 6 3 5 30 3 0 2 7 12 16 2 0 2 7 5 31 3 0 2 7 0 2 7 0 2 4 1 2 7 0 2 7 1 2 7 17 18 2 12 16 2 0 2 7 1 2 7 1 2 7 17 9 2 6 2 4 0 20.3487167954444885
13 6 3 5 30 3 0 2 7 12 16 2 0 2 7 5 31 3 0 2 7 1 2 7 1 2 7 0 2 7 0 2 7 1 2 7 1 2 7 17 18 2 0 2 7 0 2 4 6 2 7 0 2 4 17 9 2 17 18 2 0.0482877781646793014 20.098365843296051
0 2 7 13 6 3 5 30 3 1 2 7 1 2 7 1 2 4 12 16 2 0 2 7 17 18 2 5 31 3 0 2 7 0 2 7 0 2 7 1 2 7 17 18 2 0 2 7 0 2 7 12 16 2 0 2 7 6 2 4 0 20.3487167954444885
0 2 7 13 6 3 5 30 3 0 2 7 0 2 7 12 16 2 0 2 7 5 31 3 0 2 7 0 2 7 1 2 7 0 2 7 17 9 2 1 2 7 1 2 7 17 18 2 1 2 4 0 2 4 6 2 7 12 16 2 0 20.3487167954444885
5 31 3 13 6 3 5 30 3 0 2 7 1 2 7 0 2 7 0 2 7 1 2 7 0 2 7 0 2 7 0 2 7 0 2 7 12 16 2 12 16 2 0 2 7 6 2 7 17 18 2 17 9 2 17 9 2 6 2 4 0.0654253421384537182 20.3130087852478027
5 31 3 13 6 3 5 30 3 0 2 7 1 2 7 6 2 7 0 2 7 0 2 7 0 2 7 0 2 7 0 2 7 0 2 7 12 16 2 17 9 2 1 2 4 1 2 7 12 16 2 0 2 7 17 9 2 1 2 4 0 20.3487167954444885
MonoObjective Genetic Algorithm
Number of Evaluations = 0
Mutation Probability = 0
Crossover Probability = 1
Population Size = 10
Survival Selection Type = 15
Time =  3600.06328797340393
0 2 7 13 6 3 5 30 3 0 2 7 0 2 7 12 16 2 0 2 7 5 31 3 0 2 7 0 2 7 1 2 7 0 2 7 0 2 7 17 9 2 1 2 7 1 2 7 1 2 7 1 2 7 0 2 7 17 9 2 0 20.2646257877349854
0 2 7 13 6 3 5 30 3 0 2 7 0 2 7 12 16 2 0 2 7 5 31 3 0 2 7 0 2 7 1 2 7 0 2 7 0 2 7 1 2 7 1 2 7 17 18 2 17 9 2 1 2 7 1 2 7 0 2 7 0 20.2646257877349854
0 2 7 13 6 3 5 30 3 0 2 7 0 2 7 0 2 7 0 2 7 5 31 3 0 2 7 0 2 7 1 2 7 0 2 7 0 2 7 1 2 7 1 2 7 17 18 2 12 16 2 17 18 2 1 2 7 1 2 7 0 20.2646257877349854
5 31 3 13 6 3 5 30 3 0 2 7 1 2 7 0 2 7 0 2 7 1 2 7 0 2 7 0 2 7 0 2 7 0 2 7 12 16 2 1 2 7 1 2 7 17 18 2 17 18 2 12 16 2 0 2 4 6 2 4 0 20.3487167954444885
0 2 7 13 6 3 5 30 3 0 2 7 12 16 2 0 2 7 5 31 3 0 2 7 0 2 7 0 2 4 1 2 7 0 2 7 1 2 7 17 18 2 12 16 2 0 2 7 1 2 7 1 2 7 17 9 2 6 2 4 0 20.3487167954444885
13 6 3 5 30 3 0 2 7 12 16 2 0 2 7 5 31 3 0 2 7 1 2 7 1 2 7 0 2 7 0 2 7 1 2 7 1 2 7 17 18 2 0 2 7 0 2 4 6 2 7 0 2 4 17 9 2 17 18 2 0.0482877781646793014 20.098365843296051
0 2 7 13 6 3 5 30 3 1 2 7 1 2 7 1 2 4 12 16 2 0 2 7 17 18 2 5 31 3 0 2 7 0 2 7 0 2 7 1 2 7 17 18 2 0 2 7 0 2 7 12 16 2 0 2 7 6 2 4 0 20.3487167954444885
0 2 7 13 6 3 5 30 3 0 2 7 0 2 7 12 16 2 0 2 7 5 31 3 0 2 7 0 2 7 1 2 7 0 2 7 17 9 2 1 2 7 1 2 7 17 18 2 1 2 4 0 2 4 6 2 7 12 16 2 0 20.3487167954444885
5 31 3 13 6 3 5 30 3 0 2 7 1 2 7 0 2 7 0 2 7 1 2 7 0 2 7 0 2 7 0 2 7 0 2 7 12 16 2 12 16 2 0 2 7 6 2 7 17 18 2 17 9 2 17 9 2 6 2 4 0.0654253421384537182 20.3130087852478027
5 31 3 13 6 3 5 30 3 0 2 7 1 2 7 6 2 7 0 2 7 0 2 7 0 2 7 0 2 7 0 2 7 0 2 7 12 16 2 17 9 2 1 2 4 1 2 7 12 16 2 0 2 7 17 9 2 1 2 4 0 20.3487167954444885
