0 2 7 0 2 7 5 31 3 5 30 3 1 2 4 5 31 3 0 2 7 0 2 7 1 2 7 0 2 7 0 2 7 17 9 2 1 2 7 16 31 2 0 2 7 1 2 7 0 2 7 0 2 7 12 16 2 0 2 7 0 2 7 1 2 7 1 2 7 0 2 7 1 2 7 16 6 2 17 9 2 5 31 3 1 2 7 1 2 7 16 6 2 0 2 7 0 2 7 0 2 7 0 2 7 1 2 4 0 2 7 0 2 7 0 2 4 1 2 7 0 40.4265387058258057
0 2 7 0 2 7 0 2 7 1 2 7 5 31 3 0 2 7 5 31 3 0 2 7 1 2 7 1 2 7 0 2 7 0 2 7 17 9 2 1 2 7 16 6 2 0 2 7 1 2 7 0 2 7 1 2 7 0 2 7 12 16 2 0 2 7 1 2 7 0 2 7 0 2 7 0 2 7 17 9 2 16 6 2 17 9 2 1 2 7 0 2 7 13 6 3 0 2 7 5 31 3 1 2 7 5 31 3 1 2 7 0 2 7 0 2 7 0 2 7 0 40.4340677261352539
0 2 7 0 2 7 0 2 7 5 31 3 5 31 3 0 2 7 5 31 3 5 31 3 0 2 7 1 2 7 1 2 7 0 2 7 0 2 7 17 9 2 1 2 7 16 6 2 0 2 7 1 2 7 0 2 7 1 2 7 0 2 7 12 16 2 0 2 7 1 2 7 0 2 7 0 2 7 0 2 7 17 9 2 16 6 2 17 9 2 1 2 7 1 2 7 0 2 7 13 6 3 1 2 7 0 2 7 1 2 7 0 2 3 1 2 7 0 2 7 0 40.4635157585144043
0 2 7 6 2 7 1 2 7 0 2 7 16 6 2 0 2 7 0 2 7 0 2 7 12 16 2 1 2 7 0 2 7 0 2 7 0 2 7 0 2 4 0 2 7 0 2 4 1 2 7 5 31 3 1 2 7 0 2 7 0 2 7 0 2 7 0 2 7 1 2 7 17 9 2 0 2 7 17 18 2 1 2 7 5 31 3 5 31 3 0 2 7 1 2 7 16 6 2 1 2 7 13 6 3 0 2 11 5 30 3 0 2 4 5 30 3 17 9 2 0 40.610876739025116
0 2 7 6 2 7 1 2 7 0 2 7 16 6 2 0 2 7 0 2 7 0 2 7 12 16 2 1 2 7 0 2 7 0 2 7 0 2 7 0 2 4 0 2 7 0 2 4 1 2 7 5 31 3 1 2 7 0 2 7 0 2 7 0 2 7 0 2 7 1 2 7 17 9 2 0 2 7 17 18 2 1 2 7 5 31 3 5 31 3 0 2 7 1 2 7 16 6 2 1 2 7 16 30 2 0 2 7 1 2 4 0 2 7 5 31 3 1 2 3 0 40.5028318762779236
0 2 7 0 2 7 0 2 7 5 31 3 5 31 3 0 2 7 5 30 3 5 31 3 0 2 4 0 2 4 1 2 7 0 2 4 0 2 7 17 9 2 1 2 7 16 6 2 0 2 7 1 2 7 0 2 7 6 2 7 0 2 7 12 16 2 0 2 7 1 2 7 1 2 7 1 2 11 0 2 7 17 9 2 16 6 2 17 9 2 5 30 3 1 2 7 0 2 7 13 6 3 0 2 7 0 2 7 0 2 7 0 2 7 1 2 7 0 2 7 0 40.6108766198158264
0 2 7 0 2 7 1 2 7 5 31 3 5 31 3 1 2 3 5 31 3 5 31 3 0 2 7 0 2 7 0 2 3 6 2 7 0 2 7 17 9 2 1 2 7 16 6 2 0 2 7 1 2 4 0 2 7 0 2 7 0 2 7 12 16 2 0 2 7 0 2 7 1 2 7 6 2 7 0 2 7 17 9 2 16 6 2 1 2 7 0 2 7 1 2 7 1 2 4 16 6 2 0 2 7 0 2 7 0 2 7 0 2 4 1 2 7 0 2 7 0 40.6145018339157104
0 2 7 0 2 7 1 2 7 1 2 7 17 18 2 15 2 11 0 2 7 1 2 7 0 2 3 1 2 7 5 30 3 5 30 3 12 16 2 0 2 7 0 2 7 0 2 7 0 2 4 0 2 7 0 2 4 0 2 7 0 2 7 0 2 7 0 2 7 1 2 7 8 9 2 5 30 3 0 2 7 5 31 3 0 2 7 1 2 11 16 19 11 1 2 7 0 2 3 16 30 2 1 2 4 12 16 2 1 2 7 17 18 2 0 2 7 0 2 3 0 41.6198955774307251
0 2 7 0 2 7 1 2 7 12 16 2 5 30 3 0 2 7 0 2 7 1 2 4 0 2 7 0 2 3 1 2 7 1 2 7 1 2 7 0 2 4 1 2 7 0 2 7 1 2 3 5 30 3 0 2 7 0 2 7 0 2 7 17 9 2 1 2 7 0 2 7 0 2 7 13 6 3 17 18 2 1 2 4 1 2 7 12 16 2 16 31 2 5 31 3 6 2 7 5 30 3 0 2 4 0 2 7 0 2 7 0 2 7 0 2 7 17 9 2 0 40.6780156493186951
0 2 7 0 2 4 1 2 7 12 16 2 5 30 3 0 2 7 0 2 4 12 16 2 1 2 11 1 2 3 0 2 7 0 2 7 0 2 11 0 2 7 0 2 7 12 16 2 0 2 7 1 2 3 1 2 7 1 2 7 0 2 4 0 2 7 5 30 3 1 2 7 1 2 7 0 2 7 17 9 2 1 2 11 0 2 11 1 2 7 0 2 7 0 2 7 5 30 3 13 6 3 8 18 2 17 18 2 17 18 2 16 31 2 1 2 7 0 2 7 0 41.0302516222000122
0 2 7 0 2 7 1 2 7 1 2 7 16 6 2 0 2 4 0 2 7 0 2 7 12 16 2 1 2 7 1 2 7 0 2 7 0 2 7 0 2 7 0 2 7 1 2 7 5 31 3 0 2 7 0 2 7 0 2 7 0 2 4 0 2 7 17 9 2 0 2 7 17 18 2 1 2 7 5 31 3 5 31 3 0 2 7 16 6 2 1 2 7 16 31 2 0 2 7 1 2 7 5 30 3 1 2 7 0 2 7 1 2 4 1 2 7 0 2 7 0 40.4265387058258057
0 2 7 0 2 7 0 2 7 5 31 3 5 31 3 0 2 7 5 31 3 0 2 7 1 2 7 1 2 7 0 2 7 0 2 7 17 9 2 0 2 7 16 6 2 0 2 7 1 2 7 0 2 7 1 2 7 0 2 7 12 16 2 0 2 7 1 2 7 0 2 7 0 2 7 0 2 7 16 6 2 1 2 7 1 2 7 0 2 7 1 2 7 0 2 7 1 2 7 1 2 7 0 2 4 16 31 2 0 2 4 5 30 3 1 2 4 17 9 2 0 40.4265387058258057
0 2 7 0 2 7 5 31 3 1 2 4 5 31 3 0 2 7 0 2 7 1 2 7 0 2 7 0 2 7 17 9 2 1 2 7 0 2 7 1 2 7 0 2 7 0 2 7 12 16 2 0 2 7 0 2 7 1 2 7 1 2 7 0 2 7 1 2 7 16 6 2 17 9 2 5 31 3 16 6 2 0 2 7 0 2 7 0 2 7 0 2 7 1 2 4 0 2 7 0 2 4 5 30 3 16 31 2 1 2 7 1 2 7 0 2 7 1 2 7 0 40.4265387058258057
0 2 7 0 2 7 5 31 3 1 2 4 5 31 3 0 2 7 0 2 7 1 2 7 0 2 7 0 2 7 17 9 2 1 2 7 0 2 7 1 2 7 0 2 7 0 2 7 12 16 2 0 2 7 0 2 7 1 2 7 1 2 7 0 2 7 1 2 7 16 6 2 5 31 3 16 6 2 0 2 7 0 2 7 0 2 7 0 2 7 1 2 4 0 2 7 0 2 4 5 30 3 16 31 2 1 2 7 1 2 7 0 2 7 1 2 7 17 18 2 0 40.4265387058258057
0 2 7 0 2 7 1 2 7 0 2 7 16 6 2 0 2 7 0 2 7 0 2 7 12 16 2 1 2 7 0 2 4 0 2 7 0 2 7 0 2 7 0 2 7 0 2 7 1 2 7 5 31 3 1 2 4 0 2 7 0 2 7 0 2 4 0 2 7 1 2 7 17 9 2 1 2 7 1 2 7 5 31 3 5 31 3 0 2 7 1 2 7 16 6 2 1 2 7 0 2 7 1 2 7 0 2 7 1 2 7 5 31 3 17 9 2 16 30 2 0 40.4265388250350952
0 2 7 1 2 7 0 2 4 5 31 3 5 31 3 0 2 7 5 31 3 0 2 7 1 2 7 1 2 7 0 2 7 0 2 7 17 9 2 0 2 7 16 6 2 0 2 7 1 2 7 0 2 4 1 2 7 0 2 7 12 16 2 0 2 7 1 2 7 0 2 7 0 2 7 0 2 7 17 9 2 16 6 2 1 2 7 1 2 7 0 2 7 1 2 7 0 2 7 1 2 7 1 2 7 5 31 3 16 30 2 0 2 4 0 2 7 0 2 7 0 40.4265388250350952
0 2 7 0 2 7 0 2 7 5 31 3 5 31 3 0 2 7 5 31 3 5 31 3 0 2 7 1 2 7 1 2 7 0 2 7 0 2 7 17 9 2 1 2 7 16 6 2 0 2 7 1 2 7 0 2 7 1 2 7 0 2 7 12 16 2 0 2 7 1 2 7 0 2 7 0 2 7 0 2 7 17 9 2 16 6 2 17 9 2 1 2 7 1 2 7 0 2 7 13 6 3 1 2 7 0 2 7 1 2 7 0 2 3 1 2 7 0 2 7 0 40.4635157585144043
0 2 7 0 2 7 0 2 7 5 31 3 5 31 3 0 2 7 5 31 3 0 2 7 1 2 7 1 2 7 0 2 7 0 2 7 17 9 2 0 2 7 16 6 2 0 2 7 1 2 7 0 2 7 1 2 7 0 2 7 12 16 2 0 2 7 1 2 7 0 2 7 0 2 7 0 2 7 17 9 2 16 6 2 1 2 7 1 2 7 0 2 7 1 2 7 0 2 7 1 2 7 1 2 7 5 31 3 17 9 2 13 6 3 0 2 7 0 2 7 0 40.4340677261352539
0 2 7 1 2 7 1 2 7 0 2 7 16 6 2 0 2 7 0 2 4 0 2 7 12 16 2 1 2 7 1 2 7 0 2 7 0 2 7 0 2 4 0 2 7 0 2 7 1 2 7 5 31 3 0 2 7 0 2 7 0 2 7 0 2 7 0 2 7 6 2 7 17 9 2 0 2 7 17 18 2 1 2 7 5 31 3 5 30 3 0 2 7 1 2 3 16 6 2 1 2 7 16 31 2 0 2 7 1 2 7 0 2 4 5 31 3 1 2 7 0 40.502831757068634
0 2 7 0 2 7 0 2 7 5 31 3 5 31 3 0 2 7 5 30 3 5 31 3 0 2 4 0 2 4 1 2 7 0 2 4 0 2 7 17 9 2 1 2 7 16 6 2 0 2 7 1 2 7 0 2 7 6 2 7 0 2 7 12 16 2 0 2 7 1 2 7 1 2 7 1 2 11 0 2 7 17 9 2 16 6 2 17 9 2 5 30 3 1 2 7 0 2 7 13 6 3 0 2 7 0 2 7 0 2 7 0 2 7 1 2 7 0 2 7 0 40.6108766198158264
0 2 7 0 2 7 5 31 3 5 31 3 0 2 7 0 2 7 1 2 7 0 2 7 0 2 7 17 9 2 1 2 7 0 2 7 1 2 7 0 2 7 0 2 7 0 2 7 0 2 7 1 2 7 1 2 7 0 2 7 1 2 7 16 6 2 5 31 3 16 6 2 0 2 7 0 2 7 0 2 7 0 2 7 0 2 7 5 30 3 16 31 2 1 2 7 1 2 7 1 2 7 17 9 2 1 2 7 0 2 7 1 2 7 0 2 7 0 2 7 0 40.3387407064437866
0 2 7 0 2 7 5 31 3 1 2 4 5 31 3 0 2 7 0 2 7 1 2 7 0 2 7 0 2 7 17 9 2 1 2 7 0 2 7 1 2 7 0 2 7 0 2 7 12 16 2 0 2 7 0 2 7 1 2 7 1 2 7 0 2 7 1 2 7 16 6 2 5 31 3 16 6 2 0 2 7 0 2 7 0 2 7 0 2 7 0 2 7 0 2 4 1 2 7 1 2 7 1 2 7 0 2 4 1 2 7 17 18 2 5 30 3 16 31 2 0 40.4265387058258057
0 2 7 0 2 7 1 2 7 5 31 3 5 31 3 0 2 7 5 31 3 0 2 7 0 2 7 1 2 7 0 2 7 0 2 7 17 9 2 0 2 7 16 6 2 0 2 7 1 2 7 0 2 7 1 2 7 0 2 7 0 2 4 1 2 7 1 2 7 0 2 7 0 2 7 16 6 2 1 2 7 1 2 7 0 2 7 1 2 7 0 2 7 1 2 7 16 31 2 5 30 3 17 9 2 0 2 7 12 16 2 0 2 4 1 2 4 0 2 7 0 40.4265387058258057
0 2 7 0 2 7 5 31 3 1 2 4 5 31 3 0 2 7 0 2 7 1 2 7 0 2 7 0 2 7 17 9 2 1 2 7 0 2 7 1 2 7 0 2 7 0 2 7 12 16 2 0 2 7 0 2 7 1 2 7 1 2 7 0 2 7 1 2 7 16 6 2 5 31 3 16 6 2 0 2 7 0 2 7 0 2 7 0 2 7 0 2 7 0 2 4 5 30 3 16 31 2 1 2 7 1 2 7 1 2 7 1 2 4 0 2 7 17 18 2 0 40.4265387058258057
0 2 7 0 2 7 5 31 3 5 31 3 0 2 7 0 2 7 1 2 7 0 2 7 0 2 7 17 9 2 1 2 7 0 2 7 1 2 7 0 2 7 0 2 7 12 16 2 0 2 7 0 2 7 1 2 7 1 2 7 0 2 7 1 2 7 16 6 2 5 31 3 16 6 2 0 2 7 0 2 7 0 2 7 0 2 7 0 2 7 1 2 7 1 2 7 1 2 7 0 2 7 17 9 2 1 2 4 0 2 4 5 30 3 16 31 2 1 2 4 0 40.4265387058258057
0 2 7 0 2 7 0 2 7 5 31 3 5 31 3 0 2 7 5 30 3 5 31 3 0 2 4 0 2 4 1 2 7 0 2 4 0 2 7 17 9 2 1 2 7 16 6 2 0 2 7 1 2 7 0 2 7 6 2 7 0 2 7 12 16 2 0 2 7 1 2 7 1 2 7 1 2 11 0 2 7 17 9 2 16 6 2 17 9 2 5 30 3 1 2 7 0 2 7 13 6 3 0 2 7 0 2 7 0 2 7 0 2 7 1 2 7 0 2 7 0 40.6108766198158264
0 2 7 0 2 7 5 31 3 1 2 4 5 31 3 0 2 7 0 2 7 1 2 7 0 2 7 0 2 7 17 9 2 1 2 7 0 2 7 1 2 7 0 2 7 0 2 7 12 16 2 0 2 7 0 2 7 1 2 7 1 2 7 0 2 7 1 2 7 16 6 2 5 31 3 16 6 2 0 2 7 0 2 7 0 2 7 0 2 7 0 2 7 0 2 4 1 2 7 1 2 7 1 2 7 0 2 4 1 2 7 5 31 3 16 30 2 17 18 2 0 40.4265388250350952
0 2 7 0 2 7 0 2 7 5 31 3 5 31 3 0 2 7 5 31 3 0 2 7 1 2 7 1 2 7 0 2 7 0 2 7 17 9 2 0 2 7 16 6 2 0 2 7 1 2 7 0 2 7 1 2 7 0 2 7 12 16 2 0 2 7 1 2 7 0 2 7 0 2 7 0 2 7 17 9 2 16 6 2 1 2 7 1 2 7 0 2 7 1 2 7 0 2 7 1 2 7 1 2 7 5 31 3 17 9 2 13 6 3 0 2 7 0 2 7 0 40.4340677261352539
0 2 7 1 2 7 0 2 4 5 31 3 5 31 3 0 2 7 5 31 3 0 2 7 1 2 7 1 2 7 0 2 7 0 2 7 17 9 2 0 2 7 16 6 2 0 2 7 1 2 7 0 2 4 1 2 7 0 2 7 12 16 2 0 2 7 1 2 7 0 2 7 0 2 7 0 2 7 17 9 2 16 6 2 1 2 7 1 2 7 0 2 7 1 2 7 0 2 7 1 2 7 1 2 7 5 31 3 16 30 2 0 2 4 0 2 7 0 2 7 0 40.4265388250350952
0 2 7 0 2 7 5 31 3 5 31 3 0 2 7 0 2 7 1 2 7 0 2 7 0 2 7 17 9 2 1 2 7 0 2 7 1 2 7 0 2 7 0 2 7 12 16 2 0 2 7 0 2 7 1 2 7 1 2 7 0 2 7 1 2 7 16 6 2 17 9 2 5 31 3 16 6 2 0 2 7 0 2 7 0 2 7 0 2 7 0 2 7 1 2 7 1 2 7 1 2 7 0 2 3 1 2 7 17 9 2 1 2 7 13 6 3 5 31 3 0 40.4635157585144043
0 2 7 0 2 7 1 2 7 5 31 3 5 31 3 0 2 7 5 31 3 0 2 7 0 2 7 1 2 7 0 2 7 0 2 7 17 9 2 0 2 7 16 6 2 0 2 7 1 2 7 0 2 7 1 2 7 0 2 7 1 2 7 1 2 7 0 2 7 0 2 7 16 6 2 1 2 7 1 2 7 0 2 7 1 2 7 0 2 7 16 31 2 5 30 3 0 2 7 0 2 7 0 2 7 1 2 7 17 9 2 0 2 7 0 2 7 1 2 7 0 40.3387407064437866
0 2 7 1 2 7 5 31 3 5 31 3 0 2 7 5 31 3 1 2 7 0 2 7 1 2 7 0 2 7 0 2 7 17 9 2 0 2 7 16 6 2 0 2 7 1 2 7 0 2 7 1 2 7 0 2 7 0 2 7 1 2 7 1 2 4 0 2 7 16 6 2 1 2 7 1 2 7 0 2 7 1 2 7 0 2 7 16 31 2 5 30 3 0 2 7 0 2 7 17 18 2 1 2 7 0 2 7 0 2 4 0 2 4 12 16 2 0 2 7 0 40.4265387058258057
0 2 7 0 2 7 1 2 7 5 31 3 5 31 3 0 2 7 5 31 3 1 2 7 0 2 7 1 2 4 0 2 7 0 2 7 17 9 2 0 2 4 16 6 2 0 2 7 0 2 7 0 2 7 1 2 7 0 2 7 0 2 7 1 2 7 1 2 7 0 2 7 0 2 7 16 6 2 1 2 7 1 2 7 0 2 4 1 2 7 1 2 7 0 2 7 12 16 2 0 2 7 0 2 7 17 9 2 0 2 7 5 30 3 1 2 7 16 31 2 0 40.4265387058258057
0 2 7 0 2 7 1 2 7 5 31 3 5 31 3 0 2 7 5 31 3 1 2 7 0 2 7 0 2 4 0 2 7 17 9 2 16 6 2 0 2 7 0 2 7 0 2 7 1 2 7 1 2 7 0 2 7 1 2 7 1 2 7 0 2 7 0 2 7 16 6 2 1 2 7 1 2 7 1 2 7 1 2 7 0 2 7 12 16 2 0 2 7 0 2 7 17 9 2 0 2 7 1 2 7 0 2 7 0 2 4 0 2 4 5 30 3 16 31 2 0 40.4265387058258057
0 2 7 0 2 7 1 2 7 5 31 3 5 31 3 0 2 7 5 31 3 0 2 7 0 2 7 1 2 7 0 2 7 0 2 7 17 9 2 0 2 7 16 6 2 0 2 7 1 2 7 0 2 7 1 2 7 0 2 7 1 2 7 1 2 7 0 2 7 0 2 7 16 6 2 1 2 7 1 2 7 0 2 7 1 2 7 0 2 7 16 31 2 5 30 3 0 2 7 0 2 7 0 2 7 1 2 4 0 2 4 17 18 2 1 2 4 12 16 2 0 40.4265387058258057
0 2 7 0 2 7 1 2 7 5 31 3 5 31 3 0 2 7 5 31 3 0 2 7 0 2 7 1 2 7 0 2 7 0 2 7 17 9 2 0 2 7 16 6 2 0 2 7 1 2 7 0 2 7 1 2 7 0 2 7 1 2 7 1 2 7 0 2 7 0 2 7 16 6 2 1 2 7 1 2 7 0 2 7 1 2 7 0 2 7 1 2 7 16 31 2 5 30 3 0 2 7 1 2 7 0 2 7 0 2 7 0 2 7 0 2 7 17 18 2 0 40.3387407064437866
1 2 7 0 2 7 1 2 7 5 31 3 5 31 3 0 2 7 5 31 3 0 2 7 0 2 7 1 2 7 0 2 7 0 2 7 17 9 2 1 2 4 16 31 2 0 2 7 1 2 4 0 2 7 0 2 7 1 2 7 0 2 7 1 2 7 0 2 7 0 2 7 0 2 7 16 6 2 1 2 4 1 2 7 0 2 7 1 2 7 0 2 7 16 6 2 5 30 3 0 2 7 12 16 2 0 2 7 0 2 7 17 18 2 1 2 7 0 2 7 0 40.4265387058258057
0 2 7 0 2 7 0 2 7 5 31 3 5 31 3 0 2 7 5 31 3 0 2 7 1 2 7 1 2 7 0 2 7 0 2 7 17 9 2 0 2 7 16 6 2 0 2 7 1 2 7 0 2 7 1 2 7 0 2 7 12 16 2 0 2 7 1 2 7 0 2 7 0 2 7 0 2 7 17 9 2 16 6 2 1 2 7 1 2 7 0 2 7 1 2 7 0 2 7 1 2 7 1 2 7 5 31 3 17 9 2 13 6 3 0 2 7 0 2 7 0 40.4340677261352539
0 2 7 0 2 7 0 2 7 5 31 3 5 31 3 0 2 7 5 30 3 5 31 3 0 2 4 0 2 4 1 2 7 0 2 4 0 2 7 17 9 2 1 2 7 16 6 2 0 2 7 1 2 7 0 2 7 6 2 7 0 2 7 12 16 2 0 2 7 1 2 7 1 2 7 1 2 11 0 2 7 17 9 2 16 6 2 17 9 2 5 30 3 1 2 7 0 2 7 13 6 3 0 2 7 0 2 7 0 2 7 0 2 7 1 2 7 0 2 7 0 40.6108766198158264
0 2 7 1 2 7 0 2 4 5 31 3 5 31 3 0 2 7 5 31 3 0 2 7 1 2 7 1 2 7 0 2 7 0 2 7 17 9 2 0 2 7 16 6 2 0 2 7 1 2 7 0 2 4 1 2 7 0 2 7 12 16 2 0 2 7 1 2 7 0 2 7 0 2 7 0 2 7 17 9 2 16 6 2 1 2 7 1 2 7 0 2 7 1 2 7 0 2 7 1 2 7 1 2 7 5 31 3 16 30 2 0 2 4 0 2 7 0 2 7 0 40.4265388250350952
0 2 7 0 2 7 5 31 3 5 31 3 1 2 7 5 30 3 0 2 7 0 2 7 0 2 7 0 2 7 1 2 7 17 9 2 0 2 7 16 6 2 0 2 7 0 2 7 0 2 7 1 2 7 0 2 7 0 2 7 1 2 7 0 2 7 0 2 7 16 6 2 1 2 7 1 2 7 0 2 7 1 2 7 0 2 7 0 2 7 16 31 2 5 31 3 1 2 7 0 2 7 0 2 7 17 18 2 1 2 7 1 2 7 1 2 7 0 2 7 0 40.3387407064437866
0 2 7 0 2 7 5 31 3 5 31 3 1 2 7 5 30 3 0 2 7 0 2 7 0 2 7 0 2 7 0 2 7 17 9 2 0 2 7 16 6 2 0 2 4 1 2 7 0 2 7 1 2 7 0 2 7 1 2 7 1 2 7 0 2 7 0 2 7 16 6 2 1 2 7 1 2 7 0 2 7 1 2 7 0 2 7 0 2 7 16 31 2 5 31 3 1 2 7 0 2 7 12 16 2 0 2 4 1 2 7 0 2 4 1 2 7 17 9 2 0 40.4265387058258057
0 2 7 0 2 7 1 2 7 5 31 3 5 31 3 0 2 7 5 31 3 1 2 7 0 2 7 1 2 4 0 2 7 0 2 7 17 9 2 0 2 4 16 6 2 0 2 7 0 2 7 0 2 7 1 2 7 0 2 7 0 2 7 1 2 7 1 2 7 0 2 7 0 2 7 16 6 2 1 2 7 1 2 7 0 2 4 1 2 7 1 2 7 0 2 7 12 16 2 0 2 7 0 2 7 17 9 2 0 2 7 5 30 3 1 2 7 16 31 2 0 40.4265387058258057
0 2 7 0 2 7 1 2 7 5 31 3 5 31 3 0 2 7 5 31 3 0 2 7 0 2 7 1 2 7 0 2 7 0 2 7 17 9 2 0 2 4 16 6 2 1 2 7 0 2 7 0 2 7 1 2 7 1 2 7 1 2 7 1 2 7 0 2 7 0 2 7 16 6 2 1 2 7 1 2 7 0 2 7 0 2 7 16 31 2 5 30 3 0 2 4 1 2 7 17 18 2 12 16 2 1 2 7 0 2 7 0 2 7 0 2 7 0 2 4 0 40.4265387058258057
0 2 7 0 2 7 1 2 7 5 31 3 5 31 3 0 2 7 5 31 3 0 2 7 0 2 7 1 2 7 0 2 4 0 2 7 17 9 2 16 6 2 1 2 7 0 2 7 0 2 7 1 2 7 1 2 7 1 2 7 1 2 7 0 2 7 0 2 7 16 6 2 1 2 7 0 2 7 0 2 7 16 31 2 5 30 3 17 18 2 12 16 2 0 2 7 0 2 7 1 2 7 0 2 4 1 2 4 0 2 7 1 2 7 0 2 7 0 2 7 0 40.4265387058258057
0 2 7 0 2 7 5 31 3 5 31 3 1 2 7 5 30 3 0 2 7 0 2 7 0 2 7 0 2 7 1 2 7 17 9 2 0 2 7 16 6 2 0 2 7 0 2 7 0 2 7 1 2 7 0 2 7 0 2 7 1 2 7 0 2 7 0 2 7 16 6 2 1 2 7 1 2 7 0 2 7 1 2 7 0 2 7 0 2 7 16 31 2 5 31 3 1 2 7 0 2 7 1 2 7 0 2 7 1 2 7 1 2 7 0 2 7 17 9 2 0 40.3387407064437866
0 2 7 1 2 7 0 2 4 5 31 3 5 31 3 0 2 7 5 31 3 0 2 7 1 2 7 1 2 7 0 2 7 0 2 7 17 9 2 0 2 7 16 6 2 0 2 7 1 2 7 0 2 4 1 2 7 0 2 7 12 16 2 0 2 7 1 2 7 0 2 7 0 2 7 0 2 7 17 9 2 16 6 2 1 2 7 1 2 7 0 2 7 1 2 7 0 2 7 1 2 7 1 2 7 5 31 3 16 30 2 0 2 4 0 2 7 0 2 7 0 40.4265388250350952
0 2 7 0 2 7 0 2 7 5 31 3 5 31 3 0 2 7 5 30 3 5 31 3 0 2 4 0 2 4 1 2 7 0 2 4 0 2 7 17 9 2 1 2 7 16 6 2 0 2 7 1 2 7 0 2 7 6 2 7 0 2 7 12 16 2 0 2 7 1 2 7 1 2 7 1 2 11 0 2 7 17 9 2 16 6 2 17 9 2 5 30 3 1 2 7 0 2 7 13 6 3 0 2 7 0 2 7 0 2 7 0 2 7 1 2 7 0 2 7 0 40.6108766198158264
0 2 7 0 2 7 0 2 7 5 31 3 5 31 3 0 2 7 5 31 3 0 2 7 0 2 7 1 2 7 0 2 7 1 2 7 17 9 2 0 2 7 16 6 2 0 2 7 0 2 7 0 2 7 1 2 7 0 2 7 1 2 7 1 2 7 0 2 7 0 2 7 16 6 2 1 2 7 0 2 7 0 2 7 0 2 7 16 31 2 5 30 3 0 2 7 1 2 4 17 18 2 12 16 2 1 2 7 1 2 4 0 2 7 1 2 4 1 2 7 0 40.4265387058258057
0 2 7 0 2 7 0 2 7 5 31 3 5 31 3 0 2 7 5 31 3 0 2 7 1 2 7 1 2 7 0 2 7 0 2 7 17 9 2 0 2 7 16 6 2 0 2 7 1 2 7 0 2 7 1 2 7 0 2 7 12 16 2 0 2 7 1 2 7 0 2 7 0 2 7 0 2 7 17 9 2 16 6 2 1 2 7 1 2 7 0 2 7 1 2 7 0 2 7 1 2 7 1 2 7 5 31 3 17 9 2 13 6 3 0 2 7 0 2 7 0 40.4340677261352539
0 2 7 0 2 7 5 31 3 5 31 3 1 2 7 5 30 3 0 2 7 0 2 7 0 2 7 0 2 7 1 2 7 17 9 2 0 2 7 16 6 2 0 2 7 0 2 7 0 2 7 1 2 7 0 2 7 0 2 7 1 2 7 0 2 7 0 2 7 16 6 2 1 2 7 1 2 7 0 2 7 1 2 7 0 2 7 0 2 7 16 31 2 5 31 3 1 2 7 0 2 7 0 2 7 1 2 7 1 2 7 1 2 7 0 2 7 17 9 2 0 40.3387407064437866
0 2 7 0 2 7 1 2 7 5 31 3 5 31 3 0 2 7 5 31 3 0 2 7 0 2 7 1 2 7 0 2 7 0 2 7 17 9 2 16 6 2 1 2 7 0 2 7 0 2 7 1 2 7 1 2 7 1 2 7 1 2 7 0 2 7 0 2 7 16 6 2 1 2 7 0 2 7 0 2 7 16 31 2 5 30 3 12 16 2 0 2 7 0 2 4 0 2 7 0 2 4 1 2 7 0 2 7 1 2 7 1 2 7 0 2 4 17 9 2 0 40.4265387058258057
0 2 7 0 2 7 0 2 7 5 31 3 5 31 3 0 2 7 5 31 3 0 2 7 0 2 7 1 2 7 0 2 7 0 2 7 17 9 2 0 2 7 16 6 2 0 2 7 0 2 7 0 2 7 1 2 7 0 2 7 1 2 7 0 2 7 1 2 7 0 2 4 16 6 2 1 2 7 0 2 7 0 2 7 16 31 2 5 30 3 12 16 2 1 2 7 1 2 7 0 2 4 1 2 7 1 2 7 1 2 7 17 9 2 0 2 7 1 2 4 0 40.4265387058258057
0 2 7 0 2 7 1 2 7 5 31 3 5 31 3 0 2 7 5 31 3 0 2 7 0 2 7 1 2 7 0 2 7 0 2 7 17 9 2 16 6 2 1 2 7 0 2 7 0 2 7 1 2 7 1 2 7 1 2 7 1 2 7 0 2 7 0 2 7 16 6 2 1 2 7 0 2 7 0 2 7 16 31 2 5 30 3 12 16 2 0 2 7 0 2 4 0 2 7 0 2 4 1 2 7 0 2 7 1 2 7 17 18 2 0 2 7 1 2 4 0 40.4265387058258057
0 2 7 0 2 7 1 2 7 5 31 3 5 31 3 0 2 7 5 31 3 0 2 7 0 2 7 1 2 7 0 2 7 0 2 7 17 9 2 16 6 2 1 2 7 0 2 7 0 2 7 1 2 7 1 2 7 1 2 7 1 2 7 0 2 7 0 2 7 16 6 2 1 2 7 0 2 7 0 2 7 16 31 2 5 30 3 12 16 2 0 2 7 0 2 4 0 2 7 0 2 4 1 2 7 0 2 7 1 2 7 17 18 2 1 2 7 0 2 4 0 40.4265387058258057
0 2 7 0 2 7 0 2 7 5 31 3 5 31 3 0 2 7 5 30 3 5 31 3 0 2 4 0 2 4 1 2 7 0 2 4 0 2 7 17 9 2 1 2 7 16 6 2 0 2 7 1 2 7 0 2 7 6 2 7 0 2 7 12 16 2 0 2 7 1 2 7 1 2 7 1 2 11 0 2 7 17 9 2 16 6 2 17 9 2 5 30 3 1 2 7 0 2 7 13 6 3 0 2 7 0 2 7 0 2 7 0 2 7 1 2 7 0 2 7 0 40.6108766198158264
0 2 7 0 2 7 5 31 3 5 31 3 1 2 7 5 30 3 0 2 7 0 2 7 0 2 7 0 2 7 1 2 7 17 9 2 0 2 7 16 6 2 0 2 7 0 2 7 0 2 7 1 2 7 0 2 7 0 2 7 1 2 7 0 2 7 0 2 7 16 6 2 1 2 7 1 2 7 0 2 7 1 2 7 0 2 7 0 2 7 16 31 2 5 31 3 1 2 7 0 2 7 0 2 7 1 2 7 1 2 7 1 2 7 0 2 7 17 18 2 0 40.3387407064437866
0 2 7 1 2 7 0 2 4 5 31 3 5 31 3 0 2 7 5 31 3 0 2 7 1 2 7 1 2 7 0 2 7 0 2 7 17 9 2 0 2 7 16 6 2 0 2 7 1 2 7 0 2 4 1 2 7 0 2 7 12 16 2 0 2 7 1 2 7 0 2 7 0 2 7 0 2 7 17 9 2 16 6 2 1 2 7 1 2 7 0 2 7 1 2 7 0 2 7 1 2 7 1 2 7 5 31 3 16 30 2 0 2 4 0 2 7 0 2 7 0 40.4265388250350952
0 2 7 0 2 7 5 31 3 5 31 3 0 2 7 5 30 3 0 2 7 0 2 7 12 16 2 0 2 7 1 2 7 17 9 2 0 2 7 16 6 2 0 2 7 0 2 7 1 2 7 1 2 7 0 2 7 0 2 7 1 2 4 0 2 7 0 2 7 16 6 2 0 2 7 1 2 7 0 2 7 1 2 7 1 2 4 0 2 7 16 31 2 5 31 3 1 2 7 0 2 7 0 2 7 17 18 2 1 2 4 1 2 7 0 2 7 1 2 7 0 40.4265387058258057
0 2 7 0 2 7 0 2 7 5 31 3 5 31 3 0 2 7 5 31 3 0 2 7 1 2 7 1 2 7 0 2 7 0 2 7 17 9 2 0 2 7 16 6 2 0 2 7 1 2 7 0 2 7 1 2 7 0 2 7 12 16 2 0 2 7 1 2 7 0 2 7 0 2 7 0 2 7 17 9 2 16 6 2 1 2 7 1 2 7 0 2 7 1 2 7 0 2 7 1 2 7 1 2 7 5 31 3 17 9 2 13 6 3 0 2 7 0 2 7 0 40.4340677261352539
0 2 7 0 2 7 5 31 3 5 31 3 0 2 7 5 30 3 0 2 7 1 2 7 0 2 7 1 2 7 17 9 2 0 2 7 16 6 2 0 2 7 0 2 7 1 2 7 1 2 7 0 2 7 0 2 7 0 2 7 0 2 7 16 6 2 0 2 7 1 2 7 0 2 7 1 2 7 0 2 7 16 31 2 5 31 3 1 2 7 17 18 2 1 2 7 1 2 7 0 2 7 0 2 7 0 2 7 1 2 7 1 2 7 0 2 7 0 2 7 0 40.3387407064437866
0 2 7 0 2 7 5 31 3 5 31 3 0 2 7 5 30 3 0 2 7 0 2 7 12 16 2 0 2 7 1 2 7 17 9 2 0 2 7 16 6 2 0 2 7 0 2 7 1 2 7 1 2 7 0 2 7 0 2 7 1 2 4 0 2 7 1 2 7 16 6 2 0 2 7 1 2 7 0 2 7 1 2 7 0 2 7 16 31 2 5 31 3 1 2 7 0 2 7 1 2 7 17 18 2 1 2 7 1 2 7 0 2 4 0 2 4 0 2 7 0 40.4265387058258057
0 2 7 0 2 7 0 2 7 5 31 3 5 31 3 0 2 7 5 31 3 0 2 7 0 2 7 1 2 7 0 2 7 0 2 7 17 9 2 0 2 7 16 6 2 0 2 7 0 2 7 0 2 7 1 2 7 0 2 7 1 2 7 0 2 7 1 2 7 16 6 2 1 2 7 0 2 7 0 2 7 16 31 2 5 30 3 1 2 7 1 2 7 1 2 7 1 2 7 1 2 7 17 9 2 0 2 7 0 2 4 12 16 2 0 2 4 1 2 4 0 40.4265387058258057
0 2 7 0 2 7 0 2 7 5 31 3 5 31 3 0 2 7 5 31 3 0 2 7 0 2 7 1 2 7 0 2 7 0 2 7 17 9 2 0 2 7 16 6 2 0 2 7 0 2 7 0 2 7 1 2 7 0 2 7 1 2 7 0 2 7 1 2 7 16 6 2 1 2 7 0 2 7 0 2 7 16 31 2 5 30 3 1 2 7 1 2 7 1 2 7 1 2 7 1 2 7 17 9 2 1 2 7 0 2 7 0 2 7 0 2 7 0 2 7 0 40.3387407064437866
0 2 7 0 2 7 5 31 3 5 31 3 0 2 7 5 30 3 0 2 7 0 2 7 12 16 2 0 2 7 1 2 7 17 9 2 0 2 7 16 6 2 0 2 7 0 2 7 1 2 7 1 2 7 0 2 7 0 2 7 1 2 4 0 2 7 1 2 7 16 6 2 0 2 7 1 2 7 0 2 7 1 2 7 1 2 4 0 2 7 16 31 2 5 31 3 1 2 7 0 2 7 0 2 7 17 18 2 1 2 7 1 2 7 0 2 4 0 2 7 0 40.4265387058258057
0 2 4 0 2 7 0 2 7 5 31 3 5 31 3 0 2 7 5 31 3 0 2 7 0 2 7 1 2 7 0 2 7 0 2 7 17 9 2 1 2 7 16 6 2 0 2 7 0 2 7 0 2 7 1 2 7 0 2 7 1 2 7 0 2 7 1 2 7 16 6 2 1 2 7 0 2 7 0 2 7 16 31 2 5 30 3 1 2 7 1 2 7 1 2 7 1 2 7 1 2 7 17 9 2 0 2 7 0 2 4 12 16 2 0 2 4 0 2 7 0 40.4265387058258057
0 2 7 0 2 7 0 2 7 5 31 3 5 31 3 0 2 7 5 30 3 5 31 3 0 2 4 0 2 4 1 2 7 0 2 4 0 2 7 17 9 2 1 2 7 16 6 2 0 2 7 1 2 7 0 2 7 6 2 7 0 2 7 12 16 2 0 2 7 1 2 7 1 2 7 1 2 11 0 2 7 17 9 2 16 6 2 17 9 2 5 30 3 1 2 7 0 2 7 13 6 3 0 2 7 0 2 7 0 2 7 0 2 7 1 2 7 0 2 7 0 40.6108766198158264
0 2 7 0 2 7 5 31 3 5 31 3 0 2 7 5 30 3 0 2 7 0 2 7 12 16 2 0 2 7 1 2 7 17 9 2 0 2 7 16 6 2 0 2 7 0 2 7 1 2 7 1 2 7 0 2 7 0 2 7 1 2 4 0 2 7 0 2 7 16 6 2 0 2 7 1 2 7 0 2 7 1 2 7 1 2 4 0 2 7 16 31 2 5 31 3 1 2 7 0 2 7 0 2 7 17 18 2 1 2 4 1 2 7 0 2 7 1 2 7 0 40.4265387058258057
0 2 7 1 2 7 0 2 4 5 31 3 5 31 3 0 2 7 5 31 3 0 2 7 1 2 7 1 2 7 0 2 7 0 2 7 17 9 2 0 2 7 16 6 2 0 2 7 1 2 7 0 2 4 1 2 7 0 2 7 12 16 2 0 2 7 1 2 7 0 2 7 0 2 7 0 2 7 17 9 2 16 6 2 1 2 7 1 2 7 0 2 7 1 2 7 0 2 7 1 2 7 1 2 7 5 31 3 16 30 2 0 2 4 0 2 7 0 2 7 0 40.4265388250350952
0 2 7 0 2 7 0 2 7 5 31 3 5 31 3 0 2 7 5 31 3 0 2 7 1 2 7 1 2 7 0 2 7 0 2 7 17 9 2 0 2 7 16 6 2 0 2 7 1 2 7 0 2 7 1 2 7 0 2 7 12 16 2 0 2 7 1 2 7 0 2 7 0 2 7 0 2 7 17 9 2 16 6 2 1 2 7 1 2 7 0 2 7 1 2 7 0 2 7 1 2 7 1 2 7 5 31 3 17 9 2 13 6 3 0 2 7 0 2 7 0 40.4340677261352539
0 2 7 0 2 7 0 2 7 5 31 3 5 31 3 0 2 7 5 31 3 0 2 7 0 2 7 1 2 7 0 2 7 0 2 7 17 9 2 0 2 7 16 6 2 0 2 7 0 2 7 0 2 7 1 2 7 0 2 7 1 2 7 0 2 7 1 2 7 16 6 2 1 2 7 0 2 7 0 2 7 16 31 2 5 30 3 1 2 7 1 2 7 1 2 7 1 2 7 1 2 7 1 2 7 0 2 7 0 2 7 0 2 7 0 2 7 17 18 2 0 40.3387407064437866
0 2 7 0 2 7 0 2 7 5 31 3 5 31 3 0 2 7 5 31 3 0 2 7 0 2 7 1 2 7 0 2 7 0 2 7 17 9 2 0 2 7 16 6 2 0 2 7 0 2 7 0 2 7 1 2 7 1 2 7 1 2 7 0 2 7 1 2 7 16 6 2 1 2 7 0 2 7 0 2 7 16 31 2 5 30 3 1 2 7 1 2 4 1 2 7 0 2 4 0 2 7 0 2 4 1 2 7 1 2 7 12 16 2 0 2 7 17 9 2 0 40.4265387058258057
1 2 7 0 2 7 0 2 7 5 31 3 5 31 3 0 2 7 5 31 3 0 2 7 0 2 7 1 2 7 0 2 7 0 2 7 17 9 2 0 2 7 16 6 2 0 2 7 0 2 7 0 2 7 1 2 7 0 2 7 1 2 4 0 2 7 1 2 7 16 6 2 1 2 7 0 2 7 0 2 7 16 31 2 5 30 3 1 2 7 1 2 7 0 2 7 0 2 7 17 18 2 1 2 7 12 16 2 0 2 4 1 2 7 1 2 4 0 2 7 0 40.4265387058258057
0 2 7 0 2 7 0 2 7 5 31 3 5 31 3 0 2 7 5 31 3 0 2 7 0 2 7 1 2 7 0 2 7 0 2 7 17 9 2 0 2 7 16 6 2 0 2 7 0 2 7 0 2 7 1 2 7 1 2 7 1 2 7 0 2 7 1 2 7 16 6 2 1 2 7 0 2 7 0 2 7 16 31 2 5 30 3 1 2 7 1 2 4 1 2 7 0 2 4 0 2 7 0 2 4 1 2 7 1 2 7 12 16 2 0 2 7 17 18 2 0 40.4265387058258057
0 2 7 0 2 7 5 31 3 5 31 3 0 2 7 5 31 3 0 2 7 0 2 7 1 2 7 0 2 7 0 2 7 17 9 2 1 2 4 16 6 2 0 2 7 0 2 7 0 2 7 1 2 7 0 2 7 1 2 7 0 2 7 1 2 7 16 6 2 1 2 7 0 2 7 0 2 7 16 31 2 5 30 3 1 2 7 1 2 7 1 2 7 1 2 7 17 9 2 0 2 7 0 2 7 0 2 7 0 2 4 0 2 7 12 16 2 1 2 4 0 40.4265387058258057
0 2 7 0 2 7 0 2 7 5 31 3 5 31 3 0 2 7 5 31 3 0 2 7 0 2 7 1 2 7 0 2 7 0 2 7 17 9 2 0 2 7 16 6 2 0 2 7 0 2 7 0 2 7 1 2 7 0 2 7 1 2 7 0 2 7 1 2 7 16 6 2 1 2 7 0 2 7 0 2 7 16 31 2 5 30 3 1 2 7 1 2 7 1 2 7 1 2 7 0 2 7 0 2 7 17 9 2 1 2 7 1 2 7 0 2 7 0 2 7 0 40.3387407064437866
0 2 7 0 2 7 5 31 3 5 31 3 0 2 4 5 31 3 0 2 7 0 2 7 1 2 7 0 2 7 0 2 7 17 9 2 1 2 7 16 6 2 0 2 7 0 2 7 0 2 7 1 2 7 0 2 7 1 2 7 0 2 7 1 2 7 16 6 2 1 2 7 0 2 7 0 2 7 16 31 2 5 30 3 1 2 7 1 2 7 1 2 7 1 2 7 1 2 7 17 9 2 0 2 7 0 2 7 0 2 4 0 2 4 12 16 2 0 2 7 0 40.4265387058258057
1 2 7 5 31 3 5 31 3 0 2 7 5 31 3 0 2 7 0 2 7 1 2 7 0 2 7 0 2 7 17 9 2 0 2 7 16 6 2 1 2 7 1 2 7 0 2 7 0 2 7 12 16 2 0 2 7 1 2 4 0 2 7 0 2 7 16 6 2 0 2 7 1 2 7 0 2 7 1 2 4 1 2 7 1 2 7 0 2 7 0 2 7 0 2 7 0 2 7 0 2 7 1 2 4 5 30 3 16 31 2 1 2 7 0 2 7 17 18 2 0 40.4265387058258057
0 2 7 0 2 7 0 2 7 5 31 3 5 31 3 0 2 7 5 31 3 0 2 7 1 2 7 1 2 7 0 2 7 0 2 7 17 9 2 0 2 7 16 6 2 0 2 7 1 2 7 0 2 7 1 2 7 0 2 7 12 16 2 0 2 7 1 2 7 0 2 7 0 2 7 0 2 7 17 9 2 16 6 2 1 2 7 1 2 7 0 2 7 1 2 7 0 2 7 1 2 7 1 2 7 5 31 3 17 9 2 13 6 3 0 2 7 0 2 7 0 40.4340677261352539
0 2 7 0 2 7 0 2 4 5 31 3 5 31 3 0 2 3 5 31 3 0 2 7 0 2 4 1 2 7 0 2 7 0 2 3 17 9 2 0 2 7 16 6 2 0 2 7 0 2 7 0 2 7 1 2 7 0 2 7 1 2 7 0 2 7 1 2 7 16 6 2 1 2 7 0 2 7 0 2 7 5 30 3 1 2 7 1 2 6 1 2 7 1 2 7 1 2 7 0 2 4 1 2 4 17 9 2 6 2 7 0 2 7 0 2 4 17 18 2 0 40.6033708453178406
1 2 7 5 31 3 5 31 3 0 2 7 5 31 3 0 2 7 0 2 7 1 2 7 0 2 7 0 2 7 17 9 2 0 2 7 16 6 2 1 2 7 1 2 7 0 2 7 0 2 7 0 2 7 0 2 7 0 2 7 16 6 2 0 2 7 1 2 7 0 2 7 1 2 7 1 2 7 0 2 7 0 2 7 0 2 7 5 30 3 16 31 2 1 2 7 0 2 7 0 2 7 0 2 7 1 2 7 1 2 7 1 2 7 17 9 2 0 2 7 0 40.3387407064437866
1 2 7 5 31 3 5 31 3 0 2 7 5 31 3 0 2 7 0 2 7 1 2 7 0 2 7 0 2 7 17 9 2 1 2 7 16 6 2 1 2 7 0 2 7 0 2 7 0 2 7 12 16 2 0 2 7 1 2 4 0 2 7 0 2 7 16 6 2 0 2 7 1 2 7 0 2 7 1 2 4 1 2 7 1 2 7 0 2 4 0 2 7 0 2 7 0 2 7 0 2 7 5 30 3 16 31 2 1 2 7 17 18 2 1 2 7 0 2 7 0 40.4265387058258057
0 2 7 0 2 7 0 2 7 5 31 3 5 31 3 0 2 7 5 31 3 0 2 4 0 2 7 1 2 7 0 2 7 0 2 7 17 9 2 0 2 7 16 6 2 0 2 7 0 2 7 0 2 7 1 2 7 1 2 4 1 2 7 0 2 7 1 2 7 16 6 2 0 2 7 1 2 7 0 2 7 16 31 2 5 30 3 1 2 7 0 2 7 1 2 7 1 2 7 0 2 7 0 2 7 1 2 7 12 16 2 17 9 2 1 2 7 0 2 4 0 40.4265387058258057
0 2 7 0 2 7 0 2 7 5 31 3 5 31 3 0 2 7 5 31 3 0 2 4 0 2 7 1 2 7 0 2 7 0 2 7 17 9 2 0 2 7 16 6 2 0 2 7 0 2 7 0 2 7 1 2 7 1 2 4 1 2 7 0 2 7 1 2 7 16 6 2 0 2 7 1 2 7 0 2 7 16 31 2 5 30 3 1 2 7 0 2 7 1 2 7 1 2 7 0 2 7 0 2 7 1 2 7 12 16 2 17 9 2 1 2 4 0 2 7 0 40.4265387058258057
1 2 7 5 31 3 5 31 3 0 2 7 5 31 3 0 2 7 1 2 7 0 2 7 0 2 7 17 9 2 0 2 7 16 6 2 1 2 7 1 2 7 0 2 7 0 2 7 0 2 7 1 2 7 1 2 7 0 2 4 16 6 2 0 2 7 1 2 7 0 2 7 1 2 7 1 2 7 0 2 7 0 2 7 0 2 7 0 2 7 1 2 7 5 30 3 16 31 2 17 18 2 0 2 7 0 2 7 0 2 4 1 2 4 12 16 2 0 2 7 0 40.4265387058258057
0 2 7 0 2 7 0 2 4 5 31 3 5 31 3 0 2 3 5 31 3 0 2 7 0 2 4 1 2 7 0 2 7 0 2 3 17 9 2 0 2 7 16 6 2 0 2 7 0 2 7 0 2 7 1 2 7 0 2 7 1 2 7 0 2 7 1 2 7 16 6 2 1 2 7 0 2 7 0 2 7 5 30 3 1 2 7 1 2 6 1 2 7 1 2 7 1 2 7 0 2 4 1 2 4 17 9 2 6 2 7 0 2 7 0 2 4 17 18 2 0 40.6033708453178406
1 2 7 5 31 3 5 31 3 0 2 7 5 31 3 0 2 7 0 2 7 1 2 7 0 2 7 0 2 7 17 9 2 0 2 7 16 6 2 1 2 7 1 2 7 0 2 7 0 2 7 0 2 7 0 2 7 0 2 7 16 6 2 0 2 7 1 2 7 0 2 7 1 2 7 1 2 7 0 2 7 0 2 7 0 2 7 5 30 3 16 31 2 1 2 7 0 2 7 0 2 7 0 2 7 1 2 7 1 2 7 1 2 7 0 2 7 17 18 2 0 40.3387407064437866
1 2 7 5 31 3 5 31 3 0 2 7 5 31 3 0 2 7 0 2 7 1 2 7 0 2 7 0 2 7 17 9 2 0 2 7 16 6 2 1 2 7 1 2 4 0 2 7 0 2 7 0 2 7 0 2 7 0 2 7 16 6 2 1 2 7 1 2 7 0 2 7 1 2 7 1 2 7 0 2 7 0 2 7 0 2 7 5 30 3 16 31 2 1 2 7 0 2 7 0 2 7 0 2 7 17 18 2 1 2 4 12 16 2 1 2 4 0 2 7 0 40.4265387058258057
1 2 7 5 31 3 5 31 3 0 2 7 5 31 3 0 2 7 0 2 7 1 2 7 0 2 7 0 2 7 17 9 2 0 2 7 16 6 2 1 2 7 1 2 7 0 2 7 0 2 7 0 2 7 0 2 7 0 2 7 16 6 2 0 2 7 1 2 7 0 2 7 1 2 7 1 2 7 0 2 7 0 2 7 0 2 7 5 30 3 16 31 2 1 2 7 1 2 7 1 2 7 1 2 7 17 9 2 0 2 4 0 2 4 12 16 2 0 2 4 0 40.4265387058258057
0 2 7 0 2 7 0 2 7 5 31 3 5 31 3 0 2 7 5 31 3 0 2 7 1 2 7 1 2 7 0 2 7 0 2 7 17 9 2 0 2 7 16 6 2 0 2 7 1 2 7 0 2 7 1 2 7 0 2 7 12 16 2 0 2 7 1 2 7 0 2 7 0 2 7 0 2 7 17 9 2 16 6 2 1 2 7 1 2 7 0 2 7 1 2 7 0 2 7 1 2 7 1 2 7 5 31 3 17 9 2 13 6 3 0 2 7 0 2 7 0 40.4340677261352539
1 2 7 5 31 3 5 31 3 0 2 7 5 31 3 0 2 7 0 2 7 1 2 7 0 2 7 0 2 7 17 9 2 0 2 7 16 6 2 1 2 7 0 2 7 0 2 7 0 2 7 0 2 7 0 2 7 16 6 2 1 2 7 1 2 7 0 2 7 1 2 7 1 2 7 0 2 7 0 2 7 0 2 7 5 30 3 16 31 2 1 2 7 0 2 7 0 2 7 0 2 7 0 2 7 0 2 7 17 18 2 1 2 7 1 2 7 1 2 7 0 40.3387407064437866
0 2 7 0 2 7 0 2 7 5 31 3 5 31 3 0 2 7 5 31 3 1 2 7 1 2 7 0 2 7 0 2 7 17 9 2 0 2 7 16 6 2 0 2 7 0 2 4 0 2 7 1 2 7 1 2 7 0 2 4 1 2 7 16 6 2 0 2 7 1 2 7 0 2 7 16 31 2 5 30 3 1 2 7 0 2 7 1 2 7 1 2 7 0 2 7 0 2 7 0 2 7 0 2 7 1 2 4 1 2 7 12 16 2 0 2 7 17 18 2 0 40.4265387058258057
1 2 7 5 31 3 5 31 3 0 2 7 5 31 3 0 2 7 0 2 7 1 2 7 0 2 7 0 2 7 17 9 2 0 2 7 16 6 2 1 2 7 0 2 7 0 2 7 0 2 7 0 2 7 0 2 4 16 6 2 1 2 7 1 2 7 0 2 7 1 2 7 1 2 7 0 2 7 0 2 7 0 2 7 5 30 3 16 31 2 1 2 7 0 2 7 0 2 7 0 2 7 0 2 7 17 18 2 12 16 2 1 2 4 1 2 4 1 2 7 0 40.4265387058258057
0 2 7 0 2 7 0 2 7 5 31 3 5 31 3 0 2 7 5 31 3 0 2 4 0 2 7 1 2 7 0 2 7 0 2 7 17 9 2 0 2 7 16 6 2 0 2 7 0 2 7 0 2 7 1 2 7 1 2 4 1 2 7 0 2 7 1 2 7 16 6 2 0 2 7 1 2 7 0 2 7 16 31 2 5 30 3 1 2 7 0 2 7 1 2 7 1 2 7 0 2 7 0 2 7 1 2 7 12 16 2 1 2 4 0 2 7 17 9 2 0 40.4265387058258057
0 2 7 0 2 7 0 2 7 5 31 3 5 31 3 0 2 7 5 31 3 1 2 7 1 2 7 0 2 7 0 2 7 17 9 2 0 2 7 16 6 2 0 2 7 0 2 4 0 2 7 1 2 7 1 2 7 0 2 4 1 2 7 16 6 2 0 2 7 1 2 7 0 2 7 16 31 2 5 30 3 1 2 7 0 2 7 1 2 7 1 2 7 0 2 7 0 2 7 0 2 7 0 2 7 1 2 4 1 2 7 12 16 2 0 2 7 17 9 2 0 40.4265387058258057
0 2 7 0 2 7 0 2 7 5 31 3 5 31 3 0 2 7 5 31 3 0 2 7 1 2 7 0 2 7 0 2 7 17 9 2 0 2 7 16 6 2 0 2 7 0 2 7 0 2 7 1 2 7 1 2 7 0 2 7 1 2 7 16 6 2 0 2 7 1 2 7 0 2 7 16 31 2 5 30 3 1 2 7 0 2 7 1 2 7 1 2 7 0 2 7 0 2 7 1 2 7 0 2 7 17 9 2 1 2 7 1 2 7 0 2 7 0 2 7 0 40.3387407064437866
1 2 7 5 31 3 5 31 3 0 2 7 5 31 3 0 2 7 0 2 7 1 2 7 0 2 7 0 2 7 17 9 2 0 2 7 16 6 2 1 2 7 1 2 4 0 2 7 0 2 7 0 2 7 0 2 7 0 2 7 16 6 2 1 2 7 1 2 7 0 2 7 1 2 7 1 2 7 0 2 7 0 2 7 0 2 7 5 30 3 16 31 2 1 2 7 0 2 7 0 2 7 0 2 7 17 18 2 1 2 4 12 16 2 1 2 4 0 2 7 0 40.4265387058258057
0 2 4 0 2 4 0 2 7 5 31 3 5 31 3 0 2 7 5 31 3 0 2 7 1 2 7 1 2 7 0 2 7 17 9 2 0 2 7 16 6 2 0 2 7 0 2 7 0 2 7 1 2 7 1 2 7 0 2 7 0 2 7 16 6 2 0 2 4 0 2 7 0 2 7 16 31 2 5 30 3 1 2 7 0 2 7 1 2 7 1 2 7 0 2 7 0 2 7 1 2 7 1 2 7 17 18 2 1 2 7 1 2 7 0 2 7 12 16 2 0 40.4265387058258057
0 2 7 0 2 7 0 2 4 5 31 3 5 31 3 0 2 3 5 31 3 0 2 7 0 2 4 1 2 7 0 2 7 0 2 3 17 9 2 0 2 7 16 6 2 0 2 7 0 2 7 0 2 7 1 2 7 0 2 7 1 2 7 0 2 7 1 2 7 16 6 2 1 2 7 0 2 7 0 2 7 5 30 3 1 2 7 1 2 6 1 2 7 1 2 7 1 2 7 0 2 4 1 2 4 17 9 2 6 2 7 0 2 7 0 2 4 17 18 2 0 40.6033708453178406
0 2 7 0 2 7 0 2 7 5 31 3 5 31 3 0 2 7 5 31 3 0 2 7 1 2 7 1 2 7 0 2 7 0 2 7 17 9 2 0 2 7 16 6 2 0 2 7 1 2 7 0 2 7 1 2 7 0 2 7 12 16 2 0 2 7 1 2 7 0 2 7 0 2 7 0 2 7 17 9 2 16 6 2 1 2 7 1 2 7 0 2 7 1 2 7 0 2 7 1 2 7 1 2 7 5 31 3 17 9 2 13 6 3 0 2 7 0 2 7 0 40.4340677261352539
0 2 7 0 2 7 0 2 7 5 31 3 5 31 3 0 2 7 5 31 3 0 2 7 1 2 7 0 2 7 0 2 7 17 9 2 0 2 7 16 6 2 0 2 7 0 2 7 0 2 7 1 2 7 1 2 7 0 2 7 1 2 7 16 6 2 0 2 7 0 2 7 0 2 7 16 31 2 5 30 3 1 2 7 0 2 7 1 2 7 1 2 7 0 2 7 0 2 7 0 2 7 0 2 7 1 2 7 1 2 7 1 2 7 1 2 7 17 18 2 0 40.3387407064437866
0 2 7 5 31 3 5 31 3 1 2 4 5 31 3 0 2 7 0 2 7 1 2 7 0 2 7 0 2 7 17 9 2 0 2 7 16 6 2 1 2 7 0 2 7 0 2 7 0 2 7 0 2 4 0 2 7 16 6 2 1 2 7 1 2 7 0 2 7 1 2 7 1 2 7 0 2 4 0 2 7 0 2 7 5 30 3 16 31 2 1 2 7 1 2 7 0 2 7 0 2 7 17 18 2 0 2 7 0 2 7 1 2 7 12 16 2 1 2 7 0 40.4265387058258057
0 2 7 0 2 7 0 2 7 5 31 3 5 31 3 0 2 7 5 31 3 0 2 7 1 2 7 0 2 7 0 2 7 17 9 2 0 2 7 16 6 2 0 2 7 0 2 7 0 2 7 1 2 7 1 2 7 0 2 7 1 2 7 16 6 2 0 2 7 1 2 7 0 2 7 16 31 2 5 30 3 1 2 7 0 2 7 1 2 7 1 2 7 0 2 7 0 2 7 1 2 7 1 2 7 12 16 2 17 9 2 0 2 4 0 2 4 1 2 4 0 40.4265387058258057
1 2 7 5 31 3 5 31 3 0 2 7 5 31 3 0 2 7 0 2 7 1 2 7 0 2 7 0 2 7 17 9 2 0 2 7 16 6 2 1 2 7 1 2 4 0 2 7 0 2 7 0 2 7 0 2 7 0 2 7 16 6 2 1 2 7 1 2 7 0 2 7 1 2 7 1 2 7 0 2 7 0 2 7 0 2 4 5 30 3 16 31 2 1 2 7 0 2 7 0 2 7 12 16 2 0 2 7 17 18 2 1 2 4 1 2 7 0 2 7 0 40.4265387058258057
0 2 7 0 2 7 0 2 7 5 31 3 5 31 3 0 2 7 5 31 3 0 2 7 1 2 7 0 2 7 0 2 7 17 9 2 0 2 7 16 6 2 0 2 7 0 2 7 0 2 7 1 2 7 1 2 7 0 2 7 1 2 7 16 6 2 0 2 7 0 2 7 0 2 7 16 31 2 5 30 3 1 2 7 0 2 7 1 2 7 1 2 7 0 2 7 0 2 7 0 2 7 0 2 7 1 2 7 1 2 7 1 2 7 1 2 7 17 9 2 0 40.3387407064437866
1 2 7 5 31 3 5 31 3 0 2 7 5 31 3 0 2 7 0 2 7 1 2 7 0 2 7 0 2 7 17 9 2 0 2 7 16 6 2 1 2 7 1 2 4 0 2 7 0 2 7 0 2 7 0 2 7 0 2 7 16 6 2 1 2 7 1 2 7 0 2 7 1 2 7 1 2 7 0 2 7 0 2 7 5 30 3 16 31 2 1 2 7 0 2 7 0 2 7 12 16 2 0 2 7 17 18 2 1 2 4 0 2 7 0 2 7 1 2 4 0 40.4265387058258057
0 2 4 0 2 4 0 2 7 5 31 3 5 31 3 0 2 7 5 31 3 0 2 7 1 2 7 1 2 7 0 2 7 17 9 2 0 2 7 16 6 2 0 2 7 0 2 7 0 2 7 1 2 7 1 2 7 0 2 7 0 2 7 16 6 2 0 2 4 0 2 7 0 2 7 16 31 2 5 30 3 1 2 7 0 2 7 1 2 7 1 2 7 0 2 7 0 2 7 1 2 7 1 2 7 17 18 2 1 2 7 1 2 7 0 2 7 12 16 2 0 40.4265387058258057
0 2 7 0 2 7 0 2 4 5 31 3 5 31 3 0 2 3 5 31 3 0 2 7 0 2 4 1 2 7 0 2 7 0 2 3 17 9 2 0 2 7 16 6 2 0 2 7 0 2 7 0 2 7 1 2 7 0 2 7 1 2 7 0 2 7 1 2 7 16 6 2 1 2 7 0 2 7 0 2 7 5 30 3 1 2 7 1 2 6 1 2 7 1 2 7 1 2 7 0 2 4 1 2 4 17 9 2 6 2 7 0 2 7 0 2 4 17 18 2 0 40.6033708453178406
0 2 7 0 2 7 0 2 7 5 31 3 5 31 3 0 2 7 5 31 3 0 2 7 1 2 7 1 2 7 0 2 7 0 2 7 17 9 2 0 2 7 16 6 2 0 2 7 1 2 7 0 2 7 1 2 7 0 2 7 12 16 2 0 2 7 1 2 7 0 2 7 0 2 7 0 2 7 17 9 2 16 6 2 1 2 7 1 2 7 0 2 7 1 2 7 0 2 7 1 2 7 1 2 7 5 31 3 17 9 2 13 6 3 0 2 7 0 2 7 0 40.4340677261352539
0 2 7 1 2 4 0 2 7 5 31 3 5 31 3 1 2 7 5 31 3 0 2 4 1 2 3 1 2 7 1 2 7 0 2 7 17 9 2 0 2 7 16 6 2 0 2 7 1 2 7 0 2 3 1 2 7 0 2 7 0 2 7 1 2 7 0 2 7 17 9 2 16 6 2 1 2 7 1 2 7 1 2 3 1 2 4 17 18 2 0 2 7 0 2 7 0 2 3 0 2 7 1 2 7 0 2 4 0 2 4 0 2 7 0 2 7 0 2 7 0 40.4458829164505005
0 2 7 0 2 7 0 2 7 5 31 3 5 31 3 0 2 7 5 31 3 0 2 7 1 2 7 0 2 7 0 2 7 17 9 2 0 2 7 16 6 2 0 2 7 0 2 7 0 2 7 1 2 7 1 2 7 0 2 7 1 2 7 16 6 2 0 2 7 0 2 7 0 2 7 16 31 2 5 30 3 1 2 7 0 2 7 1 2 7 1 2 7 0 2 7 0 2 7 0 2 7 0 2 7 1 2 7 1 2 7 1 2 7 1 2 7 17 9 2 0 40.3387407064437866
0 2 7 0 2 7 0 2 7 5 31 3 5 31 3 0 2 7 5 31 3 0 2 7 1 2 7 0 2 7 0 2 7 17 9 2 0 2 7 16 6 2 0 2 7 0 2 7 0 2 7 1 2 7 1 2 4 0 2 7 0 2 7 16 6 2 0 2 7 1 2 7 0 2 7 16 31 2 5 30 3 1 2 7 0 2 4 1 2 7 1 2 7 0 2 7 1 2 7 1 2 7 1 2 7 0 2 7 12 16 2 0 2 4 1 2 7 17 18 2 0 40.4265387058258057
0 2 4 0 2 7 0 2 7 5 31 3 5 31 3 0 2 7 5 31 3 0 2 7 1 2 7 0 2 4 0 2 7 17 9 2 1 2 7 16 6 2 0 2 7 0 2 7 0 2 7 1 2 7 1 2 4 0 2 7 0 2 7 16 6 2 0 2 7 0 2 7 16 31 2 5 30 3 1 2 7 0 2 7 1 2 7 1 2 7 0 2 7 0 2 7 1 2 7 0 2 7 1 2 7 1 2 7 12 16 2 17 9 2 0 2 7 1 2 7 0 40.4265387058258057
0 2 7 0 2 4 0 2 7 5 31 3 5 31 3 0 2 7 5 31 3 0 2 7 1 2 7 0 2 7 0 2 7 17 9 2 0 2 7 16 6 2 0 2 7 0 2 7 0 2 7 1 2 7 1 2 7 0 2 7 1 2 7 16 6 2 0 2 7 0 2 7 0 2 7 16 31 2 5 30 3 1 2 7 1 2 7 1 2 7 1 2 7 0 2 7 1 2 7 1 2 7 12 16 2 1 2 7 0 2 7 0 2 4 0 2 4 17 9 2 0 40.4265387058258057
0 2 4 0 2 4 0 2 7 5 31 3 5 31 3 0 2 7 5 31 3 0 2 7 1 2 7 1 2 7 0 2 7 17 9 2 0 2 7 16 6 2 0 2 7 0 2 7 0 2 7 1 2 7 1 2 7 0 2 7 0 2 7 16 6 2 0 2 4 0 2 7 0 2 7 16 31 2 5 30 3 1 2 7 0 2 7 1 2 7 1 2 7 0 2 7 0 2 7 1 2 7 1 2 7 17 18 2 1 2 7 1 2 7 0 2 7 12 16 2 0 40.4265387058258057
1 2 7 5 31 3 5 31 3 0 2 7 5 31 3 0 2 7 0 2 7 1 2 7 0 2 7 0 2 7 17 9 2 0 2 7 16 6 2 1 2 7 1 2 4 0 2 7 0 2 7 0 2 7 0 2 7 0 2 7 16 6 2 1 2 7 1 2 7 0 2 7 1 2 7 1 2 7 0 2 7 0 2 7 0 2 4 5 30 3 16 31 2 1 2 7 0 2 7 0 2 7 12 16 2 0 2 7 17 18 2 1 2 4 1 2 7 0 2 7 0 40.4265387058258057
0 2 7 5 31 3 5 31 3 0 2 7 5 31 3 0 2 7 1 2 7 1 2 7 0 2 7 17 9 2 0 2 7 16 6 2 0 2 7 0 2 7 0 2 7 1 2 7 1 2 7 0 2 7 0 2 7 16 6 2 0 2 7 0 2 7 16 31 2 5 30 3 1 2 7 0 2 7 1 2 7 1 2 7 0 2 7 0 2 7 1 2 7 1 2 7 1 2 7 1 2 7 0 2 7 0 2 7 0 2 7 0 2 7 17 18 2 0 2 7 0 40.3387407064437866
1 2 7 5 31 3 5 31 3 0 2 7 5 31 3 0 2 7 0 2 7 1 2 7 0 2 7 0 2 7 17 9 2 0 2 7 16 6 2 1 2 7 1 2 4 0 2 7 0 2 7 0 2 7 0 2 7 0 2 7 16 6 2 1 2 7 1 2 7 0 2 7 1 2 7 1 2 7 0 2 7 0 2 7 5 30 3 16 31 2 1 2 7 0 2 7 0 2 7 12 16 2 0 2 7 17 18 2 1 2 4 0 2 7 1 2 4 0 2 7 0 40.4265387058258057
0 2 7 1 2 4 0 2 7 5 31 3 5 31 3 1 2 7 5 31 3 0 2 4 1 2 3 1 2 7 1 2 7 0 2 7 17 9 2 0 2 7 16 6 2 0 2 7 1 2 7 0 2 3 1 2 7 0 2 7 0 2 7 1 2 7 0 2 7 17 9 2 16 6 2 1 2 7 1 2 7 1 2 3 1 2 4 17 18 2 0 2 7 0 2 7 0 2 3 0 2 7 1 2 7 0 2 4 0 2 4 0 2 7 0 2 7 0 2 7 0 40.4458829164505005
0 2 7 0 2 7 0 2 7 5 31 3 5 31 3 0 2 7 5 31 3 0 2 7 1 2 7 1 2 7 0 2 7 0 2 7 17 9 2 0 2 7 16 6 2 0 2 7 1 2 7 0 2 7 1 2 7 0 2 7 12 16 2 0 2 7 1 2 7 0 2 7 0 2 7 0 2 7 17 9 2 16 6 2 1 2 7 1 2 7 0 2 7 1 2 7 0 2 7 1 2 7 1 2 7 5 31 3 17 9 2 13 6 3 0 2 7 0 2 7 0 40.4340677261352539
0 2 7 0 2 7 0 2 7 5 31 3 5 31 3 0 2 7 5 31 3 0 2 7 1 2 7 0 2 7 0 2 7 17 9 2 0 2 7 16 6 2 0 2 7 0 2 7 0 2 7 1 2 7 0 2 7 0 2 7 16 6 2 0 2 7 1 2 7 0 2 7 16 31 2 5 30 3 1 2 7 1 2 7 1 2 7 0 2 7 1 2 7 1 2 7 1 2 7 1 2 7 17 18 2 0 2 7 0 2 7 1 2 7 0 2 7 0 2 7 0 40.3387407064437866
0 2 7 0 2 7 0 2 7 5 31 3 5 31 3 0 2 7 5 31 3 0 2 4 1 2 4 0 2 7 0 2 7 17 9 2 0 2 7 16 6 2 0 2 7 0 2 7 0 2 7 1 2 7 1 2 7 0 2 7 16 6 2 0 2 7 0 2 7 0 2 7 16 31 2 5 30 3 1 2 7 0 2 7 1 2 7 1 2 7 1 2 7 1 2 7 1 2 7 1 2 7 12 16 2 1 2 7 0 2 7 17 9 2 0 2 7 0 2 4 0 40.4265387058258057
1 2 7 5 31 3 5 31 3 0 2 7 5 31 3 0 2 7 0 2 7 1 2 7 0 2 7 0 2 7 17 9 2 0 2 7 16 6 2 1 2 7 0 2 7 0 2 7 0 2 7 0 2 7 0 2 7 16 6 2 1 2 7 1 2 7 0 2 7 1 2 7 1 2 7 0 2 7 0 2 7 5 30 3 16 31 2 1 2 7 0 2 7 0 2 7 0 2 7 17 18 2 0 2 7 1 2 4 12 16 2 1 2 4 0 2 4 1 2 7 0 40.4265387058258057
0 2 7 0 2 7 0 2 7 5 31 3 5 31 3 0 2 7 5 31 3 0 2 7 1 2 7 0 2 7 0 2 7 17 9 2 0 2 7 16 6 2 0 2 7 0 2 7 0 2 7 1 2 7 1 2 7 0 2 7 1 2 7 16 6 2 0 2 7 0 2 7 0 2 7 16 31 2 5 30 3 1 2 7 0 2 7 1 2 7 1 2 7 0 2 7 0 2 7 0 2 7 1 2 7 17 9 2 1 2 7 0 2 7 1 2 7 1 2 7 0 40.3387407064437866
0 2 7 0 2 7 0 2 7 5 31 3 5 31 3 0 2 7 5 31 3 0 2 7 1 2 7 0 2 7 1 2 7 17 9 2 0 2 7 16 6 2 0 2 7 0 2 7 0 2 7 1 2 7 1 2 7 0 2 7 1 2 7 16 6 2 0 2 7 0 2 7 0 2 4 16 31 2 5 30 3 1 2 7 0 2 7 1 2 7 1 2 7 0 2 7 0 2 7 0 2 7 1 2 7 0 2 7 12 16 2 1 2 4 1 2 4 17 9 2 0 40.4265387058258057
0 2 7 0 2 7 0 2 7 5 31 3 5 31 3 0 2 7 5 31 3 0 2 7 1 2 7 0 2 7 0 2 7 17 9 2 0 2 7 16 6 2 0 2 7 0 2 7 0 2 7 1 2 7 0 2 7 0 2 7 16 6 2 0 2 7 1 2 7 0 2 7 16 31 2 5 30 3 1 2 7 0 2 4 1 2 7 1 2 7 0 2 7 1 2 7 1 2 7 1 2 7 12 16 2 0 2 4 1 2 7 1 2 4 0 2 7 17 18 2 0 40.4265387058258057
0 2 7 1 2 4 0 2 7 5 31 3 5 31 3 1 2 7 5 31 3 0 2 4 1 2 3 1 2 7 1 2 7 0 2 7 17 9 2 0 2 7 16 6 2 0 2 7 1 2 7 0 2 3 1 2 7 0 2 7 0 2 7 1 2 7 0 2 7 17 9 2 16 6 2 1 2 7 1 2 7 1 2 3 1 2 4 17 18 2 0 2 7 0 2 7 0 2 3 0 2 7 1 2 7 0 2 4 0 2 4 0 2 7 0 2 7 0 2 7 0 40.4458829164505005
1 2 7 5 31 3 5 31 3 0 2 7 5 31 3 0 2 7 0 2 7 1 2 7 0 2 7 0 2 7 17 9 2 0 2 7 16 6 2 1 2 7 0 2 7 0 2 7 0 2 7 0 2 7 0 2 7 16 6 2 1 2 7 1 2 7 0 2 7 1 2 7 1 2 7 0 2 7 0 2 7 5 30 3 16 31 2 1 2 7 0 2 7 0 2 7 0 2 7 17 18 2 0 2 7 1 2 4 12 16 2 1 2 4 0 2 7 1 2 4 0 40.4265387058258057
0 2 7 0 2 7 0 2 7 5 30 3 5 31 3 0 2 7 5 31 3 0 2 7 1 2 7 1 2 7 0 2 7 0 2 7 17 9 2 0 2 4 16 6 2 0 2 7 1 2 7 0 2 7 1 2 7 1 2 7 12 16 2 0 2 7 1 2 7 0 2 7 0 2 7 0 2 7 17 9 2 16 6 2 1 2 7 1 2 7 0 2 7 1 2 7 1 2 7 1 2 7 0 2 7 5 31 3 0 2 4 16 31 2 0 2 4 0 2 7 0 40.4265387058258057
0 2 7 0 2 7 0 2 7 5 31 3 5 31 3 0 2 7 5 31 3 0 2 7 1 2 7 1 2 7 0 2 7 0 2 7 17 9 2 0 2 7 16 6 2 0 2 7 1 2 7 0 2 7 1 2 7 0 2 7 12 16 2 0 2 7 1 2 7 0 2 7 0 2 7 0 2 7 17 9 2 16 6 2 1 2 7 1 2 7 0 2 7 1 2 7 0 2 7 1 2 7 1 2 7 5 31 3 17 9 2 13 6 3 0 2 7 0 2 7 0 40.4340677261352539
1 2 7 5 31 3 5 31 3 5 31 3 0 2 7 0 2 7 1 2 7 0 2 7 0 2 7 17 9 2 0 2 7 16 6 2 1 2 7 0 2 7 0 2 7 0 2 7 0 2 7 0 2 7 16 6 2 1 2 7 1 2 7 0 2 7 1 2 7 1 2 7 0 2 7 0 2 7 5 30 3 16 31 2 1 2 7 0 2 7 0 2 7 0 2 7 0 2 7 0 2 7 1 2 7 0 2 7 1 2 7 0 2 7 1 2 7 17 18 2 0 40.3387407064437866
0 2 7 0 2 7 1 2 4 5 30 3 5 31 3 0 2 7 5 31 3 0 2 7 1 2 7 0 2 7 0 2 7 0 2 4 17 9 2 16 6 2 0 2 7 1 2 7 0 2 7 1 2 7 1 2 7 0 2 7 1 2 7 0 2 7 0 2 7 0 2 7 17 9 2 16 6 2 1 2 7 1 2 7 0 2 4 1 2 7 1 2 7 1 2 7 0 2 7 5 31 3 16 31 2 0 2 7 0 2 7 12 16 2 0 2 7 0 2 7 0 40.4265387058258057
1 2 7 5 31 3 5 31 3 5 31 3 0 2 7 0 2 7 1 2 7 0 2 7 0 2 7 17 9 2 0 2 7 16 6 2 1 2 7 0 2 7 0 2 7 0 2 7 0 2 7 0 2 7 16 6 2 1 2 7 1 2 7 0 2 4 1 2 7 1 2 7 0 2 7 0 2 7 5 30 3 16 31 2 1 2 7 0 2 7 0 2 7 0 2 7 0 2 7 0 2 7 0 2 7 12 16 2 1 2 4 17 9 2 1 2 7 1 2 4 0 40.4265387058258057
0 2 7 0 2 7 0 2 7 5 31 3 5 31 3 0 2 7 5 31 3 1 2 7 1 2 4 0 2 7 0 2 7 17 9 2 0 2 7 16 6 2 0 2 7 0 2 7 0 2 7 1 2 7 0 2 7 0 2 7 16 6 2 0 2 7 1 2 7 0 2 7 16 31 2 5 30 3 1 2 7 1 2 7 1 2 7 0 2 7 1 2 7 1 2 7 0 2 7 0 2 7 0 2 7 1 2 7 0 2 4 1 2 4 12 16 2 17 18 2 0 40.4265387058258057
1 2 7 5 31 3 5 31 3 5 31 3 0 2 7 0 2 7 1 2 7 0 2 7 0 2 7 17 9 2 0 2 7 16 6 2 1 2 7 0 2 7 0 2 7 0 2 7 0 2 7 0 2 4 16 6 2 1 2 7 1 2 7 0 2 7 1 2 7 1 2 7 0 2 7 0 2 7 5 30 3 16 31 2 1 2 7 0 2 7 0 2 7 0 2 7 0 2 7 0 2 7 1 2 7 17 18 2 1 2 4 12 16 2 0 2 4 1 2 7 0 40.4265387058258057
1 2 7 5 31 3 5 31 3 5 31 3 0 2 7 0 2 7 1 2 7 0 2 7 0 2 7 17 9 2 0 2 7 16 6 2 1 2 7 0 2 7 0 2 7 0 2 7 0 2 7 0 2 7 16 6 2 1 2 7 1 2 7 0 2 7 1 2 7 1 2 7 0 2 7 0 2 7 5 30 3 16 31 2 1 2 7 0 2 7 0 2 7 0 2 7 0 2 7 0 2 7 1 2 7 0 2 7 1 2 7 0 2 7 1 2 7 17 9 2 0 40.3387407064437866
0 2 7 1 2 4 0 2 7 5 31 3 5 31 3 1 2 7 5 31 3 0 2 4 1 2 3 1 2 7 1 2 7 0 2 7 17 9 2 0 2 7 16 6 2 0 2 7 1 2 7 0 2 3 1 2 7 0 2 7 0 2 7 1 2 7 0 2 7 17 9 2 16 6 2 1 2 7 1 2 7 1 2 3 1 2 4 17 18 2 0 2 7 0 2 7 0 2 3 0 2 7 1 2 7 0 2 4 0 2 4 0 2 7 0 2 7 0 2 7 0 40.4458829164505005
0 2 7 0 2 7 0 2 7 5 31 3 5 31 3 0 2 7 5 31 3 0 2 7 1 2 7 0 2 7 0 2 7 17 9 2 0 2 7 16 6 2 0 2 7 0 2 7 0 2 7 1 2 7 0 2 7 1 2 7 16 6 2 0 2 7 0 2 7 1 2 7 16 31 2 5 30 3 1 2 7 0 2 7 0 2 7 0 2 7 1 2 7 1 2 7 0 2 7 17 9 2 0 2 7 1 2 7 1 2 4 1 2 4 1 2 4 12 16 2 0 40.4265387058258057
0 2 7 1 2 7 5 30 3 5 31 3 0 2 7 5 31 3 0 2 7 1 2 7 0 2 7 0 2 7 0 2 4 17 9 2 16 6 2 0 2 7 1 2 7 0 2 7 1 2 7 1 2 7 0 2 7 1 2 7 0 2 7 0 2 7 0 2 7 17 9 2 16 6 2 1 2 7 1 2 7 0 2 4 1 2 7 1 2 7 1 2 7 0 2 7 5 31 3 16 31 2 0 2 7 0 2 7 12 16 2 0 2 7 0 2 4 0 2 7 0 40.4265387058258057
0 2 7 0 2 7 0 2 7 5 31 3 5 31 3 0 2 7 5 31 3 0 2 7 1 2 7 1 2 7 0 2 7 0 2 7 17 9 2 0 2 7 16 6 2 0 2 7 1 2 7 0 2 7 1 2 7 0 2 7 12 16 2 0 2 7 1 2 7 0 2 7 0 2 7 0 2 7 17 9 2 16 6 2 1 2 7 1 2 7 0 2 7 1 2 7 0 2 7 1 2 7 1 2 7 5 31 3 17 9 2 13 6 3 0 2 7 0 2 7 0 40.4340677261352539
0 2 7 0 2 7 5 30 3 5 31 3 0 2 7 5 31 3 0 2 7 1 2 7 0 2 7 0 2 7 17 9 2 16 6 2 0 2 7 1 2 7 0 2 7 1 2 7 1 2 7 0 2 7 1 2 7 0 2 7 0 2 7 0 2 7 17 9 2 16 6 2 1 2 7 1 2 7 1 2 7 1 2 7 0 2 7 5 31 3 16 31 2 0 2 7 0 2 7 0 2 7 0 2 7 0 2 7 1 2 7 0 2 7 1 2 7 0 2 7 0 40.3387407064437866
1 2 7 5 31 3 5 31 3 5 31 3 0 2 7 0 2 7 1 2 7 0 2 7 0 2 7 17 9 2 0 2 7 16 6 2 1 2 7 0 2 7 0 2 7 0 2 7 0 2 7 16 6 2 1 2 7 1 2 7 0 2 7 1 2 7 0 2 7 0 2 7 0 2 7 5 30 3 16 31 2 1 2 7 0 2 7 0 2 7 0 2 7 0 2 7 0 2 7 1 2 4 12 16 2 1 2 7 17 18 2 0 2 4 1 2 7 1 2 4 0 40.4265387058258057
1 2 7 5 31 3 5 31 3 5 31 3 0 2 7 1 2 7 0 2 7 0 2 7 17 9 2 0 2 7 16 6 2 1 2 7 0 2 7 0 2 7 0 2 7 0 2 7 16 6 2 1 2 7 1 2 7 1 2 7 1 2 7 0 2 7 0 2 7 0 2 7 5 30 3 16 31 2 1 2 7 0 2 7 0 2 7 12 16 2 0 2 7 0 2 7 0 2 7 0 2 7 1 2 4 0 2 4 0 2 7 17 9 2 1 2 4 1 2 7 0 40.4265387058258057
1 2 7 5 31 3 5 31 3 5 31 3 1 2 7 0 2 7 1 2 7 0 2 7 0 2 7 17 9 2 0 2 7 16 6 2 1 2 7 0 2 7 0 2 7 0 2 7 0 2 7 16 6 2 1 2 7 1 2 7 0 2 7 1 2 7 0 2 7 0 2 7 0 2 7 5 30 3 16 31 2 1 2 7 0 2 7 0 2 7 0 2 7 0 2 7 1 2 4 12 16 2 1 2 7 0 2 4 1 2 7 0 2 7 17 9 2 0 2 4 0 40.4265387058258057
1 2 7 5 31 3 5 31 3 5 31 3 0 2 7 0 2 4 1 2 7 0 2 7 0 2 7 17 9 2 0 2 7 16 6 2 1 2 7 0 2 7 0 2 7 0 2 7 0 2 7 16 6 2 1 2 7 1 2 7 1 2 7 1 2 7 0 2 7 0 2 7 0 2 7 5 30 3 16 31 2 1 2 7 1 2 7 0 2 7 0 2 7 12 16 2 1 2 7 0 2 7 0 2 7 0 2 7 0 2 7 0 2 4 17 18 2 1 2 4 0 40.4265387058258057
0 2 7 0 2 7 0 2 7 5 31 3 5 31 3 0 2 7 5 31 3 0 2 7 1 2 7 0 2 7 0 2 7 17 9 2 0 2 7 16 6 2 0 2 7 0 2 7 0 2 7 1 2 7 0 2 7 1 2 7 16 6 2 0 2 7 0 2 7 1 2 7 16 31 2 5 30 3 1 2 7 0 2 7 0 2 7 0 2 7 1 2 7 1 2 7 0 2 7 17 9 2 0 2 7 1 2 7 1 2 4 1 2 4 1 2 4 12 16 2 0 40.4265387058258057
0 2 7 1 2 4 0 2 7 5 31 3 5 31 3 1 2 7 5 31 3 0 2 4 1 2 3 1 2 7 1 2 7 0 2 7 17 9 2 0 2 7 16 6 2 0 2 7 1 2 7 0 2 3 1 2 7 0 2 7 0 2 7 1 2 7 0 2 7 17 9 2 16 6 2 1 2 7 1 2 7 1 2 3 1 2 4 17 18 2 0 2 7 0 2 7 0 2 3 0 2 7 1 2 7 0 2 4 0 2 4 0 2 7 0 2 7 0 2 7 0 40.4458829164505005
0 2 7 0 2 7 5 30 3 5 31 3 0 2 7 5 31 3 0 2 7 1 2 7 0 2 7 0 2 7 17 9 2 16 6 2 0 2 7 1 2 7 0 2 7 1 2 7 1 2 7 0 2 7 1 2 7 0 2 7 0 2 7 0 2 7 16 6 2 1 2 7 1 2 7 1 2 7 1 2 7 0 2 7 5 31 3 16 31 2 0 2 7 0 2 7 0 2 7 1 2 7 1 2 7 0 2 7 0 2 7 17 18 2 0 2 7 0 2 7 0 40.3387407064437866
1 2 7 5 31 3 5 31 3 5 31 3 0 2 7 0 2 7 1 2 7 0 2 7 0 2 7 17 9 2 0 2 4 16 6 2 1 2 7 0 2 7 0 2 7 0 2 7 0 2 7 16 6 2 1 2 7 1 2 7 0 2 7 1 2 7 0 2 7 0 2 7 0 2 7 5 30 3 16 31 2 1 2 7 0 2 7 1 2 7 0 2 7 12 16 2 1 2 7 0 2 4 1 2 7 0 2 7 1 2 7 0 2 4 0 2 7 17 9 2 0 40.4265387058258057
0 2 7 0 2 7 0 2 7 5 31 3 5 31 3 0 2 7 5 31 3 0 2 7 1 2 7 1 2 7 0 2 7 0 2 7 17 9 2 0 2 7 16 6 2 0 2 7 1 2 7 0 2 7 1 2 7 0 2 7 12 16 2 0 2 7 1 2 7 0 2 7 0 2 7 0 2 7 17 9 2 16 6 2 1 2 7 1 2 7 0 2 7 1 2 7 0 2 7 1 2 7 1 2 7 5 31 3 17 9 2 13 6 3 0 2 7 0 2 7 0 40.4340677261352539
0 2 7 0 2 7 5 30 3 5 31 3 0 2 7 5 31 3 0 2 7 1 2 7 0 2 7 0 2 7 17 9 2 16 6 2 0 2 7 1 2 7 0 2 7 1 2 7 1 2 7 0 2 7 1 2 7 0 2 7 0 2 7 0 2 7 16 6 2 1 2 7 1 2 7 1 2 7 0 2 7 5 31 3 16 31 2 0 2 7 0 2 7 0 2 7 0 2 7 0 2 7 17 9 2 0 2 7 1 2 7 1 2 7 1 2 7 0 2 7 0 40.3387407064437866
1 2 7 5 31 3 5 31 3 5 31 3 0 2 7 0 2 7 1 2 7 0 2 7 0 2 7 17 9 2 0 2 7 16 6 2 1 2 7 0 2 7 0 2 7 0 2 7 0 2 7 16 6 2 1 2 7 1 2 7 0 2 7 1 2 7 0 2 7 0 2 7 0 2 7 5 30 3 16 31 2 1 2 7 0 2 7 0 2 7 0 2 7 0 2 7 0 2 7 1 2 4 12 16 2 1 2 7 17 18 2 0 2 4 1 2 7 1 2 4 0 40.4265387058258057
1 2 7 5 31 3 5 31 3 5 31 3 0 2 7 0 2 7 1 2 7 0 2 7 0 2 7 17 9 2 0 2 7 16 6 2 1 2 7 0 2 7 0 2 7 0 2 7 0 2 7 16 6 2 1 2 7 1 2 7 0 2 7 1 2 7 0 2 7 0 2 7 0 2 7 5 30 3 16 31 2 1 2 7 0 2 7 0 2 7 0 2 7 0 2 7 0 2 7 1 2 4 12 16 2 1 2 7 1 2 4 17 18 2 0 2 7 1 2 4 0 40.4265387058258057
0 2 7 0 2 7 5 30 3 5 31 3 1 2 7 5 31 3 0 2 7 1 2 7 0 2 7 0 2 7 17 9 2 16 6 2 0 2 7 1 2 7 0 2 7 1 2 7 0 2 7 0 2 7 1 2 7 0 2 7 0 2 7 0 2 7 16 6 2 1 2 4 1 2 7 1 2 7 0 2 7 5 31 3 16 31 2 0 2 7 0 2 7 0 2 7 0 2 7 0 2 7 17 9 2 0 2 7 1 2 4 12 16 2 1 2 7 1 2 4 0 40.4265387058258057
0 2 7 0 2 7 5 30 3 5 31 3 0 2 7 5 31 3 0 2 7 1 2 7 1 2 7 0 2 7 17 9 2 16 6 2 0 2 7 0 2 7 0 2 7 1 2 7 1 2 4 0 2 7 1 2 7 0 2 7 0 2 7 17 9 2 16 6 2 1 2 7 1 2 7 1 2 7 1 2 7 0 2 7 5 31 3 16 31 2 0 2 7 0 2 7 0 2 7 0 2 7 12 16 2 0 2 7 1 2 4 0 2 7 0 2 4 1 2 7 0 40.4265387058258057
1 2 7 5 31 3 5 31 3 5 31 3 0 2 7 0 2 4 1 2 7 0 2 7 0 2 7 17 9 2 0 2 7 16 6 2 1 2 7 0 2 7 0 2 7 0 2 7 0 2 7 16 6 2 1 2 7 1 2 7 1 2 7 1 2 7 0 2 7 0 2 7 0 2 7 5 30 3 16 31 2 1 2 7 1 2 7 0 2 7 0 2 7 12 16 2 1 2 7 0 2 7 0 2 7 0 2 7 0 2 7 0 2 4 17 18 2 1 2 4 0 40.4265387058258057
0 2 7 0 2 7 5 30 3 5 31 3 0 2 7 5 31 3 0 2 7 1 2 7 0 2 7 0 2 7 17 9 2 16 6 2 0 2 7 1 2 7 0 2 7 1 2 7 1 2 7 0 2 7 1 2 7 0 2 7 0 2 7 0 2 7 16 6 2 1 2 7 1 2 7 1 2 7 1 2 7 0 2 7 5 31 3 16 31 2 0 2 7 0 2 7 0 2 7 1 2 7 1 2 7 0 2 7 0 2 7 0 2 7 0 2 7 17 18 2 0 40.3387407064437866
0 2 7 1 2 4 0 2 7 5 31 3 5 31 3 1 2 7 5 31 3 0 2 4 1 2 3 1 2 7 1 2 7 0 2 7 17 9 2 0 2 7 16 6 2 0 2 7 1 2 7 0 2 3 1 2 7 0 2 7 0 2 7 1 2 7 0 2 7 17 9 2 16 6 2 1 2 7 1 2 7 1 2 3 1 2 4 17 18 2 0 2 7 0 2 7 0 2 3 0 2 7 1 2 7 0 2 4 0 2 4 0 2 7 0 2 7 0 2 7 0 40.4458829164505005
1 2 7 5 31 3 5 31 3 5 31 3 0 2 7 0 2 7 1 2 7 0 2 7 1 2 7 17 9 2 0 2 7 16 6 2 1 2 7 0 2 7 0 2 7 0 2 7 0 2 7 16 6 2 1 2 7 1 2 7 0 2 7 1 2 7 0 2 7 0 2 4 0 2 7 5 30 3 16 31 2 1 2 7 0 2 7 0 2 7 0 2 7 0 2 4 0 2 7 1 2 7 17 18 2 0 2 7 1 2 7 12 16 2 1 2 7 0 2 4 0 40.4265387058258057
0 2 7 0 2 7 0 2 7 5 31 3 5 31 3 0 2 7 5 31 3 0 2 7 1 2 7 1 2 7 0 2 7 0 2 7 17 9 2 0 2 7 16 6 2 0 2 7 1 2 7 0 2 7 1 2 7 0 2 7 12 16 2 0 2 7 1 2 7 0 2 7 0 2 7 0 2 7 17 9 2 16 6 2 1 2 7 1 2 7 0 2 7 1 2 7 0 2 7 1 2 7 1 2 7 5 31 3 17 9 2 13 6 3 0 2 7 0 2 7 0 40.4340677261352539
1 2 7 5 31 3 5 31 3 5 31 3 0 2 7 0 2 7 1 2 7 0 2 7 0 2 7 17 9 2 0 2 7 16 6 2 1 2 7 0 2 7 0 2 7 0 2 7 0 2 7 16 6 2 1 2 7 1 2 7 0 2 7 1 2 7 0 2 7 0 2 7 0 2 7 5 30 3 16 31 2 1 2 7 0 2 7 0 2 7 0 2 7 0 2 7 0 2 7 1 2 7 0 2 7 1 2 7 1 2 7 0 2 7 1 2 7 17 18 2 0 40.3387407064437866
0 2 7 0 2 7 5 30 3 5 31 3 0 2 7 5 31 3 0 2 7 1 2 7 1 2 7 0 2 7 17 9 2 16 6 2 0 2 7 0 2 7 0 2 7 1 2 7 1 2 4 0 2 7 1 2 7 0 2 7 0 2 7 16 6 2 1 2 7 1 2 7 1 2 7 1 2 7 0 2 7 5 31 3 16 31 2 0 2 7 0 2 7 0 2 7 0 2 7 12 16 2 0 2 7 1 2 4 0 2 7 0 2 4 1 2 7 17 9 2 0 40.4265387058258057
1 2 7 5 31 3 5 31 3 5 31 3 0 2 7 0 2 7 1 2 7 0 2 7 0 2 7 17 9 2 0 2 7 16 6 2 1 2 7 0 2 7 0 2 7 0 2 7 0 2 7 16 6 2 1 2 7 1 2 7 0 2 7 1 2 7 0 2 7 0 2 7 0 2 7 5 30 3 16 31 2 1 2 7 0 2 7 0 2 7 0 2 7 0 2 7 0 2 7 1 2 4 12 16 2 1 2 7 1 2 4 0 2 7 1 2 4 17 9 2 0 40.4265387058258057
0 2 7 0 2 7 5 30 3 5 31 3 0 2 7 5 31 3 0 2 7 1 2 7 1 2 7 0 2 7 17 9 2 16 6 2 1 2 7 0 2 7 0 2 7 1 2 7 0 2 7 1 2 7 0 2 7 0 2 7 16 6 2 1 2 7 1 2 7 1 2 7 0 2 7 5 31 3 16 31 2 0 2 7 0 2 7 0 2 7 0 2 7 12 16 2 17 18 2 0 2 7 1 2 4 0 2 7 0 2 7 1 2 4 1 2 7 0 2 4 0 40.4265387058258057
1 2 7 5 31 3 5 31 3 5 31 3 0 2 7 0 2 7 1 2 7 0 2 7 0 2 7 17 9 2 0 2 7 16 6 2 1 2 7 0 2 7 0 2 7 0 2 7 0 2 7 16 6 2 1 2 7 1 2 7 0 2 7 1 2 7 0 2 7 0 2 7 0 2 7 5 30 3 16 31 2 1 2 7 0 2 7 0 2 7 0 2 7 0 2 7 0 2 7 1 2 4 12 16 2 1 2 7 1 2 4 0 2 7 1 2 4 17 18 2 0 40.4265387058258057
0 2 7 1 2 4 0 2 7 5 31 3 5 31 3 1 2 7 5 31 3 0 2 4 1 2 3 1 2 7 1 2 7 0 2 7 17 9 2 0 2 7 16 6 2 0 2 7 1 2 7 0 2 3 1 2 7 0 2 7 0 2 7 1 2 7 0 2 7 17 9 2 16 6 2 1 2 7 1 2 7 1 2 3 1 2 4 17 18 2 0 2 7 0 2 7 0 2 3 0 2 7 1 2 7 0 2 4 0 2 4 0 2 7 0 2 7 0 2 7 0 40.4458829164505005
0 2 7 0 2 7 5 30 3 5 31 3 0 2 7 5 31 3 0 2 7 1 2 7 1 2 7 0 2 7 17 9 2 16 6 2 0 2 7 0 2 7 0 2 7 1 2 7 0 2 7 1 2 7 0 2 7 0 2 7 17 9 2 16 6 2 1 2 7 1 2 7 1 2 7 1 2 7 0 2 7 5 31 3 16 31 2 0 2 7 0 2 7 0 2 7 0 2 7 0 2 7 0 2 7 1 2 7 1 2 7 0 2 7 1 2 7 0 2 7 0 40.3387407064437866
0 2 7 0 2 7 5 30 3 5 31 3 0 2 7 5 31 3 0 2 7 1 2 7 1 2 7 0 2 7 17 9 2 16 6 2 1 2 7 0 2 7 0 2 7 1 2 7 0 2 7 1 2 7 0 2 7 0 2 7 16 6 2 1 2 7 1 2 7 1 2 7 1 2 7 0 2 7 5 31 3 16 31 2 0 2 7 0 2 7 0 2 7 0 2 7 12 16 2 0 2 4 1 2 7 17 18 2 0 2 4 0 2 7 1 2 4 0 2 7 0 40.4265387058258057
0 2 7 0 2 7 5 30 3 5 31 3 1 2 7 5 31 3 0 2 7 1 2 7 0 2 7 0 2 7 17 9 2 16 6 2 0 2 7 1 2 7 0 2 7 1 2 7 0 2 7 0 2 7 1 2 7 0 2 7 0 2 7 0 2 7 16 6 2 1 2 7 1 2 7 0 2 7 5 31 3 16 31 2 0 2 7 0 2 7 0 2 7 12 16 2 1 2 7 1 2 7 0 2 4 1 2 7 1 2 7 17 18 2 0 2 4 0 2 4 0 40.4265387058258057
0 2 7 0 2 7 0 2 7 5 31 3 5 31 3 0 2 7 5 31 3 0 2 7 1 2 7 1 2 7 0 2 7 0 2 7 17 9 2 0 2 7 16 6 2 0 2 7 1 2 7 0 2 7 1 2 7 0 2 7 12 16 2 0 2 7 1 2 7 0 2 7 0 2 7 0 2 7 17 9 2 16 6 2 1 2 7 1 2 7 0 2 7 1 2 7 0 2 7 1 2 7 1 2 7 5 31 3 17 9 2 13 6 3 0 2 7 0 2 7 0 40.4340677261352539
1 2 7 5 31 3 5 31 3 5 31 3 0 2 7 0 2 7 1 2 7 0 2 7 0 2 7 17 9 2 0 2 7 16 6 2 1 2 7 0 2 7 0 2 7 0 2 7 0 2 7 16 6 2 1 2 7 1 2 7 0 2 7 1 2 7 0 2 7 0 2 7 0 2 7 5 30 3 16 31 2 1 2 7 0 2 7 0 2 7 0 2 7 0 2 7 0 2 7 1 2 7 1 2 7 0 2 7 1 2 7 0 2 7 1 2 7 17 9 2 0 40.3387407064437866
0 2 4 0 2 7 5 30 3 5 31 3 1 2 7 5 31 3 0 2 7 1 2 7 1 2 7 0 2 7 17 9 2 16 6 2 1 2 7 0 2 7 0 2 7 1 2 7 0 2 7 1 2 4 0 2 7 0 2 7 16 6 2 1 2 7 1 2 7 1 2 7 0 2 7 0 2 7 5 31 3 16 31 2 0 2 7 0 2 7 0 2 7 0 2 7 12 16 2 0 2 7 17 18 2 0 2 7 0 2 7 0 2 7 1 2 7 1 2 4 0 40.4265387058258057
1 2 7 5 31 3 5 31 3 5 31 3 0 2 7 0 2 7 1 2 7 0 2 7 0 2 7 17 9 2 0 2 7 16 6 2 1 2 7 0 2 7 0 2 7 0 2 7 0 2 7 16 6 2 1 2 7 1 2 7 0 2 7 1 2 7 0 2 7 0 2 7 0 2 7 5 30 3 16 31 2 1 2 7 0 2 7 0 2 7 0 2 7 0 2 7 0 2 7 1 2 4 12 16 2 1 2 7 1 2 4 0 2 4 17 9 2 1 2 7 0 40.4265387058258057
1 2 7 5 31 3 5 31 3 5 31 3 0 2 7 0 2 7 1 2 7 0 2 7 0 2 7 17 9 2 0 2 7 16 6 2 1 2 7 0 2 7 0 2 7 0 2 7 0 2 7 16 6 2 1 2 7 1 2 7 0 2 7 1 2 7 0 2 7 0 2 7 0 2 7 5 30 3 16 31 2 1 2 7 0 2 7 0 2 7 0 2 7 0 2 7 0 2 7 1 2 4 12 16 2 1 2 7 1 2 4 0 2 7 1 2 4 17 18 2 0 40.4265387058258057
1 2 7 5 31 3 5 31 3 5 31 3 0 2 7 0 2 7 1 2 7 0 2 7 0 2 7 17 9 2 0 2 7 16 6 2 1 2 7 0 2 7 0 2 7 0 2 7 0 2 7 16 6 2 1 2 7 1 2 7 0 2 7 1 2 7 0 2 7 0 2 7 0 2 7 5 30 3 16 31 2 1 2 7 0 2 7 0 2 7 0 2 7 0 2 7 0 2 7 1 2 4 12 16 2 1 2 7 1 2 4 0 2 7 1 2 4 17 9 2 0 40.4265387058258057
1 2 7 5 31 3 5 31 3 5 31 3 0 2 7 0 2 7 1 2 7 0 2 7 0 2 7 17 9 2 0 2 7 16 6 2 1 2 7 0 2 7 0 2 7 0 2 7 0 2 7 16 6 2 1 2 7 1 2 7 0 2 7 1 2 7 0 2 7 0 2 7 0 2 7 5 30 3 16 31 2 1 2 7 0 2 7 0 2 7 0 2 7 0 2 7 0 2 7 1 2 7 1 2 7 0 2 7 1 2 7 0 2 7 1 2 7 17 18 2 0 40.3387407064437866
0 2 7 0 2 7 5 30 3 5 31 3 0 2 7 5 31 3 0 2 7 1 2 7 1 2 7 0 2 7 17 9 2 16 6 2 1 2 7 0 2 7 1 2 7 1 2 7 0 2 7 1 2 7 0 2 7 0 2 7 16 6 2 1 2 7 1 2 7 1 2 7 1 2 7 0 2 7 5 31 3 16 31 2 0 2 7 0 2 7 0 2 7 0 2 7 12 16 2 0 2 4 17 18 2 0 2 7 1 2 4 0 2 7 0 2 7 0 2 4 0 40.4265387058258057
0 2 7 1 2 4 0 2 7 5 31 3 5 31 3 1 2 7 5 31 3 0 2 4 1 2 3 1 2 7 1 2 7 0 2 7 17 9 2 0 2 7 16 6 2 0 2 7 1 2 7 0 2 3 1 2 7 0 2 7 0 2 7 1 2 7 0 2 7 17 9 2 16 6 2 1 2 7 1 2 7 1 2 3 1 2 4 17 18 2 0 2 7 0 2 7 0 2 3 0 2 7 1 2 7 0 2 4 0 2 4 0 2 7 0 2 7 0 2 7 0 40.4458829164505005
0 2 7 0 2 7 5 30 3 5 31 3 0 2 7 5 31 3 0 2 7 1 2 7 1 2 7 0 2 7 17 9 2 16 6 2 0 2 7 0 2 7 0 2 7 1 2 7 0 2 7 1 2 7 0 2 7 0 2 7 16 6 2 1 2 7 1 2 7 1 2 7 1 2 7 0 2 7 5 31 3 16 31 2 0 2 7 0 2 7 0 2 7 0 2 7 1 2 7 1 2 7 1 2 7 17 18 2 12 16 2 0 2 4 0 2 4 0 2 4 0 40.4265387058258057
0 2 7 0 2 7 0 2 7 5 31 3 5 31 3 0 2 7 5 31 3 0 2 7 1 2 7 1 2 7 0 2 7 0 2 7 17 9 2 0 2 7 16 6 2 0 2 7 1 2 7 0 2 7 1 2 7 0 2 7 12 16 2 0 2 7 1 2 7 0 2 7 0 2 7 0 2 7 17 9 2 16 6 2 1 2 7 1 2 7 0 2 7 1 2 7 0 2 7 1 2 7 1 2 7 5 31 3 17 9 2 13 6 3 0 2 7 0 2 7 0 40.4340677261352539
1 2 7 5 31 3 5 31 3 5 31 3 0 2 7 0 2 7 1 2 7 0 2 7 17 9 2 0 2 7 16 6 2 1 2 7 0 2 7 0 2 7 0 2 7 0 2 7 16 6 2 1 2 7 1 2 7 0 2 7 1 2 7 0 2 7 0 2 7 0 2 7 5 30 3 16 31 2 1 2 7 0 2 7 1 2 7 0 2 7 1 2 7 1 2 7 0 2 7 1 2 7 0 2 7 0 2 7 0 2 7 0 2 7 0 2 7 17 18 2 0 40.3387407064437866
1 2 7 5 31 3 5 31 3 5 31 3 0 2 7 0 2 7 1 2 7 0 2 7 0 2 7 17 9 2 0 2 7 16 6 2 1 2 7 0 2 7 0 2 7 0 2 7 0 2 7 16 6 2 1 2 7 1 2 7 0 2 7 1 2 7 0 2 7 0 2 7 0 2 7 5 30 3 16 31 2 1 2 7 0 2 7 0 2 7 0 2 7 0 2 7 0 2 7 1 2 4 12 16 2 1 2 7 1 2 4 0 2 4 1 2 7 17 18 2 0 40.4265387058258057
1 2 7 5 31 3 5 31 3 5 31 3 0 2 7 0 2 7 1 2 7 0 2 7 0 2 7 17 9 2 0 2 7 16 6 2 1 2 7 0 2 7 0 2 7 0 2 7 0 2 7 16 6 2 1 2 7 1 2 7 0 2 7 1 2 7 0 2 7 0 2 7 0 2 7 5 30 3 16 31 2 1 2 7 0 2 7 0 2 7 0 2 7 1 2 7 1 2 7 1 2 7 0 2 7 1 2 4 12 16 2 0 2 4 0 2 4 17 18 2 0 40.4265387058258057
1 2 7 5 31 3 5 31 3 5 31 3 0 2 7 0 2 7 1 2 7 0 2 7 0 2 7 17 9 2 0 2 7 16 6 2 1 2 7 0 2 7 0 2 7 0 2 7 0 2 7 16 6 2 1 2 7 1 2 7 0 2 7 1 2 7 0 2 7 0 2 7 0 2 7 5 30 3 16 31 2 1 2 7 0 2 7 0 2 7 0 2 7 0 2 7 0 2 7 1 2 4 12 16 2 1 2 7 1 2 4 0 2 4 1 2 7 17 9 2 0 40.4265387058258057
1 2 7 5 31 3 5 31 3 5 31 3 0 2 7 0 2 7 1 2 7 0 2 7 0 2 7 17 9 2 0 2 7 16 6 2 1 2 7 0 2 7 0 2 7 0 2 7 0 2 7 16 6 2 1 2 7 1 2 7 0 2 7 1 2 7 0 2 7 0 2 7 0 2 7 5 30 3 16 31 2 1 2 7 0 2 7 0 2 7 0 2 7 1 2 7 1 2 7 1 2 7 0 2 7 1 2 4 12 16 2 0 2 4 0 2 4 17 9 2 0 40.4265387058258057
1 2 7 5 31 3 5 31 3 5 31 3 0 2 7 0 2 7 1 2 7 0 2 7 0 2 7 17 9 2 0 2 7 16 6 2 1 2 7 0 2 7 0 2 7 0 2 7 0 2 7 16 6 2 1 2 7 1 2 7 0 2 7 1 2 7 0 2 7 0 2 7 0 2 7 5 30 3 16 31 2 0 2 7 0 2 7 0 2 7 0 2 7 0 2 7 1 2 7 1 2 7 1 2 7 1 2 7 0 2 7 0 2 7 1 2 7 17 9 2 0 40.3387407064437866
0 2 7 1 2 4 0 2 7 5 31 3 5 31 3 1 2 7 5 31 3 0 2 4 1 2 3 1 2 7 1 2 7 0 2 7 17 9 2 0 2 7 16 6 2 0 2 7 1 2 7 0 2 3 1 2 7 0 2 7 0 2 7 1 2 7 0 2 7 17 9 2 16 6 2 1 2 7 1 2 7 1 2 3 1 2 4 17 18 2 0 2 7 0 2 7 0 2 3 0 2 7 1 2 7 0 2 4 0 2 4 0 2 7 0 2 7 0 2 7 0 40.4458829164505005
1 2 7 5 31 3 5 31 3 5 31 3 0 2 7 0 2 7 1 2 7 0 2 7 17 9 2 0 2 7 16 6 2 0 2 7 0 2 7 0 2 7 0 2 7 0 2 7 16 6 2 1 2 4 0 2 7 0 2 7 1 2 7 0 2 7 0 2 7 0 2 7 5 30 3 16 31 2 1 2 7 0 2 7 0 2 7 0 2 7 1 2 7 1 2 7 17 18 2 12 16 2 1 2 7 1 2 7 1 2 4 0 2 7 1 2 4 0 2 7 0 40.4265387058258057
1 2 7 5 31 3 5 31 3 5 31 3 0 2 7 0 2 7 1 2 7 0 2 4 0 2 7 17 9 2 0 2 7 16 6 2 1 2 7 0 2 7 0 2 7 0 2 7 0 2 7 16 6 2 1 2 7 1 2 7 0 2 7 1 2 7 0 2 7 0 2 7 0 2 7 5 30 3 16 31 2 1 2 7 0 2 7 1 2 7 0 2 7 0 2 4 12 16 2 1 2 7 17 18 2 1 2 7 0 2 7 1 2 7 0 2 4 0 2 7 0 40.4265387058258057
0 2 7 0 2 7 0 2 7 5 31 3 5 31 3 0 2 7 5 31 3 0 2 7 1 2 7 1 2 7 0 2 7 0 2 7 17 9 2 0 2 7 16 6 2 0 2 7 1 2 7 0 2 7 1 2 7 0 2 7 12 16 2 0 2 7 1 2 7 0 2 7 0 2 7 0 2 7 17 9 2 16 6 2 1 2 7 1 2 7 0 2 7 1 2 7 0 2 7 1 2 7 1 2 7 5 31 3 17 9 2 13 6 3 0 2 7 0 2 7 0 40.4340677261352539
1 2 7 5 31 3 5 31 3 5 31 3 0 2 7 0 2 7 1 2 7 0 2 7 17 9 2 0 2 7 16 6 2 1 2 7 0 2 7 0 2 7 0 2 7 0 2 7 16 6 2 1 2 7 1 2 7 0 2 7 1 2 7 0 2 7 0 2 7 0 2 7 5 30 3 16 31 2 1 2 7 0 2 7 1 2 7 0 2 7 1 2 7 1 2 7 0 2 7 0 2 7 1 2 7 0 2 7 0 2 7 0 2 7 0 2 7 17 18 2 0 40.3387407064437866
1 2 7 5 31 3 5 31 3 5 31 3 0 2 7 0 2 7 1 2 7 0 2 7 17 9 2 0 2 7 16 6 2 1 2 7 0 2 7 0 2 7 0 2 7 0 2 7 16 6 2 1 2 7 1 2 7 0 2 7 1 2 7 0 2 7 0 2 7 0 2 7 5 30 3 16 31 2 1 2 7 0 2 7 1 2 7 0 2 7 1 2 7 1 2 7 0 2 7 0 2 7 1 2 7 0 2 7 0 2 7 0 2 7 0 2 7 17 9 2 0 40.3387407064437866
0 2 7 1 2 7 5 31 3 5 31 3 1 2 4 5 31 3 1 2 7 1 2 7 0 2 7 17 9 2 0 2 7 16 6 2 0 2 7 0 2 7 1 2 7 0 2 7 0 2 7 1 2 7 0 2 7 16 6 2 1 2 7 1 2 7 0 2 4 0 2 7 0 2 7 1 2 7 0 2 7 0 2 7 0 2 7 1 2 7 0 2 7 0 2 7 0 2 7 0 2 7 0 2 7 16 31 2 1 2 4 17 9 2 5 30 3 12 16 2 0 40.4265387058258057
0 2 7 1 2 4 0 2 7 5 31 3 5 31 3 1 2 7 5 31 3 0 2 4 1 2 3 1 2 7 1 2 7 0 2 7 17 9 2 0 2 7 16 6 2 0 2 7 1 2 7 0 2 3 1 2 7 0 2 7 0 2 7 1 2 7 0 2 7 17 9 2 16 6 2 1 2 7 1 2 7 1 2 3 1 2 4 17 18 2 0 2 7 0 2 7 0 2 3 0 2 7 1 2 7 0 2 4 0 2 4 0 2 7 0 2 7 0 2 7 0 40.4458829164505005
0 2 7 0 2 7 5 31 3 5 31 3 1 2 4 5 31 3 1 2 7 1 2 7 0 2 7 17 9 2 0 2 7 16 30 2 0 2 7 1 2 7 1 2 4 0 2 7 0 2 7 1 2 7 0 2 7 17 9 2 16 6 2 1 2 7 1 2 4 0 2 7 0 2 7 0 2 7 0 2 7 0 2 7 0 2 7 0 2 7 1 2 7 17 9 2 0 2 7 0 2 7 0 2 4 5 31 3 0 2 7 1 2 7 1 2 7 1 2 7 0 40.3919799327850342
1 2 7 5 31 3 5 31 3 5 31 3 0 2 7 0 2 7 1 2 7 0 2 7 17 9 2 0 2 7 16 6 2 0 2 7 0 2 7 0 2 7 0 2 7 0 2 7 16 6 2 1 2 4 0 2 7 0 2 7 1 2 7 0 2 7 0 2 7 0 2 7 5 30 3 16 31 2 1 2 7 0 2 7 0 2 7 0 2 7 1 2 7 1 2 7 17 18 2 12 16 2 1 2 7 1 2 7 1 2 4 0 2 7 1 2 4 0 2 7 0 40.4265387058258057
0 2 7 0 2 7 5 31 3 5 31 3 1 2 4 5 31 3 1 2 7 1 2 7 0 2 7 17 9 2 0 2 7 16 6 2 0 2 7 1 2 7 1 2 7 0 2 7 0 2 7 1 2 4 0 2 7 16 6 2 1 2 7 1 2 7 0 2 7 0 2 7 0 2 7 1 2 7 0 2 4 0 2 7 0 2 7 1 2 7 0 2 7 0 2 7 0 2 7 0 2 7 0 2 4 17 9 2 17 18 2 1 2 7 6 2 7 5 31 3 0 40.4036498665809631
0 2 7 0 2 7 0 2 7 5 31 3 5 31 3 0 2 7 5 31 3 0 2 7 1 2 7 1 2 7 0 2 7 0 2 7 17 9 2 0 2 7 16 6 2 0 2 7 1 2 7 0 2 7 1 2 7 0 2 7 12 16 2 0 2 7 1 2 7 0 2 7 0 2 7 0 2 7 17 9 2 16 6 2 1 2 7 1 2 7 0 2 7 1 2 7 0 2 7 1 2 7 1 2 7 5 31 3 17 9 2 13 6 3 0 2 7 0 2 7 0 40.4340677261352539
0 2 7 0 2 7 5 31 3 5 31 3 1 2 4 5 31 3 1 2 4 1 2 7 0 2 7 17 9 2 0 2 7 16 6 2 0 2 7 1 2 7 1 2 7 0 2 7 0 2 7 1 2 4 0 2 7 16 6 2 1 2 7 1 2 7 0 2 7 0 2 7 0 2 7 1 2 7 0 2 7 0 2 7 0 2 7 1 2 4 1 2 7 0 2 7 0 2 7 0 2 7 0 2 7 17 9 2 17 9 2 6 2 7 5 31 3 0 2 7 0 40.4036498665809631
1 2 7 5 31 3 5 31 3 5 31 3 0 2 7 0 2 7 1 2 7 0 2 4 0 2 4 17 9 2 0 2 7 16 6 2 1 2 7 0 2 7 0 2 7 0 2 7 0 2 7 16 6 2 1 2 7 1 2 7 0 2 7 1 2 7 0 2 7 0 2 7 0 2 7 5 30 3 16 31 2 1 2 7 0 2 7 1 2 7 0 2 7 0 2 4 12 16 2 1 2 7 17 18 2 1 2 7 0 2 7 0 2 7 1 2 7 0 2 7 0 40.4265387058258057
MonoObjective Genetic Algorithm
Number of Evaluations = 0
Mutation Probability = 0
Crossover Probability = 1
Population Size = 10
Survival Selection Type = 15
Time =  9033.30777406692505
1 2 7 5 31 3 5 31 3 5 31 3 0 2 7 0 2 7 1 2 7 0 2 7 17 9 2 0 2 7 16 6 2 1 2 7 0 2 7 0 2 7 0 2 7 0 2 7 16 6 2 1 2 7 1 2 7 0 2 7 1 2 7 0 2 7 0 2 7 0 2 7 5 30 3 16 31 2 1 2 7 0 2 7 1 2 7 0 2 7 1 2 7 1 2 7 0 2 7 0 2 7 1 2 7 0 2 7 0 2 7 0 2 7 0 2 7 17 18 2 0 40.3387407064437866
1 2 7 5 31 3 5 31 3 5 31 3 0 2 7 0 2 7 1 2 7 0 2 7 17 9 2 0 2 7 16 6 2 1 2 7 0 2 7 0 2 7 0 2 7 0 2 7 16 6 2 1 2 7 1 2 7 0 2 7 1 2 7 0 2 7 0 2 7 0 2 7 5 30 3 16 31 2 1 2 7 0 2 7 1 2 7 0 2 7 1 2 7 1 2 7 0 2 7 0 2 7 1 2 7 0 2 7 0 2 7 0 2 7 0 2 7 17 9 2 0 40.3387407064437866
0 2 7 1 2 7 5 31 3 5 31 3 1 2 4 5 31 3 1 2 7 1 2 7 0 2 7 17 9 2 0 2 7 16 6 2 0 2 7 0 2 7 1 2 7 0 2 7 0 2 7 1 2 7 0 2 7 16 6 2 1 2 7 1 2 7 0 2 4 0 2 7 0 2 7 1 2 7 0 2 7 0 2 7 0 2 7 1 2 7 0 2 7 0 2 7 0 2 7 0 2 7 0 2 7 16 31 2 1 2 4 17 9 2 5 30 3 12 16 2 0 40.4265387058258057
0 2 7 1 2 4 0 2 7 5 31 3 5 31 3 1 2 7 5 31 3 0 2 4 1 2 3 1 2 7 1 2 7 0 2 7 17 9 2 0 2 7 16 6 2 0 2 7 1 2 7 0 2 3 1 2 7 0 2 7 0 2 7 1 2 7 0 2 7 17 9 2 16 6 2 1 2 7 1 2 7 1 2 3 1 2 4 17 18 2 0 2 7 0 2 7 0 2 3 0 2 7 1 2 7 0 2 4 0 2 4 0 2 7 0 2 7 0 2 7 0 40.4458829164505005
0 2 7 0 2 7 5 31 3 5 31 3 1 2 4 5 31 3 1 2 7 1 2 7 0 2 7 17 9 2 0 2 7 16 30 2 0 2 7 1 2 7 1 2 4 0 2 7 0 2 7 1 2 7 0 2 7 17 9 2 16 6 2 1 2 7 1 2 4 0 2 7 0 2 7 0 2 7 0 2 7 0 2 7 0 2 7 0 2 7 1 2 7 17 9 2 0 2 7 0 2 7 0 2 4 5 31 3 0 2 7 1 2 7 1 2 7 1 2 7 0 40.3919799327850342
1 2 7 5 31 3 5 31 3 5 31 3 0 2 7 0 2 7 1 2 7 0 2 7 17 9 2 0 2 7 16 6 2 0 2 7 0 2 7 0 2 7 0 2 7 0 2 7 16 6 2 1 2 4 0 2 7 0 2 7 1 2 7 0 2 7 0 2 7 0 2 7 5 30 3 16 31 2 1 2 7 0 2 7 0 2 7 0 2 7 1 2 7 1 2 7 17 18 2 12 16 2 1 2 7 1 2 7 1 2 4 0 2 7 1 2 4 0 2 7 0 40.4265387058258057
0 2 7 0 2 7 5 31 3 5 31 3 1 2 4 5 31 3 1 2 7 1 2 7 0 2 7 17 9 2 0 2 7 16 6 2 0 2 7 1 2 7 1 2 7 0 2 7 0 2 7 1 2 4 0 2 7 16 6 2 1 2 7 1 2 7 0 2 7 0 2 7 0 2 7 1 2 7 0 2 4 0 2 7 0 2 7 1 2 7 0 2 7 0 2 7 0 2 7 0 2 7 0 2 4 17 9 2 17 18 2 1 2 7 6 2 7 5 31 3 0 40.4036498665809631
0 2 7 0 2 7 0 2 7 5 31 3 5 31 3 0 2 7 5 31 3 0 2 7 1 2 7 1 2 7 0 2 7 0 2 7 17 9 2 0 2 7 16 6 2 0 2 7 1 2 7 0 2 7 1 2 7 0 2 7 12 16 2 0 2 7 1 2 7 0 2 7 0 2 7 0 2 7 17 9 2 16 6 2 1 2 7 1 2 7 0 2 7 1 2 7 0 2 7 1 2 7 1 2 7 5 31 3 17 9 2 13 6 3 0 2 7 0 2 7 0 40.4340677261352539
0 2 7 0 2 7 5 31 3 5 31 3 1 2 4 5 31 3 1 2 4 1 2 7 0 2 7 17 9 2 0 2 7 16 6 2 0 2 7 1 2 7 1 2 7 0 2 7 0 2 7 1 2 4 0 2 7 16 6 2 1 2 7 1 2 7 0 2 7 0 2 7 0 2 7 1 2 7 0 2 7 0 2 7 0 2 7 1 2 4 1 2 7 0 2 7 0 2 7 0 2 7 0 2 7 17 9 2 17 9 2 6 2 7 5 31 3 0 2 7 0 40.4036498665809631
1 2 7 5 31 3 5 31 3 5 31 3 0 2 7 0 2 7 1 2 7 0 2 4 0 2 4 17 9 2 0 2 7 16 6 2 1 2 7 0 2 7 0 2 7 0 2 7 0 2 7 16 6 2 1 2 7 1 2 7 0 2 7 1 2 7 0 2 7 0 2 7 0 2 7 5 30 3 16 31 2 1 2 7 0 2 7 1 2 7 0 2 7 0 2 4 12 16 2 1 2 7 17 18 2 1 2 7 0 2 7 0 2 7 1 2 7 0 2 7 0 40.4265387058258057
