0 2 7 12 16 2 0 2 7 0 2 7 0 2 7 0 2 7 1 2 7 0 2 7 0 2 7 5 30 3 5 31 3 13 6 3 0 2 7 1 2 7 1 2 7 0 2 7 1 2 7 1 2 7 17 9 2 17 9 2 0 20.2646257877349854
0 2 7 12 16 2 0 2 7 0 2 7 0 2 7 0 2 7 1 2 7 0 2 7 0 2 7 5 30 3 5 31 3 13 6 3 1 2 7 1 2 7 0 2 7 1 2 7 0 2 7 1 2 7 17 18 2 17 9 2 0 20.2646257877349854
0 2 7 12 16 2 0 2 7 0 2 7 0 2 7 0 2 7 1 2 7 0 2 7 6 2 4 5 30 3 5 31 3 13 6 3 17 18 2 0 2 4 1 2 7 0 2 7 1 2 7 12 16 2 1 2 7 17 9 2 0 20.3487167954444885
0 2 7 12 16 2 0 2 7 0 2 7 0 2 7 0 2 7 1 2 7 0 2 7 0 2 7 5 30 3 5 31 3 13 6 3 1 2 7 1 2 7 0 2 7 17 18 2 1 2 7 0 2 7 1 2 7 17 18 2 0 20.2646257877349854
0 2 7 12 16 2 0 2 7 0 2 7 0 2 7 0 2 7 1 2 7 0 2 7 0 2 7 5 30 3 5 31 3 13 6 3 1 2 7 1 2 7 1 2 7 17 18 2 0 2 4 17 18 2 12 16 2 6 2 4 0 20.3487167954444885
5 31 3 0 2 7 1 2 7 5 30 3 0 2 7 0 2 7 17 18 2 0 2 7 0 2 7 0 2 7 0 2 7 12 16 2 13 6 3 1 2 3 12 16 2 1 2 11 0 2 4 16 30 2 12 16 2 6 2 7 0 20.5474987626075745
1 2 7 12 16 2 0 2 7 0 2 7 0 2 7 0 2 7 1 2 7 0 2 7 0 2 7 5 30 3 5 31 3 13 6 3 1 2 7 6 2 7 17 18 2 17 18 2 0 2 7 1 2 4 0 2 4 12 16 2 0 20.3487167954444885
1 2 7 1 2 7 0 2 7 1 2 7 5 30 3 13 6 3 1 2 7 5 31 3 0 2 7 0 2 7 0 2 4 0 2 7 12 16 2 17 18 2 0 2 7 17 9 2 0 2 4 12 16 2 6 2 7 0 2 7 0 20.3487167954444885
1 2 7 1 2 7 0 2 7 1 2 7 5 30 3 13 6 3 1 2 7 5 31 3 0 2 7 0 2 4 0 2 7 0 2 7 0 2 7 12 16 2 12 16 2 0 2 4 17 9 2 12 16 2 16 30 2 0 2 3 0 20.4516057968139648
0 2 7 12 16 2 0 2 7 0 2 3 17 18 2 0 2 7 0 2 7 0 2 7 0 2 7 12 16 2 5 30 3 5 31 3 13 6 3 16 30 2 1 2 7 1 2 7 0 2 4 1 2 7 1 2 4 12 16 2 0 20.4516057968139648
12 16 2 0 2 7 0 2 7 1 2 7 0 2 7 0 2 7 0 2 7 5 31 3 5 30 3 13 6 3 1 2 7 1 2 7 0 2 7 0 2 7 17 9 2 17 9 2 0 2 7 0 2 7 1 2 7 1 2 7 0 20.2646257877349854
0 2 4 12 16 2 0 2 7 0 2 7 0 2 7 0 2 7 1 2 7 0 2 7 5 30 3 5 31 3 13 6 3 1 2 7 1 2 4 1 2 7 17 18 2 0 2 7 12 16 2 0 2 7 17 9 2 6 2 7 0 20.3487167954444885
12 16 2 0 2 7 0 2 7 1 2 7 0 2 7 0 2 7 0 2 7 5 31 3 5 30 3 13 6 3 1 2 7 1 2 7 0 2 7 0 2 7 17 9 2 0 2 7 0 2 7 1 2 7 1 2 7 17 18 2 0 20.2646257877349854
0 2 7 12 16 2 0 2 7 0 2 7 0 2 7 0 2 7 1 2 7 0 2 7 5 31 3 5 30 3 13 6 3 1 2 7 1 2 7 1 2 7 17 18 2 0 2 7 0 2 7 1 2 7 0 2 7 17 18 2 0 20.2646257877349854
0 2 7 12 16 2 0 2 7 13 6 3 1 2 4 6 2 7 1 2 4 0 2 7 5 30 3 5 31 3 0 2 7 17 18 2 0 2 7 1 2 7 0 2 7 0 2 7 0 2 7 1 2 7 17 18 2 12 16 2 0 20.3487167954444885
0 2 3 12 16 2 0 2 7 16 30 2 0 2 4 0 2 7 0 2 7 12 16 2 5 31 3 5 30 3 13 6 3 1 2 7 0 2 7 0 2 7 1 2 7 1 2 7 12 16 2 0 2 7 17 18 2 1 2 4 0 20.4516057968139648
1 2 7 12 16 2 0 2 7 0 2 7 0 2 7 0 2 7 1 2 7 0 2 7 0 2 7 5 30 3 5 31 3 13 6 3 1 2 7 6 2 7 0 2 7 1 2 4 0 2 4 12 16 2 17 9 2 17 9 2 0 20.3487167954444885
0 2 7 12 16 2 0 2 7 0 2 7 0 2 7 0 2 7 1 2 7 0 2 7 0 2 7 5 30 3 5 31 3 13 6 3 1 2 7 1 2 7 17 18 2 0 2 7 17 18 2 12 16 2 1 2 4 6 2 4 0 20.3487167954444885
0 2 7 12 16 2 0 2 7 0 2 7 0 2 7 0 2 7 1 2 7 0 2 7 0 2 7 5 30 3 5 31 3 13 6 3 1 2 7 1 2 7 1 2 7 17 18 2 0 2 4 17 18 2 12 16 2 6 2 4 0 20.3487167954444885
12 16 2 0 2 7 0 2 7 1 2 7 0 2 7 0 2 7 0 2 7 5 31 3 5 30 3 13 6 3 1 2 7 1 2 7 0 2 7 17 9 2 1 2 7 0 2 4 6 2 7 0 2 4 17 18 2 12 16 2 0 20.3487167954444885
0 2 7 12 16 2 1 2 7 0 2 7 0 2 7 0 2 7 0 2 7 0 2 7 5 31 3 1 2 7 13 6 3 0 2 7 1 2 7 0 2 7 5 30 3 0 2 7 1 2 7 1 2 7 17 9 2 17 9 2 0 20.2646257877349854
0 2 7 0 2 7 0 2 7 0 2 7 0 2 7 1 2 7 0 2 7 5 30 3 5 31 3 13 6 3 1 2 7 1 2 7 0 2 7 0 2 7 12 16 2 17 18 2 1 2 7 1 2 7 0 2 7 17 9 2 0 20.2646257877349854
0 2 7 0 2 7 0 2 7 0 2 7 0 2 7 1 2 7 0 2 7 5 30 3 5 31 3 13 6 3 1 2 7 1 2 4 0 2 7 17 9 2 12 16 2 12 16 2 1 2 4 0 2 7 17 9 2 6 2 7 0 20.3487167954444885
0 2 7 0 2 7 0 2 7 0 2 7 0 2 7 1 2 7 0 2 7 5 30 3 5 31 3 13 6 3 1 2 7 1 2 7 0 2 7 0 2 7 12 16 2 17 18 2 1 2 7 1 2 7 0 2 7 17 18 2 0 20.2646257877349854
12 16 2 12 16 2 1 2 7 6 2 7 0 2 7 0 2 7 0 2 4 5 30 3 5 31 3 13 6 3 0 2 7 1 2 7 1 2 7 0 2 7 17 9 2 0 2 7 0 2 7 0 2 4 17 18 2 1 2 7 0 20.3487167954444885
0 2 7 12 16 2 1 2 7 0 2 4 0 2 7 0 2 4 0 2 7 0 2 7 5 31 3 1 2 7 13 6 3 0 2 7 0 2 7 5 30 3 17 9 2 17 9 2 12 16 2 6 2 7 1 2 7 1 2 7 0 20.3487167954444885
0 2 7 12 16 2 0 2 7 0 2 7 0 2 7 0 2 7 1 2 7 0 2 7 0 2 7 5 30 3 5 31 3 13 6 3 1 2 7 1 2 7 1 2 7 17 18 2 17 18 2 0 2 4 12 16 2 6 2 4 0 20.3487167954444885
1 2 7 12 16 2 0 2 7 0 2 7 0 2 7 0 2 7 1 2 7 0 2 7 0 2 7 5 30 3 5 31 3 13 6 3 1 2 7 6 2 7 0 2 7 1 2 4 0 2 4 12 16 2 17 9 2 17 9 2 0 20.3487167954444885
12 16 2 0 2 7 0 2 7 0 2 7 0 2 7 1 2 7 0 2 7 5 30 3 5 31 3 13 6 3 1 2 7 1 2 4 1 2 7 17 18 2 0 2 7 12 16 2 0 2 7 6 2 7 17 18 2 0 2 4 0 20.3487167954444885
0 2 7 0 2 7 0 2 7 0 2 7 0 2 7 1 2 4 0 2 7 5 30 3 5 31 3 13 6 3 1 2 7 1 2 7 0 2 7 17 9 2 12 16 2 17 18 2 1 2 7 12 16 2 0 2 7 6 2 4 0 20.3487167954444885
0 2 7 0 2 7 1 2 7 0 2 7 5 30 3 5 31 3 13 6 3 1 2 7 0 2 7 0 2 7 0 2 7 17 9 2 0 2 7 0 2 7 1 2 7 12 16 2 1 2 7 1 2 7 17 9 2 0 2 7 0 20.2646257877349854
12 16 2 0 2 7 0 2 7 0 2 7 0 2 7 5 30 3 13 6 3 0 2 7 0 2 7 5 31 3 17 9 2 1 2 7 1 2 7 17 18 2 0 2 7 1 2 7 1 2 7 0 2 7 0 2 7 1 2 7 0 20.2646257877349854
0 2 7 0 2 7 0 2 7 0 2 7 0 2 7 1 2 7 0 2 7 5 30 3 5 31 3 13 6 3 1 2 7 0 2 7 12 16 2 1 2 7 17 18 2 1 2 7 17 18 2 0 2 7 0 2 7 1 2 7 0 20.2646257877349854
0 2 7 0 2 7 6 2 7 0 2 7 5 30 3 5 31 3 13 6 3 1 2 7 0 2 4 12 16 2 0 2 7 17 9 2 1 2 7 0 2 7 1 2 4 12 16 2 1 2 7 0 2 7 0 2 7 17 18 2 0 20.3487167954444885
12 16 2 0 2 7 0 2 7 0 2 7 0 2 7 5 30 3 13 6 3 0 2 4 0 2 7 5 31 3 17 9 2 1 2 7 6 2 7 17 18 2 12 16 2 1 2 7 1 2 7 0 2 7 0 2 4 1 2 7 0 20.3487167954444885
0 2 7 0 2 7 0 2 7 0 2 7 1 2 7 0 2 7 5 30 3 5 31 3 13 6 3 1 2 7 17 9 2 12 16 2 0 2 7 12 16 2 6 2 7 0 2 7 0 2 4 17 9 2 1 2 7 1 2 4 0 20.3487167954444885
0 2 7 0 2 7 0 2 4 0 2 7 0 2 7 1 2 7 0 2 7 5 30 3 5 31 3 13 6 3 1 2 7 0 2 4 17 9 2 12 16 2 0 2 7 17 9 2 1 2 7 12 16 2 1 2 7 6 2 7 0 20.3487167954444885
12 16 2 0 2 7 0 2 7 0 2 7 5 31 3 5 30 3 13 6 3 0 2 7 1 2 7 6 2 7 17 9 2 0 2 7 0 2 7 1 2 4 1 2 7 0 2 7 17 18 2 0 2 7 1 2 4 12 16 2 0 20.3487167954444885
0 2 7 0 2 7 0 2 7 0 2 7 0 2 7 1 2 7 0 2 7 5 30 3 5 31 3 13 6 3 1 2 7 1 2 7 0 2 7 12 16 2 17 18 2 12 16 2 1 2 4 0 2 7 6 2 4 17 9 2 0 20.3487167954444885
0 2 7 0 2 7 0 2 7 0 2 7 0 2 7 1 2 7 0 2 7 5 30 3 5 31 3 13 6 3 1 2 7 0 2 7 12 16 2 1 2 7 17 18 2 1 2 7 17 18 2 0 2 4 12 16 2 6 2 4 0 20.3487167954444885
0 2 7 0 2 7 0 2 7 0 2 7 1 2 7 0 2 7 5 30 3 5 31 3 13 6 3 1 2 7 12 16 2 0 2 7 0 2 7 1 2 7 0 2 7 0 2 7 1 2 7 1 2 7 17 9 2 17 9 2 0 20.2646257877349854
12 16 2 0 2 7 0 2 7 0 2 7 5 31 3 5 30 3 13 6 3 0 2 7 1 2 7 17 9 2 1 2 7 0 2 7 1 2 7 1 2 7 0 2 7 0 2 7 0 2 7 0 2 7 1 2 7 17 18 2 0 20.2646257877349854
6 2 7 0 2 7 0 2 7 0 2 4 1 2 7 0 2 7 5 30 3 5 31 3 13 6 3 1 2 7 1 2 7 0 2 7 0 2 7 17 9 2 17 18 2 12 16 2 0 2 7 1 2 7 0 2 4 12 16 2 0 20.3487167954444885
0 2 7 0 2 7 0 2 7 0 2 7 1 2 7 0 2 7 5 30 3 5 31 3 13 6 3 1 2 7 17 9 2 12 16 2 0 2 7 12 16 2 6 2 7 0 2 4 1 2 7 0 2 7 17 9 2 1 2 4 0 20.3487167954444885
12 16 2 0 2 7 0 2 7 0 2 7 5 31 3 5 30 3 13 6 3 0 2 7 1 2 7 6 2 7 17 9 2 0 2 7 0 2 7 1 2 4 1 2 7 0 2 7 12 16 2 17 18 2 0 2 4 1 2 7 0 20.3487167954444885
0 2 4 0 2 3 16 9 11 0 2 4 1 2 7 0 2 7 5 30 3 5 31 3 0 2 7 1 2 7 17 9 2 12 16 2 0 2 7 0 2 7 1 2 3 1 2 3 0 2 7 0 2 7 1 2 7 0 2 7 0 20.9542428851127625
12 16 2 0 2 7 0 2 7 0 2 7 5 31 3 5 30 3 13 6 3 0 2 7 1 2 7 0 2 7 0 2 7 1 2 7 1 2 7 17 18 2 1 2 7 0 2 7 0 2 7 1 2 7 0 2 7 17 18 2 0 20.2646257877349854
12 16 2 0 2 7 0 2 7 0 2 7 5 31 3 5 30 3 13 6 3 0 2 7 1 2 7 17 9 2 1 2 7 0 2 7 1 2 7 17 18 2 12 16 2 1 2 7 0 2 7 0 2 7 0 2 4 6 2 4 0 20.3487167954444885
12 16 2 0 2 7 0 2 7 0 2 7 5 31 3 5 30 3 13 6 3 0 2 7 1 2 7 6 2 7 17 9 2 0 2 7 0 2 7 1 2 4 1 2 7 0 2 7 12 16 2 17 9 2 0 2 7 1 2 4 0 20.3487167954444885
0 2 7 1 2 7 0 2 7 5 30 3 5 31 3 0 2 4 0 2 7 17 9 2 16 6 2 15 2 11 0 2 7 0 2 7 1 2 7 0 2 7 0 2 7 12 16 2 0 2 10 1 2 7 1 2 7 0 2 7 0 20.6078227758407593
0 2 7 0 2 7 0 2 7 5 31 3 5 30 3 13 6 3 0 2 7 1 2 7 0 2 7 0 2 7 1 2 7 1 2 7 12 16 2 17 18 2 17 18 2 0 2 7 0 2 7 1 2 7 1 2 7 0 2 7 0 20.2646257877349854
12 16 2 0 2 7 5 30 3 5 31 3 13 6 3 0 2 7 0 2 7 0 2 7 0 2 7 17 18 2 1 2 7 0 2 7 0 2 7 1 2 7 12 16 2 17 9 2 0 2 4 1 2 7 1 2 4 6 2 7 0 20.3487167954444885
0 2 7 0 2 7 0 2 7 0 2 7 5 31 3 5 30 3 0 2 7 1 2 7 0 2 7 0 2 7 1 2 7 0 2 7 1 2 7 1 2 7 12 16 2 13 6 3 0 2 7 1 2 7 17 18 2 17 9 2 0 20.2646257877349854
12 16 2 0 2 7 5 30 3 5 31 3 13 6 3 0 2 7 0 2 7 0 2 4 0 2 7 1 2 7 0 2 7 0 2 7 1 2 7 12 16 2 17 9 2 1 2 4 6 2 7 17 9 2 0 2 7 1 2 7 0 20.3487167954444885
0 2 7 0 2 7 0 2 7 6 2 7 5 31 3 5 30 3 13 6 3 0 2 7 1 2 7 0 2 7 0 2 7 1 2 7 1 2 7 12 16 2 17 18 2 17 18 2 0 2 7 12 16 2 1 2 4 0 2 4 0 20.3487167954444885
12 16 2 0 2 7 0 2 7 0 2 7 5 31 3 5 30 3 13 6 3 0 2 7 1 2 7 6 2 7 0 2 4 1 2 7 1 2 7 0 2 7 17 18 2 17 9 2 1 2 7 0 2 4 0 2 7 12 16 2 0 20.3487167954444885
0 2 7 0 2 7 0 2 7 0 2 7 5 31 3 5 30 3 0 2 7 1 2 7 0 2 7 0 2 7 1 2 7 0 2 7 1 2 7 1 2 7 17 9 2 12 16 2 0 2 10 15 2 11 16 6 2 0 2 4 0 20.6078227758407593
0 2 7 0 2 7 0 2 7 0 2 7 5 31 3 5 30 3 0 2 7 1 2 7 0 2 7 0 2 7 1 2 7 0 2 7 1 2 7 1 2 7 17 9 2 12 16 2 13 6 3 0 2 7 1 2 7 17 9 2 0 20.2646257877349854
12 16 2 0 2 7 5 30 3 5 31 3 13 6 3 0 2 7 0 2 7 0 2 7 0 2 7 17 18 2 1 2 7 0 2 7 0 2 7 1 2 7 12 16 2 17 9 2 0 2 4 1 2 7 6 2 4 1 2 7 0 20.3487167954444885
12 16 2 0 2 7 0 2 7 0 2 7 5 31 3 5 30 3 13 6 3 0 2 7 1 2 7 6 2 7 17 9 2 0 2 7 0 2 7 1 2 4 1 2 7 0 2 7 12 16 2 17 9 2 0 2 7 1 2 4 0 20.3487167954444885
0 2 7 0 2 7 0 2 7 5 31 3 5 30 3 13 6 3 0 2 7 1 2 7 0 2 7 0 2 7 1 2 7 1 2 7 12 16 2 17 18 2 17 18 2 0 2 7 0 2 7 1 2 7 1 2 7 0 2 7 0 20.2646257877349854
1 2 7 0 2 7 5 30 3 1 2 7 13 6 3 0 2 7 1 2 7 0 2 7 0 2 7 0 2 7 0 2 7 5 31 3 12 16 2 1 2 7 17 18 2 17 9 2 0 2 7 0 2 7 0 2 7 1 2 7 0 20.2646257877349854
0 2 7 0 2 7 0 2 7 5 31 3 5 30 3 13 6 3 0 2 7 0 2 7 0 2 7 1 2 7 12 16 2 0 2 7 17 9 2 1 2 7 17 9 2 1 2 7 0 2 7 0 2 7 1 2 7 1 2 7 0 20.2646257877349854
12 16 2 0 2 7 5 30 3 5 31 3 13 6 3 0 2 7 0 2 7 0 2 7 0 2 7 17 18 2 1 2 7 0 2 7 0 2 7 1 2 7 12 16 2 17 9 2 0 2 4 1 2 7 6 2 4 1 2 7 0 20.3487167954444885
1 2 7 0 2 7 0 2 7 12 16 2 5 31 3 13 6 3 0 2 4 0 2 7 0 2 7 1 2 7 12 16 2 5 30 3 17 9 2 1 2 7 0 2 7 17 18 2 0 2 7 6 2 7 1 2 4 0 2 7 0 20.3487167954444885
0 2 7 0 2 7 0 2 7 5 30 3 5 31 3 13 6 3 0 2 4 0 2 7 0 2 7 0 2 7 1 2 7 1 2 7 12 16 2 17 18 2 0 2 7 1 2 7 17 18 2 6 2 4 1 2 7 12 16 2 0 20.3487167954444885
12 16 2 0 2 7 5 30 3 5 31 3 13 6 3 0 2 7 0 2 7 0 2 7 0 2 7 1 2 7 0 2 7 0 2 7 1 2 4 17 9 2 1 2 7 1 2 7 17 18 2 12 16 2 0 2 7 6 2 4 0 20.3487167954444885
0 2 7 0 2 7 0 2 7 5 31 3 5 30 3 13 6 3 0 2 7 1 2 4 0 2 7 0 2 7 1 2 7 12 16 2 0 2 7 17 9 2 6 2 7 1 2 7 12 16 2 0 2 7 1 2 4 17 18 2 0 20.3487167954444885
0 2 7 0 2 7 0 2 7 5 31 3 5 30 3 13 6 3 0 2 7 1 2 4 0 2 7 0 2 7 1 2 7 12 16 2 0 2 7 17 9 2 6 2 7 1 2 7 12 16 2 0 2 4 17 9 2 1 2 7 0 20.3487167954444885
0 2 4 0 2 7 0 2 7 5 31 3 5 30 3 13 6 3 0 2 7 6 2 7 0 2 4 0 2 7 1 2 7 1 2 7 12 16 2 17 18 2 17 18 2 0 2 7 0 2 7 12 16 2 1 2 7 1 2 7 0 20.3487167954444885
0 2 7 0 2 7 5 30 3 5 31 3 13 6 3 0 2 7 0 2 7 0 2 7 1 2 7 1 2 7 0 2 7 0 2 7 1 2 7 1 2 7 17 9 2 17 9 2 0 2 7 0 2 7 12 16 2 1 2 7 0 20.2646257877349854
12 16 2 0 2 7 5 30 3 5 31 3 13 6 3 0 2 7 0 2 7 0 2 7 0 2 7 1 2 7 0 2 7 0 2 7 1 2 7 1 2 7 0 2 7 0 2 7 17 18 2 17 9 2 1 2 7 1 2 7 0 20.2646257877349854
0 2 7 1 2 7 0 2 7 5 31 3 5 30 3 13 6 3 0 2 7 1 2 7 0 2 7 0 2 7 1 2 7 12 16 2 17 18 2 17 18 2 0 2 7 0 2 7 1 2 7 0 2 7 0 2 7 1 2 7 0 20.2646257877349854
1 2 7 5 31 3 1 2 7 13 6 3 0 2 7 1 2 7 6 2 7 0 2 7 5 30 3 12 16 2 17 9 2 17 18 2 1 2 7 0 2 4 12 16 2 0 2 7 0 2 4 0 2 7 0 2 7 0 2 7 0 20.3487167954444885
0 2 7 0 2 7 0 2 7 5 31 3 5 30 3 13 6 3 0 2 7 1 2 7 0 2 7 0 2 7 1 2 7 12 16 2 17 18 2 1 2 7 12 16 2 17 9 2 0 2 4 1 2 7 0 2 7 6 2 4 0 20.3487167954444885
0 2 4 0 2 7 0 2 7 5 31 3 5 30 3 13 6 3 0 2 4 1 2 7 0 2 7 0 2 7 1 2 7 12 16 2 17 18 2 17 18 2 1 2 7 1 2 7 6 2 7 0 2 7 0 2 7 12 16 2 0 20.3487167954444885
0 2 7 0 2 7 0 2 7 5 31 3 5 30 3 13 6 3 0 2 4 1 2 7 0 2 7 1 2 7 0 2 7 12 16 2 17 18 2 17 18 2 1 2 7 1 2 7 0 2 7 12 16 2 6 2 4 0 2 7 0 20.3487167954444885
1 2 7 0 2 7 5 30 3 1 2 7 13 6 3 0 2 7 1 2 4 0 2 7 0 2 7 0 2 7 0 2 7 5 31 3 12 16 2 0 2 7 1 2 7 17 9 2 6 2 4 12 16 2 17 9 2 0 2 7 0 20.3487167954444885
0 2 7 5 30 3 1 2 7 13 6 3 6 2 7 0 2 7 0 2 7 0 2 4 0 2 7 5 31 3 12 16 2 1 2 4 17 9 2 0 2 7 12 16 2 1 2 7 17 9 2 1 2 7 0 2 7 0 2 7 0 20.3487167954444885
6 2 7 1 2 7 5 30 3 1 2 4 13 6 3 0 2 7 1 2 7 0 2 7 0 2 7 0 2 7 5 31 3 12 16 2 0 2 7 17 9 2 0 2 7 12 16 2 1 2 4 0 2 7 17 18 2 0 2 7 0 20.3487167954444885
1 2 7 0 2 7 5 30 3 1 2 7 13 6 3 0 2 7 0 2 7 1 2 7 0 2 7 0 2 7 0 2 7 5 31 3 12 16 2 0 2 7 17 9 2 0 2 7 0 2 7 1 2 7 1 2 7 17 9 2 0 20.2646257877349854
0 2 7 0 2 7 5 30 3 5 31 3 13 6 3 0 2 7 0 2 7 12 16 2 0 2 7 0 2 7 1 2 7 1 2 7 1 2 7 1 2 7 0 2 7 0 2 7 17 18 2 1 2 7 17 9 2 0 2 7 0 20.2646257877349854
1 2 7 0 2 7 5 30 3 1 2 7 13 6 3 0 2 7 0 2 7 1 2 7 0 2 7 0 2 7 0 2 7 5 31 3 12 16 2 0 2 7 0 2 7 17 18 2 17 18 2 0 2 7 1 2 7 1 2 7 0 20.2646257877349854
5 30 3 13 6 3 0 2 7 1 2 7 0 2 7 0 2 7 0 2 7 5 31 3 12 16 2 0 2 7 17 9 2 0 2 7 0 2 7 17 18 2 0 2 7 1 2 7 6 2 7 1 2 4 12 16 2 1 2 4 0 20.3487167954444885
1 2 7 0 2 7 0 2 7 5 30 3 5 31 3 13 6 3 6 2 4 1 2 4 0 2 7 12 16 2 12 16 2 0 2 7 0 2 7 1 2 7 0 2 7 0 2 7 1 2 7 17 18 2 0 2 7 17 18 2 0 20.3487167954444885
1 2 7 0 2 7 0 2 7 5 30 3 5 31 3 13 6 3 0 2 4 12 16 2 0 2 7 1 2 7 6 2 4 0 2 7 0 2 7 1 2 7 17 18 2 0 2 7 17 18 2 1 2 7 0 2 7 12 16 2 0 20.3487167954444885
0 2 7 0 2 7 0 2 7 5 30 3 5 31 3 13 6 3 0 2 7 0 2 7 0 2 7 12 16 2 17 18 2 12 16 2 0 2 7 1 2 7 1 2 7 1 2 4 6 2 7 1 2 4 0 2 7 17 18 2 0 20.3487167954444885
0 2 7 0 2 7 5 30 3 5 31 3 13 6 3 0 2 7 0 2 7 12 16 2 0 2 7 0 2 7 1 2 7 1 2 7 1 2 7 1 2 7 6 2 7 17 9 2 0 2 7 12 16 2 17 18 2 0 2 7 5.97612776443274296e-06 20.3887167572975159
0 2 7 0 2 7 5 30 3 5 31 3 13 6 3 0 2 7 0 2 7 0 2 7 1 2 7 0 2 7 1 2 7 1 2 7 12 16 2 17 18 2 12 16 2 17 18 2 0 2 4 0 2 4 0 2 7 17 9 2 0.0635744924855630583 20.4109747409820557
0 2 7 0 2 7 6 2 7 5 30 3 5 31 3 13 6 3 0 2 7 0 2 4 0 2 7 12 16 2 17 18 2 12 16 2 0 2 7 0 2 7 1 2 7 1 2 7 17 18 2 0 2 4 1 2 7 1 2 7 0 20.3487167954444885
1 2 7 0 2 7 0 2 7 5 30 3 5 31 3 13 6 3 0 2 7 12 16 2 0 2 7 1 2 7 0 2 7 1 2 7 1 2 7 0 2 7 0 2 7 0 2 7 1 2 7 17 9 2 0 2 7 17 9 2 0 20.2646257877349854
1 2 7 0 2 7 1 2 7 5 30 3 5 31 3 13 6 3 0 2 7 1 2 7 0 2 7 0 2 7 0 2 7 1 2 7 0 2 7 12 16 2 17 18 2 0 2 7 17 9 2 0 2 7 0 2 7 1 2 7 0 20.2646257877349854
6 2 7 0 2 7 0 2 7 5 30 3 5 31 3 13 6 3 0 2 7 12 16 2 12 16 2 1 2 7 0 2 7 1 2 7 0 2 7 1 2 7 17 18 2 1 2 7 0 2 4 17 18 2 0 2 4 0 2 7 0 20.3487167954444885
0 2 7 0 2 7 5 30 3 5 31 3 13 6 3 0 2 7 12 16 2 1 2 7 0 2 7 1 2 7 0 2 7 1 2 7 17 18 2 1 2 7 0 2 7 1 2 7 17 18 2 0 2 7 0 2 7 0 2 7 0 20.2646257877349854
5 30 3 13 6 3 0 2 7 1 2 7 0 2 7 0 2 7 0 2 7 5 31 3 12 16 2 0 2 7 17 9 2 0 2 7 0 2 7 17 18 2 0 2 7 1 2 7 6 2 7 1 2 4 12 16 2 1 2 4 0 20.3487167954444885
5 30 3 13 6 3 0 2 7 0 2 7 0 2 7 0 2 7 0 2 7 5 31 3 12 16 2 0 2 7 17 9 2 0 2 7 17 18 2 1 2 7 6 2 4 12 16 2 0 2 4 1 2 7 1 2 7 1 2 7 0 20.3487167954444885
0 2 7 0 2 7 5 30 3 5 31 3 13 6 3 0 2 7 12 16 2 1 2 7 0 2 7 1 2 7 0 2 7 1 2 7 17 18 2 1 2 7 0 2 7 0 2 7 12 16 2 6 2 4 17 18 2 0 2 4 0 20.3487167954444885
1 2 7 0 2 7 0 2 7 5 30 3 5 31 3 13 6 3 0 2 7 12 16 2 12 16 2 0 2 7 0 2 7 0 2 7 0 2 4 1 2 7 17 18 2 1 2 7 1 2 4 17 9 2 6 2 7 0 2 7 0 20.3487167954444885
1 2 7 0 2 7 1 2 7 5 30 3 5 31 3 13 6 3 0 2 7 1 2 7 0 2 7 0 2 7 0 2 7 0 2 7 0 2 7 12 16 2 17 18 2 12 16 2 0 2 7 6 2 4 17 9 2 1 2 4 0 20.3487167954444885
5 31 3 13 6 3 0 2 7 0 2 7 1 2 7 5 30 3 12 16 2 1 2 4 0 2 7 17 9 2 0 2 7 1 2 7 0 2 7 0 2 7 17 9 2 0 2 7 0 2 7 1 2 4 12 16 2 6 2 7 0 20.3487167954444885
5 30 3 13 6 3 0 2 7 0 2 7 1 2 7 0 2 7 1 2 7 5 31 3 0 2 7 0 2 7 17 9 2 1 2 7 12 16 2 0 2 7 0 2 7 1 2 7 1 2 7 0 2 7 0 2 7 17 9 2 0 20.2646257877349854
5 30 3 13 6 3 0 2 7 0 2 7 0 2 7 0 2 7 0 2 7 5 31 3 12 16 2 0 2 7 1 2 7 0 2 7 1 2 7 6 2 7 17 9 2 17 18 2 1 2 7 0 2 4 12 16 2 1 2 4 0 20.3487167954444885
5 31 3 13 6 3 0 2 7 0 2 7 0 2 4 1 2 4 1 2 7 5 30 3 12 16 2 0 2 7 1 2 7 0 2 7 1 2 7 17 9 2 0 2 7 12 16 2 0 2 7 17 9 2 6 2 7 0 2 7 0 20.3487167954444885
5 30 3 13 6 3 0 2 7 0 2 7 1 2 7 0 2 7 1 2 7 5 31 3 0 2 7 0 2 7 17 9 2 1 2 7 12 16 2 0 2 7 0 2 7 1 2 7 1 2 7 0 2 7 0 2 7 17 18 2 0 20.2646257877349854
0 2 7 0 2 7 5 30 3 5 31 3 13 6 3 0 2 7 12 16 2 1 2 7 0 2 7 1 2 7 0 2 7 0 2 7 0 2 7 1 2 7 0 2 7 17 18 2 1 2 7 17 18 2 1 2 7 0 2 7 0 20.2646257877349854
5 30 3 13 6 3 0 2 7 0 2 7 1 2 7 0 2 7 5 31 3 12 16 2 0 2 7 17 9 2 0 2 4 0 2 7 1 2 7 0 2 4 1 2 7 1 2 7 6 2 7 12 16 2 0 2 7 17 9 2 0 20.3487167954444885
5 30 3 13 6 3 0 2 7 6 2 7 0 2 7 0 2 7 0 2 7 5 31 3 12 16 2 0 2 7 17 9 2 0 2 7 0 2 7 1 2 7 1 2 4 17 18 2 0 2 7 12 16 2 1 2 4 1 2 7 0 20.3487167954444885
0 2 7 0 2 7 5 30 3 5 31 3 13 6 3 0 2 7 12 16 2 1 2 4 0 2 7 1 2 7 0 2 7 0 2 7 17 18 2 0 2 7 1 2 7 1 2 7 17 18 2 12 16 2 0 2 7 6 2 4 0 20.3487167954444885
5 30 3 13 6 3 0 2 7 0 2 7 0 2 7 0 2 7 5 31 3 12 16 2 0 2 7 17 9 2 0 2 7 0 2 7 1 2 7 1 2 4 0 2 7 12 16 2 1 2 7 1 2 7 6 2 4 17 9 2 0 20.3487167954444885
0 2 7 0 2 7 5 30 3 5 31 3 13 6 3 0 2 7 12 16 2 1 2 7 0 2 7 1 2 7 0 2 7 1 2 7 17 18 2 1 2 7 0 2 7 0 2 7 12 16 2 6 2 4 17 18 2 0 2 4 0 20.3487167954444885
0 2 7 1 2 7 5 31 3 5 30 3 13 6 3 0 2 7 12 16 2 0 2 7 0 2 7 0 2 7 0 2 7 1 2 7 1 2 7 1 2 7 17 9 2 0 2 7 17 9 2 0 2 7 0 2 7 1 2 7 0 20.2646257877349854
5 30 3 13 6 3 0 2 7 0 2 7 0 2 7 17 18 2 12 16 2 1 2 7 0 2 7 1 2 7 0 2 7 1 2 7 1 2 7 0 2 7 17 9 2 1 2 7 0 2 7 0 2 7 5 31 3 0 2 7 0 20.2646257877349854
0 2 7 1 2 7 5 31 3 5 30 3 13 6 3 0 2 7 12 16 2 0 2 7 0 2 7 0 2 7 0 2 7 17 18 2 1 2 7 0 2 7 1 2 7 1 2 7 17 18 2 0 2 7 0 2 7 1 2 7 0 20.2646257877349854
5 30 3 13 6 3 0 2 7 0 2 7 0 2 7 5 31 3 12 16 2 0 2 7 17 9 2 0 2 7 1 2 7 1 2 7 0 2 7 12 16 2 0 2 7 6 2 7 17 9 2 0 2 4 1 2 4 1 2 7 0 20.3487167954444885
0 2 7 1 2 7 5 31 3 5 30 3 13 6 3 0 2 7 12 16 2 0 2 7 0 2 7 0 2 7 0 2 7 17 18 2 1 2 7 0 2 7 1 2 7 1 2 7 17 9 2 12 16 2 0 2 4 6 2 4 0 20.3487167954444885
5 30 3 13 6 3 0 2 7 0 2 7 0 2 7 0 2 7 5 31 3 12 16 2 0 2 7 0 2 7 1 2 7 12 16 2 1 2 7 1 2 7 17 9 2 17 9 2 0 2 4 6 2 4 1 2 7 0 2 7 0 20.3487167954444885
5 30 3 13 6 3 0 2 7 0 2 7 0 2 7 0 2 7 5 31 3 12 16 2 0 2 7 0 2 7 0 2 7 1 2 7 12 16 2 1 2 7 1 2 7 6 2 4 17 9 2 17 9 2 1 2 4 0 2 7 0 20.3487167954444885
5 30 3 1 2 4 5 31 3 1 2 7 0 2 7 0 2 7 1 2 7 0 2 7 0 2 4 12 16 2 0 2 7 1 2 7 13 6 3 0 2 7 17 18 2 17 9 2 0 2 7 12 16 2 0 2 7 6 2 7 0 20.3487167954444885
5 30 3 13 6 3 0 2 7 0 2 7 0 2 7 5 31 3 12 16 2 0 2 7 0 2 7 1 2 7 1 2 7 1 2 7 1 2 7 0 2 7 1 2 7 6 2 7 17 9 2 17 18 2 17 18 2 0 2 7 0.0499781537224138692 20.0678138136863708
0 2 7 1 2 7 5 31 3 5 30 3 13 6 3 0 2 7 12 16 2 0 2 7 0 2 4 0 2 7 0 2 7 1 2 7 1 2 7 17 9 2 0 2 4 17 9 2 6 2 7 12 16 2 0 2 7 1 2 7 0 20.3487167954444885
0 2 7 1 2 7 5 31 3 5 30 3 13 6 3 0 2 7 12 16 2 0 2 7 0 2 7 0 2 7 0 2 7 1 2 7 0 2 7 1 2 7 17 18 2 1 2 7 17 18 2 0 2 7 0 2 7 1 2 7 0 20.2646257877349854
0 2 7 1 2 7 5 31 3 5 30 3 13 6 3 0 2 7 12 16 2 0 2 7 0 2 7 0 2 7 1 2 7 17 9 2 0 2 7 1 2 7 17 18 2 0 2 7 0 2 7 0 2 7 1 2 7 1 2 7 0 20.2646257877349854
0 2 7 1 2 7 5 31 3 5 30 3 13 6 3 12 16 2 0 2 7 0 2 7 0 2 7 1 2 7 17 9 2 0 2 7 0 2 7 0 2 7 1 2 7 1 2 7 0 2 7 0 2 7 1 2 7 17 9 2 0 20.2646257877349854
0 2 7 1 2 7 5 31 3 5 30 3 13 6 3 0 2 7 12 16 2 0 2 7 0 2 7 0 2 7 0 2 7 17 18 2 1 2 7 0 2 7 1 2 7 1 2 7 17 9 2 12 16 2 0 2 4 6 2 4 0 20.3487167954444885
0 2 7 1 2 7 5 31 3 5 30 3 13 6 3 12 16 2 0 2 7 0 2 7 0 2 7 1 2 7 17 9 2 0 2 7 0 2 7 0 2 7 1 2 7 1 2 7 6 2 7 0 2 7 1 2 7 0 2 4 0.00151472694983076773 20.2529198527336121
0 2 7 1 2 7 5 31 3 5 30 3 13 6 3 12 16 2 0 2 7 0 2 7 0 2 7 1 2 4 17 9 2 0 2 7 0 2 7 0 2 7 6 2 4 1 2 7 12 16 2 0 2 7 1 2 7 17 18 2 0 20.3487167954444885
0 2 7 1 2 7 5 30 3 5 31 3 13 6 3 0 2 4 12 16 2 0 2 7 0 2 7 0 2 7 1 2 4 1 2 7 0 2 7 0 2 7 1 2 7 12 16 2 6 2 7 0 2 7 17 9 2 17 9 2 0 20.3487167954444885
0 2 7 1 2 7 5 31 3 5 30 3 13 6 3 12 16 2 0 2 7 0 2 7 0 2 7 1 2 7 17 9 2 0 2 7 0 2 7 0 2 7 1 2 7 1 2 7 12 16 2 0 2 4 6 2 4 17 9 2 0 20.3487167954444885
0 2 7 1 2 7 5 31 3 5 30 3 13 6 3 0 2 7 12 16 2 0 2 7 0 2 7 0 2 7 1 2 7 17 9 2 0 2 7 1 2 4 17 18 2 0 2 7 1 2 4 0 2 7 6 2 7 12 16 2 0 20.3487167954444885
0 2 7 1 2 7 5 30 3 5 31 3 13 6 3 12 16 2 0 2 7 0 2 7 0 2 7 6 2 7 17 9 2 0 2 4 0 2 7 12 16 2 0 2 7 1 2 7 1 2 7 17 18 2 1 2 7 0 2 4 0 20.3487167954444885
0 2 7 1 2 7 5 31 3 5 30 3 13 6 3 12 16 2 0 2 7 0 2 7 0 2 7 0 2 7 0 2 7 0 2 7 1 2 7 0 2 7 1 2 7 17 18 2 1 2 7 1 2 7 0 2 7 17 18 2 0 20.2646257877349854
0 2 7 1 2 7 5 31 3 5 30 3 13 6 3 12 16 2 0 2 7 0 2 7 0 2 7 0 2 7 0 2 7 0 2 7 1 2 7 0 2 7 1 2 7 1 2 7 1 2 7 0 2 7 17 9 2 17 18 2 0 20.2646257877349854
0 2 7 1 2 4 5 31 3 5 30 3 0 2 7 12 16 2 0 2 7 0 2 3 0 2 3 0 2 4 0 2 7 0 2 7 1 2 7 1 2 7 1 2 7 1 2 7 0 2 7 16 9 11 0 2 3 17 18 2 0 20.9542428851127625
0 2 7 1 2 7 5 31 3 5 30 3 13 6 3 0 2 7 12 16 2 0 2 7 0 2 7 1 2 7 0 2 7 0 2 7 17 9 2 1 2 7 1 2 7 0 2 7 0 2 7 1 2 7 0 2 7 17 9 2 0 20.2646257877349854
0 2 7 1 2 7 5 31 3 5 30 3 13 6 3 0 2 7 12 16 2 0 2 7 0 2 7 0 2 7 1 2 7 17 9 2 0 2 7 0 2 7 0 2 7 1 2 4 12 16 2 6 2 7 1 2 4 17 9 2 0 20.3487167954444885
0 2 7 1 2 7 5 31 3 5 30 3 13 6 3 0 2 7 12 16 2 0 2 7 0 2 7 0 2 7 1 2 7 17 9 2 0 2 7 1 2 4 17 18 2 0 2 7 1 2 4 0 2 7 6 2 7 12 16 2 0 20.3487167954444885
0 2 7 1 2 7 5 31 3 5 30 3 13 6 3 12 16 2 0 2 7 0 2 7 0 2 7 17 9 2 0 2 7 0 2 7 0 2 7 1 2 7 0 2 7 1 2 7 17 18 2 1 2 4 6 2 4 12 16 2 0 20.3487167954444885
0 2 7 1 2 7 5 31 3 5 30 3 13 6 3 0 2 7 12 16 2 0 2 7 0 2 7 1 2 7 0 2 7 17 9 2 12 16 2 0 2 7 0 2 4 17 18 2 1 2 7 1 2 7 0 2 7 6 2 4 0 20.3487167954444885
0 2 7 1 2 7 5 31 3 5 30 3 13 6 3 0 2 7 12 16 2 0 2 7 0 2 7 1 2 7 0 2 7 17 9 2 0 2 7 1 2 7 1 2 4 0 2 7 12 16 2 6 2 7 17 9 2 0 2 4 0 20.3487167954444885
0 2 7 1 2 7 5 31 3 5 30 3 13 6 3 0 2 7 12 16 2 0 2 7 0 2 7 1 2 7 0 2 7 17 9 2 12 16 2 0 2 7 0 2 4 17 18 2 1 2 7 1 2 7 6 2 7 0 2 4 0 20.3487167954444885
0 2 7 1 2 7 5 31 3 5 30 3 13 6 3 0 2 7 12 16 2 0 2 7 1 2 7 0 2 7 0 2 7 17 18 2 1 2 7 0 2 7 1 2 7 0 2 7 0 2 7 1 2 7 0 2 7 17 18 2 0 20.2646257877349854
0 2 7 1 2 7 5 31 3 5 30 3 13 6 3 0 2 7 12 16 2 0 2 7 1 2 7 0 2 7 0 2 7 17 18 2 1 2 7 0 2 7 1 2 7 0 2 7 0 2 7 1 2 7 0 2 7 17 9 2 0 20.2646257877349854
0 2 7 1 2 7 5 31 3 5 30 3 13 6 3 0 2 7 12 16 2 0 2 7 1 2 4 17 9 2 0 2 7 0 2 7 12 16 2 0 2 7 1 2 7 0 2 7 0 2 7 17 18 2 6 2 4 1 2 7 0 20.3487167954444885
0 2 7 1 2 7 5 31 3 5 30 3 13 6 3 0 2 7 12 16 2 0 2 7 1 2 7 0 2 7 17 9 2 0 2 7 1 2 7 0 2 7 1 2 7 0 2 7 0 2 7 1 2 7 0 2 7 17 9 2 0 20.2646257877349854
0 2 7 5 30 3 5 31 3 0 2 7 12 16 2 0 2 7 0 2 7 1 2 7 0 2 7 1 2 7 0 2 7 0 2 7 0 2 7 13 6 3 17 9 2 17 9 2 1 2 7 1 2 4 6 2 4 12 16 2 0 20.3487167954444885
0 2 7 1 2 7 5 31 3 5 30 3 13 6 3 0 2 7 12 16 2 0 2 7 0 2 7 0 2 7 0 2 7 0 2 7 1 2 7 1 2 7 17 9 2 0 2 4 12 16 2 1 2 4 6 2 7 17 9 2 0 20.3487167954444885
0 2 7 1 2 7 5 31 3 5 30 3 13 6 3 0 2 7 12 16 2 0 2 7 1 2 7 0 2 4 17 9 2 0 2 7 17 18 2 0 2 7 0 2 7 0 2 7 6 2 7 1 2 4 1 2 7 12 16 2 0 20.3487167954444885
1 2 4 0 2 7 5 30 3 5 31 3 6 2 4 0 2 7 12 16 2 0 2 7 0 2 7 17 18 2 1 2 7 17 18 2 0 2 7 1 2 7 0 2 7 1 2 7 0 2 7 0 2 7 12 16 2 13 6 3 0 20.3487167954444885
0 2 7 1 2 7 5 31 3 5 30 3 13 6 3 0 2 7 12 16 2 0 2 4 0 2 7 1 2 7 0 2 7 17 9 2 0 2 7 6 2 7 1 2 7 0 2 4 12 16 2 0 2 7 17 9 2 1 2 7 0 20.3487167954444885
0 2 7 1 2 7 5 31 3 5 30 3 13 6 3 0 2 7 12 16 2 0 2 7 0 2 7 1 2 7 0 2 7 17 9 2 12 16 2 0 2 7 0 2 4 17 18 2 1 2 7 1 2 7 0 2 7 6 2 4 0 20.3487167954444885
0 2 7 1 2 7 5 31 3 5 30 3 13 6 3 0 2 7 0 2 7 0 2 7 0 2 7 1 2 7 0 2 7 17 9 2 12 16 2 0 2 7 0 2 7 1 2 7 1 2 7 0 2 7 1 2 7 17 9 2 0 20.2646257877349854
0 2 7 5 31 3 5 30 3 13 6 3 0 2 7 0 2 7 0 2 7 0 2 7 1 2 7 0 2 7 17 18 2 0 2 7 17 9 2 1 2 7 0 2 7 1 2 7 1 2 7 1 2 7 0 2 7 12 16 2 0 20.2646257877349854
5 31 3 5 30 3 13 6 3 0 2 7 12 16 2 0 2 7 0 2 7 1 2 7 0 2 7 17 9 2 0 2 7 0 2 7 0 2 7 0 2 7 1 2 7 6 2 7 1 2 7 12 16 2 1 2 7 17 9 2 5.97612776443274296e-06 20.3887167572975159
0 2 7 1 2 7 5 31 3 5 30 3 13 6 3 0 2 7 12 16 2 0 2 7 0 2 7 1 2 7 0 2 7 0 2 7 1 2 7 1 2 7 0 2 7 0 2 7 0 2 7 1 2 7 17 18 2 17 18 2 0 20.2646257877349854
0 2 7 5 31 3 5 30 3 13 6 3 0 2 7 12 16 2 0 2 7 0 2 7 1 2 7 0 2 7 17 18 2 0 2 7 17 9 2 1 2 7 0 2 7 1 2 7 6 2 7 0 2 4 1 2 4 12 16 2 0 20.3487167954444885
0 2 7 1 2 7 5 31 3 5 30 3 13 6 3 0 2 7 12 16 2 0 2 7 0 2 7 0 2 7 12 16 2 0 2 7 0 2 7 17 18 2 1 2 7 1 2 4 17 9 2 1 2 7 0 2 7 6 2 4 0 20.3487167954444885
0 2 7 1 2 7 5 31 3 5 30 3 13 6 3 0 2 7 12 16 2 0 2 7 0 2 7 1 2 7 0 2 7 17 9 2 12 16 2 0 2 7 0 2 4 17 18 2 1 2 7 1 2 7 0 2 7 6 2 4 0 20.3487167954444885
5 31 3 5 30 3 13 6 3 0 2 7 12 16 2 0 2 7 0 2 7 1 2 7 0 2 7 0 2 7 0 2 4 17 18 2 0 2 7 0 2 7 1 2 7 6 2 7 1 2 7 17 18 2 1 2 4 12 16 2 0 20.3487167954444885
6 2 7 1 2 4 5 31 3 5 30 3 13 6 3 0 2 7 12 16 2 0 2 7 0 2 7 1 2 7 0 2 7 17 9 2 12 16 2 0 2 7 0 2 7 17 18 2 0 2 7 0 2 7 1 2 4 1 2 7 0 20.3487167954444885
1 2 7 0 2 7 5 30 3 5 31 3 13 6 3 6 2 7 12 16 2 0 2 7 0 2 4 0 2 7 12 16 2 1 2 7 17 9 2 17 18 2 0 2 7 0 2 7 1 2 7 1 2 7 0 2 4 0 2 7 0 20.3487167954444885
5 31 3 5 30 3 13 6 3 0 2 7 12 16 2 0 2 7 0 2 7 1 2 7 1 2 7 0 2 7 1 2 7 1 2 7 0 2 7 0 2 7 17 18 2 1 2 7 0 2 7 0 2 7 0 2 7 17 18 2 0 20.2646257877349854
5 31 3 5 30 3 0 2 7 0 2 7 12 16 2 0 2 4 0 2 7 0 2 7 1 2 4 17 9 2 0 2 7 17 18 2 1 2 7 0 2 7 0 2 7 13 6 3 6 2 7 12 16 2 1 2 7 1 2 7 0 20.3487167954444885
5 31 3 5 30 3 13 6 3 0 2 7 12 16 2 0 2 7 0 2 7 1 2 7 1 2 7 0 2 7 1 2 7 1 2 7 0 2 7 0 2 7 17 18 2 1 2 7 0 2 7 0 2 7 0 2 7 17 9 2 0 20.2646257877349854
5 31 3 5 30 3 13 6 3 0 2 7 12 16 2 0 2 7 0 2 7 1 2 7 1 2 7 0 2 7 1 2 7 0 2 7 0 2 7 17 18 2 0 2 7 0 2 4 17 18 2 1 2 4 6 2 7 12 16 2 0 20.3487167954444885
5 31 3 5 30 3 13 6 3 0 2 7 12 16 2 0 2 7 0 2 7 1 2 7 0 2 7 17 9 2 12 16 2 0 2 4 0 2 7 1 2 7 1 2 7 0 2 7 0 2 7 6 2 7 1 2 4 17 9 2 0 20.3487167954444885
0 2 7 0 2 11 5 30 3 5 30 3 13 6 3 0 2 7 0 2 11 0 2 7 0 2 7 1 2 7 0 2 7 12 16 2 0 2 7 17 9 2 0 2 7 12 16 2 0 2 11 5 30 3 16 19 11 0 2 11 0 21.3454548120498657
5 31 3 5 30 3 13 6 3 0 2 7 12 16 2 0 2 7 0 2 7 1 2 7 0 2 7 17 9 2 12 16 2 0 2 4 0 2 7 1 2 7 1 2 7 0 2 7 0 2 7 6 2 4 17 18 2 1 2 7 0 20.3487167954444885
5 31 3 5 30 3 13 6 3 1 2 7 12 16 2 0 2 7 0 2 7 1 2 7 0 2 7 17 9 2 12 16 2 0 2 7 1 2 7 0 2 7 0 2 4 17 18 2 0 2 4 0 2 7 1 2 7 6 2 7 0 20.3487167954444885
5 31 3 5 30 3 13 6 3 1 2 7 0 2 7 0 2 7 0 2 7 1 2 7 0 2 7 17 9 2 12 16 2 1 2 7 0 2 7 17 9 2 0 2 7 1 2 7 1 2 7 0 2 7 0 2 7 0 2 7 0 20.2646257877349854
6 2 7 1 2 4 5 31 3 5 30 3 13 6 3 0 2 7 12 16 2 0 2 7 0 2 7 1 2 7 0 2 7 17 9 2 12 16 2 0 2 7 0 2 7 17 18 2 0 2 7 0 2 7 1 2 4 1 2 7 0 20.3487167954444885
5 31 3 5 30 3 13 6 3 1 2 7 0 2 7 0 2 7 0 2 7 1 2 7 0 2 7 17 9 2 12 16 2 1 2 7 0 2 7 0 2 7 1 2 7 1 2 7 0 2 7 0 2 7 0 2 7 17 9 2 0 20.2646257877349854
5 31 3 5 30 3 13 6 3 0 2 7 0 2 7 1 2 7 0 2 7 0 2 7 0 2 7 12 16 2 0 2 7 0 2 7 1 2 7 0 2 7 17 9 2 0 2 7 1 2 7 1 2 7 1 2 7 17 18 2 0 20.2646257877349854
5 31 3 5 30 3 13 6 3 1 2 7 12 16 2 0 2 7 0 2 7 1 2 7 0 2 7 12 16 2 0 2 7 1 2 7 0 2 7 17 18 2 0 2 7 17 9 2 0 2 4 0 2 7 1 2 4 6 2 7 0 20.3487167954444885
5 31 3 5 30 3 13 6 3 0 2 7 12 16 2 0 2 7 0 2 7 1 2 7 1 2 7 0 2 7 1 2 7 0 2 7 0 2 7 17 18 2 0 2 7 0 2 4 17 18 2 1 2 4 6 2 7 12 16 2 0 20.3487167954444885
5 31 3 5 30 3 13 6 3 1 2 7 12 16 2 0 2 7 0 2 7 1 2 7 0 2 7 17 9 2 12 16 2 0 2 7 1 2 7 0 2 7 0 2 4 17 18 2 0 2 4 0 2 7 1 2 7 6 2 7 0 20.3487167954444885
5 31 3 5 30 3 13 6 3 0 2 7 12 16 2 0 2 7 0 2 7 1 2 7 0 2 7 17 9 2 12 16 2 0 2 4 0 2 7 1 2 7 1 2 7 0 2 7 0 2 7 6 2 7 1 2 4 17 9 2 0 20.3487167954444885
5 31 3 5 30 3 13 6 3 0 2 7 0 2 7 1 2 7 0 2 7 0 2 7 0 2 7 12 16 2 0 2 7 0 2 7 1 2 7 0 2 7 17 9 2 1 2 7 12 16 2 17 9 2 6 2 4 1 2 4 0 20.3487167954444885
5 31 3 5 30 3 13 6 3 1 2 7 0 2 7 0 2 7 0 2 7 1 2 7 0 2 7 12 16 2 1 2 7 0 2 7 0 2 7 1 2 7 1 2 7 0 2 7 0 2 7 0 2 7 17 18 2 17 18 2 0 20.2646257877349854
5 31 3 5 30 3 13 6 3 0 2 7 12 16 2 0 2 7 0 2 7 1 2 7 0 2 7 17 9 2 0 2 7 1 2 7 0 2 4 0 2 7 0 2 7 1 2 7 12 16 2 6 2 4 1 2 7 17 9 2 0 20.3487167954444885
5 31 3 5 30 3 13 6 3 0 2 7 0 2 7 1 2 7 0 2 7 0 2 7 0 2 7 12 16 2 0 2 7 1 2 7 1 2 7 0 2 7 17 18 2 17 9 2 0 2 4 1 2 7 12 16 2 0 2 7 0 20.4629757404327393
5 31 3 5 30 3 13 6 3 0 2 7 12 16 2 0 2 7 0 2 7 1 2 7 0 2 7 0 2 7 1 2 7 0 2 7 0 2 7 1 2 7 1 2 7 0 2 7 0 2 7 1 2 7 17 9 2 17 9 2 0 20.2646257877349854
5 31 3 5 30 3 13 6 3 0 2 7 0 2 7 0 2 7 0 2 7 1 2 7 1 2 7 0 2 7 1 2 7 0 2 7 0 2 7 0 2 7 0 2 7 1 2 7 1 2 7 12 16 2 17 18 2 17 9 2 0 20.2646257877349854
5 31 3 5 30 3 13 6 3 0 2 7 0 2 7 0 2 7 0 2 7 1 2 7 1 2 7 0 2 7 1 2 7 0 2 7 0 2 7 0 2 7 17 18 2 0 2 7 1 2 7 1 2 7 12 16 2 17 18 2 0 20.2646257877349854
5 31 3 5 30 3 13 6 3 0 2 7 12 16 2 0 2 7 0 2 7 1 2 7 0 2 7 17 9 2 0 2 7 1 2 7 0 2 4 0 2 7 0 2 7 1 2 7 12 16 2 6 2 4 1 2 7 17 9 2 0 20.3487167954444885
5 31 3 5 30 3 13 6 3 0 2 7 12 16 2 0 2 7 0 2 7 1 2 7 0 2 7 17 9 2 0 2 7 1 2 7 0 2 4 0 2 7 1 2 7 12 16 2 1 2 7 0 2 4 6 2 7 17 9 2 0 20.3487167954444885
5 31 3 5 30 3 13 6 3 0 2 7 12 16 2 0 2 7 0 2 7 1 2 7 0 2 7 0 2 7 1 2 7 0 2 7 0 2 7 1 2 7 1 2 7 17 9 2 0 2 4 12 16 2 6 2 4 17 18 2 0 20.3487167954444885
5 30 3 1 2 7 13 6 3 0 2 7 12 16 2 0 2 7 0 2 4 0 2 7 0 2 7 0 2 7 1 2 7 1 2 7 0 2 7 6 2 7 12 16 2 17 18 2 17 18 2 5 31 3 1 2 7 0 2 4 0 20.3487167954444885
5 31 3 5 30 3 13 6 3 0 2 7 0 2 7 0 2 7 6 2 7 1 2 7 1 2 7 0 2 7 1 2 7 0 2 7 0 2 7 17 18 2 17 18 2 12 16 2 1 2 4 12 16 2 0 2 4 0 2 7 0 20.3487167954444885
5 31 3 5 30 3 13 6 3 0 2 7 0 2 7 0 2 7 0 2 7 1 2 7 1 2 7 0 2 7 1 2 7 0 2 7 1 2 7 12 16 2 17 9 2 6 2 7 0 2 4 17 9 2 1 2 7 17 18 2 0.049640954182866695 20.0478138327598572
5 31 3 5 30 3 13 6 3 0 2 7 0 2 7 1 2 7 0 2 7 0 2 7 0 2 7 12 16 2 0 2 7 0 2 7 1 2 7 0 2 7 17 9 2 1 2 7 12 16 2 17 9 2 6 2 4 1 2 4 0 20.3487167954444885
5 30 3 1 2 7 13 6 3 0 2 7 12 16 2 0 2 7 0 2 7 0 2 7 0 2 7 1 2 7 1 2 7 0 2 7 17 18 2 17 18 2 5 31 3 1 2 7 0 2 7 1 2 7 0 2 7 0 2 7 0 20.2646257877349854
5 30 3 1 2 7 13 6 3 0 2 7 0 2 7 0 2 7 0 2 7 0 2 7 17 18 2 1 2 7 5 31 3 1 2 7 17 9 2 0 2 7 1 2 7 1 2 7 0 2 7 0 2 7 0 2 7 12 16 2 0 20.2646257877349854
5 30 3 1 2 7 13 6 3 0 2 7 12 16 2 0 2 4 0 2 7 0 2 7 0 2 7 6 2 4 0 2 7 5 31 3 1 2 7 17 9 2 0 2 7 1 2 7 12 16 2 1 2 7 0 2 7 17 9 2 0 20.3487167954444885
5 30 3 1 2 7 13 6 3 0 2 7 12 16 2 0 2 7 0 2 7 17 18 2 0 2 4 5 31 3 1 2 7 17 9 2 1 2 7 1 2 7 6 2 7 0 2 7 0 2 7 12 16 2 0 2 7 0 2 4 0 20.3487167954444885
5 30 3 1 2 7 13 6 3 0 2 7 12 16 2 0 2 4 0 2 7 0 2 7 0 2 7 6 2 4 0 2 7 5 31 3 1 2 7 17 9 2 0 2 7 1 2 7 12 16 2 1 2 7 0 2 7 17 18 2 0 20.3487167954444885
5 30 3 1 2 7 13 6 3 0 2 7 12 16 2 0 2 7 0 2 7 0 2 7 0 2 7 1 2 7 1 2 7 0 2 7 5 31 3 0 2 7 0 2 7 1 2 7 1 2 7 0 2 7 17 9 2 17 9 2 0 20.2646257877349854
5 30 3 0 2 7 13 6 3 1 2 7 12 16 2 1 2 7 6 2 7 0 2 7 1 2 7 0 2 7 0 2 4 0 2 7 5 31 3 17 18 2 0 2 4 1 2 7 12 16 2 0 2 7 0 2 7 17 18 2 0 20.3487167954444885
5 30 3 1 2 4 13 6 3 0 2 7 12 16 2 0 2 7 0 2 7 0 2 7 0 2 7 6 2 7 1 2 7 0 2 7 5 31 3 0 2 7 1 2 7 17 9 2 17 9 2 12 16 2 1 2 7 0 2 4 0 20.3487167954444885
5 31 3 5 30 3 13 6 3 0 2 7 12 16 2 0 2 7 0 2 7 1 2 7 0 2 7 17 9 2 0 2 7 1 2 7 0 2 7 0 2 7 0 2 7 1 2 7 17 9 2 6 2 4 12 16 2 1 2 4 0 20.3487167954444885
5 30 3 1 2 7 13 6 3 0 2 7 12 16 2 0 2 4 0 2 7 0 2 7 0 2 7 1 2 4 1 2 7 0 2 7 17 18 2 17 18 2 5 31 3 1 2 7 0 2 7 0 2 7 12 16 2 6 2 7 0 20.3487167954444885
MonoObjective Genetic Algorithm
Number of Evaluations = 0
Mutation Probability = 0
Crossover Probability = 1
Population Size = 10
Survival Selection Type = 15
Time =  3600.55193591117859
5 30 3 1 2 7 13 6 3 0 2 7 12 16 2 0 2 7 0 2 7 0 2 7 0 2 7 1 2 7 1 2 7 0 2 7 17 18 2 17 18 2 5 31 3 1 2 7 0 2 7 1 2 7 0 2 7 0 2 7 0 20.2646257877349854
5 30 3 1 2 7 13 6 3 0 2 7 0 2 7 0 2 7 0 2 7 0 2 7 17 18 2 1 2 7 5 31 3 1 2 7 17 9 2 0 2 7 1 2 7 1 2 7 0 2 7 0 2 7 0 2 7 12 16 2 0 20.2646257877349854
5 30 3 1 2 7 13 6 3 0 2 7 12 16 2 0 2 4 0 2 7 0 2 7 0 2 7 6 2 4 0 2 7 5 31 3 1 2 7 17 9 2 0 2 7 1 2 7 12 16 2 1 2 7 0 2 7 17 9 2 0 20.3487167954444885
5 30 3 1 2 7 13 6 3 0 2 7 12 16 2 0 2 7 0 2 7 17 18 2 0 2 4 5 31 3 1 2 7 17 9 2 1 2 7 1 2 7 6 2 7 0 2 7 0 2 7 12 16 2 0 2 7 0 2 4 0 20.3487167954444885
5 30 3 1 2 7 13 6 3 0 2 7 12 16 2 0 2 4 0 2 7 0 2 7 0 2 7 6 2 4 0 2 7 5 31 3 1 2 7 17 9 2 0 2 7 1 2 7 12 16 2 1 2 7 0 2 7 17 18 2 0 20.3487167954444885
5 30 3 1 2 7 13 6 3 0 2 7 12 16 2 0 2 7 0 2 7 0 2 7 0 2 7 1 2 7 1 2 7 0 2 7 5 31 3 0 2 7 0 2 7 1 2 7 1 2 7 0 2 7 17 9 2 17 9 2 0 20.2646257877349854
5 30 3 0 2 7 13 6 3 1 2 7 12 16 2 1 2 7 6 2 7 0 2 7 1 2 7 0 2 7 0 2 4 0 2 7 5 31 3 17 18 2 0 2 4 1 2 7 12 16 2 0 2 7 0 2 7 17 18 2 0 20.3487167954444885
5 30 3 1 2 4 13 6 3 0 2 7 12 16 2 0 2 7 0 2 7 0 2 7 0 2 7 6 2 7 1 2 7 0 2 7 5 31 3 0 2 7 1 2 7 17 9 2 17 9 2 12 16 2 1 2 7 0 2 4 0 20.3487167954444885
5 31 3 5 30 3 13 6 3 0 2 7 12 16 2 0 2 7 0 2 7 1 2 7 0 2 7 17 9 2 0 2 7 1 2 7 0 2 7 0 2 7 0 2 7 1 2 7 17 9 2 6 2 4 12 16 2 1 2 4 0 20.3487167954444885
5 30 3 1 2 7 13 6 3 0 2 7 12 16 2 0 2 4 0 2 7 0 2 7 0 2 7 1 2 4 1 2 7 0 2 7 17 18 2 17 18 2 5 31 3 1 2 7 0 2 7 0 2 7 12 16 2 6 2 7 0 20.3487167954444885
