0 2 7 17 18 2 16 6 2 0 2 7 17 18 2 1 2 11 1 2 7 17 9 2 0 2 7 6 2 4 5 30 3 1 2 4 0 2 7 0 2 7 1 2 7 12 16 2 0 2 4 0 2 7 0 2 7 0 2 7 0 2 7 17 9 2 1 2 7 5 31 3 0 2 7 16 6 2 8 18 2 12 16 2 0 2 4 1 2 7 12 16 2 12 16 2 0 2 4 0 2 7 5 31 3 0 2 7 1 2 7 0 2 7 0 2 4 0 2 4 0 2 7 0 2 7 0 2 7 0 2 4 1 2 7 1 2 4 16 6 2 6 2 7 0 2 7 12 16 2 13 6 3 1 2 7 1 2 4 5 31 3 5 31 3 0 2 7 0 2 7 0 2 7 1 2 7 1 2 7 0 60.9150044918060303
0 2 7 17 18 2 16 6 2 0 2 7 17 18 2 1 2 4 1 2 7 17 9 2 0 2 4 12 16 2 5 31 3 1 2 7 0 2 4 0 2 4 0 2 4 12 16 2 0 2 7 0 2 4 0 2 7 0 2 7 0 2 7 8 9 2 0 2 7 17 9 2 0 2 7 16 6 2 8 18 2 12 16 2 0 2 7 0 2 4 12 16 2 12 16 2 0 2 7 0 2 4 5 31 3 0 2 7 1 2 7 0 2 7 1 2 7 1 2 7 0 2 4 0 2 7 0 2 4 1 2 4 1 2 7 1 2 7 16 6 2 1 2 4 1 2 7 1 2 7 1 2 7 1 2 7 1 2 7 5 31 3 5 31 3 0 2 7 0 2 4 0 2 7 1 2 7 0 2 7 0 60.957067608833313
1 2 7 16 19 11 16 6 2 1 2 7 17 18 2 0 2 7 1 2 7 17 9 2 0 2 4 0 2 4 5 30 3 1 2 7 0 2 7 0 2 7 1 2 4 12 16 2 0 2 4 0 2 7 0 2 7 0 2 11 0 2 7 17 9 2 1 2 4 5 31 3 0 2 4 16 6 2 8 18 2 12 16 2 0 2 7 1 2 4 12 16 2 12 16 2 0 2 7 0 2 7 5 31 3 0 2 7 1 2 7 0 2 7 0 2 7 0 2 7 0 2 7 0 2 7 0 2 7 1 2 7 1 2 7 0 2 7 16 6 2 6 2 7 0 2 7 8 9 2 0 2 7 1 2 7 1 2 7 5 31 3 5 31 3 1 2 7 0 2 7 0 2 7 1 2 7 0 2 7 0 61.4284165501594543
12 2 2 16 19 11 16 2 2 1 2 7 17 9 2 0 2 7 0 2 7 5 30 2 0 2 4 12 16 4 5 30 3 1 2 7 5 31 3 0 2 7 1 2 4 17 16 2 0 2 4 6 2 10 0 2 7 0 2 11 0 2 7 16 9 2 0 2 7 0 31 7 0 2 4 16 30 2 8 18 2 12 16 2 0 2 7 0 2 4 5 31 2 12 16 7 0 2 7 0 2 7 5 2 3 1 2 7 0 2 7 0 2 7 0 2 3 0 2 7 0 2 7 0 2 7 0 2 7 0 2 7 1 2 7 0 2 7 16 30 2 16 9 11 0 2 3 8 2 2 0 30 7 1 2 7 1 2 7 5 30 3 5 31 3 1 2 7 0 2 7 0 2 11 0 2 7 0 2 7 1871880.11076493049 62.5584229230880737
0 2 7 5 31 3 17 18 2 0 2 7 17 1 2 1 2 7 1 2 7 17 9 2 1 2 7 12 16 2 5 30 3 8 9 2 0 2 7 1 2 7 0 2 7 12 16 2 0 2 7 0 2 7 1 2 7 0 2 7 0 2 7 17 9 2 0 2 7 8 1 2 0 2 7 16 6 2 17 18 2 12 16 2 1 2 7 1 2 7 12 16 2 12 16 2 1 2 7 0 2 7 5 31 3 0 2 4 1 2 7 1 2 7 0 2 7 0 2 7 0 2 7 0 2 4 0 2 7 6 2 7 0 2 7 1 2 7 16 6 2 0 2 7 0 2 7 1 2 7 0 2 7 0 2 7 1 2 7 5 30 3 5 31 3 0 2 4 0 2 7 0 2 7 0 2 7 0 2 7 0 61.2840272784233093
0 2 7 0 2 7 0 2 4 1 2 7 12 16 2 0 2 7 1 2 7 1 2 7 1 2 4 12 16 2 2 3 3 0 2 7 17 9 2 12 16 2 17 9 2 8 18 2 0 2 4 0 2 7 0 2 7 0 2 4 1 2 7 17 9 2 5 31 3 17 18 2 0 2 4 0 2 4 1 2 7 12 16 2 8 18 2 17 18 2 1 2 7 1 2 7 0 2 4 1 2 4 1 2 7 0 2 7 0 2 7 1 2 7 0 2 4 0 2 7 0 2 7 0 2 7 5 31 3 0 2 7 1 2 7 1 2 4 8 9 2 1 2 7 1 2 7 0 2 7 1 2 7 0 2 7 12 16 2 16 18 11 5 30 3 1 2 7 0 2 7 5 30 3 0 2 4 0 2 7 0 61.7107896208763123
0 2 4 8 9 2 16 6 2 1 2 7 17 18 2 1 2 7 5 31 3 17 9 2 0 2 7 12 16 2 5 30 3 0 2 7 0 2 3 1 2 3 1 2 7 12 16 2 1 2 7 0 2 3 0 2 7 0 2 7 0 2 4 17 9 2 0 2 3 13 6 3 0 2 7 16 6 2 17 18 2 12 16 2 1 2 4 0 2 7 12 16 2 12 16 2 0 2 7 0 2 7 5 30 3 0 2 7 1 2 7 0 2 7 0 2 7 0 2 7 0 2 3 0 2 7 0 2 4 0 2 7 1 2 7 0 2 4 16 24 2 1 2 4 0 2 7 13 6 3 1 2 7 1 2 7 1 2 7 5 31 3 5 30 3 0 2 3 1 2 7 0 2 7 1 2 7 0 2 7 0 61.0924564599990845
0 2 4 0 2 7 0 2 7 13 6 3 0 2 7 0 2 7 0 2 7 0 2 7 1 2 7 5 31 3 16 30 2 0 2 7 5 31 3 12 16 2 16 6 2 12 16 2 0 2 7 0 2 7 17 18 2 5 30 3 16 9 11 0 2 7 0 2 7 0 2 7 12 16 2 17 18 2 8 9 2 1 2 7 1 2 7 17 9 2 0 2 7 0 2 7 0 2 7 1 2 7 5 31 3 0 2 7 1 2 7 0 2 7 6 2 7 0 2 7 0 2 7 0 2 7 5 31 3 1 2 7 0 2 7 1 2 7 0 2 7 0 2 7 1 2 7 12 16 2 5 30 3 0 2 7 16 19 11 5 30 3 5 30 3 0 2 7 1 2 7 1 2 7 0 2 7 0 2 7 0 62.1233493089675903
12 16 2 0 2 7 1 2 7 6 2 7 8 9 2 0 2 7 0 2 7 5 30 3 0 2 7 12 16 2 5 30 3 1 2 7 5 31 3 0 2 7 16 6 2 17 18 2 0 2 3 6 2 10 1 2 7 5 30 3 0 2 7 16 15 2 0 2 7 0 2 7 0 2 7 16 30 2 17 18 2 12 16 2 1 2 7 0 2 3 5 31 3 0 2 7 0 2 7 0 2 7 1 2 3 1 2 7 0 2 7 0 2 7 0 2 3 0 2 7 6 2 7 0 2 7 0 2 7 0 2 3 0 2 7 0 2 10 16 30 2 16 9 11 0 2 3 1 2 7 5 30 3 0 2 10 1 2 4 5 30 3 1 2 7 0 2 3 5 31 3 0 2 11 0 2 7 0 2 3 0 62.7188196778297424
1 16 7 0 2 7 1 6 7 6 2 7 8 18 2 0 2 7 1 2 7 17 9 3 0 2 7 0 2 2 5 30 3 1 2 7 0 2 7 0 2 7 16 6 2 12 18 2 0 2 3 0 2 7 1 2 7 5 30 3 0 2 7 17 15 2 1 2 4 5 2 3 0 2 7 16 6 2 17 18 2 12 16 2 1 2 7 1 2 3 12 16 3 0 2 2 0 2 7 0 2 7 1 31 3 0 2 7 1 2 7 0 2 7 0 2 7 0 2 7 6 2 7 0 2 7 0 2 7 1 2 3 0 2 7 0 2 10 16 6 2 6 2 7 0 2 7 1 9 7 5 2 3 0 2 10 1 2 4 5 31 3 1 2 7 0 2 3 5 31 3 0 2 7 1 2 7 0 2 3 1096907.0375815595 61.5888139605522156
1 2 7 17 18 2 17 9 2 0 2 7 8 18 2 1 2 7 0 2 7 17 9 2 0 2 7 0 2 7 5 31 3 0 2 7 0 2 7 0 2 4 5 31 3 12 16 2 0 2 7 0 2 7 0 2 4 0 2 7 1 2 7 17 9 2 1 2 4 13 6 3 0 2 7 16 6 2 17 18 2 12 16 2 0 2 7 1 2 7 12 16 2 12 16 2 1 2 7 13 6 3 1 2 7 0 2 4 1 2 7 1 2 7 1 2 7 1 2 7 0 2 4 0 2 7 0 2 7 1 2 7 1 2 7 0 2 7 16 6 2 0 2 7 0 2 7 0 2 7 1 2 7 0 2 7 1 2 7 5 31 3 5 30 3 0 2 7 0 2 7 1 2 7 1 2 7 0 2 7 0 60.2245944738388062
1 2 7 17 18 2 17 9 2 0 2 7 8 18 2 1 2 4 0 2 7 17 9 2 0 2 4 0 2 7 5 31 3 0 2 4 0 2 12 1 2 7 5 31 3 12 16 2 0 2 7 0 2 7 0 2 7 0 2 7 5 31 3 17 9 2 1 2 7 13 6 3 0 2 7 16 6 2 17 18 2 12 16 2 1 2 7 1 2 7 12 16 2 12 16 2 1 2 7 13 6 3 1 2 7 0 2 7 1 2 7 6 2 4 1 2 7 1 2 7 0 2 7 0 2 7 0 2 7 0 2 7 1 2 7 0 2 7 16 6 2 0 2 4 0 2 7 0 2 7 1 2 7 0 2 7 1 2 4 5 30 3 5 30 3 0 2 7 0 2 7 0 2 7 1 2 7 0 2 7 0 60.5550824999809265
1 2 7 17 18 2 17 9 2 0 2 7 8 18 2 1 2 12 0 2 7 17 9 2 0 2 7 0 2 7 5 31 3 0 2 4 0 2 4 1 2 4 5 31 3 12 16 2 0 2 7 0 2 7 0 2 7 0 2 7 5 31 3 17 9 2 1 2 7 13 6 3 0 2 4 16 6 2 17 18 2 12 16 2 0 2 7 1 2 7 12 16 2 12 16 2 1 2 7 13 6 3 1 2 7 0 2 7 1 2 7 1 2 7 1 2 7 1 2 7 0 2 7 0 2 7 6 2 7 0 2 7 1 2 7 0 2 7 16 6 2 0 2 7 0 2 7 0 2 4 1 2 7 0 2 7 1 2 7 5 30 3 5 30 3 0 2 4 0 2 7 0 2 7 1 2 7 0 2 7 0 60.5550824999809265
1 2 7 17 18 2 17 9 2 1 2 7 8 1 2 1 2 7 0 2 4 17 9 2 0 2 7 0 2 7 5 31 3 1 2 7 12 16 2 1 2 7 5 30 3 12 16 2 0 2 7 0 2 7 1 2 7 0 2 7 0 2 7 17 9 2 1 2 7 13 6 3 0 2 7 16 6 2 17 9 2 12 16 2 0 2 7 0 2 7 12 16 2 12 16 2 1 2 4 13 6 3 0 2 7 0 2 7 1 2 7 1 2 7 1 2 7 1 2 7 0 2 7 0 2 7 1 2 7 1 2 3 0 2 7 0 2 4 17 18 2 0 2 7 0 2 4 0 2 7 0 2 7 0 2 7 1 2 7 5 31 3 5 30 3 0 2 7 0 2 7 0 2 4 1 2 7 0 2 7 0 60.5041602849960327
1 2 3 17 18 2 17 9 2 0 2 7 8 18 2 1 2 4 0 2 7 17 9 2 0 2 4 0 2 7 5 31 3 0 2 4 0 2 7 1 2 7 5 31 3 12 16 2 0 2 7 0 2 7 0 2 7 0 2 4 1 2 7 17 9 2 1 2 3 13 6 3 0 2 7 16 6 2 17 18 2 12 16 2 0 2 7 1 2 4 12 16 2 12 16 2 1 2 3 13 6 3 1 2 4 0 2 3 1 2 7 1 2 7 1 2 7 1 2 7 0 2 7 0 2 7 1 2 7 0 2 7 1 2 7 0 2 7 16 6 2 0 2 4 0 2 7 0 2 7 1 2 3 0 2 7 1 2 7 5 30 3 5 30 3 0 2 7 0 2 7 0 2 7 1 2 7 0 2 7 0 60.5843155384063721
0 2 7 17 18 2 0 2 7 1 2 7 17 18 2 0 2 7 0 2 7 0 2 7 1 2 4 0 2 7 5 30 3 0 2 7 0 2 7 1 2 7 5 31 3 12 16 2 0 2 4 6 2 7 0 2 7 0 2 7 0 2 7 17 9 2 0 2 7 8 9 2 1 2 3 16 15 2 17 18 2 12 16 2 0 2 7 1 2 7 12 16 2 1 2 7 6 2 7 17 9 2 5 31 3 5 31 3 1 2 7 0 2 7 1 2 7 1 2 7 0 2 4 0 2 4 0 2 7 0 2 7 1 2 7 0 2 7 16 30 2 1 2 7 0 2 7 13 6 3 1 2 4 1 2 4 0 2 7 5 30 3 0 2 4 0 2 7 0 2 7 1 2 7 0 2 7 1 2 4 0 60.7295796871185303
1 2 4 17 18 2 0 2 4 0 2 7 17 18 2 0 2 7 0 2 7 0 2 7 6 2 7 0 2 7 5 31 3 0 2 7 0 2 7 1 2 7 5 31 3 12 16 2 0 2 7 1 2 4 0 2 7 0 2 7 0 2 7 17 9 2 0 2 7 8 9 2 0 2 7 16 15 2 17 18 2 12 16 2 0 2 7 0 2 4 12 16 2 1 2 7 1 2 7 17 9 2 5 30 3 0 2 7 6 2 7 0 2 4 1 2 4 1 2 7 5 31 3 1 2 7 0 2 7 0 2 7 1 2 7 0 2 7 16 30 2 1 2 4 0 2 3 13 6 3 1 2 4 0 2 7 1 2 7 5 30 3 0 2 7 1 2 7 0 2 7 1 2 7 0 2 7 1 2 7 0 60.7295796871185303
1 2 7 17 18 2 17 9 2 1 2 7 17 18 2 1 2 4 1 2 7 0 2 4 0 2 7 0 2 7 5 31 3 0 2 4 0 2 4 1 2 7 5 31 3 12 16 2 0 2 7 0 2 4 0 2 7 0 2 7 1 2 7 17 9 2 1 2 7 13 6 3 0 2 7 16 6 2 17 18 2 12 16 2 0 2 7 1 2 7 12 16 2 12 16 2 5 31 3 13 6 3 0 2 7 0 2 7 1 2 7 1 2 7 1 2 7 1 2 7 0 2 4 0 2 7 1 2 7 0 2 3 0 2 3 0 2 7 16 30 2 0 2 7 0 2 4 0 2 7 1 2 7 0 2 7 1 2 7 5 30 3 5 30 3 0 2 4 0 2 7 0 2 7 1 2 7 0 2 4 0 60.5171595811843872
0 2 7 17 18 2 16 6 2 0 2 7 17 18 2 1 2 4 1 2 7 17 9 2 0 2 4 12 16 2 5 31 3 1 2 7 0 2 4 0 2 4 0 2 4 12 16 2 0 2 7 0 2 4 0 2 7 0 2 7 0 2 7 8 9 2 0 2 7 17 9 2 0 2 7 16 6 2 8 18 2 12 16 2 0 2 7 0 2 4 12 16 2 12 16 2 0 2 7 0 2 4 5 31 3 0 2 7 1 2 7 0 2 7 1 2 7 1 2 7 0 2 4 0 2 7 0 2 4 1 2 4 1 2 7 1 2 7 16 6 2 1 2 4 1 2 7 1 2 7 1 2 7 1 2 7 1 2 7 5 31 3 5 31 3 0 2 7 0 2 4 0 2 7 1 2 7 0 2 7 0 60.957067608833313
1 2 7 17 18 2 17 6 2 0 2 7 17 18 2 1 2 4 0 2 7 17 9 2 0 2 4 12 2 7 5 31 3 1 2 4 0 2 12 1 2 4 0 2 3 12 16 2 0 2 7 0 2 7 0 2 7 0 2 7 0 2 7 8 9 2 0 2 7 13 9 3 0 2 7 16 6 2 17 18 2 12 16 2 0 2 7 1 2 7 12 16 2 12 16 2 1 2 7 0 2 3 1 2 3 0 2 7 1 2 7 0 2 7 1 2 7 1 2 7 0 2 7 0 2 7 0 2 7 0 2 4 1 2 7 1 2 7 16 6 2 0 2 4 0 2 7 1 2 7 1 2 7 0 2 7 1 2 4 5 30 3 5 31 3 0 2 7 0 2 7 0 2 7 1 2 7 0 2 7 76076.3194974301441 60.7894655466079712
1 2 7 17 18 2 17 9 2 0 2 7 17 18 2 1 2 4 0 2 7 17 9 2 0 2 7 0 2 7 5 31 3 0 2 7 0 2 7 1 2 7 5 31 3 12 16 2 0 2 4 0 2 7 0 2 4 0 2 7 1 2 7 17 9 2 1 2 7 13 6 3 0 2 7 13 6 3 17 18 2 12 16 2 0 2 7 1 2 7 12 16 2 12 16 2 1 2 7 13 6 3 1 2 7 0 2 7 6 2 7 1 2 7 1 2 7 0 2 7 0 2 7 1 2 7 0 2 7 0 2 7 1 2 7 0 2 7 16 6 2 0 2 7 0 2 7 0 2 7 1 2 4 0 2 7 1 2 7 5 31 3 5 30 3 0 2 7 1 2 7 1 2 7 1 2 7 0 2 7 0 59.938682496547699
0 2 7 17 18 2 17 9 2 0 2 7 17 18 2 1 2 7 0 2 7 17 9 2 0 2 7 0 2 7 5 31 3 0 2 4 6 2 7 1 2 7 5 31 3 12 16 2 0 2 7 1 2 7 0 2 4 0 2 7 1 2 7 17 9 2 1 2 7 13 6 3 0 2 7 13 6 3 17 18 2 12 16 2 0 2 7 1 2 7 12 16 2 12 16 2 1 2 7 13 6 3 1 2 7 0 2 4 1 2 7 0 2 7 1 2 7 0 2 7 0 2 7 0 2 7 0 2 7 1 2 7 1 2 7 0 2 7 16 6 2 0 2 7 0 2 7 0 2 7 1 2 7 0 2 7 1 2 7 5 31 3 5 30 3 0 2 7 1 2 7 1 2 7 1 2 4 0 2 7 0 59.938682496547699
1 2 4 17 18 2 17 9 2 0 2 7 8 18 2 1 2 4 0 2 7 17 9 2 0 2 4 0 2 7 5 31 3 0 2 7 0 2 7 1 2 7 5 31 3 12 16 2 0 2 7 0 2 7 0 2 4 0 2 7 1 2 7 17 9 2 1 2 7 13 6 3 0 2 7 16 6 2 17 18 2 12 16 2 0 2 7 1 2 7 12 16 2 12 16 2 1 2 7 13 6 3 1 2 7 0 2 7 1 2 7 1 2 7 1 2 7 1 2 7 0 2 4 0 2 7 0 2 7 0 2 7 1 2 7 0 2 7 16 6 2 0 2 7 0 2 7 0 2 7 1 2 7 0 2 7 1 2 7 5 31 3 5 30 3 0 2 7 0 2 7 1 2 7 1 2 7 0 2 7 0 60.2245944738388062
1 2 7 17 18 2 17 9 2 0 2 7 8 18 2 1 2 7 0 2 7 17 9 2 0 2 7 0 2 7 5 31 3 0 2 7 0 2 7 1 2 7 5 31 3 12 16 2 0 2 7 0 2 7 0 2 4 0 2 7 1 2 7 17 9 2 1 2 7 13 6 3 0 2 7 16 6 2 17 18 2 12 16 2 0 2 7 1 2 7 12 16 2 12 16 2 1 2 7 13 6 3 1 2 4 0 2 4 1 2 7 0 2 7 1 2 7 1 2 7 0 2 4 0 2 4 0 2 7 1 2 7 1 2 7 0 2 7 16 6 2 0 2 7 0 2 7 0 2 7 1 2 7 0 2 7 1 2 7 5 31 3 5 30 3 0 2 7 0 2 7 1 2 7 1 2 7 0 2 7 0 60.2245944738388062
0 2 7 17 18 2 17 9 2 0 2 7 17 18 2 1 2 7 0 2 7 5 30 3 1 2 7 0 2 7 0 2 7 1 2 7 6 2 7 0 2 7 5 31 3 12 16 2 0 2 7 1 2 7 1 2 7 0 2 7 0 2 7 17 9 2 0 2 4 13 6 3 0 2 7 16 6 2 17 9 2 12 16 2 5 31 3 0 2 7 12 16 2 12 16 2 0 2 7 13 6 3 1 2 7 0 2 7 0 2 7 1 2 7 0 2 7 0 2 7 0 2 7 1 2 4 0 2 7 1 2 7 0 2 7 0 2 7 16 6 2 1 2 7 13 6 3 6 2 7 5 30 3 0 2 7 0 2 7 5 31 3 5 30 3 0 2 7 1 2 7 1 2 7 1 2 7 0 2 7 0 60.3441263437271118
1 2 7 17 18 2 17 9 2 1 2 7 17 18 2 1 2 4 1 2 7 0 2 4 0 2 7 0 2 7 5 31 3 0 2 4 0 2 4 1 2 7 5 31 3 12 16 2 0 2 7 0 2 4 0 2 7 0 2 7 1 2 7 17 9 2 1 2 7 13 6 3 0 2 7 16 6 2 17 18 2 12 16 2 0 2 7 1 2 7 12 16 2 12 16 2 5 31 3 13 6 3 0 2 7 0 2 7 1 2 7 1 2 7 1 2 7 1 2 7 0 2 4 0 2 7 1 2 7 0 2 3 0 2 3 0 2 7 16 30 2 0 2 7 0 2 4 0 2 7 1 2 7 0 2 7 1 2 7 5 30 3 5 30 3 0 2 4 0 2 7 0 2 7 1 2 7 0 2 4 0 60.5171595811843872
1 2 7 17 18 2 17 9 2 1 2 4 17 18 2 0 2 7 0 2 7 0 2 4 1 2 3 0 2 7 0 2 7 1 2 7 0 2 4 1 2 7 5 31 3 12 16 2 1 2 7 1 2 7 1 2 4 0 2 4 1 2 7 17 9 2 0 2 7 13 6 3 0 2 7 16 6 2 17 9 2 12 16 2 0 2 4 1 2 7 12 16 2 12 16 2 5 31 3 13 6 3 1 2 7 0 2 3 1 2 7 0 2 7 0 2 7 0 2 7 0 2 4 0 2 7 1 2 3 1 2 7 0 2 7 0 2 7 16 31 2 0 2 4 0 2 7 1 2 7 0 2 4 0 2 7 12 16 2 5 30 3 5 30 3 0 2 7 1 2 7 0 2 4 1 2 7 0 2 4 0 60.4637625217437744
0 2 7 17 18 2 16 6 2 0 2 7 17 18 2 1 2 4 1 2 7 17 9 2 0 2 4 12 16 2 5 31 3 1 2 7 0 2 4 0 2 4 0 2 4 12 16 2 0 2 7 0 2 4 0 2 7 0 2 7 0 2 7 8 9 2 0 2 7 17 9 2 0 2 7 16 6 2 8 18 2 12 16 2 0 2 7 0 2 4 12 16 2 12 16 2 0 2 7 0 2 4 5 31 3 0 2 7 1 2 7 0 2 7 1 2 7 1 2 7 0 2 4 0 2 7 0 2 4 1 2 4 1 2 7 1 2 7 16 6 2 1 2 4 1 2 7 1 2 7 1 2 7 1 2 7 1 2 7 5 31 3 5 31 3 0 2 7 0 2 4 0 2 7 1 2 7 0 2 7 0 60.957067608833313
1 2 11 17 18 2 17 9 2 1 2 4 17 18 2 6 2 7 0 2 7 0 2 7 1 2 7 0 2 7 0 2 7 1 2 7 0 2 7 1 2 7 5 31 3 12 16 2 1 2 4 1 2 7 1 2 3 0 2 7 1 2 7 17 9 2 0 2 7 13 6 3 0 2 7 16 6 2 17 9 2 12 16 2 0 2 7 0 2 4 12 16 2 12 16 2 5 31 3 13 6 3 1 2 7 0 2 7 1 2 4 0 2 3 0 2 4 0 2 7 0 2 7 0 2 4 1 2 3 1 2 3 0 2 7 0 2 7 16 31 2 0 2 7 0 2 7 1 2 7 0 2 7 0 2 7 1 2 7 5 30 3 5 30 3 0 2 4 1 2 7 0 2 7 1 2 7 0 2 7 0 60.5013055205345154
1 2 4 17 18 2 0 2 4 0 2 7 17 18 2 0 2 7 0 2 7 0 2 7 6 2 7 0 2 7 5 31 3 0 2 7 0 2 7 1 2 7 5 31 3 12 16 2 0 2 7 1 2 4 0 2 7 0 2 7 0 2 7 17 9 2 0 2 7 8 9 2 0 2 7 16 15 2 17 18 2 12 16 2 0 2 7 0 2 4 12 16 2 1 2 7 1 2 7 17 9 2 5 30 3 0 2 7 6 2 7 0 2 4 1 2 4 1 2 7 5 31 3 1 2 7 0 2 7 0 2 7 1 2 7 0 2 7 16 30 2 1 2 4 0 2 3 13 6 3 1 2 4 0 2 7 1 2 7 5 30 3 0 2 7 1 2 7 0 2 7 1 2 7 0 2 7 1 2 7 0 60.7295796871185303
0 2 7 17 18 2 17 9 2 1 2 7 17 18 2 1 2 7 0 2 7 17 9 2 0 2 7 1 2 7 5 31 3 0 2 7 1 2 7 1 2 7 5 31 3 12 16 2 0 2 7 0 2 4 0 2 7 0 2 7 1 2 4 17 9 2 1 2 4 13 6 3 0 2 7 13 6 3 17 18 2 12 16 2 0 2 7 1 2 7 12 16 2 12 16 2 1 2 7 13 6 3 0 2 7 0 2 7 1 2 7 1 2 7 1 2 7 0 2 7 0 2 7 0 2 7 0 2 7 6 2 7 1 2 4 0 2 7 16 6 2 0 2 7 0 2 7 0 2 7 1 2 7 0 2 7 1 2 7 5 31 3 5 30 3 1 2 7 0 2 7 1 2 7 0 2 7 0 2 7 0 59.938682496547699
1 2 7 17 18 2 17 9 2 0 2 7 17 18 2 0 2 7 0 2 7 17 9 2 0 2 7 0 2 4 5 31 3 1 2 7 0 2 7 1 2 7 5 31 3 12 16 2 0 2 4 0 2 7 0 2 7 0 2 7 1 2 7 17 9 2 1 2 7 13 6 3 0 2 7 13 6 3 17 18 2 12 16 2 0 2 7 1 2 7 12 16 2 12 16 2 1 2 7 13 6 3 1 2 7 0 2 7 1 2 7 1 2 7 1 2 7 0 2 7 0 2 7 1 2 4 0 2 7 0 2 7 1 2 7 0 2 7 16 6 2 1 2 7 0 2 7 0 2 7 6 2 7 0 2 7 0 2 7 5 31 3 5 30 3 0 2 7 1 2 7 1 2 7 1 2 4 0 2 7 0 59.938682496547699
1 2 7 17 18 2 17 9 2 1 2 7 17 18 2 1 2 7 0 2 4 17 9 2 0 2 7 1 2 7 5 31 3 0 2 7 0 2 7 1 2 7 5 31 3 12 16 2 0 2 7 0 2 7 1 2 7 1 2 7 1 2 7 17 9 2 1 2 4 13 6 3 0 2 7 13 6 3 17 18 2 12 16 2 0 2 7 1 2 7 12 16 2 12 16 2 1 2 7 13 6 3 0 2 7 0 2 7 1 2 7 0 2 7 1 2 7 0 2 7 0 2 7 0 2 7 0 2 7 6 2 7 1 2 7 0 2 7 16 6 2 0 2 7 0 2 7 0 2 7 0 2 7 0 2 4 1 2 7 5 31 3 5 30 3 1 2 7 0 2 4 1 2 7 0 2 7 0 2 7 0 59.938682496547699
0 2 7 17 18 2 17 18 2 1 2 7 17 18 2 1 2 7 0 2 4 17 9 2 0 2 7 0 2 7 5 31 3 0 2 7 0 2 7 1 2 7 5 31 3 12 16 2 0 2 7 1 2 7 0 2 7 0 2 7 1 2 7 17 9 2 1 2 4 13 6 3 0 2 7 13 6 3 17 18 2 12 16 2 0 2 7 1 2 7 12 16 2 12 16 2 1 2 7 13 6 3 1 2 7 0 2 7 1 2 7 1 2 7 1 2 7 0 2 7 0 2 7 0 2 7 0 2 7 6 2 7 1 2 7 0 2 7 16 6 2 0 2 7 0 2 7 0 2 7 1 2 7 1 2 4 1 2 7 5 31 3 5 30 3 0 2 7 0 2 4 1 2 7 0 2 7 0 2 7 0 59.938682496547699
0 2 7 17 18 2 17 9 2 0 2 7 17 18 2 1 2 7 5 31 3 17 9 2 1 2 7 0 2 7 5 31 3 0 2 7 1 2 7 0 2 7 5 30 3 12 16 2 0 2 7 0 2 7 0 2 4 0 2 7 1 2 7 17 9 2 0 2 7 13 6 3 0 2 7 13 6 3 17 18 2 12 16 2 1 2 7 1 2 7 12 16 2 12 16 2 1 2 7 13 6 3 1 2 7 0 2 7 1 2 7 1 2 7 1 2 7 0 2 7 0 2 7 0 2 7 1 2 7 1 2 7 1 2 7 0 2 7 16 6 2 0 2 4 6 2 7 0 2 7 1 2 7 0 2 4 1 2 7 5 31 3 0 2 7 0 2 7 0 2 4 0 2 7 0 2 7 1 2 7 0 59.938682496547699
0 2 4 17 18 2 17 9 2 0 2 7 17 18 2 1 2 7 0 2 7 17 9 2 0 2 7 0 2 7 5 31 3 0 2 7 0 2 7 1 2 7 5 31 3 12 16 2 0 2 7 0 2 7 0 2 7 0 2 7 0 2 4 17 9 2 1 2 7 13 6 3 0 2 7 13 6 3 17 18 2 12 16 2 1 2 7 1 2 7 12 16 2 12 16 2 1 2 7 13 6 3 1 2 7 0 2 7 1 2 7 1 2 7 1 2 7 0 2 7 0 2 7 0 2 7 0 2 7 1 2 7 1 2 7 0 2 7 16 6 2 0 2 7 0 2 7 0 2 7 1 2 7 0 2 4 1 2 7 5 31 3 5 30 3 1 2 7 1 2 7 1 2 7 6 2 4 0 2 7 0 59.938682496547699
0 2 7 17 18 2 17 9 2 0 2 7 8 18 2 1 2 4 0 2 7 17 9 2 0 2 7 0 2 7 5 31 3 0 2 7 0 2 7 1 2 7 5 31 3 12 16 2 0 2 4 0 2 7 0 2 7 0 2 4 1 2 7 17 9 2 1 2 7 13 6 3 0 2 7 16 6 2 17 18 2 12 16 2 0 2 7 1 2 7 12 16 2 12 16 2 1 2 7 13 6 3 1 2 7 0 2 7 1 2 7 0 2 7 1 2 7 1 2 7 0 2 7 0 2 7 0 2 7 1 2 7 1 2 4 0 2 7 16 6 2 0 2 7 0 2 7 0 2 7 1 2 4 0 2 7 1 2 7 5 31 3 5 30 3 0 2 7 1 2 7 1 2 7 1 2 7 0 2 7 0 60.2245944738388062
1 2 7 17 18 2 17 9 2 0 2 7 8 18 2 1 2 4 0 2 7 17 9 2 0 2 4 0 2 7 5 31 3 0 2 7 0 2 7 1 2 7 5 31 3 12 16 2 0 2 7 0 2 7 0 2 4 0 2 7 1 2 4 17 9 2 1 2 7 13 6 3 0 2 7 16 6 2 17 18 2 12 16 2 0 2 7 1 2 7 12 16 2 12 16 2 1 2 7 13 6 3 1 2 7 0 2 7 1 2 7 1 2 7 1 2 7 1 2 7 0 2 7 0 2 7 0 2 7 0 2 7 1 2 7 0 2 7 16 6 2 0 2 7 0 2 7 0 2 4 1 2 7 0 2 7 1 2 7 5 31 3 5 30 3 0 2 7 0 2 7 1 2 7 1 2 7 0 2 7 0 60.2245944738388062
1 2 7 17 18 2 17 9 2 1 2 4 17 18 2 0 2 7 0 2 7 0 2 4 1 2 3 0 2 7 0 2 7 1 2 7 0 2 4 1 2 7 5 31 3 12 16 2 1 2 7 1 2 7 1 2 4 0 2 4 1 2 7 17 9 2 0 2 7 13 6 3 0 2 7 16 6 2 17 9 2 12 16 2 0 2 4 1 2 7 12 16 2 12 16 2 5 31 3 13 6 3 1 2 7 0 2 3 1 2 7 0 2 7 0 2 7 0 2 7 0 2 4 0 2 7 1 2 3 1 2 7 0 2 7 0 2 7 16 31 2 0 2 4 0 2 7 1 2 7 0 2 4 0 2 7 12 16 2 5 30 3 5 30 3 0 2 7 1 2 7 0 2 4 1 2 7 0 2 4 0 60.4637625217437744
1 2 7 17 18 2 17 9 2 0 2 7 17 18 2 1 2 7 0 2 4 17 9 2 0 2 7 1 2 7 5 31 3 1 2 7 0 2 7 1 2 4 5 31 3 12 16 2 1 2 7 0 2 7 1 2 7 1 2 4 1 2 4 17 9 2 1 2 4 0 2 4 0 2 7 13 6 3 17 18 2 12 16 2 0 2 7 1 2 4 12 16 2 12 16 2 1 2 7 13 6 3 0 2 7 0 2 7 1 2 4 0 2 7 1 2 7 0 2 7 0 2 7 0 2 7 0 2 4 0 2 4 1 2 7 0 2 7 16 30 2 0 2 7 0 2 7 0 2 4 0 2 7 0 2 7 1 2 7 5 31 3 5 30 3 1 2 7 0 2 7 1 2 4 0 2 7 0 2 7 0 60.1292036771774292
0 2 7 17 18 2 17 9 2 1 2 7 17 18 2 1 2 7 1 2 7 17 9 2 0 2 7 0 2 7 5 31 3 0 2 7 0 2 7 0 2 7 5 31 3 12 16 2 0 2 7 1 2 7 1 2 7 1 2 4 0 2 7 17 9 2 0 2 7 13 6 3 1 2 7 13 6 3 17 18 2 12 16 2 0 2 7 0 2 7 12 16 2 12 16 2 1 2 7 13 6 3 1 2 7 0 2 7 0 2 7 0 2 7 0 2 7 0 2 7 0 2 7 1 2 7 1 2 7 1 2 7 0 2 7 1 2 4 16 6 2 0 2 7 0 2 4 0 2 7 0 2 7 1 2 7 1 2 7 5 31 3 0 2 7 1 2 7 0 2 7 1 2 7 1 2 7 1 2 7 0 59.7211945056915283
0 2 7 17 18 2 17 9 2 0 2 7 17 18 2 1 2 4 1 2 7 17 9 2 0 2 7 0 2 7 5 31 3 0 2 7 0 2 7 1 2 7 5 31 3 12 16 2 0 2 7 0 2 7 0 2 7 0 2 7 0 2 4 17 9 2 1 2 7 13 6 3 0 2 7 13 6 3 17 18 2 12 16 2 1 2 7 1 2 7 12 16 2 12 16 2 1 2 7 13 6 3 1 2 7 0 2 7 1 2 7 1 2 7 1 2 7 0 2 7 0 2 7 0 2 7 0 2 7 1 2 7 1 2 7 0 2 7 16 6 2 0 2 7 0 2 7 0 2 4 1 2 7 0 2 7 1 2 7 5 31 3 5 30 3 1 2 7 0 2 7 1 2 7 6 2 4 0 2 7 0 59.938682496547699
0 2 7 17 18 2 17 9 2 1 2 7 17 18 2 1 2 7 0 2 7 17 9 2 0 2 7 1 2 7 5 31 3 0 2 7 0 2 7 1 2 7 5 31 3 12 16 2 0 2 7 0 2 7 0 2 7 0 2 7 0 2 4 17 9 2 1 2 7 13 6 3 0 2 7 13 6 3 17 18 2 12 16 2 1 2 7 1 2 7 12 16 2 12 16 2 1 2 4 13 6 3 0 2 7 0 2 7 1 2 7 1 2 7 0 2 7 0 2 7 0 2 7 0 2 7 0 2 7 1 2 7 1 2 7 0 2 7 16 6 2 0 2 7 0 2 7 0 2 7 1 2 7 0 2 7 1 2 4 5 31 3 5 30 3 1 2 7 1 2 7 1 2 7 6 2 4 0 2 7 0 59.938682496547699
0 2 7 17 18 2 17 18 2 1 2 7 17 18 2 1 2 7 0 2 7 17 9 2 0 2 7 0 2 4 5 31 3 0 2 7 0 2 7 6 2 4 1 2 7 12 16 2 0 2 7 0 2 7 1 2 7 0 2 7 1 2 7 17 9 2 1 2 7 13 6 3 0 2 7 13 6 3 17 18 2 12 16 2 0 2 7 1 2 7 12 16 2 12 16 2 0 2 7 13 6 3 0 2 7 1 2 7 5 31 3 1 2 7 1 2 7 0 2 7 1 2 7 0 2 4 0 2 7 0 2 7 1 2 7 0 2 7 16 6 2 0 2 7 1 2 7 0 2 7 1 2 7 0 2 7 1 2 7 5 31 3 5 30 3 0 2 7 1 2 7 0 2 7 1 2 4 0 2 7 0 59.938682496547699
0 2 4 17 18 2 17 9 2 1 2 7 17 18 2 0 2 7 0 2 7 17 9 2 1 2 4 0 2 4 5 31 3 0 2 7 1 2 7 0 2 7 5 31 3 12 16 2 0 2 7 1 2 7 1 2 7 1 2 7 0 2 7 17 9 2 0 2 7 13 6 3 1 2 7 13 6 3 17 18 2 12 16 2 1 2 7 1 2 7 12 16 2 12 16 2 1 2 7 13 6 3 1 2 7 0 2 7 0 2 7 1 2 7 1 2 7 0 2 7 1 2 7 1 2 7 1 2 7 0 2 7 0 2 7 0 2 7 16 6 2 0 2 7 0 2 7 0 2 7 0 2 7 0 2 7 0 2 7 5 31 3 0 2 7 1 2 7 1 2 7 0 2 7 1 2 7 0 2 7 0 59.7211945056915283
0 2 7 17 18 2 17 9 2 1 2 7 17 18 2 1 2 7 0 2 7 17 9 2 0 2 7 1 2 7 5 31 3 0 2 7 1 2 7 1 2 7 5 31 3 12 16 2 0 2 7 0 2 4 0 2 7 0 2 7 1 2 4 17 9 2 1 2 4 13 6 3 0 2 7 13 6 3 17 18 2 12 16 2 0 2 7 1 2 7 12 16 2 12 16 2 1 2 7 13 6 3 0 2 7 0 2 7 1 2 7 1 2 7 1 2 7 0 2 7 0 2 7 0 2 7 0 2 7 6 2 7 1 2 4 0 2 7 16 6 2 0 2 7 0 2 7 0 2 7 1 2 7 0 2 7 1 2 7 5 31 3 5 30 3 1 2 7 0 2 7 1 2 7 0 2 7 0 2 7 0 59.938682496547699
0 2 4 17 18 2 17 9 2 1 2 7 17 18 2 1 2 7 0 2 7 17 9 2 0 2 7 0 2 7 5 31 3 0 2 7 0 2 7 1 2 7 5 31 3 12 16 2 0 2 7 0 2 4 0 2 7 0 2 7 1 2 7 17 9 2 1 2 7 13 6 3 0 2 7 13 6 3 17 18 2 12 16 2 1 2 7 1 2 7 12 16 2 12 16 2 1 2 7 13 6 3 0 2 7 0 2 7 1 2 7 1 2 7 1 2 7 0 2 7 0 2 7 0 2 7 0 2 7 6 2 7 1 2 4 0 2 7 16 6 2 0 2 7 0 2 7 0 2 7 1 2 7 0 2 7 1 2 7 5 31 3 5 30 3 1 2 7 1 2 7 1 2 7 0 2 4 0 2 7 0 59.938682496547699
0 2 4 17 18 2 17 9 2 0 2 7 17 18 2 1 2 7 0 2 7 17 9 2 0 2 7 0 2 7 5 31 3 0 2 7 0 2 7 1 2 7 5 31 3 12 16 2 0 2 7 0 2 7 0 2 7 0 2 7 0 2 4 17 9 2 1 2 7 13 6 3 0 2 7 13 6 3 17 18 2 12 16 2 1 2 7 1 2 7 12 16 2 12 16 2 1 2 7 13 6 3 1 2 7 0 2 7 1 2 7 1 2 7 1 2 7 0 2 7 0 2 7 0 2 7 0 2 7 1 2 7 1 2 7 0 2 7 16 6 2 0 2 7 0 2 4 0 2 7 1 2 7 0 2 7 1 2 7 5 31 3 5 30 3 1 2 7 1 2 7 1 2 7 6 2 4 0 2 7 0 59.938682496547699
0 2 7 17 18 2 17 18 2 1 2 7 17 18 2 0 2 7 0 2 7 17 9 2 0 2 7 0 2 7 5 30 3 0 2 7 5 31 3 0 2 7 5 31 3 12 16 2 0 2 7 6 2 7 0 2 7 0 2 7 1 2 7 17 9 2 1 2 7 13 6 3 1 2 7 13 6 3 17 18 2 12 16 2 1 2 7 1 2 7 12 16 2 12 16 2 0 2 7 13 6 3 0 2 7 1 2 4 1 2 4 1 2 7 1 2 7 0 2 7 1 2 7 0 2 4 1 2 7 0 2 7 1 2 7 0 2 7 16 6 2 0 2 7 0 2 7 0 2 7 0 2 7 0 2 7 1 2 7 5 31 3 0 2 7 1 2 7 1 2 7 0 2 7 1 2 7 0 2 4 0 59.938682496547699
1 2 7 17 18 2 17 9 2 1 2 4 17 18 2 1 2 7 0 2 7 17 9 2 0 2 7 1 2 7 5 31 3 0 2 7 0 2 7 1 2 7 5 31 3 12 16 2 0 2 7 0 2 7 1 2 7 1 2 7 1 2 7 17 9 2 1 2 4 13 6 3 0 2 7 13 6 3 17 18 2 12 16 2 0 2 7 1 2 7 12 16 2 12 16 2 1 2 7 13 6 3 0 2 7 0 2 7 1 2 7 0 2 7 1 2 7 0 2 7 0 2 7 0 2 7 0 2 7 6 2 7 1 2 4 0 2 7 16 6 2 0 2 7 0 2 7 0 2 7 0 2 7 1 2 4 1 2 7 5 31 3 5 30 3 0 2 7 0 2 7 1 2 7 0 2 7 0 2 7 0 59.938682496547699
0 2 4 17 18 2 17 9 2 1 2 7 17 18 2 0 2 4 0 2 7 17 9 2 1 2 7 0 2 7 5 31 3 0 2 7 1 2 7 0 2 7 5 31 3 12 16 2 1 2 7 0 2 7 0 2 7 1 2 7 0 2 7 17 9 2 0 2 7 13 6 3 1 2 7 13 6 3 17 18 2 12 16 2 1 2 7 1 2 7 12 16 2 12 16 2 1 2 7 13 6 3 1 2 7 0 2 7 0 2 7 1 2 7 1 2 7 0 2 7 1 2 7 1 2 7 1 2 7 1 2 7 0 2 7 0 2 7 16 6 2 0 2 7 1 2 7 0 2 7 0 2 7 0 2 4 0 2 7 5 31 3 0 2 7 1 2 7 0 2 7 0 2 7 1 2 7 0 2 7 0 59.7211945056915283
0 2 7 17 18 2 17 9 2 1 2 7 17 18 2 1 2 4 0 2 7 17 9 2 1 2 7 0 2 7 5 31 3 0 2 7 1 2 7 0 2 7 5 31 3 12 16 2 0 2 7 0 2 7 0 2 7 1 2 7 0 2 7 17 9 2 0 2 7 13 6 3 1 2 7 13 6 3 17 18 2 12 16 2 1 2 7 1 2 7 12 16 2 12 16 2 1 2 7 13 6 3 1 2 7 0 2 7 0 2 7 1 2 7 1 2 7 0 2 7 1 2 7 1 2 7 1 2 7 1 2 7 0 2 7 0 2 7 16 6 2 0 2 7 1 2 7 0 2 7 0 2 7 0 2 4 0 2 7 5 31 3 0 2 7 1 2 7 0 2 7 0 2 7 1 2 4 0 2 7 0 59.7211945056915283
0 2 7 17 18 2 17 9 2 1 2 7 17 18 2 0 2 4 0 2 7 17 9 2 1 2 7 0 2 7 5 31 3 0 2 7 1 2 7 0 2 7 5 31 3 12 16 2 0 2 7 0 2 7 0 2 7 1 2 7 0 2 7 17 9 2 0 2 7 13 6 3 1 2 7 13 6 3 17 18 2 12 16 2 1 2 7 1 2 7 12 16 2 12 16 2 1 2 7 13 6 3 1 2 7 0 2 7 1 2 7 1 2 7 1 2 7 0 2 7 1 2 7 1 2 7 1 2 7 1 2 7 0 2 7 0 2 7 16 6 2 0 2 7 1 2 7 0 2 7 0 2 7 0 2 4 0 2 7 5 31 3 0 2 7 1 2 7 0 2 7 0 2 7 1 2 4 0 2 7 0 59.7211945056915283
0 2 7 17 18 2 17 9 2 1 2 7 17 18 2 1 2 4 0 2 7 17 9 2 1 2 7 0 2 7 5 31 3 0 2 7 1 2 7 0 2 7 5 31 3 12 16 2 0 2 7 0 2 7 0 2 7 0 2 7 1 2 7 17 9 2 0 2 7 13 6 3 1 2 7 13 6 3 17 18 2 12 16 2 0 2 7 1 2 7 12 16 2 12 16 2 1 2 7 13 6 3 1 2 7 0 2 7 0 2 7 1 2 7 1 2 7 0 2 7 1 2 4 1 2 7 1 2 7 1 2 7 0 2 7 0 2 7 16 6 2 0 2 7 1 2 7 0 2 7 0 2 7 0 2 7 0 2 7 5 31 3 1 2 7 1 2 4 0 2 7 0 2 7 1 2 7 0 2 7 0 59.7211945056915283
1 2 7 17 18 2 17 18 2 1 2 7 17 18 2 1 2 4 0 2 7 17 9 2 0 2 7 0 2 7 5 31 3 0 2 4 1 2 7 1 2 7 5 31 3 12 16 2 0 2 7 0 2 7 0 2 7 0 2 7 1 2 7 17 9 2 1 2 7 13 6 3 0 2 7 13 6 3 17 18 2 12 16 2 0 2 7 1 2 7 12 16 2 12 16 2 0 2 7 13 6 3 0 2 7 0 2 7 1 2 7 1 2 7 1 2 7 0 2 7 1 2 7 0 2 7 0 2 7 1 2 7 1 2 7 0 2 7 16 6 2 0 2 7 0 2 7 0 2 7 1 2 7 0 2 7 0 2 7 5 31 3 5 30 3 1 2 4 1 2 7 0 2 7 6 2 4 0 2 7 0 59.938682496547699
0 2 4 17 18 2 17 9 2 0 2 7 17 18 2 1 2 7 0 2 7 17 9 2 0 2 7 0 2 7 5 31 3 0 2 7 0 2 7 1 2 7 5 31 3 12 16 2 0 2 7 0 2 7 0 2 7 0 2 7 0 2 4 17 9 2 1 2 7 13 6 3 0 2 7 13 6 3 17 18 2 12 16 2 1 2 7 1 2 7 12 16 2 12 16 2 1 2 7 13 6 3 1 2 7 0 2 7 1 2 7 1 2 7 1 2 7 0 2 7 0 2 7 0 2 7 0 2 7 1 2 7 1 2 7 0 2 7 16 6 2 0 2 7 0 2 4 0 2 7 1 2 7 0 2 7 1 2 7 5 31 3 5 30 3 1 2 7 1 2 7 1 2 7 6 2 4 0 2 7 0 59.938682496547699
0 2 7 17 18 2 17 18 2 1 2 7 17 18 2 1 2 7 0 2 7 17 9 2 0 2 7 1 2 7 5 31 3 0 2 7 0 2 7 1 2 7 1 2 7 12 16 2 0 2 7 0 2 7 1 2 7 0 2 7 1 2 7 17 9 2 1 2 7 13 6 3 0 2 7 13 6 3 17 18 2 12 16 2 0 2 7 1 2 7 12 16 2 12 16 2 0 2 4 13 6 3 0 2 7 0 2 7 5 31 3 1 2 7 1 2 7 0 2 7 1 2 7 0 2 4 0 2 7 1 2 7 1 2 7 0 2 7 16 6 2 0 2 7 0 2 7 0 2 7 1 2 7 0 2 7 1 2 4 5 31 3 5 30 3 0 2 7 1 2 7 0 2 7 6 2 4 0 2 7 0 59.938682496547699
0 2 7 17 18 2 17 9 2 1 2 7 17 18 2 1 2 7 0 2 7 17 9 2 0 2 7 1 2 7 5 31 3 0 2 7 1 2 7 1 2 7 5 31 3 12 16 2 0 2 7 0 2 4 0 2 7 0 2 7 1 2 4 17 9 2 1 2 4 13 6 3 0 2 7 13 6 3 17 18 2 12 16 2 0 2 7 1 2 7 12 16 2 12 16 2 1 2 7 13 6 3 0 2 7 0 2 7 1 2 7 1 2 7 1 2 7 0 2 7 0 2 7 0 2 7 0 2 7 6 2 7 1 2 4 0 2 7 16 6 2 0 2 7 0 2 7 0 2 7 1 2 7 0 2 7 1 2 7 5 31 3 5 30 3 1 2 7 0 2 7 1 2 7 0 2 7 0 2 7 0 59.938682496547699
0 2 7 17 18 2 17 9 2 1 2 7 17 18 2 1 2 7 0 2 7 17 9 2 0 2 7 1 2 4 5 31 3 0 2 7 1 2 4 0 2 7 5 31 3 12 16 2 0 2 7 0 2 7 1 2 7 1 2 4 1 2 7 17 9 2 0 2 7 13 6 3 1 2 7 13 6 3 17 18 2 12 16 2 0 2 7 1 2 4 12 16 2 12 16 2 1 2 7 13 6 3 1 2 7 0 2 7 1 2 7 1 2 7 1 2 7 0 2 7 1 2 7 0 2 7 0 2 7 0 2 7 0 2 7 0 2 7 16 6 2 0 2 7 0 2 7 0 2 7 0 2 7 0 2 7 0 2 7 5 30 3 5 31 3 6 2 7 1 2 7 1 2 7 0 2 7 0 2 7 0 59.938682496547699
0 2 7 17 18 2 17 9 2 0 2 7 17 18 2 1 2 7 6 2 7 17 9 2 0 2 7 0 2 7 5 31 3 0 2 7 0 2 7 1 2 7 5 31 3 12 16 2 0 2 7 0 2 7 0 2 7 0 2 7 1 2 7 17 9 2 1 2 7 13 6 3 0 2 7 13 6 3 17 9 2 12 16 2 1 2 7 1 2 7 12 16 2 12 16 2 1 2 7 13 6 3 0 2 7 0 2 7 1 2 4 1 2 4 1 2 7 0 2 7 0 2 7 0 2 7 1 2 7 1 2 7 1 2 7 0 2 7 16 6 2 0 2 7 0 2 4 0 2 4 0 2 7 0 2 7 1 2 7 5 31 3 5 30 3 1 2 7 1 2 7 1 2 7 0 2 7 0 2 7 0 59.938682496547699
0 2 7 17 18 2 17 9 2 1 2 7 17 18 2 1 2 4 0 2 7 17 9 2 1 2 7 0 2 7 5 31 3 0 2 7 1 2 7 0 2 7 5 31 3 12 16 2 0 2 7 0 2 7 0 2 7 0 2 7 1 2 7 17 9 2 0 2 7 13 6 3 1 2 7 13 6 3 17 18 2 12 16 2 1 2 7 1 2 7 12 16 2 12 16 2 1 2 7 13 6 3 1 2 7 0 2 7 0 2 7 1 2 7 1 2 7 0 2 7 1 2 4 1 2 7 1 2 7 1 2 7 0 2 7 0 2 7 16 6 2 0 2 7 1 2 7 0 2 7 0 2 7 0 2 7 0 2 7 5 31 3 0 2 7 1 2 4 0 2 7 0 2 7 1 2 7 0 2 7 0 59.7211945056915283
0 2 4 17 18 2 17 9 2 0 2 7 17 18 2 0 2 4 0 2 7 17 9 2 1 2 7 1 2 7 5 31 3 0 2 7 1 2 7 0 2 7 5 31 3 12 16 2 1 2 7 0 2 7 0 2 7 1 2 7 1 2 7 17 9 2 0 2 7 13 6 3 0 2 7 13 6 3 17 18 2 12 16 2 0 2 7 1 2 7 12 16 2 12 16 2 1 2 7 13 6 3 1 2 7 0 2 7 0 2 7 1 2 7 1 2 7 0 2 7 1 2 7 1 2 7 1 2 7 1 2 7 0 2 7 0 2 7 16 6 2 0 2 7 1 2 7 0 2 4 0 2 7 1 2 7 0 2 7 5 31 3 0 2 7 1 2 7 0 2 7 1 2 7 0 2 7 0 2 7 0 59.7211945056915283
0 2 7 17 18 2 17 9 2 1 2 4 17 18 2 0 2 7 0 2 4 17 9 2 1 2 7 1 2 7 5 31 3 0 2 7 1 2 7 0 2 7 5 31 3 12 16 2 0 2 7 0 2 7 0 2 7 0 2 7 1 2 7 17 9 2 0 2 7 13 6 3 1 2 7 13 6 3 17 18 2 12 16 2 0 2 7 1 2 7 12 16 2 12 16 2 1 2 4 13 6 3 1 2 7 0 2 7 0 2 7 1 2 7 1 2 7 0 2 7 1 2 7 0 2 7 1 2 7 1 2 7 0 2 7 0 2 7 16 6 2 0 2 7 0 2 7 0 2 7 0 2 7 0 2 7 1 2 7 5 31 3 1 2 7 0 2 7 1 2 7 1 2 7 1 2 7 0 2 7 0 59.7211945056915283
0 2 7 17 18 2 17 9 2 0 2 4 17 18 2 1 2 4 0 2 4 17 9 2 1 2 7 0 2 7 5 31 3 0 2 7 1 2 7 1 2 7 5 31 3 12 16 2 0 2 7 0 2 7 0 2 7 0 2 7 1 2 7 17 18 2 0 2 7 13 6 3 1 2 7 13 6 3 17 18 2 12 16 2 0 2 7 1 2 7 12 16 2 12 16 2 1 2 7 13 6 3 1 2 7 0 2 7 0 2 7 1 2 7 1 2 7 0 2 7 1 2 7 0 2 7 1 2 7 1 2 7 0 2 7 0 2 7 16 6 2 0 2 7 1 2 7 0 2 7 0 2 7 0 2 7 0 2 7 5 31 3 0 2 7 1 2 7 1 2 7 1 2 7 1 2 7 0 2 7 0 59.7211945056915283
0 2 7 17 18 2 17 9 2 1 2 7 17 18 2 1 2 7 0 2 7 17 9 2 1 2 7 0 2 7 5 31 3 0 2 7 1 2 7 1 2 7 5 31 3 12 16 2 0 2 7 0 2 4 0 2 7 0 2 7 1 2 7 17 18 2 0 2 7 13 6 3 1 2 7 13 6 3 17 18 2 12 16 2 0 2 7 1 2 7 12 16 2 12 16 2 1 2 7 13 6 3 1 2 7 1 2 7 0 2 7 1 2 7 0 2 7 0 2 7 0 2 7 1 2 4 1 2 7 1 2 7 0 2 7 1 2 7 16 6 2 0 2 7 1 2 7 1 2 7 0 2 7 0 2 7 0 2 7 5 31 3 0 2 7 0 2 7 0 2 7 0 2 7 1 2 4 0 2 7 0 59.7211945056915283
0 2 7 17 18 2 17 9 2 0 2 4 17 18 2 1 2 7 0 2 7 17 9 2 1 2 7 0 2 7 5 31 3 0 2 7 1 2 7 1 2 7 5 31 3 12 16 2 0 2 7 0 2 7 0 2 7 0 2 4 1 2 7 17 9 2 0 2 7 13 6 3 1 2 7 13 6 3 17 18 2 12 16 2 0 2 7 1 2 7 12 16 2 12 16 2 1 2 7 13 6 3 1 2 7 0 2 7 0 2 7 1 2 7 0 2 7 0 2 7 1 2 7 0 2 7 1 2 4 1 2 7 0 2 7 0 2 7 16 6 2 1 2 7 0 2 7 0 2 7 0 2 7 0 2 7 1 2 7 5 31 3 1 2 7 0 2 7 1 2 7 1 2 7 1 2 7 0 2 7 0 59.7211945056915283
0 2 7 17 18 2 17 9 2 0 2 4 17 18 2 1 2 7 0 2 4 17 9 2 1 2 7 0 2 7 5 31 3 0 2 7 1 2 7 1 2 7 5 31 3 12 16 2 0 2 7 0 2 7 0 2 7 0 2 7 1 2 7 17 18 2 0 2 7 13 6 3 1 2 7 13 6 3 17 18 2 12 16 2 0 2 7 1 2 7 12 16 2 12 16 2 1 2 7 13 6 3 1 2 7 0 2 7 0 2 7 1 2 7 1 2 7 0 2 7 1 2 7 0 2 4 1 2 7 1 2 7 0 2 7 0 2 7 16 6 2 0 2 7 0 2 7 0 2 7 0 2 7 0 2 7 1 2 7 5 31 3 1 2 7 0 2 7 1 2 7 1 2 7 1 2 7 0 2 7 0 59.7211945056915283
0 2 4 17 18 2 17 9 2 0 2 7 17 18 2 0 2 7 0 2 7 17 9 2 1 2 7 1 2 7 5 31 3 0 2 7 1 2 4 0 2 7 5 31 3 12 16 2 1 2 7 0 2 7 0 2 7 1 2 4 1 2 7 17 9 2 0 2 7 13 6 3 1 2 7 13 6 3 17 9 2 12 16 2 0 2 7 1 2 7 12 16 2 12 16 2 1 2 7 13 6 3 1 2 7 0 2 7 0 2 7 1 2 7 1 2 7 0 2 7 0 2 7 1 2 7 1 2 7 1 2 7 0 2 7 0 2 7 16 6 2 0 2 7 1 2 7 0 2 7 0 2 7 1 2 7 0 2 7 5 31 3 0 2 7 1 2 7 0 2 7 1 2 7 0 2 7 0 2 7 0 59.7211945056915283
0 2 4 17 18 2 17 9 2 0 2 7 17 18 2 1 2 7 0 2 7 17 9 2 1 2 7 1 2 7 5 31 3 0 2 7 1 2 7 0 2 7 5 31 3 12 16 2 0 2 7 0 2 4 0 2 7 0 2 4 1 2 7 17 9 2 0 2 7 13 6 3 1 2 7 13 6 3 17 9 2 12 16 2 0 2 7 1 2 7 12 16 2 12 16 2 1 2 7 13 6 3 1 2 7 0 2 7 0 2 7 1 2 7 1 2 7 0 2 7 0 2 7 1 2 7 1 2 7 1 2 7 0 2 7 0 2 7 16 6 2 0 2 7 1 2 7 0 2 7 0 2 7 1 2 7 1 2 7 5 31 3 0 2 7 1 2 7 0 2 7 1 2 7 0 2 7 0 2 7 0 59.7211945056915283
1 2 7 17 18 2 17 18 2 1 2 4 17 18 2 1 2 7 0 2 4 17 9 2 0 2 7 0 2 7 5 31 3 0 2 7 0 2 7 1 2 7 5 31 3 12 16 2 0 2 7 0 2 7 0 2 7 0 2 7 1 2 7 17 18 2 1 2 7 13 6 3 1 2 7 13 6 3 17 18 2 12 16 2 0 2 7 1 2 7 12 16 2 12 16 2 1 2 7 13 6 3 1 2 7 0 2 7 0 2 7 0 2 7 1 2 7 0 2 7 1 2 7 0 2 7 1 2 7 1 2 7 0 2 4 0 2 7 16 6 2 0 2 7 1 2 7 0 2 7 0 2 7 0 2 7 0 2 7 5 31 3 1 2 7 0 2 7 1 2 7 1 2 7 1 2 7 0 2 7 0 59.7211945056915283
0 2 7 17 18 2 17 9 2 0 2 4 17 18 2 1 2 7 0 2 7 17 9 2 1 2 7 0 2 7 5 31 3 0 2 7 1 2 7 0 2 7 5 31 3 12 16 2 1 2 7 0 2 7 0 2 7 0 2 7 1 2 7 17 18 2 0 2 7 13 6 3 1 2 7 13 6 3 17 18 2 12 16 2 0 2 7 1 2 7 12 16 2 12 16 2 1 2 7 13 6 3 1 2 7 0 2 7 0 2 4 1 2 7 1 2 7 0 2 7 1 2 7 1 2 7 1 2 7 1 2 7 0 2 7 0 2 7 16 6 2 0 2 7 1 2 7 0 2 7 0 2 7 0 2 7 0 2 4 5 31 3 1 2 7 0 2 7 0 2 7 1 2 7 1 2 7 0 2 7 0 59.7211945056915283
0 2 4 17 18 2 17 9 2 1 2 4 17 18 2 1 2 7 0 2 7 17 9 2 0 2 7 0 2 7 5 31 3 0 2 7 1 2 7 1 2 7 5 31 3 12 16 2 0 2 7 0 2 7 0 2 7 0 2 7 1 2 7 17 18 2 0 2 7 13 6 3 1 2 7 13 6 3 17 18 2 12 16 2 0 2 7 1 2 4 12 16 2 12 16 2 1 2 7 13 6 3 1 2 7 0 2 7 0 2 7 1 2 7 1 2 7 0 2 7 1 2 7 1 2 7 1 2 7 1 2 7 0 2 7 0 2 7 16 6 2 0 2 7 0 2 7 0 2 7 0 2 7 0 2 7 0 2 7 5 31 3 1 2 7 0 2 7 1 2 7 1 2 7 1 2 7 0 2 7 0 59.7211945056915283
0 2 4 17 18 2 17 9 2 1 2 7 17 18 2 1 2 7 0 2 7 17 9 2 0 2 7 0 2 7 5 31 3 0 2 7 1 2 7 1 2 7 5 31 3 12 16 2 0 2 7 0 2 7 0 2 7 1 2 7 1 2 7 17 9 2 0 2 7 13 6 3 1 2 7 13 6 3 17 18 2 12 16 2 0 2 7 1 2 4 12 16 2 12 16 2 1 2 7 13 6 3 1 2 7 0 2 7 0 2 7 0 2 7 1 2 7 0 2 7 1 2 7 1 2 7 1 2 7 1 2 4 0 2 7 0 2 7 16 6 2 0 2 7 0 2 7 0 2 7 0 2 7 0 2 7 0 2 7 5 31 3 1 2 7 1 2 7 1 2 7 1 2 7 0 2 7 0 2 7 0 59.7211945056915283
0 2 7 17 18 2 17 9 2 0 2 7 17 18 2 1 2 7 0 2 7 17 9 2 1 2 7 0 2 7 5 31 3 0 2 7 1 2 7 0 2 7 5 31 3 12 16 2 1 2 7 0 2 7 0 2 7 1 2 7 1 2 7 17 9 2 0 2 7 13 6 3 1 2 7 13 6 3 17 18 2 12 16 2 0 2 7 1 2 7 12 16 2 12 16 2 1 2 7 13 6 3 1 2 7 0 2 7 0 2 4 0 2 7 1 2 7 0 2 7 1 2 7 1 2 7 1 2 7 1 2 4 0 2 7 0 2 7 16 6 2 0 2 7 1 2 7 0 2 7 0 2 7 0 2 7 0 2 4 5 31 3 1 2 7 1 2 7 0 2 7 1 2 7 0 2 7 0 2 7 0 59.7211945056915283
0 2 7 17 18 2 17 9 2 0 2 4 17 18 2 0 2 7 0 2 7 17 9 2 1 2 7 0 2 7 5 31 3 0 2 7 1 2 7 1 2 7 5 31 3 12 16 2 0 2 7 0 2 7 0 2 7 1 2 4 1 2 7 17 18 2 0 2 7 13 6 3 1 2 7 13 6 3 17 18 2 12 16 2 0 2 7 1 2 7 12 16 2 12 16 2 1 2 7 13 6 3 0 2 7 0 2 7 0 2 7 1 2 7 1 2 7 0 2 4 1 2 7 1 2 7 1 2 7 1 2 7 0 2 7 0 2 7 16 6 2 0 2 7 0 2 7 0 2 7 0 2 7 1 2 7 0 2 7 5 31 3 1 2 7 1 2 7 1 2 7 1 2 7 0 2 7 0 2 7 0 59.7211945056915283
0 2 4 17 18 2 17 18 2 1 2 4 17 18 2 1 2 7 0 2 7 17 9 2 1 2 7 0 2 7 5 31 3 0 2 7 0 2 7 1 2 7 5 31 3 12 16 2 0 2 7 0 2 7 0 2 7 0 2 7 1 2 7 17 18 2 0 2 7 13 6 3 1 2 7 13 6 3 17 18 2 12 16 2 1 2 4 1 2 7 12 16 2 12 16 2 1 2 7 13 6 3 1 2 7 0 2 7 0 2 7 1 2 7 1 2 7 0 2 7 1 2 7 0 2 7 1 2 7 1 2 7 0 2 7 0 2 7 16 6 2 0 2 7 0 2 7 0 2 7 0 2 7 0 2 7 0 2 7 5 31 3 1 2 7 0 2 7 1 2 7 1 2 7 1 2 7 0 2 7 0 59.7211945056915283
0 2 7 17 18 2 17 9 2 0 2 7 17 18 2 0 2 7 0 2 7 17 9 2 1 2 7 1 2 7 5 31 3 0 2 7 1 2 7 0 2 7 5 31 3 12 16 2 1 2 7 0 2 7 0 2 7 1 2 7 1 2 4 17 9 2 0 2 7 13 6 3 1 2 7 13 6 3 17 9 2 12 16 2 0 2 7 1 2 7 12 16 2 12 16 2 1 2 7 13 6 3 1 2 7 0 2 7 0 2 7 0 2 7 1 2 7 0 2 7 1 2 7 1 2 7 1 2 7 1 2 7 0 2 7 0 2 7 16 6 2 0 2 7 1 2 7 0 2 7 0 2 7 1 2 7 0 2 4 5 31 3 0 2 7 1 2 7 0 2 7 1 2 4 0 2 7 0 2 7 0 59.7211945056915283
0 2 7 17 18 2 17 9 2 0 2 7 17 18 2 1 2 7 0 2 7 17 9 2 1 2 7 1 2 7 5 31 3 0 2 7 1 2 7 0 2 7 5 31 3 12 16 2 1 2 7 0 2 7 0 2 7 1 2 7 1 2 7 17 9 2 0 2 7 13 6 3 1 2 7 13 6 3 17 9 2 12 16 2 0 2 7 1 2 7 12 16 2 12 16 2 1 2 7 13 6 3 1 2 7 0 2 7 0 2 7 0 2 7 1 2 7 0 2 7 1 2 7 1 2 7 1 2 7 1 2 7 0 2 7 0 2 7 16 6 2 0 2 7 1 2 7 0 2 7 0 2 4 0 2 7 0 2 4 5 31 3 0 2 7 1 2 7 0 2 7 1 2 4 0 2 7 0 2 7 0 59.7211945056915283
0 2 7 17 18 2 17 18 2 1 2 4 17 18 2 1 2 7 0 2 4 17 9 2 1 2 7 0 2 7 5 31 3 0 2 7 0 2 7 1 2 7 5 31 3 12 16 2 0 2 7 0 2 7 0 2 7 0 2 7 1 2 7 17 18 2 0 2 7 13 6 3 1 2 7 13 6 3 17 18 2 12 16 2 0 2 7 1 2 7 12 16 2 12 16 2 1 2 7 13 6 3 1 2 7 0 2 7 0 2 7 1 2 7 1 2 7 0 2 7 1 2 7 0 2 4 1 2 7 1 2 7 0 2 7 0 2 7 16 6 2 0 2 7 1 2 7 0 2 7 0 2 7 0 2 7 0 2 7 5 31 3 1 2 7 0 2 7 1 2 7 1 2 7 1 2 7 0 2 7 0 59.7211945056915283
0 2 7 17 18 2 17 18 2 0 2 4 17 18 2 1 2 7 0 2 4 17 9 2 1 2 7 0 2 7 5 31 3 0 2 7 0 2 7 1 2 7 5 31 3 12 16 2 0 2 7 0 2 7 0 2 7 0 2 7 1 2 7 17 18 2 0 2 7 13 6 3 1 2 7 13 6 3 17 18 2 12 16 2 0 2 7 1 2 7 12 16 2 12 16 2 1 2 7 13 6 3 1 2 7 0 2 7 0 2 7 1 2 7 1 2 7 0 2 7 1 2 7 0 2 4 1 2 7 1 2 7 0 2 7 0 2 7 16 6 2 0 2 7 1 2 7 0 2 7 0 2 7 0 2 7 0 2 7 5 31 3 1 2 7 1 2 7 1 2 7 1 2 7 1 2 7 0 2 7 0 59.7211945056915283
0 2 4 17 18 2 17 9 2 1 2 4 17 18 2 1 2 7 0 2 7 17 9 2 0 2 7 0 2 7 5 31 3 0 2 7 1 2 7 1 2 7 5 31 3 12 16 2 1 2 7 0 2 7 0 2 7 0 2 4 1 2 7 17 9 2 0 2 7 13 6 3 1 2 7 13 6 3 17 18 2 12 16 2 0 2 7 1 2 7 12 16 2 12 16 2 1 2 7 13 6 3 1 2 7 0 2 7 0 2 7 1 2 7 1 2 7 0 2 7 1 2 7 1 2 7 1 2 7 1 2 7 0 2 7 0 2 7 16 6 2 0 2 7 0 2 7 0 2 7 0 2 7 0 2 7 0 2 7 5 31 3 0 2 7 0 2 7 1 2 7 1 2 7 1 2 7 0 2 7 0 59.7211945056915283
0 2 7 17 18 2 17 9 2 1 2 4 17 18 2 1 2 7 0 2 7 17 9 2 0 2 7 0 2 7 5 31 3 0 2 7 0 2 7 1 2 7 5 31 3 12 16 2 0 2 7 0 2 7 0 2 7 1 2 4 1 2 7 17 18 2 0 2 7 13 6 3 1 2 7 13 6 3 17 18 2 12 16 2 0 2 7 1 2 7 12 16 2 12 16 2 1 2 7 13 6 3 1 2 7 0 2 7 0 2 7 1 2 7 1 2 7 0 2 7 1 2 7 1 2 7 1 2 7 1 2 7 0 2 7 0 2 4 16 6 2 0 2 7 0 2 7 0 2 7 0 2 7 0 2 7 0 2 7 5 31 3 1 2 7 1 2 7 1 2 7 1 2 7 0 2 7 0 2 7 0 59.7211945056915283
0 2 7 17 18 2 17 9 2 0 2 7 17 18 2 1 2 7 0 2 7 17 9 2 1 2 7 0 2 7 5 31 3 0 2 7 0 2 7 0 2 7 5 31 3 12 16 2 1 2 7 0 2 7 0 2 7 0 2 7 1 2 7 17 18 2 0 2 7 13 6 3 1 2 7 13 6 3 17 18 2 12 16 2 0 2 7 1 2 7 12 16 2 12 16 2 1 2 4 13 6 3 1 2 7 0 2 7 0 2 7 1 2 4 1 2 7 0 2 7 1 2 7 1 2 7 1 2 7 1 2 4 0 2 7 0 2 7 16 6 2 0 2 7 1 2 7 0 2 7 0 2 7 0 2 7 0 2 7 5 31 3 1 2 7 1 2 7 1 2 7 1 2 7 0 2 7 0 2 7 0 59.7211945056915283
0 2 7 17 18 2 17 18 2 1 2 7 17 18 2 1 2 7 0 2 7 17 9 2 0 2 7 0 2 7 5 31 3 0 2 7 0 2 7 1 2 7 5 31 3 12 16 2 0 2 7 1 2 7 0 2 7 0 2 7 1 2 4 17 18 2 0 2 7 13 6 3 1 2 7 13 6 3 17 18 2 12 16 2 0 2 7 1 2 7 12 16 2 12 16 2 1 2 7 13 6 3 1 2 7 0 2 7 0 2 7 1 2 7 1 2 7 0 2 7 1 2 4 1 2 7 1 2 7 1 2 7 0 2 7 0 2 4 16 6 2 0 2 7 0 2 7 0 2 7 0 2 7 0 2 7 0 2 7 5 31 3 1 2 7 1 2 7 1 2 7 1 2 7 0 2 7 0 2 7 0 59.7211945056915283
0 2 7 17 18 2 17 9 2 0 2 7 17 18 2 1 2 7 0 2 7 17 9 2 1 2 7 0 2 7 5 31 3 0 2 7 1 2 7 1 2 7 5 31 3 12 16 2 0 2 7 0 2 7 0 2 7 0 2 7 1 2 7 17 9 2 0 2 7 13 6 3 1 2 7 13 6 3 17 18 2 12 16 2 0 2 7 1 2 7 12 16 2 12 16 2 1 2 7 13 6 3 1 2 7 0 2 7 0 2 7 0 2 7 1 2 7 0 2 7 1 2 7 1 2 4 1 2 7 1 2 7 0 2 7 0 2 7 16 6 2 0 2 7 1 2 7 0 2 7 1 2 7 0 2 7 1 2 7 5 31 3 1 2 7 0 2 7 0 2 7 1 2 4 0 2 4 0 2 7 0 59.7211945056915283
0 2 7 17 18 2 17 9 2 1 2 7 17 18 2 1 2 7 0 2 7 17 9 2 0 2 7 0 2 7 5 31 3 0 2 7 0 2 7 1 2 7 5 31 3 12 16 2 1 2 7 0 2 7 0 2 7 0 2 4 1 2 4 17 18 2 0 2 7 13 6 3 1 2 7 13 6 3 17 18 2 12 16 2 0 2 7 1 2 7 12 16 2 12 16 2 1 2 7 13 6 3 1 2 7 0 2 7 0 2 7 1 2 7 1 2 7 0 2 7 1 2 7 1 2 7 1 2 7 1 2 7 0 2 7 0 2 7 16 6 2 0 2 7 0 2 7 0 2 7 0 2 7 0 2 4 0 2 7 5 31 3 1 2 7 1 2 7 1 2 7 1 2 7 0 2 7 0 2 7 0 59.7211945056915283
0 2 7 17 18 2 17 9 2 0 2 4 17 18 2 1 2 7 0 2 7 17 9 2 0 2 7 0 2 7 5 31 3 0 2 7 1 2 7 1 2 7 5 31 3 12 16 2 1 2 7 0 2 7 0 2 7 0 2 4 1 2 7 17 18 2 0 2 7 13 6 3 1 2 7 13 6 3 17 18 2 12 16 2 0 2 7 1 2 7 12 16 2 12 16 2 1 2 7 13 6 3 1 2 7 0 2 7 0 2 7 1 2 7 1 2 7 0 2 7 1 2 7 1 2 7 1 2 7 1 2 7 0 2 7 0 2 4 16 6 2 0 2 7 0 2 7 0 2 7 0 2 7 0 2 7 0 2 7 5 31 3 1 2 7 1 2 7 1 2 7 1 2 7 0 2 7 0 2 7 0 59.7211945056915283
0 2 4 17 18 2 17 18 2 0 2 7 17 18 2 1 2 7 0 2 7 17 9 2 1 2 7 0 2 7 5 31 3 0 2 4 0 2 7 0 2 7 5 31 3 12 16 2 1 2 7 0 2 7 0 2 7 0 2 7 1 2 7 17 18 2 0 2 7 13 6 3 1 2 7 13 6 3 17 18 2 12 16 2 0 2 7 1 2 7 12 16 2 12 16 2 1 2 7 13 6 3 1 2 7 0 2 7 0 2 7 1 2 4 1 2 7 0 2 7 1 2 7 1 2 7 1 2 7 1 2 7 0 2 7 0 2 7 16 6 2 0 2 7 0 2 7 0 2 7 0 2 7 1 2 7 0 2 7 5 31 3 1 2 7 1 2 7 1 2 7 1 2 7 0 2 7 0 2 7 0 59.7211945056915283
0 2 7 17 18 2 17 18 2 0 2 4 17 18 2 1 2 7 0 2 4 17 9 2 1 2 7 0 2 7 5 31 3 0 2 7 0 2 7 1 2 7 5 31 3 12 16 2 0 2 7 0 2 7 0 2 7 0 2 7 1 2 7 17 18 2 0 2 7 13 6 3 1 2 7 13 6 3 17 18 2 12 16 2 0 2 7 1 2 7 12 16 2 12 16 2 1 2 7 13 6 3 1 2 7 0 2 7 0 2 7 1 2 7 1 2 7 0 2 7 1 2 7 0 2 4 1 2 7 1 2 7 0 2 7 0 2 7 16 6 2 0 2 7 1 2 7 0 2 7 0 2 7 0 2 7 0 2 7 5 31 3 1 2 7 1 2 7 1 2 7 1 2 7 1 2 7 0 2 7 0 59.7211945056915283
0 2 4 17 18 2 17 9 2 0 2 4 17 18 2 1 2 7 0 2 7 17 9 2 0 2 7 0 2 7 5 31 3 0 2 7 1 2 7 1 2 7 5 31 3 12 16 2 1 2 7 0 2 7 0 2 7 0 2 4 1 2 7 17 9 2 0 2 7 13 6 3 1 2 7 13 6 3 17 18 2 12 16 2 0 2 7 1 2 7 12 16 2 12 16 2 1 2 7 13 6 3 1 2 7 0 2 7 0 2 7 1 2 7 1 2 7 0 2 7 1 2 7 1 2 7 1 2 7 1 2 7 0 2 7 0 2 7 16 6 2 0 2 7 0 2 7 0 2 7 0 2 7 0 2 7 0 2 7 5 31 3 1 2 7 1 2 7 1 2 7 1 2 7 0 2 7 0 2 7 0 59.7211945056915283
0 2 7 17 18 2 17 9 2 0 2 7 17 18 2 1 2 7 0 2 7 17 9 2 1 2 7 0 2 7 5 31 3 0 2 7 0 2 7 0 2 7 5 31 3 12 16 2 1 2 7 0 2 7 0 2 7 0 2 7 1 2 7 17 18 2 0 2 7 13 6 3 1 2 7 13 6 3 17 18 2 12 16 2 0 2 7 1 2 7 12 16 2 12 16 2 1 2 4 13 6 3 1 2 7 0 2 7 0 2 7 1 2 4 1 2 7 0 2 7 1 2 7 1 2 7 1 2 7 1 2 4 0 2 7 0 2 7 16 6 2 0 2 7 1 2 7 0 2 7 0 2 7 0 2 7 0 2 7 5 31 3 1 2 7 1 2 7 1 2 7 1 2 7 0 2 7 0 2 7 0 59.7211945056915283
0 2 7 17 18 2 17 9 2 0 2 7 17 18 2 1 2 7 0 2 7 17 9 2 1 2 7 0 2 7 5 31 3 0 2 7 1 2 7 0 2 7 5 31 3 12 16 2 1 2 7 0 2 7 0 2 7 0 2 7 1 2 7 17 18 2 0 2 7 13 6 3 1 2 7 13 6 3 17 18 2 12 16 2 0 2 7 1 2 7 12 16 2 12 16 2 1 2 7 13 6 3 1 2 7 0 2 7 0 2 7 1 2 7 1 2 4 0 2 7 1 2 7 1 2 4 0 2 7 1 2 7 0 2 4 0 2 7 16 6 2 0 2 7 1 2 7 0 2 7 0 2 7 0 2 7 0 2 7 5 31 3 0 2 7 1 2 7 1 2 7 1 2 7 0 2 7 1 2 7 0 59.7211945056915283
0 2 7 17 18 2 17 9 2 1 2 7 17 18 2 1 2 7 0 2 7 17 9 2 0 2 7 0 2 7 5 31 3 0 2 7 0 2 7 0 2 7 5 31 3 12 16 2 1 2 4 0 2 4 0 2 7 0 2 7 1 2 7 17 18 2 0 2 7 13 6 3 1 2 7 13 6 3 17 18 2 12 16 2 0 2 7 1 2 7 12 16 2 12 16 2 1 2 7 13 6 3 1 2 7 0 2 4 0 2 7 1 2 7 1 2 7 0 2 7 1 2 7 1 2 7 1 2 7 1 2 7 0 2 7 0 2 7 16 6 2 0 2 7 0 2 7 0 2 7 1 2 7 0 2 7 0 2 7 5 31 3 1 2 7 1 2 7 1 2 7 1 2 7 0 2 7 0 2 7 0 59.7211945056915283
0 2 4 17 18 2 17 9 2 0 2 4 17 18 2 1 2 7 0 2 7 17 9 2 1 2 7 0 2 7 5 31 3 0 2 7 0 2 7 1 2 7 5 31 3 12 16 2 1 2 7 0 2 4 0 2 7 0 2 7 1 2 7 17 18 2 0 2 7 13 6 3 1 2 7 13 6 3 17 18 2 12 16 2 0 2 7 1 2 7 12 16 2 12 16 2 1 2 7 13 6 3 1 2 7 0 2 7 0 2 7 1 2 7 1 2 7 0 2 7 1 2 7 0 2 7 1 2 7 1 2 7 0 2 7 0 2 7 16 6 2 0 2 7 0 2 7 0 2 7 0 2 7 0 2 7 0 2 7 5 31 3 1 2 7 1 2 7 1 2 7 1 2 7 1 2 7 0 2 7 0 59.7211945056915283
0 2 7 17 18 2 17 18 2 0 2 7 17 18 2 1 2 7 0 2 4 17 9 2 1 2 7 0 2 7 5 31 3 0 2 7 1 2 7 1 2 7 5 31 3 12 16 2 0 2 7 0 2 7 0 2 7 0 2 7 1 2 7 17 18 2 0 2 7 13 6 3 0 2 7 13 6 3 17 18 2 12 16 2 0 2 7 1 2 7 12 16 2 12 16 2 1 2 7 13 6 3 1 2 7 0 2 7 0 2 7 1 2 7 1 2 7 0 2 7 1 2 7 1 2 4 1 2 7 1 2 7 0 2 7 0 2 7 16 6 2 0 2 7 1 2 7 0 2 7 0 2 7 0 2 7 0 2 7 5 31 3 1 2 7 1 2 4 1 2 7 1 2 7 0 2 7 0 2 7 0 59.7211945056915283
0 2 4 17 18 2 17 18 2 0 2 4 17 18 2 1 2 7 0 2 7 17 9 2 1 2 7 0 2 7 5 31 3 0 2 7 1 2 7 1 2 7 5 31 3 12 16 2 0 2 7 0 2 7 0 2 7 0 2 7 1 2 7 17 18 2 0 2 7 13 6 3 0 2 7 13 6 3 17 18 2 12 16 2 0 2 7 1 2 7 12 16 2 12 16 2 1 2 7 13 6 3 1 2 7 0 2 7 0 2 7 1 2 7 1 2 7 0 2 7 1 2 7 1 2 4 1 2 7 1 2 7 0 2 7 0 2 7 16 6 2 0 2 7 1 2 7 0 2 7 0 2 7 0 2 7 0 2 7 5 31 3 1 2 7 1 2 7 1 2 7 1 2 7 0 2 7 0 2 7 0 59.7211945056915283
0 2 4 17 18 2 17 9 2 1 2 4 17 18 2 1 2 7 0 2 7 17 9 2 0 2 7 0 2 7 5 31 3 0 2 4 1 2 7 1 2 7 5 31 3 12 16 2 1 2 7 0 2 7 0 2 7 0 2 7 1 2 7 17 9 2 0 2 7 13 6 3 0 2 7 13 6 3 17 18 2 12 16 2 0 2 7 1 2 7 12 16 2 12 16 2 1 2 7 13 6 3 1 2 7 0 2 7 0 2 7 1 2 7 1 2 7 0 2 7 1 2 7 1 2 7 1 2 7 1 2 7 0 2 7 0 2 7 16 6 2 0 2 7 0 2 7 0 2 7 0 2 7 0 2 7 0 2 7 5 31 3 1 2 7 1 2 7 1 2 7 1 2 7 0 2 7 0 2 7 0 59.7211945056915283
0 2 7 17 18 2 17 9 2 0 2 7 17 18 2 1 2 4 0 2 7 17 9 2 1 2 7 0 2 7 5 31 3 0 2 7 0 2 7 1 2 7 5 31 3 12 16 2 1 2 7 0 2 7 0 2 7 0 2 7 1 2 7 17 9 2 0 2 7 13 6 3 1 2 7 13 6 3 17 18 2 12 16 2 1 2 7 1 2 7 12 16 2 12 16 2 1 2 7 13 6 3 1 2 7 0 2 7 0 2 4 0 2 7 1 2 4 0 2 7 1 2 7 1 2 7 1 2 7 1 2 7 0 2 7 0 2 7 16 6 2 0 2 7 1 2 7 0 2 7 0 2 7 0 2 7 0 2 7 5 31 3 0 2 7 1 2 7 1 2 7 1 2 7 0 2 7 0 2 7 0 59.7211945056915283
0 2 7 17 18 2 17 18 2 1 2 7 17 18 2 1 2 7 0 2 4 17 9 2 0 2 7 0 2 7 5 31 3 0 2 4 0 2 7 1 2 7 5 31 3 12 16 2 0 2 7 0 2 7 0 2 7 0 2 7 1 2 7 17 18 2 0 2 7 13 6 3 1 2 7 13 6 3 17 18 2 12 16 2 0 2 7 1 2 7 12 16 2 12 16 2 1 2 7 13 6 3 1 2 7 0 2 7 0 2 7 1 2 7 1 2 7 0 2 7 1 2 7 1 2 7 1 2 7 1 2 7 0 2 7 0 2 7 16 6 2 0 2 7 1 2 7 0 2 7 0 2 7 0 2 7 0 2 4 5 31 3 1 2 7 1 2 7 1 2 7 1 2 7 0 2 7 0 2 7 0 59.7211945056915283
0 2 7 17 18 2 17 9 2 5 31 3 17 18 2 1 2 7 0 2 7 17 9 2 0 2 7 0 2 7 5 31 3 0 2 7 0 2 7 0 2 7 5 31 3 12 16 2 1 2 7 1 2 7 1 2 7 0 2 7 1 2 7 17 9 2 0 2 7 13 6 3 1 2 7 13 6 3 17 18 2 12 16 2 1 2 7 0 2 7 12 16 2 12 16 2 1 2 7 13 6 3 1 2 7 0 2 7 1 2 7 1 2 7 1 2 7 0 2 7 1 2 7 0 2 4 1 2 7 1 2 7 0 2 4 0 2 7 16 6 2 1 2 7 1 2 7 0 2 7 0 2 7 0 2 7 1 2 7 0 2 7 0 2 7 0 2 4 1 2 7 0 2 7 0 2 7 0 2 7 0 59.7211945056915283
0 2 7 17 18 2 17 18 2 0 2 7 17 18 2 1 2 7 0 2 4 17 9 2 0 2 7 0 2 7 5 31 3 0 2 7 1 2 7 0 2 7 5 31 3 12 16 2 1 2 7 0 2 7 0 2 7 0 2 7 1 2 7 17 18 2 0 2 7 13 6 3 1 2 7 13 6 3 17 18 2 12 16 2 0 2 7 1 2 7 12 16 2 12 16 2 1 2 7 13 6 3 1 2 7 0 2 7 0 2 7 1 2 7 1 2 4 0 2 7 1 2 7 1 2 4 1 2 7 1 2 7 0 2 7 0 2 7 16 6 2 0 2 7 1 2 7 0 2 7 0 2 7 0 2 7 0 2 7 5 31 3 1 2 7 1 2 7 1 2 7 1 2 7 0 2 7 0 2 7 0 59.7211945056915283
0 2 4 17 18 2 17 9 2 1 2 7 17 18 2 1 2 7 0 2 7 17 9 2 0 2 7 0 2 7 5 31 3 0 2 7 1 2 7 1 2 7 5 31 3 12 16 2 1 2 7 0 2 7 0 2 7 0 2 7 1 2 7 17 18 2 0 2 7 13 6 3 1 2 7 13 6 3 17 18 2 12 16 2 0 2 7 1 2 7 12 16 2 12 16 2 1 2 7 13 6 3 1 2 7 0 2 7 0 2 7 1 2 7 1 2 7 0 2 7 1 2 7 1 2 7 0 2 7 1 2 7 0 2 4 0 2 7 16 6 2 0 2 7 0 2 4 0 2 7 0 2 7 0 2 7 0 2 7 5 31 3 1 2 7 1 2 7 1 2 7 1 2 7 0 2 7 0 2 7 0 59.7211945056915283
0 2 7 17 18 2 17 9 2 1 2 7 17 18 2 1 2 7 0 2 7 17 9 2 1 2 7 0 2 7 5 31 3 0 2 7 0 2 7 1 2 7 5 31 3 12 16 2 1 2 7 0 2 7 0 2 7 0 2 7 1 2 7 17 18 2 0 2 7 13 6 3 0 2 7 13 6 3 17 18 2 12 16 2 0 2 7 1 2 7 12 16 2 12 16 2 1 2 7 13 6 3 1 2 7 0 2 7 0 2 7 1 2 7 1 2 4 0 2 7 1 2 7 1 2 4 1 2 7 1 2 7 0 2 7 0 2 7 16 6 2 0 2 7 1 2 7 0 2 7 0 2 7 0 2 4 0 2 7 5 31 3 1 2 7 1 2 7 1 2 7 0 2 7 0 2 7 0 2 7 0 59.7211945056915283
0 2 4 17 18 2 17 9 2 1 2 7 17 18 2 1 2 7 0 2 7 17 9 2 0 2 7 0 2 7 5 31 3 0 2 7 1 2 7 0 2 7 5 31 3 12 16 2 0 2 7 0 2 7 0 2 7 0 2 7 1 2 7 17 18 2 0 2 7 13 6 3 1 2 7 13 6 3 17 18 2 12 16 2 0 2 7 1 2 7 12 16 2 12 16 2 1 2 7 13 6 3 1 2 7 0 2 7 0 2 7 1 2 7 1 2 7 0 2 7 1 2 7 1 2 7 1 2 7 1 2 7 1 2 4 0 2 7 16 6 2 0 2 7 0 2 4 0 2 7 0 2 7 0 2 7 0 2 7 5 31 3 1 2 7 1 2 7 1 2 7 1 2 7 0 2 7 0 2 7 0 59.7211945056915283
0 2 4 17 18 2 17 9 2 1 2 7 17 18 2 1 2 7 0 2 7 17 9 2 1 2 7 0 2 7 5 31 3 0 2 7 0 2 7 1 2 7 5 31 3 12 16 2 1 2 7 0 2 7 0 2 7 0 2 7 1 2 7 17 9 2 0 2 7 13 6 3 1 2 7 13 6 3 17 18 2 12 16 2 0 2 7 1 2 7 12 16 2 12 16 2 1 2 4 13 6 3 1 2 7 0 2 7 0 2 7 1 2 7 1 2 7 0 2 7 1 2 7 1 2 7 0 2 7 1 2 7 0 2 7 0 2 7 16 6 2 0 2 4 0 2 7 0 2 7 0 2 7 0 2 7 0 2 7 5 31 3 1 2 7 1 2 7 1 2 7 1 2 7 0 2 7 0 2 7 0 59.7211945056915283
0 2 7 17 18 2 17 9 2 0 2 7 17 18 2 1 2 7 0 2 7 17 9 2 1 2 7 0 2 7 5 31 3 0 2 7 1 2 7 0 2 7 5 31 3 12 16 2 0 2 7 0 2 7 0 2 7 0 2 7 1 2 7 17 9 2 1 2 7 13 6 3 1 2 4 13 6 3 17 18 2 12 16 2 1 2 7 1 2 7 12 16 2 12 16 2 1 2 7 13 6 3 1 2 7 0 2 7 0 2 7 1 2 7 1 2 4 0 2 7 1 2 7 1 2 7 0 2 7 1 2 7 0 2 7 0 2 7 16 6 2 0 2 7 1 2 7 0 2 7 0 2 4 0 2 7 0 2 7 5 31 3 0 2 7 1 2 7 1 2 7 1 2 7 0 2 7 0 2 7 0 59.7211945056915283
0 2 4 17 18 2 17 9 2 1 2 7 17 18 2 1 2 7 0 2 7 17 9 2 0 2 7 0 2 7 5 31 3 0 2 7 0 2 7 1 2 7 5 31 3 12 16 2 1 2 7 0 2 7 1 2 7 0 2 7 1 2 7 17 9 2 0 2 7 13 6 3 1 2 7 13 6 3 17 18 2 12 16 2 0 2 7 0 2 7 12 16 2 12 16 2 0 2 4 13 6 3 1 2 7 0 2 7 0 2 7 1 2 7 1 2 7 0 2 7 1 2 7 1 2 7 0 2 7 1 2 7 0 2 7 0 2 7 16 6 2 0 2 4 1 2 7 0 2 7 0 2 7 0 2 7 0 2 7 5 31 3 1 2 7 1 2 7 1 2 7 1 2 7 0 2 7 1 2 7 0 59.7211945056915283
0 2 7 17 18 2 17 9 2 0 2 7 17 18 2 1 2 7 0 2 7 17 9 2 1 2 7 0 2 7 5 31 3 0 2 7 0 2 7 0 2 7 5 31 3 12 16 2 1 2 7 0 2 7 0 2 7 0 2 7 1 2 7 17 18 2 0 2 7 13 6 3 1 2 7 13 6 3 17 18 2 12 16 2 0 2 7 1 2 7 12 16 2 12 16 2 1 2 4 13 6 3 1 2 7 0 2 7 0 2 7 1 2 4 1 2 7 0 2 7 1 2 7 1 2 7 1 2 7 1 2 4 0 2 7 0 2 7 16 6 2 0 2 7 1 2 7 0 2 7 0 2 7 0 2 7 0 2 7 5 31 3 1 2 7 1 2 7 1 2 7 1 2 7 0 2 7 0 2 7 0 59.7211945056915283
0 2 7 17 18 2 17 18 2 1 2 7 17 18 2 1 2 7 0 2 4 17 9 2 0 2 7 0 2 7 5 31 3 0 2 4 0 2 7 1 2 7 5 31 3 12 16 2 0 2 7 0 2 7 0 2 7 0 2 7 1 2 7 17 18 2 0 2 7 13 6 3 1 2 7 13 6 3 17 18 2 12 16 2 0 2 7 1 2 7 12 16 2 12 16 2 1 2 7 13 6 3 1 2 7 0 2 7 0 2 7 1 2 7 1 2 7 0 2 7 1 2 7 1 2 7 1 2 7 1 2 7 0 2 7 0 2 7 16 6 2 0 2 7 1 2 7 0 2 7 0 2 7 0 2 7 0 2 4 5 31 3 1 2 7 1 2 7 1 2 7 1 2 7 0 2 7 0 2 7 0 59.7211945056915283
0 2 7 17 18 2 17 9 2 0 2 7 17 18 2 1 2 7 0 2 7 17 9 2 0 2 7 0 2 7 5 31 3 0 2 7 0 2 7 1 2 7 5 31 3 12 16 2 1 2 7 0 2 7 1 2 7 0 2 7 1 2 4 17 9 2 0 2 7 13 6 3 1 2 7 13 6 3 17 18 2 12 16 2 0 2 7 0 2 7 12 16 2 12 16 2 1 2 4 13 6 3 0 2 7 0 2 7 0 2 7 1 2 7 1 2 7 0 2 7 1 2 7 1 2 7 1 2 7 1 2 4 0 2 7 0 2 7 16 6 2 0 2 7 1 2 7 0 2 7 0 2 7 0 2 7 0 2 7 5 31 3 1 2 7 0 2 7 1 2 7 1 2 7 1 2 7 1 2 7 0 59.7211945056915283
0 2 7 17 18 2 17 9 2 0 2 7 17 18 2 1 2 7 0 2 4 17 9 2 0 2 7 0 2 7 5 31 3 0 2 7 0 2 7 0 2 7 5 31 3 12 16 2 1 2 7 0 2 7 0 2 7 0 2 4 1 2 7 17 18 2 0 2 7 13 6 3 1 2 7 13 6 3 17 18 2 12 16 2 1 2 7 1 2 7 12 16 2 12 16 2 1 2 7 13 6 3 1 2 7 0 2 7 0 2 7 1 2 7 1 2 7 0 2 7 1 2 7 1 2 7 1 2 7 1 2 7 0 2 7 0 2 7 16 6 2 0 2 4 0 2 7 0 2 7 0 2 7 0 2 7 1 2 7 5 31 3 1 2 7 1 2 7 1 2 7 1 2 7 0 2 7 0 2 7 0 59.7211945056915283
0 2 7 17 18 2 17 9 2 0 2 7 17 18 2 1 2 7 0 2 4 17 9 2 0 2 7 0 2 7 5 31 3 0 2 7 0 2 7 0 2 7 5 31 3 12 16 2 1 2 7 0 2 7 0 2 7 0 2 7 1 2 7 17 18 2 0 2 7 13 6 3 1 2 7 13 6 3 17 18 2 12 16 2 1 2 7 1 2 7 12 16 2 12 16 2 1 2 7 13 6 3 1 2 7 0 2 7 0 2 7 1 2 7 1 2 4 0 2 7 1 2 7 1 2 7 1 2 7 1 2 4 0 2 7 0 2 7 16 6 2 0 2 7 0 2 7 0 2 7 0 2 7 1 2 7 1 2 7 5 31 3 1 2 7 0 2 7 1 2 7 1 2 7 0 2 7 0 2 7 0 59.7211945056915283
0 2 4 17 18 2 17 9 2 0 2 7 17 18 2 1 2 7 0 2 7 17 9 2 1 2 7 0 2 7 5 31 3 0 2 7 0 2 7 0 2 7 5 31 3 12 16 2 1 2 7 0 2 7 1 2 7 0 2 7 1 2 7 17 18 2 0 2 7 13 6 3 1 2 7 13 6 3 17 18 2 12 16 2 1 2 7 1 2 7 12 16 2 12 16 2 1 2 7 13 6 3 1 2 7 0 2 7 0 2 7 1 2 7 1 2 4 0 2 7 1 2 7 1 2 7 1 2 7 1 2 7 0 2 7 0 2 7 16 6 2 0 2 7 0 2 4 0 2 7 0 2 7 0 2 7 0 2 7 5 31 3 1 2 7 0 2 7 1 2 7 1 2 7 0 2 7 0 2 7 0 59.7211945056915283
0 2 7 17 18 2 17 18 2 0 2 7 17 18 2 1 2 7 0 2 7 17 9 2 0 2 7 0 2 7 5 31 3 0 2 7 0 2 7 0 2 7 5 31 3 12 16 2 1 2 7 0 2 7 1 2 7 0 2 7 1 2 4 17 18 2 0 2 7 13 6 3 1 2 7 13 6 3 17 18 2 12 16 2 0 2 7 1 2 7 12 16 2 12 16 2 1 2 7 13 6 3 0 2 7 0 2 7 0 2 7 1 2 7 1 2 4 0 2 7 1 2 7 1 2 7 1 2 7 1 2 7 1 2 7 0 2 7 16 6 2 0 2 4 1 2 7 0 2 7 0 2 7 0 2 7 0 2 7 5 31 3 1 2 7 0 2 7 1 2 7 1 2 7 1 2 7 0 2 7 0 59.7211945056915283
0 2 7 17 18 2 17 18 2 0 2 7 17 18 2 1 2 7 0 2 7 17 9 2 1 2 7 0 2 7 5 31 3 0 2 7 1 2 7 1 2 7 5 31 3 12 16 2 1 2 7 0 2 7 0 2 7 0 2 7 1 2 7 17 18 2 0 2 7 13 6 3 1 2 7 13 6 3 17 18 2 12 16 2 0 2 7 0 2 7 12 16 2 12 16 2 1 2 7 13 6 3 1 2 7 0 2 7 0 2 7 1 2 7 1 2 7 0 2 7 0 2 7 1 2 7 0 2 7 1 2 7 0 2 7 0 2 7 16 6 2 0 2 4 1 2 7 0 2 7 0 2 4 0 2 7 0 2 7 5 31 3 1 2 7 1 2 7 1 2 4 1 2 7 1 2 7 0 2 7 0 59.7211945056915283
0 2 7 17 18 2 17 18 2 0 2 7 17 18 2 1 2 7 0 2 7 17 9 2 0 2 7 0 2 7 5 31 3 0 2 7 1 2 7 0 2 7 5 31 3 12 16 2 1 2 7 0 2 7 1 2 7 0 2 7 1 2 4 17 9 2 0 2 7 13 6 3 1 2 7 13 6 3 17 18 2 12 16 2 0 2 7 1 2 7 12 16 2 12 16 2 1 2 7 13 6 3 0 2 7 0 2 7 0 2 7 1 2 7 1 2 4 0 2 7 1 2 7 1 2 4 1 2 7 1 2 7 0 2 7 0 2 7 16 6 2 0 2 7 1 2 7 0 2 7 0 2 7 0 2 7 0 2 7 5 31 3 1 2 7 0 2 7 1 2 7 1 2 7 1 2 7 0 2 7 0 59.7211945056915283
1 2 7 17 18 2 17 9 2 0 2 7 17 18 2 1 2 7 0 2 7 17 9 2 0 2 7 0 2 7 5 31 3 0 2 7 1 2 7 0 2 7 5 31 3 12 16 2 1 2 7 0 2 7 1 2 7 0 2 7 1 2 7 17 9 2 0 2 7 13 6 3 1 2 7 13 6 3 17 18 2 12 16 2 0 2 7 1 2 4 12 16 2 12 16 2 1 2 7 13 6 3 0 2 4 1 2 7 0 2 7 1 2 7 1 2 7 0 2 7 1 2 7 1 2 7 0 2 7 1 2 7 0 2 7 0 2 7 16 6 2 0 2 7 1 2 7 0 2 7 0 2 7 0 2 4 0 2 7 5 31 3 1 2 7 0 2 7 1 2 7 1 2 7 0 2 7 0 2 7 0 59.7211945056915283
0 2 7 17 18 2 17 9 2 0 2 7 17 18 2 1 2 4 0 2 4 17 9 2 1 2 7 0 2 7 5 31 3 0 2 7 1 2 7 1 2 7 5 31 3 12 16 2 1 2 7 0 2 7 0 2 7 0 2 7 1 2 7 17 9 2 0 2 7 13 6 3 1 2 7 13 6 3 17 18 2 12 16 2 0 2 7 1 2 7 12 16 2 12 16 2 1 2 7 13 6 3 1 2 7 0 2 7 0 2 7 1 2 7 1 2 7 0 2 7 0 2 7 1 2 7 0 2 7 1 2 7 0 2 7 0 2 7 16 6 2 0 2 7 1 2 7 0 2 7 0 2 7 0 2 7 0 2 7 5 31 3 1 2 7 1 2 7 1 2 4 1 2 7 0 2 7 0 2 7 0 59.7211945056915283
0 2 7 17 18 2 17 18 2 0 2 7 17 18 2 1 2 7 0 2 7 17 9 2 0 2 7 0 2 7 5 31 3 0 2 7 1 2 7 0 2 7 5 31 3 12 16 2 1 2 7 0 2 7 1 2 7 0 2 7 1 2 4 17 18 2 0 2 7 13 6 3 1 2 7 13 6 3 17 18 2 12 16 2 0 2 7 1 2 7 12 16 2 12 16 2 1 2 7 13 6 3 0 2 7 0 2 7 0 2 7 1 2 7 1 2 4 0 2 7 1 2 7 1 2 4 1 2 7 1 2 7 0 2 7 0 2 7 16 6 2 0 2 7 1 2 7 0 2 7 0 2 7 0 2 7 0 2 7 5 31 3 1 2 7 0 2 7 1 2 7 1 2 7 1 2 7 0 2 7 0 59.7211945056915283
0 2 7 17 18 2 17 18 2 0 2 7 17 18 2 1 2 7 0 2 7 17 9 2 0 2 7 0 2 7 5 31 3 0 2 7 1 2 7 0 2 7 5 31 3 12 16 2 1 2 7 0 2 7 1 2 7 0 2 7 1 2 7 17 18 2 0 2 7 13 6 3 1 2 7 13 6 3 17 18 2 12 16 2 0 2 7 1 2 7 12 16 2 12 16 2 1 2 7 13 6 3 1 2 7 0 2 7 0 2 7 1 2 7 1 2 7 0 2 7 1 2 7 1 2 7 1 2 7 0 2 7 0 2 7 0 2 4 16 6 2 0 2 7 1 2 7 0 2 7 0 2 7 0 2 4 0 2 4 5 31 3 1 2 7 0 2 7 1 2 7 1 2 7 1 2 7 0 2 7 0 59.7211945056915283
0 2 7 17 18 2 17 9 2 0 2 7 17 18 2 1 2 7 0 2 7 17 9 2 0 2 7 1 2 7 5 31 3 0 2 7 0 2 7 0 2 7 5 31 3 12 16 2 1 2 7 0 2 7 1 2 7 0 2 7 0 2 7 17 18 2 1 2 4 13 6 3 1 2 7 13 6 3 17 18 2 12 16 2 0 2 7 1 2 7 12 16 2 12 16 2 1 2 7 13 6 3 0 2 7 0 2 7 0 2 7 1 2 7 1 2 4 0 2 7 1 2 7 1 2 7 1 2 7 1 2 7 0 2 7 0 2 7 16 6 2 0 2 7 1 2 7 0 2 7 0 2 7 0 2 7 0 2 7 5 31 3 1 2 4 0 2 7 1 2 7 1 2 7 1 2 7 0 2 7 0 59.7211945056915283
1 2 7 17 18 2 17 9 2 0 2 7 17 18 2 0 2 7 0 2 4 17 9 2 0 2 7 0 2 7 5 31 3 0 2 7 0 2 7 0 2 7 5 31 3 12 16 2 1 2 7 0 2 7 1 2 4 0 2 7 1 2 7 17 18 2 0 2 7 13 6 3 1 2 4 13 6 3 17 18 2 12 16 2 1 2 7 1 2 7 12 16 2 12 16 2 1 2 7 13 6 3 0 2 7 0 2 7 0 2 7 1 2 7 1 2 7 0 2 7 1 2 7 1 2 7 1 2 7 1 2 7 0 2 7 0 2 7 16 6 2 0 2 7 1 2 7 0 2 7 0 2 7 0 2 7 0 2 7 5 31 3 1 2 7 0 2 7 1 2 7 1 2 7 1 2 7 0 2 7 0 59.7211945056915283
0 2 7 17 18 2 17 9 2 0 2 7 17 18 2 1 2 7 0 2 7 17 9 2 1 2 7 0 2 7 5 31 3 0 2 7 0 2 7 0 2 7 5 31 3 12 16 2 1 2 7 0 2 7 1 2 7 0 2 7 0 2 4 17 18 2 1 2 7 13 6 3 1 2 7 13 6 3 17 18 2 12 16 2 0 2 7 1 2 7 12 16 2 12 16 2 1 2 7 13 6 3 0 2 4 0 2 7 0 2 7 1 2 7 1 2 7 0 2 7 1 2 7 1 2 7 1 2 7 1 2 7 0 2 7 0 2 7 16 6 2 0 2 7 1 2 7 0 2 7 0 2 7 0 2 7 0 2 7 5 31 3 1 2 7 0 2 4 1 2 7 1 2 7 1 2 7 0 2 7 0 59.7211945056915283
0 2 4 17 18 2 17 9 2 0 2 7 17 18 2 0 2 7 0 2 7 17 9 2 1 2 7 0 2 7 5 31 3 0 2 4 0 2 7 0 2 7 5 31 3 12 16 2 1 2 7 0 2 7 1 2 7 0 2 7 1 2 7 17 18 2 0 2 7 13 6 3 1 2 7 13 6 3 17 18 2 12 16 2 0 2 7 1 2 7 12 16 2 12 16 2 1 2 7 13 6 3 0 2 7 0 2 7 0 2 7 1 2 7 1 2 7 0 2 7 1 2 7 1 2 7 1 2 7 1 2 7 0 2 7 0 2 7 16 6 2 0 2 7 0 2 7 1 2 7 1 2 7 0 2 7 1 2 4 5 31 3 1 2 7 0 2 7 1 2 7 1 2 7 0 2 7 0 2 7 0 59.7211945056915283
0 2 7 17 18 2 17 18 2 0 2 4 17 18 2 1 2 7 0 2 7 17 9 2 0 2 7 0 2 7 5 31 3 0 2 7 1 2 7 0 2 7 5 31 3 12 16 2 1 2 7 0 2 7 1 2 7 0 2 7 1 2 7 17 18 2 0 2 7 13 6 3 1 2 7 13 6 3 17 18 2 12 16 2 0 2 7 1 2 7 12 16 2 12 16 2 1 2 7 13 6 3 0 2 7 0 2 7 0 2 7 1 2 7 1 2 7 0 2 7 1 2 7 1 2 7 1 2 7 1 2 7 0 2 7 0 2 7 16 6 2 0 2 7 1 2 7 0 2 4 0 2 7 0 2 7 0 2 7 5 31 3 1 2 7 0 2 7 1 2 7 1 2 7 1 2 7 0 2 4 0 59.7211945056915283
0 2 7 17 18 2 17 18 2 0 2 4 17 18 2 1 2 7 0 2 7 17 9 2 0 2 7 0 2 7 5 31 3 0 2 7 1 2 7 0 2 7 5 31 3 12 16 2 1 2 7 0 2 7 1 2 7 0 2 7 1 2 7 17 18 2 0 2 7 13 6 3 1 2 7 13 6 3 17 18 2 12 16 2 0 2 7 1 2 7 12 16 2 12 16 2 1 2 7 13 6 3 0 2 7 0 2 7 0 2 7 1 2 7 1 2 7 0 2 7 1 2 7 1 2 7 1 2 7 1 2 7 0 2 7 0 2 4 16 6 2 0 2 7 1 2 7 0 2 7 0 2 7 0 2 7 0 2 7 5 31 3 1 2 4 0 2 7 1 2 7 1 2 7 1 2 7 0 2 7 0 59.7211945056915283
0 2 7 17 18 2 17 18 2 0 2 7 17 18 2 1 2 7 0 2 7 17 9 2 0 2 7 0 2 7 5 31 3 0 2 7 0 2 7 0 2 7 5 31 3 12 16 2 1 2 7 0 2 7 1 2 7 0 2 7 0 2 7 17 18 2 1 2 7 13 6 3 1 2 7 13 6 3 17 18 2 12 16 2 0 2 7 1 2 7 12 16 2 12 16 2 0 2 7 13 6 3 0 2 7 0 2 7 0 2 7 1 2 4 1 2 4 0 2 7 1 2 7 1 2 7 1 2 7 1 2 7 0 2 7 0 2 7 16 6 2 0 2 7 1 2 7 0 2 4 0 2 7 0 2 7 1 2 7 5 31 3 1 2 7 1 2 7 1 2 7 1 2 7 1 2 7 0 2 7 0 59.7211945056915283
0 2 7 17 18 2 17 9 2 0 2 7 17 18 2 1 2 7 0 2 7 17 9 2 0 2 7 0 2 7 5 31 3 0 2 7 1 2 7 0 2 7 5 31 3 12 16 2 1 2 7 0 2 7 1 2 7 0 2 7 1 2 7 17 9 2 0 2 7 13 6 3 1 2 7 13 6 3 17 18 2 12 16 2 0 2 7 1 2 7 12 16 2 12 16 2 1 2 7 13 6 3 0 2 7 1 2 7 0 2 7 1 2 7 1 2 7 0 2 7 1 2 7 1 2 4 0 2 7 1 2 7 0 2 7 0 2 7 16 6 2 0 2 7 1 2 7 0 2 7 0 2 7 0 2 7 0 2 7 5 31 3 1 2 4 0 2 4 1 2 7 1 2 7 1 2 7 0 2 7 0 59.7211945056915283
0 2 7 17 18 2 17 9 2 0 2 7 17 18 2 1 2 7 0 2 7 17 9 2 0 2 7 0 2 7 5 31 3 0 2 7 0 2 7 0 2 4 5 31 3 12 16 2 1 2 7 0 2 7 1 2 7 0 2 7 1 2 7 17 9 2 1 2 7 13 6 3 1 2 7 13 6 3 17 18 2 12 16 2 0 2 7 1 2 7 12 16 2 12 16 2 1 2 7 13 6 3 0 2 7 0 2 7 0 2 7 1 2 7 1 2 7 0 2 7 1 2 7 1 2 7 1 2 7 1 2 7 0 2 7 0 2 7 16 6 2 0 2 7 0 2 7 0 2 4 0 2 7 0 2 7 1 2 7 5 31 3 1 2 7 1 2 7 1 2 7 1 2 7 0 2 7 0 2 4 0 59.7211945056915283
0 2 7 17 18 2 17 9 2 0 2 7 17 18 2 1 2 7 0 2 7 17 9 2 0 2 7 1 2 7 5 31 3 0 2 7 0 2 7 0 2 7 5 31 3 12 16 2 1 2 7 0 2 7 1 2 7 0 2 7 1 2 7 17 9 2 0 2 7 13 6 3 1 2 7 13 6 3 17 18 2 12 16 2 0 2 7 1 2 7 12 16 2 12 16 2 1 2 7 13 6 3 0 2 7 0 2 7 0 2 7 1 2 7 1 2 4 0 2 7 1 2 7 1 2 7 1 2 7 1 2 7 0 2 7 0 2 7 16 6 2 0 2 7 1 2 4 0 2 7 0 2 7 0 2 7 0 2 7 5 31 3 1 2 4 0 2 7 1 2 7 1 2 7 1 2 7 0 2 7 0 59.7211945056915283
0 2 7 17 18 2 17 9 2 0 2 7 17 18 2 1 2 7 0 2 7 17 9 2 0 2 7 1 2 7 5 31 3 0 2 7 1 2 7 0 2 7 5 31 3 12 16 2 1 2 7 0 2 7 1 2 7 0 2 7 1 2 7 17 18 2 0 2 7 13 6 3 1 2 4 13 6 3 17 18 2 12 16 2 0 2 7 0 2 7 12 16 2 12 16 2 1 2 7 13 6 3 0 2 7 0 2 7 0 2 7 1 2 7 1 2 7 0 2 7 1 2 4 1 2 4 1 2 7 1 2 7 0 2 7 0 2 7 16 6 2 0 2 7 0 2 7 0 2 7 0 2 7 0 2 7 1 2 7 5 31 3 0 2 7 1 2 7 1 2 7 1 2 7 1 2 7 0 2 7 0 59.7211945056915283
0 2 7 17 18 2 17 9 2 0 2 7 17 18 2 0 2 7 0 2 7 17 9 2 0 2 7 1 2 7 5 31 3 0 2 7 1 2 7 0 2 7 5 31 3 12 16 2 1 2 7 0 2 7 1 2 7 0 2 7 1 2 7 17 18 2 0 2 7 13 6 3 1 2 7 13 6 3 17 18 2 12 16 2 0 2 7 1 2 7 12 16 2 12 16 2 1 2 7 13 6 3 0 2 7 1 2 7 0 2 7 1 2 7 1 2 7 0 2 4 1 2 7 1 2 4 1 2 7 1 2 7 0 2 7 0 2 7 16 6 2 0 2 7 1 2 7 0 2 7 0 2 7 0 2 7 0 2 7 5 31 3 1 2 7 0 2 4 1 2 7 1 2 7 0 2 7 0 2 7 0 59.7211945056915283
1 2 7 17 18 2 17 9 2 0 2 7 17 18 2 1 2 7 0 2 4 17 9 2 0 2 7 0 2 7 5 31 3 0 2 7 0 2 7 0 2 7 5 31 3 12 16 2 1 2 7 0 2 7 1 2 7 0 2 7 0 2 7 17 18 2 0 2 7 13 6 3 1 2 7 13 6 3 17 18 2 12 16 2 1 2 7 1 2 7 12 16 2 12 16 2 1 2 7 13 6 3 0 2 7 0 2 7 0 2 7 1 2 7 1 2 7 0 2 7 1 2 7 1 2 7 1 2 7 1 2 7 0 2 4 0 2 7 16 6 2 0 2 4 0 2 7 0 2 7 0 2 7 0 2 7 0 2 7 5 31 3 1 2 7 1 2 7 1 2 7 1 2 7 1 2 7 0 2 7 0 59.7211945056915283
0 2 7 17 18 2 17 18 2 0 2 7 17 18 2 1 2 7 0 2 7 17 9 2 0 2 7 1 2 7 5 31 3 0 2 7 0 2 7 0 2 7 5 31 3 12 16 2 1 2 7 0 2 7 1 2 7 0 2 7 1 2 7 17 9 2 0 2 7 13 6 3 1 2 7 13 6 3 17 18 2 12 16 2 0 2 7 0 2 7 12 16 2 12 16 2 1 2 7 13 6 3 0 2 7 1 2 7 0 2 7 1 2 7 1 2 7 0 2 7 1 2 4 1 2 4 1 2 7 1 2 7 0 2 7 0 2 7 16 6 2 0 2 7 1 2 7 0 2 7 0 2 7 0 2 7 0 2 7 5 31 3 1 2 7 0 2 4 1 2 7 1 2 7 1 2 7 0 2 7 0 59.7211945056915283
0 2 7 17 18 2 17 9 2 0 2 7 17 18 2 1 2 7 0 2 7 17 9 2 0 2 7 1 2 7 5 31 3 0 2 7 1 2 7 0 2 4 5 31 3 12 16 2 1 2 7 0 2 7 1 2 7 0 2 7 1 2 7 17 9 2 0 2 7 13 6 3 1 2 7 13 6 3 17 18 2 12 16 2 0 2 7 0 2 7 12 16 2 12 16 2 1 2 7 13 6 3 0 2 7 0 2 7 0 2 7 1 2 7 1 2 7 0 2 4 1 2 7 1 2 7 1 2 7 1 2 7 0 2 7 0 2 7 16 6 2 0 2 7 0 2 7 0 2 7 0 2 7 0 2 7 1 2 7 5 31 3 1 2 7 1 2 7 1 2 7 1 2 7 0 2 7 0 2 4 0 59.7211945056915283
0 2 7 17 18 2 17 9 2 0 2 7 17 18 2 0 2 7 0 2 7 17 9 2 0 2 7 1 2 7 5 31 3 0 2 7 1 2 7 0 2 4 5 31 3 12 16 2 1 2 7 0 2 7 1 2 7 0 2 7 1 2 7 17 9 2 0 2 7 13 6 3 1 2 7 13 6 3 17 18 2 12 16 2 0 2 7 0 2 7 12 16 2 12 16 2 1 2 7 13 6 3 0 2 4 0 2 7 0 2 7 1 2 7 1 2 7 0 2 7 1 2 4 1 2 7 1 2 7 1 2 7 0 2 7 0 2 7 16 6 2 0 2 7 0 2 7 0 2 7 0 2 7 0 2 7 1 2 7 5 31 3 1 2 7 1 2 7 1 2 7 1 2 7 1 2 7 0 2 7 0 59.7211945056915283
0 2 7 17 18 2 17 9 2 0 2 7 17 18 2 0 2 7 0 2 7 17 9 2 0 2 7 1 2 7 5 31 3 0 2 7 1 2 7 0 2 7 5 31 3 12 16 2 1 2 7 0 2 7 1 2 7 0 2 7 1 2 7 17 9 2 0 2 7 13 6 3 1 2 7 13 6 3 17 18 2 12 16 2 0 2 7 0 2 7 12 16 2 12 16 2 1 2 7 13 6 3 0 2 4 0 2 7 0 2 7 1 2 7 1 2 7 0 2 7 1 2 4 1 2 7 1 2 7 1 2 7 0 2 7 0 2 7 16 6 2 0 2 7 0 2 7 0 2 7 0 2 7 0 2 7 1 2 7 5 31 3 1 2 7 1 2 4 1 2 7 1 2 7 1 2 7 0 2 7 0 59.7211945056915283
0 2 7 17 18 2 17 18 2 0 2 7 17 18 2 1 2 7 0 2 7 17 9 2 1 2 7 0 2 7 5 31 3 0 2 7 0 2 7 0 2 7 5 31 3 12 16 2 1 2 7 1 2 7 1 2 7 0 2 7 0 2 7 17 18 2 0 2 7 13 6 3 1 2 7 13 6 3 17 18 2 12 16 2 0 2 7 1 2 7 12 16 2 12 16 2 0 2 7 13 6 3 0 2 7 1 2 7 0 2 7 1 2 7 1 2 7 0 2 7 1 2 7 1 2 7 1 2 7 1 2 7 0 2 4 0 2 7 16 6 2 0 2 7 1 2 7 0 2 4 0 2 4 0 2 7 0 2 7 5 31 3 1 2 7 1 2 7 1 2 7 1 2 7 0 2 7 0 2 7 0 59.7211945056915283
0 2 7 17 18 2 17 18 2 0 2 7 17 18 2 1 2 7 0 2 7 17 9 2 0 2 7 1 2 7 5 31 3 0 2 7 0 2 7 0 2 7 5 31 3 12 16 2 1 2 7 0 2 7 1 2 7 0 2 7 1 2 7 17 18 2 0 2 7 13 6 3 1 2 7 13 6 3 17 18 2 12 16 2 0 2 7 1 2 7 12 16 2 12 16 2 1 2 7 13 6 3 0 2 7 1 2 7 0 2 7 1 2 7 1 2 7 0 2 7 1 2 4 1 2 4 1 2 7 1 2 7 0 2 7 0 2 7 16 6 2 0 2 7 1 2 7 0 2 7 0 2 7 0 2 7 0 2 7 5 31 3 1 2 7 0 2 4 1 2 7 1 2 7 0 2 7 0 2 7 0 59.7211945056915283
0 2 7 17 18 2 17 18 2 0 2 7 17 18 2 0 2 7 0 2 7 17 9 2 0 2 7 1 2 7 5 31 3 0 2 7 0 2 7 0 2 4 5 31 3 12 16 2 1 2 7 0 2 7 1 2 7 0 2 7 1 2 7 17 18 2 0 2 7 13 6 3 1 2 7 13 6 3 17 18 2 12 16 2 0 2 7 1 2 7 12 16 2 12 16 2 1 2 7 13 6 3 0 2 7 1 2 7 0 2 7 1 2 7 1 2 7 0 2 4 1 2 7 1 2 4 1 2 7 1 2 7 0 2 7 0 2 7 16 6 2 0 2 7 1 2 7 0 2 7 0 2 7 0 2 7 0 2 7 5 31 3 1 2 7 0 2 7 1 2 7 1 2 7 1 2 7 0 2 7 0 59.7211945056915283
0 2 7 17 18 2 17 9 2 0 2 7 17 18 2 1 2 7 0 2 7 17 9 2 0 2 7 1 2 7 5 31 3 0 2 7 0 2 7 0 2 7 5 31 3 12 16 2 1 2 7 0 2 7 1 2 7 0 2 7 1 2 7 17 18 2 0 2 7 13 6 3 1 2 7 13 6 3 17 18 2 12 16 2 0 2 7 1 2 7 12 16 2 12 16 2 1 2 4 13 6 3 0 2 7 0 2 7 0 2 7 1 2 7 1 2 7 0 2 7 1 2 4 1 2 4 1 2 7 1 2 7 0 2 7 0 2 7 16 6 2 0 2 7 0 2 7 0 2 7 0 2 7 0 2 7 1 2 7 5 31 3 1 2 7 0 2 7 1 2 7 1 2 7 1 2 7 0 2 7 0 59.7211945056915283
0 2 4 17 18 2 17 18 2 0 2 7 17 18 2 0 2 7 0 2 7 17 9 2 0 2 7 1 2 7 5 31 3 0 2 7 1 2 7 0 2 7 5 31 3 12 16 2 1 2 7 0 2 7 1 2 7 0 2 7 1 2 7 17 9 2 0 2 7 13 6 3 1 2 7 13 6 3 17 18 2 12 16 2 0 2 7 1 2 7 12 16 2 12 16 2 1 2 7 13 6 3 0 2 4 0 2 7 0 2 7 1 2 7 1 2 7 0 2 7 1 2 7 1 2 7 1 2 7 1 2 7 0 2 7 0 2 7 16 6 2 0 2 7 1 2 7 0 2 7 0 2 7 0 2 7 1 2 7 5 31 3 1 2 4 0 2 7 0 2 7 1 2 7 0 2 7 1 2 7 0 59.7211945056915283
0 2 7 17 18 2 17 9 2 0 2 7 17 18 2 0 2 7 0 2 7 17 9 2 0 2 7 1 2 7 5 31 3 0 2 7 0 2 7 0 2 7 5 31 3 12 16 2 1 2 7 0 2 7 1 2 4 0 2 7 1 2 7 17 18 2 0 2 7 13 6 3 1 2 7 13 6 3 17 18 2 12 16 2 0 2 7 1 2 7 12 16 2 12 16 2 1 2 7 13 6 3 0 2 7 0 2 7 0 2 7 1 2 7 1 2 4 0 2 7 1 2 7 1 2 7 1 2 7 1 2 7 0 2 7 0 2 7 16 6 2 0 2 7 1 2 7 0 2 4 0 2 7 0 2 7 1 2 7 5 31 3 1 2 7 0 2 7 1 2 7 1 2 7 1 2 7 0 2 7 0 59.7211945056915283
0 2 7 17 18 2 17 18 2 1 2 7 17 18 2 0 2 4 0 2 7 17 9 2 0 2 7 1 2 7 5 31 3 0 2 7 0 2 7 0 2 7 5 31 3 12 16 2 1 2 7 0 2 7 1 2 7 0 2 7 1 2 7 17 9 2 0 2 7 13 6 3 1 2 7 13 6 3 17 18 2 12 16 2 1 2 7 1 2 7 12 16 2 12 16 2 1 2 7 13 6 3 0 2 7 0 2 7 0 2 7 0 2 7 1 2 7 0 2 4 1 2 7 1 2 7 1 2 7 1 2 7 0 2 7 0 2 7 16 6 2 0 2 7 0 2 7 0 2 7 0 2 7 0 2 7 1 2 7 5 31 3 1 2 7 0 2 7 1 2 7 1 2 7 1 2 7 0 2 4 0 59.7211945056915283
0 2 7 17 18 2 17 9 2 0 2 7 17 18 2 0 2 7 0 2 7 17 9 2 0 2 7 1 2 7 5 31 3 0 2 7 1 2 7 0 2 4 5 31 3 12 16 2 1 2 7 0 2 7 1 2 7 0 2 7 1 2 7 17 9 2 0 2 7 13 6 3 1 2 7 13 6 3 17 18 2 12 16 2 0 2 7 1 2 7 12 16 2 12 16 2 1 2 7 13 6 3 0 2 4 0 2 7 0 2 7 1 2 7 1 2 7 0 2 7 1 2 7 1 2 7 1 2 7 1 2 7 0 2 7 0 2 7 16 6 2 0 2 7 1 2 7 0 2 7 0 2 7 0 2 7 0 2 7 5 31 3 1 2 7 0 2 7 1 2 7 1 2 7 1 2 7 0 2 4 0 59.7211945056915283
0 2 7 17 18 2 17 18 2 0 2 7 17 18 2 0 2 7 0 2 7 17 9 2 0 2 7 1 2 7 5 31 3 0 2 7 1 2 7 0 2 7 5 31 3 12 16 2 1 2 7 0 2 7 1 2 7 0 2 7 1 2 7 17 18 2 0 2 7 13 6 3 1 2 7 13 6 3 17 18 2 12 16 2 0 2 7 1 2 7 12 16 2 12 16 2 0 2 7 13 6 3 0 2 4 1 2 7 0 2 7 1 2 7 1 2 7 0 2 7 1 2 7 1 2 7 1 2 7 1 2 7 0 2 7 0 2 7 16 6 2 0 2 7 1 2 7 0 2 7 0 2 7 0 2 7 1 2 7 5 31 3 1 2 7 0 2 4 1 2 7 1 2 7 0 2 4 0 2 7 0 59.7211945056915283
0 2 7 17 18 2 17 18 2 0 2 7 17 18 2 0 2 7 0 2 7 17 9 2 0 2 7 1 2 7 5 31 3 0 2 7 1 2 7 0 2 7 5 31 3 12 16 2 1 2 7 0 2 7 1 2 7 0 2 7 1 2 7 17 18 2 0 2 7 13 6 3 1 2 7 13 6 3 17 18 2 12 16 2 0 2 7 1 2 7 12 16 2 12 16 2 0 2 7 13 6 3 0 2 4 1 2 7 0 2 7 1 2 7 1 2 7 0 2 7 1 2 4 1 2 7 1 2 7 1 2 7 0 2 7 0 2 7 16 6 2 0 2 7 1 2 7 0 2 7 0 2 7 0 2 7 1 2 7 5 31 3 1 2 7 0 2 7 0 2 7 1 2 7 1 2 4 0 2 7 0 59.7211945056915283
0 2 7 17 18 2 17 18 2 0 2 7 17 18 2 0 2 7 0 2 7 17 9 2 0 2 7 1 2 7 5 31 3 0 2 7 0 2 7 0 2 7 5 31 3 12 16 2 1 2 7 0 2 7 1 2 7 0 2 7 1 2 7 17 18 2 0 2 7 13 6 3 1 2 7 13 6 3 17 18 2 12 16 2 0 2 7 1 2 7 12 16 2 12 16 2 1 2 7 13 6 3 0 2 7 1 2 7 0 2 7 1 2 7 1 2 7 0 2 7 1 2 7 1 2 4 1 2 7 1 2 7 0 2 7 0 2 7 16 6 2 0 2 7 1 2 7 0 2 7 0 2 7 0 2 7 1 2 7 5 31 3 1 2 7 0 2 4 1 2 7 1 2 7 0 2 4 0 2 7 0 59.7211945056915283
0 2 7 17 18 2 17 9 2 0 2 7 17 18 2 0 2 7 0 2 7 17 9 2 0 2 7 1 2 7 5 31 3 0 2 7 1 2 7 0 2 4 5 31 3 12 16 2 1 2 7 0 2 7 1 2 7 0 2 7 1 2 7 17 9 2 0 2 7 13 6 3 1 2 7 13 6 3 17 18 2 12 16 2 0 2 7 1 2 7 12 16 2 12 16 2 1 2 7 13 6 3 0 2 4 0 2 7 0 2 7 1 2 7 1 2 7 0 2 7 1 2 4 1 2 7 1 2 7 1 2 7 0 2 7 0 2 7 16 6 2 0 2 7 0 2 7 0 2 7 0 2 7 0 2 7 1 2 7 5 31 3 1 2 7 1 2 7 0 2 7 1 2 7 1 2 7 0 2 7 0 59.7211945056915283
0 2 7 17 18 2 17 9 2 1 2 7 17 18 2 0 2 7 0 2 7 17 9 2 0 2 7 0 2 7 5 31 3 0 2 7 0 2 7 0 2 4 5 31 3 12 16 2 1 2 7 0 2 7 1 2 7 0 2 7 1 2 7 17 9 2 0 2 7 13 6 3 1 2 7 13 6 3 17 18 2 12 16 2 1 2 7 0 2 7 12 16 2 12 16 2 1 2 7 13 6 3 0 2 7 0 2 7 0 2 7 1 2 7 1 2 7 0 2 7 1 2 4 1 2 7 1 2 7 1 2 7 0 2 7 0 2 7 16 6 2 0 2 7 0 2 7 0 2 7 0 2 7 0 2 7 1 2 7 5 31 3 1 2 4 1 2 7 1 2 7 1 2 7 1 2 7 0 2 7 0 59.7211945056915283
0 2 7 17 18 2 17 9 2 0 2 7 17 18 2 0 2 7 0 2 7 17 9 2 0 2 7 0 2 7 5 31 3 0 2 7 1 2 7 0 2 7 5 31 3 12 16 2 1 2 7 0 2 7 1 2 7 0 2 7 1 2 7 17 18 2 0 2 7 13 6 3 1 2 7 13 6 3 17 18 2 12 16 2 1 2 7 1 2 7 12 16 2 12 16 2 1 2 7 13 6 3 0 2 7 0 2 7 0 2 7 1 2 7 1 2 7 0 2 7 1 2 7 0 2 7 1 2 7 1 2 7 0 2 7 0 2 7 16 6 2 0 2 7 0 2 7 0 2 7 0 2 7 0 2 7 1 2 4 5 31 3 1 2 7 1 2 7 1 2 7 1 2 4 1 2 4 0 2 7 0 59.7211945056915283
0 2 4 17 18 2 17 18 2 0 2 7 17 18 2 0 2 7 0 2 7 17 9 2 0 2 7 0 2 7 5 31 3 0 2 7 0 2 7 0 2 7 5 31 3 12 16 2 1 2 7 0 2 7 1 2 7 0 2 7 1 2 7 17 9 2 0 2 7 13 6 3 1 2 7 13 6 3 17 18 2 12 16 2 1 2 7 1 2 7 12 16 2 12 16 2 1 2 7 13 6 3 0 2 7 0 2 7 0 2 7 1 2 7 1 2 4 0 2 4 1 2 7 1 2 7 1 2 7 1 2 7 0 2 7 0 2 7 16 6 2 1 2 7 1 2 7 0 2 7 0 2 7 0 2 7 1 2 7 5 31 3 1 2 7 0 2 7 0 2 7 1 2 7 0 2 7 1 2 7 0 59.7211945056915283
0 2 7 17 18 2 17 18 2 1 2 7 17 18 2 0 2 4 0 2 7 17 9 2 0 2 7 1 2 7 5 31 3 0 2 7 0 2 7 0 2 7 5 31 3 12 16 2 1 2 7 0 2 7 1 2 7 0 2 7 1 2 7 17 9 2 0 2 7 13 6 3 1 2 7 13 6 3 17 18 2 12 16 2 1 2 7 1 2 7 12 16 2 12 16 2 1 2 7 13 6 3 0 2 7 0 2 7 0 2 7 0 2 7 1 2 7 0 2 4 1 2 7 1 2 7 1 2 7 1 2 7 0 2 7 0 2 7 16 6 2 0 2 7 0 2 7 0 2 7 0 2 7 0 2 7 1 2 7 5 31 3 1 2 7 0 2 7 1 2 7 1 2 7 1 2 7 0 2 4 0 59.7211945056915283
0 2 7 17 18 2 17 9 2 1 2 7 17 18 2 0 2 4 0 2 7 17 9 2 0 2 7 0 2 7 5 31 3 0 2 7 0 2 7 0 2 7 5 31 3 12 16 2 1 2 7 0 2 7 1 2 7 0 2 7 1 2 7 17 18 2 0 2 7 13 6 3 1 2 7 13 6 3 17 18 2 12 16 2 1 2 7 1 2 7 12 16 2 12 16 2 1 2 7 13 6 3 0 2 7 0 2 7 0 2 7 1 2 7 1 2 7 0 2 7 1 2 7 0 2 7 1 2 7 1 2 7 0 2 7 0 2 7 16 6 2 0 2 7 0 2 7 0 2 7 0 2 7 0 2 7 1 2 4 5 31 3 1 2 7 1 2 7 1 2 7 1 2 7 1 2 4 0 2 7 0 59.7211945056915283
0 2 7 17 18 2 17 18 2 1 2 7 17 18 2 0 2 7 0 2 7 17 9 2 1 2 7 1 2 7 5 31 3 0 2 4 0 2 7 0 2 7 5 31 3 12 16 2 1 2 7 0 2 7 1 2 7 0 2 7 1 2 7 17 18 2 0 2 7 13 6 3 1 2 7 13 6 3 17 18 2 12 16 2 1 2 7 1 2 7 12 16 2 12 16 2 1 2 7 13 6 3 0 2 7 0 2 7 0 2 7 1 2 7 1 2 7 0 2 7 1 2 7 0 2 7 1 2 7 1 2 7 0 2 7 0 2 7 16 6 2 0 2 7 0 2 7 0 2 7 0 2 7 0 2 7 1 2 7 5 31 3 0 2 4 1 2 7 0 2 7 1 2 7 1 2 7 0 2 4 0 59.7211945056915283
0 2 7 17 18 2 17 18 2 1 2 7 17 18 2 0 2 7 0 2 7 17 9 2 0 2 7 0 2 7 5 31 3 0 2 7 0 2 7 0 2 7 5 31 3 12 16 2 1 2 7 0 2 7 1 2 7 0 2 7 0 2 7 17 18 2 0 2 7 13 6 3 1 2 7 13 6 3 17 18 2 12 16 2 1 2 7 1 2 4 12 16 2 12 16 2 1 2 7 13 6 3 0 2 7 0 2 7 0 2 7 1 2 7 1 2 7 0 2 4 1 2 7 1 2 7 0 2 7 1 2 7 0 2 7 0 2 7 16 6 2 1 2 7 0 2 7 0 2 7 0 2 4 0 2 7 1 2 7 5 31 3 1 2 7 0 2 7 1 2 7 1 2 7 1 2 7 1 2 7 0 59.7211945056915283
0 2 7 17 18 2 17 9 2 0 2 7 17 18 2 0 2 7 0 2 7 17 9 2 0 2 7 1 2 7 5 31 3 0 2 7 1 2 7 0 2 4 5 31 3 12 16 2 1 2 7 0 2 7 1 2 7 0 2 7 1 2 7 17 9 2 0 2 7 13 6 3 1 2 7 13 6 3 17 18 2 12 16 2 0 2 7 1 2 7 12 16 2 12 16 2 1 2 7 13 6 3 0 2 4 0 2 7 0 2 7 1 2 7 1 2 7 0 2 7 1 2 4 1 2 7 1 2 7 1 2 7 0 2 7 0 2 7 16 6 2 0 2 7 0 2 7 0 2 7 0 2 7 0 2 7 1 2 7 5 31 3 1 2 7 1 2 7 0 2 7 1 2 7 1 2 7 0 2 7 0 59.7211945056915283
0 2 7 17 18 2 17 9 2 0 2 7 17 18 2 0 2 7 0 2 7 17 9 2 0 2 7 0 2 7 5 31 3 0 2 7 1 2 7 0 2 4 5 31 3 12 16 2 1 2 7 0 2 4 1 2 7 0 2 7 1 2 7 17 9 2 0 2 7 13 6 3 1 2 7 13 6 3 17 18 2 12 16 2 0 2 7 1 2 7 12 16 2 12 16 2 1 2 7 13 6 3 0 2 7 0 2 7 0 2 4 1 2 7 1 2 7 0 2 7 1 2 7 1 2 7 0 2 7 1 2 7 0 2 7 0 2 7 16 6 2 0 2 7 1 2 7 0 2 7 0 2 7 0 2 7 1 2 7 5 31 3 1 2 7 1 2 7 1 2 7 1 2 7 1 2 7 0 2 7 0 59.7211945056915283
0 2 4 17 18 2 17 9 2 0 2 7 17 18 2 0 2 7 0 2 7 17 9 2 0 2 7 1 2 7 5 31 3 0 2 7 0 2 7 0 2 7 5 31 3 12 16 2 1 2 7 0 2 7 1 2 7 0 2 7 1 2 7 17 9 2 0 2 7 13 6 3 1 2 7 13 6 3 17 18 2 12 16 2 1 2 7 1 2 7 12 16 2 12 16 2 1 2 7 13 6 3 0 2 7 0 2 7 0 2 7 1 2 7 1 2 7 0 2 7 1 2 7 0 2 7 1 2 7 1 2 7 0 2 7 0 2 7 16 6 2 0 2 7 0 2 7 0 2 7 0 2 7 0 2 7 1 2 4 5 31 3 1 2 4 1 2 7 0 2 7 1 2 7 1 2 7 1 2 7 0 59.7211945056915283
0 2 7 17 18 2 17 18 2 1 2 4 17 18 2 0 2 7 0 2 7 17 9 2 0 2 7 1 2 7 5 31 3 0 2 7 0 2 7 0 2 7 5 31 3 12 16 2 1 2 7 0 2 7 1 2 7 0 2 7 1 2 7 17 18 2 0 2 7 13 6 3 1 2 7 13 6 3 17 18 2 12 16 2 1 2 7 1 2 7 12 16 2 12 16 2 1 2 7 13 6 3 0 2 7 0 2 7 0 2 7 1 2 7 1 2 7 0 2 7 1 2 7 1 2 7 1 2 7 1 2 7 0 2 7 0 2 7 16 6 2 1 2 7 0 2 7 0 2 7 0 2 4 0 2 7 0 2 7 5 31 3 1 2 7 0 2 7 0 2 7 1 2 7 0 2 7 1 2 4 0 59.7211945056915283
0 2 7 17 18 2 17 9 2 0 2 7 17 18 2 0 2 7 0 2 7 17 9 2 0 2 7 0 2 7 5 31 3 0 2 7 1 2 7 0 2 7 5 31 3 12 16 2 1 2 7 0 2 7 1 2 7 0 2 7 1 2 7 17 18 2 0 2 7 13 6 3 1 2 7 13 6 3 17 18 2 12 16 2 1 2 7 1 2 7 12 16 2 12 16 2 1 2 7 13 6 3 0 2 7 0 2 7 0 2 7 1 2 7 1 2 7 0 2 7 1 2 7 0 2 7 1 2 7 1 2 7 0 2 7 0 2 7 16 6 2 0 2 7 0 2 7 0 2 7 0 2 7 0 2 7 1 2 4 5 31 3 1 2 7 1 2 7 1 2 7 1 2 4 1 2 4 0 2 7 0 59.7211945056915283
0 2 7 17 18 2 17 9 2 0 2 7 17 18 2 0 2 7 0 2 7 17 9 2 1 2 7 1 2 7 5 31 3 0 2 7 1 2 7 0 2 7 5 31 3 12 16 2 1 2 7 0 2 4 1 2 7 0 2 7 0 2 7 17 18 2 0 2 7 13 6 3 1 2 7 13 6 3 17 18 2 12 16 2 1 2 7 1 2 7 12 16 2 12 16 2 1 2 7 13 6 3 0 2 7 0 2 7 0 2 7 1 2 7 1 2 7 0 2 7 1 2 7 0 2 7 1 2 7 1 2 7 0 2 7 0 2 7 16 6 2 0 2 7 0 2 4 0 2 7 0 2 7 0 2 7 1 2 7 5 31 3 0 2 7 1 2 7 1 2 7 1 2 7 1 2 7 0 2 4 0 59.7211945056915283
0 2 7 17 18 2 17 18 2 1 2 7 17 18 2 0 2 7 1 2 7 17 9 2 1 2 4 0 2 4 5 31 3 0 2 7 1 2 7 1 2 7 5 31 3 12 16 2 1 2 7 0 2 7 0 2 7 0 2 7 0 2 7 17 9 2 0 2 4 13 6 3 1 2 7 13 6 3 17 18 2 12 16 2 1 2 7 1 2 7 12 16 2 12 16 2 1 2 7 13 6 3 0 2 7 0 2 7 0 2 7 0 2 7 1 2 7 0 2 7 1 2 7 1 2 7 1 2 7 1 2 7 0 2 7 0 2 7 16 6 2 1 2 7 0 2 7 0 2 7 0 2 7 0 2 7 1 2 7 5 31 3 0 2 7 0 2 7 0 2 7 1 2 7 1 2 7 0 2 7 0 59.7211945056915283
0 2 7 17 18 2 17 9 2 1 2 7 17 18 2 0 2 4 0 2 7 17 9 2 1 2 7 0 2 7 5 31 3 0 2 7 1 2 7 0 2 7 5 31 3 12 16 2 1 2 7 0 2 7 1 2 7 0 2 7 1 2 7 17 18 2 0 2 7 13 6 3 1 2 7 13 6 3 17 18 2 12 16 2 1 2 7 1 2 7 12 16 2 12 16 2 1 2 7 13 6 3 0 2 7 0 2 7 0 2 7 1 2 7 1 2 4 0 2 7 1 2 4 0 2 7 1 2 7 1 2 7 0 2 7 0 2 7 16 6 2 0 2 7 0 2 7 0 2 7 0 2 7 0 2 7 1 2 7 5 31 3 1 2 7 0 2 7 1 2 7 1 2 7 0 2 7 0 2 7 0 59.7211945056915283
0 2 7 17 18 2 17 9 2 1 2 7 17 18 2 0 2 7 0 2 7 17 9 2 1 2 7 1 2 7 5 31 3 0 2 4 1 2 7 0 2 7 5 31 3 12 16 2 1 2 7 0 2 7 0 2 7 0 2 7 1 2 7 17 9 2 0 2 4 13 6 3 1 2 7 13 6 3 17 18 2 12 16 2 1 2 7 1 2 7 12 16 2 12 16 2 1 2 7 13 6 3 0 2 7 0 2 7 0 2 7 1 2 7 1 2 7 0 2 7 1 2 7 1 2 7 1 2 4 1 2 7 0 2 7 0 2 7 16 6 2 0 2 7 0 2 7 0 2 7 0 2 7 0 2 7 1 2 7 5 31 3 1 2 7 0 2 7 0 2 7 1 2 7 0 2 7 0 2 7 0 59.7211945056915283
0 2 7 17 18 2 17 9 2 1 2 7 17 18 2 0 2 4 0 2 7 17 9 2 1 2 7 1 2 7 5 31 3 0 2 4 1 2 7 0 2 7 5 31 3 12 16 2 1 2 7 0 2 7 0 2 7 0 2 7 1 2 7 17 9 2 0 2 7 13 6 3 1 2 7 13 6 3 17 18 2 12 16 2 1 2 7 1 2 7 12 16 2 12 16 2 1 2 7 13 6 3 0 2 7 0 2 7 0 2 7 1 2 7 1 2 7 0 2 7 1 2 7 0 2 7 1 2 7 1 2 7 0 2 7 0 2 7 16 6 2 0 2 7 0 2 7 0 2 7 0 2 7 0 2 7 1 2 7 5 31 3 0 2 7 1 2 7 0 2 7 1 2 7 1 2 7 0 2 4 0 59.7211945056915283
0 2 7 17 18 2 17 18 2 1 2 7 17 18 2 0 2 7 0 2 7 17 9 2 1 2 7 1 2 7 5 31 3 0 2 7 0 2 7 0 2 7 5 31 3 12 16 2 1 2 7 0 2 4 1 2 7 0 2 7 0 2 7 17 18 2 0 2 7 13 6 3 1 2 7 13 6 3 17 18 2 12 16 2 1 2 7 1 2 7 12 16 2 12 16 2 1 2 7 13 6 3 0 2 7 0 2 7 0 2 7 0 2 7 1 2 7 0 2 7 0 2 7 1 2 7 1 2 4 1 2 7 0 2 7 0 2 7 16 6 2 1 2 7 0 2 4 0 2 7 0 2 7 0 2 7 1 2 7 5 31 3 0 2 7 1 2 7 1 2 7 1 2 7 1 2 7 0 2 7 0 59.7211945056915283
0 2 7 17 18 2 17 18 2 1 2 7 17 18 2 0 2 7 0 2 7 17 9 2 1 2 7 1 2 7 5 31 3 0 2 4 0 2 7 0 2 7 5 31 3 12 16 2 1 2 7 0 2 7 1 2 7 0 2 7 1 2 7 17 18 2 0 2 7 13 6 3 1 2 7 13 6 3 17 18 2 12 16 2 1 2 7 1 2 7 12 16 2 12 16 2 1 2 7 13 6 3 0 2 7 0 2 7 0 2 7 1 2 7 1 2 7 0 2 7 1 2 7 0 2 7 1 2 7 1 2 7 0 2 7 0 2 7 16 6 2 0 2 7 0 2 7 0 2 7 0 2 7 0 2 7 1 2 7 5 31 3 0 2 4 1 2 7 0 2 7 1 2 7 1 2 7 0 2 4 0 59.7211945056915283
0 2 7 17 18 2 17 9 2 0 2 7 17 18 2 0 2 4 0 2 7 17 9 2 1 2 7 0 2 7 5 31 3 0 2 7 1 2 7 0 2 7 5 31 3 12 16 2 1 2 7 0 2 7 1 2 7 0 2 7 1 2 7 17 9 2 0 2 7 13 6 3 1 2 7 13 6 3 17 18 2 12 16 2 1 2 7 1 2 7 12 16 2 12 16 2 1 2 7 13 6 3 0 2 7 0 2 7 0 2 7 1 2 7 1 2 4 0 2 7 1 2 4 1 2 7 1 2 7 1 2 7 0 2 7 0 2 7 16 6 2 0 2 7 0 2 7 0 2 7 0 2 7 0 2 7 1 2 7 5 31 3 1 2 7 0 2 7 1 2 7 1 2 7 0 2 7 0 2 7 0 59.7211945056915283
0 2 7 17 18 2 17 18 2 1 2 7 17 18 2 0 2 7 0 2 7 17 9 2 0 2 7 0 2 7 5 31 3 0 2 7 0 2 7 0 2 7 5 31 3 12 16 2 1 2 7 0 2 4 1 2 4 0 2 7 0 2 7 17 18 2 0 2 7 13 6 3 1 2 4 13 6 3 17 18 2 12 16 2 1 2 7 1 2 7 12 16 2 12 16 2 1 2 7 13 6 3 0 2 7 0 2 7 0 2 7 1 2 7 1 2 7 0 2 7 1 2 7 1 2 7 1 2 7 1 2 7 0 2 7 0 2 7 16 6 2 1 2 7 0 2 7 0 2 7 1 2 7 0 2 7 1 2 7 5 31 3 0 2 7 0 2 7 1 2 7 1 2 7 1 2 7 0 2 7 0 59.7211945056915283
0 2 7 17 18 2 17 9 2 0 2 7 17 18 2 0 2 7 0 2 7 17 9 2 1 2 7 1 2 7 5 31 3 0 2 7 0 2 7 0 2 7 5 31 3 12 16 2 1 2 7 0 2 7 1 2 7 0 2 7 1 2 7 17 18 2 0 2 7 13 6 3 1 2 4 13 6 3 17 18 2 12 16 2 1 2 4 1 2 7 12 16 2 12 16 2 1 2 7 13 6 3 0 2 7 0 2 7 0 2 7 0 2 7 1 2 7 0 2 7 1 2 7 1 2 7 1 2 4 1 2 7 0 2 7 0 2 7 16 6 2 0 2 7 0 2 7 0 2 7 0 2 7 0 2 7 1 2 7 5 31 3 1 2 7 1 2 7 1 2 7 1 2 7 0 2 7 0 2 7 0 59.7211945056915283
0 2 7 17 18 2 17 9 2 0 2 7 17 18 2 0 2 7 0 2 7 17 9 2 1 2 7 1 2 7 5 31 3 0 2 7 0 2 7 0 2 7 5 31 3 12 16 2 1 2 7 0 2 7 1 2 7 0 2 7 1 2 7 17 18 2 0 2 7 13 6 3 1 2 7 13 6 3 17 18 2 12 16 2 1 2 7 1 2 7 12 16 2 12 16 2 1 2 4 13 6 3 0 2 7 0 2 7 0 2 7 1 2 7 0 2 7 0 2 7 1 2 7 1 2 7 1 2 7 1 2 7 0 2 7 0 2 7 16 6 2 1 2 7 0 2 4 0 2 4 0 2 7 0 2 7 1 2 7 5 31 3 0 2 7 1 2 7 1 2 7 1 2 7 0 2 7 0 2 7 0 59.7211945056915283
0 2 7 17 18 2 17 9 2 1 2 7 17 18 2 0 2 7 0 2 7 17 9 2 1 2 7 0 2 7 5 31 3 0 2 7 0 2 7 0 2 7 5 31 3 12 16 2 1 2 7 0 2 4 1 2 4 0 2 7 1 2 7 17 18 2 0 2 7 13 6 3 1 2 7 13 6 3 17 18 2 12 16 2 0 2 7 1 2 7 12 16 2 12 16 2 1 2 7 13 6 3 0 2 7 0 2 7 0 2 7 0 2 7 1 2 7 0 2 7 1 2 7 1 2 7 1 2 4 1 2 7 0 2 7 0 2 7 16 6 2 0 2 7 0 2 7 0 2 7 0 2 7 0 2 7 1 2 7 5 31 3 1 2 7 1 2 7 1 2 7 1 2 7 1 2 7 0 2 7 0 59.7211945056915283
1 2 7 17 18 2 17 9 2 1 2 7 17 18 2 0 2 7 0 2 7 17 9 2 1 2 7 0 2 7 5 31 3 0 2 7 0 2 7 0 2 7 5 31 3 12 16 2 1 2 7 0 2 4 0 2 4 0 2 7 1 2 7 17 18 2 0 2 4 13 6 3 1 2 7 13 6 3 17 18 2 12 16 2 0 2 7 1 2 7 12 16 2 12 16 2 1 2 7 13 6 3 0 2 7 0 2 7 0 2 7 0 2 7 1 2 7 0 2 7 1 2 7 1 2 7 1 2 7 1 2 7 0 2 7 0 2 7 16 6 2 0 2 7 0 2 7 0 2 7 0 2 7 0 2 7 1 2 7 5 31 3 1 2 7 1 2 7 1 2 7 1 2 7 1 2 7 0 2 7 0 59.7211945056915283
0 2 7 17 18 2 17 9 2 1 2 7 17 18 2 0 2 7 0 2 7 17 9 2 1 2 7 1 2 7 5 31 3 0 2 4 1 2 7 0 2 7 5 31 3 12 16 2 1 2 7 0 2 7 1 2 7 0 2 7 1 2 7 17 9 2 0 2 7 13 6 3 1 2 7 13 6 3 17 18 2 12 16 2 1 2 7 1 2 7 12 16 2 12 16 2 1 2 4 13 6 3 0 2 7 0 2 7 0 2 7 1 2 7 0 2 7 0 2 7 1 2 7 0 2 7 1 2 7 1 2 7 0 2 7 0 2 7 16 6 2 0 2 7 0 2 7 0 2 4 0 2 7 0 2 7 1 2 7 5 31 3 0 2 7 1 2 7 1 2 7 1 2 7 0 2 7 0 2 7 0 59.7211945056915283
0 2 7 17 18 2 17 9 2 1 2 4 17 18 2 0 2 7 0 2 7 17 9 2 1 2 7 1 2 7 5 31 3 0 2 4 1 2 7 0 2 7 5 31 3 12 16 2 1 2 7 0 2 7 1 2 7 0 2 7 1 2 7 17 9 2 0 2 7 13 6 3 1 2 7 13 6 3 17 18 2 12 16 2 1 2 7 1 2 7 12 16 2 12 16 2 1 2 7 13 6 3 0 2 7 0 2 7 0 2 7 1 2 7 1 2 7 0 2 7 1 2 7 0 2 7 1 2 4 1 2 7 0 2 7 0 2 7 16 6 2 0 2 7 0 2 7 0 2 7 0 2 7 0 2 7 1 2 7 5 31 3 0 2 7 0 2 7 0 2 7 1 2 7 1 2 7 0 2 7 0 59.7211945056915283
0 2 7 17 18 2 17 9 2 0 2 7 17 18 2 0 2 7 0 2 4 17 9 2 1 2 7 0 2 7 5 31 3 0 2 7 1 2 7 0 2 7 5 31 3 12 16 2 1 2 7 0 2 7 1 2 7 0 2 7 1 2 7 17 9 2 0 2 7 13 6 3 1 2 7 13 6 3 17 18 2 12 16 2 1 2 7 1 2 7 12 16 2 12 16 2 1 2 7 13 6 3 0 2 7 0 2 7 0 2 7 1 2 7 1 2 7 0 2 7 1 2 7 0 2 7 1 2 7 1 2 7 0 2 7 0 2 7 16 6 2 0 2 7 0 2 7 0 2 4 0 2 7 0 2 7 1 2 7 5 31 3 1 2 7 1 2 7 0 2 4 1 2 7 1 2 7 0 2 7 0 59.7211945056915283
0 2 7 17 18 2 17 18 2 1 2 7 17 18 2 0 2 7 0 2 7 17 9 2 1 2 7 1 2 7 5 31 3 0 2 7 0 2 7 0 2 7 5 31 3 12 16 2 1 2 7 0 2 4 1 2 7 0 2 7 0 2 7 17 18 2 0 2 7 13 6 3 1 2 7 13 6 3 17 18 2 12 16 2 1 2 7 1 2 7 12 16 2 12 16 2 1 2 7 13 6 3 0 2 7 0 2 7 0 2 7 0 2 7 1 2 7 0 2 7 0 2 7 1 2 7 1 2 4 1 2 7 0 2 7 0 2 7 16 6 2 1 2 7 0 2 4 0 2 7 0 2 7 0 2 7 1 2 7 5 31 3 0 2 7 1 2 7 1 2 7 1 2 7 1 2 7 0 2 7 0 59.7211945056915283
0 2 7 17 18 2 17 18 2 0 2 7 17 18 2 0 2 7 0 2 4 17 9 2 1 2 7 1 2 7 5 31 3 0 2 4 0 2 7 0 2 7 5 31 3 12 16 2 1 2 7 0 2 7 1 2 7 0 2 7 1 2 7 17 18 2 0 2 7 13 6 3 1 2 7 13 6 3 17 18 2 12 16 2 1 2 7 1 2 7 12 16 2 12 16 2 1 2 7 13 6 3 0 2 7 0 2 7 0 2 7 1 2 7 1 2 7 0 2 7 1 2 7 0 2 7 1 2 7 1 2 7 0 2 7 0 2 7 16 6 2 0 2 7 0 2 7 1 2 7 0 2 4 0 2 7 1 2 7 5 31 3 0 2 7 1 2 7 0 2 7 1 2 7 1 2 7 0 2 7 0 59.7211945056915283
0 2 7 17 18 2 17 18 2 0 2 7 17 18 2 0 2 7 0 2 7 17 9 2 1 2 7 0 2 7 5 31 3 0 2 7 0 2 7 0 2 7 5 31 3 12 16 2 1 2 7 0 2 7 1 2 7 0 2 7 1 2 7 17 18 2 0 2 7 13 6 3 1 2 7 13 6 3 17 18 2 12 16 2 1 2 4 1 2 7 12 16 2 12 16 2 1 2 7 13 6 3 0 2 7 1 2 7 0 2 7 0 2 7 1 2 7 0 2 7 0 2 7 1 2 7 1 2 4 1 2 7 0 2 7 0 2 7 16 6 2 0 2 7 0 2 4 0 2 7 0 2 7 0 2 7 1 2 7 5 31 3 1 2 7 1 2 7 1 2 7 1 2 7 1 2 7 0 2 7 0 59.7211945056915283
0 2 7 17 18 2 17 9 2 0 2 7 17 18 2 0 2 7 0 2 7 17 9 2 1 2 7 0 2 7 5 31 3 0 2 7 0 2 7 0 2 7 5 31 3 12 16 2 1 2 7 0 2 7 1 2 7 0 2 7 1 2 7 17 18 2 0 2 7 13 6 3 1 2 4 13 6 3 17 18 2 12 16 2 1 2 7 1 2 7 12 16 2 12 16 2 1 2 7 13 6 3 0 2 7 1 2 7 0 2 7 0 2 7 1 2 7 0 2 7 0 2 7 1 2 7 1 2 7 1 2 7 0 2 7 1 2 7 16 6 2 0 2 7 0 2 7 0 2 7 0 2 7 0 2 7 0 2 7 5 31 3 1 2 7 1 2 7 1 2 4 1 2 7 1 2 4 0 2 7 0 59.7211945056915283
0 2 7 17 18 2 17 9 2 0 2 7 17 18 2 0 2 7 0 2 4 17 9 2 1 2 7 0 2 7 5 31 3 0 2 7 1 2 7 0 2 7 5 31 3 12 16 2 1 2 7 0 2 7 1 2 7 0 2 7 1 2 7 17 18 2 0 2 7 13 6 3 1 2 7 13 6 3 17 18 2 12 16 2 1 2 7 1 2 7 12 16 2 12 16 2 1 2 7 13 6 3 0 2 7 0 2 7 1 2 7 0 2 7 1 2 7 0 2 7 1 2 7 0 2 7 1 2 7 1 2 7 0 2 4 0 2 7 16 6 2 0 2 7 0 2 7 1 2 7 0 2 7 0 2 4 1 2 7 5 31 3 1 2 7 1 2 7 0 2 7 1 2 7 0 2 7 0 2 7 0 59.7211945056915283
0 2 7 17 18 2 17 9 2 0 2 7 17 18 2 0 2 7 0 2 7 17 9 2 1 2 7 0 2 7 5 31 3 0 2 7 0 2 7 0 2 7 5 31 3 12 16 2 1 2 7 0 2 7 1 2 7 0 2 7 1 2 7 17 18 2 0 2 7 13 6 3 1 2 7 13 6 3 17 18 2 12 16 2 1 2 7 1 2 7 12 16 2 12 16 2 1 2 7 13 6 3 0 2 7 1 2 7 0 2 7 1 2 7 1 2 7 0 2 7 0 2 7 1 2 7 1 2 7 1 2 7 0 2 7 0 2 7 16 6 2 0 2 7 0 2 7 0 2 7 0 2 7 0 2 4 0 2 7 5 31 3 1 2 7 1 2 7 1 2 4 1 2 7 1 2 4 0 2 7 0 59.7211945056915283
0 2 7 17 18 2 17 9 2 0 2 7 17 18 2 0 2 7 0 2 7 17 9 2 1 2 7 0 2 7 5 31 3 0 2 7 0 2 7 0 2 7 5 31 3 12 16 2 1 2 7 0 2 7 1 2 7 0 2 7 1 2 7 17 18 2 0 2 4 13 6 3 1 2 7 13 6 3 17 18 2 12 16 2 1 2 4 1 2 7 12 16 2 12 16 2 1 2 7 13 6 3 0 2 7 0 2 7 0 2 7 1 2 7 1 2 7 0 2 7 1 2 7 1 2 7 1 2 7 1 2 7 0 2 7 0 2 7 16 6 2 0 2 7 0 2 7 0 2 7 0 2 7 0 2 4 1 2 7 5 31 3 1 2 7 1 2 7 1 2 7 0 2 7 1 2 7 0 2 7 0 59.7211945056915283
0 2 7 17 18 2 17 18 2 0 2 7 17 18 2 0 2 7 0 2 7 17 9 2 1 2 7 0 2 7 5 31 3 0 2 7 0 2 7 0 2 7 5 31 3 12 16 2 1 2 7 0 2 7 1 2 7 0 2 7 1 2 7 17 18 2 0 2 7 13 6 3 1 2 7 13 6 3 17 18 2 12 16 2 1 2 4 1 2 7 12 16 2 12 16 2 1 2 7 13 6 3 0 2 7 1 2 7 0 2 7 0 2 7 1 2 7 0 2 7 0 2 7 1 2 7 1 2 4 1 2 7 0 2 7 0 2 7 16 6 2 0 2 7 0 2 4 0 2 7 0 2 7 0 2 7 1 2 7 5 31 3 1 2 7 1 2 7 1 2 7 1 2 7 1 2 7 0 2 7 0 59.7211945056915283
0 2 7 17 18 2 17 18 2 0 2 7 17 18 2 0 2 7 0 2 7 17 9 2 1 2 7 0 2 7 5 31 3 0 2 7 0 2 7 0 2 7 5 31 3 12 16 2 1 2 7 0 2 7 1 2 7 0 2 7 1 2 7 17 18 2 0 2 7 13 6 3 1 2 7 13 6 3 17 18 2 12 16 2 1 2 4 1 2 7 12 16 2 12 16 2 1 2 7 13 6 3 0 2 7 1 2 7 0 2 7 0 2 7 1 2 7 0 2 7 0 2 7 1 2 7 1 2 7 1 2 7 0 2 7 0 2 7 16 6 2 0 2 4 0 2 4 0 2 7 0 2 7 0 2 7 1 2 7 5 31 3 1 2 7 1 2 7 1 2 7 1 2 7 1 2 7 0 2 7 0 59.7211945056915283
0 2 7 17 18 2 17 9 2 0 2 7 17 18 2 0 2 7 0 2 4 17 9 2 1 2 7 0 2 7 5 31 3 0 2 7 1 2 7 0 2 7 5 31 3 12 16 2 1 2 7 0 2 7 1 2 7 0 2 7 1 2 7 17 9 2 0 2 7 13 6 3 1 2 7 13 6 3 17 18 2 12 16 2 1 2 7 1 2 7 12 16 2 12 16 2 1 2 7 13 6 3 0 2 7 0 2 7 0 2 7 1 2 7 1 2 7 0 2 7 1 2 7 0 2 7 1 2 7 1 2 7 0 2 7 0 2 7 16 6 2 0 2 7 0 2 7 0 2 4 0 2 7 0 2 7 1 2 7 5 31 3 1 2 7 1 2 7 0 2 4 1 2 7 1 2 7 0 2 7 0 59.7211945056915283
0 2 7 17 18 2 17 9 2 0 2 7 17 18 2 0 2 7 0 2 7 17 9 2 1 2 7 0 2 7 5 31 3 0 2 7 0 2 7 0 2 7 5 31 3 12 16 2 0 2 7 0 2 7 1 2 7 0 2 7 0 2 7 17 9 2 0 2 7 13 6 3 1 2 4 13 6 3 17 18 2 12 16 2 1 2 7 1 2 7 12 16 2 12 16 2 1 2 7 13 6 3 0 2 7 0 2 7 0 2 7 1 2 7 1 2 7 0 2 7 1 2 7 1 2 7 1 2 4 1 2 7 0 2 7 0 2 7 16 6 2 0 2 7 0 2 7 1 2 7 0 2 7 0 2 4 1 2 7 5 31 3 1 2 7 1 2 7 1 2 7 1 2 7 1 2 7 0 2 7 0 59.7211945056915283
0 2 7 17 18 2 17 18 2 0 2 7 17 18 2 0 2 7 0 2 4 17 9 2 1 2 7 0 2 7 5 31 3 0 2 7 1 2 7 0 2 7 5 31 3 12 16 2 1 2 7 0 2 4 1 2 7 0 2 7 1 2 7 17 18 2 0 2 7 13 6 3 1 2 7 13 6 3 17 18 2 12 16 2 1 2 7 1 2 7 12 16 2 12 16 2 1 2 7 13 6 3 0 2 7 1 2 7 0 2 7 0 2 7 1 2 7 0 2 7 0 2 7 1 2 7 1 2 7 1 2 7 0 2 7 0 2 7 16 6 2 0 2 7 0 2 4 1 2 7 0 2 7 0 2 7 1 2 7 5 31 3 1 2 7 1 2 7 0 2 7 1 2 7 0 2 7 0 2 7 0 59.7211945056915283
0 2 7 17 18 2 17 9 2 1 2 7 17 18 2 0 2 7 0 2 7 17 9 2 1 2 7 0 2 7 5 31 3 0 2 4 1 2 7 0 2 7 5 31 3 12 16 2 1 2 7 0 2 7 1 2 7 0 2 7 1 2 7 17 9 2 0 2 7 13 6 3 1 2 7 13 6 3 17 18 2 12 16 2 1 2 7 1 2 7 12 16 2 12 16 2 1 2 7 13 6 3 0 2 7 0 2 7 0 2 7 0 2 7 1 2 7 0 2 7 1 2 7 1 2 7 1 2 4 1 2 7 0 2 7 0 2 7 16 6 2 0 2 7 0 2 7 0 2 7 0 2 7 0 2 4 1 2 7 5 31 3 1 2 7 0 2 7 0 2 7 1 2 7 1 2 7 0 2 7 0 59.7211945056915283
0 2 7 17 18 2 17 9 2 1 2 7 17 18 2 0 2 7 0 2 7 17 9 2 1 2 7 0 2 7 5 31 3 0 2 7 1 2 7 0 2 7 5 31 3 12 16 2 1 2 7 0 2 7 1 2 7 0 2 7 1 2 7 17 18 2 0 2 7 13 6 3 1 2 7 13 6 3 17 18 2 12 16 2 1 2 4 1 2 7 12 16 2 12 16 2 1 2 7 13 6 3 0 2 7 0 2 7 0 2 7 0 2 7 1 2 7 0 2 7 1 2 7 1 2 4 1 2 7 1 2 4 0 2 7 0 2 7 16 6 2 0 2 7 0 2 7 0 2 7 0 2 7 0 2 7 0 2 7 5 31 3 1 2 7 1 2 7 0 2 7 1 2 7 1 2 7 0 2 7 0 59.7211945056915283
0 2 7 17 18 2 17 9 2 1 2 7 17 18 2 0 2 7 0 2 7 17 9 2 1 2 7 0 2 7 5 31 3 0 2 4 1 2 7 0 2 7 5 31 3 12 16 2 1 2 7 1 2 4 1 2 7 0 2 7 1 2 7 17 18 2 0 2 7 13 6 3 1 2 7 13 6 3 17 18 2 12 16 2 1 2 7 1 2 7 12 16 2 12 16 2 1 2 7 13 6 3 0 2 7 0 2 7 0 2 7 0 2 7 1 2 7 0 2 7 1 2 7 1 2 7 1 2 4 1 2 7 0 2 7 0 2 7 16 6 2 0 2 7 0 2 7 0 2 7 0 2 7 0 2 7 1 2 7 5 31 3 1 2 7 0 2 7 0 2 7 1 2 7 0 2 7 0 2 7 0 59.7211945056915283
0 2 7 17 18 2 17 9 2 1 2 4 17 18 2 0 2 7 0 2 4 17 9 2 1 2 7 0 2 7 5 31 3 0 2 7 1 2 7 0 2 7 5 31 3 12 16 2 1 2 7 0 2 7 1 2 7 0 2 7 1 2 7 17 18 2 0 2 7 13 6 3 1 2 7 13 6 3 17 18 2 12 16 2 1 2 7 1 2 7 12 16 2 12 16 2 1 2 7 13 6 3 0 2 7 0 2 7 1 2 7 0 2 7 1 2 7 0 2 7 1 2 7 0 2 7 1 2 7 1 2 7 0 2 7 0 2 7 16 6 2 0 2 7 0 2 7 1 2 7 0 2 7 0 2 4 1 2 7 5 31 3 1 2 7 0 2 7 0 2 7 1 2 7 0 2 7 0 2 7 0 59.7211945056915283
0 2 4 17 18 2 17 9 2 0 2 7 17 18 2 0 2 7 0 2 7 17 9 2 1 2 7 0 2 7 5 31 3 0 2 7 1 2 7 0 2 7 5 31 3 12 16 2 1 2 7 0 2 4 1 2 7 0 2 7 1 2 7 17 9 2 0 2 7 13 6 3 1 2 7 13 6 3 17 18 2 12 16 2 1 2 7 1 2 7 12 16 2 12 16 2 1 2 7 13 6 3 0 2 7 0 2 7 1 2 7 0 2 7 1 2 7 0 2 7 1 2 7 0 2 7 1 2 7 1 2 7 0 2 7 0 2 7 16 6 2 0 2 7 0 2 7 1 2 7 0 2 7 0 2 7 1 2 4 5 31 3 1 2 7 1 2 7 0 2 7 1 2 7 0 2 7 0 2 7 0 59.7211945056915283
0 2 7 17 18 2 17 9 2 0 2 7 17 18 2 0 2 7 0 2 4 17 9 2 1 2 7 0 2 7 5 31 3 0 2 7 1 2 7 0 2 7 5 31 3 12 16 2 1 2 7 0 2 7 1 2 7 0 2 7 1 2 7 17 18 2 0 2 7 13 6 3 1 2 7 13 6 3 17 18 2 12 16 2 1 2 7 1 2 7 12 16 2 12 16 2 1 2 7 13 6 3 0 2 7 0 2 7 1 2 7 0 2 7 1 2 7 0 2 7 1 2 7 0 2 7 1 2 7 1 2 7 0 2 4 0 2 7 16 6 2 0 2 7 0 2 7 1 2 7 0 2 7 0 2 4 1 2 7 5 31 3 1 2 7 1 2 7 0 2 7 1 2 7 0 2 7 0 2 7 0 59.7211945056915283
0 2 7 17 18 2 17 18 2 0 2 7 17 18 2 1 2 7 0 2 7 17 9 2 1 2 7 0 2 7 5 31 3 0 2 7 1 2 7 0 2 7 5 31 3 12 16 2 1 2 7 1 2 7 1 2 7 0 2 7 1 2 7 17 18 2 0 2 7 13 6 3 1 2 7 13 6 3 17 18 2 12 16 2 1 2 7 1 2 7 12 16 2 12 16 2 1 2 7 13 6 3 0 2 7 0 2 7 0 2 7 0 2 7 1 2 7 0 2 7 1 2 7 0 2 7 1 2 4 1 2 7 0 2 7 0 2 7 16 6 2 0 2 7 1 2 7 0 2 7 0 2 7 0 2 7 1 2 7 5 31 3 1 2 7 0 2 7 0 2 4 1 2 4 0 2 7 0 2 7 0 59.7211945056915283
0 2 7 17 18 2 17 18 2 1 2 7 17 18 2 0 2 7 0 2 7 17 9 2 1 2 7 0 2 7 5 31 3 0 2 7 1 2 7 0 2 7 5 31 3 12 16 2 1 2 7 1 2 7 0 2 7 0 2 7 1 2 7 17 18 2 0 2 7 13 6 3 1 2 7 13 6 3 17 18 2 12 16 2 1 2 7 1 2 7 12 16 2 12 16 2 1 2 7 13 6 3 0 2 7 0 2 7 0 2 7 0 2 7 1 2 7 0 2 7 1 2 7 1 2 7 1 2 4 1 2 7 0 2 7 0 2 7 16 6 2 0 2 7 0 2 7 0 2 7 1 2 7 0 2 7 1 2 7 5 31 3 1 2 7 0 2 7 0 2 7 1 2 7 0 2 4 0 2 4 0 59.7211945056915283
0 2 7 17 18 2 17 18 2 0 2 7 17 18 2 0 2 7 0 2 4 17 9 2 1 2 7 0 2 7 5 31 3 0 2 7 1 2 7 0 2 7 5 31 3 12 16 2 1 2 7 0 2 4 1 2 7 0 2 7 1 2 7 17 18 2 0 2 7 13 6 3 1 2 7 13 6 3 17 18 2 12 16 2 1 2 7 1 2 7 12 16 2 12 16 2 1 2 7 13 6 3 0 2 7 1 2 7 0 2 7 0 2 7 1 2 7 0 2 7 0 2 7 1 2 7 1 2 7 1 2 7 0 2 7 0 2 7 16 6 2 0 2 7 0 2 4 1 2 7 0 2 7 0 2 7 1 2 7 5 31 3 1 2 7 1 2 7 0 2 7 1 2 7 0 2 7 0 2 7 0 59.7211945056915283
0 2 7 17 18 2 17 9 2 0 2 7 17 18 2 0 2 7 0 2 7 17 9 2 1 2 4 0 2 7 5 31 3 0 2 7 0 2 7 0 2 7 5 31 3 12 16 2 1 2 7 0 2 7 1 2 7 0 2 7 1 2 7 17 9 2 0 2 7 13 6 3 1 2 7 13 6 3 17 18 2 12 16 2 1 2 7 1 2 7 12 16 2 12 16 2 1 2 7 13 6 3 0 2 7 0 2 7 0 2 7 0 2 7 1 2 7 0 2 7 0 2 7 1 2 7 1 2 4 1 2 7 0 2 7 0 2 7 16 6 2 0 2 7 0 2 7 0 2 4 1 2 7 0 2 7 1 2 7 5 31 3 1 2 7 1 2 7 1 2 7 1 2 7 1 2 7 0 2 7 0 59.7211945056915283
0 2 7 17 18 2 17 9 2 0 2 7 17 18 2 0 2 7 0 2 4 17 9 2 1 2 7 0 2 7 5 31 3 0 2 7 1 2 7 0 2 7 5 31 3 12 16 2 1 2 7 0 2 7 1 2 7 0 2 7 1 2 7 17 9 2 0 2 7 13 6 3 1 2 7 13 6 3 17 18 2 12 16 2 1 2 7 1 2 7 12 16 2 12 16 2 1 2 7 13 6 3 0 2 7 0 2 7 0 2 7 1 2 7 1 2 7 0 2 7 1 2 7 0 2 7 1 2 7 1 2 7 0 2 7 0 2 7 16 6 2 0 2 7 0 2 7 0 2 4 0 2 7 0 2 7 1 2 7 5 31 3 1 2 7 1 2 7 0 2 4 1 2 7 1 2 7 0 2 7 0 59.7211945056915283
MonoObjective Genetic Algorithm
Number of Evaluations = 0
Mutation Probability = 0
Crossover Probability = 1
Population Size = 10
Survival Selection Type = 15
Time =  18008.101588010788
0 2 7 17 18 2 17 9 2 1 2 7 17 18 2 0 2 7 0 2 7 17 9 2 1 2 7 0 2 7 5 31 3 0 2 7 1 2 7 0 2 7 5 31 3 12 16 2 1 2 7 0 2 7 1 2 7 0 2 7 1 2 7 17 18 2 0 2 7 13 6 3 1 2 7 13 6 3 17 18 2 12 16 2 1 2 4 1 2 7 12 16 2 12 16 2 1 2 7 13 6 3 0 2 7 0 2 7 0 2 7 0 2 7 1 2 7 0 2 7 1 2 7 1 2 4 1 2 7 1 2 4 0 2 7 0 2 7 16 6 2 0 2 7 0 2 7 0 2 7 0 2 7 0 2 7 0 2 7 5 31 3 1 2 7 1 2 7 0 2 7 1 2 7 1 2 7 0 2 7 0 59.7211945056915283
0 2 7 17 18 2 17 9 2 1 2 7 17 18 2 0 2 7 0 2 7 17 9 2 1 2 7 0 2 7 5 31 3 0 2 4 1 2 7 0 2 7 5 31 3 12 16 2 1 2 7 1 2 4 1 2 7 0 2 7 1 2 7 17 18 2 0 2 7 13 6 3 1 2 7 13 6 3 17 18 2 12 16 2 1 2 7 1 2 7 12 16 2 12 16 2 1 2 7 13 6 3 0 2 7 0 2 7 0 2 7 0 2 7 1 2 7 0 2 7 1 2 7 1 2 7 1 2 4 1 2 7 0 2 7 0 2 7 16 6 2 0 2 7 0 2 7 0 2 7 0 2 7 0 2 7 1 2 7 5 31 3 1 2 7 0 2 7 0 2 7 1 2 7 0 2 7 0 2 7 0 59.7211945056915283
0 2 7 17 18 2 17 9 2 1 2 4 17 18 2 0 2 7 0 2 4 17 9 2 1 2 7 0 2 7 5 31 3 0 2 7 1 2 7 0 2 7 5 31 3 12 16 2 1 2 7 0 2 7 1 2 7 0 2 7 1 2 7 17 18 2 0 2 7 13 6 3 1 2 7 13 6 3 17 18 2 12 16 2 1 2 7 1 2 7 12 16 2 12 16 2 1 2 7 13 6 3 0 2 7 0 2 7 1 2 7 0 2 7 1 2 7 0 2 7 1 2 7 0 2 7 1 2 7 1 2 7 0 2 7 0 2 7 16 6 2 0 2 7 0 2 7 1 2 7 0 2 7 0 2 4 1 2 7 5 31 3 1 2 7 0 2 7 0 2 7 1 2 7 0 2 7 0 2 7 0 59.7211945056915283
0 2 4 17 18 2 17 9 2 0 2 7 17 18 2 0 2 7 0 2 7 17 9 2 1 2 7 0 2 7 5 31 3 0 2 7 1 2 7 0 2 7 5 31 3 12 16 2 1 2 7 0 2 4 1 2 7 0 2 7 1 2 7 17 9 2 0 2 7 13 6 3 1 2 7 13 6 3 17 18 2 12 16 2 1 2 7 1 2 7 12 16 2 12 16 2 1 2 7 13 6 3 0 2 7 0 2 7 1 2 7 0 2 7 1 2 7 0 2 7 1 2 7 0 2 7 1 2 7 1 2 7 0 2 7 0 2 7 16 6 2 0 2 7 0 2 7 1 2 7 0 2 7 0 2 7 1 2 4 5 31 3 1 2 7 1 2 7 0 2 7 1 2 7 0 2 7 0 2 7 0 59.7211945056915283
0 2 7 17 18 2 17 9 2 0 2 7 17 18 2 0 2 7 0 2 4 17 9 2 1 2 7 0 2 7 5 31 3 0 2 7 1 2 7 0 2 7 5 31 3 12 16 2 1 2 7 0 2 7 1 2 7 0 2 7 1 2 7 17 18 2 0 2 7 13 6 3 1 2 7 13 6 3 17 18 2 12 16 2 1 2 7 1 2 7 12 16 2 12 16 2 1 2 7 13 6 3 0 2 7 0 2 7 1 2 7 0 2 7 1 2 7 0 2 7 1 2 7 0 2 7 1 2 7 1 2 7 0 2 4 0 2 7 16 6 2 0 2 7 0 2 7 1 2 7 0 2 7 0 2 4 1 2 7 5 31 3 1 2 7 1 2 7 0 2 7 1 2 7 0 2 7 0 2 7 0 59.7211945056915283
0 2 7 17 18 2 17 18 2 0 2 7 17 18 2 1 2 7 0 2 7 17 9 2 1 2 7 0 2 7 5 31 3 0 2 7 1 2 7 0 2 7 5 31 3 12 16 2 1 2 7 1 2 7 1 2 7 0 2 7 1 2 7 17 18 2 0 2 7 13 6 3 1 2 7 13 6 3 17 18 2 12 16 2 1 2 7 1 2 7 12 16 2 12 16 2 1 2 7 13 6 3 0 2 7 0 2 7 0 2 7 0 2 7 1 2 7 0 2 7 1 2 7 0 2 7 1 2 4 1 2 7 0 2 7 0 2 7 16 6 2 0 2 7 1 2 7 0 2 7 0 2 7 0 2 7 1 2 7 5 31 3 1 2 7 0 2 7 0 2 4 1 2 4 0 2 7 0 2 7 0 59.7211945056915283
0 2 7 17 18 2 17 18 2 1 2 7 17 18 2 0 2 7 0 2 7 17 9 2 1 2 7 0 2 7 5 31 3 0 2 7 1 2 7 0 2 7 5 31 3 12 16 2 1 2 7 1 2 7 0 2 7 0 2 7 1 2 7 17 18 2 0 2 7 13 6 3 1 2 7 13 6 3 17 18 2 12 16 2 1 2 7 1 2 7 12 16 2 12 16 2 1 2 7 13 6 3 0 2 7 0 2 7 0 2 7 0 2 7 1 2 7 0 2 7 1 2 7 1 2 7 1 2 4 1 2 7 0 2 7 0 2 7 16 6 2 0 2 7 0 2 7 0 2 7 1 2 7 0 2 7 1 2 7 5 31 3 1 2 7 0 2 7 0 2 7 1 2 7 0 2 4 0 2 4 0 59.7211945056915283
0 2 7 17 18 2 17 18 2 0 2 7 17 18 2 0 2 7 0 2 4 17 9 2 1 2 7 0 2 7 5 31 3 0 2 7 1 2 7 0 2 7 5 31 3 12 16 2 1 2 7 0 2 4 1 2 7 0 2 7 1 2 7 17 18 2 0 2 7 13 6 3 1 2 7 13 6 3 17 18 2 12 16 2 1 2 7 1 2 7 12 16 2 12 16 2 1 2 7 13 6 3 0 2 7 1 2 7 0 2 7 0 2 7 1 2 7 0 2 7 0 2 7 1 2 7 1 2 7 1 2 7 0 2 7 0 2 7 16 6 2 0 2 7 0 2 4 1 2 7 0 2 7 0 2 7 1 2 7 5 31 3 1 2 7 1 2 7 0 2 7 1 2 7 0 2 7 0 2 7 0 59.7211945056915283
0 2 7 17 18 2 17 9 2 0 2 7 17 18 2 0 2 7 0 2 7 17 9 2 1 2 4 0 2 7 5 31 3 0 2 7 0 2 7 0 2 7 5 31 3 12 16 2 1 2 7 0 2 7 1 2 7 0 2 7 1 2 7 17 9 2 0 2 7 13 6 3 1 2 7 13 6 3 17 18 2 12 16 2 1 2 7 1 2 7 12 16 2 12 16 2 1 2 7 13 6 3 0 2 7 0 2 7 0 2 7 0 2 7 1 2 7 0 2 7 0 2 7 1 2 7 1 2 4 1 2 7 0 2 7 0 2 7 16 6 2 0 2 7 0 2 7 0 2 4 1 2 7 0 2 7 1 2 7 5 31 3 1 2 7 1 2 7 1 2 7 1 2 7 1 2 7 0 2 7 0 59.7211945056915283
0 2 7 17 18 2 17 9 2 0 2 7 17 18 2 0 2 7 0 2 4 17 9 2 1 2 7 0 2 7 5 31 3 0 2 7 1 2 7 0 2 7 5 31 3 12 16 2 1 2 7 0 2 7 1 2 7 0 2 7 1 2 7 17 9 2 0 2 7 13 6 3 1 2 7 13 6 3 17 18 2 12 16 2 1 2 7 1 2 7 12 16 2 12 16 2 1 2 7 13 6 3 0 2 7 0 2 7 0 2 7 1 2 7 1 2 7 0 2 7 1 2 7 0 2 7 1 2 7 1 2 7 0 2 7 0 2 7 16 6 2 0 2 7 0 2 7 0 2 4 0 2 7 0 2 7 1 2 7 5 31 3 1 2 7 1 2 7 0 2 4 1 2 7 1 2 7 0 2 7 0 59.7211945056915283
