5 31 3 5 30 3 16 6 2 0 2 7 12 16 2 17 18 2 1 2 7 17 18 2 0 2 7 5 30 3 12 16 2 12 16 2 5 30 3 0 2 7 5 30 3 1 2 7 0 2 7 0 2 7 1 2 7 13 6 3 0 2 7 1 2 7 0 2 7 0 2 7 0 2 7 0 2 7 0 2 7 5 30 3 0 2 7 0 2 7 0 2 7 0 2 7 0 2 7 0 2 7 0 2 7 5 31 3 1 2 7 0 2 7 0 2 7 1 2 7 0 2 7 1 2 7 17 9 2 0 2 7 0 2 7 8 18 2 13 6 3 0 2 7 1 2 7 17 9 2 16 19 11 13 6 3 5 30 3 0 2 7 1 2 7 17 18 2 1 2 7 1 2 7 0 2 7 6 2 7 0 61.1718011498451233
1 2 8 8 18 2 8 9 2 6 2 8 8 9 2 8 18 2 2 3 3 16 19 1 8 18 2 5 30 3 5 30 3 16 19 12 8 9 2 5 30 3 16 15 2 6 2 8 16 19 12 16 15 2 16 19 12 8 18 2 5 30 3 8 9 2 5 30 3 8 18 2 8 18 2 8 18 2 0 2 8 8 18 2 8 18 2 6 2 8 5 30 3 8 18 2 0 2 8 8 9 2 0 2 8 8 18 2 6 2 8 1 2 8 0 2 8 0 2 8 12 16 2 5 30 3 12 16 2 0 2 8 6 2 8 0 2 8 0 2 12 0 2 8 6 2 8 13 6 3 0 2 8 0 2 8 16 19 12 0 2 8 6 2 8 0 2 8 0 2 8 6 2 8 8 18 2 8 9 2 0.0362614148554822602 66.9263944625854492
16 6 2 16 6 2 0 2 7 0 2 7 1 2 3 0 2 3 5 30 3 0 2 7 8 9 2 0 2 3 1 2 3 8 9 2 5 30 3 5 30 3 0 2 3 1 2 7 0 2 3 0 2 3 16 19 11 0 2 3 0 2 3 1 2 7 0 2 7 0 2 3 5 30 3 0 2 7 0 2 3 0 2 3 0 2 7 5 30 3 0 2 3 5 30 3 9 2 7 12 16 2 1 2 3 0 2 3 1 2 7 0 2 3 5 30 3 0 2 3 0 2 3 0 2 8 0 2 3 1 2 7 0 2 7 12 16 2 0 2 3 5 30 3 0 2 3 0 2 3 16 6 2 0 2 3 0 2 7 0 2 8 16 6 2 0 2 7 0 2 3 16 15 2 16 9 8 1 2 7 5.44989308759180744e-07 64.6019015312194824
5 31 3 5 30 3 0 2 7 1 2 3 5 30 3 0 2 7 12 16 2 1 2 7 5 30 3 16 6 2 12 16 2 12 16 2 0 2 3 0 2 7 0 2 7 0 2 7 16 15 2 5 30 3 0 2 7 0 2 7 0 2 3 0 2 7 1 2 7 17 9 2 5 30 3 1 2 7 0 2 7 1 2 7 0 2 7 1 2 7 13 6 3 0 2 7 0 2 7 17 18 2 0 2 7 16 20 12 0 2 7 0 2 7 17 9 2 1 2 7 0 2 7 1 2 7 1 2 7 5 30 3 0 2 3 0 2 7 0 2 7 0 2 7 5 30 3 13 6 3 17 18 2 1 2 7 0 2 7 0 2 7 0 2 7 0 2 7 6 2 7 8 18 2 0 2 3 8 9 2 0 61.7236432433128357
0 2 8 0 2 8 8 18 2 6 2 8 8 9 2 8 9 2 0 2 8 6 2 8 8 18 2 5 30 3 16 19 12 13 6 3 8 9 2 16 15 2 8 18 2 16 19 12 8 9 2 8 9 2 0 2 8 13 6 3 0 2 8 5 30 3 8 18 2 0 2 8 12 16 2 0 2 8 8 9 2 5 30 3 8 18 2 0 2 12 16 19 12 8 18 2 5 30 3 8 18 2 0 2 8 8 9 2 6 2 8 0 2 8 6 2 8 16 19 12 5 30 3 0 2 8 0 2 8 1 2 8 16 19 12 5 30 3 0 2 8 14 2 2 5 30 3 13 6 3 0 2 8 1 2 8 16 15 2 8 18 2 0 2 8 5 30 3 0 2 8 16 15 2 6 2 8 0 2 8 0.0354752986739326759 65.781131386756897
16 15 2 16 15 2 16 19 12 13 6 3 0 2 8 0 2 8 5 30 3 0 2 8 8 9 2 8 9 2 6 2 8 8 9 2 5 30 3 16 15 2 5 30 3 6 2 8 6 2 8 0 2 8 5 30 3 16 19 12 8 9 2 8 9 2 8 18 2 0 2 8 6 2 8 8 18 2 8 18 2 1 2 8 0 2 8 0 2 8 0 2 8 5 30 3 0 2 8 5 30 3 16 19 12 8 18 2 12 16 2 8 18 2 0 2 8 0 2 8 0 2 8 12 16 2 0 2 8 8 18 2 6 2 8 5 30 3 0 2 8 16 15 2 0 2 8 8 9 2 0 2 8 0 2 8 13 6 3 0 2 8 0 2 8 8 9 2 6 2 8 5 30 3 0 2 8 0 2 8 0.0113261479488570502 66.7004045248031616
5 30 3 5 30 3 16 15 2 0 2 7 12 16 2 17 9 2 12 16 2 17 18 2 0 2 7 5 30 3 12 16 2 12 16 2 5 31 3 1 2 7 5 30 3 1 2 7 0 2 7 0 2 7 0 2 7 13 6 3 0 2 7 0 2 7 6 2 7 0 2 7 0 2 7 0 2 7 0 2 7 5 30 3 1 2 7 0 2 7 1 2 4 0 2 7 0 2 7 0 2 7 0 2 7 5 30 3 0 2 7 0 2 7 0 2 4 6 2 7 0 2 7 1 2 7 17 9 2 1 2 7 0 2 7 8 18 2 13 6 3 0 2 7 0 2 7 17 9 2 16 19 11 13 6 3 5 30 3 0 2 7 0 2 7 17 18 2 1 2 7 6 2 7 0 2 7 1 2 7 0 61.3451980948448181
5 30 3 5 30 3 16 6 2 0 2 7 12 16 2 17 9 2 12 16 2 17 18 2 0 2 7 5 30 3 12 16 2 12 16 2 5 30 3 0 2 4 5 30 3 1 2 7 0 2 11 0 2 7 0 2 4 13 6 3 0 2 7 0 2 7 0 2 7 0 2 7 1 2 11 0 2 7 0 2 7 5 31 3 0 2 7 0 2 7 0 2 7 0 2 7 0 2 7 0 2 7 0 2 7 1 2 7 1 2 7 1 2 7 1 2 7 1 2 4 0 2 7 0 2 4 17 9 2 1 2 7 1 2 7 8 18 2 1 2 7 0 2 7 0 2 7 17 9 2 16 24 2 13 6 3 1 2 7 0 2 11 1 2 7 5 30 3 17 9 2 8 18 2 0 2 7 0 2 7 0 61.362613320350647
0 2 8 0 2 8 8 9 2 5 30 3 16 9 8 16 6 2 0 2 8 1 2 8 6 2 8 5 30 3 5 30 3 8 18 2 0 2 8 0 2 8 6 2 8 0 2 8 16 6 2 0 2 8 5 30 3 0 2 8 16 15 2 0 2 8 1 2 8 0 2 8 5 30 3 0 2 8 0 2 8 16 15 2 0 2 8 12 16 2 8 9 2 0 2 8 0 2 8 0 2 8 16 19 12 8 9 2 0 2 8 8 18 2 5 30 3 0 2 8 5 30 3 13 6 3 8 9 2 0 2 8 16 19 12 0 2 8 8 9 2 0 2 8 0 2 8 1 2 8 6 2 8 13 6 3 16 6 2 8 18 2 0 2 8 0 2 8 8 9 2 5 30 3 8 18 2 5 30 3 0.0135687286384007875 66.3883062601089478
5 31 3 5 30 3 16 6 2 0 2 7 12 16 2 17 18 2 1 2 7 17 18 2 0 2 7 5 30 3 12 16 2 12 16 2 5 30 3 0 2 7 5 30 3 1 2 7 0 2 7 0 2 7 1 2 7 13 6 3 0 2 7 1 2 7 0 2 7 0 2 7 0 2 7 0 2 7 0 2 7 5 30 3 0 2 7 0 2 7 0 2 7 0 2 7 0 2 7 0 2 7 0 2 7 5 31 3 1 2 7 0 2 7 0 2 7 1 2 7 0 2 7 1 2 7 17 9 2 0 2 7 0 2 7 8 18 2 13 6 3 0 2 7 1 2 7 17 9 2 16 19 11 13 6 3 5 30 3 0 2 7 1 2 7 17 18 2 1 2 7 1 2 7 0 2 7 6 2 7 0 61.1718011498451233
5 31 3 1 2 7 0 2 7 12 16 2 17 18 2 0 2 4 17 18 2 1 2 7 0 2 7 12 16 2 12 16 2 5 30 3 0 2 7 0 2 7 1 2 7 0 2 4 1 2 7 0 2 7 13 6 3 0 2 7 0 2 7 0 2 7 1 2 7 1 2 7 0 2 7 0 2 4 5 31 3 0 2 4 0 2 4 1 2 7 0 2 4 0 2 7 0 2 7 1 2 7 0 2 7 1 2 7 0 2 4 1 2 7 0 2 7 1 2 7 17 9 2 0 2 7 17 18 2 13 6 3 1 2 7 17 9 2 13 6 3 12 16 2 1 2 7 0 2 4 17 18 2 17 9 2 0 2 7 0 2 7 1 2 7 5 30 3 1 2 4 1 2 4 1 2 7 1 2 7 0 59.9459015130996704
5 30 3 5 30 3 1 2 7 12 16 2 17 9 2 12 16 2 17 18 2 0 2 7 5 30 3 12 16 2 12 16 2 5 30 3 5 30 3 1 2 7 0 2 7 0 2 7 13 6 3 0 2 7 0 2 7 0 2 7 0 2 7 0 2 4 0 2 7 0 2 7 5 31 3 0 2 7 0 2 7 0 2 7 0 2 7 0 2 7 0 2 7 0 2 7 1 2 7 1 2 7 0 2 7 1 2 7 0 2 7 0 2 4 17 9 2 1 2 7 1 2 7 1 2 7 0 2 7 0 2 7 13 6 3 1 2 7 0 2 7 0 2 7 17 18 2 0 2 7 13 6 3 17 9 2 1 2 7 1 2 4 16 31 2 1 2 4 5 30 3 6 2 7 0 2 7 16 19 11 0 60.8897741436958313
8 18 2 5 30 3 5 30 3 5 30 3 5 30 3 5 30 3 12 16 2 12 16 2 13 6 3 13 6 3 17 18 2 0 2 7 8 9 2 8 18 2 2 3 3 0 2 7 0 2 7 1 2 7 8 9 2 12 16 2 6 2 8 17 9 2 16 15 2 16 19 12 8 18 2 0 2 7 8 18 2 8 18 2 8 18 2 0 2 4 1 2 4 0 2 7 6 2 8 5 30 3 8 18 2 0 2 8 8 9 2 0 2 8 0 2 7 6 2 8 1 2 8 0 2 8 0 2 8 5 30 3 17 18 2 16 6 2 0 2 8 1 2 4 0 2 8 6 2 8 0 2 8 0 2 8 1 2 7 0 2 7 1 2 7 0 2 8 0 2 8 6 2 8 8 18 2 0 2 7 0.019240637922588677 64.2633756399154663
5 30 3 0 2 7 0 2 7 12 16 2 17 18 2 0 2 7 17 18 2 1 2 7 1 2 11 12 16 2 12 16 2 5 30 3 0 2 7 0 2 4 1 2 7 0 2 4 1 2 7 0 2 7 13 6 3 0 2 7 0 2 4 0 2 7 1 2 7 0 2 7 1 2 7 5 31 3 0 2 4 1 2 7 0 2 7 0 2 7 0 2 7 17 9 2 0 2 7 13 6 3 17 9 2 13 6 3 12 16 2 17 9 2 0 2 7 0 2 7 5 30 3 0 2 7 0 2 7 17 18 2 1 2 7 0 2 7 1 2 11 8 18 2 5 30 3 0 2 4 1 2 7 1 2 11 0 2 7 16 6 2 1 2 7 1 2 4 0 2 4 1 2 7 5 30 3 0 2 7 0 60.7173781394958496
1 2 7 5 30 3 16 6 2 0 2 7 5 30 3 5 30 3 5 30 3 12 16 2 5 30 3 13 6 3 0 2 7 0 2 3 1 2 7 1 2 11 17 18 2 0 2 7 0 2 3 12 16 2 1 2 7 0 2 7 0 2 7 0 2 7 0 2 7 0 2 7 0 2 7 1 2 7 0 2 7 0 2 3 0 2 3 0 2 7 5 30 3 0 2 7 1 2 7 6 2 7 0 2 7 8 9 2 0 2 7 17 9 2 0 2 7 16 6 2 5 31 3 1 2 7 1 2 3 8 9 2 1 2 7 1 2 7 16 19 11 0 2 7 0 2 7 1 2 7 17 18 2 1 2 7 0 2 3 0 2 7 0 2 7 16 19 11 0 2 11 0 2 3 0 2 3 0 2 7 0 62.3976323008537292
1 2 7 5 30 3 16 6 2 0 2 7 5 30 3 5 30 3 5 30 3 12 16 2 5 30 3 13 6 3 0 2 7 0 2 3 1 2 11 17 18 2 0 2 7 12 16 2 0 2 7 0 2 7 0 2 7 0 2 7 0 2 7 0 2 7 0 2 7 0 2 7 5 30 3 0 2 7 8 9 2 16 6 2 5 31 3 1 2 3 8 9 2 16 19 11 1 2 7 0 2 3 1 2 7 1 2 7 5 30 3 0 2 8 5 30 3 6 2 7 8 9 2 0 2 8 1 2 8 0 2 8 1 2 3 0 2 8 1 2 7 8 9 2 0 2 8 1 2 7 8 18 2 0 2 8 0 2 8 0 2 7 0 2 7 16 19 11 0 2 8 0 2 8 16 15 2 0 2 7 0.00373757067754888934 64.1636838316917419
8 9 2 5 30 3 16 6 2 5 30 3 5 30 3 16 6 2 5 30 3 5 30 3 12 16 2 5 30 3 13 6 3 16 6 2 0 2 7 0 2 7 5 31 3 0 2 7 0 2 3 0 2 4 17 18 2 0 2 7 0 2 7 12 16 2 1 2 7 0 2 7 0 2 7 0 2 7 0 2 7 1 2 3 1 2 11 1 2 3 16 19 11 0 2 7 0 2 7 0 2 7 0 2 8 0 2 8 0 2 3 0 2 8 1 2 7 0 2 7 0 2 8 0 2 8 0 2 7 0 2 7 0 2 3 0 2 8 0 2 7 0 2 8 5 30 3 0 2 3 1 2 7 0 2 8 0 2 8 1 2 8 1 2 7 13 6 3 0 2 8 8 9 2 1 2 7 0 2 7 0.00288535007783340992 63.7478559017181396
1 2 8 8 18 2 8 9 2 6 2 8 8 9 2 8 18 2 2 3 3 16 19 1 8 18 2 5 30 3 5 30 3 16 19 12 8 9 2 5 30 3 16 15 2 6 2 8 16 19 12 16 15 2 16 19 12 8 18 2 5 30 3 8 9 2 5 30 3 8 18 2 8 18 2 8 18 2 0 2 8 8 18 2 8 18 2 6 2 8 5 30 3 8 18 2 0 2 8 8 9 2 0 2 8 8 18 2 6 2 8 1 2 8 0 2 8 0 2 8 12 16 2 5 30 3 12 16 2 0 2 8 6 2 8 0 2 8 0 2 12 0 2 8 6 2 8 13 6 3 0 2 8 0 2 8 16 19 12 0 2 8 6 2 8 0 2 8 0 2 8 6 2 8 8 18 2 8 9 2 0.0362614148554822602 66.9263944625854492
0 2 7 8 9 2 1 2 7 12 16 2 17 9 2 12 16 2 17 18 2 1 2 7 5 30 3 12 16 2 12 16 2 5 30 3 0 2 7 1 2 7 0 2 4 13 6 3 0 2 7 0 2 7 5 30 3 1 2 7 0 2 7 1 2 7 1 2 7 5 31 3 0 2 7 1 2 7 16 6 2 0 2 7 0 2 7 0 2 7 1 2 7 1 2 7 0 2 7 0 2 7 0 2 7 17 9 2 1 2 7 0 2 7 0 2 7 0 2 4 0 2 7 13 6 3 0 2 7 1 2 7 0 2 7 5 31 3 17 18 2 0 2 7 0 2 7 13 6 3 0 2 7 1 2 7 0 2 7 0 2 7 17 9 2 0 2 7 5 30 3 16 6 2 1 2 7 1 2 7 0 60.4150662422180176
5 31 3 1 2 7 0 2 7 12 16 2 17 18 2 0 2 7 17 18 2 1 2 7 0 2 7 12 16 2 12 16 2 5 30 3 0 2 7 0 2 7 1 2 7 0 2 4 1 2 7 0 2 7 13 6 3 0 2 7 0 2 7 0 2 7 1 2 7 1 2 7 0 2 3 1 2 7 0 2 7 0 2 7 1 2 7 0 2 7 1 2 7 1 2 7 0 2 7 17 9 2 0 2 7 13 6 3 17 9 2 13 6 3 12 16 2 17 9 2 0 2 7 0 2 7 5 30 3 1 2 7 1 2 7 0 2 4 5 31 3 0 2 3 0 2 4 0 2 4 16 30 2 1 2 7 0 2 7 1 2 7 1 2 7 0 2 4 17 18 2 1 2 4 1 2 7 1 2 7 0 59.9867335557937622
5 31 3 1 2 7 0 2 7 12 16 2 17 18 2 0 2 4 17 18 2 1 2 7 0 2 7 12 16 2 12 16 2 5 30 3 0 2 7 0 2 7 1 2 7 0 2 4 1 2 7 0 2 7 13 6 3 0 2 7 0 2 7 0 2 7 1 2 7 1 2 7 0 2 7 0 2 4 5 31 3 0 2 4 1 2 7 0 2 7 0 2 7 1 2 7 0 2 7 1 2 7 1 2 7 0 2 7 1 2 7 17 9 2 0 2 7 17 18 2 13 6 3 1 2 7 17 9 2 13 6 3 1 2 7 17 18 2 17 9 2 0 2 7 0 2 7 1 2 7 5 30 3 1 2 4 1 2 4 1 2 7 1 2 7 0 2 7 0 2 7 0 2 7 0 2 7 1 2 4 0 59.7875515222549438
5 31 3 1 2 7 0 2 7 12 16 2 17 18 2 0 2 4 17 18 2 1 2 7 0 2 7 12 16 2 12 16 2 5 30 3 0 2 7 0 2 7 1 2 7 0 2 4 1 2 7 0 2 7 13 6 3 0 2 7 0 2 7 0 2 7 1 2 7 1 2 7 0 2 7 0 2 4 5 31 3 0 2 4 1 2 7 0 2 7 0 2 7 1 2 7 0 2 7 1 2 7 1 2 7 0 2 7 1 2 7 17 9 2 0 2 7 17 18 2 13 6 3 1 2 7 17 9 2 13 6 3 1 2 7 17 18 2 17 9 2 0 2 7 0 2 7 1 2 7 5 30 3 1 2 4 1 2 4 1 2 7 1 2 7 0 2 7 0 2 7 0 2 7 0 2 7 1 2 4 0 59.7875515222549438
5 30 3 5 30 3 12 16 2 12 16 2 13 6 3 0 2 7 0 2 7 1 2 7 6 2 8 17 18 2 0 2 7 0 2 4 16 19 1 8 18 2 16 19 12 0 2 7 1 2 4 16 15 2 6 2 8 16 19 12 1 2 7 16 19 12 8 18 2 5 30 3 8 9 2 17 9 2 8 18 2 0 2 7 0 2 7 0 2 7 8 18 2 1 2 7 6 2 8 5 30 3 8 18 2 0 2 7 1 2 7 12 16 2 8 18 2 6 2 8 1 2 8 0 2 8 5 31 3 0 2 7 0 2 4 6 2 8 0 2 8 1 2 7 0 2 8 6 2 8 1 2 7 0 2 8 1 2 4 0 2 7 6 2 8 0 2 8 0 2 8 1 2 7 1 2 4 8 9 2 0.00735262484568646388 63.8545105457305908
1 2 7 5 30 3 16 6 2 0 2 7 5 30 3 5 30 3 5 30 3 12 16 2 5 30 3 13 6 3 0 2 7 0 2 3 1 2 11 17 18 2 0 2 7 12 16 2 0 2 7 0 2 7 0 2 7 0 2 7 0 2 7 0 2 7 0 2 7 0 2 7 5 30 3 0 2 7 8 9 2 16 6 2 5 31 3 1 2 3 8 9 2 16 19 11 1 2 7 0 2 3 1 2 7 1 2 7 5 30 3 0 2 8 5 30 3 6 2 7 8 9 2 0 2 8 1 2 8 0 2 8 1 2 3 0 2 8 1 2 7 8 9 2 0 2 8 1 2 7 8 18 2 0 2 8 0 2 8 0 2 7 0 2 7 16 19 11 0 2 8 0 2 8 16 15 2 0 2 7 0.00373757067754888934 64.1636838316917419
5 31 3 1 2 7 0 2 7 12 16 2 17 18 2 0 2 4 17 18 2 1 2 7 0 2 7 12 16 2 12 16 2 5 30 3 0 2 7 0 2 7 1 2 7 0 2 4 1 2 7 0 2 7 13 6 3 0 2 7 0 2 7 0 2 7 1 2 7 1 2 7 0 2 7 0 2 4 5 31 3 0 2 4 1 2 7 0 2 7 0 2 7 1 2 7 0 2 7 1 2 7 1 2 7 0 2 7 1 2 7 17 9 2 0 2 7 17 18 2 13 6 3 1 2 7 17 9 2 13 6 3 1 2 7 17 18 2 17 9 2 0 2 7 0 2 7 1 2 7 5 30 3 1 2 4 1 2 4 1 2 7 1 2 7 0 2 7 0 2 7 0 2 7 0 2 7 1 2 4 0 59.7875515222549438
1 2 7 5 30 3 16 30 2 5 30 3 12 16 2 13 6 3 0 2 7 1 2 7 17 18 2 0 2 7 12 16 2 1 2 7 0 2 7 0 2 7 0 2 1 1 2 7 0 2 4 0 2 7 1 2 7 0 2 7 0 2 11 0 2 7 1 2 7 0 2 3 0 2 3 17 9 2 0 2 7 5 31 3 0 2 7 1 2 7 0 2 7 0 2 7 0 2 4 1 2 7 17 18 2 0 2 7 0 2 7 0 2 3 0 2 7 17 9 2 5 30 3 5 30 3 0 2 3 1 2 4 1 2 7 0 2 7 0 2 7 1 2 7 5 30 3 17 9 2 8 9 2 16 6 2 1 2 7 1 2 3 1 2 7 0 2 7 5 30 3 13 6 3 0 2 4 0 2 4 0 61.2712485790252686
5 31 3 1 2 7 0 2 7 12 16 2 17 18 2 0 2 4 17 18 2 1 2 7 0 2 7 12 16 2 12 16 2 5 30 3 0 2 7 0 2 7 1 2 7 0 2 4 1 2 7 0 2 7 13 6 3 0 2 7 0 2 7 0 2 7 1 2 7 1 2 7 0 2 7 0 2 4 5 31 3 0 2 4 1 2 7 0 2 7 0 2 7 1 2 7 0 2 7 1 2 7 1 2 7 0 2 7 1 2 7 17 9 2 0 2 7 17 18 2 13 6 3 1 2 7 17 9 2 13 6 3 1 2 7 17 18 2 17 9 2 0 2 7 0 2 7 1 2 7 5 30 3 1 2 4 1 2 4 1 2 7 1 2 7 0 2 7 0 2 7 0 2 7 0 2 7 1 2 4 0 59.7875515222549438
1 2 8 8 18 2 8 9 2 6 2 8 8 9 2 8 18 2 2 3 3 16 19 1 8 18 2 5 30 3 5 30 3 16 19 12 8 9 2 5 30 3 16 15 2 6 2 8 16 19 12 16 15 2 16 19 12 8 18 2 5 30 3 8 9 2 5 30 3 8 18 2 8 18 2 8 18 2 0 2 8 8 18 2 8 18 2 6 2 8 5 30 3 8 18 2 0 2 8 8 9 2 0 2 8 8 18 2 6 2 8 1 2 8 0 2 8 0 2 8 12 16 2 5 30 3 12 16 2 0 2 8 6 2 8 0 2 8 0 2 12 0 2 8 6 2 8 13 6 3 0 2 8 0 2 8 16 19 12 0 2 8 6 2 8 0 2 8 0 2 8 6 2 8 8 18 2 8 9 2 0.0362614148554822602 66.9263944625854492
5 30 3 0 2 7 0 2 7 12 16 2 17 18 2 5 30 3 17 18 2 1 2 7 12 16 2 12 16 2 5 30 3 0 2 7 1 2 4 1 2 4 0 2 7 1 2 7 0 2 7 13 6 3 0 2 7 0 2 4 0 2 7 1 2 7 0 2 7 1 2 7 5 31 3 0 2 7 1 2 7 0 2 7 0 2 7 0 2 7 17 9 2 0 2 7 13 6 3 1 2 7 13 6 3 17 9 2 0 2 7 0 2 7 0 2 7 0 2 7 17 9 2 0 2 7 0 2 7 1 2 7 0 2 7 1 2 7 1 2 7 0 2 7 0 2 4 0 2 7 17 18 2 5 30 3 1 2 4 0 2 7 1 2 7 1 2 7 1 2 7 16 31 2 1 2 7 5 30 3 0 60.1813253164291382
1 2 4 5 30 3 0 2 7 5 30 3 12 16 2 0 2 7 0 2 7 17 18 2 0 2 7 12 16 2 0 2 7 0 2 7 0 2 7 0 2 4 1 2 7 0 2 1 0 2 7 8 1 2 0 2 7 5 31 3 0 2 7 6 2 7 6 2 7 0 2 7 0 2 7 0 2 7 0 2 7 0 2 7 1 2 7 1 2 7 17 9 2 5 30 3 17 18 2 1 2 7 5 30 3 13 6 3 17 18 2 0 2 7 8 9 2 16 15 2 0 2 7 5 30 3 0 2 7 5 30 3 1 2 11 17 9 2 1 2 7 1 2 7 1 2 7 1 2 7 0 2 7 17 9 2 0 2 7 0 2 7 0 2 7 0 2 7 0 2 7 0 2 7 0 2 7 1 2 7 0 61.5094422101974487
5 31 3 1 2 7 0 2 7 12 16 2 17 18 2 0 2 4 17 18 2 1 2 7 0 2 7 12 16 2 12 16 2 5 30 3 0 2 7 0 2 7 1 2 7 1 2 7 0 2 7 13 6 3 0 2 7 0 2 7 0 2 7 1 2 7 1 2 7 0 2 7 5 31 3 1 2 7 0 2 7 0 2 7 1 2 7 0 2 7 1 2 7 1 2 7 1 2 7 17 9 2 0 2 7 17 18 2 13 6 3 1 2 7 17 9 2 13 6 3 1 2 7 17 18 2 17 9 2 0 2 7 0 2 7 5 30 3 1 2 4 1 2 4 0 2 7 0 2 7 0 2 7 0 2 7 1 2 4 0 2 7 1 2 4 0 2 7 0 2 4 1 2 7 0 2 7 1 2 4 0 59.7875515222549438
5 31 3 1 2 7 0 2 7 12 16 2 17 18 2 0 2 4 17 18 2 1 2 7 0 2 7 12 16 2 12 16 2 5 30 3 0 2 7 0 2 7 1 2 7 1 2 7 0 2 7 13 6 3 0 2 7 0 2 7 0 2 7 1 2 7 1 2 7 0 2 7 5 31 3 1 2 7 0 2 7 0 2 7 1 2 7 0 2 7 1 2 7 1 2 7 1 2 7 17 9 2 0 2 7 17 18 2 13 6 3 1 2 7 17 9 2 13 6 3 1 2 7 17 18 2 17 9 2 0 2 7 0 2 7 5 30 3 1 2 4 1 2 4 0 2 7 0 2 7 0 2 7 0 2 7 1 2 4 0 2 7 1 2 4 0 2 7 0 2 4 0 2 4 1 2 7 1 2 7 0 59.7875515222549438
1 2 7 5 30 3 16 6 2 0 2 7 5 30 3 5 30 3 5 30 3 12 16 2 5 30 3 13 6 3 0 2 7 0 2 3 1 2 11 17 18 2 0 2 7 12 16 2 0 2 7 0 2 7 0 2 7 0 2 7 0 2 7 0 2 7 0 2 7 0 2 7 5 30 3 0 2 7 8 9 2 16 6 2 5 31 3 1 2 3 8 9 2 16 19 11 1 2 7 0 2 3 1 2 7 1 2 7 5 30 3 0 2 8 5 30 3 6 2 7 8 9 2 0 2 8 1 2 8 0 2 8 1 2 3 0 2 8 1 2 7 8 9 2 0 2 8 1 2 7 8 18 2 0 2 8 0 2 8 0 2 7 0 2 7 16 19 11 0 2 8 0 2 8 16 15 2 0 2 7 0.00373757067754888934 64.1636838316917419
5 30 3 5 30 3 12 16 2 12 16 2 13 6 3 0 2 7 0 2 7 1 2 7 17 18 2 0 2 7 0 2 4 0 2 7 1 2 4 1 2 7 17 9 2 0 2 7 0 2 7 0 2 7 1 2 7 0 2 7 1 2 7 12 16 2 5 31 3 0 2 7 0 2 4 1 2 7 1 2 7 1 2 4 0 2 7 1 2 7 1 2 4 1 2 7 16 19 1 8 18 2 0 2 7 1 2 7 6 2 8 16 19 12 16 19 12 8 18 2 5 30 3 8 9 2 8 18 2 8 18 2 17 9 2 0 2 7 0 2 7 8 18 2 6 2 8 1 2 8 0 2 8 6 2 8 0 2 8 5 31 3 6 2 8 0 2 8 6 2 8 17 18 2 1 2 7 8 9 2 0.00560091494219743403 62.992990255355835
5 31 3 1 2 7 0 2 7 12 16 2 17 18 2 0 2 4 17 18 2 1 2 7 0 2 7 12 16 2 12 16 2 5 30 3 0 2 7 0 2 7 1 2 7 1 2 7 0 2 7 13 6 3 0 2 7 0 2 7 0 2 7 1 2 7 1 2 7 0 2 7 5 31 3 1 2 7 0 2 7 0 2 7 1 2 7 0 2 7 1 2 7 1 2 7 1 2 7 17 9 2 0 2 7 17 18 2 13 6 3 1 2 7 17 9 2 13 6 3 1 2 7 17 18 2 17 9 2 0 2 7 0 2 7 5 30 3 1 2 4 1 2 4 0 2 7 0 2 7 0 2 7 0 2 7 1 2 4 0 2 7 1 2 4 0 2 7 0 2 4 1 2 7 1 2 4 0 2 7 0 59.7875515222549438
5 31 3 1 2 7 0 2 7 12 16 2 17 18 2 0 2 4 17 18 2 1 2 7 0 2 7 12 16 2 12 16 2 5 30 3 0 2 7 0 2 7 1 2 7 1 2 7 0 2 7 13 6 3 0 2 7 0 2 7 0 2 7 1 2 7 1 2 7 0 2 7 5 31 3 1 2 7 0 2 7 0 2 7 1 2 7 0 2 7 1 2 7 1 2 7 1 2 7 17 9 2 0 2 7 17 18 2 13 6 3 1 2 7 17 9 2 13 6 3 1 2 7 17 18 2 17 9 2 0 2 7 0 2 7 5 30 3 1 2 4 1 2 4 0 2 7 0 2 7 0 2 7 0 2 7 1 2 4 0 2 7 1 2 4 0 2 7 0 2 4 1 2 7 0 2 4 1 2 7 0 59.7875515222549438
5 31 3 1 2 7 0 2 7 12 16 2 17 18 2 0 2 4 17 18 2 1 2 7 0 2 7 12 16 2 12 16 2 5 30 3 0 2 7 0 2 7 1 2 7 1 2 7 0 2 7 13 6 3 0 2 7 0 2 7 0 2 7 1 2 7 1 2 7 0 2 7 5 31 3 1 2 7 0 2 7 0 2 7 1 2 7 0 2 7 1 2 7 1 2 7 1 2 7 17 9 2 0 2 7 17 18 2 13 6 3 1 2 7 17 9 2 13 6 3 1 2 7 17 18 2 17 9 2 0 2 7 0 2 7 5 30 3 1 2 4 1 2 4 0 2 7 0 2 7 0 2 7 0 2 7 1 2 4 0 2 7 1 2 4 0 2 7 0 2 4 0 2 4 1 2 7 1 2 7 0 59.7875515222549438
0 2 11 5 30 3 0 2 7 5 31 3 12 16 2 16 6 2 0 2 3 17 18 2 0 2 7 12 16 2 0 2 7 0 2 7 0 2 7 0 2 4 1 2 7 5 30 3 0 2 4 5 30 3 0 2 7 0 2 3 0 2 7 1 2 7 0 2 7 0 2 3 1 2 4 1 2 7 17 9 2 17 18 2 1 2 7 13 6 3 8 18 2 0 2 7 0 2 7 0 2 4 17 9 2 1 2 7 0 2 4 1 2 7 1 2 7 1 2 7 17 9 2 0 2 7 0 2 7 0 2 4 17 9 2 0 2 7 1 2 7 1 2 7 5 30 3 5 30 3 1 2 7 13 6 3 1 2 7 1 2 7 1 2 7 0 2 7 1 2 10 0 2 7 0 2 4 0 2 4 0 60.7776695489883423
1 2 8 8 18 2 8 9 2 6 2 8 8 9 2 8 18 2 2 3 3 16 19 1 8 18 2 5 30 3 5 30 3 16 19 12 8 9 2 5 30 3 16 15 2 6 2 8 16 19 12 16 15 2 16 19 12 8 18 2 5 30 3 8 9 2 5 30 3 8 18 2 8 18 2 8 18 2 0 2 8 8 18 2 8 18 2 6 2 8 5 30 3 8 18 2 0 2 8 8 9 2 0 2 8 8 18 2 6 2 8 1 2 8 0 2 8 0 2 8 12 16 2 5 30 3 12 16 2 0 2 8 6 2 8 0 2 8 0 2 12 0 2 8 6 2 8 13 6 3 0 2 8 0 2 8 16 19 12 0 2 8 6 2 8 0 2 8 0 2 8 6 2 8 8 18 2 8 9 2 0.0362614148554822602 66.9263944625854492
5 31 3 1 2 7 0 2 7 12 16 2 17 18 2 0 2 4 17 18 2 1 2 7 0 2 7 12 16 2 12 16 2 5 30 3 0 2 7 0 2 7 1 2 7 1 2 7 0 2 7 13 6 3 0 2 7 0 2 7 0 2 7 1 2 7 1 2 7 0 2 7 5 31 3 1 2 7 0 2 7 0 2 7 1 2 7 0 2 7 1 2 7 1 2 7 1 2 7 17 9 2 0 2 7 17 18 2 13 6 3 1 2 7 17 9 2 13 6 3 1 2 7 17 18 2 17 9 2 0 2 7 0 2 7 5 30 3 1 2 4 1 2 4 0 2 7 0 2 7 0 2 7 0 2 7 1 2 4 0 2 7 1 2 4 0 2 7 0 2 4 1 2 7 0 2 7 1 2 4 0 59.7875515222549438
5 31 3 1 2 7 0 2 4 12 16 2 17 18 2 0 2 7 17 18 2 1 2 7 0 2 7 12 16 2 12 16 2 5 30 3 0 2 7 1 2 7 0 2 7 0 2 7 1 2 7 13 6 3 0 2 7 0 2 4 0 2 7 1 2 7 1 2 7 1 2 7 5 31 3 1 2 7 0 2 7 0 2 7 1 2 7 0 2 4 1 2 7 1 2 7 17 9 2 0 2 7 17 18 2 13 6 3 1 2 7 17 9 2 13 6 3 0 2 7 17 18 2 17 9 2 0 2 7 5 30 3 1 2 7 1 2 7 0 2 7 0 2 7 0 2 7 1 2 7 0 2 7 1 2 4 0 2 7 0 2 7 1 2 4 0 2 7 0 2 7 0 2 4 1 2 4 1 2 7 0 59.7875515222549438
1 2 7 5 30 3 0 2 7 12 16 2 13 6 3 0 2 7 17 18 2 12 16 2 0 2 3 16 15 2 0 2 7 0 2 11 1 2 7 0 2 7 1 2 7 1 2 7 0 2 7 0 2 7 0 2 4 1 2 7 0 2 7 8 9 2 17 9 2 17 9 2 1 2 3 1 2 7 17 18 2 13 6 3 12 16 2 0 2 7 0 2 7 5 30 3 6 2 4 0 2 7 1 2 3 0 2 7 0 2 7 0 2 7 0 2 7 1 2 7 0 2 7 1 2 4 0 2 7 0 2 7 1 2 11 1 2 7 5 30 3 0 2 7 5 30 3 16 6 2 5 30 3 0 2 7 0 2 7 8 18 2 17 18 2 1 2 7 0 2 7 0 2 7 0 2 7 5 31 3 0 61.1806663870811462
1 2 8 8 18 2 8 9 2 6 2 8 8 9 2 8 18 2 2 3 3 16 19 1 8 18 2 5 30 3 5 30 3 16 19 12 8 9 2 5 30 3 16 15 2 6 2 8 16 19 12 16 15 2 16 19 12 8 18 2 5 30 3 8 9 2 5 30 3 8 18 2 8 18 2 8 18 2 0 2 8 8 18 2 8 18 2 6 2 8 5 30 3 8 18 2 0 2 8 8 9 2 0 2 8 8 18 2 6 2 8 1 2 8 0 2 8 0 2 8 12 16 2 5 30 3 12 16 2 0 2 8 6 2 8 0 2 8 0 2 12 0 2 8 6 2 8 13 6 3 0 2 8 0 2 8 16 19 12 0 2 8 6 2 8 0 2 8 0 2 8 6 2 8 8 18 2 8 9 2 0.0362614148554822602 66.9263944625854492
5 31 3 1 2 7 0 2 4 12 16 2 17 18 2 0 2 7 17 18 2 1 2 7 0 2 7 12 16 2 12 16 2 5 30 3 0 2 7 1 2 7 0 2 7 0 2 7 1 2 7 13 6 3 0 2 7 0 2 4 0 2 7 1 2 7 1 2 7 1 2 7 5 31 3 1 2 7 0 2 7 0 2 7 1 2 7 0 2 4 0 2 4 1 2 7 1 2 7 17 9 2 0 2 7 17 18 2 13 6 3 1 2 7 17 9 2 13 6 3 0 2 7 17 18 2 17 9 2 0 2 4 0 2 7 5 30 3 1 2 7 1 2 7 0 2 7 0 2 7 0 2 7 1 2 7 1 2 7 0 2 7 1 2 4 0 2 7 0 2 7 1 2 7 1 2 4 0 2 7 0 59.7875515222549438
5 31 3 1 2 7 0 2 7 12 16 2 17 18 2 0 2 4 17 18 2 1 2 7 0 2 7 12 16 2 12 16 2 5 30 3 0 2 7 0 2 7 1 2 7 1 2 7 0 2 7 13 6 3 0 2 7 0 2 7 0 2 7 1 2 7 1 2 7 0 2 7 5 31 3 1 2 7 0 2 7 0 2 7 1 2 7 0 2 7 1 2 7 1 2 7 1 2 7 17 9 2 0 2 7 17 18 2 13 6 3 1 2 7 17 9 2 13 6 3 1 2 7 17 18 2 17 9 2 0 2 7 0 2 7 5 30 3 1 2 4 1 2 4 0 2 7 0 2 7 0 2 7 0 2 7 1 2 4 0 2 7 1 2 4 0 2 7 0 2 4 1 2 7 0 2 7 1 2 4 0 59.7875515222549438
5 31 3 1 2 7 0 2 4 12 16 2 17 18 2 0 2 7 17 18 2 1 2 7 0 2 7 12 16 2 12 16 2 5 30 3 0 2 7 1 2 7 0 2 7 0 2 7 1 2 7 13 6 3 0 2 7 0 2 4 0 2 7 1 2 7 1 2 7 1 2 7 5 31 3 1 2 7 0 2 7 0 2 7 1 2 7 0 2 4 1 2 7 1 2 7 17 9 2 0 2 7 17 18 2 13 6 3 1 2 7 17 9 2 13 6 3 0 2 7 17 18 2 17 9 2 0 2 7 5 30 3 1 2 7 1 2 7 0 2 7 0 2 7 0 2 7 1 2 7 0 2 7 1 2 4 0 2 7 0 2 7 1 2 4 0 2 7 0 2 4 0 2 7 1 2 7 1 2 4 0 59.7875515222549438
1 2 4 5 30 3 0 2 7 5 31 3 12 16 2 13 6 3 0 2 4 17 18 2 12 16 2 0 2 4 0 2 7 0 2 7 0 2 4 1 2 4 1 2 7 5 31 3 1 2 7 1 2 7 1 2 7 1 2 4 0 2 7 0 2 7 0 2 7 0 2 7 0 2 7 17 9 2 1 2 4 17 9 2 1 2 4 1 2 3 17 9 2 0 2 7 1 2 7 1 2 4 17 18 2 13 6 3 12 16 2 0 2 7 0 2 7 5 30 3 1 2 4 1 2 7 17 18 2 1 2 7 0 2 7 0 2 7 0 2 7 17 18 2 0 2 7 0 2 3 1 2 4 1 2 7 0 2 4 0 2 4 0 2 4 0 2 7 1 2 7 0 2 7 1 2 4 0 2 7 0 60.1897426843643188
5 31 3 1 2 7 0 2 7 12 16 2 17 18 2 0 2 4 17 18 2 1 2 7 0 2 7 12 16 2 12 16 2 5 30 3 0 2 7 0 2 7 1 2 7 1 2 7 0 2 7 13 6 3 0 2 7 0 2 7 0 2 7 1 2 7 1 2 7 0 2 7 5 31 3 1 2 7 0 2 7 0 2 7 1 2 7 0 2 7 1 2 7 1 2 7 1 2 7 17 9 2 0 2 7 17 18 2 13 6 3 1 2 7 17 9 2 13 6 3 1 2 7 17 18 2 17 9 2 0 2 7 0 2 7 5 30 3 1 2 4 1 2 4 0 2 7 0 2 7 0 2 7 0 2 7 1 2 4 0 2 7 1 2 4 0 2 7 0 2 4 1 2 7 0 2 7 1 2 4 0 59.7875515222549438
1 2 7 5 30 3 0 2 7 5 30 3 12 16 2 13 6 3 0 2 7 0 2 3 17 18 2 0 2 7 12 16 2 0 2 7 0 2 7 0 2 7 0 2 7 0 2 7 0 2 7 0 2 7 0 2 7 0 2 7 5 31 3 1 2 3 1 2 7 1 2 7 1 2 7 1 2 7 1 2 7 0 2 7 0 2 7 0 2 7 16 6 2 1 2 4 0 2 4 0 2 4 1 2 11 5 30 3 8 9 2 16 6 2 5 31 3 16 19 11 0 2 3 0 2 4 1 2 4 5 30 3 6 2 7 17 18 2 0 2 8 0 2 7 0 2 8 1 2 3 0 2 8 8 9 2 0 2 8 8 18 2 0 2 7 17 18 2 16 19 11 0 2 8 1 2 4 1 2 7 0.000314556264012593541 62.4413698315620422
5 31 3 1 2 7 0 2 4 12 16 2 17 18 2 0 2 4 17 18 2 1 2 7 0 2 7 12 16 2 12 16 2 5 30 3 0 2 7 0 2 7 1 2 7 1 2 7 0 2 7 13 6 3 0 2 7 0 2 7 0 2 7 1 2 7 1 2 7 0 2 7 5 31 3 1 2 7 0 2 7 0 2 7 1 2 7 0 2 4 0 2 7 1 2 7 1 2 7 17 9 2 0 2 7 17 18 2 13 6 3 0 2 7 17 9 2 13 6 3 1 2 7 17 18 2 17 9 2 0 2 7 0 2 7 5 30 3 1 2 7 1 2 4 0 2 7 0 2 7 0 2 7 0 2 7 1 2 7 0 2 7 0 2 7 1 2 4 1 2 4 1 2 7 1 2 7 1 2 4 0 59.7875515222549438
5 31 3 1 2 7 0 2 7 12 16 2 17 18 2 0 2 7 17 18 2 1 2 7 0 2 7 12 16 2 12 16 2 5 30 3 0 2 7 1 2 7 0 2 7 0 2 7 1 2 7 13 6 3 0 2 7 0 2 7 0 2 4 1 2 7 1 2 4 0 2 7 5 31 3 1 2 7 0 2 7 0 2 7 1 2 7 0 2 7 1 2 7 1 2 7 17 9 2 0 2 7 17 18 2 13 6 3 17 9 2 0 2 7 17 18 2 17 9 2 0 2 7 5 30 3 0 2 7 0 2 7 0 2 7 0 2 7 1 2 4 0 2 7 1 2 4 0 2 4 1 2 7 13 6 3 1 2 7 1 2 7 1 2 7 1 2 7 0 2 4 1 2 7 1 2 4 0 2 7 0 59.7875515222549438
5 31 3 1 2 7 0 2 4 12 16 2 17 18 2 0 2 7 17 18 2 1 2 4 0 2 7 12 16 2 12 16 2 5 30 3 0 2 7 1 2 7 0 2 7 0 2 7 1 2 7 13 6 3 0 2 7 0 2 4 0 2 7 1 2 7 1 2 4 1 2 7 5 31 3 1 2 7 0 2 7 0 2 7 1 2 7 1 2 7 1 2 7 17 9 2 0 2 7 17 18 2 13 6 3 1 2 7 17 9 2 13 6 3 0 2 7 17 18 2 17 9 2 0 2 7 5 30 3 1 2 7 1 2 7 0 2 7 0 2 7 0 2 7 0 2 7 0 2 7 1 2 4 0 2 7 1 2 7 0 2 7 0 2 7 0 2 4 1 2 7 1 2 7 1 2 7 0 2 4 0 59.7875515222549438
5 31 3 1 2 7 0 2 7 12 16 2 17 18 2 0 2 7 17 18 2 1 2 7 0 2 7 12 16 2 12 16 2 5 30 3 0 2 7 1 2 7 0 2 7 0 2 7 1 2 7 13 6 3 0 2 7 0 2 7 0 2 4 1 2 7 1 2 4 0 2 7 5 31 3 1 2 7 0 2 7 0 2 7 1 2 7 0 2 7 1 2 7 1 2 7 17 9 2 0 2 7 17 18 2 13 6 3 17 9 2 0 2 7 17 18 2 17 9 2 0 2 7 5 30 3 0 2 7 0 2 7 0 2 7 0 2 7 1 2 4 0 2 7 1 2 4 0 2 4 1 2 7 13 6 3 1 2 7 1 2 7 1 2 7 1 2 7 0 2 4 1 2 7 1 2 4 0 2 7 0 59.7875515222549438
5 31 3 1 2 7 0 2 4 12 16 2 17 18 2 0 2 7 17 18 2 1 2 7 0 2 7 12 16 2 12 16 2 5 30 3 0 2 4 1 2 7 0 2 7 0 2 7 1 2 7 13 6 3 0 2 7 0 2 4 0 2 7 1 2 7 1 2 7 1 2 7 5 31 3 1 2 7 0 2 7 0 2 7 1 2 7 0 2 7 1 2 7 17 9 2 0 2 7 17 18 2 13 6 3 1 2 7 17 9 2 13 6 3 0 2 7 17 18 2 17 9 2 0 2 7 5 30 3 1 2 7 1 2 7 0 2 7 0 2 4 0 2 7 0 2 7 0 2 7 1 2 4 0 2 7 1 2 7 0 2 4 0 2 7 0 2 7 1 2 7 1 2 7 1 2 4 1 2 7 0 59.7875515222549438
5 31 3 0 2 7 0 2 4 12 16 2 17 18 2 1 2 7 17 18 2 0 2 7 0 2 7 12 16 2 12 16 2 5 30 3 0 2 4 1 2 7 1 2 4 1 2 7 0 2 7 13 6 3 0 2 7 1 2 4 0 2 7 1 2 7 1 2 7 1 2 3 5 30 3 1 2 7 0 2 7 0 2 7 0 2 7 0 2 7 1 2 7 17 9 2 0 2 4 17 18 2 13 6 3 17 9 2 17 18 2 17 9 2 0 2 7 5 31 3 0 2 7 0 2 7 0 2 4 0 2 7 0 2 4 0 2 7 0 2 7 0 2 4 1 2 4 1 2 4 1 2 7 1 2 3 0 2 7 1 2 4 1 2 4 0 2 4 1 2 4 1 2 7 1 2 7 0 2 4 0 60.1897426843643188
5 31 3 1 2 7 0 2 7 12 16 2 17 18 2 0 2 7 17 18 2 1 2 7 0 2 7 12 16 2 12 16 2 5 30 3 0 2 7 1 2 7 0 2 7 0 2 7 1 2 7 13 6 3 0 2 7 0 2 7 0 2 4 1 2 7 1 2 4 0 2 7 5 31 3 1 2 7 0 2 7 0 2 7 1 2 7 0 2 7 1 2 7 1 2 7 17 9 2 0 2 7 17 18 2 13 6 3 17 9 2 0 2 7 17 18 2 17 9 2 0 2 7 5 30 3 0 2 7 0 2 7 0 2 7 0 2 7 1 2 4 0 2 4 1 2 7 13 6 3 1 2 7 1 2 7 1 2 7 1 2 7 0 2 4 1 2 7 0 2 7 1 2 4 1 2 7 0 2 4 0 59.7875515222549438
1 2 8 8 18 2 8 9 2 6 2 8 8 9 2 8 18 2 2 3 3 16 19 1 8 18 2 5 30 3 5 30 3 16 19 12 8 9 2 5 30 3 16 15 2 6 2 8 16 19 12 16 15 2 16 19 12 8 18 2 5 30 3 8 9 2 5 30 3 8 18 2 8 18 2 8 18 2 0 2 8 8 18 2 8 18 2 6 2 8 5 30 3 8 18 2 0 2 8 8 9 2 0 2 8 8 18 2 6 2 8 1 2 8 0 2 8 0 2 8 12 16 2 5 30 3 12 16 2 0 2 8 6 2 8 0 2 8 0 2 12 0 2 8 6 2 8 13 6 3 0 2 8 0 2 8 16 19 12 0 2 8 6 2 8 0 2 8 0 2 8 6 2 8 8 18 2 8 9 2 0.0362614148554822602 66.9263944625854492
6 2 3 5 30 3 1 2 7 12 16 2 13 6 3 0 2 7 17 18 2 12 16 2 1 2 7 0 2 7 0 2 3 1 2 7 0 2 7 0 2 7 1 2 7 0 2 7 0 2 3 1 2 7 0 2 7 0 2 7 17 9 2 0 2 7 1 2 7 17 18 2 12 16 2 0 2 7 1 2 7 5 31 3 0 2 3 1 2 7 0 2 4 0 2 7 0 2 7 13 6 3 0 2 7 0 2 7 0 2 7 1 2 7 5 30 3 5 30 3 16 6 2 17 18 2 6 2 7 5 30 3 16 15 2 0 2 7 0 2 7 5 31 3 1 2 7 0 2 7 0 2 7 1 2 7 0 2 7 5 30 3 0 2 7 0 2 7 8 18 2 0 2 7 16 30 2 0 2 7 0 61.1668123602867126
5 30 3 0 2 7 6 2 7 12 16 2 1 2 3 1 2 7 17 18 2 0 2 3 0 2 3 12 16 2 5 30 3 0 2 3 1 2 7 1 2 7 0 2 3 0 2 7 1 2 7 0 2 3 0 2 7 0 2 3 0 2 7 0 2 7 0 2 7 5 31 3 0 2 7 1 2 7 0 2 7 1 2 7 0 2 7 0 2 11 17 18 2 0 2 3 0 2 7 0 2 7 5 30 3 0 2 7 0 2 7 0 2 7 0 2 3 0 2 7 12 16 2 16 6 2 16 19 11 16 6 2 5 31 3 13 6 3 1 2 7 16 19 11 1 2 7 5 30 3 0 2 3 17 18 2 0 2 7 0 2 4 0 2 4 1 2 7 1 2 7 8 9 2 6 2 4 1 2 7 0 62.3479545116424561
5 31 3 1 2 7 0 2 7 12 16 2 17 18 2 0 2 7 17 18 2 1 2 7 0 2 7 12 16 2 12 16 2 5 30 3 0 2 7 1 2 7 0 2 7 0 2 7 1 2 7 13 6 3 0 2 7 0 2 7 0 2 4 1 2 7 1 2 4 0 2 7 5 31 3 1 2 7 0 2 7 0 2 7 1 2 7 0 2 7 1 2 7 1 2 7 17 9 2 0 2 7 17 18 2 13 6 3 17 9 2 0 2 7 17 18 2 17 9 2 0 2 7 5 30 3 0 2 7 0 2 7 0 2 7 0 2 7 1 2 4 0 2 7 1 2 4 0 2 4 1 2 7 13 6 3 1 2 7 1 2 7 1 2 7 1 2 7 0 2 4 1 2 7 1 2 7 0 2 4 0 59.7875515222549438
5 31 3 1 2 7 0 2 4 12 16 2 17 18 2 0 2 7 17 18 2 1 2 7 0 2 7 12 16 2 12 16 2 5 30 3 0 2 7 1 2 7 0 2 7 0 2 7 1 2 7 13 6 3 0 2 7 0 2 7 1 2 7 1 2 4 1 2 7 5 31 3 1 2 7 0 2 7 0 2 7 1 2 7 1 2 7 1 2 7 17 9 2 0 2 7 17 18 2 13 6 3 1 2 7 17 9 2 0 2 7 17 18 2 17 9 2 0 2 7 5 30 3 0 2 7 0 2 7 0 2 7 0 2 7 0 2 7 1 2 4 0 2 7 13 6 3 1 2 4 1 2 7 0 2 7 1 2 7 0 2 7 0 2 4 0 2 4 1 2 7 0 2 7 1 2 4 1 2 7 0 59.7875515222549438
5 31 3 0 2 7 0 2 4 12 16 2 17 18 2 1 2 7 17 18 2 0 2 7 0 2 7 12 16 2 12 16 2 5 30 3 1 2 4 1 2 7 1 2 7 0 2 7 13 6 3 0 2 7 1 2 4 0 2 7 1 2 7 1 2 7 5 30 3 1 2 7 0 2 7 0 2 7 0 2 7 0 2 7 1 2 7 17 9 2 17 18 2 13 6 3 17 9 2 17 18 2 17 9 2 0 2 7 5 31 3 0 2 7 0 2 7 0 2 7 0 2 7 0 2 7 1 2 7 1 2 7 1 2 7 0 2 7 1 2 4 1 2 4 1 2 7 1 2 7 0 2 4 13 6 3 1 2 7 1 2 7 0 2 7 0 2 7 1 2 7 0 2 4 0 2 7 0 2 7 0 59.7875515222549438
5 31 3 1 2 4 0 2 4 12 16 2 17 18 2 0 2 7 17 18 2 1 2 4 0 2 7 12 16 2 12 16 2 5 30 3 0 2 7 1 2 7 0 2 7 0 2 7 1 2 7 13 6 3 0 2 7 0 2 7 1 2 7 1 2 4 1 2 7 5 31 3 1 2 7 0 2 7 0 2 7 1 2 7 1 2 7 1 2 7 17 9 2 0 2 7 17 18 2 13 6 3 1 2 7 17 9 2 13 6 3 0 2 7 17 18 2 17 9 2 0 2 7 5 30 3 1 2 7 1 2 7 0 2 7 0 2 7 0 2 7 0 2 7 0 2 7 1 2 4 0 2 7 1 2 7 0 2 7 0 2 7 1 2 4 0 2 7 1 2 4 0 2 7 1 2 7 0 2 7 0 59.7875515222549438
5 31 3 1 2 7 0 2 4 12 16 2 17 18 2 0 2 7 17 18 2 1 2 7 0 2 7 12 16 2 12 16 2 5 30 3 0 2 7 1 2 7 0 2 7 0 2 7 1 2 7 13 6 3 0 2 7 0 2 4 0 2 7 1 2 7 1 2 4 1 2 7 5 31 3 1 2 7 0 2 7 0 2 7 1 2 7 1 2 7 1 2 7 17 9 2 0 2 7 17 18 2 13 6 3 1 2 7 17 9 2 0 2 7 17 18 2 17 9 2 0 2 7 5 30 3 0 2 7 0 2 7 0 2 7 0 2 7 0 2 7 1 2 4 0 2 7 0 2 4 13 6 3 1 2 4 1 2 7 0 2 7 1 2 7 1 2 7 0 2 7 1 2 7 0 2 4 1 2 7 0 59.7875515222549438
5 31 3 1 2 4 0 2 4 12 16 2 17 18 2 0 2 7 17 18 2 1 2 4 0 2 7 12 16 2 12 16 2 5 30 3 0 2 7 1 2 7 0 2 7 0 2 7 1 2 7 13 6 3 0 2 4 0 2 7 1 2 7 1 2 4 1 2 7 5 31 3 1 2 7 0 2 7 0 2 7 1 2 7 1 2 7 1 2 7 17 9 2 0 2 7 17 18 2 13 6 3 1 2 7 17 9 2 13 6 3 0 2 7 17 18 2 17 9 2 0 2 7 5 30 3 1 2 7 1 2 7 0 2 7 0 2 7 0 2 7 0 2 7 0 2 7 1 2 4 0 2 7 1 2 7 0 2 7 0 2 7 0 2 7 1 2 7 0 2 4 1 2 7 1 2 7 0 2 7 0 59.7875515222549438
5 30 3 1 2 3 0 2 7 12 16 2 17 18 2 1 2 3 17 18 2 0 2 7 12 16 2 12 16 2 5 30 3 0 2 7 1 2 7 1 2 7 1 2 7 0 2 7 13 6 3 0 2 7 0 2 4 0 2 7 0 2 3 5 30 3 1 2 7 5 31 3 0 2 7 0 2 3 0 2 3 1 2 7 0 2 7 0 2 7 1 2 7 0 2 7 0 2 7 5 30 3 0 2 7 0 2 3 1 2 7 0 2 7 0 2 7 1 2 7 1 2 7 17 9 2 0 2 7 0 2 7 1 2 7 16 19 11 8 9 2 0 2 7 1 2 7 0 2 4 0 2 7 16 30 2 1 2 7 0 2 7 0 2 3 16 30 2 0 2 7 0 2 4 5 31 3 16 19 11 0 61.9250144958496094
5 31 3 1 2 4 0 2 4 12 16 2 17 18 2 0 2 7 17 18 2 1 2 4 0 2 7 12 16 2 12 16 2 5 30 3 0 2 7 1 2 7 0 2 7 0 2 7 1 2 7 13 6 3 0 2 7 0 2 7 1 2 7 1 2 4 1 2 7 5 31 3 1 2 7 0 2 7 0 2 7 1 2 7 1 2 7 1 2 7 17 9 2 0 2 7 17 18 2 13 6 3 1 2 7 17 9 2 13 6 3 0 2 7 17 18 2 17 9 2 0 2 7 5 30 3 1 2 7 1 2 7 0 2 7 0 2 7 0 2 7 0 2 7 0 2 7 1 2 7 0 2 7 1 2 7 0 2 7 0 2 7 0 2 7 1 2 7 1 2 4 1 2 4 0 2 7 0 2 4 0 59.7875515222549438
5 31 3 0 2 7 0 2 4 12 16 2 17 18 2 1 2 7 17 18 2 0 2 7 0 2 7 12 16 2 12 16 2 5 30 3 0 2 4 1 2 7 1 2 4 1 2 7 0 2 7 13 6 3 0 2 7 1 2 4 0 2 7 1 2 7 1 2 7 1 2 3 5 30 3 1 2 7 0 2 7 0 2 7 0 2 7 0 2 7 1 2 7 17 9 2 0 2 4 17 18 2 13 6 3 17 9 2 17 18 2 17 9 2 0 2 7 5 31 3 0 2 7 0 2 7 0 2 4 0 2 7 0 2 4 0 2 7 0 2 7 0 2 4 1 2 4 1 2 4 1 2 7 1 2 3 0 2 7 1 2 4 1 2 4 0 2 4 1 2 4 1 2 7 1 2 7 0 2 4 0 60.1897426843643188
6 2 3 5 30 3 1 2 7 12 16 2 13 6 3 0 2 7 17 18 2 12 16 2 1 2 7 0 2 7 0 2 3 1 2 7 0 2 7 0 2 7 1 2 7 0 2 7 0 2 3 1 2 7 0 2 7 0 2 7 17 9 2 0 2 7 1 2 7 17 18 2 12 16 2 0 2 7 1 2 7 5 31 3 0 2 3 1 2 7 0 2 4 0 2 7 0 2 7 13 6 3 0 2 7 0 2 7 0 2 7 1 2 7 5 30 3 5 30 3 16 6 2 17 18 2 6 2 7 5 30 3 16 15 2 0 2 7 0 2 7 5 31 3 1 2 7 0 2 7 0 2 7 1 2 7 0 2 7 5 30 3 0 2 7 0 2 7 8 18 2 0 2 7 16 30 2 0 2 7 0 61.1668123602867126
5 30 3 5 30 3 12 16 2 12 16 2 13 6 3 1 2 8 1 2 7 8 9 2 6 2 8 1 2 7 8 18 2 2 3 3 0 2 7 8 18 2 16 19 12 17 18 2 5 30 3 16 15 2 6 2 8 16 19 12 1 2 4 16 19 12 8 18 2 5 30 3 8 9 2 0 2 7 8 18 2 8 18 2 0 2 7 0 2 8 1 2 7 1 2 7 6 2 8 0 2 7 17 9 2 0 2 7 0 2 7 1 2 7 8 18 2 6 2 8 1 2 4 0 2 8 0 2 8 5 30 3 0 2 7 6 2 8 0 2 7 1 2 7 0 2 7 6 2 8 0 2 8 0 2 7 0 2 7 0 2 8 0 2 7 0 2 4 0 2 8 17 9 2 8 18 2 8 9 2 0.0118443764371289895 63.7268705368041992
5 31 3 0 2 7 0 2 4 12 16 2 17 18 2 1 2 7 17 18 2 0 2 7 0 2 7 12 16 2 12 16 2 5 30 3 0 2 4 1 2 7 1 2 4 1 2 7 0 2 7 13 6 3 0 2 7 1 2 4 0 2 7 1 2 7 1 2 7 5 30 3 1 2 4 0 2 7 0 2 7 0 2 7 0 2 7 1 2 4 17 9 2 17 18 2 13 6 3 17 9 2 17 18 2 17 9 2 0 2 7 5 31 3 0 2 7 0 2 7 0 2 7 0 2 7 1 2 4 1 2 7 0 2 7 1 2 7 1 2 7 1 2 7 1 2 7 0 2 7 1 2 7 0 2 7 13 6 3 0 2 7 1 2 7 1 2 7 0 2 7 0 2 7 1 2 7 0 2 7 0 59.7875515222549438
5 30 3 5 30 3 12 16 2 12 16 2 13 6 3 1 2 8 1 2 7 8 9 2 6 2 8 1 2 7 8 18 2 2 3 3 0 2 7 8 18 2 16 19 12 17 18 2 5 30 3 16 15 2 6 2 8 16 19 12 1 2 4 16 19 12 8 18 2 5 30 3 8 9 2 0 2 7 8 18 2 8 18 2 0 2 7 0 2 8 1 2 7 1 2 7 6 2 8 0 2 7 17 9 2 0 2 7 0 2 7 1 2 7 8 18 2 6 2 8 1 2 4 0 2 8 0 2 8 5 30 3 0 2 7 6 2 8 0 2 7 1 2 7 0 2 7 6 2 8 0 2 8 0 2 7 0 2 7 0 2 8 0 2 7 0 2 4 0 2 8 17 9 2 8 18 2 8 9 2 0.0118443764371289895 63.7268705368041992
5 31 3 1 2 7 0 2 7 12 16 2 17 18 2 0 2 7 17 18 2 1 2 7 0 2 7 12 16 2 12 16 2 5 30 3 0 2 7 1 2 7 0 2 7 0 2 7 0 2 7 13 6 3 1 2 4 1 2 4 1 2 7 5 31 3 1 2 7 0 2 7 0 2 7 1 2 7 1 2 7 17 9 2 0 2 7 17 18 2 13 6 3 1 2 7 17 9 2 17 18 2 17 9 2 0 2 7 5 30 3 1 2 7 1 2 7 0 2 7 0 2 7 0 2 7 1 2 7 0 2 7 0 2 7 0 2 7 0 2 7 0 2 7 1 2 7 1 2 4 13 6 3 1 2 7 1 2 7 0 2 7 0 2 4 1 2 4 1 2 4 0 2 4 0 2 7 0 2 7 0 59.7875515222549438
5 31 3 1 2 4 0 2 4 12 16 2 17 18 2 0 2 7 17 18 2 1 2 4 0 2 7 12 16 2 12 16 2 5 30 3 0 2 7 1 2 7 0 2 7 0 2 7 1 2 7 13 6 3 0 2 7 1 2 7 1 2 4 1 2 7 5 31 3 1 2 7 0 2 7 0 2 7 1 2 7 0 2 7 1 2 7 17 9 2 0 2 7 17 18 2 13 6 3 1 2 7 17 9 2 13 6 3 0 2 7 17 18 2 17 9 2 0 2 7 5 30 3 1 2 7 1 2 7 0 2 7 0 2 7 0 2 7 0 2 7 0 2 7 1 2 4 0 2 7 1 2 7 0 2 7 0 2 7 0 2 7 1 2 7 0 2 7 1 2 4 1 2 7 0 2 7 1 2 4 0 59.7875515222549438
5 31 3 1 2 4 0 2 4 12 16 2 17 18 2 0 2 4 17 18 2 1 2 7 0 2 7 12 16 2 12 16 2 5 30 3 0 2 7 1 2 7 0 2 7 0 2 4 13 6 3 1 2 7 1 2 7 1 2 7 5 31 3 1 2 7 0 2 7 0 2 7 1 2 7 1 2 7 17 9 2 0 2 7 17 18 2 13 6 3 1 2 7 17 9 2 13 6 3 17 18 2 17 9 2 0 2 7 5 30 3 1 2 4 0 2 7 0 2 7 0 2 7 1 2 7 1 2 7 1 2 7 0 2 7 1 2 7 0 2 7 0 2 7 0 2 7 0 2 7 0 2 7 0 2 7 0 2 4 1 2 7 1 2 7 0 2 4 1 2 7 0 2 7 0 2 7 1 2 7 0 59.7875515222549438
5 31 3 1 2 4 0 2 4 12 16 2 17 18 2 0 2 7 17 18 2 1 2 4 0 2 7 12 16 2 12 16 2 5 30 3 0 2 7 1 2 7 0 2 7 0 2 7 1 2 7 13 6 3 0 2 7 1 2 7 1 2 4 1 2 7 5 31 3 1 2 7 0 2 7 0 2 7 1 2 7 0 2 7 1 2 7 17 9 2 0 2 7 17 18 2 13 6 3 1 2 7 17 9 2 13 6 3 0 2 7 17 18 2 17 9 2 0 2 7 5 30 3 1 2 7 1 2 7 0 2 7 0 2 7 0 2 7 0 2 7 0 2 7 1 2 4 0 2 7 1 2 7 0 2 7 0 2 7 0 2 7 1 2 7 0 2 7 1 2 4 1 2 7 1 2 7 0 2 4 0 59.7875515222549438
5 31 3 0 2 7 0 2 4 12 16 2 17 18 2 1 2 7 17 18 2 0 2 7 0 2 7 12 16 2 1 2 7 5 30 3 0 2 4 1 2 7 1 2 4 1 2 7 0 2 7 13 6 3 0 2 7 1 2 4 0 2 7 1 2 7 1 2 7 5 30 3 1 2 4 0 2 7 0 2 7 0 2 7 0 2 7 1 2 3 17 9 2 17 18 2 13 6 3 17 9 2 17 18 2 17 9 2 0 2 7 5 31 3 0 2 7 0 2 7 0 2 7 0 2 7 1 2 4 1 2 7 0 2 7 1 2 7 1 2 7 1 2 7 1 2 7 0 2 7 0 2 4 0 2 4 0 2 4 1 2 3 0 2 7 1 2 4 1 2 3 1 2 7 0 2 4 0 2 4 0 60.1313927173614502
5 31 3 0 2 7 1 2 4 12 16 2 17 18 2 1 2 11 17 18 2 0 2 7 0 2 7 12 16 2 12 16 2 5 30 3 0 2 7 1 2 7 1 2 7 0 2 7 13 6 3 0 2 7 0 2 7 1 2 7 1 2 7 5 30 3 0 2 7 0 2 7 6 2 7 0 2 7 17 9 2 17 18 2 13 6 3 0 2 7 5 31 3 0 2 7 0 2 7 0 2 7 0 2 7 1 2 7 0 2 7 1 2 7 1 2 7 1 2 7 0 2 7 1 2 7 16 6 2 17 1 2 0 2 7 0 2 4 0 2 7 6 2 7 17 9 2 0 2 4 5 31 3 5 30 3 12 16 2 6 2 7 0 2 7 1 2 7 0 2 7 0 2 7 0 2 4 0 2 7 0 60.8037053942680359
5 31 3 0 2 7 12 16 2 17 18 2 0 2 4 17 1 2 6 2 7 0 2 7 12 16 2 12 16 2 5 30 3 0 2 7 1 2 7 0 2 7 0 2 7 0 2 7 12 16 2 1 2 7 1 2 7 5 31 3 1 2 7 0 2 7 0 2 7 0 2 7 0 2 7 17 9 2 0 2 7 17 18 2 13 6 3 1 2 7 1 2 7 5 30 3 1 2 7 0 2 7 0 2 7 0 2 7 0 2 7 1 2 7 0 2 4 0 2 7 0 2 7 0 2 7 0 2 7 0 2 7 0 2 7 0 2 7 16 6 2 5 30 3 5 30 3 16 30 2 13 6 3 0 2 7 17 18 2 5 31 3 6 2 7 6 2 7 0 2 7 5 30 3 0 2 7 1 2 7 0 61.0978793501853943
5 31 3 1 2 4 0 2 7 12 16 2 17 18 2 0 2 4 17 18 2 1 2 7 0 2 7 12 16 2 12 16 2 5 30 3 0 2 7 1 2 7 0 2 4 0 2 7 0 2 7 13 6 3 1 2 7 1 2 4 1 2 7 5 31 3 1 2 7 0 2 7 0 2 7 1 2 7 1 2 7 17 9 2 0 2 7 17 18 2 13 6 3 1 2 7 17 9 2 13 6 3 17 18 2 17 9 2 0 2 7 5 30 3 1 2 7 0 2 7 0 2 7 0 2 7 1 2 7 1 2 7 1 2 7 0 2 7 1 2 7 0 2 7 0 2 7 0 2 7 1 2 7 0 2 7 0 2 7 1 2 7 0 2 4 1 2 7 1 2 7 0 2 4 0 2 7 0 2 4 0 59.7875515222549438
5 31 3 1 2 4 0 2 7 12 16 2 17 18 2 1 2 7 17 18 2 1 2 4 0 2 7 12 16 2 12 16 2 5 30 3 0 2 7 1 2 7 0 2 4 0 2 7 1 2 7 13 6 3 0 2 7 1 2 7 1 2 7 1 2 7 5 31 3 1 2 7 0 2 7 0 2 4 1 2 7 0 2 7 1 2 7 17 9 2 0 2 7 17 18 2 13 6 3 1 2 7 17 9 2 13 6 3 0 2 7 17 18 2 17 9 2 0 2 7 5 30 3 1 2 7 1 2 7 0 2 7 0 2 7 0 2 7 0 2 7 0 2 7 0 2 7 1 2 4 0 2 7 0 2 7 1 2 7 1 2 7 1 2 7 0 2 4 0 2 4 0 2 7 0 2 7 1 2 7 0 59.7875515222549438
5 31 3 0 2 7 0 2 4 12 16 2 17 18 2 1 2 7 17 18 2 0 2 7 0 2 7 12 16 2 1 2 7 5 30 3 0 2 4 1 2 7 1 2 4 1 2 7 0 2 7 13 6 3 0 2 7 1 2 4 0 2 7 1 2 7 1 2 7 5 30 3 1 2 4 0 2 7 0 2 7 0 2 7 0 2 7 1 2 3 17 9 2 17 18 2 13 6 3 17 9 2 17 18 2 17 9 2 0 2 7 5 31 3 0 2 7 0 2 7 0 2 7 0 2 7 1 2 4 1 2 7 0 2 7 1 2 7 1 2 7 1 2 7 1 2 7 0 2 7 0 2 4 0 2 4 0 2 4 1 2 3 0 2 7 1 2 4 1 2 3 1 2 7 0 2 4 0 2 4 0 60.1313927173614502
5 31 3 1 2 4 0 2 4 12 16 2 17 18 2 0 2 7 17 18 2 1 2 4 0 2 7 12 16 2 12 16 2 5 30 3 0 2 7 1 2 7 0 2 7 0 2 7 1 2 7 13 6 3 0 2 7 1 2 7 1 2 4 1 2 7 5 31 3 1 2 7 0 2 7 0 2 7 1 2 7 0 2 7 1 2 7 17 9 2 0 2 7 17 18 2 13 6 3 1 2 7 17 9 2 13 6 3 0 2 7 17 18 2 17 9 2 0 2 7 5 30 3 1 2 7 1 2 7 0 2 7 0 2 7 0 2 7 0 2 7 0 2 7 1 2 4 0 2 7 1 2 7 0 2 7 0 2 7 0 2 7 1 2 7 0 2 7 1 2 4 1 2 7 1 2 7 0 2 4 0 59.7875515222549438
5 31 3 0 2 7 1 2 4 12 16 2 17 18 2 1 2 11 17 18 2 0 2 7 0 2 7 12 16 2 12 16 2 5 30 3 0 2 7 1 2 7 1 2 7 0 2 7 13 6 3 0 2 7 0 2 7 1 2 7 1 2 7 5 30 3 0 2 7 0 2 7 6 2 7 0 2 7 17 9 2 17 18 2 13 6 3 0 2 7 5 31 3 0 2 7 0 2 7 0 2 7 0 2 7 1 2 7 0 2 7 1 2 7 1 2 7 1 2 7 0 2 7 1 2 7 16 6 2 17 1 2 0 2 7 0 2 4 0 2 7 6 2 7 17 9 2 0 2 4 5 31 3 5 30 3 12 16 2 6 2 7 0 2 7 1 2 7 0 2 7 0 2 7 0 2 4 0 2 7 0 60.8037053942680359
1 2 4 0 2 4 12 16 2 17 18 2 0 2 7 1 2 4 0 2 7 12 16 2 5 30 3 0 2 7 1 2 7 0 2 7 0 2 7 1 2 7 13 6 3 0 2 7 1 2 7 1 2 7 1 2 7 0 2 7 0 2 7 1 2 7 0 2 7 17 9 2 0 2 7 17 9 2 0 2 7 0 2 7 5 30 3 8 18 2 2 3 3 12 16 2 8 18 2 6 2 8 1 2 7 17 18 2 13 6 3 0 2 8 13 6 3 8 18 2 5 30 3 6 2 8 1 2 7 16 19 12 0 2 7 6 2 8 0 2 7 5 30 3 1 2 4 0 2 7 0 2 8 0 2 7 8 9 2 0 2 7 5 30 3 0 2 7 8 18 2 1 2 7 16 15 2 0 2 7 0.00905073453493179456 61.4531768560409546
5 31 3 1 2 4 0 2 7 12 16 2 17 18 2 1 2 7 17 18 2 1 2 4 0 2 7 12 16 2 12 16 2 5 30 3 0 2 7 1 2 7 0 2 4 0 2 7 1 2 7 13 6 3 0 2 7 1 2 7 1 2 7 1 2 7 5 31 3 1 2 7 0 2 7 0 2 4 1 2 7 0 2 7 1 2 7 17 9 2 0 2 7 17 18 2 13 6 3 1 2 7 17 9 2 13 6 3 0 2 7 17 18 2 17 9 2 0 2 7 5 30 3 1 2 7 1 2 7 0 2 7 0 2 7 0 2 7 0 2 7 0 2 7 0 2 7 1 2 4 0 2 7 0 2 7 1 2 7 1 2 7 1 2 7 0 2 4 0 2 4 0 2 7 0 2 7 1 2 7 0 59.7875515222549438
5 31 3 1 2 7 0 2 4 12 16 2 17 18 2 0 2 7 17 18 2 1 2 4 0 2 7 12 16 2 12 16 2 5 30 3 0 2 7 1 2 7 0 2 7 0 2 7 1 2 7 13 6 3 0 2 7 1 2 7 1 2 7 0 2 7 5 31 3 1 2 7 0 2 7 0 2 7 1 2 7 1 2 7 1 2 7 17 9 2 0 2 7 17 18 2 13 6 3 1 2 7 17 9 2 13 6 3 0 2 7 17 18 2 17 9 2 0 2 7 5 30 3 0 2 7 1 2 4 0 2 7 0 2 7 0 2 4 0 2 7 0 2 4 0 2 7 1 2 7 0 2 7 0 2 7 1 2 7 1 2 4 1 2 7 0 2 7 1 2 7 1 2 4 0 2 7 1 2 7 0 59.7875515222549438
5 31 3 1 2 4 0 2 4 12 16 2 17 18 2 0 2 7 17 18 2 1 2 4 0 2 7 12 16 2 12 16 2 5 30 3 0 2 7 1 2 7 0 2 7 0 2 7 1 2 7 13 6 3 0 2 7 1 2 7 1 2 4 1 2 7 5 31 3 1 2 7 0 2 7 0 2 7 1 2 7 0 2 7 1 2 7 17 9 2 0 2 7 17 18 2 13 6 3 1 2 7 17 9 2 13 6 3 0 2 7 17 18 2 17 9 2 0 2 7 5 30 3 1 2 7 1 2 7 0 2 7 0 2 7 0 2 7 0 2 7 0 2 7 1 2 4 0 2 7 1 2 7 0 2 7 0 2 7 0 2 7 1 2 7 0 2 7 1 2 4 1 2 7 1 2 7 0 2 4 0 59.7875515222549438
5 31 3 1 2 4 0 2 7 12 16 2 17 18 2 1 2 7 17 18 2 1 2 4 0 2 7 12 16 2 12 16 2 5 30 3 0 2 7 1 2 7 0 2 4 0 2 7 1 2 7 13 6 3 0 2 7 1 2 7 1 2 7 1 2 7 5 31 3 1 2 7 0 2 7 0 2 4 1 2 7 0 2 7 1 2 7 17 9 2 0 2 7 17 18 2 13 6 3 1 2 7 17 9 2 13 6 3 0 2 7 17 18 2 17 9 2 0 2 7 5 30 3 1 2 7 1 2 7 0 2 7 0 2 7 0 2 7 0 2 7 0 2 7 0 2 7 1 2 4 0 2 7 0 2 7 1 2 7 1 2 7 1 2 7 0 2 4 0 2 4 0 2 7 0 2 7 1 2 7 0 59.7875515222549438
5 31 3 0 2 7 1 2 4 12 16 2 17 18 2 1 2 11 17 18 2 0 2 7 0 2 7 12 16 2 12 16 2 5 30 3 0 2 7 1 2 7 1 2 7 0 2 7 13 6 3 0 2 7 0 2 7 1 2 7 1 2 7 5 30 3 0 2 7 0 2 7 6 2 7 0 2 7 17 9 2 17 18 2 13 6 3 0 2 7 5 31 3 0 2 7 0 2 7 0 2 7 0 2 7 1 2 7 0 2 7 1 2 7 1 2 7 1 2 7 0 2 7 1 2 7 16 6 2 17 1 2 0 2 7 0 2 4 0 2 7 6 2 7 17 9 2 0 2 4 5 31 3 5 30 3 12 16 2 6 2 7 0 2 7 1 2 7 0 2 7 0 2 7 0 2 4 0 2 7 0 60.8037053942680359
5 31 3 1 2 4 0 2 7 12 16 2 17 18 2 0 2 7 17 18 2 1 2 7 1 2 7 12 16 2 5 30 3 0 2 7 1 2 7 0 2 7 0 2 7 1 2 4 13 6 3 0 2 7 1 2 7 1 2 7 1 2 7 5 31 3 1 2 7 0 2 7 0 2 7 1 2 4 0 2 7 1 2 7 17 9 2 0 2 7 17 18 2 13 6 3 1 2 7 17 9 2 17 18 2 17 9 2 0 2 7 5 30 3 0 2 7 1 2 7 0 2 7 0 2 7 0 2 7 0 2 7 0 2 4 0 2 7 1 2 7 0 2 7 0 2 7 1 2 7 0 2 4 1 2 4 12 16 2 13 6 3 0 2 7 0 2 7 1 2 7 1 2 7 1 2 7 0 2 4 0 59.7875515222549438
0 2 7 1 2 7 12 16 2 1 2 7 0 2 7 12 16 2 1 2 7 0 2 11 12 16 2 5 30 3 0 2 7 0 2 7 0 2 7 0 2 7 1 2 7 16 19 11 1 2 7 0 2 7 0 2 7 0 2 7 6 2 7 0 2 7 1 2 7 16 19 11 0 2 7 5 30 3 17 9 2 0 2 7 13 6 3 8 18 2 5 30 3 0 2 7 5 31 3 1 2 7 0 2 4 0 2 7 0 2 7 1 2 7 0 2 7 0 2 7 12 16 2 5 30 3 0 2 7 0 2 7 17 9 2 0 2 7 5 30 3 0 2 7 8 18 2 17 9 2 5 30 3 1 2 7 5 31 3 0 2 7 0 2 7 0 2 7 16 19 11 16 30 2 0 2 7 0 2 7 0 62.6066791415214539
5 31 3 1 2 4 0 2 7 12 16 2 17 18 2 0 2 7 17 18 2 1 2 7 1 2 7 12 16 2 5 30 3 0 2 7 1 2 7 0 2 7 0 2 7 1 2 4 13 6 3 0 2 7 1 2 7 1 2 7 1 2 7 5 31 3 1 2 7 0 2 7 0 2 7 1 2 4 0 2 4 1 2 7 17 9 2 0 2 7 17 18 2 13 6 3 1 2 7 17 9 2 17 18 2 17 9 2 0 2 7 5 30 3 0 2 7 1 2 7 0 2 7 0 2 7 0 2 7 0 2 7 0 2 4 0 2 7 1 2 7 12 16 2 13 6 3 0 2 7 0 2 7 0 2 7 0 2 7 1 2 7 1 2 7 1 2 7 0 2 4 1 2 7 0 2 4 1 2 7 0 59.7875515222549438
5 31 3 1 2 4 0 2 7 12 16 2 17 18 2 0 2 7 17 18 2 1 2 7 1 2 7 12 16 2 5 30 3 0 2 7 1 2 7 0 2 7 0 2 7 1 2 4 13 6 3 0 2 7 1 2 7 1 2 7 1 2 7 5 31 3 1 2 7 0 2 7 0 2 7 1 2 4 0 2 4 1 2 7 17 9 2 0 2 7 17 18 2 13 6 3 1 2 7 17 9 2 17 18 2 17 9 2 0 2 7 5 30 3 0 2 7 1 2 7 0 2 7 0 2 7 0 2 7 0 2 7 0 2 4 0 2 7 1 2 7 12 16 2 13 6 3 0 2 7 0 2 7 0 2 7 0 2 7 1 2 7 1 2 7 1 2 7 0 2 4 1 2 7 0 2 4 1 2 7 0 59.7875515222549438
5 31 3 0 2 7 1 2 4 12 16 2 17 18 2 1 2 11 17 18 2 0 2 7 0 2 7 12 16 2 12 16 2 5 30 3 0 2 7 1 2 7 1 2 7 0 2 7 13 6 3 0 2 7 0 2 7 1 2 7 1 2 7 5 30 3 0 2 7 0 2 7 6 2 7 0 2 7 17 9 2 17 18 2 13 6 3 0 2 7 5 31 3 0 2 7 0 2 7 0 2 7 0 2 7 1 2 7 0 2 7 1 2 7 1 2 7 1 2 7 0 2 7 1 2 7 16 6 2 17 1 2 0 2 7 0 2 4 0 2 7 6 2 7 17 9 2 0 2 4 5 31 3 5 30 3 12 16 2 6 2 7 0 2 7 1 2 7 0 2 7 0 2 7 0 2 4 0 2 7 0 60.8037053942680359
5 31 3 1 2 4 0 2 7 12 16 2 17 18 2 0 2 7 17 18 2 1 2 7 1 2 7 12 16 2 5 30 3 0 2 7 1 2 7 0 2 7 0 2 7 1 2 4 13 6 3 0 2 7 1 2 7 1 2 7 1 2 7 5 31 3 1 2 7 0 2 7 0 2 7 1 2 4 0 2 4 1 2 7 17 9 2 0 2 7 17 18 2 13 6 3 1 2 7 17 9 2 17 18 2 17 9 2 0 2 7 5 30 3 0 2 7 1 2 7 0 2 7 0 2 7 0 2 7 0 2 7 0 2 4 0 2 7 1 2 7 12 16 2 13 6 3 0 2 7 0 2 7 0 2 7 0 2 7 1 2 7 1 2 7 1 2 7 0 2 4 1 2 7 0 2 4 1 2 7 0 59.7875515222549438
5 31 3 0 2 7 0 2 4 12 16 2 17 18 2 1 2 7 17 18 2 0 2 7 0 2 7 12 16 2 1 2 7 5 30 3 0 2 4 1 2 7 1 2 4 1 2 7 0 2 7 13 6 3 0 2 7 1 2 4 0 2 7 1 2 7 1 2 7 5 30 3 1 2 4 0 2 7 0 2 7 0 2 7 0 2 7 1 2 3 17 9 2 17 18 2 13 6 3 17 9 2 17 18 2 17 9 2 0 2 7 5 31 3 0 2 7 0 2 7 0 2 7 0 2 7 1 2 4 1 2 7 0 2 7 1 2 7 1 2 7 1 2 7 1 2 7 0 2 7 0 2 4 0 2 4 0 2 4 1 2 3 0 2 7 1 2 4 1 2 3 1 2 7 0 2 4 0 2 4 0 60.1313927173614502
5 30 3 0 2 7 1 2 7 12 16 2 17 18 2 1 2 7 17 18 2 1 2 7 12 16 2 5 31 3 1 2 7 1 2 7 0 2 7 0 2 7 0 2 7 12 16 2 0 2 7 1 2 7 0 2 7 1 2 7 5 30 3 1 2 7 0 2 7 0 2 7 1 2 7 0 2 7 0 2 7 17 1 2 0 2 7 8 9 2 13 6 3 17 9 2 0 2 7 0 2 7 5 31 3 0 2 7 0 2 4 1 2 7 0 2 4 0 2 7 0 2 4 0 2 7 12 16 2 0 2 1 0 2 7 0 2 7 6 2 7 0 2 7 0 2 7 1 2 3 0 2 7 1 2 7 17 9 2 17 18 2 1 2 7 13 6 3 12 16 2 16 6 2 1 2 7 1 2 7 0 60.7154534459114075
5 31 3 1 2 4 0 2 7 12 16 2 17 18 2 0 2 7 17 18 2 1 2 7 1 2 7 12 16 2 5 30 3 0 2 7 1 2 7 0 2 7 0 2 7 1 2 4 13 6 3 0 2 7 1 2 7 1 2 7 1 2 7 5 31 3 1 2 7 0 2 7 0 2 7 1 2 4 0 2 7 1 2 7 17 9 2 0 2 7 17 18 2 13 6 3 1 2 7 17 9 2 17 18 2 17 9 2 0 2 7 5 30 3 0 2 7 1 2 7 0 2 7 0 2 7 0 2 7 0 2 7 0 2 4 0 2 7 1 2 7 0 2 7 0 2 7 1 2 7 0 2 4 12 16 2 13 6 3 0 2 7 1 2 7 1 2 7 1 2 7 0 2 4 1 2 7 0 2 4 0 59.7875515222549438
5 31 3 1 2 4 0 2 7 12 16 2 17 18 2 0 2 7 17 18 2 1 2 7 1 2 7 12 16 2 5 30 3 0 2 7 1 2 7 0 2 7 0 2 7 1 2 4 13 6 3 0 2 7 1 2 7 1 2 7 1 2 7 5 31 3 1 2 7 0 2 7 0 2 7 1 2 4 0 2 4 1 2 7 17 9 2 0 2 7 17 18 2 13 6 3 1 2 7 17 9 2 1 2 4 17 18 2 17 9 2 0 2 7 5 30 3 0 2 7 1 2 7 0 2 7 0 2 7 0 2 7 0 2 7 0 2 4 0 2 7 1 2 7 12 16 2 13 6 3 0 2 7 0 2 7 0 2 7 1 2 4 0 2 7 0 2 7 1 2 7 1 2 7 0 2 7 1 2 7 0 59.7875515222549438
5 31 3 1 2 4 0 2 7 12 16 2 17 18 2 0 2 7 17 18 2 1 2 7 1 2 7 12 16 2 5 30 3 0 2 7 1 2 7 0 2 7 0 2 7 1 2 7 13 6 3 0 2 7 1 2 7 1 2 7 1 2 7 5 31 3 1 2 7 0 2 7 0 2 7 1 2 7 0 2 7 1 2 7 17 9 2 0 2 7 17 18 2 13 6 3 1 2 7 17 9 2 1 2 4 17 18 2 17 9 2 0 2 7 5 30 3 0 2 7 1 2 7 0 2 7 0 2 7 0 2 7 0 2 7 0 2 7 0 2 7 1 2 7 0 2 7 0 2 7 1 2 7 0 2 4 12 16 2 13 6 3 0 2 4 1 2 4 1 2 4 1 2 7 0 2 4 0 2 7 0 59.7875515222549438
5 31 3 0 2 7 1 2 4 12 16 2 17 18 2 1 2 11 17 18 2 0 2 7 0 2 7 12 16 2 12 16 2 5 30 3 0 2 7 1 2 7 1 2 7 0 2 7 13 6 3 0 2 7 0 2 7 1 2 7 1 2 7 5 30 3 0 2 7 0 2 7 6 2 7 0 2 7 17 9 2 17 18 2 13 6 3 0 2 7 5 31 3 0 2 7 0 2 7 0 2 7 0 2 7 1 2 7 0 2 7 1 2 7 1 2 7 1 2 7 0 2 7 1 2 7 16 6 2 17 1 2 0 2 7 0 2 4 0 2 7 6 2 7 17 9 2 0 2 4 5 31 3 5 30 3 12 16 2 6 2 7 0 2 7 1 2 7 0 2 7 0 2 7 0 2 4 0 2 7 0 60.8037053942680359
5 31 3 1 2 4 0 2 7 12 16 2 17 18 2 0 2 7 17 18 2 1 2 7 1 2 7 12 16 2 5 30 3 0 2 7 1 2 7 0 2 7 0 2 7 1 2 7 13 6 3 0 2 7 1 2 7 1 2 7 1 2 7 5 31 3 1 2 7 0 2 7 0 2 7 1 2 7 0 2 7 1 2 7 17 9 2 0 2 7 17 18 2 13 6 3 1 2 7 17 9 2 1 2 4 17 18 2 17 9 2 0 2 7 5 30 3 0 2 7 1 2 7 0 2 7 0 2 7 0 2 7 0 2 7 0 2 7 0 2 7 1 2 7 0 2 7 0 2 7 1 2 7 0 2 4 12 16 2 13 6 3 0 2 4 1 2 4 1 2 7 1 2 4 0 2 7 0 2 4 0 59.7875515222549438
5 31 3 1 2 4 0 2 7 12 16 2 17 18 2 0 2 7 17 18 2 1 2 7 1 2 7 12 16 2 5 30 3 0 2 7 1 2 7 0 2 7 0 2 7 1 2 7 13 6 3 0 2 7 1 2 7 1 2 7 1 2 7 5 31 3 1 2 7 0 2 7 0 2 7 1 2 7 0 2 7 1 2 7 17 9 2 0 2 7 17 18 2 13 6 3 1 2 7 17 9 2 1 2 4 17 18 2 17 9 2 0 2 7 5 30 3 0 2 7 1 2 7 0 2 7 0 2 7 0 2 7 0 2 7 0 2 7 0 2 7 1 2 7 0 2 7 0 2 7 1 2 7 0 2 4 12 16 2 13 6 3 0 2 4 1 2 7 1 2 7 1 2 4 0 2 4 0 2 4 0 59.7875515222549438
5 31 3 0 2 7 0 2 7 12 16 2 17 18 2 1 2 7 17 18 2 0 2 7 0 2 7 12 16 2 1 2 4 5 30 3 0 2 7 1 2 7 1 2 7 1 2 4 0 2 7 13 6 3 0 2 7 1 2 7 0 2 7 1 2 7 5 30 3 1 2 4 12 16 2 0 2 7 0 2 7 0 2 4 17 9 2 17 18 2 13 6 3 17 9 2 17 9 2 0 2 7 5 31 3 0 2 7 0 2 7 0 2 7 1 2 7 1 2 7 1 2 7 1 2 7 1 2 4 0 2 7 0 2 7 0 2 7 17 18 2 0 2 7 0 2 7 0 2 7 0 2 7 1 2 7 1 2 7 13 6 3 1 2 7 0 2 7 1 2 4 1 2 7 1 2 7 0 2 4 0 59.7875515222549438
5 31 3 1 2 7 0 2 7 12 16 2 17 18 2 0 2 7 17 18 2 1 2 7 1 2 7 12 16 2 5 30 3 0 2 7 1 2 4 0 2 7 0 2 7 1 2 7 13 6 3 0 2 7 1 2 7 1 2 7 1 2 7 5 31 3 1 2 7 0 2 7 0 2 7 1 2 7 0 2 7 0 2 7 17 9 2 0 2 7 17 18 2 13 6 3 1 2 4 17 9 2 1 2 4 17 9 2 0 2 7 5 30 3 0 2 7 1 2 7 0 2 7 0 2 7 0 2 7 12 16 2 0 2 4 1 2 7 0 2 4 0 2 7 17 18 2 0 2 7 0 2 7 0 2 7 1 2 7 1 2 7 13 6 3 1 2 7 1 2 4 1 2 4 0 2 7 0 2 7 0 59.7875515222549438
5 31 3 0 2 7 0 2 7 12 16 2 17 18 2 1 2 7 17 18 2 0 2 7 0 2 7 12 16 2 1 2 4 5 30 3 0 2 7 1 2 7 1 2 7 1 2 4 0 2 7 13 6 3 0 2 7 1 2 7 0 2 7 1 2 7 5 30 3 1 2 4 12 16 2 0 2 7 0 2 7 0 2 4 17 9 2 17 18 2 13 6 3 17 9 2 17 9 2 0 2 7 5 31 3 0 2 7 0 2 7 0 2 7 1 2 7 1 2 7 1 2 7 1 2 7 1 2 4 0 2 7 0 2 7 0 2 7 17 18 2 0 2 7 0 2 7 0 2 7 0 2 7 1 2 7 1 2 7 13 6 3 1 2 7 0 2 7 1 2 4 1 2 7 1 2 4 0 2 7 0 59.7875515222549438
5 31 3 0 2 7 0 2 4 12 16 2 17 18 2 1 2 7 17 18 2 0 2 7 0 2 7 12 16 2 1 2 7 5 30 3 0 2 4 1 2 7 1 2 4 1 2 7 0 2 7 13 6 3 0 2 7 1 2 4 0 2 7 1 2 7 1 2 11 5 30 3 1 2 4 0 2 7 0 2 7 0 2 7 0 2 7 17 9 2 17 18 2 13 6 3 17 9 2 17 9 2 0 2 7 5 31 3 0 2 7 0 2 7 0 2 7 1 2 4 1 2 7 1 2 7 1 2 7 1 2 7 1 2 7 0 2 4 0 2 4 0 2 7 1 2 4 1 2 3 0 2 4 0 2 4 1 2 3 17 18 2 0 2 7 0 2 7 0 2 7 1 2 3 0 2 7 6 2 11 0 60.3268857002258301
0 2 7 1 2 7 12 16 2 1 2 7 0 2 7 12 16 2 1 2 7 0 2 11 12 16 2 5 30 3 0 2 7 0 2 7 0 2 7 0 2 7 1 2 7 16 19 11 1 2 7 0 2 7 0 2 7 0 2 7 6 2 7 0 2 7 1 2 7 16 19 11 0 2 7 5 30 3 17 9 2 0 2 7 13 6 3 8 18 2 5 30 3 0 2 7 5 31 3 1 2 7 0 2 4 0 2 7 0 2 7 1 2 7 0 2 7 0 2 7 12 16 2 5 30 3 0 2 7 0 2 7 17 9 2 0 2 7 5 30 3 0 2 7 8 18 2 17 9 2 5 30 3 1 2 7 5 31 3 0 2 7 0 2 7 0 2 7 16 19 11 16 30 2 0 2 7 0 2 7 0 62.6066791415214539
5 31 3 0 2 7 0 2 4 12 16 2 17 18 2 1 2 7 17 18 2 0 2 7 0 2 7 12 16 2 1 2 7 5 30 3 0 2 4 1 2 7 1 2 4 1 2 7 0 2 7 13 6 3 0 2 7 1 2 4 0 2 7 1 2 7 1 2 7 5 30 3 1 2 4 0 2 7 0 2 7 0 2 7 0 2 7 1 2 3 17 9 2 17 18 2 13 6 3 17 9 2 17 18 2 17 9 2 0 2 7 5 31 3 0 2 7 0 2 7 0 2 7 0 2 7 1 2 4 1 2 7 0 2 7 1 2 7 1 2 7 1 2 7 1 2 7 0 2 7 0 2 4 0 2 4 0 2 4 1 2 3 0 2 7 1 2 4 1 2 3 1 2 7 0 2 4 0 2 4 0 60.1313927173614502
5 31 3 1 2 4 0 2 7 12 16 2 17 18 2 0 2 7 17 18 2 1 2 7 1 2 7 12 16 2 5 30 3 0 2 7 1 2 4 0 2 7 0 2 4 1 2 7 13 6 3 0 2 7 1 2 7 1 2 7 1 2 7 5 31 3 1 2 7 0 2 7 0 2 7 1 2 7 0 2 7 1 2 7 17 9 2 0 2 7 17 18 2 13 6 3 1 2 7 17 9 2 17 18 2 17 9 2 0 2 7 5 30 3 0 2 7 1 2 7 0 2 4 0 2 7 0 2 7 0 2 7 0 2 7 0 2 7 1 2 7 0 2 7 0 2 4 12 16 2 13 6 3 1 2 7 0 2 4 1 2 7 0 2 4 1 2 7 0 2 7 1 2 7 0 2 7 1 2 7 0 59.7875515222549438
5 31 3 1 2 4 0 2 7 12 16 2 17 18 2 0 2 7 17 18 2 1 2 7 1 2 7 12 16 2 5 30 3 0 2 7 1 2 7 0 2 7 0 2 7 1 2 7 13 6 3 0 2 7 1 2 7 1 2 7 1 2 7 5 31 3 1 2 7 0 2 7 0 2 7 1 2 7 0 2 7 1 2 7 17 9 2 0 2 7 17 18 2 13 6 3 1 2 7 17 9 2 17 18 2 17 9 2 0 2 7 5 30 3 0 2 7 1 2 7 0 2 7 0 2 7 0 2 7 0 2 7 0 2 7 0 2 7 1 2 7 0 2 4 0 2 4 0 2 4 0 2 7 1 2 7 12 16 2 13 6 3 1 2 7 1 2 4 1 2 4 0 2 7 0 2 7 1 2 4 0 59.7875515222549438
0 2 7 1 2 7 12 16 2 1 2 7 0 2 7 12 16 2 1 2 7 0 2 11 12 16 2 5 30 3 0 2 7 0 2 7 0 2 7 0 2 7 1 2 7 16 19 11 1 2 7 0 2 7 0 2 7 0 2 7 6 2 7 0 2 7 1 2 7 16 19 11 0 2 7 5 30 3 17 9 2 0 2 7 13 6 3 8 18 2 5 30 3 0 2 7 5 31 3 1 2 7 0 2 4 0 2 7 0 2 7 1 2 7 0 2 7 0 2 7 12 16 2 5 30 3 0 2 7 0 2 7 17 9 2 0 2 7 5 30 3 0 2 7 8 18 2 17 9 2 5 30 3 1 2 7 5 31 3 0 2 7 0 2 7 0 2 7 16 19 11 16 30 2 0 2 7 0 2 7 0 62.6066791415214539
5 31 3 1 2 3 0 2 7 12 16 2 17 18 2 0 2 7 17 18 2 1 2 7 1 2 7 12 16 2 5 30 3 0 2 7 1 2 4 0 2 4 0 2 7 1 2 7 13 6 3 0 2 7 1 2 7 1 2 7 1 2 7 5 31 3 1 2 7 0 2 7 0 2 7 1 2 7 0 2 7 1 2 7 17 9 2 0 2 7 17 18 2 13 6 3 1 2 7 17 9 2 17 18 2 17 9 2 0 2 7 5 30 3 0 2 4 1 2 7 0 2 7 0 2 7 0 2 7 0 2 7 0 2 3 0 2 7 1 2 7 0 2 4 0 2 4 0 2 4 0 2 4 0 2 4 0 2 7 1 2 4 1 2 4 0 2 4 1 2 4 1 2 7 1 2 7 1 2 3 0 60.1313927173614502
5 31 3 0 2 7 1 2 4 12 16 2 17 18 2 1 2 11 17 18 2 0 2 7 0 2 7 12 16 2 12 16 2 5 30 3 0 2 7 1 2 7 1 2 7 0 2 7 13 6 3 0 2 7 0 2 7 1 2 7 1 2 7 5 30 3 0 2 7 0 2 7 6 2 7 0 2 7 17 9 2 17 18 2 13 6 3 0 2 7 5 31 3 0 2 7 0 2 7 0 2 7 0 2 7 1 2 7 0 2 7 1 2 7 1 2 7 1 2 7 0 2 7 1 2 7 16 6 2 17 1 2 0 2 7 0 2 4 0 2 7 6 2 7 17 9 2 0 2 4 5 31 3 5 30 3 12 16 2 6 2 7 0 2 7 1 2 7 0 2 7 0 2 7 0 2 4 0 2 7 0 60.8037053942680359
5 31 3 1 2 4 0 2 7 12 16 2 17 18 2 0 2 7 17 18 2 1 2 7 1 2 7 12 16 2 5 30 3 0 2 7 1 2 7 0 2 7 0 2 7 1 2 7 13 6 3 0 2 7 1 2 7 1 2 7 1 2 7 5 31 3 1 2 7 0 2 7 0 2 7 1 2 7 0 2 4 1 2 7 17 9 2 0 2 7 17 18 2 13 6 3 1 2 7 17 9 2 17 18 2 17 9 2 0 2 7 5 30 3 0 2 7 0 2 7 0 2 7 0 2 4 0 2 7 0 2 7 0 2 7 0 2 7 1 2 7 0 2 4 0 2 4 0 2 4 0 2 7 1 2 7 12 16 2 13 6 3 1 2 7 1 2 7 1 2 7 0 2 7 1 2 7 1 2 4 0 59.7875515222549438
5 31 3 0 2 7 0 2 4 12 16 2 17 18 2 1 2 7 17 18 2 0 2 7 0 2 7 12 16 2 1 2 7 5 30 3 0 2 4 1 2 7 1 2 4 1 2 7 0 2 7 13 6 3 0 2 7 1 2 4 0 2 7 1 2 7 1 2 11 5 30 3 1 2 4 0 2 7 0 2 7 0 2 7 0 2 7 17 9 2 17 18 2 13 6 3 17 9 2 17 9 2 0 2 7 5 31 3 0 2 7 0 2 7 0 2 7 1 2 4 1 2 7 1 2 7 1 2 7 1 2 7 1 2 7 0 2 4 0 2 4 0 2 7 1 2 4 1 2 3 0 2 4 0 2 4 1 2 3 17 18 2 0 2 7 0 2 7 0 2 7 1 2 3 0 2 7 6 2 11 0 60.3268857002258301
5 31 3 1 2 4 0 2 7 12 16 2 17 18 2 0 2 7 17 18 2 1 2 7 1 2 7 12 16 2 5 30 3 0 2 7 1 2 7 0 2 7 0 2 7 1 2 7 13 6 3 0 2 7 1 2 7 1 2 7 1 2 7 5 31 3 1 2 7 0 2 7 0 2 7 1 2 7 0 2 7 1 2 7 17 9 2 0 2 7 17 18 2 13 6 3 1 2 7 17 9 2 17 18 2 17 9 2 0 2 7 5 30 3 0 2 7 1 2 7 0 2 7 0 2 7 0 2 7 0 2 7 0 2 7 0 2 7 1 2 7 0 2 4 0 2 4 0 2 4 0 2 7 1 2 7 12 16 2 13 6 3 1 2 7 1 2 4 1 2 4 0 2 7 0 2 7 1 2 4 0 59.7875515222549438
5 31 3 1 2 4 0 2 7 12 16 2 17 18 2 0 2 7 17 18 2 1 2 7 1 2 7 12 16 2 5 30 3 0 2 7 1 2 4 0 2 7 0 2 7 1 2 7 13 6 3 0 2 7 1 2 7 1 2 7 1 2 7 5 31 3 1 2 7 0 2 7 0 2 7 1 2 7 0 2 7 1 2 7 17 9 2 0 2 7 17 18 2 13 6 3 1 2 7 17 9 2 17 18 2 17 9 2 0 2 7 5 30 3 0 2 7 1 2 7 0 2 7 0 2 7 0 2 7 0 2 7 0 2 7 0 2 7 1 2 7 0 2 7 0 2 4 12 16 2 13 6 3 1 2 7 0 2 4 1 2 7 1 2 4 0 2 7 1 2 4 0 2 7 1 2 4 0 2 7 0 59.7875515222549438
5 31 3 1 2 4 0 2 7 12 16 2 17 18 2 0 2 7 17 18 2 1 2 7 1 2 7 12 16 2 5 30 3 0 2 7 1 2 4 0 2 7 0 2 4 1 2 7 13 6 3 0 2 7 1 2 7 1 2 7 1 2 7 5 31 3 1 2 7 0 2 7 0 2 7 1 2 7 0 2 7 1 2 7 17 9 2 0 2 7 17 18 2 13 6 3 1 2 7 17 9 2 17 18 2 17 9 2 0 2 7 5 30 3 0 2 7 1 2 7 0 2 7 0 2 7 0 2 7 0 2 7 0 2 7 0 2 7 1 2 7 0 2 7 0 2 4 12 16 2 13 6 3 1 2 7 0 2 7 1 2 7 0 2 4 1 2 7 0 2 7 1 2 7 0 2 4 1 2 4 0 59.7875515222549438
5 30 3 1 2 7 0 2 7 12 16 2 17 18 2 0 2 7 17 18 2 1 2 4 0 2 4 12 16 2 5 30 3 0 2 7 1 2 7 0 2 7 0 2 4 13 6 3 0 2 7 0 2 7 0 2 7 1 2 4 5 31 3 1 2 7 0 2 4 0 2 7 1 2 7 0 2 7 17 9 2 1 2 7 17 18 2 13 6 3 1 2 7 17 9 2 17 18 2 17 9 2 5 31 3 1 2 4 0 2 7 1 2 7 1 2 7 0 2 7 1 2 7 0 2 7 0 2 7 0 2 7 0 2 7 1 2 7 12 16 2 13 6 3 0 2 7 1 2 7 1 2 7 0 2 7 1 2 7 0 2 7 0 2 4 0 2 7 1 2 7 1 2 7 1 2 7 0 2 7 0 59.7875515222549438
5 31 3 1 2 3 0 2 7 12 16 2 17 18 2 0 2 7 17 18 2 1 2 7 1 2 7 12 16 2 5 30 3 0 2 7 1 2 4 0 2 4 0 2 7 1 2 7 13 6 3 0 2 7 1 2 7 1 2 7 1 2 7 5 31 3 1 2 7 0 2 7 0 2 7 1 2 7 0 2 7 1 2 7 17 9 2 0 2 7 17 18 2 13 6 3 1 2 7 17 9 2 17 18 2 17 9 2 0 2 7 5 30 3 0 2 4 1 2 7 0 2 7 0 2 7 0 2 7 0 2 7 0 2 3 0 2 7 1 2 7 0 2 4 0 2 4 0 2 4 0 2 4 0 2 4 0 2 7 1 2 4 1 2 4 0 2 4 1 2 4 1 2 7 1 2 7 1 2 3 0 60.1313927173614502
5 30 3 1 2 7 0 2 7 12 16 2 17 18 2 0 2 7 17 18 2 1 2 4 0 2 4 12 16 2 5 30 3 0 2 7 1 2 7 0 2 7 0 2 7 13 6 3 0 2 7 0 2 7 0 2 7 1 2 7 5 31 3 1 2 7 0 2 4 0 2 7 1 2 7 0 2 7 17 9 2 1 2 7 17 18 2 13 6 3 1 2 7 17 9 2 17 18 2 17 9 2 5 31 3 1 2 7 0 2 7 1 2 7 1 2 7 0 2 7 1 2 7 0 2 7 0 2 7 0 2 7 0 2 7 1 2 7 12 16 2 13 6 3 0 2 7 1 2 7 1 2 7 0 2 7 1 2 7 0 2 7 1 2 4 0 2 4 1 2 4 0 2 7 0 2 4 1 2 7 0 59.7875515222549438
5 30 3 1 2 7 0 2 7 12 16 2 17 18 2 0 2 7 17 18 2 1 2 4 0 2 4 12 16 2 5 30 3 0 2 7 1 2 7 0 2 7 0 2 7 13 6 3 0 2 7 0 2 7 0 2 7 1 2 7 5 31 3 1 2 7 0 2 4 0 2 7 1 2 7 0 2 7 17 9 2 1 2 7 17 18 2 13 6 3 1 2 7 17 9 2 17 18 2 17 9 2 5 31 3 1 2 4 0 2 7 1 2 7 1 2 7 0 2 7 1 2 7 0 2 7 0 2 7 0 2 7 0 2 7 1 2 7 12 16 2 13 6 3 0 2 7 1 2 7 1 2 7 0 2 7 1 2 7 0 2 7 0 2 4 1 2 7 1 2 7 0 2 4 0 2 4 1 2 7 0 59.7875515222549438
5 31 3 0 2 7 1 2 4 12 16 2 17 18 2 1 2 11 17 18 2 0 2 7 0 2 7 12 16 2 12 16 2 5 30 3 0 2 7 1 2 7 1 2 7 0 2 7 13 6 3 0 2 7 0 2 7 1 2 7 1 2 7 5 30 3 0 2 7 0 2 7 6 2 7 0 2 7 17 9 2 17 18 2 13 6 3 0 2 7 5 31 3 0 2 7 0 2 7 0 2 7 0 2 7 1 2 7 0 2 7 1 2 7 1 2 7 1 2 7 0 2 7 1 2 7 16 6 2 17 1 2 0 2 7 0 2 4 0 2 7 6 2 7 17 9 2 0 2 4 5 31 3 5 30 3 12 16 2 6 2 7 0 2 7 1 2 7 0 2 7 0 2 7 0 2 4 0 2 7 0 60.8037053942680359
5 30 3 1 2 7 0 2 7 12 16 2 17 18 2 0 2 7 17 18 2 1 2 4 0 2 4 12 16 2 5 30 3 0 2 7 1 2 7 0 2 7 0 2 7 13 6 3 0 2 7 0 2 7 0 2 7 1 2 7 5 31 3 1 2 7 0 2 4 0 2 7 1 2 7 0 2 7 17 9 2 1 2 7 17 18 2 13 6 3 1 2 7 17 9 2 17 18 2 17 9 2 5 31 3 1 2 4 0 2 7 1 2 7 1 2 7 0 2 7 1 2 7 0 2 7 0 2 7 0 2 7 0 2 7 1 2 7 12 16 2 13 6 3 0 2 7 1 2 7 1 2 7 0 2 7 1 2 7 0 2 7 1 2 4 0 2 4 0 2 7 1 2 7 1 2 4 0 2 7 0 59.7875515222549438
5 30 3 1 2 7 0 2 7 12 16 2 17 18 2 0 2 7 17 18 2 1 2 4 0 2 4 12 16 2 5 30 3 0 2 7 1 2 7 0 2 7 0 2 7 13 6 3 0 2 7 0 2 7 0 2 7 1 2 4 5 31 3 1 2 7 0 2 4 0 2 7 1 2 7 0 2 7 17 9 2 1 2 7 17 18 2 13 6 3 1 2 7 17 9 2 17 18 2 17 9 2 5 31 3 1 2 4 0 2 7 1 2 7 1 2 7 0 2 7 1 2 7 0 2 7 0 2 7 0 2 7 0 2 7 1 2 7 12 16 2 13 6 3 0 2 7 1 2 7 1 2 7 0 2 7 1 2 7 0 2 7 1 2 4 0 2 4 0 2 7 1 2 7 1 2 7 0 2 7 0 59.7875515222549438
5 31 3 1 2 3 0 2 7 12 16 2 17 18 2 0 2 7 17 18 2 1 2 7 1 2 7 12 16 2 5 30 3 0 2 7 1 2 4 0 2 4 0 2 7 1 2 7 13 6 3 0 2 7 1 2 7 1 2 7 1 2 7 5 31 3 1 2 7 0 2 7 0 2 7 1 2 7 0 2 7 1 2 7 17 9 2 0 2 7 17 18 2 13 6 3 1 2 7 17 9 2 17 18 2 17 9 2 0 2 7 5 30 3 0 2 4 1 2 7 0 2 7 0 2 7 0 2 7 0 2 7 0 2 3 0 2 7 1 2 7 0 2 4 0 2 4 0 2 4 0 2 4 0 2 4 0 2 7 1 2 4 1 2 4 0 2 4 1 2 4 1 2 7 1 2 7 1 2 3 0 60.1313927173614502
0 2 7 1 2 7 12 16 2 1 2 7 0 2 7 12 16 2 1 2 7 0 2 11 12 16 2 5 30 3 0 2 7 0 2 7 0 2 7 0 2 7 1 2 7 16 19 11 1 2 7 0 2 7 0 2 7 0 2 7 6 2 7 0 2 7 1 2 7 16 19 11 0 2 7 5 30 3 17 9 2 0 2 7 13 6 3 8 18 2 5 30 3 0 2 7 5 31 3 1 2 7 0 2 4 0 2 7 0 2 7 1 2 7 0 2 7 0 2 7 12 16 2 5 30 3 0 2 7 0 2 7 17 9 2 0 2 7 5 30 3 0 2 7 8 18 2 17 9 2 5 30 3 1 2 7 5 31 3 0 2 7 0 2 7 0 2 7 16 19 11 16 30 2 0 2 7 0 2 7 0 62.6066791415214539
5 30 3 1 2 7 0 2 7 12 16 2 17 18 2 0 2 7 17 18 2 1 2 4 0 2 4 12 16 2 5 30 3 0 2 7 1 2 7 0 2 7 0 2 7 13 6 3 0 2 7 0 2 7 0 2 7 1 2 4 5 31 3 1 2 7 0 2 4 0 2 7 1 2 7 0 2 7 17 9 2 1 2 7 17 18 2 13 6 3 1 2 7 17 9 2 17 18 2 17 9 2 5 31 3 1 2 4 0 2 7 1 2 7 1 2 7 0 2 7 1 2 7 0 2 7 0 2 7 0 2 7 0 2 7 1 2 7 12 16 2 13 6 3 0 2 7 1 2 7 1 2 7 0 2 7 1 2 7 0 2 7 0 2 4 0 2 7 1 2 7 1 2 7 1 2 7 0 2 4 0 59.7875515222549438
5 30 3 1 2 7 0 2 7 12 16 2 17 18 2 0 2 7 17 18 2 1 2 4 0 2 4 12 16 2 5 30 3 0 2 7 1 2 7 0 2 7 0 2 7 13 6 3 0 2 7 0 2 7 0 2 7 1 2 7 5 31 3 1 2 7 0 2 4 0 2 7 1 2 7 0 2 7 17 9 2 1 2 7 17 18 2 13 6 3 1 2 7 17 9 2 17 18 2 17 9 2 5 31 3 1 2 4 0 2 7 0 2 4 1 2 7 0 2 7 0 2 7 0 2 7 0 2 7 0 2 7 12 16 2 13 6 3 0 2 7 1 2 4 1 2 7 0 2 7 1 2 7 0 2 7 1 2 7 1 2 7 0 2 7 1 2 7 1 2 7 1 2 7 1 2 4 0 2 7 0 59.7875515222549438
5 31 3 0 2 7 1 2 4 12 16 2 17 18 2 1 2 11 17 18 2 0 2 7 0 2 7 12 16 2 12 16 2 5 30 3 0 2 7 1 2 7 1 2 7 0 2 7 13 6 3 0 2 7 0 2 7 1 2 7 1 2 7 5 30 3 0 2 7 0 2 7 6 2 7 0 2 7 17 9 2 17 18 2 13 6 3 0 2 7 5 31 3 0 2 7 0 2 7 0 2 7 0 2 7 1 2 7 0 2 7 1 2 7 1 2 7 1 2 7 0 2 7 1 2 7 16 6 2 17 1 2 0 2 7 0 2 4 0 2 7 6 2 7 17 9 2 0 2 4 5 31 3 5 30 3 12 16 2 6 2 7 0 2 7 1 2 7 0 2 7 0 2 7 0 2 4 0 2 7 0 60.8037053942680359
5 30 3 1 2 4 0 2 7 12 16 2 17 18 2 0 2 7 17 18 2 0 2 4 0 2 4 12 16 2 5 30 3 0 2 7 1 2 7 0 2 7 0 2 7 13 6 3 0 2 7 0 2 7 0 2 7 1 2 7 5 31 3 1 2 7 0 2 4 0 2 7 1 2 7 0 2 7 17 9 2 1 2 7 17 18 2 13 6 3 1 2 7 17 9 2 17 18 2 17 9 2 5 31 3 0 2 7 0 2 7 1 2 7 0 2 7 0 2 7 0 2 7 0 2 7 0 2 7 12 16 2 13 6 3 0 2 7 1 2 7 1 2 7 1 2 7 1 2 7 1 2 7 1 2 7 1 2 7 1 2 7 0 2 7 1 2 4 0 2 4 0 2 7 1 2 7 1 2 4 0 59.7875515222549438
5 30 3 1 2 7 0 2 7 12 16 2 17 18 2 0 2 7 17 18 2 1 2 4 0 2 4 12 16 2 5 30 3 0 2 7 1 2 7 0 2 4 0 2 7 13 6 3 0 2 7 0 2 7 0 2 7 1 2 7 5 31 3 1 2 7 0 2 7 0 2 7 1 2 7 0 2 4 17 9 2 1 2 7 17 18 2 13 6 3 0 2 7 17 9 2 17 18 2 17 9 2 5 31 3 0 2 7 0 2 4 1 2 7 0 2 7 0 2 7 0 2 7 0 2 7 0 2 7 1 2 7 1 2 7 1 2 7 1 2 7 1 2 7 1 2 7 1 2 7 12 16 2 13 6 3 0 2 4 1 2 7 1 2 7 0 2 7 1 2 7 1 2 7 0 2 4 0 2 7 0 59.7875515222549438
5 30 3 1 2 7 0 2 7 12 16 2 17 18 2 0 2 7 17 18 2 1 2 4 0 2 4 12 16 2 5 30 3 0 2 7 1 2 7 0 2 4 0 2 7 13 6 3 0 2 7 0 2 7 0 2 4 1 2 7 5 31 3 1 2 7 0 2 7 0 2 7 1 2 7 0 2 4 17 9 2 1 2 7 17 18 2 13 6 3 0 2 7 17 9 2 17 18 2 17 9 2 5 31 3 0 2 4 0 2 4 1 2 7 0 2 7 0 2 7 0 2 7 0 2 7 0 2 7 1 2 7 1 2 7 1 2 7 1 2 7 1 2 7 1 2 7 1 2 7 12 16 2 13 6 3 1 2 7 1 2 7 0 2 7 1 2 7 0 2 7 0 2 7 0 2 7 1 2 7 0 59.7875515222549438
5 30 3 1 2 4 0 2 7 12 16 2 17 18 2 0 2 7 17 18 2 0 2 4 0 2 4 12 16 2 5 30 3 0 2 7 1 2 7 0 2 7 0 2 7 13 6 3 0 2 7 0 2 7 0 2 7 1 2 7 5 31 3 1 2 7 0 2 4 0 2 7 1 2 7 0 2 7 17 9 2 1 2 7 17 18 2 13 6 3 1 2 7 17 9 2 17 18 2 17 9 2 5 31 3 0 2 7 0 2 7 1 2 7 0 2 7 0 2 7 0 2 7 0 2 7 0 2 7 12 16 2 13 6 3 0 2 7 1 2 7 1 2 7 1 2 7 1 2 7 1 2 7 1 2 7 1 2 7 1 2 7 0 2 4 1 2 7 0 2 7 0 2 4 1 2 4 1 2 7 0 59.7875515222549438
5 31 3 1 2 7 0 2 7 12 16 2 17 18 2 0 2 7 17 18 2 1 2 4 0 2 4 12 16 2 5 30 3 0 2 4 1 2 7 0 2 7 0 2 7 13 6 3 0 2 4 0 2 7 0 2 7 1 2 7 5 31 3 1 2 7 0 2 4 0 2 4 1 2 7 0 2 7 17 9 2 1 2 7 17 18 2 13 6 3 1 2 7 17 9 2 17 18 2 17 9 2 5 31 3 1 2 4 0 2 7 0 2 4 1 2 7 0 2 7 0 2 7 0 2 7 0 2 7 0 2 7 1 2 4 1 2 7 1 2 7 1 2 7 1 2 7 1 2 7 1 2 7 1 2 4 12 16 2 0 2 7 0 2 7 0 2 4 0 2 7 0 2 4 1 2 7 0 2 4 0 60.1300216913223267
0 2 7 1 2 7 12 16 2 1 2 7 0 2 7 12 16 2 1 2 7 0 2 11 12 16 2 5 30 3 0 2 7 0 2 7 0 2 7 0 2 7 1 2 7 16 19 11 1 2 7 0 2 7 0 2 7 0 2 7 6 2 7 0 2 7 1 2 7 16 19 11 0 2 7 5 30 3 17 9 2 0 2 7 13 6 3 8 18 2 5 30 3 0 2 7 5 31 3 1 2 7 0 2 4 0 2 7 0 2 7 1 2 7 0 2 7 0 2 7 12 16 2 5 30 3 0 2 7 0 2 7 17 9 2 0 2 7 5 30 3 0 2 7 8 18 2 17 9 2 5 30 3 1 2 7 5 31 3 0 2 7 0 2 7 0 2 7 16 19 11 16 30 2 0 2 7 0 2 7 0 62.6066791415214539
5 31 3 1 2 3 0 2 7 12 16 2 17 18 2 0 2 7 17 18 2 1 2 7 1 2 7 12 16 2 5 30 3 0 2 7 1 2 4 0 2 4 0 2 7 1 2 7 13 6 3 0 2 7 1 2 7 1 2 7 1 2 7 5 31 3 1 2 7 0 2 7 0 2 7 1 2 7 0 2 7 1 2 7 17 9 2 0 2 7 17 18 2 13 6 3 1 2 7 17 9 2 17 18 2 17 9 2 0 2 7 5 30 3 0 2 4 1 2 7 0 2 7 0 2 7 0 2 7 0 2 7 0 2 3 0 2 7 1 2 7 0 2 4 0 2 4 0 2 4 0 2 4 0 2 4 0 2 7 1 2 4 1 2 4 0 2 4 1 2 4 1 2 7 1 2 7 1 2 3 0 60.1313927173614502
5 30 3 1 2 7 0 2 7 12 16 2 17 18 2 0 2 7 17 18 2 1 2 4 0 2 4 12 16 2 5 30 3 0 2 7 1 2 7 0 2 7 0 2 7 13 6 3 0 2 7 0 2 7 0 2 7 1 2 7 5 31 3 1 2 7 0 2 4 0 2 7 1 2 7 0 2 7 17 9 2 1 2 7 17 18 2 13 6 3 1 2 7 17 9 2 17 18 2 17 9 2 5 31 3 1 2 4 0 2 7 0 2 4 1 2 7 0 2 7 0 2 7 0 2 7 0 2 7 0 2 7 12 16 2 13 6 3 0 2 7 1 2 4 1 2 7 0 2 7 1 2 7 0 2 7 1 2 7 1 2 7 0 2 7 1 2 7 1 2 7 1 2 7 1 2 4 0 2 7 0 59.7875515222549438
5 31 3 0 2 7 12 16 2 17 18 2 0 2 7 17 18 2 1 2 7 1 2 7 12 16 2 5 30 3 0 2 7 1 2 4 0 2 4 0 2 7 1 2 7 13 6 3 0 2 7 1 2 7 1 2 4 1 2 7 5 31 3 1 2 7 0 2 7 0 2 7 1 2 7 0 2 7 1 2 7 17 9 2 1 2 7 17 18 2 13 6 3 1 2 7 17 9 2 17 18 2 17 9 2 0 2 7 5 30 3 0 2 7 1 2 7 0 2 7 0 2 7 0 2 7 0 2 7 0 2 7 1 2 7 0 2 4 0 2 7 1 2 4 1 2 7 1 2 7 0 2 4 13 6 3 0 2 7 0 2 7 0 2 7 0 2 7 12 16 2 1 2 7 1 2 4 0 2 7 0 59.7875515222549438
5 31 3 0 2 7 12 16 2 17 18 2 0 2 7 17 18 2 1 2 7 1 2 7 12 16 2 5 30 3 0 2 7 1 2 4 0 2 7 0 2 7 1 2 7 13 6 3 0 2 7 1 2 7 1 2 4 1 2 4 5 31 3 1 2 7 0 2 7 0 2 7 1 2 7 0 2 7 1 2 7 17 9 2 1 2 7 17 18 2 13 6 3 1 2 7 17 9 2 17 18 2 17 9 2 0 2 7 5 30 3 0 2 7 1 2 7 0 2 7 0 2 7 0 2 7 0 2 7 0 2 7 0 2 7 0 2 7 0 2 7 1 2 4 1 2 7 0 2 7 0 2 7 1 2 4 1 2 7 13 6 3 0 2 7 1 2 4 0 2 7 12 16 2 1 2 4 0 2 7 0 59.7875515222549438
5 31 3 0 2 7 1 2 4 12 16 2 17 18 2 1 2 11 17 18 2 0 2 7 0 2 7 12 16 2 12 16 2 5 30 3 0 2 7 1 2 7 1 2 7 0 2 7 13 6 3 0 2 7 0 2 7 1 2 7 1 2 7 5 30 3 0 2 7 0 2 7 6 2 7 0 2 7 17 9 2 17 18 2 13 6 3 0 2 7 5 31 3 0 2 7 0 2 7 0 2 7 0 2 7 1 2 7 0 2 7 1 2 7 1 2 7 1 2 7 0 2 7 1 2 7 16 6 2 17 1 2 0 2 7 0 2 4 0 2 7 6 2 7 17 9 2 0 2 4 5 31 3 5 30 3 12 16 2 6 2 7 0 2 7 1 2 7 0 2 7 0 2 7 0 2 4 0 2 7 0 60.8037053942680359
5 31 3 0 2 7 12 16 2 17 18 2 0 2 7 17 18 2 1 2 7 1 2 7 12 16 2 5 30 3 0 2 7 1 2 4 0 2 3 0 2 7 1 2 7 13 6 3 0 2 7 1 2 7 1 2 4 1 2 7 5 31 3 1 2 7 0 2 4 0 2 7 1 2 7 0 2 7 1 2 4 17 9 2 1 2 7 17 18 2 13 6 3 1 2 7 17 9 2 17 18 2 17 9 2 0 2 7 5 30 3 0 2 7 1 2 7 0 2 7 0 2 7 0 2 7 0 2 7 0 2 7 1 2 4 0 2 4 0 2 7 1 2 4 1 2 4 1 2 7 1 2 7 0 2 4 0 2 3 0 2 4 0 2 7 1 2 7 0 2 7 1 2 3 0 2 4 0 2 4 0 60.1313927173614502
0 2 7 1 2 7 12 16 2 1 2 7 0 2 7 12 16 2 1 2 7 0 2 11 12 16 2 5 30 3 0 2 7 0 2 7 0 2 7 0 2 7 1 2 7 16 19 11 1 2 7 0 2 7 0 2 7 0 2 7 6 2 7 0 2 7 1 2 7 16 19 11 0 2 7 5 30 3 17 9 2 0 2 7 13 6 3 8 18 2 5 30 3 0 2 7 5 31 3 1 2 7 0 2 4 0 2 7 0 2 7 1 2 7 0 2 7 0 2 7 12 16 2 5 30 3 0 2 7 0 2 7 17 9 2 0 2 7 5 30 3 0 2 7 8 18 2 17 9 2 5 30 3 1 2 7 5 31 3 0 2 7 0 2 7 0 2 7 16 19 11 16 30 2 0 2 7 0 2 7 0 62.6066791415214539
5 31 3 1 2 7 0 2 7 12 16 2 17 18 2 0 2 7 17 18 2 1 2 4 0 2 4 12 16 2 5 30 3 0 2 4 1 2 7 0 2 7 0 2 7 13 6 3 0 2 4 0 2 7 0 2 7 1 2 7 5 31 3 1 2 7 0 2 4 0 2 4 1 2 7 0 2 7 17 9 2 1 2 7 17 18 2 13 6 3 1 2 7 17 9 2 17 18 2 17 9 2 5 31 3 1 2 4 0 2 7 0 2 4 1 2 7 0 2 7 0 2 7 0 2 7 0 2 7 0 2 7 1 2 4 1 2 7 1 2 7 1 2 7 1 2 7 1 2 7 1 2 7 1 2 4 12 16 2 0 2 7 0 2 7 0 2 4 0 2 7 0 2 4 1 2 7 0 2 4 0 60.1300216913223267
5 31 3 0 2 7 12 16 2 17 18 2 0 2 7 17 18 2 1 2 7 1 2 7 12 16 2 5 30 3 0 2 7 1 2 4 0 2 7 0 2 7 1 2 7 13 6 3 0 2 7 0 2 7 1 2 4 1 2 7 5 31 3 1 2 7 0 2 7 0 2 7 1 2 7 0 2 7 1 2 7 17 9 2 1 2 7 17 18 2 13 6 3 1 2 7 17 9 2 17 18 2 17 9 2 0 2 4 5 30 3 0 2 7 1 2 7 0 2 7 0 2 7 0 2 7 0 2 7 0 2 7 1 2 7 0 2 4 0 2 7 1 2 4 1 2 7 1 2 7 0 2 4 13 6 3 0 2 7 0 2 7 0 2 7 0 2 7 12 16 2 1 2 7 1 2 4 1 2 7 0 59.7875515222549438
5 31 3 0 2 7 12 16 2 17 18 2 0 2 7 17 18 2 1 2 7 1 2 7 12 16 2 5 30 3 0 2 7 1 2 4 0 2 4 0 2 7 1 2 7 13 6 3 0 2 7 1 2 7 1 2 4 1 2 7 5 31 3 1 2 7 0 2 7 0 2 7 1 2 7 0 2 7 1 2 7 17 9 2 1 2 7 17 18 2 13 6 3 1 2 7 17 9 2 17 18 2 17 9 2 0 2 7 5 30 3 0 2 7 1 2 7 0 2 7 0 2 7 0 2 7 0 2 7 0 2 7 1 2 7 0 2 4 0 2 7 1 2 4 1 2 7 1 2 7 0 2 4 13 6 3 0 2 7 0 2 7 0 2 7 0 2 7 12 16 2 1 2 7 1 2 4 0 2 7 0 59.7875515222549438
5 31 3 0 2 7 12 16 2 17 18 2 0 2 7 17 18 2 1 2 7 1 2 7 12 16 2 5 30 3 0 2 7 1 2 7 0 2 7 0 2 7 1 2 7 13 6 3 0 2 7 1 2 7 1 2 7 1 2 7 5 31 3 1 2 4 0 2 7 0 2 7 1 2 7 0 2 4 1 2 4 17 9 2 1 2 7 17 18 2 13 6 3 1 2 7 17 9 2 17 18 2 17 9 2 0 2 7 5 30 3 0 2 4 1 2 7 0 2 7 0 2 7 0 2 7 0 2 4 0 2 7 1 2 7 0 2 7 12 16 2 0 2 7 1 2 7 0 2 7 0 2 7 1 2 4 1 2 7 13 6 3 0 2 7 0 2 7 0 2 7 1 2 7 1 2 7 0 2 4 0 59.7875515222549438
5 31 3 0 2 7 12 16 2 17 18 2 0 2 7 17 18 2 1 2 7 1 2 7 12 16 2 5 30 3 0 2 7 1 2 4 0 2 4 0 2 7 1 2 7 13 6 3 0 2 7 1 2 7 1 2 4 1 2 7 5 31 3 1 2 7 0 2 7 0 2 7 1 2 7 0 2 7 1 2 7 17 9 2 1 2 7 17 18 2 13 6 3 1 2 7 17 9 2 17 18 2 17 9 2 0 2 7 5 30 3 0 2 7 1 2 7 0 2 7 0 2 7 0 2 7 0 2 7 0 2 7 1 2 7 0 2 4 0 2 7 1 2 4 1 2 7 1 2 7 0 2 4 13 6 3 0 2 7 0 2 7 0 2 7 0 2 7 12 16 2 1 2 7 1 2 4 0 2 7 0 59.7875515222549438
5 31 3 0 2 7 12 16 2 17 18 2 0 2 7 17 18 2 1 2 7 1 2 7 12 16 2 5 30 3 0 2 7 1 2 7 1 2 7 0 2 7 0 2 7 13 6 3 0 2 7 1 2 7 0 2 7 1 2 7 5 31 3 1 2 7 0 2 4 1 2 7 1 2 7 0 2 7 0 2 7 17 9 2 1 2 7 17 18 2 13 6 3 1 2 7 17 9 2 17 18 2 17 9 2 0 2 4 5 30 3 0 2 7 1 2 7 0 2 4 1 2 7 1 2 7 0 2 7 1 2 7 0 2 7 0 2 7 1 2 4 1 2 7 0 2 7 0 2 7 13 6 3 12 16 2 0 2 7 0 2 7 0 2 7 0 2 7 0 2 4 1 2 7 1 2 4 0 2 4 0 59.7875515222549438
0 2 7 1 2 7 12 16 2 1 2 7 0 2 7 12 16 2 1 2 7 0 2 11 12 16 2 5 30 3 0 2 7 0 2 7 0 2 7 0 2 7 1 2 7 16 19 11 1 2 7 0 2 7 0 2 7 0 2 7 6 2 7 0 2 7 1 2 7 16 19 11 0 2 7 5 30 3 17 9 2 0 2 7 13 6 3 8 18 2 5 30 3 0 2 7 5 31 3 1 2 7 0 2 4 0 2 7 0 2 7 1 2 7 0 2 7 0 2 7 12 16 2 5 30 3 0 2 7 0 2 7 17 9 2 0 2 7 5 30 3 0 2 7 8 18 2 17 9 2 5 30 3 1 2 7 5 31 3 0 2 7 0 2 7 0 2 7 16 19 11 16 30 2 0 2 7 0 2 7 0 62.6066791415214539
5 31 3 0 2 7 12 16 2 17 18 2 0 2 7 17 18 2 1 2 7 1 2 7 12 16 2 5 30 3 0 2 7 1 2 7 0 2 7 0 2 7 1 2 7 13 6 3 0 2 7 1 2 7 1 2 7 1 2 4 5 31 3 1 2 4 0 2 4 0 2 7 1 2 7 1 2 3 17 9 2 1 2 7 17 18 2 13 6 3 1 2 7 17 9 2 17 18 2 17 9 2 0 2 7 5 30 3 1 2 7 0 2 7 0 2 7 0 2 7 0 2 7 1 2 7 0 2 7 0 2 7 0 2 7 0 2 7 1 2 4 0 2 7 0 2 4 1 2 4 0 2 4 0 2 4 0 2 4 1 2 4 0 2 7 0 2 3 1 2 3 1 2 7 1 2 4 0 2 4 0 60.1313927173614502
5 31 3 0 2 7 12 16 2 17 18 2 0 2 7 17 18 2 1 2 7 1 2 7 12 16 2 5 30 3 0 2 7 1 2 4 0 2 7 0 2 7 1 2 7 13 6 3 0 2 7 1 2 7 1 2 4 1 2 4 5 31 3 1 2 7 0 2 7 0 2 7 1 2 7 0 2 7 1 2 7 17 9 2 1 2 7 17 18 2 13 6 3 1 2 7 17 9 2 17 18 2 17 9 2 0 2 4 5 30 3 0 2 7 1 2 7 0 2 7 0 2 7 1 2 7 0 2 7 0 2 7 0 2 7 0 2 7 0 2 7 1 2 7 0 2 7 1 2 7 13 6 3 12 16 2 1 2 4 0 2 7 1 2 4 0 2 7 0 2 4 0 2 7 1 2 7 0 2 7 0 59.7875515222549438
5 31 3 0 2 7 12 16 2 17 18 2 0 2 7 17 18 2 1 2 7 1 2 7 12 16 2 5 30 3 0 2 7 1 2 4 0 2 7 0 2 7 1 2 7 13 6 3 0 2 7 1 2 7 1 2 4 1 2 4 5 30 3 1 2 7 0 2 7 0 2 7 1 2 7 0 2 7 1 2 7 17 9 2 1 2 7 17 18 2 13 6 3 1 2 7 17 9 2 17 18 2 17 9 2 0 2 7 0 2 7 1 2 7 0 2 7 0 2 7 0 2 7 0 2 7 0 2 7 1 2 7 1 2 4 1 2 7 12 16 2 0 2 4 1 2 7 0 2 4 0 2 7 0 2 7 1 2 7 0 2 7 0 2 7 13 6 3 5 31 3 0 2 7 1 2 4 0 2 7 0 59.7875515222549438
5 31 3 0 2 7 12 16 2 17 18 2 0 2 7 17 18 2 1 2 7 1 2 7 12 16 2 5 30 3 0 2 7 1 2 7 1 2 7 0 2 7 0 2 7 13 6 3 0 2 7 1 2 7 0 2 7 1 2 7 5 31 3 1 2 7 0 2 4 1 2 7 1 2 7 0 2 7 0 2 7 17 9 2 1 2 7 17 18 2 13 6 3 1 2 7 17 9 2 17 18 2 17 9 2 0 2 4 5 30 3 0 2 7 1 2 7 0 2 4 1 2 7 1 2 7 0 2 7 1 2 7 0 2 7 0 2 7 1 2 4 1 2 7 0 2 7 0 2 7 13 6 3 12 16 2 0 2 7 0 2 7 0 2 7 0 2 7 0 2 4 1 2 7 1 2 4 0 2 4 0 59.7875515222549438
5 31 3 0 2 7 12 16 2 17 18 2 0 2 7 17 18 2 1 2 7 1 2 7 12 16 2 5 30 3 0 2 7 1 2 4 0 2 7 0 2 7 1 2 7 13 6 3 0 2 7 1 2 7 1 2 4 1 2 4 5 31 3 1 2 7 0 2 7 0 2 7 1 2 7 0 2 7 1 2 7 17 9 2 1 2 7 17 18 2 13 6 3 1 2 7 17 9 2 17 18 2 17 9 2 0 2 7 5 30 3 0 2 7 1 2 7 0 2 7 0 2 7 0 2 7 0 2 7 0 2 7 0 2 7 0 2 7 0 2 7 1 2 4 1 2 7 0 2 7 0 2 7 1 2 7 13 6 3 12 16 2 1 2 4 0 2 7 1 2 4 0 2 7 1 2 4 0 2 7 0 59.7875515222549438
5 31 3 12 16 2 17 18 2 0 2 7 17 18 2 1 2 7 1 2 7 12 16 2 5 30 3 0 2 7 1 2 7 1 2 7 0 2 7 0 2 7 13 6 3 0 2 7 1 2 7 0 2 4 1 2 7 5 31 3 1 2 7 1 2 7 1 2 7 0 2 7 0 2 7 17 9 2 1 2 7 17 18 2 13 6 3 1 2 7 17 9 2 17 18 2 17 9 2 5 30 3 0 2 7 1 2 7 0 2 7 0 2 7 0 2 7 1 2 4 0 2 7 0 2 7 13 6 3 12 16 2 0 2 7 0 2 7 0 2 7 1 2 4 0 2 7 0 2 7 0 2 7 1 2 4 1 2 4 0 2 7 1 2 7 0 2 7 1 2 4 0 2 7 1 2 4 0 2 7 0 59.7875515222549438
5 31 3 0 2 7 1 2 4 12 16 2 17 18 2 1 2 11 17 18 2 0 2 7 0 2 7 12 16 2 12 16 2 5 30 3 0 2 7 1 2 7 1 2 7 0 2 7 13 6 3 0 2 7 0 2 7 1 2 7 1 2 7 5 30 3 0 2 7 0 2 7 6 2 7 0 2 7 17 9 2 17 18 2 13 6 3 0 2 7 5 31 3 0 2 7 0 2 7 0 2 7 0 2 7 1 2 7 0 2 7 1 2 7 1 2 7 1 2 7 0 2 7 1 2 7 16 6 2 17 1 2 0 2 7 0 2 4 0 2 7 6 2 7 17 9 2 0 2 4 5 31 3 5 30 3 12 16 2 6 2 7 0 2 7 1 2 7 0 2 7 0 2 7 0 2 4 0 2 7 0 60.8037053942680359
5 31 3 0 2 7 12 16 2 17 18 2 0 2 7 17 18 2 1 2 7 1 2 7 12 16 2 5 30 3 0 2 7 1 2 7 1 2 7 0 2 7 0 2 7 13 6 3 0 2 7 1 2 7 0 2 7 1 2 7 5 31 3 1 2 7 0 2 4 1 2 7 1 2 7 0 2 7 0 2 7 17 9 2 1 2 7 17 18 2 13 6 3 1 2 7 17 9 2 17 18 2 17 9 2 0 2 7 5 30 3 0 2 7 1 2 7 0 2 4 0 2 7 0 2 7 0 2 7 1 2 4 0 2 7 0 2 7 0 2 7 0 2 7 0 2 7 0 2 4 1 2 4 0 2 7 1 2 4 1 2 7 1 2 7 0 2 7 13 6 3 12 16 2 1 2 4 1 2 7 0 59.7875515222549438
5 31 3 0 2 4 12 16 2 17 18 2 0 2 7 17 18 2 1 2 7 1 2 7 12 16 2 5 30 3 0 2 7 1 2 7 1 2 7 0 2 7 0 2 7 13 6 3 0 2 7 1 2 7 0 2 7 0 2 7 5 31 3 1 2 7 0 2 7 1 2 7 0 2 7 0 2 7 17 9 2 1 2 7 17 18 2 13 6 3 1 2 7 17 9 2 17 18 2 17 9 2 5 30 3 0 2 7 1 2 4 1 2 7 0 2 7 0 2 7 0 2 7 1 2 4 0 2 7 13 6 3 12 16 2 0 2 7 0 2 7 1 2 7 1 2 7 0 2 7 1 2 7 0 2 7 0 2 7 1 2 7 1 2 4 0 2 7 0 2 4 0 2 7 1 2 4 1 2 4 0 59.7875515222549438
5 31 3 0 2 7 12 16 2 17 18 2 0 2 7 17 18 2 1 2 7 1 2 7 12 16 2 5 30 3 0 2 7 1 2 7 1 2 7 1 2 7 0 2 7 13 6 3 0 2 7 1 2 7 0 2 7 0 2 7 5 30 3 0 2 7 0 2 7 0 2 7 0 2 7 0 2 7 0 2 7 17 9 2 1 2 7 17 18 2 13 6 3 1 2 7 17 9 2 5 31 3 0 2 7 1 2 7 0 2 7 0 2 7 1 2 7 16 20 12 0 2 7 12 16 2 0 2 7 0 2 7 0 2 7 0 2 7 0 2 7 0 2 7 1 2 3 0 2 7 1 2 7 17 1 2 12 16 2 6 2 7 1 2 7 1 2 7 1 2 7 0 2 7 0 2 4 5 31 3 0 60.7433504462242126
5 31 3 0 2 4 12 16 2 17 18 2 0 2 7 17 18 2 1 2 7 1 2 7 12 16 2 5 30 3 0 2 7 1 2 7 1 2 7 0 2 7 0 2 7 13 6 3 0 2 7 1 2 7 0 2 7 0 2 4 5 31 3 1 2 7 0 2 7 1 2 7 1 2 7 0 2 4 0 2 7 17 9 2 1 2 7 17 18 2 13 6 3 1 2 7 17 9 2 17 18 2 17 9 2 5 30 3 0 2 7 1 2 4 1 2 7 0 2 7 0 2 7 0 2 7 1 2 4 0 2 7 13 6 3 12 16 2 0 2 7 0 2 7 0 2 7 1 2 7 1 2 7 0 2 7 1 2 7 1 2 4 0 2 7 0 2 7 0 2 7 1 2 7 1 2 7 0 2 4 0 59.7875515222549438
5 31 3 0 2 4 12 16 2 17 18 2 0 2 7 17 18 2 1 2 7 1 2 7 12 16 2 5 30 3 0 2 7 1 2 7 1 2 7 0 2 7 0 2 7 13 6 3 0 2 7 1 2 7 0 2 7 0 2 4 5 31 3 1 2 7 0 2 7 1 2 7 1 2 7 0 2 7 17 9 2 1 2 7 17 18 2 13 6 3 1 2 7 17 9 2 17 18 2 17 9 2 5 30 3 0 2 7 1 2 4 1 2 7 0 2 7 0 2 7 0 2 7 1 2 4 0 2 7 13 6 3 12 16 2 0 2 7 0 2 7 0 2 7 1 2 7 1 2 7 0 2 7 1 2 7 1 2 4 0 2 7 0 2 7 0 2 7 1 2 4 0 2 7 1 2 4 0 2 7 0 59.7875515222549438
5 31 3 0 2 4 12 16 2 17 18 2 0 2 7 17 18 2 1 2 7 1 2 7 12 16 2 5 30 3 0 2 7 1 2 7 1 2 7 0 2 7 0 2 7 13 6 3 0 2 7 1 2 7 0 2 7 0 2 4 5 31 3 1 2 7 0 2 7 1 2 7 1 2 7 0 2 4 0 2 7 17 9 2 1 2 7 17 18 2 13 6 3 1 2 7 17 9 2 17 18 2 17 9 2 5 30 3 0 2 7 1 2 4 1 2 7 0 2 7 0 2 7 0 2 7 1 2 4 0 2 7 13 6 3 12 16 2 0 2 7 0 2 7 0 2 7 1 2 7 1 2 7 0 2 7 1 2 7 1 2 4 0 2 7 0 2 7 0 2 7 1 2 7 1 2 4 0 2 7 0 59.7875515222549438
5 31 3 0 2 4 12 16 2 17 18 2 0 2 7 17 18 2 1 2 7 1 2 7 12 16 2 5 30 3 0 2 7 1 2 7 1 2 7 0 2 7 0 2 7 13 6 3 0 2 7 1 2 7 0 2 7 0 2 7 5 31 3 1 2 7 0 2 7 1 2 7 1 2 7 0 2 4 0 2 7 17 9 2 1 2 7 17 18 2 13 6 3 1 2 7 17 9 2 17 18 2 17 9 2 5 30 3 0 2 7 1 2 4 1 2 4 0 2 7 0 2 7 0 2 7 1 2 4 0 2 7 13 6 3 12 16 2 0 2 7 0 2 7 0 2 4 1 2 7 1 2 7 0 2 7 1 2 7 1 2 7 0 2 7 1 2 7 0 2 4 0 2 7 1 2 7 0 2 7 0 59.7875515222549438
5 31 3 0 2 4 12 16 2 17 18 2 0 2 7 17 18 2 1 2 7 1 2 7 12 16 2 5 30 3 0 2 7 1 2 7 1 2 7 0 2 7 0 2 7 13 6 3 0 2 7 1 2 7 0 2 7 0 2 4 5 31 3 1 2 7 0 2 7 1 2 7 1 2 7 0 2 7 17 9 2 1 2 7 17 18 2 13 6 3 1 2 7 17 9 2 17 18 2 17 9 2 5 30 3 0 2 7 1 2 4 1 2 7 0 2 7 0 2 7 0 2 7 1 2 4 0 2 7 13 6 3 12 16 2 0 2 7 0 2 7 0 2 7 1 2 7 1 2 7 0 2 7 1 2 7 1 2 4 0 2 7 0 2 7 0 2 7 1 2 4 0 2 7 1 2 4 0 2 7 0 59.7875515222549438
5 31 3 0 2 7 12 16 2 17 18 2 0 2 7 17 18 2 1 2 7 1 2 7 12 16 2 5 30 3 0 2 7 1 2 7 0 2 7 0 2 7 1 2 7 13 6 3 0 2 7 1 2 7 1 2 7 1 2 4 5 31 3 1 2 4 0 2 4 0 2 7 1 2 7 1 2 3 17 9 2 1 2 7 17 18 2 13 6 3 1 2 7 17 9 2 17 18 2 17 9 2 0 2 7 5 30 3 1 2 7 0 2 7 0 2 7 0 2 7 0 2 7 1 2 7 0 2 7 0 2 7 0 2 7 0 2 7 1 2 4 0 2 7 0 2 4 1 2 4 0 2 4 0 2 4 0 2 4 1 2 4 0 2 7 0 2 3 1 2 3 1 2 7 1 2 4 0 2 4 0 60.1313927173614502
0 2 7 1 2 7 12 16 2 1 2 7 0 2 7 12 16 2 1 2 7 0 2 11 12 16 2 5 30 3 0 2 7 0 2 7 0 2 7 0 2 7 1 2 7 16 19 11 1 2 7 0 2 7 0 2 7 0 2 7 6 2 7 0 2 7 1 2 7 16 19 11 0 2 7 5 30 3 17 9 2 0 2 7 13 6 3 8 18 2 5 30 3 0 2 7 5 31 3 1 2 7 0 2 4 0 2 7 0 2 7 1 2 7 0 2 7 0 2 7 12 16 2 5 30 3 0 2 7 0 2 7 17 9 2 0 2 7 5 30 3 0 2 7 8 18 2 17 9 2 5 30 3 1 2 7 5 31 3 0 2 7 0 2 7 0 2 7 16 19 11 16 30 2 0 2 7 0 2 7 0 62.6066791415214539
5 31 3 0 2 4 12 16 2 17 18 2 0 2 7 17 18 2 1 2 7 1 2 7 12 16 2 5 30 3 0 2 7 1 2 7 1 2 7 0 2 7 0 2 7 13 6 3 0 2 7 1 2 7 0 2 4 0 2 7 5 31 3 1 2 7 0 2 7 1 2 7 0 2 7 0 2 7 17 9 2 1 2 7 17 18 2 13 6 3 1 2 7 17 9 2 17 18 2 17 9 2 5 30 3 0 2 7 1 2 4 1 2 7 0 2 7 0 2 7 0 2 7 1 2 4 0 2 4 13 6 3 12 16 2 0 2 7 0 2 7 1 2 7 1 2 7 0 2 7 1 2 7 0 2 7 0 2 7 1 2 7 1 2 4 0 2 7 0 2 7 1 2 7 0 2 4 1 2 7 0 59.7875515222549438
5 31 3 0 2 4 12 16 2 17 18 2 0 2 7 17 18 2 1 2 7 1 2 7 12 16 2 5 30 3 0 2 7 1 2 7 1 2 7 0 2 7 0 2 7 13 6 3 0 2 7 1 2 7 0 2 7 0 2 4 5 31 3 1 2 7 0 2 7 1 2 4 1 2 7 0 2 7 17 9 2 1 2 7 17 18 2 13 6 3 1 2 7 17 9 2 17 18 2 17 9 2 5 30 3 0 2 7 1 2 4 1 2 7 0 2 7 0 2 7 0 2 7 1 2 7 0 2 7 13 6 3 12 16 2 0 2 7 0 2 7 0 2 7 1 2 7 1 2 7 0 2 7 1 2 4 0 2 7 0 2 7 0 2 7 1 2 4 0 2 7 1 2 4 0 2 7 1 2 7 0 59.7875515222549438
5 31 3 0 2 7 12 16 2 17 18 2 0 2 7 17 18 2 1 2 7 1 2 7 12 16 2 5 30 3 0 2 7 1 2 7 1 2 7 1 2 7 0 2 7 13 6 3 0 2 7 1 2 7 0 2 7 0 2 7 5 30 3 0 2 7 0 2 7 0 2 7 0 2 7 0 2 7 0 2 7 17 9 2 1 2 7 17 18 2 13 6 3 1 2 7 17 9 2 5 31 3 0 2 7 1 2 7 0 2 7 0 2 7 1 2 7 16 20 12 0 2 7 12 16 2 0 2 7 0 2 7 0 2 7 0 2 7 0 2 7 0 2 7 1 2 3 0 2 7 1 2 7 17 1 2 12 16 2 6 2 7 1 2 7 1 2 7 1 2 7 0 2 7 0 2 4 5 31 3 0 60.7433504462242126
5 31 3 0 2 4 12 16 2 17 18 2 0 2 7 17 18 2 1 2 7 1 2 7 12 16 2 5 30 3 0 2 7 1 2 7 1 2 7 0 2 7 0 2 4 13 6 3 0 2 7 1 2 7 0 2 7 0 2 4 5 31 3 1 2 7 0 2 7 1 2 7 1 2 7 0 2 4 0 2 7 17 9 2 1 2 7 17 18 2 13 6 3 1 2 7 17 9 2 17 18 2 17 9 2 5 30 3 0 2 7 1 2 4 1 2 7 0 2 7 0 2 7 0 2 7 1 2 4 0 2 7 13 6 3 12 16 2 0 2 7 0 2 7 0 2 7 1 2 7 1 2 7 0 2 7 1 2 7 1 2 4 0 2 7 0 2 7 0 2 7 1 2 7 1 2 7 0 2 7 0 59.7875515222549438
5 31 3 0 2 4 12 16 2 17 18 2 0 2 7 17 18 2 1 2 7 1 2 7 12 16 2 5 30 3 0 2 7 1 2 7 1 2 7 0 2 7 0 2 7 13 6 3 0 2 7 1 2 7 0 2 7 0 2 4 5 31 3 1 2 7 0 2 7 1 2 7 1 2 7 0 2 4 0 2 7 17 9 2 1 2 7 17 18 2 13 6 3 1 2 7 17 9 2 17 18 2 17 9 2 5 30 3 0 2 7 1 2 4 1 2 7 0 2 7 0 2 7 0 2 7 1 2 4 0 2 7 13 6 3 12 16 2 0 2 7 0 2 7 0 2 7 1 2 7 1 2 7 0 2 7 1 2 7 1 2 4 0 2 7 0 2 7 0 2 7 1 2 7 1 2 7 0 2 4 0 59.7875515222549438
5 31 3 0 2 4 12 16 2 17 18 2 0 2 7 17 18 2 1 2 7 0 2 7 12 16 2 5 30 3 0 2 7 1 2 7 1 2 7 0 2 7 0 2 7 13 6 3 0 2 7 1 2 7 0 2 7 0 2 4 5 31 3 1 2 7 0 2 7 1 2 7 1 2 7 0 2 7 17 9 2 1 2 7 17 18 2 13 6 3 1 2 7 17 9 2 17 18 2 17 9 2 5 30 3 0 2 7 1 2 4 1 2 7 0 2 7 0 2 7 0 2 7 1 2 7 0 2 7 13 6 3 12 16 2 0 2 7 0 2 7 0 2 7 1 2 7 1 2 7 0 2 7 1 2 4 0 2 7 0 2 7 0 2 7 1 2 4 1 2 7 1 2 4 0 2 4 1 2 7 0 59.7875515222549438
5 31 3 0 2 4 12 16 2 17 18 2 0 2 7 17 18 2 1 2 7 1 2 7 12 16 2 5 30 3 0 2 7 1 2 7 1 2 7 0 2 7 0 2 7 13 6 3 0 2 7 1 2 7 0 2 7 0 2 4 5 31 3 1 2 7 0 2 7 1 2 7 1 2 7 0 2 7 17 9 2 1 2 7 17 18 2 13 6 3 1 2 7 17 9 2 17 18 2 17 9 2 5 30 3 0 2 7 1 2 4 1 2 7 0 2 7 0 2 7 0 2 7 1 2 7 0 2 7 13 6 3 12 16 2 0 2 7 0 2 7 0 2 7 1 2 7 1 2 7 0 2 7 1 2 4 0 2 7 0 2 7 0 2 7 1 2 4 0 2 7 1 2 4 0 2 7 1 2 4 0 59.7875515222549438
5 31 3 0 2 7 12 16 2 17 18 2 0 2 7 17 18 2 1 2 7 1 2 7 12 16 2 5 30 3 0 2 7 1 2 7 0 2 7 0 2 7 1 2 7 13 6 3 0 2 7 1 2 7 1 2 7 1 2 4 5 31 3 1 2 4 0 2 4 0 2 7 1 2 7 1 2 3 17 9 2 1 2 7 17 18 2 13 6 3 1 2 7 17 9 2 17 18 2 17 9 2 0 2 7 5 30 3 1 2 7 0 2 7 0 2 7 0 2 7 0 2 7 1 2 7 0 2 7 0 2 7 0 2 7 0 2 7 1 2 4 0 2 7 0 2 4 1 2 4 0 2 4 0 2 4 0 2 4 1 2 4 0 2 7 0 2 3 1 2 3 1 2 7 1 2 4 0 2 4 0 60.1313927173614502
0 2 7 1 2 7 12 16 2 1 2 7 0 2 7 12 16 2 1 2 7 0 2 11 12 16 2 5 30 3 0 2 7 0 2 7 0 2 7 0 2 7 1 2 7 16 19 11 1 2 7 0 2 7 0 2 7 0 2 7 6 2 7 0 2 7 1 2 7 16 19 11 0 2 7 5 30 3 17 9 2 0 2 7 13 6 3 8 18 2 5 30 3 0 2 7 5 31 3 1 2 7 0 2 4 0 2 7 0 2 7 1 2 7 0 2 7 0 2 7 12 16 2 5 30 3 0 2 7 0 2 7 17 9 2 0 2 7 5 30 3 0 2 7 8 18 2 17 9 2 5 30 3 1 2 7 5 31 3 0 2 7 0 2 7 0 2 7 16 19 11 16 30 2 0 2 7 0 2 7 0 62.6066791415214539
5 31 3 0 2 4 12 16 2 17 18 2 0 2 7 17 18 2 1 2 7 0 2 7 12 16 2 5 30 3 0 2 7 1 2 7 1 2 7 0 2 7 0 2 7 13 6 3 0 2 7 1 2 7 0 2 7 0 2 4 5 31 3 1 2 7 0 2 7 1 2 7 1 2 7 0 2 7 17 9 2 1 2 7 17 18 2 13 6 3 1 2 7 17 9 2 17 18 2 17 9 2 5 30 3 0 2 7 1 2 4 1 2 7 0 2 7 0 2 7 0 2 7 1 2 7 0 2 7 13 6 3 12 16 2 0 2 7 0 2 7 0 2 7 1 2 7 1 2 7 0 2 7 1 2 4 0 2 7 0 2 7 0 2 7 1 2 4 1 2 7 0 2 4 1 2 7 1 2 4 0 59.7875515222549438
5 31 3 0 2 4 12 16 2 17 18 2 0 2 7 17 18 2 1 2 7 1 2 7 12 16 2 5 30 3 0 2 7 1 2 7 1 2 7 0 2 7 0 2 7 13 6 3 0 2 7 1 2 7 0 2 7 0 2 4 5 31 3 1 2 7 0 2 7 1 2 7 1 2 7 0 2 7 17 9 2 1 2 7 17 18 2 13 6 3 1 2 7 17 9 2 17 18 2 17 9 2 5 30 3 0 2 7 1 2 7 1 2 7 0 2 7 0 2 7 0 2 7 1 2 7 0 2 7 13 6 3 12 16 2 0 2 7 0 2 7 0 2 7 1 2 7 1 2 7 0 2 7 1 2 4 0 2 7 0 2 7 0 2 7 1 2 4 0 2 7 1 2 4 0 2 4 1 2 4 0 59.7875515222549438
5 31 3 0 2 4 12 16 2 17 18 2 0 2 7 17 18 2 1 2 7 1 2 7 12 16 2 5 30 3 0 2 7 1 2 7 1 2 7 0 2 7 0 2 7 13 6 3 0 2 7 1 2 7 0 2 7 0 2 4 5 31 3 1 2 7 1 2 4 1 2 7 0 2 7 17 9 2 1 2 7 17 18 2 13 6 3 1 2 7 17 9 2 17 18 2 17 9 2 5 30 3 0 2 7 1 2 4 1 2 7 0 2 7 0 2 7 0 2 7 1 2 7 0 2 7 13 6 3 12 16 2 0 2 7 0 2 7 0 2 7 1 2 7 1 2 7 0 2 7 1 2 4 0 2 7 0 2 7 0 2 7 1 2 4 0 2 7 1 2 7 0 2 7 0 2 7 1 2 4 0 59.7875515222549438
5 31 3 0 2 7 12 16 2 17 18 2 0 2 7 17 18 2 1 2 7 1 2 7 12 16 2 5 30 3 0 2 7 1 2 7 1 2 7 1 2 7 0 2 7 13 6 3 0 2 7 1 2 7 0 2 7 0 2 7 5 30 3 0 2 7 0 2 7 0 2 7 0 2 7 0 2 7 0 2 7 17 9 2 1 2 7 17 18 2 13 6 3 1 2 7 17 9 2 5 31 3 0 2 7 1 2 7 0 2 7 0 2 7 1 2 7 16 20 12 0 2 7 12 16 2 0 2 7 0 2 7 0 2 7 0 2 7 0 2 7 0 2 7 1 2 3 0 2 7 1 2 7 17 1 2 12 16 2 6 2 7 1 2 7 1 2 7 1 2 7 0 2 7 0 2 4 5 31 3 0 60.7433504462242126
5 31 3 0 2 4 12 16 2 17 18 2 0 2 7 17 18 2 1 2 7 1 2 7 12 16 2 5 30 3 0 2 7 1 2 7 1 2 7 0 2 7 0 2 7 13 6 3 0 2 7 1 2 7 0 2 7 0 2 4 5 31 3 1 2 7 0 2 4 1 2 4 1 2 7 0 2 7 17 9 2 1 2 7 17 18 2 13 6 3 1 2 7 17 9 2 17 18 2 17 9 2 5 30 3 0 2 7 1 2 4 1 2 7 0 2 7 0 2 7 0 2 7 1 2 7 0 2 7 13 6 3 12 16 2 0 2 7 0 2 7 0 2 7 1 2 7 1 2 7 0 2 7 1 2 4 0 2 7 0 2 7 0 2 7 1 2 4 0 2 7 1 2 7 1 2 7 0 2 7 0 59.7875515222549438
0 2 7 1 2 7 12 16 2 1 2 7 0 2 7 12 16 2 1 2 7 0 2 11 12 16 2 5 30 3 0 2 7 0 2 7 0 2 7 0 2 7 1 2 7 16 19 11 1 2 7 0 2 7 0 2 7 0 2 7 6 2 7 0 2 7 1 2 7 16 19 11 0 2 7 5 30 3 17 9 2 0 2 7 13 6 3 8 18 2 5 30 3 0 2 7 5 31 3 1 2 7 0 2 4 0 2 7 0 2 7 1 2 7 0 2 7 0 2 7 12 16 2 5 30 3 0 2 7 0 2 7 17 9 2 0 2 7 5 30 3 0 2 7 8 18 2 17 9 2 5 30 3 1 2 7 5 31 3 0 2 7 0 2 7 0 2 7 16 19 11 16 30 2 0 2 7 0 2 7 0 62.6066791415214539
5 31 3 0 2 4 12 16 2 17 18 2 0 2 4 17 18 2 1 2 7 1 2 7 12 16 2 5 30 3 0 2 7 1 2 7 1 2 7 0 2 7 0 2 7 13 6 3 0 2 3 1 2 7 0 2 7 0 2 4 5 31 3 1 2 7 0 2 4 1 2 4 1 2 7 0 2 7 17 9 2 1 2 7 17 18 2 13 6 3 1 2 4 17 9 2 17 18 2 17 9 2 5 30 3 0 2 7 1 2 4 1 2 7 0 2 7 0 2 7 0 2 7 1 2 7 0 2 7 0 2 7 0 2 7 0 2 7 1 2 7 0 2 7 1 2 4 0 2 7 0 2 7 1 2 4 0 2 7 1 2 3 0 2 4 0 2 7 1 2 3 0 2 4 1 2 7 1 2 4 0 60.1313927173614502
5 31 3 0 2 4 12 16 2 17 18 2 0 2 7 17 18 2 1 2 7 1 2 7 12 16 2 5 30 3 0 2 7 1 2 7 1 2 7 0 2 7 0 2 7 13 6 3 0 2 7 1 2 7 0 2 7 0 2 4 5 31 3 1 2 7 1 2 4 1 2 7 0 2 7 17 9 2 1 2 7 17 18 2 13 6 3 1 2 7 17 9 2 17 18 2 17 9 2 5 30 3 0 2 7 1 2 4 1 2 7 0 2 7 0 2 7 0 2 7 1 2 7 0 2 7 13 6 3 12 16 2 0 2 7 0 2 7 0 2 7 1 2 7 1 2 7 0 2 7 1 2 4 0 2 7 0 2 7 0 2 7 1 2 4 0 2 7 1 2 7 0 2 7 0 2 4 1 2 7 0 59.7875515222549438
5 31 3 0 2 4 12 16 2 17 18 2 0 2 7 17 18 2 1 2 7 1 2 7 12 16 2 5 30 3 0 2 7 1 2 7 1 2 7 0 2 7 0 2 7 13 6 3 0 2 7 1 2 7 0 2 7 0 2 4 5 31 3 1 2 7 1 2 4 1 2 7 0 2 7 17 9 2 1 2 7 17 18 2 13 6 3 1 2 7 17 9 2 17 18 2 17 9 2 5 30 3 0 2 7 1 2 4 1 2 7 0 2 7 0 2 7 0 2 7 1 2 7 0 2 7 13 6 3 12 16 2 0 2 7 0 2 7 0 2 7 1 2 7 1 2 7 0 2 7 1 2 4 0 2 7 0 2 7 0 2 7 1 2 4 0 2 7 1 2 7 0 2 7 0 2 4 1 2 7 0 59.7875515222549438
5 31 3 0 2 4 12 16 2 17 18 2 0 2 7 17 18 2 1 2 7 1 2 7 12 16 2 5 30 3 0 2 7 1 2 7 1 2 7 0 2 7 0 2 7 13 6 3 0 2 7 1 2 7 0 2 7 0 2 4 5 31 3 1 2 7 1 2 4 1 2 7 0 2 7 17 9 2 1 2 7 17 18 2 13 6 3 1 2 7 17 9 2 17 18 2 17 9 2 5 30 3 0 2 7 1 2 4 1 2 7 0 2 7 0 2 7 0 2 7 1 2 7 0 2 7 13 6 3 12 16 2 0 2 7 0 2 7 0 2 7 1 2 7 1 2 7 0 2 7 1 2 4 0 2 7 0 2 7 0 2 7 1 2 4 0 2 7 1 2 7 0 2 7 0 2 4 1 2 7 0 59.7875515222549438
5 31 3 0 2 4 12 16 2 17 18 2 0 2 7 17 18 2 1 2 7 1 2 7 12 16 2 5 30 3 0 2 7 1 2 7 1 2 7 0 2 7 0 2 7 13 6 3 0 2 7 1 2 7 0 2 7 0 2 4 5 31 3 1 2 7 0 2 4 1 2 4 1 2 7 0 2 7 17 9 2 1 2 7 17 18 2 13 6 3 1 2 7 17 9 2 17 18 2 17 9 2 5 30 3 0 2 7 1 2 4 1 2 7 0 2 7 0 2 7 0 2 7 1 2 7 0 2 7 13 6 3 12 16 2 0 2 7 0 2 7 0 2 7 1 2 7 1 2 7 0 2 7 1 2 4 0 2 7 0 2 7 0 2 7 1 2 4 0 2 7 1 2 7 1 2 7 0 2 7 0 59.7875515222549438
5 31 3 0 2 4 12 16 2 17 18 2 0 2 7 17 18 2 1 2 7 1 2 7 12 16 2 5 30 3 0 2 7 1 2 4 1 2 7 0 2 7 0 2 7 13 6 3 0 2 7 1 2 7 0 2 7 0 2 4 5 31 3 1 2 7 0 2 7 1 2 7 1 2 7 0 2 7 17 9 2 1 2 7 17 18 2 13 6 3 1 2 7 17 9 2 17 18 2 17 9 2 5 30 3 0 2 7 0 2 4 1 2 7 0 2 7 0 2 7 0 2 7 1 2 7 0 2 7 13 6 3 12 16 2 0 2 7 0 2 4 0 2 7 1 2 7 1 2 4 0 2 7 1 2 7 0 2 7 0 2 7 0 2 7 1 2 7 1 2 7 0 2 7 1 2 7 1 2 4 0 59.7875515222549438
5 31 3 0 2 4 12 16 2 17 18 2 0 2 7 1 2 7 1 2 4 1 2 7 12 16 2 5 30 3 0 2 7 0 2 7 1 2 4 0 2 7 0 2 7 13 6 3 0 2 7 1 2 7 1 2 7 0 2 7 5 31 3 1 2 7 1 2 7 0 2 7 17 9 2 1 2 7 17 18 2 13 6 3 1 2 7 17 9 2 17 18 2 17 9 2 5 30 3 1 2 7 0 2 7 0 2 7 0 2 4 0 2 7 1 2 4 13 6 3 12 16 2 0 2 4 1 2 7 0 2 7 1 2 7 1 2 7 0 2 7 0 2 7 0 2 7 1 2 7 0 2 7 1 2 7 0 2 7 0 2 7 0 2 7 0 2 7 17 18 2 1 2 7 1 2 4 0 2 7 0 59.7875515222549438
5 31 3 0 2 7 12 16 2 17 18 2 0 2 7 1 2 7 1 2 7 1 2 7 12 16 2 5 30 3 1 2 7 1 2 4 1 2 7 0 2 7 0 2 7 13 6 3 0 2 4 1 2 7 1 2 4 0 2 7 5 31 3 1 2 7 1 2 7 0 2 7 17 9 2 1 2 7 17 18 2 13 6 3 1 2 7 17 9 2 17 18 2 17 9 2 5 30 3 1 2 7 0 2 7 0 2 7 0 2 4 0 2 7 0 2 7 13 6 3 12 16 2 0 2 7 1 2 7 0 2 7 1 2 7 1 2 7 0 2 7 0 2 7 0 2 7 1 2 7 0 2 7 1 2 7 0 2 7 0 2 4 0 2 7 1 2 7 0 2 4 0 2 4 0 2 7 17 18 2 0 59.7875515222549438
5 31 3 0 2 7 12 16 2 17 18 2 0 2 7 1 2 7 1 2 7 1 2 7 12 16 2 5 30 3 0 2 7 1 2 4 0 2 7 0 2 7 13 6 3 0 2 4 1 2 7 1 2 7 0 2 7 5 31 3 1 2 7 1 2 4 0 2 7 17 9 2 1 2 7 17 18 2 13 6 3 1 2 7 17 9 2 17 18 2 17 9 2 5 30 3 1 2 7 0 2 7 0 2 7 0 2 4 0 2 7 0 2 7 0 2 7 1 2 7 0 2 7 1 2 7 1 2 7 0 2 7 0 2 7 0 2 7 0 2 7 0 2 7 0 2 4 17 18 2 0 2 4 1 2 4 1 2 4 1 2 3 1 2 4 1 2 4 0 2 4 0 2 4 1 2 3 0 2 3 0 60.1313927173614502
5 31 3 0 2 7 12 16 2 17 18 2 0 2 7 1 2 7 1 2 7 1 2 7 12 16 2 5 30 3 1 2 7 1 2 4 1 2 7 0 2 7 0 2 7 13 6 3 0 2 4 1 2 7 1 2 4 0 2 7 5 31 3 1 2 7 1 2 7 0 2 7 17 9 2 1 2 7 17 18 2 13 6 3 1 2 7 17 9 2 17 18 2 17 9 2 5 30 3 1 2 7 0 2 7 0 2 7 0 2 4 0 2 7 0 2 7 13 6 3 12 16 2 0 2 7 1 2 7 0 2 7 1 2 7 1 2 7 0 2 7 0 2 7 0 2 7 1 2 7 0 2 7 1 2 7 0 2 7 0 2 4 0 2 7 1 2 7 0 2 4 0 2 4 0 2 7 17 9 2 0 59.7875515222549438
5 31 3 0 2 4 12 16 2 17 18 2 0 2 7 1 2 7 1 2 4 1 2 7 12 16 2 5 30 3 0 2 7 0 2 7 1 2 4 0 2 7 0 2 7 13 6 3 0 2 7 1 2 7 1 2 7 0 2 7 5 31 3 1 2 7 1 2 7 0 2 7 17 9 2 1 2 7 17 18 2 13 6 3 1 2 7 17 9 2 17 18 2 17 9 2 5 30 3 1 2 7 0 2 7 0 2 7 0 2 4 0 2 7 1 2 4 13 6 3 12 16 2 0 2 4 1 2 7 0 2 7 1 2 7 1 2 7 0 2 7 0 2 7 0 2 7 1 2 7 0 2 7 1 2 7 0 2 7 0 2 7 0 2 7 1 2 4 0 2 7 17 18 2 1 2 7 0 2 7 0 59.7875515222549438
5 31 3 0 2 7 12 16 2 17 18 2 0 2 7 1 2 7 1 2 7 1 2 7 12 16 2 5 30 3 0 2 7 1 2 4 0 2 7 0 2 7 13 6 3 0 2 4 1 2 7 1 2 7 0 2 7 5 31 3 1 2 7 1 2 4 0 2 7 17 9 2 1 2 7 17 18 2 13 6 3 1 2 7 17 9 2 17 18 2 17 9 2 5 30 3 1 2 7 0 2 7 0 2 7 0 2 4 0 2 7 0 2 7 0 2 7 1 2 7 0 2 7 1 2 7 1 2 7 0 2 7 0 2 7 0 2 7 0 2 7 0 2 7 0 2 4 17 18 2 0 2 4 1 2 4 13 6 3 12 16 2 1 2 7 1 2 7 0 2 7 1 2 7 1 2 7 0 2 7 0 59.7875515222549438
5 31 3 0 2 7 12 16 2 17 18 2 0 2 7 1 2 7 1 2 7 1 2 7 12 16 2 5 30 3 1 2 7 1 2 4 1 2 7 0 2 7 0 2 7 13 6 3 0 2 4 1 2 7 1 2 4 0 2 7 5 31 3 1 2 7 1 2 7 0 2 7 17 9 2 1 2 7 17 18 2 13 6 3 1 2 7 17 9 2 17 18 2 17 9 2 5 30 3 1 2 7 0 2 7 0 2 7 0 2 4 0 2 7 0 2 7 13 6 3 12 16 2 0 2 7 1 2 7 0 2 7 1 2 7 1 2 7 0 2 7 0 2 7 0 2 7 1 2 7 0 2 7 1 2 7 0 2 7 0 2 4 0 2 7 1 2 7 0 2 4 0 2 4 0 2 7 17 9 2 0 59.7875515222549438
0 2 7 1 2 7 12 16 2 1 2 7 0 2 7 12 16 2 1 2 7 0 2 11 12 16 2 5 30 3 0 2 7 0 2 7 0 2 7 0 2 7 1 2 7 16 19 11 1 2 7 0 2 7 0 2 7 0 2 7 6 2 7 0 2 7 1 2 7 16 19 11 0 2 7 5 30 3 17 9 2 0 2 7 13 6 3 8 18 2 5 30 3 0 2 7 5 31 3 1 2 7 0 2 4 0 2 7 0 2 7 1 2 7 0 2 7 0 2 7 12 16 2 5 30 3 0 2 7 0 2 7 17 9 2 0 2 7 5 30 3 0 2 7 8 18 2 17 9 2 5 30 3 1 2 7 5 31 3 0 2 7 0 2 7 0 2 7 16 19 11 16 30 2 0 2 7 0 2 7 0 62.6066791415214539
5 31 3 0 2 7 12 16 2 17 18 2 0 2 7 17 18 2 1 2 7 1 2 7 12 16 2 5 30 3 0 2 7 1 2 7 1 2 7 1 2 7 0 2 7 13 6 3 0 2 7 1 2 7 0 2 7 0 2 7 5 30 3 0 2 7 0 2 7 0 2 7 0 2 7 0 2 7 0 2 7 17 9 2 1 2 7 17 18 2 13 6 3 1 2 7 17 9 2 5 31 3 0 2 7 1 2 7 0 2 7 0 2 7 1 2 7 16 20 12 0 2 7 12 16 2 0 2 7 0 2 7 0 2 7 0 2 7 0 2 7 0 2 7 1 2 3 0 2 7 1 2 7 17 1 2 12 16 2 6 2 7 1 2 7 1 2 7 1 2 7 0 2 7 0 2 4 5 31 3 0 60.7433504462242126
5 31 3 0 2 4 12 16 2 17 18 2 0 2 7 1 2 7 1 2 4 1 2 7 12 16 2 5 30 3 0 2 7 0 2 7 1 2 4 0 2 7 0 2 7 13 6 3 0 2 7 1 2 4 1 2 7 0 2 7 5 31 3 1 2 7 1 2 7 0 2 7 17 9 2 1 2 7 17 18 2 13 6 3 1 2 7 17 9 2 17 18 2 17 9 2 5 30 3 1 2 7 0 2 7 0 2 7 0 2 4 0 2 7 1 2 4 13 6 3 12 16 2 0 2 4 1 2 7 0 2 7 1 2 7 1 2 7 0 2 7 0 2 7 0 2 7 1 2 7 0 2 7 1 2 7 0 2 7 0 2 7 0 2 7 0 2 7 17 18 2 1 2 7 1 2 7 0 2 7 0 59.7875515222549438
MonoObjective Genetic Algorithm
Number of Evaluations = 0
Mutation Probability = 0
Crossover Probability = 1
Population Size = 10
Survival Selection Type = 5
Time =  18000.9856359958649
5 31 3 0 2 4 12 16 2 17 18 2 0 2 7 1 2 7 1 2 4 1 2 7 12 16 2 5 30 3 0 2 7 0 2 7 1 2 4 0 2 7 0 2 7 13 6 3 0 2 7 1 2 7 1 2 7 0 2 7 5 31 3 1 2 7 1 2 7 0 2 7 17 9 2 1 2 7 17 18 2 13 6 3 1 2 7 17 9 2 17 18 2 17 9 2 5 30 3 1 2 7 0 2 7 0 2 7 0 2 4 0 2 7 1 2 4 13 6 3 12 16 2 0 2 4 1 2 7 0 2 7 1 2 7 1 2 7 0 2 7 0 2 7 0 2 7 1 2 7 0 2 7 1 2 7 0 2 7 0 2 7 0 2 7 0 2 7 17 18 2 1 2 7 1 2 4 0 2 7 0 59.7875515222549438
5 31 3 0 2 7 12 16 2 17 18 2 0 2 7 1 2 7 1 2 7 1 2 7 12 16 2 5 30 3 1 2 7 1 2 4 1 2 7 0 2 7 0 2 7 13 6 3 0 2 4 1 2 7 1 2 4 0 2 7 5 31 3 1 2 7 1 2 7 0 2 7 17 9 2 1 2 7 17 18 2 13 6 3 1 2 7 17 9 2 17 18 2 17 9 2 5 30 3 1 2 7 0 2 7 0 2 7 0 2 4 0 2 7 0 2 7 13 6 3 12 16 2 0 2 7 1 2 7 0 2 7 1 2 7 1 2 7 0 2 7 0 2 7 0 2 7 1 2 7 0 2 7 1 2 7 0 2 7 0 2 4 0 2 7 1 2 7 0 2 4 0 2 4 0 2 7 17 18 2 0 59.7875515222549438
5 31 3 0 2 7 12 16 2 17 18 2 0 2 7 1 2 7 1 2 7 1 2 7 12 16 2 5 30 3 0 2 7 1 2 4 0 2 7 0 2 7 13 6 3 0 2 4 1 2 7 1 2 7 0 2 7 5 31 3 1 2 7 1 2 4 0 2 7 17 9 2 1 2 7 17 18 2 13 6 3 1 2 7 17 9 2 17 18 2 17 9 2 5 30 3 1 2 7 0 2 7 0 2 7 0 2 4 0 2 7 0 2 7 0 2 7 1 2 7 0 2 7 1 2 7 1 2 7 0 2 7 0 2 7 0 2 7 0 2 7 0 2 7 0 2 4 17 18 2 0 2 4 1 2 4 1 2 4 1 2 3 1 2 4 1 2 4 0 2 4 0 2 4 1 2 3 0 2 3 0 60.1313927173614502
5 31 3 0 2 7 12 16 2 17 18 2 0 2 7 1 2 7 1 2 7 1 2 7 12 16 2 5 30 3 1 2 7 1 2 4 1 2 7 0 2 7 0 2 7 13 6 3 0 2 4 1 2 7 1 2 4 0 2 7 5 31 3 1 2 7 1 2 7 0 2 7 17 9 2 1 2 7 17 18 2 13 6 3 1 2 7 17 9 2 17 18 2 17 9 2 5 30 3 1 2 7 0 2 7 0 2 7 0 2 4 0 2 7 0 2 7 13 6 3 12 16 2 0 2 7 1 2 7 0 2 7 1 2 7 1 2 7 0 2 7 0 2 7 0 2 7 1 2 7 0 2 7 1 2 7 0 2 7 0 2 4 0 2 7 1 2 7 0 2 4 0 2 4 0 2 7 17 9 2 0 59.7875515222549438
5 31 3 0 2 4 12 16 2 17 18 2 0 2 7 1 2 7 1 2 4 1 2 7 12 16 2 5 30 3 0 2 7 0 2 7 1 2 4 0 2 7 0 2 7 13 6 3 0 2 7 1 2 7 1 2 7 0 2 7 5 31 3 1 2 7 1 2 7 0 2 7 17 9 2 1 2 7 17 18 2 13 6 3 1 2 7 17 9 2 17 18 2 17 9 2 5 30 3 1 2 7 0 2 7 0 2 7 0 2 4 0 2 7 1 2 4 13 6 3 12 16 2 0 2 4 1 2 7 0 2 7 1 2 7 1 2 7 0 2 7 0 2 7 0 2 7 1 2 7 0 2 7 1 2 7 0 2 7 0 2 7 0 2 7 1 2 4 0 2 7 17 18 2 1 2 7 0 2 7 0 59.7875515222549438
5 31 3 0 2 7 12 16 2 17 18 2 0 2 7 1 2 7 1 2 7 1 2 7 12 16 2 5 30 3 0 2 7 1 2 4 0 2 7 0 2 7 13 6 3 0 2 4 1 2 7 1 2 7 0 2 7 5 31 3 1 2 7 1 2 4 0 2 7 17 9 2 1 2 7 17 18 2 13 6 3 1 2 7 17 9 2 17 18 2 17 9 2 5 30 3 1 2 7 0 2 7 0 2 7 0 2 4 0 2 7 0 2 7 0 2 7 1 2 7 0 2 7 1 2 7 1 2 7 0 2 7 0 2 7 0 2 7 0 2 7 0 2 7 0 2 4 17 18 2 0 2 4 1 2 4 13 6 3 12 16 2 1 2 7 1 2 7 0 2 7 1 2 7 1 2 7 0 2 7 0 59.7875515222549438
5 31 3 0 2 7 12 16 2 17 18 2 0 2 7 1 2 7 1 2 7 1 2 7 12 16 2 5 30 3 1 2 7 1 2 4 1 2 7 0 2 7 0 2 7 13 6 3 0 2 4 1 2 7 1 2 4 0 2 7 5 31 3 1 2 7 1 2 7 0 2 7 17 9 2 1 2 7 17 18 2 13 6 3 1 2 7 17 9 2 17 18 2 17 9 2 5 30 3 1 2 7 0 2 7 0 2 7 0 2 4 0 2 7 0 2 7 13 6 3 12 16 2 0 2 7 1 2 7 0 2 7 1 2 7 1 2 7 0 2 7 0 2 7 0 2 7 1 2 7 0 2 7 1 2 7 0 2 7 0 2 4 0 2 7 1 2 7 0 2 4 0 2 4 0 2 7 17 9 2 0 59.7875515222549438
0 2 7 1 2 7 12 16 2 1 2 7 0 2 7 12 16 2 1 2 7 0 2 11 12 16 2 5 30 3 0 2 7 0 2 7 0 2 7 0 2 7 1 2 7 16 19 11 1 2 7 0 2 7 0 2 7 0 2 7 6 2 7 0 2 7 1 2 7 16 19 11 0 2 7 5 30 3 17 9 2 0 2 7 13 6 3 8 18 2 5 30 3 0 2 7 5 31 3 1 2 7 0 2 4 0 2 7 0 2 7 1 2 7 0 2 7 0 2 7 12 16 2 5 30 3 0 2 7 0 2 7 17 9 2 0 2 7 5 30 3 0 2 7 8 18 2 17 9 2 5 30 3 1 2 7 5 31 3 0 2 7 0 2 7 0 2 7 16 19 11 16 30 2 0 2 7 0 2 7 0 62.6066791415214539
5 31 3 0 2 7 12 16 2 17 18 2 0 2 7 17 18 2 1 2 7 1 2 7 12 16 2 5 30 3 0 2 7 1 2 7 1 2 7 1 2 7 0 2 7 13 6 3 0 2 7 1 2 7 0 2 7 0 2 7 5 30 3 0 2 7 0 2 7 0 2 7 0 2 7 0 2 7 0 2 7 17 9 2 1 2 7 17 18 2 13 6 3 1 2 7 17 9 2 5 31 3 0 2 7 1 2 7 0 2 7 0 2 7 1 2 7 16 20 12 0 2 7 12 16 2 0 2 7 0 2 7 0 2 7 0 2 7 0 2 7 0 2 7 1 2 3 0 2 7 1 2 7 17 1 2 12 16 2 6 2 7 1 2 7 1 2 7 1 2 7 0 2 7 0 2 4 5 31 3 0 60.7433504462242126
5 31 3 0 2 4 12 16 2 17 18 2 0 2 7 1 2 7 1 2 4 1 2 7 12 16 2 5 30 3 0 2 7 0 2 7 1 2 4 0 2 7 0 2 7 13 6 3 0 2 7 1 2 4 1 2 7 0 2 7 5 31 3 1 2 7 1 2 7 0 2 7 17 9 2 1 2 7 17 18 2 13 6 3 1 2 7 17 9 2 17 18 2 17 9 2 5 30 3 1 2 7 0 2 7 0 2 7 0 2 4 0 2 7 1 2 4 13 6 3 12 16 2 0 2 4 1 2 7 0 2 7 1 2 7 1 2 7 0 2 7 0 2 7 0 2 7 1 2 7 0 2 7 1 2 7 0 2 7 0 2 7 0 2 7 0 2 7 17 18 2 1 2 7 1 2 7 0 2 7 0 59.7875515222549438
