1 2 7 16 6 2 1 2 7 1 2 7 17 18 2 1 2 11 1 2 7 0 2 7 5 31 3 1 2 7 0 2 7 1 2 4 17 9 2 1 2 7 0 2 7 0 2 7 0 2 7 0 2 7 12 16 2 0 2 7 8 9 2 0 2 7 0 2 7 5 31 3 0 2 7 0 2 7 1 2 7 0 2 7 17 18 2 0 2 4 0 2 7 0 2 7 0 2 7 0 2 7 5 30 3 0 2 7 8 9 2 1 2 7 1 2 4 5 30 3 0 40.9775986671447754
0 2 7 16 18 2 0 2 7 12 16 2 5 30 3 12 16 2 0 2 7 0 2 7 0 2 7 6 2 7 0 2 3 0 2 7 0 2 7 0 2 7 0 2 7 0 2 7 0 2 7 5 30 3 16 6 2 0 2 7 5 31 3 16 19 11 0 2 7 5 31 3 5 30 3 6 2 3 1 2 7 16 19 11 5 30 3 0 2 7 0 2 7 0 2 7 6 2 7 16 19 11 0 2 7 1 2 7 0 2 7 0 2 7 0 2 7 0 2 7 11905.3563755392643 42.3232312202453613
0 2 7 16 19 11 0 2 7 12 16 2 5 30 3 12 16 2 0 2 7 0 2 7 0 2 7 0 2 7 0 2 7 0 2 7 0 2 7 0 2 7 0 2 7 0 2 3 0 2 7 5 30 3 16 6 2 0 2 7 5 31 3 16 19 11 0 2 7 5 30 3 5 31 3 0 2 7 0 2 7 16 19 11 5 30 3 0 2 7 0 2 7 1 2 3 0 2 3 16 19 11 0 2 3 1 2 3 6 2 3 1 2 7 0 2 7 0 2 7 0 42.9764162302017212
0 2 3 16 6 2 0 2 7 0 2 7 16 19 11 0 2 7 0 2 7 0 2 7 5 30 3 0 2 7 1 2 7 0 2 7 17 18 2 0 2 7 16 19 11 0 2 7 0 2 7 1 2 7 1 2 7 1 2 7 16 6 2 1 2 3 0 2 3 5 30 3 0 2 7 0 2 7 0 2 7 0 2 3 12 16 2 0 2 7 1 2 7 0 2 7 1 2 7 0 2 7 5 30 3 8 9 2 5 31 3 0 2 7 0 2 7 5 31 3 0 41.7753704786300659
0 2 7 16 19 2 6 2 7 1 2 7 12 18 2 1 2 7 17 9 2 0 2 7 5 31 3 1 2 7 0 2 7 0 2 7 0 9 7 1 2 7 0 2 7 0 2 7 0 2 7 6 2 7 5 16 2 0 2 7 8 19 11 0 2 7 0 2 7 1 2 7 0 2 7 0 2 7 0 2 7 0 2 7 5 18 2 0 2 7 0 2 7 16 19 7 0 2 7 1 2 7 5 30 3 5 2 3 12 16 2 0 2 7 0 2 7 5 30 3 1359820.31250408501 42.8193395733833313
0 2 7 16 19 11 0 2 7 1 2 7 12 16 2 1 2 7 17 9 2 1 2 7 5 30 3 0 2 7 1 2 7 0 2 7 0 2 7 0 2 7 16 18 11 0 2 3 0 2 7 1 2 7 5 31 3 0 2 7 16 19 11 0 2 3 0 2 7 0 2 3 0 2 3 0 2 7 0 2 7 0 2 7 5 30 3 6 2 7 1 2 7 16 19 11 0 2 7 0 2 7 5 30 3 5 30 3 0 2 7 0 2 7 0 2 7 5 31 3 0 42.5261204242706299
1 2 7 16 19 11 6 2 7 0 2 3 6 2 7 0 2 7 17 9 2 0 2 3 5 30 3 0 2 7 0 2 7 0 2 7 0 2 7 0 2 3 16 19 11 0 2 7 0 2 7 1 2 7 5 30 3 0 2 3 16 19 11 0 2 7 0 2 7 1 2 7 0 2 7 0 2 7 0 2 7 0 2 7 5 31 3 1 2 7 0 2 3 16 9 11 0 2 7 1 2 7 5 30 3 5 30 3 12 16 2 0 2 7 0 2 7 5 31 3 0 42.6024134755134583
1 2 7 16 19 11 6 2 7 1 2 7 12 18 2 1 2 11 1 9 2 0 2 7 5 31 3 1 2 7 0 2 7 1 2 7 17 9 7 1 2 7 0 19 7 0 2 7 0 2 7 6 2 7 5 31 3 0 2 7 16 19 11 0 2 7 0 2 7 5 2 3 0 2 7 0 2 7 0 2 7 0 2 7 17 31 3 1 2 4 0 2 7 16 2 7 0 2 7 1 2 7 5 30 3 5 2 7 12 16 2 0 2 7 0 2 4 5 30 3 823678.71988119313 42.1291167140007019
1 2 7 0 2 7 0 2 7 0 2 7 17 18 2 0 2 7 0 2 7 1 2 7 5 30 3 1 2 7 0 2 7 0 2 7 1 2 12 5 30 3 16 19 11 0 2 7 1 2 7 0 2 11 12 16 2 0 2 7 17 9 2 0 2 7 0 2 7 0 2 7 0 2 7 5 31 3 6 2 8 0 2 7 16 19 11 0 2 7 6 2 11 16 18 8 6 2 7 0 2 7 5 31 3 5 31 3 0 2 7 0 2 7 0 2 7 5 31 3 0 42.5676537156105042
0 16 2 5 6 11 6 2 7 0 2 7 6 16 2 0 2 7 0 9 2 1 2 7 5 31 3 1 2 7 0 2 3 0 2 7 0 2 2 1 2 7 16 19 11 0 2 7 0 2 7 6 2 7 12 30 3 0 2 7 16 9 11 0 2 7 0 2 7 5 2 7 0 2 7 0 2 7 1 2 7 0 2 7 0 31 2 0 2 7 1 2 7 16 19 11 0 2 7 0 2 3 5 30 3 0 30 7 17 18 2 0 2 7 0 2 7 5 31 3 863889.853504746803 41.4366968870162964
0 2 7 17 18 2 0 2 7 0 2 7 1 2 7 0 2 7 17 9 2 0 2 7 5 31 3 0 2 7 0 2 4 0 2 7 1 2 7 0 2 7 16 6 2 0 2 7 0 2 7 0 2 7 12 16 2 1 2 7 13 6 3 16 6 2 0 2 7 0 2 7 0 2 4 1 2 4 1 2 7 0 2 7 5 30 3 5 31 3 0 2 7 1 2 7 1 2 7 0 2 7 5 30 3 17 18 2 0 2 7 1 2 7 1 2 7 5 31 3 0 40.5349836349487305
1 2 7 8 9 2 0 2 7 0 2 7 0 2 7 1 2 7 0 2 2 0 2 7 5 30 3 0 2 4 0 2 7 0 2 7 0 2 7 0 2 7 16 19 12 0 2 7 1 2 3 1 2 7 12 16 2 0 2 7 0 31 3 16 2 7 16 30 11 0 2 7 1 2 7 0 2 3 0 2 4 0 2 7 5 31 3 5 30 2 0 2 7 0 2 7 0 2 7 0 2 7 5 31 3 16 19 11 17 18 2 6 2 3 1 2 7 5 2 3 691075.747527118074 42.1533100605010986
1 2 7 17 18 2 0 2 7 0 2 7 0 2 7 0 2 7 17 18 3 1 2 3 0 2 7 1 2 7 0 2 3 0 2 7 0 2 7 0 2 7 16 6 2 0 2 7 5 31 7 0 2 7 12 16 2 0 2 7 5 2 7 0 30 2 5 18 3 0 2 3 1 2 7 1 2 7 0 2 7 0 2 7 5 30 3 12 16 3 1 2 7 1 2 3 1 2 11 0 2 7 5 30 3 16 9 11 0 2 7 1 2 7 1 2 7 0 31 3 512830.364282895578 41.7153847813606262
0 2 7 17 9 2 1 2 7 0 2 7 16 2 7 0 2 7 12 16 2 0 30 7 5 31 3 0 2 7 0 2 4 0 2 7 1 2 7 0 2 7 0 2 2 0 2 7 0 2 7 0 2 7 0 2 2 1 2 7 0 2 3 16 6 11 0 2 7 0 2 7 0 2 7 1 2 4 1 2 7 0 2 7 5 30 3 5 31 3 1 2 7 1 2 7 1 2 7 1 2 7 5 30 3 17 18 3 0 19 7 1 2 7 1 2 7 5 30 3 716342.332581603434 40.9450739026069641
0 2 7 17 18 2 0 2 7 0 2 7 1 19 11 0 2 7 17 9 2 16 2 2 5 31 3 0 2 7 0 2 7 0 2 7 0 2 7 0 2 7 16 6 7 0 2 7 0 2 7 0 2 7 12 16 7 0 2 7 13 6 3 16 19 2 0 2 7 0 2 7 0 2 4 0 2 7 0 2 7 6 2 7 5 30 3 5 31 3 0 2 7 1 2 7 1 2 7 0 2 7 5 31 3 5 30 2 16 2 11 0 2 7 0 2 7 5 31 3 771877.436288260506 41.6802676320075989
0 2 7 0 2 7 1 2 7 1 2 7 1 2 7 0 2 7 12 16 2 1 2 7 5 30 3 0 2 7 0 2 7 1 2 7 6 2 7 0 2 7 17 18 2 0 2 7 0 2 7 0 2 7 12 16 2 0 2 7 16 19 11 16 6 2 0 2 7 0 2 7 1 2 7 6 2 7 0 2 7 0 2 7 5 31 3 0 2 7 0 2 7 0 2 7 0 2 7 0 2 7 5 31 3 5 31 3 16 6 2 0 2 7 0 2 7 5 31 3 0 41.4930015802383423
0 2 7 0 2 7 1 2 3 0 2 7 5 30 3 0 2 3 12 16 7 16 2 3 5 31 3 0 2 7 0 2 7 0 2 3 0 2 7 0 2 7 16 2 7 0 2 3 0 2 7 0 2 7 0 2 2 0 2 7 0 2 2 16 6 11 0 2 3 0 2 7 0 2 7 0 2 7 0 2 7 1 2 7 16 30 12 5 30 3 1 2 7 1 2 7 16 2 2 1 2 3 5 31 3 5 31 3 17 9 11 0 2 7 0 2 7 1 2 3 690187.955607574084 42.3869041204452515
0 2 7 17 18 2 1 2 11 0 2 7 6 2 7 0 2 7 17 18 2 1 2 11 5 30 7 1 2 7 0 2 7 0 2 7 1 2 7 0 2 7 16 2 2 0 2 7 0 2 7 0 2 7 16 19 1 0 2 7 5 31 3 17 18 2 16 2 7 0 2 7 1 2 7 0 2 7 5 31 4 0 2 7 5 31 3 5 30 3 0 2 11 0 2 7 0 2 7 0 2 7 5 31 3 17 19 11 0 2 7 0 2 11 1 2 7 5 31 3 484105.760880344198 42.5430638194084167
1 2 7 17 1 2 0 2 7 0 2 7 0 2 7 0 2 7 17 18 2 1 2 7 0 2 7 1 2 7 0 2 7 0 2 7 0 2 7 0 2 3 8 18 2 0 2 7 6 2 7 1 2 7 0 2 7 0 2 7 5 30 3 1 2 3 17 18 2 1 2 3 1 2 7 0 2 7 0 2 7 0 2 7 5 30 3 5 30 3 0 2 7 1 2 7 1 2 4 0 2 7 5 31 3 17 9 2 0 2 7 0 2 7 1 2 7 5 30 3 0 41.1450996994972229
0 2 7 17 9 2 0 2 3 0 2 7 16 19 3 0 2 3 12 2 7 0 2 2 5 30 3 0 2 7 0 2 7 0 2 3 0 2 7 0 2 7 16 2 7 0 2 3 0 2 7 0 2 7 12 16 7 0 2 7 0 18 2 16 6 2 0 2 7 1 2 7 0 2 7 0 2 7 0 2 7 1 2 7 5 19 3 5 31 3 1 2 3 0 2 7 16 6 2 1 2 7 5 31 3 5 30 3 17 19 11 1 2 7 0 2 7 5 30 7 327208.657675149618 42.3624027967453003
0 2 7 17 18 2 0 2 7 0 2 7 0 2 7 0 2 7 17 18 2 13 6 3 0 2 7 1 2 7 0 2 7 0 2 7 0 2 7 1 2 7 1 2 7 0 2 7 1 2 7 1 2 7 0 2 7 0 2 4 5 31 3 1 2 7 17 18 2 0 2 7 0 2 7 0 2 7 1 2 7 0 2 7 5 31 3 1 2 7 0 2 7 1 2 7 1 2 7 1 2 7 1 2 11 17 9 2 0 2 7 16 6 2 1 2 7 5 31 3 0 40.0670827627182007
5 30 3 8 18 2 1 2 11 1 2 7 5 30 3 0 2 7 0 2 7 5 30 3 0 2 7 12 16 2 0 2 7 0 2 7 16 19 11 0 2 7 6 2 7 0 2 7 0 2 7 17 9 2 0 2 3 0 2 3 16 30 2 0 2 7 0 2 7 6 2 3 0 2 7 1 2 7 5 31 3 0 2 7 5 31 3 16 19 11 0 2 7 0 2 7 1 2 7 1 2 7 12 16 2 1 2 7 0 2 4 0 2 7 12 16 2 0 2 7 0 42.2035674452781677
1 2 3 0 2 7 0 16 2 0 2 7 0 2 3 0 2 7 17 18 7 16 15 11 0 2 7 1 2 3 0 2 7 0 2 3 0 6 2 1 2 3 1 2 3 0 2 7 0 2 7 1 16 7 0 2 7 1 2 7 5 6 3 1 2 3 0 2 7 1 2 7 0 2 3 0 2 3 1 2 7 0 2 7 17 18 2 1 2 4 0 2 7 0 18 2 5 2 7 1 2 7 12 31 3 8 9 2 0 2 7 5 2 7 12 16 2 5 31 3 633044.090825002291 42.1338122487068176
0 2 3 0 2 2 0 16 2 0 2 7 0 2 7 0 2 7 17 18 2 16 15 3 0 2 7 1 2 3 0 2 7 0 2 7 0 2 7 0 2 3 1 2 11 0 2 7 1 2 7 1 2 7 0 2 7 1 2 7 5 31 3 1 2 7 17 2 2 0 2 7 0 2 7 0 2 3 1 2 7 0 2 7 17 18 3 1 2 7 1 2 7 8 18 7 1 2 7 1 2 7 1 2 2 8 9 2 0 2 7 16 30 3 12 16 7 0 2 3 346484.955158753146 40.9496769905090332
5 30 7 17 18 7 12 2 7 0 2 7 0 2 7 0 2 7 17 18 2 13 6 2 1 2 7 1 2 7 0 2 7 0 2 7 0 2 7 1 2 7 16 9 7 0 2 7 0 2 7 1 2 7 0 2 7 0 2 4 5 31 3 1 2 3 0 18 7 1 2 7 0 2 4 0 2 7 1 2 7 0 2 7 5 31 2 1 2 4 0 2 7 1 2 2 0 2 7 1 2 7 12 16 11 17 9 2 0 2 7 5 6 2 1 2 2 5 31 7 791024.260319497087 40.7007965445518494
1 2 11 5 30 3 16 19 12 0 2 7 0 2 7 0 2 3 0 2 3 16 6 2 5 31 3 0 2 7 0 2 3 0 2 3 0 2 3 0 2 7 16 19 11 0 2 7 0 2 3 0 2 7 0 2 3 1 2 3 5 30 3 0 2 7 16 19 12 0 2 7 0 2 3 0 2 3 5 30 3 0 2 3 0 2 7 0 2 3 0 2 7 12 16 2 1 2 7 1 2 3 5 30 3 0 2 3 0 2 7 16 19 11 0 2 11 5 30 3 0 43.7780466079711914
0 2 7 16 19 2 0 2 2 0 2 7 0 2 7 0 2 7 12 16 2 5 9 3 0 2 7 0 2 7 0 2 7 0 2 7 6 2 7 0 2 7 1 15 2 0 2 7 1 2 4 0 2 4 0 2 3 1 2 7 5 31 3 1 2 7 6 2 7 0 2 7 0 2 7 0 2 7 0 2 7 1 2 7 5 2 3 5 2 7 0 2 7 12 16 7 17 9 7 1 2 7 5 2 3 0 9 3 1 2 7 0 2 7 17 9 2 5 31 3 787497.078428852139 43.0513380765914917
0 2 7 0 2 3 1 16 3 1 2 3 0 2 7 1 2 7 0 2 2 16 15 2 1 2 7 0 2 7 0 2 7 0 2 7 0 2 3 0 2 7 16 2 11 0 2 7 0 2 7 1 2 7 16 2 7 1 2 7 5 30 3 1 2 3 12 16 2 1 2 7 0 2 4 0 2 7 5 2 7 8 2 7 1 18 7 1 2 7 0 2 7 0 2 7 0 19 7 0 2 3 5 31 2 17 9 2 0 2 7 5 6 2 12 2 3 5 30 7 1124943.83535555983 42.3727098107337952
5 30 3 0 2 7 12 2 2 0 2 7 0 2 7 0 2 7 17 18 7 16 6 2 1 2 7 1 2 3 0 2 7 0 2 7 0 2 7 0 2 3 1 9 3 0 2 7 1 2 7 0 2 7 0 6 2 0 2 7 5 31 3 1 2 3 0 2 7 1 2 7 0 2 7 0 2 3 1 31 3 0 18 2 17 2 2 0 2 4 1 2 7 8 18 2 16 2 11 1 2 7 12 16 3 8 9 2 0 2 7 16 30 3 0 16 2 0 2 3 589331.335951240966 40.6884549856185913
0 16 7 0 2 3 0 2 3 0 2 3 0 2 7 0 2 7 0 2 7 16 2 7 1 2 7 0 2 3 0 2 7 0 2 7 0 30 3 0 2 7 1 15 2 0 2 7 0 2 7 5 2 7 0 6 3 0 2 7 5 31 3 1 2 3 1 16 7 1 2 7 0 2 10 0 2 7 0 2 3 8 18 7 1 19 7 0 19 11 0 30 3 0 2 7 16 2 7 0 2 3 5 19 11 17 31 3 0 2 7 16 6 2 0 2 7 5 30 3 1947400.94333958975 41.4970437288284302
0 2 7 17 18 2 0 2 7 0 2 7 0 2 7 0 2 7 17 18 2 13 6 3 0 2 7 1 2 7 0 2 7 0 2 7 0 2 7 1 2 7 1 2 7 0 2 7 1 2 7 1 2 7 0 2 7 0 2 4 5 31 3 1 2 7 17 18 2 0 2 7 0 2 7 0 2 7 1 2 7 0 2 7 5 31 3 1 2 7 0 2 7 1 2 7 1 2 7 1 2 7 1 2 11 17 9 2 0 2 7 16 6 2 1 2 7 5 31 3 0 40.0670827627182007
0 2 7 17 18 2 0 2 7 0 2 7 0 2 7 0 2 7 17 18 2 13 6 3 0 2 7 1 2 7 0 2 7 0 2 7 0 2 7 1 2 7 1 2 7 0 2 7 1 2 7 1 2 7 0 2 7 0 2 4 5 31 3 1 2 7 17 18 2 0 2 7 0 2 7 0 2 7 1 2 7 0 2 7 5 31 3 1 2 7 0 2 7 1 2 7 1 2 7 1 2 7 1 2 11 17 9 2 0 2 7 16 6 2 1 2 7 5 31 3 0 40.0670827627182007
0 2 7 17 18 2 0 2 7 0 2 7 0 2 7 0 2 7 17 18 2 13 6 3 0 2 7 1 2 7 0 2 7 0 2 7 0 2 7 1 2 7 1 2 7 0 2 7 1 2 7 1 2 7 0 2 7 0 2 4 5 31 3 1 2 7 17 18 2 0 2 7 0 2 7 0 2 7 1 2 7 0 2 7 5 31 3 1 2 7 0 2 7 1 2 7 1 2 7 1 2 7 1 2 11 17 9 2 0 2 7 16 6 2 1 2 7 5 31 3 0 40.0670827627182007
0 2 7 17 18 2 0 2 7 0 2 7 0 2 7 0 2 7 17 18 2 13 6 3 0 2 7 1 2 7 0 2 7 0 2 7 0 2 7 1 2 7 1 2 7 0 2 7 1 2 7 1 2 7 0 2 7 0 2 4 5 31 3 1 2 7 17 18 2 0 2 7 0 2 7 0 2 7 1 2 7 0 2 7 5 31 3 1 2 7 0 2 7 1 2 7 1 2 7 1 2 7 1 2 11 17 9 2 0 2 7 16 6 2 1 2 7 5 31 3 0 40.0670827627182007
0 2 7 17 18 2 0 2 7 0 2 7 0 2 7 0 2 7 17 18 2 13 6 3 0 2 7 1 2 7 0 2 7 0 2 7 0 2 7 1 2 7 1 2 7 0 2 7 1 2 7 1 2 7 0 2 7 0 2 4 5 31 3 1 2 7 17 18 2 0 2 7 0 2 7 0 2 7 1 2 7 0 2 7 5 31 3 1 2 7 0 2 7 1 2 7 1 2 7 1 2 7 1 2 11 17 9 2 0 2 7 16 6 2 1 2 7 5 31 3 0 40.0670827627182007
0 2 7 17 18 2 0 2 7 0 2 7 0 2 7 0 2 7 17 18 2 13 6 3 0 2 7 1 2 7 0 2 7 0 2 7 0 2 7 1 2 7 1 2 7 0 2 7 1 2 7 1 2 7 0 2 7 0 2 4 5 31 3 1 2 7 17 18 2 0 2 7 0 2 7 0 2 7 1 2 7 0 2 7 5 31 3 1 2 7 0 2 7 1 2 7 1 2 7 1 2 7 1 2 11 17 9 2 0 2 7 16 6 2 1 2 7 5 31 3 0 40.0670827627182007
0 2 7 17 18 2 0 2 7 0 2 7 0 2 7 0 2 7 17 18 2 13 6 3 0 2 7 1 2 7 0 2 7 0 2 7 0 2 7 1 2 7 1 2 7 0 2 7 1 2 7 1 2 7 0 2 7 0 2 4 5 31 3 1 2 7 17 18 2 0 2 7 0 2 7 0 2 7 1 2 7 0 2 7 5 31 3 1 2 7 0 2 7 1 2 7 1 2 7 1 2 7 1 2 11 17 9 2 0 2 7 16 6 2 1 2 7 5 31 3 0 40.0670827627182007
0 2 7 17 18 2 0 2 7 0 2 7 0 2 7 0 2 7 17 18 2 13 6 3 0 2 7 1 2 7 0 2 7 0 2 7 0 2 7 1 2 7 1 2 7 0 2 7 1 2 7 1 2 7 0 2 7 0 2 4 5 31 3 1 2 7 17 18 2 0 2 7 0 2 7 0 2 7 1 2 7 0 2 7 5 31 3 1 2 7 0 2 7 1 2 7 1 2 7 1 2 7 1 2 11 17 9 2 0 2 7 16 6 2 1 2 7 5 31 3 0 40.0670827627182007
0 2 7 17 18 2 0 2 7 0 2 7 0 2 7 0 2 7 17 18 2 13 6 3 0 2 7 1 2 7 0 2 7 0 2 7 0 2 7 1 2 7 1 2 7 0 2 7 1 2 7 1 2 7 0 2 7 0 2 4 5 31 3 1 2 7 17 18 2 0 2 7 0 2 7 0 2 7 1 2 7 0 2 7 5 31 3 1 2 7 0 2 7 1 2 7 1 2 7 1 2 7 1 2 11 17 9 2 0 2 7 16 6 2 1 2 7 5 31 3 0 40.0670827627182007
0 2 7 17 18 2 0 2 7 0 2 7 0 2 7 0 2 7 17 18 2 13 6 3 0 2 7 1 2 7 0 2 7 0 2 7 0 2 7 1 2 7 1 2 7 0 2 7 1 2 7 1 2 7 0 2 7 0 2 4 5 31 3 1 2 7 17 18 2 0 2 7 0 2 7 0 2 7 1 2 7 0 2 7 5 31 3 1 2 7 0 2 7 1 2 7 1 2 7 1 2 7 1 2 11 17 9 2 0 2 7 16 6 2 1 2 7 5 31 3 0 40.0670827627182007
0 2 7 17 18 2 0 2 7 0 2 7 0 2 7 0 2 7 17 18 2 13 6 3 0 2 7 1 2 7 0 2 7 0 2 7 0 2 7 1 2 7 1 2 7 0 2 7 1 2 7 1 2 7 0 2 7 0 2 4 5 31 3 1 2 7 17 18 2 0 2 7 0 2 7 0 2 7 1 2 7 0 2 7 5 31 3 1 2 7 0 2 7 1 2 7 1 2 7 1 2 7 1 2 11 17 9 2 0 2 7 16 6 2 1 2 7 5 31 3 0 40.0670827627182007
0 2 7 17 18 2 0 2 7 0 2 7 0 2 7 0 2 7 17 18 2 13 6 3 0 2 7 1 2 7 0 2 7 0 2 7 0 2 7 1 2 7 1 2 7 0 2 7 1 2 7 1 2 7 0 2 7 0 2 4 5 31 3 1 2 7 17 18 2 0 2 7 0 2 7 0 2 7 1 2 7 0 2 7 5 31 3 1 2 7 0 2 7 1 2 7 1 2 7 1 2 7 1 2 11 17 9 2 0 2 7 16 6 2 1 2 7 5 31 3 0 40.0670827627182007
0 2 7 17 18 2 0 2 7 0 2 7 0 2 7 0 2 7 17 18 2 13 6 3 0 2 7 1 2 7 0 2 7 0 2 7 0 2 7 1 2 7 1 2 7 0 2 7 1 2 7 1 2 7 0 2 7 0 2 4 5 31 3 1 2 7 17 18 2 0 2 7 0 2 7 0 2 7 1 2 7 0 2 7 5 31 3 1 2 7 0 2 7 1 2 7 1 2 7 1 2 7 1 2 11 17 9 2 0 2 7 16 6 2 1 2 7 5 31 3 0 40.0670827627182007
0 2 7 17 18 2 0 2 7 0 2 7 0 2 7 0 2 7 17 18 2 13 6 3 0 2 7 1 2 7 0 2 7 0 2 7 0 2 7 1 2 7 1 2 7 0 2 7 1 2 7 1 2 7 0 2 7 0 2 4 5 31 3 1 2 7 17 18 2 0 2 7 0 2 7 0 2 7 1 2 7 0 2 7 5 31 3 1 2 7 0 2 7 1 2 7 1 2 7 1 2 7 1 2 11 17 9 2 0 2 7 16 6 2 1 2 7 5 31 3 0 40.0670827627182007
0 2 7 17 18 2 0 2 7 0 2 7 0 2 7 0 2 7 17 18 2 13 6 3 0 2 7 1 2 7 0 2 7 0 2 7 0 2 7 1 2 7 1 2 7 0 2 7 1 2 7 1 2 7 0 2 7 0 2 4 5 31 3 1 2 7 17 18 2 0 2 7 0 2 7 0 2 7 1 2 7 0 2 7 5 31 3 1 2 7 0 2 7 1 2 7 1 2 7 1 2 7 1 2 11 17 9 2 0 2 7 16 6 2 1 2 7 5 31 3 0 40.0670827627182007
0 2 7 17 18 2 0 2 7 0 2 7 0 2 7 0 2 7 17 18 2 13 6 3 0 2 7 1 2 7 0 2 7 0 2 7 0 2 7 1 2 7 1 2 7 0 2 7 1 2 7 1 2 7 0 2 7 0 2 4 5 31 3 1 2 7 17 18 2 0 2 7 0 2 7 0 2 7 1 2 7 0 2 7 5 31 3 1 2 7 0 2 7 1 2 7 1 2 7 1 2 7 1 2 11 17 9 2 0 2 7 16 6 2 1 2 7 5 31 3 0 40.0670827627182007
0 2 7 17 18 2 0 2 7 0 2 7 0 2 7 0 2 7 17 18 2 13 6 3 0 2 7 1 2 7 0 2 7 0 2 7 0 2 7 1 2 7 1 2 7 0 2 7 1 2 7 1 2 7 0 2 7 0 2 4 5 31 3 1 2 7 17 18 2 0 2 7 0 2 7 0 2 7 1 2 7 0 2 7 5 31 3 1 2 7 0 2 7 1 2 7 1 2 7 1 2 7 1 2 11 17 9 2 0 2 7 16 6 2 1 2 7 5 31 3 0 40.0670827627182007
0 2 7 17 18 2 0 2 7 0 2 7 0 2 7 0 2 7 17 18 2 13 6 3 0 2 7 1 2 7 0 2 7 0 2 7 0 2 7 1 2 7 1 2 7 0 2 7 1 2 7 1 2 7 0 2 7 0 2 4 5 31 3 1 2 7 17 18 2 0 2 7 0 2 7 0 2 7 1 2 7 0 2 7 5 31 3 1 2 7 0 2 7 1 2 7 1 2 7 1 2 7 1 2 11 17 9 2 0 2 7 16 6 2 1 2 7 5 31 3 0 40.0670827627182007
0 2 7 17 18 2 0 2 7 0 2 7 0 2 7 0 2 7 17 18 2 13 6 3 0 2 7 1 2 7 0 2 7 0 2 7 0 2 7 1 2 7 1 2 7 0 2 7 1 2 7 1 2 7 0 2 7 0 2 4 5 31 3 1 2 7 17 18 2 0 2 7 0 2 7 0 2 7 1 2 7 0 2 7 5 31 3 1 2 7 0 2 7 1 2 7 1 2 7 1 2 7 1 2 11 17 9 2 0 2 7 16 6 2 1 2 7 5 31 3 0 40.0670827627182007
0 2 7 17 18 2 0 2 7 0 2 7 0 2 7 0 2 7 17 18 2 13 6 3 0 2 7 1 2 7 0 2 7 0 2 7 0 2 7 1 2 7 1 2 7 0 2 7 1 2 7 1 2 7 0 2 7 0 2 4 5 31 3 1 2 7 17 18 2 0 2 7 0 2 7 0 2 7 1 2 7 0 2 7 5 31 3 1 2 7 0 2 7 1 2 7 1 2 7 1 2 7 1 2 11 17 9 2 0 2 7 16 6 2 1 2 7 5 31 3 0 40.0670827627182007
0 2 7 17 18 2 0 2 7 0 2 7 0 2 7 0 2 7 17 18 2 13 6 3 0 2 7 1 2 7 0 2 7 0 2 7 0 2 7 1 2 7 1 2 7 0 2 7 1 2 7 1 2 7 0 2 7 0 2 4 5 31 3 1 2 7 17 18 2 0 2 7 0 2 7 0 2 7 1 2 7 0 2 7 5 31 3 1 2 7 0 2 7 1 2 7 1 2 7 1 2 7 1 2 11 17 9 2 0 2 7 16 6 2 1 2 7 5 31 3 0 40.0670827627182007
0 2 7 17 18 2 0 2 7 0 2 7 0 2 7 0 2 7 17 18 2 13 6 3 0 2 7 1 2 7 0 2 7 0 2 7 0 2 7 1 2 7 1 2 7 0 2 7 1 2 7 1 2 7 0 2 7 0 2 4 5 31 3 1 2 7 17 18 2 0 2 7 0 2 7 0 2 7 1 2 7 0 2 7 5 31 3 1 2 7 0 2 7 1 2 7 1 2 7 1 2 7 1 2 11 17 9 2 0 2 7 16 6 2 1 2 7 5 31 3 0 40.0670827627182007
0 2 7 17 18 2 0 2 7 0 2 7 0 2 7 0 2 7 17 18 2 13 6 3 0 2 7 1 2 7 0 2 7 0 2 7 0 2 7 1 2 7 1 2 7 0 2 7 1 2 7 1 2 7 0 2 7 0 2 4 5 31 3 1 2 7 17 18 2 0 2 7 0 2 7 0 2 7 1 2 7 0 2 7 5 31 3 1 2 7 0 2 7 1 2 7 1 2 7 1 2 7 1 2 11 17 9 2 0 2 7 16 6 2 1 2 7 5 31 3 0 40.0670827627182007
0 2 7 17 18 2 0 2 7 0 2 7 0 2 7 0 2 7 17 18 2 13 6 3 0 2 7 1 2 7 0 2 7 0 2 7 0 2 7 1 2 7 1 2 7 0 2 7 1 2 7 1 2 7 0 2 7 0 2 4 5 31 3 1 2 7 17 18 2 0 2 7 0 2 7 0 2 7 1 2 7 0 2 7 5 31 3 1 2 7 0 2 7 1 2 7 1 2 7 1 2 7 1 2 11 17 9 2 0 2 7 16 6 2 1 2 7 5 31 3 0 40.0670827627182007
0 2 7 17 18 2 0 2 7 0 2 7 0 2 7 0 2 7 17 18 2 13 6 3 0 2 7 1 2 7 0 2 7 0 2 7 0 2 7 1 2 7 1 2 7 0 2 7 1 2 7 1 2 7 0 2 7 0 2 4 5 31 3 1 2 7 17 18 2 0 2 7 0 2 7 0 2 7 1 2 7 0 2 7 5 31 3 1 2 7 0 2 7 1 2 7 1 2 7 1 2 7 1 2 11 17 9 2 0 2 7 16 6 2 1 2 7 5 31 3 0 40.0670827627182007
0 2 7 17 18 2 0 2 7 0 2 7 0 2 7 0 2 7 17 18 2 13 6 3 0 2 7 1 2 7 0 2 7 0 2 7 0 2 7 1 2 7 1 2 7 0 2 7 1 2 7 1 2 7 0 2 7 0 2 4 5 31 3 1 2 7 17 18 2 0 2 7 0 2 7 0 2 7 1 2 7 0 2 7 5 31 3 1 2 7 0 2 7 1 2 7 1 2 7 1 2 7 1 2 11 17 9 2 0 2 7 16 6 2 1 2 7 5 31 3 0 40.0670827627182007
0 2 7 17 18 2 0 2 7 0 2 7 0 2 7 0 2 7 17 18 2 13 6 3 0 2 7 1 2 7 0 2 7 0 2 7 0 2 7 1 2 7 1 2 7 0 2 7 1 2 7 1 2 7 0 2 7 0 2 4 5 31 3 1 2 7 17 18 2 0 2 7 0 2 7 0 2 7 1 2 7 0 2 7 5 31 3 1 2 7 0 2 7 1 2 7 1 2 7 1 2 7 1 2 11 17 9 2 0 2 7 16 6 2 1 2 7 5 31 3 0 40.0670827627182007
0 2 7 17 18 2 0 2 7 0 2 7 0 2 7 0 2 7 17 18 2 13 6 3 0 2 7 1 2 7 0 2 7 0 2 7 0 2 7 1 2 7 1 2 7 0 2 7 1 2 7 1 2 7 0 2 7 0 2 4 5 31 3 1 2 7 17 18 2 0 2 7 0 2 7 0 2 7 1 2 7 0 2 7 5 31 3 1 2 7 0 2 7 1 2 7 1 2 7 1 2 7 1 2 11 17 9 2 0 2 7 16 6 2 1 2 7 5 31 3 0 40.0670827627182007
0 2 7 17 18 2 0 2 7 0 2 7 0 2 7 0 2 7 17 18 2 13 6 3 0 2 7 1 2 7 0 2 7 0 2 7 0 2 7 1 2 7 1 2 7 0 2 7 1 2 7 1 2 7 0 2 7 0 2 4 5 31 3 1 2 7 17 18 2 0 2 7 0 2 7 0 2 7 1 2 7 0 2 7 5 31 3 1 2 7 0 2 7 1 2 7 1 2 7 1 2 7 1 2 11 17 9 2 0 2 7 16 6 2 1 2 7 5 31 3 0 40.0670827627182007
0 2 7 17 18 2 0 2 7 0 2 7 0 2 7 0 2 7 17 18 2 13 6 3 0 2 7 1 2 7 0 2 7 0 2 7 0 2 7 1 2 7 1 2 7 0 2 7 1 2 7 1 2 7 0 2 7 0 2 4 5 31 3 1 2 7 17 18 2 0 2 7 0 2 7 0 2 7 1 2 7 0 2 7 5 31 3 1 2 7 0 2 7 1 2 7 1 2 7 1 2 7 1 2 11 17 9 2 0 2 7 16 6 2 1 2 7 5 31 3 0 40.0670827627182007
0 2 7 17 18 2 0 2 7 0 2 7 0 2 7 0 2 7 17 18 2 13 6 3 0 2 7 1 2 7 0 2 7 0 2 7 0 2 7 1 2 7 1 2 7 0 2 7 1 2 7 1 2 7 0 2 7 0 2 4 5 31 3 1 2 7 17 18 2 0 2 7 0 2 7 0 2 7 1 2 7 0 2 7 5 31 3 1 2 7 0 2 7 1 2 7 1 2 7 1 2 7 1 2 11 17 9 2 0 2 7 16 6 2 1 2 7 5 31 3 0 40.0670827627182007
0 2 7 17 18 2 0 2 7 0 2 7 0 2 7 0 2 7 17 18 2 13 6 3 0 2 7 1 2 7 0 2 7 0 2 7 0 2 7 1 2 7 1 2 7 0 2 7 1 2 7 1 2 7 0 2 7 0 2 4 5 31 3 1 2 7 17 18 2 0 2 7 0 2 7 0 2 7 1 2 7 0 2 7 5 31 3 1 2 7 0 2 7 1 2 7 1 2 7 1 2 7 1 2 11 17 9 2 0 2 7 16 6 2 1 2 7 5 31 3 0 40.0670827627182007
0 2 7 17 18 2 0 2 7 0 2 7 0 2 7 0 2 7 17 18 2 13 6 3 0 2 7 1 2 7 0 2 7 0 2 7 0 2 7 1 2 7 1 2 7 0 2 7 1 2 7 1 2 7 0 2 7 0 2 4 5 31 3 1 2 7 17 18 2 0 2 7 0 2 7 0 2 7 1 2 7 0 2 7 5 31 3 1 2 7 0 2 7 1 2 7 1 2 7 1 2 7 1 2 11 17 9 2 0 2 7 16 6 2 1 2 7 5 31 3 0 40.0670827627182007
0 2 7 17 18 2 0 2 7 0 2 7 0 2 7 0 2 7 17 18 2 13 6 3 0 2 7 1 2 7 0 2 7 0 2 7 0 2 7 1 2 7 1 2 7 0 2 7 1 2 7 1 2 7 0 2 7 0 2 4 5 31 3 1 2 7 17 18 2 0 2 7 0 2 7 0 2 7 1 2 7 0 2 7 5 31 3 1 2 7 0 2 7 1 2 7 1 2 7 1 2 7 1 2 11 17 9 2 0 2 7 16 6 2 1 2 7 5 31 3 0 40.0670827627182007
0 2 7 17 18 2 0 2 7 0 2 7 0 2 7 0 2 7 17 18 2 13 6 3 0 2 7 1 2 7 0 2 7 0 2 7 0 2 7 1 2 7 1 2 7 0 2 7 1 2 7 1 2 7 0 2 7 0 2 4 5 31 3 1 2 7 17 18 2 0 2 7 0 2 7 0 2 7 1 2 7 0 2 7 5 31 3 1 2 7 0 2 7 1 2 7 1 2 7 1 2 7 1 2 11 17 9 2 0 2 7 16 6 2 1 2 7 5 31 3 0 40.0670827627182007
0 2 7 17 18 2 0 2 7 0 2 7 0 2 7 0 2 7 17 18 2 13 6 3 0 2 7 1 2 7 0 2 7 0 2 7 0 2 7 1 2 7 1 2 7 0 2 7 1 2 7 1 2 7 0 2 7 0 2 4 5 31 3 1 2 7 17 18 2 0 2 7 0 2 7 0 2 7 1 2 7 0 2 7 5 31 3 1 2 7 0 2 7 1 2 7 1 2 7 1 2 7 1 2 11 17 9 2 0 2 7 16 6 2 1 2 7 5 31 3 0 40.0670827627182007
0 2 7 17 18 2 0 2 7 0 2 7 0 2 7 0 2 7 17 18 2 13 6 3 0 2 7 1 2 7 0 2 7 0 2 7 0 2 7 1 2 7 1 2 7 0 2 7 1 2 7 1 2 7 0 2 7 0 2 4 5 31 3 1 2 7 17 18 2 0 2 7 0 2 7 0 2 7 1 2 7 0 2 7 5 31 3 1 2 7 0 2 7 1 2 7 1 2 7 1 2 7 1 2 11 17 9 2 0 2 7 16 6 2 1 2 7 5 31 3 0 40.0670827627182007
0 2 7 17 18 2 0 2 7 0 2 7 0 2 7 0 2 7 17 18 2 13 6 3 0 2 7 1 2 7 0 2 7 0 2 7 0 2 7 1 2 7 1 2 7 0 2 7 1 2 7 1 2 7 0 2 7 0 2 4 5 31 3 1 2 7 17 18 2 0 2 7 0 2 7 0 2 7 1 2 7 0 2 7 5 31 3 1 2 7 0 2 7 1 2 7 1 2 7 1 2 7 1 2 11 17 9 2 0 2 7 16 6 2 1 2 7 5 31 3 0 40.0670827627182007
0 2 7 17 18 2 0 2 7 0 2 7 0 2 7 0 2 7 17 18 2 13 6 3 0 2 7 1 2 7 0 2 7 0 2 7 0 2 7 1 2 7 1 2 7 0 2 7 1 2 7 1 2 7 0 2 7 0 2 4 5 31 3 1 2 7 17 18 2 0 2 7 0 2 7 0 2 7 1 2 7 0 2 7 5 31 3 1 2 7 0 2 7 1 2 7 1 2 7 1 2 7 1 2 11 17 9 2 0 2 7 16 6 2 1 2 7 5 31 3 0 40.0670827627182007
0 2 7 17 18 2 0 2 7 0 2 7 0 2 7 0 2 7 17 18 2 13 6 3 0 2 7 1 2 7 0 2 7 0 2 7 0 2 7 1 2 7 1 2 7 0 2 7 1 2 7 1 2 7 0 2 7 0 2 4 5 31 3 1 2 7 17 18 2 0 2 7 0 2 7 0 2 7 1 2 7 0 2 7 5 31 3 1 2 7 0 2 7 1 2 7 1 2 7 1 2 7 1 2 11 17 9 2 0 2 7 16 6 2 1 2 7 5 31 3 0 40.0670827627182007
0 2 7 17 18 2 0 2 7 0 2 7 0 2 7 0 2 7 17 18 2 13 6 3 0 2 7 1 2 7 0 2 7 0 2 7 0 2 7 1 2 7 1 2 7 0 2 7 1 2 7 1 2 7 0 2 7 0 2 4 5 31 3 1 2 7 17 18 2 0 2 7 0 2 7 0 2 7 1 2 7 0 2 7 5 31 3 1 2 7 0 2 7 1 2 7 1 2 7 1 2 7 1 2 11 17 9 2 0 2 7 16 6 2 1 2 7 5 31 3 0 40.0670827627182007
0 2 7 17 18 2 0 2 7 0 2 7 0 2 7 0 2 7 17 18 2 13 6 3 0 2 7 1 2 7 0 2 7 0 2 7 0 2 7 1 2 7 1 2 7 0 2 7 1 2 7 1 2 7 0 2 7 0 2 4 5 31 3 1 2 7 17 18 2 0 2 7 0 2 7 0 2 7 1 2 7 0 2 7 5 31 3 1 2 7 0 2 7 1 2 7 1 2 7 1 2 7 1 2 11 17 9 2 0 2 7 16 6 2 1 2 7 5 31 3 0 40.0670827627182007
0 2 7 17 18 2 0 2 7 0 2 7 0 2 7 0 2 7 17 18 2 13 6 3 0 2 7 1 2 7 0 2 7 0 2 7 0 2 7 1 2 7 1 2 7 0 2 7 1 2 7 1 2 7 0 2 7 0 2 4 5 31 3 1 2 7 17 18 2 0 2 7 0 2 7 0 2 7 1 2 7 0 2 7 5 31 3 1 2 7 0 2 7 1 2 7 1 2 7 1 2 7 1 2 11 17 9 2 0 2 7 16 6 2 1 2 7 5 31 3 0 40.0670827627182007
0 2 7 17 18 2 0 2 7 0 2 7 0 2 7 0 2 7 17 18 2 13 6 3 0 2 7 1 2 7 0 2 7 0 2 7 0 2 7 1 2 7 1 2 7 0 2 7 1 2 7 1 2 7 0 2 7 0 2 4 5 31 3 1 2 7 17 18 2 0 2 7 0 2 7 0 2 7 1 2 7 0 2 7 5 31 3 1 2 7 0 2 7 1 2 7 1 2 7 1 2 7 1 2 11 17 9 2 0 2 7 16 6 2 1 2 7 5 31 3 0 40.0670827627182007
0 2 7 17 18 2 0 2 7 0 2 7 0 2 7 0 2 7 17 18 2 13 6 3 0 2 7 1 2 7 0 2 7 0 2 7 0 2 7 1 2 7 1 2 7 0 2 7 1 2 7 1 2 7 0 2 7 0 2 4 5 31 3 1 2 7 17 18 2 0 2 7 0 2 7 0 2 7 1 2 7 0 2 7 5 31 3 1 2 7 0 2 7 1 2 7 1 2 7 1 2 7 1 2 11 17 9 2 0 2 7 16 6 2 1 2 7 5 31 3 0 40.0670827627182007
0 2 7 17 18 2 0 2 7 0 2 7 0 2 7 0 2 7 17 18 2 13 6 3 0 2 7 1 2 7 0 2 7 0 2 7 0 2 7 1 2 7 1 2 7 0 2 7 1 2 7 1 2 7 0 2 7 0 2 4 5 31 3 1 2 7 17 18 2 0 2 7 0 2 7 0 2 7 1 2 7 0 2 7 5 31 3 1 2 7 0 2 7 1 2 7 1 2 7 1 2 7 1 2 11 17 9 2 0 2 7 16 6 2 1 2 7 5 31 3 0 40.0670827627182007
0 2 7 17 18 2 0 2 7 0 2 7 0 2 7 0 2 7 17 18 2 13 6 3 0 2 7 1 2 7 0 2 7 0 2 7 0 2 7 1 2 7 1 2 7 0 2 7 1 2 7 1 2 7 0 2 7 0 2 4 5 31 3 1 2 7 17 18 2 0 2 7 0 2 7 0 2 7 1 2 7 0 2 7 5 31 3 1 2 7 0 2 7 1 2 7 1 2 7 1 2 7 1 2 11 17 9 2 0 2 7 16 6 2 1 2 7 5 31 3 0 40.0670827627182007
0 2 7 17 18 2 0 2 7 0 2 7 0 2 7 0 2 7 17 18 2 13 6 3 0 2 7 1 2 7 0 2 7 0 2 7 0 2 7 1 2 7 1 2 7 0 2 7 1 2 7 1 2 7 0 2 7 0 2 4 5 31 3 1 2 7 17 18 2 0 2 7 0 2 7 0 2 7 1 2 7 0 2 7 5 31 3 1 2 7 0 2 7 1 2 7 1 2 7 1 2 7 1 2 11 17 9 2 0 2 7 16 6 2 1 2 7 5 31 3 0 40.0670827627182007
0 2 7 17 18 2 0 2 7 0 2 7 0 2 7 0 2 7 17 18 2 13 6 3 0 2 7 1 2 7 0 2 7 0 2 7 0 2 7 1 2 7 1 2 7 0 2 7 1 2 7 1 2 7 0 2 7 0 2 4 5 31 3 1 2 7 17 18 2 0 2 7 0 2 7 0 2 7 1 2 7 0 2 7 5 31 3 1 2 7 0 2 7 1 2 7 1 2 7 1 2 7 1 2 11 17 9 2 0 2 7 16 6 2 1 2 7 5 31 3 0 40.0670827627182007
0 2 7 17 18 2 0 2 7 0 2 7 0 2 7 0 2 7 17 18 2 13 6 3 0 2 7 1 2 7 0 2 7 0 2 7 0 2 7 1 2 7 1 2 7 0 2 7 1 2 7 1 2 7 0 2 7 0 2 4 5 31 3 1 2 7 17 18 2 0 2 7 0 2 7 0 2 7 1 2 7 0 2 7 5 31 3 1 2 7 0 2 7 1 2 7 1 2 7 1 2 7 1 2 11 17 9 2 0 2 7 16 6 2 1 2 7 5 31 3 0 40.0670827627182007
0 2 7 17 18 2 0 2 7 0 2 7 0 2 7 0 2 7 17 18 2 13 6 3 0 2 7 1 2 7 0 2 7 0 2 7 0 2 7 1 2 7 1 2 7 0 2 7 1 2 7 1 2 7 0 2 7 0 2 4 5 31 3 1 2 7 17 18 2 0 2 7 0 2 7 0 2 7 1 2 7 0 2 7 5 31 3 1 2 7 0 2 7 1 2 7 1 2 7 1 2 7 1 2 11 17 9 2 0 2 7 16 6 2 1 2 7 5 31 3 0 40.0670827627182007
0 2 7 17 18 2 0 2 7 0 2 7 0 2 7 0 2 7 17 18 2 13 6 3 0 2 7 1 2 7 0 2 7 0 2 7 0 2 7 1 2 7 1 2 7 0 2 7 1 2 7 1 2 7 0 2 7 0 2 4 5 31 3 1 2 7 17 18 2 0 2 7 0 2 7 0 2 7 1 2 7 0 2 7 5 31 3 1 2 7 0 2 7 1 2 7 1 2 7 1 2 7 1 2 11 17 9 2 0 2 7 16 6 2 1 2 7 5 31 3 0 40.0670827627182007
0 2 7 17 18 2 0 2 7 0 2 7 0 2 7 0 2 7 17 18 2 13 6 3 0 2 7 1 2 7 0 2 7 0 2 7 0 2 7 1 2 7 1 2 7 0 2 7 1 2 7 1 2 7 0 2 7 0 2 4 5 31 3 1 2 7 17 18 2 0 2 7 0 2 7 0 2 7 1 2 7 0 2 7 5 31 3 1 2 7 0 2 7 1 2 7 1 2 7 1 2 7 1 2 11 17 9 2 0 2 7 16 6 2 1 2 7 5 31 3 0 40.0670827627182007
0 2 7 17 18 2 0 2 7 0 2 7 0 2 7 0 2 7 17 18 2 13 6 3 0 2 7 1 2 7 0 2 7 0 2 7 0 2 7 1 2 7 1 2 7 0 2 7 1 2 7 1 2 7 0 2 7 0 2 4 5 31 3 1 2 7 17 18 2 0 2 7 0 2 7 0 2 7 1 2 7 0 2 7 5 31 3 1 2 7 0 2 7 1 2 7 1 2 7 1 2 7 1 2 11 17 9 2 0 2 7 16 6 2 1 2 7 5 31 3 0 40.0670827627182007
0 2 7 17 18 2 0 2 7 0 2 7 0 2 7 0 2 7 17 18 2 13 6 3 0 2 7 1 2 7 0 2 7 0 2 7 0 2 7 1 2 7 1 2 7 0 2 7 1 2 7 1 2 7 0 2 7 0 2 4 5 31 3 1 2 7 17 18 2 0 2 7 0 2 7 0 2 7 1 2 7 0 2 7 5 31 3 1 2 7 0 2 7 1 2 7 1 2 7 1 2 7 1 2 11 17 9 2 0 2 7 16 6 2 1 2 7 5 31 3 0 40.0670827627182007
0 2 7 17 18 2 0 2 7 0 2 7 0 2 7 0 2 7 17 18 2 13 6 3 0 2 7 1 2 7 0 2 7 0 2 7 0 2 7 1 2 7 1 2 7 0 2 7 1 2 7 1 2 7 0 2 7 0 2 4 5 31 3 1 2 7 17 18 2 0 2 7 0 2 7 0 2 7 1 2 7 0 2 7 5 31 3 1 2 7 0 2 7 1 2 7 1 2 7 1 2 7 1 2 11 17 9 2 0 2 7 16 6 2 1 2 7 5 31 3 0 40.0670827627182007
0 2 7 17 18 2 0 2 7 0 2 7 0 2 7 0 2 7 17 18 2 13 6 3 0 2 7 1 2 7 0 2 7 0 2 7 0 2 7 1 2 7 1 2 7 0 2 7 1 2 7 1 2 7 0 2 7 0 2 4 5 31 3 1 2 7 17 18 2 0 2 7 0 2 7 0 2 7 1 2 7 0 2 7 5 31 3 1 2 7 0 2 7 1 2 7 1 2 7 1 2 7 1 2 11 17 9 2 0 2 7 16 6 2 1 2 7 5 31 3 0 40.0670827627182007
0 2 7 17 18 2 0 2 7 0 2 7 0 2 7 0 2 7 17 18 2 13 6 3 0 2 7 1 2 7 0 2 7 0 2 7 0 2 7 1 2 7 1 2 7 0 2 7 1 2 7 1 2 7 0 2 7 0 2 4 5 31 3 1 2 7 17 18 2 0 2 7 0 2 7 0 2 7 1 2 7 0 2 7 5 31 3 1 2 7 0 2 7 1 2 7 1 2 7 1 2 7 1 2 11 17 9 2 0 2 7 16 6 2 1 2 7 5 31 3 0 40.0670827627182007
0 2 7 17 18 2 0 2 7 0 2 7 0 2 7 0 2 7 17 18 2 13 6 3 0 2 7 1 2 7 0 2 7 0 2 7 0 2 7 1 2 7 1 2 7 0 2 7 1 2 7 1 2 7 0 2 7 0 2 4 5 31 3 1 2 7 17 18 2 0 2 7 0 2 7 0 2 7 1 2 7 0 2 7 5 31 3 1 2 7 0 2 7 1 2 7 1 2 7 1 2 7 1 2 11 17 9 2 0 2 7 16 6 2 1 2 7 5 31 3 0 40.0670827627182007
0 2 7 17 18 2 0 2 7 0 2 7 0 2 7 0 2 7 17 18 2 13 6 3 0 2 7 1 2 7 0 2 7 0 2 7 0 2 7 1 2 7 1 2 7 0 2 7 1 2 7 1 2 7 0 2 7 0 2 4 5 31 3 1 2 7 17 18 2 0 2 7 0 2 7 0 2 7 1 2 7 0 2 7 5 31 3 1 2 7 0 2 7 1 2 7 1 2 7 1 2 7 1 2 11 17 9 2 0 2 7 16 6 2 1 2 7 5 31 3 0 40.0670827627182007
0 2 7 17 18 2 0 2 7 0 2 7 0 2 7 0 2 7 17 18 2 13 6 3 0 2 7 1 2 7 0 2 7 0 2 7 0 2 7 1 2 7 1 2 7 0 2 7 1 2 7 1 2 7 0 2 7 0 2 4 5 31 3 1 2 7 17 18 2 0 2 7 0 2 7 0 2 7 1 2 7 0 2 7 5 31 3 1 2 7 0 2 7 1 2 7 1 2 7 1 2 7 1 2 11 17 9 2 0 2 7 16 6 2 1 2 7 5 31 3 0 40.0670827627182007
0 2 7 17 18 2 0 2 7 0 2 7 0 2 7 0 2 7 17 18 2 13 6 3 0 2 7 1 2 7 0 2 7 0 2 7 0 2 7 1 2 7 1 2 7 0 2 7 1 2 7 1 2 7 0 2 7 0 2 4 5 31 3 1 2 7 17 18 2 0 2 7 0 2 7 0 2 7 1 2 7 0 2 7 5 31 3 1 2 7 0 2 7 1 2 7 1 2 7 1 2 7 1 2 11 17 9 2 0 2 7 16 6 2 1 2 7 5 31 3 0 40.0670827627182007
0 2 7 17 18 2 0 2 7 0 2 7 0 2 7 0 2 7 17 18 2 13 6 3 0 2 7 1 2 7 0 2 7 0 2 7 0 2 7 1 2 7 1 2 7 0 2 7 1 2 7 1 2 7 0 2 7 0 2 4 5 31 3 1 2 7 17 18 2 0 2 7 0 2 7 0 2 7 1 2 7 0 2 7 5 31 3 1 2 7 0 2 7 1 2 7 1 2 7 1 2 7 1 2 11 17 9 2 0 2 7 16 6 2 1 2 7 5 31 3 0 40.0670827627182007
0 2 7 17 18 2 0 2 7 0 2 7 0 2 7 0 2 7 17 18 2 13 6 3 0 2 7 1 2 7 0 2 7 0 2 7 0 2 7 1 2 7 1 2 7 0 2 7 1 2 7 1 2 7 0 2 7 0 2 4 5 31 3 1 2 7 17 18 2 0 2 7 0 2 7 0 2 7 1 2 7 0 2 7 5 31 3 1 2 7 0 2 7 1 2 7 1 2 7 1 2 7 1 2 11 17 9 2 0 2 7 16 6 2 1 2 7 5 31 3 0 40.0670827627182007
0 2 7 17 18 2 0 2 7 0 2 7 0 2 7 0 2 7 17 18 2 13 6 3 0 2 7 1 2 7 0 2 7 0 2 7 0 2 7 1 2 7 1 2 7 0 2 7 1 2 7 1 2 7 0 2 7 0 2 4 5 31 3 1 2 7 17 18 2 0 2 7 0 2 7 0 2 7 1 2 7 0 2 7 5 31 3 1 2 7 0 2 7 1 2 7 1 2 7 1 2 7 1 2 11 17 9 2 0 2 7 16 6 2 1 2 7 5 31 3 0 40.0670827627182007
0 2 7 17 18 2 0 2 7 0 2 7 0 2 7 0 2 7 17 18 2 13 6 3 0 2 7 1 2 7 0 2 7 0 2 7 0 2 7 1 2 7 1 2 7 0 2 7 1 2 7 1 2 7 0 2 7 0 2 4 5 31 3 1 2 7 17 18 2 0 2 7 0 2 7 0 2 7 1 2 7 0 2 7 5 31 3 1 2 7 0 2 7 1 2 7 1 2 7 1 2 7 1 2 11 17 9 2 0 2 7 16 6 2 1 2 7 5 31 3 0 40.0670827627182007
0 2 7 17 18 2 0 2 7 0 2 7 0 2 7 0 2 7 17 18 2 13 6 3 0 2 7 1 2 7 0 2 7 0 2 7 0 2 7 1 2 7 1 2 7 0 2 7 1 2 7 1 2 7 0 2 7 0 2 4 5 31 3 1 2 7 17 18 2 0 2 7 0 2 7 0 2 7 1 2 7 0 2 7 5 31 3 1 2 7 0 2 7 1 2 7 1 2 7 1 2 7 1 2 11 17 9 2 0 2 7 16 6 2 1 2 7 5 31 3 0 40.0670827627182007
0 2 7 17 18 2 0 2 7 0 2 7 0 2 7 0 2 7 17 18 2 13 6 3 0 2 7 1 2 7 0 2 7 0 2 7 0 2 7 1 2 7 1 2 7 0 2 7 1 2 7 1 2 7 0 2 7 0 2 4 5 31 3 1 2 7 17 18 2 0 2 7 0 2 7 0 2 7 1 2 7 0 2 7 5 31 3 1 2 7 0 2 7 1 2 7 1 2 7 1 2 7 1 2 11 17 9 2 0 2 7 16 6 2 1 2 7 5 31 3 0 40.0670827627182007
0 2 7 17 18 2 0 2 7 0 2 7 0 2 7 0 2 7 17 18 2 13 6 3 0 2 7 1 2 7 0 2 7 0 2 7 0 2 7 1 2 7 1 2 7 0 2 7 1 2 7 1 2 7 0 2 7 0 2 4 5 31 3 1 2 7 17 18 2 0 2 7 0 2 7 0 2 7 1 2 7 0 2 7 5 31 3 1 2 7 0 2 7 1 2 7 1 2 7 1 2 7 1 2 11 17 9 2 0 2 7 16 6 2 1 2 7 5 31 3 0 40.0670827627182007
0 2 7 17 18 2 0 2 7 0 2 7 0 2 7 0 2 7 17 18 2 13 6 3 0 2 7 1 2 7 0 2 7 0 2 7 0 2 7 1 2 7 1 2 7 0 2 7 1 2 7 1 2 7 0 2 7 0 2 4 5 31 3 1 2 7 17 18 2 0 2 7 0 2 7 0 2 7 1 2 7 0 2 7 5 31 3 1 2 7 0 2 7 1 2 7 1 2 7 1 2 7 1 2 11 17 9 2 0 2 7 16 6 2 1 2 7 5 31 3 0 40.0670827627182007
0 2 7 17 18 2 0 2 7 0 2 7 0 2 7 0 2 7 17 18 2 13 6 3 0 2 7 1 2 7 0 2 7 0 2 7 0 2 7 1 2 7 1 2 7 0 2 7 1 2 7 1 2 7 0 2 7 0 2 4 5 31 3 1 2 7 17 18 2 0 2 7 0 2 7 0 2 7 1 2 7 0 2 7 5 31 3 1 2 7 0 2 7 1 2 7 1 2 7 1 2 7 1 2 11 17 9 2 0 2 7 16 6 2 1 2 7 5 31 3 0 40.0670827627182007
0 2 7 17 18 2 0 2 7 0 2 7 0 2 7 0 2 7 17 18 2 13 6 3 0 2 7 1 2 7 0 2 7 0 2 7 0 2 7 1 2 7 1 2 7 0 2 7 1 2 7 1 2 7 0 2 7 0 2 4 5 31 3 1 2 7 17 18 2 0 2 7 0 2 7 0 2 7 1 2 7 0 2 7 5 31 3 1 2 7 0 2 7 1 2 7 1 2 7 1 2 7 1 2 11 17 9 2 0 2 7 16 6 2 1 2 7 5 31 3 0 40.0670827627182007
0 2 7 17 18 2 0 2 7 0 2 7 0 2 7 0 2 7 17 18 2 13 6 3 0 2 7 1 2 7 0 2 7 0 2 7 0 2 7 1 2 7 1 2 7 0 2 7 1 2 7 1 2 7 0 2 7 0 2 4 5 31 3 1 2 7 17 18 2 0 2 7 0 2 7 0 2 7 1 2 7 0 2 7 5 31 3 1 2 7 0 2 7 1 2 7 1 2 7 1 2 7 1 2 11 17 9 2 0 2 7 16 6 2 1 2 7 5 31 3 0 40.0670827627182007
0 2 7 17 18 2 0 2 7 0 2 7 0 2 7 0 2 7 17 18 2 13 6 3 0 2 7 1 2 7 0 2 7 0 2 7 0 2 7 1 2 7 1 2 7 0 2 7 1 2 7 1 2 7 0 2 7 0 2 4 5 31 3 1 2 7 17 18 2 0 2 7 0 2 7 0 2 7 1 2 7 0 2 7 5 31 3 1 2 7 0 2 7 1 2 7 1 2 7 1 2 7 1 2 11 17 9 2 0 2 7 16 6 2 1 2 7 5 31 3 0 40.0670827627182007
0 2 7 17 18 2 0 2 7 0 2 7 0 2 7 0 2 7 17 18 2 13 6 3 0 2 7 1 2 7 0 2 7 0 2 7 0 2 7 1 2 7 1 2 7 0 2 7 1 2 7 1 2 7 0 2 7 0 2 4 5 31 3 1 2 7 17 18 2 0 2 7 0 2 7 0 2 7 1 2 7 0 2 7 5 31 3 1 2 7 0 2 7 1 2 7 1 2 7 1 2 7 1 2 11 17 9 2 0 2 7 16 6 2 1 2 7 5 31 3 0 40.0670827627182007
0 2 7 17 18 2 0 2 7 0 2 7 0 2 7 0 2 7 17 18 2 13 6 3 0 2 7 1 2 7 0 2 7 0 2 7 0 2 7 1 2 7 1 2 7 0 2 7 1 2 7 1 2 7 0 2 7 0 2 4 5 31 3 1 2 7 17 18 2 0 2 7 0 2 7 0 2 7 1 2 7 0 2 7 5 31 3 1 2 7 0 2 7 1 2 7 1 2 7 1 2 7 1 2 11 17 9 2 0 2 7 16 6 2 1 2 7 5 31 3 0 40.0670827627182007
0 2 7 17 18 2 0 2 7 0 2 7 0 2 7 0 2 7 17 18 2 13 6 3 0 2 7 1 2 7 0 2 7 0 2 7 0 2 7 1 2 7 1 2 7 0 2 7 1 2 7 1 2 7 0 2 7 0 2 4 5 31 3 1 2 7 17 18 2 0 2 7 0 2 7 0 2 7 1 2 7 0 2 7 5 31 3 1 2 7 0 2 7 1 2 7 1 2 7 1 2 7 1 2 11 17 9 2 0 2 7 16 6 2 1 2 7 5 31 3 0 40.0670827627182007
0 2 7 17 18 2 0 2 7 0 2 7 0 2 7 0 2 7 17 18 2 13 6 3 0 2 7 1 2 7 0 2 7 0 2 7 0 2 7 1 2 7 1 2 7 0 2 7 1 2 7 1 2 7 0 2 7 0 2 4 5 31 3 1 2 7 17 18 2 0 2 7 0 2 7 0 2 7 1 2 7 0 2 7 5 31 3 1 2 7 0 2 7 1 2 7 1 2 7 1 2 7 1 2 11 17 9 2 0 2 7 16 6 2 1 2 7 5 31 3 0 40.0670827627182007
0 2 7 17 18 2 0 2 7 0 2 7 0 2 7 0 2 7 17 18 2 13 6 3 0 2 7 1 2 7 0 2 7 0 2 7 0 2 7 1 2 7 1 2 7 0 2 7 1 2 7 1 2 7 0 2 7 0 2 4 5 31 3 1 2 7 17 18 2 0 2 7 0 2 7 0 2 7 1 2 7 0 2 7 5 31 3 1 2 7 0 2 7 1 2 7 1 2 7 1 2 7 1 2 11 17 9 2 0 2 7 16 6 2 1 2 7 5 31 3 0 40.0670827627182007
0 2 7 17 18 2 0 2 7 0 2 7 0 2 7 0 2 7 17 18 2 13 6 3 0 2 7 1 2 7 0 2 7 0 2 7 0 2 7 1 2 7 1 2 7 0 2 7 1 2 7 1 2 7 0 2 7 0 2 4 5 31 3 1 2 7 17 18 2 0 2 7 0 2 7 0 2 7 1 2 7 0 2 7 5 31 3 1 2 7 0 2 7 1 2 7 1 2 7 1 2 7 1 2 11 17 9 2 0 2 7 16 6 2 1 2 7 5 31 3 0 40.0670827627182007
0 2 7 17 18 2 0 2 7 0 2 7 0 2 7 0 2 7 17 18 2 13 6 3 0 2 7 1 2 7 0 2 7 0 2 7 0 2 7 1 2 7 1 2 7 0 2 7 1 2 7 1 2 7 0 2 7 0 2 4 5 31 3 1 2 7 17 18 2 0 2 7 0 2 7 0 2 7 1 2 7 0 2 7 5 31 3 1 2 7 0 2 7 1 2 7 1 2 7 1 2 7 1 2 11 17 9 2 0 2 7 16 6 2 1 2 7 5 31 3 0 40.0670827627182007
0 2 7 17 18 2 0 2 7 0 2 7 0 2 7 0 2 7 17 18 2 13 6 3 0 2 7 1 2 7 0 2 7 0 2 7 0 2 7 1 2 7 1 2 7 0 2 7 1 2 7 1 2 7 0 2 7 0 2 4 5 31 3 1 2 7 17 18 2 0 2 7 0 2 7 0 2 7 1 2 7 0 2 7 5 31 3 1 2 7 0 2 7 1 2 7 1 2 7 1 2 7 1 2 11 17 9 2 0 2 7 16 6 2 1 2 7 5 31 3 0 40.0670827627182007
0 2 7 17 18 2 0 2 7 0 2 7 0 2 7 0 2 7 17 18 2 13 6 3 0 2 7 1 2 7 0 2 7 0 2 7 0 2 7 1 2 7 1 2 7 0 2 7 1 2 7 1 2 7 0 2 7 0 2 4 5 31 3 1 2 7 17 18 2 0 2 7 0 2 7 0 2 7 1 2 7 0 2 7 5 31 3 1 2 7 0 2 7 1 2 7 1 2 7 1 2 7 1 2 11 17 9 2 0 2 7 16 6 2 1 2 7 5 31 3 0 40.0670827627182007
0 2 7 17 18 2 0 2 7 0 2 7 0 2 7 0 2 7 17 18 2 13 6 3 0 2 7 1 2 7 0 2 7 0 2 7 0 2 7 1 2 7 1 2 7 0 2 7 1 2 7 1 2 7 0 2 7 0 2 4 5 31 3 1 2 7 17 18 2 0 2 7 0 2 7 0 2 7 1 2 7 0 2 7 5 31 3 1 2 7 0 2 7 1 2 7 1 2 7 1 2 7 1 2 11 17 9 2 0 2 7 16 6 2 1 2 7 5 31 3 0 40.0670827627182007
0 2 7 17 18 2 0 2 7 0 2 7 0 2 7 0 2 7 17 18 2 13 6 3 0 2 7 1 2 7 0 2 7 0 2 7 0 2 7 1 2 7 1 2 7 0 2 7 1 2 7 1 2 7 0 2 7 0 2 4 5 31 3 1 2 7 17 18 2 0 2 7 0 2 7 0 2 7 1 2 7 0 2 7 5 31 3 1 2 7 0 2 7 1 2 7 1 2 7 1 2 7 1 2 11 17 9 2 0 2 7 16 6 2 1 2 7 5 31 3 0 40.0670827627182007
0 2 7 17 18 2 0 2 7 0 2 7 0 2 7 0 2 7 17 18 2 13 6 3 0 2 7 1 2 7 0 2 7 0 2 7 0 2 7 1 2 7 1 2 7 0 2 7 1 2 7 1 2 7 0 2 7 0 2 4 5 31 3 1 2 7 17 18 2 0 2 7 0 2 7 0 2 7 1 2 7 0 2 7 5 31 3 1 2 7 0 2 7 1 2 7 1 2 7 1 2 7 1 2 11 17 9 2 0 2 7 16 6 2 1 2 7 5 31 3 0 40.0670827627182007
0 2 7 17 18 2 0 2 7 0 2 7 0 2 7 0 2 7 17 18 2 13 6 3 0 2 7 1 2 7 0 2 7 0 2 7 0 2 7 1 2 7 1 2 7 0 2 7 1 2 7 1 2 7 0 2 7 0 2 4 5 31 3 1 2 7 17 18 2 0 2 7 0 2 7 0 2 7 1 2 7 0 2 7 5 31 3 1 2 7 0 2 7 1 2 7 1 2 7 1 2 7 1 2 11 17 9 2 0 2 7 16 6 2 1 2 7 5 31 3 0 40.0670827627182007
0 2 7 17 18 2 0 2 7 0 2 7 0 2 7 0 2 7 17 18 2 13 6 3 0 2 7 1 2 7 0 2 7 0 2 7 0 2 7 1 2 7 1 2 7 0 2 7 1 2 7 1 2 7 0 2 7 0 2 4 5 31 3 1 2 7 17 18 2 0 2 7 0 2 7 0 2 7 1 2 7 0 2 7 5 31 3 1 2 7 0 2 7 1 2 7 1 2 7 1 2 7 1 2 11 17 9 2 0 2 7 16 6 2 1 2 7 5 31 3 0 40.0670827627182007
0 2 7 17 18 2 0 2 7 0 2 7 0 2 7 0 2 7 17 18 2 13 6 3 0 2 7 1 2 7 0 2 7 0 2 7 0 2 7 1 2 7 1 2 7 0 2 7 1 2 7 1 2 7 0 2 7 0 2 4 5 31 3 1 2 7 17 18 2 0 2 7 0 2 7 0 2 7 1 2 7 0 2 7 5 31 3 1 2 7 0 2 7 1 2 7 1 2 7 1 2 7 1 2 11 17 9 2 0 2 7 16 6 2 1 2 7 5 31 3 0 40.0670827627182007
0 2 7 17 18 2 0 2 7 0 2 7 0 2 7 0 2 7 17 18 2 13 6 3 0 2 7 1 2 7 0 2 7 0 2 7 0 2 7 1 2 7 1 2 7 0 2 7 1 2 7 1 2 7 0 2 7 0 2 4 5 31 3 1 2 7 17 18 2 0 2 7 0 2 7 0 2 7 1 2 7 0 2 7 5 31 3 1 2 7 0 2 7 1 2 7 1 2 7 1 2 7 1 2 11 17 9 2 0 2 7 16 6 2 1 2 7 5 31 3 0 40.0670827627182007
0 2 7 17 18 2 0 2 7 0 2 7 0 2 7 0 2 7 17 18 2 13 6 3 0 2 7 1 2 7 0 2 7 0 2 7 0 2 7 1 2 7 1 2 7 0 2 7 1 2 7 1 2 7 0 2 7 0 2 4 5 31 3 1 2 7 17 18 2 0 2 7 0 2 7 0 2 7 1 2 7 0 2 7 5 31 3 1 2 7 0 2 7 1 2 7 1 2 7 1 2 7 1 2 11 17 9 2 0 2 7 16 6 2 1 2 7 5 31 3 0 40.0670827627182007
0 2 7 17 18 2 0 2 7 0 2 7 0 2 7 0 2 7 17 18 2 13 6 3 0 2 7 1 2 7 0 2 7 0 2 7 0 2 7 1 2 7 1 2 7 0 2 7 1 2 7 1 2 7 0 2 7 0 2 4 5 31 3 1 2 7 17 18 2 0 2 7 0 2 7 0 2 7 1 2 7 0 2 7 5 31 3 1 2 7 0 2 7 1 2 7 1 2 7 1 2 7 1 2 11 17 9 2 0 2 7 16 6 2 1 2 7 5 31 3 0 40.0670827627182007
0 2 7 17 18 2 0 2 7 0 2 7 0 2 7 0 2 7 17 18 2 13 6 3 0 2 7 1 2 7 0 2 7 0 2 7 0 2 7 1 2 7 1 2 7 0 2 7 1 2 7 1 2 7 0 2 7 0 2 4 5 31 3 1 2 7 17 18 2 0 2 7 0 2 7 0 2 7 1 2 7 0 2 7 5 31 3 1 2 7 0 2 7 1 2 7 1 2 7 1 2 7 1 2 11 17 9 2 0 2 7 16 6 2 1 2 7 5 31 3 0 40.0670827627182007
0 2 7 17 18 2 0 2 7 0 2 7 0 2 7 0 2 7 17 18 2 13 6 3 0 2 7 1 2 7 0 2 7 0 2 7 0 2 7 1 2 7 1 2 7 0 2 7 1 2 7 1 2 7 0 2 7 0 2 4 5 31 3 1 2 7 17 18 2 0 2 7 0 2 7 0 2 7 1 2 7 0 2 7 5 31 3 1 2 7 0 2 7 1 2 7 1 2 7 1 2 7 1 2 11 17 9 2 0 2 7 16 6 2 1 2 7 5 31 3 0 40.0670827627182007
0 2 7 17 18 2 0 2 7 0 2 7 0 2 7 0 2 7 17 18 2 13 6 3 0 2 7 1 2 7 0 2 7 0 2 7 0 2 7 1 2 7 1 2 7 0 2 7 1 2 7 1 2 7 0 2 7 0 2 4 5 31 3 1 2 7 17 18 2 0 2 7 0 2 7 0 2 7 1 2 7 0 2 7 5 31 3 1 2 7 0 2 7 1 2 7 1 2 7 1 2 7 1 2 11 17 9 2 0 2 7 16 6 2 1 2 7 5 31 3 0 40.0670827627182007
0 2 7 17 18 2 0 2 7 0 2 7 0 2 7 0 2 7 17 18 2 13 6 3 0 2 7 1 2 7 0 2 7 0 2 7 0 2 7 1 2 7 1 2 7 0 2 7 1 2 7 1 2 7 0 2 7 0 2 4 5 31 3 1 2 7 17 18 2 0 2 7 0 2 7 0 2 7 1 2 7 0 2 7 5 31 3 1 2 7 0 2 7 1 2 7 1 2 7 1 2 7 1 2 11 17 9 2 0 2 7 16 6 2 1 2 7 5 31 3 0 40.0670827627182007
0 2 7 17 18 2 0 2 7 0 2 7 0 2 7 0 2 7 17 18 2 13 6 3 0 2 7 1 2 7 0 2 7 0 2 7 0 2 7 1 2 7 1 2 7 0 2 7 1 2 7 1 2 7 0 2 7 0 2 4 5 31 3 1 2 7 17 18 2 0 2 7 0 2 7 0 2 7 1 2 7 0 2 7 5 31 3 1 2 7 0 2 7 1 2 7 1 2 7 1 2 7 1 2 11 17 9 2 0 2 7 16 6 2 1 2 7 5 31 3 0 40.0670827627182007
0 2 7 17 18 2 0 2 7 0 2 7 0 2 7 0 2 7 17 18 2 13 6 3 0 2 7 1 2 7 0 2 7 0 2 7 0 2 7 1 2 7 1 2 7 0 2 7 1 2 7 1 2 7 0 2 7 0 2 4 5 31 3 1 2 7 17 18 2 0 2 7 0 2 7 0 2 7 1 2 7 0 2 7 5 31 3 1 2 7 0 2 7 1 2 7 1 2 7 1 2 7 1 2 11 17 9 2 0 2 7 16 6 2 1 2 7 5 31 3 0 40.0670827627182007
0 2 7 17 18 2 0 2 7 0 2 7 0 2 7 0 2 7 17 18 2 13 6 3 0 2 7 1 2 7 0 2 7 0 2 7 0 2 7 1 2 7 1 2 7 0 2 7 1 2 7 1 2 7 0 2 7 0 2 4 5 31 3 1 2 7 17 18 2 0 2 7 0 2 7 0 2 7 1 2 7 0 2 7 5 31 3 1 2 7 0 2 7 1 2 7 1 2 7 1 2 7 1 2 11 17 9 2 0 2 7 16 6 2 1 2 7 5 31 3 0 40.0670827627182007
0 2 7 17 18 2 0 2 7 0 2 7 0 2 7 0 2 7 17 18 2 13 6 3 0 2 7 1 2 7 0 2 7 0 2 7 0 2 7 1 2 7 1 2 7 0 2 7 1 2 7 1 2 7 0 2 7 0 2 4 5 31 3 1 2 7 17 18 2 0 2 7 0 2 7 0 2 7 1 2 7 0 2 7 5 31 3 1 2 7 0 2 7 1 2 7 1 2 7 1 2 7 1 2 11 17 9 2 0 2 7 16 6 2 1 2 7 5 31 3 0 40.0670827627182007
0 2 7 17 18 2 0 2 7 0 2 7 0 2 7 0 2 7 17 18 2 13 6 3 0 2 7 1 2 7 0 2 7 0 2 7 0 2 7 1 2 7 1 2 7 0 2 7 1 2 7 1 2 7 0 2 7 0 2 4 5 31 3 1 2 7 17 18 2 0 2 7 0 2 7 0 2 7 1 2 7 0 2 7 5 31 3 1 2 7 0 2 7 1 2 7 1 2 7 1 2 7 1 2 11 17 9 2 0 2 7 16 6 2 1 2 7 5 31 3 0 40.0670827627182007
0 2 7 17 18 2 0 2 7 0 2 7 0 2 7 0 2 7 17 18 2 13 6 3 0 2 7 1 2 7 0 2 7 0 2 7 0 2 7 1 2 7 1 2 7 0 2 7 1 2 7 1 2 7 0 2 7 0 2 4 5 31 3 1 2 7 17 18 2 0 2 7 0 2 7 0 2 7 1 2 7 0 2 7 5 31 3 1 2 7 0 2 7 1 2 7 1 2 7 1 2 7 1 2 11 17 9 2 0 2 7 16 6 2 1 2 7 5 31 3 0 40.0670827627182007
0 2 7 17 18 2 0 2 7 0 2 7 0 2 7 0 2 7 17 18 2 13 6 3 0 2 7 1 2 7 0 2 7 0 2 7 0 2 7 1 2 7 1 2 7 0 2 7 1 2 7 1 2 7 0 2 7 0 2 4 5 31 3 1 2 7 17 18 2 0 2 7 0 2 7 0 2 7 1 2 7 0 2 7 5 31 3 1 2 7 0 2 7 1 2 7 1 2 7 1 2 7 1 2 11 17 9 2 0 2 7 16 6 2 1 2 7 5 31 3 0 40.0670827627182007
0 2 7 17 18 2 0 2 7 0 2 7 0 2 7 0 2 7 17 18 2 13 6 3 0 2 7 1 2 7 0 2 7 0 2 7 0 2 7 1 2 7 1 2 7 0 2 7 1 2 7 1 2 7 0 2 7 0 2 4 5 31 3 1 2 7 17 18 2 0 2 7 0 2 7 0 2 7 1 2 7 0 2 7 5 31 3 1 2 7 0 2 7 1 2 7 1 2 7 1 2 7 1 2 11 17 9 2 0 2 7 16 6 2 1 2 7 5 31 3 0 40.0670827627182007
0 2 7 17 18 2 0 2 7 0 2 7 0 2 7 0 2 7 17 18 2 13 6 3 0 2 7 1 2 7 0 2 7 0 2 7 0 2 7 1 2 7 1 2 7 0 2 7 1 2 7 1 2 7 0 2 7 0 2 4 5 31 3 1 2 7 17 18 2 0 2 7 0 2 7 0 2 7 1 2 7 0 2 7 5 31 3 1 2 7 0 2 7 1 2 7 1 2 7 1 2 7 1 2 11 17 9 2 0 2 7 16 6 2 1 2 7 5 31 3 0 40.0670827627182007
0 2 7 17 18 2 0 2 7 0 2 7 0 2 7 0 2 7 17 18 2 13 6 3 0 2 7 1 2 7 0 2 7 0 2 7 0 2 7 1 2 7 1 2 7 0 2 7 1 2 7 1 2 7 0 2 7 0 2 4 5 31 3 1 2 7 17 18 2 0 2 7 0 2 7 0 2 7 1 2 7 0 2 7 5 31 3 1 2 7 0 2 7 1 2 7 1 2 7 1 2 7 1 2 11 17 9 2 0 2 7 16 6 2 1 2 7 5 31 3 0 40.0670827627182007
0 2 7 17 18 2 0 2 7 0 2 7 0 2 7 0 2 7 17 18 2 13 6 3 0 2 7 1 2 7 0 2 7 0 2 7 0 2 7 1 2 7 1 2 7 0 2 7 1 2 7 1 2 7 0 2 7 0 2 4 5 31 3 1 2 7 17 18 2 0 2 7 0 2 7 0 2 7 1 2 7 0 2 7 5 31 3 1 2 7 0 2 7 1 2 7 1 2 7 1 2 7 1 2 11 17 9 2 0 2 7 16 6 2 1 2 7 5 31 3 0 40.0670827627182007
0 2 7 17 18 2 0 2 7 0 2 7 0 2 7 0 2 7 17 18 2 13 6 3 0 2 7 1 2 7 0 2 7 0 2 7 0 2 7 1 2 7 1 2 7 0 2 7 1 2 7 1 2 7 0 2 7 0 2 4 5 31 3 1 2 7 17 18 2 0 2 7 0 2 7 0 2 7 1 2 7 0 2 7 5 31 3 1 2 7 0 2 7 1 2 7 1 2 7 1 2 7 1 2 11 17 9 2 0 2 7 16 6 2 1 2 7 5 31 3 0 40.0670827627182007
0 2 7 17 18 2 0 2 7 0 2 7 0 2 7 0 2 7 17 18 2 13 6 3 0 2 7 1 2 7 0 2 7 0 2 7 0 2 7 1 2 7 1 2 7 0 2 7 1 2 7 1 2 7 0 2 7 0 2 4 5 31 3 1 2 7 17 18 2 0 2 7 0 2 7 0 2 7 1 2 7 0 2 7 5 31 3 1 2 7 0 2 7 1 2 7 1 2 7 1 2 7 1 2 11 17 9 2 0 2 7 16 6 2 1 2 7 5 31 3 0 40.0670827627182007
0 2 7 17 18 2 0 2 7 0 2 7 0 2 7 0 2 7 17 18 2 13 6 3 0 2 7 1 2 7 0 2 7 0 2 7 0 2 7 1 2 7 1 2 7 0 2 7 1 2 7 1 2 7 0 2 7 0 2 4 5 31 3 1 2 7 17 18 2 0 2 7 0 2 7 0 2 7 1 2 7 0 2 7 5 31 3 1 2 7 0 2 7 1 2 7 1 2 7 1 2 7 1 2 11 17 9 2 0 2 7 16 6 2 1 2 7 5 31 3 0 40.0670827627182007
0 2 7 17 18 2 0 2 7 0 2 7 0 2 7 0 2 7 17 18 2 13 6 3 0 2 7 1 2 7 0 2 7 0 2 7 0 2 7 1 2 7 1 2 7 0 2 7 1 2 7 1 2 7 0 2 7 0 2 4 5 31 3 1 2 7 17 18 2 0 2 7 0 2 7 0 2 7 1 2 7 0 2 7 5 31 3 1 2 7 0 2 7 1 2 7 1 2 7 1 2 7 1 2 11 17 9 2 0 2 7 16 6 2 1 2 7 5 31 3 0 40.0670827627182007
0 2 7 17 18 2 0 2 7 0 2 7 0 2 7 0 2 7 17 18 2 13 6 3 0 2 7 1 2 7 0 2 7 0 2 7 0 2 7 1 2 7 1 2 7 0 2 7 1 2 7 1 2 7 0 2 7 0 2 4 5 31 3 1 2 7 17 18 2 0 2 7 0 2 7 0 2 7 1 2 7 0 2 7 5 31 3 1 2 7 0 2 7 1 2 7 1 2 7 1 2 7 1 2 11 17 9 2 0 2 7 16 6 2 1 2 7 5 31 3 0 40.0670827627182007
0 2 7 17 18 2 0 2 7 0 2 7 0 2 7 0 2 7 17 18 2 13 6 3 0 2 7 1 2 7 0 2 7 0 2 7 0 2 7 1 2 7 1 2 7 0 2 7 1 2 7 1 2 7 0 2 7 0 2 4 5 31 3 1 2 7 17 18 2 0 2 7 0 2 7 0 2 7 1 2 7 0 2 7 5 31 3 1 2 7 0 2 7 1 2 7 1 2 7 1 2 7 1 2 11 17 9 2 0 2 7 16 6 2 1 2 7 5 31 3 0 40.0670827627182007
0 2 7 17 18 2 0 2 7 0 2 7 0 2 7 0 2 7 17 18 2 13 6 3 0 2 7 1 2 7 0 2 7 0 2 7 0 2 7 1 2 7 1 2 7 0 2 7 1 2 7 1 2 7 0 2 7 0 2 4 5 31 3 1 2 7 17 18 2 0 2 7 0 2 7 0 2 7 1 2 7 0 2 7 5 31 3 1 2 7 0 2 7 1 2 7 1 2 7 1 2 7 1 2 11 17 9 2 0 2 7 16 6 2 1 2 7 5 31 3 0 40.0670827627182007
0 2 7 17 18 2 0 2 7 0 2 7 0 2 7 0 2 7 17 18 2 13 6 3 0 2 7 1 2 7 0 2 7 0 2 7 0 2 7 1 2 7 1 2 7 0 2 7 1 2 7 1 2 7 0 2 7 0 2 4 5 31 3 1 2 7 17 18 2 0 2 7 0 2 7 0 2 7 1 2 7 0 2 7 5 31 3 1 2 7 0 2 7 1 2 7 1 2 7 1 2 7 1 2 11 17 9 2 0 2 7 16 6 2 1 2 7 5 31 3 0 40.0670827627182007
0 2 7 17 18 2 0 2 7 0 2 7 0 2 7 0 2 7 17 18 2 13 6 3 0 2 7 1 2 7 0 2 7 0 2 7 0 2 7 1 2 7 1 2 7 0 2 7 1 2 7 1 2 7 0 2 7 0 2 4 5 31 3 1 2 7 17 18 2 0 2 7 0 2 7 0 2 7 1 2 7 0 2 7 5 31 3 1 2 7 0 2 7 1 2 7 1 2 7 1 2 7 1 2 11 17 9 2 0 2 7 16 6 2 1 2 7 5 31 3 0 40.0670827627182007
0 2 7 17 18 2 0 2 7 0 2 7 0 2 7 0 2 7 17 18 2 13 6 3 0 2 7 1 2 7 0 2 7 0 2 7 0 2 7 1 2 7 1 2 7 0 2 7 1 2 7 1 2 7 0 2 7 0 2 4 5 31 3 1 2 7 17 18 2 0 2 7 0 2 7 0 2 7 1 2 7 0 2 7 5 31 3 1 2 7 0 2 7 1 2 7 1 2 7 1 2 7 1 2 11 17 9 2 0 2 7 16 6 2 1 2 7 5 31 3 0 40.0670827627182007
0 2 7 17 18 2 0 2 7 0 2 7 0 2 7 0 2 7 17 18 2 13 6 3 0 2 7 1 2 7 0 2 7 0 2 7 0 2 7 1 2 7 1 2 7 0 2 7 1 2 7 1 2 7 0 2 7 0 2 4 5 31 3 1 2 7 17 18 2 0 2 7 0 2 7 0 2 7 1 2 7 0 2 7 5 31 3 1 2 7 0 2 7 1 2 7 1 2 7 1 2 7 1 2 11 17 9 2 0 2 7 16 6 2 1 2 7 5 31 3 0 40.0670827627182007
0 2 7 17 18 2 0 2 7 0 2 7 0 2 7 0 2 7 17 18 2 13 6 3 0 2 7 1 2 7 0 2 7 0 2 7 0 2 7 1 2 7 1 2 7 0 2 7 1 2 7 1 2 7 0 2 7 0 2 4 5 31 3 1 2 7 17 18 2 0 2 7 0 2 7 0 2 7 1 2 7 0 2 7 5 31 3 1 2 7 0 2 7 1 2 7 1 2 7 1 2 7 1 2 11 17 9 2 0 2 7 16 6 2 1 2 7 5 31 3 0 40.0670827627182007
0 2 7 17 18 2 0 2 7 0 2 7 0 2 7 0 2 7 17 18 2 13 6 3 0 2 7 1 2 7 0 2 7 0 2 7 0 2 7 1 2 7 1 2 7 0 2 7 1 2 7 1 2 7 0 2 7 0 2 4 5 31 3 1 2 7 17 18 2 0 2 7 0 2 7 0 2 7 1 2 7 0 2 7 5 31 3 1 2 7 0 2 7 1 2 7 1 2 7 1 2 7 1 2 11 17 9 2 0 2 7 16 6 2 1 2 7 5 31 3 0 40.0670827627182007
0 2 7 17 18 2 0 2 7 0 2 7 0 2 7 0 2 7 17 18 2 13 6 3 0 2 7 1 2 7 0 2 7 0 2 7 0 2 7 1 2 7 1 2 7 0 2 7 1 2 7 1 2 7 0 2 7 0 2 4 5 31 3 1 2 7 17 18 2 0 2 7 0 2 7 0 2 7 1 2 7 0 2 7 5 31 3 1 2 7 0 2 7 1 2 7 1 2 7 1 2 7 1 2 11 17 9 2 0 2 7 16 6 2 1 2 7 5 31 3 0 40.0670827627182007
0 2 7 17 18 2 0 2 7 0 2 7 0 2 7 0 2 7 17 18 2 13 6 3 0 2 7 1 2 7 0 2 7 0 2 7 0 2 7 1 2 7 1 2 7 0 2 7 1 2 7 1 2 7 0 2 7 0 2 4 5 31 3 1 2 7 17 18 2 0 2 7 0 2 7 0 2 7 1 2 7 0 2 7 5 31 3 1 2 7 0 2 7 1 2 7 1 2 7 1 2 7 1 2 11 17 9 2 0 2 7 16 6 2 1 2 7 5 31 3 0 40.0670827627182007
0 2 7 17 18 2 0 2 7 0 2 7 0 2 7 0 2 7 17 18 2 13 6 3 0 2 7 1 2 7 0 2 7 0 2 7 0 2 7 1 2 7 1 2 7 0 2 7 1 2 7 1 2 7 0 2 7 0 2 4 5 31 3 1 2 7 17 18 2 0 2 7 0 2 7 0 2 7 1 2 7 0 2 7 5 31 3 1 2 7 0 2 7 1 2 7 1 2 7 1 2 7 1 2 11 17 9 2 0 2 7 16 6 2 1 2 7 5 31 3 0 40.0670827627182007
0 2 7 17 18 2 0 2 7 0 2 7 0 2 7 0 2 7 17 18 2 13 6 3 0 2 7 1 2 7 0 2 7 0 2 7 0 2 7 1 2 7 1 2 7 0 2 7 1 2 7 1 2 7 0 2 7 0 2 4 5 31 3 1 2 7 17 18 2 0 2 7 0 2 7 0 2 7 1 2 7 0 2 7 5 31 3 1 2 7 0 2 7 1 2 7 1 2 7 1 2 7 1 2 11 17 9 2 0 2 7 16 6 2 1 2 7 5 31 3 0 40.0670827627182007
0 2 7 17 18 2 0 2 7 0 2 7 0 2 7 0 2 7 17 18 2 13 6 3 0 2 7 1 2 7 0 2 7 0 2 7 0 2 7 1 2 7 1 2 7 0 2 7 1 2 7 1 2 7 0 2 7 0 2 4 5 31 3 1 2 7 17 18 2 0 2 7 0 2 7 0 2 7 1 2 7 0 2 7 5 31 3 1 2 7 0 2 7 1 2 7 1 2 7 1 2 7 1 2 11 17 9 2 0 2 7 16 6 2 1 2 7 5 31 3 0 40.0670827627182007
0 2 7 17 18 2 0 2 7 0 2 7 0 2 7 0 2 7 17 18 2 13 6 3 0 2 7 1 2 7 0 2 7 0 2 7 0 2 7 1 2 7 1 2 7 0 2 7 1 2 7 1 2 7 0 2 7 0 2 4 5 31 3 1 2 7 17 18 2 0 2 7 0 2 7 0 2 7 1 2 7 0 2 7 5 31 3 1 2 7 0 2 7 1 2 7 1 2 7 1 2 7 1 2 11 17 9 2 0 2 7 16 6 2 1 2 7 5 31 3 0 40.0670827627182007
0 2 7 17 18 2 0 2 7 0 2 7 0 2 7 0 2 7 17 18 2 13 6 3 0 2 7 1 2 7 0 2 7 0 2 7 0 2 7 1 2 7 1 2 7 0 2 7 1 2 7 1 2 7 0 2 7 0 2 4 5 31 3 1 2 7 17 18 2 0 2 7 0 2 7 0 2 7 1 2 7 0 2 7 5 31 3 1 2 7 0 2 7 1 2 7 1 2 7 1 2 7 1 2 11 17 9 2 0 2 7 16 6 2 1 2 7 5 31 3 0 40.0670827627182007
0 2 7 17 18 2 0 2 7 0 2 7 0 2 7 0 2 7 17 18 2 13 6 3 0 2 7 1 2 7 0 2 7 0 2 7 0 2 7 1 2 7 1 2 7 0 2 7 1 2 7 1 2 7 0 2 7 0 2 4 5 31 3 1 2 7 17 18 2 0 2 7 0 2 7 0 2 7 1 2 7 0 2 7 5 31 3 1 2 7 0 2 7 1 2 7 1 2 7 1 2 7 1 2 11 17 9 2 0 2 7 16 6 2 1 2 7 5 31 3 0 40.0670827627182007
0 2 7 17 18 2 0 2 7 0 2 7 0 2 7 0 2 7 17 18 2 13 6 3 0 2 7 1 2 7 0 2 7 0 2 7 0 2 7 1 2 7 1 2 7 0 2 7 1 2 7 1 2 7 0 2 7 0 2 4 5 31 3 1 2 7 17 18 2 0 2 7 0 2 7 0 2 7 1 2 7 0 2 7 5 31 3 1 2 7 0 2 7 1 2 7 1 2 7 1 2 7 1 2 11 17 9 2 0 2 7 16 6 2 1 2 7 5 31 3 0 40.0670827627182007
0 2 7 17 18 2 0 2 7 0 2 7 0 2 7 0 2 7 17 18 2 13 6 3 0 2 7 1 2 7 0 2 7 0 2 7 0 2 7 1 2 7 1 2 7 0 2 7 1 2 7 1 2 7 0 2 7 0 2 4 5 31 3 1 2 7 17 18 2 0 2 7 0 2 7 0 2 7 1 2 7 0 2 7 5 31 3 1 2 7 0 2 7 1 2 7 1 2 7 1 2 7 1 2 11 17 9 2 0 2 7 16 6 2 1 2 7 5 31 3 0 40.0670827627182007
0 2 7 17 18 2 0 2 7 0 2 7 0 2 7 0 2 7 17 18 2 13 6 3 0 2 7 1 2 7 0 2 7 0 2 7 0 2 7 1 2 7 1 2 7 0 2 7 1 2 7 1 2 7 0 2 7 0 2 4 5 31 3 1 2 7 17 18 2 0 2 7 0 2 7 0 2 7 1 2 7 0 2 7 5 31 3 1 2 7 0 2 7 1 2 7 1 2 7 1 2 7 1 2 11 17 9 2 0 2 7 16 6 2 1 2 7 5 31 3 0 40.0670827627182007
0 2 7 17 18 2 0 2 7 0 2 7 0 2 7 0 2 7 17 18 2 13 6 3 0 2 7 1 2 7 0 2 7 0 2 7 0 2 7 1 2 7 1 2 7 0 2 7 1 2 7 1 2 7 0 2 7 0 2 4 5 31 3 1 2 7 17 18 2 0 2 7 0 2 7 0 2 7 1 2 7 0 2 7 5 31 3 1 2 7 0 2 7 1 2 7 1 2 7 1 2 7 1 2 11 17 9 2 0 2 7 16 6 2 1 2 7 5 31 3 0 40.0670827627182007
0 2 7 17 18 2 0 2 7 0 2 7 0 2 7 0 2 7 17 18 2 13 6 3 0 2 7 1 2 7 0 2 7 0 2 7 0 2 7 1 2 7 1 2 7 0 2 7 1 2 7 1 2 7 0 2 7 0 2 4 5 31 3 1 2 7 17 18 2 0 2 7 0 2 7 0 2 7 1 2 7 0 2 7 5 31 3 1 2 7 0 2 7 1 2 7 1 2 7 1 2 7 1 2 11 17 9 2 0 2 7 16 6 2 1 2 7 5 31 3 0 40.0670827627182007
0 2 7 17 18 2 0 2 7 0 2 7 0 2 7 0 2 7 17 18 2 13 6 3 0 2 7 1 2 7 0 2 7 0 2 7 0 2 7 1 2 7 1 2 7 0 2 7 1 2 7 1 2 7 0 2 7 0 2 4 5 31 3 1 2 7 17 18 2 0 2 7 0 2 7 0 2 7 1 2 7 0 2 7 5 31 3 1 2 7 0 2 7 1 2 7 1 2 7 1 2 7 1 2 11 17 9 2 0 2 7 16 6 2 1 2 7 5 31 3 0 40.0670827627182007
0 2 7 17 18 2 0 2 7 0 2 7 0 2 7 0 2 7 17 18 2 13 6 3 0 2 7 1 2 7 0 2 7 0 2 7 0 2 7 1 2 7 1 2 7 0 2 7 1 2 7 1 2 7 0 2 7 0 2 4 5 31 3 1 2 7 17 18 2 0 2 7 0 2 7 0 2 7 1 2 7 0 2 7 5 31 3 1 2 7 0 2 7 1 2 7 1 2 7 1 2 7 1 2 11 17 9 2 0 2 7 16 6 2 1 2 7 5 31 3 0 40.0670827627182007
0 2 7 17 18 2 0 2 7 0 2 7 0 2 7 0 2 7 17 18 2 13 6 3 0 2 7 1 2 7 0 2 7 0 2 7 0 2 7 1 2 7 1 2 7 0 2 7 1 2 7 1 2 7 0 2 7 0 2 4 5 31 3 1 2 7 17 18 2 0 2 7 0 2 7 0 2 7 1 2 7 0 2 7 5 31 3 1 2 7 0 2 7 1 2 7 1 2 7 1 2 7 1 2 11 17 9 2 0 2 7 16 6 2 1 2 7 5 31 3 0 40.0670827627182007
0 2 7 17 18 2 0 2 7 0 2 7 0 2 7 0 2 7 17 18 2 13 6 3 0 2 7 1 2 7 0 2 7 0 2 7 0 2 7 1 2 7 1 2 7 0 2 7 1 2 7 1 2 7 0 2 7 0 2 4 5 31 3 1 2 7 17 18 2 0 2 7 0 2 7 0 2 7 1 2 7 0 2 7 5 31 3 1 2 7 0 2 7 1 2 7 1 2 7 1 2 7 1 2 11 17 9 2 0 2 7 16 6 2 1 2 7 5 31 3 0 40.0670827627182007
0 2 7 17 18 2 0 2 7 0 2 7 0 2 7 0 2 7 17 18 2 13 6 3 0 2 7 1 2 7 0 2 7 0 2 7 0 2 7 1 2 7 1 2 7 0 2 7 1 2 7 1 2 7 0 2 7 0 2 4 5 31 3 1 2 7 17 18 2 0 2 7 0 2 7 0 2 7 1 2 7 0 2 7 5 31 3 1 2 7 0 2 7 1 2 7 1 2 7 1 2 7 1 2 11 17 9 2 0 2 7 16 6 2 1 2 7 5 31 3 0 40.0670827627182007
0 2 7 17 18 2 0 2 7 0 2 7 0 2 7 0 2 7 17 18 2 13 6 3 0 2 7 1 2 7 0 2 7 0 2 7 0 2 7 1 2 7 1 2 7 0 2 7 1 2 7 1 2 7 0 2 7 0 2 4 5 31 3 1 2 7 17 18 2 0 2 7 0 2 7 0 2 7 1 2 7 0 2 7 5 31 3 1 2 7 0 2 7 1 2 7 1 2 7 1 2 7 1 2 11 17 9 2 0 2 7 16 6 2 1 2 7 5 31 3 0 40.0670827627182007
0 2 7 17 18 2 0 2 7 0 2 7 0 2 7 0 2 7 17 18 2 13 6 3 0 2 7 1 2 7 0 2 7 0 2 7 0 2 7 1 2 7 1 2 7 0 2 7 1 2 7 1 2 7 0 2 7 0 2 4 5 31 3 1 2 7 17 18 2 0 2 7 0 2 7 0 2 7 1 2 7 0 2 7 5 31 3 1 2 7 0 2 7 1 2 7 1 2 7 1 2 7 1 2 11 17 9 2 0 2 7 16 6 2 1 2 7 5 31 3 0 40.0670827627182007
0 2 7 17 18 2 0 2 7 0 2 7 0 2 7 0 2 7 17 18 2 13 6 3 0 2 7 1 2 7 0 2 7 0 2 7 0 2 7 1 2 7 1 2 7 0 2 7 1 2 7 1 2 7 0 2 7 0 2 4 5 31 3 1 2 7 17 18 2 0 2 7 0 2 7 0 2 7 1 2 7 0 2 7 5 31 3 1 2 7 0 2 7 1 2 7 1 2 7 1 2 7 1 2 11 17 9 2 0 2 7 16 6 2 1 2 7 5 31 3 0 40.0670827627182007
0 2 7 17 18 2 0 2 7 0 2 7 0 2 7 0 2 7 17 18 2 13 6 3 0 2 7 1 2 7 0 2 7 0 2 7 0 2 7 1 2 7 1 2 7 0 2 7 1 2 7 1 2 7 0 2 7 0 2 4 5 31 3 1 2 7 17 18 2 0 2 7 0 2 7 0 2 7 1 2 7 0 2 7 5 31 3 1 2 7 0 2 7 1 2 7 1 2 7 1 2 7 1 2 11 17 9 2 0 2 7 16 6 2 1 2 7 5 31 3 0 40.0670827627182007
0 2 7 17 18 2 0 2 7 0 2 7 0 2 7 0 2 7 17 18 2 13 6 3 0 2 7 1 2 7 0 2 7 0 2 7 0 2 7 1 2 7 1 2 7 0 2 7 1 2 7 1 2 7 0 2 7 0 2 4 5 31 3 1 2 7 17 18 2 0 2 7 0 2 7 0 2 7 1 2 7 0 2 7 5 31 3 1 2 7 0 2 7 1 2 7 1 2 7 1 2 7 1 2 11 17 9 2 0 2 7 16 6 2 1 2 7 5 31 3 0 40.0670827627182007
0 2 7 17 18 2 0 2 7 0 2 7 0 2 7 0 2 7 17 18 2 13 6 3 0 2 7 1 2 7 0 2 7 0 2 7 0 2 7 1 2 7 1 2 7 0 2 7 1 2 7 1 2 7 0 2 7 0 2 4 5 31 3 1 2 7 17 18 2 0 2 7 0 2 7 0 2 7 1 2 7 0 2 7 5 31 3 1 2 7 0 2 7 1 2 7 1 2 7 1 2 7 1 2 11 17 9 2 0 2 7 16 6 2 1 2 7 5 31 3 0 40.0670827627182007
0 2 7 17 18 2 0 2 7 0 2 7 0 2 7 0 2 7 17 18 2 13 6 3 0 2 7 1 2 7 0 2 7 0 2 7 0 2 7 1 2 7 1 2 7 0 2 7 1 2 7 1 2 7 0 2 7 0 2 4 5 31 3 1 2 7 17 18 2 0 2 7 0 2 7 0 2 7 1 2 7 0 2 7 5 31 3 1 2 7 0 2 7 1 2 7 1 2 7 1 2 7 1 2 11 17 9 2 0 2 7 16 6 2 1 2 7 5 31 3 0 40.0670827627182007
0 2 7 17 18 2 0 2 7 0 2 7 0 2 7 0 2 7 17 18 2 13 6 3 0 2 7 1 2 7 0 2 7 0 2 7 0 2 7 1 2 7 1 2 7 0 2 7 1 2 7 1 2 7 0 2 7 0 2 4 5 31 3 1 2 7 17 18 2 0 2 7 0 2 7 0 2 7 1 2 7 0 2 7 5 31 3 1 2 7 0 2 7 1 2 7 1 2 7 1 2 7 1 2 11 17 9 2 0 2 7 16 6 2 1 2 7 5 31 3 0 40.0670827627182007
0 2 7 17 18 2 0 2 7 0 2 7 0 2 7 0 2 7 17 18 2 13 6 3 0 2 7 1 2 7 0 2 7 0 2 7 0 2 7 1 2 7 1 2 7 0 2 7 1 2 7 1 2 7 0 2 7 0 2 4 5 31 3 1 2 7 17 18 2 0 2 7 0 2 7 0 2 7 1 2 7 0 2 7 5 31 3 1 2 7 0 2 7 1 2 7 1 2 7 1 2 7 1 2 11 17 9 2 0 2 7 16 6 2 1 2 7 5 31 3 0 40.0670827627182007
0 2 7 17 18 2 0 2 7 0 2 7 0 2 7 0 2 7 17 18 2 13 6 3 0 2 7 1 2 7 0 2 7 0 2 7 0 2 7 1 2 7 1 2 7 0 2 7 1 2 7 1 2 7 0 2 7 0 2 4 5 31 3 1 2 7 17 18 2 0 2 7 0 2 7 0 2 7 1 2 7 0 2 7 5 31 3 1 2 7 0 2 7 1 2 7 1 2 7 1 2 7 1 2 11 17 9 2 0 2 7 16 6 2 1 2 7 5 31 3 0 40.0670827627182007
0 2 7 17 18 2 0 2 7 0 2 7 0 2 7 0 2 7 17 18 2 13 6 3 0 2 7 1 2 7 0 2 7 0 2 7 0 2 7 1 2 7 1 2 7 0 2 7 1 2 7 1 2 7 0 2 7 0 2 4 5 31 3 1 2 7 17 18 2 0 2 7 0 2 7 0 2 7 1 2 7 0 2 7 5 31 3 1 2 7 0 2 7 1 2 7 1 2 7 1 2 7 1 2 11 17 9 2 0 2 7 16 6 2 1 2 7 5 31 3 0 40.0670827627182007
0 2 7 17 18 2 0 2 7 0 2 7 0 2 7 0 2 7 17 18 2 13 6 3 0 2 7 1 2 7 0 2 7 0 2 7 0 2 7 1 2 7 1 2 7 0 2 7 1 2 7 1 2 7 0 2 7 0 2 4 5 31 3 1 2 7 17 18 2 0 2 7 0 2 7 0 2 7 1 2 7 0 2 7 5 31 3 1 2 7 0 2 7 1 2 7 1 2 7 1 2 7 1 2 11 17 9 2 0 2 7 16 6 2 1 2 7 5 31 3 0 40.0670827627182007
0 2 7 17 18 2 0 2 7 0 2 7 0 2 7 0 2 7 17 18 2 13 6 3 0 2 7 1 2 7 0 2 7 0 2 7 0 2 7 1 2 7 1 2 7 0 2 7 1 2 7 1 2 7 0 2 7 0 2 4 5 31 3 1 2 7 17 18 2 0 2 7 0 2 7 0 2 7 1 2 7 0 2 7 5 31 3 1 2 7 0 2 7 1 2 7 1 2 7 1 2 7 1 2 11 17 9 2 0 2 7 16 6 2 1 2 7 5 31 3 0 40.0670827627182007
0 2 7 17 18 2 0 2 7 0 2 7 0 2 7 0 2 7 17 18 2 13 6 3 0 2 7 1 2 7 0 2 7 0 2 7 0 2 7 1 2 7 1 2 7 0 2 7 1 2 7 1 2 7 0 2 7 0 2 4 5 31 3 1 2 7 17 18 2 0 2 7 0 2 7 0 2 7 1 2 7 0 2 7 5 31 3 1 2 7 0 2 7 1 2 7 1 2 7 1 2 7 1 2 11 17 9 2 0 2 7 16 6 2 1 2 7 5 31 3 0 40.0670827627182007
0 2 7 17 18 2 0 2 7 0 2 7 0 2 7 0 2 7 17 18 2 13 6 3 0 2 7 1 2 7 0 2 7 0 2 7 0 2 7 1 2 7 1 2 7 0 2 7 1 2 7 1 2 7 0 2 7 0 2 4 5 31 3 1 2 7 17 18 2 0 2 7 0 2 7 0 2 7 1 2 7 0 2 7 5 31 3 1 2 7 0 2 7 1 2 7 1 2 7 1 2 7 1 2 11 17 9 2 0 2 7 16 6 2 1 2 7 5 31 3 0 40.0670827627182007
0 2 7 17 18 2 0 2 7 0 2 7 0 2 7 0 2 7 17 18 2 13 6 3 0 2 7 1 2 7 0 2 7 0 2 7 0 2 7 1 2 7 1 2 7 0 2 7 1 2 7 1 2 7 0 2 7 0 2 4 5 31 3 1 2 7 17 18 2 0 2 7 0 2 7 0 2 7 1 2 7 0 2 7 5 31 3 1 2 7 0 2 7 1 2 7 1 2 7 1 2 7 1 2 11 17 9 2 0 2 7 16 6 2 1 2 7 5 31 3 0 40.0670827627182007
0 2 7 17 18 2 0 2 7 0 2 7 0 2 7 0 2 7 17 18 2 13 6 3 0 2 7 1 2 7 0 2 7 0 2 7 0 2 7 1 2 7 1 2 7 0 2 7 1 2 7 1 2 7 0 2 7 0 2 4 5 31 3 1 2 7 17 18 2 0 2 7 0 2 7 0 2 7 1 2 7 0 2 7 5 31 3 1 2 7 0 2 7 1 2 7 1 2 7 1 2 7 1 2 11 17 9 2 0 2 7 16 6 2 1 2 7 5 31 3 0 40.0670827627182007
0 2 7 17 18 2 0 2 7 0 2 7 0 2 7 0 2 7 17 18 2 13 6 3 0 2 7 1 2 7 0 2 7 0 2 7 0 2 7 1 2 7 1 2 7 0 2 7 1 2 7 1 2 7 0 2 7 0 2 4 5 31 3 1 2 7 17 18 2 0 2 7 0 2 7 0 2 7 1 2 7 0 2 7 5 31 3 1 2 7 0 2 7 1 2 7 1 2 7 1 2 7 1 2 11 17 9 2 0 2 7 16 6 2 1 2 7 5 31 3 0 40.0670827627182007
0 2 7 17 18 2 0 2 7 0 2 7 0 2 7 0 2 7 17 18 2 13 6 3 0 2 7 1 2 7 0 2 7 0 2 7 0 2 7 1 2 7 1 2 7 0 2 7 1 2 7 1 2 7 0 2 7 0 2 4 5 31 3 1 2 7 17 18 2 0 2 7 0 2 7 0 2 7 1 2 7 0 2 7 5 31 3 1 2 7 0 2 7 1 2 7 1 2 7 1 2 7 1 2 11 17 9 2 0 2 7 16 6 2 1 2 7 5 31 3 0 40.0670827627182007
0 2 7 17 18 2 0 2 7 0 2 7 0 2 7 0 2 7 17 18 2 13 6 3 0 2 7 1 2 7 0 2 7 0 2 7 0 2 7 1 2 7 1 2 7 0 2 7 1 2 7 1 2 7 0 2 7 0 2 4 5 31 3 1 2 7 17 18 2 0 2 7 0 2 7 0 2 7 1 2 7 0 2 7 5 31 3 1 2 7 0 2 7 1 2 7 1 2 7 1 2 7 1 2 11 17 9 2 0 2 7 16 6 2 1 2 7 5 31 3 0 40.0670827627182007
0 2 7 17 18 2 0 2 7 0 2 7 0 2 7 0 2 7 17 18 2 13 6 3 0 2 7 1 2 7 0 2 7 0 2 7 0 2 7 1 2 7 1 2 7 0 2 7 1 2 7 1 2 7 0 2 7 0 2 4 5 31 3 1 2 7 17 18 2 0 2 7 0 2 7 0 2 7 1 2 7 0 2 7 5 31 3 1 2 7 0 2 7 1 2 7 1 2 7 1 2 7 1 2 11 17 9 2 0 2 7 16 6 2 1 2 7 5 31 3 0 40.0670827627182007
0 2 7 17 18 2 0 2 7 0 2 7 0 2 7 0 2 7 17 18 2 13 6 3 0 2 7 1 2 7 0 2 7 0 2 7 0 2 7 1 2 7 1 2 7 0 2 7 1 2 7 1 2 7 0 2 7 0 2 4 5 31 3 1 2 7 17 18 2 0 2 7 0 2 7 0 2 7 1 2 7 0 2 7 5 31 3 1 2 7 0 2 7 1 2 7 1 2 7 1 2 7 1 2 11 17 9 2 0 2 7 16 6 2 1 2 7 5 31 3 0 40.0670827627182007
0 2 7 17 18 2 0 2 7 0 2 7 0 2 7 0 2 7 17 18 2 13 6 3 0 2 7 1 2 7 0 2 7 0 2 7 0 2 7 1 2 7 1 2 7 0 2 7 1 2 7 1 2 7 0 2 7 0 2 4 5 31 3 1 2 7 17 18 2 0 2 7 0 2 7 0 2 7 1 2 7 0 2 7 5 31 3 1 2 7 0 2 7 1 2 7 1 2 7 1 2 7 1 2 11 17 9 2 0 2 7 16 6 2 1 2 7 5 31 3 0 40.0670827627182007
0 2 7 17 18 2 0 2 7 0 2 7 0 2 7 0 2 7 17 18 2 13 6 3 0 2 7 1 2 7 0 2 7 0 2 7 0 2 7 1 2 7 1 2 7 0 2 7 1 2 7 1 2 7 0 2 7 0 2 4 5 31 3 1 2 7 17 18 2 0 2 7 0 2 7 0 2 7 1 2 7 0 2 7 5 31 3 1 2 7 0 2 7 1 2 7 1 2 7 1 2 7 1 2 11 17 9 2 0 2 7 16 6 2 1 2 7 5 31 3 0 40.0670827627182007
0 2 7 17 18 2 0 2 7 0 2 7 0 2 7 0 2 7 17 18 2 13 6 3 0 2 7 1 2 7 0 2 7 0 2 7 0 2 7 1 2 7 1 2 7 0 2 7 1 2 7 1 2 7 0 2 7 0 2 4 5 31 3 1 2 7 17 18 2 0 2 7 0 2 7 0 2 7 1 2 7 0 2 7 5 31 3 1 2 7 0 2 7 1 2 7 1 2 7 1 2 7 1 2 11 17 9 2 0 2 7 16 6 2 1 2 7 5 31 3 0 40.0670827627182007
0 2 7 17 18 2 0 2 7 0 2 7 0 2 7 0 2 7 17 18 2 13 6 3 0 2 7 1 2 7 0 2 7 0 2 7 0 2 7 1 2 7 1 2 7 0 2 7 1 2 7 1 2 7 0 2 7 0 2 4 5 31 3 1 2 7 17 18 2 0 2 7 0 2 7 0 2 7 1 2 7 0 2 7 5 31 3 1 2 7 0 2 7 1 2 7 1 2 7 1 2 7 1 2 11 17 9 2 0 2 7 16 6 2 1 2 7 5 31 3 0 40.0670827627182007
0 2 7 17 18 2 0 2 7 0 2 7 0 2 7 0 2 7 17 18 2 13 6 3 0 2 7 1 2 7 0 2 7 0 2 7 0 2 7 1 2 7 1 2 7 0 2 7 1 2 7 1 2 7 0 2 7 0 2 4 5 31 3 1 2 7 17 18 2 0 2 7 0 2 7 0 2 7 1 2 7 0 2 7 5 31 3 1 2 7 0 2 7 1 2 7 1 2 7 1 2 7 1 2 11 17 9 2 0 2 7 16 6 2 1 2 7 5 31 3 0 40.0670827627182007
0 2 7 17 18 2 0 2 7 0 2 7 0 2 7 0 2 7 17 18 2 13 6 3 0 2 7 1 2 7 0 2 7 0 2 7 0 2 7 1 2 7 1 2 7 0 2 7 1 2 7 1 2 7 0 2 7 0 2 4 5 31 3 1 2 7 17 18 2 0 2 7 0 2 7 0 2 7 1 2 7 0 2 7 5 31 3 1 2 7 0 2 7 1 2 7 1 2 7 1 2 7 1 2 11 17 9 2 0 2 7 16 6 2 1 2 7 5 31 3 0 40.0670827627182007
0 2 7 17 18 2 0 2 7 0 2 7 0 2 7 0 2 7 17 18 2 13 6 3 0 2 7 1 2 7 0 2 7 0 2 7 0 2 7 1 2 7 1 2 7 0 2 7 1 2 7 1 2 7 0 2 7 0 2 4 5 31 3 1 2 7 17 18 2 0 2 7 0 2 7 0 2 7 1 2 7 0 2 7 5 31 3 1 2 7 0 2 7 1 2 7 1 2 7 1 2 7 1 2 11 17 9 2 0 2 7 16 6 2 1 2 7 5 31 3 0 40.0670827627182007
0 2 7 17 18 2 0 2 7 0 2 7 0 2 7 0 2 7 17 18 2 13 6 3 0 2 7 1 2 7 0 2 7 0 2 7 0 2 7 1 2 7 1 2 7 0 2 7 1 2 7 1 2 7 0 2 7 0 2 4 5 31 3 1 2 7 17 18 2 0 2 7 0 2 7 0 2 7 1 2 7 0 2 7 5 31 3 1 2 7 0 2 7 1 2 7 1 2 7 1 2 7 1 2 11 17 9 2 0 2 7 16 6 2 1 2 7 5 31 3 0 40.0670827627182007
0 2 7 17 18 2 0 2 7 0 2 7 0 2 7 0 2 7 17 18 2 13 6 3 0 2 7 1 2 7 0 2 7 0 2 7 0 2 7 1 2 7 1 2 7 0 2 7 1 2 7 1 2 7 0 2 7 0 2 4 5 31 3 1 2 7 17 18 2 0 2 7 0 2 7 0 2 7 1 2 7 0 2 7 5 31 3 1 2 7 0 2 7 1 2 7 1 2 7 1 2 7 1 2 11 17 9 2 0 2 7 16 6 2 1 2 7 5 31 3 0 40.0670827627182007
0 2 7 17 18 2 0 2 7 0 2 7 0 2 7 0 2 7 17 18 2 13 6 3 0 2 7 1 2 7 0 2 7 0 2 7 0 2 7 1 2 7 1 2 7 0 2 7 1 2 7 1 2 7 0 2 7 0 2 4 5 31 3 1 2 7 17 18 2 0 2 7 0 2 7 0 2 7 1 2 7 0 2 7 5 31 3 1 2 7 0 2 7 1 2 7 1 2 7 1 2 7 1 2 11 17 9 2 0 2 7 16 6 2 1 2 7 5 31 3 0 40.0670827627182007
MonoObjective Genetic Algorithm
Number of Evaluations = 0
Mutation Probability = 0
Crossover Probability = 1
Population Size = 10
Survival Selection Type = 1
Time =  9007.12037014961243
0 2 7 17 18 2 0 2 7 0 2 7 0 2 7 0 2 7 17 18 2 13 6 3 0 2 7 1 2 7 0 2 7 0 2 7 0 2 7 1 2 7 1 2 7 0 2 7 1 2 7 1 2 7 0 2 7 0 2 4 5 31 3 1 2 7 17 18 2 0 2 7 0 2 7 0 2 7 1 2 7 0 2 7 5 31 3 1 2 7 0 2 7 1 2 7 1 2 7 1 2 7 1 2 11 17 9 2 0 2 7 16 6 2 1 2 7 5 31 3 0 40.0670827627182007
0 2 7 17 18 2 0 2 7 0 2 7 0 2 7 0 2 7 17 18 2 13 6 3 0 2 7 1 2 7 0 2 7 0 2 7 0 2 7 1 2 7 1 2 7 0 2 7 1 2 7 1 2 7 0 2 7 0 2 4 5 31 3 1 2 7 17 18 2 0 2 7 0 2 7 0 2 7 1 2 7 0 2 7 5 31 3 1 2 7 0 2 7 1 2 7 1 2 7 1 2 7 1 2 11 17 9 2 0 2 7 16 6 2 1 2 7 5 31 3 0 40.0670827627182007
0 2 7 17 18 2 0 2 7 0 2 7 0 2 7 0 2 7 17 18 2 13 6 3 0 2 7 1 2 7 0 2 7 0 2 7 0 2 7 1 2 7 1 2 7 0 2 7 1 2 7 1 2 7 0 2 7 0 2 4 5 31 3 1 2 7 17 18 2 0 2 7 0 2 7 0 2 7 1 2 7 0 2 7 5 31 3 1 2 7 0 2 7 1 2 7 1 2 7 1 2 7 1 2 11 17 9 2 0 2 7 16 6 2 1 2 7 5 31 3 0 40.0670827627182007
0 2 7 17 18 2 0 2 7 0 2 7 0 2 7 0 2 7 17 18 2 13 6 3 0 2 7 1 2 7 0 2 7 0 2 7 0 2 7 1 2 7 1 2 7 0 2 7 1 2 7 1 2 7 0 2 7 0 2 4 5 31 3 1 2 7 17 18 2 0 2 7 0 2 7 0 2 7 1 2 7 0 2 7 5 31 3 1 2 7 0 2 7 1 2 7 1 2 7 1 2 7 1 2 11 17 9 2 0 2 7 16 6 2 1 2 7 5 31 3 0 40.0670827627182007
0 2 7 17 18 2 0 2 7 0 2 7 0 2 7 0 2 7 17 18 2 13 6 3 0 2 7 1 2 7 0 2 7 0 2 7 0 2 7 1 2 7 1 2 7 0 2 7 1 2 7 1 2 7 0 2 7 0 2 4 5 31 3 1 2 7 17 18 2 0 2 7 0 2 7 0 2 7 1 2 7 0 2 7 5 31 3 1 2 7 0 2 7 1 2 7 1 2 7 1 2 7 1 2 11 17 9 2 0 2 7 16 6 2 1 2 7 5 31 3 0 40.0670827627182007
0 2 7 17 18 2 0 2 7 0 2 7 0 2 7 0 2 7 17 18 2 13 6 3 0 2 7 1 2 7 0 2 7 0 2 7 0 2 7 1 2 7 1 2 7 0 2 7 1 2 7 1 2 7 0 2 7 0 2 4 5 31 3 1 2 7 17 18 2 0 2 7 0 2 7 0 2 7 1 2 7 0 2 7 5 31 3 1 2 7 0 2 7 1 2 7 1 2 7 1 2 7 1 2 11 17 9 2 0 2 7 16 6 2 1 2 7 5 31 3 0 40.0670827627182007
0 2 7 17 18 2 0 2 7 0 2 7 0 2 7 0 2 7 17 18 2 13 6 3 0 2 7 1 2 7 0 2 7 0 2 7 0 2 7 1 2 7 1 2 7 0 2 7 1 2 7 1 2 7 0 2 7 0 2 4 5 31 3 1 2 7 17 18 2 0 2 7 0 2 7 0 2 7 1 2 7 0 2 7 5 31 3 1 2 7 0 2 7 1 2 7 1 2 7 1 2 7 1 2 11 17 9 2 0 2 7 16 6 2 1 2 7 5 31 3 0 40.0670827627182007
0 2 7 17 18 2 0 2 7 0 2 7 0 2 7 0 2 7 17 18 2 13 6 3 0 2 7 1 2 7 0 2 7 0 2 7 0 2 7 1 2 7 1 2 7 0 2 7 1 2 7 1 2 7 0 2 7 0 2 4 5 31 3 1 2 7 17 18 2 0 2 7 0 2 7 0 2 7 1 2 7 0 2 7 5 31 3 1 2 7 0 2 7 1 2 7 1 2 7 1 2 7 1 2 11 17 9 2 0 2 7 16 6 2 1 2 7 5 31 3 0 40.0670827627182007
0 2 7 17 18 2 0 2 7 0 2 7 0 2 7 0 2 7 17 18 2 13 6 3 0 2 7 1 2 7 0 2 7 0 2 7 0 2 7 1 2 7 1 2 7 0 2 7 1 2 7 1 2 7 0 2 7 0 2 4 5 31 3 1 2 7 17 18 2 0 2 7 0 2 7 0 2 7 1 2 7 0 2 7 5 31 3 1 2 7 0 2 7 1 2 7 1 2 7 1 2 7 1 2 11 17 9 2 0 2 7 16 6 2 1 2 7 5 31 3 0 40.0670827627182007
0 2 7 17 18 2 0 2 7 0 2 7 0 2 7 0 2 7 17 18 2 13 6 3 0 2 7 1 2 7 0 2 7 0 2 7 0 2 7 1 2 7 1 2 7 0 2 7 1 2 7 1 2 7 0 2 7 0 2 4 5 31 3 1 2 7 17 18 2 0 2 7 0 2 7 0 2 7 1 2 7 0 2 7 5 31 3 1 2 7 0 2 7 1 2 7 1 2 7 1 2 7 1 2 11 17 9 2 0 2 7 16 6 2 1 2 7 5 31 3 0 40.0670827627182007
