17 18 2 5 30 3 12 16 2 1 2 7 0 2 7 0 2 7 1 2 7 0 2 7 0 2 11 1 2 3 1 2 7 1 2 7 0 2 7 13 6 3 17 18 2 5 30 3 1 2 3 17 9 2 0 2 7 0 2 3 0 2 7 0 2 7 5 30 3 0 2 7 0 2 7 12 16 2 1 2 3 0 2 7 17 9 2 1 2 7 0 2 7 0 2 7 1 2 7 5 31 3 1 2 7 16 19 11 0 2 7 0 2 7 1 2 7 0 2 7 12 16 2 1 2 7 0 2 7 0 2 7 16 6 2 5 31 3 16 30 2 0 2 7 0 2 7 0 2 7 0 2 4 0 2 7 13 6 3 1 2 7 12 16 2 0 2 4 8 18 2 1 2 7 1 2 7 0 2 7 0 61.1423444747924805
5 30 3 12 16 2 0 2 7 1 2 7 0 2 7 5 31 3 0 2 7 0 2 7 1 2 7 13 6 3 5 30 3 1 2 7 17 9 2 0 2 7 0 2 7 0 2 7 5 30 3 0 2 7 0 2 7 12 16 2 0 2 7 8 9 2 1 2 7 0 2 7 0 2 7 16 19 11 0 2 7 0 2 7 0 2 7 12 16 2 0 2 7 0 2 7 1 2 7 0 2 7 12 16 2 0 2 4 17 9 2 17 18 2 1 2 7 1 2 7 1 2 7 1 2 7 0 2 7 0 2 7 0 2 7 1 2 3 0 2 3 5 31 3 0 2 10 0 2 7 5 31 3 16 6 2 5 30 3 6 2 4 1 2 7 1 2 4 0 2 7 16 9 11 16 6 2 17 18 2 0.00968915495802927414 61.8381472826004028
5 30 3 12 16 2 0 2 7 6 2 7 0 2 7 5 31 3 1 2 7 0 2 7 0 2 7 13 6 3 5 30 3 1 2 7 17 9 2 0 2 7 0 2 7 1 2 7 5 30 3 0 2 7 0 2 4 12 16 2 5 30 3 8 9 2 0 2 7 0 2 7 0 2 7 1 2 4 0 2 7 6 2 7 0 2 7 12 16 2 0 2 7 1 2 7 1 2 7 0 2 7 12 16 2 0 2 7 17 9 2 17 18 2 1 2 7 1 2 7 1 2 7 0 2 3 0 2 7 0 2 7 0 2 7 1 2 7 0 2 7 0 2 7 0 2 4 5 30 3 0 2 7 16 6 2 0 2 7 0 2 4 1 2 7 17 18 2 13 6 3 1 2 7 17 9 2 5 31 3 0 61.2868303060531616
0 2 7 1 2 11 5 30 3 13 6 3 8 18 2 0 2 7 0 2 7 0 2 7 0 2 7 12 16 2 5 30 3 1 2 7 0 2 7 0 2 4 0 2 7 5 30 3 0 2 7 1 2 7 0 2 7 0 2 7 5 30 3 6 2 7 1 2 7 1 2 7 5 31 3 16 6 2 5 30 3 12 16 2 0 2 7 17 18 2 1 2 7 17 9 2 16 19 11 12 16 2 0 2 7 0 2 7 0 2 7 1 2 7 17 9 2 0 2 7 1 2 7 1 2 7 13 6 3 0 2 7 16 30 2 17 18 2 0 2 7 5 30 3 0 2 7 0 2 7 5 31 3 0 2 7 0 2 7 1 2 7 0 2 7 0 2 7 1 2 4 0 2 7 0 2 7 0 2 7 0 61.3544241786003113
0 2 7 1 2 7 5 30 3 13 6 3 8 18 2 0 2 7 0 2 7 0 2 7 0 2 7 12 16 2 5 30 3 1 2 7 0 2 7 0 2 7 0 2 7 5 30 3 0 2 7 1 2 7 0 2 7 1 2 7 5 30 3 1 2 7 1 2 7 0 2 7 5 31 3 16 30 2 5 30 3 12 16 2 0 2 7 17 18 2 0 2 7 17 9 2 16 19 11 12 16 2 0 2 7 0 2 7 1 2 7 1 2 7 17 9 2 0 2 7 1 2 7 1 2 4 13 6 3 0 2 7 16 30 2 17 18 2 0 2 7 5 30 3 0 2 7 0 2 7 5 31 3 1 2 7 0 2 7 1 2 7 0 2 7 0 2 7 0 2 7 0 2 7 0 2 7 0 2 7 0 61.2631542682647705
17 18 2 5 30 3 12 16 2 1 2 7 0 2 7 0 2 7 1 2 7 0 2 7 0 2 11 1 2 3 1 2 7 1 2 7 0 2 7 13 6 3 17 18 2 5 30 3 17 9 2 0 2 7 0 2 3 0 2 7 0 2 7 5 30 3 0 2 7 0 2 7 12 16 2 0 2 7 17 9 2 1 2 7 0 2 7 0 2 7 1 2 7 5 31 3 1 2 7 16 19 11 0 2 7 0 2 7 1 2 7 0 2 7 12 16 2 1 2 7 0 2 7 0 2 7 16 6 2 0 2 7 0 2 7 0 2 7 0 2 4 0 2 7 13 6 3 1 2 7 12 16 2 8 18 2 1 2 7 8 9 2 1 2 3 0 2 3 1 2 11 5 30 3 5 30 3 0 2 7 1.37079368517541071e-06 61.8178342580795288
17 18 2 5 30 3 12 16 2 1 2 7 0 2 7 0 2 7 1 2 7 0 2 7 0 2 11 1 2 3 1 2 7 1 2 7 0 2 7 13 6 3 17 18 2 5 30 3 17 9 2 0 2 7 0 2 3 0 2 7 0 2 7 5 30 3 0 2 7 0 2 7 12 16 2 0 2 7 17 9 2 1 2 7 0 2 7 0 2 7 1 2 7 5 31 3 1 2 7 16 19 11 0 2 7 0 2 7 1 2 7 0 2 7 12 16 2 1 2 7 0 2 7 0 2 7 16 6 2 0 2 7 0 2 7 0 2 7 0 2 4 0 2 7 13 6 3 1 2 7 12 16 2 8 18 2 1 2 7 1 2 3 16 6 2 5 31 3 16 30 2 0 2 4 1 2 7 0 2 10 0.00995584409497661353 60.8605524301528931
5 30 3 12 16 2 0 2 7 1 2 11 0 2 7 5 30 3 0 2 7 0 2 7 0 2 7 0 2 7 0 2 7 0 2 7 1 2 7 5 30 3 0 2 7 17 9 2 0 2 11 0 2 7 0 2 3 5 31 3 1 2 11 0 2 7 12 16 2 0 2 7 0 2 7 0 2 7 0 2 4 5 30 3 16 19 11 0 2 4 0 2 7 0 2 7 12 16 2 0 2 7 16 6 2 5 30 3 1 2 3 1 2 7 0 2 4 12 16 2 1 2 7 17 9 2 17 18 2 0 2 7 1 2 7 0 2 7 5 30 3 0 2 7 8 18 2 1 2 7 1 2 4 0 2 7 1 2 11 8 9 2 16 6 2 1 2 3 13 6 3 0 2 7 16 6 2 8 18 2 0 62.1646420955657959
5 30 3 12 16 2 0 2 7 1 2 7 0 2 7 5 31 3 0 2 7 0 2 7 1 2 7 1 2 3 0 2 3 0 2 3 13 6 3 5 30 3 1 2 7 17 9 2 0 2 7 0 2 7 0 2 7 5 30 3 0 2 7 0 2 7 12 16 2 0 2 7 1 2 7 0 2 7 0 2 7 5 30 3 16 19 11 0 2 7 0 2 7 0 2 7 12 16 2 0 2 7 16 6 2 5 30 3 0 2 7 1 2 7 0 2 7 12 16 2 0 2 4 17 9 2 17 18 2 1 2 7 1 2 7 1 2 7 1 2 7 1 2 7 8 18 2 0 2 7 0 2 7 0 2 7 0 2 10 6 2 7 1 2 11 16 19 11 16 15 2 1 2 7 0 2 4 0 2 4 0.000158767450494331732 61.915920078754425
17 18 2 5 30 3 12 16 2 0 2 7 0 2 7 0 2 7 0 2 4 0 2 7 0 2 7 0 2 7 1 2 7 13 6 3 5 30 3 17 9 2 1 2 7 0 2 7 0 2 7 1 2 7 0 2 7 0 2 7 0 2 7 12 16 2 0 2 7 17 9 2 0 2 7 0 2 7 5 31 3 1 2 7 5 30 3 1 2 7 0 2 7 1 2 7 1 2 7 12 16 2 1 2 7 0 2 7 1 2 7 5 31 3 0 2 7 0 2 7 0 2 4 0 2 7 0 2 7 12 16 2 16 19 11 0 2 7 0 2 7 6 2 7 16 9 11 6 2 7 16 15 2 16 30 2 17 9 2 6 2 4 1 2 4 17 18 2 0 2 3 1 2 3 5 31 3 0 2 7 0.0523081884048418114 61.4070954322814941
0 2 7 0 2 7 13 6 3 0 2 4 0 2 7 0 2 7 0 2 4 12 16 2 1 2 7 1 2 7 1 2 7 0 2 7 0 2 7 1 2 7 0 2 7 5 31 3 12 16 2 0 2 7 17 18 2 0 2 7 17 9 2 1 2 7 1 2 7 0 2 7 17 9 2 0 2 7 0 2 7 17 18 2 16 6 2 1 2 7 0 2 7 0 2 7 13 6 3 12 16 2 1 2 7 0 2 4 0 2 7 6 2 7 17 18 2 5 31 3 1 2 7 12 16 2 5 31 3 0 2 7 1 2 7 1 2 7 5 30 3 1 2 7 1 2 7 0 2 7 1 2 7 13 6 3 0 2 4 0 2 7 0 2 7 17 9 2 1 2 7 1 2 7 1 2 7 0 2 7 0 59.938682496547699
0 2 7 0 2 7 13 6 3 0 2 4 0 2 7 0 2 7 0 2 4 12 16 2 1 2 7 1 2 7 1 2 7 0 2 7 0 2 7 1 2 7 0 2 7 5 31 3 12 16 2 0 2 7 17 18 2 0 2 7 17 9 2 1 2 7 1 2 7 0 2 7 17 9 2 0 2 7 0 2 7 17 18 2 16 6 2 1 2 7 0 2 7 0 2 7 13 6 3 12 16 2 1 2 7 0 2 4 0 2 7 6 2 7 17 18 2 5 31 3 1 2 7 12 16 2 5 31 3 0 2 7 1 2 7 1 2 7 5 30 3 1 2 7 1 2 7 0 2 7 1 2 7 13 6 3 0 2 4 0 2 7 0 2 7 17 9 2 1 2 7 1 2 7 1 2 7 0 2 7 0 59.938682496547699
0 2 7 0 2 7 13 6 3 1 2 7 0 2 7 0 2 7 0 2 7 12 16 2 5 31 3 0 2 4 1 2 7 0 2 4 0 2 7 1 2 7 0 2 7 5 30 3 12 16 2 0 2 7 17 18 2 0 2 7 17 9 2 6 2 7 1 2 4 0 2 7 17 9 2 0 2 7 1 2 7 17 18 2 1 2 7 0 2 7 0 2 7 13 6 3 12 16 2 1 2 7 0 2 7 1 2 7 17 18 2 5 30 3 1 2 7 0 2 7 5 30 3 1 2 4 1 2 4 13 6 3 1 2 7 0 2 7 17 9 2 0 2 7 0 2 7 0 2 7 5 31 3 12 16 2 1 2 7 1 2 7 16 19 11 0 2 7 0 2 7 0 2 4 0 2 7 1 2 7 0 60.496000349521637
0 2 4 0 2 4 12 16 2 1 2 7 0 2 7 0 2 7 0 2 7 12 16 2 1 2 4 0 2 7 0 2 7 0 2 7 0 2 7 1 2 7 0 2 7 5 31 3 12 16 2 0 2 7 17 18 2 0 2 7 17 9 2 1 2 7 1 2 3 0 2 7 17 9 2 0 2 7 0 2 7 17 18 2 0 2 3 0 2 7 0 2 7 13 6 3 12 16 2 1 2 7 0 2 4 0 2 7 17 18 2 5 31 3 1 2 7 1 2 7 5 30 3 1 2 7 1 2 7 13 6 3 1 2 7 1 2 7 8 9 2 1 2 7 0 2 7 0 2 7 5 30 3 1 2 4 0 2 7 0 2 7 16 19 11 16 6 2 0 2 7 1 2 4 1 2 7 1 2 3 0 60.7701654434204102
0 2 7 0 2 7 13 6 3 0 2 4 0 2 7 0 2 7 0 2 7 0 2 7 1 2 7 1 2 7 1 2 7 0 2 7 1 2 7 0 2 7 5 31 3 12 16 2 1 2 7 17 18 2 0 2 7 17 9 2 12 16 2 0 2 7 17 9 2 0 2 7 1 2 7 17 18 2 1 2 7 13 6 3 12 16 2 0 2 7 0 2 7 0 2 7 1 2 7 17 18 2 5 30 3 0 2 7 5 31 3 0 2 7 0 2 4 0 2 7 1 2 7 0 2 7 1 2 7 13 6 3 0 2 7 0 2 7 1 2 7 17 9 2 1 2 7 1 2 7 1 2 7 12 16 2 16 6 2 5 30 3 1 2 7 0 2 7 1 2 7 1 2 7 0 2 4 1 2 4 1.50044228614816912e-05 59.8621103763580322
0 2 7 0 2 7 13 6 3 0 2 4 0 2 7 0 2 7 0 2 7 0 2 7 1 2 7 1 2 7 1 2 7 0 2 7 1 2 7 0 2 7 5 31 3 12 16 2 1 2 7 17 18 2 0 2 7 17 9 2 12 16 2 0 2 7 17 9 2 0 2 7 1 2 7 17 18 2 1 2 7 13 6 3 12 16 2 0 2 7 0 2 7 0 2 7 1 2 7 17 18 2 5 30 3 0 2 7 5 31 3 0 2 7 0 2 4 0 2 7 1 2 7 0 2 7 1 2 7 13 6 3 0 2 7 0 2 7 1 2 7 17 9 2 1 2 7 1 2 7 1 2 7 12 16 2 16 19 11 5 31 3 0 2 7 6 2 7 1 2 4 1 2 4 0 2 7 0 2 4 3.10634794874397403e-05 60.3550844788551331
0 2 7 0 2 7 13 6 3 0 2 4 0 2 7 0 2 7 0 2 7 12 16 2 1 2 7 1 2 7 1 2 7 0 2 7 0 2 7 0 2 7 5 31 3 12 16 2 0 2 7 17 18 2 0 2 4 17 9 2 1 2 7 1 2 7 0 2 7 17 9 2 0 2 7 0 2 7 17 18 2 0 2 7 0 2 7 13 6 3 12 16 2 1 2 7 0 2 7 0 2 7 17 18 2 5 31 3 1 2 7 0 2 7 0 2 7 1 2 7 5 30 3 1 2 7 1 2 7 0 2 7 1 2 7 13 6 3 0 2 7 0 2 7 0 2 7 17 9 2 1 2 7 1 2 7 0 2 7 16 19 11 5 30 3 1 2 4 12 16 2 1 2 4 1 2 4 1 2 7 0 60.2785123586654663
0 2 7 0 2 7 13 6 3 0 2 4 0 2 7 0 2 7 0 2 7 12 16 2 1 2 7 1 2 7 1 2 7 0 2 7 0 2 7 0 2 7 5 31 3 12 16 2 0 2 7 17 18 2 0 2 7 17 9 2 1 2 7 1 2 7 0 2 7 17 9 2 0 2 7 0 2 7 17 18 2 0 2 7 0 2 7 13 6 3 12 16 2 1 2 7 1 2 7 0 2 7 17 18 2 5 31 3 1 2 7 0 2 7 0 2 7 1 2 7 5 30 3 1 2 7 1 2 7 0 2 7 1 2 7 13 6 3 0 2 7 0 2 4 0 2 7 17 9 2 1 2 7 1 2 7 0 2 7 16 19 11 5 30 3 1 2 4 12 16 2 1 2 4 0 2 3 0 2 7 3.65361299011012321e-05 60.4690643548965454
0 2 7 0 2 7 13 6 3 0 2 4 0 2 7 0 2 7 0 2 4 12 16 2 1 2 7 1 2 7 1 2 7 0 2 7 0 2 7 1 2 7 0 2 7 5 31 3 12 16 2 0 2 7 17 18 2 0 2 7 17 9 2 1 2 7 1 2 7 0 2 7 17 9 2 0 2 7 0 2 7 17 18 2 16 6 2 1 2 7 0 2 7 0 2 7 13 6 3 12 16 2 1 2 7 0 2 4 0 2 7 6 2 7 17 18 2 5 31 3 1 2 7 12 16 2 5 31 3 0 2 7 1 2 7 1 2 7 5 30 3 1 2 7 1 2 7 0 2 7 1 2 7 13 6 3 0 2 4 0 2 7 0 2 7 17 9 2 1 2 7 1 2 7 1 2 7 0 2 7 0 59.938682496547699
0 2 7 0 2 7 13 6 3 0 2 4 0 2 7 0 2 7 12 16 2 1 2 7 1 2 7 1 2 7 0 2 7 0 2 7 1 2 7 0 2 7 5 31 3 12 16 2 0 2 7 17 18 2 0 2 7 17 9 2 1 2 7 1 2 7 0 2 7 17 9 2 0 2 7 0 2 7 17 18 2 16 6 2 1 2 7 0 2 7 0 2 7 13 6 3 12 16 2 1 2 7 0 2 7 17 18 2 5 31 3 1 2 7 5 31 3 0 2 7 1 2 7 1 2 7 5 30 3 0 2 7 1 2 7 0 2 7 1 2 7 13 6 3 0 2 7 0 2 7 17 9 2 1 2 7 1 2 7 0 2 7 5 30 3 0 2 7 1 2 4 0 2 7 0 2 7 1 2 7 0 60.1157864332199097
0 2 7 0 2 4 13 6 3 0 2 7 0 2 7 0 2 7 1 2 7 12 16 2 1 2 7 0 2 7 1 2 7 0 2 7 1 2 7 0 2 7 5 31 3 12 16 2 1 2 7 17 18 2 1 2 7 17 9 2 1 2 7 1 2 4 0 2 7 17 9 2 0 2 7 0 2 7 17 18 2 0 2 7 0 2 7 13 6 3 12 16 2 0 2 4 0 2 7 0 2 7 17 18 2 5 31 3 0 2 7 0 2 7 0 2 7 1 2 7 1 2 7 1 2 7 0 2 7 1 2 7 1 2 7 13 6 3 0 2 7 17 9 2 1 2 7 1 2 7 12 16 2 1 2 7 1 2 7 5 31 3 0 2 7 0 2 7 16 6 2 1 2 7 1 2 7 0 2 7 0 59.7211945056915283
0 2 7 0 2 7 13 6 3 0 2 7 0 2 7 0 2 7 0 2 7 12 16 2 1 2 7 1 2 7 1 2 7 0 2 7 0 2 7 1 2 7 0 2 7 5 31 3 12 16 2 0 2 7 17 18 2 0 2 7 17 9 2 1 2 7 1 2 7 1 2 7 17 9 2 0 2 7 0 2 7 17 18 2 16 6 2 1 2 7 0 2 7 0 2 7 13 6 3 12 16 2 1 2 7 0 2 4 17 18 2 5 31 3 1 2 7 5 31 3 0 2 7 1 2 7 1 2 7 0 2 7 1 2 7 1 2 7 0 2 7 1 2 7 13 6 3 0 2 7 0 2 7 17 9 2 1 2 7 1 2 4 0 2 4 0 2 7 12 16 2 1 2 7 1 2 7 0 2 7 0 59.7211945056915283
1 2 7 0 2 7 13 6 3 0 2 7 0 2 7 0 2 7 0 2 7 12 16 2 1 2 7 1 2 7 1 2 7 0 2 7 0 2 7 1 2 7 0 2 7 5 31 3 12 16 2 0 2 7 17 18 2 0 2 4 17 9 2 1 2 7 1 2 7 0 2 7 17 9 2 0 2 4 0 2 7 17 18 2 16 6 2 1 2 7 0 2 4 0 2 7 13 6 3 12 16 2 0 2 7 0 2 7 17 18 2 5 31 3 1 2 7 5 31 3 0 2 7 1 2 7 0 2 7 1 2 7 1 2 4 1 2 7 0 2 7 1 2 7 13 6 3 0 2 7 0 2 7 17 9 2 1 2 7 0 2 7 12 16 2 1 2 7 0 2 7 6 2 7 1 2 7 5 30 3 0 59.938682496547699
1 2 7 0 2 7 13 6 3 0 2 4 1 2 7 0 2 7 0 2 7 12 16 2 1 2 7 1 2 7 1 2 7 0 2 7 0 2 7 1 2 7 0 2 7 5 31 3 12 16 2 0 2 7 17 18 2 0 2 7 17 9 2 1 2 7 1 2 7 0 2 7 17 9 2 0 2 7 0 2 7 17 18 2 16 6 2 1 2 7 0 2 7 0 2 7 13 6 3 12 16 2 1 2 4 0 2 7 17 18 2 5 31 3 1 2 7 5 31 3 0 2 7 1 2 4 1 2 7 1 2 7 1 2 7 1 2 7 0 2 7 1 2 7 13 6 3 0 2 7 0 2 7 17 9 2 1 2 7 0 2 7 12 16 2 0 2 7 0 2 7 1 2 7 0 2 7 0 2 7 0 59.7211945056915283
0 2 7 1 2 7 13 6 3 0 2 4 0 2 7 0 2 7 0 2 7 12 16 2 1 2 7 1 2 7 1 2 7 0 2 7 0 2 7 1 2 7 0 2 7 5 31 3 12 16 2 0 2 7 17 18 2 0 2 7 17 9 2 1 2 7 1 2 7 0 2 7 17 9 2 0 2 7 0 2 7 17 18 2 16 6 2 1 2 7 0 2 7 0 2 7 13 6 3 12 16 2 1 2 7 0 2 7 17 18 2 5 31 3 1 2 7 5 31 3 0 2 7 1 2 7 1 2 7 1 2 7 1 2 7 1 2 7 0 2 7 1 2 7 13 6 3 0 2 4 0 2 7 17 9 2 0 2 7 0 2 4 0 2 7 12 16 2 0 2 7 6 2 7 5 30 3 1 2 4 0 59.938682496547699
0 2 7 1 2 7 13 6 3 0 2 4 0 2 7 0 2 7 0 2 7 12 16 2 1 2 7 1 2 7 1 2 7 0 2 7 0 2 7 1 2 7 0 2 7 5 31 3 12 16 2 0 2 7 17 18 2 0 2 7 17 9 2 1 2 7 1 2 7 0 2 7 17 9 2 0 2 7 0 2 7 17 18 2 16 6 2 1 2 7 0 2 7 0 2 7 13 6 3 12 16 2 1 2 7 0 2 7 17 18 2 5 31 3 1 2 7 5 31 3 0 2 7 1 2 7 1 2 7 1 2 7 1 2 7 1 2 7 0 2 7 1 2 7 13 6 3 0 2 4 0 2 7 17 9 2 0 2 7 0 2 4 0 2 7 12 16 2 0 2 7 1 2 7 1 2 7 1 2 7 0 59.7211945056915283
1 2 7 0 2 7 13 6 3 0 2 7 0 2 7 0 2 7 0 2 7 12 16 2 1 2 7 1 2 7 1 2 7 0 2 7 0 2 7 1 2 7 0 2 7 5 31 3 12 16 2 0 2 7 17 18 2 0 2 4 17 9 2 1 2 7 1 2 7 0 2 7 17 9 2 0 2 7 0 2 7 17 18 2 16 6 2 1 2 7 0 2 4 0 2 7 13 6 3 12 16 2 1 2 7 0 2 7 17 18 2 5 31 3 1 2 7 5 31 3 0 2 7 1 2 7 1 2 7 1 2 7 1 2 7 0 2 7 1 2 7 13 6 3 0 2 7 0 2 7 17 9 2 1 2 7 0 2 7 12 16 2 1 2 7 0 2 7 0 2 7 1 2 7 1 2 7 0 2 4 0 59.7211945056915283
1 2 7 0 2 7 13 6 3 0 2 7 0 2 7 0 2 7 0 2 7 12 16 2 1 2 7 1 2 7 1 2 7 0 2 7 0 2 7 1 2 7 0 2 7 5 31 3 12 16 2 0 2 7 17 18 2 0 2 4 17 9 2 1 2 7 1 2 7 0 2 7 17 9 2 0 2 7 0 2 7 17 18 2 16 6 2 1 2 7 0 2 4 0 2 7 13 6 3 12 16 2 1 2 7 0 2 7 17 18 2 5 31 3 1 2 7 5 31 3 0 2 7 1 2 7 1 2 7 1 2 7 1 2 7 0 2 7 1 2 7 13 6 3 0 2 7 0 2 7 17 9 2 1 2 7 0 2 7 12 16 2 1 2 7 0 2 7 0 2 7 1 2 7 1 2 4 0 2 7 0 59.7211945056915283
0 2 7 0 2 7 13 6 3 0 2 7 0 2 7 0 2 7 0 2 7 12 16 2 1 2 7 1 2 7 1 2 7 0 2 7 0 2 7 1 2 7 0 2 7 5 31 3 12 16 2 0 2 7 17 18 2 0 2 7 17 9 2 1 2 7 1 2 7 1 2 7 17 9 2 0 2 7 0 2 7 17 18 2 16 6 2 1 2 7 0 2 7 0 2 7 13 6 3 12 16 2 1 2 7 0 2 4 17 18 2 5 31 3 1 2 7 5 31 3 0 2 7 1 2 7 1 2 7 0 2 7 1 2 7 1 2 7 0 2 7 1 2 7 13 6 3 0 2 7 0 2 7 17 9 2 1 2 7 1 2 7 0 2 4 0 2 7 12 16 2 1 2 7 1 2 7 0 2 4 0 59.7211945056915283
0 2 7 0 2 7 13 6 3 0 2 7 0 2 7 0 2 7 0 2 7 12 16 2 1 2 7 1 2 7 1 2 7 0 2 7 0 2 7 1 2 7 0 2 7 5 31 3 12 16 2 0 2 7 17 18 2 0 2 7 17 9 2 1 2 7 1 2 7 1 2 7 17 9 2 0 2 7 0 2 7 17 18 2 16 6 2 1 2 7 0 2 7 0 2 7 13 6 3 12 16 2 1 2 7 0 2 4 17 18 2 5 31 3 1 2 7 5 31 3 0 2 7 1 2 7 1 2 7 0 2 7 1 2 7 1 2 7 0 2 7 1 2 7 13 6 3 0 2 7 0 2 7 17 9 2 1 2 7 1 2 4 0 2 4 0 2 7 12 16 2 6 2 7 5 30 3 0 2 7 8.86895284789806514e-09 59.9586824774742126
0 2 7 1 2 7 13 6 3 0 2 4 0 2 7 0 2 7 0 2 7 12 16 2 1 2 7 1 2 7 1 2 7 0 2 7 0 2 7 1 2 7 0 2 7 5 31 3 12 16 2 0 2 7 17 18 2 0 2 7 17 9 2 1 2 7 1 2 7 0 2 7 17 9 2 0 2 7 0 2 7 17 18 2 16 6 2 1 2 7 0 2 7 0 2 7 13 6 3 12 16 2 1 2 7 0 2 7 17 18 2 5 31 3 1 2 7 5 31 3 0 2 7 1 2 7 1 2 7 1 2 7 1 2 7 1 2 7 0 2 7 1 2 7 13 6 3 0 2 7 0 2 7 17 9 2 0 2 7 0 2 7 12 16 2 0 2 7 1 2 7 1 2 7 0 2 4 1 2 4 0 59.7211945056915283
0 2 7 1 2 7 13 6 3 0 2 4 0 2 7 0 2 7 0 2 7 12 16 2 1 2 7 1 2 7 1 2 7 0 2 7 0 2 7 1 2 7 0 2 7 5 31 3 12 16 2 0 2 7 17 18 2 0 2 7 17 9 2 1 2 7 1 2 7 0 2 7 17 9 2 0 2 7 0 2 7 17 18 2 16 6 2 1 2 7 0 2 7 0 2 7 13 6 3 12 16 2 1 2 7 0 2 7 17 18 2 5 31 3 1 2 7 5 31 3 0 2 7 1 2 7 1 2 7 1 2 7 1 2 7 1 2 7 0 2 7 1 2 7 13 6 3 0 2 7 0 2 7 17 9 2 0 2 7 0 2 7 12 16 2 0 2 7 1 2 7 1 2 7 0 2 4 1 2 4 0 59.7211945056915283
0 2 7 0 2 7 13 6 3 0 2 7 0 2 7 0 2 7 1 2 7 12 16 2 1 2 7 0 2 7 1 2 7 0 2 7 1 2 7 0 2 7 5 31 3 12 16 2 1 2 7 17 18 2 1 2 7 17 9 2 1 2 7 0 2 7 17 9 2 0 2 7 0 2 7 17 18 2 0 2 7 0 2 7 13 6 3 12 16 2 0 2 4 0 2 7 0 2 7 17 18 2 5 31 3 0 2 7 0 2 7 0 2 7 1 2 7 1 2 7 1 2 7 0 2 7 1 2 7 1 2 7 13 6 3 0 2 7 17 9 2 1 2 7 1 2 7 12 16 2 1 2 7 1 2 7 5 31 3 0 2 7 0 2 7 16 6 2 1 2 7 1 2 7 1 2 4 0 2 4 0 59.7211945056915283
0 2 7 0 2 7 13 6 3 0 2 7 0 2 7 0 2 7 1 2 7 12 16 2 1 2 7 0 2 7 1 2 7 0 2 7 1 2 7 0 2 7 5 31 3 12 16 2 1 2 7 17 18 2 1 2 7 17 9 2 1 2 7 0 2 7 17 9 2 0 2 7 0 2 7 17 18 2 0 2 7 0 2 7 13 6 3 12 16 2 0 2 4 0 2 7 0 2 7 17 18 2 5 31 3 0 2 7 0 2 7 0 2 7 1 2 7 1 2 7 1 2 7 0 2 7 1 2 7 1 2 7 13 6 3 0 2 7 17 9 2 1 2 7 1 2 7 12 16 2 1 2 7 1 2 7 5 31 3 0 2 7 0 2 7 16 6 2 1 2 7 1 2 7 1 2 4 0 2 4 0 59.7211945056915283
0 2 7 1 2 7 13 6 3 0 2 4 0 2 7 0 2 7 0 2 7 12 16 2 1 2 7 1 2 7 1 2 7 0 2 7 0 2 7 1 2 7 0 2 7 5 31 3 12 16 2 0 2 7 17 18 2 0 2 7 17 9 2 1 2 7 1 2 7 0 2 7 17 9 2 0 2 7 0 2 7 17 18 2 16 6 2 1 2 7 0 2 7 0 2 7 13 6 3 12 16 2 1 2 7 0 2 7 17 18 2 5 31 3 1 2 7 5 31 3 0 2 7 1 2 7 1 2 7 1 2 7 1 2 7 1 2 7 0 2 7 1 2 7 13 6 3 0 2 7 0 2 7 17 9 2 0 2 7 0 2 7 12 16 2 0 2 7 1 2 7 1 2 7 0 2 4 1 2 4 0 59.7211945056915283
0 2 7 1 2 7 13 6 3 0 2 4 0 2 7 0 2 7 0 2 7 12 16 2 1 2 7 1 2 7 1 2 7 0 2 7 0 2 7 1 2 7 0 2 7 5 31 3 12 16 2 0 2 7 17 18 2 0 2 7 17 9 2 1 2 7 1 2 7 0 2 7 17 9 2 0 2 7 0 2 7 17 18 2 16 6 2 1 2 7 0 2 7 0 2 7 13 6 3 12 16 2 1 2 7 0 2 7 17 18 2 5 31 3 1 2 7 5 31 3 0 2 7 1 2 7 1 2 7 1 2 7 1 2 7 1 2 7 0 2 7 1 2 7 13 6 3 0 2 7 0 2 7 17 9 2 0 2 7 0 2 7 12 16 2 0 2 7 1 2 7 1 2 7 0 2 4 1 2 4 0 59.7211945056915283
0 2 7 1 2 7 13 6 3 0 2 4 0 2 7 0 2 7 0 2 7 12 16 2 1 2 7 1 2 7 1 2 7 0 2 7 0 2 7 1 2 7 0 2 7 5 31 3 12 16 2 0 2 7 17 18 2 0 2 7 17 9 2 1 2 7 1 2 7 0 2 7 17 9 2 0 2 7 0 2 7 17 18 2 16 6 2 1 2 7 0 2 7 0 2 7 13 6 3 12 16 2 1 2 7 0 2 7 17 18 2 5 31 3 1 2 7 5 31 3 0 2 7 1 2 7 1 2 7 1 2 7 1 2 7 1 2 7 0 2 7 1 2 7 13 6 3 0 2 7 0 2 7 17 9 2 0 2 7 0 2 7 12 16 2 0 2 7 1 2 7 1 2 7 0 2 4 1 2 4 0 59.7211945056915283
0 2 7 1 2 7 13 6 3 0 2 4 0 2 7 0 2 7 0 2 7 12 16 2 1 2 7 1 2 7 1 2 7 0 2 7 0 2 7 1 2 7 0 2 7 5 31 3 12 16 2 0 2 7 17 18 2 0 2 7 17 9 2 1 2 7 1 2 7 0 2 7 17 9 2 0 2 7 0 2 7 17 18 2 16 6 2 1 2 7 0 2 7 0 2 7 13 6 3 12 16 2 1 2 7 0 2 7 17 18 2 5 31 3 1 2 7 5 31 3 0 2 7 1 2 7 1 2 7 1 2 7 1 2 7 1 2 7 0 2 7 1 2 7 13 6 3 0 2 7 0 2 7 17 9 2 0 2 7 0 2 7 12 16 2 0 2 7 1 2 7 1 2 7 0 2 4 1 2 4 0 59.7211945056915283
0 2 7 1 2 7 13 6 3 0 2 4 0 2 7 0 2 7 0 2 7 12 16 2 1 2 7 1 2 7 1 2 7 0 2 7 0 2 7 1 2 7 0 2 7 5 31 3 12 16 2 0 2 7 17 18 2 0 2 7 17 9 2 1 2 7 1 2 7 0 2 7 17 9 2 0 2 7 0 2 7 17 18 2 16 6 2 1 2 7 0 2 7 0 2 7 13 6 3 12 16 2 1 2 7 0 2 7 17 18 2 5 31 3 1 2 7 5 31 3 0 2 7 1 2 7 1 2 7 1 2 7 1 2 7 1 2 7 0 2 7 1 2 7 13 6 3 0 2 7 0 2 7 17 9 2 0 2 7 0 2 7 12 16 2 0 2 7 1 2 7 1 2 7 0 2 4 1 2 4 0 59.7211945056915283
0 2 7 1 2 7 13 6 3 0 2 4 0 2 7 0 2 7 0 2 7 12 16 2 1 2 7 1 2 7 1 2 7 0 2 7 0 2 7 1 2 7 0 2 7 5 31 3 12 16 2 0 2 7 17 18 2 0 2 7 17 9 2 1 2 7 1 2 7 0 2 7 17 9 2 0 2 7 0 2 7 17 18 2 16 6 2 1 2 7 0 2 7 0 2 7 13 6 3 12 16 2 1 2 7 0 2 7 17 18 2 5 31 3 1 2 7 5 31 3 0 2 7 1 2 7 1 2 7 1 2 7 1 2 7 1 2 7 0 2 7 1 2 7 13 6 3 0 2 7 0 2 7 17 9 2 0 2 7 0 2 7 12 16 2 0 2 7 1 2 7 1 2 7 0 2 4 1 2 4 0 59.7211945056915283
0 2 7 1 2 7 13 6 3 0 2 4 0 2 7 0 2 7 0 2 7 12 16 2 1 2 7 1 2 7 1 2 7 0 2 7 0 2 7 1 2 7 0 2 7 5 31 3 12 16 2 0 2 7 17 18 2 0 2 7 17 9 2 1 2 7 1 2 7 0 2 7 17 9 2 0 2 7 0 2 7 17 18 2 16 6 2 1 2 7 0 2 7 0 2 7 13 6 3 12 16 2 1 2 7 0 2 7 17 18 2 5 31 3 1 2 7 5 31 3 0 2 7 1 2 7 1 2 7 1 2 7 1 2 7 1 2 7 0 2 7 1 2 7 13 6 3 0 2 7 0 2 7 17 9 2 0 2 7 0 2 7 12 16 2 0 2 7 1 2 7 1 2 7 0 2 4 1 2 4 0 59.7211945056915283
0 2 7 1 2 7 13 6 3 0 2 4 0 2 7 0 2 7 0 2 7 12 16 2 1 2 7 1 2 7 1 2 7 0 2 7 0 2 7 1 2 7 0 2 7 5 31 3 12 16 2 0 2 7 17 18 2 0 2 7 17 9 2 1 2 7 1 2 7 0 2 7 17 9 2 0 2 7 0 2 7 17 18 2 16 6 2 1 2 7 0 2 7 0 2 7 13 6 3 12 16 2 1 2 7 0 2 7 17 18 2 5 31 3 1 2 7 5 31 3 0 2 7 1 2 7 1 2 7 1 2 7 1 2 7 1 2 7 0 2 7 1 2 7 13 6 3 0 2 7 0 2 7 17 9 2 0 2 7 0 2 7 12 16 2 0 2 7 1 2 7 1 2 7 0 2 4 1 2 4 0 59.7211945056915283
0 2 7 1 2 7 13 6 3 0 2 4 0 2 7 0 2 7 0 2 7 12 16 2 1 2 7 1 2 7 1 2 7 0 2 7 0 2 7 1 2 7 0 2 7 5 31 3 12 16 2 0 2 7 17 18 2 0 2 7 17 9 2 1 2 7 1 2 7 0 2 7 17 9 2 0 2 7 0 2 7 17 18 2 16 6 2 1 2 7 0 2 7 0 2 7 13 6 3 12 16 2 1 2 7 0 2 7 17 18 2 5 31 3 1 2 7 5 31 3 0 2 7 1 2 7 1 2 7 1 2 7 1 2 7 1 2 7 0 2 7 1 2 7 13 6 3 0 2 7 0 2 7 17 9 2 0 2 7 0 2 7 12 16 2 0 2 7 1 2 7 1 2 7 0 2 4 1 2 4 0 59.7211945056915283
0 2 7 1 2 7 13 6 3 0 2 4 0 2 7 0 2 7 0 2 7 12 16 2 1 2 7 1 2 7 1 2 7 0 2 7 0 2 7 1 2 7 0 2 7 5 31 3 12 16 2 0 2 7 17 18 2 0 2 7 17 9 2 1 2 7 1 2 7 0 2 7 17 9 2 0 2 7 0 2 7 17 18 2 16 6 2 1 2 7 0 2 7 0 2 7 13 6 3 12 16 2 1 2 7 0 2 7 17 18 2 5 31 3 1 2 7 5 31 3 0 2 7 1 2 7 1 2 7 1 2 7 1 2 7 1 2 7 0 2 7 1 2 7 13 6 3 0 2 7 0 2 7 17 9 2 0 2 7 0 2 7 12 16 2 0 2 7 1 2 7 1 2 7 0 2 4 1 2 4 0 59.7211945056915283
0 2 7 0 2 7 13 6 3 0 2 7 0 2 7 0 2 7 1 2 7 12 16 2 1 2 7 0 2 7 1 2 7 0 2 7 1 2 7 0 2 7 5 31 3 12 16 2 1 2 7 17 18 2 1 2 7 17 9 2 1 2 7 0 2 7 17 9 2 0 2 7 0 2 7 17 18 2 0 2 7 0 2 7 13 6 3 12 16 2 0 2 4 0 2 7 0 2 7 17 18 2 5 31 3 0 2 7 0 2 7 0 2 7 1 2 7 1 2 7 1 2 7 0 2 7 1 2 7 1 2 7 13 6 3 0 2 7 17 9 2 1 2 7 1 2 7 12 16 2 1 2 7 1 2 7 5 31 3 0 2 7 0 2 7 16 6 2 1 2 7 1 2 7 1 2 4 0 2 4 0 59.7211945056915283
0 2 7 0 2 7 13 6 3 0 2 7 0 2 7 0 2 7 1 2 7 12 16 2 1 2 7 0 2 7 1 2 7 0 2 7 1 2 7 0 2 7 5 31 3 12 16 2 1 2 7 17 18 2 1 2 7 17 9 2 1 2 7 0 2 7 17 9 2 0 2 7 0 2 7 17 18 2 0 2 7 0 2 7 13 6 3 12 16 2 0 2 4 0 2 7 0 2 7 17 18 2 5 31 3 0 2 7 0 2 7 0 2 7 1 2 7 1 2 7 1 2 7 0 2 7 1 2 7 1 2 7 13 6 3 0 2 7 17 9 2 1 2 7 1 2 7 12 16 2 1 2 7 1 2 7 5 31 3 0 2 7 0 2 7 16 6 2 1 2 7 1 2 7 1 2 4 0 2 4 0 59.7211945056915283
0 2 7 0 2 7 13 6 3 0 2 7 0 2 7 0 2 7 1 2 7 12 16 2 1 2 7 0 2 7 1 2 7 0 2 7 1 2 7 0 2 7 5 31 3 12 16 2 1 2 7 17 18 2 1 2 7 17 9 2 1 2 7 0 2 7 17 9 2 0 2 7 0 2 7 17 18 2 0 2 7 0 2 7 13 6 3 12 16 2 0 2 4 0 2 7 0 2 7 17 18 2 5 31 3 0 2 7 0 2 7 0 2 7 1 2 7 1 2 7 1 2 7 0 2 7 1 2 7 1 2 7 13 6 3 0 2 7 17 9 2 1 2 7 1 2 7 12 16 2 1 2 7 1 2 7 5 31 3 0 2 7 0 2 7 16 6 2 1 2 7 1 2 7 1 2 4 0 2 4 0 59.7211945056915283
0 2 7 0 2 7 13 6 3 0 2 7 0 2 7 0 2 7 1 2 7 12 16 2 1 2 7 0 2 7 1 2 7 0 2 7 1 2 7 0 2 7 5 31 3 12 16 2 1 2 7 17 18 2 1 2 7 17 9 2 1 2 7 0 2 7 17 9 2 0 2 7 0 2 7 17 18 2 0 2 7 0 2 7 13 6 3 12 16 2 0 2 4 0 2 7 0 2 7 17 18 2 5 31 3 0 2 7 0 2 7 0 2 7 1 2 7 1 2 7 1 2 7 0 2 7 1 2 7 1 2 7 13 6 3 0 2 7 17 9 2 1 2 7 1 2 7 12 16 2 1 2 7 1 2 7 5 31 3 0 2 7 0 2 7 16 6 2 1 2 7 1 2 7 1 2 4 0 2 4 0 59.7211945056915283
0 2 7 0 2 7 13 6 3 0 2 7 0 2 7 0 2 7 1 2 7 12 16 2 1 2 7 0 2 7 1 2 7 0 2 7 1 2 7 0 2 7 5 31 3 12 16 2 1 2 7 17 18 2 1 2 7 17 9 2 1 2 7 0 2 7 17 9 2 0 2 7 0 2 7 17 18 2 0 2 7 0 2 7 13 6 3 12 16 2 0 2 4 0 2 7 0 2 7 17 18 2 5 31 3 0 2 7 0 2 7 0 2 7 1 2 7 1 2 7 1 2 7 0 2 7 1 2 7 1 2 7 13 6 3 0 2 7 17 9 2 1 2 7 1 2 7 12 16 2 1 2 7 1 2 7 5 31 3 0 2 7 0 2 7 16 6 2 1 2 7 1 2 7 1 2 4 0 2 4 0 59.7211945056915283
0 2 7 0 2 7 13 6 3 0 2 7 0 2 7 0 2 7 1 2 7 12 16 2 1 2 7 0 2 7 1 2 7 0 2 7 1 2 7 0 2 7 5 31 3 12 16 2 1 2 7 17 18 2 1 2 7 17 9 2 1 2 7 0 2 7 17 9 2 0 2 7 0 2 7 17 18 2 0 2 7 0 2 7 13 6 3 12 16 2 0 2 4 0 2 7 0 2 7 17 18 2 5 31 3 0 2 7 0 2 7 0 2 7 1 2 7 1 2 7 1 2 7 0 2 7 1 2 7 1 2 7 13 6 3 0 2 7 17 9 2 1 2 7 1 2 7 12 16 2 1 2 7 1 2 7 5 31 3 0 2 7 0 2 7 16 6 2 1 2 7 1 2 7 1 2 4 0 2 4 0 59.7211945056915283
0 2 7 1 2 7 13 6 3 0 2 4 0 2 7 0 2 7 0 2 7 12 16 2 1 2 7 1 2 7 1 2 7 0 2 7 0 2 7 1 2 7 0 2 7 5 31 3 12 16 2 0 2 7 17 18 2 0 2 7 17 9 2 1 2 7 1 2 7 0 2 7 17 9 2 0 2 7 0 2 7 17 18 2 16 6 2 1 2 7 0 2 7 0 2 7 13 6 3 12 16 2 1 2 7 0 2 7 17 18 2 5 31 3 1 2 7 5 31 3 0 2 7 1 2 7 1 2 7 1 2 7 1 2 7 1 2 7 0 2 7 1 2 7 13 6 3 0 2 7 0 2 7 17 9 2 0 2 7 0 2 7 12 16 2 0 2 7 1 2 7 1 2 7 0 2 4 1 2 4 0 59.7211945056915283
0 2 7 1 2 7 13 6 3 0 2 4 0 2 7 0 2 7 0 2 7 12 16 2 1 2 7 1 2 7 1 2 7 0 2 7 0 2 7 1 2 7 0 2 7 5 31 3 12 16 2 0 2 7 17 18 2 0 2 7 17 9 2 1 2 7 1 2 7 0 2 7 17 9 2 0 2 7 0 2 7 17 18 2 16 6 2 1 2 7 0 2 7 0 2 7 13 6 3 12 16 2 1 2 7 0 2 7 17 18 2 5 31 3 1 2 7 5 31 3 0 2 7 1 2 7 1 2 7 1 2 7 1 2 7 1 2 7 0 2 7 1 2 7 13 6 3 0 2 7 0 2 7 17 9 2 0 2 7 0 2 7 12 16 2 0 2 7 1 2 7 1 2 7 0 2 4 1 2 4 0 59.7211945056915283
0 2 7 1 2 7 13 6 3 0 2 4 0 2 7 0 2 7 0 2 7 12 16 2 1 2 7 1 2 7 1 2 7 0 2 7 0 2 7 1 2 7 0 2 7 5 31 3 12 16 2 0 2 7 17 18 2 0 2 7 17 9 2 1 2 7 1 2 7 0 2 7 17 9 2 0 2 7 0 2 7 17 18 2 16 6 2 1 2 7 0 2 7 0 2 7 13 6 3 12 16 2 1 2 7 0 2 7 17 18 2 5 31 3 1 2 7 5 31 3 0 2 7 1 2 7 1 2 7 1 2 7 1 2 7 1 2 7 0 2 7 1 2 7 13 6 3 0 2 7 0 2 7 17 9 2 0 2 7 0 2 7 12 16 2 0 2 7 1 2 7 1 2 7 0 2 4 1 2 4 0 59.7211945056915283
0 2 7 1 2 7 13 6 3 0 2 4 0 2 7 0 2 7 0 2 7 12 16 2 1 2 7 1 2 7 1 2 7 0 2 7 0 2 7 1 2 7 0 2 7 5 31 3 12 16 2 0 2 7 17 18 2 0 2 7 17 9 2 1 2 7 1 2 7 0 2 7 17 9 2 0 2 7 0 2 7 17 18 2 16 6 2 1 2 7 0 2 7 0 2 7 13 6 3 12 16 2 1 2 7 0 2 7 17 18 2 5 31 3 1 2 7 5 31 3 0 2 7 1 2 7 1 2 7 1 2 7 1 2 7 1 2 7 0 2 7 1 2 7 13 6 3 0 2 7 0 2 7 17 9 2 0 2 7 0 2 7 12 16 2 0 2 7 1 2 7 1 2 7 0 2 4 1 2 4 0 59.7211945056915283
0 2 7 1 2 7 13 6 3 0 2 4 0 2 7 0 2 7 0 2 7 12 16 2 1 2 7 1 2 7 1 2 7 0 2 7 0 2 7 1 2 7 0 2 7 5 31 3 12 16 2 0 2 7 17 18 2 0 2 7 17 9 2 1 2 7 1 2 7 0 2 7 17 9 2 0 2 7 0 2 7 17 18 2 16 6 2 1 2 7 0 2 7 0 2 7 13 6 3 12 16 2 1 2 7 0 2 7 17 18 2 5 31 3 1 2 7 5 31 3 0 2 7 1 2 7 1 2 7 1 2 7 1 2 7 1 2 7 0 2 7 1 2 7 13 6 3 0 2 7 0 2 7 17 9 2 0 2 7 0 2 7 12 16 2 0 2 7 1 2 7 1 2 7 0 2 4 1 2 4 0 59.7211945056915283
0 2 7 1 2 7 13 6 3 0 2 4 0 2 7 0 2 7 0 2 7 12 16 2 1 2 7 1 2 7 1 2 7 0 2 7 0 2 7 1 2 7 0 2 7 5 31 3 12 16 2 0 2 7 17 18 2 0 2 7 17 9 2 1 2 7 1 2 7 0 2 7 17 9 2 0 2 7 0 2 7 17 18 2 16 6 2 1 2 7 0 2 7 0 2 7 13 6 3 12 16 2 1 2 7 0 2 7 17 18 2 5 31 3 1 2 7 5 31 3 0 2 7 1 2 7 1 2 7 1 2 7 1 2 7 1 2 7 0 2 7 1 2 7 13 6 3 0 2 7 0 2 7 17 9 2 0 2 7 0 2 7 12 16 2 0 2 7 1 2 7 1 2 7 0 2 4 1 2 4 0 59.7211945056915283
0 2 7 1 2 7 13 6 3 0 2 4 0 2 7 0 2 7 0 2 7 12 16 2 1 2 7 1 2 7 1 2 7 0 2 7 0 2 7 1 2 7 0 2 7 5 31 3 12 16 2 0 2 7 17 18 2 0 2 7 17 9 2 1 2 7 1 2 7 0 2 7 17 9 2 0 2 7 0 2 7 17 18 2 16 6 2 1 2 7 0 2 7 0 2 7 13 6 3 12 16 2 1 2 7 0 2 7 17 18 2 5 31 3 1 2 7 5 31 3 0 2 7 1 2 7 1 2 7 1 2 7 1 2 7 1 2 7 0 2 7 1 2 7 13 6 3 0 2 7 0 2 7 17 9 2 0 2 7 0 2 7 12 16 2 0 2 7 1 2 7 1 2 7 0 2 4 1 2 4 0 59.7211945056915283
0 2 7 1 2 7 13 6 3 0 2 4 0 2 7 0 2 7 0 2 7 12 16 2 1 2 7 1 2 7 1 2 7 0 2 7 0 2 7 1 2 7 0 2 7 5 31 3 12 16 2 0 2 7 17 18 2 0 2 7 17 9 2 1 2 7 1 2 7 0 2 7 17 9 2 0 2 7 0 2 7 17 18 2 16 6 2 1 2 7 0 2 7 0 2 7 13 6 3 12 16 2 1 2 7 0 2 7 17 18 2 5 31 3 1 2 7 5 31 3 0 2 7 1 2 7 1 2 7 1 2 7 1 2 7 1 2 7 0 2 7 1 2 7 13 6 3 0 2 7 0 2 7 17 9 2 0 2 7 0 2 7 12 16 2 0 2 7 1 2 7 1 2 7 0 2 4 1 2 4 0 59.7211945056915283
0 2 7 1 2 7 13 6 3 0 2 4 0 2 7 0 2 7 0 2 7 12 16 2 1 2 7 1 2 7 1 2 7 0 2 7 0 2 7 1 2 7 0 2 7 5 31 3 12 16 2 0 2 7 17 18 2 0 2 7 17 9 2 1 2 7 1 2 7 0 2 7 17 9 2 0 2 7 0 2 7 17 18 2 16 6 2 1 2 7 0 2 7 0 2 7 13 6 3 12 16 2 1 2 7 0 2 7 17 18 2 5 31 3 1 2 7 5 31 3 0 2 7 1 2 7 1 2 7 1 2 7 1 2 7 1 2 7 0 2 7 1 2 7 13 6 3 0 2 7 0 2 7 17 9 2 0 2 7 0 2 7 12 16 2 0 2 7 1 2 7 1 2 7 0 2 4 1 2 4 0 59.7211945056915283
0 2 7 1 2 7 13 6 3 0 2 4 0 2 7 0 2 7 0 2 7 12 16 2 1 2 7 1 2 7 1 2 7 0 2 7 0 2 7 1 2 7 0 2 7 5 31 3 12 16 2 0 2 7 17 18 2 0 2 7 17 9 2 1 2 7 1 2 7 0 2 7 17 9 2 0 2 7 0 2 7 17 18 2 16 6 2 1 2 7 0 2 7 0 2 7 13 6 3 12 16 2 1 2 7 0 2 7 17 18 2 5 31 3 1 2 7 5 31 3 0 2 7 1 2 7 1 2 7 1 2 7 1 2 7 1 2 7 0 2 7 1 2 7 13 6 3 0 2 7 0 2 7 17 9 2 0 2 7 0 2 7 12 16 2 0 2 7 1 2 7 1 2 7 0 2 4 1 2 4 0 59.7211945056915283
0 2 7 1 2 7 13 6 3 0 2 4 0 2 7 0 2 7 0 2 7 12 16 2 1 2 7 1 2 7 1 2 7 0 2 7 0 2 7 1 2 7 0 2 7 5 31 3 12 16 2 0 2 7 17 18 2 0 2 7 17 9 2 1 2 7 1 2 7 0 2 7 17 9 2 0 2 7 0 2 7 17 18 2 16 6 2 1 2 7 0 2 7 0 2 7 13 6 3 12 16 2 1 2 7 0 2 7 17 18 2 5 31 3 1 2 7 5 31 3 0 2 7 1 2 7 1 2 7 1 2 7 1 2 7 1 2 7 0 2 7 1 2 7 13 6 3 0 2 7 0 2 7 17 9 2 0 2 7 0 2 7 12 16 2 0 2 7 1 2 7 1 2 7 0 2 4 1 2 4 0 59.7211945056915283
0 2 7 1 2 7 13 6 3 0 2 4 0 2 7 0 2 7 0 2 7 12 16 2 1 2 7 1 2 7 1 2 7 0 2 7 0 2 7 1 2 7 0 2 7 5 31 3 12 16 2 0 2 7 17 18 2 0 2 7 17 9 2 1 2 7 1 2 7 0 2 7 17 9 2 0 2 7 0 2 7 17 18 2 16 6 2 1 2 7 0 2 7 0 2 7 13 6 3 12 16 2 1 2 7 0 2 7 17 18 2 5 31 3 1 2 7 5 31 3 0 2 7 1 2 7 1 2 7 1 2 7 1 2 7 1 2 7 0 2 7 1 2 7 13 6 3 0 2 7 0 2 7 17 9 2 0 2 7 0 2 7 12 16 2 0 2 7 1 2 7 1 2 7 0 2 4 1 2 4 0 59.7211945056915283
0 2 7 1 2 7 13 6 3 0 2 4 0 2 7 0 2 7 0 2 7 12 16 2 1 2 7 1 2 7 1 2 7 0 2 7 0 2 7 1 2 7 0 2 7 5 31 3 12 16 2 0 2 7 17 18 2 0 2 7 17 9 2 1 2 7 1 2 7 0 2 7 17 9 2 0 2 7 0 2 7 17 18 2 16 6 2 1 2 7 0 2 7 0 2 7 13 6 3 12 16 2 1 2 7 0 2 7 17 18 2 5 31 3 1 2 7 5 31 3 0 2 7 1 2 7 1 2 7 1 2 7 1 2 7 1 2 7 0 2 7 1 2 7 13 6 3 0 2 7 0 2 7 17 9 2 0 2 7 0 2 7 12 16 2 0 2 7 1 2 7 1 2 7 0 2 4 1 2 4 0 59.7211945056915283
0 2 7 1 2 7 13 6 3 0 2 4 0 2 7 0 2 7 0 2 7 12 16 2 1 2 7 1 2 7 1 2 7 0 2 7 0 2 7 1 2 7 0 2 7 5 31 3 12 16 2 0 2 7 17 18 2 0 2 7 17 9 2 1 2 7 1 2 7 0 2 7 17 9 2 0 2 7 0 2 7 17 18 2 16 6 2 1 2 7 0 2 7 0 2 7 13 6 3 12 16 2 1 2 7 0 2 7 17 18 2 5 31 3 1 2 7 5 31 3 0 2 7 1 2 7 1 2 7 1 2 7 1 2 7 1 2 7 0 2 7 1 2 7 13 6 3 0 2 7 0 2 7 17 9 2 0 2 7 0 2 7 12 16 2 0 2 7 1 2 7 1 2 7 0 2 4 1 2 4 0 59.7211945056915283
0 2 7 1 2 7 13 6 3 0 2 4 0 2 7 0 2 7 0 2 7 12 16 2 1 2 7 1 2 7 1 2 7 0 2 7 0 2 7 1 2 7 0 2 7 5 31 3 12 16 2 0 2 7 17 18 2 0 2 7 17 9 2 1 2 7 1 2 7 0 2 7 17 9 2 0 2 7 0 2 7 17 18 2 16 6 2 1 2 7 0 2 7 0 2 7 13 6 3 12 16 2 1 2 7 0 2 7 17 18 2 5 31 3 1 2 7 5 31 3 0 2 7 1 2 7 1 2 7 1 2 7 1 2 7 1 2 7 0 2 7 1 2 7 13 6 3 0 2 7 0 2 7 17 9 2 0 2 7 0 2 7 12 16 2 0 2 7 1 2 7 1 2 7 0 2 4 1 2 4 0 59.7211945056915283
0 2 7 1 2 7 13 6 3 0 2 4 0 2 7 0 2 7 0 2 7 12 16 2 1 2 7 1 2 7 1 2 7 0 2 7 0 2 7 1 2 7 0 2 7 5 31 3 12 16 2 0 2 7 17 18 2 0 2 7 17 9 2 1 2 7 1 2 7 0 2 7 17 9 2 0 2 7 0 2 7 17 18 2 16 6 2 1 2 7 0 2 7 0 2 7 13 6 3 12 16 2 1 2 7 0 2 7 17 18 2 5 31 3 1 2 7 5 31 3 0 2 7 1 2 7 1 2 7 1 2 7 1 2 7 1 2 7 0 2 7 1 2 7 13 6 3 0 2 7 0 2 7 17 9 2 0 2 7 0 2 7 12 16 2 0 2 7 1 2 7 1 2 7 0 2 4 1 2 4 0 59.7211945056915283
0 2 7 1 2 7 13 6 3 0 2 4 0 2 7 0 2 7 0 2 7 12 16 2 1 2 7 1 2 7 1 2 7 0 2 7 0 2 7 1 2 7 0 2 7 5 31 3 12 16 2 0 2 7 17 18 2 0 2 7 17 9 2 1 2 7 1 2 7 0 2 7 17 9 2 0 2 7 0 2 7 17 18 2 16 6 2 1 2 7 0 2 7 0 2 7 13 6 3 12 16 2 1 2 7 0 2 7 17 18 2 5 31 3 1 2 7 5 31 3 0 2 7 1 2 7 1 2 7 1 2 7 1 2 7 1 2 7 0 2 7 1 2 7 13 6 3 0 2 7 0 2 7 17 9 2 0 2 7 0 2 7 12 16 2 0 2 7 1 2 7 1 2 7 0 2 4 1 2 4 0 59.7211945056915283
0 2 7 1 2 7 13 6 3 0 2 4 0 2 7 0 2 7 0 2 7 12 16 2 1 2 7 1 2 7 1 2 7 0 2 7 0 2 7 1 2 7 0 2 7 5 31 3 12 16 2 0 2 7 17 18 2 0 2 7 17 9 2 1 2 7 1 2 7 0 2 7 17 9 2 0 2 7 0 2 7 17 18 2 16 6 2 1 2 7 0 2 7 0 2 7 13 6 3 12 16 2 1 2 7 0 2 7 17 18 2 5 31 3 1 2 7 5 31 3 0 2 7 1 2 7 1 2 7 1 2 7 1 2 7 1 2 7 0 2 7 1 2 7 13 6 3 0 2 7 0 2 7 17 9 2 0 2 7 0 2 7 12 16 2 0 2 7 1 2 7 1 2 7 0 2 4 1 2 4 0 59.7211945056915283
0 2 7 1 2 7 13 6 3 0 2 4 0 2 7 0 2 7 0 2 7 12 16 2 1 2 7 1 2 7 1 2 7 0 2 7 0 2 7 1 2 7 0 2 7 5 31 3 12 16 2 0 2 7 17 18 2 0 2 7 17 9 2 1 2 7 1 2 7 0 2 7 17 9 2 0 2 7 0 2 7 17 18 2 16 6 2 1 2 7 0 2 7 0 2 7 13 6 3 12 16 2 1 2 7 0 2 7 17 18 2 5 31 3 1 2 7 5 31 3 0 2 7 1 2 7 1 2 7 1 2 7 1 2 7 1 2 7 0 2 7 1 2 7 13 6 3 0 2 7 0 2 7 17 9 2 0 2 7 0 2 7 12 16 2 0 2 7 1 2 7 1 2 7 0 2 4 1 2 4 0 59.7211945056915283
0 2 7 1 2 7 13 6 3 0 2 4 0 2 7 0 2 7 0 2 7 12 16 2 1 2 7 1 2 7 1 2 7 0 2 7 0 2 7 1 2 7 0 2 7 5 31 3 12 16 2 0 2 7 17 18 2 0 2 7 17 9 2 1 2 7 1 2 7 0 2 7 17 9 2 0 2 7 0 2 7 17 18 2 16 6 2 1 2 7 0 2 7 0 2 7 13 6 3 12 16 2 1 2 7 0 2 7 17 18 2 5 31 3 1 2 7 5 31 3 0 2 7 1 2 7 1 2 7 1 2 7 1 2 7 1 2 7 0 2 7 1 2 7 13 6 3 0 2 7 0 2 7 17 9 2 0 2 7 0 2 7 12 16 2 0 2 7 1 2 7 1 2 7 0 2 4 1 2 4 0 59.7211945056915283
0 2 7 1 2 7 13 6 3 0 2 4 0 2 7 0 2 7 0 2 7 12 16 2 1 2 7 1 2 7 1 2 7 0 2 7 0 2 7 1 2 7 0 2 7 5 31 3 12 16 2 0 2 7 17 18 2 0 2 7 17 9 2 1 2 7 1 2 7 0 2 7 17 9 2 0 2 7 0 2 7 17 18 2 16 6 2 1 2 7 0 2 7 0 2 7 13 6 3 12 16 2 1 2 7 0 2 7 17 18 2 5 31 3 1 2 7 5 31 3 0 2 7 1 2 7 1 2 7 1 2 7 1 2 7 1 2 7 0 2 7 1 2 7 13 6 3 0 2 7 0 2 7 17 9 2 0 2 7 0 2 7 12 16 2 0 2 7 1 2 7 1 2 7 0 2 4 1 2 4 0 59.7211945056915283
0 2 7 1 2 7 13 6 3 0 2 4 0 2 7 0 2 7 0 2 7 12 16 2 1 2 7 1 2 7 1 2 7 0 2 7 0 2 7 1 2 7 0 2 7 5 31 3 12 16 2 0 2 7 17 18 2 0 2 7 17 9 2 1 2 7 1 2 7 0 2 7 17 9 2 0 2 7 0 2 7 17 18 2 16 6 2 1 2 7 0 2 7 0 2 7 13 6 3 12 16 2 1 2 7 0 2 7 17 18 2 5 31 3 1 2 7 5 31 3 0 2 7 1 2 7 1 2 7 1 2 7 1 2 7 1 2 7 0 2 7 1 2 7 13 6 3 0 2 7 0 2 7 17 9 2 0 2 7 0 2 7 12 16 2 0 2 7 1 2 7 1 2 7 0 2 4 1 2 4 0 59.7211945056915283
0 2 7 1 2 7 13 6 3 0 2 4 0 2 7 0 2 7 0 2 7 12 16 2 1 2 7 1 2 7 1 2 7 0 2 7 0 2 7 1 2 7 0 2 7 5 31 3 12 16 2 0 2 7 17 18 2 0 2 7 17 9 2 1 2 7 1 2 7 0 2 7 17 9 2 0 2 7 0 2 7 17 18 2 16 6 2 1 2 7 0 2 7 0 2 7 13 6 3 12 16 2 1 2 7 0 2 7 17 18 2 5 31 3 1 2 7 5 31 3 0 2 7 1 2 7 1 2 7 1 2 7 1 2 7 1 2 7 0 2 7 1 2 7 13 6 3 0 2 7 0 2 7 17 9 2 0 2 7 0 2 7 12 16 2 0 2 7 1 2 7 1 2 7 0 2 4 1 2 4 0 59.7211945056915283
0 2 7 1 2 7 13 6 3 0 2 4 0 2 7 0 2 7 0 2 7 12 16 2 1 2 7 1 2 7 1 2 7 0 2 7 0 2 7 1 2 7 0 2 7 5 31 3 12 16 2 0 2 7 17 18 2 0 2 7 17 9 2 1 2 7 1 2 7 0 2 7 17 9 2 0 2 7 0 2 7 17 18 2 16 6 2 1 2 7 0 2 7 0 2 7 13 6 3 12 16 2 1 2 7 0 2 7 17 18 2 5 31 3 1 2 7 5 31 3 0 2 7 1 2 7 1 2 7 1 2 7 1 2 7 1 2 7 0 2 7 1 2 7 13 6 3 0 2 7 0 2 7 17 9 2 0 2 7 0 2 7 12 16 2 0 2 7 1 2 7 1 2 7 0 2 4 1 2 4 0 59.7211945056915283
0 2 7 1 2 7 13 6 3 0 2 4 0 2 7 0 2 7 0 2 7 12 16 2 1 2 7 1 2 7 1 2 7 0 2 7 0 2 7 1 2 7 0 2 7 5 31 3 12 16 2 0 2 7 17 18 2 0 2 7 17 9 2 1 2 7 1 2 7 0 2 7 17 9 2 0 2 7 0 2 7 17 18 2 16 6 2 1 2 7 0 2 7 0 2 7 13 6 3 12 16 2 1 2 7 0 2 7 17 18 2 5 31 3 1 2 7 5 31 3 0 2 7 1 2 7 1 2 7 1 2 7 1 2 7 1 2 7 0 2 7 1 2 7 13 6 3 0 2 7 0 2 7 17 9 2 0 2 7 0 2 7 12 16 2 0 2 7 1 2 7 1 2 7 0 2 4 1 2 4 0 59.7211945056915283
0 2 7 1 2 7 13 6 3 0 2 4 0 2 7 0 2 7 0 2 7 12 16 2 1 2 7 1 2 7 1 2 7 0 2 7 0 2 7 1 2 7 0 2 7 5 31 3 12 16 2 0 2 7 17 18 2 0 2 7 17 9 2 1 2 7 1 2 7 0 2 7 17 9 2 0 2 7 0 2 7 17 18 2 16 6 2 1 2 7 0 2 7 0 2 7 13 6 3 12 16 2 1 2 7 0 2 7 17 18 2 5 31 3 1 2 7 5 31 3 0 2 7 1 2 7 1 2 7 1 2 7 1 2 7 1 2 7 0 2 7 1 2 7 13 6 3 0 2 7 0 2 7 17 9 2 0 2 7 0 2 7 12 16 2 0 2 7 1 2 7 1 2 7 0 2 4 1 2 4 0 59.7211945056915283
0 2 7 1 2 7 13 6 3 0 2 4 0 2 7 0 2 7 0 2 7 12 16 2 1 2 7 1 2 7 1 2 7 0 2 7 0 2 7 1 2 7 0 2 7 5 31 3 12 16 2 0 2 7 17 18 2 0 2 7 17 9 2 1 2 7 1 2 7 0 2 7 17 9 2 0 2 7 0 2 7 17 18 2 16 6 2 1 2 7 0 2 7 0 2 7 13 6 3 12 16 2 1 2 7 0 2 7 17 18 2 5 31 3 1 2 7 5 31 3 0 2 7 1 2 7 1 2 7 1 2 7 1 2 7 1 2 7 0 2 7 1 2 7 13 6 3 0 2 7 0 2 7 17 9 2 0 2 7 0 2 7 12 16 2 0 2 7 1 2 7 1 2 7 0 2 4 1 2 4 0 59.7211945056915283
0 2 7 1 2 7 13 6 3 0 2 4 0 2 7 0 2 7 0 2 7 12 16 2 1 2 7 1 2 7 1 2 7 0 2 7 0 2 7 1 2 7 0 2 7 5 31 3 12 16 2 0 2 7 17 18 2 0 2 7 17 9 2 1 2 7 1 2 7 0 2 7 17 9 2 0 2 7 0 2 7 17 18 2 16 6 2 1 2 7 0 2 7 0 2 7 13 6 3 12 16 2 1 2 7 0 2 7 17 18 2 5 31 3 1 2 7 5 31 3 0 2 7 1 2 7 1 2 7 1 2 7 1 2 7 1 2 7 0 2 7 1 2 7 13 6 3 0 2 7 0 2 7 17 9 2 0 2 7 0 2 7 12 16 2 0 2 7 1 2 7 1 2 7 0 2 4 1 2 4 0 59.7211945056915283
0 2 7 1 2 7 13 6 3 0 2 4 0 2 7 0 2 7 0 2 7 12 16 2 1 2 7 1 2 7 1 2 7 0 2 7 0 2 7 1 2 7 0 2 7 5 31 3 12 16 2 0 2 7 17 18 2 0 2 7 17 9 2 1 2 7 1 2 7 0 2 7 17 9 2 0 2 7 0 2 7 17 18 2 16 6 2 1 2 7 0 2 7 0 2 7 13 6 3 12 16 2 1 2 7 0 2 7 17 18 2 5 31 3 1 2 7 5 31 3 0 2 7 1 2 7 1 2 7 1 2 7 1 2 7 1 2 7 0 2 7 1 2 7 13 6 3 0 2 7 0 2 7 17 9 2 0 2 7 0 2 7 12 16 2 0 2 7 1 2 7 1 2 7 0 2 4 1 2 4 0 59.7211945056915283
0 2 7 1 2 7 13 6 3 0 2 4 0 2 7 0 2 7 0 2 7 12 16 2 1 2 7 1 2 7 1 2 7 0 2 7 0 2 7 1 2 7 0 2 7 5 31 3 12 16 2 0 2 7 17 18 2 0 2 7 17 9 2 1 2 7 1 2 7 0 2 7 17 9 2 0 2 7 0 2 7 17 18 2 16 6 2 1 2 7 0 2 7 0 2 7 13 6 3 12 16 2 1 2 7 0 2 7 17 18 2 5 31 3 1 2 7 5 31 3 0 2 7 1 2 7 1 2 7 1 2 7 1 2 7 1 2 7 0 2 7 1 2 7 13 6 3 0 2 7 0 2 7 17 9 2 0 2 7 0 2 7 12 16 2 0 2 7 1 2 7 1 2 7 0 2 4 1 2 4 0 59.7211945056915283
0 2 7 1 2 7 13 6 3 0 2 4 0 2 7 0 2 7 0 2 7 12 16 2 1 2 7 1 2 7 1 2 7 0 2 7 0 2 7 1 2 7 0 2 7 5 31 3 12 16 2 0 2 7 17 18 2 0 2 7 17 9 2 1 2 7 1 2 7 0 2 7 17 9 2 0 2 7 0 2 7 17 18 2 16 6 2 1 2 7 0 2 7 0 2 7 13 6 3 12 16 2 1 2 7 0 2 7 17 18 2 5 31 3 1 2 7 5 31 3 0 2 7 1 2 7 1 2 7 1 2 7 1 2 7 1 2 7 0 2 7 1 2 7 13 6 3 0 2 7 0 2 7 17 9 2 0 2 7 0 2 7 12 16 2 0 2 7 1 2 7 1 2 7 0 2 4 1 2 4 0 59.7211945056915283
0 2 7 1 2 7 13 6 3 0 2 4 0 2 7 0 2 7 0 2 7 12 16 2 1 2 7 1 2 7 1 2 7 0 2 7 0 2 7 1 2 7 0 2 7 5 31 3 12 16 2 0 2 7 17 18 2 0 2 7 17 9 2 1 2 7 1 2 7 0 2 7 17 9 2 0 2 7 0 2 7 17 18 2 16 6 2 1 2 7 0 2 7 0 2 7 13 6 3 12 16 2 1 2 7 0 2 7 17 18 2 5 31 3 1 2 7 5 31 3 0 2 7 1 2 7 1 2 7 1 2 7 1 2 7 1 2 7 0 2 7 1 2 7 13 6 3 0 2 7 0 2 7 17 9 2 0 2 7 0 2 7 12 16 2 0 2 7 1 2 7 1 2 7 0 2 4 1 2 4 0 59.7211945056915283
0 2 7 1 2 7 13 6 3 0 2 4 0 2 7 0 2 7 0 2 7 12 16 2 1 2 7 1 2 7 1 2 7 0 2 7 0 2 7 1 2 7 0 2 7 5 31 3 12 16 2 0 2 7 17 18 2 0 2 7 17 9 2 1 2 7 1 2 7 0 2 7 17 9 2 0 2 7 0 2 7 17 18 2 16 6 2 1 2 7 0 2 7 0 2 7 13 6 3 12 16 2 1 2 7 0 2 7 17 18 2 5 31 3 1 2 7 5 31 3 0 2 7 1 2 7 1 2 7 1 2 7 1 2 7 1 2 7 0 2 7 1 2 7 13 6 3 0 2 7 0 2 7 17 9 2 0 2 7 0 2 7 12 16 2 0 2 7 1 2 7 1 2 7 0 2 4 1 2 4 0 59.7211945056915283
0 2 7 1 2 7 13 6 3 0 2 4 0 2 7 0 2 7 0 2 7 12 16 2 1 2 7 1 2 7 1 2 7 0 2 7 0 2 7 1 2 7 0 2 7 5 31 3 12 16 2 0 2 7 17 18 2 0 2 7 17 9 2 1 2 7 1 2 7 0 2 7 17 9 2 0 2 7 0 2 7 17 18 2 16 6 2 1 2 7 0 2 7 0 2 7 13 6 3 12 16 2 1 2 7 0 2 7 17 18 2 5 31 3 1 2 7 5 31 3 0 2 7 1 2 7 1 2 7 1 2 7 1 2 7 1 2 7 0 2 7 1 2 7 13 6 3 0 2 7 0 2 7 17 9 2 0 2 7 0 2 7 12 16 2 0 2 7 1 2 7 1 2 7 0 2 4 1 2 4 0 59.7211945056915283
0 2 7 1 2 7 13 6 3 0 2 4 0 2 7 0 2 7 0 2 7 12 16 2 1 2 7 1 2 7 1 2 7 0 2 7 0 2 7 1 2 7 0 2 7 5 31 3 12 16 2 0 2 7 17 18 2 0 2 7 17 9 2 1 2 7 1 2 7 0 2 7 17 9 2 0 2 7 0 2 7 17 18 2 16 6 2 1 2 7 0 2 7 0 2 7 13 6 3 12 16 2 1 2 7 0 2 7 17 18 2 5 31 3 1 2 7 5 31 3 0 2 7 1 2 7 1 2 7 1 2 7 1 2 7 1 2 7 0 2 7 1 2 7 13 6 3 0 2 7 0 2 7 17 9 2 0 2 7 0 2 7 12 16 2 0 2 7 1 2 7 1 2 7 0 2 4 1 2 4 0 59.7211945056915283
0 2 7 1 2 7 13 6 3 0 2 4 0 2 7 0 2 7 0 2 7 12 16 2 1 2 7 1 2 7 1 2 7 0 2 7 0 2 7 1 2 7 0 2 7 5 31 3 12 16 2 0 2 7 17 18 2 0 2 7 17 9 2 1 2 7 1 2 7 0 2 7 17 9 2 0 2 7 0 2 7 17 18 2 16 6 2 1 2 7 0 2 7 0 2 7 13 6 3 12 16 2 1 2 7 0 2 7 17 18 2 5 31 3 1 2 7 5 31 3 0 2 7 1 2 7 1 2 7 1 2 7 1 2 7 1 2 7 0 2 7 1 2 7 13 6 3 0 2 7 0 2 7 17 9 2 0 2 7 0 2 7 12 16 2 0 2 7 1 2 7 1 2 7 0 2 4 1 2 4 0 59.7211945056915283
0 2 7 1 2 7 13 6 3 0 2 4 0 2 7 0 2 7 0 2 7 12 16 2 1 2 7 1 2 7 1 2 7 0 2 7 0 2 7 1 2 7 0 2 7 5 31 3 12 16 2 0 2 7 17 18 2 0 2 7 17 9 2 1 2 7 1 2 7 0 2 7 17 9 2 0 2 7 0 2 7 17 18 2 16 6 2 1 2 7 0 2 7 0 2 7 13 6 3 12 16 2 1 2 7 0 2 7 17 18 2 5 31 3 1 2 7 5 31 3 0 2 7 1 2 7 1 2 7 1 2 7 1 2 7 1 2 7 0 2 7 1 2 7 13 6 3 0 2 7 0 2 7 17 9 2 0 2 7 0 2 7 12 16 2 0 2 7 1 2 7 1 2 7 0 2 4 1 2 4 0 59.7211945056915283
0 2 7 1 2 7 13 6 3 0 2 4 0 2 7 0 2 7 0 2 7 12 16 2 1 2 7 1 2 7 1 2 7 0 2 7 0 2 7 1 2 7 0 2 7 5 31 3 12 16 2 0 2 7 17 18 2 0 2 7 17 9 2 1 2 7 1 2 7 0 2 7 17 9 2 0 2 7 0 2 7 17 18 2 16 6 2 1 2 7 0 2 7 0 2 7 13 6 3 12 16 2 1 2 7 0 2 7 17 18 2 5 31 3 1 2 7 5 31 3 0 2 7 1 2 7 1 2 7 1 2 7 1 2 7 1 2 7 0 2 7 1 2 7 13 6 3 0 2 7 0 2 7 17 9 2 0 2 7 0 2 7 12 16 2 0 2 7 1 2 7 1 2 7 0 2 4 1 2 4 0 59.7211945056915283
0 2 7 1 2 7 13 6 3 0 2 4 0 2 7 0 2 7 0 2 7 12 16 2 1 2 7 1 2 7 1 2 7 0 2 7 0 2 7 1 2 7 0 2 7 5 31 3 12 16 2 0 2 7 17 18 2 0 2 7 17 9 2 1 2 7 1 2 7 0 2 7 17 9 2 0 2 7 0 2 7 17 18 2 16 6 2 1 2 7 0 2 7 0 2 7 13 6 3 12 16 2 1 2 7 0 2 7 17 18 2 5 31 3 1 2 7 5 31 3 0 2 7 1 2 7 1 2 7 1 2 7 1 2 7 1 2 7 0 2 7 1 2 7 13 6 3 0 2 7 0 2 7 17 9 2 0 2 7 0 2 7 12 16 2 0 2 7 1 2 7 1 2 7 0 2 4 1 2 4 0 59.7211945056915283
0 2 7 1 2 7 13 6 3 0 2 4 0 2 7 0 2 7 0 2 7 12 16 2 1 2 7 1 2 7 1 2 7 0 2 7 0 2 7 1 2 7 0 2 7 5 31 3 12 16 2 0 2 7 17 18 2 0 2 7 17 9 2 1 2 7 1 2 7 0 2 7 17 9 2 0 2 7 0 2 7 17 18 2 16 6 2 1 2 7 0 2 7 0 2 7 13 6 3 12 16 2 1 2 7 0 2 7 17 18 2 5 31 3 1 2 7 5 31 3 0 2 7 1 2 7 1 2 7 1 2 7 1 2 7 1 2 7 0 2 7 1 2 7 13 6 3 0 2 7 0 2 7 17 9 2 0 2 7 0 2 7 12 16 2 0 2 7 1 2 7 1 2 7 0 2 4 1 2 4 0 59.7211945056915283
0 2 7 1 2 7 13 6 3 0 2 4 0 2 7 0 2 7 0 2 7 12 16 2 1 2 7 1 2 7 1 2 7 0 2 7 0 2 7 1 2 7 0 2 7 5 31 3 12 16 2 0 2 7 17 18 2 0 2 7 17 9 2 1 2 7 1 2 7 0 2 7 17 9 2 0 2 7 0 2 7 17 18 2 16 6 2 1 2 7 0 2 7 0 2 7 13 6 3 12 16 2 1 2 7 0 2 7 17 18 2 5 31 3 1 2 7 5 31 3 0 2 7 1 2 7 1 2 7 1 2 7 1 2 7 1 2 7 0 2 7 1 2 7 13 6 3 0 2 7 0 2 7 17 9 2 0 2 7 0 2 7 12 16 2 0 2 7 1 2 7 1 2 7 0 2 4 1 2 4 0 59.7211945056915283
0 2 7 1 2 7 13 6 3 0 2 4 0 2 7 0 2 7 0 2 7 12 16 2 1 2 7 1 2 7 1 2 7 0 2 7 0 2 7 1 2 7 0 2 7 5 31 3 12 16 2 0 2 7 17 18 2 0 2 7 17 9 2 1 2 7 1 2 7 0 2 7 17 9 2 0 2 7 0 2 7 17 18 2 16 6 2 1 2 7 0 2 7 0 2 7 13 6 3 12 16 2 1 2 7 0 2 7 17 18 2 5 31 3 1 2 7 5 31 3 0 2 7 1 2 7 1 2 7 1 2 7 1 2 7 1 2 7 0 2 7 1 2 7 13 6 3 0 2 7 0 2 7 17 9 2 0 2 7 0 2 7 12 16 2 0 2 7 1 2 7 1 2 7 0 2 4 1 2 4 0 59.7211945056915283
0 2 7 1 2 7 13 6 3 0 2 4 0 2 7 0 2 7 0 2 7 12 16 2 1 2 7 1 2 7 1 2 7 0 2 7 0 2 7 1 2 7 0 2 7 5 31 3 12 16 2 0 2 7 17 18 2 0 2 7 17 9 2 1 2 7 1 2 7 0 2 7 17 9 2 0 2 7 0 2 7 17 18 2 16 6 2 1 2 7 0 2 7 0 2 7 13 6 3 12 16 2 1 2 7 0 2 7 17 18 2 5 31 3 1 2 7 5 31 3 0 2 7 1 2 7 1 2 7 1 2 7 1 2 7 1 2 7 0 2 7 1 2 7 13 6 3 0 2 7 0 2 7 17 9 2 0 2 7 0 2 7 12 16 2 0 2 7 1 2 7 1 2 7 0 2 4 1 2 4 0 59.7211945056915283
0 2 7 1 2 7 13 6 3 0 2 4 0 2 7 0 2 7 0 2 7 12 16 2 1 2 7 1 2 7 1 2 7 0 2 7 0 2 7 1 2 7 0 2 7 5 31 3 12 16 2 0 2 7 17 18 2 0 2 7 17 9 2 1 2 7 1 2 7 0 2 7 17 9 2 0 2 7 0 2 7 17 18 2 16 6 2 1 2 7 0 2 7 0 2 7 13 6 3 12 16 2 1 2 7 0 2 7 17 18 2 5 31 3 1 2 7 5 31 3 0 2 7 1 2 7 1 2 7 1 2 7 1 2 7 1 2 7 0 2 7 1 2 7 13 6 3 0 2 7 0 2 7 17 9 2 0 2 7 0 2 7 12 16 2 0 2 7 1 2 7 1 2 7 0 2 4 1 2 4 0 59.7211945056915283
0 2 7 1 2 7 13 6 3 0 2 4 0 2 7 0 2 7 0 2 7 12 16 2 1 2 7 1 2 7 1 2 7 0 2 7 0 2 7 1 2 7 0 2 7 5 31 3 12 16 2 0 2 7 17 18 2 0 2 7 17 9 2 1 2 7 1 2 7 0 2 7 17 9 2 0 2 7 0 2 7 17 18 2 16 6 2 1 2 7 0 2 7 0 2 7 13 6 3 12 16 2 1 2 7 0 2 7 17 18 2 5 31 3 1 2 7 5 31 3 0 2 7 1 2 7 1 2 7 1 2 7 1 2 7 1 2 7 0 2 7 1 2 7 13 6 3 0 2 7 0 2 7 17 9 2 0 2 7 0 2 7 12 16 2 0 2 7 1 2 7 1 2 7 0 2 4 1 2 4 0 59.7211945056915283
0 2 7 1 2 7 13 6 3 0 2 4 0 2 7 0 2 7 0 2 7 12 16 2 1 2 7 1 2 7 1 2 7 0 2 7 0 2 7 1 2 7 0 2 7 5 31 3 12 16 2 0 2 7 17 18 2 0 2 7 17 9 2 1 2 7 1 2 7 0 2 7 17 9 2 0 2 7 0 2 7 17 18 2 16 6 2 1 2 7 0 2 7 0 2 7 13 6 3 12 16 2 1 2 7 0 2 7 17 18 2 5 31 3 1 2 7 5 31 3 0 2 7 1 2 7 1 2 7 1 2 7 1 2 7 1 2 7 0 2 7 1 2 7 13 6 3 0 2 7 0 2 7 17 9 2 0 2 7 0 2 7 12 16 2 0 2 7 1 2 7 1 2 7 0 2 4 1 2 4 0 59.7211945056915283
0 2 7 1 2 7 13 6 3 0 2 4 0 2 7 0 2 7 0 2 7 12 16 2 1 2 7 1 2 7 1 2 7 0 2 7 0 2 7 1 2 7 0 2 7 5 31 3 12 16 2 0 2 7 17 18 2 0 2 7 17 9 2 1 2 7 1 2 7 0 2 7 17 9 2 0 2 7 0 2 7 17 18 2 16 6 2 1 2 7 0 2 7 0 2 7 13 6 3 12 16 2 1 2 7 0 2 7 17 18 2 5 31 3 1 2 7 5 31 3 0 2 7 1 2 7 1 2 7 1 2 7 1 2 7 1 2 7 0 2 7 1 2 7 13 6 3 0 2 7 0 2 7 17 9 2 0 2 7 0 2 7 12 16 2 0 2 7 1 2 7 1 2 7 0 2 4 1 2 4 0 59.7211945056915283
0 2 7 1 2 7 13 6 3 0 2 4 0 2 7 0 2 7 0 2 7 12 16 2 1 2 7 1 2 7 1 2 7 0 2 7 0 2 7 1 2 7 0 2 7 5 31 3 12 16 2 0 2 7 17 18 2 0 2 7 17 9 2 1 2 7 1 2 7 0 2 7 17 9 2 0 2 7 0 2 7 17 18 2 16 6 2 1 2 7 0 2 7 0 2 7 13 6 3 12 16 2 1 2 7 0 2 7 17 18 2 5 31 3 1 2 7 5 31 3 0 2 7 1 2 7 1 2 7 1 2 7 1 2 7 1 2 7 0 2 7 1 2 7 13 6 3 0 2 7 0 2 7 17 9 2 0 2 7 0 2 7 12 16 2 0 2 7 1 2 7 1 2 7 0 2 4 1 2 4 0 59.7211945056915283
0 2 7 1 2 7 13 6 3 0 2 4 0 2 7 0 2 7 0 2 7 12 16 2 1 2 7 1 2 7 1 2 7 0 2 7 0 2 7 1 2 7 0 2 7 5 31 3 12 16 2 0 2 7 17 18 2 0 2 7 17 9 2 1 2 7 1 2 7 0 2 7 17 9 2 0 2 7 0 2 7 17 18 2 16 6 2 1 2 7 0 2 7 0 2 7 13 6 3 12 16 2 1 2 7 0 2 7 17 18 2 5 31 3 1 2 7 5 31 3 0 2 7 1 2 7 1 2 7 1 2 7 1 2 7 1 2 7 0 2 7 1 2 7 13 6 3 0 2 7 0 2 7 17 9 2 0 2 7 0 2 7 12 16 2 0 2 7 1 2 7 1 2 7 0 2 4 1 2 4 0 59.7211945056915283
0 2 7 1 2 7 13 6 3 0 2 4 0 2 7 0 2 7 0 2 7 12 16 2 1 2 7 1 2 7 1 2 7 0 2 7 0 2 7 1 2 7 0 2 7 5 31 3 12 16 2 0 2 7 17 18 2 0 2 7 17 9 2 1 2 7 1 2 7 0 2 7 17 9 2 0 2 7 0 2 7 17 18 2 16 6 2 1 2 7 0 2 7 0 2 7 13 6 3 12 16 2 1 2 7 0 2 7 17 18 2 5 31 3 1 2 7 5 31 3 0 2 7 1 2 7 1 2 7 1 2 7 1 2 7 1 2 7 0 2 7 1 2 7 13 6 3 0 2 7 0 2 7 17 9 2 0 2 7 0 2 7 12 16 2 0 2 7 1 2 7 1 2 7 0 2 4 1 2 4 0 59.7211945056915283
0 2 7 1 2 7 13 6 3 0 2 4 0 2 7 0 2 7 0 2 7 12 16 2 1 2 7 1 2 7 1 2 7 0 2 7 0 2 7 1 2 7 0 2 7 5 31 3 12 16 2 0 2 7 17 18 2 0 2 7 17 9 2 1 2 7 1 2 7 0 2 7 17 9 2 0 2 7 0 2 7 17 18 2 16 6 2 1 2 7 0 2 7 0 2 7 13 6 3 12 16 2 1 2 7 0 2 7 17 18 2 5 31 3 1 2 7 5 31 3 0 2 7 1 2 7 1 2 7 1 2 7 1 2 7 1 2 7 0 2 7 1 2 7 13 6 3 0 2 7 0 2 7 17 9 2 0 2 7 0 2 7 12 16 2 0 2 7 1 2 7 1 2 7 0 2 4 1 2 4 0 59.7211945056915283
0 2 7 1 2 7 13 6 3 0 2 4 0 2 7 0 2 7 0 2 7 12 16 2 1 2 7 1 2 7 1 2 7 0 2 7 0 2 7 1 2 7 0 2 7 5 31 3 12 16 2 0 2 7 17 18 2 0 2 7 17 9 2 1 2 7 1 2 7 0 2 7 17 9 2 0 2 7 0 2 7 17 18 2 16 6 2 1 2 7 0 2 7 0 2 7 13 6 3 12 16 2 1 2 7 0 2 7 17 18 2 5 31 3 1 2 7 5 31 3 0 2 7 1 2 7 1 2 7 1 2 7 1 2 7 1 2 7 0 2 7 1 2 7 13 6 3 0 2 7 0 2 7 17 9 2 0 2 7 0 2 7 12 16 2 0 2 7 1 2 7 1 2 7 0 2 4 1 2 4 0 59.7211945056915283
0 2 7 1 2 7 13 6 3 0 2 4 0 2 7 0 2 7 0 2 7 12 16 2 1 2 7 1 2 7 1 2 7 0 2 7 0 2 7 1 2 7 0 2 7 5 31 3 12 16 2 0 2 7 17 18 2 0 2 7 17 9 2 1 2 7 1 2 7 0 2 7 17 9 2 0 2 7 0 2 7 17 18 2 16 6 2 1 2 7 0 2 7 0 2 7 13 6 3 12 16 2 1 2 7 0 2 7 17 18 2 5 31 3 1 2 7 5 31 3 0 2 7 1 2 7 1 2 7 1 2 7 1 2 7 1 2 7 0 2 7 1 2 7 13 6 3 0 2 7 0 2 7 17 9 2 0 2 7 0 2 7 12 16 2 0 2 7 1 2 7 1 2 7 0 2 4 1 2 4 0 59.7211945056915283
0 2 7 1 2 7 13 6 3 0 2 4 0 2 7 0 2 7 0 2 7 12 16 2 1 2 7 1 2 7 1 2 7 0 2 7 0 2 7 1 2 7 0 2 7 5 31 3 12 16 2 0 2 7 17 18 2 0 2 7 17 9 2 1 2 7 1 2 7 0 2 7 17 9 2 0 2 7 0 2 7 17 18 2 16 6 2 1 2 7 0 2 7 0 2 7 13 6 3 12 16 2 1 2 7 0 2 7 17 18 2 5 31 3 1 2 7 5 31 3 0 2 7 1 2 7 1 2 7 1 2 7 1 2 7 1 2 7 0 2 7 1 2 7 13 6 3 0 2 7 0 2 7 17 9 2 0 2 7 0 2 7 12 16 2 0 2 7 1 2 7 1 2 7 0 2 4 1 2 4 0 59.7211945056915283
0 2 7 1 2 7 13 6 3 0 2 4 0 2 7 0 2 7 0 2 7 12 16 2 1 2 7 1 2 7 1 2 7 0 2 7 0 2 7 1 2 7 0 2 7 5 31 3 12 16 2 0 2 7 17 18 2 0 2 7 17 9 2 1 2 7 1 2 7 0 2 7 17 9 2 0 2 7 0 2 7 17 18 2 16 6 2 1 2 7 0 2 7 0 2 7 13 6 3 12 16 2 1 2 7 0 2 7 17 18 2 5 31 3 1 2 7 5 31 3 0 2 7 1 2 7 1 2 7 1 2 7 1 2 7 1 2 7 0 2 7 1 2 7 13 6 3 0 2 7 0 2 7 17 9 2 0 2 7 0 2 7 12 16 2 0 2 7 1 2 7 1 2 7 0 2 4 1 2 4 0 59.7211945056915283
0 2 7 1 2 7 13 6 3 0 2 4 0 2 7 0 2 7 0 2 7 12 16 2 1 2 7 1 2 7 1 2 7 0 2 7 0 2 7 1 2 7 0 2 7 5 31 3 12 16 2 0 2 7 17 18 2 0 2 7 17 9 2 1 2 7 1 2 7 0 2 7 17 9 2 0 2 7 0 2 7 17 18 2 16 6 2 1 2 7 0 2 7 0 2 7 13 6 3 12 16 2 1 2 7 0 2 7 17 18 2 5 31 3 1 2 7 5 31 3 0 2 7 1 2 7 1 2 7 1 2 7 1 2 7 1 2 7 0 2 7 1 2 7 13 6 3 0 2 7 0 2 7 17 9 2 0 2 7 0 2 7 12 16 2 0 2 7 1 2 7 1 2 7 0 2 4 1 2 4 0 59.7211945056915283
0 2 7 1 2 7 13 6 3 0 2 4 0 2 7 0 2 7 0 2 7 12 16 2 1 2 7 1 2 7 1 2 7 0 2 7 0 2 7 1 2 7 0 2 7 5 31 3 12 16 2 0 2 7 17 18 2 0 2 7 17 9 2 1 2 7 1 2 7 0 2 7 17 9 2 0 2 7 0 2 7 17 18 2 16 6 2 1 2 7 0 2 7 0 2 7 13 6 3 12 16 2 1 2 7 0 2 7 17 18 2 5 31 3 1 2 7 5 31 3 0 2 7 1 2 7 1 2 7 1 2 7 1 2 7 1 2 7 0 2 7 1 2 7 13 6 3 0 2 7 0 2 7 17 9 2 0 2 7 0 2 7 12 16 2 0 2 7 1 2 7 1 2 7 0 2 4 1 2 4 0 59.7211945056915283
0 2 7 1 2 7 13 6 3 0 2 4 0 2 7 0 2 7 0 2 7 12 16 2 1 2 7 1 2 7 1 2 7 0 2 7 0 2 7 1 2 7 0 2 7 5 31 3 12 16 2 0 2 7 17 18 2 0 2 7 17 9 2 1 2 7 1 2 7 0 2 7 17 9 2 0 2 7 0 2 7 17 18 2 16 6 2 1 2 7 0 2 7 0 2 7 13 6 3 12 16 2 1 2 7 0 2 7 17 18 2 5 31 3 1 2 7 5 31 3 0 2 7 1 2 7 1 2 7 1 2 7 1 2 7 1 2 7 0 2 7 1 2 7 13 6 3 0 2 7 0 2 7 17 9 2 0 2 7 0 2 7 12 16 2 0 2 7 1 2 7 1 2 7 0 2 4 1 2 4 0 59.7211945056915283
0 2 7 1 2 7 13 6 3 0 2 4 0 2 7 0 2 7 0 2 7 12 16 2 1 2 7 1 2 7 1 2 7 0 2 7 0 2 7 1 2 7 0 2 7 5 31 3 12 16 2 0 2 7 17 18 2 0 2 7 17 9 2 1 2 7 1 2 7 0 2 7 17 9 2 0 2 7 0 2 7 17 18 2 16 6 2 1 2 7 0 2 7 0 2 7 13 6 3 12 16 2 1 2 7 0 2 7 17 18 2 5 31 3 1 2 7 5 31 3 0 2 7 1 2 7 1 2 7 1 2 7 1 2 7 1 2 7 0 2 7 1 2 7 13 6 3 0 2 7 0 2 7 17 9 2 0 2 7 0 2 7 12 16 2 0 2 7 1 2 7 1 2 7 0 2 4 1 2 4 0 59.7211945056915283
0 2 7 1 2 7 13 6 3 0 2 4 0 2 7 0 2 7 0 2 7 12 16 2 1 2 7 1 2 7 1 2 7 0 2 7 0 2 7 1 2 7 0 2 7 5 31 3 12 16 2 0 2 7 17 18 2 0 2 7 17 9 2 1 2 7 1 2 7 0 2 7 17 9 2 0 2 7 0 2 7 17 18 2 16 6 2 1 2 7 0 2 7 0 2 7 13 6 3 12 16 2 1 2 7 0 2 7 17 18 2 5 31 3 1 2 7 5 31 3 0 2 7 1 2 7 1 2 7 1 2 7 1 2 7 1 2 7 0 2 7 1 2 7 13 6 3 0 2 7 0 2 7 17 9 2 0 2 7 0 2 7 12 16 2 0 2 7 1 2 7 1 2 7 0 2 4 1 2 4 0 59.7211945056915283
0 2 7 1 2 7 13 6 3 0 2 4 0 2 7 0 2 7 0 2 7 12 16 2 1 2 7 1 2 7 1 2 7 0 2 7 0 2 7 1 2 7 0 2 7 5 31 3 12 16 2 0 2 7 17 18 2 0 2 7 17 9 2 1 2 7 1 2 7 0 2 7 17 9 2 0 2 7 0 2 7 17 18 2 16 6 2 1 2 7 0 2 7 0 2 7 13 6 3 12 16 2 1 2 7 0 2 7 17 18 2 5 31 3 1 2 7 5 31 3 0 2 7 1 2 7 1 2 7 1 2 7 1 2 7 1 2 7 0 2 7 1 2 7 13 6 3 0 2 7 0 2 7 17 9 2 0 2 7 0 2 7 12 16 2 0 2 7 1 2 7 1 2 7 0 2 4 1 2 4 0 59.7211945056915283
0 2 7 1 2 7 13 6 3 0 2 4 0 2 7 0 2 7 0 2 7 12 16 2 1 2 7 1 2 7 1 2 7 0 2 7 0 2 7 1 2 7 0 2 7 5 31 3 12 16 2 0 2 7 17 18 2 0 2 7 17 9 2 1 2 7 1 2 7 0 2 7 17 9 2 0 2 7 0 2 7 17 18 2 16 6 2 1 2 7 0 2 7 0 2 7 13 6 3 12 16 2 1 2 7 0 2 7 17 18 2 5 31 3 1 2 7 5 31 3 0 2 7 1 2 7 1 2 7 1 2 7 1 2 7 1 2 7 0 2 7 1 2 7 13 6 3 0 2 7 0 2 7 17 9 2 0 2 7 0 2 7 12 16 2 0 2 7 1 2 7 1 2 7 0 2 4 1 2 4 0 59.7211945056915283
0 2 7 1 2 7 13 6 3 0 2 4 0 2 7 0 2 7 0 2 7 12 16 2 1 2 7 1 2 7 1 2 7 0 2 7 0 2 7 1 2 7 0 2 7 5 31 3 12 16 2 0 2 7 17 18 2 0 2 7 17 9 2 1 2 7 1 2 7 0 2 7 17 9 2 0 2 7 0 2 7 17 18 2 16 6 2 1 2 7 0 2 7 0 2 7 13 6 3 12 16 2 1 2 7 0 2 7 17 18 2 5 31 3 1 2 7 5 31 3 0 2 7 1 2 7 1 2 7 1 2 7 1 2 7 1 2 7 0 2 7 1 2 7 13 6 3 0 2 7 0 2 7 17 9 2 0 2 7 0 2 7 12 16 2 0 2 7 1 2 7 1 2 7 0 2 4 1 2 4 0 59.7211945056915283
0 2 7 1 2 7 13 6 3 0 2 4 0 2 7 0 2 7 0 2 7 12 16 2 1 2 7 1 2 7 1 2 7 0 2 7 0 2 7 1 2 7 0 2 7 5 31 3 12 16 2 0 2 7 17 18 2 0 2 7 17 9 2 1 2 7 1 2 7 0 2 7 17 9 2 0 2 7 0 2 7 17 18 2 16 6 2 1 2 7 0 2 7 0 2 7 13 6 3 12 16 2 1 2 7 0 2 7 17 18 2 5 31 3 1 2 7 5 31 3 0 2 7 1 2 7 1 2 7 1 2 7 1 2 7 1 2 7 0 2 7 1 2 7 13 6 3 0 2 7 0 2 7 17 9 2 0 2 7 0 2 7 12 16 2 0 2 7 1 2 7 1 2 7 0 2 4 1 2 4 0 59.7211945056915283
0 2 7 1 2 7 13 6 3 0 2 4 0 2 7 0 2 7 0 2 7 12 16 2 1 2 7 1 2 7 1 2 7 0 2 7 0 2 7 1 2 7 0 2 7 5 31 3 12 16 2 0 2 7 17 18 2 0 2 7 17 9 2 1 2 7 1 2 7 0 2 7 17 9 2 0 2 7 0 2 7 17 18 2 16 6 2 1 2 7 0 2 7 0 2 7 13 6 3 12 16 2 1 2 7 0 2 7 17 18 2 5 31 3 1 2 7 5 31 3 0 2 7 1 2 7 1 2 7 1 2 7 1 2 7 1 2 7 0 2 7 1 2 7 13 6 3 0 2 7 0 2 7 17 9 2 0 2 7 0 2 7 12 16 2 0 2 7 1 2 7 1 2 7 0 2 4 1 2 4 0 59.7211945056915283
0 2 7 1 2 7 13 6 3 0 2 4 0 2 7 0 2 7 0 2 7 12 16 2 1 2 7 1 2 7 1 2 7 0 2 7 0 2 7 1 2 7 0 2 7 5 31 3 12 16 2 0 2 7 17 18 2 0 2 7 17 9 2 1 2 7 1 2 7 0 2 7 17 9 2 0 2 7 0 2 7 17 18 2 16 6 2 1 2 7 0 2 7 0 2 7 13 6 3 12 16 2 1 2 7 0 2 7 17 18 2 5 31 3 1 2 7 5 31 3 0 2 7 1 2 7 1 2 7 1 2 7 1 2 7 1 2 7 0 2 7 1 2 7 13 6 3 0 2 7 0 2 7 17 9 2 0 2 7 0 2 7 12 16 2 0 2 7 1 2 7 1 2 7 0 2 4 1 2 4 0 59.7211945056915283
0 2 7 1 2 7 13 6 3 0 2 4 0 2 7 0 2 7 0 2 7 12 16 2 1 2 7 1 2 7 1 2 7 0 2 7 0 2 7 1 2 7 0 2 7 5 31 3 12 16 2 0 2 7 17 18 2 0 2 7 17 9 2 1 2 7 1 2 7 0 2 7 17 9 2 0 2 7 0 2 7 17 18 2 16 6 2 1 2 7 0 2 7 0 2 7 13 6 3 12 16 2 1 2 7 0 2 7 17 18 2 5 31 3 1 2 7 5 31 3 0 2 7 1 2 7 1 2 7 1 2 7 1 2 7 1 2 7 0 2 7 1 2 7 13 6 3 0 2 7 0 2 7 17 9 2 0 2 7 0 2 7 12 16 2 0 2 7 1 2 7 1 2 7 0 2 4 1 2 4 0 59.7211945056915283
0 2 7 1 2 7 13 6 3 0 2 4 0 2 7 0 2 7 0 2 7 12 16 2 1 2 7 1 2 7 1 2 7 0 2 7 0 2 7 1 2 7 0 2 7 5 31 3 12 16 2 0 2 7 17 18 2 0 2 7 17 9 2 1 2 7 1 2 7 0 2 7 17 9 2 0 2 7 0 2 7 17 18 2 16 6 2 1 2 7 0 2 7 0 2 7 13 6 3 12 16 2 1 2 7 0 2 7 17 18 2 5 31 3 1 2 7 5 31 3 0 2 7 1 2 7 1 2 7 1 2 7 1 2 7 1 2 7 0 2 7 1 2 7 13 6 3 0 2 7 0 2 7 17 9 2 0 2 7 0 2 7 12 16 2 0 2 7 1 2 7 1 2 7 0 2 4 1 2 4 0 59.7211945056915283
0 2 7 1 2 7 13 6 3 0 2 4 0 2 7 0 2 7 0 2 7 12 16 2 1 2 7 1 2 7 1 2 7 0 2 7 0 2 7 1 2 7 0 2 7 5 31 3 12 16 2 0 2 7 17 18 2 0 2 7 17 9 2 1 2 7 1 2 7 0 2 7 17 9 2 0 2 7 0 2 7 17 18 2 16 6 2 1 2 7 0 2 7 0 2 7 13 6 3 12 16 2 1 2 7 0 2 7 17 18 2 5 31 3 1 2 7 5 31 3 0 2 7 1 2 7 1 2 7 1 2 7 1 2 7 1 2 7 0 2 7 1 2 7 13 6 3 0 2 7 0 2 7 17 9 2 0 2 7 0 2 7 12 16 2 0 2 7 1 2 7 1 2 7 0 2 4 1 2 4 0 59.7211945056915283
0 2 7 1 2 7 13 6 3 0 2 4 0 2 7 0 2 7 0 2 7 12 16 2 1 2 7 1 2 7 1 2 7 0 2 7 0 2 7 1 2 7 0 2 7 5 31 3 12 16 2 0 2 7 17 18 2 0 2 7 17 9 2 1 2 7 1 2 7 0 2 7 17 9 2 0 2 7 0 2 7 17 18 2 16 6 2 1 2 7 0 2 7 0 2 7 13 6 3 12 16 2 1 2 7 0 2 7 17 18 2 5 31 3 1 2 7 5 31 3 0 2 7 1 2 7 1 2 7 1 2 7 1 2 7 1 2 7 0 2 7 1 2 7 13 6 3 0 2 7 0 2 7 17 9 2 0 2 7 0 2 7 12 16 2 0 2 7 1 2 7 1 2 7 0 2 4 1 2 4 0 59.7211945056915283
0 2 7 1 2 7 13 6 3 0 2 4 0 2 7 0 2 7 0 2 7 12 16 2 1 2 7 1 2 7 1 2 7 0 2 7 0 2 7 1 2 7 0 2 7 5 31 3 12 16 2 0 2 7 17 18 2 0 2 7 17 9 2 1 2 7 1 2 7 0 2 7 17 9 2 0 2 7 0 2 7 17 18 2 16 6 2 1 2 7 0 2 7 0 2 7 13 6 3 12 16 2 1 2 7 0 2 7 17 18 2 5 31 3 1 2 7 5 31 3 0 2 7 1 2 7 1 2 7 1 2 7 1 2 7 1 2 7 0 2 7 1 2 7 13 6 3 0 2 7 0 2 7 17 9 2 0 2 7 0 2 7 12 16 2 0 2 7 1 2 7 1 2 7 0 2 4 1 2 4 0 59.7211945056915283
0 2 7 1 2 7 13 6 3 0 2 4 0 2 7 0 2 7 0 2 7 12 16 2 1 2 7 1 2 7 1 2 7 0 2 7 0 2 7 1 2 7 0 2 7 5 31 3 12 16 2 0 2 7 17 18 2 0 2 7 17 9 2 1 2 7 1 2 7 0 2 7 17 9 2 0 2 7 0 2 7 17 18 2 16 6 2 1 2 7 0 2 7 0 2 7 13 6 3 12 16 2 1 2 7 0 2 7 17 18 2 5 31 3 1 2 7 5 31 3 0 2 7 1 2 7 1 2 7 1 2 7 1 2 7 1 2 7 0 2 7 1 2 7 13 6 3 0 2 7 0 2 7 17 9 2 0 2 7 0 2 7 12 16 2 0 2 7 1 2 7 1 2 7 0 2 4 1 2 4 0 59.7211945056915283
0 2 7 1 2 7 13 6 3 0 2 4 0 2 7 0 2 7 0 2 7 12 16 2 1 2 7 1 2 7 1 2 7 0 2 7 0 2 7 1 2 7 0 2 7 5 31 3 12 16 2 0 2 7 17 18 2 0 2 7 17 9 2 1 2 7 1 2 7 0 2 7 17 9 2 0 2 7 0 2 7 17 18 2 16 6 2 1 2 7 0 2 7 0 2 7 13 6 3 12 16 2 1 2 7 0 2 7 17 18 2 5 31 3 1 2 7 5 31 3 0 2 7 1 2 7 1 2 7 1 2 7 1 2 7 1 2 7 0 2 7 1 2 7 13 6 3 0 2 7 0 2 7 17 9 2 0 2 7 0 2 7 12 16 2 0 2 7 1 2 7 1 2 7 0 2 4 1 2 4 0 59.7211945056915283
0 2 7 1 2 7 13 6 3 0 2 4 0 2 7 0 2 7 0 2 7 12 16 2 1 2 7 1 2 7 1 2 7 0 2 7 0 2 7 1 2 7 0 2 7 5 31 3 12 16 2 0 2 7 17 18 2 0 2 7 17 9 2 1 2 7 1 2 7 0 2 7 17 9 2 0 2 7 0 2 7 17 18 2 16 6 2 1 2 7 0 2 7 0 2 7 13 6 3 12 16 2 1 2 7 0 2 7 17 18 2 5 31 3 1 2 7 5 31 3 0 2 7 1 2 7 1 2 7 1 2 7 1 2 7 1 2 7 0 2 7 1 2 7 13 6 3 0 2 7 0 2 7 17 9 2 0 2 7 0 2 7 12 16 2 0 2 7 1 2 7 1 2 7 0 2 4 1 2 4 0 59.7211945056915283
0 2 7 1 2 7 13 6 3 0 2 4 0 2 7 0 2 7 0 2 7 12 16 2 1 2 7 1 2 7 1 2 7 0 2 7 0 2 7 1 2 7 0 2 7 5 31 3 12 16 2 0 2 7 17 18 2 0 2 7 17 9 2 1 2 7 1 2 7 0 2 7 17 9 2 0 2 7 0 2 7 17 18 2 16 6 2 1 2 7 0 2 7 0 2 7 13 6 3 12 16 2 1 2 7 0 2 7 17 18 2 5 31 3 1 2 7 5 31 3 0 2 7 1 2 7 1 2 7 1 2 7 1 2 7 1 2 7 0 2 7 1 2 7 13 6 3 0 2 7 0 2 7 17 9 2 0 2 7 0 2 7 12 16 2 0 2 7 1 2 7 1 2 7 0 2 4 1 2 4 0 59.7211945056915283
0 2 7 1 2 7 13 6 3 0 2 4 0 2 7 0 2 7 0 2 7 12 16 2 1 2 7 1 2 7 1 2 7 0 2 7 0 2 7 1 2 7 0 2 7 5 31 3 12 16 2 0 2 7 17 18 2 0 2 7 17 9 2 1 2 7 1 2 7 0 2 7 17 9 2 0 2 7 0 2 7 17 18 2 16 6 2 1 2 7 0 2 7 0 2 7 13 6 3 12 16 2 1 2 7 0 2 7 17 18 2 5 31 3 1 2 7 5 31 3 0 2 7 1 2 7 1 2 7 1 2 7 1 2 7 1 2 7 0 2 7 1 2 7 13 6 3 0 2 7 0 2 7 17 9 2 0 2 7 0 2 7 12 16 2 0 2 7 1 2 7 1 2 7 0 2 4 1 2 4 0 59.7211945056915283
0 2 7 1 2 7 13 6 3 0 2 4 0 2 7 0 2 7 0 2 7 12 16 2 1 2 7 1 2 7 1 2 7 0 2 7 0 2 7 1 2 7 0 2 7 5 31 3 12 16 2 0 2 7 17 18 2 0 2 7 17 9 2 1 2 7 1 2 7 0 2 7 17 9 2 0 2 7 0 2 7 17 18 2 16 6 2 1 2 7 0 2 7 0 2 7 13 6 3 12 16 2 1 2 7 0 2 7 17 18 2 5 31 3 1 2 7 5 31 3 0 2 7 1 2 7 1 2 7 1 2 7 1 2 7 1 2 7 0 2 7 1 2 7 13 6 3 0 2 7 0 2 7 17 9 2 0 2 7 0 2 7 12 16 2 0 2 7 1 2 7 1 2 7 0 2 4 1 2 4 0 59.7211945056915283
0 2 7 1 2 7 13 6 3 0 2 4 0 2 7 0 2 7 0 2 7 12 16 2 1 2 7 1 2 7 1 2 7 0 2 7 0 2 7 1 2 7 0 2 7 5 31 3 12 16 2 0 2 7 17 18 2 0 2 7 17 9 2 1 2 7 1 2 7 0 2 7 17 9 2 0 2 7 0 2 7 17 18 2 16 6 2 1 2 7 0 2 7 0 2 7 13 6 3 12 16 2 1 2 7 0 2 7 17 18 2 5 31 3 1 2 7 5 31 3 0 2 7 1 2 7 1 2 7 1 2 7 1 2 7 1 2 7 0 2 7 1 2 7 13 6 3 0 2 7 0 2 7 17 9 2 0 2 7 0 2 7 12 16 2 0 2 7 1 2 7 1 2 7 0 2 4 1 2 4 0 59.7211945056915283
0 2 7 1 2 7 13 6 3 0 2 4 0 2 7 0 2 7 0 2 7 12 16 2 1 2 7 1 2 7 1 2 7 0 2 7 0 2 7 1 2 7 0 2 7 5 31 3 12 16 2 0 2 7 17 18 2 0 2 7 17 9 2 1 2 7 1 2 7 0 2 7 17 9 2 0 2 7 0 2 7 17 18 2 16 6 2 1 2 7 0 2 7 0 2 7 13 6 3 12 16 2 1 2 7 0 2 7 17 18 2 5 31 3 1 2 7 5 31 3 0 2 7 1 2 7 1 2 7 1 2 7 1 2 7 1 2 7 0 2 7 1 2 7 13 6 3 0 2 7 0 2 7 17 9 2 0 2 7 0 2 7 12 16 2 0 2 7 1 2 7 1 2 7 0 2 4 1 2 4 0 59.7211945056915283
0 2 7 1 2 7 13 6 3 0 2 4 0 2 7 0 2 7 0 2 7 12 16 2 1 2 7 1 2 7 1 2 7 0 2 7 0 2 7 1 2 7 0 2 7 5 31 3 12 16 2 0 2 7 17 18 2 0 2 7 17 9 2 1 2 7 1 2 7 0 2 7 17 9 2 0 2 7 0 2 7 17 18 2 16 6 2 1 2 7 0 2 7 0 2 7 13 6 3 12 16 2 1 2 7 0 2 7 17 18 2 5 31 3 1 2 7 5 31 3 0 2 7 1 2 7 1 2 7 1 2 7 1 2 7 1 2 7 0 2 7 1 2 7 13 6 3 0 2 7 0 2 7 17 9 2 0 2 7 0 2 7 12 16 2 0 2 7 1 2 7 1 2 7 0 2 4 1 2 4 0 59.7211945056915283
0 2 7 1 2 7 13 6 3 0 2 4 0 2 7 0 2 7 0 2 7 12 16 2 1 2 7 1 2 7 1 2 7 0 2 7 0 2 7 1 2 7 0 2 7 5 31 3 12 16 2 0 2 7 17 18 2 0 2 7 17 9 2 1 2 7 1 2 7 0 2 7 17 9 2 0 2 7 0 2 7 17 18 2 16 6 2 1 2 7 0 2 7 0 2 7 13 6 3 12 16 2 1 2 7 0 2 7 17 18 2 5 31 3 1 2 7 5 31 3 0 2 7 1 2 7 1 2 7 1 2 7 1 2 7 1 2 7 0 2 7 1 2 7 13 6 3 0 2 7 0 2 7 17 9 2 0 2 7 0 2 7 12 16 2 0 2 7 1 2 7 1 2 7 0 2 4 1 2 4 0 59.7211945056915283
0 2 7 1 2 7 13 6 3 0 2 4 0 2 7 0 2 7 0 2 7 12 16 2 1 2 7 1 2 7 1 2 7 0 2 7 0 2 7 1 2 7 0 2 7 5 31 3 12 16 2 0 2 7 17 18 2 0 2 7 17 9 2 1 2 7 1 2 7 0 2 7 17 9 2 0 2 7 0 2 7 17 18 2 16 6 2 1 2 7 0 2 7 0 2 7 13 6 3 12 16 2 1 2 7 0 2 7 17 18 2 5 31 3 1 2 7 5 31 3 0 2 7 1 2 7 1 2 7 1 2 7 1 2 7 1 2 7 0 2 7 1 2 7 13 6 3 0 2 7 0 2 7 17 9 2 0 2 7 0 2 7 12 16 2 0 2 7 1 2 7 1 2 7 0 2 4 1 2 4 0 59.7211945056915283
0 2 7 1 2 7 13 6 3 0 2 4 0 2 7 0 2 7 0 2 7 12 16 2 1 2 7 1 2 7 1 2 7 0 2 7 0 2 7 1 2 7 0 2 7 5 31 3 12 16 2 0 2 7 17 18 2 0 2 7 17 9 2 1 2 7 1 2 7 0 2 7 17 9 2 0 2 7 0 2 7 17 18 2 16 6 2 1 2 7 0 2 7 0 2 7 13 6 3 12 16 2 1 2 7 0 2 7 17 18 2 5 31 3 1 2 7 5 31 3 0 2 7 1 2 7 1 2 7 1 2 7 1 2 7 1 2 7 0 2 7 1 2 7 13 6 3 0 2 7 0 2 7 17 9 2 0 2 7 0 2 7 12 16 2 0 2 7 1 2 7 1 2 7 0 2 4 1 2 4 0 59.7211945056915283
0 2 7 1 2 7 13 6 3 0 2 4 0 2 7 0 2 7 0 2 7 12 16 2 1 2 7 1 2 7 1 2 7 0 2 7 0 2 7 1 2 7 0 2 7 5 31 3 12 16 2 0 2 7 17 18 2 0 2 7 17 9 2 1 2 7 1 2 7 0 2 7 17 9 2 0 2 7 0 2 7 17 18 2 16 6 2 1 2 7 0 2 7 0 2 7 13 6 3 12 16 2 1 2 7 0 2 7 17 18 2 5 31 3 1 2 7 5 31 3 0 2 7 1 2 7 1 2 7 1 2 7 1 2 7 1 2 7 0 2 7 1 2 7 13 6 3 0 2 7 0 2 7 17 9 2 0 2 7 0 2 7 12 16 2 0 2 7 1 2 7 1 2 7 0 2 4 1 2 4 0 59.7211945056915283
0 2 7 1 2 7 13 6 3 0 2 4 0 2 7 0 2 7 0 2 7 12 16 2 1 2 7 1 2 7 1 2 7 0 2 7 0 2 7 1 2 7 0 2 7 5 31 3 12 16 2 0 2 7 17 18 2 0 2 7 17 9 2 1 2 7 1 2 7 0 2 7 17 9 2 0 2 7 0 2 7 17 18 2 16 6 2 1 2 7 0 2 7 0 2 7 13 6 3 12 16 2 1 2 7 0 2 7 17 18 2 5 31 3 1 2 7 5 31 3 0 2 7 1 2 7 1 2 7 1 2 7 1 2 7 1 2 7 0 2 7 1 2 7 13 6 3 0 2 7 0 2 7 17 9 2 0 2 7 0 2 7 12 16 2 0 2 7 1 2 7 1 2 7 0 2 4 1 2 4 0 59.7211945056915283
0 2 7 1 2 7 13 6 3 0 2 4 0 2 7 0 2 7 0 2 7 12 16 2 1 2 7 1 2 7 1 2 7 0 2 7 0 2 7 1 2 7 0 2 7 5 31 3 12 16 2 0 2 7 17 18 2 0 2 7 17 9 2 1 2 7 1 2 7 0 2 7 17 9 2 0 2 7 0 2 7 17 18 2 16 6 2 1 2 7 0 2 7 0 2 7 13 6 3 12 16 2 1 2 7 0 2 7 17 18 2 5 31 3 1 2 7 5 31 3 0 2 7 1 2 7 1 2 7 1 2 7 1 2 7 1 2 7 0 2 7 1 2 7 13 6 3 0 2 7 0 2 7 17 9 2 0 2 7 0 2 7 12 16 2 0 2 7 1 2 7 1 2 7 0 2 4 1 2 4 0 59.7211945056915283
0 2 7 1 2 7 13 6 3 0 2 4 0 2 7 0 2 7 0 2 7 12 16 2 1 2 7 1 2 7 1 2 7 0 2 7 0 2 7 1 2 7 0 2 7 5 31 3 12 16 2 0 2 7 17 18 2 0 2 7 17 9 2 1 2 7 1 2 7 0 2 7 17 9 2 0 2 7 0 2 7 17 18 2 16 6 2 1 2 7 0 2 7 0 2 7 13 6 3 12 16 2 1 2 7 0 2 7 17 18 2 5 31 3 1 2 7 5 31 3 0 2 7 1 2 7 1 2 7 1 2 7 1 2 7 1 2 7 0 2 7 1 2 7 13 6 3 0 2 7 0 2 7 17 9 2 0 2 7 0 2 7 12 16 2 0 2 7 1 2 7 1 2 7 0 2 4 1 2 4 0 59.7211945056915283
0 2 7 1 2 7 13 6 3 0 2 4 0 2 7 0 2 7 0 2 7 12 16 2 1 2 7 1 2 7 1 2 7 0 2 7 0 2 7 1 2 7 0 2 7 5 31 3 12 16 2 0 2 7 17 18 2 0 2 7 17 9 2 1 2 7 1 2 7 0 2 7 17 9 2 0 2 7 0 2 7 17 18 2 16 6 2 1 2 7 0 2 7 0 2 7 13 6 3 12 16 2 1 2 7 0 2 7 17 18 2 5 31 3 1 2 7 5 31 3 0 2 7 1 2 7 1 2 7 1 2 7 1 2 7 1 2 7 0 2 7 1 2 7 13 6 3 0 2 7 0 2 7 17 9 2 0 2 7 0 2 7 12 16 2 0 2 7 1 2 7 1 2 7 0 2 4 1 2 4 0 59.7211945056915283
0 2 7 1 2 7 13 6 3 0 2 4 0 2 7 0 2 7 0 2 7 12 16 2 1 2 7 1 2 7 1 2 7 0 2 7 0 2 7 1 2 7 0 2 7 5 31 3 12 16 2 0 2 7 17 18 2 0 2 7 17 9 2 1 2 7 1 2 7 0 2 7 17 9 2 0 2 7 0 2 7 17 18 2 16 6 2 1 2 7 0 2 7 0 2 7 13 6 3 12 16 2 1 2 7 0 2 7 17 18 2 5 31 3 1 2 7 5 31 3 0 2 7 1 2 7 1 2 7 1 2 7 1 2 7 1 2 7 0 2 7 1 2 7 13 6 3 0 2 7 0 2 7 17 9 2 0 2 7 0 2 7 12 16 2 0 2 7 1 2 7 1 2 7 0 2 4 1 2 4 0 59.7211945056915283
0 2 7 1 2 7 13 6 3 0 2 4 0 2 7 0 2 7 0 2 7 12 16 2 1 2 7 1 2 7 1 2 7 0 2 7 0 2 7 1 2 7 0 2 7 5 31 3 12 16 2 0 2 7 17 18 2 0 2 7 17 9 2 1 2 7 1 2 7 0 2 7 17 9 2 0 2 7 0 2 7 17 18 2 16 6 2 1 2 7 0 2 7 0 2 7 13 6 3 12 16 2 1 2 7 0 2 7 17 18 2 5 31 3 1 2 7 5 31 3 0 2 7 1 2 7 1 2 7 1 2 7 1 2 7 1 2 7 0 2 7 1 2 7 13 6 3 0 2 7 0 2 7 17 9 2 0 2 7 0 2 7 12 16 2 0 2 7 1 2 7 1 2 7 0 2 4 1 2 4 0 59.7211945056915283
0 2 7 1 2 7 13 6 3 0 2 4 0 2 7 0 2 7 0 2 7 12 16 2 1 2 7 1 2 7 1 2 7 0 2 7 0 2 7 1 2 7 0 2 7 5 31 3 12 16 2 0 2 7 17 18 2 0 2 7 17 9 2 1 2 7 1 2 7 0 2 7 17 9 2 0 2 7 0 2 7 17 18 2 16 6 2 1 2 7 0 2 7 0 2 7 13 6 3 12 16 2 1 2 7 0 2 7 17 18 2 5 31 3 1 2 7 5 31 3 0 2 7 1 2 7 1 2 7 1 2 7 1 2 7 1 2 7 0 2 7 1 2 7 13 6 3 0 2 7 0 2 7 17 9 2 0 2 7 0 2 7 12 16 2 0 2 7 1 2 7 1 2 7 0 2 4 1 2 4 0 59.7211945056915283
0 2 7 1 2 7 13 6 3 0 2 4 0 2 7 0 2 7 0 2 7 12 16 2 1 2 7 1 2 7 1 2 7 0 2 7 0 2 7 1 2 7 0 2 7 5 31 3 12 16 2 0 2 7 17 18 2 0 2 7 17 9 2 1 2 7 1 2 7 0 2 7 17 9 2 0 2 7 0 2 7 17 18 2 16 6 2 1 2 7 0 2 7 0 2 7 13 6 3 12 16 2 1 2 7 0 2 7 17 18 2 5 31 3 1 2 7 5 31 3 0 2 7 1 2 7 1 2 7 1 2 7 1 2 7 1 2 7 0 2 7 1 2 7 13 6 3 0 2 7 0 2 7 17 9 2 0 2 7 0 2 7 12 16 2 0 2 7 1 2 7 1 2 7 0 2 4 1 2 4 0 59.7211945056915283
0 2 7 1 2 7 13 6 3 0 2 4 0 2 7 0 2 7 0 2 7 12 16 2 1 2 7 1 2 7 1 2 7 0 2 7 0 2 7 1 2 7 0 2 7 5 31 3 12 16 2 0 2 7 17 18 2 0 2 7 17 9 2 1 2 7 1 2 7 0 2 7 17 9 2 0 2 7 0 2 7 17 18 2 16 6 2 1 2 7 0 2 7 0 2 7 13 6 3 12 16 2 1 2 7 0 2 7 17 18 2 5 31 3 1 2 7 5 31 3 0 2 7 1 2 7 1 2 7 1 2 7 1 2 7 1 2 7 0 2 7 1 2 7 13 6 3 0 2 7 0 2 7 17 9 2 0 2 7 0 2 7 12 16 2 0 2 7 1 2 7 1 2 7 0 2 4 1 2 4 0 59.7211945056915283
0 2 7 1 2 7 13 6 3 0 2 4 0 2 7 0 2 7 0 2 7 12 16 2 1 2 7 1 2 7 1 2 7 0 2 7 0 2 7 1 2 7 0 2 7 5 31 3 12 16 2 0 2 7 17 18 2 0 2 7 17 9 2 1 2 7 1 2 7 0 2 7 17 9 2 0 2 7 0 2 7 17 18 2 16 6 2 1 2 7 0 2 7 0 2 7 13 6 3 12 16 2 1 2 7 0 2 7 17 18 2 5 31 3 1 2 7 5 31 3 0 2 7 1 2 7 1 2 7 1 2 7 1 2 7 1 2 7 0 2 7 1 2 7 13 6 3 0 2 7 0 2 7 17 9 2 0 2 7 0 2 7 12 16 2 0 2 7 1 2 7 1 2 7 0 2 4 1 2 4 0 59.7211945056915283
0 2 7 1 2 7 13 6 3 0 2 4 0 2 7 0 2 7 0 2 7 12 16 2 1 2 7 1 2 7 1 2 7 0 2 7 0 2 7 1 2 7 0 2 7 5 31 3 12 16 2 0 2 7 17 18 2 0 2 7 17 9 2 1 2 7 1 2 7 0 2 7 17 9 2 0 2 7 0 2 7 17 18 2 16 6 2 1 2 7 0 2 7 0 2 7 13 6 3 12 16 2 1 2 7 0 2 7 17 18 2 5 31 3 1 2 7 5 31 3 0 2 7 1 2 7 1 2 7 1 2 7 1 2 7 1 2 7 0 2 7 1 2 7 13 6 3 0 2 7 0 2 7 17 9 2 0 2 7 0 2 7 12 16 2 0 2 7 1 2 7 1 2 7 0 2 4 1 2 4 0 59.7211945056915283
0 2 7 1 2 7 13 6 3 0 2 4 0 2 7 0 2 7 0 2 7 12 16 2 1 2 7 1 2 7 1 2 7 0 2 7 0 2 7 1 2 7 0 2 7 5 31 3 12 16 2 0 2 7 17 18 2 0 2 7 17 9 2 1 2 7 1 2 7 0 2 7 17 9 2 0 2 7 0 2 7 17 18 2 16 6 2 1 2 7 0 2 7 0 2 7 13 6 3 12 16 2 1 2 7 0 2 7 17 18 2 5 31 3 1 2 7 5 31 3 0 2 7 1 2 7 1 2 7 1 2 7 1 2 7 1 2 7 0 2 7 1 2 7 13 6 3 0 2 7 0 2 7 17 9 2 0 2 7 0 2 7 12 16 2 0 2 7 1 2 7 1 2 7 0 2 4 1 2 4 0 59.7211945056915283
0 2 7 1 2 7 13 6 3 0 2 4 0 2 7 0 2 7 0 2 7 12 16 2 1 2 7 1 2 7 1 2 7 0 2 7 0 2 7 1 2 7 0 2 7 5 31 3 12 16 2 0 2 7 17 18 2 0 2 7 17 9 2 1 2 7 1 2 7 0 2 7 17 9 2 0 2 7 0 2 7 17 18 2 16 6 2 1 2 7 0 2 7 0 2 7 13 6 3 12 16 2 1 2 7 0 2 7 17 18 2 5 31 3 1 2 7 5 31 3 0 2 7 1 2 7 1 2 7 1 2 7 1 2 7 1 2 7 0 2 7 1 2 7 13 6 3 0 2 7 0 2 7 17 9 2 0 2 7 0 2 7 12 16 2 0 2 7 1 2 7 1 2 7 0 2 4 1 2 4 0 59.7211945056915283
0 2 7 1 2 7 13 6 3 0 2 4 0 2 7 0 2 7 0 2 7 12 16 2 1 2 7 1 2 7 1 2 7 0 2 7 0 2 7 1 2 7 0 2 7 5 31 3 12 16 2 0 2 7 17 18 2 0 2 7 17 9 2 1 2 7 1 2 7 0 2 7 17 9 2 0 2 7 0 2 7 17 18 2 16 6 2 1 2 7 0 2 7 0 2 7 13 6 3 12 16 2 1 2 7 0 2 7 17 18 2 5 31 3 1 2 7 5 31 3 0 2 7 1 2 7 1 2 7 1 2 7 1 2 7 1 2 7 0 2 7 1 2 7 13 6 3 0 2 7 0 2 7 17 9 2 0 2 7 0 2 7 12 16 2 0 2 7 1 2 7 1 2 7 0 2 4 1 2 4 0 59.7211945056915283
0 2 7 1 2 7 13 6 3 0 2 4 0 2 7 0 2 7 0 2 7 12 16 2 1 2 7 1 2 7 1 2 7 0 2 7 0 2 7 1 2 7 0 2 7 5 31 3 12 16 2 0 2 7 17 18 2 0 2 7 17 9 2 1 2 7 1 2 7 0 2 7 17 9 2 0 2 7 0 2 7 17 18 2 16 6 2 1 2 7 0 2 7 0 2 7 13 6 3 12 16 2 1 2 7 0 2 7 17 18 2 5 31 3 1 2 7 5 31 3 0 2 7 1 2 7 1 2 7 1 2 7 1 2 7 1 2 7 0 2 7 1 2 7 13 6 3 0 2 7 0 2 7 17 9 2 0 2 7 0 2 7 12 16 2 0 2 7 1 2 7 1 2 7 0 2 4 1 2 4 0 59.7211945056915283
0 2 7 1 2 7 13 6 3 0 2 4 0 2 7 0 2 7 0 2 7 12 16 2 1 2 7 1 2 7 1 2 7 0 2 7 0 2 7 1 2 7 0 2 7 5 31 3 12 16 2 0 2 7 17 18 2 0 2 7 17 9 2 1 2 7 1 2 7 0 2 7 17 9 2 0 2 7 0 2 7 17 18 2 16 6 2 1 2 7 0 2 7 0 2 7 13 6 3 12 16 2 1 2 7 0 2 7 17 18 2 5 31 3 1 2 7 5 31 3 0 2 7 1 2 7 1 2 7 1 2 7 1 2 7 1 2 7 0 2 7 1 2 7 13 6 3 0 2 7 0 2 7 17 9 2 0 2 7 0 2 7 12 16 2 0 2 7 1 2 7 1 2 7 0 2 4 1 2 4 0 59.7211945056915283
0 2 7 1 2 7 13 6 3 0 2 4 0 2 7 0 2 7 0 2 7 12 16 2 1 2 7 1 2 7 1 2 7 0 2 7 0 2 7 1 2 7 0 2 7 5 31 3 12 16 2 0 2 7 17 18 2 0 2 7 17 9 2 1 2 7 1 2 7 0 2 7 17 9 2 0 2 7 0 2 7 17 18 2 16 6 2 1 2 7 0 2 7 0 2 7 13 6 3 12 16 2 1 2 7 0 2 7 17 18 2 5 31 3 1 2 7 5 31 3 0 2 7 1 2 7 1 2 7 1 2 7 1 2 7 1 2 7 0 2 7 1 2 7 13 6 3 0 2 7 0 2 7 17 9 2 0 2 7 0 2 7 12 16 2 0 2 7 1 2 7 1 2 7 0 2 4 1 2 4 0 59.7211945056915283
0 2 7 1 2 7 13 6 3 0 2 4 0 2 7 0 2 7 0 2 7 12 16 2 1 2 7 1 2 7 1 2 7 0 2 7 0 2 7 1 2 7 0 2 7 5 31 3 12 16 2 0 2 7 17 18 2 0 2 7 17 9 2 1 2 7 1 2 7 0 2 7 17 9 2 0 2 7 0 2 7 17 18 2 16 6 2 1 2 7 0 2 7 0 2 7 13 6 3 12 16 2 1 2 7 0 2 7 17 18 2 5 31 3 1 2 7 5 31 3 0 2 7 1 2 7 1 2 7 1 2 7 1 2 7 1 2 7 0 2 7 1 2 7 13 6 3 0 2 7 0 2 7 17 9 2 0 2 7 0 2 7 12 16 2 0 2 7 1 2 7 1 2 7 0 2 4 1 2 4 0 59.7211945056915283
0 2 7 1 2 7 13 6 3 0 2 4 0 2 7 0 2 7 0 2 7 12 16 2 1 2 7 1 2 7 1 2 7 0 2 7 0 2 7 1 2 7 0 2 7 5 31 3 12 16 2 0 2 7 17 18 2 0 2 7 17 9 2 1 2 7 1 2 7 0 2 7 17 9 2 0 2 7 0 2 7 17 18 2 16 6 2 1 2 7 0 2 7 0 2 7 13 6 3 12 16 2 1 2 7 0 2 7 17 18 2 5 31 3 1 2 7 5 31 3 0 2 7 1 2 7 1 2 7 1 2 7 1 2 7 1 2 7 0 2 7 1 2 7 13 6 3 0 2 7 0 2 7 17 9 2 0 2 7 0 2 7 12 16 2 0 2 7 1 2 7 1 2 7 0 2 4 1 2 4 0 59.7211945056915283
0 2 7 1 2 7 13 6 3 0 2 4 0 2 7 0 2 7 0 2 7 12 16 2 1 2 7 1 2 7 1 2 7 0 2 7 0 2 7 1 2 7 0 2 7 5 31 3 12 16 2 0 2 7 17 18 2 0 2 7 17 9 2 1 2 7 1 2 7 0 2 7 17 9 2 0 2 7 0 2 7 17 18 2 16 6 2 1 2 7 0 2 7 0 2 7 13 6 3 12 16 2 1 2 7 0 2 7 17 18 2 5 31 3 1 2 7 5 31 3 0 2 7 1 2 7 1 2 7 1 2 7 1 2 7 1 2 7 0 2 7 1 2 7 13 6 3 0 2 7 0 2 7 17 9 2 0 2 7 0 2 7 12 16 2 0 2 7 1 2 7 1 2 7 0 2 4 1 2 4 0 59.7211945056915283
0 2 7 1 2 7 13 6 3 0 2 4 0 2 7 0 2 7 0 2 7 12 16 2 1 2 7 1 2 7 1 2 7 0 2 7 0 2 7 1 2 7 0 2 7 5 31 3 12 16 2 0 2 7 17 18 2 0 2 7 17 9 2 1 2 7 1 2 7 0 2 7 17 9 2 0 2 7 0 2 7 17 18 2 16 6 2 1 2 7 0 2 7 0 2 7 13 6 3 12 16 2 1 2 7 0 2 7 17 18 2 5 31 3 1 2 7 5 31 3 0 2 7 1 2 7 1 2 7 1 2 7 1 2 7 1 2 7 0 2 7 1 2 7 13 6 3 0 2 7 0 2 7 17 9 2 0 2 7 0 2 7 12 16 2 0 2 7 1 2 7 1 2 7 0 2 4 1 2 4 0 59.7211945056915283
0 2 7 1 2 7 13 6 3 0 2 4 0 2 7 0 2 7 0 2 7 12 16 2 1 2 7 1 2 7 1 2 7 0 2 7 0 2 7 1 2 7 0 2 7 5 31 3 12 16 2 0 2 7 17 18 2 0 2 7 17 9 2 1 2 7 1 2 7 0 2 7 17 9 2 0 2 7 0 2 7 17 18 2 16 6 2 1 2 7 0 2 7 0 2 7 13 6 3 12 16 2 1 2 7 0 2 7 17 18 2 5 31 3 1 2 7 5 31 3 0 2 7 1 2 7 1 2 7 1 2 7 1 2 7 1 2 7 0 2 7 1 2 7 13 6 3 0 2 7 0 2 7 17 9 2 0 2 7 0 2 7 12 16 2 0 2 7 1 2 7 1 2 7 0 2 4 1 2 4 0 59.7211945056915283
0 2 7 1 2 7 13 6 3 0 2 4 0 2 7 0 2 7 0 2 7 12 16 2 1 2 7 1 2 7 1 2 7 0 2 7 0 2 7 1 2 7 0 2 7 5 31 3 12 16 2 0 2 7 17 18 2 0 2 7 17 9 2 1 2 7 1 2 7 0 2 7 17 9 2 0 2 7 0 2 7 17 18 2 16 6 2 1 2 7 0 2 7 0 2 7 13 6 3 12 16 2 1 2 7 0 2 7 17 18 2 5 31 3 1 2 7 5 31 3 0 2 7 1 2 7 1 2 7 1 2 7 1 2 7 1 2 7 0 2 7 1 2 7 13 6 3 0 2 7 0 2 7 17 9 2 0 2 7 0 2 7 12 16 2 0 2 7 1 2 7 1 2 7 0 2 4 1 2 4 0 59.7211945056915283
0 2 7 1 2 7 13 6 3 0 2 4 0 2 7 0 2 7 0 2 7 12 16 2 1 2 7 1 2 7 1 2 7 0 2 7 0 2 7 1 2 7 0 2 7 5 31 3 12 16 2 0 2 7 17 18 2 0 2 7 17 9 2 1 2 7 1 2 7 0 2 7 17 9 2 0 2 7 0 2 7 17 18 2 16 6 2 1 2 7 0 2 7 0 2 7 13 6 3 12 16 2 1 2 7 0 2 7 17 18 2 5 31 3 1 2 7 5 31 3 0 2 7 1 2 7 1 2 7 1 2 7 1 2 7 1 2 7 0 2 7 1 2 7 13 6 3 0 2 7 0 2 7 17 9 2 0 2 7 0 2 7 12 16 2 0 2 7 1 2 7 1 2 7 0 2 4 1 2 4 0 59.7211945056915283
0 2 7 1 2 7 13 6 3 0 2 4 0 2 7 0 2 7 0 2 7 12 16 2 1 2 7 1 2 7 1 2 7 0 2 7 0 2 7 1 2 7 0 2 7 5 31 3 12 16 2 0 2 7 17 18 2 0 2 7 17 9 2 1 2 7 1 2 7 0 2 7 17 9 2 0 2 7 0 2 7 17 18 2 16 6 2 1 2 7 0 2 7 0 2 7 13 6 3 12 16 2 1 2 7 0 2 7 17 18 2 5 31 3 1 2 7 5 31 3 0 2 7 1 2 7 1 2 7 1 2 7 1 2 7 1 2 7 0 2 7 1 2 7 13 6 3 0 2 7 0 2 7 17 9 2 0 2 7 0 2 7 12 16 2 0 2 7 1 2 7 1 2 7 0 2 4 1 2 4 0 59.7211945056915283
0 2 7 1 2 7 13 6 3 0 2 4 0 2 7 0 2 7 0 2 7 12 16 2 1 2 7 1 2 7 1 2 7 0 2 7 0 2 7 1 2 7 0 2 7 5 31 3 12 16 2 0 2 7 17 18 2 0 2 7 17 9 2 1 2 7 1 2 7 0 2 7 17 9 2 0 2 7 0 2 7 17 18 2 16 6 2 1 2 7 0 2 7 0 2 7 13 6 3 12 16 2 1 2 7 0 2 7 17 18 2 5 31 3 1 2 7 5 31 3 0 2 7 1 2 7 1 2 7 1 2 7 1 2 7 1 2 7 0 2 7 1 2 7 13 6 3 0 2 7 0 2 7 17 9 2 0 2 7 0 2 7 12 16 2 0 2 7 1 2 7 1 2 7 0 2 4 1 2 4 0 59.7211945056915283
0 2 7 1 2 7 13 6 3 0 2 4 0 2 7 0 2 7 0 2 7 12 16 2 1 2 7 1 2 7 1 2 7 0 2 7 0 2 7 1 2 7 0 2 7 5 31 3 12 16 2 0 2 7 17 18 2 0 2 7 17 9 2 1 2 7 1 2 7 0 2 7 17 9 2 0 2 7 0 2 7 17 18 2 16 6 2 1 2 7 0 2 7 0 2 7 13 6 3 12 16 2 1 2 7 0 2 7 17 18 2 5 31 3 1 2 7 5 31 3 0 2 7 1 2 7 1 2 7 1 2 7 1 2 7 1 2 7 0 2 7 1 2 7 13 6 3 0 2 7 0 2 7 17 9 2 0 2 7 0 2 7 12 16 2 0 2 7 1 2 7 1 2 7 0 2 4 1 2 4 0 59.7211945056915283
0 2 7 1 2 7 13 6 3 0 2 4 0 2 7 0 2 7 0 2 7 12 16 2 1 2 7 1 2 7 1 2 7 0 2 7 0 2 7 1 2 7 0 2 7 5 31 3 12 16 2 0 2 7 17 18 2 0 2 7 17 9 2 1 2 7 1 2 7 0 2 7 17 9 2 0 2 7 0 2 7 17 18 2 16 6 2 1 2 7 0 2 7 0 2 7 13 6 3 12 16 2 1 2 7 0 2 7 17 18 2 5 31 3 1 2 7 5 31 3 0 2 7 1 2 7 1 2 7 1 2 7 1 2 7 1 2 7 0 2 7 1 2 7 13 6 3 0 2 7 0 2 7 17 9 2 0 2 7 0 2 7 12 16 2 0 2 7 1 2 7 1 2 7 0 2 4 1 2 4 0 59.7211945056915283
0 2 7 1 2 7 13 6 3 0 2 4 0 2 7 0 2 7 0 2 7 12 16 2 1 2 7 1 2 7 1 2 7 0 2 7 0 2 7 1 2 7 0 2 7 5 31 3 12 16 2 0 2 7 17 18 2 0 2 7 17 9 2 1 2 7 1 2 7 0 2 7 17 9 2 0 2 7 0 2 7 17 18 2 16 6 2 1 2 7 0 2 7 0 2 7 13 6 3 12 16 2 1 2 7 0 2 7 17 18 2 5 31 3 1 2 7 5 31 3 0 2 7 1 2 7 1 2 7 1 2 7 1 2 7 1 2 7 0 2 7 1 2 7 13 6 3 0 2 7 0 2 7 17 9 2 0 2 7 0 2 7 12 16 2 0 2 7 1 2 7 1 2 7 0 2 4 1 2 4 0 59.7211945056915283
0 2 7 1 2 7 13 6 3 0 2 4 0 2 7 0 2 7 0 2 7 12 16 2 1 2 7 1 2 7 1 2 7 0 2 7 0 2 7 1 2 7 0 2 7 5 31 3 12 16 2 0 2 7 17 18 2 0 2 7 17 9 2 1 2 7 1 2 7 0 2 7 17 9 2 0 2 7 0 2 7 17 18 2 16 6 2 1 2 7 0 2 7 0 2 7 13 6 3 12 16 2 1 2 7 0 2 7 17 18 2 5 31 3 1 2 7 5 31 3 0 2 7 1 2 7 1 2 7 1 2 7 1 2 7 1 2 7 0 2 7 1 2 7 13 6 3 0 2 7 0 2 7 17 9 2 0 2 7 0 2 7 12 16 2 0 2 7 1 2 7 1 2 7 0 2 4 1 2 4 0 59.7211945056915283
0 2 7 1 2 7 13 6 3 0 2 4 0 2 7 0 2 7 0 2 7 12 16 2 1 2 7 1 2 7 1 2 7 0 2 7 0 2 7 1 2 7 0 2 7 5 31 3 12 16 2 0 2 7 17 18 2 0 2 7 17 9 2 1 2 7 1 2 7 0 2 7 17 9 2 0 2 7 0 2 7 17 18 2 16 6 2 1 2 7 0 2 7 0 2 7 13 6 3 12 16 2 1 2 7 0 2 7 17 18 2 5 31 3 1 2 7 5 31 3 0 2 7 1 2 7 1 2 7 1 2 7 1 2 7 1 2 7 0 2 7 1 2 7 13 6 3 0 2 7 0 2 7 17 9 2 0 2 7 0 2 7 12 16 2 0 2 7 1 2 7 1 2 7 0 2 4 1 2 4 0 59.7211945056915283
0 2 7 1 2 7 13 6 3 0 2 4 0 2 7 0 2 7 0 2 7 12 16 2 1 2 7 1 2 7 1 2 7 0 2 7 0 2 7 1 2 7 0 2 7 5 31 3 12 16 2 0 2 7 17 18 2 0 2 7 17 9 2 1 2 7 1 2 7 0 2 7 17 9 2 0 2 7 0 2 7 17 18 2 16 6 2 1 2 7 0 2 7 0 2 7 13 6 3 12 16 2 1 2 7 0 2 7 17 18 2 5 31 3 1 2 7 5 31 3 0 2 7 1 2 7 1 2 7 1 2 7 1 2 7 1 2 7 0 2 7 1 2 7 13 6 3 0 2 7 0 2 7 17 9 2 0 2 7 0 2 7 12 16 2 0 2 7 1 2 7 1 2 7 0 2 4 1 2 4 0 59.7211945056915283
0 2 7 1 2 7 13 6 3 0 2 4 0 2 7 0 2 7 0 2 7 12 16 2 1 2 7 1 2 7 1 2 7 0 2 7 0 2 7 1 2 7 0 2 7 5 31 3 12 16 2 0 2 7 17 18 2 0 2 7 17 9 2 1 2 7 1 2 7 0 2 7 17 9 2 0 2 7 0 2 7 17 18 2 16 6 2 1 2 7 0 2 7 0 2 7 13 6 3 12 16 2 1 2 7 0 2 7 17 18 2 5 31 3 1 2 7 5 31 3 0 2 7 1 2 7 1 2 7 1 2 7 1 2 7 1 2 7 0 2 7 1 2 7 13 6 3 0 2 7 0 2 7 17 9 2 0 2 7 0 2 7 12 16 2 0 2 7 1 2 7 1 2 7 0 2 4 1 2 4 0 59.7211945056915283
0 2 7 1 2 7 13 6 3 0 2 4 0 2 7 0 2 7 0 2 7 12 16 2 1 2 7 1 2 7 1 2 7 0 2 7 0 2 7 1 2 7 0 2 7 5 31 3 12 16 2 0 2 7 17 18 2 0 2 7 17 9 2 1 2 7 1 2 7 0 2 7 17 9 2 0 2 7 0 2 7 17 18 2 16 6 2 1 2 7 0 2 7 0 2 7 13 6 3 12 16 2 1 2 7 0 2 7 17 18 2 5 31 3 1 2 7 5 31 3 0 2 7 1 2 7 1 2 7 1 2 7 1 2 7 1 2 7 0 2 7 1 2 7 13 6 3 0 2 7 0 2 7 17 9 2 0 2 7 0 2 7 12 16 2 0 2 7 1 2 7 1 2 7 0 2 4 1 2 4 0 59.7211945056915283
0 2 7 1 2 7 13 6 3 0 2 4 0 2 7 0 2 7 0 2 7 12 16 2 1 2 7 1 2 7 1 2 7 0 2 7 0 2 7 1 2 7 0 2 7 5 31 3 12 16 2 0 2 7 17 18 2 0 2 7 17 9 2 1 2 7 1 2 7 0 2 7 17 9 2 0 2 7 0 2 7 17 18 2 16 6 2 1 2 7 0 2 7 0 2 7 13 6 3 12 16 2 1 2 7 0 2 7 17 18 2 5 31 3 1 2 7 5 31 3 0 2 7 1 2 7 1 2 7 1 2 7 1 2 7 1 2 7 0 2 7 1 2 7 13 6 3 0 2 7 0 2 7 17 9 2 0 2 7 0 2 7 12 16 2 0 2 7 1 2 7 1 2 7 0 2 4 1 2 4 0 59.7211945056915283
0 2 7 1 2 7 13 6 3 0 2 4 0 2 7 0 2 7 0 2 7 12 16 2 1 2 7 1 2 7 1 2 7 0 2 7 0 2 7 1 2 7 0 2 7 5 31 3 12 16 2 0 2 7 17 18 2 0 2 7 17 9 2 1 2 7 1 2 7 0 2 7 17 9 2 0 2 7 0 2 7 17 18 2 16 6 2 1 2 7 0 2 7 0 2 7 13 6 3 12 16 2 1 2 7 0 2 7 17 18 2 5 31 3 1 2 7 5 31 3 0 2 7 1 2 7 1 2 7 1 2 7 1 2 7 1 2 7 0 2 7 1 2 7 13 6 3 0 2 7 0 2 7 17 9 2 0 2 7 0 2 7 12 16 2 0 2 7 1 2 7 1 2 7 0 2 4 1 2 4 0 59.7211945056915283
0 2 7 1 2 7 13 6 3 0 2 4 0 2 7 0 2 7 0 2 7 12 16 2 1 2 7 1 2 7 1 2 7 0 2 7 0 2 7 1 2 7 0 2 7 5 31 3 12 16 2 0 2 7 17 18 2 0 2 7 17 9 2 1 2 7 1 2 7 0 2 7 17 9 2 0 2 7 0 2 7 17 18 2 16 6 2 1 2 7 0 2 7 0 2 7 13 6 3 12 16 2 1 2 7 0 2 7 17 18 2 5 31 3 1 2 7 5 31 3 0 2 7 1 2 7 1 2 7 1 2 7 1 2 7 1 2 7 0 2 7 1 2 7 13 6 3 0 2 7 0 2 7 17 9 2 0 2 7 0 2 7 12 16 2 0 2 7 1 2 7 1 2 7 0 2 4 1 2 4 0 59.7211945056915283
0 2 7 1 2 7 13 6 3 0 2 4 0 2 7 0 2 7 0 2 7 12 16 2 1 2 7 1 2 7 1 2 7 0 2 7 0 2 7 1 2 7 0 2 7 5 31 3 12 16 2 0 2 7 17 18 2 0 2 7 17 9 2 1 2 7 1 2 7 0 2 7 17 9 2 0 2 7 0 2 7 17 18 2 16 6 2 1 2 7 0 2 7 0 2 7 13 6 3 12 16 2 1 2 7 0 2 7 17 18 2 5 31 3 1 2 7 5 31 3 0 2 7 1 2 7 1 2 7 1 2 7 1 2 7 1 2 7 0 2 7 1 2 7 13 6 3 0 2 7 0 2 7 17 9 2 0 2 7 0 2 7 12 16 2 0 2 7 1 2 7 1 2 7 0 2 4 1 2 4 0 59.7211945056915283
0 2 7 1 2 7 13 6 3 0 2 4 0 2 7 0 2 7 0 2 7 12 16 2 1 2 7 1 2 7 1 2 7 0 2 7 0 2 7 1 2 7 0 2 7 5 31 3 12 16 2 0 2 7 17 18 2 0 2 7 17 9 2 1 2 7 1 2 7 0 2 7 17 9 2 0 2 7 0 2 7 17 18 2 16 6 2 1 2 7 0 2 7 0 2 7 13 6 3 12 16 2 1 2 7 0 2 7 17 18 2 5 31 3 1 2 7 5 31 3 0 2 7 1 2 7 1 2 7 1 2 7 1 2 7 1 2 7 0 2 7 1 2 7 13 6 3 0 2 7 0 2 7 17 9 2 0 2 7 0 2 7 12 16 2 0 2 7 1 2 7 1 2 7 0 2 4 1 2 4 0 59.7211945056915283
0 2 7 1 2 7 13 6 3 0 2 4 0 2 7 0 2 7 0 2 7 12 16 2 1 2 7 1 2 7 1 2 7 0 2 7 0 2 7 1 2 7 0 2 7 5 31 3 12 16 2 0 2 7 17 18 2 0 2 7 17 9 2 1 2 7 1 2 7 0 2 7 17 9 2 0 2 7 0 2 7 17 18 2 16 6 2 1 2 7 0 2 7 0 2 7 13 6 3 12 16 2 1 2 7 0 2 7 17 18 2 5 31 3 1 2 7 5 31 3 0 2 7 1 2 7 1 2 7 1 2 7 1 2 7 1 2 7 0 2 7 1 2 7 13 6 3 0 2 7 0 2 7 17 9 2 0 2 7 0 2 7 12 16 2 0 2 7 1 2 7 1 2 7 0 2 4 1 2 4 0 59.7211945056915283
0 2 7 1 2 7 13 6 3 0 2 4 0 2 7 0 2 7 0 2 7 12 16 2 1 2 7 1 2 7 1 2 7 0 2 7 0 2 7 1 2 7 0 2 7 5 31 3 12 16 2 0 2 7 17 18 2 0 2 7 17 9 2 1 2 7 1 2 7 0 2 7 17 9 2 0 2 7 0 2 7 17 18 2 16 6 2 1 2 7 0 2 7 0 2 7 13 6 3 12 16 2 1 2 7 0 2 7 17 18 2 5 31 3 1 2 7 5 31 3 0 2 7 1 2 7 1 2 7 1 2 7 1 2 7 1 2 7 0 2 7 1 2 7 13 6 3 0 2 7 0 2 7 17 9 2 0 2 7 0 2 7 12 16 2 0 2 7 1 2 7 1 2 7 0 2 4 1 2 4 0 59.7211945056915283
0 2 7 1 2 7 13 6 3 0 2 4 0 2 7 0 2 7 0 2 7 12 16 2 1 2 7 1 2 7 1 2 7 0 2 7 0 2 7 1 2 7 0 2 7 5 31 3 12 16 2 0 2 7 17 18 2 0 2 7 17 9 2 1 2 7 1 2 7 0 2 7 17 9 2 0 2 7 0 2 7 17 18 2 16 6 2 1 2 7 0 2 7 0 2 7 13 6 3 12 16 2 1 2 7 0 2 7 17 18 2 5 31 3 1 2 7 5 31 3 0 2 7 1 2 7 1 2 7 1 2 7 1 2 7 1 2 7 0 2 7 1 2 7 13 6 3 0 2 7 0 2 7 17 9 2 0 2 7 0 2 7 12 16 2 0 2 7 1 2 7 1 2 7 0 2 4 1 2 4 0 59.7211945056915283
0 2 7 1 2 7 13 6 3 0 2 4 0 2 7 0 2 7 0 2 7 12 16 2 1 2 7 1 2 7 1 2 7 0 2 7 0 2 7 1 2 7 0 2 7 5 31 3 12 16 2 0 2 7 17 18 2 0 2 7 17 9 2 1 2 7 1 2 7 0 2 7 17 9 2 0 2 7 0 2 7 17 18 2 16 6 2 1 2 7 0 2 7 0 2 7 13 6 3 12 16 2 1 2 7 0 2 7 17 18 2 5 31 3 1 2 7 5 31 3 0 2 7 1 2 7 1 2 7 1 2 7 1 2 7 1 2 7 0 2 7 1 2 7 13 6 3 0 2 7 0 2 7 17 9 2 0 2 7 0 2 7 12 16 2 0 2 7 1 2 7 1 2 7 0 2 4 1 2 4 0 59.7211945056915283
0 2 7 1 2 7 13 6 3 0 2 4 0 2 7 0 2 7 0 2 7 12 16 2 1 2 7 1 2 7 1 2 7 0 2 7 0 2 7 1 2 7 0 2 7 5 31 3 12 16 2 0 2 7 17 18 2 0 2 7 17 9 2 1 2 7 1 2 7 0 2 7 17 9 2 0 2 7 0 2 7 17 18 2 16 6 2 1 2 7 0 2 7 0 2 7 13 6 3 12 16 2 1 2 7 0 2 7 17 18 2 5 31 3 1 2 7 5 31 3 0 2 7 1 2 7 1 2 7 1 2 7 1 2 7 1 2 7 0 2 7 1 2 7 13 6 3 0 2 7 0 2 7 17 9 2 0 2 7 0 2 7 12 16 2 0 2 7 1 2 7 1 2 7 0 2 4 1 2 4 0 59.7211945056915283
0 2 7 1 2 7 13 6 3 0 2 4 0 2 7 0 2 7 0 2 7 12 16 2 1 2 7 1 2 7 1 2 7 0 2 7 0 2 7 1 2 7 0 2 7 5 31 3 12 16 2 0 2 7 17 18 2 0 2 7 17 9 2 1 2 7 1 2 7 0 2 7 17 9 2 0 2 7 0 2 7 17 18 2 16 6 2 1 2 7 0 2 7 0 2 7 13 6 3 12 16 2 1 2 7 0 2 7 17 18 2 5 31 3 1 2 7 5 31 3 0 2 7 1 2 7 1 2 7 1 2 7 1 2 7 1 2 7 0 2 7 1 2 7 13 6 3 0 2 7 0 2 7 17 9 2 0 2 7 0 2 7 12 16 2 0 2 7 1 2 7 1 2 7 0 2 4 1 2 4 0 59.7211945056915283
0 2 7 1 2 7 13 6 3 0 2 4 0 2 7 0 2 7 0 2 7 12 16 2 1 2 7 1 2 7 1 2 7 0 2 7 0 2 7 1 2 7 0 2 7 5 31 3 12 16 2 0 2 7 17 18 2 0 2 7 17 9 2 1 2 7 1 2 7 0 2 7 17 9 2 0 2 7 0 2 7 17 18 2 16 6 2 1 2 7 0 2 7 0 2 7 13 6 3 12 16 2 1 2 7 0 2 7 17 18 2 5 31 3 1 2 7 5 31 3 0 2 7 1 2 7 1 2 7 1 2 7 1 2 7 1 2 7 0 2 7 1 2 7 13 6 3 0 2 7 0 2 7 17 9 2 0 2 7 0 2 7 12 16 2 0 2 7 1 2 7 1 2 7 0 2 4 1 2 4 0 59.7211945056915283
0 2 7 1 2 7 13 6 3 0 2 4 0 2 7 0 2 7 0 2 7 12 16 2 1 2 7 1 2 7 1 2 7 0 2 7 0 2 7 1 2 7 0 2 7 5 31 3 12 16 2 0 2 7 17 18 2 0 2 7 17 9 2 1 2 7 1 2 7 0 2 7 17 9 2 0 2 7 0 2 7 17 18 2 16 6 2 1 2 7 0 2 7 0 2 7 13 6 3 12 16 2 1 2 7 0 2 7 17 18 2 5 31 3 1 2 7 5 31 3 0 2 7 1 2 7 1 2 7 1 2 7 1 2 7 1 2 7 0 2 7 1 2 7 13 6 3 0 2 7 0 2 7 17 9 2 0 2 7 0 2 7 12 16 2 0 2 7 1 2 7 1 2 7 0 2 4 1 2 4 0 59.7211945056915283
0 2 7 1 2 7 13 6 3 0 2 4 0 2 7 0 2 7 0 2 7 12 16 2 1 2 7 1 2 7 1 2 7 0 2 7 0 2 7 1 2 7 0 2 7 5 31 3 12 16 2 0 2 7 17 18 2 0 2 7 17 9 2 1 2 7 1 2 7 0 2 7 17 9 2 0 2 7 0 2 7 17 18 2 16 6 2 1 2 7 0 2 7 0 2 7 13 6 3 12 16 2 1 2 7 0 2 7 17 18 2 5 31 3 1 2 7 5 31 3 0 2 7 1 2 7 1 2 7 1 2 7 1 2 7 1 2 7 0 2 7 1 2 7 13 6 3 0 2 7 0 2 7 17 9 2 0 2 7 0 2 7 12 16 2 0 2 7 1 2 7 1 2 7 0 2 4 1 2 4 0 59.7211945056915283
0 2 7 1 2 7 13 6 3 0 2 4 0 2 7 0 2 7 0 2 7 12 16 2 1 2 7 1 2 7 1 2 7 0 2 7 0 2 7 1 2 7 0 2 7 5 31 3 12 16 2 0 2 7 17 18 2 0 2 7 17 9 2 1 2 7 1 2 7 0 2 7 17 9 2 0 2 7 0 2 7 17 18 2 16 6 2 1 2 7 0 2 7 0 2 7 13 6 3 12 16 2 1 2 7 0 2 7 17 18 2 5 31 3 1 2 7 5 31 3 0 2 7 1 2 7 1 2 7 1 2 7 1 2 7 1 2 7 0 2 7 1 2 7 13 6 3 0 2 7 0 2 7 17 9 2 0 2 7 0 2 7 12 16 2 0 2 7 1 2 7 1 2 7 0 2 4 1 2 4 0 59.7211945056915283
0 2 7 1 2 7 13 6 3 0 2 4 0 2 7 0 2 7 0 2 7 12 16 2 1 2 7 1 2 7 1 2 7 0 2 7 0 2 7 1 2 7 0 2 7 5 31 3 12 16 2 0 2 7 17 18 2 0 2 7 17 9 2 1 2 7 1 2 7 0 2 7 17 9 2 0 2 7 0 2 7 17 18 2 16 6 2 1 2 7 0 2 7 0 2 7 13 6 3 12 16 2 1 2 7 0 2 7 17 18 2 5 31 3 1 2 7 5 31 3 0 2 7 1 2 7 1 2 7 1 2 7 1 2 7 1 2 7 0 2 7 1 2 7 13 6 3 0 2 7 0 2 7 17 9 2 0 2 7 0 2 7 12 16 2 0 2 7 1 2 7 1 2 7 0 2 4 1 2 4 0 59.7211945056915283
0 2 7 1 2 7 13 6 3 0 2 4 0 2 7 0 2 7 0 2 7 12 16 2 1 2 7 1 2 7 1 2 7 0 2 7 0 2 7 1 2 7 0 2 7 5 31 3 12 16 2 0 2 7 17 18 2 0 2 7 17 9 2 1 2 7 1 2 7 0 2 7 17 9 2 0 2 7 0 2 7 17 18 2 16 6 2 1 2 7 0 2 7 0 2 7 13 6 3 12 16 2 1 2 7 0 2 7 17 18 2 5 31 3 1 2 7 5 31 3 0 2 7 1 2 7 1 2 7 1 2 7 1 2 7 1 2 7 0 2 7 1 2 7 13 6 3 0 2 7 0 2 7 17 9 2 0 2 7 0 2 7 12 16 2 0 2 7 1 2 7 1 2 7 0 2 4 1 2 4 0 59.7211945056915283
0 2 7 1 2 7 13 6 3 0 2 4 0 2 7 0 2 7 0 2 7 12 16 2 1 2 7 1 2 7 1 2 7 0 2 7 0 2 7 1 2 7 0 2 7 5 31 3 12 16 2 0 2 7 17 18 2 0 2 7 17 9 2 1 2 7 1 2 7 0 2 7 17 9 2 0 2 7 0 2 7 17 18 2 16 6 2 1 2 7 0 2 7 0 2 7 13 6 3 12 16 2 1 2 7 0 2 7 17 18 2 5 31 3 1 2 7 5 31 3 0 2 7 1 2 7 1 2 7 1 2 7 1 2 7 1 2 7 0 2 7 1 2 7 13 6 3 0 2 7 0 2 7 17 9 2 0 2 7 0 2 7 12 16 2 0 2 7 1 2 7 1 2 7 0 2 4 1 2 4 0 59.7211945056915283
0 2 7 1 2 7 13 6 3 0 2 4 0 2 7 0 2 7 0 2 7 12 16 2 1 2 7 1 2 7 1 2 7 0 2 7 0 2 7 1 2 7 0 2 7 5 31 3 12 16 2 0 2 7 17 18 2 0 2 7 17 9 2 1 2 7 1 2 7 0 2 7 17 9 2 0 2 7 0 2 7 17 18 2 16 6 2 1 2 7 0 2 7 0 2 7 13 6 3 12 16 2 1 2 7 0 2 7 17 18 2 5 31 3 1 2 7 5 31 3 0 2 7 1 2 7 1 2 7 1 2 7 1 2 7 1 2 7 0 2 7 1 2 7 13 6 3 0 2 7 0 2 7 17 9 2 0 2 7 0 2 7 12 16 2 0 2 7 1 2 7 1 2 7 0 2 4 1 2 4 0 59.7211945056915283
0 2 7 1 2 7 13 6 3 0 2 4 0 2 7 0 2 7 0 2 7 12 16 2 1 2 7 1 2 7 1 2 7 0 2 7 0 2 7 1 2 7 0 2 7 5 31 3 12 16 2 0 2 7 17 18 2 0 2 7 17 9 2 1 2 7 1 2 7 0 2 7 17 9 2 0 2 7 0 2 7 17 18 2 16 6 2 1 2 7 0 2 7 0 2 7 13 6 3 12 16 2 1 2 7 0 2 7 17 18 2 5 31 3 1 2 7 5 31 3 0 2 7 1 2 7 1 2 7 1 2 7 1 2 7 1 2 7 0 2 7 1 2 7 13 6 3 0 2 7 0 2 7 17 9 2 0 2 7 0 2 7 12 16 2 0 2 7 1 2 7 1 2 7 0 2 4 1 2 4 0 59.7211945056915283
0 2 7 1 2 7 13 6 3 0 2 4 0 2 7 0 2 7 0 2 7 12 16 2 1 2 7 1 2 7 1 2 7 0 2 7 0 2 7 1 2 7 0 2 7 5 31 3 12 16 2 0 2 7 17 18 2 0 2 7 17 9 2 1 2 7 1 2 7 0 2 7 17 9 2 0 2 7 0 2 7 17 18 2 16 6 2 1 2 7 0 2 7 0 2 7 13 6 3 12 16 2 1 2 7 0 2 7 17 18 2 5 31 3 1 2 7 5 31 3 0 2 7 1 2 7 1 2 7 1 2 7 1 2 7 1 2 7 0 2 7 1 2 7 13 6 3 0 2 7 0 2 7 17 9 2 0 2 7 0 2 7 12 16 2 0 2 7 1 2 7 1 2 7 0 2 4 1 2 4 0 59.7211945056915283
0 2 7 1 2 7 13 6 3 0 2 4 0 2 7 0 2 7 0 2 7 12 16 2 1 2 7 1 2 7 1 2 7 0 2 7 0 2 7 1 2 7 0 2 7 5 31 3 12 16 2 0 2 7 17 18 2 0 2 7 17 9 2 1 2 7 1 2 7 0 2 7 17 9 2 0 2 7 0 2 7 17 18 2 16 6 2 1 2 7 0 2 7 0 2 7 13 6 3 12 16 2 1 2 7 0 2 7 17 18 2 5 31 3 1 2 7 5 31 3 0 2 7 1 2 7 1 2 7 1 2 7 1 2 7 1 2 7 0 2 7 1 2 7 13 6 3 0 2 7 0 2 7 17 9 2 0 2 7 0 2 7 12 16 2 0 2 7 1 2 7 1 2 7 0 2 4 1 2 4 0 59.7211945056915283
0 2 7 1 2 7 13 6 3 0 2 4 0 2 7 0 2 7 0 2 7 12 16 2 1 2 7 1 2 7 1 2 7 0 2 7 0 2 7 1 2 7 0 2 7 5 31 3 12 16 2 0 2 7 17 18 2 0 2 7 17 9 2 1 2 7 1 2 7 0 2 7 17 9 2 0 2 7 0 2 7 17 18 2 16 6 2 1 2 7 0 2 7 0 2 7 13 6 3 12 16 2 1 2 7 0 2 7 17 18 2 5 31 3 1 2 7 5 31 3 0 2 7 1 2 7 1 2 7 1 2 7 1 2 7 1 2 7 0 2 7 1 2 7 13 6 3 0 2 7 0 2 7 17 9 2 0 2 7 0 2 7 12 16 2 0 2 7 1 2 7 1 2 7 0 2 4 1 2 4 0 59.7211945056915283
0 2 7 1 2 7 13 6 3 0 2 4 0 2 7 0 2 7 0 2 7 12 16 2 1 2 7 1 2 7 1 2 7 0 2 7 0 2 7 1 2 7 0 2 7 5 31 3 12 16 2 0 2 7 17 18 2 0 2 7 17 9 2 1 2 7 1 2 7 0 2 7 17 9 2 0 2 7 0 2 7 17 18 2 16 6 2 1 2 7 0 2 7 0 2 7 13 6 3 12 16 2 1 2 7 0 2 7 17 18 2 5 31 3 1 2 7 5 31 3 0 2 7 1 2 7 1 2 7 1 2 7 1 2 7 1 2 7 0 2 7 1 2 7 13 6 3 0 2 7 0 2 7 17 9 2 0 2 7 0 2 7 12 16 2 0 2 7 1 2 7 1 2 7 0 2 4 1 2 4 0 59.7211945056915283
0 2 7 1 2 7 13 6 3 0 2 4 0 2 7 0 2 7 0 2 7 12 16 2 1 2 7 1 2 7 1 2 7 0 2 7 0 2 7 1 2 7 0 2 7 5 31 3 12 16 2 0 2 7 17 18 2 0 2 7 17 9 2 1 2 7 1 2 7 0 2 7 17 9 2 0 2 7 0 2 7 17 18 2 16 6 2 1 2 7 0 2 7 0 2 7 13 6 3 12 16 2 1 2 7 0 2 7 17 18 2 5 31 3 1 2 7 5 31 3 0 2 7 1 2 7 1 2 7 1 2 7 1 2 7 1 2 7 0 2 7 1 2 7 13 6 3 0 2 7 0 2 7 17 9 2 0 2 7 0 2 7 12 16 2 0 2 7 1 2 7 1 2 7 0 2 4 1 2 4 0 59.7211945056915283
0 2 7 1 2 7 13 6 3 0 2 4 0 2 7 0 2 7 0 2 7 12 16 2 1 2 7 1 2 7 1 2 7 0 2 7 0 2 7 1 2 7 0 2 7 5 31 3 12 16 2 0 2 7 17 18 2 0 2 7 17 9 2 1 2 7 1 2 7 0 2 7 17 9 2 0 2 7 0 2 7 17 18 2 16 6 2 1 2 7 0 2 7 0 2 7 13 6 3 12 16 2 1 2 7 0 2 7 17 18 2 5 31 3 1 2 7 5 31 3 0 2 7 1 2 7 1 2 7 1 2 7 1 2 7 1 2 7 0 2 7 1 2 7 13 6 3 0 2 7 0 2 7 17 9 2 0 2 7 0 2 7 12 16 2 0 2 7 1 2 7 1 2 7 0 2 4 1 2 4 0 59.7211945056915283
0 2 7 1 2 7 13 6 3 0 2 4 0 2 7 0 2 7 0 2 7 12 16 2 1 2 7 1 2 7 1 2 7 0 2 7 0 2 7 1 2 7 0 2 7 5 31 3 12 16 2 0 2 7 17 18 2 0 2 7 17 9 2 1 2 7 1 2 7 0 2 7 17 9 2 0 2 7 0 2 7 17 18 2 16 6 2 1 2 7 0 2 7 0 2 7 13 6 3 12 16 2 1 2 7 0 2 7 17 18 2 5 31 3 1 2 7 5 31 3 0 2 7 1 2 7 1 2 7 1 2 7 1 2 7 1 2 7 0 2 7 1 2 7 13 6 3 0 2 7 0 2 7 17 9 2 0 2 7 0 2 7 12 16 2 0 2 7 1 2 7 1 2 7 0 2 4 1 2 4 0 59.7211945056915283
0 2 7 1 2 7 13 6 3 0 2 4 0 2 7 0 2 7 0 2 7 12 16 2 1 2 7 1 2 7 1 2 7 0 2 7 0 2 7 1 2 7 0 2 7 5 31 3 12 16 2 0 2 7 17 18 2 0 2 7 17 9 2 1 2 7 1 2 7 0 2 7 17 9 2 0 2 7 0 2 7 17 18 2 16 6 2 1 2 7 0 2 7 0 2 7 13 6 3 12 16 2 1 2 7 0 2 7 17 18 2 5 31 3 1 2 7 5 31 3 0 2 7 1 2 7 1 2 7 1 2 7 1 2 7 1 2 7 0 2 7 1 2 7 13 6 3 0 2 7 0 2 7 17 9 2 0 2 7 0 2 7 12 16 2 0 2 7 1 2 7 1 2 7 0 2 4 1 2 4 0 59.7211945056915283
0 2 7 1 2 7 13 6 3 0 2 4 0 2 7 0 2 7 0 2 7 12 16 2 1 2 7 1 2 7 1 2 7 0 2 7 0 2 7 1 2 7 0 2 7 5 31 3 12 16 2 0 2 7 17 18 2 0 2 7 17 9 2 1 2 7 1 2 7 0 2 7 17 9 2 0 2 7 0 2 7 17 18 2 16 6 2 1 2 7 0 2 7 0 2 7 13 6 3 12 16 2 1 2 7 0 2 7 17 18 2 5 31 3 1 2 7 5 31 3 0 2 7 1 2 7 1 2 7 1 2 7 1 2 7 1 2 7 0 2 7 1 2 7 13 6 3 0 2 7 0 2 7 17 9 2 0 2 7 0 2 7 12 16 2 0 2 7 1 2 7 1 2 7 0 2 4 1 2 4 0 59.7211945056915283
0 2 7 1 2 7 13 6 3 0 2 4 0 2 7 0 2 7 0 2 7 12 16 2 1 2 7 1 2 7 1 2 7 0 2 7 0 2 7 1 2 7 0 2 7 5 31 3 12 16 2 0 2 7 17 18 2 0 2 7 17 9 2 1 2 7 1 2 7 0 2 7 17 9 2 0 2 7 0 2 7 17 18 2 16 6 2 1 2 7 0 2 7 0 2 7 13 6 3 12 16 2 1 2 7 0 2 7 17 18 2 5 31 3 1 2 7 5 31 3 0 2 7 1 2 7 1 2 7 1 2 7 1 2 7 1 2 7 0 2 7 1 2 7 13 6 3 0 2 7 0 2 7 17 9 2 0 2 7 0 2 7 12 16 2 0 2 7 1 2 7 1 2 7 0 2 4 1 2 4 0 59.7211945056915283
0 2 7 1 2 7 13 6 3 0 2 4 0 2 7 0 2 7 0 2 7 12 16 2 1 2 7 1 2 7 1 2 7 0 2 7 0 2 7 1 2 7 0 2 7 5 31 3 12 16 2 0 2 7 17 18 2 0 2 7 17 9 2 1 2 7 1 2 7 0 2 7 17 9 2 0 2 7 0 2 7 17 18 2 16 6 2 1 2 7 0 2 7 0 2 7 13 6 3 12 16 2 1 2 7 0 2 7 17 18 2 5 31 3 1 2 7 5 31 3 0 2 7 1 2 7 1 2 7 1 2 7 1 2 7 1 2 7 0 2 7 1 2 7 13 6 3 0 2 7 0 2 7 17 9 2 0 2 7 0 2 7 12 16 2 0 2 7 1 2 7 1 2 7 0 2 4 1 2 4 0 59.7211945056915283
0 2 7 1 2 7 13 6 3 0 2 4 0 2 7 0 2 7 0 2 7 12 16 2 1 2 7 1 2 7 1 2 7 0 2 7 0 2 7 1 2 7 0 2 7 5 31 3 12 16 2 0 2 7 17 18 2 0 2 7 17 9 2 1 2 7 1 2 7 0 2 7 17 9 2 0 2 7 0 2 7 17 18 2 16 6 2 1 2 7 0 2 7 0 2 7 13 6 3 12 16 2 1 2 7 0 2 7 17 18 2 5 31 3 1 2 7 5 31 3 0 2 7 1 2 7 1 2 7 1 2 7 1 2 7 1 2 7 0 2 7 1 2 7 13 6 3 0 2 7 0 2 7 17 9 2 0 2 7 0 2 7 12 16 2 0 2 7 1 2 7 1 2 7 0 2 4 1 2 4 0 59.7211945056915283
MonoObjective Genetic Algorithm
Number of Evaluations = 0
Mutation Probability = 0
Crossover Probability = 1
Population Size = 10
Survival Selection Type = 1
Time =  18050.5822451114655
0 2 7 1 2 7 13 6 3 0 2 4 0 2 7 0 2 7 0 2 7 12 16 2 1 2 7 1 2 7 1 2 7 0 2 7 0 2 7 1 2 7 0 2 7 5 31 3 12 16 2 0 2 7 17 18 2 0 2 7 17 9 2 1 2 7 1 2 7 0 2 7 17 9 2 0 2 7 0 2 7 17 18 2 16 6 2 1 2 7 0 2 7 0 2 7 13 6 3 12 16 2 1 2 7 0 2 7 17 18 2 5 31 3 1 2 7 5 31 3 0 2 7 1 2 7 1 2 7 1 2 7 1 2 7 1 2 7 0 2 7 1 2 7 13 6 3 0 2 7 0 2 7 17 9 2 0 2 7 0 2 7 12 16 2 0 2 7 1 2 7 1 2 7 0 2 4 1 2 4 0 59.7211945056915283
0 2 7 1 2 7 13 6 3 0 2 4 0 2 7 0 2 7 0 2 7 12 16 2 1 2 7 1 2 7 1 2 7 0 2 7 0 2 7 1 2 7 0 2 7 5 31 3 12 16 2 0 2 7 17 18 2 0 2 7 17 9 2 1 2 7 1 2 7 0 2 7 17 9 2 0 2 7 0 2 7 17 18 2 16 6 2 1 2 7 0 2 7 0 2 7 13 6 3 12 16 2 1 2 7 0 2 7 17 18 2 5 31 3 1 2 7 5 31 3 0 2 7 1 2 7 1 2 7 1 2 7 1 2 7 1 2 7 0 2 7 1 2 7 13 6 3 0 2 7 0 2 7 17 9 2 0 2 7 0 2 7 12 16 2 0 2 7 1 2 7 1 2 7 0 2 4 1 2 4 0 59.7211945056915283
0 2 7 1 2 7 13 6 3 0 2 4 0 2 7 0 2 7 0 2 7 12 16 2 1 2 7 1 2 7 1 2 7 0 2 7 0 2 7 1 2 7 0 2 7 5 31 3 12 16 2 0 2 7 17 18 2 0 2 7 17 9 2 1 2 7 1 2 7 0 2 7 17 9 2 0 2 7 0 2 7 17 18 2 16 6 2 1 2 7 0 2 7 0 2 7 13 6 3 12 16 2 1 2 7 0 2 7 17 18 2 5 31 3 1 2 7 5 31 3 0 2 7 1 2 7 1 2 7 1 2 7 1 2 7 1 2 7 0 2 7 1 2 7 13 6 3 0 2 7 0 2 7 17 9 2 0 2 7 0 2 7 12 16 2 0 2 7 1 2 7 1 2 7 0 2 4 1 2 4 0 59.7211945056915283
0 2 7 1 2 7 13 6 3 0 2 4 0 2 7 0 2 7 0 2 7 12 16 2 1 2 7 1 2 7 1 2 7 0 2 7 0 2 7 1 2 7 0 2 7 5 31 3 12 16 2 0 2 7 17 18 2 0 2 7 17 9 2 1 2 7 1 2 7 0 2 7 17 9 2 0 2 7 0 2 7 17 18 2 16 6 2 1 2 7 0 2 7 0 2 7 13 6 3 12 16 2 1 2 7 0 2 7 17 18 2 5 31 3 1 2 7 5 31 3 0 2 7 1 2 7 1 2 7 1 2 7 1 2 7 1 2 7 0 2 7 1 2 7 13 6 3 0 2 7 0 2 7 17 9 2 0 2 7 0 2 7 12 16 2 0 2 7 1 2 7 1 2 7 0 2 4 1 2 4 0 59.7211945056915283
0 2 7 1 2 7 13 6 3 0 2 4 0 2 7 0 2 7 0 2 7 12 16 2 1 2 7 1 2 7 1 2 7 0 2 7 0 2 7 1 2 7 0 2 7 5 31 3 12 16 2 0 2 7 17 18 2 0 2 7 17 9 2 1 2 7 1 2 7 0 2 7 17 9 2 0 2 7 0 2 7 17 18 2 16 6 2 1 2 7 0 2 7 0 2 7 13 6 3 12 16 2 1 2 7 0 2 7 17 18 2 5 31 3 1 2 7 5 31 3 0 2 7 1 2 7 1 2 7 1 2 7 1 2 7 1 2 7 0 2 7 1 2 7 13 6 3 0 2 7 0 2 7 17 9 2 0 2 7 0 2 7 12 16 2 0 2 7 1 2 7 1 2 7 0 2 4 1 2 4 0 59.7211945056915283
0 2 7 1 2 7 13 6 3 0 2 4 0 2 7 0 2 7 0 2 7 12 16 2 1 2 7 1 2 7 1 2 7 0 2 7 0 2 7 1 2 7 0 2 7 5 31 3 12 16 2 0 2 7 17 18 2 0 2 7 17 9 2 1 2 7 1 2 7 0 2 7 17 9 2 0 2 7 0 2 7 17 18 2 16 6 2 1 2 7 0 2 7 0 2 7 13 6 3 12 16 2 1 2 7 0 2 7 17 18 2 5 31 3 1 2 7 5 31 3 0 2 7 1 2 7 1 2 7 1 2 7 1 2 7 1 2 7 0 2 7 1 2 7 13 6 3 0 2 7 0 2 7 17 9 2 0 2 7 0 2 7 12 16 2 0 2 7 1 2 7 1 2 7 0 2 4 1 2 4 0 59.7211945056915283
0 2 7 1 2 7 13 6 3 0 2 4 0 2 7 0 2 7 0 2 7 12 16 2 1 2 7 1 2 7 1 2 7 0 2 7 0 2 7 1 2 7 0 2 7 5 31 3 12 16 2 0 2 7 17 18 2 0 2 7 17 9 2 1 2 7 1 2 7 0 2 7 17 9 2 0 2 7 0 2 7 17 18 2 16 6 2 1 2 7 0 2 7 0 2 7 13 6 3 12 16 2 1 2 7 0 2 7 17 18 2 5 31 3 1 2 7 5 31 3 0 2 7 1 2 7 1 2 7 1 2 7 1 2 7 1 2 7 0 2 7 1 2 7 13 6 3 0 2 7 0 2 7 17 9 2 0 2 7 0 2 7 12 16 2 0 2 7 1 2 7 1 2 7 0 2 4 1 2 4 0 59.7211945056915283
0 2 7 1 2 7 13 6 3 0 2 4 0 2 7 0 2 7 0 2 7 12 16 2 1 2 7 1 2 7 1 2 7 0 2 7 0 2 7 1 2 7 0 2 7 5 31 3 12 16 2 0 2 7 17 18 2 0 2 7 17 9 2 1 2 7 1 2 7 0 2 7 17 9 2 0 2 7 0 2 7 17 18 2 16 6 2 1 2 7 0 2 7 0 2 7 13 6 3 12 16 2 1 2 7 0 2 7 17 18 2 5 31 3 1 2 7 5 31 3 0 2 7 1 2 7 1 2 7 1 2 7 1 2 7 1 2 7 0 2 7 1 2 7 13 6 3 0 2 7 0 2 7 17 9 2 0 2 7 0 2 7 12 16 2 0 2 7 1 2 7 1 2 7 0 2 4 1 2 4 0 59.7211945056915283
0 2 7 1 2 7 13 6 3 0 2 4 0 2 7 0 2 7 0 2 7 12 16 2 1 2 7 1 2 7 1 2 7 0 2 7 0 2 7 1 2 7 0 2 7 5 31 3 12 16 2 0 2 7 17 18 2 0 2 7 17 9 2 1 2 7 1 2 7 0 2 7 17 9 2 0 2 7 0 2 7 17 18 2 16 6 2 1 2 7 0 2 7 0 2 7 13 6 3 12 16 2 1 2 7 0 2 7 17 18 2 5 31 3 1 2 7 5 31 3 0 2 7 1 2 7 1 2 7 1 2 7 1 2 7 1 2 7 0 2 7 1 2 7 13 6 3 0 2 7 0 2 7 17 9 2 0 2 7 0 2 7 12 16 2 0 2 7 1 2 7 1 2 7 0 2 4 1 2 4 0 59.7211945056915283
0 2 7 1 2 7 13 6 3 0 2 4 0 2 7 0 2 7 0 2 7 12 16 2 1 2 7 1 2 7 1 2 7 0 2 7 0 2 7 1 2 7 0 2 7 5 31 3 12 16 2 0 2 7 17 18 2 0 2 7 17 9 2 1 2 7 1 2 7 0 2 7 17 9 2 0 2 7 0 2 7 17 18 2 16 6 2 1 2 7 0 2 7 0 2 7 13 6 3 12 16 2 1 2 7 0 2 7 17 18 2 5 31 3 1 2 7 5 31 3 0 2 7 1 2 7 1 2 7 1 2 7 1 2 7 1 2 7 0 2 7 1 2 7 13 6 3 0 2 7 0 2 7 17 9 2 0 2 7 0 2 7 12 16 2 0 2 7 1 2 7 1 2 7 0 2 4 1 2 4 0 59.7211945056915283
