0 2 7 0 2 7 0 2 7 17 18 2 12 16 2 1 2 7 0 2 7 0 2 7 1 2 7 1 2 7 0 2 7 0 2 7 16 6 2 0 2 7 0 2 7 1 2 7 1 2 7 5 31 3 0 2 7 0 2 7 0 2 7 0 2 7 8 18 2 1 2 7 0 2 7 1 2 7 1 2 7 0 2 7 1 2 7 1 2 7 1 2 7 17 18 2 1 2 7 5 30 3 5 31 3 0 2 7 0 2 7 17 18 2 13 6 3 12 16 2 0 40.4091576337814331
0 2 7 0 2 7 12 16 2 1 2 7 0 2 7 1 2 7 0 2 7 8 18 2 0 2 7 1 2 7 5 30 3 16 6 2 5 31 3 0 2 7 0 2 7 0 2 7 0 2 7 0 2 7 0 2 7 17 18 2 1 2 7 0 2 7 0 2 7 0 2 7 1 2 7 1 2 7 1 2 7 5 31 3 1 2 3 13 6 3 12 16 2 1 2 7 0 2 3 0 2 7 0 2 7 0 2 7 1 2 7 0 2 3 1 2 7 0 2 3 0.00188566818096393531 41.0848157405853271
0 2 7 0 2 3 0 2 7 0 2 7 1 2 7 1 2 7 0 2 7 5 31 3 0 2 7 1 2 3 1 2 7 16 6 2 5 31 3 0 2 7 0 2 7 0 2 7 0 2 3 0 2 3 1 2 7 0 2 7 1 2 7 1 2 3 0 2 7 1 2 7 0 2 7 12 16 2 0 2 3 5 30 3 0 2 3 0 2 7 0 2 7 1 2 7 8 18 2 16 6 2 16 6 2 5 30 3 16 19 11 0 2 7 0 2 3 17 18 2 0 41.4777736663818359
0 2 7 0 2 7 17 18 2 12 16 2 1 2 7 0 2 7 0 2 7 1 2 7 1 2 7 0 2 7 0 2 7 16 6 2 0 2 7 0 2 7 5 31 3 0 2 7 0 2 7 0 2 7 0 2 7 8 18 2 1 2 7 0 2 7 0 2 7 0 2 7 5 30 3 5 31 3 1 2 7 1 2 7 13 6 3 0 2 7 1 2 7 17 18 2 1 2 7 0 2 3 0 2 7 5 30 3 1 2 7 16 6 2 12 16 2 17 18 2 0.000658419012447879789 40.6051125526428223
0 2 7 0 2 7 17 18 2 12 16 2 0 2 7 1 2 7 1 2 7 0 2 7 0 2 7 0 2 7 0 2 7 16 6 2 0 2 4 0 2 7 5 31 3 1 2 7 1 2 7 0 2 7 1 2 7 1 2 7 0 2 7 0 2 7 0 2 7 0 2 7 5 31 3 5 31 3 1 2 7 0 2 7 0 2 7 1 2 7 0 2 7 1 2 7 16 19 11 17 9 2 0 2 7 1 2 7 16 19 11 5 31 3 0 2 7 0 2 7 0 41.304167628288269
0 2 7 0 2 3 0 2 7 17 18 2 12 16 2 1 2 7 0 2 7 0 2 7 1 2 7 1 2 7 0 2 7 0 2 7 16 6 2 0 2 7 0 2 7 1 2 3 1 2 3 5 31 3 0 2 7 0 2 7 0 2 7 0 2 7 8 18 2 1 2 7 0 2 7 1 2 3 0 2 7 0 2 7 16 6 2 0 2 3 0 2 3 5 30 3 5 30 3 5 31 3 16 19 11 16 6 2 1 2 7 1 2 7 0 2 3 0 2 3 0 41.4777736663818359
0 2 7 0 2 3 0 2 7 17 18 2 12 16 2 1 2 7 0 2 7 0 2 7 1 2 7 1 2 7 0 2 7 0 2 7 16 6 2 0 2 7 0 2 7 1 2 3 1 2 3 5 31 3 0 2 7 0 2 7 0 2 7 0 2 7 8 18 2 1 2 7 0 2 7 1 2 3 0 2 7 0 2 7 16 6 2 0 2 3 0 2 3 5 30 3 5 30 3 5 31 3 16 19 11 16 6 2 1 2 7 1 2 7 0 2 3 0 2 3 0 41.4777736663818359
0 2 3 1 2 7 0 2 7 1 2 7 12 16 2 1 2 3 1 2 7 0 2 3 0 2 3 17 18 2 0 2 7 0 2 7 0 2 7 0 2 7 1 2 7 16 6 2 5 30 3 0 2 3 1 2 7 0 2 7 0 2 7 5 31 3 0 2 3 0 2 7 0 2 7 0 2 7 1 2 7 1 2 7 0 2 3 1 2 7 0 2 3 0 2 7 16 6 2 16 6 2 8 18 2 5 31 3 0 2 7 16 19 11 0 2 7 5 30 3 0 41.4777736663818359
0 2 7 1 2 7 0 2 7 1 2 7 12 16 2 1 2 7 1 2 7 0 2 7 1 2 7 17 18 2 0 2 7 0 2 3 0 2 7 0 2 7 5 31 3 16 6 2 5 30 3 0 2 7 1 2 3 0 2 7 0 2 4 5 30 3 0 2 7 0 2 7 5 31 3 0 2 7 1 2 3 1 2 7 0 2 7 0 2 7 8 9 2 0 2 7 1 2 7 1 2 3 17 18 2 16 18 8 1 2 7 0 2 7 0 2 7 0 2 7 0 41.3867716789245605
0 2 7 0 2 7 0 2 7 17 18 2 12 16 2 1 2 7 1 2 7 0 2 7 1 2 7 1 2 7 0 2 7 0 2 7 16 6 2 0 2 7 0 2 7 1 2 7 1 2 7 5 31 3 0 2 7 0 2 7 0 2 7 0 2 7 8 18 2 1 2 4 0 2 3 15 2 11 0 2 7 5 31 3 16 6 2 1 2 3 0 2 7 1 2 4 1 2 7 17 18 2 0 2 3 1 2 7 0 2 7 5 30 3 0 2 7 12 16 2 0 40.9783546924591064
0 2 7 0 2 7 0 2 7 17 18 2 12 16 2 1 2 7 0 2 7 0 2 7 1 2 7 1 2 7 0 2 7 0 2 7 16 6 2 0 2 7 0 2 7 1 2 7 1 2 7 5 31 3 0 2 7 0 2 7 0 2 7 0 2 7 8 18 2 1 2 7 0 2 7 1 2 7 1 2 7 0 2 7 1 2 7 1 2 7 1 2 7 17 18 2 1 2 7 5 30 3 5 31 3 0 2 7 17 18 2 13 6 3 12 16 2 0 2 7 0 40.4091576337814331
0 2 7 0 2 7 0 2 7 17 18 2 12 16 2 1 2 7 0 2 7 0 2 7 1 2 7 1 2 7 0 2 7 0 2 7 16 6 2 0 2 7 0 2 7 1 2 7 1 2 7 5 31 3 0 2 7 0 2 7 0 2 7 0 2 7 8 18 2 1 2 7 0 2 7 1 2 7 1 2 7 0 2 7 1 2 7 1 2 7 1 2 7 17 18 2 1 2 7 5 30 3 5 31 3 0 2 7 17 18 2 13 6 3 12 16 2 0 2 7 0 40.4091576337814331
0 2 7 0 2 7 0 2 7 17 18 2 12 16 2 1 2 7 0 2 7 0 2 7 1 2 7 1 2 7 0 2 7 0 2 7 16 6 2 0 2 7 0 2 7 1 2 7 1 2 7 5 31 3 0 2 7 0 2 7 0 2 7 0 2 7 8 18 2 0 2 7 0 2 7 1 2 7 1 2 7 0 2 7 1 2 7 1 2 7 1 2 7 17 18 2 1 2 7 5 30 3 5 31 3 0 2 7 17 18 2 13 6 3 12 16 2 1 2 7 0 40.4091576337814331
0 2 7 0 2 7 0 2 7 17 18 2 12 16 2 1 2 7 0 2 7 0 2 7 1 2 7 1 2 7 0 2 7 0 2 7 16 6 2 0 2 7 0 2 7 1 2 7 1 2 7 5 31 3 0 2 7 0 2 7 0 2 7 0 2 7 8 18 2 0 2 7 0 2 7 1 2 7 1 2 7 0 2 7 1 2 7 1 2 7 1 2 7 17 18 2 1 2 7 5 30 3 5 31 3 0 2 7 17 18 2 13 6 3 12 16 2 1 2 7 0 40.4091576337814331
0 2 7 0 2 7 0 2 7 17 18 2 12 16 2 1 2 7 0 2 7 0 2 7 1 2 7 1 2 7 0 2 7 0 2 7 16 6 2 0 2 7 0 2 7 1 2 7 1 2 7 5 31 3 0 2 7 0 2 7 0 2 7 0 2 7 8 18 2 1 2 7 0 2 7 1 2 7 1 2 7 0 2 7 1 2 7 1 2 7 1 2 7 17 18 2 1 2 7 5 30 3 5 31 3 0 2 7 17 18 2 13 6 3 12 16 2 0 2 7 0 40.4091576337814331
0 2 7 0 2 7 0 2 7 17 18 2 12 16 2 1 2 7 0 2 7 0 2 7 1 2 7 1 2 7 0 2 7 0 2 7 16 6 2 0 2 7 0 2 7 1 2 7 1 2 7 5 31 3 0 2 7 0 2 7 0 2 7 0 2 7 8 18 2 1 2 7 0 2 7 1 2 7 1 2 7 0 2 7 1 2 7 1 2 7 1 2 7 17 18 2 1 2 7 5 30 3 5 31 3 0 2 7 17 18 2 13 6 3 12 16 2 0 2 7 0 40.4091576337814331
0 2 7 0 2 7 0 2 7 17 18 2 12 16 2 1 2 7 0 2 7 0 2 7 1 2 7 1 2 7 0 2 7 0 2 7 16 6 2 0 2 7 0 2 7 1 2 7 1 2 7 5 31 3 0 2 7 0 2 7 0 2 7 0 2 7 8 18 2 1 2 7 0 2 7 1 2 7 1 2 7 0 2 7 1 2 7 1 2 7 1 2 7 17 18 2 1 2 7 5 30 3 5 31 3 0 2 7 17 18 2 13 6 3 12 16 2 0 2 7 0 40.4091576337814331
0 2 7 0 2 7 0 2 7 17 18 2 12 16 2 1 2 7 0 2 7 0 2 7 1 2 7 1 2 7 0 2 7 0 2 7 16 6 2 0 2 7 0 2 7 1 2 7 1 2 7 5 31 3 0 2 7 0 2 7 0 2 7 0 2 7 8 18 2 1 2 7 0 2 7 1 2 7 1 2 7 0 2 7 1 2 7 1 2 7 1 2 7 17 18 2 1 2 7 5 30 3 5 31 3 0 2 7 17 18 2 13 6 3 12 16 2 0 2 7 0 40.4091576337814331
0 2 7 0 2 7 0 2 7 17 18 2 12 16 2 1 2 7 0 2 7 0 2 7 1 2 7 1 2 7 0 2 7 0 2 7 16 6 2 0 2 7 0 2 7 1 2 7 1 2 7 5 31 3 0 2 7 0 2 7 0 2 7 0 2 7 8 18 2 0 2 7 0 2 7 1 2 7 1 2 7 0 2 7 1 2 7 1 2 7 1 2 7 17 18 2 1 2 7 5 30 3 5 31 3 0 2 7 17 18 2 13 6 3 12 16 2 1 2 7 0 40.4091576337814331
0 2 7 0 2 7 0 2 7 17 18 2 12 16 2 1 2 7 0 2 7 0 2 7 1 2 7 1 2 7 0 2 7 0 2 7 16 6 2 0 2 7 0 2 7 1 2 7 1 2 7 5 31 3 0 2 7 0 2 7 0 2 7 0 2 7 8 18 2 0 2 7 0 2 7 1 2 7 1 2 7 0 2 7 1 2 7 1 2 7 1 2 7 17 18 2 1 2 7 5 30 3 5 31 3 0 2 7 17 18 2 13 6 3 12 16 2 1 2 7 0 40.4091576337814331
0 2 7 0 2 7 0 2 7 17 18 2 12 16 2 1 2 7 0 2 7 0 2 7 1 2 7 1 2 7 0 2 7 0 2 7 16 6 2 0 2 7 0 2 7 1 2 7 1 2 7 5 31 3 0 2 7 0 2 7 0 2 7 0 2 7 8 18 2 1 2 7 0 2 7 1 2 7 1 2 7 0 2 7 1 2 7 1 2 7 1 2 7 17 18 2 1 2 7 5 30 3 5 31 3 0 2 7 17 18 2 13 6 3 12 16 2 0 2 7 0 40.4091576337814331
0 2 7 0 2 7 0 2 7 17 18 2 12 16 2 1 2 7 0 2 7 0 2 7 1 2 7 1 2 7 0 2 7 0 2 7 16 6 2 0 2 7 0 2 7 1 2 7 1 2 7 5 31 3 0 2 7 0 2 7 0 2 7 0 2 7 8 18 2 1 2 7 0 2 7 1 2 7 1 2 7 0 2 7 1 2 7 1 2 7 1 2 7 17 18 2 1 2 7 5 30 3 5 31 3 0 2 7 17 18 2 13 6 3 12 16 2 0 2 7 0 40.4091576337814331
0 2 7 0 2 7 0 2 7 17 18 2 12 16 2 1 2 7 0 2 7 0 2 7 1 2 7 1 2 7 0 2 7 0 2 7 16 6 2 0 2 7 0 2 7 1 2 7 1 2 7 5 31 3 0 2 7 0 2 7 0 2 7 0 2 7 8 18 2 1 2 7 0 2 7 1 2 7 1 2 7 0 2 7 1 2 7 1 2 7 1 2 7 17 18 2 1 2 7 5 30 3 5 31 3 0 2 7 17 18 2 13 6 3 12 16 2 0 2 7 0 40.4091576337814331
0 2 7 0 2 7 0 2 7 17 18 2 12 16 2 1 2 7 0 2 7 0 2 7 1 2 7 1 2 7 0 2 7 0 2 7 16 6 2 0 2 7 0 2 7 1 2 7 1 2 7 5 31 3 0 2 7 0 2 7 0 2 7 0 2 7 8 18 2 1 2 7 0 2 7 1 2 7 1 2 7 0 2 7 1 2 7 1 2 7 1 2 7 17 18 2 1 2 7 5 30 3 5 31 3 0 2 7 17 18 2 13 6 3 12 16 2 0 2 7 0 40.4091576337814331
0 2 7 0 2 7 0 2 7 17 18 2 12 16 2 1 2 7 0 2 7 0 2 7 1 2 7 1 2 7 0 2 7 0 2 7 16 6 2 0 2 7 0 2 7 1 2 7 1 2 7 5 31 3 0 2 7 0 2 7 0 2 7 0 2 7 8 18 2 1 2 7 0 2 7 1 2 7 1 2 7 0 2 7 1 2 7 1 2 7 1 2 7 17 18 2 1 2 7 5 30 3 5 31 3 0 2 7 17 18 2 13 6 3 12 16 2 0 2 7 0 40.4091576337814331
0 2 7 0 2 7 0 2 7 17 18 2 12 16 2 1 2 7 0 2 7 0 2 7 1 2 7 1 2 7 0 2 7 0 2 7 16 6 2 0 2 7 0 2 7 1 2 7 1 2 7 5 31 3 0 2 7 0 2 7 0 2 7 0 2 7 8 18 2 1 2 7 0 2 7 1 2 7 1 2 7 0 2 7 1 2 7 1 2 7 1 2 7 17 18 2 1 2 7 5 30 3 5 31 3 0 2 7 17 18 2 13 6 3 12 16 2 0 2 7 0 40.4091576337814331
0 2 7 0 2 7 0 2 7 17 18 2 12 16 2 1 2 7 0 2 7 0 2 7 1 2 7 1 2 7 0 2 7 0 2 7 16 6 2 0 2 7 0 2 7 1 2 7 1 2 7 5 31 3 0 2 7 0 2 7 0 2 7 0 2 7 8 18 2 1 2 7 0 2 7 1 2 7 1 2 7 0 2 7 1 2 7 1 2 7 1 2 7 17 18 2 1 2 7 5 30 3 5 31 3 0 2 7 17 18 2 13 6 3 12 16 2 0 2 7 0 40.4091576337814331
0 2 7 0 2 7 0 2 7 17 18 2 12 16 2 1 2 7 0 2 7 0 2 7 1 2 7 1 2 7 0 2 7 0 2 7 16 6 2 0 2 7 0 2 7 1 2 7 1 2 7 5 31 3 0 2 7 0 2 7 0 2 7 0 2 7 8 18 2 1 2 7 0 2 7 1 2 7 1 2 7 0 2 7 1 2 7 1 2 7 1 2 7 17 18 2 1 2 7 5 30 3 5 31 3 0 2 7 17 18 2 13 6 3 12 16 2 0 2 7 0 40.4091576337814331
0 2 7 0 2 7 0 2 7 17 18 2 12 16 2 1 2 7 0 2 7 0 2 7 1 2 7 1 2 7 0 2 7 0 2 7 16 6 2 0 2 7 0 2 7 1 2 7 1 2 7 5 31 3 0 2 7 0 2 7 0 2 7 0 2 7 8 18 2 1 2 7 0 2 7 1 2 7 1 2 7 0 2 7 1 2 7 1 2 7 1 2 7 17 18 2 1 2 7 5 30 3 5 31 3 0 2 7 17 18 2 13 6 3 12 16 2 0 2 7 0 40.4091576337814331
0 2 7 0 2 7 0 2 7 17 18 2 12 16 2 1 2 7 0 2 7 0 2 7 1 2 7 1 2 7 0 2 7 0 2 7 16 6 2 0 2 7 0 2 7 1 2 7 1 2 7 5 31 3 0 2 7 0 2 7 0 2 7 0 2 7 8 18 2 1 2 7 0 2 7 1 2 7 1 2 7 0 2 7 1 2 7 1 2 7 1 2 7 17 18 2 1 2 7 5 30 3 5 31 3 0 2 7 17 18 2 13 6 3 12 16 2 0 2 7 0 40.4091576337814331
0 2 7 0 2 7 0 2 7 17 18 2 12 16 2 1 2 7 0 2 7 0 2 7 1 2 7 1 2 7 0 2 7 0 2 7 16 6 2 0 2 7 0 2 7 1 2 7 1 2 7 5 31 3 0 2 7 0 2 7 0 2 7 0 2 7 8 18 2 1 2 7 0 2 7 1 2 7 1 2 7 0 2 7 1 2 7 1 2 7 1 2 7 17 18 2 1 2 7 5 30 3 5 31 3 0 2 7 17 18 2 13 6 3 12 16 2 0 2 7 0 40.4091576337814331
0 2 7 0 2 7 0 2 7 17 18 2 12 16 2 1 2 7 0 2 7 0 2 7 1 2 7 1 2 7 0 2 7 0 2 7 16 6 2 0 2 7 0 2 7 1 2 7 1 2 7 5 31 3 0 2 7 0 2 7 0 2 7 0 2 7 8 18 2 1 2 7 0 2 7 1 2 7 1 2 7 0 2 7 1 2 7 1 2 7 1 2 7 17 18 2 1 2 7 5 30 3 5 31 3 0 2 7 17 18 2 13 6 3 12 16 2 0 2 7 0 40.4091576337814331
0 2 7 0 2 7 0 2 7 17 18 2 12 16 2 1 2 7 0 2 7 0 2 7 1 2 7 1 2 7 0 2 7 0 2 7 16 6 2 0 2 7 0 2 7 1 2 7 1 2 7 5 31 3 0 2 7 0 2 7 0 2 7 0 2 7 8 18 2 1 2 7 0 2 7 1 2 7 1 2 7 0 2 7 1 2 7 1 2 7 1 2 7 17 18 2 1 2 7 5 30 3 5 31 3 0 2 7 17 18 2 13 6 3 12 16 2 0 2 7 0 40.4091576337814331
0 2 7 0 2 7 0 2 7 17 18 2 12 16 2 1 2 7 0 2 7 0 2 7 1 2 7 1 2 7 0 2 7 0 2 7 16 6 2 0 2 7 0 2 7 1 2 7 1 2 7 5 31 3 0 2 7 0 2 7 0 2 7 0 2 7 8 18 2 1 2 7 0 2 7 1 2 7 1 2 7 0 2 7 1 2 7 1 2 7 1 2 7 17 18 2 1 2 7 5 30 3 5 31 3 0 2 7 17 18 2 13 6 3 12 16 2 0 2 7 0 40.4091576337814331
0 2 7 0 2 7 0 2 7 17 18 2 12 16 2 1 2 7 0 2 7 0 2 7 1 2 7 1 2 7 0 2 7 0 2 7 16 6 2 0 2 7 0 2 7 1 2 7 1 2 7 5 31 3 0 2 7 0 2 7 0 2 7 0 2 7 8 18 2 1 2 7 0 2 7 1 2 7 1 2 7 0 2 7 1 2 7 1 2 7 1 2 7 17 18 2 1 2 7 5 30 3 5 31 3 0 2 7 17 18 2 13 6 3 12 16 2 0 2 7 0 40.4091576337814331
0 2 7 0 2 7 0 2 7 17 18 2 12 16 2 1 2 7 0 2 7 0 2 7 1 2 7 1 2 7 0 2 7 0 2 7 16 6 2 0 2 7 0 2 7 1 2 7 1 2 7 5 31 3 0 2 7 0 2 7 0 2 7 0 2 7 8 18 2 1 2 7 0 2 7 1 2 7 1 2 7 0 2 7 1 2 7 1 2 7 1 2 7 17 18 2 1 2 7 5 30 3 5 31 3 0 2 7 17 18 2 13 6 3 12 16 2 0 2 7 0 40.4091576337814331
0 2 7 0 2 7 0 2 7 17 18 2 12 16 2 1 2 7 0 2 7 0 2 7 1 2 7 1 2 7 0 2 7 0 2 7 16 6 2 0 2 7 0 2 7 1 2 7 1 2 7 5 31 3 0 2 7 0 2 7 0 2 7 0 2 7 8 18 2 1 2 7 0 2 7 1 2 7 1 2 7 0 2 7 1 2 7 1 2 7 1 2 7 17 18 2 1 2 7 5 30 3 5 31 3 0 2 7 17 18 2 13 6 3 12 16 2 0 2 7 0 40.4091576337814331
0 2 7 0 2 7 0 2 7 17 18 2 12 16 2 1 2 7 0 2 7 0 2 7 1 2 7 1 2 7 0 2 7 0 2 7 16 6 2 0 2 7 0 2 7 1 2 7 1 2 7 5 31 3 0 2 7 0 2 7 0 2 7 0 2 7 8 18 2 1 2 7 0 2 7 1 2 7 1 2 7 0 2 7 1 2 7 1 2 7 1 2 7 17 18 2 1 2 7 5 30 3 5 31 3 0 2 7 17 18 2 13 6 3 12 16 2 0 2 7 0 40.4091576337814331
0 2 7 0 2 7 0 2 7 17 18 2 12 16 2 1 2 7 0 2 7 0 2 7 1 2 7 1 2 7 0 2 7 0 2 7 16 6 2 0 2 7 0 2 7 1 2 7 1 2 7 5 31 3 0 2 7 0 2 7 0 2 7 0 2 7 8 18 2 1 2 7 0 2 7 1 2 7 1 2 7 0 2 7 1 2 7 1 2 7 1 2 7 17 18 2 1 2 7 5 30 3 5 31 3 0 2 7 17 18 2 13 6 3 12 16 2 0 2 7 0 40.4091576337814331
0 2 7 0 2 7 0 2 7 17 18 2 12 16 2 1 2 7 0 2 7 0 2 7 1 2 7 1 2 7 0 2 7 0 2 7 16 6 2 0 2 7 0 2 7 1 2 7 1 2 7 5 31 3 0 2 7 0 2 7 0 2 7 0 2 7 8 18 2 1 2 7 0 2 7 1 2 7 1 2 7 0 2 7 1 2 7 1 2 7 1 2 7 17 18 2 1 2 7 5 30 3 5 31 3 0 2 7 17 18 2 13 6 3 12 16 2 0 2 7 0 40.4091576337814331
0 2 7 0 2 7 0 2 7 17 18 2 12 16 2 1 2 7 0 2 7 0 2 7 1 2 7 1 2 7 0 2 7 0 2 7 16 6 2 0 2 7 0 2 7 1 2 7 1 2 7 5 31 3 0 2 7 0 2 7 0 2 7 0 2 7 8 18 2 1 2 7 0 2 7 1 2 7 1 2 7 0 2 7 1 2 7 1 2 7 1 2 7 17 18 2 1 2 7 5 30 3 5 31 3 0 2 7 17 18 2 13 6 3 12 16 2 0 2 7 0 40.4091576337814331
0 2 7 0 2 7 0 2 7 17 18 2 12 16 2 1 2 7 0 2 7 0 2 7 1 2 7 1 2 7 0 2 7 0 2 7 16 6 2 0 2 7 0 2 7 1 2 7 1 2 7 5 31 3 0 2 7 0 2 7 0 2 7 0 2 7 8 18 2 1 2 7 0 2 7 1 2 7 1 2 7 0 2 7 1 2 7 1 2 7 1 2 7 17 18 2 1 2 7 5 30 3 5 31 3 0 2 7 17 18 2 13 6 3 12 16 2 0 2 7 0 40.4091576337814331
0 2 7 0 2 7 0 2 7 17 18 2 12 16 2 1 2 7 0 2 7 0 2 7 1 2 7 1 2 7 0 2 7 0 2 7 16 6 2 0 2 7 0 2 7 1 2 7 1 2 7 5 31 3 0 2 7 0 2 7 0 2 7 0 2 7 8 18 2 1 2 7 0 2 7 1 2 7 1 2 7 0 2 7 1 2 7 1 2 7 1 2 7 17 18 2 1 2 7 5 30 3 5 31 3 0 2 7 17 18 2 13 6 3 12 16 2 0 2 7 0 40.4091576337814331
0 2 7 0 2 7 0 2 7 17 18 2 12 16 2 1 2 7 0 2 7 0 2 7 1 2 7 1 2 7 0 2 7 0 2 7 16 6 2 0 2 7 0 2 7 1 2 7 1 2 7 5 31 3 0 2 7 0 2 7 0 2 7 0 2 7 8 18 2 1 2 7 0 2 7 1 2 7 1 2 7 0 2 7 1 2 7 1 2 7 1 2 7 17 18 2 1 2 7 5 30 3 5 31 3 0 2 7 17 18 2 13 6 3 12 16 2 0 2 7 0 40.4091576337814331
0 2 7 0 2 7 0 2 7 17 18 2 12 16 2 1 2 7 0 2 7 0 2 7 1 2 7 1 2 7 0 2 7 0 2 7 16 6 2 0 2 7 0 2 7 1 2 7 1 2 7 5 31 3 0 2 7 0 2 7 0 2 7 0 2 7 8 18 2 1 2 7 0 2 7 1 2 7 1 2 7 0 2 7 1 2 7 1 2 7 1 2 7 17 18 2 1 2 7 5 30 3 5 31 3 0 2 7 17 18 2 13 6 3 12 16 2 0 2 7 0 40.4091576337814331
0 2 7 0 2 7 0 2 7 17 18 2 12 16 2 1 2 7 0 2 7 0 2 7 1 2 7 1 2 7 0 2 7 0 2 7 16 6 2 0 2 7 0 2 7 1 2 7 1 2 7 5 31 3 0 2 7 0 2 7 0 2 7 0 2 7 8 18 2 1 2 7 0 2 7 1 2 7 1 2 7 0 2 7 1 2 7 1 2 7 1 2 7 17 18 2 1 2 7 5 30 3 5 31 3 0 2 7 17 18 2 13 6 3 12 16 2 0 2 7 0 40.4091576337814331
0 2 7 0 2 7 0 2 7 17 18 2 12 16 2 1 2 7 0 2 7 0 2 7 1 2 7 1 2 7 0 2 7 0 2 7 16 6 2 0 2 7 0 2 7 1 2 7 1 2 7 5 31 3 0 2 7 0 2 7 0 2 7 0 2 7 8 18 2 1 2 7 0 2 7 1 2 7 1 2 7 0 2 7 1 2 7 1 2 7 1 2 7 17 18 2 1 2 7 5 30 3 5 31 3 0 2 7 17 18 2 13 6 3 12 16 2 0 2 7 0 40.4091576337814331
0 2 7 0 2 7 0 2 7 17 18 2 12 16 2 1 2 7 0 2 7 0 2 7 1 2 7 1 2 7 0 2 7 0 2 7 16 6 2 0 2 7 0 2 7 1 2 7 1 2 7 5 31 3 0 2 7 0 2 7 0 2 7 0 2 7 8 18 2 1 2 7 0 2 7 1 2 7 1 2 7 0 2 7 1 2 7 1 2 7 1 2 7 17 18 2 1 2 7 5 30 3 5 31 3 0 2 7 17 18 2 13 6 3 12 16 2 0 2 7 0 40.4091576337814331
0 2 7 0 2 7 0 2 7 17 18 2 12 16 2 1 2 7 0 2 7 0 2 7 1 2 7 1 2 7 0 2 7 0 2 7 16 6 2 0 2 7 0 2 7 1 2 7 1 2 7 5 31 3 0 2 7 0 2 7 0 2 7 0 2 7 8 18 2 1 2 7 0 2 7 1 2 7 1 2 7 0 2 7 1 2 7 1 2 7 1 2 7 17 18 2 1 2 7 5 30 3 5 31 3 0 2 7 17 18 2 13 6 3 12 16 2 0 2 7 0 40.4091576337814331
0 2 7 0 2 7 0 2 7 17 18 2 12 16 2 1 2 7 0 2 7 0 2 7 1 2 7 1 2 7 0 2 7 0 2 7 16 6 2 0 2 7 0 2 7 1 2 7 1 2 7 5 31 3 0 2 7 0 2 7 0 2 7 0 2 7 8 18 2 1 2 7 0 2 7 1 2 7 1 2 7 0 2 7 1 2 7 1 2 7 1 2 7 17 18 2 1 2 7 5 30 3 5 31 3 0 2 7 17 18 2 13 6 3 12 16 2 0 2 7 0 40.4091576337814331
0 2 7 0 2 7 0 2 7 17 18 2 12 16 2 1 2 7 0 2 7 0 2 7 1 2 7 1 2 7 0 2 7 0 2 7 16 6 2 0 2 7 0 2 7 1 2 7 1 2 7 5 31 3 0 2 7 0 2 7 0 2 7 0 2 7 8 18 2 1 2 7 0 2 7 1 2 7 1 2 7 0 2 7 1 2 7 1 2 7 1 2 7 17 18 2 1 2 7 5 30 3 5 31 3 0 2 7 17 18 2 13 6 3 12 16 2 0 2 7 0 40.4091576337814331
0 2 7 0 2 7 0 2 7 17 18 2 12 16 2 1 2 7 0 2 7 0 2 7 1 2 7 1 2 7 0 2 7 0 2 7 16 6 2 0 2 7 0 2 7 1 2 7 1 2 7 5 31 3 0 2 7 0 2 7 0 2 7 0 2 7 8 18 2 1 2 7 0 2 7 1 2 7 1 2 7 0 2 7 1 2 7 1 2 7 1 2 7 17 18 2 1 2 7 5 30 3 5 31 3 0 2 7 17 18 2 13 6 3 12 16 2 0 2 7 0 40.4091576337814331
0 2 7 0 2 7 0 2 7 17 18 2 12 16 2 1 2 7 0 2 7 0 2 7 1 2 7 1 2 7 0 2 7 0 2 7 16 6 2 0 2 7 0 2 7 1 2 7 1 2 7 5 31 3 0 2 7 0 2 7 0 2 7 0 2 7 8 18 2 1 2 7 0 2 7 1 2 7 1 2 7 0 2 7 1 2 7 1 2 7 1 2 7 17 18 2 1 2 7 5 30 3 5 31 3 0 2 7 17 18 2 13 6 3 12 16 2 0 2 7 0 40.4091576337814331
0 2 7 0 2 7 0 2 7 17 18 2 12 16 2 1 2 7 0 2 7 0 2 7 1 2 7 1 2 7 0 2 7 0 2 7 16 6 2 0 2 7 0 2 7 1 2 7 1 2 7 5 31 3 0 2 7 0 2 7 0 2 7 0 2 7 8 18 2 1 2 7 0 2 7 1 2 7 1 2 7 0 2 7 1 2 7 1 2 7 1 2 7 17 18 2 1 2 7 5 30 3 5 31 3 0 2 7 17 18 2 13 6 3 12 16 2 0 2 7 0 40.4091576337814331
0 2 7 0 2 7 0 2 7 17 18 2 12 16 2 1 2 7 0 2 7 0 2 7 1 2 7 1 2 7 0 2 7 0 2 7 16 6 2 0 2 7 0 2 7 1 2 7 1 2 7 5 31 3 0 2 7 0 2 7 0 2 7 0 2 7 8 18 2 1 2 7 0 2 7 1 2 7 1 2 7 0 2 7 1 2 7 1 2 7 1 2 7 17 18 2 1 2 7 5 30 3 5 31 3 0 2 7 17 18 2 13 6 3 12 16 2 0 2 7 0 40.4091576337814331
0 2 7 0 2 7 0 2 7 17 18 2 12 16 2 1 2 7 0 2 7 0 2 7 1 2 7 1 2 7 0 2 7 0 2 7 16 6 2 0 2 7 0 2 7 1 2 7 1 2 7 5 31 3 0 2 7 0 2 7 0 2 7 0 2 7 8 18 2 1 2 7 0 2 7 1 2 7 1 2 7 0 2 7 1 2 7 1 2 7 1 2 7 17 18 2 1 2 7 5 30 3 5 31 3 0 2 7 17 18 2 13 6 3 12 16 2 0 2 7 0 40.4091576337814331
0 2 7 0 2 7 0 2 7 17 18 2 12 16 2 1 2 7 0 2 7 0 2 7 1 2 7 1 2 7 0 2 7 0 2 7 16 6 2 0 2 7 0 2 7 1 2 7 1 2 7 5 31 3 0 2 7 0 2 7 0 2 7 0 2 7 8 18 2 1 2 7 0 2 7 1 2 7 1 2 7 0 2 7 1 2 7 1 2 7 1 2 7 17 18 2 1 2 7 5 30 3 5 31 3 0 2 7 17 18 2 13 6 3 12 16 2 0 2 7 0 40.4091576337814331
0 2 7 0 2 7 0 2 7 17 18 2 12 16 2 1 2 7 0 2 7 0 2 7 1 2 7 1 2 7 0 2 7 0 2 7 16 6 2 0 2 7 0 2 7 1 2 7 1 2 7 5 31 3 0 2 7 0 2 7 0 2 7 0 2 7 8 18 2 1 2 7 0 2 7 1 2 7 1 2 7 0 2 7 1 2 7 1 2 7 1 2 7 17 18 2 1 2 7 5 30 3 5 31 3 0 2 7 17 18 2 13 6 3 12 16 2 0 2 7 0 40.4091576337814331
0 2 7 0 2 7 0 2 7 17 18 2 12 16 2 1 2 7 0 2 7 0 2 7 1 2 7 1 2 7 0 2 7 0 2 7 16 6 2 0 2 7 0 2 7 1 2 7 1 2 7 5 31 3 0 2 7 0 2 7 0 2 7 0 2 7 8 18 2 1 2 7 0 2 7 1 2 7 1 2 7 0 2 7 1 2 7 1 2 7 1 2 7 17 18 2 1 2 7 5 30 3 5 31 3 0 2 7 17 18 2 13 6 3 12 16 2 0 2 7 0 40.4091576337814331
0 2 7 0 2 7 0 2 7 17 18 2 12 16 2 1 2 7 0 2 7 0 2 7 1 2 7 1 2 7 0 2 7 0 2 7 16 6 2 0 2 7 0 2 7 1 2 7 1 2 7 5 31 3 0 2 7 0 2 7 0 2 7 0 2 7 8 18 2 1 2 7 0 2 7 1 2 7 1 2 7 0 2 7 1 2 7 1 2 7 1 2 7 17 18 2 1 2 7 5 30 3 5 31 3 0 2 7 17 18 2 13 6 3 12 16 2 0 2 7 0 40.4091576337814331
0 2 7 0 2 3 0 2 7 17 18 2 12 16 2 1 2 7 0 2 7 0 2 7 1 2 7 1 2 7 0 2 7 0 2 7 13 6 3 0 2 3 0 2 7 1 2 7 1 2 7 5 31 3 0 2 7 0 2 4 0 2 7 0 2 7 17 18 2 1 2 7 0 2 7 1 2 7 1 2 4 0 2 3 1 2 7 1 2 7 1 2 7 17 18 2 1 2 7 5 30 3 5 30 3 0 2 7 17 18 2 13 6 3 12 16 2 0 2 7 0 40.3572256565093994
0 2 7 0 2 7 0 2 3 8 18 2 12 16 2 1 2 7 0 2 3 0 2 7 0 2 7 1 2 7 0 2 7 1 2 7 16 6 2 0 2 7 0 2 3 0 2 7 1 2 7 5 30 3 0 2 7 0 2 7 0 2 3 0 2 7 8 18 2 16 15 2 0 2 7 0 2 7 1 2 7 1 2 3 0 2 4 0 2 7 17 18 2 1 2 3 5 30 3 17 18 2 8 9 2 12 16 2 1 2 7 5 30 3 1 2 7 1 2 3 0 41.4373496770858765
0 2 7 0 2 7 0 2 7 17 18 2 12 16 2 1 2 7 0 2 7 0 2 7 1 2 7 1 2 7 0 2 7 0 2 7 16 6 2 0 2 7 0 2 7 1 2 7 1 2 7 5 31 3 0 2 7 0 2 7 0 2 7 0 2 7 8 18 2 1 2 7 0 2 7 1 2 7 1 2 7 1 2 7 1 2 7 1 2 7 17 18 2 1 2 7 5 30 3 17 18 2 13 6 3 12 16 2 0 2 7 0 2 4 0 2 7 1 2 4 0.000527754297454164668 40.0076836347579956
0 2 7 0 2 7 0 2 7 17 18 2 12 16 2 1 2 7 0 2 7 0 2 7 1 2 7 1 2 7 0 2 7 0 2 7 16 6 2 0 2 7 0 2 7 1 2 7 1 2 7 5 31 3 0 2 7 0 2 7 0 2 7 0 2 7 8 18 2 1 2 7 0 2 7 1 2 7 1 2 7 0 2 7 1 2 7 1 2 7 1 2 7 17 18 2 1 2 7 5 30 3 5 31 3 0 2 7 17 18 2 13 6 3 12 16 2 0 2 7 0 40.4091576337814331
0 2 7 0 2 7 0 2 7 17 18 2 12 16 2 1 2 7 0 2 7 0 2 7 1 2 7 1 2 7 0 2 7 0 2 7 16 6 2 0 2 7 0 2 7 1 2 7 1 2 7 5 31 3 0 2 7 0 2 7 0 2 7 0 2 7 8 18 2 1 2 7 0 2 7 1 2 7 1 2 7 0 2 7 1 2 7 1 2 7 1 2 7 17 18 2 1 2 7 5 30 3 5 31 3 0 2 7 17 18 2 13 6 3 12 16 2 0 2 7 0 40.4091576337814331
0 2 7 0 2 7 0 2 7 17 18 2 12 16 2 1 2 7 0 2 7 0 2 7 1 2 7 1 2 7 0 2 7 0 2 7 16 6 2 0 2 7 0 2 7 1 2 7 1 2 7 5 31 3 0 2 7 0 2 7 0 2 7 0 2 7 8 18 2 1 2 7 0 2 7 1 2 7 1 2 7 0 2 7 1 2 7 1 2 7 1 2 7 17 18 2 1 2 7 5 30 3 5 31 3 0 2 7 17 18 2 13 6 3 12 16 2 0 2 7 0 40.4091576337814331
0 2 7 0 2 7 0 2 7 17 18 2 12 16 2 1 2 7 0 2 7 0 2 7 1 2 7 1 2 7 0 2 7 0 2 7 16 6 2 0 2 7 0 2 7 1 2 7 1 2 7 5 31 3 0 2 7 0 2 7 0 2 7 0 2 7 8 18 2 1 2 7 0 2 7 1 2 7 1 2 7 0 2 7 1 2 7 1 2 7 1 2 7 17 18 2 1 2 7 5 30 3 5 31 3 0 2 7 17 18 2 13 6 3 12 16 2 0 2 7 0 40.4091576337814331
0 2 7 0 2 7 0 2 7 17 18 2 12 16 2 1 2 7 0 2 7 0 2 7 1 2 7 1 2 7 0 2 7 0 2 7 16 6 2 0 2 7 0 2 7 1 2 7 1 2 7 5 31 3 0 2 7 0 2 7 0 2 7 0 2 7 8 18 2 1 2 7 0 2 7 1 2 7 1 2 7 0 2 7 1 2 7 1 2 7 1 2 7 17 18 2 1 2 7 5 30 3 5 31 3 0 2 7 17 18 2 13 6 3 12 16 2 0 2 7 0 40.4091576337814331
0 2 7 0 2 7 0 2 7 17 18 2 12 16 2 1 2 7 0 2 7 0 2 7 1 2 7 1 2 7 0 2 7 0 2 7 16 6 2 0 2 7 0 2 7 1 2 7 1 2 7 5 31 3 0 2 7 0 2 7 0 2 7 0 2 7 8 18 2 1 2 7 0 2 7 1 2 7 1 2 7 0 2 7 1 2 7 1 2 7 1 2 7 17 18 2 1 2 7 5 30 3 5 31 3 0 2 7 17 18 2 13 6 3 12 16 2 0 2 7 0 40.4091576337814331
0 2 7 0 2 7 0 2 7 17 18 2 12 16 2 1 2 7 0 2 7 0 2 7 1 2 7 1 2 7 0 2 7 0 2 7 0 2 7 0 2 7 1 2 7 1 2 7 5 31 3 0 2 7 0 2 7 0 2 7 0 2 7 1 2 7 1 2 7 1 2 7 1 2 7 1 2 7 1 2 7 17 18 2 5 30 3 17 18 2 13 6 3 12 16 2 5 30 3 0 2 3 0 2 4 0 2 3 13 6 3 5 31 3 0 2 7 17 18 2 0 40.6386996507644653
0 2 7 0 2 7 17 18 2 12 16 2 1 2 4 0 2 7 0 2 7 1 2 7 0 2 7 0 2 7 0 2 7 13 6 3 0 2 7 1 2 7 1 2 7 5 31 3 0 2 7 0 2 7 0 2 7 17 18 2 0 2 7 0 2 7 1 2 7 1 2 4 1 2 7 1 2 7 17 18 2 5 30 3 5 30 3 0 2 7 13 6 3 12 16 2 17 18 2 1 2 7 0 2 3 1 2 7 1 2 7 1 2 7 0 2 3 0 2 3 0 40.3572256565093994
0 2 7 1 2 7 17 18 2 12 16 2 1 2 7 0 2 7 0 2 7 0 2 7 1 2 7 0 2 7 0 2 7 13 6 3 0 2 7 0 2 7 1 2 7 1 2 7 5 31 3 0 2 7 0 2 7 0 2 7 17 18 2 0 2 7 1 2 7 1 2 7 1 2 7 0 2 7 17 18 2 1 2 7 5 30 3 5 30 3 0 2 7 13 6 3 12 16 2 17 18 2 1 2 4 1 2 7 1 2 4 0 2 3 0 2 3 0 2 3 0 40.3572256565093994
0 2 7 1 2 7 17 18 2 12 16 2 1 2 7 0 2 7 0 2 7 0 2 7 1 2 7 0 2 7 0 2 4 13 6 3 0 2 7 0 2 7 1 2 7 1 2 7 5 31 3 0 2 7 0 2 4 0 2 7 17 18 2 0 2 7 1 2 7 6 2 7 0 2 7 17 18 2 5 30 3 1 2 7 12 16 2 17 18 2 1 2 4 1 2 4 0 2 3 1 2 7 1 2 7 0 2 7 0 2 4 1 2 4 5 31 3 0 2 4 0 40.425436794757843
0 2 7 1 2 7 17 18 2 12 16 2 1 2 7 0 2 7 0 2 7 0 2 7 1 2 7 0 2 7 0 2 7 13 6 3 0 2 7 0 2 7 1 2 7 1 2 7 5 31 3 0 2 7 0 2 7 0 2 7 17 18 2 0 2 7 1 2 7 1 2 7 0 2 7 17 18 2 5 30 3 0 2 7 12 16 2 17 18 2 1 2 4 1 2 4 0 2 3 6 2 4 1 2 4 5 30 3 13 6 3 1 2 7 0 2 3 1 2 4 6.55189458578493515e-05 40.1029667258262634
0 2 7 1 2 7 17 18 2 12 16 2 1 2 7 0 2 7 0 2 7 0 2 7 1 2 7 0 2 7 0 2 7 13 6 3 0 2 7 0 2 7 1 2 7 1 2 7 5 31 3 0 2 7 0 2 7 0 2 7 17 18 2 0 2 7 1 2 7 1 2 7 1 2 7 0 2 7 17 18 2 1 2 7 5 30 3 5 30 3 0 2 7 13 6 3 12 16 2 17 18 2 1 2 4 1 2 7 1 2 4 0 2 3 0 2 3 0 2 3 0 40.3572256565093994
0 2 7 1 2 7 17 18 2 12 16 2 1 2 7 0 2 7 0 2 7 0 2 7 1 2 7 0 2 7 0 2 7 13 6 3 0 2 7 0 2 7 1 2 7 1 2 7 5 31 3 0 2 7 0 2 7 0 2 7 17 18 2 0 2 7 1 2 7 1 2 7 1 2 7 0 2 7 17 18 2 1 2 7 5 30 3 5 30 3 0 2 7 13 6 3 12 16 2 17 18 2 1 2 4 1 2 7 1 2 4 0 2 3 0 2 3 0 2 3 0 40.3572256565093994
0 2 7 1 2 7 17 18 2 12 16 2 1 2 7 0 2 7 0 2 7 0 2 7 1 2 7 0 2 7 0 2 7 13 6 3 0 2 7 0 2 7 1 2 7 1 2 7 5 31 3 0 2 7 0 2 7 0 2 7 17 18 2 0 2 7 1 2 7 1 2 7 1 2 7 0 2 7 17 18 2 1 2 7 5 30 3 5 30 3 0 2 7 12 16 2 1 2 4 0 2 3 13 6 3 1 2 3 1 2 7 1 2 4 0 2 7 0 2 3 0.00032163698888097573 40.3892266750335693
0 2 7 1 2 7 17 18 2 12 16 2 1 2 7 0 2 7 0 2 7 0 2 7 1 2 7 0 2 7 0 2 7 13 6 3 0 2 7 0 2 7 1 2 7 1 2 7 5 31 3 0 2 7 0 2 7 0 2 7 17 18 2 0 2 7 1 2 7 1 2 7 1 2 7 0 2 7 17 18 2 1 2 7 5 30 3 5 30 3 0 2 7 12 16 2 1 2 4 0 2 3 0 2 4 17 18 2 0 2 4 1 2 3 0 2 3 16 31 2 0.00170285078069341823 40.5285266637802124
0 2 7 0 2 7 17 18 2 12 16 2 1 2 4 0 2 7 0 2 7 1 2 7 0 2 7 0 2 7 0 2 7 13 6 3 0 2 7 1 2 7 1 2 7 5 31 3 0 2 7 0 2 7 0 2 7 17 18 2 0 2 7 0 2 7 1 2 7 1 2 4 1 2 7 1 2 7 17 18 2 5 30 3 5 30 3 0 2 7 13 6 3 12 16 2 17 18 2 1 2 7 0 2 7 0 2 7 1 2 4 0 2 7 5 30 3 0 2 7 0 40.3689725399017334
0 2 7 0 2 7 17 18 2 12 16 2 1 2 4 0 2 7 0 2 7 1 2 7 0 2 7 0 2 7 0 2 7 13 6 3 0 2 7 1 2 7 1 2 7 5 31 3 0 2 7 0 2 7 0 2 7 17 18 2 0 2 7 0 2 7 1 2 7 1 2 4 1 2 7 1 2 7 17 18 2 5 30 3 5 30 3 0 2 7 13 6 3 12 16 2 17 18 2 1 2 7 1 2 7 0 2 3 1 2 4 0 2 3 0 2 3 0 2 7 5.06289134909961272e-05 40.4077776670455933
0 2 7 0 2 7 17 18 2 12 16 2 1 2 4 0 2 7 0 2 7 1 2 7 0 2 7 0 2 7 0 2 7 13 6 3 0 2 7 1 2 7 1 2 7 5 31 3 0 2 7 0 2 7 0 2 7 17 18 2 0 2 7 0 2 7 1 2 7 1 2 7 1 2 7 17 18 2 5 30 3 0 2 7 13 6 3 12 16 2 1 2 7 1 2 7 1 2 7 1 2 7 5 31 3 0 2 4 6 2 7 0 2 7 12 16 2 17 9 2 0 40.2815956473350525
0 2 7 0 2 7 17 18 2 12 16 2 0 2 7 0 2 7 1 2 7 0 2 7 0 2 7 0 2 7 13 6 3 0 2 7 1 2 7 1 2 7 5 31 3 0 2 7 0 2 7 0 2 7 17 18 2 0 2 7 0 2 7 1 2 7 1 2 7 1 2 7 17 18 2 5 30 3 0 2 7 13 6 3 12 16 2 1 2 7 1 2 7 1 2 7 0 2 4 6 2 7 12 16 2 17 9 2 1 2 4 1 2 7 5 31 3 0 2 7 0 40.2815956473350525
6 2 7 0 2 7 17 18 2 12 16 2 0 2 7 0 2 7 1 2 7 0 2 7 0 2 7 0 2 7 13 6 3 0 2 7 1 2 7 1 2 7 5 31 3 1 2 7 0 2 7 0 2 7 17 18 2 1 2 4 0 2 7 1 2 7 1 2 4 17 18 2 5 30 3 0 2 7 13 6 3 12 16 2 0 2 7 12 16 2 17 9 2 1 2 7 0 2 7 1 2 7 1 2 7 0 2 7 0 2 7 0 2 7 1 2 7 5 31 3 0 40.2815956473350525
0 2 7 0 2 7 17 18 2 12 16 2 0 2 7 0 2 7 1 2 7 0 2 7 0 2 7 0 2 7 13 6 3 0 2 7 1 2 7 1 2 7 5 31 3 0 2 7 0 2 7 0 2 7 17 18 2 0 2 7 0 2 7 1 2 7 1 2 7 17 18 2 5 30 3 0 2 7 13 6 3 12 16 2 6 2 7 12 16 2 17 9 2 1 2 4 0 2 7 1 2 3 1 2 7 1 2 7 1 2 7 5 30 3 1 2 4 1 2 4 0.000199058022579059828 40.1907646059989929
1 2 7 0 2 7 12 16 2 0 2 7 0 2 7 1 2 7 0 2 7 1 2 7 0 2 7 13 6 3 0 2 7 5 31 3 0 2 7 0 2 7 0 2 7 17 18 2 1 2 7 0 2 7 1 2 7 0 2 7 0 2 7 17 18 2 0 2 7 13 6 3 12 16 2 17 18 2 6 2 7 0 2 7 1 2 7 0 2 4 1 2 7 5 30 3 17 9 2 1 2 7 12 16 2 1 2 7 0 2 7 5 31 3 1 2 7 1 2 4 0 40.2815956473350525
1 2 7 0 2 7 12 16 2 0 2 7 0 2 7 1 2 7 0 2 7 1 2 7 0 2 7 13 6 3 0 2 7 5 31 3 0 2 7 0 2 7 0 2 7 17 18 2 1 2 7 0 2 7 1 2 7 0 2 7 0 2 7 17 18 2 0 2 7 13 6 3 12 16 2 17 18 2 6 2 7 0 2 7 1 2 7 0 2 4 1 2 7 5 30 3 17 9 2 1 2 7 12 16 2 1 2 7 0 2 7 5 31 3 1 2 7 1 2 4 0 40.2815956473350525
0 2 7 0 2 7 17 18 2 12 16 2 0 2 7 0 2 7 1 2 7 0 2 7 0 2 7 0 2 7 13 6 3 0 2 7 1 2 7 1 2 7 5 31 3 0 2 7 0 2 7 0 2 7 17 18 2 0 2 7 0 2 7 1 2 7 1 2 7 1 2 7 17 18 2 5 30 3 0 2 7 13 6 3 12 16 2 1 2 7 1 2 7 1 2 7 0 2 4 6 2 7 12 16 2 17 9 2 1 2 4 1 2 7 5 31 3 0 2 7 0 40.2815956473350525
0 2 7 0 2 7 17 18 2 12 16 2 0 2 7 0 2 7 1 2 7 0 2 7 0 2 7 0 2 7 13 6 3 0 2 7 1 2 7 1 2 7 5 31 3 0 2 7 0 2 7 0 2 7 17 18 2 0 2 7 0 2 7 1 2 7 1 2 7 1 2 7 17 18 2 5 30 3 0 2 7 13 6 3 12 16 2 1 2 7 1 2 7 1 2 7 0 2 4 6 2 7 12 16 2 17 9 2 1 2 4 1 2 7 5 31 3 0 2 7 0 40.2815956473350525
0 2 7 0 2 7 17 18 2 12 16 2 1 2 4 0 2 7 0 2 7 1 2 7 0 2 7 0 2 7 0 2 7 13 6 3 0 2 7 1 2 7 1 2 7 5 31 3 0 2 7 0 2 7 0 2 7 17 18 2 0 2 7 0 2 7 1 2 7 1 2 7 1 2 7 17 18 2 5 30 3 0 2 7 13 6 3 12 16 2 1 2 7 1 2 7 1 2 7 1 2 7 5 31 3 0 2 4 6 2 7 0 2 7 12 16 2 17 9 2 0 40.2815956473350525
0 2 7 0 2 7 17 18 2 12 16 2 1 2 4 0 2 7 0 2 7 1 2 7 0 2 7 0 2 7 0 2 7 13 6 3 0 2 7 1 2 7 1 2 7 5 31 3 0 2 7 0 2 7 0 2 7 17 18 2 0 2 7 0 2 7 1 2 7 1 2 7 1 2 7 17 18 2 5 30 3 0 2 7 13 6 3 12 16 2 1 2 7 1 2 7 1 2 7 1 2 7 5 31 3 0 2 4 6 2 7 0 2 7 12 16 2 17 9 2 0 40.2815956473350525
0 2 7 0 2 7 17 18 2 12 16 2 1 2 4 0 2 7 0 2 7 1 2 7 0 2 7 0 2 7 0 2 7 13 6 3 0 2 7 1 2 7 1 2 7 5 31 3 0 2 7 0 2 7 0 2 7 17 18 2 0 2 7 0 2 7 1 2 7 1 2 7 1 2 7 17 18 2 5 30 3 0 2 7 13 6 3 12 16 2 1 2 7 1 2 7 1 2 7 1 2 7 5 31 3 0 2 4 6 2 7 0 2 7 12 16 2 17 9 2 0 40.2815956473350525
0 2 7 0 2 7 17 18 2 12 16 2 1 2 4 0 2 7 0 2 7 1 2 7 0 2 7 0 2 7 0 2 7 13 6 3 0 2 7 1 2 7 1 2 7 5 31 3 0 2 7 0 2 7 0 2 7 17 18 2 0 2 7 0 2 7 1 2 7 1 2 7 1 2 7 17 18 2 5 30 3 0 2 7 13 6 3 12 16 2 1 2 7 1 2 7 1 2 7 1 2 7 5 31 3 0 2 4 6 2 7 0 2 7 12 16 2 17 9 2 0 40.2815956473350525
0 2 7 0 2 7 17 18 2 12 16 2 1 2 4 0 2 7 0 2 7 1 2 7 0 2 7 0 2 7 0 2 7 13 6 3 0 2 7 1 2 7 1 2 7 5 31 3 0 2 7 0 2 7 0 2 7 17 18 2 0 2 7 0 2 7 1 2 7 1 2 7 1 2 7 17 18 2 5 30 3 0 2 7 13 6 3 12 16 2 1 2 7 1 2 7 1 2 7 1 2 7 5 31 3 0 2 4 6 2 7 0 2 7 12 16 2 17 9 2 0 40.2815956473350525
0 2 7 0 2 7 17 18 2 12 16 2 1 2 4 0 2 7 0 2 7 1 2 7 0 2 7 0 2 7 0 2 7 13 6 3 0 2 7 1 2 7 1 2 7 5 31 3 0 2 7 0 2 7 0 2 7 17 18 2 0 2 7 0 2 7 1 2 7 1 2 7 1 2 7 17 18 2 5 30 3 0 2 7 13 6 3 12 16 2 1 2 7 1 2 7 1 2 7 1 2 7 5 31 3 0 2 4 6 2 7 0 2 7 12 16 2 17 9 2 0 40.2815956473350525
0 2 7 0 2 7 17 18 2 12 16 2 1 2 4 0 2 7 0 2 7 1 2 7 0 2 7 0 2 7 0 2 7 13 6 3 0 2 7 1 2 7 1 2 7 5 31 3 0 2 7 0 2 7 0 2 7 17 18 2 0 2 7 0 2 7 1 2 7 1 2 7 1 2 7 17 18 2 5 30 3 0 2 7 13 6 3 12 16 2 1 2 7 1 2 7 1 2 7 1 2 7 5 31 3 0 2 4 6 2 7 0 2 7 12 16 2 17 9 2 0 40.2815956473350525
0 2 7 0 2 7 17 18 2 12 16 2 1 2 4 0 2 7 0 2 7 1 2 7 0 2 7 0 2 7 0 2 7 13 6 3 0 2 7 1 2 7 1 2 7 5 31 3 0 2 7 0 2 7 0 2 7 17 18 2 0 2 7 0 2 7 1 2 7 1 2 7 1 2 7 17 18 2 5 30 3 0 2 7 13 6 3 12 16 2 1 2 7 1 2 7 1 2 7 1 2 7 5 31 3 0 2 4 6 2 7 0 2 7 12 16 2 17 9 2 0 40.2815956473350525
0 2 7 0 2 7 17 18 2 12 16 2 1 2 4 0 2 7 0 2 7 1 2 7 0 2 7 0 2 7 0 2 7 13 6 3 0 2 7 1 2 7 1 2 7 5 31 3 0 2 7 0 2 7 0 2 7 17 18 2 0 2 7 0 2 7 1 2 7 1 2 7 1 2 7 17 18 2 5 30 3 0 2 7 13 6 3 12 16 2 1 2 7 1 2 7 1 2 7 1 2 7 5 31 3 0 2 4 6 2 7 0 2 7 12 16 2 17 9 2 0 40.2815956473350525
0 2 7 0 2 7 17 18 2 12 16 2 1 2 4 0 2 7 0 2 7 1 2 7 0 2 7 0 2 7 0 2 7 13 6 3 0 2 7 1 2 7 1 2 7 5 31 3 0 2 7 0 2 7 0 2 7 17 18 2 0 2 7 0 2 7 1 2 7 1 2 7 1 2 7 17 18 2 5 30 3 0 2 7 13 6 3 12 16 2 1 2 7 1 2 7 1 2 7 1 2 7 5 31 3 0 2 4 6 2 7 0 2 7 12 16 2 17 9 2 0 40.2815956473350525
0 2 7 0 2 7 17 18 2 12 16 2 1 2 4 0 2 7 0 2 7 1 2 7 0 2 7 0 2 7 0 2 7 13 6 3 0 2 7 1 2 7 1 2 7 5 31 3 0 2 7 0 2 7 0 2 7 17 18 2 0 2 7 0 2 7 1 2 7 1 2 7 1 2 7 17 18 2 5 30 3 0 2 7 13 6 3 12 16 2 1 2 7 1 2 7 1 2 7 1 2 7 5 31 3 0 2 4 6 2 7 0 2 7 12 16 2 17 9 2 0 40.2815956473350525
0 2 7 0 2 7 17 18 2 12 16 2 1 2 4 0 2 7 0 2 7 1 2 7 0 2 7 0 2 7 0 2 7 13 6 3 0 2 7 1 2 7 1 2 7 5 31 3 0 2 7 0 2 7 0 2 7 17 18 2 0 2 7 0 2 7 1 2 7 1 2 7 1 2 7 17 18 2 5 30 3 0 2 7 13 6 3 12 16 2 1 2 7 1 2 7 1 2 7 1 2 7 5 31 3 0 2 4 6 2 7 0 2 7 12 16 2 17 9 2 0 40.2815956473350525
0 2 7 0 2 7 17 18 2 12 16 2 1 2 4 0 2 7 0 2 7 1 2 7 0 2 7 0 2 7 0 2 7 13 6 3 0 2 7 1 2 7 1 2 7 5 31 3 0 2 7 0 2 7 0 2 7 17 18 2 0 2 7 0 2 7 1 2 7 1 2 7 1 2 7 17 18 2 5 30 3 0 2 7 13 6 3 12 16 2 1 2 7 1 2 7 1 2 7 1 2 7 5 31 3 0 2 4 6 2 7 0 2 7 12 16 2 17 9 2 0 40.2815956473350525
0 2 7 0 2 7 17 18 2 12 16 2 1 2 4 0 2 7 0 2 7 1 2 7 0 2 7 0 2 7 0 2 7 13 6 3 0 2 7 1 2 7 1 2 7 5 31 3 0 2 7 0 2 7 0 2 7 17 18 2 0 2 7 0 2 7 1 2 7 1 2 7 1 2 7 17 18 2 5 30 3 0 2 7 13 6 3 12 16 2 1 2 7 1 2 7 1 2 7 1 2 7 5 31 3 0 2 4 6 2 7 0 2 7 12 16 2 17 9 2 0 40.2815956473350525
0 2 7 0 2 7 17 18 2 12 16 2 1 2 4 0 2 7 0 2 7 1 2 7 0 2 7 0 2 7 0 2 7 13 6 3 0 2 7 1 2 7 1 2 7 5 31 3 0 2 7 0 2 7 0 2 7 17 18 2 0 2 7 0 2 7 1 2 7 1 2 7 1 2 7 17 18 2 5 30 3 0 2 7 13 6 3 12 16 2 1 2 7 1 2 7 1 2 7 1 2 7 5 31 3 0 2 4 6 2 7 0 2 7 12 16 2 17 9 2 0 40.2815956473350525
0 2 7 0 2 7 17 18 2 12 16 2 1 2 4 0 2 7 0 2 7 1 2 7 0 2 7 0 2 7 0 2 7 13 6 3 0 2 7 1 2 7 1 2 7 5 31 3 0 2 7 0 2 7 0 2 7 17 18 2 0 2 7 0 2 7 1 2 7 1 2 7 1 2 7 17 18 2 5 30 3 0 2 7 13 6 3 12 16 2 1 2 7 1 2 7 1 2 7 1 2 7 5 31 3 0 2 4 6 2 7 0 2 7 12 16 2 17 9 2 0 40.2815956473350525
0 2 7 0 2 7 17 18 2 12 16 2 1 2 4 0 2 7 0 2 7 1 2 7 0 2 7 0 2 7 0 2 7 13 6 3 0 2 7 1 2 7 1 2 7 5 31 3 0 2 7 0 2 7 0 2 7 17 18 2 0 2 7 0 2 7 1 2 7 1 2 7 1 2 7 17 18 2 5 30 3 0 2 7 13 6 3 12 16 2 1 2 7 1 2 7 1 2 7 1 2 7 5 31 3 0 2 4 6 2 7 0 2 7 12 16 2 17 9 2 0 40.2815956473350525
0 2 7 0 2 7 17 18 2 12 16 2 1 2 4 0 2 7 0 2 7 1 2 7 0 2 7 0 2 7 0 2 7 13 6 3 0 2 7 1 2 7 1 2 7 5 31 3 0 2 7 0 2 7 0 2 7 17 18 2 0 2 7 0 2 7 1 2 7 1 2 7 1 2 7 17 18 2 5 30 3 0 2 7 13 6 3 12 16 2 1 2 7 1 2 7 1 2 7 1 2 7 5 31 3 0 2 4 6 2 7 0 2 7 12 16 2 17 9 2 0 40.2815956473350525
0 2 7 0 2 7 17 18 2 12 16 2 1 2 4 0 2 7 0 2 7 1 2 7 0 2 7 0 2 7 0 2 7 13 6 3 0 2 7 1 2 7 1 2 7 5 31 3 0 2 7 0 2 7 0 2 7 17 18 2 0 2 7 0 2 7 1 2 7 1 2 7 1 2 7 17 18 2 5 30 3 0 2 7 13 6 3 12 16 2 1 2 7 1 2 7 1 2 7 1 2 7 5 31 3 0 2 4 6 2 7 0 2 7 12 16 2 17 9 2 0 40.2815956473350525
0 2 7 0 2 7 17 18 2 12 16 2 1 2 4 0 2 7 0 2 7 1 2 7 0 2 7 0 2 7 0 2 7 13 6 3 0 2 7 1 2 7 1 2 7 5 31 3 0 2 7 0 2 7 0 2 7 17 18 2 0 2 7 0 2 7 1 2 7 1 2 7 1 2 7 17 18 2 5 30 3 0 2 7 13 6 3 12 16 2 1 2 7 1 2 7 1 2 7 1 2 7 5 31 3 0 2 4 6 2 7 0 2 7 12 16 2 17 9 2 0 40.2815956473350525
0 2 7 0 2 7 17 18 2 12 16 2 1 2 4 0 2 7 0 2 7 1 2 7 0 2 7 0 2 7 0 2 7 13 6 3 0 2 7 1 2 7 1 2 7 5 31 3 0 2 7 0 2 7 0 2 7 17 18 2 0 2 7 0 2 7 1 2 7 1 2 7 1 2 7 17 18 2 5 30 3 0 2 7 13 6 3 12 16 2 1 2 7 1 2 7 1 2 7 1 2 7 5 31 3 0 2 4 6 2 7 0 2 7 12 16 2 17 9 2 0 40.2815956473350525
0 2 7 0 2 7 17 18 2 12 16 2 1 2 4 0 2 7 0 2 7 1 2 7 0 2 7 0 2 7 0 2 7 13 6 3 0 2 7 1 2 7 1 2 7 5 31 3 0 2 7 0 2 7 0 2 7 17 18 2 0 2 7 0 2 7 1 2 7 1 2 7 1 2 7 17 18 2 5 30 3 0 2 7 13 6 3 12 16 2 1 2 7 1 2 7 1 2 7 1 2 7 5 31 3 0 2 4 6 2 7 0 2 7 12 16 2 17 9 2 0 40.2815956473350525
0 2 7 0 2 7 17 18 2 12 16 2 1 2 4 0 2 7 0 2 7 1 2 7 0 2 7 0 2 7 0 2 7 13 6 3 0 2 7 1 2 7 1 2 7 5 31 3 0 2 7 0 2 7 0 2 7 17 18 2 0 2 7 0 2 7 1 2 7 1 2 7 1 2 7 17 18 2 5 30 3 0 2 7 13 6 3 12 16 2 1 2 7 1 2 7 1 2 7 1 2 7 5 31 3 0 2 4 6 2 7 0 2 7 12 16 2 17 9 2 0 40.2815956473350525
0 2 7 0 2 7 17 18 2 12 16 2 1 2 4 0 2 7 0 2 7 1 2 7 0 2 7 0 2 7 0 2 7 13 6 3 0 2 7 1 2 7 1 2 7 5 31 3 0 2 7 0 2 7 0 2 7 17 18 2 0 2 7 0 2 7 1 2 7 1 2 7 1 2 7 17 18 2 5 30 3 0 2 7 13 6 3 12 16 2 1 2 7 1 2 7 1 2 7 1 2 7 5 31 3 0 2 4 6 2 7 0 2 7 12 16 2 17 9 2 0 40.2815956473350525
0 2 7 0 2 7 17 18 2 12 16 2 1 2 4 0 2 7 0 2 7 1 2 7 0 2 7 0 2 7 0 2 7 13 6 3 0 2 7 1 2 7 1 2 7 5 31 3 0 2 7 0 2 7 0 2 7 17 18 2 0 2 7 0 2 7 1 2 7 1 2 7 1 2 7 17 18 2 5 30 3 0 2 7 13 6 3 12 16 2 1 2 7 1 2 7 1 2 7 1 2 7 5 31 3 0 2 4 6 2 7 0 2 7 12 16 2 17 9 2 0 40.2815956473350525
0 2 7 0 2 7 17 18 2 12 16 2 1 2 4 0 2 7 0 2 7 1 2 7 0 2 7 0 2 7 0 2 7 13 6 3 0 2 7 1 2 7 1 2 7 5 31 3 0 2 7 0 2 7 0 2 7 17 18 2 0 2 7 0 2 7 1 2 7 1 2 7 1 2 7 17 18 2 5 30 3 0 2 7 13 6 3 12 16 2 1 2 7 1 2 7 1 2 7 1 2 7 5 31 3 0 2 4 6 2 7 0 2 7 12 16 2 17 9 2 0 40.2815956473350525
0 2 7 0 2 7 17 18 2 12 16 2 1 2 4 0 2 7 0 2 7 1 2 7 0 2 7 0 2 7 0 2 7 13 6 3 0 2 7 1 2 7 1 2 7 5 31 3 0 2 7 0 2 7 0 2 7 17 18 2 0 2 7 0 2 7 1 2 7 1 2 7 1 2 7 17 18 2 5 30 3 0 2 7 13 6 3 12 16 2 1 2 7 1 2 7 1 2 7 1 2 7 5 31 3 0 2 4 6 2 7 0 2 7 12 16 2 17 9 2 0 40.2815956473350525
0 2 7 0 2 7 17 18 2 12 16 2 1 2 4 0 2 7 0 2 7 1 2 7 0 2 7 0 2 7 0 2 7 13 6 3 0 2 7 1 2 7 1 2 7 5 31 3 0 2 7 0 2 7 0 2 7 17 18 2 0 2 7 0 2 7 1 2 7 1 2 7 1 2 7 17 18 2 5 30 3 0 2 7 13 6 3 12 16 2 1 2 7 1 2 7 1 2 7 1 2 7 5 31 3 0 2 4 6 2 7 0 2 7 12 16 2 17 9 2 0 40.2815956473350525
0 2 7 0 2 7 17 18 2 12 16 2 1 2 4 0 2 7 0 2 7 1 2 7 0 2 7 0 2 7 0 2 7 13 6 3 0 2 7 1 2 7 1 2 7 5 31 3 0 2 7 0 2 7 0 2 7 17 18 2 0 2 7 0 2 7 1 2 7 1 2 7 1 2 7 17 18 2 5 30 3 0 2 7 13 6 3 12 16 2 1 2 7 1 2 7 1 2 7 1 2 7 5 31 3 0 2 4 6 2 7 0 2 7 12 16 2 17 9 2 0 40.2815956473350525
0 2 7 0 2 7 17 18 2 12 16 2 1 2 4 0 2 7 0 2 7 1 2 7 0 2 7 0 2 7 0 2 7 13 6 3 0 2 7 1 2 7 1 2 7 5 31 3 0 2 7 0 2 7 0 2 7 17 18 2 0 2 7 0 2 7 1 2 7 1 2 7 1 2 7 17 18 2 5 30 3 0 2 7 13 6 3 12 16 2 1 2 7 1 2 7 1 2 7 1 2 7 5 31 3 0 2 4 6 2 7 0 2 7 12 16 2 17 9 2 0 40.2815956473350525
0 2 7 0 2 7 17 18 2 12 16 2 1 2 4 0 2 7 0 2 7 1 2 7 0 2 7 0 2 7 0 2 7 13 6 3 0 2 7 1 2 7 1 2 7 5 31 3 0 2 7 0 2 7 0 2 7 17 18 2 0 2 7 0 2 7 1 2 7 1 2 7 1 2 7 17 18 2 5 30 3 0 2 7 13 6 3 12 16 2 1 2 7 1 2 7 1 2 7 1 2 7 5 31 3 0 2 4 6 2 7 0 2 7 12 16 2 17 9 2 0 40.2815956473350525
0 2 7 0 2 7 17 18 2 12 16 2 1 2 4 0 2 7 0 2 7 1 2 7 0 2 7 0 2 7 0 2 7 13 6 3 0 2 7 1 2 7 1 2 7 5 31 3 0 2 7 0 2 7 0 2 7 17 18 2 0 2 7 0 2 7 1 2 7 1 2 7 1 2 7 17 18 2 5 30 3 0 2 7 13 6 3 12 16 2 1 2 7 1 2 7 1 2 7 1 2 7 5 31 3 0 2 4 6 2 7 0 2 7 12 16 2 17 9 2 0 40.2815956473350525
0 2 7 0 2 7 17 18 2 12 16 2 1 2 4 0 2 7 0 2 7 1 2 7 0 2 7 0 2 7 0 2 7 13 6 3 0 2 7 1 2 7 1 2 7 5 31 3 0 2 7 0 2 7 0 2 7 17 18 2 0 2 7 0 2 7 1 2 7 1 2 7 1 2 7 17 18 2 5 30 3 0 2 7 13 6 3 12 16 2 1 2 7 1 2 7 1 2 7 1 2 7 5 31 3 0 2 4 6 2 7 0 2 7 12 16 2 17 9 2 0 40.2815956473350525
0 2 7 0 2 7 17 18 2 12 16 2 1 2 4 0 2 7 0 2 7 1 2 7 0 2 7 0 2 7 0 2 7 13 6 3 0 2 7 1 2 7 1 2 7 5 31 3 0 2 7 0 2 7 0 2 7 17 18 2 0 2 7 0 2 7 1 2 7 1 2 7 1 2 7 17 18 2 5 30 3 0 2 7 13 6 3 12 16 2 1 2 7 1 2 7 1 2 7 1 2 7 5 31 3 0 2 4 6 2 7 0 2 7 12 16 2 17 9 2 0 40.2815956473350525
0 2 7 0 2 7 17 18 2 12 16 2 1 2 4 0 2 7 0 2 7 1 2 7 0 2 7 0 2 7 0 2 7 13 6 3 0 2 7 1 2 7 1 2 7 5 31 3 0 2 7 0 2 7 0 2 7 17 18 2 0 2 7 0 2 7 1 2 7 1 2 7 1 2 7 17 18 2 5 30 3 0 2 7 13 6 3 12 16 2 1 2 7 1 2 7 1 2 7 1 2 7 5 31 3 0 2 4 6 2 7 0 2 7 12 16 2 17 9 2 0 40.2815956473350525
0 2 7 0 2 7 17 18 2 12 16 2 1 2 4 0 2 7 0 2 7 1 2 7 0 2 7 0 2 7 0 2 7 13 6 3 0 2 7 1 2 7 1 2 7 5 31 3 0 2 7 0 2 7 0 2 7 17 18 2 0 2 7 0 2 7 1 2 7 1 2 7 1 2 7 17 18 2 5 30 3 0 2 7 13 6 3 12 16 2 1 2 7 1 2 7 1 2 7 1 2 7 5 31 3 0 2 4 6 2 7 0 2 7 12 16 2 17 9 2 0 40.2815956473350525
0 2 7 0 2 7 17 18 2 12 16 2 1 2 4 0 2 7 0 2 7 1 2 7 0 2 7 0 2 7 0 2 7 13 6 3 0 2 7 1 2 7 1 2 7 5 31 3 0 2 7 0 2 7 0 2 7 17 18 2 0 2 7 0 2 7 1 2 7 1 2 7 1 2 7 17 18 2 5 30 3 0 2 7 13 6 3 12 16 2 1 2 7 1 2 7 1 2 7 1 2 7 5 31 3 0 2 4 6 2 7 0 2 7 12 16 2 17 9 2 0 40.2815956473350525
0 2 7 0 2 7 17 18 2 12 16 2 1 2 4 0 2 7 0 2 7 1 2 7 0 2 7 0 2 7 0 2 7 13 6 3 0 2 7 1 2 7 1 2 7 5 31 3 0 2 7 0 2 7 0 2 7 17 18 2 0 2 7 0 2 7 1 2 7 1 2 7 1 2 7 17 18 2 5 30 3 0 2 7 13 6 3 12 16 2 1 2 7 1 2 7 1 2 7 1 2 7 5 31 3 0 2 4 6 2 7 0 2 7 12 16 2 17 9 2 0 40.2815956473350525
0 2 7 0 2 7 17 18 2 12 16 2 1 2 4 0 2 7 0 2 7 1 2 7 0 2 7 0 2 7 0 2 7 13 6 3 0 2 7 1 2 7 1 2 7 5 31 3 0 2 7 0 2 7 0 2 7 17 18 2 0 2 7 0 2 7 1 2 7 1 2 7 1 2 7 17 18 2 5 30 3 0 2 7 13 6 3 12 16 2 1 2 7 1 2 7 1 2 7 1 2 7 5 31 3 0 2 4 6 2 7 0 2 7 12 16 2 17 9 2 0 40.2815956473350525
0 2 7 0 2 7 17 18 2 12 16 2 1 2 4 0 2 7 0 2 7 1 2 7 0 2 7 0 2 7 0 2 7 13 6 3 0 2 7 1 2 7 1 2 7 5 31 3 0 2 7 0 2 7 0 2 7 17 18 2 0 2 7 0 2 7 1 2 7 1 2 7 1 2 7 17 18 2 5 30 3 0 2 7 13 6 3 12 16 2 1 2 7 1 2 7 1 2 7 1 2 7 5 31 3 0 2 4 6 2 7 0 2 7 12 16 2 17 9 2 0 40.2815956473350525
0 2 7 0 2 7 17 18 2 12 16 2 1 2 4 0 2 7 0 2 7 1 2 7 0 2 7 0 2 7 0 2 7 13 6 3 0 2 7 1 2 7 1 2 7 5 31 3 0 2 7 0 2 7 0 2 7 17 18 2 0 2 7 0 2 7 1 2 7 1 2 7 1 2 7 17 18 2 5 30 3 0 2 7 13 6 3 12 16 2 1 2 7 1 2 7 1 2 7 1 2 7 5 31 3 0 2 4 6 2 7 0 2 7 12 16 2 17 9 2 0 40.2815956473350525
0 2 7 0 2 7 17 18 2 12 16 2 1 2 4 0 2 7 0 2 7 1 2 7 0 2 7 0 2 7 0 2 7 13 6 3 0 2 7 1 2 7 1 2 7 5 31 3 0 2 7 0 2 7 0 2 7 17 18 2 0 2 7 0 2 7 1 2 7 1 2 7 1 2 7 17 18 2 5 30 3 0 2 7 13 6 3 12 16 2 1 2 7 1 2 7 1 2 7 1 2 7 5 31 3 0 2 4 6 2 7 0 2 7 12 16 2 17 9 2 0 40.2815956473350525
0 2 7 0 2 7 17 18 2 12 16 2 1 2 4 0 2 7 0 2 7 1 2 7 0 2 7 0 2 7 0 2 7 13 6 3 0 2 7 1 2 7 1 2 7 5 31 3 0 2 7 0 2 7 0 2 7 17 18 2 0 2 7 0 2 7 1 2 7 1 2 7 1 2 7 17 18 2 5 30 3 0 2 7 13 6 3 12 16 2 1 2 7 1 2 7 1 2 7 1 2 7 5 31 3 0 2 4 6 2 7 0 2 7 12 16 2 17 9 2 0 40.2815956473350525
0 2 7 0 2 7 17 18 2 12 16 2 1 2 4 0 2 7 0 2 7 1 2 7 0 2 7 0 2 7 0 2 7 13 6 3 0 2 7 1 2 7 1 2 7 5 31 3 0 2 7 0 2 7 0 2 7 17 18 2 0 2 7 0 2 7 1 2 7 1 2 7 1 2 7 17 18 2 5 30 3 0 2 7 13 6 3 12 16 2 1 2 7 1 2 7 1 2 7 1 2 7 5 31 3 0 2 4 6 2 7 0 2 7 12 16 2 17 9 2 0 40.2815956473350525
0 2 7 0 2 7 17 18 2 12 16 2 1 2 4 0 2 7 0 2 7 1 2 7 0 2 7 0 2 7 0 2 7 13 6 3 0 2 7 1 2 7 1 2 7 5 31 3 0 2 7 0 2 7 0 2 7 17 18 2 0 2 7 0 2 7 1 2 7 1 2 7 1 2 7 17 18 2 5 30 3 0 2 7 13 6 3 12 16 2 1 2 7 1 2 7 1 2 7 1 2 7 5 31 3 0 2 4 6 2 7 0 2 7 12 16 2 17 9 2 0 40.2815956473350525
0 2 7 0 2 7 17 18 2 12 16 2 1 2 4 0 2 7 0 2 7 1 2 7 0 2 7 0 2 7 0 2 7 13 6 3 0 2 7 1 2 7 1 2 7 5 31 3 0 2 7 0 2 7 0 2 7 17 18 2 0 2 7 0 2 7 1 2 7 1 2 7 1 2 7 17 18 2 5 30 3 0 2 7 13 6 3 12 16 2 1 2 7 1 2 7 1 2 7 1 2 7 5 31 3 0 2 4 6 2 7 0 2 7 12 16 2 17 9 2 0 40.2815956473350525
0 2 7 0 2 7 17 18 2 12 16 2 1 2 4 0 2 7 0 2 7 1 2 7 0 2 7 0 2 7 0 2 7 13 6 3 0 2 7 1 2 7 1 2 7 5 31 3 0 2 7 0 2 7 0 2 7 17 18 2 0 2 7 0 2 7 1 2 7 1 2 7 1 2 7 17 18 2 5 30 3 0 2 7 13 6 3 12 16 2 1 2 7 1 2 7 1 2 7 1 2 7 5 31 3 0 2 4 6 2 7 0 2 7 12 16 2 17 9 2 0 40.2815956473350525
0 2 7 0 2 7 17 18 2 12 16 2 1 2 4 0 2 7 0 2 7 1 2 7 0 2 7 0 2 7 0 2 7 13 6 3 0 2 7 1 2 7 1 2 7 5 31 3 0 2 7 0 2 7 0 2 7 17 18 2 0 2 7 0 2 7 1 2 7 1 2 7 1 2 7 17 18 2 5 30 3 0 2 7 13 6 3 12 16 2 1 2 7 1 2 7 1 2 7 1 2 7 5 31 3 0 2 4 6 2 7 0 2 7 12 16 2 17 9 2 0 40.2815956473350525
0 2 7 0 2 7 17 18 2 12 16 2 1 2 4 0 2 7 0 2 7 1 2 7 0 2 7 0 2 7 0 2 7 13 6 3 0 2 7 1 2 7 1 2 7 5 31 3 0 2 7 0 2 7 0 2 7 17 18 2 0 2 7 0 2 7 1 2 7 1 2 7 1 2 7 17 18 2 5 30 3 0 2 7 13 6 3 12 16 2 1 2 7 1 2 7 1 2 7 1 2 7 5 31 3 0 2 4 6 2 7 0 2 7 12 16 2 17 9 2 0 40.2815956473350525
0 2 7 0 2 7 17 18 2 12 16 2 1 2 4 0 2 7 0 2 7 1 2 7 0 2 7 0 2 7 0 2 7 13 6 3 0 2 7 1 2 7 1 2 7 5 31 3 0 2 7 0 2 7 0 2 7 17 18 2 0 2 7 0 2 7 1 2 7 1 2 7 1 2 7 17 18 2 5 30 3 0 2 7 13 6 3 12 16 2 1 2 7 1 2 7 1 2 7 1 2 7 5 31 3 0 2 4 6 2 7 0 2 7 12 16 2 17 9 2 0 40.2815956473350525
0 2 7 0 2 7 17 18 2 12 16 2 1 2 4 0 2 7 0 2 7 1 2 7 0 2 7 0 2 7 0 2 7 13 6 3 0 2 7 1 2 7 1 2 7 5 31 3 0 2 7 0 2 7 0 2 7 17 18 2 0 2 7 0 2 7 1 2 7 1 2 7 1 2 7 17 18 2 5 30 3 0 2 7 13 6 3 12 16 2 1 2 7 1 2 7 1 2 7 1 2 7 5 31 3 0 2 4 6 2 7 0 2 7 12 16 2 17 9 2 0 40.2815956473350525
0 2 7 0 2 7 17 18 2 12 16 2 1 2 4 0 2 7 0 2 7 1 2 7 0 2 7 0 2 7 0 2 7 13 6 3 0 2 7 1 2 7 1 2 7 5 31 3 0 2 7 0 2 7 0 2 7 17 18 2 0 2 7 0 2 7 1 2 7 1 2 7 1 2 7 17 18 2 5 30 3 0 2 7 13 6 3 12 16 2 1 2 7 1 2 7 1 2 7 1 2 7 5 31 3 0 2 4 6 2 7 0 2 7 12 16 2 17 9 2 0 40.2815956473350525
0 2 7 0 2 7 17 18 2 12 16 2 1 2 4 0 2 7 0 2 7 1 2 7 0 2 7 0 2 7 0 2 7 13 6 3 0 2 7 1 2 7 1 2 7 5 31 3 0 2 7 0 2 7 0 2 7 17 18 2 0 2 7 0 2 7 1 2 7 1 2 7 1 2 7 17 18 2 5 30 3 0 2 7 13 6 3 12 16 2 1 2 7 1 2 7 1 2 7 1 2 7 5 31 3 0 2 4 6 2 7 0 2 7 12 16 2 17 9 2 0 40.2815956473350525
0 2 7 0 2 7 17 18 2 12 16 2 1 2 4 0 2 7 0 2 7 1 2 7 0 2 7 0 2 7 0 2 7 13 6 3 0 2 7 1 2 7 1 2 7 5 31 3 0 2 7 0 2 7 0 2 7 17 18 2 0 2 7 0 2 7 1 2 7 1 2 7 1 2 7 17 18 2 5 30 3 0 2 7 13 6 3 12 16 2 1 2 7 1 2 7 1 2 7 1 2 7 5 31 3 0 2 4 6 2 7 0 2 7 12 16 2 17 9 2 0 40.2815956473350525
0 2 7 0 2 7 17 18 2 12 16 2 1 2 4 0 2 7 0 2 7 1 2 7 0 2 7 0 2 7 0 2 7 13 6 3 0 2 7 1 2 7 1 2 7 5 31 3 0 2 7 0 2 7 0 2 7 17 18 2 0 2 7 0 2 7 1 2 7 1 2 7 1 2 7 17 18 2 5 30 3 0 2 7 13 6 3 12 16 2 1 2 7 1 2 7 1 2 7 1 2 7 5 31 3 0 2 4 6 2 7 0 2 7 12 16 2 17 9 2 0 40.2815956473350525
0 2 7 0 2 7 17 18 2 12 16 2 1 2 4 0 2 7 0 2 7 1 2 7 0 2 7 0 2 7 0 2 7 13 6 3 0 2 7 1 2 7 1 2 7 5 31 3 0 2 7 0 2 7 0 2 7 17 18 2 0 2 7 0 2 7 1 2 7 1 2 7 1 2 7 17 18 2 5 30 3 0 2 7 13 6 3 12 16 2 1 2 7 1 2 7 1 2 7 1 2 7 5 31 3 0 2 4 6 2 7 0 2 7 12 16 2 17 9 2 0 40.2815956473350525
0 2 7 0 2 7 17 18 2 12 16 2 1 2 4 0 2 7 0 2 7 1 2 7 0 2 7 0 2 7 0 2 7 13 6 3 0 2 7 1 2 7 1 2 7 5 31 3 0 2 7 0 2 7 0 2 7 17 18 2 0 2 7 0 2 7 1 2 7 1 2 7 1 2 7 17 18 2 5 30 3 0 2 7 13 6 3 12 16 2 1 2 7 1 2 7 1 2 7 1 2 7 5 31 3 0 2 4 6 2 7 0 2 7 12 16 2 17 9 2 0 40.2815956473350525
0 2 7 0 2 7 17 18 2 12 16 2 1 2 4 0 2 7 0 2 7 1 2 7 0 2 7 0 2 7 0 2 7 13 6 3 0 2 7 1 2 7 1 2 7 5 31 3 0 2 7 0 2 7 0 2 7 17 18 2 0 2 7 0 2 7 1 2 7 1 2 7 1 2 7 17 18 2 5 30 3 0 2 7 13 6 3 12 16 2 1 2 7 1 2 7 1 2 7 1 2 7 5 31 3 0 2 4 6 2 7 0 2 7 12 16 2 17 9 2 0 40.2815956473350525
0 2 7 0 2 7 17 18 2 12 16 2 1 2 4 0 2 7 0 2 7 1 2 7 0 2 7 0 2 7 0 2 7 13 6 3 0 2 7 1 2 7 1 2 7 5 31 3 0 2 7 0 2 7 0 2 7 17 18 2 0 2 7 0 2 7 1 2 7 1 2 7 1 2 7 17 18 2 5 30 3 0 2 7 13 6 3 12 16 2 1 2 7 1 2 7 1 2 7 1 2 7 5 31 3 0 2 4 6 2 7 0 2 7 12 16 2 17 9 2 0 40.2815956473350525
0 2 7 0 2 7 17 18 2 12 16 2 1 2 4 0 2 7 0 2 7 1 2 7 0 2 7 0 2 7 0 2 7 13 6 3 0 2 7 1 2 7 1 2 7 5 31 3 0 2 7 0 2 7 0 2 7 17 18 2 0 2 7 0 2 7 1 2 7 1 2 7 1 2 7 17 18 2 5 30 3 0 2 7 13 6 3 12 16 2 1 2 7 1 2 7 1 2 7 1 2 7 5 31 3 0 2 4 6 2 7 0 2 7 12 16 2 17 9 2 0 40.2815956473350525
0 2 7 0 2 7 17 18 2 12 16 2 1 2 4 0 2 7 0 2 7 1 2 7 0 2 7 0 2 7 0 2 7 13 6 3 0 2 7 1 2 7 1 2 7 5 31 3 0 2 7 0 2 7 0 2 7 17 18 2 0 2 7 0 2 7 1 2 7 1 2 7 1 2 7 17 18 2 5 30 3 0 2 7 13 6 3 12 16 2 1 2 7 1 2 7 1 2 7 1 2 7 5 31 3 0 2 4 6 2 7 0 2 7 12 16 2 17 9 2 0 40.2815956473350525
0 2 7 0 2 7 17 18 2 12 16 2 1 2 4 0 2 7 0 2 7 1 2 7 0 2 7 0 2 7 0 2 7 13 6 3 0 2 7 1 2 7 1 2 7 5 31 3 0 2 7 0 2 7 0 2 7 17 18 2 0 2 7 0 2 7 1 2 7 1 2 7 1 2 7 17 18 2 5 30 3 0 2 7 13 6 3 12 16 2 1 2 7 1 2 7 1 2 7 1 2 7 5 31 3 0 2 4 6 2 7 0 2 7 12 16 2 17 9 2 0 40.2815956473350525
0 2 7 0 2 7 17 18 2 12 16 2 1 2 4 0 2 7 0 2 7 1 2 7 0 2 7 0 2 7 0 2 7 13 6 3 0 2 7 1 2 7 1 2 7 5 31 3 0 2 7 0 2 7 0 2 7 17 18 2 0 2 7 0 2 7 1 2 7 1 2 7 1 2 7 17 18 2 5 30 3 0 2 7 13 6 3 12 16 2 1 2 7 1 2 7 1 2 7 1 2 7 5 31 3 0 2 4 6 2 7 0 2 7 12 16 2 17 9 2 0 40.2815956473350525
0 2 7 0 2 7 17 18 2 12 16 2 1 2 4 0 2 7 0 2 7 1 2 7 0 2 7 0 2 7 0 2 7 13 6 3 0 2 7 1 2 7 1 2 7 5 31 3 0 2 7 0 2 7 0 2 7 17 18 2 0 2 7 0 2 7 1 2 7 1 2 7 1 2 7 17 18 2 5 30 3 0 2 7 13 6 3 12 16 2 1 2 7 1 2 7 1 2 7 1 2 7 5 31 3 0 2 4 6 2 7 0 2 7 12 16 2 17 9 2 0 40.2815956473350525
0 2 7 0 2 7 17 18 2 12 16 2 1 2 4 0 2 7 0 2 7 1 2 7 0 2 7 0 2 7 0 2 7 13 6 3 0 2 7 1 2 7 1 2 7 5 31 3 0 2 7 0 2 7 0 2 7 17 18 2 0 2 7 0 2 7 1 2 7 1 2 7 1 2 7 17 18 2 5 30 3 0 2 7 13 6 3 12 16 2 1 2 7 1 2 7 1 2 7 1 2 7 5 31 3 0 2 4 6 2 7 0 2 7 12 16 2 17 9 2 0 40.2815956473350525
0 2 7 0 2 7 17 18 2 12 16 2 1 2 4 0 2 7 0 2 7 1 2 7 0 2 7 0 2 7 0 2 7 13 6 3 0 2 7 1 2 7 1 2 7 5 31 3 0 2 7 0 2 7 0 2 7 17 18 2 0 2 7 0 2 7 1 2 7 1 2 7 1 2 7 17 18 2 5 30 3 0 2 7 13 6 3 12 16 2 1 2 7 1 2 7 1 2 7 1 2 7 5 31 3 0 2 4 6 2 7 0 2 7 12 16 2 17 9 2 0 40.2815956473350525
0 2 7 0 2 7 17 18 2 12 16 2 1 2 4 0 2 7 0 2 7 1 2 7 0 2 7 0 2 7 0 2 7 13 6 3 0 2 7 1 2 7 1 2 7 5 31 3 0 2 7 0 2 7 0 2 7 17 18 2 0 2 7 0 2 7 1 2 7 1 2 7 1 2 7 17 18 2 5 30 3 0 2 7 13 6 3 12 16 2 1 2 7 1 2 7 1 2 7 1 2 7 5 31 3 0 2 4 6 2 7 0 2 7 12 16 2 17 9 2 0 40.2815956473350525
0 2 7 0 2 7 17 18 2 12 16 2 1 2 4 0 2 7 0 2 7 1 2 7 0 2 7 0 2 7 0 2 7 13 6 3 0 2 7 1 2 7 1 2 7 5 31 3 0 2 7 0 2 7 0 2 7 17 18 2 0 2 7 0 2 7 1 2 7 1 2 7 1 2 7 17 18 2 5 30 3 0 2 7 13 6 3 12 16 2 1 2 7 1 2 7 1 2 7 1 2 7 5 31 3 0 2 4 6 2 7 0 2 7 12 16 2 17 9 2 0 40.2815956473350525
0 2 7 0 2 7 17 18 2 12 16 2 1 2 4 0 2 7 0 2 7 1 2 7 0 2 7 0 2 7 0 2 7 13 6 3 0 2 7 1 2 7 1 2 7 5 31 3 0 2 7 0 2 7 0 2 7 17 18 2 0 2 7 0 2 7 1 2 7 1 2 7 1 2 7 17 18 2 5 30 3 0 2 7 13 6 3 12 16 2 1 2 7 1 2 7 1 2 7 1 2 7 5 31 3 0 2 4 6 2 7 0 2 7 12 16 2 17 9 2 0 40.2815956473350525
0 2 7 0 2 7 17 18 2 12 16 2 1 2 4 0 2 7 0 2 7 1 2 7 0 2 7 0 2 7 0 2 7 13 6 3 0 2 7 1 2 7 1 2 7 5 31 3 0 2 7 0 2 7 0 2 7 17 18 2 0 2 7 0 2 7 1 2 7 1 2 7 1 2 7 17 18 2 5 30 3 0 2 7 13 6 3 12 16 2 1 2 7 1 2 7 1 2 7 1 2 7 5 31 3 0 2 4 6 2 7 0 2 7 12 16 2 17 9 2 0 40.2815956473350525
0 2 7 0 2 7 17 18 2 12 16 2 1 2 4 0 2 7 0 2 7 1 2 7 0 2 7 0 2 7 0 2 7 13 6 3 0 2 7 1 2 7 1 2 7 5 31 3 0 2 7 0 2 7 0 2 7 17 18 2 0 2 7 0 2 7 1 2 7 1 2 7 1 2 7 17 18 2 5 30 3 0 2 7 13 6 3 12 16 2 1 2 7 1 2 7 1 2 7 1 2 7 5 31 3 0 2 4 6 2 7 0 2 7 12 16 2 17 9 2 0 40.2815956473350525
0 2 7 0 2 7 17 18 2 12 16 2 1 2 4 0 2 7 0 2 7 1 2 7 0 2 7 0 2 7 0 2 7 13 6 3 0 2 7 1 2 7 1 2 7 5 31 3 0 2 7 0 2 7 0 2 7 17 18 2 0 2 7 0 2 7 1 2 7 1 2 7 1 2 7 17 18 2 5 30 3 0 2 7 13 6 3 12 16 2 1 2 7 1 2 7 1 2 7 1 2 7 5 31 3 0 2 4 6 2 7 0 2 7 12 16 2 17 9 2 0 40.2815956473350525
0 2 7 0 2 7 17 18 2 12 16 2 1 2 4 0 2 7 0 2 7 1 2 7 0 2 7 0 2 7 0 2 7 13 6 3 0 2 7 1 2 7 1 2 7 5 31 3 0 2 7 0 2 7 0 2 7 17 18 2 0 2 7 0 2 7 1 2 7 1 2 7 1 2 7 17 18 2 5 30 3 0 2 7 13 6 3 12 16 2 1 2 7 1 2 7 1 2 7 1 2 7 5 31 3 0 2 4 6 2 7 0 2 7 12 16 2 17 9 2 0 40.2815956473350525
0 2 7 0 2 7 17 18 2 12 16 2 1 2 4 0 2 7 0 2 7 1 2 7 0 2 7 0 2 7 0 2 7 13 6 3 0 2 7 1 2 7 1 2 7 5 31 3 0 2 7 0 2 7 0 2 7 17 18 2 0 2 7 0 2 7 1 2 7 1 2 7 1 2 7 17 18 2 5 30 3 0 2 7 13 6 3 12 16 2 1 2 7 1 2 7 1 2 7 1 2 7 5 31 3 0 2 4 6 2 7 0 2 7 12 16 2 17 9 2 0 40.2815956473350525
0 2 7 0 2 7 17 18 2 12 16 2 1 2 4 0 2 7 0 2 7 1 2 7 0 2 7 0 2 7 0 2 7 13 6 3 0 2 7 1 2 7 1 2 7 5 31 3 0 2 7 0 2 7 0 2 7 17 18 2 0 2 7 0 2 7 1 2 7 1 2 7 1 2 7 17 18 2 5 30 3 0 2 7 13 6 3 12 16 2 1 2 7 1 2 7 1 2 7 1 2 7 5 31 3 0 2 4 6 2 7 0 2 7 12 16 2 17 9 2 0 40.2815956473350525
0 2 7 0 2 7 17 18 2 12 16 2 1 2 4 0 2 7 0 2 7 1 2 7 0 2 7 0 2 7 0 2 7 13 6 3 0 2 7 1 2 7 1 2 7 5 31 3 0 2 7 0 2 7 0 2 7 17 18 2 0 2 7 0 2 7 1 2 7 1 2 7 1 2 7 17 18 2 5 30 3 0 2 7 13 6 3 12 16 2 1 2 7 1 2 7 1 2 7 1 2 7 5 31 3 0 2 4 6 2 7 0 2 7 12 16 2 17 9 2 0 40.2815956473350525
0 2 7 0 2 7 17 18 2 12 16 2 1 2 4 0 2 7 0 2 7 1 2 7 0 2 7 0 2 7 0 2 7 13 6 3 0 2 7 1 2 7 1 2 7 5 31 3 0 2 7 0 2 7 0 2 7 17 18 2 0 2 7 0 2 7 1 2 7 1 2 7 1 2 7 17 18 2 5 30 3 0 2 7 13 6 3 12 16 2 1 2 7 1 2 7 1 2 7 1 2 7 5 31 3 0 2 4 6 2 7 0 2 7 12 16 2 17 9 2 0 40.2815956473350525
0 2 7 0 2 7 17 18 2 12 16 2 1 2 4 0 2 7 0 2 7 1 2 7 0 2 7 0 2 7 0 2 7 13 6 3 0 2 7 1 2 7 1 2 7 5 31 3 0 2 7 0 2 7 0 2 7 17 18 2 0 2 7 0 2 7 1 2 7 1 2 7 1 2 7 17 18 2 5 30 3 0 2 7 13 6 3 12 16 2 1 2 7 1 2 7 1 2 7 1 2 7 5 31 3 0 2 4 6 2 7 0 2 7 12 16 2 17 9 2 0 40.2815956473350525
0 2 7 0 2 7 17 18 2 12 16 2 1 2 4 0 2 7 0 2 7 1 2 7 0 2 7 0 2 7 0 2 7 13 6 3 0 2 7 1 2 7 1 2 7 5 31 3 0 2 7 0 2 7 0 2 7 17 18 2 0 2 7 0 2 7 1 2 7 1 2 7 1 2 7 17 18 2 5 30 3 0 2 7 13 6 3 12 16 2 1 2 7 1 2 7 1 2 7 1 2 7 5 31 3 0 2 4 6 2 7 0 2 7 12 16 2 17 9 2 0 40.2815956473350525
0 2 7 0 2 7 17 18 2 12 16 2 1 2 4 0 2 7 0 2 7 1 2 7 0 2 7 0 2 7 0 2 7 13 6 3 0 2 7 1 2 7 1 2 7 5 31 3 0 2 7 0 2 7 0 2 7 17 18 2 0 2 7 0 2 7 1 2 7 1 2 7 1 2 7 17 18 2 5 30 3 0 2 7 13 6 3 12 16 2 1 2 7 1 2 7 1 2 7 1 2 7 5 31 3 0 2 4 6 2 7 0 2 7 12 16 2 17 9 2 0 40.2815956473350525
0 2 7 0 2 7 17 18 2 12 16 2 1 2 4 0 2 7 0 2 7 1 2 7 0 2 7 0 2 7 0 2 7 13 6 3 0 2 7 1 2 7 1 2 7 5 31 3 0 2 7 0 2 7 0 2 7 17 18 2 0 2 7 0 2 7 1 2 7 1 2 7 1 2 7 17 18 2 5 30 3 0 2 7 13 6 3 12 16 2 1 2 7 1 2 7 1 2 7 1 2 7 5 31 3 0 2 4 6 2 7 0 2 7 12 16 2 17 9 2 0 40.2815956473350525
0 2 7 0 2 7 17 18 2 12 16 2 1 2 4 0 2 7 0 2 7 1 2 7 0 2 7 0 2 7 0 2 7 13 6 3 0 2 7 1 2 7 1 2 7 5 31 3 0 2 7 0 2 7 0 2 7 17 18 2 0 2 7 0 2 7 1 2 7 1 2 7 1 2 7 17 18 2 5 30 3 0 2 7 13 6 3 12 16 2 1 2 7 1 2 7 1 2 7 1 2 7 5 31 3 0 2 4 6 2 7 0 2 7 12 16 2 17 9 2 0 40.2815956473350525
0 2 7 0 2 7 17 18 2 12 16 2 1 2 4 0 2 7 0 2 7 1 2 7 0 2 7 0 2 7 0 2 7 13 6 3 0 2 7 1 2 7 1 2 7 5 31 3 0 2 7 0 2 7 0 2 7 17 18 2 0 2 7 0 2 7 1 2 7 1 2 7 1 2 7 17 18 2 5 30 3 0 2 7 13 6 3 12 16 2 1 2 7 1 2 7 1 2 7 1 2 7 5 31 3 0 2 4 6 2 7 0 2 7 12 16 2 17 9 2 0 40.2815956473350525
0 2 7 0 2 7 17 18 2 12 16 2 1 2 4 0 2 7 0 2 7 1 2 7 0 2 7 0 2 7 0 2 7 13 6 3 0 2 7 1 2 7 1 2 7 5 31 3 0 2 7 0 2 7 0 2 7 17 18 2 0 2 7 0 2 7 1 2 7 1 2 7 1 2 7 17 18 2 5 30 3 0 2 7 13 6 3 12 16 2 1 2 7 1 2 7 1 2 7 1 2 7 5 31 3 0 2 4 6 2 7 0 2 7 12 16 2 17 9 2 0 40.2815956473350525
0 2 7 0 2 7 17 18 2 12 16 2 1 2 4 0 2 7 0 2 7 1 2 7 0 2 7 0 2 7 0 2 7 13 6 3 0 2 7 1 2 7 1 2 7 5 31 3 0 2 7 0 2 7 0 2 7 17 18 2 0 2 7 0 2 7 1 2 7 1 2 7 1 2 7 17 18 2 5 30 3 0 2 7 13 6 3 12 16 2 1 2 7 1 2 7 1 2 7 1 2 7 5 31 3 0 2 4 6 2 7 0 2 7 12 16 2 17 9 2 0 40.2815956473350525
0 2 7 0 2 7 17 18 2 12 16 2 1 2 4 0 2 7 0 2 7 1 2 7 0 2 7 0 2 7 0 2 7 13 6 3 0 2 7 1 2 7 1 2 7 5 31 3 0 2 7 0 2 7 0 2 7 17 18 2 0 2 7 0 2 7 1 2 7 1 2 7 1 2 7 17 18 2 5 30 3 0 2 7 13 6 3 12 16 2 1 2 7 1 2 7 1 2 7 1 2 7 5 31 3 0 2 4 6 2 7 0 2 7 12 16 2 17 9 2 0 40.2815956473350525
0 2 7 0 2 7 17 18 2 12 16 2 1 2 4 0 2 7 0 2 7 1 2 7 0 2 7 0 2 7 0 2 7 13 6 3 0 2 7 1 2 7 1 2 7 5 31 3 0 2 7 0 2 7 0 2 7 17 18 2 0 2 7 0 2 7 1 2 7 1 2 7 1 2 7 17 18 2 5 30 3 0 2 7 13 6 3 12 16 2 1 2 7 1 2 7 1 2 7 1 2 7 5 31 3 0 2 4 6 2 7 0 2 7 12 16 2 17 9 2 0 40.2815956473350525
0 2 7 0 2 7 17 18 2 12 16 2 1 2 4 0 2 7 0 2 7 1 2 7 0 2 7 0 2 7 0 2 7 13 6 3 0 2 7 1 2 7 1 2 7 5 31 3 0 2 7 0 2 7 0 2 7 17 18 2 0 2 7 0 2 7 1 2 7 1 2 7 1 2 7 17 18 2 5 30 3 0 2 7 13 6 3 12 16 2 1 2 7 1 2 7 1 2 7 1 2 7 5 31 3 0 2 4 6 2 7 0 2 7 12 16 2 17 9 2 0 40.2815956473350525
0 2 7 0 2 7 17 18 2 12 16 2 1 2 4 0 2 7 0 2 7 1 2 7 0 2 7 0 2 7 0 2 7 13 6 3 0 2 7 1 2 7 1 2 7 5 31 3 0 2 7 0 2 7 0 2 7 17 18 2 0 2 7 0 2 7 1 2 7 1 2 7 1 2 7 17 18 2 5 30 3 0 2 7 13 6 3 12 16 2 1 2 7 1 2 7 1 2 7 1 2 7 5 31 3 0 2 4 6 2 7 0 2 7 12 16 2 17 9 2 0 40.2815956473350525
0 2 7 0 2 7 17 18 2 12 16 2 1 2 4 0 2 7 0 2 7 1 2 7 0 2 7 0 2 7 0 2 7 13 6 3 0 2 7 1 2 7 1 2 7 5 31 3 0 2 7 0 2 7 0 2 7 17 18 2 0 2 7 0 2 7 1 2 7 1 2 7 1 2 7 17 18 2 5 30 3 0 2 7 13 6 3 12 16 2 1 2 7 1 2 7 1 2 7 1 2 7 5 31 3 0 2 4 6 2 7 0 2 7 12 16 2 17 9 2 0 40.2815956473350525
0 2 7 0 2 7 17 18 2 12 16 2 1 2 4 0 2 7 0 2 7 1 2 7 0 2 7 0 2 7 0 2 7 13 6 3 0 2 7 1 2 7 1 2 7 5 31 3 0 2 7 0 2 7 0 2 7 17 18 2 0 2 7 0 2 7 1 2 7 1 2 7 1 2 7 17 18 2 5 30 3 0 2 7 13 6 3 12 16 2 1 2 7 1 2 7 1 2 7 1 2 7 5 31 3 0 2 4 6 2 7 0 2 7 12 16 2 17 9 2 0 40.2815956473350525
0 2 7 0 2 7 17 18 2 12 16 2 1 2 4 0 2 7 0 2 7 1 2 7 0 2 7 0 2 7 0 2 7 13 6 3 0 2 7 1 2 7 1 2 7 5 31 3 0 2 7 0 2 7 0 2 7 17 18 2 0 2 7 0 2 7 1 2 7 1 2 7 1 2 7 17 18 2 5 30 3 0 2 7 13 6 3 12 16 2 1 2 7 1 2 7 1 2 7 1 2 7 5 31 3 0 2 4 6 2 7 0 2 7 12 16 2 17 9 2 0 40.2815956473350525
0 2 7 0 2 7 17 18 2 12 16 2 1 2 4 0 2 7 0 2 7 1 2 7 0 2 7 0 2 7 0 2 7 13 6 3 0 2 7 1 2 7 1 2 7 5 31 3 0 2 7 0 2 7 0 2 7 17 18 2 0 2 7 0 2 7 1 2 7 1 2 7 1 2 7 17 18 2 5 30 3 0 2 7 13 6 3 12 16 2 1 2 7 1 2 7 1 2 7 1 2 7 5 31 3 0 2 4 6 2 7 0 2 7 12 16 2 17 9 2 0 40.2815956473350525
0 2 7 0 2 7 17 18 2 12 16 2 1 2 4 0 2 7 0 2 7 1 2 7 0 2 7 0 2 7 0 2 7 13 6 3 0 2 7 1 2 7 1 2 7 5 31 3 0 2 7 0 2 7 0 2 7 17 18 2 0 2 7 0 2 7 1 2 7 1 2 7 1 2 7 17 18 2 5 30 3 0 2 7 13 6 3 12 16 2 1 2 7 1 2 7 1 2 7 1 2 7 5 31 3 0 2 4 6 2 7 0 2 7 12 16 2 17 9 2 0 40.2815956473350525
0 2 7 0 2 7 17 18 2 12 16 2 1 2 4 0 2 7 0 2 7 1 2 7 0 2 7 0 2 7 0 2 7 13 6 3 0 2 7 1 2 7 1 2 7 5 31 3 0 2 7 0 2 7 0 2 7 17 18 2 0 2 7 0 2 7 1 2 7 1 2 7 1 2 7 17 18 2 5 30 3 0 2 7 13 6 3 12 16 2 1 2 7 1 2 7 1 2 7 1 2 7 5 31 3 0 2 4 6 2 7 0 2 7 12 16 2 17 9 2 0 40.2815956473350525
0 2 7 0 2 7 17 18 2 12 16 2 1 2 4 0 2 7 0 2 7 1 2 7 0 2 7 0 2 7 0 2 7 13 6 3 0 2 7 1 2 7 1 2 7 5 31 3 0 2 7 0 2 7 0 2 7 17 18 2 0 2 7 0 2 7 1 2 7 1 2 7 1 2 7 17 18 2 5 30 3 0 2 7 13 6 3 12 16 2 1 2 7 1 2 7 1 2 7 1 2 7 5 31 3 0 2 4 6 2 7 0 2 7 12 16 2 17 9 2 0 40.2815956473350525
0 2 7 0 2 7 17 18 2 12 16 2 1 2 4 0 2 7 0 2 7 1 2 7 0 2 7 0 2 7 0 2 7 13 6 3 0 2 7 1 2 7 1 2 7 5 31 3 0 2 7 0 2 7 0 2 7 17 18 2 0 2 7 0 2 7 1 2 7 1 2 7 1 2 7 17 18 2 5 30 3 0 2 7 13 6 3 12 16 2 1 2 7 1 2 7 1 2 7 1 2 7 5 31 3 0 2 4 6 2 7 0 2 7 12 16 2 17 9 2 0 40.2815956473350525
0 2 7 0 2 7 17 18 2 12 16 2 1 2 4 0 2 7 0 2 7 1 2 7 0 2 7 0 2 7 0 2 7 13 6 3 0 2 7 1 2 7 1 2 7 5 31 3 0 2 7 0 2 7 0 2 7 17 18 2 0 2 7 0 2 7 1 2 7 1 2 7 1 2 7 17 18 2 5 30 3 0 2 7 13 6 3 12 16 2 1 2 7 1 2 7 1 2 7 1 2 7 5 31 3 0 2 4 6 2 7 0 2 7 12 16 2 17 9 2 0 40.2815956473350525
0 2 7 0 2 7 17 18 2 12 16 2 1 2 4 0 2 7 0 2 7 1 2 7 0 2 7 0 2 7 0 2 7 13 6 3 0 2 7 1 2 7 1 2 7 5 31 3 0 2 7 0 2 7 0 2 7 17 18 2 0 2 7 0 2 7 1 2 7 1 2 7 1 2 7 17 18 2 5 30 3 0 2 7 13 6 3 12 16 2 1 2 7 1 2 7 1 2 7 1 2 7 5 31 3 0 2 4 6 2 7 0 2 7 12 16 2 17 9 2 0 40.2815956473350525
0 2 7 0 2 7 17 18 2 12 16 2 1 2 4 0 2 7 0 2 7 1 2 7 0 2 7 0 2 7 0 2 7 13 6 3 0 2 7 1 2 7 1 2 7 5 31 3 0 2 7 0 2 7 0 2 7 17 18 2 0 2 7 0 2 7 1 2 7 1 2 7 1 2 7 17 18 2 5 30 3 0 2 7 13 6 3 12 16 2 1 2 7 1 2 7 1 2 7 1 2 7 5 31 3 0 2 4 6 2 7 0 2 7 12 16 2 17 9 2 0 40.2815956473350525
0 2 7 0 2 7 17 18 2 12 16 2 1 2 4 0 2 7 0 2 7 1 2 7 0 2 7 0 2 7 0 2 7 13 6 3 0 2 7 1 2 7 1 2 7 5 31 3 0 2 7 0 2 7 0 2 7 17 18 2 0 2 7 0 2 7 1 2 7 1 2 7 1 2 7 17 18 2 5 30 3 0 2 7 13 6 3 12 16 2 1 2 7 1 2 7 1 2 7 1 2 7 5 31 3 0 2 4 6 2 7 0 2 7 12 16 2 17 9 2 0 40.2815956473350525
0 2 7 0 2 7 17 18 2 12 16 2 1 2 4 0 2 7 0 2 7 1 2 7 0 2 7 0 2 7 0 2 7 13 6 3 0 2 7 1 2 7 1 2 7 5 31 3 0 2 7 0 2 7 0 2 7 17 18 2 0 2 7 0 2 7 1 2 7 1 2 7 1 2 7 17 18 2 5 30 3 0 2 7 13 6 3 12 16 2 1 2 7 1 2 7 1 2 7 1 2 7 5 31 3 0 2 4 6 2 7 0 2 7 12 16 2 17 9 2 0 40.2815956473350525
0 2 7 0 2 7 17 18 2 12 16 2 1 2 4 0 2 7 0 2 7 1 2 7 0 2 7 0 2 7 0 2 7 13 6 3 0 2 7 1 2 7 1 2 7 5 31 3 0 2 7 0 2 7 0 2 7 17 18 2 0 2 7 0 2 7 1 2 7 1 2 7 1 2 7 17 18 2 5 30 3 0 2 7 13 6 3 12 16 2 1 2 7 1 2 7 1 2 7 1 2 7 5 31 3 0 2 4 6 2 7 0 2 7 12 16 2 17 9 2 0 40.2815956473350525
0 2 7 0 2 7 17 18 2 12 16 2 1 2 4 0 2 7 0 2 7 1 2 7 0 2 7 0 2 7 0 2 7 13 6 3 0 2 7 1 2 7 1 2 7 5 31 3 0 2 7 0 2 7 0 2 7 17 18 2 0 2 7 0 2 7 1 2 7 1 2 7 1 2 7 17 18 2 5 30 3 0 2 7 13 6 3 12 16 2 1 2 7 1 2 7 1 2 7 1 2 7 5 31 3 0 2 4 6 2 7 0 2 7 12 16 2 17 9 2 0 40.2815956473350525
0 2 7 0 2 7 17 18 2 12 16 2 1 2 4 0 2 7 0 2 7 1 2 7 0 2 7 0 2 7 0 2 7 13 6 3 0 2 7 1 2 7 1 2 7 5 31 3 0 2 7 0 2 7 0 2 7 17 18 2 0 2 7 0 2 7 1 2 7 1 2 7 1 2 7 17 18 2 5 30 3 0 2 7 13 6 3 12 16 2 1 2 7 1 2 7 1 2 7 1 2 7 5 31 3 0 2 4 6 2 7 0 2 7 12 16 2 17 9 2 0 40.2815956473350525
0 2 7 0 2 7 17 18 2 12 16 2 1 2 4 0 2 7 0 2 7 1 2 7 0 2 7 0 2 7 0 2 7 13 6 3 0 2 7 1 2 7 1 2 7 5 31 3 0 2 7 0 2 7 0 2 7 17 18 2 0 2 7 0 2 7 1 2 7 1 2 7 1 2 7 17 18 2 5 30 3 0 2 7 13 6 3 12 16 2 1 2 7 1 2 7 1 2 7 1 2 7 5 31 3 0 2 4 6 2 7 0 2 7 12 16 2 17 9 2 0 40.2815956473350525
0 2 7 0 2 7 17 18 2 12 16 2 1 2 4 0 2 7 0 2 7 1 2 7 0 2 7 0 2 7 0 2 7 13 6 3 0 2 7 1 2 7 1 2 7 5 31 3 0 2 7 0 2 7 0 2 7 17 18 2 0 2 7 0 2 7 1 2 7 1 2 7 1 2 7 17 18 2 5 30 3 0 2 7 13 6 3 12 16 2 1 2 7 1 2 7 1 2 7 1 2 7 5 31 3 0 2 4 6 2 7 0 2 7 12 16 2 17 9 2 0 40.2815956473350525
0 2 7 0 2 7 17 18 2 12 16 2 1 2 4 0 2 7 0 2 7 1 2 7 0 2 7 0 2 7 0 2 7 13 6 3 0 2 7 1 2 7 1 2 7 5 31 3 0 2 7 0 2 7 0 2 7 17 18 2 0 2 7 0 2 7 1 2 7 1 2 7 1 2 7 17 18 2 5 30 3 0 2 7 13 6 3 12 16 2 1 2 7 1 2 7 1 2 7 1 2 7 5 31 3 0 2 4 6 2 7 0 2 7 12 16 2 17 9 2 0 40.2815956473350525
0 2 7 0 2 7 17 18 2 12 16 2 1 2 4 0 2 7 0 2 7 1 2 7 0 2 7 0 2 7 0 2 7 13 6 3 0 2 7 1 2 7 1 2 7 5 31 3 0 2 7 0 2 7 0 2 7 17 18 2 0 2 7 0 2 7 1 2 7 1 2 7 1 2 7 17 18 2 5 30 3 0 2 7 13 6 3 12 16 2 1 2 7 1 2 7 1 2 7 1 2 7 5 31 3 0 2 4 6 2 7 0 2 7 12 16 2 17 9 2 0 40.2815956473350525
0 2 7 0 2 7 17 18 2 12 16 2 1 2 4 0 2 7 0 2 7 1 2 7 0 2 7 0 2 7 0 2 7 13 6 3 0 2 7 1 2 7 1 2 7 5 31 3 0 2 7 0 2 7 0 2 7 17 18 2 0 2 7 0 2 7 1 2 7 1 2 7 1 2 7 17 18 2 5 30 3 0 2 7 13 6 3 12 16 2 1 2 7 1 2 7 1 2 7 1 2 7 5 31 3 0 2 4 6 2 7 0 2 7 12 16 2 17 9 2 0 40.2815956473350525
0 2 7 0 2 7 17 18 2 12 16 2 1 2 4 0 2 7 0 2 7 1 2 7 0 2 7 0 2 7 0 2 7 13 6 3 0 2 7 1 2 7 1 2 7 5 31 3 0 2 7 0 2 7 0 2 7 17 18 2 0 2 7 0 2 7 1 2 7 1 2 7 1 2 7 17 18 2 5 30 3 0 2 7 13 6 3 12 16 2 1 2 7 1 2 7 1 2 7 1 2 7 5 31 3 0 2 4 6 2 7 0 2 7 12 16 2 17 9 2 0 40.2815956473350525
0 2 7 0 2 7 17 18 2 12 16 2 1 2 4 0 2 7 0 2 7 1 2 7 0 2 7 0 2 7 0 2 7 13 6 3 0 2 7 1 2 7 1 2 7 5 31 3 0 2 7 0 2 7 0 2 7 17 18 2 0 2 7 0 2 7 1 2 7 1 2 7 1 2 7 17 18 2 5 30 3 0 2 7 13 6 3 12 16 2 1 2 7 1 2 7 1 2 7 1 2 7 5 31 3 0 2 4 6 2 7 0 2 7 12 16 2 17 9 2 0 40.2815956473350525
MonoObjective Genetic Algorithm
Number of Evaluations = 0
Mutation Probability = 0
Crossover Probability = 1
Population Size = 10
Survival Selection Type = 1
Time =  9000.63582396507263
0 2 7 0 2 7 17 18 2 12 16 2 1 2 4 0 2 7 0 2 7 1 2 7 0 2 7 0 2 7 0 2 7 13 6 3 0 2 7 1 2 7 1 2 7 5 31 3 0 2 7 0 2 7 0 2 7 17 18 2 0 2 7 0 2 7 1 2 7 1 2 7 1 2 7 17 18 2 5 30 3 0 2 7 13 6 3 12 16 2 1 2 7 1 2 7 1 2 7 1 2 7 5 31 3 0 2 4 6 2 7 0 2 7 12 16 2 17 9 2 0 40.2815956473350525
0 2 7 0 2 7 17 18 2 12 16 2 1 2 4 0 2 7 0 2 7 1 2 7 0 2 7 0 2 7 0 2 7 13 6 3 0 2 7 1 2 7 1 2 7 5 31 3 0 2 7 0 2 7 0 2 7 17 18 2 0 2 7 0 2 7 1 2 7 1 2 7 1 2 7 17 18 2 5 30 3 0 2 7 13 6 3 12 16 2 1 2 7 1 2 7 1 2 7 1 2 7 5 31 3 0 2 4 6 2 7 0 2 7 12 16 2 17 9 2 0 40.2815956473350525
0 2 7 0 2 7 17 18 2 12 16 2 1 2 4 0 2 7 0 2 7 1 2 7 0 2 7 0 2 7 0 2 7 13 6 3 0 2 7 1 2 7 1 2 7 5 31 3 0 2 7 0 2 7 0 2 7 17 18 2 0 2 7 0 2 7 1 2 7 1 2 7 1 2 7 17 18 2 5 30 3 0 2 7 13 6 3 12 16 2 1 2 7 1 2 7 1 2 7 1 2 7 5 31 3 0 2 4 6 2 7 0 2 7 12 16 2 17 9 2 0 40.2815956473350525
0 2 7 0 2 7 17 18 2 12 16 2 1 2 4 0 2 7 0 2 7 1 2 7 0 2 7 0 2 7 0 2 7 13 6 3 0 2 7 1 2 7 1 2 7 5 31 3 0 2 7 0 2 7 0 2 7 17 18 2 0 2 7 0 2 7 1 2 7 1 2 7 1 2 7 17 18 2 5 30 3 0 2 7 13 6 3 12 16 2 1 2 7 1 2 7 1 2 7 1 2 7 5 31 3 0 2 4 6 2 7 0 2 7 12 16 2 17 9 2 0 40.2815956473350525
0 2 7 0 2 7 17 18 2 12 16 2 1 2 4 0 2 7 0 2 7 1 2 7 0 2 7 0 2 7 0 2 7 13 6 3 0 2 7 1 2 7 1 2 7 5 31 3 0 2 7 0 2 7 0 2 7 17 18 2 0 2 7 0 2 7 1 2 7 1 2 7 1 2 7 17 18 2 5 30 3 0 2 7 13 6 3 12 16 2 1 2 7 1 2 7 1 2 7 1 2 7 5 31 3 0 2 4 6 2 7 0 2 7 12 16 2 17 9 2 0 40.2815956473350525
0 2 7 0 2 7 17 18 2 12 16 2 1 2 4 0 2 7 0 2 7 1 2 7 0 2 7 0 2 7 0 2 7 13 6 3 0 2 7 1 2 7 1 2 7 5 31 3 0 2 7 0 2 7 0 2 7 17 18 2 0 2 7 0 2 7 1 2 7 1 2 7 1 2 7 17 18 2 5 30 3 0 2 7 13 6 3 12 16 2 1 2 7 1 2 7 1 2 7 1 2 7 5 31 3 0 2 4 6 2 7 0 2 7 12 16 2 17 9 2 0 40.2815956473350525
0 2 7 0 2 7 17 18 2 12 16 2 1 2 4 0 2 7 0 2 7 1 2 7 0 2 7 0 2 7 0 2 7 13 6 3 0 2 7 1 2 7 1 2 7 5 31 3 0 2 7 0 2 7 0 2 7 17 18 2 0 2 7 0 2 7 1 2 7 1 2 7 1 2 7 17 18 2 5 30 3 0 2 7 13 6 3 12 16 2 1 2 7 1 2 7 1 2 7 1 2 7 5 31 3 0 2 4 6 2 7 0 2 7 12 16 2 17 9 2 0 40.2815956473350525
0 2 7 0 2 7 17 18 2 12 16 2 1 2 4 0 2 7 0 2 7 1 2 7 0 2 7 0 2 7 0 2 7 13 6 3 0 2 7 1 2 7 1 2 7 5 31 3 0 2 7 0 2 7 0 2 7 17 18 2 0 2 7 0 2 7 1 2 7 1 2 7 1 2 7 17 18 2 5 30 3 0 2 7 13 6 3 12 16 2 1 2 7 1 2 7 1 2 7 1 2 7 5 31 3 0 2 4 6 2 7 0 2 7 12 16 2 17 9 2 0 40.2815956473350525
0 2 7 0 2 7 17 18 2 12 16 2 1 2 4 0 2 7 0 2 7 1 2 7 0 2 7 0 2 7 0 2 7 13 6 3 0 2 7 1 2 7 1 2 7 5 31 3 0 2 7 0 2 7 0 2 7 17 18 2 0 2 7 0 2 7 1 2 7 1 2 7 1 2 7 17 18 2 5 30 3 0 2 7 13 6 3 12 16 2 1 2 7 1 2 7 1 2 7 1 2 7 5 31 3 0 2 4 6 2 7 0 2 7 12 16 2 17 9 2 0 40.2815956473350525
0 2 7 0 2 7 17 18 2 12 16 2 1 2 4 0 2 7 0 2 7 1 2 7 0 2 7 0 2 7 0 2 7 13 6 3 0 2 7 1 2 7 1 2 7 5 31 3 0 2 7 0 2 7 0 2 7 17 18 2 0 2 7 0 2 7 1 2 7 1 2 7 1 2 7 17 18 2 5 30 3 0 2 7 13 6 3 12 16 2 1 2 7 1 2 7 1 2 7 1 2 7 5 31 3 0 2 4 6 2 7 0 2 7 12 16 2 17 9 2 0 40.2815956473350525
