12 16 2 0 2 7 1 2 3 0 2 4 12 16 2 5 31 3 1 2 7 1 2 7 1 2 7 1 2 4 0 2 3 0 2 7 1 2 7 1 2 7 0 2 7 1 2 7 0 2 7 1 2 7 13 6 3 0 2 7 1 2 7 0 2 7 6 2 7 0 2 7 12 16 2 12 16 2 0 2 7 16 30 2 0 2 7 0 2 7 0 2 4 0 2 7 0 2 3 5 31 3 0 2 7 17 9 2 0 2 7 17 18 2 5 30 3 17 9 2 0 2 4 0 2 7 1 2 7 1 2 7 5 31 3 5 30 3 0 2 7 16 6 2 1 2 4 0 2 7 0 2 7 0 2 7 0 2 7 17 9 2 0 2 7 5 30 3 1 2 3 0 2 7 13 6 3 16 30 2 0 60.7954795956611633
12 16 2 0 2 7 1 2 7 0 2 7 12 16 2 5 31 3 1 2 7 1 2 4 1 2 11 1 2 7 1 2 7 0 2 7 0 2 7 1 2 4 1 2 7 0 2 7 1 2 7 0 2 7 0 2 7 13 6 3 0 2 7 0 2 7 1 2 7 1 2 7 0 2 7 12 16 2 12 16 2 0 2 7 16 30 2 0 2 7 0 2 7 0 2 7 0 2 7 0 2 7 5 31 3 0 2 7 17 9 2 0 2 7 17 18 2 5 30 3 17 9 2 0 2 7 0 2 4 0 2 4 0 2 3 1 2 7 5 31 3 5 30 3 17 18 2 0 2 7 1 2 7 5 30 3 16 6 2 1 2 7 1 2 3 0 2 3 13 6 3 16 30 2 0 2 7 0 2 4 0 60.8187865018844604
12 16 2 0 2 4 6 2 7 0 2 4 12 16 2 5 31 3 0 2 3 0 2 7 1 2 7 0 2 7 0 2 4 0 2 7 0 2 7 1 2 7 0 2 7 1 2 7 1 2 7 0 2 7 13 6 3 1 2 7 1 2 7 1 2 7 1 2 7 1 2 7 12 16 2 12 16 2 0 2 7 16 6 2 0 2 7 0 2 7 0 2 4 0 2 4 0 2 7 13 6 3 1 2 4 17 9 2 0 2 7 17 18 2 5 30 3 17 9 2 1 2 7 0 2 4 0 2 7 0 2 7 5 31 3 5 30 3 0 2 7 5 31 3 1 2 7 1 2 3 0 2 7 1 2 7 17 18 2 17 18 2 16 19 11 0 2 7 0 2 4 0 2 7 6 2 7 0 2 7 0 60.8909724950790405
12 16 2 0 2 7 5 30 3 12 16 2 5 31 3 0 2 3 0 2 7 0 2 4 1 2 7 0 2 4 0 2 7 1 2 7 0 2 7 1 2 7 0 2 7 1 2 7 0 2 7 1 2 7 0 2 7 0 2 7 17 9 2 1 2 7 12 16 2 1 2 7 12 16 2 1 2 7 0 2 7 1 2 3 1 2 7 0 2 7 5 31 3 5 30 3 17 18 2 0 2 7 1 2 7 5 30 3 17 18 2 0 2 7 0 2 7 0 2 7 0 2 7 1 2 7 0 2 7 13 6 3 0 2 7 1 2 7 0 2 7 16 30 2 0 2 7 0 2 3 0 2 11 0 2 7 0 2 7 16 6 2 13 6 3 0 2 7 16 19 11 8 9 2 8 18 2 16 6 2 0.000308525931426389716 61.0329104661941528
12 16 2 0 2 7 5 30 3 12 16 2 0 2 7 0 2 4 0 2 7 0 2 7 1 2 4 0 2 4 0 2 7 1 2 7 0 2 7 1 2 7 0 2 7 1 2 7 0 2 7 0 2 7 0 2 7 1 2 7 17 9 2 1 2 4 12 16 2 1 2 7 12 16 2 0 2 7 0 2 7 0 2 7 1 2 11 1 2 4 5 31 3 5 30 3 17 18 2 0 2 7 6 2 7 5 30 3 17 18 2 0 2 7 0 2 7 0 2 3 0 2 7 1 2 7 0 2 7 13 6 3 0 2 7 1 2 7 0 2 7 16 31 2 0 2 4 1 2 7 16 19 11 8 9 2 0 2 7 5 31 3 0 2 4 5 30 3 17 9 2 16 6 2 1 2 7 0 2 7 0 61.4423022866249084
12 16 2 0 2 7 0 2 4 0 2 7 12 16 2 5 31 3 0 2 7 0 2 7 1 2 7 1 2 7 1 2 7 1 2 7 1 2 4 0 2 4 1 2 7 0 2 7 0 2 7 0 2 7 0 2 4 0 2 7 1 2 4 1 2 7 1 2 7 0 2 7 12 16 2 12 16 2 0 2 7 16 6 2 0 2 7 0 2 7 0 2 7 0 2 7 5 31 3 0 2 7 17 9 2 0 2 7 17 18 2 5 30 3 17 9 2 0 2 3 0 2 7 0 2 7 0 2 7 5 31 3 1 2 7 1 2 3 1 2 7 5 30 3 0 2 3 1 2 11 16 19 11 6 2 7 6 2 7 13 6 3 0 2 4 13 6 3 1 2 7 0 2 7 5 31 3 16 6 2 0.000251082464968579229 61.3202564716339111
12 16 2 0 2 4 0 2 3 0 2 3 12 16 2 5 31 3 1 2 7 0 2 7 0 2 7 1 2 7 0 2 7 0 2 7 1 2 3 0 2 7 1 2 7 0 2 7 0 2 7 6 2 7 1 2 7 6 2 7 0 2 7 0 2 7 1 2 7 0 2 7 12 16 2 12 16 2 0 2 7 6 2 7 0 2 7 1 2 7 6 2 7 0 2 7 5 31 3 13 6 3 17 9 2 0 2 7 17 18 2 5 30 3 17 9 2 0 2 7 1 2 7 1 2 7 0 2 7 5 31 3 1 2 7 6 2 7 0 2 7 5 31 3 0 2 7 0 2 7 16 32 2 0 2 7 5 30 3 17 1 2 0 2 7 1 2 7 0 2 7 0 2 7 17 18 2 16 6 2 0 61.2599236369132996
12 16 2 0 2 7 1 2 7 0 2 7 12 16 2 5 31 3 1 2 7 0 2 7 1 2 7 1 2 7 1 2 7 1 2 3 0 2 7 1 2 7 0 2 7 0 2 7 0 2 7 0 2 7 0 2 7 1 2 7 1 2 4 0 2 7 12 16 2 12 16 2 0 2 7 16 6 2 0 2 7 0 2 7 0 2 7 0 2 7 0 2 7 5 31 3 0 2 4 17 9 2 0 2 7 17 18 2 5 30 3 17 9 2 0 2 7 0 2 7 0 2 4 0 2 4 0 2 7 5 31 3 0 2 7 1 2 4 16 30 2 1 2 7 1 2 7 13 6 3 5 30 3 6 2 1 0 2 3 16 19 11 0 2 3 17 9 2 1 2 7 17 18 2 1 2 3 1 2 4 0.0114264964192235443 61.3701494932174683
12 16 2 0 2 7 1 2 7 0 2 7 12 16 2 5 30 3 1 2 7 16 19 11 1 2 7 0 2 7 1 2 7 1 2 3 0 2 7 0 2 7 0 2 7 0 2 7 0 2 3 1 2 7 0 2 7 0 2 7 0 2 7 0 2 7 12 16 2 12 16 2 0 2 7 16 30 2 0 2 7 1 2 7 0 2 3 1 2 7 0 2 7 5 31 3 1 2 7 17 9 2 0 2 7 17 18 2 5 30 3 17 9 2 0 2 3 0 2 7 0 2 7 0 2 7 0 2 3 5 30 3 1 2 7 0 2 7 16 6 2 0 2 3 1 2 7 13 6 3 5 31 3 13 6 3 0 2 7 5 30 3 0 2 7 0 2 7 1 2 7 8 18 2 1 2 7 16 6 2 0 61.4107003211975098
12 16 2 0 2 7 5 30 3 12 16 2 5 31 3 0 2 3 0 2 7 0 2 4 1 2 7 0 2 7 1 2 7 0 2 7 1 2 7 0 2 7 1 2 7 0 2 7 1 2 7 0 2 7 0 2 7 17 9 2 1 2 7 12 16 2 1 2 7 1 2 7 16 6 2 0 2 7 1 2 7 0 2 7 5 30 3 17 18 2 0 2 7 1 2 7 5 30 3 5 30 3 16 19 11 0 2 7 0 2 7 0 2 7 0 2 7 8 9 2 0 2 7 13 6 3 0 2 7 0 2 7 8 18 2 16 6 2 0 2 11 0 2 3 0 2 4 5 30 3 0 2 4 0 2 4 12 16 2 0 2 7 0 2 7 0 2 7 17 18 2 1 2 7 1 2 7 17 9 2 8.73381566450484912e-05 61.6551852226257324
12 16 2 0 2 7 0 2 7 0 2 7 12 16 2 5 31 3 1 2 7 1 2 7 0 2 7 1 2 7 1 2 7 0 2 7 13 6 3 1 2 7 0 2 7 1 2 7 0 2 7 1 2 7 13 6 3 0 2 7 1 2 7 0 2 7 0 2 7 12 16 2 12 16 2 0 2 7 17 18 2 0 2 7 0 2 7 0 2 7 0 2 7 5 30 3 0 2 7 17 9 2 0 2 7 17 18 2 5 30 3 17 9 2 0 2 7 1 2 7 0 2 7 5 31 3 0 2 7 16 6 2 1 2 7 0 2 7 1 2 4 1 2 7 0 2 7 13 6 3 0 2 7 0 2 7 5 31 3 1 2 7 1 2 7 1 2 7 16 6 2 6 2 7 0 2 7 17 18 2 0 60.1266383528709412
12 16 2 1 2 3 1 2 7 12 16 2 5 30 3 1 2 7 1 2 7 0 2 7 1 2 7 1 2 7 13 6 3 1 2 4 0 2 7 1 2 7 0 2 7 0 2 7 13 6 3 0 2 4 17 18 2 0 2 3 0 2 7 12 16 2 12 16 2 0 2 7 17 18 2 0 2 7 0 2 7 5 31 3 0 2 7 17 9 2 0 2 7 5 30 3 17 9 2 0 2 7 5 31 3 16 6 2 1 2 7 0 2 7 0 2 7 0 2 7 0 2 7 0 2 7 0 2 7 0 2 7 1 2 3 0 2 7 1 2 7 0 2 7 1 2 7 1 2 3 0 2 7 0 2 7 17 18 2 1 2 4 16 6 2 0 2 4 1 2 7 0 2 7 5 30 3 13 6 3 0 60.4606183767318726
12 16 2 0 2 4 17 18 2 12 16 2 5 31 3 1 2 7 1 2 7 0 2 7 1 2 4 1 2 4 13 6 3 1 2 7 0 2 7 1 2 7 0 2 7 1 2 7 13 6 3 0 2 7 17 18 2 0 2 7 0 2 7 12 16 2 12 16 2 0 2 7 17 18 2 0 2 7 0 2 7 5 31 3 0 2 7 17 9 2 0 2 7 5 30 3 17 9 2 1 2 4 5 31 3 16 6 2 1 2 7 0 2 7 1 2 7 0 2 7 0 2 7 0 2 7 0 2 4 0 2 7 1 2 4 0 2 7 1 2 7 0 2 4 6 2 7 1 2 7 0 2 7 0 2 4 1 2 4 0 2 7 1 2 4 0 2 3 1 2 7 1 2 4 0 2 4 17 18 2 0 60.2408736348152161
12 16 2 0 2 7 1 2 7 12 16 2 5 30 3 1 2 7 16 6 2 0 2 7 1 2 7 0 2 7 0 2 7 1 2 7 13 6 3 12 16 2 0 2 7 0 2 7 0 2 7 5 31 3 17 9 2 17 18 2 5 30 3 17 9 2 1 2 7 0 2 7 0 2 7 0 2 7 0 2 7 13 6 3 1 2 7 1 2 7 0 2 7 0 2 7 1 2 7 1 2 7 1 2 7 1 2 7 0 2 7 0 2 7 1 2 4 0 2 7 6 2 7 0 2 7 0 2 7 1 2 7 1 2 7 12 16 2 5 31 3 0 2 3 16 6 2 0 2 7 17 18 2 0 2 4 17 9 2 0 2 7 0 2 7 0 2 7 5 30 3 16 31 2 0 2 4 0 2 4 0.00978343524872215924 60.2576603293418884
12 16 2 0 2 7 1 2 7 12 16 2 5 30 3 1 2 7 16 6 2 0 2 7 1 2 7 0 2 7 0 2 7 1 2 7 13 6 3 12 16 2 0 2 7 0 2 7 0 2 7 5 31 3 17 9 2 17 18 2 5 30 3 17 9 2 1 2 7 0 2 7 0 2 7 0 2 7 0 2 7 13 6 3 1 2 7 1 2 7 0 2 7 0 2 7 1 2 7 1 2 7 1 2 7 1 2 7 0 2 7 0 2 7 1 2 4 0 2 7 6 2 7 0 2 7 0 2 7 1 2 7 1 2 7 12 16 2 5 31 3 13 6 3 5 30 3 16 30 2 0 2 3 0 2 7 0 2 7 0 2 4 0 2 3 0 2 3 1 2 7 0 2 7 5 31 3 17 18 2 9.68546718382288667e-05 60.6644574999809265
12 16 2 0 2 7 1 2 7 12 16 2 5 31 3 0 2 7 1 2 7 0 2 7 0 2 7 1 2 7 13 6 3 0 2 7 12 16 2 0 2 7 0 2 7 0 2 7 5 31 3 17 9 2 17 18 2 5 30 3 17 9 2 1 2 7 5 30 3 0 2 7 16 6 2 0 2 7 0 2 7 1 2 7 0 2 7 13 6 3 1 2 7 1 2 7 0 2 7 0 2 7 0 2 7 1 2 7 1 2 7 6 2 7 1 2 7 1 2 7 16 6 2 0 2 7 0 2 7 5 31 3 1 2 7 1 2 7 0 2 7 0 2 7 0 2 7 1 2 7 13 6 3 0 2 7 1 2 3 0 2 3 1 2 3 0 2 7 0 2 7 0 2 3 17 18 2 17 9 2 8.29465987147597511e-06 60.3282884955406189
12 16 2 0 2 7 1 2 7 12 16 2 5 31 3 0 2 7 0 2 7 0 2 4 0 2 7 0 2 7 5 31 3 0 2 7 12 16 2 1 2 7 0 2 7 5 30 3 5 31 3 17 9 2 17 18 2 5 30 3 17 9 2 0 2 7 5 30 3 0 2 7 16 6 2 0 2 4 0 2 4 6 2 7 0 2 7 13 6 3 0 2 4 6 2 7 0 2 7 0 2 7 0 2 4 1 2 7 1 2 7 1 2 7 0 2 7 0 2 7 16 6 2 0 2 7 1 2 7 5 30 3 1 2 7 0 2 7 0 2 3 0 2 3 0 2 7 0 2 3 13 6 3 6 2 7 0 2 7 17 18 2 12 16 2 16 19 11 1 2 7 1 2 7 1 2 7 0 2 4 0 61.3964163661003113
12 16 2 0 2 7 1 2 7 12 16 2 5 31 3 0 2 7 1 2 7 0 2 7 0 2 7 1 2 7 13 6 3 0 2 7 12 16 2 0 2 7 0 2 7 0 2 7 5 31 3 17 9 2 17 18 2 5 30 3 17 9 2 1 2 7 5 30 3 0 2 7 16 6 2 0 2 7 0 2 7 1 2 7 0 2 7 13 6 3 1 2 7 1 2 7 0 2 7 0 2 7 0 2 7 1 2 7 1 2 7 1 2 7 1 2 7 0 2 7 0 2 7 1 2 7 1 2 7 0 2 7 0 2 7 0 2 7 0 2 7 17 18 2 6 2 7 16 6 2 1 2 4 1 2 3 0 2 3 0 2 4 13 6 3 0 2 4 1 2 3 0 2 3 1 2 7 16 30 2 0.00019452842548794817 59.667646586894989
12 16 2 0 2 7 0 2 7 12 16 2 5 31 3 0 2 7 1 2 7 0 2 7 0 2 7 0 2 11 16 9 8 0 2 7 12 16 2 1 2 7 0 2 7 0 2 3 5 31 3 8 9 2 17 18 2 5 30 3 16 19 11 1 2 7 5 30 3 0 2 7 16 6 2 0 2 7 0 2 7 1 2 7 0 2 7 13 6 3 0 2 7 1 2 7 0 2 7 0 2 3 0 2 7 0 2 7 1 2 7 1 2 7 0 2 7 0 2 7 0 2 7 0 2 7 0 2 7 1 2 7 1 2 7 0 2 7 0 2 7 17 18 2 0 2 7 16 15 2 1 2 3 5 30 3 12 16 2 0 2 7 17 9 2 1 2 7 1 2 7 8 18 2 1 2 11 0 2 7 0 62.03863525390625
12 16 2 0 2 7 0 2 7 12 16 2 5 31 3 1 2 7 0 2 7 1 2 7 1 2 4 13 6 3 1 2 7 0 2 7 1 2 7 0 2 7 1 2 7 13 6 3 17 18 2 0 2 7 1 2 7 12 16 2 12 16 2 0 2 7 17 18 2 0 2 7 0 2 7 5 31 3 0 2 7 17 9 2 0 2 7 17 18 2 5 30 3 17 9 2 0 2 7 5 31 3 16 6 2 1 2 7 0 2 7 1 2 7 0 2 7 0 2 7 0 2 7 0 2 7 0 2 7 1 2 7 0 2 7 1 2 7 0 2 7 0 2 7 0 2 7 0 2 7 6 2 7 0 2 4 0 2 4 1 2 4 1 2 4 16 6 2 1 2 4 1 2 4 0 2 7 17 18 2 0.0112484113557968692 60.0756334662437439
12 16 2 1 2 7 0 2 7 0 2 7 12 16 2 5 31 3 1 2 7 1 2 7 0 2 7 0 2 7 1 2 4 1 2 7 13 6 3 0 2 7 0 2 7 1 2 7 1 2 7 13 6 3 0 2 7 0 2 7 1 2 7 0 2 7 1 2 7 12 16 2 0 2 7 17 18 2 0 2 7 0 2 7 0 2 7 0 2 7 5 30 3 17 9 2 0 2 7 17 18 2 1 2 7 17 9 2 0 2 7 12 16 2 5 31 3 0 2 7 13 6 3 17 18 2 0 2 7 16 6 2 0 2 7 5 30 3 0 2 7 0 2 7 0 2 7 0 2 7 1 2 7 1 2 7 1 2 7 1 2 7 0 2 7 0 2 7 1 2 7 16 31 2 5 30 3 1 2 7 0 60.1149682998657227
12 16 2 1 2 7 0 2 7 0 2 7 12 16 2 5 31 3 1 2 7 1 2 7 0 2 7 0 2 7 1 2 4 1 2 7 13 6 3 0 2 7 0 2 7 1 2 7 1 2 7 13 6 3 0 2 7 0 2 7 1 2 7 0 2 7 1 2 7 12 16 2 0 2 7 17 18 2 0 2 7 0 2 7 0 2 7 0 2 7 5 30 3 17 9 2 0 2 7 17 18 2 1 2 7 17 9 2 1 2 7 0 2 7 12 16 2 5 31 3 1 2 7 0 2 7 1 2 7 13 6 3 1 2 7 1 2 7 17 18 2 0 2 7 16 6 2 0 2 7 5 30 3 0 2 7 5 30 3 1 2 7 0 2 7 0 2 7 0 2 7 0 2 7 16 31 2 0 2 7 0 60.1149682998657227
12 16 2 0 2 7 0 2 7 12 16 2 5 31 3 1 2 7 0 2 7 0 2 7 0 2 7 0 2 7 1 2 7 13 6 3 0 2 7 0 2 7 1 2 4 0 2 7 13 6 3 1 2 7 1 2 7 1 2 7 0 2 7 1 2 7 12 16 2 0 2 7 17 18 2 0 2 7 1 2 7 0 2 7 0 2 7 0 2 7 17 9 2 0 2 7 17 18 2 1 2 7 17 9 2 0 2 7 12 16 2 5 30 3 0 2 7 13 6 3 17 18 2 0 2 7 16 6 2 0 2 7 5 30 3 0 2 7 1 2 7 1 2 7 1 2 7 1 2 7 5 31 3 0 2 3 0 2 4 0 2 7 0 2 7 5 30 3 1 2 4 5 31 3 12 16 2 0 2 7 0 60.9962342977523804
12 16 2 0 2 7 0 2 7 12 16 2 5 31 3 1 2 7 0 2 7 0 2 7 0 2 7 0 2 7 1 2 7 13 6 3 0 2 7 0 2 7 1 2 4 0 2 7 13 6 3 1 2 7 1 2 7 1 2 7 0 2 7 1 2 7 12 16 2 0 2 7 17 18 2 0 2 7 1 2 7 0 2 7 0 2 7 0 2 7 17 9 2 0 2 7 17 18 2 1 2 7 17 9 2 0 2 7 12 16 2 5 30 3 0 2 7 13 6 3 17 18 2 0 2 7 16 6 2 0 2 7 5 30 3 0 2 7 1 2 7 1 2 7 1 2 7 1 2 7 5 31 3 1 2 7 16 30 2 0 2 4 0 2 3 1 2 7 0 2 7 16 9 11 1 2 7 1 2 4 0.0112359289129528965 59.7783674597740173
12 16 2 1 2 7 0 2 7 0 2 7 12 16 2 5 31 3 1 2 7 1 2 7 0 2 7 0 2 7 1 2 4 1 2 7 13 6 3 0 2 7 0 2 7 1 2 7 1 2 7 13 6 3 0 2 7 0 2 7 1 2 7 0 2 7 1 2 7 12 16 2 0 2 7 17 18 2 0 2 7 0 2 7 0 2 7 0 2 7 5 30 3 17 9 2 0 2 7 17 18 2 1 2 7 17 9 2 0 2 7 12 16 2 5 31 3 0 2 7 13 6 3 17 18 2 0 2 7 16 6 2 0 2 7 5 30 3 0 2 7 0 2 7 0 2 7 0 2 7 1 2 7 1 2 7 1 2 7 1 2 7 0 2 7 0 2 7 1 2 7 5 31 3 16 30 2 6 2 7 1.53331230233049598e-05 60.0912614464759827
12 16 2 0 2 7 0 2 7 12 16 2 5 31 3 1 2 7 0 2 7 0 2 7 0 2 7 0 2 7 1 2 7 13 6 3 0 2 7 0 2 7 1 2 4 0 2 7 13 6 3 1 2 7 1 2 7 1 2 7 0 2 7 1 2 7 12 16 2 0 2 7 17 18 2 0 2 7 1 2 7 0 2 7 0 2 7 0 2 7 17 9 2 0 2 7 17 18 2 1 2 7 17 9 2 0 2 7 12 16 2 5 30 3 0 2 7 13 6 3 17 18 2 0 2 7 16 6 2 0 2 7 5 30 3 0 2 7 1 2 7 1 2 7 1 2 7 1 2 7 5 30 3 5 31 3 0 2 3 0 2 4 0 2 4 0 2 3 0 2 7 0 2 7 0 2 7 1 2 4 6.67614992576391435e-05 60.6375143527984619
12 16 2 0 2 7 0 2 7 12 16 2 5 31 3 1 2 7 0 2 7 0 2 7 0 2 7 0 2 7 1 2 7 13 6 3 0 2 7 0 2 7 1 2 4 0 2 7 13 6 3 1 2 7 1 2 7 1 2 7 0 2 7 1 2 7 12 16 2 0 2 7 17 18 2 0 2 7 1 2 7 0 2 7 0 2 7 0 2 7 17 9 2 0 2 7 17 18 2 1 2 7 17 9 2 0 2 7 12 16 2 5 30 3 0 2 7 13 6 3 17 18 2 0 2 7 16 6 2 0 2 7 5 30 3 0 2 7 1 2 7 1 2 7 1 2 7 1 2 7 5 30 3 5 31 3 1 2 7 0 2 7 1 2 7 1 2 7 1 2 4 16 9 11 12 16 2 16 31 2 0.0130273659722150541 60.1370872855186462
12 16 2 0 2 7 1 2 7 16 6 2 12 16 2 5 31 3 0 2 7 0 2 7 0 2 7 1 2 7 0 2 7 1 2 7 13 6 3 0 2 7 0 2 7 0 2 7 13 6 3 0 2 7 1 2 7 1 2 7 0 2 7 1 2 7 12 16 2 1 2 7 17 18 2 0 2 7 0 2 7 1 2 7 1 2 7 6 2 7 17 9 2 0 2 7 17 18 2 1 2 7 17 9 2 0 2 7 12 16 2 0 2 7 0 2 4 13 6 3 17 18 2 0 2 7 16 30 2 0 2 7 0 2 7 0 2 7 1 2 11 0 2 7 1 2 7 5 31 3 12 16 2 1 2 7 1 2 7 0 2 7 0 2 7 1 2 7 5 30 3 5 31 3 1 2 11 0 2 7 0 60.1770643591880798
12 16 2 0 2 7 0 2 3 0 2 7 12 16 2 5 31 3 1 2 7 0 2 7 0 2 7 0 2 7 0 2 7 1 2 7 13 6 3 0 2 7 0 2 7 0 2 7 13 6 3 1 2 7 1 2 7 1 2 7 0 2 7 1 2 7 12 16 2 0 2 7 17 18 2 0 2 7 1 2 7 0 2 7 0 2 7 0 2 7 17 9 2 0 2 7 17 18 2 1 2 7 17 9 2 0 2 7 12 16 2 5 30 3 0 2 7 13 6 3 17 18 2 0 2 7 16 6 2 0 2 7 0 2 7 1 2 7 1 2 7 1 2 7 1 2 7 5 31 3 12 16 2 1 2 4 5 30 3 0 2 4 6 2 7 0 2 3 6 2 7 1 2 4 16 9 11 1 2 4 9.66695343171283897e-05 60.3004724383354187
0 2 7 1 2 7 5 30 3 5 31 3 0 2 7 0 2 7 0 2 7 0 2 7 1 2 7 0 2 7 1 2 7 12 16 2 17 9 2 12 16 2 1 2 7 17 18 2 1 2 7 1 2 7 12 16 2 0 2 7 0 2 7 17 18 2 1 2 7 0 2 7 17 18 2 0 2 7 1 2 7 13 6 3 0 2 7 5 30 3 1 2 7 0 2 7 1 2 4 0 2 7 12 16 2 1 2 7 13 6 3 0 2 7 0 2 7 0 2 7 17 9 2 0 2 7 0 2 7 5 31 3 0 2 7 0 2 7 13 6 3 1 2 7 0 2 7 1 2 7 1 2 7 0 2 7 0 2 7 16 6 2 0 2 7 1 2 7 16 30 2 16 31 2 0 2 7 1 2 4 0.0101312990964357932 59.5626044273376465
12 16 2 1 2 7 0 2 7 0 2 7 12 16 2 5 31 3 1 2 7 1 2 7 0 2 7 0 2 7 1 2 7 13 6 3 0 2 7 0 2 7 1 2 7 1 2 7 13 6 3 0 2 7 0 2 7 1 2 7 0 2 7 1 2 7 12 16 2 0 2 7 17 18 2 0 2 7 0 2 7 0 2 7 0 2 7 5 30 3 17 9 2 0 2 7 17 18 2 1 2 7 17 9 2 0 2 7 12 16 2 5 31 3 0 2 7 13 6 3 17 18 2 0 2 7 16 6 2 0 2 7 5 30 3 0 2 7 0 2 7 0 2 7 1 2 7 1 2 7 1 2 7 1 2 7 1 2 7 16 31 2 1 2 7 0 2 7 0 2 7 5 30 3 0 2 7 1 2 4 0 60.1149682998657227
12 16 2 1 2 7 0 2 7 0 2 7 12 16 2 5 31 3 1 2 7 1 2 7 0 2 7 0 2 7 1 2 4 1 2 7 13 6 3 0 2 7 0 2 7 1 2 7 1 2 7 13 6 3 0 2 7 0 2 7 1 2 7 0 2 7 1 2 7 12 16 2 0 2 7 17 18 2 0 2 7 0 2 7 0 2 7 0 2 7 5 30 3 17 9 2 0 2 7 17 18 2 1 2 7 17 9 2 0 2 7 12 16 2 5 31 3 0 2 7 13 6 3 17 18 2 0 2 7 16 6 2 0 2 7 5 30 3 0 2 7 0 2 7 0 2 7 0 2 7 1 2 7 1 2 7 1 2 7 1 2 7 0 2 7 0 2 7 1 2 7 16 31 2 5 30 3 1 2 7 0 60.1149682998657227
12 16 2 0 2 7 16 6 2 12 16 2 5 31 3 0 2 7 1 2 7 0 2 7 1 2 7 0 2 7 1 2 7 13 6 3 0 2 7 0 2 7 0 2 7 13 6 3 0 2 7 1 2 7 1 2 7 0 2 7 12 16 2 1 2 7 17 18 2 0 2 7 0 2 7 1 2 7 1 2 7 1 2 7 17 9 2 0 2 7 17 18 2 17 9 2 0 2 7 12 16 2 1 2 7 0 2 7 13 6 3 17 18 2 0 2 7 0 2 7 0 2 7 0 2 7 1 2 7 0 2 7 0 2 7 5 31 3 1 2 7 1 2 7 0 2 7 0 2 7 1 2 7 5 30 3 16 31 2 5 30 3 0 2 7 0 2 7 0 2 7 1 2 4 5 30 3 1 2 7 0 60.1149682998657227
12 16 2 0 2 7 16 6 2 12 16 2 5 31 3 0 2 7 1 2 7 0 2 7 1 2 7 0 2 7 1 2 7 13 6 3 0 2 7 0 2 7 0 2 7 13 6 3 0 2 7 1 2 7 1 2 7 0 2 7 12 16 2 1 2 7 17 18 2 0 2 7 0 2 7 1 2 7 1 2 7 1 2 7 17 9 2 0 2 7 17 18 2 17 9 2 0 2 7 12 16 2 1 2 7 0 2 7 13 6 3 17 18 2 0 2 7 0 2 7 0 2 7 0 2 7 1 2 7 0 2 7 0 2 7 5 31 3 1 2 7 1 2 7 0 2 7 0 2 7 1 2 7 5 30 3 16 31 2 5 30 3 0 2 7 0 2 7 0 2 7 1 2 4 5 30 3 1 2 7 0 60.1149682998657227
12 16 2 0 2 7 16 6 2 12 16 2 5 31 3 0 2 7 1 2 7 0 2 7 1 2 7 0 2 7 1 2 7 13 6 3 0 2 7 0 2 7 0 2 7 13 6 3 0 2 7 1 2 7 1 2 7 0 2 7 12 16 2 1 2 7 17 18 2 0 2 7 0 2 7 1 2 7 1 2 7 1 2 7 17 9 2 0 2 7 17 18 2 17 9 2 0 2 7 12 16 2 1 2 7 0 2 7 13 6 3 17 18 2 0 2 7 0 2 7 0 2 7 0 2 7 1 2 7 0 2 7 0 2 7 5 31 3 1 2 7 1 2 7 0 2 7 0 2 7 1 2 7 5 30 3 16 31 2 5 30 3 0 2 7 0 2 7 0 2 7 1 2 4 5 30 3 1 2 7 0 60.1149682998657227
12 16 2 0 2 7 16 6 2 12 16 2 5 31 3 0 2 7 1 2 7 0 2 7 1 2 7 0 2 7 1 2 7 13 6 3 0 2 7 0 2 7 0 2 7 13 6 3 0 2 7 1 2 7 1 2 7 0 2 7 12 16 2 1 2 7 17 18 2 0 2 7 0 2 7 1 2 7 1 2 7 1 2 7 17 9 2 0 2 7 17 18 2 17 9 2 0 2 7 12 16 2 1 2 7 0 2 7 13 6 3 17 18 2 0 2 7 0 2 7 0 2 7 0 2 7 1 2 7 0 2 7 0 2 7 5 31 3 1 2 7 1 2 7 0 2 7 0 2 7 1 2 7 5 30 3 16 31 2 5 30 3 0 2 7 0 2 7 0 2 7 1 2 4 5 30 3 1 2 7 0 60.1149682998657227
12 16 2 1 2 7 0 2 7 0 2 7 12 16 2 5 31 3 1 2 7 1 2 7 0 2 7 0 2 7 1 2 4 1 2 7 13 6 3 0 2 7 0 2 7 1 2 7 1 2 7 13 6 3 0 2 7 0 2 7 1 2 7 0 2 7 1 2 7 12 16 2 0 2 7 17 18 2 0 2 7 0 2 7 0 2 7 0 2 7 5 30 3 17 9 2 0 2 7 17 18 2 1 2 7 17 9 2 0 2 7 12 16 2 5 31 3 0 2 7 13 6 3 17 18 2 0 2 7 16 6 2 0 2 7 5 30 3 0 2 7 0 2 7 0 2 7 0 2 7 1 2 7 1 2 7 1 2 7 1 2 7 0 2 7 0 2 7 1 2 7 16 31 2 5 30 3 1 2 7 0 60.1149682998657227
12 16 2 1 2 7 0 2 7 0 2 7 12 16 2 5 31 3 1 2 7 1 2 7 0 2 7 0 2 7 1 2 4 1 2 7 13 6 3 0 2 7 0 2 7 1 2 7 1 2 7 13 6 3 0 2 7 0 2 7 1 2 7 0 2 7 1 2 7 12 16 2 0 2 7 17 18 2 0 2 7 0 2 7 0 2 7 0 2 7 5 30 3 17 9 2 0 2 7 17 18 2 1 2 7 17 9 2 0 2 7 12 16 2 5 31 3 0 2 7 13 6 3 17 18 2 0 2 7 16 6 2 0 2 7 5 30 3 0 2 7 0 2 7 0 2 7 0 2 7 1 2 7 1 2 7 1 2 7 1 2 7 0 2 7 0 2 7 1 2 7 16 31 2 5 30 3 1 2 7 0 60.1149682998657227
12 16 2 1 2 7 0 2 7 0 2 7 12 16 2 5 31 3 1 2 7 1 2 7 0 2 7 0 2 7 1 2 4 1 2 7 13 6 3 0 2 7 0 2 7 1 2 7 1 2 7 13 6 3 0 2 7 0 2 7 1 2 7 0 2 7 1 2 7 12 16 2 0 2 7 17 18 2 0 2 7 0 2 7 0 2 7 0 2 7 5 30 3 17 9 2 0 2 7 17 18 2 1 2 7 17 9 2 0 2 7 12 16 2 5 31 3 0 2 7 13 6 3 17 18 2 0 2 7 16 6 2 0 2 7 5 30 3 0 2 7 0 2 7 0 2 7 0 2 7 1 2 7 1 2 7 1 2 7 1 2 7 0 2 7 0 2 7 1 2 7 16 31 2 5 30 3 1 2 7 0 60.1149682998657227
12 16 2 1 2 7 0 2 7 0 2 7 12 16 2 5 31 3 1 2 7 1 2 7 0 2 7 0 2 7 1 2 4 1 2 7 13 6 3 0 2 7 0 2 7 1 2 7 1 2 7 13 6 3 0 2 7 0 2 7 1 2 7 0 2 7 1 2 7 12 16 2 0 2 7 17 18 2 0 2 7 0 2 7 0 2 7 0 2 7 5 30 3 17 9 2 0 2 7 17 18 2 1 2 7 17 9 2 0 2 7 12 16 2 5 31 3 0 2 7 13 6 3 17 18 2 0 2 7 16 6 2 0 2 7 5 30 3 0 2 7 0 2 7 0 2 7 0 2 7 1 2 7 1 2 7 1 2 7 1 2 7 0 2 7 0 2 7 1 2 7 16 31 2 5 30 3 1 2 7 0 60.1149682998657227
12 16 2 1 2 7 0 2 7 0 2 7 12 16 2 5 31 3 1 2 7 1 2 7 0 2 7 0 2 7 1 2 4 1 2 7 13 6 3 0 2 7 0 2 7 1 2 7 1 2 7 13 6 3 0 2 7 0 2 7 1 2 7 0 2 7 1 2 7 12 16 2 0 2 7 17 18 2 0 2 7 0 2 7 0 2 7 0 2 7 5 30 3 17 9 2 0 2 7 17 18 2 1 2 7 17 9 2 0 2 7 12 16 2 5 31 3 0 2 7 13 6 3 17 18 2 0 2 7 16 6 2 0 2 7 5 30 3 0 2 7 0 2 7 0 2 7 0 2 7 1 2 7 1 2 7 1 2 7 1 2 7 0 2 7 0 2 7 1 2 7 16 31 2 5 30 3 1 2 7 0 60.1149682998657227
12 16 2 1 2 7 0 2 7 0 2 7 12 16 2 5 31 3 1 2 7 1 2 7 0 2 7 0 2 7 1 2 4 1 2 7 13 6 3 0 2 7 0 2 7 1 2 7 1 2 7 13 6 3 0 2 7 0 2 7 1 2 7 0 2 7 1 2 7 12 16 2 0 2 7 17 18 2 0 2 7 0 2 7 0 2 7 0 2 7 5 30 3 17 9 2 0 2 7 17 18 2 1 2 7 17 9 2 0 2 7 12 16 2 5 31 3 0 2 7 13 6 3 17 18 2 0 2 7 16 6 2 0 2 7 5 30 3 0 2 7 0 2 7 0 2 7 0 2 7 1 2 7 1 2 7 1 2 7 1 2 7 0 2 7 0 2 7 1 2 7 16 31 2 5 30 3 1 2 7 0 60.1149682998657227
12 16 2 1 2 7 0 2 7 0 2 7 12 16 2 5 31 3 1 2 7 1 2 7 0 2 7 0 2 7 1 2 4 1 2 7 13 6 3 0 2 7 0 2 7 1 2 7 1 2 7 13 6 3 0 2 7 0 2 7 1 2 7 0 2 7 1 2 7 12 16 2 0 2 7 17 18 2 0 2 7 0 2 7 0 2 7 0 2 7 5 30 3 17 9 2 0 2 7 17 18 2 1 2 7 17 9 2 0 2 7 12 16 2 5 31 3 0 2 7 13 6 3 17 18 2 0 2 7 16 6 2 0 2 7 5 30 3 0 2 7 0 2 7 0 2 7 0 2 7 1 2 7 1 2 7 1 2 7 1 2 7 0 2 7 0 2 7 1 2 7 16 31 2 5 30 3 1 2 7 0 60.1149682998657227
12 16 2 1 2 7 0 2 7 0 2 7 12 16 2 5 31 3 1 2 7 1 2 7 0 2 7 0 2 7 1 2 4 1 2 7 13 6 3 0 2 7 0 2 7 1 2 7 1 2 7 13 6 3 0 2 7 0 2 7 1 2 7 0 2 7 1 2 7 12 16 2 0 2 7 17 18 2 0 2 7 0 2 7 0 2 7 0 2 7 5 30 3 17 9 2 0 2 7 17 18 2 1 2 7 17 9 2 0 2 7 12 16 2 5 31 3 0 2 7 13 6 3 17 18 2 0 2 7 16 6 2 0 2 7 5 30 3 0 2 7 0 2 7 0 2 7 0 2 7 1 2 7 1 2 7 1 2 7 1 2 7 0 2 7 0 2 7 1 2 7 16 31 2 5 30 3 1 2 7 0 60.1149682998657227
12 16 2 1 2 7 0 2 7 0 2 7 12 16 2 5 31 3 1 2 7 1 2 7 0 2 7 0 2 7 1 2 4 1 2 7 13 6 3 0 2 7 0 2 7 1 2 7 1 2 7 13 6 3 0 2 7 0 2 7 1 2 7 0 2 7 1 2 7 12 16 2 0 2 7 17 18 2 0 2 7 0 2 7 0 2 7 0 2 7 5 30 3 17 9 2 0 2 7 17 18 2 1 2 7 17 9 2 0 2 7 12 16 2 5 31 3 0 2 7 13 6 3 17 18 2 0 2 7 16 6 2 0 2 7 5 30 3 0 2 7 0 2 7 0 2 7 0 2 7 1 2 7 1 2 7 1 2 7 1 2 7 0 2 7 0 2 7 1 2 7 16 31 2 5 30 3 1 2 7 0 60.1149682998657227
12 16 2 1 2 7 0 2 7 0 2 7 12 16 2 5 31 3 1 2 7 1 2 7 0 2 7 0 2 7 1 2 4 1 2 7 13 6 3 0 2 7 0 2 7 1 2 7 1 2 7 13 6 3 0 2 7 0 2 7 1 2 7 0 2 7 1 2 7 12 16 2 0 2 7 17 18 2 0 2 7 0 2 7 0 2 7 0 2 7 5 30 3 17 9 2 0 2 7 17 18 2 1 2 7 17 9 2 0 2 7 12 16 2 5 31 3 0 2 7 13 6 3 17 18 2 0 2 7 16 6 2 0 2 7 5 30 3 0 2 7 0 2 7 0 2 7 0 2 7 1 2 7 1 2 7 1 2 7 1 2 7 0 2 7 0 2 7 1 2 7 16 31 2 5 30 3 1 2 7 0 60.1149682998657227
12 16 2 1 2 7 0 2 7 0 2 7 12 16 2 5 31 3 1 2 7 1 2 7 0 2 7 0 2 7 1 2 4 1 2 7 13 6 3 0 2 7 0 2 7 1 2 7 1 2 7 13 6 3 0 2 7 0 2 7 1 2 7 0 2 7 1 2 7 12 16 2 0 2 7 17 18 2 0 2 7 0 2 7 0 2 7 0 2 7 5 30 3 17 9 2 0 2 7 17 18 2 1 2 7 17 9 2 0 2 7 12 16 2 5 31 3 0 2 7 13 6 3 17 18 2 0 2 7 16 6 2 0 2 7 5 30 3 0 2 7 0 2 7 0 2 7 0 2 7 1 2 7 1 2 7 1 2 7 1 2 7 0 2 7 0 2 7 1 2 7 16 31 2 5 30 3 1 2 7 0 60.1149682998657227
12 16 2 1 2 7 0 2 7 0 2 7 12 16 2 5 31 3 1 2 7 1 2 7 0 2 7 0 2 7 1 2 4 1 2 7 13 6 3 0 2 7 0 2 7 1 2 7 1 2 7 13 6 3 0 2 7 0 2 7 1 2 7 0 2 7 1 2 7 12 16 2 0 2 7 17 18 2 0 2 7 0 2 7 0 2 7 0 2 7 5 30 3 17 9 2 0 2 7 17 18 2 1 2 7 17 9 2 0 2 7 12 16 2 5 31 3 0 2 7 13 6 3 17 18 2 0 2 7 16 6 2 0 2 7 5 30 3 0 2 7 0 2 7 0 2 7 0 2 7 1 2 7 1 2 7 1 2 7 1 2 7 0 2 7 0 2 7 1 2 7 16 31 2 5 30 3 1 2 7 0 60.1149682998657227
12 16 2 1 2 7 0 2 7 0 2 7 12 16 2 5 31 3 1 2 7 1 2 7 0 2 7 0 2 7 1 2 4 1 2 7 13 6 3 0 2 7 0 2 7 1 2 7 1 2 7 13 6 3 0 2 7 0 2 7 1 2 7 0 2 7 1 2 7 12 16 2 0 2 7 17 18 2 0 2 7 0 2 7 0 2 7 0 2 7 5 30 3 17 9 2 0 2 7 17 18 2 1 2 7 17 9 2 0 2 7 12 16 2 5 31 3 0 2 7 13 6 3 17 18 2 0 2 7 16 6 2 0 2 7 5 30 3 0 2 7 0 2 7 0 2 7 0 2 7 1 2 7 1 2 7 1 2 7 1 2 7 0 2 7 0 2 7 1 2 7 16 31 2 5 30 3 1 2 7 0 60.1149682998657227
12 16 2 1 2 7 0 2 7 0 2 7 12 16 2 5 31 3 1 2 7 1 2 7 0 2 7 0 2 7 1 2 4 1 2 7 13 6 3 0 2 7 0 2 7 1 2 7 1 2 7 13 6 3 0 2 7 0 2 7 1 2 7 0 2 7 1 2 7 12 16 2 0 2 7 17 18 2 0 2 7 0 2 7 0 2 7 0 2 7 5 30 3 17 9 2 0 2 7 17 18 2 1 2 7 17 9 2 0 2 7 12 16 2 5 31 3 0 2 7 13 6 3 17 18 2 0 2 7 16 6 2 0 2 7 5 30 3 0 2 7 0 2 7 0 2 7 0 2 7 1 2 7 1 2 7 1 2 7 1 2 7 0 2 7 0 2 7 1 2 7 16 31 2 5 30 3 1 2 7 0 60.1149682998657227
12 16 2 1 2 7 0 2 7 0 2 7 12 16 2 5 31 3 1 2 7 1 2 7 0 2 7 0 2 7 1 2 4 1 2 7 13 6 3 0 2 7 0 2 7 1 2 7 1 2 7 13 6 3 0 2 7 0 2 7 1 2 7 0 2 7 1 2 7 12 16 2 0 2 7 17 18 2 0 2 7 0 2 7 0 2 7 0 2 7 5 30 3 17 9 2 0 2 7 17 18 2 1 2 7 17 9 2 0 2 7 12 16 2 5 31 3 0 2 7 13 6 3 17 18 2 0 2 7 16 6 2 0 2 7 5 30 3 0 2 7 0 2 7 0 2 7 0 2 7 1 2 7 1 2 7 1 2 7 1 2 7 0 2 7 0 2 7 1 2 7 16 31 2 5 30 3 1 2 7 0 60.1149682998657227
12 16 2 1 2 7 0 2 7 0 2 7 12 16 2 5 31 3 1 2 7 1 2 7 0 2 7 0 2 7 1 2 4 1 2 7 13 6 3 0 2 7 0 2 7 1 2 7 1 2 7 13 6 3 0 2 7 0 2 7 1 2 7 0 2 7 1 2 7 12 16 2 0 2 7 17 18 2 0 2 7 0 2 7 0 2 7 0 2 7 5 30 3 17 9 2 0 2 7 17 18 2 1 2 7 17 9 2 0 2 7 12 16 2 5 31 3 0 2 7 13 6 3 17 18 2 0 2 7 16 6 2 0 2 7 5 30 3 0 2 7 0 2 7 0 2 7 0 2 7 1 2 7 1 2 7 1 2 7 1 2 7 0 2 7 0 2 7 1 2 7 16 31 2 5 30 3 1 2 7 0 60.1149682998657227
12 16 2 1 2 7 0 2 7 0 2 7 12 16 2 5 31 3 1 2 7 1 2 7 0 2 7 0 2 7 1 2 4 1 2 7 13 6 3 0 2 7 0 2 7 1 2 7 1 2 7 13 6 3 0 2 7 0 2 7 1 2 7 0 2 7 1 2 7 12 16 2 0 2 7 17 18 2 0 2 7 0 2 7 0 2 7 0 2 7 5 30 3 17 9 2 0 2 7 17 18 2 1 2 7 17 9 2 0 2 7 12 16 2 5 31 3 0 2 7 13 6 3 17 18 2 0 2 7 16 6 2 0 2 7 5 30 3 0 2 7 0 2 7 0 2 7 0 2 7 1 2 7 1 2 7 1 2 7 1 2 7 0 2 7 0 2 7 1 2 7 16 31 2 5 30 3 1 2 7 0 60.1149682998657227
12 16 2 1 2 7 0 2 7 0 2 7 12 16 2 5 31 3 1 2 7 1 2 7 0 2 7 0 2 7 1 2 4 1 2 7 13 6 3 0 2 7 0 2 7 1 2 7 1 2 7 13 6 3 0 2 7 0 2 7 1 2 7 0 2 7 1 2 7 12 16 2 0 2 7 17 18 2 0 2 7 0 2 7 0 2 7 0 2 7 5 30 3 17 9 2 0 2 7 17 18 2 1 2 7 17 9 2 0 2 7 12 16 2 5 31 3 0 2 7 13 6 3 17 18 2 0 2 7 16 6 2 0 2 7 5 30 3 0 2 7 0 2 7 0 2 7 0 2 7 1 2 7 1 2 7 1 2 7 1 2 7 0 2 7 0 2 7 1 2 7 16 31 2 5 30 3 1 2 7 0 60.1149682998657227
12 16 2 1 2 7 0 2 7 0 2 7 12 16 2 5 31 3 1 2 7 1 2 7 0 2 7 0 2 7 1 2 4 1 2 7 13 6 3 0 2 7 0 2 7 1 2 7 1 2 7 13 6 3 0 2 7 0 2 7 1 2 7 0 2 7 1 2 7 12 16 2 0 2 7 17 18 2 0 2 7 0 2 7 0 2 7 0 2 7 5 30 3 17 9 2 0 2 7 17 18 2 1 2 7 17 9 2 0 2 7 12 16 2 5 31 3 0 2 7 13 6 3 17 18 2 0 2 7 16 6 2 0 2 7 5 30 3 0 2 7 0 2 7 0 2 7 0 2 7 1 2 7 1 2 7 1 2 7 1 2 7 0 2 7 0 2 7 1 2 7 16 31 2 5 30 3 1 2 7 0 60.1149682998657227
12 16 2 1 2 7 0 2 7 0 2 7 12 16 2 5 31 3 1 2 7 1 2 7 0 2 7 0 2 7 1 2 4 1 2 7 13 6 3 0 2 7 0 2 7 1 2 7 1 2 7 13 6 3 0 2 7 0 2 7 1 2 7 0 2 7 1 2 7 12 16 2 0 2 7 17 18 2 0 2 7 0 2 7 0 2 7 0 2 7 5 30 3 17 9 2 0 2 7 17 18 2 1 2 7 17 9 2 0 2 7 12 16 2 5 31 3 0 2 7 13 6 3 17 18 2 0 2 7 16 6 2 0 2 7 5 30 3 0 2 7 0 2 7 0 2 7 0 2 7 1 2 7 1 2 7 1 2 7 1 2 7 0 2 7 0 2 7 1 2 7 16 31 2 5 30 3 1 2 7 0 60.1149682998657227
12 16 2 1 2 7 0 2 7 0 2 7 12 16 2 5 31 3 1 2 7 1 2 7 0 2 7 0 2 7 1 2 4 1 2 7 13 6 3 0 2 7 0 2 7 1 2 7 1 2 7 13 6 3 0 2 7 0 2 7 1 2 7 0 2 7 1 2 7 12 16 2 0 2 7 17 18 2 0 2 7 0 2 7 0 2 7 0 2 7 5 30 3 17 9 2 0 2 7 17 18 2 1 2 7 17 9 2 0 2 7 12 16 2 5 31 3 0 2 7 13 6 3 17 18 2 0 2 7 16 6 2 0 2 7 5 30 3 0 2 7 0 2 7 0 2 7 0 2 7 1 2 7 1 2 7 1 2 7 1 2 7 0 2 7 0 2 7 1 2 7 16 31 2 5 30 3 1 2 7 0 60.1149682998657227
12 16 2 1 2 7 0 2 7 0 2 7 12 16 2 5 31 3 1 2 7 1 2 7 0 2 7 0 2 7 1 2 4 1 2 7 13 6 3 0 2 7 0 2 7 1 2 7 1 2 7 13 6 3 0 2 7 0 2 7 1 2 7 0 2 7 1 2 7 12 16 2 0 2 7 17 18 2 0 2 7 0 2 7 0 2 7 0 2 7 5 30 3 17 9 2 0 2 7 17 18 2 1 2 7 17 9 2 0 2 7 12 16 2 5 31 3 0 2 7 13 6 3 17 18 2 0 2 7 16 6 2 0 2 7 5 30 3 0 2 7 0 2 7 0 2 7 0 2 7 1 2 7 1 2 7 1 2 7 1 2 7 0 2 7 0 2 7 1 2 7 16 31 2 5 30 3 1 2 7 0 60.1149682998657227
12 16 2 1 2 7 0 2 7 0 2 7 12 16 2 5 31 3 1 2 7 1 2 7 0 2 7 0 2 7 1 2 4 1 2 7 13 6 3 0 2 7 0 2 7 1 2 7 1 2 7 13 6 3 0 2 7 0 2 7 1 2 7 0 2 7 1 2 7 12 16 2 0 2 7 17 18 2 0 2 7 0 2 7 0 2 7 0 2 7 5 30 3 17 9 2 0 2 7 17 18 2 1 2 7 17 9 2 0 2 7 12 16 2 5 31 3 0 2 7 13 6 3 17 18 2 0 2 7 16 6 2 0 2 7 5 30 3 0 2 7 0 2 7 0 2 7 0 2 7 1 2 7 1 2 7 1 2 7 1 2 7 0 2 7 0 2 7 1 2 7 16 31 2 5 30 3 1 2 7 0 60.1149682998657227
12 16 2 1 2 7 0 2 7 0 2 7 12 16 2 5 31 3 1 2 7 1 2 7 0 2 7 0 2 7 1 2 4 1 2 7 13 6 3 0 2 7 0 2 7 1 2 7 1 2 7 13 6 3 0 2 7 0 2 7 1 2 7 0 2 7 1 2 7 12 16 2 0 2 7 17 18 2 0 2 7 0 2 7 0 2 7 0 2 7 5 30 3 17 9 2 0 2 7 17 18 2 1 2 7 17 9 2 0 2 7 12 16 2 5 31 3 0 2 7 13 6 3 17 18 2 0 2 7 16 6 2 0 2 7 5 30 3 0 2 7 0 2 7 0 2 7 0 2 7 1 2 7 1 2 7 1 2 7 1 2 7 0 2 7 0 2 7 1 2 7 16 31 2 5 30 3 1 2 7 0 60.1149682998657227
12 16 2 1 2 7 0 2 7 0 2 7 12 16 2 5 31 3 1 2 7 1 2 7 0 2 7 0 2 7 1 2 4 1 2 7 13 6 3 0 2 7 0 2 7 1 2 7 1 2 7 13 6 3 0 2 7 0 2 7 1 2 7 0 2 7 1 2 7 12 16 2 0 2 7 17 18 2 0 2 7 0 2 7 0 2 7 0 2 7 5 30 3 17 9 2 0 2 7 17 18 2 1 2 7 17 9 2 0 2 7 12 16 2 5 31 3 0 2 7 13 6 3 17 18 2 0 2 7 16 6 2 0 2 7 5 30 3 0 2 7 0 2 7 0 2 7 0 2 7 1 2 7 1 2 7 1 2 7 1 2 7 0 2 7 0 2 7 1 2 7 16 31 2 5 30 3 1 2 7 0 60.1149682998657227
12 16 2 1 2 7 0 2 7 0 2 7 12 16 2 5 31 3 1 2 7 1 2 7 0 2 7 0 2 7 1 2 4 1 2 7 13 6 3 0 2 7 0 2 7 1 2 7 1 2 7 13 6 3 0 2 7 0 2 7 1 2 7 0 2 7 1 2 7 12 16 2 0 2 7 17 18 2 0 2 7 0 2 7 0 2 7 0 2 7 5 30 3 17 9 2 0 2 7 17 18 2 1 2 7 17 9 2 0 2 7 12 16 2 5 31 3 0 2 7 13 6 3 17 18 2 0 2 7 16 6 2 0 2 7 5 30 3 0 2 7 0 2 7 0 2 7 0 2 7 1 2 7 1 2 7 1 2 7 1 2 7 0 2 7 0 2 7 1 2 7 16 31 2 5 30 3 1 2 7 0 60.1149682998657227
12 16 2 1 2 7 0 2 7 0 2 7 12 16 2 5 31 3 1 2 7 1 2 7 0 2 7 0 2 7 1 2 4 1 2 7 13 6 3 0 2 7 0 2 7 1 2 7 1 2 7 13 6 3 0 2 7 0 2 7 1 2 7 0 2 7 1 2 7 12 16 2 0 2 7 17 18 2 0 2 7 0 2 7 0 2 7 0 2 7 5 30 3 17 9 2 0 2 7 17 18 2 1 2 7 17 9 2 0 2 7 12 16 2 5 31 3 0 2 7 13 6 3 17 18 2 0 2 7 16 6 2 0 2 7 5 30 3 0 2 7 0 2 7 0 2 7 0 2 7 1 2 7 1 2 7 1 2 7 1 2 7 0 2 7 0 2 7 1 2 7 16 31 2 5 30 3 1 2 7 0 60.1149682998657227
12 16 2 1 2 7 0 2 7 0 2 7 12 16 2 5 31 3 1 2 7 1 2 7 0 2 7 0 2 7 1 2 4 1 2 7 13 6 3 0 2 7 0 2 7 1 2 7 1 2 7 13 6 3 0 2 7 0 2 7 1 2 7 0 2 7 1 2 7 12 16 2 0 2 7 17 18 2 0 2 7 0 2 7 0 2 7 0 2 7 5 30 3 17 9 2 0 2 7 17 18 2 1 2 7 17 9 2 0 2 7 12 16 2 5 31 3 0 2 7 13 6 3 17 18 2 0 2 7 16 6 2 0 2 7 5 30 3 0 2 7 0 2 7 0 2 7 0 2 7 1 2 7 1 2 7 1 2 7 1 2 7 0 2 7 0 2 7 1 2 7 16 31 2 5 30 3 1 2 7 0 60.1149682998657227
12 16 2 1 2 7 0 2 7 0 2 7 12 16 2 5 31 3 1 2 7 1 2 7 0 2 7 0 2 7 1 2 4 1 2 7 13 6 3 0 2 7 0 2 7 1 2 7 1 2 7 13 6 3 0 2 7 0 2 7 1 2 7 0 2 7 1 2 7 12 16 2 0 2 7 17 18 2 0 2 7 0 2 7 0 2 7 0 2 7 5 30 3 17 9 2 0 2 7 17 18 2 1 2 7 17 9 2 0 2 7 12 16 2 5 31 3 0 2 7 13 6 3 17 18 2 0 2 7 16 6 2 0 2 7 5 30 3 0 2 7 0 2 7 0 2 7 0 2 7 1 2 7 1 2 7 1 2 7 1 2 7 0 2 7 0 2 7 1 2 7 16 31 2 5 30 3 1 2 7 0 60.1149682998657227
12 16 2 1 2 7 0 2 7 0 2 7 12 16 2 5 31 3 1 2 7 1 2 7 0 2 7 0 2 7 1 2 4 1 2 7 13 6 3 0 2 7 0 2 7 1 2 7 1 2 7 13 6 3 0 2 7 0 2 7 1 2 7 0 2 7 1 2 7 12 16 2 0 2 7 17 18 2 0 2 7 0 2 7 0 2 7 0 2 7 5 30 3 17 9 2 0 2 7 17 18 2 1 2 7 17 9 2 0 2 7 12 16 2 5 31 3 0 2 7 13 6 3 17 18 2 0 2 7 16 6 2 0 2 7 5 30 3 0 2 7 0 2 7 0 2 7 0 2 7 1 2 7 1 2 7 1 2 7 1 2 7 0 2 7 0 2 7 1 2 7 16 31 2 5 30 3 1 2 7 0 60.1149682998657227
12 16 2 1 2 7 0 2 7 0 2 7 12 16 2 5 31 3 1 2 7 1 2 7 0 2 7 0 2 7 1 2 4 1 2 7 13 6 3 0 2 7 0 2 7 1 2 7 1 2 7 13 6 3 0 2 7 0 2 7 1 2 7 0 2 7 1 2 7 12 16 2 0 2 7 17 18 2 0 2 7 0 2 7 0 2 7 0 2 7 5 30 3 17 9 2 0 2 7 17 18 2 1 2 7 17 9 2 0 2 7 12 16 2 5 31 3 0 2 7 13 6 3 17 18 2 0 2 7 16 6 2 0 2 7 5 30 3 0 2 7 0 2 7 0 2 7 0 2 7 1 2 7 1 2 7 1 2 7 1 2 7 0 2 7 0 2 7 1 2 7 16 31 2 5 30 3 1 2 7 0 60.1149682998657227
12 16 2 1 2 7 0 2 7 0 2 7 12 16 2 5 31 3 1 2 7 1 2 7 0 2 7 0 2 7 1 2 4 1 2 7 13 6 3 0 2 7 0 2 7 1 2 7 1 2 7 13 6 3 0 2 7 0 2 7 1 2 7 0 2 7 1 2 7 12 16 2 0 2 7 17 18 2 0 2 7 0 2 7 0 2 7 0 2 7 5 30 3 17 9 2 0 2 7 17 18 2 1 2 7 17 9 2 0 2 7 12 16 2 5 31 3 0 2 7 13 6 3 17 18 2 0 2 7 16 6 2 0 2 7 5 30 3 0 2 7 0 2 7 0 2 7 0 2 7 1 2 7 1 2 7 1 2 7 1 2 7 0 2 7 0 2 7 1 2 7 16 31 2 5 30 3 1 2 7 0 60.1149682998657227
12 16 2 1 2 7 0 2 7 0 2 7 12 16 2 5 31 3 1 2 7 1 2 7 0 2 7 0 2 7 1 2 4 1 2 7 13 6 3 0 2 7 0 2 7 1 2 7 1 2 7 13 6 3 0 2 7 0 2 7 1 2 7 0 2 7 1 2 7 12 16 2 0 2 7 17 18 2 0 2 7 0 2 7 0 2 7 0 2 7 5 30 3 17 9 2 0 2 7 17 18 2 1 2 7 17 9 2 0 2 7 12 16 2 5 31 3 0 2 7 13 6 3 17 18 2 0 2 7 16 6 2 0 2 7 5 30 3 0 2 7 0 2 7 0 2 7 0 2 7 1 2 7 1 2 7 1 2 7 1 2 7 0 2 7 0 2 7 1 2 7 16 31 2 5 30 3 1 2 7 0 60.1149682998657227
12 16 2 1 2 7 0 2 7 0 2 7 12 16 2 5 31 3 1 2 7 1 2 7 0 2 7 0 2 7 1 2 4 1 2 7 13 6 3 0 2 7 0 2 7 1 2 7 1 2 7 13 6 3 0 2 7 0 2 7 1 2 7 0 2 7 1 2 7 12 16 2 0 2 7 17 18 2 0 2 7 0 2 7 0 2 7 0 2 7 5 30 3 17 9 2 0 2 7 17 18 2 1 2 7 17 9 2 0 2 7 12 16 2 5 31 3 0 2 7 13 6 3 17 18 2 0 2 7 16 6 2 0 2 7 5 30 3 0 2 7 0 2 7 0 2 7 0 2 7 1 2 7 1 2 7 1 2 7 1 2 7 0 2 7 0 2 7 1 2 7 16 31 2 5 30 3 1 2 7 0 60.1149682998657227
12 16 2 1 2 7 0 2 7 0 2 7 12 16 2 5 31 3 1 2 7 1 2 7 0 2 7 0 2 7 1 2 4 1 2 7 13 6 3 0 2 7 0 2 7 1 2 7 1 2 7 13 6 3 0 2 7 0 2 7 1 2 7 0 2 7 1 2 7 12 16 2 0 2 7 17 18 2 0 2 7 0 2 7 0 2 7 0 2 7 5 30 3 17 9 2 0 2 7 17 18 2 1 2 7 17 9 2 0 2 7 12 16 2 5 31 3 0 2 7 13 6 3 17 18 2 0 2 7 16 6 2 0 2 7 5 30 3 0 2 7 0 2 7 0 2 7 0 2 7 1 2 7 1 2 7 1 2 7 1 2 7 0 2 7 0 2 7 1 2 7 16 31 2 5 30 3 1 2 7 0 60.1149682998657227
12 16 2 1 2 7 0 2 7 0 2 7 12 16 2 5 31 3 1 2 7 1 2 7 0 2 7 0 2 7 1 2 4 1 2 7 13 6 3 0 2 7 0 2 7 1 2 7 1 2 7 13 6 3 0 2 7 0 2 7 1 2 7 0 2 7 1 2 7 12 16 2 0 2 7 17 18 2 0 2 7 0 2 7 0 2 7 0 2 7 5 30 3 17 9 2 0 2 7 17 18 2 1 2 7 17 9 2 0 2 7 12 16 2 5 31 3 0 2 7 13 6 3 17 18 2 0 2 7 16 6 2 0 2 7 5 30 3 0 2 7 0 2 7 0 2 7 0 2 7 1 2 7 1 2 7 1 2 7 1 2 7 0 2 7 0 2 7 1 2 7 16 31 2 5 30 3 1 2 7 0 60.1149682998657227
12 16 2 1 2 7 0 2 7 0 2 7 12 16 2 5 31 3 1 2 7 1 2 7 0 2 7 0 2 7 1 2 4 1 2 7 13 6 3 0 2 7 0 2 7 1 2 7 1 2 7 13 6 3 0 2 7 0 2 7 1 2 7 0 2 7 1 2 7 12 16 2 0 2 7 17 18 2 0 2 7 0 2 7 0 2 7 0 2 7 5 30 3 17 9 2 0 2 7 17 18 2 1 2 7 17 9 2 0 2 7 12 16 2 5 31 3 0 2 7 13 6 3 17 18 2 0 2 7 16 6 2 0 2 7 5 30 3 0 2 7 0 2 7 0 2 7 0 2 7 1 2 7 1 2 7 1 2 7 1 2 7 0 2 7 0 2 7 1 2 7 16 31 2 5 30 3 1 2 7 0 60.1149682998657227
12 16 2 1 2 7 0 2 7 0 2 7 12 16 2 5 31 3 1 2 7 1 2 7 0 2 7 0 2 7 1 2 4 1 2 7 13 6 3 0 2 7 0 2 7 1 2 7 1 2 7 13 6 3 0 2 7 0 2 7 1 2 7 0 2 7 1 2 7 12 16 2 0 2 7 17 18 2 0 2 7 0 2 7 0 2 7 0 2 7 5 30 3 17 9 2 0 2 7 17 18 2 1 2 7 17 9 2 0 2 7 12 16 2 5 31 3 0 2 7 13 6 3 17 18 2 0 2 7 16 6 2 0 2 7 5 30 3 0 2 7 0 2 7 0 2 7 0 2 7 1 2 7 1 2 7 1 2 7 1 2 7 0 2 7 0 2 7 1 2 7 16 31 2 5 30 3 1 2 7 0 60.1149682998657227
12 16 2 1 2 7 0 2 7 0 2 7 12 16 2 5 31 3 1 2 7 1 2 7 0 2 7 0 2 7 1 2 4 1 2 7 13 6 3 0 2 7 0 2 7 1 2 7 1 2 7 13 6 3 0 2 7 0 2 7 1 2 7 0 2 7 1 2 7 12 16 2 0 2 7 17 18 2 0 2 7 0 2 7 0 2 7 0 2 7 5 30 3 17 9 2 0 2 7 17 18 2 1 2 7 17 9 2 0 2 7 12 16 2 5 31 3 0 2 7 13 6 3 17 18 2 0 2 7 16 6 2 0 2 7 5 30 3 0 2 7 0 2 7 0 2 7 0 2 7 1 2 7 1 2 7 1 2 7 1 2 7 0 2 7 0 2 7 1 2 7 16 31 2 5 30 3 1 2 7 0 60.1149682998657227
12 16 2 1 2 7 0 2 7 0 2 7 12 16 2 5 31 3 1 2 7 1 2 7 0 2 7 0 2 7 1 2 4 1 2 7 13 6 3 0 2 7 0 2 7 1 2 7 1 2 7 13 6 3 0 2 7 0 2 7 1 2 7 0 2 7 1 2 7 12 16 2 0 2 7 17 18 2 0 2 7 0 2 7 0 2 7 0 2 7 5 30 3 17 9 2 0 2 7 17 18 2 1 2 7 17 9 2 0 2 7 12 16 2 5 31 3 0 2 7 13 6 3 17 18 2 0 2 7 16 6 2 0 2 7 5 30 3 0 2 7 0 2 7 0 2 7 0 2 7 1 2 7 1 2 7 1 2 7 1 2 7 0 2 7 0 2 7 1 2 7 16 31 2 5 30 3 1 2 7 0 60.1149682998657227
12 16 2 1 2 7 0 2 7 0 2 7 12 16 2 5 31 3 1 2 7 1 2 7 0 2 7 0 2 7 1 2 4 1 2 7 13 6 3 0 2 7 0 2 7 1 2 7 1 2 7 13 6 3 0 2 7 0 2 7 1 2 7 0 2 7 1 2 7 12 16 2 0 2 7 17 18 2 0 2 7 0 2 7 0 2 7 0 2 7 5 30 3 17 9 2 0 2 7 17 18 2 1 2 7 17 9 2 0 2 7 12 16 2 5 31 3 0 2 7 13 6 3 17 18 2 0 2 7 16 6 2 0 2 7 5 30 3 0 2 7 0 2 7 0 2 7 0 2 7 1 2 7 1 2 7 1 2 7 1 2 7 0 2 7 0 2 7 1 2 7 16 31 2 5 30 3 1 2 7 0 60.1149682998657227
12 16 2 1 2 7 0 2 7 0 2 7 12 16 2 5 31 3 1 2 7 1 2 7 0 2 7 0 2 7 1 2 4 1 2 7 13 6 3 0 2 7 0 2 7 1 2 7 1 2 7 13 6 3 0 2 7 0 2 7 1 2 7 0 2 7 1 2 7 12 16 2 0 2 7 17 18 2 0 2 7 0 2 7 0 2 7 0 2 7 5 30 3 17 9 2 0 2 7 17 18 2 1 2 7 17 9 2 0 2 7 12 16 2 5 31 3 0 2 7 13 6 3 17 18 2 0 2 7 16 6 2 0 2 7 5 30 3 0 2 7 0 2 7 0 2 7 0 2 7 1 2 7 1 2 7 1 2 7 1 2 7 0 2 7 0 2 7 1 2 7 16 31 2 5 30 3 1 2 7 0 60.1149682998657227
12 16 2 1 2 7 0 2 7 0 2 7 12 16 2 5 31 3 1 2 7 1 2 7 0 2 7 0 2 7 1 2 4 1 2 7 13 6 3 0 2 7 0 2 7 1 2 7 1 2 7 13 6 3 0 2 7 0 2 7 1 2 7 0 2 7 1 2 7 12 16 2 0 2 7 17 18 2 0 2 7 0 2 7 0 2 7 0 2 7 5 30 3 17 9 2 0 2 7 17 18 2 1 2 7 17 9 2 0 2 7 12 16 2 5 31 3 0 2 7 13 6 3 17 18 2 0 2 7 16 6 2 0 2 7 5 30 3 0 2 7 0 2 7 0 2 7 0 2 7 1 2 7 1 2 7 1 2 7 1 2 7 0 2 7 0 2 7 1 2 7 16 31 2 5 30 3 1 2 7 0 60.1149682998657227
12 16 2 1 2 7 0 2 7 0 2 7 12 16 2 5 31 3 1 2 7 1 2 7 0 2 7 0 2 7 1 2 4 1 2 7 13 6 3 0 2 7 0 2 7 1 2 7 1 2 7 13 6 3 0 2 7 0 2 7 1 2 7 0 2 7 1 2 7 12 16 2 0 2 7 17 18 2 0 2 7 0 2 7 0 2 7 0 2 7 5 30 3 17 9 2 0 2 7 17 18 2 1 2 7 17 9 2 0 2 7 12 16 2 5 31 3 0 2 7 13 6 3 17 18 2 0 2 7 16 6 2 0 2 7 5 30 3 0 2 7 0 2 7 0 2 7 0 2 7 1 2 7 1 2 7 1 2 7 1 2 7 0 2 7 0 2 7 1 2 7 16 31 2 5 30 3 1 2 7 0 60.1149682998657227
12 16 2 1 2 7 0 2 7 0 2 7 12 16 2 5 31 3 1 2 7 1 2 7 0 2 7 0 2 7 1 2 11 1 2 7 13 6 3 0 2 7 0 2 7 1 2 7 1 2 7 13 6 3 0 2 7 0 2 7 1 2 7 0 2 7 1 2 7 12 16 2 0 2 7 17 18 2 0 2 7 0 2 7 0 2 7 0 2 7 5 30 3 17 9 2 0 2 7 17 18 2 1 2 7 17 9 2 0 2 7 12 16 2 5 31 3 0 2 7 13 6 3 17 18 2 0 2 7 16 6 2 0 2 7 5 30 3 0 2 7 0 2 4 0 2 7 1 2 4 1 2 7 1 2 7 1 2 7 1 2 7 16 31 2 1 2 7 0 2 7 0 2 7 1 2 7 12 16 2 0 60.0811712741851807
12 16 2 1 2 7 0 2 7 0 2 7 12 16 2 5 31 3 1 2 7 1 2 7 0 2 7 0 2 7 1 2 7 1 2 7 13 6 3 0 2 7 0 2 7 1 2 7 1 2 7 13 6 3 0 2 7 0 2 7 1 2 7 0 2 7 1 2 7 12 16 2 0 2 7 17 18 2 0 2 7 0 2 7 0 2 7 0 2 7 5 30 3 17 9 2 0 2 7 17 18 2 1 2 7 17 9 2 0 2 4 12 16 2 5 31 3 0 2 7 13 6 3 17 18 2 0 2 7 16 6 2 0 2 11 5 30 3 0 2 7 0 2 7 1 2 7 0 2 7 1 2 7 1 2 7 1 2 4 1 2 7 0 2 7 0 2 7 1 2 7 16 31 2 12 16 2 1 2 7 0 60.0811713933944702
12 16 2 1 2 7 0 2 7 0 2 7 12 16 2 5 31 3 1 2 7 1 2 7 0 2 7 0 2 7 1 2 4 1 2 7 13 6 3 0 2 7 0 2 7 1 2 7 1 2 7 13 6 3 0 2 7 0 2 7 1 2 7 0 2 7 1 2 7 12 16 2 0 2 7 17 18 2 0 2 7 0 2 7 0 2 7 0 2 7 5 30 3 17 9 2 0 2 7 17 18 2 1 2 7 17 9 2 0 2 7 12 16 2 5 31 3 0 2 7 13 6 3 17 18 2 0 2 7 16 6 2 0 2 7 5 30 3 0 2 7 0 2 7 0 2 7 0 2 7 1 2 7 1 2 7 1 2 7 1 2 7 0 2 7 0 2 7 1 2 7 16 31 2 5 30 3 1 2 7 0 60.1149682998657227
12 16 2 1 2 7 0 2 7 0 2 7 12 16 2 5 31 3 1 2 7 1 2 7 0 2 7 0 2 7 1 2 4 1 2 7 13 6 3 0 2 7 0 2 7 1 2 7 1 2 7 13 6 3 0 2 7 0 2 7 1 2 7 0 2 7 1 2 7 12 16 2 0 2 7 17 18 2 0 2 7 0 2 7 0 2 7 0 2 7 5 30 3 17 9 2 0 2 7 17 18 2 1 2 7 17 9 2 0 2 7 12 16 2 5 31 3 0 2 7 13 6 3 17 18 2 0 2 7 16 6 2 0 2 7 5 30 3 0 2 7 0 2 7 0 2 7 0 2 7 1 2 7 1 2 7 1 2 7 1 2 7 0 2 7 0 2 7 1 2 7 16 31 2 5 30 3 1 2 7 0 60.1149682998657227
12 16 2 1 2 7 0 2 7 0 2 7 12 16 2 5 31 3 1 2 7 1 2 7 0 2 7 0 2 7 1 2 4 1 2 7 13 6 3 0 2 7 0 2 7 1 2 7 1 2 7 13 6 3 0 2 7 0 2 7 1 2 7 0 2 7 1 2 7 12 16 2 0 2 7 17 18 2 0 2 7 0 2 7 0 2 7 0 2 7 5 30 3 17 9 2 0 2 7 17 18 2 1 2 7 17 9 2 0 2 7 12 16 2 5 31 3 0 2 7 13 6 3 17 18 2 0 2 7 16 6 2 0 2 7 5 30 3 0 2 7 0 2 7 0 2 7 1 2 7 1 2 7 1 2 7 1 2 7 1 2 7 16 31 2 1 2 7 0 2 4 0 2 11 0 2 7 5 30 3 4.17242114186317019e-06 60.194568395614624
12 16 2 1 2 7 0 2 7 0 2 7 12 16 2 5 31 3 1 2 7 1 2 7 0 2 7 0 2 7 1 2 4 1 2 7 13 6 3 0 2 7 0 2 7 1 2 7 1 2 7 13 6 3 0 2 7 0 2 7 1 2 7 0 2 7 1 2 7 12 16 2 0 2 7 17 18 2 0 2 7 0 2 7 0 2 7 0 2 7 5 30 3 17 9 2 0 2 7 17 18 2 1 2 7 17 9 2 0 2 7 12 16 2 5 31 3 0 2 7 13 6 3 17 18 2 0 2 7 16 6 2 0 2 7 5 30 3 0 2 7 0 2 7 0 2 7 0 2 7 1 2 7 1 2 7 1 2 7 1 2 7 0 2 7 0 2 7 1 2 7 16 31 2 5 30 3 1 2 7 0 60.1149682998657227
12 16 2 1 2 7 0 2 7 0 2 7 12 16 2 5 31 3 1 2 7 1 2 7 0 2 7 0 2 7 1 2 4 1 2 7 13 6 3 0 2 7 0 2 7 1 2 7 1 2 7 13 6 3 0 2 7 0 2 7 1 2 7 0 2 7 1 2 7 12 16 2 0 2 7 17 18 2 0 2 7 0 2 7 0 2 7 0 2 7 5 30 3 17 9 2 0 2 7 17 18 2 1 2 7 17 9 2 0 2 7 12 16 2 5 31 3 0 2 7 13 6 3 17 18 2 0 2 7 16 6 2 0 2 7 5 30 3 0 2 7 0 2 7 0 2 7 0 2 7 1 2 7 1 2 7 1 2 7 1 2 7 0 2 7 0 2 7 1 2 7 16 31 2 5 30 3 1 2 7 0 60.1149682998657227
12 16 2 1 2 7 0 2 7 0 2 7 12 16 2 5 31 3 1 2 7 1 2 7 0 2 7 0 2 7 1 2 4 1 2 7 13 6 3 0 2 7 0 2 7 1 2 7 1 2 7 13 6 3 0 2 7 0 2 7 1 2 7 0 2 7 1 2 7 12 16 2 0 2 7 17 18 2 0 2 7 0 2 7 0 2 7 0 2 7 5 30 3 17 9 2 0 2 7 17 18 2 1 2 7 17 9 2 0 2 7 12 16 2 5 31 3 0 2 7 13 6 3 17 18 2 0 2 7 16 6 2 0 2 7 5 30 3 0 2 7 0 2 7 0 2 7 0 2 7 1 2 7 1 2 7 1 2 7 1 2 7 0 2 7 0 2 7 1 2 7 16 31 2 5 30 3 1 2 7 0 60.1149682998657227
12 16 2 1 2 7 0 2 7 0 2 7 12 16 2 5 31 3 1 2 7 1 2 7 0 2 7 0 2 7 1 2 4 1 2 7 13 6 3 0 2 7 0 2 7 1 2 7 1 2 7 13 6 3 0 2 7 0 2 7 1 2 7 0 2 7 1 2 7 12 16 2 0 2 7 17 18 2 0 2 7 0 2 7 0 2 7 0 2 7 5 30 3 17 9 2 0 2 7 17 18 2 1 2 7 17 9 2 0 2 7 12 16 2 5 31 3 0 2 7 13 6 3 17 18 2 0 2 7 16 6 2 0 2 7 5 30 3 0 2 7 0 2 7 0 2 7 0 2 7 1 2 7 1 2 7 1 2 7 1 2 7 0 2 7 0 2 7 1 2 7 16 31 2 5 30 3 1 2 7 0 60.1149682998657227
12 16 2 1 2 7 0 2 7 0 2 7 12 16 2 5 31 3 1 2 7 1 2 7 0 2 7 0 2 7 1 2 4 1 2 7 13 6 3 0 2 7 0 2 7 1 2 7 1 2 7 13 6 3 0 2 7 0 2 7 1 2 7 0 2 7 1 2 7 12 16 2 0 2 7 17 18 2 0 2 7 0 2 7 0 2 7 0 2 7 5 30 3 17 9 2 0 2 7 17 18 2 1 2 7 17 9 2 0 2 7 12 16 2 5 31 3 0 2 7 13 6 3 17 18 2 0 2 7 16 6 2 0 2 7 5 30 3 0 2 7 0 2 7 0 2 7 1 2 7 1 2 7 1 2 7 1 2 7 1 2 7 16 31 2 1 2 7 0 2 7 0 2 7 0 2 7 1 2 7 8.28172473703082279e-06 59.8537733554840088
12 16 2 1 2 7 1 2 7 0 2 7 12 16 2 5 31 3 1 2 7 1 2 7 0 2 7 0 2 3 0 2 7 13 6 3 1 2 7 1 2 7 1 2 7 1 2 7 13 6 3 1 2 7 0 2 7 1 2 7 0 2 7 0 2 7 12 16 2 0 2 7 17 9 2 0 2 7 0 2 4 0 2 4 0 2 7 0 2 7 17 9 2 1 2 7 17 18 2 1 2 3 17 9 2 0 2 7 12 16 2 5 31 3 0 2 7 13 6 3 17 18 2 0 2 7 16 6 2 0 2 7 5 31 3 0 2 7 1 2 7 1 2 3 0 2 7 0 2 7 1 2 7 16 6 2 1 2 7 0 2 7 0 2 7 1 2 7 0 2 7 12 16 2 1 2 7 0 2 7 0 60.0557534694671631
12 16 2 1 2 7 1 2 7 0 2 7 12 16 2 5 31 3 1 2 7 1 2 7 0 2 7 0 2 3 0 2 7 13 6 3 1 2 7 1 2 7 1 2 7 1 2 7 13 6 3 1 2 7 0 2 7 1 2 7 0 2 7 0 2 7 12 16 2 0 2 7 17 9 2 0 2 7 0 2 4 0 2 4 0 2 7 0 2 7 17 9 2 1 2 7 17 18 2 1 2 3 17 9 2 0 2 7 12 16 2 5 31 3 0 2 7 13 6 3 17 18 2 0 2 7 16 6 2 0 2 7 5 31 3 0 2 7 1 2 7 1 2 3 0 2 7 0 2 7 1 2 7 16 6 2 1 2 7 0 2 7 0 2 7 1 2 7 0 2 7 12 16 2 1 2 7 0 2 7 0 60.0557534694671631
12 16 2 1 2 4 1 2 7 0 2 7 12 16 2 5 31 3 1 2 7 1 2 3 0 2 7 0 2 7 0 2 7 13 6 3 1 2 4 1 2 7 1 2 7 1 2 7 13 6 3 1 2 7 0 2 7 1 2 7 0 2 7 0 2 7 12 16 2 0 2 7 17 9 2 0 2 7 0 2 7 0 2 7 0 2 7 0 2 7 17 9 2 1 2 7 17 18 2 17 9 2 0 2 7 12 16 2 5 31 3 0 2 7 13 6 3 17 18 2 0 2 7 16 6 2 0 2 3 5 31 3 0 2 7 1 2 7 0 2 7 0 2 7 1 2 7 16 6 2 0 2 7 0 2 7 0 2 7 1 2 7 12 16 2 1 2 7 1 2 7 1 2 7 0 2 3 1 2 7 0 60.0557534694671631
12 16 2 1 2 7 1 2 3 0 2 7 12 16 2 5 31 3 1 2 7 1 2 3 0 2 7 0 2 3 0 2 7 13 6 3 1 2 7 1 2 7 1 2 7 1 2 7 13 6 3 1 2 7 0 2 7 1 2 7 0 2 7 0 2 7 12 16 2 1 2 7 17 9 2 0 2 7 0 2 4 0 2 7 0 2 7 0 2 7 17 9 2 1 2 7 17 18 2 17 9 2 0 2 7 12 16 2 5 31 3 0 2 7 13 6 3 17 18 2 0 2 7 16 6 2 0 2 7 5 31 3 0 2 7 1 2 7 0 2 7 0 2 7 1 2 4 16 6 2 1 2 7 0 2 7 0 2 7 1 2 7 12 16 2 1 2 7 1 2 7 0 2 7 0 2 7 0 2 7 0 60.0557534694671631
12 16 2 1 2 7 1 2 7 0 2 7 12 16 2 5 31 3 1 2 7 1 2 7 0 2 7 0 2 3 0 2 7 13 6 3 1 2 7 1 2 7 1 2 7 1 2 7 13 6 3 1 2 7 0 2 7 1 2 7 0 2 7 0 2 7 12 16 2 0 2 7 17 9 2 0 2 7 0 2 4 0 2 4 0 2 7 0 2 7 17 9 2 1 2 7 17 18 2 1 2 3 17 9 2 0 2 7 12 16 2 5 31 3 0 2 7 13 6 3 17 18 2 0 2 7 16 6 2 0 2 7 5 31 3 0 2 7 1 2 7 1 2 3 0 2 7 0 2 7 1 2 7 16 6 2 1 2 7 0 2 7 0 2 7 1 2 7 0 2 7 12 16 2 1 2 7 0 2 7 0 60.0557534694671631
12 16 2 1 2 7 1 2 7 0 2 7 12 16 2 5 31 3 1 2 7 1 2 7 0 2 7 0 2 3 0 2 7 13 6 3 1 2 7 1 2 7 1 2 7 1 2 7 13 6 3 1 2 7 0 2 7 1 2 7 0 2 7 0 2 7 12 16 2 0 2 7 17 9 2 0 2 7 0 2 4 0 2 4 0 2 7 0 2 7 17 9 2 1 2 7 17 18 2 1 2 3 17 9 2 0 2 7 12 16 2 5 31 3 0 2 7 13 6 3 17 18 2 0 2 7 16 6 2 0 2 7 5 31 3 0 2 7 1 2 7 1 2 3 0 2 7 0 2 7 1 2 7 16 6 2 1 2 7 0 2 7 0 2 7 1 2 7 0 2 7 12 16 2 1 2 7 0 2 7 0 60.0557534694671631
12 16 2 1 2 7 1 2 7 0 2 7 12 16 2 5 31 3 1 2 7 1 2 7 0 2 7 0 2 3 0 2 7 13 6 3 1 2 7 1 2 7 1 2 7 1 2 7 13 6 3 1 2 7 0 2 7 1 2 7 0 2 7 0 2 7 12 16 2 0 2 7 17 9 2 0 2 7 0 2 4 0 2 4 0 2 7 0 2 7 17 9 2 1 2 7 17 18 2 1 2 3 17 9 2 0 2 7 12 16 2 5 31 3 0 2 7 13 6 3 17 18 2 0 2 7 16 6 2 0 2 7 5 31 3 0 2 7 1 2 7 1 2 3 0 2 7 0 2 7 1 2 7 16 6 2 1 2 7 0 2 7 0 2 7 1 2 7 0 2 7 12 16 2 1 2 7 0 2 7 0 60.0557534694671631
12 16 2 1 2 7 1 2 7 0 2 7 12 16 2 5 31 3 1 2 7 1 2 7 0 2 7 0 2 7 13 6 3 1 2 7 1 2 7 1 2 7 1 2 7 13 6 3 1 2 7 0 2 7 1 2 7 0 2 7 0 2 7 12 16 2 0 2 7 17 9 2 0 2 7 0 2 7 17 9 2 1 2 7 17 18 2 0 2 4 12 16 2 5 31 3 0 2 7 13 6 3 17 18 2 0 2 7 1 2 7 0 2 7 1 2 7 0 2 7 0 2 7 1 2 7 1 2 7 0 2 7 1 2 7 0 2 4 12 16 2 0 2 7 0 2 7 17 9 2 16 6 2 16 6 2 0 2 7 1 2 7 0 2 3 0 2 4 5 30 3 5 31 3 0 2 7 0 2 7 0 60.0969483852386475
12 16 2 0 2 7 1 2 7 0 2 7 12 16 2 5 31 3 1 2 7 1 2 7 0 2 7 0 2 7 13 6 3 1 2 7 1 2 7 1 2 7 1 2 7 13 6 3 1 2 7 0 2 7 1 2 7 0 2 7 0 2 7 12 16 2 0 2 7 17 9 2 0 2 7 0 2 7 17 9 2 1 2 7 17 18 2 0 2 4 12 16 2 5 31 3 0 2 7 13 6 3 17 18 2 0 2 7 1 2 7 0 2 7 1 2 7 0 2 7 0 2 7 1 2 7 1 2 7 0 2 7 1 2 7 0 2 7 12 16 2 0 2 7 0 2 7 17 9 2 16 6 2 16 6 2 1 2 4 0 2 3 17 18 2 1 2 3 1 2 7 0 2 7 1 2 7 1 2 7 0.0156375186602182373 59.4211744070053101
12 16 2 1 2 7 0 2 7 0 2 7 12 16 2 5 31 3 1 2 7 1 2 7 0 2 7 0 2 7 1 2 7 13 6 3 0 2 7 1 2 7 0 2 7 13 6 3 0 2 7 0 2 7 0 2 7 0 2 7 1 2 7 12 16 2 1 2 7 17 18 2 0 2 7 0 2 7 0 2 7 0 2 7 17 9 2 0 2 7 17 18 2 1 2 7 17 9 2 0 2 7 12 16 2 5 31 3 0 2 7 13 6 3 17 18 2 1 2 7 0 2 7 0 2 7 0 2 7 1 2 4 1 2 7 1 2 7 1 2 7 1 2 7 0 2 7 0 2 7 12 16 2 1 2 7 1 2 7 1 2 11 0 2 3 16 30 2 1 2 3 16 31 2 0 2 7 0 2 7 0.00678065866848283436 59.8139564990997314
12 16 2 1 2 7 0 2 7 0 2 7 1 2 7 5 31 3 1 2 7 0 2 7 0 2 7 13 6 3 0 2 7 1 2 7 1 2 7 1 2 4 13 6 3 1 2 7 0 2 7 0 2 7 0 2 7 12 16 2 0 2 7 17 9 2 0 2 7 0 2 7 0 2 7 0 2 4 0 2 7 17 9 2 1 2 7 17 18 2 0 2 4 17 9 2 1 2 7 12 16 2 5 31 3 0 2 7 13 6 3 17 18 2 0 2 7 17 9 2 0 2 7 5 31 3 0 2 7 1 2 7 1 2 7 0 2 7 0 2 7 1 2 7 16 6 2 1 2 7 1 2 7 0 2 7 0 2 7 12 16 2 1 2 7 1 2 7 0 2 7 1 2 7 1 2 7 1 2 7 0 59.7211945056915283
12 16 2 1 2 7 1 2 7 0 2 7 12 16 2 5 31 3 1 2 7 1 2 7 0 2 7 0 2 7 13 6 3 0 2 7 1 2 7 1 2 7 1 2 7 13 6 3 1 2 7 0 2 7 1 2 7 0 2 7 12 16 2 0 2 7 17 9 2 0 2 7 0 2 7 0 2 7 17 9 2 1 2 7 17 18 2 17 9 2 0 2 7 12 16 2 5 31 3 13 6 3 17 18 2 0 2 7 16 6 2 0 2 7 5 31 3 0 2 7 1 2 7 0 2 7 0 2 7 1 2 7 1 2 7 0 2 7 1 2 7 0 2 7 1 2 7 0 2 7 0 2 7 5 30 3 1 2 7 1 2 7 0 2 4 6 2 7 0 2 4 17 9 2 0 2 4 0 2 4 0 59.938682496547699
12 16 2 0 2 7 1 2 7 0 2 7 12 16 2 5 31 3 1 2 4 1 2 7 0 2 7 0 2 7 13 6 3 0 2 7 1 2 7 1 2 7 1 2 7 13 6 3 0 2 7 0 2 7 1 2 7 1 2 4 12 16 2 1 2 7 17 9 2 0 2 7 0 2 7 0 2 7 17 9 2 1 2 7 17 18 2 17 9 2 0 2 4 12 16 2 5 30 3 13 6 3 17 18 2 0 2 7 16 6 2 6 2 7 5 31 3 0 2 7 1 2 7 0 2 7 1 2 4 0 2 7 0 2 7 0 2 7 1 2 7 1 2 7 0 2 7 0 2 7 1 2 7 0 2 7 0 2 7 17 9 2 1 2 7 0 2 7 1 2 7 5 31 3 0 2 7 0 2 7 0 59.938682496547699
12 16 2 1 2 7 1 2 7 0 2 7 12 16 2 5 31 3 1 2 7 1 2 7 0 2 7 0 2 7 13 6 3 0 2 7 1 2 7 1 2 7 1 2 7 13 6 3 1 2 7 0 2 7 1 2 7 0 2 7 12 16 2 0 2 7 17 9 2 0 2 7 0 2 7 0 2 7 17 9 2 1 2 7 17 18 2 17 9 2 0 2 7 12 16 2 5 31 3 13 6 3 17 18 2 6 2 7 16 6 2 0 2 7 5 31 3 0 2 4 1 2 7 0 2 7 0 2 7 1 2 7 1 2 7 0 2 7 1 2 7 0 2 7 0 2 7 0 2 7 5 30 3 0 2 7 0 2 7 17 9 2 0 2 7 1 2 7 0 2 7 1 2 4 1 2 4 0 2 4 0 59.938682496547699
12 16 2 1 2 7 1 2 7 0 2 7 5 31 3 1 2 7 1 2 7 0 2 7 0 2 7 0 2 7 13 6 3 1 2 7 1 2 7 1 2 7 1 2 7 13 6 3 1 2 7 0 2 7 0 2 7 0 2 7 1 2 7 12 16 2 0 2 7 17 9 2 0 2 7 0 2 7 0 2 7 0 2 7 0 2 7 17 9 2 0 2 7 17 18 2 1 2 7 17 9 2 0 2 7 12 16 2 5 31 3 5 31 3 13 6 3 17 18 2 0 2 7 16 6 2 0 2 7 5 30 3 0 2 7 1 2 7 1 2 7 0 2 7 1 2 7 16 6 2 1 2 7 0 2 7 1 2 7 12 16 2 0 2 7 0 2 7 0 2 7 0 2 7 0 2 7 1 2 3 0 60.0091503858566284
12 16 2 1 2 7 1 2 7 0 2 7 5 31 3 1 2 7 1 2 7 0 2 7 0 2 7 0 2 7 13 6 3 1 2 7 1 2 7 1 2 7 1 2 7 13 6 3 1 2 7 0 2 7 0 2 7 0 2 7 1 2 7 12 16 2 0 2 7 17 9 2 0 2 7 0 2 7 0 2 7 0 2 7 0 2 7 17 9 2 0 2 7 17 18 2 1 2 7 17 9 2 0 2 7 12 16 2 5 31 3 5 31 3 13 6 3 17 18 2 0 2 7 16 6 2 0 2 7 5 30 3 0 2 7 1 2 7 1 2 7 0 2 7 1 2 7 16 6 2 1 2 7 0 2 7 1 2 7 12 16 2 0 2 7 0 2 7 0 2 7 0 2 7 0 2 3 1 2 7 0 60.0091503858566284
12 16 2 1 2 7 1 2 7 0 2 7 12 16 2 5 31 3 1 2 7 1 2 7 0 2 7 0 2 7 13 6 3 0 2 7 1 2 7 1 2 7 1 2 7 13 6 3 1 2 7 0 2 7 1 2 7 0 2 7 12 16 2 0 2 7 17 9 2 0 2 7 0 2 7 0 2 7 17 9 2 1 2 7 17 18 2 17 9 2 0 2 7 12 16 2 5 31 3 13 6 3 17 18 2 0 2 7 16 6 2 0 2 7 5 31 3 0 2 7 1 2 7 0 2 7 0 2 7 1 2 7 1 2 7 0 2 7 1 2 7 0 2 7 1 2 7 0 2 7 0 2 7 5 30 3 1 2 7 1 2 7 0 2 4 6 2 7 0 2 7 0 2 7 0 2 4 0 2 4 6.19417216898035213e-05 60.0612354874610901
12 16 2 1 2 7 1 2 7 0 2 7 12 16 2 5 31 3 1 2 7 1 2 7 0 2 7 0 2 7 13 6 3 0 2 7 1 2 7 1 2 7 1 2 7 13 6 3 1 2 7 0 2 7 1 2 7 0 2 7 12 16 2 0 2 7 17 9 2 0 2 7 0 2 7 0 2 7 17 9 2 1 2 7 17 18 2 17 9 2 0 2 7 12 16 2 5 31 3 13 6 3 17 18 2 0 2 7 16 6 2 0 2 7 5 31 3 0 2 7 1 2 7 0 2 7 0 2 7 1 2 7 1 2 7 0 2 7 1 2 7 0 2 7 1 2 7 0 2 7 0 2 7 5 30 3 1 2 7 1 2 7 16 6 2 0 2 3 0 2 4 17 9 2 0 2 7 0 2 7 0.0101794506939761036 59.8865973949432373
12 16 2 1 2 7 0 2 7 0 2 7 5 30 3 5 31 3 1 2 7 1 2 4 0 2 7 0 2 7 13 6 3 0 2 4 1 2 7 1 2 7 6 2 7 13 6 3 1 2 7 0 2 7 0 2 7 1 2 4 0 2 7 12 16 2 0 2 7 17 9 2 0 2 7 0 2 7 0 2 7 0 2 7 0 2 7 17 9 2 1 2 7 17 18 2 1 2 7 17 9 2 1 2 7 12 16 2 5 31 3 0 2 7 13 6 3 17 18 2 0 2 7 17 9 2 0 2 7 5 31 3 0 2 7 1 2 7 1 2 7 0 2 7 0 2 7 1 2 7 16 6 2 1 2 7 1 2 7 0 2 7 1 2 7 0 2 7 12 16 2 0 2 7 0 2 7 1 2 4 0 59.938682496547699
12 16 2 1 2 7 0 2 7 0 2 7 5 30 3 5 31 3 1 2 7 1 2 4 0 2 7 0 2 7 13 6 3 0 2 4 1 2 7 1 2 7 6 2 7 13 6 3 1 2 7 0 2 7 0 2 7 1 2 4 0 2 7 12 16 2 0 2 7 17 9 2 0 2 7 0 2 7 0 2 7 0 2 7 0 2 7 17 9 2 1 2 7 17 18 2 1 2 7 17 9 2 1 2 7 12 16 2 5 31 3 0 2 7 13 6 3 17 18 2 0 2 7 17 9 2 0 2 7 5 31 3 0 2 7 1 2 7 1 2 7 0 2 7 0 2 7 1 2 7 16 6 2 1 2 7 1 2 7 0 2 7 1 2 7 0 2 7 12 16 2 0 2 7 0 2 7 1 2 4 0 59.938682496547699
12 16 2 1 2 7 1 2 7 0 2 7 12 16 2 5 31 3 1 2 7 1 2 7 0 2 7 0 2 7 13 6 3 0 2 7 1 2 7 1 2 7 1 2 7 13 6 3 1 2 7 0 2 7 1 2 7 0 2 7 12 16 2 0 2 7 17 9 2 0 2 7 0 2 7 0 2 7 17 9 2 1 2 7 17 18 2 17 9 2 0 2 7 12 16 2 5 31 3 13 6 3 17 18 2 0 2 7 16 6 2 0 2 7 5 31 3 0 2 7 1 2 7 0 2 7 0 2 7 1 2 7 1 2 7 1 2 7 1 2 7 0 2 7 0 2 7 0 2 7 0 2 4 17 9 2 1 2 7 1 2 7 1 2 7 0 2 7 0 2 7 0 2 4 0 2 4 1 2 7 0 59.7211945056915283
12 16 2 1 2 7 1 2 7 0 2 7 12 16 2 5 31 3 1 2 7 1 2 7 0 2 7 0 2 7 13 6 3 0 2 7 1 2 7 1 2 4 1 2 7 13 6 3 1 2 7 0 2 7 1 2 7 0 2 7 12 16 2 0 2 7 17 9 2 0 2 7 0 2 7 0 2 7 17 9 2 1 2 7 17 18 2 17 9 2 0 2 7 12 16 2 5 31 3 13 6 3 17 18 2 0 2 7 16 6 2 0 2 7 5 31 3 0 2 7 1 2 7 0 2 7 0 2 7 1 2 7 1 2 7 1 2 7 1 2 7 0 2 7 0 2 7 0 2 7 17 9 2 1 2 7 1 2 7 0 2 7 0 2 7 0 2 7 0 2 4 1 2 7 0 2 4 1 2 7 0 59.7211945056915283
12 16 2 1 2 7 1 2 7 0 2 7 12 16 2 5 31 3 1 2 7 1 2 7 0 2 7 0 2 7 13 6 3 0 2 7 1 2 7 1 2 7 1 2 7 13 6 3 1 2 7 0 2 7 1 2 7 0 2 7 12 16 2 0 2 7 17 9 2 0 2 4 0 2 7 0 2 7 17 9 2 1 2 7 17 18 2 17 9 2 0 2 7 12 16 2 5 31 3 13 6 3 17 18 2 0 2 7 16 6 2 0 2 7 5 31 3 0 2 7 1 2 7 0 2 7 0 2 7 1 2 7 1 2 7 1 2 7 1 2 7 0 2 7 0 2 7 0 2 7 17 9 2 1 2 7 1 2 7 0 2 7 0 2 4 0 2 7 1 2 4 1 2 7 0 2 7 0 2 7 0 59.7211945056915283
12 16 2 1 2 7 1 2 7 0 2 7 12 16 2 5 31 3 1 2 7 1 2 7 0 2 7 0 2 7 13 6 3 0 2 7 1 2 7 1 2 7 1 2 7 13 6 3 1 2 7 0 2 7 1 2 7 0 2 7 12 16 2 0 2 7 17 9 2 0 2 4 0 2 7 0 2 7 17 9 2 1 2 7 17 18 2 17 9 2 0 2 7 12 16 2 5 31 3 13 6 3 17 18 2 0 2 7 16 6 2 0 2 7 5 31 3 0 2 7 1 2 7 0 2 7 0 2 7 1 2 7 1 2 7 1 2 7 1 2 7 0 2 7 0 2 7 0 2 7 17 9 2 1 2 7 1 2 7 0 2 7 0 2 4 0 2 7 1 2 4 1 2 7 0 2 7 0 2 7 0 59.7211945056915283
12 16 2 1 2 7 1 2 7 0 2 7 12 16 2 5 31 3 1 2 7 1 2 7 0 2 7 0 2 7 13 6 3 0 2 7 1 2 7 1 2 7 1 2 7 13 6 3 1 2 7 0 2 7 1 2 7 0 2 7 12 16 2 0 2 7 17 9 2 0 2 7 0 2 7 0 2 7 17 9 2 1 2 7 17 18 2 17 9 2 0 2 7 12 16 2 5 31 3 13 6 3 17 18 2 0 2 7 16 6 2 0 2 7 5 31 3 0 2 7 1 2 7 0 2 7 0 2 7 1 2 7 1 2 7 1 2 7 1 2 7 0 2 7 0 2 7 0 2 7 0 2 4 17 9 2 1 2 7 1 2 7 1 2 7 0 2 7 0 2 7 0 2 4 0 2 7 1 2 4 0 59.7211945056915283
12 16 2 1 2 7 1 2 7 0 2 7 12 16 2 5 31 3 1 2 7 1 2 7 0 2 7 0 2 7 13 6 3 0 2 7 1 2 7 1 2 7 1 2 7 13 6 3 1 2 7 0 2 7 1 2 7 0 2 7 12 16 2 0 2 7 17 9 2 0 2 7 0 2 7 0 2 7 17 9 2 1 2 7 17 18 2 17 9 2 0 2 7 12 16 2 5 31 3 13 6 3 17 18 2 0 2 7 16 6 2 0 2 7 5 31 3 0 2 7 1 2 7 0 2 7 0 2 7 1 2 7 1 2 7 1 2 7 1 2 7 0 2 7 0 2 7 0 2 7 0 2 4 17 9 2 1 2 7 1 2 7 1 2 7 0 2 7 0 2 7 0 2 4 0 2 7 1 2 4 0 59.7211945056915283
12 16 2 1 2 7 1 2 7 0 2 7 12 16 2 5 31 3 1 2 7 1 2 7 0 2 7 0 2 7 13 6 3 0 2 7 1 2 7 1 2 7 1 2 7 13 6 3 1 2 7 0 2 7 1 2 7 0 2 7 12 16 2 0 2 7 17 9 2 0 2 7 0 2 7 0 2 7 17 9 2 1 2 7 17 18 2 17 9 2 0 2 7 12 16 2 5 31 3 13 6 3 17 18 2 0 2 7 16 6 2 0 2 7 5 31 3 0 2 7 1 2 7 0 2 7 0 2 7 1 2 7 1 2 7 1 2 7 1 2 7 0 2 7 0 2 7 0 2 7 0 2 4 17 9 2 1 2 7 1 2 7 1 2 7 0 2 7 0 2 7 0 2 4 0 2 7 1 2 4 0 59.7211945056915283
12 16 2 1 2 7 1 2 7 0 2 7 12 16 2 5 31 3 1 2 7 1 2 7 0 2 7 0 2 7 13 6 3 0 2 7 1 2 7 1 2 7 1 2 7 13 6 3 1 2 7 0 2 7 1 2 7 0 2 7 12 16 2 0 2 7 17 9 2 0 2 7 0 2 7 0 2 7 17 9 2 1 2 7 17 18 2 17 9 2 0 2 7 12 16 2 5 31 3 13 6 3 17 18 2 0 2 7 16 6 2 0 2 7 5 31 3 0 2 7 1 2 7 0 2 7 0 2 7 1 2 7 1 2 7 1 2 7 1 2 7 0 2 7 0 2 7 0 2 7 0 2 4 17 9 2 1 2 7 1 2 7 1 2 7 0 2 7 0 2 7 0 2 4 0 2 7 1 2 4 0 59.7211945056915283
12 16 2 1 2 7 1 2 7 0 2 7 12 16 2 5 31 3 1 2 7 1 2 7 0 2 7 0 2 7 13 6 3 0 2 7 1 2 7 1 2 7 1 2 7 13 6 3 1 2 7 0 2 7 1 2 7 0 2 7 12 16 2 0 2 7 17 9 2 0 2 4 0 2 7 0 2 7 17 9 2 1 2 7 17 18 2 17 9 2 0 2 7 12 16 2 5 31 3 13 6 3 17 18 2 0 2 7 16 6 2 0 2 7 5 31 3 0 2 7 1 2 7 0 2 7 0 2 7 1 2 7 1 2 7 1 2 7 1 2 7 0 2 7 0 2 7 0 2 7 17 9 2 1 2 7 1 2 7 0 2 7 0 2 4 0 2 7 1 2 4 1 2 7 0 2 7 0 2 7 0 59.7211945056915283
12 16 2 1 2 7 1 2 7 0 2 7 12 16 2 5 31 3 1 2 7 1 2 7 0 2 7 0 2 7 13 6 3 0 2 7 1 2 7 1 2 7 1 2 7 13 6 3 1 2 7 0 2 7 1 2 7 0 2 7 12 16 2 0 2 7 17 9 2 0 2 4 0 2 7 0 2 7 17 9 2 1 2 7 17 18 2 17 9 2 0 2 7 12 16 2 5 31 3 13 6 3 17 18 2 0 2 7 16 6 2 0 2 7 5 31 3 0 2 7 1 2 7 0 2 7 0 2 7 1 2 7 1 2 7 1 2 7 1 2 7 0 2 7 0 2 7 0 2 7 17 9 2 1 2 7 1 2 7 0 2 7 0 2 4 0 2 7 1 2 4 1 2 7 0 2 7 0 2 7 0 59.7211945056915283
12 16 2 1 2 7 1 2 7 0 2 7 12 16 2 5 31 3 1 2 7 1 2 7 0 2 7 0 2 7 13 6 3 0 2 7 1 2 7 1 2 7 1 2 7 13 6 3 1 2 7 0 2 7 1 2 7 0 2 7 12 16 2 0 2 7 17 9 2 0 2 7 0 2 7 0 2 7 17 9 2 1 2 7 17 18 2 17 9 2 0 2 7 12 16 2 5 31 3 13 6 3 17 18 2 0 2 7 16 6 2 0 2 7 5 31 3 0 2 7 1 2 7 0 2 7 0 2 7 0 2 7 1 2 7 1 2 7 1 2 7 0 2 7 0 2 7 0 2 7 0 2 4 17 9 2 1 2 7 1 2 7 1 2 4 0 2 7 0 2 7 0 2 4 1 2 7 1 2 7 0 59.7211945056915283
12 16 2 1 2 7 1 2 7 0 2 7 12 16 2 5 31 3 1 2 7 1 2 7 0 2 7 0 2 7 13 6 3 0 2 7 1 2 7 1 2 7 1 2 7 13 6 3 1 2 7 0 2 7 1 2 7 0 2 7 12 16 2 0 2 7 17 9 2 0 2 7 0 2 7 0 2 7 17 9 2 1 2 7 17 18 2 17 9 2 0 2 7 12 16 2 5 31 3 13 6 3 17 18 2 0 2 7 16 6 2 0 2 7 5 31 3 0 2 7 1 2 7 0 2 7 0 2 7 0 2 7 1 2 7 1 2 7 1 2 7 0 2 7 0 2 7 0 2 7 0 2 4 17 9 2 1 2 7 1 2 7 1 2 4 0 2 7 0 2 7 0 2 4 1 2 7 1 2 7 0 59.7211945056915283
12 16 2 1 2 7 1 2 7 0 2 7 12 16 2 5 31 3 1 2 7 1 2 7 0 2 7 0 2 7 13 6 3 0 2 7 1 2 7 1 2 7 1 2 7 13 6 3 1 2 7 0 2 7 1 2 7 0 2 7 12 16 2 0 2 7 17 9 2 0 2 7 0 2 7 0 2 7 17 9 2 1 2 7 17 18 2 17 9 2 0 2 7 12 16 2 5 31 3 13 6 3 17 18 2 0 2 7 16 6 2 0 2 7 5 31 3 0 2 7 1 2 7 0 2 7 0 2 7 0 2 7 1 2 7 1 2 7 1 2 7 0 2 7 0 2 7 0 2 7 0 2 4 17 9 2 1 2 7 1 2 7 1 2 4 0 2 7 0 2 7 0 2 4 1 2 7 1 2 7 0 59.7211945056915283
12 16 2 1 2 7 1 2 7 0 2 7 12 16 2 5 31 3 1 2 7 1 2 7 0 2 7 0 2 7 13 6 3 0 2 7 1 2 7 1 2 7 1 2 7 13 6 3 1 2 7 0 2 7 1 2 7 0 2 7 12 16 2 0 2 7 17 9 2 0 2 7 0 2 7 0 2 7 17 9 2 1 2 7 17 18 2 17 9 2 0 2 7 12 16 2 5 31 3 13 6 3 17 18 2 0 2 7 16 6 2 0 2 7 5 31 3 0 2 7 1 2 7 0 2 7 0 2 7 0 2 7 1 2 7 1 2 7 1 2 7 0 2 7 0 2 7 0 2 7 0 2 4 17 9 2 1 2 7 1 2 7 1 2 4 0 2 7 0 2 7 0 2 4 1 2 7 1 2 7 0 59.7211945056915283
12 16 2 1 2 7 1 2 7 0 2 7 12 16 2 5 31 3 1 2 7 1 2 7 0 2 7 0 2 7 13 6 3 0 2 7 1 2 7 1 2 7 1 2 7 13 6 3 1 2 7 0 2 7 1 2 7 0 2 7 12 16 2 0 2 7 17 9 2 0 2 7 0 2 7 0 2 7 17 9 2 1 2 7 17 18 2 17 9 2 0 2 7 12 16 2 5 31 3 13 6 3 17 18 2 0 2 7 16 6 2 0 2 7 5 31 3 0 2 7 1 2 7 0 2 7 0 2 7 0 2 7 1 2 7 1 2 7 1 2 7 0 2 7 0 2 7 0 2 7 0 2 4 17 9 2 1 2 7 1 2 7 1 2 4 0 2 7 0 2 7 0 2 4 1 2 7 1 2 7 0 59.7211945056915283
12 16 2 1 2 7 1 2 7 0 2 7 12 16 2 5 31 3 1 2 7 1 2 7 0 2 7 0 2 7 13 6 3 0 2 7 1 2 7 1 2 7 1 2 7 13 6 3 1 2 7 0 2 7 1 2 7 0 2 7 12 16 2 0 2 7 17 9 2 0 2 7 0 2 7 0 2 7 17 9 2 1 2 7 17 18 2 17 9 2 0 2 7 12 16 2 5 31 3 13 6 3 17 18 2 0 2 7 16 6 2 0 2 7 5 31 3 0 2 7 1 2 7 0 2 7 0 2 7 0 2 7 1 2 7 1 2 7 1 2 7 0 2 7 0 2 7 0 2 7 0 2 4 17 9 2 1 2 7 1 2 7 1 2 4 0 2 7 0 2 7 0 2 4 1 2 7 1 2 7 0 59.7211945056915283
12 16 2 1 2 7 1 2 7 0 2 7 12 16 2 5 31 3 1 2 7 1 2 7 0 2 7 0 2 7 13 6 3 0 2 7 1 2 7 1 2 7 1 2 7 13 6 3 1 2 7 0 2 7 1 2 7 0 2 7 12 16 2 0 2 7 17 9 2 0 2 7 0 2 7 0 2 7 17 9 2 1 2 7 17 18 2 17 9 2 0 2 7 12 16 2 5 31 3 13 6 3 17 18 2 0 2 7 16 6 2 0 2 7 5 31 3 0 2 7 1 2 7 0 2 7 0 2 7 0 2 7 1 2 7 1 2 7 1 2 7 0 2 7 0 2 7 0 2 7 0 2 4 17 9 2 1 2 7 1 2 7 1 2 4 0 2 7 0 2 7 0 2 4 1 2 7 1 2 7 0 59.7211945056915283
12 16 2 1 2 7 1 2 7 0 2 7 12 16 2 5 31 3 1 2 7 1 2 7 0 2 7 0 2 7 13 6 3 0 2 7 1 2 7 1 2 7 1 2 7 13 6 3 1 2 7 0 2 7 1 2 7 0 2 7 12 16 2 0 2 7 17 9 2 0 2 7 0 2 7 0 2 7 17 9 2 1 2 7 17 18 2 17 9 2 0 2 7 12 16 2 5 31 3 13 6 3 17 18 2 0 2 7 16 6 2 0 2 7 5 31 3 0 2 7 1 2 7 0 2 7 0 2 7 0 2 7 1 2 7 1 2 7 1 2 7 0 2 7 0 2 7 0 2 7 0 2 4 17 9 2 1 2 7 1 2 7 1 2 4 0 2 7 0 2 7 0 2 4 1 2 7 1 2 7 0 59.7211945056915283
12 16 2 1 2 7 1 2 7 0 2 7 12 16 2 5 31 3 1 2 7 1 2 7 0 2 7 0 2 7 13 6 3 0 2 7 1 2 7 1 2 7 1 2 7 13 6 3 1 2 7 0 2 7 1 2 7 0 2 7 12 16 2 0 2 7 17 9 2 0 2 7 0 2 7 0 2 7 17 9 2 1 2 7 17 18 2 17 9 2 0 2 7 12 16 2 5 31 3 13 6 3 17 18 2 0 2 7 16 6 2 0 2 7 5 31 3 0 2 7 1 2 7 0 2 7 0 2 7 0 2 7 1 2 7 1 2 7 1 2 7 0 2 7 0 2 7 0 2 7 0 2 4 17 9 2 1 2 7 1 2 7 1 2 4 0 2 7 0 2 7 0 2 4 1 2 7 1 2 7 0 59.7211945056915283
12 16 2 1 2 7 1 2 7 0 2 7 12 16 2 5 31 3 1 2 7 1 2 7 0 2 7 0 2 7 13 6 3 0 2 7 1 2 7 1 2 7 1 2 7 13 6 3 1 2 7 0 2 7 1 2 7 0 2 7 12 16 2 0 2 7 17 9 2 0 2 7 0 2 7 0 2 7 17 9 2 1 2 7 17 18 2 17 9 2 0 2 7 12 16 2 5 31 3 13 6 3 17 18 2 0 2 7 16 6 2 0 2 7 5 31 3 0 2 7 1 2 7 0 2 7 0 2 7 0 2 7 1 2 7 1 2 7 1 2 7 0 2 7 0 2 7 0 2 7 0 2 4 17 9 2 1 2 7 1 2 7 1 2 4 0 2 7 0 2 7 0 2 4 1 2 7 1 2 7 0 59.7211945056915283
12 16 2 1 2 7 1 2 7 0 2 7 12 16 2 5 31 3 1 2 7 1 2 7 0 2 7 0 2 7 13 6 3 0 2 7 1 2 7 1 2 7 1 2 7 13 6 3 1 2 7 0 2 7 1 2 7 0 2 7 12 16 2 0 2 7 17 9 2 0 2 7 0 2 7 0 2 7 17 9 2 1 2 7 17 18 2 17 9 2 0 2 7 12 16 2 5 31 3 13 6 3 17 18 2 0 2 7 16 6 2 0 2 7 5 31 3 0 2 7 1 2 7 0 2 7 0 2 7 0 2 7 1 2 7 1 2 7 1 2 7 0 2 7 0 2 7 0 2 7 0 2 4 17 9 2 1 2 7 1 2 7 1 2 4 0 2 7 0 2 7 0 2 4 1 2 7 1 2 7 0 59.7211945056915283
12 16 2 1 2 7 1 2 7 0 2 7 12 16 2 5 31 3 1 2 7 1 2 7 0 2 7 0 2 7 13 6 3 0 2 7 1 2 7 1 2 7 1 2 7 13 6 3 1 2 7 0 2 7 1 2 7 0 2 7 12 16 2 0 2 7 17 9 2 0 2 7 0 2 7 0 2 7 17 9 2 1 2 7 17 18 2 17 9 2 0 2 7 12 16 2 5 31 3 13 6 3 17 18 2 0 2 7 16 6 2 0 2 7 5 31 3 0 2 7 1 2 7 0 2 7 0 2 7 0 2 7 1 2 7 1 2 7 1 2 7 0 2 7 0 2 7 0 2 7 0 2 4 17 9 2 1 2 7 1 2 7 1 2 4 0 2 7 0 2 7 0 2 4 1 2 7 1 2 7 0 59.7211945056915283
12 16 2 1 2 7 1 2 7 0 2 7 12 16 2 5 31 3 1 2 7 1 2 7 0 2 7 0 2 7 13 6 3 0 2 7 1 2 7 1 2 7 1 2 7 13 6 3 1 2 7 0 2 7 1 2 7 0 2 7 12 16 2 0 2 7 17 9 2 0 2 7 0 2 7 0 2 7 17 9 2 1 2 7 17 18 2 17 9 2 0 2 7 12 16 2 5 31 3 13 6 3 17 18 2 0 2 7 16 6 2 0 2 7 5 31 3 0 2 7 1 2 7 0 2 7 0 2 7 0 2 7 1 2 7 1 2 7 1 2 7 0 2 7 0 2 7 0 2 7 0 2 4 17 9 2 1 2 7 1 2 7 1 2 4 0 2 7 0 2 7 0 2 4 1 2 7 1 2 7 0 59.7211945056915283
12 16 2 1 2 7 1 2 7 0 2 7 12 16 2 5 31 3 1 2 7 1 2 7 0 2 7 0 2 7 13 6 3 0 2 7 1 2 7 1 2 7 1 2 7 13 6 3 1 2 7 0 2 7 1 2 7 0 2 7 12 16 2 0 2 7 17 9 2 0 2 7 0 2 7 0 2 7 17 9 2 1 2 7 17 18 2 17 9 2 0 2 7 12 16 2 5 31 3 13 6 3 17 18 2 0 2 7 16 6 2 0 2 7 5 31 3 0 2 7 1 2 7 0 2 7 0 2 7 0 2 7 1 2 7 1 2 7 1 2 7 0 2 7 0 2 7 0 2 7 0 2 4 17 9 2 1 2 7 1 2 7 1 2 4 0 2 7 0 2 7 0 2 4 1 2 7 1 2 7 0 59.7211945056915283
12 16 2 1 2 7 1 2 7 0 2 7 12 16 2 5 31 3 1 2 7 1 2 7 0 2 7 0 2 7 13 6 3 0 2 7 1 2 7 1 2 7 1 2 7 13 6 3 1 2 7 0 2 7 1 2 7 0 2 7 12 16 2 0 2 7 17 9 2 0 2 7 0 2 7 0 2 7 17 9 2 1 2 7 17 18 2 17 9 2 0 2 7 12 16 2 5 31 3 13 6 3 17 18 2 0 2 7 16 6 2 0 2 7 5 31 3 0 2 7 1 2 7 0 2 7 0 2 7 0 2 7 1 2 7 1 2 7 1 2 7 0 2 7 0 2 7 0 2 7 0 2 4 17 9 2 1 2 7 1 2 7 1 2 4 0 2 7 0 2 7 0 2 4 1 2 7 1 2 7 0 59.7211945056915283
12 16 2 1 2 7 1 2 7 0 2 7 12 16 2 5 31 3 1 2 7 1 2 7 0 2 7 0 2 7 13 6 3 0 2 7 1 2 7 1 2 7 1 2 7 13 6 3 1 2 7 0 2 7 1 2 7 0 2 7 12 16 2 0 2 7 17 9 2 0 2 7 0 2 7 0 2 7 17 9 2 1 2 7 17 18 2 17 9 2 0 2 7 12 16 2 5 31 3 13 6 3 17 18 2 0 2 7 16 6 2 0 2 7 5 31 3 0 2 7 1 2 7 0 2 7 0 2 7 0 2 7 1 2 7 1 2 7 1 2 7 0 2 7 0 2 7 0 2 7 0 2 4 17 9 2 1 2 7 1 2 7 1 2 4 0 2 7 0 2 7 0 2 4 1 2 7 1 2 7 0 59.7211945056915283
12 16 2 1 2 7 1 2 7 0 2 7 12 16 2 5 31 3 1 2 7 1 2 7 0 2 7 0 2 7 13 6 3 0 2 7 1 2 7 1 2 7 1 2 7 13 6 3 1 2 7 0 2 7 1 2 7 0 2 7 12 16 2 0 2 7 17 9 2 0 2 7 0 2 7 0 2 7 17 9 2 1 2 7 17 18 2 17 9 2 0 2 7 12 16 2 5 31 3 13 6 3 17 18 2 0 2 7 16 6 2 0 2 7 5 31 3 0 2 7 1 2 7 0 2 7 0 2 7 0 2 7 1 2 7 1 2 7 1 2 7 0 2 7 0 2 7 0 2 7 0 2 4 17 9 2 1 2 7 1 2 7 1 2 4 0 2 7 0 2 7 0 2 4 1 2 7 1 2 7 0 59.7211945056915283
12 16 2 1 2 7 1 2 7 0 2 7 12 16 2 5 31 3 1 2 7 1 2 7 0 2 7 0 2 7 13 6 3 0 2 7 1 2 7 1 2 7 1 2 7 13 6 3 1 2 7 0 2 7 1 2 7 0 2 7 12 16 2 0 2 7 17 9 2 0 2 7 0 2 7 0 2 7 17 9 2 1 2 7 17 18 2 17 9 2 0 2 7 12 16 2 5 31 3 13 6 3 17 18 2 0 2 7 16 6 2 0 2 7 5 31 3 0 2 7 1 2 7 0 2 7 0 2 7 0 2 7 1 2 7 1 2 7 1 2 7 0 2 7 0 2 7 0 2 7 0 2 4 17 9 2 1 2 7 1 2 7 1 2 4 0 2 7 0 2 7 0 2 4 1 2 7 1 2 7 0 59.7211945056915283
12 16 2 1 2 7 1 2 7 0 2 7 12 16 2 5 31 3 1 2 7 1 2 7 0 2 7 0 2 7 13 6 3 0 2 7 1 2 7 1 2 7 1 2 7 13 6 3 1 2 7 0 2 7 1 2 7 0 2 7 12 16 2 0 2 7 17 9 2 0 2 7 0 2 7 0 2 7 17 9 2 1 2 7 17 18 2 17 9 2 0 2 7 12 16 2 5 31 3 13 6 3 17 18 2 0 2 7 16 6 2 0 2 7 5 31 3 0 2 7 1 2 7 0 2 7 0 2 7 0 2 7 1 2 7 1 2 7 1 2 7 0 2 7 0 2 7 0 2 7 0 2 4 17 9 2 1 2 7 1 2 7 1 2 4 0 2 7 0 2 7 0 2 4 1 2 7 1 2 7 0 59.7211945056915283
12 16 2 1 2 7 1 2 7 0 2 7 12 16 2 5 31 3 1 2 7 1 2 7 0 2 7 0 2 7 13 6 3 0 2 7 1 2 7 1 2 7 1 2 7 13 6 3 1 2 7 0 2 7 1 2 7 0 2 7 12 16 2 0 2 7 17 9 2 0 2 7 0 2 7 0 2 7 17 9 2 1 2 7 17 18 2 17 9 2 0 2 7 12 16 2 5 31 3 13 6 3 17 18 2 0 2 7 16 6 2 0 2 7 5 31 3 0 2 7 1 2 7 0 2 7 0 2 7 0 2 7 1 2 7 1 2 7 1 2 7 0 2 7 0 2 7 0 2 7 0 2 4 17 9 2 1 2 7 1 2 7 1 2 4 0 2 7 0 2 7 0 2 4 1 2 7 1 2 7 0 59.7211945056915283
12 16 2 1 2 7 1 2 7 0 2 7 12 16 2 5 31 3 1 2 7 1 2 7 0 2 7 0 2 7 13 6 3 0 2 7 1 2 7 1 2 7 1 2 7 13 6 3 1 2 7 0 2 7 1 2 7 0 2 7 12 16 2 0 2 7 17 9 2 0 2 7 0 2 7 0 2 7 17 9 2 1 2 7 17 18 2 17 9 2 0 2 7 12 16 2 5 31 3 13 6 3 17 18 2 0 2 7 16 6 2 0 2 7 5 31 3 0 2 7 1 2 7 0 2 7 0 2 7 0 2 7 1 2 7 1 2 7 1 2 7 0 2 7 0 2 7 0 2 7 0 2 4 17 9 2 1 2 7 1 2 7 1 2 4 0 2 7 0 2 7 0 2 4 1 2 7 1 2 7 0 59.7211945056915283
12 16 2 1 2 7 1 2 7 0 2 7 12 16 2 5 31 3 1 2 7 1 2 7 0 2 7 0 2 7 13 6 3 0 2 7 1 2 7 1 2 7 1 2 7 13 6 3 1 2 7 0 2 7 1 2 7 0 2 7 12 16 2 0 2 7 17 9 2 0 2 7 0 2 7 0 2 7 17 9 2 1 2 7 17 18 2 17 9 2 0 2 7 12 16 2 5 31 3 13 6 3 17 18 2 0 2 7 16 6 2 0 2 7 5 31 3 0 2 7 1 2 7 0 2 7 0 2 7 0 2 7 1 2 7 1 2 7 1 2 7 0 2 7 0 2 7 0 2 7 0 2 4 17 9 2 1 2 7 1 2 7 1 2 4 0 2 7 0 2 7 0 2 4 1 2 7 1 2 7 0 59.7211945056915283
12 16 2 1 2 7 1 2 7 0 2 7 12 16 2 5 31 3 1 2 7 1 2 7 0 2 7 0 2 7 13 6 3 0 2 7 1 2 7 1 2 7 1 2 7 13 6 3 1 2 7 0 2 7 1 2 7 0 2 7 12 16 2 0 2 7 17 9 2 0 2 7 0 2 7 0 2 7 17 9 2 1 2 7 17 18 2 17 9 2 0 2 7 12 16 2 5 31 3 13 6 3 17 18 2 0 2 7 16 6 2 0 2 7 5 31 3 0 2 7 1 2 7 0 2 7 0 2 7 0 2 7 1 2 7 1 2 7 1 2 7 0 2 7 0 2 7 0 2 7 0 2 4 17 9 2 1 2 7 1 2 7 1 2 4 0 2 7 0 2 7 0 2 4 1 2 7 1 2 7 0 59.7211945056915283
12 16 2 1 2 7 1 2 7 0 2 7 12 16 2 5 31 3 1 2 7 1 2 7 0 2 7 0 2 7 13 6 3 0 2 7 1 2 7 1 2 7 1 2 7 13 6 3 1 2 7 0 2 7 1 2 7 0 2 7 12 16 2 0 2 7 17 9 2 0 2 7 0 2 7 0 2 7 17 9 2 1 2 7 17 18 2 17 9 2 0 2 7 12 16 2 5 31 3 13 6 3 17 18 2 0 2 7 16 6 2 0 2 7 5 31 3 0 2 7 1 2 7 0 2 7 0 2 7 0 2 7 1 2 7 1 2 7 1 2 7 0 2 7 0 2 7 0 2 7 0 2 4 17 9 2 1 2 7 1 2 7 1 2 4 0 2 7 0 2 7 0 2 4 1 2 7 1 2 7 0 59.7211945056915283
12 16 2 1 2 7 1 2 7 0 2 7 12 16 2 5 31 3 1 2 7 1 2 7 0 2 7 0 2 7 13 6 3 0 2 7 1 2 7 1 2 7 1 2 7 13 6 3 1 2 7 0 2 7 1 2 7 0 2 7 12 16 2 0 2 7 17 9 2 0 2 7 0 2 7 0 2 7 17 9 2 1 2 7 17 18 2 17 9 2 0 2 7 12 16 2 5 31 3 13 6 3 17 18 2 0 2 7 16 6 2 0 2 7 5 31 3 0 2 7 1 2 7 0 2 7 0 2 7 0 2 7 1 2 7 1 2 7 1 2 7 0 2 7 0 2 7 0 2 7 0 2 4 17 9 2 1 2 7 1 2 7 1 2 4 0 2 7 0 2 7 0 2 4 1 2 7 1 2 7 0 59.7211945056915283
12 16 2 1 2 7 1 2 7 0 2 7 12 16 2 5 31 3 1 2 7 1 2 7 0 2 7 0 2 7 13 6 3 0 2 7 1 2 7 1 2 7 1 2 7 13 6 3 1 2 7 0 2 7 1 2 7 0 2 7 12 16 2 0 2 7 17 9 2 0 2 7 0 2 7 0 2 7 17 9 2 1 2 7 17 18 2 17 9 2 0 2 7 12 16 2 5 31 3 13 6 3 17 18 2 0 2 7 16 6 2 0 2 7 5 31 3 0 2 7 1 2 7 0 2 7 0 2 7 0 2 7 1 2 7 1 2 7 1 2 7 0 2 7 0 2 7 0 2 7 0 2 4 17 9 2 1 2 7 1 2 7 1 2 4 0 2 7 0 2 7 0 2 4 1 2 7 1 2 7 0 59.7211945056915283
12 16 2 1 2 7 1 2 7 0 2 7 12 16 2 5 31 3 1 2 7 1 2 7 0 2 7 0 2 7 13 6 3 0 2 7 1 2 7 1 2 7 1 2 7 13 6 3 1 2 7 0 2 7 1 2 7 0 2 7 12 16 2 0 2 7 17 9 2 0 2 7 0 2 7 0 2 7 17 9 2 1 2 7 17 18 2 17 9 2 0 2 7 12 16 2 5 31 3 13 6 3 17 18 2 0 2 7 16 6 2 0 2 7 5 31 3 0 2 7 1 2 7 0 2 7 0 2 7 0 2 7 1 2 7 1 2 7 1 2 7 0 2 7 0 2 7 0 2 7 0 2 4 17 9 2 1 2 7 1 2 7 1 2 4 0 2 7 0 2 7 0 2 4 1 2 7 1 2 7 0 59.7211945056915283
12 16 2 1 2 7 1 2 7 0 2 7 12 16 2 5 31 3 1 2 7 1 2 7 0 2 7 0 2 7 13 6 3 0 2 7 1 2 7 1 2 7 1 2 7 13 6 3 1 2 7 0 2 7 1 2 7 0 2 7 12 16 2 0 2 7 17 9 2 0 2 7 0 2 7 0 2 7 17 9 2 1 2 7 17 18 2 17 9 2 0 2 7 12 16 2 5 31 3 13 6 3 17 18 2 0 2 7 16 6 2 0 2 7 5 31 3 0 2 7 1 2 7 0 2 7 0 2 7 0 2 7 1 2 7 1 2 7 1 2 7 0 2 7 0 2 7 0 2 7 0 2 4 17 9 2 1 2 7 1 2 7 1 2 4 0 2 7 0 2 7 0 2 4 1 2 7 1 2 7 0 59.7211945056915283
12 16 2 1 2 7 1 2 7 0 2 7 12 16 2 5 31 3 1 2 7 1 2 7 0 2 7 0 2 7 13 6 3 0 2 7 1 2 7 1 2 7 1 2 7 13 6 3 1 2 7 0 2 7 1 2 7 0 2 7 12 16 2 0 2 7 17 9 2 0 2 7 0 2 7 0 2 7 17 9 2 1 2 7 17 18 2 17 9 2 0 2 7 12 16 2 5 31 3 13 6 3 17 18 2 0 2 7 16 6 2 0 2 7 5 31 3 0 2 7 1 2 7 0 2 7 0 2 7 0 2 7 1 2 7 1 2 7 1 2 7 0 2 7 0 2 7 0 2 7 0 2 4 17 9 2 1 2 7 1 2 7 1 2 4 0 2 7 0 2 7 0 2 4 1 2 7 1 2 7 0 59.7211945056915283
12 16 2 1 2 7 1 2 7 0 2 7 12 16 2 5 31 3 1 2 7 1 2 7 0 2 7 0 2 7 13 6 3 0 2 7 1 2 7 1 2 7 1 2 7 13 6 3 1 2 7 0 2 7 1 2 7 0 2 7 12 16 2 0 2 7 17 9 2 0 2 7 0 2 7 0 2 7 17 9 2 1 2 7 17 18 2 17 9 2 0 2 7 12 16 2 5 31 3 13 6 3 17 18 2 0 2 7 16 6 2 0 2 7 5 31 3 0 2 7 1 2 7 0 2 7 0 2 7 0 2 7 1 2 7 1 2 7 1 2 7 0 2 7 0 2 7 0 2 7 0 2 4 17 9 2 1 2 7 1 2 7 1 2 4 0 2 7 0 2 7 0 2 4 1 2 7 1 2 7 0 59.7211945056915283
12 16 2 1 2 7 1 2 7 0 2 7 12 16 2 5 31 3 1 2 7 1 2 7 0 2 7 0 2 7 13 6 3 0 2 7 1 2 7 1 2 7 1 2 7 13 6 3 1 2 7 0 2 7 1 2 7 0 2 7 12 16 2 0 2 7 17 9 2 0 2 7 0 2 7 0 2 7 17 9 2 1 2 7 17 18 2 17 9 2 0 2 7 12 16 2 5 31 3 13 6 3 17 18 2 0 2 7 16 6 2 0 2 7 5 31 3 0 2 7 1 2 7 0 2 7 0 2 7 0 2 7 1 2 7 1 2 7 1 2 7 0 2 7 0 2 7 0 2 7 0 2 4 17 9 2 1 2 7 1 2 7 1 2 4 0 2 7 0 2 7 0 2 4 1 2 7 1 2 7 0 59.7211945056915283
12 16 2 1 2 7 1 2 7 0 2 7 12 16 2 5 31 3 1 2 7 1 2 7 0 2 7 0 2 7 13 6 3 0 2 7 1 2 7 1 2 7 1 2 7 13 6 3 1 2 7 0 2 7 1 2 7 0 2 7 12 16 2 0 2 7 17 9 2 0 2 7 0 2 7 0 2 7 17 9 2 1 2 7 17 18 2 17 9 2 0 2 7 12 16 2 5 31 3 13 6 3 17 18 2 0 2 7 16 6 2 0 2 7 5 31 3 0 2 7 1 2 7 0 2 7 0 2 7 0 2 7 1 2 7 1 2 7 1 2 7 0 2 7 0 2 7 0 2 7 0 2 4 17 9 2 1 2 7 1 2 7 1 2 4 0 2 7 0 2 7 0 2 4 1 2 7 1 2 7 0 59.7211945056915283
12 16 2 1 2 7 1 2 7 0 2 7 12 16 2 5 31 3 1 2 7 1 2 7 0 2 7 0 2 7 13 6 3 0 2 7 1 2 7 1 2 7 1 2 7 13 6 3 1 2 7 0 2 7 1 2 7 0 2 7 12 16 2 0 2 7 17 9 2 0 2 7 0 2 7 0 2 7 17 9 2 1 2 7 17 18 2 17 9 2 0 2 7 12 16 2 5 31 3 13 6 3 17 18 2 0 2 7 16 6 2 0 2 7 5 31 3 0 2 7 1 2 7 0 2 7 0 2 7 0 2 7 1 2 7 1 2 7 1 2 7 0 2 7 0 2 7 0 2 7 0 2 4 17 9 2 1 2 7 1 2 7 1 2 4 0 2 7 0 2 7 0 2 4 1 2 7 1 2 7 0 59.7211945056915283
12 16 2 1 2 7 1 2 7 0 2 7 12 16 2 5 31 3 1 2 7 1 2 7 0 2 7 0 2 7 13 6 3 0 2 7 1 2 7 1 2 7 1 2 7 13 6 3 1 2 7 0 2 7 1 2 7 0 2 7 12 16 2 0 2 7 17 9 2 0 2 7 0 2 7 0 2 7 17 9 2 1 2 7 17 18 2 17 9 2 0 2 7 12 16 2 5 31 3 13 6 3 17 18 2 0 2 7 16 6 2 0 2 7 5 31 3 0 2 7 1 2 7 0 2 7 0 2 7 0 2 7 1 2 7 1 2 7 1 2 7 0 2 7 0 2 7 0 2 7 0 2 4 17 9 2 1 2 7 1 2 7 1 2 4 0 2 7 0 2 7 0 2 4 1 2 7 1 2 7 0 59.7211945056915283
12 16 2 1 2 7 1 2 7 0 2 7 12 16 2 5 31 3 1 2 7 1 2 7 0 2 7 0 2 7 13 6 3 0 2 7 1 2 7 1 2 7 1 2 7 13 6 3 1 2 7 0 2 7 1 2 7 0 2 7 12 16 2 0 2 7 17 9 2 0 2 7 0 2 7 0 2 7 17 9 2 1 2 7 17 18 2 17 9 2 0 2 7 12 16 2 5 31 3 13 6 3 17 18 2 0 2 7 16 6 2 0 2 7 5 31 3 0 2 7 1 2 7 0 2 7 0 2 7 0 2 7 1 2 7 1 2 7 1 2 7 0 2 7 0 2 7 0 2 7 0 2 4 17 9 2 1 2 7 1 2 7 1 2 4 0 2 7 0 2 7 0 2 4 1 2 7 1 2 7 0 59.7211945056915283
12 16 2 1 2 7 1 2 7 0 2 7 12 16 2 5 31 3 1 2 7 1 2 7 0 2 7 0 2 7 13 6 3 0 2 7 1 2 7 1 2 7 1 2 7 13 6 3 1 2 7 0 2 7 1 2 7 0 2 7 12 16 2 0 2 7 17 9 2 0 2 7 0 2 7 0 2 7 17 9 2 1 2 7 17 18 2 17 9 2 0 2 7 12 16 2 5 31 3 13 6 3 17 18 2 0 2 7 16 6 2 0 2 7 5 31 3 0 2 7 1 2 7 0 2 7 0 2 7 0 2 7 1 2 7 1 2 7 1 2 7 0 2 7 0 2 7 0 2 7 0 2 4 17 9 2 1 2 7 1 2 7 1 2 4 0 2 7 0 2 7 0 2 4 1 2 7 1 2 7 0 59.7211945056915283
12 16 2 1 2 7 1 2 7 0 2 7 12 16 2 5 31 3 1 2 7 1 2 7 0 2 7 0 2 7 13 6 3 0 2 7 1 2 7 1 2 7 1 2 7 13 6 3 1 2 7 0 2 7 1 2 7 0 2 7 12 16 2 0 2 7 17 9 2 0 2 7 0 2 7 0 2 7 17 9 2 1 2 7 17 18 2 17 9 2 0 2 7 12 16 2 5 31 3 13 6 3 17 18 2 0 2 7 16 6 2 0 2 7 5 31 3 0 2 7 1 2 7 0 2 7 0 2 7 0 2 7 1 2 7 1 2 7 1 2 7 0 2 7 0 2 7 0 2 7 0 2 4 17 9 2 1 2 7 1 2 7 1 2 4 0 2 7 0 2 7 0 2 4 1 2 7 1 2 7 0 59.7211945056915283
12 16 2 1 2 7 1 2 7 0 2 7 12 16 2 5 31 3 1 2 7 1 2 7 0 2 7 0 2 7 13 6 3 0 2 7 1 2 7 1 2 7 1 2 7 13 6 3 1 2 7 0 2 7 1 2 7 0 2 7 12 16 2 0 2 7 17 9 2 0 2 7 0 2 7 0 2 7 17 9 2 1 2 7 17 18 2 17 9 2 0 2 7 12 16 2 5 31 3 13 6 3 17 18 2 0 2 7 16 6 2 0 2 7 5 31 3 0 2 7 1 2 7 0 2 7 0 2 7 0 2 7 1 2 7 1 2 7 1 2 7 0 2 7 0 2 7 0 2 7 0 2 4 17 9 2 1 2 7 1 2 7 1 2 4 0 2 7 0 2 7 0 2 4 1 2 7 1 2 7 0 59.7211945056915283
12 16 2 1 2 7 1 2 7 0 2 7 12 16 2 5 31 3 1 2 7 1 2 7 0 2 7 0 2 7 13 6 3 0 2 7 1 2 7 1 2 7 1 2 7 13 6 3 1 2 7 0 2 7 1 2 7 0 2 7 12 16 2 0 2 7 17 9 2 0 2 7 0 2 7 0 2 7 17 9 2 1 2 7 17 18 2 17 9 2 0 2 7 12 16 2 5 31 3 13 6 3 17 18 2 0 2 7 16 6 2 0 2 7 5 31 3 0 2 7 1 2 7 0 2 7 0 2 7 0 2 7 1 2 7 1 2 7 1 2 7 0 2 7 0 2 7 0 2 7 0 2 4 17 9 2 1 2 7 1 2 7 1 2 4 0 2 7 0 2 7 0 2 4 1 2 7 1 2 7 0 59.7211945056915283
12 16 2 1 2 7 1 2 7 0 2 7 12 16 2 5 31 3 1 2 7 1 2 7 0 2 7 0 2 7 13 6 3 0 2 7 1 2 7 1 2 7 1 2 7 13 6 3 1 2 7 0 2 7 1 2 7 0 2 7 12 16 2 0 2 7 17 9 2 0 2 7 0 2 7 0 2 7 17 9 2 1 2 7 17 18 2 17 9 2 0 2 7 12 16 2 5 31 3 13 6 3 17 18 2 0 2 7 16 6 2 0 2 7 5 31 3 0 2 7 1 2 7 0 2 7 0 2 7 0 2 7 1 2 7 1 2 7 1 2 7 0 2 7 0 2 7 0 2 7 0 2 4 17 9 2 1 2 7 1 2 7 1 2 4 0 2 7 0 2 7 0 2 4 1 2 7 1 2 7 0 59.7211945056915283
12 16 2 1 2 7 1 2 7 0 2 7 12 16 2 5 31 3 1 2 7 1 2 7 0 2 7 0 2 7 13 6 3 0 2 7 1 2 7 1 2 7 1 2 7 13 6 3 1 2 7 0 2 7 1 2 7 0 2 7 12 16 2 0 2 7 17 9 2 0 2 7 0 2 7 0 2 7 17 9 2 1 2 7 17 18 2 17 9 2 0 2 7 12 16 2 5 31 3 13 6 3 17 18 2 0 2 7 16 6 2 0 2 7 5 31 3 0 2 7 1 2 7 0 2 7 0 2 7 0 2 7 1 2 7 1 2 7 1 2 7 0 2 7 0 2 7 0 2 7 0 2 4 17 9 2 1 2 7 1 2 7 1 2 4 0 2 7 0 2 7 0 2 4 1 2 7 1 2 7 0 59.7211945056915283
12 16 2 1 2 7 1 2 7 0 2 7 12 16 2 5 31 3 1 2 7 1 2 7 0 2 7 0 2 7 13 6 3 0 2 7 1 2 7 1 2 7 1 2 7 13 6 3 1 2 7 0 2 7 1 2 7 0 2 7 12 16 2 0 2 7 17 9 2 0 2 7 0 2 7 0 2 7 17 9 2 1 2 7 17 18 2 17 9 2 0 2 7 12 16 2 5 31 3 13 6 3 17 18 2 0 2 7 16 6 2 0 2 7 5 31 3 0 2 7 1 2 7 0 2 7 0 2 7 0 2 7 1 2 7 1 2 7 1 2 7 0 2 7 0 2 7 0 2 7 0 2 4 17 9 2 1 2 7 1 2 7 1 2 4 0 2 7 0 2 7 0 2 4 1 2 7 1 2 7 0 59.7211945056915283
12 16 2 1 2 7 1 2 7 0 2 7 12 16 2 5 31 3 1 2 7 1 2 7 0 2 7 0 2 7 13 6 3 0 2 7 1 2 7 1 2 7 1 2 7 13 6 3 1 2 7 0 2 7 1 2 7 0 2 7 12 16 2 0 2 7 17 9 2 0 2 7 0 2 7 0 2 7 17 9 2 1 2 7 17 18 2 17 9 2 0 2 7 12 16 2 5 31 3 13 6 3 17 18 2 0 2 7 16 6 2 0 2 7 5 31 3 0 2 7 1 2 7 0 2 7 0 2 7 0 2 7 1 2 7 1 2 7 1 2 7 0 2 7 0 2 7 0 2 7 0 2 4 17 9 2 1 2 7 1 2 7 1 2 4 0 2 7 0 2 7 0 2 4 1 2 7 1 2 7 0 59.7211945056915283
12 16 2 1 2 7 1 2 7 0 2 7 12 16 2 5 31 3 1 2 7 1 2 7 0 2 7 0 2 7 13 6 3 0 2 7 1 2 7 1 2 7 1 2 7 13 6 3 1 2 7 0 2 7 1 2 7 0 2 7 12 16 2 0 2 7 17 9 2 0 2 7 0 2 7 0 2 7 17 9 2 1 2 7 17 18 2 17 9 2 0 2 7 12 16 2 5 31 3 13 6 3 17 18 2 0 2 7 16 6 2 0 2 7 5 31 3 0 2 7 1 2 7 0 2 7 0 2 7 0 2 7 1 2 7 1 2 7 1 2 7 0 2 7 0 2 7 0 2 7 0 2 4 17 9 2 1 2 7 1 2 7 1 2 4 0 2 7 0 2 7 0 2 4 1 2 7 1 2 7 0 59.7211945056915283
12 16 2 1 2 7 1 2 7 0 2 7 12 16 2 5 31 3 1 2 7 1 2 7 0 2 7 0 2 7 13 6 3 0 2 7 1 2 7 1 2 7 1 2 7 13 6 3 1 2 7 0 2 7 1 2 7 0 2 7 12 16 2 0 2 7 17 9 2 0 2 7 0 2 7 0 2 7 17 9 2 1 2 7 17 18 2 17 9 2 0 2 7 12 16 2 5 31 3 13 6 3 17 18 2 0 2 7 16 6 2 0 2 7 5 31 3 0 2 7 1 2 7 0 2 7 0 2 7 0 2 7 1 2 7 1 2 7 1 2 7 0 2 7 0 2 7 0 2 7 0 2 4 17 9 2 1 2 7 1 2 7 1 2 4 0 2 7 0 2 7 0 2 4 1 2 7 1 2 7 0 59.7211945056915283
12 16 2 1 2 7 1 2 7 0 2 7 12 16 2 5 31 3 1 2 7 1 2 7 0 2 7 0 2 7 13 6 3 0 2 7 1 2 7 1 2 7 1 2 7 13 6 3 1 2 7 0 2 7 1 2 7 0 2 7 12 16 2 0 2 7 17 9 2 0 2 7 0 2 7 0 2 7 17 9 2 1 2 7 17 18 2 17 9 2 0 2 7 12 16 2 5 31 3 13 6 3 17 18 2 0 2 7 16 6 2 0 2 7 5 31 3 0 2 7 1 2 7 0 2 7 0 2 7 0 2 7 1 2 7 1 2 7 1 2 7 0 2 7 0 2 7 0 2 7 0 2 4 17 9 2 1 2 7 1 2 7 1 2 4 0 2 7 0 2 7 0 2 4 1 2 7 1 2 7 0 59.7211945056915283
12 16 2 1 2 7 1 2 7 0 2 7 12 16 2 5 31 3 1 2 7 1 2 7 0 2 7 0 2 7 13 6 3 0 2 7 1 2 7 1 2 7 1 2 7 13 6 3 1 2 7 0 2 7 1 2 7 0 2 7 12 16 2 0 2 7 17 9 2 0 2 7 0 2 7 0 2 7 17 9 2 1 2 7 17 18 2 17 9 2 0 2 7 12 16 2 5 31 3 13 6 3 17 18 2 0 2 7 16 6 2 0 2 7 5 31 3 0 2 7 1 2 7 0 2 7 0 2 7 0 2 7 1 2 7 1 2 7 1 2 7 0 2 7 0 2 7 0 2 7 0 2 4 17 9 2 1 2 7 1 2 7 1 2 4 0 2 7 0 2 7 0 2 4 1 2 7 1 2 7 0 59.7211945056915283
12 16 2 1 2 7 1 2 7 0 2 7 12 16 2 5 31 3 1 2 7 1 2 7 0 2 7 0 2 7 13 6 3 0 2 7 1 2 7 1 2 7 1 2 7 13 6 3 1 2 7 0 2 7 1 2 7 0 2 7 12 16 2 0 2 7 17 9 2 0 2 7 0 2 7 0 2 7 17 9 2 1 2 7 17 18 2 17 9 2 0 2 7 12 16 2 5 31 3 13 6 3 17 18 2 0 2 7 16 6 2 0 2 7 5 31 3 0 2 7 1 2 7 0 2 7 0 2 7 0 2 7 1 2 7 1 2 7 1 2 7 0 2 7 0 2 7 0 2 7 0 2 4 17 9 2 1 2 7 1 2 7 1 2 4 0 2 7 0 2 7 0 2 4 1 2 7 1 2 7 0 59.7211945056915283
12 16 2 1 2 7 1 2 7 0 2 7 12 16 2 5 31 3 1 2 7 1 2 7 0 2 7 0 2 7 13 6 3 0 2 7 1 2 7 1 2 7 1 2 7 13 6 3 1 2 7 0 2 7 1 2 7 0 2 7 12 16 2 0 2 7 17 9 2 0 2 7 0 2 7 0 2 7 17 9 2 1 2 7 17 18 2 17 9 2 0 2 7 12 16 2 5 31 3 13 6 3 17 18 2 0 2 7 16 6 2 0 2 7 5 31 3 0 2 7 1 2 7 0 2 7 0 2 7 0 2 7 1 2 7 1 2 7 1 2 7 0 2 7 0 2 7 0 2 7 0 2 4 17 9 2 1 2 7 1 2 7 1 2 4 0 2 7 0 2 7 0 2 4 1 2 7 1 2 7 0 59.7211945056915283
12 16 2 1 2 7 1 2 7 0 2 7 12 16 2 5 31 3 1 2 7 1 2 7 0 2 7 0 2 7 13 6 3 0 2 7 1 2 7 1 2 7 1 2 7 13 6 3 1 2 7 0 2 7 1 2 7 0 2 7 12 16 2 0 2 7 17 9 2 0 2 7 0 2 7 0 2 7 17 9 2 1 2 7 17 18 2 17 9 2 0 2 7 12 16 2 5 31 3 13 6 3 17 18 2 0 2 7 16 6 2 0 2 7 5 31 3 0 2 7 1 2 7 0 2 7 0 2 7 0 2 7 1 2 7 1 2 7 1 2 7 0 2 7 0 2 7 0 2 7 0 2 4 17 9 2 1 2 7 1 2 7 1 2 4 0 2 7 0 2 7 0 2 4 1 2 7 1 2 7 0 59.7211945056915283
12 16 2 1 2 7 1 2 7 0 2 7 12 16 2 5 31 3 1 2 7 1 2 7 0 2 7 0 2 7 13 6 3 0 2 7 1 2 7 1 2 7 1 2 7 13 6 3 1 2 7 0 2 7 1 2 7 0 2 7 12 16 2 0 2 7 17 9 2 0 2 7 0 2 7 0 2 7 17 9 2 1 2 7 17 18 2 17 9 2 0 2 7 12 16 2 5 31 3 13 6 3 17 18 2 0 2 7 16 6 2 0 2 7 5 31 3 0 2 7 1 2 7 0 2 7 0 2 7 0 2 7 1 2 7 1 2 7 1 2 7 0 2 7 0 2 7 0 2 7 0 2 4 17 9 2 1 2 7 1 2 7 1 2 4 0 2 7 0 2 7 0 2 4 1 2 7 1 2 7 0 59.7211945056915283
12 16 2 1 2 7 1 2 7 0 2 7 12 16 2 5 31 3 1 2 7 1 2 7 0 2 7 0 2 7 13 6 3 0 2 7 1 2 7 1 2 7 1 2 7 13 6 3 1 2 7 0 2 7 1 2 7 0 2 7 12 16 2 0 2 7 17 9 2 0 2 7 0 2 7 0 2 7 17 9 2 1 2 7 17 18 2 17 9 2 0 2 7 12 16 2 5 31 3 13 6 3 17 18 2 0 2 7 16 6 2 0 2 7 5 31 3 0 2 7 1 2 7 0 2 7 0 2 7 0 2 7 1 2 7 1 2 7 1 2 7 0 2 7 0 2 7 0 2 7 0 2 4 17 9 2 1 2 7 1 2 7 1 2 4 0 2 7 0 2 7 0 2 4 1 2 7 1 2 7 0 59.7211945056915283
12 16 2 1 2 7 1 2 7 0 2 7 12 16 2 5 31 3 1 2 7 1 2 7 0 2 7 0 2 7 13 6 3 0 2 7 1 2 7 1 2 7 1 2 7 13 6 3 1 2 7 0 2 7 1 2 7 0 2 7 12 16 2 0 2 7 17 9 2 0 2 7 0 2 7 0 2 7 17 9 2 1 2 7 17 18 2 17 9 2 0 2 7 12 16 2 5 31 3 13 6 3 17 18 2 0 2 7 16 6 2 0 2 7 5 31 3 0 2 7 1 2 7 0 2 7 0 2 7 0 2 7 1 2 7 1 2 7 1 2 7 0 2 7 0 2 7 0 2 7 0 2 4 17 9 2 1 2 7 1 2 7 1 2 4 0 2 7 0 2 7 0 2 4 1 2 7 1 2 7 0 59.7211945056915283
12 16 2 1 2 7 1 2 7 0 2 7 12 16 2 5 31 3 1 2 7 1 2 7 0 2 7 0 2 7 13 6 3 0 2 7 1 2 7 1 2 7 1 2 7 13 6 3 1 2 7 0 2 7 1 2 7 0 2 7 12 16 2 0 2 7 17 9 2 0 2 7 0 2 7 0 2 7 17 9 2 1 2 7 17 18 2 17 9 2 0 2 7 12 16 2 5 31 3 13 6 3 17 18 2 0 2 7 16 6 2 0 2 7 5 31 3 0 2 7 1 2 7 0 2 7 0 2 7 0 2 7 1 2 7 1 2 7 1 2 7 0 2 7 0 2 7 0 2 7 0 2 4 17 9 2 1 2 7 1 2 7 1 2 4 0 2 7 0 2 7 0 2 4 1 2 7 1 2 7 0 59.7211945056915283
12 16 2 1 2 7 1 2 7 0 2 7 12 16 2 5 31 3 1 2 7 1 2 7 0 2 7 0 2 7 13 6 3 0 2 7 1 2 7 1 2 7 1 2 7 13 6 3 1 2 7 0 2 7 1 2 7 0 2 7 12 16 2 0 2 7 17 9 2 0 2 7 0 2 7 0 2 7 17 9 2 1 2 7 17 18 2 17 9 2 0 2 7 12 16 2 5 31 3 13 6 3 17 18 2 0 2 7 16 6 2 0 2 7 5 31 3 0 2 7 1 2 7 0 2 7 0 2 7 0 2 7 1 2 7 1 2 7 1 2 7 0 2 7 0 2 7 0 2 7 0 2 4 17 9 2 1 2 7 1 2 7 1 2 4 0 2 7 0 2 7 0 2 4 1 2 7 1 2 7 0 59.7211945056915283
12 16 2 1 2 7 1 2 7 0 2 7 12 16 2 5 31 3 1 2 7 1 2 7 0 2 7 0 2 7 13 6 3 0 2 7 1 2 7 1 2 7 1 2 7 13 6 3 1 2 7 0 2 7 1 2 7 0 2 7 12 16 2 0 2 7 17 9 2 0 2 7 0 2 7 0 2 7 17 9 2 1 2 7 17 18 2 17 9 2 0 2 7 12 16 2 5 31 3 13 6 3 17 18 2 0 2 7 16 6 2 0 2 7 5 31 3 0 2 7 1 2 7 0 2 7 0 2 7 0 2 7 1 2 7 1 2 7 1 2 7 0 2 7 0 2 7 0 2 7 0 2 4 17 9 2 1 2 7 1 2 7 1 2 4 0 2 7 0 2 7 0 2 4 1 2 7 1 2 7 0 59.7211945056915283
12 16 2 1 2 7 1 2 7 0 2 7 12 16 2 5 31 3 1 2 7 1 2 7 0 2 7 0 2 7 13 6 3 0 2 7 1 2 7 1 2 7 1 2 7 13 6 3 1 2 7 0 2 7 1 2 7 0 2 7 12 16 2 0 2 7 17 9 2 0 2 7 0 2 7 0 2 7 17 9 2 1 2 7 17 18 2 17 9 2 0 2 7 12 16 2 5 31 3 13 6 3 17 18 2 0 2 7 16 6 2 0 2 7 5 31 3 0 2 7 1 2 7 0 2 7 0 2 7 0 2 7 1 2 7 1 2 7 1 2 7 0 2 7 0 2 7 0 2 7 0 2 4 17 9 2 1 2 7 1 2 7 1 2 4 0 2 7 0 2 7 0 2 4 1 2 7 1 2 7 0 59.7211945056915283
12 16 2 1 2 7 1 2 7 0 2 7 12 16 2 5 31 3 1 2 7 1 2 7 0 2 7 0 2 7 13 6 3 0 2 7 1 2 7 1 2 7 1 2 7 13 6 3 1 2 7 0 2 7 1 2 7 0 2 7 12 16 2 0 2 7 17 9 2 0 2 7 0 2 7 0 2 7 17 9 2 1 2 7 17 18 2 17 9 2 0 2 7 12 16 2 5 31 3 13 6 3 17 18 2 0 2 7 16 6 2 0 2 7 5 31 3 0 2 7 1 2 7 0 2 7 0 2 7 0 2 7 1 2 7 1 2 7 1 2 7 0 2 7 0 2 7 0 2 7 0 2 4 17 9 2 1 2 7 1 2 7 1 2 4 0 2 7 0 2 7 0 2 4 1 2 7 1 2 7 0 59.7211945056915283
12 16 2 1 2 7 1 2 7 0 2 7 12 16 2 5 31 3 1 2 7 1 2 7 0 2 7 0 2 7 13 6 3 0 2 7 1 2 7 1 2 7 1 2 7 13 6 3 1 2 7 0 2 7 1 2 7 0 2 7 12 16 2 0 2 7 17 9 2 0 2 7 0 2 7 0 2 7 17 9 2 1 2 7 17 18 2 17 9 2 0 2 7 12 16 2 5 31 3 13 6 3 17 18 2 0 2 7 16 6 2 0 2 7 5 31 3 0 2 7 1 2 7 0 2 7 0 2 7 0 2 7 1 2 7 1 2 7 1 2 7 0 2 7 0 2 7 0 2 7 0 2 4 17 9 2 1 2 7 1 2 7 1 2 4 0 2 7 0 2 7 0 2 4 1 2 7 1 2 7 0 59.7211945056915283
12 16 2 1 2 7 1 2 7 0 2 7 12 16 2 5 31 3 1 2 7 1 2 7 0 2 7 0 2 7 13 6 3 0 2 7 1 2 7 1 2 7 1 2 7 13 6 3 1 2 7 0 2 7 1 2 7 0 2 7 12 16 2 0 2 7 17 9 2 0 2 7 0 2 7 0 2 7 17 9 2 1 2 7 17 18 2 17 9 2 0 2 7 12 16 2 5 31 3 13 6 3 17 18 2 0 2 7 16 6 2 0 2 7 5 31 3 0 2 7 1 2 7 0 2 7 0 2 7 0 2 7 1 2 7 1 2 7 1 2 7 0 2 7 0 2 7 0 2 7 0 2 4 17 9 2 1 2 7 1 2 7 1 2 4 0 2 7 0 2 7 0 2 4 1 2 7 1 2 7 0 59.7211945056915283
12 16 2 1 2 7 1 2 7 0 2 7 12 16 2 5 31 3 1 2 7 1 2 7 0 2 7 0 2 7 13 6 3 0 2 7 1 2 7 1 2 7 1 2 7 13 6 3 1 2 7 0 2 7 1 2 7 0 2 7 12 16 2 0 2 7 17 9 2 0 2 7 0 2 7 0 2 7 17 9 2 1 2 7 17 18 2 17 9 2 0 2 7 12 16 2 5 31 3 13 6 3 17 18 2 0 2 7 16 6 2 0 2 7 5 31 3 0 2 7 1 2 7 0 2 7 0 2 7 0 2 7 1 2 7 1 2 7 1 2 7 0 2 7 0 2 7 0 2 7 0 2 4 17 9 2 1 2 7 1 2 7 1 2 4 0 2 7 0 2 7 0 2 4 1 2 7 1 2 7 0 59.7211945056915283
12 16 2 1 2 7 1 2 7 0 2 7 12 16 2 5 31 3 1 2 7 1 2 7 0 2 7 0 2 7 13 6 3 0 2 7 1 2 7 1 2 7 1 2 7 13 6 3 1 2 7 0 2 7 1 2 7 0 2 7 12 16 2 0 2 7 17 9 2 0 2 7 0 2 7 0 2 7 17 9 2 1 2 7 17 18 2 17 9 2 0 2 7 12 16 2 5 31 3 13 6 3 17 18 2 0 2 7 16 6 2 0 2 7 5 31 3 0 2 7 1 2 7 0 2 7 0 2 7 0 2 7 1 2 7 1 2 7 1 2 7 0 2 7 0 2 7 0 2 7 0 2 4 17 9 2 1 2 7 1 2 7 1 2 4 0 2 7 0 2 7 0 2 4 1 2 7 1 2 7 0 59.7211945056915283
12 16 2 1 2 7 1 2 7 0 2 7 12 16 2 5 31 3 1 2 7 1 2 7 0 2 7 0 2 7 13 6 3 0 2 7 1 2 7 1 2 7 1 2 7 13 6 3 1 2 7 0 2 7 1 2 7 0 2 7 12 16 2 0 2 7 17 9 2 0 2 7 0 2 7 0 2 7 17 9 2 1 2 7 17 18 2 17 9 2 0 2 7 12 16 2 5 31 3 13 6 3 17 18 2 0 2 7 16 6 2 0 2 7 5 31 3 0 2 7 1 2 7 0 2 7 0 2 7 0 2 7 1 2 7 1 2 7 1 2 7 0 2 7 0 2 7 0 2 7 0 2 4 17 9 2 1 2 7 1 2 7 1 2 4 0 2 7 0 2 7 0 2 4 1 2 7 1 2 7 0 59.7211945056915283
12 16 2 1 2 7 1 2 7 0 2 7 12 16 2 5 31 3 1 2 7 1 2 7 0 2 7 0 2 7 13 6 3 0 2 7 1 2 7 1 2 7 1 2 7 13 6 3 1 2 7 0 2 7 1 2 7 0 2 7 12 16 2 0 2 7 17 9 2 0 2 7 0 2 7 0 2 7 17 9 2 1 2 7 17 18 2 17 9 2 0 2 7 12 16 2 5 31 3 13 6 3 17 18 2 0 2 7 16 6 2 0 2 7 5 31 3 0 2 7 1 2 7 0 2 7 0 2 7 0 2 7 1 2 7 1 2 7 1 2 7 0 2 7 0 2 7 0 2 7 0 2 4 17 9 2 1 2 7 1 2 7 1 2 4 0 2 7 0 2 7 0 2 4 1 2 7 1 2 7 0 59.7211945056915283
12 16 2 1 2 7 1 2 7 0 2 7 12 16 2 5 31 3 1 2 7 1 2 7 0 2 7 0 2 7 13 6 3 0 2 7 1 2 7 1 2 7 1 2 7 13 6 3 1 2 7 0 2 7 1 2 7 0 2 7 12 16 2 0 2 7 17 9 2 0 2 7 0 2 7 0 2 7 17 9 2 1 2 7 17 18 2 17 9 2 0 2 7 12 16 2 5 31 3 13 6 3 17 18 2 0 2 7 16 6 2 0 2 7 5 31 3 0 2 7 1 2 7 0 2 7 0 2 7 0 2 7 1 2 7 1 2 7 1 2 7 0 2 7 0 2 7 0 2 7 0 2 4 17 9 2 1 2 7 1 2 7 1 2 4 0 2 7 0 2 7 0 2 4 1 2 7 1 2 7 0 59.7211945056915283
12 16 2 1 2 7 1 2 7 0 2 7 12 16 2 5 31 3 1 2 7 1 2 7 0 2 7 0 2 7 13 6 3 0 2 7 1 2 7 1 2 7 1 2 7 13 6 3 1 2 7 0 2 7 1 2 7 0 2 7 12 16 2 0 2 7 17 9 2 0 2 7 0 2 7 0 2 7 17 9 2 1 2 7 17 18 2 17 9 2 0 2 7 12 16 2 5 31 3 13 6 3 17 18 2 0 2 7 16 6 2 0 2 7 5 31 3 0 2 7 1 2 7 0 2 7 0 2 7 0 2 7 1 2 7 1 2 7 1 2 7 0 2 7 0 2 7 0 2 7 0 2 4 17 9 2 1 2 7 1 2 7 1 2 4 0 2 7 0 2 7 0 2 4 1 2 7 1 2 7 0 59.7211945056915283
12 16 2 1 2 7 1 2 7 0 2 7 12 16 2 5 31 3 1 2 7 1 2 7 0 2 7 0 2 7 13 6 3 0 2 7 1 2 7 1 2 7 1 2 7 13 6 3 1 2 7 0 2 7 1 2 7 0 2 7 12 16 2 0 2 7 17 9 2 0 2 7 0 2 7 0 2 7 17 9 2 1 2 7 17 18 2 17 9 2 0 2 7 12 16 2 5 31 3 13 6 3 17 18 2 0 2 7 16 6 2 0 2 7 5 31 3 0 2 7 1 2 7 0 2 7 0 2 7 0 2 7 1 2 7 1 2 7 1 2 7 0 2 7 0 2 7 0 2 7 0 2 4 17 9 2 1 2 7 1 2 7 1 2 4 0 2 7 0 2 7 0 2 4 1 2 7 1 2 7 0 59.7211945056915283
12 16 2 1 2 7 1 2 7 0 2 7 12 16 2 5 31 3 1 2 7 1 2 7 0 2 7 0 2 7 13 6 3 0 2 7 1 2 7 1 2 7 1 2 7 13 6 3 1 2 7 0 2 7 1 2 7 0 2 7 12 16 2 0 2 7 17 9 2 0 2 7 0 2 7 0 2 7 17 9 2 1 2 7 17 18 2 17 9 2 0 2 7 12 16 2 5 31 3 13 6 3 17 18 2 0 2 7 16 6 2 0 2 7 5 31 3 0 2 7 1 2 7 0 2 7 0 2 7 0 2 7 1 2 7 1 2 7 1 2 7 0 2 7 0 2 7 0 2 7 0 2 4 17 9 2 1 2 7 1 2 7 1 2 4 0 2 7 0 2 7 0 2 4 1 2 7 1 2 7 0 59.7211945056915283
12 16 2 1 2 7 1 2 7 0 2 7 12 16 2 5 31 3 1 2 7 1 2 7 0 2 7 0 2 7 13 6 3 0 2 7 1 2 7 1 2 7 1 2 7 13 6 3 1 2 7 0 2 7 1 2 7 0 2 7 12 16 2 0 2 7 17 9 2 0 2 7 0 2 7 0 2 7 17 9 2 1 2 7 17 18 2 17 9 2 0 2 7 12 16 2 5 31 3 13 6 3 17 18 2 0 2 7 16 6 2 0 2 7 5 31 3 0 2 7 1 2 7 0 2 7 0 2 7 0 2 7 1 2 7 1 2 7 1 2 7 0 2 7 0 2 7 0 2 7 0 2 4 17 9 2 1 2 7 1 2 7 1 2 4 0 2 7 0 2 7 0 2 4 1 2 7 1 2 7 0 59.7211945056915283
12 16 2 1 2 7 1 2 7 0 2 7 12 16 2 5 31 3 1 2 7 1 2 7 0 2 7 0 2 7 13 6 3 0 2 7 1 2 7 1 2 7 1 2 7 13 6 3 1 2 7 0 2 7 1 2 7 0 2 7 12 16 2 0 2 7 17 9 2 0 2 7 0 2 7 0 2 7 17 9 2 1 2 7 17 18 2 17 9 2 0 2 7 12 16 2 5 31 3 13 6 3 17 18 2 0 2 7 16 6 2 0 2 7 5 31 3 0 2 7 1 2 7 0 2 7 0 2 7 0 2 7 1 2 7 1 2 7 1 2 7 0 2 7 0 2 7 0 2 7 0 2 4 17 9 2 1 2 7 1 2 7 1 2 4 0 2 7 0 2 7 0 2 4 1 2 7 1 2 7 0 59.7211945056915283
12 16 2 1 2 7 1 2 7 0 2 7 12 16 2 5 31 3 1 2 7 1 2 7 0 2 7 0 2 7 13 6 3 0 2 7 1 2 7 1 2 7 1 2 7 13 6 3 1 2 7 0 2 7 1 2 7 0 2 7 12 16 2 0 2 7 17 9 2 0 2 7 0 2 7 0 2 7 17 9 2 1 2 7 17 18 2 17 9 2 0 2 7 12 16 2 5 31 3 13 6 3 17 18 2 0 2 7 16 6 2 0 2 7 5 31 3 0 2 7 1 2 7 0 2 7 0 2 7 0 2 7 1 2 7 1 2 7 1 2 7 0 2 7 0 2 7 0 2 7 0 2 4 17 9 2 1 2 7 1 2 7 1 2 4 0 2 7 0 2 7 0 2 4 1 2 7 1 2 7 0 59.7211945056915283
12 16 2 1 2 7 1 2 7 0 2 7 12 16 2 5 31 3 1 2 7 1 2 7 0 2 7 0 2 7 13 6 3 0 2 7 1 2 7 1 2 7 1 2 7 13 6 3 1 2 7 0 2 7 1 2 7 0 2 7 12 16 2 0 2 7 17 9 2 0 2 7 0 2 7 0 2 7 17 9 2 1 2 7 17 18 2 17 9 2 0 2 7 12 16 2 5 31 3 13 6 3 17 18 2 0 2 7 16 6 2 0 2 7 5 31 3 0 2 7 1 2 7 0 2 7 0 2 7 0 2 7 1 2 7 1 2 7 1 2 7 0 2 7 0 2 7 0 2 7 0 2 4 17 9 2 1 2 7 1 2 7 1 2 4 0 2 7 0 2 7 0 2 4 1 2 7 1 2 7 0 59.7211945056915283
12 16 2 1 2 7 1 2 7 0 2 7 12 16 2 5 31 3 1 2 7 1 2 7 0 2 7 0 2 7 13 6 3 0 2 7 1 2 7 1 2 7 1 2 7 13 6 3 1 2 7 0 2 7 1 2 7 0 2 7 12 16 2 0 2 7 17 9 2 0 2 7 0 2 7 0 2 7 17 9 2 1 2 7 17 18 2 17 9 2 0 2 7 12 16 2 5 31 3 13 6 3 17 18 2 0 2 7 16 6 2 0 2 7 5 31 3 0 2 7 1 2 7 0 2 7 0 2 7 0 2 7 1 2 7 1 2 7 1 2 7 0 2 7 0 2 7 0 2 7 0 2 4 17 9 2 1 2 7 1 2 7 1 2 4 0 2 7 0 2 7 0 2 4 1 2 7 1 2 7 0 59.7211945056915283
12 16 2 1 2 7 1 2 7 0 2 7 12 16 2 5 31 3 1 2 7 1 2 7 0 2 7 0 2 7 13 6 3 0 2 7 1 2 7 1 2 7 1 2 7 13 6 3 1 2 7 0 2 7 1 2 7 0 2 7 12 16 2 0 2 7 17 9 2 0 2 7 0 2 7 0 2 7 17 9 2 1 2 7 17 18 2 17 9 2 0 2 7 12 16 2 5 31 3 13 6 3 17 18 2 0 2 7 16 6 2 0 2 7 5 31 3 0 2 7 1 2 7 0 2 7 0 2 7 0 2 7 1 2 7 1 2 7 1 2 7 0 2 7 0 2 7 0 2 7 0 2 4 17 9 2 1 2 7 1 2 7 1 2 4 0 2 7 0 2 7 0 2 4 1 2 7 1 2 7 0 59.7211945056915283
12 16 2 1 2 7 1 2 7 0 2 7 12 16 2 5 31 3 1 2 7 1 2 7 0 2 7 0 2 7 13 6 3 0 2 7 1 2 7 1 2 7 1 2 7 13 6 3 1 2 7 0 2 7 1 2 7 0 2 7 12 16 2 0 2 7 17 9 2 0 2 7 0 2 7 0 2 7 17 9 2 1 2 7 17 18 2 17 9 2 0 2 7 12 16 2 5 31 3 13 6 3 17 18 2 0 2 7 16 6 2 0 2 7 5 31 3 0 2 7 1 2 7 0 2 7 0 2 7 0 2 7 1 2 7 1 2 7 1 2 7 0 2 7 0 2 7 0 2 7 0 2 4 17 9 2 1 2 7 1 2 7 1 2 4 0 2 7 0 2 7 0 2 4 1 2 7 1 2 7 0 59.7211945056915283
12 16 2 1 2 7 1 2 7 0 2 7 12 16 2 5 31 3 1 2 7 1 2 7 0 2 7 0 2 7 13 6 3 0 2 7 1 2 7 1 2 7 1 2 7 13 6 3 1 2 7 0 2 7 1 2 7 0 2 7 12 16 2 0 2 7 17 9 2 0 2 7 0 2 7 0 2 7 17 9 2 1 2 7 17 18 2 17 9 2 0 2 7 12 16 2 5 31 3 13 6 3 17 18 2 0 2 7 16 6 2 0 2 7 5 31 3 0 2 7 1 2 7 0 2 7 0 2 7 0 2 7 1 2 7 1 2 7 1 2 7 0 2 7 0 2 7 0 2 7 0 2 4 17 9 2 1 2 7 1 2 7 1 2 4 0 2 7 0 2 7 0 2 4 1 2 7 1 2 7 0 59.7211945056915283
12 16 2 1 2 7 1 2 7 0 2 7 12 16 2 5 31 3 1 2 7 1 2 7 0 2 7 0 2 7 13 6 3 0 2 7 1 2 7 1 2 7 1 2 7 13 6 3 1 2 7 0 2 7 1 2 7 0 2 7 12 16 2 0 2 7 17 9 2 0 2 7 0 2 7 0 2 7 17 9 2 1 2 7 17 18 2 17 9 2 0 2 7 12 16 2 5 31 3 13 6 3 17 18 2 0 2 7 16 6 2 0 2 7 5 31 3 0 2 7 1 2 7 0 2 7 0 2 7 0 2 7 1 2 7 1 2 7 1 2 7 0 2 7 0 2 7 0 2 7 0 2 4 17 9 2 1 2 7 1 2 7 1 2 4 0 2 7 0 2 7 0 2 4 1 2 7 1 2 7 0 59.7211945056915283
12 16 2 1 2 7 1 2 7 0 2 7 12 16 2 5 31 3 1 2 7 1 2 7 0 2 7 0 2 7 13 6 3 0 2 7 1 2 7 1 2 7 1 2 7 13 6 3 1 2 7 0 2 7 1 2 7 0 2 7 12 16 2 0 2 7 17 9 2 0 2 7 0 2 7 0 2 7 17 9 2 1 2 7 17 18 2 17 9 2 0 2 7 12 16 2 5 31 3 13 6 3 17 18 2 0 2 7 16 6 2 0 2 7 5 31 3 0 2 7 1 2 7 0 2 7 0 2 7 0 2 7 1 2 7 1 2 7 1 2 7 0 2 7 0 2 7 0 2 7 0 2 4 17 9 2 1 2 7 1 2 7 1 2 4 0 2 7 0 2 7 0 2 4 1 2 7 1 2 7 0 59.7211945056915283
12 16 2 1 2 7 1 2 7 0 2 7 12 16 2 5 31 3 1 2 7 1 2 7 0 2 7 0 2 7 13 6 3 0 2 7 1 2 7 1 2 7 1 2 7 13 6 3 1 2 7 0 2 7 1 2 7 0 2 7 12 16 2 0 2 7 17 9 2 0 2 7 0 2 7 0 2 7 17 9 2 1 2 7 17 18 2 17 9 2 0 2 7 12 16 2 5 31 3 13 6 3 17 18 2 0 2 7 16 6 2 0 2 7 5 31 3 0 2 7 1 2 7 0 2 7 0 2 7 0 2 7 1 2 7 1 2 7 1 2 7 0 2 7 0 2 7 0 2 7 0 2 4 17 9 2 1 2 7 1 2 7 1 2 4 0 2 7 0 2 7 0 2 4 1 2 7 1 2 7 0 59.7211945056915283
12 16 2 1 2 7 1 2 7 0 2 7 12 16 2 5 31 3 1 2 7 1 2 7 0 2 7 0 2 7 13 6 3 0 2 7 1 2 7 1 2 7 1 2 7 13 6 3 1 2 7 0 2 7 1 2 7 0 2 7 12 16 2 0 2 7 17 9 2 0 2 7 0 2 7 0 2 7 17 9 2 1 2 7 17 18 2 17 9 2 0 2 7 12 16 2 5 31 3 13 6 3 17 18 2 0 2 7 16 6 2 0 2 7 5 31 3 0 2 7 1 2 7 0 2 7 0 2 7 0 2 7 1 2 7 1 2 7 1 2 7 0 2 7 0 2 7 0 2 7 0 2 4 17 9 2 1 2 7 1 2 7 1 2 4 0 2 7 0 2 7 0 2 4 1 2 7 1 2 7 0 59.7211945056915283
MonoObjective Genetic Algorithm
Number of Evaluations = 0
Mutation Probability = 0
Crossover Probability = 1
Population Size = 10
Survival Selection Type = 1
Time =  18076.3574590682983
12 16 2 1 2 7 1 2 7 0 2 7 12 16 2 5 31 3 1 2 7 1 2 7 0 2 7 0 2 7 13 6 3 0 2 7 1 2 7 1 2 7 1 2 7 13 6 3 1 2 7 0 2 7 1 2 7 0 2 7 12 16 2 0 2 7 17 9 2 0 2 7 0 2 7 0 2 7 17 9 2 1 2 7 17 18 2 17 9 2 0 2 7 12 16 2 5 31 3 13 6 3 17 18 2 0 2 7 16 6 2 0 2 7 5 31 3 0 2 7 1 2 7 0 2 7 0 2 7 0 2 7 1 2 7 1 2 7 1 2 7 0 2 7 0 2 7 0 2 7 0 2 4 17 9 2 1 2 7 1 2 7 1 2 4 0 2 7 0 2 7 0 2 4 1 2 7 1 2 7 0 59.7211945056915283
12 16 2 1 2 7 1 2 7 0 2 7 12 16 2 5 31 3 1 2 7 1 2 7 0 2 7 0 2 7 13 6 3 0 2 7 1 2 7 1 2 7 1 2 7 13 6 3 1 2 7 0 2 7 1 2 7 0 2 7 12 16 2 0 2 7 17 9 2 0 2 7 0 2 7 0 2 7 17 9 2 1 2 7 17 18 2 17 9 2 0 2 7 12 16 2 5 31 3 13 6 3 17 18 2 0 2 7 16 6 2 0 2 7 5 31 3 0 2 7 1 2 7 0 2 7 0 2 7 0 2 7 1 2 7 1 2 7 1 2 7 0 2 7 0 2 7 0 2 7 0 2 4 17 9 2 1 2 7 1 2 7 1 2 4 0 2 7 0 2 7 0 2 4 1 2 7 1 2 7 0 59.7211945056915283
12 16 2 1 2 7 1 2 7 0 2 7 12 16 2 5 31 3 1 2 7 1 2 7 0 2 7 0 2 7 13 6 3 0 2 7 1 2 7 1 2 7 1 2 7 13 6 3 1 2 7 0 2 7 1 2 7 0 2 7 12 16 2 0 2 7 17 9 2 0 2 7 0 2 7 0 2 7 17 9 2 1 2 7 17 18 2 17 9 2 0 2 7 12 16 2 5 31 3 13 6 3 17 18 2 0 2 7 16 6 2 0 2 7 5 31 3 0 2 7 1 2 7 0 2 7 0 2 7 0 2 7 1 2 7 1 2 7 1 2 7 0 2 7 0 2 7 0 2 7 0 2 4 17 9 2 1 2 7 1 2 7 1 2 4 0 2 7 0 2 7 0 2 4 1 2 7 1 2 7 0 59.7211945056915283
12 16 2 1 2 7 1 2 7 0 2 7 12 16 2 5 31 3 1 2 7 1 2 7 0 2 7 0 2 7 13 6 3 0 2 7 1 2 7 1 2 7 1 2 7 13 6 3 1 2 7 0 2 7 1 2 7 0 2 7 12 16 2 0 2 7 17 9 2 0 2 7 0 2 7 0 2 7 17 9 2 1 2 7 17 18 2 17 9 2 0 2 7 12 16 2 5 31 3 13 6 3 17 18 2 0 2 7 16 6 2 0 2 7 5 31 3 0 2 7 1 2 7 0 2 7 0 2 7 0 2 7 1 2 7 1 2 7 1 2 7 0 2 7 0 2 7 0 2 7 0 2 4 17 9 2 1 2 7 1 2 7 1 2 4 0 2 7 0 2 7 0 2 4 1 2 7 1 2 7 0 59.7211945056915283
12 16 2 1 2 7 1 2 7 0 2 7 12 16 2 5 31 3 1 2 7 1 2 7 0 2 7 0 2 7 13 6 3 0 2 7 1 2 7 1 2 7 1 2 7 13 6 3 1 2 7 0 2 7 1 2 7 0 2 7 12 16 2 0 2 7 17 9 2 0 2 7 0 2 7 0 2 7 17 9 2 1 2 7 17 18 2 17 9 2 0 2 7 12 16 2 5 31 3 13 6 3 17 18 2 0 2 7 16 6 2 0 2 7 5 31 3 0 2 7 1 2 7 0 2 7 0 2 7 0 2 7 1 2 7 1 2 7 1 2 7 0 2 7 0 2 7 0 2 7 0 2 4 17 9 2 1 2 7 1 2 7 1 2 4 0 2 7 0 2 7 0 2 4 1 2 7 1 2 7 0 59.7211945056915283
12 16 2 1 2 7 1 2 7 0 2 7 12 16 2 5 31 3 1 2 7 1 2 7 0 2 7 0 2 7 13 6 3 0 2 7 1 2 7 1 2 7 1 2 7 13 6 3 1 2 7 0 2 7 1 2 7 0 2 7 12 16 2 0 2 7 17 9 2 0 2 7 0 2 7 0 2 7 17 9 2 1 2 7 17 18 2 17 9 2 0 2 7 12 16 2 5 31 3 13 6 3 17 18 2 0 2 7 16 6 2 0 2 7 5 31 3 0 2 7 1 2 7 0 2 7 0 2 7 0 2 7 1 2 7 1 2 7 1 2 7 0 2 7 0 2 7 0 2 7 0 2 4 17 9 2 1 2 7 1 2 7 1 2 4 0 2 7 0 2 7 0 2 4 1 2 7 1 2 7 0 59.7211945056915283
12 16 2 1 2 7 1 2 7 0 2 7 12 16 2 5 31 3 1 2 7 1 2 7 0 2 7 0 2 7 13 6 3 0 2 7 1 2 7 1 2 7 1 2 7 13 6 3 1 2 7 0 2 7 1 2 7 0 2 7 12 16 2 0 2 7 17 9 2 0 2 7 0 2 7 0 2 7 17 9 2 1 2 7 17 18 2 17 9 2 0 2 7 12 16 2 5 31 3 13 6 3 17 18 2 0 2 7 16 6 2 0 2 7 5 31 3 0 2 7 1 2 7 0 2 7 0 2 7 0 2 7 1 2 7 1 2 7 1 2 7 0 2 7 0 2 7 0 2 7 0 2 4 17 9 2 1 2 7 1 2 7 1 2 4 0 2 7 0 2 7 0 2 4 1 2 7 1 2 7 0 59.7211945056915283
12 16 2 1 2 7 1 2 7 0 2 7 12 16 2 5 31 3 1 2 7 1 2 7 0 2 7 0 2 7 13 6 3 0 2 7 1 2 7 1 2 7 1 2 7 13 6 3 1 2 7 0 2 7 1 2 7 0 2 7 12 16 2 0 2 7 17 9 2 0 2 7 0 2 7 0 2 7 17 9 2 1 2 7 17 18 2 17 9 2 0 2 7 12 16 2 5 31 3 13 6 3 17 18 2 0 2 7 16 6 2 0 2 7 5 31 3 0 2 7 1 2 7 0 2 7 0 2 7 0 2 7 1 2 7 1 2 7 1 2 7 0 2 7 0 2 7 0 2 7 0 2 4 17 9 2 1 2 7 1 2 7 1 2 4 0 2 7 0 2 7 0 2 4 1 2 7 1 2 7 0 59.7211945056915283
12 16 2 1 2 7 1 2 7 0 2 7 12 16 2 5 31 3 1 2 7 1 2 7 0 2 7 0 2 7 13 6 3 0 2 7 1 2 7 1 2 7 1 2 7 13 6 3 1 2 7 0 2 7 1 2 7 0 2 7 12 16 2 0 2 7 17 9 2 0 2 7 0 2 7 0 2 7 17 9 2 1 2 7 17 18 2 17 9 2 0 2 7 12 16 2 5 31 3 13 6 3 17 18 2 0 2 7 16 6 2 0 2 7 5 31 3 0 2 7 1 2 7 0 2 7 0 2 7 0 2 7 1 2 7 1 2 7 1 2 7 0 2 7 0 2 7 0 2 7 0 2 4 17 9 2 1 2 7 1 2 7 1 2 4 0 2 7 0 2 7 0 2 4 1 2 7 1 2 7 0 59.7211945056915283
12 16 2 1 2 7 1 2 7 0 2 7 12 16 2 5 31 3 1 2 7 1 2 7 0 2 7 0 2 7 13 6 3 0 2 7 1 2 7 1 2 7 1 2 7 13 6 3 1 2 7 0 2 7 1 2 7 0 2 7 12 16 2 0 2 7 17 9 2 0 2 7 0 2 7 0 2 7 17 9 2 1 2 7 17 18 2 17 9 2 0 2 7 12 16 2 5 31 3 13 6 3 17 18 2 0 2 7 16 6 2 0 2 7 5 31 3 0 2 7 1 2 7 0 2 7 0 2 7 0 2 7 1 2 7 1 2 7 1 2 7 0 2 7 0 2 7 0 2 7 0 2 4 17 9 2 1 2 7 1 2 7 1 2 4 0 2 7 0 2 7 0 2 4 1 2 7 1 2 7 0 59.7211945056915283
