12 16 2 1 2 7 0 2 7 17 9 2 0 2 7 0 2 4 6 2 7 0 2 4 0 2 7 0 2 7 1 2 7 1 2 7 5 31 3 0 2 7 5 31 3 0 2 7 16 6 2 0 2 7 0 2 7 1 2 7 0 20.4595978856086731
12 16 2 1 2 7 0 2 7 17 9 2 0 2 7 0 2 7 6 2 7 0 2 7 0 2 4 0 2 7 1 2 7 1 2 7 5 31 3 1 2 7 5 31 3 0 2 7 16 6 2 0 2 7 0 2 4 0 2 7 0 20.4595978856086731
12 16 2 1 2 3 0 2 7 17 9 2 0 2 7 0 2 7 6 2 7 0 2 7 0 2 7 0 2 7 1 2 7 1 2 7 5 30 3 1 2 7 5 31 3 0 2 3 16 6 2 0 2 7 0 2 4 0 2 7 0.000193440672632902005 20.5793188214302063
12 16 2 1 2 7 0 2 7 17 9 2 0 2 7 0 2 7 1 2 4 0 2 7 0 2 7 1 2 4 0 2 7 0 2 7 5 31 3 6 2 7 5 31 3 0 2 7 16 6 2 1 2 7 0 2 7 0 2 7 0 20.4595978856086731
12 16 2 1 2 7 0 2 7 17 9 2 0 2 7 0 2 7 1 2 7 0 2 4 6 2 7 0 2 7 1 2 7 0 2 7 5 31 3 0 2 4 5 31 3 1 2 7 16 6 2 0 2 7 0 2 7 0 2 7 0 20.4595978856086731
12 16 2 1 2 7 0 2 7 17 9 2 0 2 7 0 2 7 1 2 7 0 2 4 6 2 7 0 2 7 1 2 7 1 2 7 5 31 3 0 2 4 5 31 3 1 2 7 17 9 2 0 2 7 0 2 7 0 2 7 0 20.5928369164466858
12 16 2 1 2 7 0 2 7 17 9 2 0 2 7 0 2 7 6 2 7 0 2 7 0 2 4 0 2 7 1 2 7 1 2 7 5 31 3 1 2 7 5 31 3 0 2 7 16 6 2 0 2 7 0 2 4 0 2 7 0 20.4595978856086731
12 16 2 1 2 7 0 2 7 17 9 2 0 2 7 0 2 7 6 2 7 0 2 7 0 2 4 0 2 7 1 2 7 1 2 7 5 31 3 1 2 7 5 31 3 0 2 7 16 6 2 0 2 7 0 2 4 0 2 7 0 20.4595978856086731
12 16 2 1 2 7 0 2 7 17 9 2 0 2 7 0 2 7 6 2 7 0 2 7 0 2 4 0 2 7 1 2 7 1 2 7 5 31 3 1 2 7 5 31 3 0 2 7 16 6 2 0 2 7 0 2 4 0 2 7 0 20.4595978856086731
12 16 2 1 2 7 0 2 7 17 9 2 0 2 7 0 2 7 6 2 7 0 2 7 0 2 4 0 2 7 1 2 7 1 2 7 5 31 3 1 2 7 5 31 3 0 2 7 16 6 2 0 2 7 0 2 4 0 2 7 0 20.4595978856086731
12 16 2 0 2 7 0 2 7 17 9 2 0 2 7 0 2 7 0 2 7 0 2 4 1 2 7 1 2 7 0 2 7 0 2 4 5 31 3 0 2 7 5 31 3 0 2 7 16 6 2 6 2 7 1 2 7 1 2 7 0 20.4595978856086731
12 16 2 6 2 4 0 2 7 17 9 2 1 2 7 0 2 7 0 2 7 0 2 7 1 2 7 1 2 7 0 2 7 0 2 7 5 31 3 0 2 7 5 31 3 0 2 4 16 6 2 0 2 7 1 2 7 0 2 7 0 20.4595978856086731
12 16 2 0 2 4 0 2 7 17 9 2 0 2 4 1 2 7 0 2 7 6 2 7 0 2 7 0 2 7 1 2 7 0 2 7 5 31 3 0 2 7 5 31 3 0 2 7 16 6 2 0 2 7 1 2 7 1 2 7 0 20.4595978856086731
12 16 2 0 2 7 6 2 7 17 9 2 1 2 7 0 2 7 0 2 7 0 2 7 1 2 7 1 2 7 0 2 7 1 2 7 5 31 3 0 2 4 5 31 3 0 2 7 16 6 2 0 2 7 0 2 4 0 2 7 0 20.4595978856086731
12 16 2 6 2 4 0 2 7 17 9 2 1 2 7 0 2 7 0 2 7 0 2 7 1 2 7 1 2 7 0 2 7 0 2 7 5 31 3 0 2 7 5 31 3 0 2 4 16 6 2 0 2 7 1 2 7 0 2 7 0 20.4595978856086731
12 16 2 6 2 4 0 2 7 17 9 2 1 2 7 0 2 7 0 2 7 0 2 7 1 2 7 1 2 7 0 2 7 0 2 7 5 31 3 0 2 7 5 31 3 0 2 4 16 6 2 0 2 7 1 2 7 0 2 7 0 20.4595978856086731
12 16 2 0 2 7 0 2 7 17 9 2 0 2 7 0 2 7 1 2 4 0 2 7 1 2 7 1 2 7 0 2 4 6 2 7 5 31 3 0 2 7 5 31 3 0 2 7 16 6 2 0 2 7 1 2 7 0 2 7 0 20.4595978856086731
12 16 2 0 2 4 0 2 7 17 9 2 1 2 4 0 2 7 6 2 7 1 2 7 1 2 7 1 2 7 0 2 7 0 2 7 5 31 3 0 2 7 5 31 3 0 2 7 16 6 2 0 2 7 0 2 7 0 2 7 0 20.4595978856086731
12 16 2 6 2 4 0 2 7 17 9 2 1 2 7 0 2 7 0 2 7 0 2 7 0 2 7 0 2 4 1 2 7 0 2 7 5 31 3 1 2 7 5 31 3 0 2 7 16 6 2 1 2 7 0 2 7 0 2 7 0 20.4595978856086731
12 16 2 0 2 7 0 2 7 17 9 2 1 2 7 0 2 7 6 2 7 0 2 7 1 2 7 1 2 7 0 2 4 0 2 7 5 31 3 0 2 7 5 31 3 0 2 4 16 6 2 0 2 7 1 2 7 0 2 7 0 20.4595978856086731
12 16 2 0 2 7 0 2 7 17 9 2 0 2 7 1 2 4 1 2 7 1 2 7 0 2 7 6 2 7 0 2 7 0 2 7 5 31 3 0 2 7 5 31 3 0 2 7 16 6 2 0 2 4 0 2 7 1 2 7 0 20.4595978856086731
12 16 2 0 2 7 1 2 7 17 9 2 1 2 7 0 2 7 1 2 4 0 2 7 6 2 7 0 2 7 0 2 7 0 2 4 5 31 3 0 2 7 5 31 3 0 2 7 16 6 2 0 2 7 0 2 7 1 2 7 0 20.4595978856086731
12 16 2 0 2 7 1 2 7 17 9 2 0 2 7 6 2 4 0 2 7 0 2 7 0 2 4 0 2 7 1 2 7 0 2 7 5 31 3 1 2 7 5 31 3 1 2 7 16 6 2 0 2 7 0 2 7 0 2 7 0 20.4595978856086731
12 16 2 0 2 7 1 2 7 17 9 2 0 2 7 6 2 7 0 2 4 0 2 7 0 2 7 0 2 7 0 2 7 0 2 7 5 31 3 1 2 7 5 31 3 0 2 7 16 6 2 0 2 7 1 2 7 0 2 7 0.00112756131946830035 20.5501498579978943
12 16 2 0 2 7 1 2 7 17 9 2 1 2 7 0 2 7 1 2 7 0 2 7 6 2 7 0 2 7 0 2 7 0 2 7 5 31 3 1 2 7 5 31 3 0 2 7 16 6 2 0 2 7 0 2 4 0 2 4 0 20.4595978856086731
12 16 2 0 2 7 1 2 7 17 9 2 0 2 7 6 2 7 1 2 4 0 2 7 0 2 7 0 2 7 0 2 7 0 2 4 5 31 3 1 2 7 5 31 3 0 2 7 16 6 2 0 2 7 0 2 7 1 2 7 0 20.4595978856086731
12 16 2 0 2 7 1 2 4 17 9 2 0 2 7 1 2 7 0 2 7 0 2 7 0 2 7 1 2 7 1 2 7 0 2 7 5 31 3 0 2 7 5 31 3 6 2 7 16 6 2 0 2 7 0 2 7 0 2 4 0 20.4595978856086731
12 16 2 0 2 7 0 2 7 17 9 2 0 2 7 1 2 7 0 2 4 0 2 7 0 2 7 0 2 7 1 2 7 1 2 7 5 31 3 0 2 7 5 31 3 1 2 7 16 6 2 0 2 7 0 2 4 6 2 7 0 20.4595978856086731
12 16 2 0 2 7 1 2 4 17 9 2 0 2 7 0 2 7 1 2 7 0 2 7 0 2 7 0 2 7 1 2 7 6 2 7 5 31 3 0 2 7 5 31 3 0 2 7 16 6 2 0 2 7 0 2 7 1 2 4 0 20.4595978856086731
12 16 2 0 2 4 0 2 7 17 9 2 0 2 7 1 2 7 1 2 7 0 2 7 0 2 7 0 2 7 0 2 7 0 2 7 5 31 3 0 2 7 5 31 3 1 2 7 16 6 2 0 2 7 1 2 7 6 2 4 0 20.4595978856086731
12 16 2 0 2 4 1 2 7 17 9 2 1 2 7 0 2 7 1 2 7 0 2 7 0 2 7 1 2 7 0 2 7 0 2 7 5 31 3 0 2 7 5 31 3 0 2 7 16 6 2 0 2 7 0 2 7 6 2 4 0 20.4595978856086731
12 16 2 0 2 7 0 2 7 17 9 2 0 2 4 1 2 7 1 2 7 0 2 7 0 2 7 1 2 4 0 2 7 0 2 7 5 31 3 1 2 7 5 31 3 0 2 7 16 6 2 0 2 7 0 2 7 6 2 7 0 20.4595978856086731
12 16 2 1 2 7 1 2 7 17 9 2 1 2 7 1 2 4 0 2 7 0 2 7 6 2 7 0 2 7 0 2 7 0 2 7 5 31 3 0 2 7 5 31 3 0 2 4 16 6 2 0 2 7 0 2 7 0 2 7 0 20.4595978856086731
12 16 2 0 2 7 1 2 4 17 9 2 0 2 7 0 2 7 1 2 7 1 2 7 0 2 7 0 2 7 0 2 7 0 2 7 5 31 3 1 2 7 5 31 3 0 2 7 16 6 2 0 2 4 6 2 7 0 2 7 0 20.4595978856086731
12 16 2 0 2 7 1 2 7 17 9 2 1 2 7 0 2 4 0 2 7 6 2 7 0 2 7 0 2 7 0 2 7 0 2 7 5 31 3 0 2 4 5 31 3 0 2 7 16 6 2 0 2 7 0 2 7 0 2 7 0.00587038937569970588 20.6007018685340881
12 16 2 1 2 4 1 2 7 17 9 2 1 2 7 0 2 7 1 2 7 1 2 7 0 2 7 1 2 7 0 2 7 0 2 7 5 31 3 0 2 7 5 31 3 0 2 7 16 6 2 0 2 7 6 2 7 0 2 4 0.00100297904159576544 20.3184939026832581
12 16 2 1 2 7 0 2 7 17 9 2 0 2 7 1 2 4 1 2 7 0 2 7 0 2 7 1 2 4 0 2 7 0 2 7 5 31 3 0 2 7 5 31 3 0 2 7 16 6 2 0 2 7 0 2 7 6 2 7 0 20.4595978856086731
12 16 2 0 2 7 0 2 7 17 9 2 0 2 4 0 2 7 1 2 7 1 2 7 0 2 7 1 2 7 0 2 7 1 2 7 5 31 3 6 2 4 5 31 3 0 2 7 16 6 2 0 2 7 0 2 7 0 2 7 0 20.4595978856086731
12 16 2 1 2 4 1 2 7 17 9 2 0 2 7 0 2 7 1 2 7 0 2 7 0 2 7 0 2 7 0 2 7 0 2 7 5 31 3 1 2 4 5 31 3 0 2 7 16 6 2 0 2 7 6 2 7 0 2 7 0 20.4595978856086731
12 16 2 0 2 7 1 2 7 17 9 2 1 2 7 0 2 7 6 2 7 1 2 7 0 2 7 0 2 7 0 2 7 0 2 4 5 31 3 0 2 7 5 31 3 1 2 7 16 6 2 0 2 4 0 2 7 0 2 7 0 20.4595978856086731
6 2 7 0 2 7 0 2 7 17 18 2 12 16 2 1 2 7 1 2 7 0 2 7 0 2 7 1 2 4 0 2 4 1 2 7 5 31 3 0 2 7 5 31 3 0 2 7 16 6 2 0 2 7 0 2 7 0 2 7 0 20.4595978856086731
0 2 7 0 2 7 1 2 7 17 18 2 12 16 2 1 2 7 0 2 4 0 2 7 0 2 7 1 2 7 6 2 7 1 2 7 5 31 3 0 2 7 5 31 3 0 2 7 16 6 2 0 2 7 0 2 4 0 2 7 0 20.4595978856086731
16 16 2 0 2 7 1 2 7 17 9 2 0 2 7 0 2 7 1 2 4 1 2 7 6 2 7 6 2 7 0 2 7 1 2 7 5 31 3 0 2 7 0 2 3 0 2 4 17 9 2 0 31 7 0 2 7 1 2 7 356885.201032045414 19.9571499824523926
12 6 2 0 2 7 0 2 7 12 16 2 1 2 7 0 2 7 0 2 7 1 2 7 0 2 4 1 2 7 0 2 7 0 2 7 5 31 3 0 2 7 5 31 4 0 2 7 16 6 2 5 2 3 0 2 7 0 2 7 252644.9795881717 20.9620459079742432
12 16 7 0 2 7 1 2 7 17 18 2 12 2 2 1 2 7 1 2 7 1 2 7 6 2 7 1 2 4 0 2 7 0 2 7 5 31 3 0 2 7 5 31 3 0 2 4 16 6 2 0 2 7 0 2 7 1 2 7 89351.8488529870374 20.3685439229011536
6 2 2 0 2 7 1 2 7 17 9 2 0 16 7 0 2 7 0 2 4 0 2 7 0 2 7 1 2 7 0 2 7 0 2 7 5 31 3 0 2 7 5 31 3 0 2 7 16 6 2 0 2 7 0 2 4 0 2 7 146729.06104469797 20.5506519079208374
12 2 7 0 2 7 1 2 7 17 18 2 0 16 2 0 2 7 1 2 7 1 2 7 0 2 7 1 2 4 0 2 7 0 2 7 5 31 3 0 2 7 5 31 3 0 2 4 16 6 2 0 2 7 0 2 4 1 2 7 10256.3691498429362 20.4633049964904785
12 16 2 0 2 7 0 2 7 17 9 2 1 2 7 6 2 4 1 2 7 0 2 4 1 2 7 1 2 7 0 2 7 0 2 7 5 31 3 0 2 7 5 31 3 0 2 7 16 6 2 0 2 7 0 2 7 0 2 7 0 20.4595978856086731
0 2 7 0 2 7 1 2 7 17 18 2 12 16 2 1 2 7 0 2 7 0 2 7 1 2 7 6 2 7 0 2 7 0 2 7 5 31 3 0 2 7 5 31 3 0 2 4 16 6 2 0 2 7 1 2 4 0 2 7 0 20.4595978856086731
6 16 2 0 2 7 1 2 7 17 9 2 0 16 2 0 2 7 1 2 7 0 2 7 6 2 7 1 2 7 0 2 7 0 2 7 5 31 3 0 2 7 5 31 3 0 2 7 16 6 2 0 2 7 0 2 4 0 2 7 18651.3872650585581 20.5035889744758606
1 2 7 0 2 7 1 2 7 17 18 2 12 16 2 6 2 7 0 2 7 0 2 7 0 2 7 0 2 7 1 2 7 0 2 7 5 31 3 0 2 7 5 31 3 0 2 4 16 6 2 1 2 7 0 2 7 0 2 4 0 20.4595978856086731
0 2 7 0 2 7 1 2 7 17 18 2 12 16 2 6 2 7 0 2 7 0 2 7 0 2 4 0 2 7 1 2 7 0 2 7 5 31 3 0 2 7 5 31 3 0 2 7 16 6 2 1 2 4 1 2 7 0 2 7 0 20.4595978856086731
1 2 4 6 2 7 0 2 7 17 18 2 12 16 2 0 2 7 1 2 7 1 2 7 0 2 7 0 2 7 1 2 4 0 2 7 5 31 3 0 2 7 5 31 3 0 2 7 16 6 2 0 2 7 0 2 7 0 2 7 0 20.4595978856086731
0 2 7 0 2 7 1 2 7 17 9 2 12 16 2 0 2 7 0 2 4 0 2 7 0 2 7 1 2 7 1 2 7 0 2 7 5 31 3 0 2 7 5 31 3 1 2 7 16 6 2 0 2 7 6 2 4 0 2 7 0 20.4595978856086731
0 2 7 0 2 7 1 2 7 17 18 2 12 16 2 0 2 4 0 2 7 0 2 7 0 2 7 0 2 7 1 2 7 1 2 7 5 31 3 0 2 7 5 31 3 0 2 7 16 6 2 6 2 7 1 2 7 0 2 4 0 20.4595978856086731
0 2 7 0 2 7 1 2 7 17 18 2 12 16 2 0 2 4 1 2 7 0 2 7 0 2 7 1 2 7 0 2 7 6 2 4 5 31 3 0 2 7 5 31 3 0 2 7 16 6 2 0 2 7 1 2 7 0 2 7 0 20.4595978856086731
0 2 7 0 2 7 0 2 7 17 18 2 12 16 2 1 2 7 0 2 7 0 2 7 0 2 7 0 2 4 1 2 7 6 2 7 5 31 3 0 2 7 5 31 3 0 2 7 16 6 2 1 2 4 1 2 7 0 2 7 0 20.4595978856086731
1 2 7 0 2 4 1 2 7 17 18 2 12 16 2 0 2 7 0 2 7 0 2 7 0 2 7 0 2 7 1 2 7 0 2 7 5 31 3 0 2 7 5 31 3 6 2 4 16 6 2 1 2 7 0 2 7 0 2 7 0 20.4595978856086731
0 2 7 0 2 7 0 2 7 17 18 2 12 16 2 6 2 7 0 2 7 1 2 7 0 2 7 1 2 4 1 2 7 0 2 4 5 31 3 0 2 7 5 31 3 1 2 7 16 6 2 0 2 7 0 2 7 0 2 7 0 20.4595978856086731
0 2 7 0 2 4 1 2 7 17 18 2 12 16 2 0 2 7 0 2 7 0 2 7 6 2 7 0 2 7 0 2 7 0 2 7 5 31 3 1 2 7 5 31 3 0 2 7 16 6 2 1 2 4 1 2 7 0 2 7 0 20.4595978856086731
0 2 7 1 2 7 0 2 7 17 18 2 12 16 2 0 2 7 0 2 7 6 2 7 0 2 7 0 2 7 0 2 7 0 2 7 5 31 3 1 2 7 5 31 3 0 2 4 16 6 2 1 2 4 1 2 7 0 2 7 0 20.4595978856086731
0 2 4 6 2 7 0 2 7 17 18 2 12 16 2 0 2 7 0 2 7 0 2 7 1 2 7 1 2 7 0 2 4 0 2 7 5 31 3 0 2 7 5 31 3 0 2 7 16 6 2 1 2 7 0 2 7 1 2 7 0 20.4595978856086731
6 2 7 1 2 7 0 2 4 17 18 2 12 16 2 1 2 4 0 2 7 0 2 7 0 2 7 0 2 7 0 2 7 0 2 7 5 31 3 0 2 7 5 31 3 0 2 7 16 6 2 1 2 7 0 2 7 1 2 7 0 20.4595978856086731
0 2 7 6 2 7 0 2 7 17 18 2 12 16 2 1 2 7 0 2 7 0 2 7 0 2 4 0 2 7 0 2 7 0 2 7 5 31 3 1 2 7 5 31 3 0 2 7 16 6 2 1 2 7 0 2 7 1 2 4 0 20.4595978856086731
0 2 7 6 2 4 0 2 7 17 18 2 12 16 2 0 2 7 1 2 7 0 2 7 1 2 7 0 2 7 1 2 7 0 2 7 5 31 3 0 2 4 5 31 3 0 2 7 16 6 2 1 2 7 0 2 7 0 2 7 0 20.4595978856086731
0 2 7 6 2 7 0 2 7 17 18 2 12 16 2 0 2 7 0 2 7 0 2 7 1 2 7 0 2 4 1 2 7 1 2 7 5 31 3 0 2 4 5 31 3 0 2 7 16 6 2 0 2 7 0 2 7 1 2 7 0 20.4595978856086731
0 2 7 1 2 7 0 2 7 17 18 2 12 16 2 0 2 7 0 2 7 0 2 7 1 2 4 0 2 7 1 2 7 0 2 7 5 31 3 0 2 4 5 31 3 0 2 7 16 6 2 6 2 7 0 2 7 1 2 7 0 20.4595978856086731
0 2 7 6 2 7 0 2 7 17 18 2 12 16 2 0 2 7 1 2 7 1 2 7 1 2 4 1 2 7 0 2 4 0 2 7 5 31 3 0 2 7 5 31 3 0 2 7 16 6 2 0 2 7 0 2 7 0 2 7 0 20.4595978856086731
0 2 7 6 2 7 0 2 7 17 18 2 12 16 2 0 2 7 0 2 7 0 2 4 0 2 7 0 2 7 0 2 7 0 2 7 5 31 3 1 2 7 5 31 3 0 2 7 16 6 2 1 2 4 1 2 7 1 2 7 0 20.4595978856086731
0 2 7 0 2 7 0 2 7 17 18 2 12 16 2 1 2 4 1 2 7 0 2 7 0 2 7 1 2 7 0 2 7 0 2 7 5 31 3 0 2 7 5 31 3 0 2 4 16 6 2 1 2 7 0 2 7 6 2 7 0 20.4595978856086731
0 2 7 0 2 7 0 2 7 17 18 2 12 16 2 0 2 4 0 2 7 1 2 7 0 2 4 0 2 7 0 2 7 1 2 7 5 31 3 1 2 7 5 31 3 1 2 7 16 6 2 0 2 7 6 2 7 0 2 7 0 20.4595978856086731
0 2 7 0 2 7 0 2 7 17 18 2 12 16 2 0 2 7 1 2 7 0 2 7 0 2 7 1 2 4 0 2 7 1 2 4 5 31 3 6 2 7 5 31 3 1 2 7 16 6 2 0 2 7 0 2 7 0 2 7 0 20.4595978856086731
0 2 7 1 2 7 0 2 4 17 18 2 12 16 2 6 2 7 1 2 7 0 2 7 0 2 7 1 2 7 0 2 7 0 2 7 5 31 3 0 2 4 5 31 3 1 2 7 16 6 2 0 2 7 0 2 7 0 2 7 0 20.4595978856086731
0 2 7 6 2 7 0 2 4 17 18 2 12 16 2 0 2 7 1 2 7 0 2 7 0 2 7 1 2 4 0 2 7 1 2 7 5 31 3 0 2 7 5 31 3 0 2 7 16 6 2 0 2 7 1 2 7 0 2 7 0 20.4595978856086731
0 2 7 1 2 7 0 2 7 17 18 2 12 16 2 0 2 4 0 2 7 0 2 7 0 2 7 0 2 7 6 2 7 1 2 7 5 31 3 0 2 4 5 31 3 1 2 7 16 6 2 0 2 7 1 2 7 0 2 7 0 20.4595978856086731
0 2 7 0 2 7 0 2 7 17 18 2 12 16 2 0 2 7 1 2 7 1 2 7 0 2 4 6 2 7 0 2 7 1 2 7 5 31 3 1 2 4 5 31 3 0 2 7 16 6 2 0 2 7 0 2 7 0 2 7 0 20.4595978856086731
0 2 7 0 2 7 0 2 7 17 18 2 12 16 2 6 2 7 1 2 4 0 2 7 0 2 7 0 2 7 0 2 7 1 2 7 5 31 3 1 2 7 5 31 3 1 2 4 16 6 2 0 2 7 0 2 7 0 2 7 0 20.4595978856086731
0 2 7 6 2 7 0 2 4 17 18 2 12 16 2 0 2 7 1 2 7 1 2 7 0 2 7 1 2 7 0 2 7 1 2 7 5 31 3 0 2 7 5 31 3 0 2 7 16 6 2 0 2 4 0 2 7 0 2 7 0 20.4595978856086731
0 2 7 1 2 4 0 2 7 17 18 2 12 16 2 0 2 7 1 2 7 0 2 7 1 2 7 1 2 4 0 2 7 0 2 7 5 31 3 0 2 7 5 31 3 6 2 7 16 6 2 0 2 7 0 2 7 0 2 7 0 20.4595978856086731
0 2 7 0 2 7 0 2 7 17 18 2 12 16 2 0 2 4 0 2 7 1 2 7 1 2 7 0 2 7 6 2 7 1 2 7 5 31 3 0 2 7 5 31 3 0 2 4 16 6 2 0 2 7 1 2 7 0 2 7 0 20.4595978856086731
0 2 7 0 2 7 13 6 3 17 18 2 12 16 2 1 2 7 1 2 7 0 2 7 0 2 7 0 2 7 1 2 7 0 2 7 5 30 3 0 2 7 5 31 3 0 2 7 17 9 2 1 2 7 1 2 7 0 2 7 0 20.2646257877349854
0 2 7 0 2 7 13 6 3 17 18 2 12 16 2 1 2 7 1 2 7 0 2 7 0 2 7 0 2 7 1 2 7 0 2 7 5 30 3 0 2 7 5 31 3 0 2 7 17 9 2 1 2 7 1 2 7 0 2 7 0 20.2646257877349854
0 2 7 0 2 7 13 6 3 17 18 2 12 16 2 1 2 7 1 2 7 0 2 7 0 2 7 0 2 7 1 2 7 0 2 7 5 30 3 0 2 7 5 31 3 0 2 7 17 9 2 1 2 7 1 2 7 0 2 7 0 20.2646257877349854
0 2 7 0 2 7 13 6 3 17 18 2 12 16 2 1 2 7 1 2 7 0 2 7 0 2 7 0 2 7 1 2 7 0 2 7 5 30 3 0 2 7 5 31 3 0 2 7 17 9 2 1 2 7 1 2 7 0 2 7 0 20.2646257877349854
0 2 7 17 9 7 13 6 3 12 18 2 12 16 2 1 2 7 1 2 7 0 2 7 0 15 7 5 2 7 1 2 7 0 18 7 0 30 3 0 2 7 5 30 3 0 2 4 0 9 2 1 2 7 8 18 7 0 2 7 902256.127088997513 19.8004118800163269
0 2 7 0 2 2 1 2 7 17 16 2 12 16 2 0 2 7 0 2 7 0 2 7 16 2 2 0 30 3 0 2 7 8 2 2 5 2 7 0 2 7 5 31 3 0 2 7 17 2 7 1 2 7 1 2 2 1 2 7 780263.389367542462 21.3051090240478516
0 2 7 0 2 7 0 2 3 17 18 2 12 16 2 1 2 7 1 2 7 0 2 7 0 2 4 0 2 4 1 2 7 0 2 11 5 30 3 0 2 7 5 31 3 0 2 7 16 6 2 0 2 7 1 2 7 0 2 3 4.5977217742561168e-05 20.7531778812408447
0 2 7 1 2 7 13 6 7 17 9 2 12 16 2 0 2 7 1 2 7 0 2 7 0 2 7 1 2 7 0 2 7 15 2 7 5 30 3 0 2 7 5 31 3 0 2 7 17 9 2 1 2 7 1 2 7 0 2 7 22399.5557265072857 20.145270824432373
0 2 7 0 2 7 13 6 3 17 18 2 12 16 2 1 2 7 1 2 7 0 2 7 0 2 7 0 2 7 1 2 7 0 2 7 5 30 3 0 2 7 5 31 3 0 2 7 17 9 2 1 2 7 1 2 7 0 2 7 0 20.2646257877349854
0 2 7 0 2 7 13 6 3 17 18 2 12 16 2 1 2 7 1 2 7 0 2 7 0 2 7 0 2 7 1 2 7 0 2 7 5 30 3 0 2 7 5 31 3 0 2 7 17 9 2 1 2 7 1 2 7 0 2 7 0 20.2646257877349854
0 2 7 0 2 7 13 6 3 17 18 2 12 16 2 1 2 7 1 2 7 0 2 7 0 2 7 0 2 7 1 2 7 0 2 7 5 30 3 0 2 7 5 31 3 0 2 7 17 9 2 1 2 7 1 2 7 0 2 7 0 20.2646257877349854
0 2 7 0 2 7 13 6 3 17 18 2 12 16 2 1 2 7 1 2 7 0 2 7 0 2 7 0 2 7 1 2 7 0 2 7 5 30 3 0 2 7 5 31 3 0 2 7 17 9 2 1 2 7 1 2 7 0 2 7 0 20.2646257877349854
0 2 7 0 2 7 13 6 3 17 18 2 12 16 2 1 2 7 1 2 7 0 2 7 0 2 7 0 2 7 1 2 7 0 2 7 5 30 3 0 2 7 5 31 3 0 2 7 17 9 2 1 2 7 1 2 7 0 2 7 0 20.2646257877349854
0 2 7 0 2 7 13 6 3 17 18 2 12 16 2 1 2 7 1 2 7 0 2 7 0 2 7 0 2 7 1 2 7 0 2 7 5 30 3 0 2 7 5 31 3 0 2 7 17 9 2 1 2 7 1 2 7 0 2 7 0 20.2646257877349854
0 2 7 0 2 7 13 6 3 17 18 2 12 16 2 1 2 7 1 2 7 0 2 7 0 2 7 0 2 7 1 2 7 0 2 7 5 30 3 0 2 7 5 31 3 0 2 7 17 9 2 1 2 7 1 2 7 0 2 7 0 20.2646257877349854
0 2 7 0 2 7 13 6 3 17 18 2 12 16 2 1 2 7 1 2 7 0 2 7 0 2 7 0 2 7 1 2 7 0 2 7 5 30 3 0 2 7 5 31 3 0 2 7 17 9 2 1 2 7 1 2 7 0 2 7 0 20.2646257877349854
0 2 7 0 2 7 13 6 3 17 18 2 12 16 2 1 2 7 1 2 7 0 2 7 0 2 7 0 2 7 1 2 7 0 2 7 5 30 3 0 2 7 5 31 3 0 2 7 17 9 2 1 2 7 1 2 7 0 2 7 0 20.2646257877349854
0 2 7 0 2 7 13 6 3 17 18 2 12 16 2 1 2 7 1 2 7 0 2 7 0 2 7 0 2 7 1 2 7 0 2 7 5 30 3 0 2 7 5 31 3 0 2 7 17 9 2 1 2 7 1 2 7 0 2 7 0 20.2646257877349854
0 2 7 0 2 7 13 6 3 17 18 2 12 16 2 1 2 7 1 2 7 0 2 7 0 2 7 0 2 7 1 2 7 0 2 7 5 30 3 0 2 7 5 31 3 0 2 7 17 9 2 1 2 7 1 2 7 0 2 7 0 20.2646257877349854
0 2 7 0 2 7 13 6 3 17 18 2 12 16 2 1 2 7 1 2 7 0 2 7 0 2 7 0 2 7 1 2 7 0 2 7 5 30 3 0 2 7 5 31 3 0 2 7 17 9 2 1 2 7 1 2 7 0 2 7 0 20.2646257877349854
0 2 7 0 2 7 13 6 3 17 18 2 12 16 2 1 2 7 1 2 7 0 2 7 0 2 7 0 2 7 1 2 7 0 2 7 5 30 3 0 2 7 5 31 3 0 2 7 17 9 2 1 2 7 1 2 7 0 2 7 0 20.2646257877349854
0 2 7 0 2 7 13 6 3 17 18 2 12 16 2 1 2 7 1 2 7 0 2 7 0 2 7 0 2 7 1 2 7 0 2 7 5 30 3 0 2 7 5 31 3 0 2 7 17 9 2 1 2 7 1 2 7 0 2 7 0 20.2646257877349854
0 2 7 0 2 7 13 6 3 17 18 2 12 16 2 1 2 7 1 2 7 0 2 7 0 2 7 0 2 7 1 2 7 0 2 7 5 30 3 0 2 7 5 31 3 0 2 7 17 9 2 1 2 7 1 2 7 0 2 7 0 20.2646257877349854
0 2 7 0 2 7 13 6 3 17 18 2 12 16 2 1 2 7 1 2 7 0 2 7 0 2 7 0 2 7 1 2 7 0 2 7 5 30 3 0 2 7 5 31 3 0 2 7 17 9 2 1 2 7 1 2 7 0 2 7 0 20.2646257877349854
0 2 7 0 2 7 13 6 3 17 18 2 12 16 2 1 2 7 1 2 7 0 2 7 0 2 7 0 2 7 1 2 7 0 2 7 5 30 3 0 2 7 5 31 3 0 2 7 17 9 2 1 2 7 1 2 7 0 2 7 0 20.2646257877349854
0 2 7 0 2 7 13 6 3 17 18 2 12 16 2 1 2 7 1 2 7 0 2 7 0 2 7 0 2 7 1 2 7 0 2 7 5 30 3 0 2 7 5 31 3 0 2 7 17 9 2 1 2 7 1 2 7 0 2 7 0 20.2646257877349854
0 2 7 0 2 7 13 6 3 17 18 2 12 16 2 1 2 7 1 2 7 0 2 7 0 2 7 0 2 7 1 2 7 0 2 7 5 30 3 0 2 7 5 31 3 0 2 7 17 9 2 1 2 7 1 2 7 0 2 7 0 20.2646257877349854
0 2 7 0 2 7 13 6 3 17 18 2 12 16 2 1 2 7 1 2 7 0 2 7 0 2 7 0 2 7 1 2 7 0 2 7 5 30 3 0 2 7 5 31 3 0 2 7 17 9 2 1 2 7 1 2 7 0 2 7 0 20.2646257877349854
0 2 7 0 2 7 13 6 3 17 18 2 12 16 2 1 2 7 1 2 7 0 2 7 0 2 7 0 2 7 1 2 7 0 2 7 5 30 3 0 2 7 5 31 3 0 2 7 17 9 2 1 2 7 1 2 7 0 2 7 0 20.2646257877349854
0 2 7 0 2 7 13 6 3 17 18 2 12 16 2 1 2 7 1 2 7 0 2 7 0 2 7 0 2 7 1 2 7 0 2 7 5 30 3 0 2 7 5 31 3 0 2 7 17 9 2 1 2 7 1 2 7 0 2 7 0 20.2646257877349854
0 2 7 0 2 7 13 6 3 17 18 2 12 16 2 1 2 7 1 2 7 0 2 7 0 2 7 0 2 7 1 2 7 0 2 7 5 30 3 0 2 7 5 31 3 0 2 7 17 9 2 1 2 7 1 2 7 0 2 7 0 20.2646257877349854
0 2 7 0 2 7 13 6 3 17 18 2 12 16 2 1 2 7 1 2 7 0 2 7 0 2 7 0 2 7 1 2 7 0 2 7 5 30 3 0 2 7 5 31 3 0 2 7 17 9 2 1 2 7 1 2 7 0 2 7 0 20.2646257877349854
0 2 7 0 2 7 13 6 3 17 18 2 12 16 2 1 2 7 1 2 7 0 2 7 0 2 7 0 2 7 1 2 7 0 2 7 5 30 3 0 2 7 5 31 3 0 2 7 17 9 2 1 2 7 1 2 7 0 2 7 0 20.2646257877349854
0 2 7 0 2 7 13 6 3 17 18 2 12 16 2 1 2 7 1 2 7 0 2 7 0 2 7 0 2 7 1 2 7 0 2 7 5 30 3 0 2 7 5 31 3 0 2 7 17 9 2 1 2 7 1 2 7 0 2 7 0 20.2646257877349854
0 2 7 0 2 7 13 6 3 17 18 2 12 16 2 1 2 7 1 2 7 0 2 7 0 2 7 0 2 7 1 2 7 0 2 7 5 30 3 0 2 7 5 31 3 0 2 7 17 9 2 1 2 7 1 2 7 0 2 7 0 20.2646257877349854
0 2 7 0 2 7 13 6 3 17 18 2 12 16 2 1 2 7 1 2 7 0 2 7 0 2 7 0 2 7 1 2 7 0 2 7 5 30 3 0 2 7 5 31 3 0 2 7 17 9 2 1 2 7 1 2 7 0 2 7 0 20.2646257877349854
0 2 7 0 2 7 13 6 3 17 18 2 12 16 2 1 2 7 1 2 7 0 2 7 0 2 7 0 2 7 1 2 7 0 2 7 5 30 3 0 2 7 5 31 3 0 2 7 17 9 2 1 2 7 1 2 7 0 2 7 0 20.2646257877349854
0 2 7 0 2 7 13 6 3 17 18 2 12 16 2 1 2 7 1 2 7 0 2 7 0 2 7 0 2 7 1 2 7 0 2 7 5 30 3 0 2 7 5 31 3 0 2 7 17 9 2 1 2 7 1 2 7 0 2 7 0 20.2646257877349854
0 2 7 0 2 7 13 6 3 17 18 2 12 16 2 1 2 7 1 2 7 0 2 7 0 2 7 0 2 7 1 2 7 0 2 7 5 30 3 0 2 7 5 31 3 0 2 7 17 9 2 1 2 7 1 2 7 0 2 7 0 20.2646257877349854
0 2 7 0 2 7 13 6 3 17 18 2 12 16 2 1 2 7 1 2 7 0 2 7 0 2 7 0 2 7 1 2 7 0 2 7 5 30 3 0 2 7 5 31 3 0 2 7 17 9 2 1 2 7 1 2 7 0 2 7 0 20.2646257877349854
0 2 7 0 2 7 13 6 3 17 18 2 12 16 2 1 2 7 1 2 7 0 2 7 0 2 7 0 2 7 1 2 7 0 2 7 5 30 3 0 2 7 5 31 3 0 2 7 17 9 2 1 2 7 1 2 7 0 2 7 0 20.2646257877349854
0 2 7 0 2 7 13 6 3 17 18 2 12 16 2 1 2 7 1 2 7 0 2 7 0 2 7 0 2 7 1 2 7 0 2 7 5 30 3 0 2 7 5 31 3 0 2 7 17 9 2 1 2 7 1 2 7 0 2 7 0 20.2646257877349854
0 2 7 0 2 7 13 6 3 17 18 2 12 16 2 1 2 7 1 2 7 0 2 7 0 2 7 0 2 7 1 2 7 0 2 7 5 30 3 0 2 7 5 31 3 0 2 7 17 9 2 1 2 7 1 2 7 0 2 7 0 20.2646257877349854
0 2 7 0 2 7 13 6 3 17 18 2 12 16 2 1 2 7 1 2 7 0 2 7 0 2 7 0 2 7 1 2 7 0 2 7 5 30 3 0 2 7 5 31 3 0 2 7 17 9 2 1 2 7 1 2 7 0 2 7 0 20.2646257877349854
0 2 7 0 2 7 13 6 3 17 18 2 12 16 2 1 2 7 1 2 7 0 2 7 0 2 7 0 2 7 1 2 7 0 2 7 5 30 3 0 2 7 5 31 3 0 2 7 17 9 2 1 2 7 1 2 7 0 2 7 0 20.2646257877349854
0 2 7 0 2 7 13 6 3 17 18 2 12 16 2 1 2 7 1 2 7 0 2 7 0 2 7 0 2 7 1 2 7 0 2 7 5 30 3 0 2 7 5 31 3 0 2 7 17 9 2 1 2 7 1 2 7 0 2 7 0 20.2646257877349854
0 2 7 0 2 7 13 6 3 17 18 2 12 16 2 1 2 7 1 2 7 0 2 7 0 2 7 0 2 7 1 2 7 0 2 7 5 30 3 0 2 7 5 31 3 0 2 7 17 9 2 1 2 7 1 2 7 0 2 7 0 20.2646257877349854
0 2 7 0 2 7 13 6 3 17 18 2 12 16 2 1 2 7 1 2 7 0 2 7 0 2 7 0 2 7 1 2 7 0 2 7 5 30 3 0 2 7 5 31 3 0 2 7 17 9 2 1 2 7 1 2 7 0 2 7 0 20.2646257877349854
0 2 7 0 2 7 13 6 3 17 18 2 12 16 2 1 2 7 1 2 7 0 2 7 0 2 7 0 2 7 1 2 7 0 2 7 5 30 3 0 2 7 5 31 3 0 2 7 17 9 2 1 2 7 1 2 7 0 2 7 0 20.2646257877349854
0 2 7 0 2 7 13 6 3 17 18 2 12 16 2 1 2 7 1 2 7 0 2 7 0 2 7 0 2 7 1 2 7 0 2 7 5 30 3 0 2 7 5 31 3 0 2 7 17 9 2 1 2 7 1 2 7 0 2 7 0 20.2646257877349854
0 2 7 0 2 7 13 6 3 17 18 2 12 16 2 1 2 7 1 2 7 0 2 7 0 2 7 0 2 7 1 2 7 0 2 7 5 30 3 0 2 7 5 31 3 0 2 7 17 9 2 1 2 7 1 2 7 0 2 7 0 20.2646257877349854
0 2 7 0 2 7 13 6 3 17 18 2 12 16 2 1 2 7 1 2 7 0 2 7 0 2 7 0 2 7 1 2 7 0 2 7 5 30 3 0 2 7 5 31 3 0 2 7 17 9 2 1 2 7 1 2 7 0 2 7 0 20.2646257877349854
0 2 7 0 2 7 13 6 3 17 18 2 12 16 2 1 2 7 1 2 7 0 2 7 0 2 7 0 2 7 1 2 7 0 2 7 5 30 3 0 2 7 5 31 3 0 2 7 17 9 2 1 2 7 1 2 7 0 2 7 0 20.2646257877349854
0 2 7 0 2 7 13 6 3 17 18 2 12 16 2 1 2 7 1 2 7 0 2 7 0 2 7 0 2 7 1 2 7 0 2 7 5 30 3 0 2 7 5 31 3 0 2 7 17 9 2 1 2 7 1 2 7 0 2 7 0 20.2646257877349854
0 2 7 0 2 7 13 6 3 17 18 2 12 16 2 1 2 7 1 2 7 0 2 7 0 2 7 0 2 7 1 2 7 0 2 7 5 30 3 0 2 7 5 31 3 0 2 7 17 9 2 1 2 7 1 2 7 0 2 7 0 20.2646257877349854
0 2 7 0 2 7 13 6 3 17 18 2 12 16 2 1 2 7 1 2 7 0 2 7 0 2 7 0 2 7 1 2 7 0 2 7 5 30 3 0 2 7 5 31 3 0 2 7 17 9 2 1 2 7 1 2 7 0 2 7 0 20.2646257877349854
0 2 7 0 2 7 13 6 3 17 18 2 12 16 2 1 2 7 1 2 7 0 2 7 0 2 7 0 2 7 1 2 7 0 2 7 5 30 3 0 2 7 5 31 3 0 2 7 17 9 2 1 2 7 1 2 7 0 2 7 0 20.2646257877349854
0 2 7 0 2 7 13 6 3 17 18 2 12 16 2 1 2 7 1 2 7 0 2 7 0 2 7 0 2 7 1 2 7 0 2 7 5 30 3 0 2 7 5 31 3 0 2 7 17 9 2 1 2 7 1 2 7 0 2 7 0 20.2646257877349854
0 2 7 0 2 7 13 6 3 17 18 2 12 16 2 1 2 7 1 2 7 0 2 7 0 2 7 0 2 7 1 2 7 0 2 7 5 30 3 0 2 7 5 31 3 0 2 7 17 9 2 1 2 7 1 2 7 0 2 7 0 20.2646257877349854
0 2 7 0 2 7 13 6 3 17 18 2 12 16 2 1 2 7 1 2 7 0 2 7 0 2 7 0 2 7 1 2 7 0 2 7 5 30 3 0 2 7 5 31 3 0 2 7 17 9 2 1 2 7 1 2 7 0 2 7 0 20.2646257877349854
0 2 7 0 2 7 13 6 3 17 18 2 12 16 2 1 2 7 1 2 7 0 2 7 0 2 7 0 2 7 1 2 7 0 2 7 5 30 3 0 2 7 5 31 3 0 2 7 17 9 2 1 2 7 1 2 7 0 2 7 0 20.2646257877349854
0 2 7 0 2 7 13 6 3 17 18 2 12 16 2 1 2 7 1 2 7 0 2 7 0 2 7 0 2 7 1 2 7 0 2 7 5 30 3 0 2 7 5 31 3 0 2 7 17 9 2 1 2 7 1 2 7 0 2 7 0 20.2646257877349854
0 2 7 0 2 7 13 6 3 17 18 2 12 16 2 1 2 7 1 2 7 0 2 7 0 2 7 0 2 7 1 2 7 0 2 7 5 30 3 0 2 7 5 31 3 0 2 7 17 9 2 1 2 7 1 2 7 0 2 7 0 20.2646257877349854
0 2 7 0 2 7 13 6 3 17 18 2 12 16 2 1 2 7 1 2 7 0 2 7 0 2 7 0 2 7 1 2 7 0 2 7 5 30 3 0 2 7 5 31 3 0 2 7 17 9 2 1 2 7 1 2 7 0 2 7 0 20.2646257877349854
0 2 7 0 2 7 13 6 3 17 18 2 12 16 2 1 2 7 1 2 7 0 2 7 0 2 7 0 2 7 1 2 7 0 2 7 5 30 3 0 2 7 5 31 3 0 2 7 17 9 2 1 2 7 1 2 7 0 2 7 0 20.2646257877349854
0 2 7 0 2 7 13 6 3 17 18 2 12 16 2 1 2 7 1 2 7 0 2 7 0 2 7 0 2 7 1 2 7 0 2 7 5 30 3 0 2 7 5 31 3 0 2 7 17 9 2 1 2 7 1 2 7 0 2 7 0 20.2646257877349854
0 2 7 0 2 7 13 6 3 17 18 2 12 16 2 1 2 7 1 2 7 0 2 7 0 2 7 0 2 7 1 2 7 0 2 7 5 30 3 0 2 7 5 31 3 0 2 7 17 9 2 1 2 7 1 2 7 0 2 7 0 20.2646257877349854
0 2 7 0 2 7 13 6 3 17 18 2 12 16 2 1 2 7 1 2 7 0 2 7 0 2 7 0 2 7 1 2 7 0 2 7 5 30 3 0 2 7 5 31 3 0 2 7 17 9 2 1 2 7 1 2 7 0 2 7 0 20.2646257877349854
0 2 7 0 2 7 13 6 3 17 18 2 12 16 2 1 2 7 1 2 7 0 2 7 0 2 7 0 2 7 1 2 7 0 2 7 5 30 3 0 2 7 5 31 3 0 2 7 17 9 2 1 2 7 1 2 7 0 2 7 0 20.2646257877349854
0 2 7 0 2 7 13 6 3 17 18 2 12 16 2 1 2 7 1 2 7 0 2 7 0 2 7 0 2 7 1 2 7 0 2 7 5 30 3 0 2 7 5 31 3 0 2 7 17 9 2 1 2 7 1 2 7 0 2 7 0 20.2646257877349854
0 2 7 0 2 7 13 6 3 17 18 2 12 16 2 1 2 7 1 2 7 0 2 7 0 2 7 0 2 7 1 2 7 0 2 7 5 30 3 0 2 7 5 31 3 0 2 7 17 9 2 1 2 7 1 2 7 0 2 7 0 20.2646257877349854
0 2 7 0 2 7 13 6 3 17 18 2 12 16 2 1 2 7 1 2 7 0 2 7 0 2 7 0 2 7 1 2 7 0 2 7 5 30 3 0 2 7 5 31 3 0 2 7 17 9 2 1 2 7 1 2 7 0 2 7 0 20.2646257877349854
0 2 7 0 2 7 13 6 3 17 18 2 12 16 2 1 2 7 1 2 7 0 2 7 0 2 7 0 2 7 1 2 7 0 2 7 5 30 3 0 2 7 5 31 3 0 2 7 17 9 2 1 2 7 1 2 7 0 2 7 0 20.2646257877349854
0 2 7 0 2 7 13 6 3 17 18 2 12 16 2 1 2 7 1 2 7 0 2 7 0 2 7 0 2 7 1 2 7 0 2 7 5 30 3 0 2 7 5 31 3 0 2 7 17 9 2 1 2 7 1 2 7 0 2 7 0 20.2646257877349854
0 2 7 0 2 7 13 6 3 17 18 2 12 16 2 1 2 7 1 2 7 0 2 7 0 2 7 0 2 7 1 2 7 0 2 7 5 30 3 0 2 7 5 31 3 0 2 7 17 9 2 1 2 7 1 2 7 0 2 7 0 20.2646257877349854
0 2 7 0 2 7 13 6 3 17 18 2 12 16 2 1 2 7 1 2 7 0 2 7 0 2 7 0 2 7 1 2 7 0 2 7 5 30 3 0 2 7 5 31 3 0 2 7 17 9 2 1 2 7 1 2 7 0 2 7 0 20.2646257877349854
0 2 7 0 2 7 13 6 3 17 18 2 12 16 2 1 2 7 1 2 7 0 2 7 0 2 7 0 2 7 1 2 7 0 2 7 5 30 3 0 2 7 5 31 3 0 2 7 17 9 2 1 2 7 1 2 7 0 2 7 0 20.2646257877349854
0 2 7 0 2 7 13 6 3 17 18 2 12 16 2 1 2 7 1 2 7 0 2 7 0 2 7 0 2 7 1 2 7 0 2 7 5 30 3 0 2 7 5 31 3 0 2 7 17 9 2 1 2 7 1 2 7 0 2 7 0 20.2646257877349854
0 2 7 0 2 7 13 6 3 17 18 2 12 16 2 1 2 7 1 2 7 0 2 7 0 2 7 0 2 7 1 2 7 0 2 7 5 30 3 0 2 7 5 31 3 0 2 7 17 9 2 1 2 7 1 2 7 0 2 7 0 20.2646257877349854
0 2 7 0 2 7 13 6 3 17 18 2 12 16 2 1 2 7 1 2 7 0 2 7 0 2 7 0 2 7 1 2 7 0 2 7 5 30 3 0 2 7 5 31 3 0 2 7 17 9 2 1 2 7 1 2 7 0 2 7 0 20.2646257877349854
0 2 7 0 2 7 13 6 3 17 18 2 12 16 2 1 2 7 1 2 7 0 2 7 0 2 7 0 2 7 1 2 7 0 2 7 5 30 3 0 2 7 5 31 3 0 2 7 17 9 2 1 2 7 1 2 7 0 2 7 0 20.2646257877349854
0 2 7 0 2 7 13 6 3 17 18 2 12 16 2 1 2 7 1 2 7 0 2 7 0 2 7 0 2 7 1 2 7 0 2 7 5 30 3 0 2 7 5 31 3 0 2 7 17 9 2 1 2 7 1 2 7 0 2 7 0 20.2646257877349854
0 2 7 0 2 7 13 6 3 17 18 2 12 16 2 1 2 7 1 2 7 0 2 7 0 2 7 0 2 7 1 2 7 0 2 7 5 30 3 0 2 7 5 31 3 0 2 7 17 9 2 1 2 7 1 2 7 0 2 7 0 20.2646257877349854
0 2 7 0 2 7 13 6 3 17 18 2 12 16 2 1 2 7 1 2 7 0 2 7 0 2 7 0 2 7 1 2 7 0 2 7 5 30 3 0 2 7 5 31 3 0 2 7 17 9 2 1 2 7 1 2 7 0 2 7 0 20.2646257877349854
0 2 7 0 2 7 13 6 3 17 18 2 12 16 2 1 2 7 1 2 7 0 2 7 0 2 7 0 2 7 1 2 7 0 2 7 5 30 3 0 2 7 5 31 3 0 2 7 17 9 2 1 2 7 1 2 7 0 2 7 0 20.2646257877349854
0 2 7 0 2 7 13 6 3 17 18 2 12 16 2 1 2 7 1 2 7 0 2 7 0 2 7 0 2 7 1 2 7 0 2 7 5 30 3 0 2 7 5 31 3 0 2 7 17 9 2 1 2 7 1 2 7 0 2 7 0 20.2646257877349854
0 2 7 0 2 7 13 6 3 17 18 2 12 16 2 1 2 7 1 2 7 0 2 7 0 2 7 0 2 7 1 2 7 0 2 7 5 30 3 0 2 7 5 31 3 0 2 7 17 9 2 1 2 7 1 2 7 0 2 7 0 20.2646257877349854
0 2 7 0 2 7 13 6 3 17 18 2 12 16 2 1 2 7 1 2 7 0 2 7 0 2 7 0 2 7 1 2 7 0 2 7 5 30 3 0 2 7 5 31 3 0 2 7 17 9 2 1 2 7 1 2 7 0 2 7 0 20.2646257877349854
0 2 7 0 2 7 13 6 3 17 18 2 12 16 2 1 2 7 1 2 7 0 2 7 0 2 7 0 2 7 1 2 7 0 2 7 5 30 3 0 2 7 5 31 3 0 2 7 17 9 2 1 2 7 1 2 7 0 2 7 0 20.2646257877349854
0 2 7 0 2 7 13 6 3 17 18 2 12 16 2 1 2 7 1 2 7 0 2 7 0 2 7 0 2 7 1 2 7 0 2 7 5 30 3 0 2 7 5 31 3 0 2 7 17 9 2 1 2 7 1 2 7 0 2 7 0 20.2646257877349854
0 2 7 0 2 7 13 6 3 17 18 2 12 16 2 1 2 7 1 2 7 0 2 7 0 2 7 0 2 7 1 2 7 0 2 7 5 30 3 0 2 7 5 31 3 0 2 7 17 9 2 1 2 7 1 2 7 0 2 7 0 20.2646257877349854
0 2 7 0 2 7 13 6 3 17 18 2 12 16 2 1 2 7 1 2 7 0 2 7 0 2 7 0 2 7 1 2 7 0 2 7 5 30 3 0 2 7 5 31 3 0 2 7 17 9 2 1 2 7 1 2 7 0 2 7 0 20.2646257877349854
0 2 7 0 2 7 13 6 3 17 18 2 12 16 2 1 2 7 1 2 7 0 2 7 0 2 7 0 2 7 1 2 7 0 2 7 5 30 3 0 2 7 5 31 3 0 2 7 17 9 2 1 2 7 1 2 7 0 2 7 0 20.2646257877349854
0 2 7 0 2 7 13 6 3 17 18 2 12 16 2 1 2 7 1 2 7 0 2 7 0 2 7 0 2 7 1 2 7 0 2 7 5 30 3 0 2 7 5 31 3 0 2 7 17 9 2 1 2 7 1 2 7 0 2 7 0 20.2646257877349854
0 2 7 0 2 7 13 6 3 17 18 2 12 16 2 1 2 7 1 2 7 0 2 7 0 2 7 0 2 7 1 2 7 0 2 7 5 30 3 0 2 7 5 31 3 0 2 7 17 9 2 1 2 7 1 2 7 0 2 7 0 20.2646257877349854
0 2 7 0 2 7 13 6 3 17 18 2 12 16 2 1 2 7 1 2 7 0 2 7 0 2 7 0 2 7 1 2 7 0 2 7 5 30 3 0 2 7 5 31 3 0 2 7 17 9 2 1 2 7 1 2 7 0 2 7 0 20.2646257877349854
0 2 7 0 2 7 13 6 3 17 18 2 12 16 2 1 2 7 1 2 7 0 2 7 0 2 7 0 2 7 1 2 7 0 2 7 5 30 3 0 2 7 5 31 3 0 2 7 17 9 2 1 2 7 1 2 7 0 2 7 0 20.2646257877349854
0 2 7 0 2 7 13 6 3 17 18 2 12 16 2 1 2 7 1 2 7 0 2 7 0 2 7 0 2 7 1 2 7 0 2 7 5 30 3 0 2 7 5 31 3 0 2 7 17 9 2 1 2 7 1 2 7 0 2 7 0 20.2646257877349854
0 2 7 0 2 7 13 6 3 17 18 2 12 16 2 1 2 7 1 2 7 0 2 7 0 2 7 0 2 7 1 2 7 0 2 7 5 30 3 0 2 7 5 31 3 0 2 7 17 9 2 1 2 7 1 2 7 0 2 7 0 20.2646257877349854
0 2 7 0 2 7 13 6 3 17 18 2 12 16 2 1 2 7 1 2 7 0 2 7 0 2 7 0 2 7 1 2 7 0 2 7 5 30 3 0 2 7 5 31 3 0 2 7 17 9 2 1 2 7 1 2 7 0 2 7 0 20.2646257877349854
0 2 7 0 2 7 13 6 3 17 18 2 12 16 2 1 2 7 1 2 7 0 2 7 0 2 7 0 2 7 1 2 7 0 2 7 5 30 3 0 2 7 5 31 3 0 2 7 17 9 2 1 2 7 1 2 7 0 2 7 0 20.2646257877349854
0 2 7 0 2 7 13 6 3 17 18 2 12 16 2 1 2 7 1 2 7 0 2 7 0 2 7 0 2 7 1 2 7 0 2 7 5 30 3 0 2 7 5 31 3 0 2 7 17 9 2 1 2 7 1 2 7 0 2 7 0 20.2646257877349854
0 2 7 0 2 7 13 6 3 17 18 2 12 16 2 1 2 7 1 2 7 0 2 7 0 2 7 0 2 7 1 2 7 0 2 7 5 30 3 0 2 7 5 31 3 0 2 7 17 9 2 1 2 7 1 2 7 0 2 7 0 20.2646257877349854
0 2 7 0 2 7 13 6 3 17 18 2 12 16 2 1 2 7 1 2 7 0 2 7 0 2 7 0 2 7 1 2 7 0 2 7 5 30 3 0 2 7 5 31 3 0 2 7 17 9 2 1 2 7 1 2 7 0 2 7 0 20.2646257877349854
0 2 7 0 2 7 13 6 3 17 18 2 12 16 2 1 2 7 1 2 7 0 2 7 0 2 7 0 2 7 1 2 7 0 2 7 5 30 3 0 2 7 5 31 3 0 2 7 17 9 2 1 2 7 1 2 7 0 2 7 0 20.2646257877349854
0 2 7 0 2 7 13 6 3 17 18 2 12 16 2 1 2 7 1 2 7 0 2 7 0 2 7 0 2 7 1 2 7 0 2 7 5 30 3 0 2 7 5 31 3 0 2 7 17 9 2 1 2 7 1 2 7 0 2 7 0 20.2646257877349854
0 2 7 0 2 7 13 6 3 17 18 2 12 16 2 1 2 7 1 2 7 0 2 7 0 2 7 0 2 7 1 2 7 0 2 7 5 30 3 0 2 7 5 31 3 0 2 7 17 9 2 1 2 7 1 2 7 0 2 7 0 20.2646257877349854
0 2 7 0 2 7 13 6 3 17 18 2 12 16 2 1 2 7 1 2 7 0 2 7 0 2 7 0 2 7 1 2 7 0 2 7 5 30 3 0 2 7 5 31 3 0 2 7 17 9 2 1 2 7 1 2 7 0 2 7 0 20.2646257877349854
0 2 7 0 2 7 13 6 3 17 18 2 12 16 2 1 2 7 1 2 7 0 2 7 0 2 7 0 2 7 1 2 7 0 2 7 5 30 3 0 2 7 5 31 3 0 2 7 17 9 2 1 2 7 1 2 7 0 2 7 0 20.2646257877349854
0 2 7 0 2 7 13 6 3 17 18 2 12 16 2 1 2 7 1 2 7 0 2 7 0 2 7 0 2 7 1 2 7 0 2 7 5 30 3 0 2 7 5 31 3 0 2 7 17 9 2 1 2 7 1 2 7 0 2 7 0 20.2646257877349854
0 2 7 0 2 7 13 6 3 17 18 2 12 16 2 1 2 7 1 2 7 0 2 7 0 2 7 0 2 7 1 2 7 0 2 7 5 30 3 0 2 7 5 31 3 0 2 7 17 9 2 1 2 7 1 2 7 0 2 7 0 20.2646257877349854
0 2 7 0 2 7 13 6 3 17 18 2 12 16 2 1 2 7 1 2 7 0 2 7 0 2 7 0 2 7 1 2 7 0 2 7 5 30 3 0 2 7 5 31 3 0 2 7 17 9 2 1 2 7 1 2 7 0 2 7 0 20.2646257877349854
0 2 7 0 2 7 13 6 3 17 18 2 12 16 2 1 2 7 1 2 7 0 2 7 0 2 7 0 2 7 1 2 7 0 2 7 5 30 3 0 2 7 5 31 3 0 2 7 17 9 2 1 2 7 1 2 7 0 2 7 0 20.2646257877349854
0 2 7 0 2 7 13 6 3 17 18 2 12 16 2 1 2 7 1 2 7 0 2 7 0 2 7 0 2 7 1 2 7 0 2 7 5 30 3 0 2 7 5 31 3 0 2 7 17 9 2 1 2 7 1 2 7 0 2 7 0 20.2646257877349854
0 2 7 0 2 7 13 6 3 17 18 2 12 16 2 1 2 7 1 2 7 0 2 7 0 2 7 0 2 7 1 2 7 0 2 7 5 30 3 0 2 7 5 31 3 0 2 7 17 9 2 1 2 7 1 2 7 0 2 7 0 20.2646257877349854
0 2 7 0 2 7 13 6 3 17 18 2 12 16 2 1 2 7 1 2 7 0 2 7 0 2 7 0 2 7 1 2 7 0 2 7 5 30 3 0 2 7 5 31 3 0 2 7 17 9 2 1 2 7 1 2 7 0 2 7 0 20.2646257877349854
0 2 7 0 2 7 13 6 3 17 18 2 12 16 2 1 2 7 1 2 7 0 2 7 0 2 7 0 2 7 1 2 7 0 2 7 5 30 3 0 2 7 5 31 3 0 2 7 17 9 2 1 2 7 1 2 7 0 2 7 0 20.2646257877349854
0 2 7 0 2 7 13 6 3 17 18 2 12 16 2 1 2 7 1 2 7 0 2 7 0 2 7 0 2 7 1 2 7 0 2 7 5 30 3 0 2 7 5 31 3 0 2 7 17 9 2 1 2 7 1 2 7 0 2 7 0 20.2646257877349854
0 2 7 0 2 7 13 6 3 17 18 2 12 16 2 1 2 7 1 2 7 0 2 7 0 2 7 0 2 7 1 2 7 0 2 7 5 30 3 0 2 7 5 31 3 0 2 7 17 9 2 1 2 7 1 2 7 0 2 7 0 20.2646257877349854
0 2 7 0 2 7 13 6 3 17 18 2 12 16 2 1 2 7 1 2 7 0 2 7 0 2 7 0 2 7 1 2 7 0 2 7 5 30 3 0 2 7 5 31 3 0 2 7 17 9 2 1 2 7 1 2 7 0 2 7 0 20.2646257877349854
MonoObjective Genetic Algorithm
Number of Evaluations = 0
Mutation Probability = 0
Crossover Probability = 1
Population Size = 10
Survival Selection Type = 1
Time =  3608.71877193450928
0 2 7 0 2 7 13 6 3 17 18 2 12 16 2 1 2 7 1 2 7 0 2 7 0 2 7 0 2 7 1 2 7 0 2 7 5 30 3 0 2 7 5 31 3 0 2 7 17 9 2 1 2 7 1 2 7 0 2 7 0 20.2646257877349854
0 2 7 0 2 7 13 6 3 17 18 2 12 16 2 1 2 7 1 2 7 0 2 7 0 2 7 0 2 7 1 2 7 0 2 7 5 30 3 0 2 7 5 31 3 0 2 7 17 9 2 1 2 7 1 2 7 0 2 7 0 20.2646257877349854
0 2 7 0 2 7 13 6 3 17 18 2 12 16 2 1 2 7 1 2 7 0 2 7 0 2 7 0 2 7 1 2 7 0 2 7 5 30 3 0 2 7 5 31 3 0 2 7 17 9 2 1 2 7 1 2 7 0 2 7 0 20.2646257877349854
0 2 7 0 2 7 13 6 3 17 18 2 12 16 2 1 2 7 1 2 7 0 2 7 0 2 7 0 2 7 1 2 7 0 2 7 5 30 3 0 2 7 5 31 3 0 2 7 17 9 2 1 2 7 1 2 7 0 2 7 0 20.2646257877349854
0 2 7 0 2 7 13 6 3 17 18 2 12 16 2 1 2 7 1 2 7 0 2 7 0 2 7 0 2 7 1 2 7 0 2 7 5 30 3 0 2 7 5 31 3 0 2 7 17 9 2 1 2 7 1 2 7 0 2 7 0 20.2646257877349854
0 2 7 0 2 7 13 6 3 17 18 2 12 16 2 1 2 7 1 2 7 0 2 7 0 2 7 0 2 7 1 2 7 0 2 7 5 30 3 0 2 7 5 31 3 0 2 7 17 9 2 1 2 7 1 2 7 0 2 7 0 20.2646257877349854
0 2 7 0 2 7 13 6 3 17 18 2 12 16 2 1 2 7 1 2 7 0 2 7 0 2 7 0 2 7 1 2 7 0 2 7 5 30 3 0 2 7 5 31 3 0 2 7 17 9 2 1 2 7 1 2 7 0 2 7 0 20.2646257877349854
0 2 7 0 2 7 13 6 3 17 18 2 12 16 2 1 2 7 1 2 7 0 2 7 0 2 7 0 2 7 1 2 7 0 2 7 5 30 3 0 2 7 5 31 3 0 2 7 17 9 2 1 2 7 1 2 7 0 2 7 0 20.2646257877349854
0 2 7 0 2 7 13 6 3 17 18 2 12 16 2 1 2 7 1 2 7 0 2 7 0 2 7 0 2 7 1 2 7 0 2 7 5 30 3 0 2 7 5 31 3 0 2 7 17 9 2 1 2 7 1 2 7 0 2 7 0 20.2646257877349854
0 2 7 0 2 7 13 6 3 17 18 2 12 16 2 1 2 7 1 2 7 0 2 7 0 2 7 0 2 7 1 2 7 0 2 7 5 30 3 0 2 7 5 31 3 0 2 7 17 9 2 1 2 7 1 2 7 0 2 7 0 20.2646257877349854
