0 2 7 0 2 7 0 2 7 0 2 7 0 2 7 0 2 7 0 2 7 1 2 7 5 30 3 0 2 7 1 2 7 17 18 2 1 2 7 13 6 3 1 2 7 12 16 2 0 2 7 17 18 2 1 2 7 5 31 3 0 20.2646257877349854
1 2 7 1 2 7 0 2 7 0 2 7 1 2 7 0 2 7 13 6 3 1 2 7 0 2 7 17 9 2 0 2 7 1 2 7 0 2 7 0 2 7 17 18 2 0 2 7 0 2 7 12 16 2 5 31 3 5 30 3 0 20.2646257877349854
0 2 3 12 16 2 0 2 7 0 2 3 0 2 3 5 30 3 16 19 12 0 2 3 0 2 7 0 2 3 1 2 8 6 2 7 0 2 11 0 2 3 0 2 3 1 2 7 5 31 3 0 2 8 16 6 2 5 30 3 0 22.0145249962806702
1 16 2 1 2 8 17 2 11 16 19 11 1 2 11 0 2 3 5 2 7 1 2 7 0 30 3 1 2 7 0 2 2 0 2 2 1 2 7 0 2 7 5 31 3 0 2 7 0 2 3 16 2 3 16 31 2 0 2 3 586647.540879800799 21.370745062828064
12 9 2 0 2 3 0 2 3 16 2 11 0 2 11 1 2 3 0 2 7 0 30 7 5 30 3 0 2 7 0 2 7 0 2 7 0 2 7 0 2 7 5 2 3 0 2 7 0 2 8 0 2 3 17 18 2 5 30 3 795725.189036014024 21.6818810105323792
8 16 2 5 31 8 0 2 7 0 19 8 1 2 8 0 2 8 0 2 7 5 2 3 16 19 12 1 2 7 0 2 7 0 2 8 0 2 3 0 2 7 1 31 8 1 2 8 6 2 3 0 2 8 16 6 2 5 30 3 545736.865854484146 22.2381221055984497
0 2 3 0 2 12 0 2 3 0 2 3 0 2 3 16 19 11 5 30 3 1 2 7 9 2 7 0 2 7 1 2 3 5 30 3 0 2 3 0 2 7 16 19 11 0 2 7 1 2 8 5 30 3 0 2 3 0 2 7 0.00021846958558839605 22.1765177249908447
8 2 7 5 31 7 0 2 7 0 2 8 1 2 7 0 2 8 13 6 3 1 2 3 0 19 7 0 2 2 0 2 7 0 2 7 0 2 7 0 2 7 1 18 2 0 2 7 6 2 8 12 16 2 17 31 2 5 30 3 284073.579379840521 20.7846820950508118
0 2 7 0 2 7 1 2 7 0 2 11 1 2 7 6 2 7 0 2 11 5 30 3 16 19 11 17 9 2 0 2 7 0 2 7 1 2 7 0 2 7 0 2 7 0 2 3 0 2 7 0 2 7 5 31 3 5 30 3 0 21.1777659058570862
1 2 7 1 2 7 0 2 4 0 2 7 0 2 7 0 2 7 0 2 7 0 2 7 1 2 7 16 31 2 17 18 2 0 2 7 1 2 7 1 2 7 12 16 2 0 2 7 0 2 7 5 31 3 5 30 3 0 2 7 0 20.4679278135299683
0 2 7 0 2 7 0 2 7 0 2 7 0 2 7 0 2 7 0 2 7 1 2 7 5 30 3 0 2 7 1 2 7 17 18 2 1 2 7 13 6 3 1 2 7 12 16 2 0 2 7 17 18 2 1 2 7 5 31 3 0 20.2646257877349854
0 2 7 0 2 7 0 2 7 0 2 7 0 2 7 0 2 7 0 2 7 1 2 7 5 30 3 0 2 7 1 2 7 17 18 2 1 2 7 13 6 3 1 2 7 12 16 2 0 2 7 17 18 2 1 2 7 5 31 3 0 20.2646257877349854
0 2 7 0 2 7 0 2 7 0 2 7 0 2 7 0 2 7 0 2 7 1 2 7 5 30 3 0 2 7 1 2 7 17 18 2 1 2 7 13 6 3 1 2 7 12 16 2 0 2 7 17 18 2 1 2 7 5 31 3 0 20.2646257877349854
0 2 7 0 2 7 0 2 7 0 2 7 0 2 7 0 2 7 0 2 7 1 2 7 5 30 3 0 2 7 1 2 7 17 18 2 1 2 7 13 6 3 1 2 7 12 16 2 0 2 7 17 18 2 1 2 7 5 31 3 0 20.2646257877349854
0 2 7 0 2 7 0 2 7 0 2 7 0 2 7 0 2 7 0 2 7 1 2 7 5 30 3 0 2 7 1 2 7 17 18 2 1 2 7 13 6 3 1 2 7 12 16 2 0 2 7 17 18 2 1 2 7 5 31 3 0 20.2646257877349854
0 2 7 0 2 7 0 2 7 0 2 7 0 2 7 0 2 7 0 2 7 1 2 7 5 30 3 0 2 7 1 2 7 17 18 2 1 2 7 13 6 3 1 2 7 12 16 2 0 2 7 17 18 2 1 2 7 5 31 3 0 20.2646257877349854
0 2 7 0 2 7 0 2 7 0 2 7 0 2 7 0 2 7 0 2 7 1 2 7 5 30 3 0 2 7 1 2 7 17 18 2 1 2 7 13 6 3 1 2 7 12 16 2 0 2 7 17 18 2 1 2 7 5 31 3 0 20.2646257877349854
0 2 7 0 2 7 0 2 7 0 2 7 0 2 7 0 2 7 0 2 7 1 2 7 5 30 3 0 2 7 1 2 7 17 18 2 1 2 7 13 6 3 1 2 7 12 16 2 0 2 7 17 18 2 1 2 7 5 31 3 0 20.2646257877349854
0 2 7 0 2 7 0 2 7 0 2 7 0 2 7 0 2 7 0 2 7 1 2 7 5 30 3 0 2 7 1 2 7 17 18 2 1 2 7 13 6 3 1 2 7 12 16 2 0 2 7 17 18 2 1 2 7 5 31 3 0 20.2646257877349854
0 2 7 0 2 7 0 2 7 0 2 7 0 2 7 0 2 7 0 2 7 1 2 7 5 30 3 0 2 7 1 2 7 17 18 2 1 2 7 13 6 3 1 2 7 12 16 2 0 2 7 17 18 2 1 2 7 5 31 3 0 20.2646257877349854
0 2 7 0 2 7 0 2 7 0 2 7 0 2 7 0 2 7 0 2 7 1 2 7 5 30 3 0 2 7 1 2 7 17 18 2 1 2 7 13 6 3 1 2 7 12 16 2 0 2 7 17 18 2 1 2 7 5 31 3 0 20.2646257877349854
0 2 7 0 2 7 0 2 7 0 2 7 0 2 7 0 2 7 0 2 7 1 2 7 5 30 3 0 2 7 1 2 7 17 18 2 1 2 7 13 6 3 1 2 7 12 16 2 0 2 7 17 18 2 1 2 7 5 31 3 0 20.2646257877349854
0 2 7 0 2 7 0 2 7 0 2 7 0 2 7 0 2 7 0 2 7 1 2 7 5 30 3 0 2 7 1 2 7 17 18 2 1 2 7 13 6 3 1 2 7 12 16 2 0 2 7 17 18 2 1 2 7 5 31 3 0 20.2646257877349854
0 2 7 0 2 7 0 2 7 0 2 7 0 2 7 0 2 7 0 2 7 1 2 7 5 30 3 0 2 7 1 2 7 17 18 2 1 2 7 13 6 3 1 2 7 12 16 2 0 2 7 17 18 2 1 2 7 5 31 3 0 20.2646257877349854
0 2 7 0 2 7 0 2 7 0 2 7 0 2 7 0 2 7 0 2 7 1 2 7 5 30 3 0 2 7 1 2 7 17 18 2 1 2 7 13 6 3 1 2 7 12 16 2 0 2 7 17 18 2 1 2 7 5 31 3 0 20.2646257877349854
0 2 7 0 2 7 0 2 7 0 2 7 0 2 7 0 2 7 0 2 7 1 2 7 5 30 3 0 2 7 1 2 7 17 18 2 1 2 7 13 6 3 1 2 7 12 16 2 0 2 7 17 18 2 1 2 7 5 31 3 0 20.2646257877349854
0 2 7 0 2 7 0 2 7 0 2 7 0 2 7 0 2 7 0 2 7 1 2 7 5 30 3 0 2 7 1 2 7 17 18 2 1 2 7 13 6 3 1 2 7 12 16 2 0 2 7 17 18 2 1 2 7 5 31 3 0 20.2646257877349854
0 2 7 0 2 7 0 2 7 0 2 7 0 2 7 0 2 7 0 2 7 1 2 7 5 30 3 0 2 7 1 2 7 17 18 2 1 2 7 13 6 3 1 2 7 12 16 2 0 2 7 17 18 2 1 2 7 5 31 3 0 20.2646257877349854
0 2 7 0 2 7 0 2 7 0 2 7 0 2 7 0 2 7 0 2 7 1 2 7 5 30 3 0 2 7 1 2 7 17 18 2 1 2 7 13 6 3 1 2 7 12 16 2 0 2 7 17 18 2 1 2 7 5 31 3 0 20.2646257877349854
0 2 7 0 2 7 0 2 7 0 2 7 0 2 7 0 2 7 0 2 7 1 2 7 5 30 3 0 2 7 1 2 7 17 18 2 1 2 7 13 6 3 1 2 7 12 16 2 0 2 7 17 18 2 1 2 7 5 31 3 0 20.2646257877349854
0 2 7 0 2 7 0 2 7 0 2 7 0 2 7 0 2 7 0 2 7 1 2 7 5 30 3 0 2 7 1 2 7 17 18 2 1 2 7 13 6 3 1 2 7 12 16 2 0 2 7 17 18 2 1 2 7 5 31 3 0 20.2646257877349854
0 2 7 0 2 7 0 2 7 0 2 7 0 2 7 0 2 7 0 2 7 1 2 7 5 30 3 0 2 7 1 2 7 17 18 2 1 2 7 13 6 3 1 2 7 12 16 2 0 2 7 17 18 2 1 2 7 5 31 3 0 20.2646257877349854
0 2 7 0 2 7 0 2 7 0 2 7 0 2 7 0 2 7 0 2 7 1 2 7 5 30 3 0 2 7 1 2 7 17 18 2 1 2 7 13 6 3 1 2 7 12 16 2 0 2 7 17 18 2 1 2 7 5 31 3 0 20.2646257877349854
0 2 7 0 2 7 0 2 7 0 2 7 0 2 7 0 2 7 0 2 7 1 2 7 5 30 3 0 2 7 1 2 7 17 18 2 1 2 7 13 6 3 1 2 7 12 16 2 0 2 7 17 18 2 1 2 7 5 31 3 0 20.2646257877349854
0 2 7 0 2 7 0 2 7 0 2 7 0 2 7 0 2 7 0 2 7 1 2 7 5 30 3 0 2 7 1 2 7 17 18 2 1 2 7 13 6 3 1 2 7 12 16 2 0 2 7 17 18 2 1 2 7 5 31 3 0 20.2646257877349854
0 2 7 0 2 7 0 2 7 0 2 7 0 2 7 0 2 7 0 2 7 1 2 7 5 30 3 0 2 7 1 2 7 17 18 2 1 2 7 13 6 3 1 2 7 12 16 2 0 2 7 17 18 2 1 2 7 5 31 3 0 20.2646257877349854
0 2 7 0 2 7 0 2 7 0 2 7 0 2 7 0 2 7 0 2 7 1 2 7 5 30 3 0 2 7 1 2 7 17 18 2 1 2 7 13 6 3 1 2 7 12 16 2 0 2 7 17 18 2 1 2 7 5 31 3 0 20.2646257877349854
0 2 7 0 2 7 0 2 7 0 2 7 0 2 7 0 2 7 0 2 7 1 2 7 5 30 3 0 2 7 1 2 7 17 18 2 1 2 7 13 6 3 1 2 7 12 16 2 0 2 7 17 18 2 1 2 7 5 31 3 0 20.2646257877349854
0 2 7 0 2 7 0 2 7 0 2 7 0 2 7 0 2 7 0 2 7 1 2 7 5 30 3 0 2 7 1 2 7 17 18 2 1 2 7 13 6 3 1 2 7 12 16 2 0 2 7 17 18 2 1 2 7 5 31 3 0 20.2646257877349854
0 2 7 0 2 7 0 2 7 0 2 7 0 2 7 0 2 7 0 2 7 1 2 7 5 30 3 0 2 7 1 2 7 17 18 2 1 2 7 13 6 3 1 2 7 12 16 2 0 2 7 17 18 2 1 2 7 5 31 3 0 20.2646257877349854
0 2 7 0 2 7 0 2 7 0 2 7 0 2 7 0 2 7 0 2 7 1 2 7 5 30 3 0 2 7 1 2 7 17 18 2 1 2 7 13 6 3 1 2 7 12 16 2 0 2 7 17 18 2 1 2 7 5 31 3 0 20.2646257877349854
0 2 7 0 2 7 0 2 7 0 2 7 0 2 7 0 2 7 0 2 7 1 2 7 5 30 3 0 2 7 1 2 7 17 18 2 1 2 7 13 6 3 1 2 7 12 16 2 0 2 7 17 18 2 1 2 7 5 31 3 0 20.2646257877349854
0 2 7 0 2 7 0 2 7 0 2 7 0 2 7 0 2 7 0 2 7 1 2 7 5 30 3 0 2 7 1 2 7 17 18 2 1 2 7 13 6 3 1 2 7 12 16 2 0 2 7 17 18 2 1 2 7 5 31 3 0 20.2646257877349854
0 2 7 0 2 7 0 2 7 0 2 7 0 2 7 0 2 7 0 2 7 1 2 7 5 30 3 0 2 7 1 2 7 17 18 2 1 2 7 13 6 3 1 2 7 12 16 2 0 2 7 17 18 2 1 2 7 5 31 3 0 20.2646257877349854
0 2 7 0 2 7 0 2 7 0 2 7 0 2 7 0 2 7 0 2 7 1 2 7 5 30 3 0 2 7 1 2 7 17 18 2 1 2 7 13 6 3 1 2 7 12 16 2 0 2 7 17 18 2 1 2 7 5 31 3 0 20.2646257877349854
0 2 7 0 2 7 0 2 7 0 2 7 0 2 7 0 2 7 0 2 7 1 2 7 5 30 3 0 2 7 1 2 7 17 18 2 1 2 7 13 6 3 1 2 7 12 16 2 0 2 7 17 18 2 1 2 7 5 31 3 0 20.2646257877349854
0 2 7 0 2 7 0 2 7 0 2 7 0 2 7 0 2 7 0 2 7 1 2 7 5 30 3 0 2 7 1 2 7 17 18 2 1 2 7 13 6 3 1 2 7 12 16 2 0 2 7 17 18 2 1 2 7 5 31 3 0 20.2646257877349854
0 2 7 0 2 7 0 2 7 0 2 7 0 2 7 0 2 7 0 2 7 1 2 7 5 30 3 0 2 7 1 2 7 17 18 2 1 2 7 13 6 3 1 2 7 12 16 2 0 2 7 17 18 2 1 2 7 5 31 3 0 20.2646257877349854
0 2 7 0 2 7 0 2 7 0 2 7 0 2 7 0 2 7 0 2 7 1 2 7 5 30 3 0 2 7 1 2 7 17 18 2 1 2 7 13 6 3 1 2 7 12 16 2 0 2 7 17 18 2 1 2 7 5 31 3 0 20.2646257877349854
0 2 7 0 2 7 0 2 7 0 2 7 0 2 7 0 2 7 0 2 7 1 2 7 5 30 3 0 2 7 1 2 7 17 18 2 1 2 7 13 6 3 1 2 7 12 16 2 0 2 7 17 18 2 1 2 7 5 31 3 0 20.2646257877349854
0 2 7 0 2 7 0 2 7 0 2 7 0 2 7 0 2 7 0 2 7 1 2 7 5 30 3 0 2 7 1 2 7 17 18 2 1 2 7 13 6 3 1 2 7 12 16 2 0 2 7 17 18 2 1 2 7 5 31 3 0 20.2646257877349854
0 2 7 0 2 7 0 2 7 0 2 7 0 2 7 0 2 7 0 2 7 1 2 7 5 30 3 0 2 7 1 2 7 17 18 2 1 2 7 13 6 3 1 2 7 12 16 2 0 2 7 17 18 2 1 2 7 5 31 3 0 20.2646257877349854
0 2 7 0 2 7 0 2 7 0 2 7 0 2 7 0 2 7 0 2 7 1 2 7 5 30 3 0 2 7 1 2 7 17 18 2 1 2 7 13 6 3 1 2 7 12 16 2 0 2 7 17 18 2 1 2 7 5 31 3 0 20.2646257877349854
0 2 7 0 2 7 0 2 7 0 2 7 0 2 7 0 2 7 0 2 7 1 2 7 5 30 3 0 2 7 1 2 7 17 18 2 1 2 7 13 6 3 1 2 7 12 16 2 0 2 7 17 18 2 1 2 7 5 31 3 0 20.2646257877349854
0 2 7 0 2 7 0 2 7 0 2 7 0 2 7 0 2 7 0 2 7 1 2 7 5 30 3 0 2 7 1 2 7 17 18 2 1 2 7 13 6 3 1 2 7 12 16 2 0 2 7 17 18 2 1 2 7 5 31 3 0 20.2646257877349854
0 2 7 0 2 7 0 2 7 0 2 7 0 2 7 0 2 7 0 2 7 1 2 7 5 30 3 0 2 7 1 2 7 17 18 2 1 2 7 13 6 3 1 2 7 12 16 2 0 2 7 17 18 2 1 2 7 5 31 3 0 20.2646257877349854
0 2 7 0 2 7 0 2 7 0 2 7 0 2 7 0 2 7 0 2 7 1 2 7 5 30 3 0 2 7 1 2 7 17 18 2 1 2 7 13 6 3 1 2 7 12 16 2 0 2 7 17 18 2 1 2 7 5 31 3 0 20.2646257877349854
0 2 7 0 2 7 0 2 7 0 2 7 0 2 7 0 2 7 0 2 7 1 2 7 5 30 3 0 2 7 1 2 7 17 18 2 1 2 7 13 6 3 1 2 7 12 16 2 0 2 7 17 18 2 1 2 7 5 31 3 0 20.2646257877349854
0 2 7 0 2 7 0 2 7 0 2 7 0 2 7 0 2 7 0 2 7 1 2 7 5 30 3 0 2 7 1 2 7 17 18 2 1 2 7 13 6 3 1 2 7 12 16 2 0 2 7 17 18 2 1 2 7 5 31 3 0 20.2646257877349854
0 2 7 0 2 7 0 2 7 0 2 7 0 2 7 0 2 7 0 2 7 1 2 7 5 30 3 0 2 7 1 2 7 17 18 2 1 2 7 13 6 3 1 2 7 12 16 2 0 2 7 17 18 2 1 2 7 5 31 3 0 20.2646257877349854
0 2 7 0 2 7 0 2 7 0 2 7 0 2 7 0 2 7 0 2 7 1 2 7 5 30 3 0 2 7 1 2 7 17 18 2 1 2 7 13 6 3 1 2 7 12 16 2 0 2 7 17 18 2 1 2 7 5 31 3 0 20.2646257877349854
0 2 7 0 2 7 0 2 7 0 2 7 0 2 7 0 2 7 0 2 7 1 2 7 5 30 3 0 2 7 1 2 7 17 18 2 1 2 7 13 6 3 1 2 7 12 16 2 0 2 7 17 18 2 1 2 7 5 31 3 0 20.2646257877349854
0 2 7 0 2 7 0 2 7 0 2 7 0 2 7 0 2 7 0 2 7 1 2 7 5 30 3 0 2 7 1 2 7 17 18 2 1 2 7 13 6 3 1 2 7 12 16 2 0 2 7 17 18 2 1 2 7 5 31 3 0 20.2646257877349854
0 2 7 0 2 7 0 2 7 0 2 7 0 2 7 0 2 7 0 2 7 1 2 7 5 30 3 0 2 7 1 2 7 17 18 2 1 2 7 13 6 3 1 2 7 12 16 2 0 2 7 17 18 2 1 2 7 5 31 3 0 20.2646257877349854
0 2 7 0 2 7 0 2 7 0 2 7 0 2 7 0 2 7 0 2 7 1 2 7 5 30 3 0 2 7 1 2 7 17 18 2 1 2 7 13 6 3 1 2 7 12 16 2 0 2 7 17 18 2 1 2 7 5 31 3 0 20.2646257877349854
0 2 7 0 2 7 0 2 7 0 2 7 0 2 7 0 2 7 0 2 7 1 2 7 5 30 3 0 2 7 1 2 7 17 18 2 1 2 7 13 6 3 1 2 7 12 16 2 0 2 7 17 18 2 1 2 7 5 31 3 0 20.2646257877349854
0 2 7 0 2 7 0 2 7 0 2 7 0 2 7 0 2 7 0 2 7 1 2 7 5 30 3 0 2 7 1 2 7 17 18 2 1 2 7 13 6 3 1 2 7 12 16 2 0 2 7 17 18 2 1 2 7 5 31 3 0 20.2646257877349854
0 2 7 0 2 7 0 2 7 0 2 7 0 2 7 0 2 7 0 2 7 1 2 7 5 30 3 0 2 7 1 2 7 17 18 2 1 2 7 13 6 3 1 2 7 12 16 2 0 2 7 17 18 2 1 2 7 5 31 3 0 20.2646257877349854
0 2 7 0 2 7 0 2 7 0 2 7 0 2 7 0 2 7 0 2 7 1 2 7 5 30 3 0 2 7 1 2 7 17 18 2 1 2 7 13 6 3 1 2 7 12 16 2 0 2 7 17 18 2 1 2 7 5 31 3 0 20.2646257877349854
0 2 7 0 2 7 0 2 7 0 2 7 0 2 7 0 2 7 0 2 7 1 2 7 5 30 3 0 2 7 1 2 7 17 18 2 1 2 7 13 6 3 1 2 7 12 16 2 0 2 7 17 18 2 1 2 7 5 31 3 0 20.2646257877349854
0 2 7 0 2 7 0 2 7 0 2 7 0 2 7 0 2 7 0 2 7 1 2 7 5 30 3 0 2 7 1 2 7 17 18 2 1 2 7 13 6 3 1 2 7 12 16 2 0 2 7 17 18 2 1 2 7 5 31 3 0 20.2646257877349854
0 2 7 0 2 7 0 2 7 0 2 7 0 2 7 0 2 7 0 2 7 1 2 7 5 30 3 0 2 7 1 2 7 17 18 2 1 2 7 13 6 3 1 2 7 12 16 2 0 2 7 17 18 2 1 2 7 5 31 3 0 20.2646257877349854
0 2 7 0 2 7 0 2 7 0 2 7 0 2 7 0 2 7 0 2 7 1 2 7 5 30 3 0 2 7 1 2 7 17 18 2 1 2 7 13 6 3 1 2 7 12 16 2 0 2 7 17 18 2 1 2 7 5 31 3 0 20.2646257877349854
0 2 7 0 2 7 0 2 7 0 2 7 0 2 7 0 2 7 0 2 7 1 2 7 5 30 3 0 2 7 1 2 7 17 18 2 1 2 7 13 6 3 1 2 7 12 16 2 0 2 7 17 18 2 1 2 7 5 31 3 0 20.2646257877349854
0 2 7 0 2 7 0 2 7 0 2 7 0 2 7 0 2 7 0 2 7 1 2 7 5 30 3 0 2 7 1 2 7 17 18 2 1 2 7 13 6 3 1 2 7 12 16 2 0 2 7 17 18 2 1 2 7 5 31 3 0 20.2646257877349854
0 2 7 0 2 7 0 2 7 0 2 7 0 2 7 0 2 7 0 2 7 1 2 7 5 30 3 0 2 7 1 2 7 17 18 2 1 2 7 13 6 3 1 2 7 12 16 2 0 2 7 17 18 2 1 2 7 5 31 3 0 20.2646257877349854
0 2 7 0 2 7 0 2 7 0 2 7 0 2 7 0 2 7 0 2 7 1 2 7 5 30 3 0 2 7 1 2 7 17 18 2 1 2 7 13 6 3 1 2 7 12 16 2 0 2 7 17 18 2 1 2 7 5 31 3 0 20.2646257877349854
0 2 7 0 2 7 0 2 7 0 2 7 0 2 7 0 2 7 0 2 7 1 2 7 5 30 3 0 2 7 1 2 7 17 18 2 1 2 7 13 6 3 1 2 7 12 16 2 0 2 7 17 18 2 1 2 7 5 31 3 0 20.2646257877349854
0 2 7 0 2 7 0 2 7 0 2 7 0 2 7 0 2 7 0 2 7 1 2 7 5 30 3 0 2 7 1 2 7 17 18 2 1 2 7 13 6 3 1 2 7 12 16 2 0 2 7 17 18 2 1 2 7 5 31 3 0 20.2646257877349854
0 2 7 0 2 7 0 2 7 0 2 7 0 2 7 0 2 7 0 2 7 1 2 7 5 30 3 0 2 7 1 2 7 17 18 2 1 2 7 13 6 3 1 2 7 12 16 2 0 2 7 17 18 2 1 2 7 5 31 3 0 20.2646257877349854
0 2 7 0 2 7 0 2 7 0 2 7 0 2 7 0 2 7 0 2 7 1 2 7 5 30 3 0 2 7 1 2 7 17 18 2 1 2 7 13 6 3 1 2 7 12 16 2 0 2 7 17 18 2 1 2 7 5 31 3 0 20.2646257877349854
0 2 7 0 2 7 0 2 7 0 2 7 0 2 7 0 2 7 0 2 7 1 2 7 5 30 3 0 2 7 1 2 7 17 18 2 1 2 7 13 6 3 1 2 7 12 16 2 0 2 7 17 18 2 1 2 7 5 31 3 0 20.2646257877349854
0 2 7 0 2 7 0 2 7 0 2 7 0 2 7 0 2 7 0 2 7 1 2 7 5 30 3 0 2 7 1 2 7 17 18 2 1 2 7 13 6 3 1 2 7 12 16 2 0 2 7 17 18 2 1 2 7 5 31 3 0 20.2646257877349854
0 2 7 0 2 7 0 2 7 0 2 7 0 2 7 0 2 7 0 2 7 1 2 7 5 30 3 0 2 7 1 2 7 17 18 2 1 2 7 13 6 3 1 2 7 12 16 2 0 2 7 17 18 2 1 2 7 5 31 3 0 20.2646257877349854
0 2 7 0 2 7 0 2 7 0 2 7 0 2 7 0 2 7 0 2 7 1 2 7 5 30 3 0 2 7 1 2 7 17 18 2 1 2 7 13 6 3 1 2 7 12 16 2 0 2 7 17 18 2 1 2 7 5 31 3 0 20.2646257877349854
0 2 7 0 2 7 0 2 7 0 2 7 0 2 7 0 2 7 0 2 7 1 2 7 5 30 3 0 2 7 1 2 7 17 18 2 1 2 7 13 6 3 1 2 7 12 16 2 0 2 7 17 18 2 1 2 7 5 31 3 0 20.2646257877349854
0 2 7 0 2 7 0 2 7 0 2 7 0 2 7 0 2 7 0 2 7 1 2 7 5 30 3 0 2 7 1 2 7 17 18 2 1 2 7 13 6 3 1 2 7 12 16 2 0 2 7 17 18 2 1 2 7 5 31 3 0 20.2646257877349854
0 2 7 0 2 7 0 2 7 0 2 7 0 2 7 0 2 7 0 2 7 1 2 7 5 30 3 0 2 7 1 2 7 17 18 2 1 2 7 13 6 3 1 2 7 12 16 2 0 2 7 17 18 2 1 2 7 5 31 3 0 20.2646257877349854
0 2 7 0 2 7 0 2 7 0 2 7 0 2 7 0 2 7 0 2 7 1 2 7 5 30 3 0 2 7 1 2 7 17 18 2 1 2 7 13 6 3 1 2 7 12 16 2 0 2 7 17 18 2 1 2 7 5 31 3 0 20.2646257877349854
0 2 7 0 2 7 0 2 7 0 2 7 0 2 7 0 2 7 0 2 7 1 2 7 5 30 3 0 2 7 1 2 7 17 18 2 1 2 7 13 6 3 1 2 7 12 16 2 0 2 7 17 18 2 1 2 7 5 31 3 0 20.2646257877349854
0 2 7 0 2 7 0 2 7 0 2 7 0 2 7 0 2 7 0 2 7 1 2 7 5 30 3 0 2 7 1 2 7 17 18 2 1 2 7 13 6 3 1 2 7 12 16 2 0 2 7 17 18 2 1 2 7 5 31 3 0 20.2646257877349854
0 2 7 0 2 7 0 2 7 0 2 7 0 2 7 0 2 7 0 2 7 1 2 7 5 30 3 0 2 7 1 2 7 17 18 2 1 2 7 13 6 3 1 2 7 12 16 2 0 2 7 17 18 2 1 2 7 5 31 3 0 20.2646257877349854
0 2 7 0 2 7 0 2 7 0 2 7 0 2 7 0 2 7 0 2 7 1 2 7 5 30 3 0 2 7 1 2 7 17 18 2 1 2 7 13 6 3 1 2 7 12 16 2 0 2 7 17 18 2 1 2 7 5 31 3 0 20.2646257877349854
0 2 7 0 2 7 0 2 7 0 2 7 0 2 7 0 2 7 0 2 7 1 2 7 5 30 3 0 2 7 1 2 7 17 18 2 1 2 7 13 6 3 1 2 7 12 16 2 0 2 7 17 18 2 1 2 7 5 31 3 0 20.2646257877349854
0 2 7 0 2 7 0 2 7 0 2 7 0 2 7 0 2 7 0 2 7 1 2 7 5 30 3 0 2 7 1 2 7 17 18 2 1 2 7 13 6 3 1 2 7 12 16 2 0 2 7 17 18 2 1 2 7 5 31 3 0 20.2646257877349854
0 2 7 0 2 7 0 2 7 0 2 7 0 2 7 0 2 7 0 2 7 1 2 7 5 30 3 0 2 7 1 2 7 17 18 2 1 2 7 13 6 3 1 2 7 12 16 2 0 2 7 17 18 2 1 2 7 5 31 3 0 20.2646257877349854
0 2 7 0 2 7 0 2 7 0 2 7 0 2 7 0 2 7 0 2 7 1 2 7 5 30 3 0 2 7 1 2 7 17 18 2 1 2 7 13 6 3 1 2 7 12 16 2 0 2 7 17 18 2 1 2 7 5 31 3 0 20.2646257877349854
0 2 7 0 2 7 0 2 7 0 2 7 0 2 7 0 2 7 0 2 7 1 2 7 5 30 3 0 2 7 1 2 7 17 18 2 1 2 7 13 6 3 1 2 7 12 16 2 0 2 7 17 18 2 1 2 7 5 31 3 0 20.2646257877349854
0 2 7 0 2 7 0 2 7 0 2 7 0 2 7 0 2 7 0 2 7 1 2 7 5 30 3 0 2 7 1 2 7 17 18 2 1 2 7 13 6 3 1 2 7 12 16 2 0 2 7 17 18 2 1 2 7 5 31 3 0 20.2646257877349854
0 2 7 0 2 7 0 2 7 0 2 7 0 2 7 0 2 7 0 2 7 1 2 7 5 30 3 0 2 7 1 2 7 17 18 2 1 2 7 13 6 3 1 2 7 12 16 2 0 2 7 17 18 2 1 2 7 5 31 3 0 20.2646257877349854
0 2 7 0 2 7 0 2 7 0 2 7 0 2 7 0 2 7 0 2 7 1 2 7 5 30 3 0 2 7 1 2 7 17 18 2 1 2 7 13 6 3 1 2 7 12 16 2 0 2 7 17 18 2 1 2 7 5 31 3 0 20.2646257877349854
0 2 7 0 2 7 0 2 7 0 2 7 0 2 7 0 2 7 0 2 7 1 2 7 5 30 3 0 2 7 1 2 7 17 18 2 1 2 7 13 6 3 1 2 7 12 16 2 0 2 7 17 18 2 1 2 7 5 31 3 0 20.2646257877349854
0 2 7 0 2 7 0 2 7 0 2 7 0 2 7 0 2 7 0 2 7 1 2 7 5 30 3 0 2 7 1 2 7 17 18 2 1 2 7 13 6 3 1 2 7 12 16 2 0 2 7 17 18 2 1 2 7 5 31 3 0 20.2646257877349854
0 2 7 0 2 7 0 2 7 0 2 7 0 2 7 0 2 7 0 2 7 1 2 7 5 30 3 0 2 7 1 2 7 17 18 2 1 2 7 13 6 3 1 2 7 12 16 2 0 2 7 17 18 2 1 2 7 5 31 3 0 20.2646257877349854
0 2 7 0 2 7 0 2 7 0 2 7 0 2 7 0 2 7 0 2 7 1 2 7 5 30 3 0 2 7 1 2 7 17 18 2 1 2 7 13 6 3 1 2 7 12 16 2 0 2 7 17 18 2 1 2 7 5 31 3 0 20.2646257877349854
0 2 7 0 2 7 0 2 7 0 2 7 0 2 7 0 2 7 0 2 7 1 2 7 5 30 3 0 2 7 1 2 7 17 18 2 1 2 7 13 6 3 1 2 7 12 16 2 0 2 7 17 18 2 1 2 7 5 31 3 0 20.2646257877349854
0 2 7 0 2 7 0 2 7 0 2 7 0 2 7 0 2 7 0 2 7 1 2 7 5 30 3 0 2 7 1 2 7 17 18 2 1 2 7 13 6 3 1 2 7 12 16 2 0 2 7 17 18 2 1 2 7 5 31 3 0 20.2646257877349854
0 2 7 0 2 7 0 2 7 0 2 7 0 2 7 0 2 7 0 2 7 1 2 7 5 30 3 0 2 7 1 2 7 17 18 2 1 2 7 13 6 3 1 2 7 12 16 2 0 2 7 17 18 2 1 2 7 5 31 3 0 20.2646257877349854
0 2 7 0 2 7 0 2 7 0 2 7 0 2 7 0 2 7 0 2 7 1 2 7 5 30 3 0 2 7 1 2 7 17 18 2 1 2 7 13 6 3 1 2 7 12 16 2 0 2 7 17 18 2 1 2 7 5 31 3 0 20.2646257877349854
0 2 7 0 2 7 0 2 7 0 2 7 0 2 7 0 2 7 0 2 7 1 2 7 5 30 3 0 2 7 1 2 7 17 18 2 1 2 7 13 6 3 1 2 7 12 16 2 0 2 7 17 18 2 1 2 7 5 31 3 0 20.2646257877349854
0 2 7 0 2 7 0 2 7 0 2 7 0 2 7 0 2 7 0 2 7 1 2 7 5 30 3 0 2 7 1 2 7 17 18 2 1 2 7 13 6 3 1 2 7 12 16 2 0 2 7 17 18 2 1 2 7 5 31 3 0 20.2646257877349854
0 2 7 0 2 7 0 2 7 0 2 7 0 2 7 0 2 7 0 2 7 1 2 7 5 30 3 0 2 7 1 2 7 17 18 2 1 2 7 13 6 3 1 2 7 12 16 2 0 2 7 17 18 2 1 2 7 5 31 3 0 20.2646257877349854
0 2 7 0 2 7 0 2 7 0 2 7 0 2 7 0 2 7 0 2 7 1 2 7 5 30 3 0 2 7 1 2 7 17 18 2 1 2 7 13 6 3 1 2 7 12 16 2 0 2 7 17 18 2 1 2 7 5 31 3 0 20.2646257877349854
0 2 7 0 2 7 0 2 7 0 2 7 0 2 7 0 2 7 0 2 7 1 2 7 5 30 3 0 2 7 1 2 7 17 18 2 1 2 7 13 6 3 1 2 7 12 16 2 0 2 7 17 18 2 1 2 7 5 31 3 0 20.2646257877349854
0 2 7 0 2 7 0 2 7 0 2 7 0 2 7 0 2 7 0 2 7 1 2 7 5 30 3 0 2 7 1 2 7 17 18 2 1 2 7 13 6 3 1 2 7 12 16 2 0 2 7 17 18 2 1 2 7 5 31 3 0 20.2646257877349854
0 2 7 0 2 7 0 2 7 0 2 7 0 2 7 0 2 7 0 2 7 1 2 7 5 30 3 0 2 7 1 2 7 17 18 2 1 2 7 13 6 3 1 2 7 12 16 2 0 2 7 17 18 2 1 2 7 5 31 3 0 20.2646257877349854
0 2 7 0 2 7 0 2 7 0 2 7 0 2 7 0 2 7 0 2 7 1 2 7 5 30 3 0 2 7 1 2 7 17 18 2 1 2 7 13 6 3 1 2 7 12 16 2 0 2 7 17 18 2 1 2 7 5 31 3 0 20.2646257877349854
0 2 7 0 2 7 0 2 7 0 2 7 0 2 7 0 2 7 0 2 7 1 2 7 5 30 3 0 2 7 1 2 7 17 18 2 1 2 7 13 6 3 1 2 7 12 16 2 0 2 7 17 18 2 1 2 7 5 31 3 0 20.2646257877349854
0 2 7 0 2 7 0 2 7 0 2 7 0 2 7 0 2 7 0 2 7 1 2 7 5 30 3 0 2 7 1 2 7 17 18 2 1 2 7 13 6 3 1 2 7 12 16 2 0 2 7 17 18 2 1 2 7 5 31 3 0 20.2646257877349854
0 2 7 0 2 7 0 2 7 0 2 7 0 2 7 0 2 7 0 2 7 1 2 7 5 30 3 0 2 7 1 2 7 17 18 2 1 2 7 13 6 3 1 2 7 12 16 2 0 2 7 17 18 2 1 2 7 5 31 3 0 20.2646257877349854
0 2 7 0 2 7 0 2 7 0 2 7 0 2 7 0 2 7 0 2 7 1 2 7 5 30 3 0 2 7 1 2 7 17 18 2 1 2 7 13 6 3 1 2 7 12 16 2 0 2 7 17 18 2 1 2 7 5 31 3 0 20.2646257877349854
0 2 7 0 2 7 0 2 7 0 2 7 0 2 7 0 2 7 0 2 7 1 2 7 5 30 3 0 2 7 1 2 7 17 18 2 1 2 7 13 6 3 1 2 7 12 16 2 0 2 7 17 18 2 1 2 7 5 31 3 0 20.2646257877349854
0 2 7 0 2 7 0 2 7 0 2 7 0 2 7 0 2 7 0 2 7 1 2 7 5 30 3 0 2 7 1 2 7 17 18 2 1 2 7 13 6 3 1 2 7 12 16 2 0 2 7 17 18 2 1 2 7 5 31 3 0 20.2646257877349854
0 2 7 0 2 7 0 2 7 0 2 7 0 2 7 0 2 7 0 2 7 1 2 7 5 30 3 0 2 7 1 2 7 17 18 2 1 2 7 13 6 3 1 2 7 12 16 2 0 2 7 17 18 2 1 2 7 5 31 3 0 20.2646257877349854
0 2 7 0 2 7 0 2 7 0 2 7 0 2 7 0 2 7 0 2 7 1 2 7 5 30 3 0 2 7 1 2 7 17 18 2 1 2 7 13 6 3 1 2 7 12 16 2 0 2 7 17 18 2 1 2 7 5 31 3 0 20.2646257877349854
0 2 7 0 2 7 0 2 7 0 2 7 0 2 7 0 2 7 0 2 7 1 2 7 5 30 3 0 2 7 1 2 7 17 18 2 1 2 7 13 6 3 1 2 7 12 16 2 0 2 7 17 18 2 1 2 7 5 31 3 0 20.2646257877349854
0 2 7 0 2 7 0 2 7 0 2 7 0 2 7 0 2 7 0 2 7 1 2 7 5 30 3 0 2 7 1 2 7 17 18 2 1 2 7 13 6 3 1 2 7 12 16 2 0 2 7 17 18 2 1 2 7 5 31 3 0 20.2646257877349854
0 2 7 0 2 7 0 2 7 0 2 7 0 2 7 0 2 7 0 2 7 1 2 7 5 30 3 0 2 7 1 2 7 17 18 2 1 2 7 13 6 3 1 2 7 12 16 2 0 2 7 17 18 2 1 2 7 5 31 3 0 20.2646257877349854
0 2 7 0 2 7 0 2 7 0 2 7 0 2 7 0 2 7 0 2 7 1 2 7 5 30 3 0 2 7 1 2 7 17 18 2 1 2 7 13 6 3 1 2 7 12 16 2 0 2 7 17 18 2 1 2 7 5 31 3 0 20.2646257877349854
0 2 7 0 2 7 0 2 7 0 2 7 0 2 7 0 2 7 0 2 7 1 2 7 5 30 3 0 2 7 1 2 7 17 18 2 1 2 7 13 6 3 1 2 7 12 16 2 0 2 7 17 18 2 1 2 7 5 31 3 0 20.2646257877349854
0 2 7 0 2 7 0 2 7 0 2 7 0 2 7 0 2 7 0 2 7 1 2 7 5 30 3 0 2 7 1 2 7 17 18 2 1 2 7 13 6 3 1 2 7 12 16 2 0 2 7 17 18 2 1 2 7 5 31 3 0 20.2646257877349854
0 2 7 0 2 7 0 2 7 0 2 7 0 2 7 0 2 7 0 2 7 1 2 7 5 30 3 0 2 7 1 2 7 17 18 2 1 2 7 13 6 3 1 2 7 12 16 2 0 2 7 17 18 2 1 2 7 5 31 3 0 20.2646257877349854
0 2 7 0 2 7 0 2 7 0 2 7 0 2 7 0 2 7 0 2 7 1 2 7 5 30 3 0 2 7 1 2 7 17 18 2 1 2 7 13 6 3 1 2 7 12 16 2 0 2 7 17 18 2 1 2 7 5 31 3 0 20.2646257877349854
0 2 7 0 2 7 0 2 7 0 2 7 0 2 7 0 2 7 0 2 7 1 2 7 5 30 3 0 2 7 1 2 7 17 18 2 1 2 7 13 6 3 1 2 7 12 16 2 0 2 7 17 18 2 1 2 7 5 31 3 0 20.2646257877349854
0 2 7 0 2 7 0 2 7 0 2 7 0 2 7 0 2 7 0 2 7 1 2 7 5 30 3 0 2 7 1 2 7 17 18 2 1 2 7 13 6 3 1 2 7 12 16 2 0 2 7 17 18 2 1 2 7 5 31 3 0 20.2646257877349854
0 2 7 0 2 7 0 2 7 0 2 7 0 2 7 0 2 7 0 2 7 1 2 7 5 30 3 0 2 7 1 2 7 17 18 2 1 2 7 13 6 3 1 2 7 12 16 2 0 2 7 17 18 2 1 2 7 5 31 3 0 20.2646257877349854
0 2 7 0 2 7 0 2 7 0 2 7 0 2 7 0 2 7 0 2 7 1 2 7 5 30 3 0 2 7 1 2 7 17 18 2 1 2 7 13 6 3 1 2 7 12 16 2 0 2 7 17 18 2 1 2 7 5 31 3 0 20.2646257877349854
0 2 7 0 2 7 0 2 7 0 2 7 0 2 7 0 2 7 0 2 7 1 2 7 5 30 3 0 2 7 1 2 7 17 18 2 1 2 7 13 6 3 1 2 7 12 16 2 0 2 7 17 18 2 1 2 7 5 31 3 0 20.2646257877349854
0 2 7 0 2 7 0 2 7 0 2 7 0 2 7 0 2 7 0 2 7 1 2 7 5 30 3 0 2 7 1 2 7 17 18 2 1 2 7 13 6 3 1 2 7 12 16 2 0 2 7 17 18 2 1 2 7 5 31 3 0 20.2646257877349854
0 2 7 0 2 7 0 2 7 0 2 7 0 2 7 0 2 7 0 2 7 1 2 7 5 30 3 0 2 7 1 2 7 17 18 2 1 2 7 13 6 3 1 2 7 12 16 2 0 2 7 17 18 2 1 2 7 5 31 3 0 20.2646257877349854
0 2 7 0 2 7 0 2 7 0 2 7 0 2 7 0 2 7 0 2 7 1 2 7 5 30 3 0 2 7 1 2 7 17 18 2 1 2 7 13 6 3 1 2 7 12 16 2 0 2 7 17 18 2 1 2 7 5 31 3 0 20.2646257877349854
0 2 7 0 2 7 0 2 7 0 2 7 0 2 7 0 2 7 0 2 7 1 2 7 5 30 3 0 2 7 1 2 7 17 18 2 1 2 7 13 6 3 1 2 7 12 16 2 0 2 7 17 18 2 1 2 7 5 31 3 0 20.2646257877349854
0 2 7 0 2 7 0 2 7 0 2 7 0 2 7 0 2 7 0 2 7 1 2 7 5 30 3 0 2 7 1 2 7 17 18 2 1 2 7 13 6 3 1 2 7 12 16 2 0 2 7 17 18 2 1 2 7 5 31 3 0 20.2646257877349854
0 2 7 0 2 7 0 2 7 0 2 7 0 2 7 0 2 7 0 2 7 1 2 7 5 30 3 0 2 7 1 2 7 17 18 2 1 2 7 13 6 3 1 2 7 12 16 2 0 2 7 17 18 2 1 2 7 5 31 3 0 20.2646257877349854
0 2 7 0 2 7 0 2 7 0 2 7 0 2 7 0 2 7 0 2 7 1 2 7 5 30 3 0 2 7 1 2 7 17 18 2 1 2 7 13 6 3 1 2 7 12 16 2 0 2 7 17 18 2 1 2 7 5 31 3 0 20.2646257877349854
0 2 7 0 2 7 0 2 7 0 2 7 0 2 7 0 2 7 0 2 7 1 2 7 5 30 3 0 2 7 1 2 7 17 18 2 1 2 7 13 6 3 1 2 7 12 16 2 0 2 7 17 18 2 1 2 7 5 31 3 0 20.2646257877349854
0 2 7 0 2 7 0 2 7 0 2 7 0 2 7 0 2 7 0 2 7 1 2 7 5 30 3 0 2 7 1 2 7 17 18 2 1 2 7 13 6 3 1 2 7 12 16 2 0 2 7 17 18 2 1 2 7 5 31 3 0 20.2646257877349854
0 2 7 0 2 7 0 2 7 0 2 7 0 2 7 0 2 7 0 2 7 1 2 7 5 30 3 0 2 7 1 2 7 17 18 2 1 2 7 13 6 3 1 2 7 12 16 2 0 2 7 17 18 2 1 2 7 5 31 3 0 20.2646257877349854
0 2 7 0 2 7 0 2 7 0 2 7 0 2 7 0 2 7 0 2 7 1 2 7 5 30 3 0 2 7 1 2 7 17 18 2 1 2 7 13 6 3 1 2 7 12 16 2 0 2 7 17 18 2 1 2 7 5 31 3 0 20.2646257877349854
0 2 7 0 2 7 0 2 7 0 2 7 0 2 7 0 2 7 0 2 7 1 2 7 5 30 3 0 2 7 1 2 7 17 18 2 1 2 7 13 6 3 1 2 7 12 16 2 0 2 7 17 18 2 1 2 7 5 31 3 0 20.2646257877349854
0 2 7 0 2 7 0 2 7 0 2 7 0 2 7 0 2 7 0 2 7 1 2 7 5 30 3 0 2 7 1 2 7 17 18 2 1 2 7 13 6 3 1 2 7 12 16 2 0 2 7 17 18 2 1 2 7 5 31 3 0 20.2646257877349854
0 2 7 0 2 7 0 2 7 0 2 7 0 2 7 0 2 7 0 2 7 1 2 7 5 30 3 0 2 7 1 2 7 17 18 2 1 2 7 13 6 3 1 2 7 12 16 2 0 2 7 17 18 2 1 2 7 5 31 3 0 20.2646257877349854
0 2 7 0 2 7 0 2 7 0 2 7 0 2 7 0 2 7 0 2 7 1 2 7 5 30 3 0 2 7 1 2 7 17 18 2 1 2 7 13 6 3 1 2 7 12 16 2 0 2 7 17 18 2 1 2 7 5 31 3 0 20.2646257877349854
0 2 7 0 2 7 0 2 7 0 2 7 0 2 7 0 2 7 0 2 7 1 2 7 5 30 3 0 2 7 1 2 7 17 18 2 1 2 7 13 6 3 1 2 7 12 16 2 0 2 7 17 18 2 1 2 7 5 31 3 0 20.2646257877349854
0 2 7 0 2 7 0 2 7 0 2 7 0 2 7 0 2 7 0 2 7 1 2 7 5 30 3 0 2 7 1 2 7 17 18 2 1 2 7 13 6 3 1 2 7 12 16 2 0 2 7 17 18 2 1 2 7 5 31 3 0 20.2646257877349854
0 2 7 0 2 7 0 2 7 0 2 7 0 2 7 0 2 7 0 2 7 1 2 7 5 30 3 0 2 7 1 2 7 17 18 2 1 2 7 13 6 3 1 2 7 12 16 2 0 2 7 17 18 2 1 2 7 5 31 3 0 20.2646257877349854
0 2 7 0 2 7 0 2 7 0 2 7 0 2 7 0 2 7 0 2 7 1 2 7 5 30 3 0 2 7 1 2 7 17 18 2 1 2 7 13 6 3 1 2 7 12 16 2 0 2 7 17 18 2 1 2 7 5 31 3 0 20.2646257877349854
0 2 7 0 2 7 0 2 7 0 2 7 0 2 7 0 2 7 0 2 7 1 2 7 5 30 3 0 2 7 1 2 7 17 18 2 1 2 7 13 6 3 1 2 7 12 16 2 0 2 7 17 18 2 1 2 7 5 31 3 0 20.2646257877349854
0 2 7 0 2 7 0 2 7 0 2 7 0 2 7 0 2 7 0 2 7 1 2 7 5 30 3 0 2 7 1 2 7 17 18 2 1 2 7 13 6 3 1 2 7 12 16 2 0 2 7 17 18 2 1 2 7 5 31 3 0 20.2646257877349854
0 2 7 0 2 7 0 2 7 0 2 7 0 2 7 0 2 7 0 2 7 1 2 7 5 30 3 0 2 7 1 2 7 17 18 2 1 2 7 13 6 3 1 2 7 12 16 2 0 2 7 17 18 2 1 2 7 5 31 3 0 20.2646257877349854
0 2 7 0 2 7 0 2 7 0 2 7 0 2 7 0 2 7 0 2 7 1 2 7 5 30 3 0 2 7 1 2 7 17 18 2 1 2 7 13 6 3 1 2 7 12 16 2 0 2 7 17 18 2 1 2 7 5 31 3 0 20.2646257877349854
0 2 7 0 2 7 0 2 7 0 2 7 0 2 7 0 2 7 0 2 7 1 2 7 5 30 3 0 2 7 1 2 7 17 18 2 1 2 7 13 6 3 1 2 7 12 16 2 0 2 7 17 18 2 1 2 7 5 31 3 0 20.2646257877349854
0 2 7 0 2 7 0 2 7 0 2 7 0 2 7 0 2 7 0 2 7 1 2 7 5 30 3 0 2 7 1 2 7 17 18 2 1 2 7 13 6 3 1 2 7 12 16 2 0 2 7 17 18 2 1 2 7 5 31 3 0 20.2646257877349854
0 2 7 0 2 7 0 2 7 0 2 7 0 2 7 0 2 7 0 2 7 1 2 7 5 30 3 0 2 7 1 2 7 17 18 2 1 2 7 13 6 3 1 2 7 12 16 2 0 2 7 17 18 2 1 2 7 5 31 3 0 20.2646257877349854
0 2 7 0 2 7 0 2 7 0 2 7 0 2 7 0 2 7 0 2 7 1 2 7 5 30 3 0 2 7 1 2 7 17 18 2 1 2 7 13 6 3 1 2 7 12 16 2 0 2 7 17 18 2 1 2 7 5 31 3 0 20.2646257877349854
0 2 7 0 2 7 0 2 7 0 2 7 0 2 7 0 2 7 0 2 7 1 2 7 5 30 3 0 2 7 1 2 7 17 18 2 1 2 7 13 6 3 1 2 7 12 16 2 0 2 7 17 18 2 1 2 7 5 31 3 0 20.2646257877349854
0 2 7 0 2 7 0 2 7 0 2 7 0 2 7 0 2 7 0 2 7 1 2 7 5 30 3 0 2 7 1 2 7 17 18 2 1 2 7 13 6 3 1 2 7 12 16 2 0 2 7 17 18 2 1 2 7 5 31 3 0 20.2646257877349854
0 2 7 0 2 7 0 2 7 0 2 7 0 2 7 0 2 7 0 2 7 1 2 7 5 30 3 0 2 7 1 2 7 17 18 2 1 2 7 13 6 3 1 2 7 12 16 2 0 2 7 17 18 2 1 2 7 5 31 3 0 20.2646257877349854
0 2 7 0 2 7 0 2 7 0 2 7 0 2 7 0 2 7 0 2 7 1 2 7 5 30 3 0 2 7 1 2 7 17 18 2 1 2 7 13 6 3 1 2 7 12 16 2 0 2 7 17 18 2 1 2 7 5 31 3 0 20.2646257877349854
0 2 7 0 2 7 0 2 7 0 2 7 0 2 7 0 2 7 0 2 7 1 2 7 5 30 3 0 2 7 1 2 7 17 18 2 1 2 7 13 6 3 1 2 7 12 16 2 0 2 7 17 18 2 1 2 7 5 31 3 0 20.2646257877349854
0 2 7 0 2 7 0 2 7 0 2 7 0 2 7 0 2 7 0 2 7 1 2 7 5 30 3 0 2 7 1 2 7 17 18 2 1 2 7 13 6 3 1 2 7 12 16 2 0 2 7 17 18 2 1 2 7 5 31 3 0 20.2646257877349854
0 2 7 0 2 7 0 2 7 0 2 7 0 2 7 0 2 7 0 2 7 1 2 7 5 30 3 0 2 7 1 2 7 17 18 2 1 2 7 13 6 3 1 2 7 12 16 2 0 2 7 17 18 2 1 2 7 5 31 3 0 20.2646257877349854
0 2 7 0 2 7 0 2 7 0 2 7 0 2 7 0 2 7 0 2 7 1 2 7 5 30 3 0 2 7 1 2 7 17 18 2 1 2 7 13 6 3 1 2 7 12 16 2 0 2 7 17 18 2 1 2 7 5 31 3 0 20.2646257877349854
0 2 7 0 2 7 0 2 7 0 2 7 0 2 7 0 2 7 0 2 7 1 2 7 5 30 3 0 2 7 1 2 7 17 18 2 1 2 7 13 6 3 1 2 7 12 16 2 0 2 7 17 18 2 1 2 7 5 31 3 0 20.2646257877349854
0 2 7 0 2 7 0 2 7 0 2 7 0 2 7 0 2 7 0 2 7 1 2 7 5 30 3 0 2 7 1 2 7 17 18 2 1 2 7 13 6 3 1 2 7 12 16 2 0 2 7 17 18 2 1 2 7 5 31 3 0 20.2646257877349854
0 2 7 0 2 7 0 2 7 0 2 7 0 2 7 0 2 7 0 2 7 1 2 7 5 30 3 0 2 7 1 2 7 17 18 2 1 2 7 13 6 3 1 2 7 12 16 2 0 2 7 17 18 2 1 2 7 5 31 3 0 20.2646257877349854
0 2 7 0 2 7 0 2 7 0 2 7 0 2 7 0 2 7 0 2 7 1 2 7 5 30 3 0 2 7 1 2 7 17 18 2 1 2 7 13 6 3 1 2 7 12 16 2 0 2 7 17 18 2 1 2 7 5 31 3 0 20.2646257877349854
0 2 7 0 2 7 0 2 7 0 2 7 0 2 7 0 2 7 0 2 7 1 2 7 5 30 3 0 2 7 1 2 7 17 18 2 1 2 7 13 6 3 1 2 7 12 16 2 0 2 7 17 18 2 1 2 7 5 31 3 0 20.2646257877349854
0 2 7 0 2 7 0 2 7 0 2 7 0 2 7 0 2 7 0 2 7 1 2 7 5 30 3 0 2 7 1 2 7 17 18 2 1 2 7 13 6 3 1 2 7 12 16 2 0 2 7 17 18 2 1 2 7 5 31 3 0 20.2646257877349854
0 2 7 0 2 7 0 2 7 0 2 7 0 2 7 0 2 7 0 2 7 1 2 7 5 30 3 0 2 7 1 2 7 17 18 2 1 2 7 13 6 3 1 2 7 12 16 2 0 2 7 17 18 2 1 2 7 5 31 3 0 20.2646257877349854
0 2 7 0 2 7 0 2 7 0 2 7 0 2 7 0 2 7 0 2 7 1 2 7 5 30 3 0 2 7 1 2 7 17 18 2 1 2 7 13 6 3 1 2 7 12 16 2 0 2 7 17 18 2 1 2 7 5 31 3 0 20.2646257877349854
0 2 7 0 2 7 0 2 7 0 2 7 0 2 7 0 2 7 0 2 7 1 2 7 5 30 3 0 2 7 1 2 7 17 18 2 1 2 7 13 6 3 1 2 7 12 16 2 0 2 7 17 18 2 1 2 7 5 31 3 0 20.2646257877349854
0 2 7 0 2 7 0 2 7 0 2 7 0 2 7 0 2 7 0 2 7 1 2 7 5 30 3 0 2 7 1 2 7 17 18 2 1 2 7 13 6 3 1 2 7 12 16 2 0 2 7 17 18 2 1 2 7 5 31 3 0 20.2646257877349854
0 2 7 0 2 7 0 2 7 0 2 7 0 2 7 0 2 7 0 2 7 1 2 7 5 30 3 0 2 7 1 2 7 17 18 2 1 2 7 13 6 3 1 2 7 12 16 2 0 2 7 17 18 2 1 2 7 5 31 3 0 20.2646257877349854
0 2 7 0 2 7 0 2 7 0 2 7 0 2 7 0 2 7 0 2 7 1 2 7 5 30 3 0 2 7 1 2 7 17 18 2 1 2 7 13 6 3 1 2 7 12 16 2 0 2 7 17 18 2 1 2 7 5 31 3 0 20.2646257877349854
0 2 7 0 2 7 0 2 7 0 2 7 0 2 7 0 2 7 0 2 7 1 2 7 5 30 3 0 2 7 1 2 7 17 18 2 1 2 7 13 6 3 1 2 7 12 16 2 0 2 7 17 18 2 1 2 7 5 31 3 0 20.2646257877349854
0 2 7 0 2 7 0 2 7 0 2 7 0 2 7 0 2 7 0 2 7 1 2 7 5 30 3 0 2 7 1 2 7 17 18 2 1 2 7 13 6 3 1 2 7 12 16 2 0 2 7 17 18 2 1 2 7 5 31 3 0 20.2646257877349854
0 2 7 0 2 7 0 2 7 0 2 7 0 2 7 0 2 7 0 2 7 1 2 7 5 30 3 0 2 7 1 2 7 17 18 2 1 2 7 13 6 3 1 2 7 12 16 2 0 2 7 17 18 2 1 2 7 5 31 3 0 20.2646257877349854
0 2 7 0 2 7 0 2 7 0 2 7 0 2 7 0 2 7 0 2 7 1 2 7 5 30 3 0 2 7 1 2 7 17 18 2 1 2 7 13 6 3 1 2 7 12 16 2 0 2 7 17 18 2 1 2 7 5 31 3 0 20.2646257877349854
0 2 7 0 2 7 0 2 7 0 2 7 0 2 7 0 2 7 0 2 7 1 2 7 5 30 3 0 2 7 1 2 7 17 18 2 1 2 7 13 6 3 1 2 7 12 16 2 0 2 7 17 18 2 1 2 7 5 31 3 0 20.2646257877349854
0 2 7 0 2 7 0 2 7 0 2 7 0 2 7 0 2 7 0 2 7 1 2 7 5 30 3 0 2 7 1 2 7 17 18 2 1 2 7 13 6 3 1 2 7 12 16 2 0 2 7 17 18 2 1 2 7 5 31 3 0 20.2646257877349854
0 2 7 0 2 7 0 2 7 0 2 7 0 2 7 0 2 7 0 2 7 1 2 7 5 30 3 0 2 7 1 2 7 17 18 2 1 2 7 13 6 3 1 2 7 12 16 2 0 2 7 17 18 2 1 2 7 5 31 3 0 20.2646257877349854
0 2 7 0 2 7 0 2 7 0 2 7 0 2 7 0 2 7 0 2 7 1 2 7 5 30 3 0 2 7 1 2 7 17 18 2 1 2 7 13 6 3 1 2 7 12 16 2 0 2 7 17 18 2 1 2 7 5 31 3 0 20.2646257877349854
0 2 7 0 2 7 0 2 7 0 2 7 0 2 7 0 2 7 0 2 7 1 2 7 5 30 3 0 2 7 1 2 7 17 18 2 1 2 7 13 6 3 1 2 7 12 16 2 0 2 7 17 18 2 1 2 7 5 31 3 0 20.2646257877349854
0 2 7 0 2 7 0 2 7 0 2 7 0 2 7 0 2 7 0 2 7 1 2 7 5 30 3 0 2 7 1 2 7 17 18 2 1 2 7 13 6 3 1 2 7 12 16 2 0 2 7 17 18 2 1 2 7 5 31 3 0 20.2646257877349854
0 2 7 0 2 7 0 2 7 0 2 7 0 2 7 0 2 7 0 2 7 1 2 7 5 30 3 0 2 7 1 2 7 17 18 2 1 2 7 13 6 3 1 2 7 12 16 2 0 2 7 17 18 2 1 2 7 5 31 3 0 20.2646257877349854
0 2 7 0 2 7 0 2 7 0 2 7 0 2 7 0 2 7 0 2 7 1 2 7 5 30 3 0 2 7 1 2 7 17 18 2 1 2 7 13 6 3 1 2 7 12 16 2 0 2 7 17 18 2 1 2 7 5 31 3 0 20.2646257877349854
0 2 7 0 2 7 0 2 7 0 2 7 0 2 7 0 2 7 0 2 7 1 2 7 5 30 3 0 2 7 1 2 7 17 18 2 1 2 7 13 6 3 1 2 7 12 16 2 0 2 7 17 18 2 1 2 7 5 31 3 0 20.2646257877349854
0 2 7 0 2 7 0 2 7 0 2 7 0 2 7 0 2 7 0 2 7 1 2 7 5 30 3 0 2 7 1 2 7 17 18 2 1 2 7 13 6 3 1 2 7 12 16 2 0 2 7 17 18 2 1 2 7 5 31 3 0 20.2646257877349854
0 2 7 0 2 7 0 2 7 0 2 7 0 2 7 0 2 7 0 2 7 1 2 7 5 30 3 0 2 7 1 2 7 17 18 2 1 2 7 13 6 3 1 2 7 12 16 2 0 2 7 17 18 2 1 2 7 5 31 3 0 20.2646257877349854
MonoObjective Genetic Algorithm
Number of Evaluations = 0
Mutation Probability = 0
Crossover Probability = 1
Population Size = 10
Survival Selection Type = 1
Time =  3607.6998598575592
0 2 7 0 2 7 0 2 7 0 2 7 0 2 7 0 2 7 0 2 7 1 2 7 5 30 3 0 2 7 1 2 7 17 18 2 1 2 7 13 6 3 1 2 7 12 16 2 0 2 7 17 18 2 1 2 7 5 31 3 0 20.2646257877349854
0 2 7 0 2 7 0 2 7 0 2 7 0 2 7 0 2 7 0 2 7 1 2 7 5 30 3 0 2 7 1 2 7 17 18 2 1 2 7 13 6 3 1 2 7 12 16 2 0 2 7 17 18 2 1 2 7 5 31 3 0 20.2646257877349854
0 2 7 0 2 7 0 2 7 0 2 7 0 2 7 0 2 7 0 2 7 1 2 7 5 30 3 0 2 7 1 2 7 17 18 2 1 2 7 13 6 3 1 2 7 12 16 2 0 2 7 17 18 2 1 2 7 5 31 3 0 20.2646257877349854
0 2 7 0 2 7 0 2 7 0 2 7 0 2 7 0 2 7 0 2 7 1 2 7 5 30 3 0 2 7 1 2 7 17 18 2 1 2 7 13 6 3 1 2 7 12 16 2 0 2 7 17 18 2 1 2 7 5 31 3 0 20.2646257877349854
0 2 7 0 2 7 0 2 7 0 2 7 0 2 7 0 2 7 0 2 7 1 2 7 5 30 3 0 2 7 1 2 7 17 18 2 1 2 7 13 6 3 1 2 7 12 16 2 0 2 7 17 18 2 1 2 7 5 31 3 0 20.2646257877349854
0 2 7 0 2 7 0 2 7 0 2 7 0 2 7 0 2 7 0 2 7 1 2 7 5 30 3 0 2 7 1 2 7 17 18 2 1 2 7 13 6 3 1 2 7 12 16 2 0 2 7 17 18 2 1 2 7 5 31 3 0 20.2646257877349854
0 2 7 0 2 7 0 2 7 0 2 7 0 2 7 0 2 7 0 2 7 1 2 7 5 30 3 0 2 7 1 2 7 17 18 2 1 2 7 13 6 3 1 2 7 12 16 2 0 2 7 17 18 2 1 2 7 5 31 3 0 20.2646257877349854
0 2 7 0 2 7 0 2 7 0 2 7 0 2 7 0 2 7 0 2 7 1 2 7 5 30 3 0 2 7 1 2 7 17 18 2 1 2 7 13 6 3 1 2 7 12 16 2 0 2 7 17 18 2 1 2 7 5 31 3 0 20.2646257877349854
0 2 7 0 2 7 0 2 7 0 2 7 0 2 7 0 2 7 0 2 7 1 2 7 5 30 3 0 2 7 1 2 7 17 18 2 1 2 7 13 6 3 1 2 7 12 16 2 0 2 7 17 18 2 1 2 7 5 31 3 0 20.2646257877349854
0 2 7 0 2 7 0 2 7 0 2 7 0 2 7 0 2 7 0 2 7 1 2 7 5 30 3 0 2 7 1 2 7 17 18 2 1 2 7 13 6 3 1 2 7 12 16 2 0 2 7 17 18 2 1 2 7 5 31 3 0 20.2646257877349854
