1 2 7 5 30 3 1 2 7 0 2 3 0 2 7 12 16 2 0 2 7 0 2 3 16 6 2 0 2 7 0 2 7 8 18 2 1 2 7 0 2 7 12 16 2 16 6 2 0 2 4 0 2 7 1 2 7 0 2 7 1 2 7 17 18 2 1 2 7 12 16 2 0 2 7 0 2 7 16 6 2 5 30 3 0 2 7 5 31 3 5 30 3 12 16 2 0 2 7 0 2 7 8 18 2 1 2 4 0 2 7 0 2 7 1 2 7 0 2 3 17 9 2 16 15 2 0 2 7 8 18 2 0 2 4 0 2 7 1 2 7 8 9 2 0 2 7 0 2 7 0 2 7 0 2 7 1 2 3 16 19 11 1 2 7 1 2 7 5 31 3 0 2 7 0 2 7 12 16 2 0 62.0368742942810059
6 2 8 0 2 8 0 2 11 0 2 7 0 2 7 12 16 2 5 30 3 5 30 3 0 2 7 16 6 2 17 18 2 0 2 11 0 2 8 16 6 2 0 2 7 16 9 8 0 2 11 5 31 3 0 2 3 0 2 8 0 2 11 0 2 8 0 2 11 5 30 3 0 2 8 0 2 7 1 2 7 5 30 3 0 2 7 0 2 11 0 2 7 16 19 11 0 2 11 12 16 2 0 2 11 0 2 7 0 2 11 0 2 7 0 2 11 5 30 3 0 2 8 0 2 3 0 2 7 5 31 3 5 30 3 5 31 3 0 2 7 5 30 3 0 2 8 0 2 7 0 2 11 0 2 11 16 19 11 16 19 11 0 2 8 0 2 7 0 2 8 0 2 7 1 2 8 0 2 7 0 66.5076104402542114
0 2 8 0 2 8 1 2 8 5 30 3 0 2 8 16 19 12 8 18 2 8 18 2 5 30 3 8 9 2 5 30 3 8 9 2 0 2 8 16 19 12 5 30 3 8 18 2 0 2 8 16 19 12 8 9 2 16 19 12 8 18 2 8 9 2 8 9 2 8 18 2 0 2 8 1 2 8 5 30 3 16 19 12 0 2 8 1 2 8 8 18 2 0 2 8 0 2 8 8 18 2 8 9 2 8 9 2 0 2 8 1 2 8 5 30 3 0 2 8 16 19 12 8 9 2 16 15 2 16 19 12 8 18 2 0 2 8 0 2 8 0 2 8 0 2 8 13 6 3 5 30 3 0 2 8 0 2 8 0 2 8 0 2 8 1 2 8 1 2 8 8 9 2 1 2 8 1 2 8 0.026959370345945935 67.4892942905426025
0 2 3 0 2 8 1 2 8 5 30 3 0 2 8 12 19 2 8 6 2 8 2 2 0 2 3 12 9 2 5 30 3 16 9 2 0 2 3 0 19 7 5 30 3 8 18 2 0 2 8 16 19 11 0 2 7 0 2 7 16 18 2 0 9 7 8 2 7 5 30 3 0 2 8 0 2 3 5 30 3 0 2 12 0 2 8 1 2 3 8 18 2 0 2 8 0 2 7 0 18 3 0 2 2 8 9 3 1 2 8 1 2 3 5 30 3 1 2 8 16 19 12 0 9 7 16 15 2 5 31 3 0 2 3 0 2 3 0 2 7 1 2 8 0 2 7 0 6 7 0 2 11 0 2 8 5 30 8 0 2 8 0 2 7 1 2 7 1 2 3 8 9 7 0 2 8 1 2 8 1119940.30862602452 65.5347073078155518
0 2 3 0 2 7 1 2 7 5 31 3 0 2 3 12 16 2 16 6 2 6 2 7 0 2 7 12 16 2 5 30 3 16 6 2 0 2 3 0 2 7 5 30 3 16 30 2 0 2 3 16 19 11 0 2 7 0 2 7 16 6 2 0 2 7 0 2 7 5 30 3 0 2 7 0 2 3 5 31 3 0 2 3 0 2 7 1 2 3 1 2 3 0 2 3 0 2 7 0 2 3 0 2 7 6 2 3 1 2 7 0 2 3 5 30 3 1 2 3 16 19 11 0 2 7 16 6 2 5 31 3 0 2 3 0 2 3 0 2 7 1 2 11 0 2 7 0 2 7 0 2 11 0 2 7 5 30 3 0 2 3 0 2 7 0 2 7 5 30 3 0 2 7 0 2 3 1 2 11 0 63.8465123772621155
5 2 7 0 9 3 1 2 7 12 31 3 16 19 3 1 15 2 0 2 8 0 2 3 12 16 8 0 2 8 0 2 2 16 15 2 1 2 8 5 30 3 16 19 2 0 2 3 0 2 8 5 30 3 1 2 2 5 30 8 12 2 8 8 18 8 0 9 2 0 2 8 16 30 12 8 18 2 8 2 3 6 2 3 6 2 3 16 2 12 5 30 8 0 19 8 8 18 2 0 2 3 0 2 3 0 2 8 0 2 8 0 2 8 0 2 11 8 9 2 5 30 3 0 2 8 0 2 3 0 2 7 12 16 2 5 30 3 16 30 3 13 6 3 8 2 8 8 9 2 6 2 2 0 2 12 16 19 3 0 9 7 1 2 8 16 15 7 0 2 12 6 16 8 0 9 2 2 3 3 1238950.22012586403 65.6351258158683777
0 2 8 0 2 8 0 2 3 5 31 3 0 2 8 16 19 12 8 18 2 12 16 2 5 30 3 0 2 3 5 30 3 0 2 8 0 2 8 16 19 12 5 30 3 0 2 8 0 2 8 16 19 12 5 30 3 16 19 12 0 2 3 0 2 8 12 16 2 8 18 2 0 2 3 0 2 8 5 30 3 16 19 12 0 2 8 0 2 8 5 31 3 0 2 8 0 2 8 0 2 8 0 2 8 0 2 8 0 2 8 0 2 8 5 30 3 0 2 8 16 19 11 5 30 3 0 2 8 16 19 12 0 2 8 0 2 8 0 2 8 0 2 8 0 2 8 0 2 8 5 30 3 0 2 3 0 2 8 0 2 8 0 2 3 0 2 8 0 2 8 0 2 8 0 2 8 0 2 8 2.1985957446207956e-05 70.3605937957763672
0 2 8 0 2 7 12 16 2 0 2 3 0 2 3 12 16 2 8 18 2 5 30 3 5 30 3 16 6 2 5 30 3 16 6 2 0 2 7 16 31 2 16 19 12 16 19 11 0 2 8 5 30 3 5 30 3 5 30 3 16 6 2 0 2 8 0 2 3 5 30 3 0 2 3 0 2 3 16 19 12 0 2 3 0 2 3 0 2 12 0 2 3 0 2 7 1 2 8 0 2 3 0 2 8 0 2 3 0 2 3 1 2 7 0 2 11 0 2 7 5 31 3 0 2 3 1 2 8 0 2 8 0 2 8 0 2 3 5 30 3 0 2 3 0 2 8 0 2 3 0 2 3 0 2 8 9 2 7 1 2 3 1 2 8 0 2 3 1 2 3 0 2 3 0 2 3 0 2 7 9.66250506308206698e-08 66.6359200477600098
0 2 7 0 2 3 1 2 7 5 31 3 16 19 12 1 2 7 8 18 8 8 18 2 5 30 8 0 2 2 5 2 3 5 30 2 0 2 8 5 31 3 5 9 3 8 30 2 0 2 8 16 19 12 8 9 8 16 19 12 8 18 2 8 2 2 0 9 3 0 18 8 5 30 3 1 2 8 0 30 3 16 19 12 0 2 3 1 2 8 8 18 2 16 19 8 0 2 3 8 18 3 8 9 3 0 2 8 0 2 8 1 2 8 5 2 3 0 2 8 16 2 8 1 2 3 0 15 2 0 19 12 12 16 2 0 2 8 16 2 8 0 2 2 0 2 8 0 2 3 5 6 3 0 2 8 5 2 8 0 2 7 1 2 8 1 2 7 1 2 8 12 16 2 1 2 7 16 6 8 1839652.56448006118 68.2716675996780396
5 30 3 8 9 2 8 18 2 12 16 2 2 3 3 16 15 2 0 2 8 5 30 3 12 16 2 6 2 8 8 9 2 16 15 2 6 2 8 5 30 3 16 19 12 0 2 8 6 2 8 5 30 3 8 18 2 5 30 3 6 2 8 8 18 2 8 9 2 8 9 2 16 20 12 8 18 2 8 9 2 6 2 8 6 2 12 16 19 12 6 2 8 0 2 8 8 18 2 0 2 12 8 18 2 8 9 2 0 2 8 0 2 8 6 2 8 8 9 2 5 30 3 0 2 8 6 2 8 6 2 8 6 2 8 5 30 3 5 30 3 13 6 3 8 9 2 8 9 2 6 2 8 0 2 12 16 19 12 8 9 2 0 2 8 16 15 2 6 2 12 6 2 8 8 9 2 2 3 3 0.0671351645480710302 65.9070272445678711
1 2 7 5 30 3 1 2 7 0 2 7 1 2 4 12 16 2 0 2 7 0 2 7 16 6 2 1 2 4 0 2 7 8 18 2 1 2 7 0 2 7 0 2 7 16 6 2 0 2 7 0 2 7 1 2 7 1 2 7 0 2 7 17 18 2 1 2 7 12 16 2 1 2 7 0 2 7 16 30 2 5 31 3 0 2 4 5 31 3 5 30 3 12 16 2 0 2 7 0 2 7 8 18 2 0 2 4 0 2 4 0 2 7 1 2 7 0 2 7 17 9 2 16 15 2 0 2 7 8 18 2 0 2 3 0 2 7 1 2 4 17 9 2 0 2 7 0 2 7 0 2 7 0 2 7 1 2 7 1 2 7 0 2 7 1 2 7 5 31 3 0 2 7 0 2 7 12 16 2 0 61.2375625371932983
0 2 3 16 6 2 12 16 2 0 2 7 12 16 2 16 6 2 6 2 11 5 30 3 12 16 2 0 2 8 16 19 11 0 2 11 0 2 8 16 19 11 0 2 11 0 2 11 0 2 8 6 2 11 16 6 2 5 30 3 0 2 11 0 2 11 5 30 3 0 2 11 5 31 3 17 18 2 0 2 8 0 2 8 0 2 8 0 2 8 0 2 8 0 2 8 0 2 8 0 2 8 0 2 11 0 2 8 0 2 8 0 2 8 0 2 1 0 2 8 5 30 3 0 2 3 0 2 8 0 2 3 0 2 11 5 31 3 0 2 11 8 9 2 5 30 3 0 2 8 0 2 8 0 2 8 0 2 8 5 30 3 0 2 8 16 6 2 0 2 11 5 30 3 8 18 2 5 30 3 0 67.8538143634796143
5 31 3 5 30 3 1 2 7 12 16 2 0 2 3 16 6 2 0 2 3 0 2 7 0 2 7 0 2 3 1 2 7 5 30 3 0 2 3 1 2 3 8 9 2 12 16 2 0 2 7 1 2 3 16 19 11 1 2 3 0 2 3 0 2 3 0 2 3 0 2 7 1 2 7 0 2 7 0 2 3 5 30 3 0 2 3 1 2 3 0 2 7 16 6 2 0 2 3 1 2 7 16 9 11 1 2 3 1 2 3 0 2 3 0 2 7 0 2 7 16 6 2 0 2 3 0 2 7 0 2 3 0 2 7 1 2 3 1 2 3 0 2 3 0 2 3 1 2 7 1 2 7 0 2 7 1 2 3 5 30 3 0 2 3 0 2 3 0 2 3 1 2 7 16 18 11 17 18 2 0 63.6071377992630005
0 2 3 16 9 11 17 9 2 5 30 3 1 2 7 0 2 3 0 2 7 0 2 3 16 6 2 0 2 10 1 2 7 0 2 7 0 2 11 5 31 3 16 9 11 1 2 3 1 2 7 5 30 3 0 2 7 1 2 11 0 2 7 0 2 4 0 2 11 12 16 2 0 2 10 0 2 7 17 9 2 0 2 7 1 2 7 5 30 3 1 2 4 0 2 7 1 2 7 0 2 4 12 16 2 0 2 7 1 2 7 0 2 7 0 2 3 0 2 11 5 31 3 8 9 2 0 2 7 0 2 7 0 2 7 0 2 3 0 2 4 16 19 11 0 2 7 12 16 2 1 2 3 0 2 3 0 2 3 0 2 3 6 2 7 16 30 2 5 30 3 1 2 7 5 30 3 12 16 2 0 63.5376136898994446
0 2 8 5 30 8 12 2 8 5 2 3 0 2 11 16 19 2 0 18 2 8 30 2 5 30 2 8 2 2 5 6 3 8 9 2 0 2 8 16 2 12 5 2 3 8 9 2 0 2 11 16 19 12 8 9 3 16 19 1 0 18 2 0 9 7 0 2 7 8 2 2 0 2 8 0 2 3 5 2 7 0 19 12 0 2 8 1 2 3 8 2 7 0 9 8 8 9 2 8 2 3 5 30 2 16 9 11 0 2 11 1 2 7 0 2 3 0 2 7 16 19 12 8 9 2 0 2 7 16 19 11 8 2 2 0 2 11 0 2 3 0 2 11 5 2 8 13 6 11 0 2 3 0 2 8 0 2 8 5 30 8 0 2 8 0 2 3 0 2 7 5 9 3 1 2 8 16 6 8 1951662.75822037435 68.4793307185173035
5 31 3 0 2 7 0 2 3 16 30 2 0 2 3 0 2 7 1 2 4 16 19 11 0 2 7 0 2 3 12 16 2 0 2 7 0 2 3 5 30 3 0 2 7 0 2 7 0 2 7 1 2 4 17 9 2 5 30 3 0 2 10 1 2 3 0 2 7 0 2 7 0 2 7 0 2 7 0 2 3 16 6 2 0 2 7 5 30 3 8 18 2 1 2 7 0 2 7 0 2 7 0 2 3 0 2 7 0 2 3 0 2 3 0 2 3 1 2 7 1 2 7 0 2 7 1 2 3 16 19 11 0 2 7 5 30 3 0 2 7 1 2 3 5 30 3 0 2 3 5 30 3 0 2 7 16 19 11 1 2 3 0 2 3 0 2 7 0 2 7 5 30 3 12 16 2 16 19 11 0 64.006669282913208
5 30 7 5 9 3 1 2 7 12 2 7 1 3 3 12 15 2 0 2 8 5 30 7 12 16 2 6 2 8 0 9 2 16 18 2 6 2 8 5 30 3 0 2 7 0 6 2 6 2 8 0 30 7 8 18 7 5 2 7 6 2 7 17 18 2 1 9 2 8 9 2 16 2 7 8 2 2 16 9 2 6 31 8 0 2 4 16 19 12 5 30 8 12 16 8 8 18 2 0 2 12 8 18 2 0 9 4 0 2 8 0 2 7 6 2 7 0 9 7 17 9 2 0 15 8 6 2 8 6 2 2 0 2 8 0 2 3 5 30 4 13 9 2 8 2 7 8 2 7 0 2 7 0 2 12 1 19 12 1 9 2 0 2 8 1 2 7 6 2 3 0 2 8 0 2 2 2 16 2 2592028.01422348013 63.3048244118690491
5 30 3 8 9 2 8 18 2 12 16 2 2 3 3 16 15 2 0 2 8 5 30 3 12 16 2 6 2 8 8 9 2 16 15 2 6 2 8 5 30 3 16 19 12 0 2 8 6 2 8 5 30 3 8 18 2 5 30 3 6 2 8 8 18 2 8 9 2 8 9 2 16 20 12 8 18 2 8 9 2 6 2 8 6 2 12 16 19 12 6 2 8 0 2 8 8 18 2 0 2 12 8 18 2 8 9 2 0 2 8 0 2 8 6 2 8 8 9 2 5 30 3 0 2 8 6 2 8 6 2 8 6 2 8 5 30 3 5 30 3 13 6 3 8 9 2 8 9 2 6 2 8 0 2 12 16 19 12 8 9 2 0 2 8 16 15 2 6 2 12 6 2 8 8 9 2 2 3 3 0.0671351645480710302 65.9070272445678711
5 30 3 8 9 2 8 18 3 12 16 2 2 2 7 16 15 2 0 2 8 5 30 7 12 2 2 6 2 8 8 2 2 5 30 2 0 2 3 1 2 3 16 19 7 0 2 8 0 2 3 5 30 3 1 18 3 5 30 3 6 2 8 0 2 7 8 9 3 0 2 2 15 20 12 0 2 7 17 18 2 0 2 8 1 2 3 17 18 2 6 2 7 0 2 8 8 2 2 1 2 12 8 18 11 1 2 2 0 2 3 0 2 3 6 2 8 1 9 2 5 30 3 1 2 8 1 2 8 6 2 3 0 2 3 5 30 3 5 30 3 0 6 3 8 9 2 1 2 7 6 2 3 1 2 12 1 19 7 8 9 2 0 2 3 16 2 2 0 2 3 6 2 8 16 19 2 2 3 3 1306498.78831744939 64.9799860715866089
0 2 8 16 9 8 17 2 2 5 30 3 0 2 7 16 2 2 0 2 7 8 30 3 5 30 2 8 2 10 1 2 3 0 2 2 0 2 11 5 31 12 5 9 11 8 9 3 1 2 7 5 30 3 8 9 3 1 2 11 0 18 2 0 9 7 0 2 7 8 16 2 0 2 10 0 2 7 17 2 7 0 2 12 1 2 7 1 2 3 1 2 4 0 2 7 8 2 7 0 2 4 12 16 2 16 9 7 0 2 7 0 2 7 0 2 3 0 2 11 16 31 3 8 9 2 0 2 7 16 2 7 8 2 2 0 2 3 0 2 4 0 2 11 0 2 8 13 6 11 1 2 3 0 2 8 0 2 8 0 2 3 0 2 7 16 2 3 5 30 3 1 2 7 5 2 3 12 16 2 1638561.10029047425 65.3107746839523315
1 2 7 5 30 3 1 2 7 0 2 7 1 2 4 12 16 2 0 2 7 0 2 7 16 30 2 1 2 7 0 2 7 8 18 2 1 2 7 0 2 7 0 2 7 16 6 2 0 2 7 0 2 4 1 2 4 1 2 7 0 2 7 17 18 2 1 2 7 12 16 2 1 2 7 0 2 7 16 30 2 5 31 3 0 2 7 5 31 3 5 31 3 12 16 2 0 2 7 0 2 7 1 2 4 0 2 7 0 2 7 0 2 7 6 2 7 0 2 7 17 9 2 16 15 2 0 2 7 8 18 2 0 2 7 0 2 7 1 2 7 17 9 2 0 2 7 0 2 7 0 2 7 0 2 7 1 2 7 1 2 7 0 2 7 1 2 4 5 31 3 0 2 7 0 2 7 12 16 2 0 61.0749526619911194
16 19 12 8 18 2 8 18 2 8 9 2 16 19 12 16 19 12 0 2 8 5 30 3 12 16 2 0 2 8 0 2 8 16 6 2 0 2 8 0 2 3 16 19 12 1 2 8 0 2 3 5 30 3 8 9 2 5 30 3 0 2 8 8 9 2 8 9 2 16 19 12 5 30 3 0 2 3 8 9 2 0 2 8 0 2 8 0 2 3 0 2 3 0 2 8 1 2 8 0 2 8 0 2 8 5 30 3 0 2 8 0 2 3 0 2 8 12 16 2 5 30 3 1 2 8 0 2 8 0 2 8 0 2 8 5 30 3 0 2 3 1 2 8 0 2 8 1 2 8 0 2 3 1 2 3 1 2 8 0 2 8 1 2 8 0 2 8 0 2 8 5 30 3 0 2 8 16 18 8 0.000853184728380056894 68.4361147880554199
0 2 7 16 19 11 1 2 7 1 2 11 8 9 2 16 6 2 1 2 7 5 30 3 16 6 2 0 2 7 0 2 7 8 9 2 0 2 7 5 30 3 0 2 7 0 2 7 0 2 10 5 30 3 17 18 2 5 30 3 0 2 7 1 2 10 16 6 2 0 2 7 0 2 7 8 9 2 5 31 3 0 2 11 0 2 10 0 2 10 1 2 7 17 9 2 1 2 3 0 2 7 0 2 11 0 2 7 0 2 7 0 2 7 0 2 7 12 16 2 5 30 3 0 2 7 0 2 7 12 16 2 1 2 7 5 30 3 16 19 11 0 2 7 0 2 7 0 2 7 0 2 7 6 2 7 1 2 7 0 2 7 0 2 7 0 2 7 5 31 3 0 2 7 12 16 2 12 16 2 0 63.0936111807823181
0 2 7 16 6 2 1 2 7 1 2 3 16 9 11 16 6 2 0 2 3 0 2 3 12 16 2 0 2 7 0 2 7 0 2 7 0 2 7 5 30 3 0 2 7 12 16 2 0 2 7 0 2 7 16 6 2 0 2 3 0 2 7 5 30 3 5 31 3 0 2 3 1 2 3 0 2 3 1 2 7 0 2 3 0 2 7 0 2 3 1 2 3 1 2 7 0 2 7 0 2 7 5 30 3 0 2 3 0 2 7 1 2 7 0 2 7 0 2 7 0 2 3 0 2 3 0 2 7 5 31 3 1 2 3 0 2 3 0 2 3 5 31 3 0 2 7 1 2 3 0 2 3 0 2 7 1 2 7 16 6 2 0 2 7 16 6 2 0 2 3 16 18 11 5 30 3 5 30 3 0 63.380042552947998
5 2 3 16 9 11 8 2 7 5 30 3 0 3 7 16 15 2 0 2 7 1 2 7 12 16 2 6 2 3 1 2 3 5 31 2 6 2 3 5 30 3 16 19 3 17 2 8 0 2 4 5 2 3 8 18 2 5 30 3 6 2 11 16 18 11 0 2 2 8 9 2 0 20 12 12 18 2 16 19 11 6 2 7 0 2 12 5 19 12 6 2 3 0 2 8 8 2 2 0 2 7 12 16 2 0 2 2 0 2 8 0 2 7 6 2 3 8 9 3 0 30 7 12 2 2 6 2 8 6 2 3 6 18 2 5 2 3 6 30 7 0 6 3 0 9 7 8 9 4 0 2 8 0 2 12 16 2 7 1 9 7 0 2 11 16 15 2 6 2 12 0 2 7 8 30 3 12 16 3 2904250.26560822921 64.4637395143508911
0 2 3 16 6 2 16 6 2 0 2 3 16 19 11 16 19 11 0 2 7 1 2 7 12 16 2 0 2 3 0 2 8 5 30 3 0 2 3 5 30 3 0 2 7 6 2 3 12 16 2 5 30 3 8 18 2 5 30 3 0 2 7 0 2 7 0 2 3 0 2 7 5 30 3 0 2 7 16 19 11 1 2 7 15 2 11 5 31 3 6 2 7 0 2 7 0 2 3 0 2 11 0 2 7 0 2 11 0 2 3 0 2 7 0 2 7 5 30 3 0 2 3 0 2 8 1 2 8 1 2 3 12 16 2 5 30 3 0 2 7 16 19 11 0 2 7 0 2 7 0 2 3 0 2 3 0 2 3 0 2 11 0 2 3 16 6 2 0 2 3 0 2 7 0 2 7 5 30 3 0 65.1685833334922791
0 2 3 16 6 2 12 16 2 0 2 7 12 16 2 16 6 2 6 2 11 5 30 3 12 16 2 0 2 8 16 19 11 0 2 11 0 2 8 16 19 11 0 2 11 0 2 11 0 2 8 6 2 11 16 6 2 5 30 3 0 2 11 0 2 11 5 30 3 0 2 11 5 31 3 17 18 2 0 2 8 0 2 8 0 2 8 0 2 8 0 2 8 0 2 8 0 2 8 0 2 8 0 2 11 0 2 8 0 2 8 0 2 8 0 2 1 0 2 8 5 30 3 0 2 3 0 2 8 0 2 3 0 2 11 5 31 3 0 2 11 8 9 2 5 30 3 0 2 8 0 2 8 0 2 8 0 2 8 5 30 3 0 2 8 16 6 2 0 2 11 5 30 3 8 18 2 5 30 3 0 67.8538143634796143
5 30 3 8 9 2 5 30 3 12 16 2 5 30 3 16 6 2 0 2 3 1 2 8 12 16 2 0 2 7 0 2 3 16 19 11 0 2 8 16 19 11 1 2 11 0 2 7 0 2 8 0 2 8 8 18 2 5 30 3 0 2 3 8 18 2 0 2 11 0 2 3 5 30 3 0 2 3 0 2 8 0 2 3 0 2 8 16 19 12 0 2 7 0 2 8 1 2 7 0 2 3 0 2 3 17 9 2 0 2 3 0 2 8 0 2 8 16 19 11 0 2 7 0 2 8 1 2 8 5 30 3 0 2 3 5 30 3 1 2 3 5 30 3 5 30 3 0 2 7 0 2 8 0 2 3 0 2 11 0 2 7 0 2 7 16 6 2 0 2 8 1 2 3 1 2 8 0 2 7 0 66.6370209455490112
5 30 3 8 9 2 8 18 2 12 16 2 2 3 3 16 15 2 0 2 8 5 30 3 12 16 2 6 2 8 8 9 2 16 15 2 6 2 8 5 30 3 16 19 12 0 2 8 6 2 8 5 30 3 8 18 2 5 30 3 6 2 8 8 18 2 8 9 2 8 9 2 16 20 12 8 18 2 8 9 2 6 2 8 6 2 12 16 19 12 6 2 8 0 2 8 8 18 2 0 2 12 8 18 2 8 9 2 0 2 8 0 2 8 6 2 8 8 9 2 5 30 3 0 2 8 6 2 8 6 2 8 6 2 8 5 30 3 5 30 3 13 6 3 8 9 2 8 9 2 6 2 8 0 2 12 16 19 12 8 9 2 0 2 8 16 15 2 6 2 12 6 2 8 8 9 2 2 3 3 0.0671351645480710302 65.9070272445678711
5 30 3 8 9 11 1 18 7 12 2 2 8 3 3 16 6 2 1 2 7 5 30 3 16 6 2 6 2 8 8 9 7 8 9 2 6 2 8 5 30 3 16 19 7 0 2 8 6 2 10 5 30 3 8 18 2 5 30 3 6 2 7 1 18 2 8 9 2 0 2 7 0 2 7 8 18 2 5 9 2 6 2 11 0 2 12 16 2 12 1 2 7 0 2 8 8 2 2 0 2 7 8 18 11 8 2 7 0 2 8 0 2 7 6 2 7 8 16 2 5 30 3 0 2 8 6 2 8 12 16 2 1 2 8 5 30 3 5 30 11 0 2 3 0 2 7 8 9 2 6 2 7 0 2 7 16 19 7 8 9 7 0 2 8 16 2 7 5 31 12 0 2 7 12 9 2 2 3 2 1378910.5288558153 65.2376081347465515
1 2 7 5 30 3 1 2 7 0 2 7 1 2 4 12 16 2 0 2 7 0 2 7 16 30 2 1 2 7 0 2 7 8 18 2 1 2 7 0 2 7 0 2 7 16 6 2 0 2 7 0 2 4 1 2 4 1 2 7 0 2 7 17 18 2 1 2 7 12 16 2 1 2 7 0 2 7 16 30 2 5 31 3 0 2 7 5 31 3 5 31 3 12 16 2 0 2 7 0 2 7 1 2 4 0 2 7 0 2 7 0 2 7 6 2 7 0 2 7 17 9 2 16 15 2 0 2 7 8 18 2 0 2 7 0 2 7 1 2 7 17 9 2 0 2 7 0 2 7 0 2 7 0 2 7 1 2 7 1 2 7 0 2 7 1 2 4 5 31 3 0 2 7 0 2 7 12 16 2 0 61.0749526619911194
0 2 3 16 6 2 12 16 2 0 2 7 12 16 2 16 6 2 6 2 11 5 30 3 12 16 2 0 2 8 16 19 11 0 2 11 0 2 8 16 19 11 0 2 11 0 2 11 0 2 8 6 2 11 16 6 2 5 30 3 0 2 11 0 2 11 5 30 3 0 2 11 5 31 3 17 18 2 0 2 8 0 2 8 0 2 8 0 2 8 0 2 8 0 2 8 0 2 8 0 2 8 0 2 11 0 2 8 0 2 8 0 2 8 0 2 1 0 2 8 5 30 3 0 2 3 0 2 8 0 2 3 0 2 11 5 31 3 0 2 11 8 9 2 5 30 3 0 2 8 0 2 8 0 2 8 0 2 8 5 30 3 0 2 8 16 6 2 0 2 11 5 30 3 8 18 2 5 30 3 0 67.8538143634796143
5 2 7 5 9 2 1 18 2 0 16 2 1 3 4 12 15 2 0 2 7 0 2 7 12 30 2 6 2 8 8 2 2 8 15 2 6 2 8 5 2 3 0 2 12 0 2 2 6 2 7 0 30 4 1 2 2 5 2 7 0 2 7 17 18 2 8 2 2 8 9 2 1 2 12 0 18 7 8 9 2 6 2 3 0 2 12 16 19 12 5 2 8 12 2 2 8 18 7 0 2 7 8 18 2 0 9 2 0 2 8 0 2 7 6 2 7 8 2 2 17 9 3 16 2 8 0 2 7 6 2 2 0 2 8 0 2 7 5 30 3 17 6 3 8 2 2 0 9 2 0 2 7 0 2 12 1 2 12 1 9 7 0 2 7 1 2 2 6 31 3 0 2 7 8 9 7 2 16 2 3102994.95295427693 64.3042448759078979
0 2 3 0 2 3 0 2 11 16 19 11 12 16 2 16 6 2 0 2 7 5 30 3 12 16 2 0 2 7 0 2 7 16 19 11 0 2 3 16 19 11 0 2 3 1 2 7 0 2 8 1 2 7 8 9 2 5 30 3 0 2 3 0 2 7 5 31 3 0 2 7 5 30 3 16 6 2 0 2 3 0 2 3 0 2 12 0 2 3 0 2 3 0 2 3 0 2 7 1 2 8 0 2 8 5 30 3 0 2 3 0 2 3 0 2 8 0 2 7 5 30 3 1 2 7 1 2 7 0 2 7 1 2 7 5 30 3 0 2 7 0 2 3 16 18 8 0 2 3 0 2 3 0 2 7 0 2 8 0 2 3 0 2 3 16 19 11 0 2 3 5 30 3 0 2 3 5 30 3 0 65.9359714984893799
0 2 11 16 19 11 0 2 11 0 2 11 8 9 2 16 6 2 0 2 7 5 30 3 12 16 2 1 2 7 0 2 7 17 9 2 0 2 11 5 30 3 0 2 11 0 2 11 0 2 7 5 30 3 17 9 2 5 30 3 0 2 7 0 2 7 17 18 2 0 2 11 0 2 11 8 9 2 5 31 3 0 2 11 0 2 7 0 2 7 6 2 7 17 9 2 1 2 11 5 30 3 0 2 11 1 2 11 0 2 11 6 2 11 0 2 11 12 16 2 5 30 3 6 2 7 0 2 11 0 2 11 0 2 7 5 30 3 16 19 11 0 2 11 0 2 7 0 2 7 1 2 11 0 2 7 6 2 11 0 2 7 0 2 11 1 2 7 5 30 3 0 2 7 12 16 2 8 9 2 0 64.8494391441345215
5 30 3 8 9 2 8 18 2 12 16 2 2 3 3 16 15 2 0 2 8 5 30 3 12 16 2 6 2 8 8 9 2 16 15 2 6 2 8 5 30 3 16 19 12 0 2 8 6 2 8 5 30 3 8 18 2 5 30 3 6 2 8 8 18 2 8 9 2 8 9 2 16 20 12 8 18 2 8 9 2 6 2 8 6 2 12 16 19 12 6 2 8 0 2 8 8 18 2 0 2 12 8 18 2 8 9 2 0 2 8 0 2 8 6 2 8 8 9 2 5 30 3 0 2 8 6 2 8 6 2 8 6 2 8 5 30 3 5 30 3 13 6 3 8 9 2 8 9 2 6 2 8 0 2 12 16 19 12 8 9 2 0 2 8 16 15 2 6 2 12 6 2 8 8 9 2 2 3 3 0.0671351645480710302 65.9070272445678711
16 19 12 8 18 2 8 18 2 8 9 2 16 19 12 16 19 12 0 2 8 5 30 3 12 16 2 0 2 8 0 2 8 16 6 2 0 2 8 0 2 3 16 19 12 1 2 8 0 2 3 5 30 3 8 9 2 5 30 3 0 2 8 8 9 2 8 9 2 16 19 12 5 30 3 0 2 3 8 9 2 0 2 8 0 2 8 0 2 3 0 2 3 0 2 8 1 2 8 0 2 8 0 2 8 5 30 3 0 2 8 0 2 3 0 2 8 12 16 2 5 30 3 1 2 8 0 2 8 0 2 8 0 2 8 5 30 3 0 2 3 1 2 8 0 2 8 1 2 8 0 2 3 1 2 3 1 2 8 0 2 8 1 2 8 0 2 8 0 2 8 5 30 3 0 2 8 16 18 8 0.000853184728380056894 68.4361147880554199
0 2 7 16 6 11 12 2 7 12 16 2 16 19 2 16 6 2 6 2 7 5 30 3 12 16 2 0 2 8 0 2 3 0 19 11 0 2 7 16 19 11 0 2 3 0 2 11 0 2 8 13 6 11 5 31 2 5 30 3 0 2 11 1 2 7 0 2 3 0 2 11 16 19 11 12 18 2 0 2 3 0 2 7 6 2 7 0 2 8 0 2 3 0 2 7 0 2 7 0 2 8 1 2 7 0 2 7 0 2 7 0 2 8 0 2 3 12 16 8 5 30 3 0 2 7 0 2 11 0 2 3 0 2 7 5 31 3 0 2 11 8 9 7 5 30 7 0 2 8 0 2 7 0 2 7 0 2 7 5 2 3 0 2 8 16 6 2 0 2 7 5 30 3 8 2 7 0 2 7 698622.603642671253 65.2417621612548828
5 30 3 8 18 2 0 30 11 12 16 2 17 2 2 12 16 7 0 2 7 0 30 3 16 19 2 5 2 3 0 2 11 16 19 2 1 2 8 0 2 7 5 30 3 0 2 7 0 2 3 0 2 7 0 18 7 0 30 3 0 2 2 8 16 2 0 9 2 16 6 2 1 9 2 8 2 2 16 2 8 0 2 7 0 2 11 5 30 3 0 2 7 0 2 7 0 2 7 0 2 7 1 2 3 8 2 7 0 2 3 0 2 7 1 2 7 0 2 7 5 30 3 16 6 2 0 2 7 1 2 3 1 2 11 5 30 3 16 9 8 5 30 3 0 2 7 0 2 12 1 2 7 0 2 3 0 2 3 1 2 3 0 2 3 0 2 3 16 9 8 0 2 8 12 2 2 0 2 7 1567901.0080428354 63.9202666878700256
5 18 2 1 18 2 0 2 7 12 16 7 0 9 4 12 16 2 0 2 7 5 30 7 16 31 2 0 2 4 1 2 11 17 15 2 1 2 8 0 2 7 0 2 4 0 2 3 0 2 7 5 2 3 0 18 2 1 30 3 0 2 7 12 18 2 0 2 2 0 6 2 8 2 2 8 18 2 16 6 2 5 30 7 0 2 4 5 30 3 5 2 3 5 2 3 0 2 7 0 2 4 1 2 8 1 2 7 1 2 8 0 2 7 1 2 7 0 2 7 17 18 3 16 2 2 0 2 7 0 2 3 1 2 7 1 2 3 16 2 7 0 19 7 0 2 3 1 2 7 0 2 7 17 9 2 1 31 3 1 9 1 0 2 7 0 2 11 0 2 8 1 2 7 12 16 7 1 2 7 2619417.05533081479 62.9733548164367676
1 2 7 5 30 3 1 2 7 0 2 7 1 2 4 12 16 2 0 2 7 0 2 7 16 30 2 1 2 7 0 2 7 8 18 2 1 2 7 0 2 7 0 2 7 16 6 2 0 2 7 0 2 4 1 2 4 1 2 7 0 2 7 17 18 2 1 2 7 12 16 2 1 2 7 0 2 7 16 30 2 5 31 3 0 2 7 5 31 3 5 31 3 12 16 2 0 2 7 0 2 7 1 2 4 0 2 7 0 2 7 0 2 7 6 2 7 0 2 7 17 9 2 16 15 2 0 2 7 8 18 2 0 2 7 0 2 7 1 2 7 17 9 2 0 2 7 0 2 7 0 2 7 0 2 7 1 2 7 1 2 7 0 2 7 1 2 4 5 31 3 0 2 7 0 2 7 12 16 2 0 61.0749526619911194
0 2 3 16 15 2 12 16 2 0 2 3 8 9 2 12 16 2 0 2 3 1 2 3 12 16 2 0 2 3 17 9 2 13 6 3 0 2 7 0 2 3 0 2 3 16 9 8 0 2 7 0 2 3 16 19 11 0 2 3 0 2 7 0 2 7 0 2 7 12 16 2 1 2 3 0 2 7 16 6 2 0 2 3 1 2 3 0 2 7 1 2 3 0 2 3 0 2 7 0 2 7 1 2 3 0 2 3 0 2 3 1 2 3 1 2 3 1 2 3 5 30 3 8 18 2 1 2 3 5 30 3 0 2 7 0 2 7 1 2 3 12 16 2 0 2 3 0 2 7 0 2 7 0 2 3 1 2 3 5 30 3 0 2 7 16 6 2 5 30 3 5 30 3 1 2 3 16 18 8 0 64.0754624605178833
12 16 2 16 30 2 0 2 7 0 2 7 5 30 3 12 16 2 1 2 7 0 2 7 1 2 7 0 2 11 17 9 2 17 18 2 1 2 7 0 2 11 1 2 3 16 6 2 0 2 3 0 2 7 0 2 4 1 2 7 0 2 3 1 2 7 5 30 3 1 2 3 5 30 3 0 2 7 16 31 2 0 2 7 0 2 7 8 9 2 16 19 11 5 31 3 1 2 7 1 2 4 0 2 3 0 2 7 0 2 3 0 2 3 0 2 7 0 2 7 1 2 7 0 2 3 0 2 7 1 2 4 5 30 3 5 30 3 0 2 7 0 2 7 0 2 7 0 2 7 0 2 7 1 2 4 1 2 7 0 2 7 1 2 4 16 31 2 0 2 7 0 2 7 0 2 3 12 16 2 0 62.1416666507720947
0 2 7 16 6 2 16 19 11 0 2 7 12 16 2 17 18 2 1 2 8 5 30 3 12 16 2 6 2 7 5 31 3 8 18 2 0 2 3 16 19 11 0 2 7 0 2 7 0 2 8 5 31 3 0 2 7 17 18 2 0 2 7 0 2 11 5 30 3 6 2 11 5 31 3 16 20 12 0 2 8 0 2 7 0 2 12 8 9 2 0 2 11 0 2 8 0 2 8 0 2 11 0 2 7 0 2 7 6 2 7 0 2 11 0 2 3 0 2 7 0 2 7 0 2 7 0 2 8 0 2 7 0 2 11 5 30 3 1 2 8 0 2 8 5 30 3 5 30 3 0 2 7 0 2 7 1 2 7 1 2 7 1 2 8 16 6 2 0 2 11 0 2 11 5 30 3 12 16 2 0 65.182447075843811
0 2 3 16 6 2 12 16 2 0 2 7 12 16 2 16 6 2 6 2 11 5 30 3 12 16 2 0 2 8 16 19 11 0 2 11 0 2 8 16 19 11 0 2 11 0 2 11 0 2 8 6 2 11 16 6 2 5 30 3 0 2 11 0 2 11 5 30 3 0 2 11 5 31 3 17 18 2 0 2 8 0 2 8 0 2 8 0 2 8 0 2 8 0 2 8 0 2 8 0 2 8 0 2 11 0 2 8 0 2 8 0 2 8 0 2 1 0 2 8 5 30 3 0 2 3 0 2 8 0 2 3 0 2 11 5 31 3 0 2 11 8 9 2 5 30 3 0 2 8 0 2 8 0 2 8 0 2 8 5 30 3 0 2 8 16 6 2 0 2 11 5 30 3 8 18 2 5 30 3 0 67.8538143634796143
5 30 3 8 9 2 8 18 2 12 16 2 2 3 3 16 15 2 0 2 8 5 30 3 12 16 2 6 2 8 8 9 2 16 15 2 6 2 8 5 30 3 16 19 12 0 2 8 6 2 8 5 30 3 8 18 2 5 30 3 6 2 8 8 18 2 8 9 2 8 9 2 16 20 12 8 18 2 8 9 2 6 2 8 6 2 12 16 19 12 6 2 8 0 2 8 8 18 2 0 2 12 8 18 2 8 9 2 0 2 8 0 2 8 6 2 8 8 9 2 5 30 3 0 2 8 6 2 8 6 2 8 6 2 8 5 30 3 5 30 3 13 6 3 8 9 2 8 9 2 6 2 8 0 2 12 16 19 12 8 9 2 0 2 8 16 15 2 6 2 12 6 2 8 8 9 2 2 3 3 0.0671351645480710302 65.9070272445678711
0 2 3 16 6 2 16 30 2 0 2 3 5 30 3 16 6 2 0 2 7 0 2 7 12 16 2 6 2 7 0 2 7 16 19 11 5 31 3 0 2 7 16 19 11 0 2 3 0 2 7 5 30 3 0 2 3 0 2 7 0 2 3 12 16 2 0 2 3 1 2 3 5 31 3 0 2 7 0 2 7 1 2 3 0 2 3 6 2 3 0 2 7 5 31 3 0 2 3 1 2 7 1 2 3 1 2 7 0 2 7 0 2 7 0 2 7 0 2 7 0 2 7 0 2 7 1 2 7 0 2 7 0 2 3 5 30 3 0 2 7 1 2 3 1 2 3 0 2 3 0 2 3 0 2 3 0 2 7 16 18 11 0 2 3 16 6 2 1 2 3 1 2 7 5 30 3 12 16 2 0 63.6737855672836304
16 6 7 16 2 7 16 2 3 0 2 7 12 30 3 17 16 2 0 2 7 5 30 3 16 6 2 1 2 8 5 2 3 0 18 2 0 2 3 16 19 11 0 2 7 16 6 7 1 2 8 6 2 3 1 2 7 0 18 2 0 2 7 0 9 11 5 30 7 0 2 11 5 31 3 0 20 3 0 2 8 0 2 7 0 2 7 0 9 3 0 2 11 0 30 3 0 2 7 0 2 11 0 2 3 0 2 7 6 2 7 9 2 11 0 2 3 0 2 7 0 2 3 0 2 7 0 2 8 0 2 3 5 30 11 5 30 3 0 2 8 0 2 8 5 30 8 5 2 7 0 2 7 0 2 7 16 19 11 5 2 7 0 2 8 16 6 12 0 2 7 0 2 3 5 30 3 16 16 11 1454552.22632853873 64.7208311557769775
16 9 8 0 2 11 5 30 3 0 2 7 16 19 11 16 6 2 1 2 7 16 19 11 12 16 2 0 2 3 0 2 11 0 2 11 0 2 3 5 30 3 0 2 8 0 2 8 0 2 8 5 30 3 8 9 2 0 2 8 0 2 3 17 18 2 16 19 11 8 18 2 5 30 3 1 2 11 0 2 3 0 2 8 0 2 3 1 2 7 1 2 3 0 2 7 12 16 2 1 2 7 0 2 7 0 2 8 0 2 7 0 2 7 0 2 3 17 9 2 5 30 3 0 2 8 0 2 7 0 2 12 0 2 11 5 30 3 0 2 8 0 2 7 1 2 7 8 9 2 0 2 11 0 2 11 5 30 3 6 2 8 5 30 3 0 2 11 1 2 7 0 2 8 5 30 3 0 2 3 0 66.1873202323913574
12 30 3 16 30 2 8 18 7 12 16 7 5 30 3 16 15 2 0 2 8 5 30 3 1 16 7 6 2 8 8 9 2 16 15 2 6 2 8 0 2 11 1 19 12 0 2 8 0 2 3 5 2 3 0 2 4 5 30 7 6 2 3 1 2 2 5 30 3 8 9 2 5 30 3 8 18 2 8 31 2 6 2 7 6 2 12 16 9 2 16 2 11 5 2 8 8 18 2 1 2 12 8 18 2 0 2 2 0 2 8 0 2 8 6 2 8 0 2 2 5 2 3 0 2 3 0 2 7 1 2 8 6 30 3 5 30 3 5 2 3 0 2 3 8 9 2 8 9 7 6 2 8 0 2 4 1 2 12 0 9 7 1 2 8 16 31 2 0 2 7 0 2 7 8 2 3 2 3 2 1903536.65225062333 65.5575287342071533
1 2 7 5 30 3 1 2 7 0 2 7 1 2 4 12 16 2 0 2 7 0 2 7 16 30 2 1 2 7 0 2 7 8 18 2 1 2 7 0 2 7 0 2 7 16 6 2 0 2 7 0 2 4 1 2 4 1 2 7 0 2 7 17 18 2 1 2 7 12 16 2 1 2 7 0 2 7 16 30 2 5 31 3 0 2 7 5 31 3 5 31 3 12 16 2 0 2 7 0 2 7 1 2 4 0 2 7 0 2 7 0 2 7 6 2 7 0 2 7 17 9 2 16 15 2 0 2 7 8 18 2 0 2 7 0 2 7 1 2 7 17 9 2 0 2 7 0 2 7 0 2 7 0 2 7 1 2 7 1 2 7 0 2 7 1 2 4 5 31 3 0 2 7 0 2 7 12 16 2 0 61.0749526619911194
5 30 3 5 30 3 0 2 3 0 2 8 0 2 3 0 2 8 0 2 3 0 2 8 0 2 11 12 16 2 5 31 3 12 16 2 0 2 3 5 30 3 1 2 8 0 2 7 0 2 8 0 2 3 0 2 8 5 30 3 0 2 3 5 30 3 0 2 8 0 2 3 0 2 11 0 2 3 0 2 12 16 19 11 0 2 8 5 31 3 0 2 8 0 2 12 0 2 7 0 2 11 0 2 8 0 2 8 0 2 11 0 2 8 0 2 8 0 2 8 16 19 11 16 6 2 0 2 7 5 30 3 0 2 3 0 2 3 0 2 11 5 30 3 16 19 11 0 2 11 0 2 8 5 30 3 9 2 7 16 19 11 0 2 8 16 18 8 0 2 3 0 2 8 0 2 8 16 6 2 9.05763147421641367e-07 68.5167146921157837
0 2 7 5 30 3 0 2 4 12 16 2 5 31 3 1 2 7 0 2 7 0 2 7 16 31 2 1 2 7 1 2 7 17 9 2 0 2 7 16 19 11 0 2 4 8 9 2 1 2 7 1 2 7 6 2 7 12 16 2 8 9 2 16 19 11 0 2 7 1 2 7 0 2 7 0 2 4 17 18 2 5 30 3 1 2 11 5 30 3 5 31 3 12 16 2 0 2 7 1 2 11 0 2 4 16 6 2 0 2 7 0 2 7 0 2 7 0 2 7 0 2 7 0 2 7 0 2 7 1 2 7 0 2 4 0 2 7 0 2 7 0 2 7 0 2 7 0 2 7 1 2 11 0 2 7 0 2 4 12 16 2 5 30 3 0 2 7 1 2 7 0 2 4 17 9 2 1 2 7 0 62.1895571351051331
1 2 3 0 2 11 12 16 2 0 2 7 16 19 11 0 2 7 0 2 3 1 2 7 1 2 7 0 2 7 5 31 3 5 30 3 0 2 7 5 30 3 16 19 11 0 2 7 0 2 3 0 2 3 0 2 7 0 2 7 0 2 7 0 2 7 0 2 7 12 16 2 0 2 7 0 2 3 1 2 3 5 30 3 6 2 7 16 19 11 0 2 7 0 2 7 16 19 11 0 2 3 0 2 7 1 2 3 1 2 3 0 2 11 0 2 3 0 2 7 0 2 3 16 6 2 0 2 7 16 19 11 0 2 7 0 2 7 5 30 3 5 30 3 5 30 3 5 31 3 0 2 7 0 2 7 0 2 7 16 18 11 12 16 2 0 2 7 0 2 3 0 2 3 0 2 7 5 30 3 0 64.9633861780166626
8 9 2 5 30 3 1 2 7 12 16 2 1 2 3 12 16 2 1 2 7 5 31 3 16 30 2 0 2 7 17 9 2 16 18 11 0 2 7 1 2 7 1 2 7 0 2 3 0 2 4 1 2 3 0 2 7 0 2 7 0 2 3 5 30 3 16 19 11 0 2 3 0 2 7 0 2 7 16 19 11 6 2 3 0 2 3 5 30 3 0 2 4 1 2 7 0 2 7 0 2 7 1 2 7 1 2 3 0 2 7 0 2 3 0 2 7 0 2 7 16 6 2 0 2 3 0 2 7 0 2 3 0 2 3 5 30 3 0 2 4 0 2 3 0 2 7 0 2 3 0 2 3 0 2 7 1 2 7 5 31 3 0 2 7 16 6 2 5 30 3 0 2 7 1 2 3 12 16 2 0 63.3942574858665466
16 19 11 12 16 2 0 2 7 12 16 2 5 30 3 12 16 2 0 2 11 5 30 3 0 2 3 0 2 7 12 16 2 16 19 11 0 2 11 5 30 3 0 2 11 0 2 7 0 2 11 0 2 3 0 2 7 5 30 3 0 2 7 0 2 3 5 30 3 0 2 8 6 2 8 0 2 7 0 2 7 0 2 11 0 2 11 5 30 3 12 16 2 6 2 3 0 2 11 0 2 11 0 2 7 16 6 2 0 2 7 0 2 11 0 2 11 0 2 11 0 2 7 0 2 11 0 2 7 0 2 11 0 2 11 5 30 3 5 30 3 0 2 11 16 19 11 8 9 2 0 2 3 0 2 7 16 19 11 12 16 2 8 9 2 16 6 2 0 2 3 5 30 3 8 9 2 16 19 11 0 66.3270177841186523
1 2 3 0 2 3 0 2 3 0 2 7 16 19 12 0 2 3 0 2 7 1 2 7 0 2 7 0 2 7 5 31 3 5 30 3 0 2 7 5 30 3 16 19 12 0 2 3 0 2 7 0 2 3 0 2 7 0 2 3 0 2 12 0 2 11 0 2 7 12 16 2 0 2 8 0 2 7 1 2 7 5 30 3 0 2 3 16 19 12 0 2 3 0 2 7 16 19 11 0 2 3 0 2 3 1 2 3 0 2 3 0 2 3 1 2 3 0 2 7 0 2 12 16 6 2 0 2 3 16 19 12 0 2 3 0 2 7 5 30 3 5 30 3 5 30 3 5 31 3 0 2 7 0 2 7 0 2 3 16 18 8 12 16 2 1 2 3 0 2 3 0 2 3 0 2 7 5 30 3 0 66.0986477136611938
5 30 3 8 9 2 8 18 2 12 16 2 2 3 3 16 15 2 0 2 8 5 30 3 12 16 2 6 2 8 8 9 2 16 15 2 6 2 8 5 30 3 16 19 12 0 2 8 6 2 8 5 30 3 8 18 2 5 30 3 6 2 8 8 18 2 8 9 2 8 9 2 16 20 12 8 18 2 8 9 2 6 2 8 6 2 12 16 19 12 6 2 8 0 2 8 8 18 2 0 2 12 8 18 2 8 9 2 0 2 8 0 2 8 6 2 8 8 9 2 5 30 3 0 2 8 6 2 8 6 2 8 6 2 8 5 30 3 5 30 3 13 6 3 8 9 2 8 9 2 6 2 8 0 2 12 16 19 12 8 9 2 0 2 8 16 15 2 6 2 12 6 2 8 8 9 2 2 3 3 0.0671351645480710302 65.9070272445678711
1 16 2 6 2 3 0 2 8 5 30 7 8 2 2 12 2 2 0 2 7 0 2 7 16 2 7 1 2 3 0 2 3 8 2 7 1 2 3 0 2 7 0 2 2 16 6 2 0 2 7 6 2 4 0 2 11 0 2 8 0 2 3 17 18 2 5 30 7 12 16 7 16 19 12 0 2 7 16 30 2 0 2 8 0 2 3 16 31 3 1 31 3 12 2 2 0 2 7 0 2 8 1 2 4 0 15 7 6 2 7 0 2 7 0 2 8 0 2 8 17 9 2 0 2 7 0 2 7 8 2 2 0 2 12 5 2 7 1 30 7 17 2 7 5 2 3 0 2 7 0 2 7 0 2 8 1 2 8 1 30 7 0 2 7 1 2 4 5 31 8 5 30 7 8 9 2 12 2 7 1851167.67578283767 63.2691786289215088
1 30 3 0 2 3 0 2 3 12 16 7 2 3 3 0 15 3 0 2 7 5 2 7 12 2 7 0 2 7 5 9 3 5 30 2 6 2 8 5 30 3 16 19 12 0 2 3 6 2 8 0 30 3 0 18 2 0 2 3 6 2 12 0 2 11 8 9 2 8 16 2 0 20 12 8 2 2 8 2 7 5 30 3 6 2 3 16 19 12 0 2 8 0 2 7 16 18 2 0 2 12 8 2 2 1 9 2 0 2 3 0 2 3 1 2 8 0 2 2 5 2 12 0 6 2 6 2 8 16 19 8 6 2 3 5 2 7 5 30 3 13 30 3 5 30 3 8 9 3 0 2 8 0 2 12 16 19 3 16 9 2 12 2 8 1 2 2 0 2 12 6 2 8 8 2 7 5 30 3 1860409.7743902849 66.2950736284255981
1 2 4 5 30 3 1 2 7 0 2 7 1 2 4 12 16 2 0 2 7 0 2 7 16 30 2 1 2 7 0 2 4 8 18 2 1 2 4 0 2 7 0 2 7 16 6 2 0 2 7 0 2 7 1 2 7 1 2 7 0 2 3 17 18 2 1 2 7 12 16 2 1 2 7 0 2 7 16 6 2 5 31 3 0 2 7 5 31 3 5 31 3 12 16 2 0 2 7 0 2 7 1 2 7 0 2 7 0 2 7 0 2 7 0 2 4 0 2 7 17 9 2 16 6 2 0 2 7 8 18 2 0 2 7 0 2 7 1 2 7 17 9 2 0 2 7 0 2 7 0 2 4 0 2 4 1 2 7 1 2 7 0 2 7 1 2 7 5 31 3 0 2 7 1 2 4 12 16 2 0 61.0312966108322144
5 30 3 5 30 3 0 2 3 0 2 8 0 2 3 0 2 8 0 2 3 0 2 8 0 2 11 12 16 2 5 31 3 12 16 2 0 2 3 5 30 3 1 2 8 0 2 7 0 2 8 0 2 3 0 2 8 5 30 3 0 2 3 5 30 3 0 2 8 0 2 3 0 2 11 0 2 3 0 2 12 16 19 11 0 2 8 5 31 3 0 2 8 0 2 12 0 2 7 0 2 11 0 2 8 0 2 8 0 2 11 0 2 8 0 2 8 0 2 8 16 19 11 16 6 2 0 2 7 5 30 3 0 2 3 0 2 3 0 2 11 5 30 3 16 19 11 0 2 11 0 2 8 5 30 3 9 2 7 16 19 11 0 2 8 16 18 8 0 2 3 0 2 8 0 2 8 16 6 2 9.05763147421641367e-07 68.5167146921157837
0 2 7 5 30 3 0 2 7 0 2 4 0 2 7 12 16 2 0 2 7 0 2 3 16 19 11 1 2 3 0 2 7 8 18 2 1 2 7 0 2 7 0 2 7 16 19 11 0 2 7 1 2 7 1 2 7 0 2 3 1 2 3 17 18 2 0 2 7 12 16 2 1 2 7 0 2 7 13 6 3 5 30 3 0 2 11 5 30 3 5 30 3 17 9 2 0 2 7 0 2 7 0 2 7 5 30 3 0 2 7 1 2 3 0 2 7 1 2 7 5 31 3 16 6 2 0 2 7 5 30 3 0 2 4 1 2 3 0 2 7 17 9 2 16 6 2 0 2 7 1 2 7 0 2 7 0 2 7 0 2 11 0 2 7 0 2 7 5 30 3 0 2 7 1 2 7 8 9 2 0 62.5130863189697266
5 30 3 8 9 2 8 18 2 12 16 2 2 3 3 16 15 2 0 2 8 5 30 3 12 16 2 6 2 8 8 9 2 16 15 2 6 2 8 5 30 3 16 19 12 0 2 8 6 2 8 5 30 3 8 18 2 5 30 3 6 2 8 8 18 2 8 9 2 8 9 2 16 20 12 8 18 2 8 9 2 6 2 8 6 2 12 16 19 12 6 2 8 0 2 8 8 18 2 0 2 12 8 18 2 8 9 2 0 2 8 0 2 8 6 2 8 8 9 2 5 30 3 0 2 8 6 2 8 6 2 8 6 2 8 5 30 3 5 30 3 13 6 3 8 9 2 8 9 2 6 2 8 0 2 12 16 19 12 8 9 2 0 2 8 16 15 2 6 2 12 6 2 8 8 9 2 2 3 3 0.0671351645480710302 65.9070272445678711
1 2 4 5 30 3 0 2 7 0 2 7 0 2 4 0 2 8 0 2 3 0 2 8 0 30 2 12 2 7 5 31 4 8 16 2 0 2 4 5 2 7 1 2 7 16 2 7 0 2 7 0 2 3 0 2 7 5 2 7 0 2 3 17 18 3 0 2 8 0 2 2 1 2 11 0 2 3 16 6 2 5 31 3 0 2 8 5 31 3 5 2 3 12 16 2 0 2 7 0 2 7 0 2 7 0 2 8 0 2 11 0 2 7 0 2 4 0 2 8 17 9 11 16 6 2 0 2 7 8 18 2 0 2 3 0 2 7 0 2 7 17 9 2 16 19 11 0 2 11 0 2 8 5 2 4 9 2 7 1 19 11 0 2 8 1 2 7 5 2 3 0 2 7 0 2 4 12 6 2 1133805.39782226249 66.213208019733429
5 30 3 5 30 3 0 2 11 0 2 3 5 30 3 8 18 2 0 2 7 0 2 7 0 2 3 0 2 3 5 30 3 16 6 2 1 2 3 0 2 7 0 2 7 0 2 7 1 2 7 0 2 3 0 2 3 5 30 3 0 2 3 0 2 7 16 19 11 12 16 2 0 2 3 0 2 3 0 2 11 0 2 7 12 16 2 5 30 3 1 2 7 0 2 7 0 2 3 0 2 7 0 2 3 5 30 3 0 2 3 0 2 7 0 2 3 0 2 3 16 19 11 16 6 2 0 2 3 0 2 7 0 2 3 5 30 3 6 2 3 1 2 7 5 30 3 0 2 3 0 2 7 0 2 3 0 2 3 16 19 11 1 2 3 16 19 11 1 2 11 0 2 7 0 2 3 16 19 11 0 65.3966661691665649
12 16 2 5 31 3 1 2 7 0 2 7 0 2 7 1 2 7 5 31 3 5 30 3 0 2 7 0 2 7 12 16 2 0 2 3 0 2 7 0 2 11 16 6 2 17 9 2 1 2 11 0 2 7 0 2 7 16 9 11 0 2 7 6 2 7 0 2 11 1 2 4 0 2 4 5 30 3 0 2 7 0 2 7 0 2 7 5 30 3 5 30 3 5 31 3 0 2 7 1 2 7 1 2 7 17 18 2 1 2 11 0 2 7 1 2 7 15 2 11 16 18 11 0 2 3 0 2 7 12 16 2 0 2 7 0 2 4 0 2 3 0 2 7 1 2 7 0 2 7 0 2 11 1 2 4 17 18 2 0 2 7 1 2 7 1 2 7 0 2 7 0 2 7 0 2 4 16 18 11 0 62.8626695871353149
1 2 3 5 31 3 0 2 7 0 2 7 0 2 7 12 16 2 16 18 11 1 2 7 16 6 2 16 18 11 0 2 7 0 2 7 0 2 7 5 30 3 1 2 3 16 31 2 1 2 3 1 2 7 0 2 3 16 19 11 1 2 7 17 18 2 0 2 7 1 2 4 1 2 7 1 2 7 0 2 3 5 30 3 0 2 3 5 30 3 1 2 7 6 2 3 0 2 7 0 2 4 0 2 7 0 2 4 0 2 4 0 2 4 0 2 11 0 2 7 0 2 3 17 18 2 0 2 7 5 31 3 1 2 7 5 30 3 0 2 3 0 2 3 1 2 7 0 2 3 0 2 7 0 2 7 0 2 7 0 2 3 1 2 7 12 16 2 0 2 3 1 2 7 0 2 7 12 16 2 0 62.9077426195144653
16 30 11 8 6 2 8 2 2 12 16 2 2 31 3 16 2 2 0 2 11 5 30 3 12 16 2 1 2 8 8 16 2 0 15 2 0 2 8 16 30 3 16 16 12 8 2 8 6 2 8 5 30 7 1 2 7 5 30 11 6 2 8 0 2 2 5 30 2 8 2 7 0 2 12 0 2 2 0 9 3 8 2 8 6 2 7 16 19 3 0 2 8 0 2 8 0 18 7 0 2 12 0 2 2 16 6 2 0 2 8 6 2 8 0 2 8 0 2 3 5 30 7 0 2 7 6 2 8 6 2 8 6 2 8 0 2 7 5 31 3 0 2 11 8 2 2 8 9 2 6 2 7 1 2 7 5 19 3 12 9 2 0 18 8 16 15 2 0 2 12 0 2 7 8 30 2 0 3 3 1379980.30825239443 64.9827291369438171
1 2 3 5 30 3 0 2 7 1 2 3 1 2 7 12 16 2 0 2 7 0 2 7 16 15 2 1 2 3 1 2 3 8 9 2 0 2 7 1 2 3 1 2 7 1 2 7 0 2 7 0 2 3 0 2 7 1 2 7 1 2 7 17 18 2 0 2 7 0 2 7 1 2 7 0 2 3 0 2 3 5 30 3 0 2 4 5 30 3 5 30 3 17 9 2 1 2 7 0 2 3 0 2 3 5 30 3 0 2 7 0 2 3 0 2 7 0 2 3 1 2 3 16 6 2 0 2 3 16 18 8 0 2 7 0 2 3 0 2 7 16 9 8 16 19 11 1 2 3 0 2 7 0 2 3 0 2 3 0 2 7 0 2 7 5 31 3 0 2 7 0 2 7 0 2 3 1 2 3 0 63.4562655687332153
1 2 4 1 2 7 1 2 7 0 2 7 1 2 7 12 16 2 0 2 11 0 2 7 16 6 2 0 2 7 0 2 7 17 18 2 1 2 7 0 2 7 0 2 7 16 6 2 0 2 7 0 2 7 1 2 7 0 2 7 0 2 7 17 18 2 1 2 7 12 16 2 1 2 7 0 2 7 16 6 2 5 31 3 0 2 7 5 31 3 5 31 3 6 2 4 0 2 3 0 2 7 1 2 7 0 2 7 1 2 7 1 2 7 0 2 7 0 2 7 17 9 2 13 6 3 1 2 7 8 18 2 0 2 7 1 2 4 1 2 7 17 9 2 0 2 7 0 2 7 0 2 7 0 2 7 1 2 7 0 2 7 0 2 3 1 2 7 5 31 3 0 2 7 1 2 7 12 16 2 0 60.5808166861534119
1 2 8 0 2 3 16 19 12 16 6 2 1 2 7 16 6 2 1 2 7 5 30 3 16 6 2 1 2 8 0 2 3 12 16 2 6 2 3 5 31 3 5 30 3 0 2 7 0 2 3 0 2 8 0 2 7 5 30 3 0 2 8 1 2 7 0 2 7 0 2 3 8 18 2 0 2 7 12 16 2 0 2 3 0 2 3 0 2 3 0 2 8 8 9 2 0 2 3 0 2 8 8 18 2 5 30 3 0 2 7 0 2 3 0 2 8 5 30 3 5 30 3 0 2 3 0 2 8 0 2 8 0 2 3 5 30 3 0 2 8 0 2 3 16 19 12 0 2 8 0 2 3 0 2 3 17 9 2 0 2 8 1 2 8 16 19 12 1 2 7 0 2 3 0 2 7 1 2 8 0 66.0439960956573486
1 2 7 5 30 3 0 2 3 1 2 3 0 2 3 12 16 2 0 2 3 0 2 7 16 31 2 0 2 4 0 2 7 17 9 2 0 2 3 1 2 7 1 2 3 1 2 7 1 2 7 0 2 3 1 2 7 0 2 3 0 2 7 0 2 3 0 2 7 16 19 11 17 9 2 0 2 3 0 2 7 5 30 3 0 2 7 5 30 3 5 30 3 8 9 2 1 2 7 0 2 7 0 2 7 5 30 3 0 2 3 1 2 7 0 2 3 1 2 7 0 2 3 16 30 2 0 2 7 16 19 11 0 2 3 1 2 3 1 2 4 16 19 11 5 30 3 0 2 7 0 2 7 0 2 4 1 2 3 0 2 7 0 2 7 5 30 3 0 2 7 0 2 3 0 2 7 6 2 7 0 63.2203255295753479
16 19 12 0 2 7 16 19 12 0 2 3 0 2 7 0 2 3 0 2 7 0 2 11 12 16 2 0 2 7 16 19 12 1 2 3 0 2 7 5 30 3 1 2 7 12 16 2 0 2 3 0 2 7 6 2 3 5 30 3 0 2 7 0 2 7 0 2 7 5 30 3 16 19 11 5 30 3 5 30 3 16 6 2 0 2 3 16 19 12 0 2 3 0 2 3 1 2 3 0 2 3 0 2 7 0 2 3 5 31 3 0 2 7 0 2 3 1 2 3 5 31 3 0 2 3 0 2 7 0 2 7 5 30 3 0 2 3 16 19 12 0 2 3 0 2 7 1 2 7 0 2 3 0 2 3 1 2 3 5 30 3 0 2 7 0 2 7 0 2 7 0 2 3 0 2 3 0 2 7 0 65.677621603012085
5 30 2 12 16 2 8 18 7 12 16 11 2 3 3 16 15 2 0 2 7 5 2 7 12 16 2 6 2 8 8 2 3 17 15 2 1 2 4 17 9 2 16 2 12 16 2 8 0 2 8 5 30 7 8 2 11 5 30 3 6 2 7 6 2 2 8 2 7 8 9 2 0 2 7 1 2 2 8 9 2 6 30 8 0 2 7 16 19 11 6 31 8 0 16 2 8 18 3 0 2 12 8 18 11 8 9 7 0 2 3 1 2 8 1 2 8 1 2 7 0 2 3 17 2 2 0 2 11 6 2 7 6 2 8 5 2 3 1 30 7 12 16 2 8 2 2 8 9 2 5 2 8 0 2 12 0 19 7 0 2 4 0 2 7 1 15 2 0 2 7 0 2 8 8 9 2 2 3 7 2194276.94502527593 65.1913995742797852
16 6 2 12 16 2 0 2 7 0 2 11 0 2 7 16 30 2 0 2 7 0 2 7 12 16 2 0 2 7 0 2 3 17 18 2 1 2 4 17 9 2 0 2 11 16 30 2 0 2 7 0 2 7 0 2 11 5 31 3 0 2 7 6 2 7 0 2 7 5 30 3 0 2 7 1 2 7 5 31 3 5 30 3 0 2 7 16 9 11 5 31 3 12 16 2 13 6 3 0 2 7 0 2 11 1 2 7 5 30 3 1 2 7 1 2 4 1 2 7 0 2 7 17 9 2 0 2 11 0 2 7 0 2 7 1 2 7 1 2 7 12 16 2 0 2 11 1 2 7 5 31 3 6 2 7 0 2 7 0 2 4 0 2 7 1 2 7 0 2 7 0 2 7 1 2 7 0 2 7 0 61.971015989780426
5 30 3 8 9 2 8 18 2 12 16 2 2 3 3 16 15 2 0 2 8 5 30 3 12 16 2 6 2 8 8 9 2 16 15 2 6 2 8 5 30 3 16 19 12 0 2 8 6 2 8 5 30 3 8 18 2 5 30 3 6 2 8 8 18 2 8 9 2 8 9 2 16 20 12 8 18 2 8 9 2 6 2 8 6 2 12 16 19 12 6 2 8 0 2 8 8 18 2 0 2 12 8 18 2 8 9 2 0 2 8 0 2 8 6 2 8 8 9 2 5 30 3 0 2 8 6 2 8 6 2 8 6 2 8 5 30 3 5 30 3 13 6 3 8 9 2 8 9 2 6 2 8 0 2 12 16 19 12 8 9 2 0 2 8 16 15 2 6 2 12 6 2 8 8 9 2 2 3 3 0.0671351645480710302 65.9070272445678711
16 19 3 5 2 3 1 2 3 0 2 3 0 2 7 12 16 2 0 2 7 0 2 7 0 2 3 0 2 7 5 2 7 16 2 11 0 2 7 5 31 3 6 2 7 5 6 2 0 2 3 0 2 3 12 2 2 0 2 7 0 2 7 5 31 3 0 2 3 0 2 7 0 2 7 0 2 7 16 19 11 5 2 3 0 2 7 5 31 3 1 2 7 12 6 2 0 2 7 1 2 3 1 2 7 1 2 7 0 2 7 5 30 3 6 2 11 0 2 7 16 18 11 16 19 11 0 2 7 5 6 2 0 2 7 0 2 7 0 2 7 1 2 7 16 19 11 0 2 7 0 2 11 5 30 3 0 2 3 12 2 7 0 2 7 0 2 7 5 31 3 0 2 11 0 2 3 16 6 12 1333969.77852827008 65.938420832157135
5 2 3 1 9 7 8 18 2 0 16 2 1 2 7 16 15 2 0 2 8 0 30 7 12 6 2 6 2 7 0 9 7 17 18 2 1 2 7 5 2 3 16 2 12 0 6 2 0 2 8 0 2 3 8 18 7 5 30 7 0 2 7 17 18 2 8 2 7 8 16 2 1 20 7 0 18 7 16 9 2 5 31 8 0 2 12 5 19 3 6 2 8 6 2 8 8 18 3 0 2 7 8 18 7 0 2 2 0 2 8 1 2 8 0 2 8 8 2 7 5 9 3 0 6 3 6 2 8 6 18 2 0 2 7 1 2 4 1 2 3 13 9 2 8 2 7 8 2 7 6 2 7 0 2 12 16 2 7 8 9 7 0 2 3 1 2 2 6 31 12 6 2 7 1 9 2 12 16 3 2737698.00953635015 63.1214709281921387
8 9 2 0 2 7 1 2 3 0 2 7 0 2 7 12 16 2 0 2 7 0 2 3 16 30 2 0 2 7 0 2 7 16 6 2 0 2 7 0 2 7 5 30 3 16 19 11 6 2 3 5 30 3 0 2 7 0 2 3 1 2 3 0 2 3 5 30 3 16 19 11 0 2 7 8 18 2 5 30 3 0 2 3 1 2 3 16 19 11 5 30 3 0 2 7 0 2 3 1 2 7 0 2 7 16 19 11 0 2 3 0 2 7 0 2 3 5 30 3 0 2 7 12 16 2 0 2 7 0 2 3 0 2 7 5 31 3 5 30 3 1 2 11 16 30 2 12 16 2 0 2 7 0 2 7 12 16 2 0 2 3 0 2 7 0 2 3 1 2 7 1 2 7 0 2 3 1 2 7 0 64.1782431602478027
1 2 4 1 2 7 1 2 7 0 2 7 1 2 7 12 16 2 0 2 11 0 2 7 16 6 2 0 2 7 0 2 7 17 18 2 1 2 7 0 2 7 0 2 7 16 6 2 0 2 7 0 2 7 1 2 7 0 2 7 0 2 7 17 18 2 1 2 7 12 16 2 1 2 7 0 2 7 16 6 2 5 31 3 0 2 7 5 31 3 5 31 3 6 2 4 0 2 3 0 2 7 1 2 7 0 2 7 1 2 7 1 2 7 0 2 7 0 2 7 17 9 2 13 6 3 1 2 7 8 18 2 0 2 7 1 2 4 1 2 7 17 9 2 0 2 7 0 2 7 0 2 7 0 2 7 1 2 7 0 2 7 0 2 3 1 2 7 5 31 3 0 2 7 1 2 7 12 16 2 0 60.5808166861534119
0 2 7 5 30 3 12 16 2 0 2 3 0 2 7 16 6 2 1 2 7 5 30 3 12 16 2 0 2 3 0 2 11 0 2 7 0 2 7 5 30 3 5 30 3 0 2 11 6 2 7 8 9 2 17 9 2 5 30 3 0 2 11 0 2 7 0 2 11 0 2 3 8 18 2 0 2 7 12 16 2 0 2 7 0 2 3 16 6 2 0 2 11 0 2 7 16 19 11 1 2 8 6 2 11 0 2 3 0 2 3 0 2 3 1 2 11 5 30 3 5 30 3 0 2 7 6 2 11 0 2 3 0 2 11 5 30 3 0 2 3 16 19 11 16 19 11 0 2 3 0 2 8 0 2 7 15 2 11 0 2 11 0 2 7 16 6 2 0 2 3 0 2 3 1 2 3 5 30 3 0 65.2082396149635315
5 30 3 8 9 2 8 18 2 12 16 2 2 3 3 16 15 2 0 2 8 5 30 3 12 16 2 6 2 8 8 9 2 16 15 2 6 2 8 5 30 3 16 19 12 0 2 8 6 2 8 5 30 3 8 18 2 5 30 3 6 2 8 8 18 2 8 9 2 8 9 2 16 20 12 8 18 2 8 9 2 6 2 8 6 2 12 16 19 12 6 2 8 0 2 8 8 18 2 0 2 12 8 18 2 8 9 2 0 2 8 0 2 8 6 2 8 8 9 2 5 30 3 0 2 8 6 2 8 6 2 8 6 2 8 5 30 3 5 30 3 13 6 3 8 9 2 8 9 2 6 2 8 0 2 12 16 19 12 8 9 2 0 2 8 16 15 2 6 2 12 6 2 8 8 9 2 2 3 3 0.0671351645480710302 65.9070272445678711
16 6 2 1 2 3 0 2 7 16 31 2 1 2 7 12 16 2 5 31 3 0 2 7 16 6 2 1 2 10 0 2 3 12 16 2 0 2 7 16 18 11 1 2 3 1 2 3 0 2 3 1 2 4 0 2 3 1 2 7 1 2 3 1 2 3 1 2 3 0 2 3 0 2 7 5 30 3 16 6 2 5 30 3 0 2 3 5 31 3 0 2 3 17 18 2 1 2 7 0 2 7 0 2 7 1 2 7 0 2 3 0 2 7 0 2 7 0 2 7 1 2 3 0 2 3 0 2 7 0 2 7 1 2 7 0 2 3 0 2 7 0 2 3 0 2 7 0 2 7 0 2 3 0 2 7 5 30 3 0 2 7 0 2 3 16 9 11 1 2 7 1 2 3 0 2 7 12 16 2 0 62.835013747215271
0 2 7 0 2 7 0 2 7 0 2 7 0 2 7 12 16 2 0 2 4 0 2 4 5 31 3 1 2 10 0 2 3 17 18 2 0 2 11 0 2 7 0 2 7 16 6 2 6 2 7 1 2 4 1 2 3 1 2 4 1 2 3 17 9 2 1 2 4 12 16 2 0 2 7 8 9 2 16 30 2 5 30 3 0 2 3 16 15 2 5 30 3 1 2 4 0 2 7 0 2 7 0 2 7 0 2 7 1 2 7 1 2 3 0 2 3 1 2 3 0 2 4 1 2 4 5 31 3 0 2 7 1 2 7 17 9 2 6 2 7 12 16 2 0 2 7 0 2 4 0 2 7 0 2 4 5 31 3 1 2 7 0 2 7 0 2 7 17 9 2 0 2 7 1 2 7 1 2 3 0 61.7015799283981323
5 30 3 8 30 3 0 2 2 12 2 2 2 2 3 16 16 2 0 2 3 5 30 7 16 16 2 6 2 8 0 2 2 16 9 2 0 2 8 5 2 7 16 19 3 0 2 8 1 2 7 0 2 3 8 2 2 5 30 3 0 2 8 0 2 2 8 2 7 8 9 11 16 20 2 8 2 3 8 9 7 5 30 3 6 2 12 16 19 3 5 30 8 0 9 8 8 18 2 0 2 12 8 18 7 8 9 2 0 2 3 1 2 8 6 2 8 1 2 7 5 30 3 16 30 2 6 2 7 6 19 8 0 2 3 5 2 3 1 30 3 13 19 3 5 9 3 8 2 2 6 2 7 0 2 4 16 2 3 8 9 2 0 2 7 16 15 2 0 2 7 0 2 3 8 9 7 2 2 3 1702452.7302910164 65.9862208366394043
1 2 8 0 2 3 16 19 12 16 6 2 1 2 7 16 6 2 1 2 7 5 30 3 16 6 2 1 2 8 0 2 3 12 16 2 6 2 3 5 31 3 5 30 3 0 2 7 0 2 3 0 2 8 0 2 7 5 30 3 0 2 8 1 2 7 0 2 7 0 2 3 8 18 2 0 2 7 12 16 2 0 2 3 0 2 3 0 2 3 0 2 8 8 9 2 0 2 3 0 2 8 8 18 2 5 30 3 0 2 7 0 2 3 0 2 8 5 30 3 5 30 3 0 2 3 0 2 8 0 2 8 0 2 3 5 30 3 0 2 8 0 2 3 16 19 12 0 2 8 0 2 3 0 2 3 17 9 2 0 2 8 1 2 8 16 19 12 1 2 7 0 2 3 0 2 7 1 2 8 0 66.0439960956573486
1 2 4 0 2 7 16 2 12 0 2 7 1 2 7 16 6 2 0 2 11 5 2 3 16 6 2 0 2 7 0 2 7 12 18 2 6 2 3 5 31 7 5 2 3 16 2 2 0 2 7 0 2 8 0 2 7 5 30 3 0 2 8 1 2 2 1 2 7 12 16 3 1 18 2 0 2 7 12 16 2 0 2 3 0 2 3 0 2 3 5 31 8 6 9 4 0 2 3 0 2 7 8 18 7 5 30 7 1 2 7 1 2 7 0 2 8 5 30 3 17 9 3 13 6 3 1 2 8 8 18 2 0 2 7 5 30 3 0 2 7 0 9 3 0 2 12 0 2 7 0 2 3 0 2 3 17 9 7 0 2 8 0 2 8 1 2 12 5 2 7 0 2 7 0 2 7 12 2 8 1255582.59239863395 64.9749191403388977
1 2 4 1 2 7 1 2 7 0 2 7 0 2 7 12 16 2 0 2 11 0 2 7 5 31 3 1 2 7 0 2 3 17 18 2 0 2 11 0 2 7 0 2 7 16 6 2 6 2 7 0 2 7 1 2 7 0 2 4 0 2 7 17 9 2 1 2 7 12 16 2 0 2 7 0 2 2 16 6 2 5 31 3 0 2 3 16 15 2 5 31 3 1 2 4 0 2 7 0 2 7 0 2 7 0 2 7 1 2 7 1 2 7 0 2 3 0 2 3 17 2 4 1 6 4 5 2 3 8 2 2 0 2 7 1 9 2 6 2 7 12 9 2 0 2 7 0 2 7 0 2 7 0 2 7 5 31 3 0 2 7 0 2 7 0 2 7 17 31 2 0 2 7 1 2 7 1 2 3 707888.487919493346 61.7138680219650269
0 2 3 8 9 2 0 2 7 1 2 7 0 2 7 12 16 2 1 2 3 5 30 3 5 30 3 0 2 3 6 2 7 16 19 11 1 2 7 1 2 3 16 18 11 16 15 2 1 2 7 0 2 7 8 18 2 0 2 3 1 2 7 0 2 7 0 2 3 16 6 2 0 2 7 8 9 2 12 16 2 0 2 3 1 2 7 16 6 2 12 16 2 0 2 7 0 2 7 0 2 7 0 2 3 0 2 7 0 2 3 0 2 7 0 2 11 5 30 3 5 30 3 5 30 3 5 30 3 0 2 7 0 2 7 5 31 3 1 2 7 12 16 2 16 9 11 0 2 7 0 2 3 0 2 7 5 30 3 0 2 7 0 2 7 0 2 7 17 18 2 0 2 7 0 2 7 0 2 7 0 63.5936653017997742
1 2 4 1 2 7 1 2 7 0 2 7 1 2 7 12 16 2 0 2 11 0 2 7 16 6 2 0 2 7 0 2 7 17 18 2 1 2 7 0 2 7 0 2 7 16 6 2 0 2 7 0 2 7 1 2 7 0 2 7 0 2 7 17 18 2 1 2 7 12 16 2 1 2 7 0 2 7 16 6 2 5 31 3 0 2 7 5 31 3 5 31 3 6 2 4 0 2 3 0 2 7 1 2 7 0 2 7 1 2 7 1 2 7 0 2 7 0 2 7 17 9 2 13 6 3 1 2 7 8 18 2 0 2 7 1 2 4 1 2 7 17 9 2 0 2 7 0 2 7 0 2 7 0 2 7 1 2 7 0 2 7 0 2 3 1 2 7 5 31 3 0 2 7 1 2 7 12 16 2 0 60.5808166861534119
0 2 7 1 2 7 0 2 3 17 9 2 1 2 6 12 16 2 0 2 7 0 2 7 6 2 7 5 31 3 5 30 3 16 30 2 1 2 3 0 2 3 0 2 3 5 30 3 0 2 4 0 2 3 0 2 7 16 19 11 6 2 7 0 2 7 0 2 3 0 2 7 1 2 3 16 15 2 12 16 2 0 2 4 0 2 7 16 6 2 5 30 3 0 2 7 1 2 7 0 2 3 0 2 7 0 2 3 0 2 3 0 2 3 1 2 7 0 2 7 1 2 7 0 2 3 0 2 7 0 2 3 5 30 3 0 2 3 1 2 3 16 9 11 1 2 3 0 2 3 0 2 7 0 2 3 16 30 2 5 31 3 1 2 4 0 2 3 0 2 7 0 2 3 5 30 3 12 16 2 0 63.5788107514381409
17 2 2 0 2 4 0 2 7 8 2 7 0 2 7 12 16 2 0 2 7 1 2 4 6 31 3 1 2 2 0 2 3 17 16 2 0 2 11 5 2 7 0 2 7 16 6 7 6 2 7 1 2 4 1 2 7 0 2 7 1 2 7 17 2 2 1 2 7 0 16 2 0 2 7 8 6 2 12 30 2 5 30 3 0 2 7 16 15 11 5 30 7 1 2 4 0 2 7 0 2 7 0 2 7 0 2 7 0 2 7 0 2 3 0 2 7 1 2 7 0 2 4 0 2 4 5 2 7 0 2 7 0 2 7 0 9 2 6 2 7 16 18 2 0 2 7 0 2 4 0 2 7 0 2 4 5 31 3 1 2 7 0 2 3 0 2 7 17 9 2 1 2 7 1 2 7 12 16 3 630438.162477402017 61.7425392270088196
0 2 7 0 2 7 0 2 7 0 2 7 0 2 7 12 16 2 0 2 4 0 2 4 5 31 3 1 2 10 0 2 3 17 18 2 0 2 11 0 2 7 0 2 7 16 6 2 6 2 7 1 2 4 1 2 3 1 2 4 1 2 3 17 9 2 1 2 4 12 16 2 0 2 7 8 9 2 16 30 2 5 30 3 0 2 3 16 15 2 5 30 3 1 2 4 0 2 7 0 2 7 0 2 7 0 2 7 1 2 7 1 2 3 0 2 3 1 2 3 0 2 4 1 2 4 5 31 3 0 2 7 1 2 7 17 9 2 6 2 7 12 16 2 0 2 7 0 2 4 0 2 7 0 2 4 5 31 3 1 2 7 0 2 7 0 2 7 17 9 2 0 2 7 1 2 7 1 2 3 0 61.7015799283981323
16 6 2 0 2 3 0 19 3 16 6 2 1 2 7 16 6 2 0 2 3 5 30 3 16 6 2 0 2 7 0 2 7 12 16 2 6 2 7 16 31 2 5 2 3 1 2 3 0 2 3 0 2 7 0 2 7 0 30 3 1 2 7 1 2 7 1 2 4 1 2 3 0 18 7 0 6 2 12 6 2 0 31 3 0 2 3 16 2 2 0 2 8 8 31 3 0 2 7 0 2 3 8 18 3 5 30 3 0 2 3 12 16 3 1 2 8 1 30 3 1 2 3 0 2 7 0 2 3 0 2 8 1 2 7 5 2 3 0 2 3 0 2 3 0 19 7 0 2 8 0 2 3 8 2 3 5 31 2 0 2 7 1 2 8 1 2 3 1 2 7 0 2 3 0 2 7 1 2 8 2195370.47360317875 62.5106212496757507
1 2 8 0 2 3 16 19 12 16 6 2 1 2 7 16 6 2 1 2 7 5 30 3 16 6 2 1 2 8 0 2 3 12 16 2 6 2 3 5 31 3 5 30 3 0 2 7 0 2 3 0 2 8 0 2 7 5 30 3 0 2 8 1 2 7 0 2 7 0 2 3 8 18 2 0 2 7 12 16 2 0 2 3 0 2 3 0 2 3 0 2 8 8 9 2 0 2 3 0 2 8 8 18 2 5 30 3 0 2 7 0 2 3 0 2 8 5 30 3 5 30 3 0 2 3 0 2 8 0 2 8 0 2 3 5 30 3 0 2 8 0 2 3 16 19 12 0 2 8 0 2 3 0 2 3 17 9 2 0 2 8 1 2 8 16 19 12 1 2 7 0 2 3 0 2 7 1 2 8 0 66.0439960956573486
17 18 2 0 2 4 1 2 7 8 9 2 0 2 7 12 16 2 0 2 7 1 2 4 6 2 4 17 9 2 5 31 3 12 16 2 0 2 7 5 31 3 0 2 7 1 2 7 0 2 4 0 2 7 0 2 7 0 2 7 1 2 7 0 2 7 0 2 7 0 2 7 0 2 7 16 6 2 12 16 2 5 30 3 1 2 7 16 19 11 1 2 7 0 2 7 1 2 7 1 2 7 0 2 7 0 2 7 0 2 7 0 2 7 0 2 7 1 2 7 5 30 3 0 2 7 0 2 7 1 2 7 0 2 7 0 2 4 0 2 7 16 18 11 0 2 4 0 2 4 0 2 7 17 9 2 16 19 11 5 31 3 5 31 3 6 2 7 0 2 7 1 2 7 1 2 7 12 16 2 0 62.1501184105873108
0 2 3 0 2 3 0 2 4 5 30 3 1 2 7 12 16 2 0 2 7 1 2 7 17 9 2 0 2 3 0 2 3 8 9 2 0 2 7 1 2 7 0 2 4 5 30 3 5 30 3 0 2 3 1 2 3 0 2 4 1 2 11 16 9 11 5 30 3 0 2 7 17 9 2 0 2 4 5 31 3 0 2 3 1 2 11 17 9 2 1 2 3 0 2 7 1 2 7 0 2 4 0 2 4 1 2 7 0 2 7 1 2 7 0 2 3 0 2 3 17 9 2 1 2 3 0 2 3 1 2 4 16 19 11 0 2 7 0 2 7 0 2 7 0 2 7 1 2 4 0 2 7 1 2 7 1 2 4 0 2 7 0 2 4 1 2 7 16 18 11 0 2 3 1 2 11 12 16 2 0 62.8467586040496826
1 2 7 5 31 3 1 16 2 0 2 7 0 2 7 12 16 2 0 2 7 0 2 7 16 2 7 0 2 3 1 2 3 16 18 11 1 2 7 0 2 7 0 2 7 16 18 2 0 2 3 17 2 2 17 2 2 16 2 7 0 2 3 17 18 7 5 30 3 12 16 2 0 2 7 0 2 3 16 6 2 0 31 3 0 2 3 5 6 3 1 31 3 0 2 7 0 2 3 0 2 7 1 9 11 1 2 7 1 2 7 0 2 7 1 2 7 0 2 3 5 30 3 0 6 3 1 2 7 1 18 3 1 2 7 0 2 3 0 2 7 0 9 7 0 2 7 0 2 7 0 2 7 0 2 7 1 2 7 0 2 7 1 2 7 1 2 3 0 2 3 0 2 7 1 2 7 12 16 2 1035759.2606797436 61.694471538066864
16 6 2 5 30 3 0 2 3 16 6 2 0 2 7 12 16 2 0 2 3 5 30 3 16 31 2 0 2 7 0 2 7 12 16 2 0 2 7 16 6 2 0 2 7 1 2 3 0 2 7 0 2 7 0 2 7 0 2 3 1 2 7 0 2 7 1 2 4 1 2 7 0 2 7 16 6 2 16 6 2 5 31 3 0 2 3 16 6 2 0 2 3 5 31 3 0 2 7 0 2 3 0 2 3 0 2 7 0 2 3 12 16 2 1 2 3 1 2 3 1 2 3 0 2 7 0 2 3 0 2 3 1 2 7 0 2 7 0 2 3 0 2 7 0 2 7 0 2 7 0 2 7 8 9 2 5 31 3 1 2 7 1 2 7 1 2 3 1 2 7 1 2 7 0 2 3 12 16 2 0 62.247774600982666
1 2 4 1 2 7 1 2 7 0 2 7 1 2 7 12 16 2 0 2 7 0 2 7 16 30 2 0 2 7 0 2 7 17 18 2 1 2 7 0 2 7 1 2 7 16 6 2 0 2 7 0 2 7 1 2 7 0 2 7 0 2 7 17 18 2 1 2 7 12 16 2 1 2 7 0 2 7 16 6 2 5 31 3 0 2 7 5 31 3 5 31 3 1 2 4 0 2 7 0 2 7 0 2 7 0 2 7 1 2 7 1 2 7 0 2 7 0 2 7 17 9 2 13 6 3 1 2 4 8 18 2 0 2 7 1 2 7 1 2 3 17 9 2 0 2 7 0 2 7 0 2 7 0 2 7 1 2 7 0 2 7 0 2 7 1 2 7 5 31 3 0 2 7 1 2 7 12 16 2 0 60.36954665184021
0 2 7 1 2 7 0 2 7 1 2 7 0 2 7 12 16 2 1 2 7 0 2 7 5 31 3 1 2 7 0 2 3 1 2 7 1 2 7 1 2 4 0 2 7 5 31 3 0 2 7 8 18 2 0 2 7 1 2 7 1 2 7 16 15 2 0 2 7 12 16 2 0 2 4 17 18 2 1 2 7 17 9 2 0 2 7 8 18 2 5 30 3 0 2 7 0 2 7 0 2 7 0 2 7 0 2 7 0 2 7 0 2 4 0 2 7 16 9 11 0 2 4 16 18 11 5 30 3 0 2 4 0 2 3 0 2 4 1 2 7 17 18 2 0 2 7 0 2 7 0 2 7 1 2 7 5 30 3 0 2 7 1 2 7 0 2 3 17 9 2 1 2 7 1 2 7 5 30 3 0 61.8901275396347046
0 2 3 0 2 7 0 2 3 0 2 7 1 2 7 12 16 2 1 2 3 1 2 4 16 31 3 6 2 7 0 2 3 17 18 2 0 2 3 0 2 3 0 2 7 16 6 2 0 2 3 0 2 7 1 2 7 16 9 8 6 2 7 16 9 8 1 30 3 0 2 2 1 2 7 0 2 2 16 31 3 0 30 3 0 2 7 16 15 2 5 30 7 0 2 3 0 2 12 0 2 7 0 2 7 0 2 3 0 2 7 0 2 4 0 2 3 1 2 3 16 2 11 6 2 11 5 2 3 0 2 7 1 2 7 17 2 2 6 2 7 12 2 2 0 2 7 0 2 3 0 2 7 0 2 3 5 31 2 1 2 7 0 2 3 5 2 7 0 2 12 1 2 3 0 2 7 12 2 3 1334017.87233279599 62.9098880887031555
1 2 7 8 9 2 0 2 7 0 2 7 1 2 7 12 16 2 0 2 7 0 2 7 5 31 3 6 2 7 0 2 4 17 1 2 8 9 2 0 2 7 1 2 7 16 6 2 0 2 7 0 2 7 1 2 7 1 2 11 0 2 7 17 9 2 1 2 4 12 16 2 0 2 7 17 9 2 5 31 3 0 2 7 0 2 7 16 6 2 5 30 3 0 2 7 0 2 7 0 2 7 0 2 4 0 2 7 0 2 7 0 2 7 0 2 7 1 2 7 0 2 7 0 2 7 5 31 3 1 2 7 1 2 7 17 9 2 1 2 7 12 16 2 0 2 7 0 2 7 0 2 7 0 2 4 5 30 3 1 2 4 0 2 4 1 2 7 17 9 2 1 2 7 1 2 7 1 2 7 0 61.0292235016822815
1 2 7 0 2 7 1 2 7 1 2 4 0 2 3 12 16 2 0 2 4 0 2 7 16 9 11 0 2 7 0 2 7 12 16 2 1 2 7 1 2 3 12 16 2 16 6 2 0 2 4 0 2 7 0 2 3 0 2 3 6 2 7 16 9 11 1 2 7 12 16 2 1 2 7 17 9 2 16 6 2 16 9 11 0 2 4 12 16 2 5 31 3 0 2 3 1 2 7 0 2 7 0 2 7 0 2 7 0 2 3 1 2 4 0 2 4 1 2 3 0 2 7 0 2 3 5 31 3 0 2 7 5 31 3 1 2 4 1 2 7 1 2 7 0 2 7 0 2 7 0 2 7 5 31 3 5 30 3 0 2 7 0 2 3 0 2 7 17 18 2 1 2 4 0 2 7 0 2 3 0 62.5941187143325806
0 2 3 0 2 7 5 30 3 1 2 3 0 2 7 12 16 2 0 2 7 0 2 3 16 6 2 0 2 7 0 2 7 5 30 3 0 2 7 0 2 3 0 2 3 16 6 2 0 2 3 5 30 3 1 2 7 0 2 3 0 2 7 16 6 2 0 2 7 16 6 2 12 16 2 1 2 3 16 6 2 5 30 3 8 18 2 0 2 3 0 2 3 0 2 7 0 2 3 16 19 11 0 2 7 0 2 3 0 2 7 0 2 3 1 2 7 0 2 3 16 18 11 1 2 7 1 2 7 0 2 3 1 2 3 8 18 2 1 2 3 0 2 3 0 2 3 0 2 3 5 31 3 5 30 3 0 2 3 0 2 7 1 2 7 5 30 3 1 2 7 1 2 3 0 2 3 12 16 2 0 63.6672264933586121
1 2 7 0 2 7 1 2 3 0 2 3 1 2 7 12 16 2 0 2 7 0 2 7 16 6 2 0 2 3 0 2 7 1 2 3 1 2 7 0 2 7 5 2 3 16 6 2 0 2 7 0 2 7 1 2 7 1 2 7 0 2 7 16 6 2 1 2 4 0 16 7 1 2 7 0 2 7 16 6 2 5 31 3 0 2 7 16 31 11 5 2 7 1 31 3 0 2 7 8 2 2 0 2 3 1 2 7 1 2 7 1 2 7 0 2 7 0 2 7 17 31 2 1 2 3 1 2 4 1 18 7 12 16 2 1 2 2 0 2 3 17 2 3 0 2 7 0 2 7 0 2 7 15 2 11 1 31 7 0 2 7 0 2 7 0 2 4 17 31 3 1 2 7 1 2 7 0 16 2 1134193.25548597472 60.5420117974281311
1 2 7 8 2 2 0 2 7 0 2 7 16 19 11 12 16 3 0 2 7 0 2 7 16 6 2 0 2 7 0 2 4 17 16 2 0 9 2 0 2 7 1 2 7 16 6 2 0 31 3 8 18 7 0 2 7 1 2 11 0 2 7 17 2 7 1 2 7 12 16 2 0 2 7 17 9 2 5 31 2 0 2 7 0 30 3 16 6 3 12 30 3 0 2 7 0 2 7 1 2 7 0 2 4 0 2 3 0 2 7 0 2 7 1 2 7 1 2 3 0 2 7 16 2 11 5 31 3 1 2 3 5 2 7 17 9 3 0 2 7 1 16 7 0 2 7 0 2 7 0 2 7 0 2 4 5 30 3 6 2 4 0 2 7 0 2 7 17 9 2 0 2 7 1 2 7 1 2 7 1274209.26850045309 61.1248946785926819
0 2 7 1 2 7 0 2 7 0 2 7 1 2 7 12 16 2 0 2 7 1 2 7 5 30 3 1 2 7 0 2 7 16 19 11 0 2 7 0 2 7 0 2 7 5 31 3 1 2 7 0 2 7 0 2 7 0 2 7 0 2 7 8 9 2 0 2 7 12 16 2 0 2 11 17 18 2 15 2 11 5 30 3 0 2 4 5 30 3 5 30 3 0 2 7 0 2 7 0 2 7 0 2 7 0 2 7 0 2 7 6 2 7 1 2 7 16 9 11 0 2 4 16 19 11 5 30 3 1 2 11 0 2 7 0 2 7 0 2 7 17 18 2 1 2 7 0 2 7 1 2 7 0 2 7 5 30 3 0 2 7 0 2 7 0 2 3 17 18 2 1 2 7 16 19 11 5 31 3 0 63.115908145904541
1 2 7 0 9 7 0 2 7 6 2 7 1 2 7 6 2 2 0 2 7 0 2 7 5 31 3 6 2 7 0 2 7 12 1 2 8 2 7 1 2 7 0 2 7 16 6 2 5 2 7 0 2 2 1 2 4 1 2 7 0 2 7 0 9 2 0 2 4 12 16 2 0 2 3 17 18 2 16 6 3 0 2 7 5 2 7 5 31 2 5 16 2 0 2 7 0 2 7 0 2 7 0 2 7 0 2 7 1 2 7 5 30 3 0 2 4 1 2 7 0 2 7 0 19 7 5 31 3 0 2 7 1 30 3 1 2 2 1 2 7 12 2 2 0 2 7 0 2 7 0 2 7 0 2 7 5 31 3 1 2 4 0 2 4 1 2 7 17 9 2 1 2 4 0 2 7 1 2 7 1421866.09982441971 62.3291301727294922
1 2 4 1 2 7 1 2 7 0 2 7 1 2 7 12 16 2 0 2 7 0 2 7 16 30 2 0 2 7 0 2 7 17 18 2 1 2 7 0 2 7 1 2 7 16 6 2 0 2 7 0 2 7 1 2 7 0 2 7 0 2 7 17 18 2 1 2 7 12 16 2 1 2 7 0 2 7 16 6 2 5 31 3 0 2 7 5 31 3 5 31 3 1 2 4 0 2 7 0 2 7 0 2 7 0 2 7 1 2 7 1 2 7 0 2 7 0 2 7 17 9 2 13 6 3 1 2 4 8 18 2 0 2 7 1 2 7 1 2 3 17 9 2 0 2 7 0 2 7 0 2 7 0 2 7 1 2 7 0 2 7 0 2 7 1 2 7 5 31 3 0 2 7 1 2 7 12 16 2 0 60.36954665184021
1 2 7 0 2 7 5 31 3 1 2 7 1 2 7 12 16 2 0 2 7 0 2 7 1 2 7 8 9 2 0 2 7 8 9 2 0 2 11 0 2 7 0 2 3 0 2 7 0 2 11 5 30 3 17 1 2 0 2 7 0 2 7 17 18 2 5 30 3 5 30 3 0 2 7 1 2 7 1 2 7 1 2 4 0 2 7 0 2 7 16 19 11 1 2 7 17 9 2 0 2 7 1 2 11 0 2 4 0 2 7 0 2 7 0 2 7 0 2 11 1 2 7 6 2 7 17 9 2 0 2 7 6 2 7 17 18 2 0 2 7 5 31 3 0 2 3 0 2 11 0 2 7 0 2 7 5 30 3 0 2 7 0 2 7 1 2 7 16 6 2 1 2 11 1 2 7 12 16 2 0 62.1624846458435059
0 2 3 0 2 7 5 30 3 1 2 3 0 2 7 12 16 2 0 2 3 0 2 7 16 6 2 0 2 7 0 2 7 5 30 3 0 2 7 0 2 3 0 2 3 16 31 2 0 2 3 5 30 3 1 2 7 0 2 3 0 2 7 16 6 2 0 2 7 16 6 2 12 16 2 1 2 3 16 6 2 5 30 3 8 18 2 0 2 3 0 2 3 0 2 7 0 2 3 16 19 11 0 2 7 0 2 3 0 2 7 0 2 3 1 2 4 0 2 3 16 18 8 1 2 7 1 2 7 0 2 7 1 2 3 6 2 3 1 2 3 0 2 3 0 2 3 0 2 3 5 31 3 5 30 3 0 2 3 0 2 3 1 2 7 5 30 3 1 2 7 1 2 7 0 2 3 12 16 2 0 63.6192164421081543
0 2 7 1 2 7 0 2 7 0 2 7 1 2 7 12 16 2 1 2 3 0 2 4 16 31 3 1 2 7 0 2 3 1 2 2 1 2 7 1 2 3 0 2 7 5 6 3 0 2 3 0 2 7 0 2 7 1 9 8 6 2 7 16 15 8 0 2 3 0 2 2 0 2 4 0 18 2 1 31 7 17 30 3 0 2 7 8 18 2 5 30 7 0 2 7 0 2 7 0 2 7 0 2 7 0 2 7 0 2 7 0 2 4 0 2 3 16 2 3 0 2 4 16 18 11 5 2 3 0 2 4 0 2 3 0 2 4 1 2 7 17 2 2 0 2 7 0 2 7 0 2 7 1 2 7 5 31 3 0 2 7 1 2 3 5 2 3 0 2 2 1 2 7 0 2 7 12 2 3 1322614.58419569908 62.7952972054481506
1 2 7 1 2 7 1 2 7 0 2 7 1 2 4 12 16 2 1 2 4 1 2 7 16 6 2 0 2 7 1 2 7 17 18 2 17 18 2 0 2 7 0 2 4 1 2 7 1 2 7 5 30 3 1 2 7 0 2 4 0 2 7 17 9 2 1 2 7 12 16 2 0 2 7 17 9 2 5 31 3 0 2 7 1 2 7 16 18 11 5 31 3 0 2 7 0 2 7 0 2 7 0 2 4 1 2 7 0 2 7 1 2 1 0 2 7 0 2 7 8 9 2 13 6 3 5 31 3 0 2 4 0 2 4 0 2 4 0 2 7 12 16 2 0 2 7 1 2 7 1 2 7 0 2 7 0 2 7 1 2 7 0 2 4 0 2 7 17 18 2 0 2 7 0 2 7 12 16 2 0 60.9730026125907898
0 2 11 0 2 8 5 30 3 0 2 11 0 2 11 12 16 2 0 2 7 0 2 7 0 2 8 0 2 3 0 2 11 16 19 11 0 2 8 0 2 3 0 2 7 5 30 3 0 2 3 5 30 3 5 30 3 0 2 8 0 2 11 16 19 11 0 2 8 5 31 3 0 2 11 16 19 11 5 30 3 0 2 3 0 2 8 1 2 3 0 2 3 0 2 7 0 2 7 5 30 3 0 2 11 0 2 7 0 2 11 0 2 3 0 2 11 0 2 7 16 19 11 0 2 8 16 19 11 0 2 7 0 2 3 0 2 8 0 2 3 5 30 3 0 2 8 0 2 7 0 2 7 5 30 3 5 30 3 0 2 3 0 2 7 16 19 11 16 6 2 0 2 7 0 2 3 12 16 2 0 67.3326051235198975
1 2 7 0 2 7 5 31 3 1 2 7 0 2 7 12 16 2 0 2 7 1 2 7 0 2 7 0 2 7 0 2 7 5 30 3 0 2 7 0 2 7 0 2 7 0 2 7 1 2 7 0 2 7 1 2 7 0 2 7 0 2 7 16 30 2 17 9 2 17 18 2 17 18 2 1 2 3 0 2 7 5 30 3 0 2 7 0 2 7 16 19 11 0 2 4 8 9 2 0 2 7 15 2 11 0 2 7 1 2 7 5 31 3 0 2 7 0 2 7 1 2 7 0 2 7 0 2 7 5 30 3 0 2 7 16 6 2 0 2 4 5 31 3 0 2 7 0 2 4 1 2 7 5 30 3 16 19 11 1 2 7 6 2 4 0 2 7 1 2 7 1 2 7 0 2 7 12 16 2 0 61.9727963805198669
0 2 7 5 2 3 5 30 2 1 2 3 6 2 3 12 16 2 1 2 3 0 2 7 5 30 3 1 2 3 0 2 7 5 30 7 0 2 7 0 2 7 0 2 3 16 6 2 0 2 3 0 2 3 5 2 3 1 2 3 0 2 7 17 18 3 1 2 7 6 2 7 12 2 2 16 19 7 5 30 3 1 2 3 17 2 3 0 2 3 5 30 2 0 2 7 8 2 2 1 19 7 0 2 7 0 2 7 1 2 7 0 2 7 0 2 7 0 2 7 16 18 3 1 2 3 16 2 7 0 2 7 0 2 7 17 18 2 6 2 7 12 31 3 1 2 7 0 2 7 0 2 7 16 19 3 5 30 3 0 2 7 0 2 7 5 30 12 1 2 3 1 2 3 0 2 4 12 16 2 1189475.15358530567 64.1499228477478027
1 2 7 1 2 7 1 30 7 1 2 7 1 2 7 12 16 2 0 2 7 1 2 7 17 6 2 0 2 3 0 2 7 17 18 2 17 18 7 0 2 7 0 2 7 16 31 2 1 2 7 5 30 3 1 2 7 0 2 4 0 2 7 17 9 2 1 2 7 12 2 7 0 2 7 8 2 11 17 31 2 5 30 7 5 30 3 0 2 3 0 31 7 0 2 7 0 2 7 16 9 11 0 2 3 0 2 7 0 2 7 1 2 7 0 2 7 0 2 7 0 9 7 1 6 7 5 18 3 0 2 2 0 2 3 16 2 2 0 2 7 12 16 2 1 2 7 1 2 7 1 2 3 5 2 7 5 30 3 0 2 7 0 2 7 5 30 7 13 18 3 0 2 7 0 2 7 12 16 2 1761957.58668823424 61.1235834956169128
0 2 7 6 2 3 5 30 3 0 2 7 0 2 3 12 16 2 0 2 11 0 2 4 5 30 3 1 2 7 0 2 7 5 30 3 0 2 7 0 2 7 0 2 7 16 6 2 0 2 3 5 30 3 5 30 3 1 2 3 0 2 11 17 18 2 1 2 7 0 2 7 1 2 7 0 2 7 17 18 2 0 2 3 17 18 2 0 2 7 8 18 2 0 2 7 8 1 2 16 19 11 0 2 7 0 2 7 1 2 7 0 2 7 0 2 7 1 2 7 13 6 3 0 2 3 16 19 11 0 2 7 0 2 7 17 18 2 0 2 7 12 16 2 1 2 7 0 2 7 0 2 7 5 30 3 5 30 3 0 2 7 0 2 7 5 30 3 1 2 7 1 2 3 0 2 7 12 16 2 0 62.7889450788497925
1 2 4 1 2 7 1 2 7 0 2 7 1 2 7 12 16 2 0 2 7 0 2 7 16 30 2 0 2 7 0 2 7 17 18 2 1 2 7 0 2 7 1 2 7 16 6 2 0 2 7 0 2 7 1 2 7 0 2 7 0 2 7 17 18 2 1 2 7 12 16 2 1 2 7 0 2 7 16 6 2 5 31 3 0 2 7 5 31 3 5 31 3 1 2 4 0 2 7 0 2 7 0 2 7 0 2 7 1 2 7 1 2 7 0 2 7 0 2 7 17 9 2 13 6 3 1 2 4 8 18 2 0 2 7 1 2 7 1 2 3 17 9 2 0 2 7 0 2 7 0 2 7 0 2 7 1 2 7 0 2 7 0 2 7 1 2 7 5 31 3 0 2 7 1 2 7 12 16 2 0 60.36954665184021
0 2 3 1 2 7 1 2 7 0 2 3 0 2 3 12 16 2 0 2 7 0 2 7 16 31 2 5 30 3 0 2 3 5 30 3 5 30 3 1 2 3 0 2 3 16 6 2 1 2 7 16 6 2 0 2 7 0 2 7 0 2 7 17 9 2 0 2 7 0 2 7 0 2 7 1 2 7 0 2 7 16 19 11 1 2 3 5 30 3 1 2 3 15 2 12 1 2 3 5 31 3 0 2 3 5 30 3 0 2 7 0 2 7 0 2 7 0 2 3 0 2 3 0 2 7 1 2 7 1 2 7 0 2 7 0 2 7 0 2 7 5 30 3 5 31 3 0 2 7 0 2 7 16 18 11 0 2 7 0 2 7 6 2 7 0 2 7 16 19 12 0 2 7 0 2 3 12 16 2 0 63.4217255115509033
0 2 4 1 2 7 0 2 3 0 2 11 0 2 7 12 16 2 0 2 7 1 2 7 16 6 2 0 19 11 1 2 3 17 18 2 0 31 7 1 2 7 0 2 3 1 2 7 1 2 3 5 2 7 5 2 3 0 2 3 0 2 3 0 2 12 0 2 7 5 30 2 1 2 4 8 9 2 0 6 3 5 2 7 1 2 7 5 18 2 16 16 8 8 1 3 0 2 7 16 19 12 0 2 7 0 2 7 0 30 3 0 2 3 0 2 7 0 2 7 0 9 7 12 16 2 0 2 3 0 2 3 0 2 7 0 2 7 0 2 8 0 2 2 0 30 3 0 2 3 5 2 7 1 2 7 0 2 3 17 2 2 1 2 11 16 19 7 17 30 2 0 2 3 0 2 3 12 16 2 2783289.62063945783 64.0632352232933044
1 2 7 1 2 7 0 2 7 0 2 7 0 2 4 12 16 2 1 2 7 1 2 4 16 6 2 0 2 7 0 2 7 17 18 2 5 31 3 0 2 7 0 2 7 1 2 3 1 2 4 1 2 4 1 2 4 0 2 7 1 2 11 0 2 4 1 2 7 17 9 2 0 2 7 0 2 7 16 32 2 5 30 3 6 2 7 8 18 2 12 16 2 8 18 2 1 2 7 5 30 3 0 2 7 0 2 7 5 30 3 0 2 7 0 2 7 0 2 7 0 2 7 12 16 2 13 6 3 1 2 7 1 2 7 1 2 7 0 2 11 17 9 2 5 31 3 0 2 7 0 2 7 0 2 4 0 2 7 17 9 2 1 2 11 0 2 7 17 18 2 0 2 7 0 2 7 12 16 2 0 61.1911525130271912
1 2 7 1 2 7 1 2 4 0 2 7 0 2 7 12 16 2 0 2 7 1 2 4 16 6 2 0 2 4 0 2 4 17 18 2 5 31 3 1 2 7 0 2 7 0 2 4 1 2 4 12 16 2 1 2 7 0 2 7 1 2 7 0 2 4 0 2 7 17 9 2 1 2 4 1 2 7 16 6 2 5 31 3 1 2 7 17 18 2 12 16 2 8 18 2 0 2 7 5 31 3 0 2 7 0 2 7 0 2 7 0 2 7 1 2 7 0 2 7 0 2 7 12 16 2 13 6 3 0 2 4 0 2 7 0 2 4 1 2 4 1 2 7 5 31 3 0 2 4 0 2 7 1 2 7 0 2 7 17 9 2 1 2 4 0 2 7 17 18 2 0 2 7 6 2 7 12 16 2 0 60.6511556506156921
1 2 7 1 2 7 0 2 7 0 2 4 0 2 7 12 16 2 1 2 7 1 2 7 16 6 2 1 2 4 0 2 7 17 18 2 5 31 3 0 2 7 0 2 7 1 2 7 1 2 7 0 2 7 1 2 7 0 2 7 1 2 7 0 2 7 0 2 7 17 9 2 0 2 7 0 2 7 16 30 2 5 30 3 0 2 7 0 2 7 12 16 2 8 1 2 1 2 7 5 31 3 0 2 7 0 2 7 5 30 3 0 2 7 1 2 7 0 2 7 0 2 4 12 16 2 13 6 3 1 2 7 1 2 7 6 2 4 5 31 3 17 9 2 5 30 3 0 2 7 0 2 7 0 2 7 0 2 7 17 9 2 0 2 4 0 2 7 17 18 2 0 2 7 0 2 7 12 16 2 0 60.9783473610877991
1 2 3 0 2 7 0 2 7 0 2 3 0 2 3 12 16 2 1 2 7 0 2 7 16 6 2 1 2 7 1 2 7 17 18 2 5 30 3 0 2 3 1 2 4 5 30 3 1 2 4 17 18 2 1 2 7 0 2 7 0 2 3 0 2 3 1 2 7 8 9 2 0 2 7 0 2 7 16 15 2 5 30 3 0 2 7 17 18 2 12 16 2 8 18 2 1 2 3 0 2 7 1 2 3 0 2 7 5 30 3 1 2 7 0 2 3 0 2 3 1 2 7 16 31 2 0 2 7 1 2 4 1 2 7 1 2 7 0 2 7 17 9 2 13 6 3 1 2 4 0 2 7 0 2 3 0 2 3 0 2 7 0 2 7 0 2 7 1 2 7 0 2 7 0 2 4 12 16 2 0 61.3952546119689941
0 2 7 0 2 7 0 2 3 5 30 3 0 2 7 12 16 2 1 2 7 1 2 7 1 2 3 1 2 7 0 2 7 17 18 2 5 31 3 1 2 4 1 2 3 0 2 7 0 2 7 0 2 7 0 2 7 0 2 7 1 2 7 16 30 2 0 2 3 5 30 3 1 2 4 0 2 7 0 2 4 0 2 7 0 2 7 0 2 3 16 9 11 1 2 4 1 2 7 5 31 3 0 2 7 0 2 7 5 31 3 0 2 7 0 2 7 1 2 7 0 2 4 1 2 7 17 9 2 17 9 2 0 2 4 1 2 3 16 18 11 0 2 3 0 2 7 0 2 4 0 2 7 1 2 4 1 2 3 1 2 7 0 2 4 1 2 3 17 18 2 1 2 7 0 2 4 12 16 2 0 61.8234848976135254
1 2 7 1 2 7 1 2 7 0 2 7 1 2 4 12 16 2 1 2 4 1 2 7 16 6 2 0 2 7 1 2 7 17 18 2 17 18 2 0 2 7 0 2 4 1 2 7 1 2 7 5 30 3 1 2 7 0 2 4 0 2 7 17 9 2 1 2 7 12 16 2 0 2 7 17 9 2 5 31 3 0 2 7 1 2 7 16 18 11 5 31 3 0 2 7 0 2 7 0 2 7 0 2 4 1 2 7 0 2 7 1 2 1 0 2 7 0 2 7 8 9 2 13 6 3 5 31 3 0 2 4 0 2 4 0 2 4 0 2 7 12 16 2 0 2 7 1 2 7 1 2 7 0 2 7 0 2 7 1 2 7 0 2 4 0 2 7 17 18 2 0 2 7 0 2 7 12 16 2 0 60.9730026125907898
1 2 7 1 2 7 0 2 7 1 2 7 0 2 7 12 16 2 1 2 7 1 2 7 16 6 2 0 2 4 0 2 7 17 18 2 5 31 3 0 2 7 0 2 7 1 2 7 1 2 7 0 2 7 1 2 7 6 2 7 0 2 7 0 2 3 1 2 7 17 9 2 0 2 11 0 2 7 16 6 2 5 30 3 0 2 7 8 18 2 12 16 2 8 1 2 1 2 11 5 31 3 0 2 7 0 2 7 5 30 3 0 2 7 1 2 7 0 2 7 0 2 7 12 16 2 13 6 3 0 2 7 1 2 7 0 2 7 0 2 3 17 9 2 5 30 3 0 2 7 0 2 7 0 2 7 1 2 7 17 9 2 1 2 7 0 2 11 17 18 2 0 2 4 0 2 7 12 16 2 0 61.2643033862113953
1 2 4 1 2 7 1 2 7 0 2 7 1 2 7 12 16 2 0 2 7 0 2 7 16 30 2 0 2 7 0 2 7 17 18 2 1 2 7 0 2 7 1 2 7 16 6 2 0 2 7 0 2 7 1 2 7 0 2 7 0 2 7 17 18 2 1 2 7 12 16 2 1 2 7 0 2 7 16 6 2 5 31 3 0 2 7 5 31 3 5 31 3 1 2 4 0 2 7 0 2 7 0 2 7 0 2 7 1 2 7 1 2 7 0 2 7 0 2 7 17 9 2 13 6 3 1 2 4 8 18 2 0 2 7 1 2 7 1 2 3 17 9 2 0 2 7 0 2 7 0 2 7 0 2 7 1 2 7 0 2 7 0 2 7 1 2 7 5 31 3 0 2 7 1 2 7 12 16 2 0 60.36954665184021
0 2 7 0 2 7 1 2 3 0 2 7 5 31 3 12 16 2 1 2 7 0 2 4 8 9 2 0 2 7 1 2 7 5 30 3 17 18 2 0 2 7 1 2 7 17 9 2 0 2 7 13 6 3 1 2 7 0 2 7 0 2 7 17 9 2 1 2 7 17 9 2 0 2 7 0 2 4 16 19 11 5 31 3 1 2 4 17 9 2 12 16 2 1 2 7 0 2 7 0 2 7 0 2 4 1 2 7 0 2 7 0 2 7 1 2 3 0 2 7 16 6 2 13 6 3 0 2 7 0 2 4 1 2 7 1 2 7 1 2 7 12 16 2 5 30 3 1 2 3 0 2 7 0 2 4 1 2 7 0 2 7 0 2 7 0 2 7 1 2 7 1 2 7 0 2 7 12 16 2 0 60.7701654434204102
0 2 7 1 2 7 0 2 3 0 2 4 1 2 10 12 16 2 0 2 3 0 2 10 16 30 2 0 2 7 1 2 7 17 18 2 5 30 3 0 2 7 0 2 7 16 6 2 0 2 7 1 2 7 1 2 7 0 2 3 0 2 7 8 18 2 1 2 4 12 16 2 1 2 7 0 2 7 16 30 2 5 30 3 0 2 7 1 2 10 5 30 3 1 2 7 0 2 3 16 18 11 0 2 4 1 2 7 1 2 11 1 2 4 0 2 7 0 2 11 17 9 2 5 30 3 0 2 11 0 2 7 1 2 10 0 2 3 0 2 3 17 9 2 0 2 3 5 31 3 0 2 7 5 31 3 0 2 7 0 2 11 0 2 7 0 2 3 5 30 3 0 2 10 0 2 11 12 16 2 0 62.9359179139137268
0 2 7 0 2 3 0 2 7 0 2 4 0 2 11 12 16 2 0 2 4 5 31 3 5 31 3 0 2 7 0 2 4 0 2 3 17 18 2 1 2 7 0 2 7 1 2 3 0 2 7 1 2 3 1 2 7 0 2 4 0 2 7 0 2 3 1 2 7 12 16 2 0 2 4 0 2 7 16 30 2 5 31 3 5 31 3 0 2 3 16 6 2 0 2 7 1 2 7 17 18 2 0 2 7 0 2 4 17 18 2 1 2 7 1 2 7 0 2 7 0 2 4 16 24 2 6 2 7 0 2 7 0 2 7 1 2 4 0 2 7 17 9 2 1 2 7 1 2 7 0 2 4 5 30 3 1 2 7 1 2 7 1 2 3 1 2 7 0 2 7 1 2 7 0 2 4 1 2 7 0 61.2990580201148987
0 2 11 1 2 7 0 2 4 6 2 7 5 31 3 12 16 2 16 6 2 8 9 2 16 6 2 0 2 7 1 2 7 17 18 2 0 2 7 1 2 4 1 2 7 0 2 7 0 2 7 1 2 3 0 2 7 0 2 11 0 2 7 1 2 7 1 2 7 12 16 2 1 2 11 0 2 4 0 2 4 5 31 3 0 2 7 1 2 7 17 18 2 0 2 7 0 2 3 17 18 2 0 2 7 1 2 4 17 18 2 5 30 3 6 2 4 1 2 11 0 2 7 0 2 7 0 2 7 0 2 7 0 2 7 0 2 4 0 2 4 17 9 2 0 2 7 13 6 3 0 2 4 5 31 3 1 2 7 1 2 7 1 2 7 0 2 7 5 30 3 1 2 7 0 2 7 12 16 2 0 61.1006166934967041
1 2 4 0 2 3 0 2 7 0 2 3 0 2 7 12 16 2 0 2 7 16 6 2 16 15 2 0 2 3 1 2 3 16 18 8 1 2 3 1 2 7 1 2 3 16 6 2 1 2 7 0 2 3 0 2 7 0 2 3 0 2 3 1 2 3 1 2 7 12 16 2 0 2 3 1 2 3 16 31 2 5 30 3 0 2 7 0 2 7 16 18 11 0 2 3 0 2 3 8 9 2 0 2 7 0 2 3 5 30 3 1 2 3 1 2 3 1 2 7 0 2 7 17 9 2 0 2 3 0 2 3 5 30 3 0 2 3 0 2 4 1 2 3 0 2 7 0 2 7 0 2 3 5 30 3 0 2 3 0 2 3 0 2 7 1 2 7 5 30 3 0 2 3 1 2 3 12 16 2 0 63.4816007018089294
0 9 7 0 2 3 0 2 7 1 2 4 1 2 11 12 16 2 1 2 4 5 31 7 5 31 2 0 2 7 0 2 4 0 18 3 0 2 4 1 2 7 0 2 7 5 30 3 0 2 7 12 16 3 1 2 3 0 2 7 1 2 4 0 2 11 1 2 7 12 16 3 0 2 7 0 2 3 16 6 3 5 31 3 0 2 11 0 18 3 16 6 3 0 2 7 1 9 7 17 6 2 0 2 7 1 2 4 17 2 2 1 2 7 0 2 7 0 2 7 5 2 3 16 18 2 1 2 4 0 2 7 0 2 4 0 2 4 0 2 7 5 9 2 1 2 7 1 2 7 0 2 4 5 16 2 1 2 7 1 2 7 1 2 3 1 2 7 17 2 7 1 2 7 0 2 11 1 2 7 1760294.3827956582 62.6946430802345276
0 2 3 0 2 7 0 2 7 0 2 3 0 2 7 12 16 2 0 2 7 0 2 3 16 6 2 0 2 7 0 2 7 0 2 11 0 2 11 0 2 7 0 2 3 5 30 3 0 2 7 5 30 3 0 2 3 1 2 7 0 2 7 0 2 3 0 2 11 12 16 2 0 2 3 0 2 7 16 19 11 5 30 3 0 2 7 0 2 3 16 19 11 0 2 7 0 2 3 16 19 11 5 30 3 0 2 7 0 2 7 5 30 3 0 2 3 5 30 3 16 31 2 16 19 11 0 2 3 0 2 7 0 2 3 0 2 7 0 2 7 1 2 3 5 30 3 16 19 11 0 2 3 5 30 3 0 2 7 0 2 7 0 2 3 0 2 3 5 30 3 1 2 7 1 2 11 1 2 3 0 65.1727261543273926
1 2 7 1 2 7 1 2 7 0 2 7 1 2 11 12 16 2 0 2 7 0 31 3 16 31 2 0 2 7 0 2 4 17 18 3 1 2 2 1 2 7 1 2 7 16 2 2 0 2 7 1 2 7 1 2 7 0 2 4 0 2 7 17 2 2 1 2 7 12 16 2 1 2 4 0 2 7 16 30 2 5 31 3 0 2 3 0 2 3 16 31 3 1 2 4 1 2 7 0 18 2 0 2 7 0 2 4 17 18 2 1 2 7 1 2 7 0 2 7 0 2 2 13 6 2 1 2 7 0 2 2 0 2 7 1 2 4 0 2 7 17 9 2 0 2 7 1 2 7 0 2 7 5 30 7 1 2 7 1 2 7 1 2 3 1 2 7 5 2 3 1 2 7 0 2 7 12 16 2 928513.847948630922 60.2761789560317993
16 19 11 0 2 3 0 2 3 1 2 7 1 2 7 12 16 2 0 2 7 5 30 3 0 2 3 0 2 7 1 2 7 12 16 2 1 2 3 0 2 7 0 2 7 5 31 3 0 2 7 16 18 11 12 16 2 0 2 7 1 2 3 0 2 7 0 2 7 0 2 7 1 2 3 1 2 7 16 6 2 5 30 3 0 2 7 5 31 3 0 2 7 0 2 7 0 2 3 0 2 7 0 2 3 0 2 7 16 6 2 0 2 7 0 2 7 8 9 2 16 18 8 16 6 2 0 2 3 1 2 7 0 2 3 0 2 7 1 2 7 8 9 2 0 2 3 16 19 11 1 2 7 5 30 3 0 2 3 0 2 3 5 30 3 1 2 3 12 16 2 0 2 7 0 2 7 12 16 2 0 63.6641252636909485
1 2 4 1 2 7 1 2 7 0 2 7 1 2 7 12 16 2 0 2 7 0 2 7 16 30 2 0 2 7 0 2 7 17 18 2 1 2 7 0 2 7 1 2 7 16 6 2 0 2 7 0 2 7 1 2 7 0 2 7 0 2 7 17 18 2 1 2 7 12 16 2 1 2 7 0 2 7 16 6 2 5 31 3 0 2 7 5 31 3 5 31 3 1 2 4 0 2 7 0 2 7 0 2 7 0 2 7 1 2 7 1 2 7 0 2 7 0 2 7 17 9 2 13 6 3 1 2 4 8 18 2 0 2 7 1 2 7 1 2 3 17 9 2 0 2 7 0 2 7 0 2 7 0 2 7 1 2 7 0 2 7 0 2 7 1 2 7 5 31 3 0 2 7 1 2 7 12 16 2 0 60.36954665184021
0 2 7 0 2 7 1 2 3 0 2 7 5 31 3 12 16 2 1 2 7 0 2 4 8 9 2 0 2 7 1 2 7 5 30 3 17 18 2 0 2 7 1 2 7 17 9 2 0 2 7 13 6 3 1 2 7 0 2 7 0 2 7 17 9 2 1 2 7 17 9 2 0 2 7 0 2 4 16 19 11 5 31 3 1 2 4 17 9 2 12 16 2 1 2 7 0 2 7 0 2 7 0 2 4 1 2 7 0 2 7 0 2 7 1 2 3 0 2 7 16 6 2 13 6 3 0 2 7 0 2 4 1 2 7 1 2 7 1 2 7 12 16 2 5 30 3 1 2 3 0 2 7 0 2 4 1 2 7 0 2 7 0 2 7 0 2 7 1 2 7 1 2 7 0 2 7 12 16 2 0 60.7701654434204102
0 2 7 6 2 4 0 2 7 1 2 7 0 2 7 12 16 2 1 2 4 6 2 7 5 31 3 0 2 4 0 2 4 0 2 7 17 18 2 0 2 3 0 2 7 0 2 7 1 2 7 1 2 4 5 31 3 1 2 4 0 2 3 0 2 7 0 2 3 12 16 2 1 2 7 12 16 2 1 2 7 1 2 7 8 9 2 0 2 4 16 6 2 0 2 3 1 2 4 17 18 2 0 2 7 0 2 7 5 30 3 1 2 7 0 2 7 0 2 4 0 2 7 16 6 2 0 2 7 0 2 7 0 2 7 1 2 7 0 2 4 17 9 2 0 2 7 1 2 7 16 24 2 5 31 3 17 18 2 0 2 7 1 2 7 0 2 4 5 31 3 0 2 7 1 2 7 1 2 7 0 61.1627308130264282
15 2 11 0 2 4 0 2 3 0 2 7 1 2 3 12 16 2 5 30 3 16 19 11 16 6 2 0 2 7 0 2 3 16 19 11 5 30 3 0 2 3 1 2 7 16 19 11 0 2 3 5 30 3 0 2 3 0 2 3 1 2 3 1 2 7 0 2 3 12 16 2 0 2 7 0 2 3 16 6 2 5 30 3 0 2 7 0 2 3 16 19 11 0 2 7 0 2 3 0 2 7 0 2 7 0 2 7 5 30 3 0 2 3 0 2 7 0 2 7 1 2 7 8 18 2 0 2 7 0 2 7 5 30 3 1 2 7 0 2 7 17 18 2 1 2 7 0 2 7 0 2 7 5 30 3 12 16 2 0 2 3 1 2 3 0 2 7 13 6 3 0 2 7 0 2 3 12 16 2 0 63.901326060295105
0 2 7 0 2 1 0 2 7 1 2 11 1 2 7 12 16 2 0 2 7 17 9 2 0 2 7 0 2 7 0 2 7 16 19 11 17 9 2 0 2 7 1 2 7 17 18 2 0 2 7 13 6 3 0 2 7 0 2 4 1 2 7 12 16 2 0 2 7 5 31 3 0 2 7 16 19 11 16 6 2 5 31 3 0 2 7 12 16 2 5 30 3 0 2 7 6 2 7 8 9 2 6 2 7 0 2 7 0 2 7 16 19 11 1 2 7 0 2 7 5 30 3 0 2 7 0 2 7 5 30 3 0 2 7 5 31 3 0 2 7 0 2 4 5 30 3 6 2 7 0 2 7 0 2 7 1 2 7 0 2 7 6 2 7 0 2 7 5 30 3 1 2 7 0 2 7 12 16 2 0 62.7224091291427612
1 2 7 0 2 7 0 2 7 0 2 7 0 2 7 12 16 2 0 2 7 5 30 3 5 30 3 1 2 7 0 2 7 5 31 3 17 18 2 0 2 7 0 2 7 1 2 3 1 2 7 0 2 7 1 2 3 0 2 7 0 2 3 0 2 3 1 2 7 16 6 2 0 2 7 1 2 7 16 6 2 8 18 2 5 30 3 1 2 7 16 6 2 0 2 7 0 2 4 0 2 7 0 2 7 13 6 3 17 9 2 5 31 3 0 2 7 0 2 3 1 2 7 17 9 2 1 2 7 16 31 2 0 2 7 0 2 7 0 2 7 0 2 7 1 2 7 0 2 7 0 2 7 5 30 3 0 2 7 1 2 7 1 2 3 1 2 7 0 2 7 1 2 3 0 2 7 12 16 2 0 61.1506204605102539
1 2 7 0 2 7 0 2 7 1 2 7 1 2 3 12 16 2 0 2 3 1 2 7 16 6 2 1 2 7 0 2 7 16 6 2 1 2 3 0 2 7 0 2 3 0 2 3 0 2 7 0 2 3 0 2 7 1 2 3 0 2 3 1 2 7 0 2 7 0 2 7 0 2 7 0 2 3 16 6 2 5 31 3 1 2 7 5 30 3 16 6 2 0 2 7 0 2 7 0 2 7 0 2 7 5 30 3 5 30 3 17 9 2 0 2 7 0 2 7 0 2 3 16 31 2 1 2 3 16 18 11 1 2 3 0 2 3 1 2 7 0 2 3 0 2 4 1 2 7 1 2 3 5 31 3 8 9 2 1 2 11 0 2 3 0 2 7 0 2 3 0 2 7 12 16 2 12 16 2 0 62.4332016110420227
0 2 4 0 2 3 0 2 7 0 2 4 0 2 7 12 16 2 0 2 4 5 6 3 16 31 2 0 2 7 1 2 3 16 18 8 17 18 3 1 2 7 1 2 3 1 6 2 1 2 7 1 2 3 1 2 7 0 2 3 0 2 7 0 2 3 1 2 7 12 16 2 0 2 4 1 2 3 16 30 2 5 31 3 5 2 7 0 2 3 16 6 11 0 2 3 0 2 3 17 9 2 0 2 7 0 2 3 5 30 3 1 2 7 1 2 3 1 2 7 0 2 4 17 24 2 0 2 3 0 2 3 5 30 7 1 2 3 0 2 4 17 9 3 1 2 7 1 2 7 0 2 3 5 30 3 1 2 7 0 2 3 1 2 7 1 2 7 0 2 7 1 2 7 1 2 3 12 2 2 254718.829026203195 62.1670010685920715
0 2 7 1 2 7 1 2 4 1 2 3 6 2 7 12 16 2 1 2 7 16 19 11 16 6 2 1 2 3 0 2 7 16 6 2 0 2 7 0 2 3 1 2 7 16 6 2 0 2 7 1 2 11 0 2 3 0 2 3 0 2 7 0 2 7 0 2 7 12 16 2 0 2 3 0 2 7 16 6 2 5 31 3 0 2 3 5 30 3 16 19 11 1 2 7 0 2 7 17 9 2 0 2 7 0 2 7 5 31 3 12 16 2 0 2 7 0 2 7 0 2 3 8 18 2 0 2 7 8 9 2 5 30 3 1 2 7 0 2 7 8 9 2 0 2 3 0 2 7 1 2 7 5 30 3 0 2 7 0 2 11 0 2 4 0 2 3 5 30 3 0 2 4 12 16 2 12 16 2 0 63.0396283268928528
1 2 7 0 2 3 0 2 7 0 2 3 0 2 11 12 16 2 0 2 7 16 31 2 5 15 3 0 2 3 0 2 4 0 2 3 1 2 2 1 2 7 0 2 7 16 2 3 0 2 7 0 2 3 0 2 7 0 2 4 0 2 3 1 2 3 1 2 7 12 16 2 0 2 3 0 2 7 16 31 2 5 30 3 0 31 3 0 2 7 16 18 2 0 2 7 1 2 7 8 18 2 0 2 7 0 2 4 17 18 2 1 2 3 1 2 7 0 2 7 0 2 7 16 9 2 6 2 7 0 2 7 0 2 3 0 2 4 0 2 7 1 2 2 0 2 7 0 2 7 0 2 4 5 30 3 0 2 3 1 2 7 0 2 3 1 2 7 5 30 3 0 2 3 0 2 4 1 16 7 547841.531713176984 62.6136577725410461
1 2 7 1 2 7 0 2 7 0 2 4 1 2 7 12 16 2 0 2 7 0 2 7 16 31 2 0 2 7 0 2 7 17 18 2 1 2 7 0 2 7 1 2 7 16 6 2 0 2 7 0 2 7 1 2 7 0 2 7 0 2 7 17 18 2 1 2 4 12 16 2 1 2 7 0 2 7 16 6 2 5 30 3 0 2 7 5 31 3 5 31 3 1 2 7 0 2 7 0 2 7 0 2 7 0 2 7 1 2 7 1 2 7 0 2 7 0 2 7 17 9 2 13 6 3 1 2 7 8 18 2 0 2 7 1 2 7 1 2 7 17 9 2 0 2 3 0 2 7 0 2 7 0 2 7 1 2 7 0 2 7 1 2 7 1 2 4 5 31 3 0 2 7 1 2 7 12 16 2 0 60.3695465326309204
0 2 3 0 2 3 1 2 3 1 2 3 1 2 3 12 16 2 0 2 3 16 15 2 5 30 3 0 2 7 0 2 3 0 2 7 5 30 3 0 2 7 0 2 3 16 6 2 1 2 7 1 2 3 8 9 2 0 2 3 0 2 3 5 30 3 0 2 3 16 9 8 0 2 3 16 19 12 16 6 2 5 31 3 1 2 7 5 30 3 5 30 3 0 2 3 0 2 7 0 2 7 0 2 7 0 2 3 0 2 3 0 2 3 0 2 7 0 2 7 0 2 7 0 2 3 0 2 3 1 2 7 0 2 3 0 2 3 1 2 7 16 9 8 0 2 7 0 2 7 0 2 3 5 30 3 1 2 3 0 2 3 0 2 7 0 2 3 16 19 12 0 2 3 1 2 7 12 16 2 1.13686813302843734e-05 64.7525346279144287
0 2 4 0 2 7 1 2 3 0 2 3 0 2 4 12 16 2 0 2 7 8 9 2 17 9 2 0 2 7 1 2 7 16 15 2 5 30 3 1 2 7 0 2 7 0 2 3 0 2 7 1 2 3 0 2 7 1 2 3 0 2 7 1 2 7 1 2 4 0 2 3 1 2 3 1 2 7 16 15 2 8 9 2 1 2 7 0 2 7 1 2 7 1 2 7 0 2 7 0 2 4 1 2 3 17 18 2 0 2 7 17 9 2 0 2 7 0 2 3 5 30 3 16 18 11 0 2 7 1 2 7 1 2 7 0 2 3 1 2 3 0 2 7 1 2 3 0 2 4 0 2 7 5 30 3 0 2 4 0 2 7 5 31 3 1 2 3 0 2 7 0 2 7 17 9 2 12 16 2 0 62.0684297680854797
0 2 4 12 16 3 9 2 7 1 2 7 1 2 7 12 16 2 0 2 4 5 2 7 17 31 2 0 2 7 1 2 7 17 18 2 1 18 2 1 2 7 0 2 7 5 30 3 1 2 7 1 2 3 0 2 7 0 2 4 1 2 7 17 18 2 1 2 7 12 9 2 1 2 7 1 2 11 16 6 2 5 31 3 0 2 7 0 31 3 12 16 11 1 2 3 5 2 3 17 2 7 0 2 7 0 2 7 5 2 7 1 2 7 6 2 7 1 2 7 5 30 3 5 24 3 0 2 7 0 2 4 5 2 7 0 2 7 0 2 7 0 9 2 0 2 7 0 2 7 0 2 3 0 2 4 1 2 7 0 16 2 1 2 3 1 2 3 6 3 7 0 2 7 1 2 7 12 2 2 1064718.19686246454 63.3528609871864319
1 2 4 1 2 7 1 2 7 0 2 7 1 2 7 12 16 2 0 2 7 0 2 7 16 30 2 0 2 7 0 2 7 17 18 2 1 2 7 0 2 7 1 2 7 16 6 2 0 2 7 0 2 7 1 2 7 0 2 7 0 2 7 17 18 2 1 2 7 12 16 2 1 2 7 0 2 7 16 6 2 5 31 3 0 2 7 5 31 3 5 31 3 1 2 4 0 2 7 0 2 7 0 2 7 0 2 7 1 2 7 1 2 7 0 2 7 0 2 7 17 9 2 13 6 3 1 2 4 8 18 2 0 2 7 1 2 7 1 2 3 17 9 2 0 2 7 0 2 7 0 2 7 0 2 7 1 2 7 0 2 7 0 2 7 1 2 7 5 31 3 0 2 7 1 2 7 12 16 2 0 60.36954665184021
0 2 4 0 2 3 0 2 7 0 2 4 0 2 7 12 16 2 0 2 4 5 6 3 16 31 2 0 2 7 1 2 3 16 18 8 17 18 3 1 2 7 1 2 3 1 6 2 1 2 7 1 2 3 1 2 7 0 2 3 0 2 7 0 2 3 1 2 7 12 16 2 0 2 4 1 2 3 16 30 2 5 31 3 5 2 7 0 2 3 16 6 11 0 2 3 0 2 3 17 9 2 0 2 7 0 2 3 5 30 3 1 2 7 1 2 3 1 2 7 0 2 4 17 24 2 0 2 3 0 2 3 5 30 7 1 2 3 0 2 4 17 9 3 1 2 7 1 2 7 0 2 3 5 30 3 1 2 7 0 2 3 1 2 7 1 2 7 0 2 7 1 2 7 1 2 3 12 2 2 254718.829026203195 62.1670010685920715
1 2 4 12 16 2 9 2 7 1 2 7 1 2 7 12 16 2 0 2 7 0 2 7 17 9 2 0 2 7 0 2 7 17 18 2 17 18 2 1 2 7 0 2 7 5 30 3 0 2 4 13 6 3 0 2 7 0 2 4 1 2 7 17 18 2 1 2 7 17 9 2 0 2 7 1 2 11 13 6 3 5 30 3 0 2 7 12 16 2 12 16 2 1 2 7 5 31 3 0 2 7 0 2 7 0 2 7 6 2 7 16 18 11 6 2 7 1 2 7 5 30 3 5 31 3 0 2 7 0 2 4 0 2 7 0 2 7 0 2 7 0 2 7 0 2 7 0 2 7 0 2 3 1 2 4 0 2 3 12 16 2 5 30 3 1 2 3 6 3 2 0 2 7 1 2 7 12 16 2 0 61.9482352137565613
1 2 7 17 9 2 0 2 7 0 2 7 0 2 7 12 16 2 0 2 7 17 18 2 16 6 2 1 2 3 0 2 7 1 2 7 0 2 7 0 2 7 0 2 7 8 18 2 0 2 3 5 30 3 1 2 7 0 2 7 1 2 11 17 9 2 0 2 3 0 2 7 8 9 2 0 2 4 5 30 3 0 2 3 0 2 3 5 30 3 16 19 11 0 2 4 0 2 4 0 2 7 0 2 7 0 2 7 0 2 11 12 16 2 1 2 3 0 2 7 5 30 3 0 2 7 16 15 2 5 31 3 0 2 3 1 2 11 0 2 7 8 9 2 1 2 7 1 2 4 1 2 4 0 2 11 1 2 7 0 2 7 0 2 7 0 2 3 16 6 2 1 2 7 1 2 7 12 16 2 0 62.4793854951858521
0 2 7 17 2 2 1 2 7 0 2 7 0 2 7 12 16 2 0 2 3 0 2 7 16 6 2 1 2 7 0 2 7 0 18 2 1 2 7 0 2 7 1 2 7 8 6 2 1 2 7 0 30 7 0 2 7 0 2 3 1 2 7 12 18 2 1 2 4 16 16 2 0 2 7 0 2 7 16 30 3 5 2 7 0 2 7 5 31 3 5 31 12 1 2 7 0 2 7 0 2 7 0 2 7 0 2 7 1 2 7 5 2 3 0 2 7 0 2 7 17 30 3 13 31 3 1 2 7 0 2 2 0 2 7 1 2 3 0 2 3 0 2 2 0 2 3 0 2 7 0 2 7 16 19 7 1 2 7 12 2 2 5 31 3 0 2 4 0 31 3 0 9 2 0 2 7 12 16 2 1457180.99063897878 61.6743871569633484
0 2 3 1 2 7 1 2 3 0 2 3 1 2 4 12 16 2 1 2 3 0 2 7 0 2 3 1 2 4 0 2 7 12 16 2 0 2 3 1 2 7 1 2 3 16 15 2 1 2 3 0 2 3 0 2 7 0 2 3 0 2 7 16 6 2 0 2 7 17 9 2 0 2 7 1 2 3 13 6 3 5 30 3 0 2 7 12 16 2 5 31 3 0 2 3 16 18 8 0 2 4 16 6 2 0 2 3 0 2 7 16 9 11 0 2 7 1 2 3 12 16 2 17 9 2 1 2 7 0 2 7 0 2 7 0 2 7 1 2 7 0 2 3 1 2 7 1 2 3 5 31 3 0 2 3 0 2 3 1 2 3 5 30 3 1 2 4 0 2 7 0 2 3 0 2 7 12 16 2 0 62.8000046610832214
1 2 7 1 2 7 0 2 7 0 2 4 1 2 7 12 16 2 0 2 7 0 2 7 16 31 2 0 2 7 0 2 7 17 18 2 1 2 7 0 2 7 1 2 7 16 6 2 0 2 7 0 2 7 1 2 7 0 2 7 0 2 7 17 18 2 1 2 4 12 16 2 1 2 7 0 2 7 16 6 2 5 30 3 0 2 7 5 31 3 5 31 3 1 2 7 0 2 7 0 2 7 0 2 7 0 2 7 1 2 7 1 2 7 0 2 7 0 2 7 17 9 2 13 6 3 1 2 7 8 18 2 0 2 7 1 2 7 1 2 7 17 9 2 0 2 3 0 2 7 0 2 7 0 2 7 1 2 7 0 2 7 1 2 7 1 2 4 5 31 3 0 2 7 1 2 7 12 16 2 0 60.3695465326309204
0 2 3 1 2 7 1 2 3 0 2 3 1 2 4 12 16 2 1 2 3 0 2 7 0 2 3 1 2 4 0 2 7 12 16 2 0 2 3 1 2 7 1 2 3 16 15 2 1 2 3 0 2 3 0 2 7 0 2 3 0 2 7 16 6 2 0 2 7 17 9 2 0 2 7 1 2 3 13 6 3 5 30 3 0 2 7 12 16 2 5 31 3 0 2 3 16 18 8 0 2 4 16 6 2 0 2 3 0 2 7 16 9 11 0 2 7 1 2 3 12 16 2 17 9 2 1 2 7 0 2 7 0 2 7 0 2 7 1 2 7 0 2 3 1 2 7 1 2 3 5 31 3 0 2 3 0 2 3 1 2 3 5 30 3 1 2 4 0 2 7 0 2 3 0 2 7 12 16 2 0 62.8000046610832214
0 2 4 0 2 3 0 2 7 0 2 4 0 2 7 12 16 2 0 2 4 5 6 3 16 31 2 0 2 7 1 2 3 16 18 8 17 18 3 1 2 7 1 2 3 1 6 2 1 2 7 1 2 3 1 2 7 0 2 3 0 2 7 0 2 3 1 2 7 12 16 2 0 2 4 1 2 3 16 30 2 5 31 3 5 2 7 0 2 3 16 6 11 0 2 3 0 2 3 17 9 2 0 2 7 0 2 3 5 30 3 1 2 7 1 2 3 1 2 7 0 2 4 17 24 2 0 2 3 0 2 3 5 30 7 1 2 3 0 2 4 17 9 3 1 2 7 1 2 7 0 2 3 5 30 3 1 2 7 0 2 3 1 2 7 1 2 7 0 2 7 1 2 7 1 2 3 12 2 2 254718.829026203195 62.1670010685920715
0 2 3 0 2 7 1 2 7 0 2 7 0 2 7 12 16 2 0 2 4 1 2 4 16 15 2 1 2 10 1 2 4 16 31 2 0 2 7 0 2 7 1 2 7 0 2 7 0 2 3 0 2 7 0 2 3 1 2 7 0 2 3 1 2 7 8 18 2 12 16 2 1 2 7 1 2 7 16 30 2 0 2 4 1 2 3 5 30 3 15 2 11 0 2 7 17 9 2 17 9 2 0 2 7 17 9 2 5 30 3 8 9 2 0 2 7 0 2 7 5 30 3 5 30 3 1 2 7 1 2 4 0 2 7 0 2 4 0 2 3 0 2 7 0 2 7 0 2 3 0 2 7 1 2 7 0 2 7 0 2 3 5 30 3 0 2 7 5 30 3 0 2 7 16 19 11 12 16 2 0 62.2618664503097534
0 2 3 0 2 3 1 2 7 0 2 7 0 2 7 12 16 2 0 2 7 8 9 2 17 9 2 0 2 7 1 2 7 16 15 2 5 30 3 1 2 4 0 2 7 0 2 4 0 2 3 1 2 7 0 2 7 1 2 7 0 2 4 1 2 7 1 2 7 0 2 7 1 2 7 1 2 7 16 6 2 8 9 2 1 2 7 0 2 3 1 2 7 0 2 4 0 2 7 0 2 3 1 2 7 17 18 2 0 2 7 17 9 2 0 2 7 1 2 4 5 31 3 16 18 11 0 2 7 1 2 7 1 2 4 0 2 7 1 2 7 0 2 7 1 2 7 0 2 3 0 2 3 5 30 3 0 2 7 0 2 7 5 31 3 1 2 3 0 2 7 0 2 3 17 9 2 12 16 2 0 61.6259687542915344
0 2 7 1 2 3 17 9 2 1 2 7 0 2 7 12 16 2 0 2 7 16 18 11 16 19 11 0 2 7 1 2 4 17 18 2 13 6 3 0 2 7 0 2 7 1 2 4 0 2 7 0 2 7 0 2 7 5 30 3 1 2 4 1 2 7 12 16 2 1 2 7 0 2 7 1 2 7 8 9 2 5 30 3 0 2 3 5 30 3 1 2 7 0 2 7 17 1 2 1 2 7 0 2 7 0 2 7 5 31 3 0 2 3 0 2 7 5 30 3 5 30 3 1 2 7 0 2 7 0 2 7 0 2 7 0 2 7 0 2 7 0 2 7 0 2 3 0 2 7 0 2 7 0 2 7 1 2 3 0 2 7 17 18 2 1 2 4 0 2 7 1 2 3 17 18 2 12 16 2 0 61.9461423754692078
0 2 3 0 2 7 0 2 3 1 2 7 1 2 7 12 16 2 0 2 7 5 30 3 16 30 2 0 2 7 0 2 7 5 30 3 16 18 11 0 2 3 0 2 7 0 2 7 0 2 3 0 2 3 6 2 7 0 2 7 1 2 7 0 2 3 16 19 11 0 2 7 1 2 7 0 2 3 16 6 2 0 2 7 16 19 11 5 30 3 0 2 3 0 2 7 5 31 3 1 2 7 0 2 7 16 19 11 16 19 11 8 9 2 0 2 3 1 2 7 5 30 3 12 16 2 0 2 3 0 2 7 0 2 7 0 2 3 0 2 3 0 2 3 0 2 3 5 30 3 0 2 3 5 30 3 1 2 7 1 2 3 5 30 3 0 2 3 0 2 3 0 2 7 12 16 2 0 2 7 0 64.4841862916946411
0 2 7 1 2 7 0 2 7 0 2 7 1 2 7 12 16 2 0 2 7 0 2 3 16 31 2 0 2 7 16 2 11 17 18 2 0 2 7 1 2 7 1 2 7 16 2 2 0 2 7 0 2 7 0 2 7 0 2 7 0 2 7 0 18 2 12 16 4 12 16 2 1 2 7 0 2 7 16 6 2 5 31 3 0 2 7 5 30 3 5 31 3 1 2 7 0 9 2 17 2 7 6 2 11 0 2 7 1 2 3 6 2 7 0 2 7 6 2 7 17 30 2 5 6 3 1 2 7 8 18 7 0 2 7 0 2 7 1 2 7 17 18 2 0 2 3 0 2 7 0 2 7 0 2 7 0 2 7 0 2 7 1 2 7 1 2 7 5 30 3 6 2 4 0 2 7 12 16 2 599192.924383935402 61.4452995657920837
0 2 7 0 2 7 0 2 7 0 2 7 0 2 7 12 16 2 0 2 7 5 31 3 16 31 2 1 2 7 16 19 11 17 18 2 0 2 7 1 2 7 1 2 7 0 2 7 0 2 7 6 2 7 0 2 4 0 2 7 6 2 7 0 2 7 12 16 2 12 16 2 1 2 7 0 2 7 16 32 2 5 31 3 0 2 7 5 30 3 5 31 3 0 2 7 17 9 2 17 1 2 6 2 11 0 2 7 5 31 3 6 2 7 0 2 7 6 2 7 5 30 3 5 30 3 1 2 7 1 2 7 0 2 7 0 2 7 0 2 7 17 18 2 0 2 7 0 2 7 0 2 7 0 2 7 0 2 7 0 2 7 0 2 7 1 2 7 5 30 3 6 2 4 0 2 7 12 16 2 0 62.197910487651825
1 2 4 6 2 7 1 2 7 0 2 7 0 2 4 12 16 2 0 2 7 8 31 2 16 9 2 0 2 7 1 2 3 16 18 2 5 30 3 1 2 7 1 2 7 0 2 2 0 2 4 1 2 3 0 2 7 1 2 3 0 2 7 1 2 7 1 18 4 0 2 2 1 2 3 1 2 7 16 30 2 0 9 11 1 2 11 5 30 7 5 2 7 1 2 7 0 9 2 0 2 4 1 2 3 17 18 7 5 2 7 1 9 7 0 2 7 0 2 3 5 30 3 5 18 3 0 2 7 0 2 7 1 2 7 0 2 4 0 2 3 0 2 2 1 2 4 0 2 7 0 2 7 0 2 3 1 2 7 0 2 7 5 31 3 0 2 7 0 2 3 0 2 7 17 9 2 12 16 2 633232.236193230492 62.5894520878791809
1 2 7 1 2 7 0 2 7 0 2 4 1 2 7 12 16 2 0 2 7 0 2 7 16 31 2 0 2 7 0 2 7 17 18 2 1 2 7 0 2 7 1 2 7 16 6 2 0 2 7 0 2 7 1 2 7 0 2 7 0 2 7 17 18 2 1 2 4 12 16 2 1 2 7 0 2 7 16 6 2 5 30 3 0 2 7 5 31 3 5 31 3 1 2 7 0 2 7 0 2 7 0 2 7 0 2 7 1 2 7 1 2 7 0 2 7 0 2 7 17 9 2 13 6 3 1 2 7 8 18 2 0 2 7 1 2 7 1 2 7 17 9 2 0 2 3 0 2 7 0 2 7 0 2 7 1 2 7 0 2 7 1 2 7 1 2 4 5 31 3 0 2 7 1 2 7 12 16 2 0 60.3695465326309204
0 2 7 0 2 4 0 2 3 0 2 3 0 2 7 12 16 2 1 2 3 17 18 2 16 9 11 0 2 11 0 2 3 1 2 7 1 2 4 1 2 7 1 2 4 0 2 4 0 2 4 0 2 7 1 2 7 1 2 7 0 2 7 0 2 7 1 2 7 12 16 2 1 2 7 0 2 3 16 6 2 8 9 2 0 2 4 0 2 7 5 30 3 0 2 7 1 2 7 0 2 7 1 2 3 17 18 2 0 2 7 17 9 2 1 2 7 1 2 7 5 31 3 13 6 3 0 2 7 0 2 7 0 2 7 1 2 7 0 2 7 17 9 2 0 2 4 1 2 11 0 2 4 1 2 7 0 2 7 1 2 7 5 30 3 1 2 4 0 2 11 5 31 3 17 9 2 12 16 2 0 61.3581737875938416
0 2 3 0 2 7 1 2 7 1 2 7 0 2 3 12 16 2 8 18 2 0 2 4 16 32 2 0 2 7 1 2 3 16 19 11 0 2 3 0 2 7 0 2 4 16 30 2 0 2 3 0 2 7 1 2 7 0 2 7 1 2 7 5 30 3 5 30 3 0 2 7 0 2 3 0 2 7 16 6 2 17 9 2 5 31 3 5 30 3 6 2 7 1 2 3 1 2 7 0 2 7 0 2 7 0 2 7 5 30 3 1 2 4 0 2 7 1 2 7 16 30 2 1 2 7 0 2 7 0 2 7 0 2 7 17 9 2 0 2 7 0 2 7 0 2 7 12 16 2 0 2 7 5 31 3 0 2 7 0 2 3 1 2 3 5 31 3 0 2 7 1 2 7 0 2 7 12 16 2 0 62.3104366660118103
5 30 3 1 2 7 0 2 7 0 2 4 0 2 7 12 16 2 0 2 4 12 16 2 12 16 2 0 2 7 0 2 7 17 18 2 0 2 7 0 2 7 0 2 7 0 2 7 0 2 7 1 2 3 0 2 7 1 2 3 1 2 7 0 2 10 12 16 2 0 2 7 0 2 7 8 9 2 17 18 2 5 30 3 0 2 7 16 19 11 5 30 3 0 2 7 8 18 2 17 9 2 1 2 4 0 2 3 5 30 3 0 2 3 1 2 7 5 30 3 16 15 2 16 19 11 1 2 7 0 2 7 1 2 7 0 2 4 1 2 4 1 2 4 0 2 7 0 2 7 0 2 7 0 2 7 0 2 7 1 2 7 16 19 11 0 2 7 5 30 3 0 2 7 8 18 2 8 18 2 0 62.8792041540145874
1 2 3 1 2 7 0 2 3 0 2 3 1 2 7 12 16 2 12 16 2 17 18 2 16 30 2 1 2 3 1 2 7 5 30 3 0 2 7 1 2 3 0 2 3 16 15 2 0 2 3 1 2 7 0 2 3 0 2 3 1 2 7 16 6 2 5 30 3 0 2 3 0 2 3 0 2 3 16 6 2 16 19 11 1 2 7 5 30 3 0 2 3 0 2 3 8 18 2 0 2 7 0 2 7 0 2 7 5 30 3 0 2 3 0 2 7 1 2 7 16 6 2 5 30 3 1 2 3 0 2 3 1 2 3 8 9 2 0 2 7 8 9 2 0 2 3 0 2 3 0 2 3 0 2 3 0 2 7 0 2 7 0 2 7 1 2 3 0 2 3 0 2 7 1 2 7 12 16 2 0 63.1671956777572632
5 30 3 1 2 7 1 2 3 1 2 7 0 2 7 12 16 2 1 2 3 16 6 2 16 15 2 0 2 7 0 2 7 0 2 3 0 2 7 0 2 3 0 2 3 0 2 3 0 2 7 1 2 7 16 9 11 0 2 7 0 2 3 1 2 3 12 16 2 0 2 7 0 2 3 8 9 2 8 18 2 5 30 3 0 2 7 17 18 2 5 30 3 0 2 3 17 18 2 5 30 3 0 2 7 0 2 4 0 2 7 0 2 7 0 2 7 0 2 7 5 30 3 16 19 11 1 2 4 0 2 7 0 2 3 1 2 7 1 2 7 1 2 7 0 2 7 0 2 7 0 2 7 0 2 7 0 2 7 1 2 3 16 19 11 0 2 3 5 30 3 1 2 3 8 9 2 12 16 2 0 63.3351773619651794
0 2 3 0 2 3 1 2 7 0 2 7 0 2 7 12 16 2 0 2 7 8 9 2 17 9 2 0 2 7 1 2 7 16 15 2 5 30 3 1 2 4 0 2 7 0 2 4 0 2 3 1 2 7 0 2 7 1 2 7 0 2 4 1 2 7 1 2 7 0 2 7 1 2 7 1 2 7 16 6 2 8 9 2 1 2 7 0 2 3 1 2 7 0 2 4 0 2 7 0 2 3 1 2 7 17 18 2 0 2 7 17 9 2 0 2 7 1 2 4 5 31 3 16 18 11 0 2 7 1 2 7 1 2 4 0 2 7 1 2 7 0 2 7 1 2 7 0 2 3 0 2 3 5 30 3 0 2 7 0 2 7 5 31 3 1 2 3 0 2 7 0 2 3 17 9 2 12 16 2 0 61.6259687542915344
5 2 7 1 2 7 0 2 7 0 2 11 0 2 3 12 16 2 0 2 2 0 2 2 16 30 2 0 2 7 1 2 3 16 18 11 0 2 7 0 2 3 0 2 7 0 2 7 0 2 7 1 2 3 0 2 7 0 2 7 1 2 7 0 2 10 12 16 2 0 2 7 0 2 11 8 2 2 16 6 2 5 30 2 0 2 3 16 19 3 5 30 3 0 2 7 1 2 7 0 2 7 0 2 4 0 2 7 5 30 3 0 2 10 0 2 7 5 2 3 16 30 2 16 19 3 1 2 7 0 2 7 0 2 7 17 2 4 0 2 7 1 2 4 0 2 7 12 16 2 0 2 7 0 31 3 0 2 11 1 2 7 1 19 11 0 2 7 5 30 4 0 2 7 8 2 7 12 18 2 973111.246078861644 63.3387202620506287
0 2 3 1 2 7 0 2 7 0 2 7 0 2 7 12 2 2 0 2 4 5 16 3 16 16 2 0 2 7 16 19 7 17 18 2 0 2 4 1 2 7 0 2 7 0 2 7 0 2 7 1 2 7 0 2 7 1 2 7 1 2 7 0 2 10 12 16 2 12 2 2 0 2 7 0 9 7 17 18 2 5 30 3 0 2 7 16 19 3 5 30 3 0 2 7 17 9 2 17 1 2 6 2 7 0 2 3 5 31 3 0 2 3 1 2 7 5 30 3 5 15 2 5 30 11 1 2 7 1 2 7 1 2 7 0 2 7 0 2 4 1 2 4 0 2 7 0 2 7 0 2 7 0 2 7 0 2 7 1 2 7 0 2 7 0 2 7 5 30 3 0 2 7 8 18 7 12 18 2 581039.864540619194 63.0360783338546753
0 2 3 0 2 3 1 2 7 0 2 7 0 2 7 12 16 2 0 2 7 8 2 7 17 31 2 0 2 7 0 2 7 16 18 2 5 30 7 1 2 7 0 2 7 16 6 4 0 2 3 1 2 7 0 2 7 0 2 7 0 2 7 1 18 2 1 2 7 0 2 7 1 2 7 1 2 7 16 6 2 5 30 3 0 2 7 0 31 3 1 2 3 0 2 4 0 2 7 0 2 7 1 2 7 0 18 7 1 2 7 17 2 2 0 2 7 0 2 4 17 9 2 16 18 3 1 2 7 1 18 7 1 2 4 1 2 7 1 2 7 0 2 7 1 2 7 0 2 7 0 2 7 5 2 7 0 2 7 0 2 7 1 2 3 1 2 4 5 2 7 0 2 7 1 2 7 12 16 2 816439.41576729028 60.7476497292518616
1 2 7 1 2 7 0 2 7 0 2 4 1 2 7 12 16 2 0 2 7 0 2 7 16 31 2 0 2 7 0 2 7 17 18 2 1 2 7 0 2 7 1 2 7 16 6 2 0 2 7 0 2 7 1 2 7 0 2 7 0 2 7 17 18 2 1 2 4 12 16 2 1 2 7 0 2 7 16 6 2 5 30 3 0 2 7 5 31 3 5 31 3 1 2 7 0 2 7 0 2 7 0 2 7 0 2 7 1 2 7 1 2 7 0 2 7 0 2 7 17 9 2 13 6 3 1 2 7 8 18 2 0 2 7 1 2 7 1 2 7 17 9 2 0 2 3 0 2 7 0 2 7 0 2 7 1 2 7 0 2 7 1 2 7 1 2 4 5 31 3 0 2 7 1 2 7 12 16 2 0 60.3695465326309204
12 16 2 0 2 7 0 2 7 0 2 4 0 2 7 12 16 2 0 2 7 0 2 7 1 2 7 0 2 7 0 2 7 0 2 7 1 2 3 1 2 7 0 2 7 16 31 2 0 2 4 1 2 7 0 2 3 1 2 7 0 2 7 1 2 7 0 2 7 12 16 2 1 2 7 5 30 3 16 31 2 5 30 3 0 2 4 5 30 3 5 30 3 5 30 3 0 2 7 0 2 7 0 2 7 1 2 7 0 2 7 17 9 2 13 6 3 0 2 7 0 2 4 13 6 3 1 2 7 17 9 2 6 2 7 1 2 7 1 2 4 17 18 2 12 16 2 17 18 2 0 2 7 0 2 7 1 2 7 0 2 4 1 2 7 0 2 7 5 31 3 0 2 4 16 19 11 12 16 2 0 61.1396792531013489
0 2 4 0 2 7 0 2 7 0 2 7 0 2 7 12 16 2 1 2 7 17 18 2 16 18 1 0 2 4 0 2 7 1 2 7 1 2 7 1 2 7 1 2 4 0 2 7 0 2 4 0 2 7 1 2 7 1 2 4 0 2 7 0 2 4 1 2 7 12 16 2 1 2 7 0 2 7 16 6 2 8 9 2 0 2 4 0 2 7 5 31 3 12 16 2 1 2 7 0 2 7 1 2 7 17 18 2 0 2 7 17 9 2 1 2 11 1 2 7 5 30 3 13 6 3 0 2 7 0 2 7 0 2 7 1 2 7 0 2 7 17 9 2 0 2 4 1 2 7 0 2 4 0 2 7 0 2 7 1 2 7 5 31 3 1 2 7 0 2 7 5 31 3 17 9 2 12 16 2 0 60.9730024337768555
0 2 7 0 2 7 0 2 4 0 2 3 0 2 4 12 16 2 1 2 4 17 18 2 16 9 1 0 2 7 0 2 3 1 2 4 1 2 4 1 2 3 1 2 7 0 2 4 0 2 7 0 2 7 1 2 7 1 2 7 0 2 3 0 2 7 1 2 7 12 16 2 1 2 7 0 2 7 16 6 2 8 9 2 0 2 7 0 2 7 5 30 3 0 2 7 1 2 4 0 2 7 1 2 7 17 18 2 0 2 7 17 9 2 1 2 7 1 2 3 5 31 3 13 6 3 0 2 3 0 2 7 0 2 7 1 2 7 0 2 7 17 9 2 0 2 11 1 2 4 0 2 4 1 2 3 0 2 7 1 2 7 5 30 3 1 2 7 0 2 7 5 31 3 17 9 2 12 16 2 0 61.3543736934661865
0 2 7 1 2 7 0 2 7 0 2 7 0 2 4 12 16 2 1 2 7 17 18 2 16 9 11 0 2 7 0 2 4 1 2 7 1 2 7 1 2 7 0 2 3 0 2 7 0 2 7 0 2 7 1 2 1 1 2 7 0 2 7 0 2 7 1 2 7 12 16 2 1 2 7 0 2 7 16 6 2 17 9 2 0 2 7 0 2 7 5 30 3 0 2 7 1 2 4 0 2 7 1 2 7 8 18 2 0 2 7 17 9 2 1 2 7 1 2 7 5 31 3 13 6 3 0 2 7 0 2 7 0 2 4 1 2 7 0 2 7 17 9 2 0 2 7 1 2 7 0 2 7 1 2 7 0 2 7 1 2 4 5 31 3 1 2 4 0 2 7 5 31 3 17 9 2 12 16 2 0 60.9146526455879211
6 2 7 0 2 7 1 2 7 0 2 7 1 2 7 12 16 2 0 2 7 17 18 2 0 2 7 0 2 7 0 2 7 6 2 7 1 2 4 0 2 7 0 2 7 17 18 2 5 31 3 1 2 4 1 2 7 0 2 7 1 2 7 5 30 3 0 2 4 12 16 2 0 2 7 5 31 3 16 6 2 17 18 2 0 2 7 5 31 3 5 30 3 0 2 7 0 2 7 6 2 7 0 2 7 17 18 2 17 9 2 0 2 4 0 2 7 6 2 7 5 31 3 13 6 3 1 2 7 0 2 7 0 2 7 16 24 2 0 2 4 1 2 7 0 2 4 0 2 7 1 2 11 0 2 11 1 2 11 0 2 7 5 30 3 0 2 7 0 2 7 0 2 7 1 2 7 12 16 2 0 61.4248535633087158
0 2 7 5 30 3 0 2 7 0 2 7 1 2 7 12 16 2 1 2 7 17 18 2 5 31 3 0 2 7 1 2 7 0 2 7 0 2 7 0 2 7 0 2 7 17 18 2 12 16 2 5 30 3 0 2 1 0 2 7 1 2 11 1 2 7 1 2 7 12 16 2 1 2 7 16 19 11 16 6 2 8 9 2 6 2 7 5 30 3 5 30 3 0 2 7 0 2 7 0 2 7 0 2 7 8 18 2 16 19 11 5 30 3 0 2 7 0 2 7 5 30 3 13 6 3 1 2 7 0 2 7 0 2 7 16 19 11 0 2 7 17 9 2 0 2 7 0 2 7 0 2 11 0 2 7 0 2 7 0 2 7 5 30 3 0 2 4 0 2 7 0 2 7 8 9 2 12 16 2 0 62.9601820111274719
0 2 3 0 2 7 0 2 7 0 2 3 0 2 7 12 16 2 1 2 3 0 2 3 16 19 11 1 2 4 0 2 7 0 2 7 0 2 7 5 30 3 0 2 7 16 31 2 5 30 3 0 2 7 0 2 7 6 2 7 0 2 7 1 2 3 0 2 3 12 16 2 0 2 11 5 30 3 16 15 2 5 30 3 0 2 4 5 30 3 5 31 3 0 2 7 0 2 7 0 2 7 1 2 7 1 2 3 0 2 7 8 9 2 0 2 7 1 2 7 1 2 7 17 18 2 0 2 7 0 2 7 0 2 3 0 2 3 0 2 7 17 18 2 8 18 2 1 2 7 1 2 7 1 2 3 1 2 7 0 2 3 16 18 11 0 2 7 16 20 12 1 2 7 12 16 2 12 16 2 0 63.0274205207824707
0 2 4 16 18 11 1 2 7 0 2 7 0 2 7 12 16 2 0 2 3 1 2 4 5 30 3 1 2 7 0 2 3 0 2 3 1 2 7 5 31 3 0 2 7 0 2 7 0 2 4 0 2 7 0 2 7 1 2 7 0 2 7 1 2 4 1 2 7 16 15 2 0 2 7 1 2 7 16 6 2 0 2 7 17 9 2 0 2 7 5 31 3 1 2 7 6 2 7 0 2 7 0 2 7 17 18 2 8 18 2 17 9 2 0 2 7 1 2 4 5 30 3 0 2 7 1 2 4 0 2 7 1 2 7 0 2 7 0 2 7 1 2 3 0 2 7 0 2 4 0 2 7 0 2 7 1 2 4 0 2 3 5 31 3 1 2 7 6 2 3 0 2 3 17 9 2 12 16 2 0 61.6467757225036621
1 2 7 1 2 7 0 2 4 0 2 3 0 2 4 12 16 2 1 16 2 17 18 2 16 9 1 1 2 7 0 2 3 5 2 3 0 2 7 1 2 3 0 2 3 0 2 2 0 2 7 0 2 7 1 2 7 1 2 7 1 2 3 0 2 7 1 30 7 0 2 3 1 2 3 0 2 3 16 6 2 8 19 11 0 2 7 5 2 3 5 30 3 0 2 3 8 18 4 0 2 7 0 2 7 17 2 2 0 2 7 17 2 2 0 2 7 1 2 3 16 6 2 5 6 3 1 2 3 0 2 3 1 2 3 1 2 7 0 2 7 17 9 2 0 2 11 1 2 3 0 2 3 1 2 3 0 2 7 0 2 7 5 2 3 1 2 3 0 2 3 5 31 3 17 9 7 12 16 2 1167046.72645219578 64.1610332131385803
1 2 7 1 2 7 0 2 7 0 2 4 1 2 7 12 16 2 0 2 7 0 2 7 16 31 2 0 2 7 0 2 7 17 18 2 1 2 7 0 2 7 1 2 7 16 6 2 0 2 7 0 2 7 1 2 7 0 2 7 0 2 7 17 18 2 1 2 4 12 16 2 1 2 7 0 2 7 16 6 2 5 30 3 0 2 7 5 31 3 5 31 3 1 2 7 0 2 7 0 2 7 0 2 7 0 2 7 1 2 7 1 2 7 0 2 7 0 2 7 17 9 2 13 6 3 1 2 7 8 18 2 0 2 7 1 2 7 1 2 7 17 9 2 0 2 3 0 2 7 0 2 7 0 2 7 1 2 7 0 2 7 1 2 7 1 2 4 5 31 3 0 2 7 1 2 7 12 16 2 0 60.3695465326309204
0 2 7 0 2 7 0 2 7 0 2 7 1 2 7 5 30 3 17 9 2 16 19 11 5 31 3 0 2 7 0 2 7 0 2 7 1 2 7 1 2 7 0 2 7 0 2 10 0 2 7 0 2 11 0 2 7 1 2 11 0 2 4 0 2 4 16 19 11 12 16 2 1 2 7 17 18 2 17 9 2 5 30 3 0 2 7 5 30 3 17 18 2 0 2 4 1 2 7 8 18 2 0 2 7 0 2 11 1 2 7 5 30 3 0 2 7 0 2 11 1 2 7 5 30 3 0 2 7 1 2 7 0 2 7 0 2 7 0 2 7 1 2 7 1 2 7 0 2 4 6 2 7 0 2 10 0 2 10 1 2 7 5 31 3 0 2 4 16 6 2 0 2 7 8 18 2 12 16 2 0 62.5250934958457947
0 2 7 0 2 4 0 2 7 1 2 7 1 2 3 1 2 7 1 2 7 5 31 3 0 2 7 0 2 7 0 2 7 0 2 7 1 2 4 17 18 2 1 2 7 0 2 4 8 9 2 0 2 7 1 2 7 6 2 3 1 2 4 0 2 7 1 2 7 12 16 2 1 2 7 0 2 7 16 6 2 0 2 7 1 2 7 0 2 4 5 31 3 0 2 7 0 2 7 0 2 3 1 2 7 17 18 2 16 15 2 5 31 3 0 2 3 1 2 4 0 2 3 5 30 3 0 2 3 0 2 7 0 2 7 1 2 7 0 2 7 17 18 2 16 9 11 0 2 7 0 2 7 1 2 7 0 2 7 0 2 7 5 30 3 0 2 4 6 2 3 0 2 4 17 9 2 12 16 2 0 61.6467756628990173
0 2 4 16 6 2 0 2 7 0 2 3 1 2 3 8 18 2 1 2 3 0 2 3 5 31 3 1 2 3 0 2 3 0 2 7 6 2 3 5 31 3 0 2 3 1 2 7 0 2 3 1 2 3 0 2 3 1 2 7 0 2 3 0 2 7 5 30 3 12 16 2 12 16 2 5 30 3 16 6 2 1 2 7 0 2 7 5 30 3 0 2 7 0 2 7 0 2 7 1 2 3 12 16 2 0 2 7 16 19 11 5 30 3 0 2 7 0 2 10 0 2 7 5 30 3 0 2 7 16 18 11 0 2 7 0 2 3 0 2 3 16 6 2 0 2 7 0 2 3 0 2 3 0 2 7 0 2 7 1 2 3 1 2 7 0 2 3 16 30 2 0 2 7 16 19 11 12 16 2 0 63.8028164505958557
0 2 3 2 3 3 0 2 7 0 2 7 1 2 7 12 16 2 0 2 7 0 2 7 16 9 11 1 2 12 1 2 7 1 2 7 0 2 11 1 2 7 1 2 7 0 2 4 0 2 7 12 16 2 0 2 3 1 2 7 6 2 7 0 2 3 17 18 2 12 16 2 0 2 7 13 6 3 16 30 2 17 9 2 0 2 7 5 30 3 5 31 3 0 2 7 1 2 11 0 2 7 1 2 7 8 9 2 0 2 7 1 2 7 1 2 7 0 2 7 5 30 3 8 9 2 1 2 7 1 2 7 0 2 7 12 16 2 9 2 7 17 9 2 0 2 7 0 2 7 0 2 7 0 2 7 0 2 7 0 2 7 5 31 3 0 2 7 1 2 7 5 30 3 17 9 2 12 16 2 0 62.3511306047439575
0 2 7 17 9 2 1 2 7 0 2 4 0 2 3 17 9 2 0 2 7 16 19 11 0 2 7 0 2 7 0 2 7 0 2 3 0 2 7 1 2 7 0 2 7 0 2 7 0 2 7 5 31 3 0 2 7 0 2 7 0 2 7 0 2 7 0 2 7 12 16 2 1 2 7 1 2 3 16 6 2 12 16 2 1 2 3 5 30 3 5 31 3 1 2 3 1 2 7 0 2 7 0 2 7 16 9 11 16 6 2 16 18 11 1 2 7 0 2 3 5 31 3 1 2 7 0 2 7 5 30 3 0 2 7 1 2 4 0 2 7 1 2 3 0 2 4 0 2 7 0 2 7 1 2 7 0 2 7 0 2 3 6 2 7 0 2 7 1 2 4 5 31 3 0 2 7 12 16 2 0 62.534350574016571
0 2 7 1 2 2 1 2 7 1 2 7 0 2 3 17 2 2 0 2 7 0 2 11 5 30 7 0 2 7 0 2 7 0 2 3 0 2 7 1 2 2 0 2 7 0 2 7 12 16 7 0 2 3 0 2 3 1 2 7 0 2 7 0 2 7 0 2 11 12 16 2 1 2 7 1 31 3 16 6 2 5 16 3 0 2 3 8 30 2 5 30 3 0 2 3 0 2 7 16 24 7 0 2 7 16 9 11 16 9 2 16 30 3 1 2 7 0 2 4 5 31 3 1 30 7 6 2 7 5 30 3 0 2 7 5 2 3 1 2 7 8 2 3 16 2 4 0 2 7 0 2 7 1 2 7 6 2 7 1 2 7 6 2 7 0 2 7 1 2 4 0 2 3 0 2 2 12 16 2 1125759.5125091474 62.2518800497055054
1 2 7 1 2 11 0 2 7 1 2 4 1 2 7 0 2 11 0 2 7 0 2 7 5 30 2 0 2 7 0 2 7 17 2 11 0 2 7 17 18 2 1 2 7 16 2 2 0 16 7 0 2 7 0 2 3 1 2 7 0 2 7 0 2 7 0 2 4 12 16 2 0 2 7 0 2 7 16 6 2 5 30 3 0 2 7 8 18 3 5 31 3 0 2 3 0 2 7 16 24 2 0 2 7 0 19 11 16 9 11 5 2 7 0 2 7 0 2 4 17 9 2 13 30 3 1 2 7 1 2 2 0 2 7 5 2 7 1 2 7 17 18 2 0 19 3 0 2 7 0 2 7 0 2 7 1 2 7 1 2 7 0 2 7 1 2 4 5 31 7 0 2 7 1 9 7 12 16 2 1121386.58481507492 62.1641046404838562
0 2 7 5 2 3 0 2 7 0 2 7 0 2 4 12 16 2 0 2 7 17 18 2 16 19 11 0 2 7 0 2 4 1 2 7 0 2 11 5 2 3 0 2 7 0 2 7 0 2 7 12 2 2 1 2 7 1 2 11 0 2 4 0 2 7 17 18 2 12 16 2 1 2 7 13 6 3 16 6 2 17 9 2 0 2 7 5 2 3 5 30 3 0 2 7 0 2 4 1 2 7 1 2 11 8 18 2 0 2 7 17 9 3 1 2 7 1 2 7 5 31 3 13 6 3 0 2 7 0 2 7 0 2 7 1 2 7 0 2 7 17 9 2 0 2 7 0 2 7 0 2 7 0 2 7 0 2 7 0 2 7 5 30 3 1 2 7 16 2 7 5 31 3 17 9 2 12 16 2 729457.657545987982 62.9702067375183105
1 2 7 1 2 7 1 2 7 0 2 4 0 2 7 0 16 11 0 2 7 0 2 7 5 30 2 0 2 7 0 2 7 0 2 11 1 2 7 17 18 2 1 2 7 0 6 7 12 16 7 0 2 7 1 2 3 1 2 7 0 2 7 17 2 7 0 2 11 12 16 2 0 2 7 5 2 7 16 6 2 5 30 3 0 2 7 8 31 3 5 31 3 1 2 7 0 2 7 0 2 2 0 2 7 16 19 7 16 9 7 5 2 7 0 2 3 1 2 7 17 9 2 5 30 3 1 2 7 8 2 2 0 2 7 5 2 3 1 2 7 8 18 2 0 2 3 0 2 7 0 2 7 0 2 7 6 2 7 1 2 7 1 2 7 1 2 7 5 2 7 0 2 7 17 9 7 12 16 2 1560082.86368521745 63.4539153575897217
MonoObjective Genetic Algorithm
Number of Evaluations = 0
Mutation Probability = 0
Crossover Probability = 1
Population Size = 10
Survival Selection Type = 16
Time =  18053.648736000061
1 2 7 1 2 7 0 2 7 0 2 4 1 2 7 12 16 2 0 2 7 0 2 7 16 31 2 0 2 7 0 2 7 17 18 2 1 2 7 0 2 7 1 2 7 16 6 2 0 2 7 0 2 7 1 2 7 0 2 7 0 2 7 17 18 2 1 2 4 12 16 2 1 2 7 0 2 7 16 6 2 5 30 3 0 2 7 5 31 3 5 31 3 1 2 7 0 2 7 0 2 7 0 2 7 0 2 7 1 2 7 1 2 7 0 2 7 0 2 7 17 9 2 13 6 3 1 2 7 8 18 2 0 2 7 1 2 7 1 2 7 17 9 2 0 2 3 0 2 7 0 2 7 0 2 7 1 2 7 0 2 7 1 2 7 1 2 4 5 31 3 0 2 7 1 2 7 12 16 2 0 60.3695465326309204
0 2 7 0 2 7 0 2 7 0 2 7 1 2 7 5 30 3 17 9 2 16 19 11 5 31 3 0 2 7 0 2 7 0 2 7 1 2 7 1 2 7 0 2 7 0 2 10 0 2 7 0 2 11 0 2 7 1 2 11 0 2 4 0 2 4 16 19 11 12 16 2 1 2 7 17 18 2 17 9 2 5 30 3 0 2 7 5 30 3 17 18 2 0 2 4 1 2 7 8 18 2 0 2 7 0 2 11 1 2 7 5 30 3 0 2 7 0 2 11 1 2 7 5 30 3 0 2 7 1 2 7 0 2 7 0 2 7 0 2 7 1 2 7 1 2 7 0 2 4 6 2 7 0 2 10 0 2 10 1 2 7 5 31 3 0 2 4 16 6 2 0 2 7 8 18 2 12 16 2 0 62.5250934958457947
0 2 7 0 2 4 0 2 7 1 2 7 1 2 3 1 2 7 1 2 7 5 31 3 0 2 7 0 2 7 0 2 7 0 2 7 1 2 4 17 18 2 1 2 7 0 2 4 8 9 2 0 2 7 1 2 7 6 2 3 1 2 4 0 2 7 1 2 7 12 16 2 1 2 7 0 2 7 16 6 2 0 2 7 1 2 7 0 2 4 5 31 3 0 2 7 0 2 7 0 2 3 1 2 7 17 18 2 16 15 2 5 31 3 0 2 3 1 2 4 0 2 3 5 30 3 0 2 3 0 2 7 0 2 7 1 2 7 0 2 7 17 18 2 16 9 11 0 2 7 0 2 7 1 2 7 0 2 7 0 2 7 5 30 3 0 2 4 6 2 3 0 2 4 17 9 2 12 16 2 0 61.6467756628990173
0 2 4 16 6 2 0 2 7 0 2 3 1 2 3 8 18 2 1 2 3 0 2 3 5 31 3 1 2 3 0 2 3 0 2 7 6 2 3 5 31 3 0 2 3 1 2 7 0 2 3 1 2 3 0 2 3 1 2 7 0 2 3 0 2 7 5 30 3 12 16 2 12 16 2 5 30 3 16 6 2 1 2 7 0 2 7 5 30 3 0 2 7 0 2 7 0 2 7 1 2 3 12 16 2 0 2 7 16 19 11 5 30 3 0 2 7 0 2 10 0 2 7 5 30 3 0 2 7 16 18 11 0 2 7 0 2 3 0 2 3 16 6 2 0 2 7 0 2 3 0 2 3 0 2 7 0 2 7 1 2 3 1 2 7 0 2 3 16 30 2 0 2 7 16 19 11 12 16 2 0 63.8028164505958557
0 2 3 2 3 3 0 2 7 0 2 7 1 2 7 12 16 2 0 2 7 0 2 7 16 9 11 1 2 12 1 2 7 1 2 7 0 2 11 1 2 7 1 2 7 0 2 4 0 2 7 12 16 2 0 2 3 1 2 7 6 2 7 0 2 3 17 18 2 12 16 2 0 2 7 13 6 3 16 30 2 17 9 2 0 2 7 5 30 3 5 31 3 0 2 7 1 2 11 0 2 7 1 2 7 8 9 2 0 2 7 1 2 7 1 2 7 0 2 7 5 30 3 8 9 2 1 2 7 1 2 7 0 2 7 12 16 2 9 2 7 17 9 2 0 2 7 0 2 7 0 2 7 0 2 7 0 2 7 0 2 7 5 31 3 0 2 7 1 2 7 5 30 3 17 9 2 12 16 2 0 62.3511306047439575
0 2 7 17 9 2 1 2 7 0 2 4 0 2 3 17 9 2 0 2 7 16 19 11 0 2 7 0 2 7 0 2 7 0 2 3 0 2 7 1 2 7 0 2 7 0 2 7 0 2 7 5 31 3 0 2 7 0 2 7 0 2 7 0 2 7 0 2 7 12 16 2 1 2 7 1 2 3 16 6 2 12 16 2 1 2 3 5 30 3 5 31 3 1 2 3 1 2 7 0 2 7 0 2 7 16 9 11 16 6 2 16 18 11 1 2 7 0 2 3 5 31 3 1 2 7 0 2 7 5 30 3 0 2 7 1 2 4 0 2 7 1 2 3 0 2 4 0 2 7 0 2 7 1 2 7 0 2 7 0 2 3 6 2 7 0 2 7 1 2 4 5 31 3 0 2 7 12 16 2 0 62.534350574016571
0 2 7 1 2 2 1 2 7 1 2 7 0 2 3 17 2 2 0 2 7 0 2 11 5 30 7 0 2 7 0 2 7 0 2 3 0 2 7 1 2 2 0 2 7 0 2 7 12 16 7 0 2 3 0 2 3 1 2 7 0 2 7 0 2 7 0 2 11 12 16 2 1 2 7 1 31 3 16 6 2 5 16 3 0 2 3 8 30 2 5 30 3 0 2 3 0 2 7 16 24 7 0 2 7 16 9 11 16 9 2 16 30 3 1 2 7 0 2 4 5 31 3 1 30 7 6 2 7 5 30 3 0 2 7 5 2 3 1 2 7 8 2 3 16 2 4 0 2 7 0 2 7 1 2 7 6 2 7 1 2 7 6 2 7 0 2 7 1 2 4 0 2 3 0 2 2 12 16 2 1125759.5125091474 62.2518800497055054
1 2 7 1 2 11 0 2 7 1 2 4 1 2 7 0 2 11 0 2 7 0 2 7 5 30 2 0 2 7 0 2 7 17 2 11 0 2 7 17 18 2 1 2 7 16 2 2 0 16 7 0 2 7 0 2 3 1 2 7 0 2 7 0 2 7 0 2 4 12 16 2 0 2 7 0 2 7 16 6 2 5 30 3 0 2 7 8 18 3 5 31 3 0 2 3 0 2 7 16 24 2 0 2 7 0 19 11 16 9 11 5 2 7 0 2 7 0 2 4 17 9 2 13 30 3 1 2 7 1 2 2 0 2 7 5 2 7 1 2 7 17 18 2 0 19 3 0 2 7 0 2 7 0 2 7 1 2 7 1 2 7 0 2 7 1 2 4 5 31 7 0 2 7 1 9 7 12 16 2 1121386.58481507492 62.1641046404838562
0 2 7 5 2 3 0 2 7 0 2 7 0 2 4 12 16 2 0 2 7 17 18 2 16 19 11 0 2 7 0 2 4 1 2 7 0 2 11 5 2 3 0 2 7 0 2 7 0 2 7 12 2 2 1 2 7 1 2 11 0 2 4 0 2 7 17 18 2 12 16 2 1 2 7 13 6 3 16 6 2 17 9 2 0 2 7 5 2 3 5 30 3 0 2 7 0 2 4 1 2 7 1 2 11 8 18 2 0 2 7 17 9 3 1 2 7 1 2 7 5 31 3 13 6 3 0 2 7 0 2 7 0 2 7 1 2 7 0 2 7 17 9 2 0 2 7 0 2 7 0 2 7 0 2 7 0 2 7 0 2 7 5 30 3 1 2 7 16 2 7 5 31 3 17 9 2 12 16 2 729457.657545987982 62.9702067375183105
1 2 7 1 2 7 1 2 7 0 2 4 0 2 7 0 16 11 0 2 7 0 2 7 5 30 2 0 2 7 0 2 7 0 2 11 1 2 7 17 18 2 1 2 7 0 6 7 12 16 7 0 2 7 1 2 3 1 2 7 0 2 7 17 2 7 0 2 11 12 16 2 0 2 7 5 2 7 16 6 2 5 30 3 0 2 7 8 31 3 5 31 3 1 2 7 0 2 7 0 2 2 0 2 7 16 19 7 16 9 7 5 2 7 0 2 3 1 2 7 17 9 2 5 30 3 1 2 7 8 2 2 0 2 7 5 2 3 1 2 7 8 18 2 0 2 3 0 2 7 0 2 7 0 2 7 6 2 7 1 2 7 1 2 7 1 2 7 5 2 7 0 2 7 17 9 7 12 16 2 1560082.86368521745 63.4539153575897217
