8232568.4425000008
8234190.6722499998
8238735.7045000000
8233830.5782500003
8238128.1712499997
8238713.1937499996
8233828.3285000008
8230318.4427500004
8236620.7389999991
8238735.7489999998
8236078.3282500003
8237543.0865000002
8236078.3282500003
8231938.4227499999
8238575.8742500003
8239025.9182500001
8236352.8315000013
8237477.9170000004
8236078.3282500003
8236348.3320000013
8233830.5782500003
8236078.3282500003
8239230.6457500001
8235248.2339999992
8232255.7357500000
8234325.6262499997
8236438.3332500011
8236438.3332500011
8234098.3322500009
8237115.6045000004
8236328.1242500003
8236080.5779999997
8237135.9545000000
8233828.3285000008
8237250.6897499990
