10365567.8903055582
10386247.8893055562
10384087.6576111112
10333050.1253055558
10386350.8780000005
10387034.8878611121
10337950.3921388872
10387455.1371666659
10354312.3773055580
10394127.3796388898
10349043.3871388901
10384612.6377500016
10388178.1306666676
10393787.6491666660
10370172.1300833337
10356507.1141111106
10386981.6155277789
10395670.1411111113
10386977.6476111114
10299514.6450000014
10391015.8702222239
10346312.6249444447
10390078.1327777766
10360615.1198333334
10391309.6349166669
10383642.8756388891
10373037.1257777773
10393540.6582777780
10385199.8660277780
10389812.3652499989
10383825.6332500018
10400554.8995000012
10341335.1274722237
10385600.4149444439
10383210.3756944444
