18 23 2 14 9 43 3 9 78 25 17 18 23 40 36 15 29 31 15 19 29 10 30 19 1 16 0 3 0 2 43 33 28 11 12 19 4 12 38 1 3 8 10 6 26 42 35 3 29 12 12 14 24 20 34 15 22 25 8 3 0 28 39 50 36 9 17 5 45 24 38 18 65 23 3 2 48 27 22 26 67 10 8 13 4 7 37 8 78 21 17 6 47 39 30 28 52 14 1 18 40 38 9 47 28 16 4 14 3 13 24 1 9 18 5 10 21 43 14 28 68 9 3 6 31 45 34 48 19 31 1 14 5 26 34 42 19 25 18 17 22 16 22 8 48 19 16 3 24 26 43 54 46 23 15 2 27 35 6 4 3181246911395.6020507812
54 8 19 2 14 35 16 54 58 13 7 19 7 48 24 33 56 22 9 1 2 15 16 21 55 29 2 7 40 36 30 6 19 3 2 19 1 8 22 19 34 25 9 7 23 11 47 30 6 31 7 17 22 47 17 38 24 22 16 2 19 6 33 24 62 29 4 14 29 45 7 5 10 24 19 18 44 5 12 3 21 9 5 3 29 0 24 19 60 17 9 10 20 21 9 12 69 28 6 12 0 3 34 4 21 5 18 7 28 3 47 31 36 27 14 6 11 1 18 29 54 6 2 7 11 26 35 28 71 21 7 1 49 29 41 28 23 14 15 2 2 8 31 22 62 1 19 2 26 32 38 11 40 28 8 3 6 5 4 27 2562455887346.0781250000
60 8 18 11 25 40 1 41 68 24 6 18 41 19 7 28 29 13 1 16 15 18 17 6 51 34 13 3 7 14 26 4 56 8 12 9 30 4 34 30 37 4 19 5 34 10 4 39 47 32 0 6 4 45 1 37 2 11 8 17 6 14 0 43 47 30 5 14 6 10 25 53 63 7 13 16 35 40 27 5 8 0 14 6 34 31 7 4 43 5 4 3 46 15 43 8 38 32 16 18 33 43 26 37 25 12 12 0 7 23 14 44 8 35 8 2 47 28 46 33 56 4 2 13 23 2 18 49 22 8 9 19 11 28 8 36 56 19 11 10 39 25 31 33 12 21 6 10 36 10 16 9 45 26 0 16 15 42 23 6 3225510509670.3759765625
38 8 2 14 0 15 4 54 74 31 15 18 10 41 20 14 26 31 3 9 45 44 41 13 19 16 10 19 35 31 22 41 70 26 4 1 1 4 7 25 12 11 11 5 7 26 36 6 47 31 13 2 30 29 39 39 63 22 6 2 23 2 33 13 0 2 19 1 41 37 17 37 39 0 8 13 20 26 38 34 55 18 13 9 4 49 3 31 59 36 7 2 35 27 42 47 33 2 2 13 28 32 8 53 73 2 19 13 36 29 43 25 40 24 7 13 31 39 12 31 10 20 7 14 13 19 30 19 50 23 18 3 21 13 3 47 73 19 2 8 12 18 48 46 25 14 17 10 31 7 39 24 46 3 15 9 24 34 24 50 2937453158444.4243164062
66 34 13 11 27 15 27 52 71 29 9 5 27 38 32 10 0 3 9 11 34 30 18 20 20 2 7 14 50 42 39 52 75 1 15 14 30 31 46 2 33 7 16 1 49 15 42 4 31 33 18 17 22 26 41 4 21 31 2 9 13 7 46 27 36 19 2 13 40 9 0 45 42 0 15 16 22 1 7 49 20 4 7 4 2 32 26 47 19 1 3 6 39 41 34 25 31 20 5 1 3 14 9 38 57 36 12 0 24 28 30 40 23 21 2 4 30 0 43 23 75 19 3 4 30 49 38 41 29 33 0 16 35 20 48 34 46 3 1 10 19 6 33 8 13 19 2 17 45 32 36 7 68 5 9 8 19 32 7 28 2419288215143.8901367188
2 13 19 7 37 5 4 29 1 7 18 1 31 21 33 16 24 20 7 12 28 26 24 38 62 36 11 6 38 47 16 8 23 30 12 1 6 10 25 16 56 19 7 0 14 4 33 19 46 26 12 4 50 44 24 39 34 24 7 1 3 38 0 19 5 27 8 5 44 7 5 8 11 34 4 2 3 40 37 33 18 33 12 3 15 25 25 11 40 19 14 19 46 17 34 26 72 2 0 13 20 31 3 57 49 24 15 5 25 11 40 31 71 23 1 8 34 10 47 18 54 17 3 19 15 14 31 40 70 3 14 3 46 43 0 42 37 6 11 17 41 20 39 34 22 4 10 3 48 21 4 53 65 36 1 2 3 10 18 7 2698191969519.2436523438
23 18 15 5 47 48 46 13 2 36 13 6 11 18 48 41 18 20 19 8 47 22 2 2 23 15 19 2 20 23 28 57 33 13 14 18 22 24 34 23 78 29 10 12 12 8 21 0 39 27 10 13 29 11 33 45 52 0 3 14 2 0 33 22 65 17 2 17 6 8 41 24 77 25 8 10 21 8 38 36 34 0 8 16 33 22 48 11 33 30 16 5 33 39 19 17 11 9 2 14 41 50 8 28 51 2 9 1 1 26 27 51 46 17 9 3 14 12 44 43 71 13 9 18 40 27 29 38 40 14 8 16 37 9 38 13 78 7 12 1 21 40 21 36 42 4 14 1 38 6 33 19 55 17 12 11 6 40 7 29 2448053592086.5522460938
51 9 0 11 1 30 13 22 6 32 10 6 28 24 6 31 63 11 15 13 19 14 13 30 28 28 4 11 12 26 4 52 71 14 11 4 33 9 1 0 73 7 10 1 2 17 17 55 41 11 12 5 26 3 34 41 48 21 13 19 45 6 36 52 20 16 0 18 35 1 37 51 11 5 6 18 42 40 41 0 22 14 1 8 46 16 13 40 38 1 1 5 20 34 22 16 47 27 13 14 20 15 24 31 33 1 3 12 46 36 0 49 27 28 6 1 35 19 31 47 77 1 1 13 35 9 13 1 61 25 9 14 37 36 42 43 46 19 19 14 34 7 15 55 16 30 16 14 50 26 17 46 28 7 4 10 8 12 20 8 2892509212552.8603515625
28 30 14 17 25 0 29 9 60 30 7 10 8 9 29 57 49 10 7 6 2 23 40 39 46 26 0 17 41 43 11 19 13 6 6 8 19 38 32 22 54 31 2 11 32 18 0 4 19 7 15 1 20 29 6 34 12 12 17 2 3 32 34 2 61 17 11 0 25 37 9 2 22 3 15 16 4 10 25 27 11 11 15 5 24 16 25 35 18 7 15 17 19 46 29 7 51 0 16 7 41 24 26 42 39 18 16 17 36 27 35 48 53 21 6 10 18 12 16 47 31 30 10 8 12 36 42 31 32 14 7 2 1 30 4 31 43 28 19 9 27 3 40 26 34 23 4 1 14 16 3 13 75 21 2 7 35 37 23 55 2743073462523.5688476562
77 11 3 7 1 31 6 19 55 22 15 11 11 3 41 28 26 10 15 13 50 27 1 55 17 2 9 12 22 14 13 31 32 2 1 9 9 13 42 39 12 9 12 5 20 10 32 32 76 7 13 6 30 13 13 27 9 34 7 2 46 28 30 25 17 16 15 0 38 50 11 2 53 24 5 3 0 50 15 5 34 30 2 8 27 1 14 36 18 15 7 13 35 15 35 40 19 22 1 2 20 11 48 31 20 5 6 3 0 28 13 8 18 33 0 3 7 29 41 19 62 20 1 3 8 19 45 46 55 5 5 1 20 35 3 1 63 20 2 7 7 49 25 43 76 14 15 2 9 11 38 51 52 29 12 16 34 18 10 6 2864845800758.8496093750
10 27 1 11 14 48 47 47 56 19 0 16 12 19 4 23 19 4 8 15 43 23 39 9 19 33 13 3 15 26 18 23 10 32 12 17 10 6 5 23 19 4 10 14 38 44 39 9 65 33 4 7 48 14 47 48 56 19 1 0 19 12 4 23 19 4 16 15 43 23 39 9 19 33 11 13 26 15 18 23 10 32 12 8 10 6 5 23 56 12 14 9 0 14 4 23 19 4 10 17 38 44 39 9 56 19 1 0 19 12 4 23 19 4 16 15 43 23 39 9 19 33 7 13 26 15 18 23 10 32 12 8 10 6 5 23 65 33 4 11 48 14 47 48 19 4 10 14 38 44 39 9 56 19 17 0 19 12 4 23 8241075.6054999987
56 19 0 8 12 19 4 23 10 27 11 1 48 14 47 47 19 4 15 16 23 43 39 9 19 4 14 10 44 38 39 9 10 32 12 17 10 6 5 23 19 33 7 13 26 15 18 23 56 19 8 0 19 12 4 23 65 33 3 4 14 48 47 48 19 4 15 16 23 43 39 9 19 4 11 1 38 44 39 9 10 32 17 14 6 10 5 23 19 33 7 13 26 15 18 23 56 19 0 8 12 19 4 23 56 12 12 9 0 14 4 23 19 4 10 16 38 43 39 9 19 4 15 1 23 44 39 9 10 32 17 14 6 10 5 23 19 33 13 11 15 26 18 23 56 19 0 8 12 19 4 23 65 33 7 2 14 48 47 11 8248118.2259999989
56 19 0 17 12 19 4 23 19 4 8 15 43 23 39 9 10 32 1 14 6 10 5 23 65 16 5 12 0 48 4 35 19 33 13 11 15 26 18 23 19 4 10 16 38 44 39 9 56 19 17 0 19 12 4 23 19 4 8 15 43 23 39 9 10 32 14 1 10 6 5 23 65 12 19 6 48 14 4 11 19 33 13 3 15 26 18 23 19 4 16 11 44 38 39 9 56 19 17 0 19 12 4 23 19 4 15 8 23 43 39 9 10 32 1 12 6 10 5 23 65 16 14 5 48 0 4 35 19 33 7 13 26 15 18 23 19 4 16 10 44 38 39 9 56 19 0 17 12 19 4 23 10 32 15 8 23 6 5 23 8251650.5827499991
56 19 0 17 12 19 4 23 19 4 10 1 38 44 39 9 65 16 14 5 48 0 4 35 19 33 7 13 26 15 18 23 10 32 16 12 6 10 5 23 19 4 8 15 43 23 39 9 56 19 0 17 12 19 4 23 19 4 11 1 38 44 39 9 65 12 19 6 48 14 4 11 19 33 13 3 15 26 18 23 10 32 12 16 10 6 5 23 19 4 15 17 23 43 39 9 56 19 8 0 19 12 4 23 19 4 14 11 44 38 39 9 10 27 1 4 14 48 47 47 19 33 13 3 15 26 18 23 10 32 12 16 10 6 5 23 19 4 17 15 43 23 39 9 56 19 8 0 19 12 4 23 65 16 14 5 48 0 4 35 8253875.8752500005
10 27 8 11 14 48 47 47 56 19 1 0 19 12 4 23 19 4 15 16 23 43 39 9 19 4 12 7 44 38 39 9 19 33 13 3 15 26 18 23 65 16 17 5 14 0 4 35 10 32 14 8 10 6 5 23 56 19 0 1 12 19 4 23 19 4 15 16 23 43 39 9 19 4 12 10 44 38 39 9 19 33 13 3 15 26 18 23 65 12 6 19 14 48 4 11 10 32 8 14 6 10 5 23 56 19 0 1 12 19 4 23 19 4 17 15 43 23 39 9 19 4 10 16 38 44 39 9 19 33 13 11 15 26 18 23 65 16 5 14 0 48 4 35 10 32 8 12 6 10 5 23 56 19 1 0 19 12 4 23 8258895.5475000003
56 19 0 8 12 19 4 23 19 4 15 17 23 43 39 9 65 16 14 5 48 0 4 35 19 33 13 3 15 26 18 23 19 4 7 1 38 44 39 9 10 32 16 12 6 10 5 23 56 19 17 0 19 12 4 23 19 4 8 15 43 23 39 9 65 12 19 6 48 14 4 11 19 33 13 3 15 26 18 23 19 4 14 10 44 38 39 9 10 32 12 17 10 6 5 23 56 19 0 16 12 19 4 23 65 16 1 5 14 0 4 35 19 4 15 8 23 43 39 9 19 33 7 13 26 15 18 23 19 4 14 10 44 38 39 9 10 32 17 12 6 10 5 23 56 19 0 16 12 19 4 23 65 16 5 1 0 14 4 35 8259505.3707499998
65 16 8 5 14 0 4 35 56 19 16 0 19 12 4 23 19 33 13 3 15 26 18 23 19 4 15 17 23 43 39 9 19 4 10 14 38 44 39 9 10 32 1 12 6 10 5 23 65 33 11 4 14 48 47 48 56 19 16 0 19 12 4 23 19 33 13 7 15 26 18 23 19 4 17 15 43 23 39 9 19 4 10 8 38 44 39 9 65 16 12 5 48 0 4 35 10 32 14 16 10 6 5 23 56 19 0 1 12 19 4 23 19 33 7 13 26 15 18 23 19 4 15 17 23 43 39 9 19 4 8 11 44 38 39 9 65 16 5 12 0 48 4 35 10 32 14 1 10 6 5 23 56 19 0 16 12 19 4 23 8261618.0687499987
65 16 5 1 0 14 4 35 56 19 0 16 12 19 4 23 19 4 8 10 43 38 39 9 19 33 11 13 26 15 18 23 10 32 12 17 10 6 5 23 65 33 7 4 14 48 47 48 19 4 1 15 44 23 39 9 56 19 16 0 19 12 4 23 19 4 10 8 38 43 39 9 19 33 3 13 26 15 18 23 10 32 12 17 10 6 5 23 65 12 6 19 14 48 4 11 19 4 15 14 23 44 39 9 56 19 0 8 12 19 4 23 19 4 16 10 43 38 39 9 19 33 13 7 15 26 18 23 10 32 12 17 10 6 5 23 65 16 14 1 48 14 47 35 19 4 8 15 44 23 39 9 56 19 16 0 19 12 4 23 8263800.5760000004
19 4 10 15 38 44 39 9 56 19 16 0 19 12 4 23 10 32 12 8 10 6 5 23 65 16 1 14 14 48 4 35 19 33 13 7 15 26 18 23 19 4 15 17 23 43 39 9 19 4 16 10 44 38 39 9 56 19 0 8 12 19 4 23 10 32 12 1 10 6 5 23 65 16 14 5 48 0 4 35 19 33 7 13 26 15 18 23 19 4 17 15 43 23 39 9 19 4 11 16 38 44 39 9 56 19 0 1 12 19 4 23 10 32 8 14 6 10 5 23 65 16 5 12 0 48 4 35 19 33 13 7 15 26 18 23 19 4 15 10 23 38 39 9 19 4 1 17 44 43 39 9 56 19 16 0 19 12 4 23 8272395.5237499997
56 19 1 0 19 12 4 23 19 4 15 12 23 44 39 9 19 4 10 8 38 43 39 9 10 32 14 16 10 6 5 23 65 33 7 2 14 48 47 11 19 33 13 11 15 26 18 23 56 19 0 1 12 19 4 23 19 4 15 17 23 44 39 9 19 4 10 16 38 43 39 9 65 16 5 14 0 48 4 35 10 32 12 8 10 6 5 23 19 33 7 13 26 15 18 23 56 19 1 0 19 12 4 23 19 4 11 15 38 23 39 9 65 33 4 3 48 14 47 48 19 4 16 14 43 44 39 9 10 32 8 12 6 10 5 23 19 33 7 13 26 15 18 23 56 19 0 17 12 19 4 23 56 12 15 9 0 14 4 23 8326170.5914999992
10 27 1 11 14 48 47 47 56 19 0 16 12 19 4 23 19 4 8 15 43 23 39 9 19 33 13 3 15 26 18 23 10 32 12 17 10 6 5 23 19 4 10 14 38 44 39 9 65 33 4 7 48 14 47 48 56 19 1 0 19 12 4 23 19 4 16 15 43 23 39 9 19 33 11 13 26 15 18 23 10 32 12 8 10 6 5 23 56 12 14 9 0 14 4 23 19 4 10 17 38 44 39 9 56 19 1 0 19 12 4 23 19 4 16 15 43 23 39 9 19 33 3 13 26 15 18 23 10 32 12 8 10 6 5 23 65 33 4 11 48 14 47 48 19 4 7 14 38 44 39 9 56 19 17 0 19 12 4 23 8238825.6057499992
10 27 11 1 48 14 47 47 56 19 0 17 12 19 4 23 19 33 13 7 15 26 18 23 10 32 12 16 10 6 5 23 19 4 14 10 44 38 39 9 19 4 15 8 23 43 39 9 65 33 3 4 14 48 47 48 56 19 0 1 12 19 4 23 19 33 11 13 26 15 18 23 10 32 17 12 6 10 5 23 19 4 16 7 44 38 39 9 56 12 14 9 0 14 4 23 19 4 15 8 23 43 39 9 56 19 1 0 19 12 4 23 19 33 13 3 15 26 18 23 10 32 17 12 6 10 5 23 19 4 16 11 44 38 39 9 65 33 4 7 48 14 47 48 19 4 15 8 23 43 39 9 56 19 1 0 19 12 4 23 8239905.5959999999
65 33 7 2 14 48 47 11 56 19 1 0 19 12 4 23 19 4 15 16 23 43 39 9 19 4 12 10 44 38 39 9 19 33 13 3 15 26 18 23 10 32 14 8 10 6 5 23 65 16 17 5 14 0 4 35 56 19 0 1 12 19 4 23 19 4 15 16 23 43 39 9 19 4 12 11 44 38 39 9 19 33 13 7 15 26 18 23 65 12 6 19 14 48 4 11 10 32 14 8 10 6 5 23 56 19 0 1 12 19 4 23 19 4 17 15 43 23 39 9 19 4 10 16 38 44 39 9 19 33 13 11 15 26 18 23 65 16 5 12 0 48 4 35 10 32 8 14 6 10 5 23 56 19 1 0 19 12 4 23 8243168.1379999993
56 19 0 8 12 19 4 23 10 27 11 1 48 14 47 47 19 4 15 16 23 43 39 9 19 4 14 10 44 38 39 9 10 32 12 17 10 6 5 23 19 33 7 13 26 15 18 23 56 19 8 0 19 12 4 23 65 33 3 4 14 48 47 48 19 4 15 16 23 43 39 9 19 4 11 1 38 44 39 9 10 32 17 14 6 10 5 23 19 33 7 13 26 15 18 23 56 19 0 8 12 19 4 23 56 12 12 9 0 14 4 23 19 4 10 16 38 43 39 9 19 4 15 1 23 44 39 9 10 32 17 14 6 10 5 23 19 33 13 11 15 26 18 23 56 19 0 8 12 19 4 23 65 33 7 4 14 48 47 48 8248118.2037499994
56 19 0 17 12 19 4 23 19 4 8 15 43 23 39 9 10 32 1 14 6 10 5 23 65 16 5 12 0 48 4 35 19 33 13 11 15 26 18 23 19 4 10 16 38 44 39 9 56 19 17 0 19 12 4 23 19 4 8 15 43 23 39 9 10 32 14 1 10 6 5 23 65 12 19 6 48 14 4 11 19 33 13 3 15 26 18 23 19 4 16 11 44 38 39 9 56 19 17 0 19 12 4 23 19 4 15 8 23 43 39 9 10 32 1 12 6 10 5 23 65 16 14 5 48 0 4 35 19 33 7 13 26 15 18 23 19 4 16 10 44 38 39 9 56 19 0 17 12 19 4 23 10 32 15 8 23 6 5 23 8251650.5827499991
56 19 0 17 12 19 4 23 19 4 10 1 38 44 39 9 65 16 14 5 48 0 4 35 19 33 7 13 26 15 18 23 10 32 16 12 6 10 5 23 19 4 8 15 43 23 39 9 56 19 0 17 12 19 4 23 19 4 11 1 38 44 39 9 65 12 19 6 48 14 4 11 19 33 13 3 15 26 18 23 10 32 12 16 10 6 5 23 19 4 15 17 23 43 39 9 56 19 8 0 19 12 4 23 19 4 14 11 44 38 39 9 10 27 1 4 14 48 47 47 19 33 13 3 15 26 18 23 10 32 12 16 10 6 5 23 19 4 17 15 43 23 39 9 56 19 8 0 19 12 4 23 65 16 14 5 48 0 4 35 8253875.8752500005
56 19 0 8 12 19 4 23 19 4 15 16 23 43 39 9 65 16 14 5 48 0 4 35 19 33 13 3 15 26 18 23 19 4 7 1 38 44 39 9 10 32 17 12 6 10 5 23 56 19 8 0 19 12 4 23 19 4 16 15 43 23 39 9 65 16 14 5 48 0 4 35 19 33 13 3 15 26 18 23 19 4 1 10 44 38 39 9 10 32 12 17 10 6 5 23 56 19 0 16 12 19 4 23 19 4 15 8 23 43 39 9 65 12 19 6 48 14 4 11 19 33 7 13 26 15 18 23 19 4 14 11 44 38 39 9 10 32 17 12 6 10 5 23 56 19 0 16 12 19 4 23 65 16 5 1 0 14 4 35 8256645.5812499998
65 16 14 8 48 14 47 35 56 19 16 0 19 12 4 23 19 4 17 15 43 23 39 9 19 33 7 13 26 15 18 23 19 4 1 11 44 38 39 9 56 12 9 14 14 0 4 23 10 32 12 8 10 6 5 23 56 19 0 16 12 19 4 23 19 4 17 15 43 23 39 9 19 33 7 13 26 15 18 23 19 4 1 11 44 38 39 9 65 16 5 14 0 48 4 35 10 32 8 12 6 10 5 23 56 19 0 16 12 19 4 23 19 4 15 17 23 43 39 9 19 33 13 3 15 26 18 23 19 4 10 1 38 44 39 9 65 16 5 14 0 48 4 35 10 32 8 12 6 10 5 23 56 19 16 0 19 12 4 23 8257613.0795000000
10 27 13 9 0 14 46 38 56 19 0 16 12 19 4 23 10 32 8 14 6 10 5 23 19 4 15 17 23 43 39 9 19 4 10 12 38 44 39 9 65 33 4 3 48 14 47 48 19 33 13 7 15 26 18 23 56 19 1 0 19 12 4 23 10 32 14 8 10 6 5 23 19 4 17 15 43 23 39 9 19 4 16 10 44 38 39 9 65 16 5 12 0 48 4 35 19 33 11 13 26 15 18 23 56 19 0 8 12 19 4 23 10 32 14 1 10 6 5 23 19 4 15 16 23 43 39 9 19 4 17 7 44 38 39 9 65 16 12 5 48 0 4 35 19 33 13 11 15 26 18 23 56 19 8 0 19 12 4 23 8261168.0025000004
65 16 8 5 14 0 4 35 56 19 16 0 19 12 4 23 19 33 13 3 15 26 18 23 19 4 15 17 23 43 39 9 19 4 10 14 38 44 39 9 10 32 1 12 6 10 5 23 65 33 11 4 14 48 47 48 56 19 16 0 19 12 4 23 19 33 13 7 15 26 18 23 19 4 17 15 43 23 39 9 19 4 10 8 38 44 39 9 65 16 12 5 48 0 4 35 10 32 14 16 10 6 5 23 56 19 0 1 12 19 4 23 19 33 7 13 26 15 18 23 19 4 15 17 23 43 39 9 19 4 8 11 44 38 39 9 65 16 5 12 0 48 4 35 10 32 14 1 10 6 5 23 56 19 0 16 12 19 4 23 8261618.0687499987
56 19 16 0 19 12 4 23 65 33 4 3 48 14 47 48 19 4 8 15 43 23 39 9 10 32 12 1 10 6 5 23 19 4 10 14 38 44 39 9 19 33 13 11 15 26 18 23 65 16 5 17 0 14 4 35 56 19 0 16 12 19 4 23 19 4 8 15 43 23 39 9 10 32 1 12 6 10 5 23 19 4 7 14 38 44 39 9 19 33 3 13 26 15 18 23 65 33 11 4 14 48 47 48 56 19 17 0 19 12 4 23 19 4 16 15 43 23 39 9 10 32 12 8 10 6 5 23 19 4 10 1 38 44 39 9 19 33 7 13 26 15 18 23 56 12 14 9 0 14 4 23 56 19 17 0 19 12 4 23 8237230.4352500001
10 27 1 11 14 48 47 47 56 19 0 16 12 19 4 23 19 4 8 15 43 23 39 9 19 33 13 3 15 26 18 23 10 32 12 17 10 6 5 23 19 4 10 14 38 44 39 9 65 33 4 7 48 14 47 48 56 19 1 0 19 12 4 23 19 4 16 15 43 23 39 9 19 33 11 13 26 15 18 23 10 32 12 8 10 6 5 23 56 12 14 9 0 14 4 23 19 4 10 17 38 44 39 9 56 19 1 0 19 12 4 23 19 4 16 15 43 23 39 9 19 33 3 13 26 15 18 23 10 32 12 8 10 6 5 23 65 33 4 11 48 14 47 48 19 4 7 14 38 44 39 9 56 19 17 0 19 12 4 23 8238825.6057499992
10 27 11 1 48 14 47 47 56 19 0 17 12 19 4 23 19 33 13 7 15 26 18 23 10 32 12 16 10 6 5 23 19 4 14 10 44 38 39 9 19 4 15 8 23 43 39 9 65 33 3 4 14 48 47 48 56 19 0 1 12 19 4 23 19 33 11 13 26 15 18 23 10 32 17 12 6 10 5 23 19 4 16 7 44 38 39 9 56 12 14 9 0 14 4 23 19 4 15 8 23 43 39 9 56 19 1 0 19 12 4 23 19 33 13 3 15 26 18 23 10 32 17 12 6 10 5 23 19 4 16 11 44 38 39 9 65 33 4 7 48 14 47 48 19 4 15 8 23 43 39 9 56 19 1 0 19 12 4 23 8239905.5959999999
65 33 7 4 14 48 47 48 56 19 17 0 19 12 4 23 19 4 15 16 23 43 39 9 19 4 12 10 44 38 39 9 19 33 13 3 15 26 18 23 10 32 14 8 10 6 5 23 65 16 1 5 14 0 4 35 56 19 0 17 12 19 4 23 19 4 15 16 23 43 39 9 19 4 12 11 44 38 39 9 19 33 13 7 15 26 18 23 65 12 6 19 14 48 4 11 10 32 14 8 10 6 5 23 56 19 0 1 12 19 4 23 19 4 17 15 43 23 39 9 19 4 10 16 38 44 39 9 19 33 13 11 15 26 18 23 65 16 5 12 0 48 4 35 10 32 8 14 6 10 5 23 56 19 1 0 19 12 4 23 8240918.1159999995
56 19 16 0 19 12 4 23 19 4 15 17 23 43 39 9 10 32 12 8 10 6 5 23 19 33 13 3 15 26 18 23 56 12 14 9 0 14 4 23 19 4 11 1 38 44 39 9 56 19 16 0 19 12 4 23 19 4 17 15 43 23 39 9 10 32 12 8 10 6 5 23 19 33 7 13 26 15 18 23 65 12 19 6 48 14 4 11 19 4 10 14 38 44 39 9 56 19 0 1 12 19 4 23 19 4 17 15 43 23 39 9 10 32 16 12 6 10 5 23 19 33 3 13 26 15 18 23 65 16 8 5 14 0 4 35 19 4 7 14 38 44 39 9 56 19 1 0 19 12 4 23 10 32 17 15 6 23 5 23 8244972.6289999997
56 19 0 8 12 19 4 23 10 27 11 1 48 14 47 47 19 4 15 16 23 43 39 9 19 4 14 10 44 38 39 9 10 32 12 17 10 6 5 23 19 33 7 13 26 15 18 23 56 19 8 0 19 12 4 23 65 33 3 4 14 48 47 48 19 4 15 16 23 43 39 9 19 4 11 1 38 44 39 9 10 32 17 14 6 10 5 23 19 33 7 13 26 15 18 23 56 19 0 8 12 19 4 23 56 12 12 9 0 14 4 23 19 4 10 16 38 43 39 9 19 4 15 1 23 44 39 9 10 32 17 14 6 10 5 23 19 33 13 11 15 26 18 23 56 19 0 8 12 19 4 23 65 33 7 4 14 48 47 48 8248118.2037499994
56 19 0 17 12 19 4 23 19 4 8 15 43 23 39 9 10 32 1 14 6 10 5 23 65 16 5 12 0 48 4 35 19 33 13 11 15 26 18 23 19 4 10 16 38 44 39 9 56 19 17 0 19 12 4 23 19 4 8 15 43 23 39 9 10 32 14 1 10 6 5 23 65 12 19 6 48 14 4 11 19 33 13 3 15 26 18 23 19 4 16 11 44 38 39 9 56 19 17 0 19 12 4 23 19 4 15 8 23 43 39 9 10 32 1 12 6 10 5 23 65 16 14 5 48 0 4 35 19 33 7 13 26 15 18 23 19 4 16 10 44 38 39 9 56 19 0 17 12 19 4 23 10 32 15 8 23 6 5 23 8251650.5827499991
56 19 0 17 12 19 4 23 19 4 10 1 38 44 39 9 65 16 14 5 48 0 4 35 19 33 7 13 26 15 18 23 10 32 16 12 6 10 5 23 19 4 8 15 43 23 39 9 56 19 0 17 12 19 4 23 19 4 11 1 38 44 39 9 65 12 19 6 48 14 4 11 19 33 13 3 15 26 18 23 10 32 12 16 10 6 5 23 19 4 15 17 23 43 39 9 56 19 8 0 19 12 4 23 19 4 1 11 44 38 39 9 65 16 14 5 48 0 4 35 19 33 13 3 15 26 18 23 10 32 12 16 10 6 5 23 19 4 17 15 43 23 39 9 56 19 8 0 19 12 4 23 65 33 7 4 14 48 47 48 8253290.8350000000
56 19 0 8 12 19 4 23 19 4 15 16 23 43 39 9 65 16 14 5 48 0 4 35 19 33 13 3 15 26 18 23 19 4 7 1 38 44 39 9 10 32 17 12 6 10 5 23 56 19 8 0 19 12 4 23 19 4 16 15 43 23 39 9 65 16 14 5 48 0 4 35 19 33 13 3 15 26 18 23 19 4 1 10 44 38 39 9 10 32 12 17 10 6 5 23 56 19 0 16 12 19 4 23 19 4 15 8 23 43 39 9 65 12 19 6 48 14 4 11 19 33 7 13 26 15 18 23 19 4 14 11 44 38 39 9 10 32 17 12 6 10 5 23 56 19 0 16 12 19 4 23 65 16 5 1 0 14 4 35 8256645.5812499998
65 16 14 8 48 14 47 35 56 19 16 0 19 12 4 23 19 4 17 15 43 23 39 9 19 33 7 13 26 15 18 23 19 4 1 11 44 38 39 9 56 12 9 14 14 0 4 23 10 32 12 8 10 6 5 23 56 19 0 16 12 19 4 23 19 4 17 15 43 23 39 9 19 33 7 13 26 15 18 23 19 4 1 11 44 38 39 9 65 16 5 14 0 48 4 35 10 32 8 12 6 10 5 23 56 19 0 16 12 19 4 23 19 4 15 17 23 43 39 9 19 33 13 3 15 26 18 23 19 4 10 1 38 44 39 9 65 16 5 14 0 48 4 35 10 32 8 12 6 10 5 23 56 19 16 0 19 12 4 23 8257613.0795000000
56 19 16 0 19 12 4 23 65 33 4 3 48 14 47 48 19 4 8 15 43 23 39 9 10 32 12 1 10 6 5 23 19 4 10 14 38 44 39 9 19 33 13 11 15 26 18 23 65 16 5 17 0 14 4 35 56 19 0 16 12 19 4 23 19 4 8 15 43 23 39 9 10 32 1 12 6 10 5 23 19 4 7 14 38 44 39 9 19 33 3 13 26 15 18 23 65 33 11 4 14 48 47 48 56 19 17 0 19 12 4 23 19 4 16 15 43 23 39 9 10 32 12 8 10 6 5 23 19 4 10 1 38 44 39 9 19 33 7 13 26 15 18 23 56 12 14 9 0 14 4 23 56 19 17 0 19 12 4 23 8237230.4352500001
10 27 1 11 14 48 47 47 56 19 0 16 12 19 4 23 19 4 8 15 43 23 39 9 19 33 13 3 15 26 18 23 10 32 12 17 10 6 5 23 19 4 10 14 38 44 39 9 65 33 4 7 48 14 47 48 56 19 1 0 19 12 4 23 19 4 16 15 43 23 39 9 19 33 11 13 26 15 18 23 10 32 12 8 10 6 5 23 56 12 14 9 0 14 4 23 19 4 10 17 38 44 39 9 56 19 1 0 19 12 4 23 19 4 16 15 43 23 39 9 19 33 3 13 26 15 18 23 10 32 12 8 10 6 5 23 65 33 4 11 48 14 47 48 19 4 7 14 38 44 39 9 56 19 17 0 19 12 4 23 8238825.6057499992
10 27 11 1 48 14 47 47 56 19 0 17 12 19 4 23 19 33 13 7 15 26 18 23 10 32 12 16 10 6 5 23 19 4 14 10 44 38 39 9 19 4 15 8 23 43 39 9 65 33 3 4 14 48 47 48 56 19 0 1 12 19 4 23 19 33 11 13 26 15 18 23 10 32 17 12 6 10 5 23 19 4 16 7 44 38 39 9 56 12 14 9 0 14 4 23 19 4 15 8 23 43 39 9 56 19 1 0 19 12 4 23 19 33 13 3 15 26 18 23 10 32 17 12 6 10 5 23 19 4 16 11 44 38 39 9 65 33 4 7 48 14 47 48 19 4 15 8 23 43 39 9 56 19 1 0 19 12 4 23 8239905.5959999999
65 33 7 4 14 48 47 48 56 19 17 0 19 12 4 23 19 4 15 16 23 43 39 9 19 4 12 10 44 38 39 9 19 33 13 3 15 26 18 23 10 32 14 8 10 6 5 23 65 16 1 5 14 0 4 35 56 19 0 17 12 19 4 23 19 4 15 16 23 43 39 9 19 4 12 11 44 38 39 9 19 33 13 7 15 26 18 23 65 12 6 19 14 48 4 11 10 32 14 8 10 6 5 23 56 19 0 1 12 19 4 23 19 4 17 15 43 23 39 9 19 4 10 16 38 44 39 9 19 33 13 11 15 26 18 23 65 16 5 12 0 48 4 35 10 32 8 14 6 10 5 23 56 19 1 0 19 12 4 23 8240918.1159999995
56 19 16 0 19 12 4 23 19 4 15 17 23 43 39 9 10 32 12 8 10 6 5 23 19 33 13 3 15 26 18 23 56 12 14 9 0 14 4 23 19 4 11 1 38 44 39 9 56 19 16 0 19 12 4 23 19 4 17 15 43 23 39 9 10 32 12 8 10 6 5 23 19 33 7 13 26 15 18 23 65 12 19 6 48 14 4 11 19 4 10 14 38 44 39 9 56 19 0 1 12 19 4 23 19 4 16 15 43 23 39 9 10 32 17 12 6 10 5 23 19 33 3 13 26 15 18 23 65 16 8 5 14 0 4 35 19 4 7 14 38 44 39 9 56 19 1 0 19 12 4 23 10 32 16 15 6 23 5 23 8242722.6292500002
56 19 0 8 12 19 4 23 10 27 11 1 48 14 47 47 19 4 15 16 23 43 39 9 19 4 14 10 44 38 39 9 10 32 12 17 10 6 5 23 19 33 7 13 26 15 18 23 56 19 8 0 19 12 4 23 65 33 3 4 14 48 47 48 19 4 15 16 23 43 39 9 19 4 11 1 38 44 39 9 10 32 17 14 6 10 5 23 19 33 7 13 26 15 18 23 56 19 0 8 12 19 4 23 56 12 12 9 0 14 4 23 19 4 10 16 38 43 39 9 19 4 15 1 23 44 39 9 10 32 17 14 6 10 5 23 19 33 13 11 15 26 18 23 56 19 0 8 12 19 4 23 65 33 7 4 14 48 47 48 8248118.2037499994
56 19 0 17 12 19 4 23 19 4 8 15 43 23 39 9 10 32 1 14 6 10 5 23 65 16 5 12 0 48 4 35 19 33 13 11 15 26 18 23 19 4 10 16 38 44 39 9 56 19 17 0 19 12 4 23 19 4 8 15 43 23 39 9 10 32 14 1 10 6 5 23 65 12 19 6 48 14 4 11 19 33 13 3 15 26 18 23 19 4 16 11 44 38 39 9 56 19 17 0 19 12 4 23 19 4 15 8 23 43 39 9 10 32 1 12 6 10 5 23 65 16 14 5 48 0 4 35 19 33 7 13 26 15 18 23 19 4 16 10 44 38 39 9 56 19 0 17 12 19 4 23 10 32 15 8 23 6 5 23 8251650.5827499991
56 19 0 17 12 19 4 23 19 4 10 1 38 44 39 9 65 16 14 5 48 0 4 35 19 33 7 13 26 15 18 23 10 32 16 12 6 10 5 23 19 4 8 15 43 23 39 9 56 19 0 17 12 19 4 23 19 4 11 1 38 44 39 9 65 12 19 6 48 14 4 11 19 33 13 3 15 26 18 23 10 32 12 16 10 6 5 23 19 4 15 17 23 43 39 9 56 19 8 0 19 12 4 23 19 4 1 11 44 38 39 9 65 16 14 5 48 0 4 35 19 33 13 3 15 26 18 23 10 32 12 16 10 6 5 23 19 4 17 15 43 23 39 9 56 19 8 0 19 12 4 23 65 33 7 4 14 48 47 48 8253290.8350000000
56 19 17 0 19 12 4 23 19 4 15 8 23 43 39 9 65 16 14 5 48 0 4 35 19 33 13 7 15 26 18 23 10 32 1 12 6 10 5 23 19 4 10 16 38 44 39 9 56 19 17 0 19 12 4 23 19 4 8 15 43 23 39 9 65 33 11 4 14 48 47 48 19 33 13 3 15 26 18 23 10 32 1 12 6 10 5 23 19 4 17 10 44 38 39 9 56 19 0 16 12 19 4 23 19 4 15 8 23 43 39 9 65 16 14 5 48 0 4 35 19 33 7 13 26 15 18 23 10 32 1 12 6 10 5 23 19 4 17 10 44 38 39 9 56 19 0 16 12 19 4 23 10 27 4 8 48 14 47 47 8253695.7637500009
56 19 0 8 12 19 4 23 19 4 15 16 23 43 39 9 65 16 14 5 48 0 4 35 19 33 13 3 15 26 18 23 19 4 7 1 38 44 39 9 10 32 17 12 6 10 5 23 56 19 8 0 19 12 4 23 19 4 16 15 43 23 39 9 65 16 14 5 48 0 4 35 19 33 13 3 15 26 18 23 19 4 1 10 44 38 39 9 10 32 12 17 10 6 5 23 56 19 0 16 12 19 4 23 19 4 15 8 23 43 39 9 65 12 19 6 48 14 4 11 19 33 7 13 26 15 18 23 19 4 14 11 44 38 39 9 10 32 17 12 6 10 5 23 56 19 0 16 12 19 4 23 65 16 5 1 0 14 4 35 8256645.5812499998
56 19 16 0 19 12 4 23 65 33 4 3 48 14 47 48 19 4 8 15 43 23 39 9 10 32 12 1 10 6 5 23 19 4 10 14 38 44 39 9 19 33 13 11 15 26 18 23 65 16 5 17 0 14 4 35 56 19 0 16 12 19 4 23 19 4 8 15 43 23 39 9 10 32 1 12 6 10 5 23 19 4 7 14 38 44 39 9 19 33 3 13 26 15 18 23 65 12 19 6 48 14 4 11 56 19 17 0 19 12 4 23 19 4 16 15 43 23 39 9 10 32 12 8 10 6 5 23 19 4 10 1 38 44 39 9 19 33 7 13 26 15 18 23 56 12 14 9 0 14 4 23 56 19 17 0 19 12 4 23 8236847.9840000002
56 19 0 17 12 19 4 23 19 4 15 8 23 43 39 9 65 33 7 4 14 48 47 48 19 4 11 14 38 44 39 9 10 32 12 16 10 6 5 23 19 33 3 13 26 15 18 23 56 19 1 0 19 12 4 23 19 4 17 15 43 23 39 9 65 16 8 5 14 0 4 35 19 4 14 7 44 38 39 9 10 32 16 12 6 10 5 23 19 33 13 11 15 26 18 23 56 19 1 0 19 12 4 23 65 33 3 4 14 48 47 48 19 4 15 17 23 43 39 9 19 4 8 10 44 38 39 9 10 32 16 14 6 10 5 23 19 33 13 7 15 26 18 23 56 19 1 0 19 12 4 23 56 12 12 9 0 14 4 23 8238130.3452500002
10 27 1 11 14 48 47 47 56 19 0 16 12 19 4 23 19 4 8 15 43 23 39 9 19 33 13 3 15 26 18 23 10 32 12 17 10 6 5 23 19 4 10 14 38 44 39 9 65 33 4 7 48 14 47 48 56 19 1 0 19 12 4 23 19 4 16 15 43 23 39 9 19 33 11 13 26 15 18 23 10 32 12 8 10 6 5 23 56 12 14 9 0 14 4 23 19 4 10 17 38 44 39 9 56 19 1 0 19 12 4 23 19 4 16 15 43 23 39 9 19 33 3 13 26 15 18 23 10 32 12 8 10 6 5 23 65 33 4 11 48 14 47 48 19 4 7 14 38 44 39 9 56 19 17 0 19 12 4 23 8238825.6057499992
10 27 11 1 48 14 47 47 56 19 0 17 12 19 4 23 19 33 13 7 15 26 18 23 10 32 12 16 10 6 5 23 19 4 14 10 44 38 39 9 19 4 15 8 23 43 39 9 65 33 3 4 14 48 47 48 56 19 0 1 12 19 4 23 19 33 11 13 26 15 18 23 10 32 17 12 6 10 5 23 19 4 16 7 44 38 39 9 56 12 14 9 0 14 4 23 19 4 15 8 23 43 39 9 56 19 1 0 19 12 4 23 19 33 13 3 15 26 18 23 10 32 17 12 6 10 5 23 19 4 16 11 44 38 39 9 65 33 4 7 48 14 47 48 19 4 15 8 23 43 39 9 56 19 1 0 19 12 4 23 8239905.5959999999
65 33 7 4 14 48 47 48 56 19 17 0 19 12 4 23 19 4 15 16 23 43 39 9 19 4 12 10 44 38 39 9 19 33 13 3 15 26 18 23 10 32 14 8 10 6 5 23 65 16 1 5 14 0 4 35 56 19 0 17 12 19 4 23 19 4 15 16 23 43 39 9 19 4 12 11 44 38 39 9 19 33 13 7 15 26 18 23 65 12 6 19 14 48 4 11 10 32 14 8 10 6 5 23 56 19 0 1 12 19 4 23 19 4 17 15 43 23 39 9 19 4 10 16 38 44 39 9 19 33 13 11 15 26 18 23 65 16 5 12 0 48 4 35 10 32 8 14 6 10 5 23 56 19 1 0 19 12 4 23 8240918.1159999995
56 19 16 0 19 12 4 23 19 4 15 17 23 43 39 9 10 32 12 8 10 6 5 23 19 33 13 3 15 26 18 23 56 12 14 9 0 14 4 23 19 4 11 1 38 44 39 9 56 19 16 0 19 12 4 23 19 4 17 15 43 23 39 9 10 32 12 8 10 6 5 23 19 33 7 13 26 15 18 23 65 12 19 6 48 14 4 11 19 4 10 14 38 44 39 9 56 19 0 1 12 19 4 23 19 4 16 15 43 23 39 9 10 32 17 12 6 10 5 23 19 33 3 13 26 15 18 23 65 16 8 5 14 0 4 35 19 4 7 14 38 44 39 9 56 19 1 0 19 12 4 23 10 32 16 15 6 23 5 23 8242722.6292500002
56 19 0 1 12 19 4 23 19 33 13 3 15 26 18 23 65 16 12 5 48 0 4 35 19 4 17 7 44 38 39 9 10 32 14 8 10 6 5 23 19 4 15 16 23 43 39 9 56 19 1 0 19 12 4 23 19 33 13 11 15 26 18 23 65 16 5 12 0 48 4 35 19 4 17 10 44 38 39 9 10 32 8 14 6 10 5 23 19 4 15 16 23 43 39 9 56 19 0 1 12 19 4 23 19 33 13 7 15 26 18 23 65 33 4 3 48 14 47 48 19 4 12 11 44 38 39 9 10 32 14 17 10 6 5 23 19 4 8 15 43 23 39 9 56 19 1 0 19 12 4 23 65 16 16 5 14 0 4 35 8245080.5325000007
56 19 0 8 12 19 4 23 10 27 11 1 48 14 47 47 19 4 15 16 23 43 39 9 19 4 14 10 44 38 39 9 10 32 12 17 10 6 5 23 19 33 7 13 26 15 18 23 56 19 8 0 19 12 4 23 65 33 3 4 14 48 47 48 19 4 15 16 23 43 39 9 19 4 11 1 38 44 39 9 10 32 17 14 6 10 5 23 19 33 7 13 26 15 18 23 56 19 0 8 12 19 4 23 56 12 12 9 0 14 4 23 19 4 10 16 38 43 39 9 19 4 15 1 23 44 39 9 10 32 17 14 6 10 5 23 19 33 13 11 15 26 18 23 56 19 0 8 12 19 4 23 65 33 7 4 14 48 47 48 8248118.2037499994
56 19 0 17 12 19 4 23 19 4 8 15 43 23 39 9 10 32 1 14 6 10 5 23 65 16 5 12 0 48 4 35 19 33 13 11 15 26 18 23 19 4 10 16 38 44 39 9 56 19 17 0 19 12 4 23 19 4 8 15 43 23 39 9 10 32 14 1 10 6 5 23 65 12 19 6 48 14 4 11 19 33 13 3 15 26 18 23 19 4 16 11 44 38 39 9 56 19 17 0 19 12 4 23 19 4 15 8 23 43 39 9 10 32 1 12 6 10 5 23 65 16 14 5 48 0 4 35 19 33 7 13 26 15 18 23 19 4 16 10 44 38 39 9 56 19 0 17 12 19 4 23 10 32 15 8 23 6 5 23 8251650.5827499991
56 19 0 17 12 19 4 23 19 4 10 1 38 44 39 9 65 16 14 5 48 0 4 35 19 33 7 13 26 15 18 23 10 32 16 12 6 10 5 23 19 4 8 15 43 23 39 9 56 19 0 17 12 19 4 23 19 4 11 1 38 44 39 9 65 12 19 6 48 14 4 11 19 33 13 3 15 26 18 23 10 32 12 16 10 6 5 23 19 4 15 17 23 43 39 9 56 19 8 0 19 12 4 23 19 4 1 11 44 38 39 9 65 16 14 5 48 0 4 35 19 33 13 3 15 26 18 23 10 32 12 16 10 6 5 23 19 4 17 15 43 23 39 9 56 19 8 0 19 12 4 23 65 33 7 4 14 48 47 48 8253290.8350000000
56 19 16 0 19 12 4 23 65 33 4 3 48 14 47 48 19 4 8 15 43 23 39 9 10 32 12 1 10 6 5 23 19 4 10 14 38 44 39 9 19 33 13 11 15 26 18 23 65 16 5 17 0 14 4 35 56 19 0 16 12 19 4 23 19 4 8 15 43 23 39 9 10 32 1 12 6 10 5 23 19 4 7 14 38 44 39 9 19 33 3 13 26 15 18 23 65 12 19 6 48 14 4 11 56 19 17 0 19 12 4 23 19 4 16 15 43 23 39 9 10 32 12 8 10 6 5 23 19 4 10 1 38 44 39 9 19 33 7 13 26 15 18 23 56 12 14 9 0 14 4 23 56 19 17 0 19 12 4 23 8236847.9840000002
56 19 0 17 12 19 4 23 19 4 15 8 23 43 39 9 65 33 7 4 14 48 47 48 19 4 11 14 38 44 39 9 10 32 12 16 10 6 5 23 19 33 3 13 26 15 18 23 56 19 1 0 19 12 4 23 19 4 17 15 43 23 39 9 65 16 8 5 14 0 4 35 19 4 14 7 44 38 39 9 10 32 16 12 6 10 5 23 19 33 13 11 15 26 18 23 56 19 1 0 19 12 4 23 65 33 3 4 14 48 47 48 19 4 15 17 23 43 39 9 19 4 8 10 44 38 39 9 10 32 16 14 6 10 5 23 19 33 13 7 15 26 18 23 56 19 1 0 19 12 4 23 56 12 12 9 0 14 4 23 8238130.3452500002
10 27 1 11 14 48 47 47 56 19 0 16 12 19 4 23 19 4 8 15 43 23 39 9 19 33 13 3 15 26 18 23 10 32 12 17 10 6 5 23 19 4 10 14 38 44 39 9 65 33 4 7 48 14 47 48 56 19 1 0 19 12 4 23 19 4 16 15 43 23 39 9 19 33 11 13 26 15 18 23 10 32 12 8 10 6 5 23 56 12 14 9 0 14 4 23 19 4 10 17 38 44 39 9 56 19 1 0 19 12 4 23 19 4 16 15 43 23 39 9 19 33 3 13 26 15 18 23 10 32 12 8 10 6 5 23 65 33 4 11 48 14 47 48 19 4 7 14 38 44 39 9 56 19 17 0 19 12 4 23 8238825.6057499992
10 27 11 1 48 14 47 47 56 19 0 17 12 19 4 23 19 33 13 7 15 26 18 23 10 32 12 16 10 6 5 23 19 4 14 10 44 38 39 9 19 4 15 8 23 43 39 9 65 33 3 4 14 48 47 48 56 19 0 1 12 19 4 23 19 33 11 13 26 15 18 23 10 32 17 12 6 10 5 23 19 4 16 7 44 38 39 9 56 12 14 9 0 14 4 23 19 4 15 8 23 43 39 9 56 19 1 0 19 12 4 23 19 33 13 3 15 26 18 23 10 32 17 12 6 10 5 23 19 4 16 11 44 38 39 9 65 33 4 7 48 14 47 48 19 4 15 8 23 43 39 9 56 19 1 0 19 12 4 23 8239905.5959999999
65 33 7 4 14 48 47 48 56 19 17 0 19 12 4 23 19 4 15 16 23 43 39 9 19 4 12 10 44 38 39 9 19 33 13 3 15 26 18 23 10 32 14 8 10 6 5 23 65 16 1 5 14 0 4 35 56 19 0 17 12 19 4 23 19 4 15 16 23 43 39 9 19 4 12 11 44 38 39 9 19 33 13 7 15 26 18 23 65 12 6 19 14 48 4 11 10 32 14 8 10 6 5 23 56 19 0 1 12 19 4 23 19 4 17 15 43 23 39 9 19 4 10 16 38 44 39 9 19 33 13 11 15 26 18 23 65 16 5 12 0 48 4 35 10 32 8 14 6 10 5 23 56 19 1 0 19 12 4 23 8240918.1159999995
56 19 16 0 19 12 4 23 19 4 15 17 23 43 39 9 10 32 12 8 10 6 5 23 19 33 13 3 15 26 18 23 56 12 14 9 0 14 4 23 19 4 11 1 38 44 39 9 56 19 16 0 19 12 4 23 19 4 17 15 43 23 39 9 10 32 12 8 10 6 5 23 19 33 7 13 26 15 18 23 65 12 19 6 48 14 4 11 19 4 10 14 38 44 39 9 56 19 0 1 12 19 4 23 19 4 16 15 43 23 39 9 10 32 17 12 6 10 5 23 19 33 3 13 26 15 18 23 65 16 8 5 14 0 4 35 19 4 7 14 38 44 39 9 56 19 1 0 19 12 4 23 10 32 16 15 6 23 5 23 8242722.6292500002
56 19 0 1 12 19 4 23 19 33 13 3 15 26 18 23 65 16 12 5 48 0 4 35 19 4 17 7 44 38 39 9 10 32 14 8 10 6 5 23 19 4 15 16 23 43 39 9 56 19 1 0 19 12 4 23 19 33 13 11 15 26 18 23 65 16 5 12 0 48 4 35 19 4 17 10 44 38 39 9 10 32 8 14 6 10 5 23 19 4 15 16 23 43 39 9 56 19 0 1 12 19 4 23 19 33 13 7 15 26 18 23 65 33 4 3 48 14 47 48 19 4 12 11 44 38 39 9 10 32 14 17 10 6 5 23 19 4 8 15 43 23 39 9 56 19 16 0 19 12 4 23 10 27 13 18 0 14 46 38 8244720.5142500000
56 19 1 0 19 12 4 23 19 33 7 13 26 15 18 23 65 16 17 5 14 0 4 35 10 32 12 8 10 6 5 23 19 4 16 15 43 23 39 9 19 4 10 14 38 44 39 9 56 19 0 1 12 19 4 23 19 33 13 3 15 26 18 23 65 33 4 11 48 14 47 48 10 32 17 12 6 10 5 23 19 4 8 15 43 23 39 9 19 4 7 14 38 44 39 9 56 19 16 0 19 12 4 23 19 33 13 3 15 26 18 23 65 12 19 6 48 14 4 11 10 32 12 17 10 6 5 23 19 4 15 8 23 43 39 9 19 4 10 1 38 44 39 9 56 19 16 0 19 12 4 23 56 12 14 9 0 14 4 23 8245217.8430000003
56 19 0 8 12 19 4 23 10 27 11 1 48 14 47 47 19 4 15 16 23 43 39 9 19 4 14 10 44 38 39 9 10 32 12 17 10 6 5 23 19 33 7 13 26 15 18 23 56 19 8 0 19 12 4 23 65 33 3 4 14 48 47 48 19 4 15 16 23 43 39 9 19 4 11 1 38 44 39 9 10 32 17 14 6 10 5 23 19 33 7 13 26 15 18 23 56 19 0 8 12 19 4 23 56 12 12 9 0 14 4 23 19 4 10 16 38 43 39 9 19 4 15 1 23 44 39 9 10 32 17 14 6 10 5 23 19 33 13 11 15 26 18 23 56 19 0 8 12 19 4 23 65 33 7 4 14 48 47 48 8248118.2037499994
56 19 0 17 12 19 4 23 19 4 8 15 43 23 39 9 10 32 1 14 6 10 5 23 65 16 5 12 0 48 4 35 19 33 13 11 15 26 18 23 19 4 10 16 38 44 39 9 56 19 17 0 19 12 4 23 19 4 8 15 43 23 39 9 10 32 14 1 10 6 5 23 65 12 19 6 48 14 4 11 19 33 13 3 15 26 18 23 19 4 16 11 44 38 39 9 56 19 17 0 19 12 4 23 19 4 15 8 23 43 39 9 10 32 1 12 6 10 5 23 65 16 14 5 48 0 4 35 19 33 7 13 26 15 18 23 19 4 16 10 44 38 39 9 56 19 0 17 12 19 4 23 10 32 15 8 23 6 5 23 8251650.5827499991
56 19 16 0 19 12 4 23 65 33 4 3 48 14 47 48 19 4 8 15 43 23 39 9 10 32 12 1 10 6 5 23 19 4 10 14 38 44 39 9 19 33 13 11 15 26 18 23 65 16 5 17 0 14 4 35 56 19 0 16 12 19 4 23 19 4 8 15 43 23 39 9 10 32 1 12 6 10 5 23 19 4 7 14 38 44 39 9 19 33 3 13 26 15 18 23 65 12 19 6 48 14 4 11 56 19 17 0 19 12 4 23 19 4 16 15 43 23 39 9 10 32 12 8 10 6 5 23 19 4 10 1 38 44 39 9 19 33 7 13 26 15 18 23 56 12 14 9 0 14 4 23 56 19 17 0 19 12 4 23 8236847.9840000002
56 19 0 17 12 19 4 23 19 4 15 8 23 43 39 9 65 33 7 4 14 48 47 48 19 4 11 14 38 44 39 9 10 32 12 16 10 6 5 23 19 33 3 13 26 15 18 23 56 19 1 0 19 12 4 23 19 4 17 15 43 23 39 9 65 16 8 5 14 0 4 35 19 4 14 7 44 38 39 9 10 32 16 12 6 10 5 23 19 33 13 11 15 26 18 23 56 19 1 0 19 12 4 23 65 33 3 4 14 48 47 48 19 4 15 17 23 43 39 9 19 4 8 10 44 38 39 9 10 32 16 14 6 10 5 23 19 33 13 7 15 26 18 23 56 19 1 0 19 12 4 23 56 12 12 9 0 14 4 23 8238130.3452500002
10 27 1 11 14 48 47 47 56 19 0 16 12 19 4 23 19 4 8 15 43 23 39 9 19 33 13 3 15 26 18 23 10 32 12 17 10 6 5 23 19 4 10 14 38 44 39 9 65 33 4 7 48 14 47 48 56 19 1 0 19 12 4 23 19 4 16 15 43 23 39 9 19 33 11 13 26 15 18 23 10 32 12 8 10 6 5 23 56 12 14 9 0 14 4 23 19 4 10 17 38 44 39 9 56 19 1 0 19 12 4 23 19 4 16 15 43 23 39 9 19 33 3 13 26 15 18 23 10 32 12 8 10 6 5 23 65 33 4 11 48 14 47 48 19 4 7 14 38 44 39 9 56 19 17 0 19 12 4 23 8238825.6057499992
10 27 11 1 48 14 47 47 56 19 0 17 12 19 4 23 19 33 13 7 15 26 18 23 10 32 12 16 10 6 5 23 19 4 14 10 44 38 39 9 19 4 15 8 23 43 39 9 65 33 3 4 14 48 47 48 56 19 0 1 12 19 4 23 19 33 11 13 26 15 18 23 10 32 17 12 6 10 5 23 19 4 16 7 44 38 39 9 56 12 14 9 0 14 4 23 19 4 15 8 23 43 39 9 56 19 1 0 19 12 4 23 19 33 13 3 15 26 18 23 10 32 17 12 6 10 5 23 19 4 16 11 44 38 39 9 65 33 4 7 48 14 47 48 19 4 15 8 23 43 39 9 56 19 1 0 19 12 4 23 8239905.5959999999
65 33 7 4 14 48 47 48 56 19 17 0 19 12 4 23 19 4 15 16 23 43 39 9 19 4 12 10 44 38 39 9 19 33 13 3 15 26 18 23 10 32 14 8 10 6 5 23 65 16 1 5 14 0 4 35 56 19 0 17 12 19 4 23 19 4 15 16 23 43 39 9 19 4 12 11 44 38 39 9 19 33 13 7 15 26 18 23 65 12 6 19 14 48 4 11 10 32 14 8 10 6 5 23 56 19 0 1 12 19 4 23 19 4 17 15 43 23 39 9 19 4 10 16 38 44 39 9 19 33 13 11 15 26 18 23 65 16 5 12 0 48 4 35 10 32 8 14 6 10 5 23 56 19 1 0 19 12 4 23 8240918.1159999995
56 19 16 0 19 12 4 23 19 4 15 17 23 43 39 9 10 32 12 8 10 6 5 23 19 33 13 3 15 26 18 23 56 12 14 9 0 14 4 23 19 4 11 1 38 44 39 9 56 19 16 0 19 12 4 23 19 4 17 15 43 23 39 9 10 32 12 8 10 6 5 23 19 33 7 13 26 15 18 23 65 12 19 6 48 14 4 11 19 4 10 14 38 44 39 9 56 19 0 1 12 19 4 23 19 4 16 15 43 23 39 9 10 32 17 12 6 10 5 23 19 33 3 13 26 15 18 23 65 16 8 5 14 0 4 35 19 4 7 14 38 44 39 9 56 19 1 0 19 12 4 23 10 32 16 15 6 23 5 23 8242722.6292500002
56 19 0 1 12 19 4 23 19 33 13 3 15 26 18 23 65 16 12 5 48 0 4 35 19 4 17 7 44 38 39 9 10 32 14 8 10 6 5 23 19 4 15 16 23 43 39 9 56 19 1 0 19 12 4 23 19 33 13 11 15 26 18 23 65 16 5 12 0 48 4 35 19 4 17 10 44 38 39 9 10 32 8 14 6 10 5 23 19 4 15 16 23 43 39 9 56 19 0 1 12 19 4 23 19 33 13 7 15 26 18 23 65 33 4 3 48 14 47 48 19 4 12 11 44 38 39 9 10 32 14 17 10 6 5 23 19 4 8 15 43 23 39 9 56 19 16 0 19 12 4 23 10 27 13 18 0 14 46 38 8244720.5142500000
56 19 1 0 19 12 4 23 19 33 7 13 26 15 18 23 65 16 17 5 14 0 4 35 10 32 12 8 10 6 5 23 19 4 16 15 43 23 39 9 19 4 10 14 38 44 39 9 56 19 0 1 12 19 4 23 19 33 13 3 15 26 18 23 65 33 4 11 48 14 47 48 10 32 17 12 6 10 5 23 19 4 8 15 43 23 39 9 19 4 7 14 38 44 39 9 56 19 16 0 19 12 4 23 19 33 13 3 15 26 18 23 65 12 19 6 48 14 4 11 10 32 12 17 10 6 5 23 19 4 15 8 23 43 39 9 19 4 10 1 38 44 39 9 56 19 16 0 19 12 4 23 56 12 14 9 0 14 4 23 8245217.8430000003
56 19 0 8 12 19 4 23 10 27 11 1 48 14 47 47 19 4 15 16 23 43 39 9 19 4 14 10 44 38 39 9 10 32 12 17 10 6 5 23 19 33 7 13 26 15 18 23 56 19 8 0 19 12 4 23 65 33 3 4 14 48 47 48 19 4 15 16 23 43 39 9 19 4 11 1 38 44 39 9 10 32 17 14 6 10 5 23 19 33 7 13 26 15 18 23 56 19 0 8 12 19 4 23 56 12 12 9 0 14 4 23 19 4 10 16 38 43 39 9 19 4 15 1 23 44 39 9 10 32 17 14 6 10 5 23 19 33 13 11 15 26 18 23 56 19 0 8 12 19 4 23 65 33 7 4 14 48 47 48 8248118.2037499994
56 12 12 9 0 14 4 23 56 19 1 0 19 12 4 23 10 32 14 16 10 6 5 23 19 33 7 13 26 15 18 23 19 4 8 15 43 23 39 9 19 4 11 17 38 44 39 9 65 16 12 5 48 0 4 35 56 19 0 1 12 19 4 23 10 32 14 16 10 6 5 23 19 33 3 13 26 15 18 23 19 4 8 15 43 23 39 9 65 33 4 7 48 14 47 48 19 4 12 10 44 38 39 9 56 19 1 0 19 12 4 23 10 32 14 17 10 6 5 23 19 33 13 3 15 26 18 23 19 4 16 15 43 23 39 9 65 33 2 11 48 14 4 11 19 4 7 12 38 44 39 9 56 19 8 0 19 12 4 23 8250075.6377499998
56 19 16 0 19 12 4 23 65 33 4 3 48 14 47 48 19 4 8 15 43 23 39 9 10 32 12 1 10 6 5 23 19 4 10 14 38 44 39 9 19 33 13 11 15 26 18 23 65 16 5 17 0 14 4 35 56 19 0 16 12 19 4 23 19 4 8 15 43 23 39 9 10 32 1 12 6 10 5 23 19 4 7 14 38 44 39 9 19 33 3 13 26 15 18 23 65 12 19 6 48 14 4 11 56 19 17 0 19 12 4 23 19 4 16 15 43 23 39 9 10 32 12 8 10 6 5 23 19 4 10 1 38 44 39 9 19 33 7 13 26 15 18 23 56 12 14 9 0 14 4 23 56 19 17 0 19 12 4 23 8236847.9840000002
56 19 0 17 12 19 4 23 19 4 15 8 23 43 39 9 65 33 7 4 14 48 47 48 19 4 11 14 38 44 39 9 10 32 12 16 10 6 5 23 19 33 3 13 26 15 18 23 56 19 1 0 19 12 4 23 19 4 17 15 43 23 39 9 65 16 8 5 14 0 4 35 19 4 14 7 44 38 39 9 10 32 16 12 6 10 5 23 19 33 13 11 15 26 18 23 56 19 1 0 19 12 4 23 65 33 3 4 14 48 47 48 19 4 15 17 23 43 39 9 19 4 8 10 44 38 39 9 10 32 16 14 6 10 5 23 19 33 13 7 15 26 18 23 56 19 1 0 19 12 4 23 56 12 12 9 0 14 4 23 8238130.3452500002
10 27 1 11 14 48 47 47 56 19 0 16 12 19 4 23 19 4 8 15 43 23 39 9 19 33 13 3 15 26 18 23 10 32 12 17 10 6 5 23 19 4 10 14 38 44 39 9 65 33 4 7 48 14 47 48 56 19 1 0 19 12 4 23 19 4 16 15 43 23 39 9 19 33 11 13 26 15 18 23 10 32 12 8 10 6 5 23 56 12 14 9 0 14 4 23 19 4 10 17 38 44 39 9 56 19 1 0 19 12 4 23 19 4 16 15 43 23 39 9 19 33 3 13 26 15 18 23 10 32 12 8 10 6 5 23 65 33 4 11 48 14 47 48 19 4 7 14 38 44 39 9 56 19 17 0 19 12 4 23 8238825.6057499992
10 27 11 1 48 14 47 47 56 19 0 17 12 19 4 23 19 33 13 7 15 26 18 23 10 32 12 16 10 6 5 23 19 4 14 10 44 38 39 9 19 4 15 8 23 43 39 9 65 33 3 4 14 48 47 48 56 19 0 1 12 19 4 23 19 33 11 13 26 15 18 23 10 32 17 12 6 10 5 23 19 4 16 7 44 38 39 9 56 12 14 9 0 14 4 23 19 4 15 8 23 43 39 9 56 19 1 0 19 12 4 23 19 33 13 3 15 26 18 23 10 32 17 12 6 10 5 23 19 4 16 11 44 38 39 9 65 33 4 7 48 14 47 48 19 4 15 8 23 43 39 9 56 19 1 0 19 12 4 23 8239905.5959999999
65 33 7 4 14 48 47 48 56 19 17 0 19 12 4 23 19 4 15 16 23 43 39 9 19 4 12 10 44 38 39 9 19 33 13 3 15 26 18 23 10 32 14 8 10 6 5 23 65 16 1 5 14 0 4 35 56 19 0 17 12 19 4 23 19 4 15 16 23 43 39 9 19 4 12 11 44 38 39 9 19 33 13 7 15 26 18 23 65 12 6 19 14 48 4 11 10 32 14 8 10 6 5 23 56 19 0 1 12 19 4 23 19 4 17 15 43 23 39 9 19 4 10 16 38 44 39 9 19 33 13 11 15 26 18 23 65 16 5 12 0 48 4 35 10 32 8 14 6 10 5 23 56 19 1 0 19 12 4 23 8240918.1159999995
56 19 0 1 12 19 4 23 19 4 15 8 23 43 39 9 65 12 6 19 14 48 4 11 19 33 13 11 15 26 18 23 10 32 16 12 6 10 5 23 19 4 14 10 44 38 39 9 56 19 17 0 19 12 4 23 19 4 8 15 43 23 39 9 65 16 1 5 14 0 4 35 19 33 13 7 15 26 18 23 10 32 12 16 10 6 5 23 19 4 14 11 44 38 39 9 56 19 17 0 19 12 4 23 65 33 4 3 48 14 47 48 19 4 15 8 23 43 39 9 19 33 7 13 26 15 18 23 10 32 12 1 10 6 5 23 19 4 10 16 38 44 39 9 56 19 17 0 19 12 4 23 56 12 14 9 0 14 4 23 8241280.3952500001
56 19 16 0 19 12 4 23 19 4 15 17 23 43 39 9 10 32 12 8 10 6 5 23 19 33 13 3 15 26 18 23 56 12 14 9 0 14 4 23 19 4 11 1 38 44 39 9 56 19 16 0 19 12 4 23 19 4 17 15 43 23 39 9 10 32 12 8 10 6 5 23 19 33 7 13 26 15 18 23 65 12 19 6 48 14 4 11 19 4 10 14 38 44 39 9 56 19 0 1 12 19 4 23 19 4 16 15 43 23 39 9 10 32 17 12 6 10 5 23 19 33 3 13 26 15 18 23 65 16 8 5 14 0 4 35 19 4 7 14 38 44 39 9 56 19 1 0 19 12 4 23 10 32 16 15 6 23 5 23 8242722.6292500002
56 19 0 1 12 19 4 23 19 33 13 3 15 26 18 23 65 16 12 5 48 0 4 35 19 4 17 7 44 38 39 9 10 32 14 8 10 6 5 23 19 4 15 16 23 43 39 9 56 19 1 0 19 12 4 23 19 33 13 11 15 26 18 23 65 16 5 12 0 48 4 35 19 4 17 10 44 38 39 9 10 32 8 14 6 10 5 23 19 4 15 16 23 43 39 9 56 19 0 1 12 19 4 23 19 33 13 7 15 26 18 23 65 33 4 3 48 14 47 48 19 4 12 11 44 38 39 9 10 32 14 17 10 6 5 23 19 4 8 15 43 23 39 9 56 19 16 0 19 12 4 23 10 27 13 18 0 14 46 38 8244720.5142500000
56 19 1 0 19 12 4 23 19 33 7 13 26 15 18 23 65 16 17 5 14 0 4 35 10 32 12 8 10 6 5 23 19 4 16 15 43 23 39 9 19 4 10 14 38 44 39 9 56 19 0 1 12 19 4 23 19 33 13 3 15 26 18 23 65 33 4 11 48 14 47 48 10 32 17 12 6 10 5 23 19 4 8 15 43 23 39 9 19 4 7 14 38 44 39 9 56 19 16 0 19 12 4 23 19 33 13 3 15 26 18 23 65 12 19 6 48 14 4 11 10 32 12 17 10 6 5 23 19 4 15 8 23 43 39 9 19 4 10 1 38 44 39 9 56 19 16 0 19 12 4 23 56 12 14 9 0 14 4 23 8245217.8430000003
56 19 0 8 12 19 4 23 10 27 11 1 48 14 47 47 19 4 15 16 23 43 39 9 19 4 14 10 44 38 39 9 10 32 12 17 10 6 5 23 19 33 7 13 26 15 18 23 56 19 8 0 19 12 4 23 65 33 3 4 14 48 47 48 19 4 15 16 23 43 39 9 19 4 11 1 38 44 39 9 10 32 17 14 6 10 5 23 19 33 7 13 26 15 18 23 56 19 0 8 12 19 4 23 56 12 12 9 0 14 4 23 19 4 10 16 38 43 39 9 19 4 15 1 23 44 39 9 10 32 17 14 6 10 5 23 19 33 13 11 15 26 18 23 56 19 0 8 12 19 4 23 65 33 7 4 14 48 47 48 8248118.2037499994
56 19 16 0 19 12 4 23 65 33 4 3 48 14 47 48 19 4 8 15 43 23 39 9 10 32 12 1 10 6 5 23 19 4 10 14 38 44 39 9 19 33 13 11 15 26 18 23 65 16 5 17 0 14 4 35 56 19 0 16 12 19 4 23 19 4 8 15 43 23 39 9 10 32 1 12 6 10 5 23 19 4 7 14 38 44 39 9 19 33 3 13 26 15 18 23 65 12 19 6 48 14 4 11 56 19 17 0 19 12 4 23 19 4 16 15 43 23 39 9 10 32 12 8 10 6 5 23 19 4 10 1 38 44 39 9 19 33 7 13 26 15 18 23 56 12 14 9 0 14 4 23 56 19 17 0 19 12 4 23 8236847.9840000002
56 19 0 17 12 19 4 23 19 4 15 8 23 43 39 9 65 33 7 4 14 48 47 48 19 4 11 14 38 44 39 9 10 32 12 16 10 6 5 23 19 33 3 13 26 15 18 23 56 19 1 0 19 12 4 23 19 4 17 15 43 23 39 9 65 16 8 5 14 0 4 35 19 4 14 7 44 38 39 9 10 32 16 12 6 10 5 23 19 33 13 11 15 26 18 23 56 19 1 0 19 12 4 23 65 33 3 4 14 48 47 48 19 4 15 17 23 43 39 9 19 4 8 10 44 38 39 9 10 32 16 14 6 10 5 23 19 33 13 7 15 26 18 23 56 19 1 0 19 12 4 23 56 12 12 9 0 14 4 23 8238130.3452500002
10 27 1 11 14 48 47 47 56 19 0 16 12 19 4 23 19 4 8 15 43 23 39 9 19 33 13 3 15 26 18 23 10 32 12 17 10 6 5 23 19 4 10 14 38 44 39 9 65 33 4 7 48 14 47 48 56 19 1 0 19 12 4 23 19 4 16 15 43 23 39 9 19 33 11 13 26 15 18 23 10 32 12 8 10 6 5 23 56 12 14 9 0 14 4 23 19 4 10 17 38 44 39 9 56 19 1 0 19 12 4 23 19 4 16 15 43 23 39 9 19 33 3 13 26 15 18 23 10 32 12 8 10 6 5 23 65 33 4 11 48 14 47 48 19 4 7 14 38 44 39 9 56 19 17 0 19 12 4 23 8238825.6057499992
10 27 11 1 48 14 47 47 56 19 0 17 12 19 4 23 19 33 13 7 15 26 18 23 10 32 12 16 10 6 5 23 19 4 14 10 44 38 39 9 19 4 15 8 23 43 39 9 65 33 3 4 14 48 47 48 56 19 0 1 12 19 4 23 19 33 11 13 26 15 18 23 10 32 17 12 6 10 5 23 19 4 16 7 44 38 39 9 56 12 14 9 0 14 4 23 19 4 15 8 23 43 39 9 56 19 1 0 19 12 4 23 19 33 13 3 15 26 18 23 10 32 17 12 6 10 5 23 19 4 16 11 44 38 39 9 65 33 4 7 48 14 47 48 19 4 15 8 23 43 39 9 56 19 1 0 19 12 4 23 8239905.5959999999
65 33 7 4 14 48 47 48 56 19 17 0 19 12 4 23 19 4 15 16 23 43 39 9 19 4 12 10 44 38 39 9 19 33 13 3 15 26 18 23 10 32 14 8 10 6 5 23 65 16 1 5 14 0 4 35 56 19 0 17 12 19 4 23 19 4 15 16 23 43 39 9 19 4 12 11 44 38 39 9 19 33 13 7 15 26 18 23 65 12 6 19 14 48 4 11 10 32 14 8 10 6 5 23 56 19 0 1 12 19 4 23 19 4 17 15 43 23 39 9 19 4 10 16 38 44 39 9 19 33 13 11 15 26 18 23 65 16 5 12 0 48 4 35 10 32 8 14 6 10 5 23 56 19 1 0 19 12 4 23 8240918.1159999995
56 19 0 1 12 19 4 23 19 4 15 8 23 43 39 9 65 12 6 19 14 48 4 11 19 33 13 11 15 26 18 23 10 32 16 12 6 10 5 23 19 4 14 10 44 38 39 9 56 19 17 0 19 12 4 23 19 4 8 15 43 23 39 9 65 16 1 5 14 0 4 35 19 33 13 7 15 26 18 23 10 32 12 16 10 6 5 23 19 4 14 11 44 38 39 9 56 19 17 0 19 12 4 23 65 33 4 3 48 14 47 48 19 4 15 8 23 43 39 9 19 33 7 13 26 15 18 23 10 32 12 1 10 6 5 23 19 4 10 16 38 44 39 9 56 19 17 0 19 12 4 23 56 12 14 9 0 14 4 23 8241280.3952500001
56 19 16 0 19 12 4 23 19 4 15 17 23 43 39 9 10 32 12 8 10 6 5 23 19 33 13 3 15 26 18 23 56 12 14 9 0 14 4 23 19 4 11 1 38 44 39 9 56 19 16 0 19 12 4 23 19 4 17 15 43 23 39 9 10 32 12 8 10 6 5 23 19 33 7 13 26 15 18 23 65 12 19 6 48 14 4 11 19 4 10 14 38 44 39 9 56 19 0 1 12 19 4 23 19 4 16 15 43 23 39 9 10 32 17 12 6 10 5 23 19 33 3 13 26 15 18 23 65 16 8 5 14 0 4 35 19 4 7 14 38 44 39 9 56 19 1 0 19 12 4 23 10 32 16 15 6 23 5 23 8242722.6292500002
56 19 0 1 12 19 4 23 19 33 13 3 15 26 18 23 65 16 12 5 48 0 4 35 19 4 17 7 44 38 39 9 10 32 14 8 10 6 5 23 19 4 15 16 23 43 39 9 56 19 1 0 19 12 4 23 19 33 13 11 15 26 18 23 65 16 5 12 0 48 4 35 19 4 17 10 44 38 39 9 10 32 8 14 6 10 5 23 19 4 15 16 23 43 39 9 56 19 0 1 12 19 4 23 19 33 13 7 15 26 18 23 65 33 4 3 48 14 47 48 19 4 12 11 44 38 39 9 10 32 14 17 10 6 5 23 19 4 8 15 43 23 39 9 56 19 16 0 19 12 4 23 10 27 13 18 0 14 46 38 8244720.5142500000
56 19 1 0 19 12 4 23 19 33 7 13 26 15 18 23 65 16 17 5 14 0 4 35 10 32 12 8 10 6 5 23 19 4 16 15 43 23 39 9 19 4 10 14 38 44 39 9 56 19 0 1 12 19 4 23 19 33 13 3 15 26 18 23 65 33 4 11 48 14 47 48 10 32 17 12 6 10 5 23 19 4 8 15 43 23 39 9 19 4 7 14 38 44 39 9 56 19 16 0 19 12 4 23 19 33 13 3 15 26 18 23 65 12 19 6 48 14 4 11 10 32 12 17 10 6 5 23 19 4 15 8 23 43 39 9 19 4 10 1 38 44 39 9 56 19 16 0 19 12 4 23 56 12 14 9 0 14 4 23 8245217.8430000003
56 19 0 8 12 19 4 23 10 27 11 1 48 14 47 47 19 4 15 16 23 43 39 9 19 4 14 10 44 38 39 9 10 32 12 17 10 6 5 23 19 33 7 13 26 15 18 23 56 19 8 0 19 12 4 23 65 33 3 4 14 48 47 48 19 4 15 16 23 43 39 9 19 4 11 1 38 44 39 9 10 32 17 14 6 10 5 23 19 33 7 13 26 15 18 23 56 19 0 8 12 19 4 23 56 12 12 9 0 14 4 23 19 4 10 16 38 43 39 9 19 4 15 1 23 44 39 9 10 32 17 14 6 10 5 23 19 33 13 11 15 26 18 23 56 19 0 8 12 19 4 23 65 33 7 4 14 48 47 48 8248118.2037499994
56 19 16 0 19 12 4 23 65 33 4 3 48 14 47 48 19 4 8 15 43 23 39 9 10 32 12 1 10 6 5 23 19 4 10 14 38 44 39 9 19 33 13 11 15 26 18 23 65 16 5 17 0 14 4 35 56 19 0 16 12 19 4 23 19 4 8 15 43 23 39 9 10 32 1 12 6 10 5 23 19 4 7 14 38 44 39 9 19 33 3 13 26 15 18 23 65 12 19 6 48 14 4 11 56 19 17 0 19 12 4 23 19 4 16 15 43 23 39 9 10 32 12 8 10 6 5 23 19 4 10 1 38 44 39 9 19 33 7 13 26 15 18 23 56 12 14 9 0 14 4 23 56 19 17 0 19 12 4 23 8236847.9840000002
56 19 0 17 12 19 4 23 19 4 15 8 23 43 39 9 65 33 7 4 14 48 47 48 19 4 11 14 38 44 39 9 10 32 12 16 10 6 5 23 19 33 3 13 26 15 18 23 56 19 1 0 19 12 4 23 19 4 17 15 43 23 39 9 65 16 8 5 14 0 4 35 19 4 14 7 44 38 39 9 10 32 16 12 6 10 5 23 19 33 13 11 15 26 18 23 56 19 1 0 19 12 4 23 65 33 3 4 14 48 47 48 19 4 15 17 23 43 39 9 19 4 8 10 44 38 39 9 10 32 16 14 6 10 5 23 19 33 13 7 15 26 18 23 56 19 1 0 19 12 4 23 56 12 12 9 0 14 4 23 8238130.3452500002
10 27 1 11 14 48 47 47 56 19 0 16 12 19 4 23 19 4 8 15 43 23 39 9 19 33 13 3 15 26 18 23 10 32 12 17 10 6 5 23 19 4 10 14 38 44 39 9 65 33 4 7 48 14 47 48 56 19 1 0 19 12 4 23 19 4 16 15 43 23 39 9 19 33 11 13 26 15 18 23 10 32 12 8 10 6 5 23 56 12 14 9 0 14 4 23 19 4 10 17 38 44 39 9 56 19 1 0 19 12 4 23 19 4 16 15 43 23 39 9 19 33 3 13 26 15 18 23 10 32 12 8 10 6 5 23 65 33 4 11 48 14 47 48 19 4 7 14 38 44 39 9 56 19 17 0 19 12 4 23 8238825.6057499992
10 27 11 1 48 14 47 47 56 19 0 17 12 19 4 23 19 33 13 7 15 26 18 23 10 32 12 16 10 6 5 23 19 4 14 10 44 38 39 9 19 4 15 8 23 43 39 9 65 33 3 4 14 48 47 48 56 19 0 1 12 19 4 23 19 33 11 13 26 15 18 23 10 32 17 12 6 10 5 23 19 4 16 7 44 38 39 9 56 12 14 9 0 14 4 23 19 4 15 8 23 43 39 9 56 19 1 0 19 12 4 23 19 33 13 3 15 26 18 23 10 32 17 12 6 10 5 23 19 4 16 11 44 38 39 9 65 33 4 7 48 14 47 48 19 4 15 8 23 43 39 9 56 19 1 0 19 12 4 23 8239905.5959999999
65 33 7 4 14 48 47 48 56 19 17 0 19 12 4 23 19 4 15 16 23 43 39 9 19 4 12 10 44 38 39 9 19 33 13 3 15 26 18 23 10 32 14 8 10 6 5 23 65 16 1 5 14 0 4 35 56 19 0 17 12 19 4 23 19 4 15 16 23 43 39 9 19 4 12 11 44 38 39 9 19 33 13 7 15 26 18 23 65 12 6 19 14 48 4 11 10 32 14 8 10 6 5 23 56 19 0 1 12 19 4 23 19 4 17 15 43 23 39 9 19 4 10 16 38 44 39 9 19 33 13 11 15 26 18 23 65 16 5 12 0 48 4 35 10 32 8 14 6 10 5 23 56 19 1 0 19 12 4 23 8240918.1159999995
56 19 0 1 12 19 4 23 19 4 15 8 23 43 39 9 65 12 6 19 14 48 4 11 19 33 13 11 15 26 18 23 10 32 16 12 6 10 5 23 19 4 14 10 44 38 39 9 56 19 17 0 19 12 4 23 19 4 8 15 43 23 39 9 65 16 1 5 14 0 4 35 19 33 13 7 15 26 18 23 10 32 12 16 10 6 5 23 19 4 14 11 44 38 39 9 56 19 17 0 19 12 4 23 65 33 4 3 48 14 47 48 19 4 15 8 23 43 39 9 19 33 7 13 26 15 18 23 10 32 12 1 10 6 5 23 19 4 10 16 38 44 39 9 56 19 17 0 19 12 4 23 56 12 14 9 0 14 4 23 8241280.3952500001
56 19 16 0 19 12 4 23 19 4 15 17 23 43 39 9 10 32 12 8 10 6 5 23 19 33 13 3 15 26 18 23 56 12 14 9 0 14 4 23 19 4 11 1 38 44 39 9 56 19 16 0 19 12 4 23 19 4 17 15 43 23 39 9 10 32 12 8 10 6 5 23 19 33 7 13 26 15 18 23 65 12 19 6 48 14 4 11 19 4 10 14 38 44 39 9 56 19 0 1 12 19 4 23 19 4 16 15 43 23 39 9 10 32 17 12 6 10 5 23 19 33 3 13 26 15 18 23 65 16 8 5 14 0 4 35 19 4 7 14 38 44 39 9 56 19 1 0 19 12 4 23 10 32 16 15 6 23 5 23 8242722.6292500002
56 19 0 1 12 19 4 23 19 33 13 3 15 26 18 23 65 16 12 5 48 0 4 35 19 4 17 7 44 38 39 9 10 32 14 8 10 6 5 23 19 4 15 16 23 43 39 9 56 19 1 0 19 12 4 23 19 33 13 11 15 26 18 23 65 16 5 12 0 48 4 35 19 4 17 10 44 38 39 9 10 32 8 14 6 10 5 23 19 4 15 16 23 43 39 9 56 19 0 1 12 19 4 23 19 33 13 7 15 26 18 23 65 33 4 3 48 14 47 48 19 4 12 11 44 38 39 9 10 32 14 17 10 6 5 23 19 4 8 15 43 23 39 9 56 19 16 0 19 12 4 23 10 27 13 18 0 14 46 38 8244720.5142500000
56 19 1 0 19 12 4 23 19 33 7 13 26 15 18 23 65 16 17 5 14 0 4 35 10 32 12 8 10 6 5 23 19 4 16 15 43 23 39 9 19 4 10 14 38 44 39 9 56 19 0 1 12 19 4 23 19 33 13 3 15 26 18 23 65 33 4 11 48 14 47 48 10 32 17 12 6 10 5 23 19 4 8 15 43 23 39 9 19 4 7 14 38 44 39 9 56 19 16 0 19 12 4 23 19 33 13 3 15 26 18 23 65 12 19 6 48 14 4 11 10 32 12 17 10 6 5 23 19 4 15 8 23 43 39 9 19 4 10 1 38 44 39 9 56 19 16 0 19 12 4 23 56 12 14 9 0 14 4 23 8245217.8430000003
56 19 0 1 12 19 4 23 10 32 14 16 10 6 5 23 65 16 8 5 14 0 4 35 19 33 3 13 26 15 18 23 19 4 15 17 23 43 39 9 19 4 10 12 38 44 39 9 56 19 1 0 19 12 4 23 10 32 14 16 10 6 5 23 65 33 4 11 48 14 47 48 19 33 13 7 15 26 18 23 19 4 15 8 23 43 39 9 19 4 10 12 38 44 39 9 56 19 17 0 19 12 4 23 10 32 14 1 10 6 5 23 65 33 11 2 14 48 4 11 19 33 13 3 15 26 18 23 19 4 16 15 43 23 39 9 19 4 8 7 44 38 39 9 56 19 0 17 12 19 4 23 56 12 12 9 0 14 4 23 8245915.3420000002
56 19 16 0 19 12 4 23 65 33 4 3 48 14 47 48 19 4 8 15 43 23 39 9 10 32 12 1 10 6 5 23 19 4 10 14 38 44 39 9 19 33 13 11 15 26 18 23 65 16 5 17 0 14 4 35 56 19 0 16 12 19 4 23 19 4 8 15 43 23 39 9 10 32 1 12 6 10 5 23 19 4 7 14 38 44 39 9 19 33 3 13 26 15 18 23 65 12 19 6 48 14 4 11 56 19 17 0 19 12 4 23 19 4 16 15 43 23 39 9 10 32 12 8 10 6 5 23 19 4 10 1 38 44 39 9 19 33 7 13 26 15 18 23 56 12 14 9 0 14 4 23 56 19 17 0 19 12 4 23 8236847.9840000002
56 19 0 17 12 19 4 23 19 4 15 8 23 43 39 9 65 33 7 4 14 48 47 48 19 4 11 14 38 44 39 9 10 32 12 16 10 6 5 23 19 33 3 13 26 15 18 23 56 19 1 0 19 12 4 23 19 4 17 15 43 23 39 9 65 16 8 5 14 0 4 35 19 4 14 7 44 38 39 9 10 32 16 12 6 10 5 23 19 33 13 11 15 26 18 23 56 19 1 0 19 12 4 23 65 33 3 4 14 48 47 48 19 4 15 17 23 43 39 9 19 4 8 10 44 38 39 9 10 32 16 14 6 10 5 23 19 33 13 7 15 26 18 23 56 19 1 0 19 12 4 23 56 12 12 9 0 14 4 23 8238130.3452500002
10 27 1 11 14 48 47 47 56 19 0 16 12 19 4 23 19 4 8 15 43 23 39 9 19 33 13 3 15 26 18 23 10 32 12 17 10 6 5 23 19 4 10 14 38 44 39 9 65 33 4 7 48 14 47 48 56 19 1 0 19 12 4 23 19 4 16 15 43 23 39 9 19 33 11 13 26 15 18 23 10 32 12 8 10 6 5 23 56 12 14 9 0 14 4 23 19 4 10 17 38 44 39 9 56 19 1 0 19 12 4 23 19 4 16 15 43 23 39 9 19 33 3 13 26 15 18 23 10 32 12 8 10 6 5 23 65 33 4 11 48 14 47 48 19 4 7 14 38 44 39 9 56 19 17 0 19 12 4 23 8238825.6057499992
10 27 11 1 48 14 47 47 56 19 0 17 12 19 4 23 19 33 13 7 15 26 18 23 10 32 12 16 10 6 5 23 19 4 14 10 44 38 39 9 19 4 15 8 23 43 39 9 65 33 3 4 14 48 47 48 56 19 0 1 12 19 4 23 19 33 11 13 26 15 18 23 10 32 17 12 6 10 5 23 19 4 16 7 44 38 39 9 56 12 14 9 0 14 4 23 19 4 15 8 23 43 39 9 56 19 1 0 19 12 4 23 19 33 13 3 15 26 18 23 10 32 17 12 6 10 5 23 19 4 16 11 44 38 39 9 65 33 4 7 48 14 47 48 19 4 15 8 23 43 39 9 56 19 1 0 19 12 4 23 8239905.5959999999
65 33 7 4 14 48 47 48 56 19 17 0 19 12 4 23 19 4 15 16 23 43 39 9 19 4 12 10 44 38 39 9 19 33 13 3 15 26 18 23 10 32 14 8 10 6 5 23 65 16 1 5 14 0 4 35 56 19 0 17 12 19 4 23 19 4 15 16 23 43 39 9 19 4 12 11 44 38 39 9 19 33 13 7 15 26 18 23 65 12 6 19 14 48 4 11 10 32 14 8 10 6 5 23 56 19 0 1 12 19 4 23 19 4 17 15 43 23 39 9 19 4 10 16 38 44 39 9 19 33 13 11 15 26 18 23 65 16 5 12 0 48 4 35 10 32 8 14 6 10 5 23 56 19 1 0 19 12 4 23 8240918.1159999995
56 19 0 1 12 19 4 23 19 4 15 8 23 43 39 9 65 12 6 19 14 48 4 11 19 33 13 11 15 26 18 23 10 32 16 12 6 10 5 23 19 4 14 10 44 38 39 9 56 19 17 0 19 12 4 23 19 4 8 15 43 23 39 9 65 16 1 5 14 0 4 35 19 33 13 7 15 26 18 23 10 32 12 16 10 6 5 23 19 4 14 11 44 38 39 9 56 19 17 0 19 12 4 23 65 33 4 3 48 14 47 48 19 4 15 8 23 43 39 9 19 33 7 13 26 15 18 23 10 32 12 1 10 6 5 23 19 4 10 16 38 44 39 9 56 19 17 0 19 12 4 23 56 12 14 9 0 14 4 23 8241280.3952500001
56 19 16 0 19 12 4 23 19 4 15 17 23 43 39 9 10 32 12 8 10 6 5 23 19 33 13 3 15 26 18 23 56 12 14 9 0 14 4 23 19 4 11 1 38 44 39 9 56 19 16 0 19 12 4 23 19 4 17 15 43 23 39 9 10 32 12 8 10 6 5 23 19 33 7 13 26 15 18 23 65 12 19 6 48 14 4 11 19 4 10 14 38 44 39 9 56 19 0 1 12 19 4 23 19 4 16 15 43 23 39 9 10 32 17 12 6 10 5 23 19 33 3 13 26 15 18 23 65 16 8 5 14 0 4 35 19 4 7 14 38 44 39 9 56 19 1 0 19 12 4 23 10 32 16 15 6 23 5 23 8242722.6292500002
56 19 0 1 12 19 4 23 19 33 13 3 15 26 18 23 65 16 12 5 48 0 4 35 19 4 17 7 44 38 39 9 10 32 14 8 10 6 5 23 19 4 15 16 23 43 39 9 56 19 1 0 19 12 4 23 19 33 13 11 15 26 18 23 65 16 5 12 0 48 4 35 19 4 17 10 44 38 39 9 10 32 8 14 6 10 5 23 19 4 15 16 23 43 39 9 56 19 0 1 12 19 4 23 19 33 13 7 15 26 18 23 65 33 4 3 48 14 47 48 19 4 12 11 44 38 39 9 10 32 14 17 10 6 5 23 19 4 8 15 43 23 39 9 56 19 16 0 19 12 4 23 10 27 13 18 0 14 46 38 8244720.5142500000
56 19 1 0 19 12 4 23 19 33 7 13 26 15 18 23 65 16 17 5 14 0 4 35 10 32 12 8 10 6 5 23 19 4 16 15 43 23 39 9 19 4 10 14 38 44 39 9 56 19 0 1 12 19 4 23 19 33 13 3 15 26 18 23 65 33 4 11 48 14 47 48 10 32 17 12 6 10 5 23 19 4 8 15 43 23 39 9 19 4 7 14 38 44 39 9 56 19 16 0 19 12 4 23 19 33 13 3 15 26 18 23 65 12 19 6 48 14 4 11 10 32 12 17 10 6 5 23 19 4 15 8 23 43 39 9 19 4 10 1 38 44 39 9 56 19 16 0 19 12 4 23 56 12 14 9 0 14 4 23 8245217.8430000003
56 19 0 1 12 19 4 23 10 32 14 16 10 6 5 23 65 16 8 5 14 0 4 35 19 33 3 13 26 15 18 23 19 4 15 17 23 43 39 9 19 4 10 12 38 44 39 9 56 19 1 0 19 12 4 23 10 32 14 16 10 6 5 23 65 33 4 11 48 14 47 48 19 33 13 7 15 26 18 23 19 4 15 8 23 43 39 9 19 4 10 12 38 44 39 9 56 19 17 0 19 12 4 23 10 32 14 1 10 6 5 23 65 33 11 2 14 48 4 11 19 33 13 3 15 26 18 23 19 4 16 15 43 23 39 9 19 4 8 7 44 38 39 9 56 19 0 17 12 19 4 23 56 12 12 9 0 14 4 23 8245915.3420000002
