9739169.5000625011
9734101.3583749998
9734663.2903125007
9745295.1083125006
9733538.8695624992
9733538.2904374991
9737988.2502500005
9762732.6370000001
9732436.3839999996
9738719.5022499990
9739861.3529374991
9731524.5470624994
9731215.7401249986
9740828.9301874992
9731992.5785000008
9732278.3026874978
9731587.0010624975
9735620.1078124996
9734663.2903125007
9733150.7399999984
9731689.3736875001
9738179.5036874991
9731266.3595624994
9731716.3651874978
9733662.6137499977
9731266.3706874978
9773010.0823125001
9761787.6324374992
9731778.2567499988
9731271.9845000003
9731266.3762499969
9731316.9939999990
9732149.5009999983
9768897.0513125006
9732087.0470000003
